Meetpunt surrogate key,Meetpunt locatie,Datum,Tijd,Aantal fietsers,Aantal fietsers van,Aantal fietsers naar,Meetpunt code
39,Antwerpseweg 195,2018-07-12,00:00:00,0,0,0,FMN GV 10 Beerse
39,Antwerpseweg 195,2018-07-12,01:00:00,0,0,0,FMN GV 10 Beerse
39,Antwerpseweg 195,2018-07-12,02:00:00,0,0,0,FMN GV 10 Beerse
39,Antwerpseweg 195,2018-07-12,03:00:00,0,0,0,FMN GV 10 Beerse
39,Antwerpseweg 195,2018-07-12,04:00:00,0,0,0,FMN GV 10 Beerse
39,Antwerpseweg 195,2018-07-12,05:00:00,7,7,0,FMN GV 10 Beerse
39,Antwerpseweg 195,2018-07-12,06:00:00,11,8,3,FMN GV 10 Beerse
39,Antwerpseweg 195,2018-07-12,07:00:00,20,19,1,FMN GV 10 Beerse
39,Antwerpseweg 195,2018-07-12,08:00:00,30,28,2,FMN GV 10 Beerse
39,Antwerpseweg 195,2018-07-12,09:00:00,12,7,5,FMN GV 10 Beerse
39,Antwerpseweg 195,2018-07-12,10:00:00,12,7,5,FMN GV 10 Beerse
39,Antwerpseweg 195,2018-07-12,11:00:00,24,14,10,FMN GV 10 Beerse
39,Antwerpseweg 195,2018-07-12,12:00:00,23,13,10,FMN GV 10 Beerse
39,Antwerpseweg 195,2018-07-12,13:00:00,33,19,14,FMN GV 10 Beerse
39,Antwerpseweg 195,2018-07-12,14:00:00,26,18,8,FMN GV 10 Beerse
39,Antwerpseweg 195,2018-07-12,15:00:00,32,23,9,FMN GV 10 Beerse
39,Antwerpseweg 195,2018-07-12,16:00:00,37,25,12,FMN GV 10 Beerse
39,Antwerpseweg 195,2018-07-12,17:00:00,30,19,11,FMN GV 10 Beerse
39,Antwerpseweg 195,2018-07-12,18:00:00,19,14,5,FMN GV 10 Beerse
39,Antwerpseweg 195,2018-07-12,19:00:00,29,23,6,FMN GV 10 Beerse
39,Antwerpseweg 195,2018-07-12,20:00:00,12,9,3,FMN GV 10 Beerse
39,Antwerpseweg 195,2018-07-12,21:00:00,7,4,3,FMN GV 10 Beerse
39,Antwerpseweg 195,2018-07-12,22:00:00,11,7,4,FMN GV 10 Beerse
39,Antwerpseweg 195,2018-07-12,23:00:00,2,2,0,FMN GV 10 Beerse
39,Antwerpseweg 195,2018-07-13,00:00:00,0,0,0,FMN GV 10 Beerse
39,Antwerpseweg 195,2018-07-13,01:00:00,0,0,0,FMN GV 10 Beerse
39,Antwerpseweg 195,2018-07-13,02:00:00,0,0,0,FMN GV 10 Beerse
39,Antwerpseweg 195,2018-07-13,03:00:00,0,0,0,FMN GV 10 Beerse
39,Antwerpseweg 195,2018-07-13,04:00:00,0,0,0,FMN GV 10 Beerse
39,Antwerpseweg 195,2018-07-13,05:00:00,7,7,0,FMN GV 10 Beerse
39,Antwerpseweg 195,2018-07-13,06:00:00,12,8,4,FMN GV 10 Beerse
39,Antwerpseweg 195,2018-07-13,07:00:00,19,17,2,FMN GV 10 Beerse
39,Antwerpseweg 195,2018-07-13,08:00:00,26,20,6,FMN GV 10 Beerse
39,Antwerpseweg 195,2018-07-13,09:00:00,6,5,1,FMN GV 10 Beerse
39,Antwerpseweg 195,2018-07-13,10:00:00,11,10,1,FMN GV 10 Beerse
39,Antwerpseweg 195,2018-07-13,11:00:00,16,11,5,FMN GV 10 Beerse
39,Antwerpseweg 195,2018-07-13,12:00:00,35,28,7,FMN GV 10 Beerse
39,Antwerpseweg 195,2018-07-13,13:00:00,43,30,13,FMN GV 10 Beerse
39,Antwerpseweg 195,2018-07-13,14:00:00,34,26,8,FMN GV 10 Beerse
39,Antwerpseweg 195,2018-07-13,15:00:00,49,33,16,FMN GV 10 Beerse
39,Antwerpseweg 195,2018-07-13,16:00:00,34,21,13,FMN GV 10 Beerse
39,Antwerpseweg 195,2018-07-13,17:00:00,38,26,12,FMN GV 10 Beerse
39,Antwerpseweg 195,2018-07-13,18:00:00,21,14,7,FMN GV 10 Beerse
39,Antwerpseweg 195,2018-07-13,19:00:00,21,10,11,FMN GV 10 Beerse
39,Antwerpseweg 195,2018-07-13,20:00:00,11,8,3,FMN GV 10 Beerse
39,Antwerpseweg 195,2018-07-13,21:00:00,13,10,3,FMN GV 10 Beerse
39,Antwerpseweg 195,2018-07-13,22:00:00,8,7,1,FMN GV 10 Beerse
39,Antwerpseweg 195,2018-07-13,23:00:00,1,1,0,FMN GV 10 Beerse
39,Antwerpseweg 195,2018-07-14,00:00:00,1,1,0,FMN GV 10 Beerse
39,Antwerpseweg 195,2018-07-14,01:00:00,0,0,0,FMN GV 10 Beerse
39,Antwerpseweg 195,2018-07-14,02:00:00,1,1,0,FMN GV 10 Beerse
39,Antwerpseweg 195,2018-07-14,03:00:00,1,1,0,FMN GV 10 Beerse
39,Antwerpseweg 195,2018-07-14,04:00:00,0,0,0,FMN GV 10 Beerse
39,Antwerpseweg 195,2018-07-14,05:00:00,1,1,0,FMN GV 10 Beerse
39,Antwerpseweg 195,2018-07-14,06:00:00,1,1,0,FMN GV 10 Beerse
39,Antwerpseweg 195,2018-07-14,07:00:00,1,1,0,FMN GV 10 Beerse
39,Antwerpseweg 195,2018-07-14,08:00:00,5,3,2,FMN GV 10 Beerse
39,Antwerpseweg 195,2018-07-14,09:00:00,16,13,3,FMN GV 10 Beerse
39,Antwerpseweg 195,2018-07-14,10:00:00,21,15,6,FMN GV 10 Beerse
39,Antwerpseweg 195,2018-07-14,11:00:00,17,12,5,FMN GV 10 Beerse
39,Antwerpseweg 195,2018-07-14,12:00:00,34,17,17,FMN GV 10 Beerse
39,Antwerpseweg 195,2018-07-14,13:00:00,32,13,19,FMN GV 10 Beerse
39,Antwerpseweg 195,2018-07-14,14:00:00,34,26,8,FMN GV 10 Beerse
39,Antwerpseweg 195,2018-07-14,15:00:00,30,16,14,FMN GV 10 Beerse
39,Antwerpseweg 195,2018-07-14,16:00:00,15,11,4,FMN GV 10 Beerse
39,Antwerpseweg 195,2018-07-14,17:00:00,8,4,4,FMN GV 10 Beerse
39,Antwerpseweg 195,2018-07-14,18:00:00,30,21,9,FMN GV 10 Beerse
39,Antwerpseweg 195,2018-07-14,19:00:00,25,22,3,FMN GV 10 Beerse
39,Antwerpseweg 195,2018-07-14,20:00:00,18,5,13,FMN GV 10 Beerse
39,Antwerpseweg 195,2018-07-14,21:00:00,12,9,3,FMN GV 10 Beerse
39,Antwerpseweg 195,2018-07-14,22:00:00,7,4,3,FMN GV 10 Beerse
39,Antwerpseweg 195,2018-07-14,23:00:00,2,0,2,FMN GV 10 Beerse
39,Antwerpseweg 195,2018-07-15,00:00:00,7,3,4,FMN GV 10 Beerse
39,Antwerpseweg 195,2018-07-15,01:00:00,2,2,0,FMN GV 10 Beerse
39,Antwerpseweg 195,2018-07-15,02:00:00,0,0,0,FMN GV 10 Beerse
39,Antwerpseweg 195,2018-07-15,03:00:00,3,2,1,FMN GV 10 Beerse
39,Antwerpseweg 195,2018-07-15,04:00:00,5,5,0,FMN GV 10 Beerse
39,Antwerpseweg 195,2018-07-15,05:00:00,3,3,0,FMN GV 10 Beerse
39,Antwerpseweg 195,2018-07-15,06:00:00,0,0,0,FMN GV 10 Beerse
39,Antwerpseweg 195,2018-07-15,07:00:00,4,2,2,FMN GV 10 Beerse
39,Antwerpseweg 195,2018-07-15,08:00:00,17,11,6,FMN GV 10 Beerse
39,Antwerpseweg 195,2018-07-15,09:00:00,17,10,7,FMN GV 10 Beerse
39,Antwerpseweg 195,2018-07-15,10:00:00,27,17,10,FMN GV 10 Beerse
39,Antwerpseweg 195,2018-07-15,11:00:00,32,17,15,FMN GV 10 Beerse
39,Antwerpseweg 195,2018-07-15,12:00:00,37,26,11,FMN GV 10 Beerse
39,Antwerpseweg 195,2018-07-15,13:00:00,37,20,17,FMN GV 10 Beerse
39,Antwerpseweg 195,2018-07-15,14:00:00,37,25,12,FMN GV 10 Beerse
39,Antwerpseweg 195,2018-07-15,15:00:00,31,18,13,FMN GV 10 Beerse
39,Antwerpseweg 195,2018-07-15,16:00:00,50,36,14,FMN GV 10 Beerse
39,Antwerpseweg 195,2018-07-15,17:00:00,25,10,15,FMN GV 10 Beerse
39,Antwerpseweg 195,2018-07-15,18:00:00,13,10,3,FMN GV 10 Beerse
39,Antwerpseweg 195,2018-07-15,19:00:00,13,9,4,FMN GV 10 Beerse
39,Antwerpseweg 195,2018-07-15,20:00:00,16,14,2,FMN GV 10 Beerse
39,Antwerpseweg 195,2018-07-15,21:00:00,13,11,2,FMN GV 10 Beerse
39,Antwerpseweg 195,2018-07-15,22:00:00,1,1,0,FMN GV 10 Beerse
39,Antwerpseweg 195,2018-07-15,23:00:00,6,0,6,FMN GV 10 Beerse
39,Antwerpseweg 195,2018-07-16,00:00:00,0,0,0,FMN GV 10 Beerse
39,Antwerpseweg 195,2018-07-16,01:00:00,0,0,0,FMN GV 10 Beerse
39,Antwerpseweg 195,2018-07-16,02:00:00,0,0,0,FMN GV 10 Beerse
39,Antwerpseweg 195,2018-07-16,03:00:00,0,0,0,FMN GV 10 Beerse
39,Antwerpseweg 195,2018-07-16,04:00:00,3,3,0,FMN GV 10 Beerse
39,Antwerpseweg 195,2018-07-16,05:00:00,7,6,1,FMN GV 10 Beerse
39,Antwerpseweg 195,2018-07-16,06:00:00,8,8,0,FMN GV 10 Beerse
39,Antwerpseweg 195,2018-07-16,07:00:00,23,22,1,FMN GV 10 Beerse
39,Antwerpseweg 195,2018-07-16,08:00:00,30,23,7,FMN GV 10 Beerse
39,Antwerpseweg 195,2018-07-16,09:00:00,19,12,7,FMN GV 10 Beerse
39,Antwerpseweg 195,2018-07-16,10:00:00,15,14,1,FMN GV 10 Beerse
39,Antwerpseweg 195,2018-07-16,11:00:00,17,15,2,FMN GV 10 Beerse
39,Antwerpseweg 195,2018-07-16,12:00:00,19,10,9,FMN GV 10 Beerse
39,Antwerpseweg 195,2018-07-16,13:00:00,32,22,10,FMN GV 10 Beerse
39,Antwerpseweg 195,2018-07-16,14:00:00,41,29,12,FMN GV 10 Beerse
39,Antwerpseweg 195,2018-07-16,15:00:00,36,18,18,FMN GV 10 Beerse
39,Antwerpseweg 195,2018-07-16,16:00:00,41,23,18,FMN GV 10 Beerse
39,Antwerpseweg 195,2018-07-16,17:00:00,27,23,4,FMN GV 10 Beerse
39,Antwerpseweg 195,2018-07-16,18:00:00,36,25,11,FMN GV 10 Beerse
39,Antwerpseweg 195,2018-07-16,19:00:00,42,27,15,FMN GV 10 Beerse
39,Antwerpseweg 195,2018-07-16,20:00:00,15,6,9,FMN GV 10 Beerse
39,Antwerpseweg 195,2018-07-16,21:00:00,11,11,0,FMN GV 10 Beerse
39,Antwerpseweg 195,2018-07-16,22:00:00,3,2,1,FMN GV 10 Beerse
39,Antwerpseweg 195,2018-07-16,23:00:00,3,2,1,FMN GV 10 Beerse
39,Antwerpseweg 195,2018-07-17,00:00:00,0,0,0,FMN GV 10 Beerse
39,Antwerpseweg 195,2018-07-17,01:00:00,0,0,0,FMN GV 10 Beerse
39,Antwerpseweg 195,2018-07-17,02:00:00,1,1,0,FMN GV 10 Beerse
39,Antwerpseweg 195,2018-07-17,03:00:00,1,1,0,FMN GV 10 Beerse
39,Antwerpseweg 195,2018-07-17,04:00:00,0,0,0,FMN GV 10 Beerse
39,Antwerpseweg 195,2018-07-17,05:00:00,5,5,0,FMN GV 10 Beerse
39,Antwerpseweg 195,2018-07-17,06:00:00,16,16,0,FMN GV 10 Beerse
39,Antwerpseweg 195,2018-07-17,07:00:00,18,16,2,FMN GV 10 Beerse
39,Antwerpseweg 195,2018-07-17,08:00:00,23,18,5,FMN GV 10 Beerse
39,Antwerpseweg 195,2018-07-17,09:00:00,17,14,3,FMN GV 10 Beerse
39,Antwerpseweg 195,2018-07-17,10:00:00,24,17,7,FMN GV 10 Beerse
39,Antwerpseweg 195,2018-07-17,11:00:00,27,22,5,FMN GV 10 Beerse
39,Antwerpseweg 195,2018-07-17,12:00:00,27,21,6,FMN GV 10 Beerse
39,Antwerpseweg 195,2018-07-17,13:00:00,36,24,12,FMN GV 10 Beerse
39,Antwerpseweg 195,2018-07-17,14:00:00,28,19,9,FMN GV 10 Beerse
39,Antwerpseweg 195,2018-07-17,15:00:00,27,15,12,FMN GV 10 Beerse
39,Antwerpseweg 195,2018-07-17,16:00:00,47,40,7,FMN GV 10 Beerse
39,Antwerpseweg 195,2018-07-17,17:00:00,24,13,11,FMN GV 10 Beerse
39,Antwerpseweg 195,2018-07-17,18:00:00,28,19,9,FMN GV 10 Beerse
39,Antwerpseweg 195,2018-07-17,19:00:00,19,13,6,FMN GV 10 Beerse
39,Antwerpseweg 195,2018-07-17,20:00:00,13,8,5,FMN GV 10 Beerse
39,Antwerpseweg 195,2018-07-17,21:00:00,8,1,7,FMN GV 10 Beerse
39,Antwerpseweg 195,2018-07-17,22:00:00,2,1,1,FMN GV 10 Beerse
39,Antwerpseweg 195,2018-07-17,23:00:00,4,4,0,FMN GV 10 Beerse
39,Antwerpseweg 195,2018-07-18,00:00:00,0,0,0,FMN GV 10 Beerse
39,Antwerpseweg 195,2018-07-18,01:00:00,1,1,0,FMN GV 10 Beerse
39,Antwerpseweg 195,2018-07-18,02:00:00,2,2,0,FMN GV 10 Beerse
39,Antwerpseweg 195,2018-07-18,03:00:00,1,1,0,FMN GV 10 Beerse
39,Antwerpseweg 195,2018-07-18,04:00:00,2,2,0,FMN GV 10 Beerse
39,Antwerpseweg 195,2018-07-18,05:00:00,8,7,1,FMN GV 10 Beerse
39,Antwerpseweg 195,2018-07-18,06:00:00,14,11,3,FMN GV 10 Beerse
39,Antwerpseweg 195,2018-07-18,07:00:00,26,23,3,FMN GV 10 Beerse
39,Antwerpseweg 195,2018-07-18,08:00:00,33,29,4,FMN GV 10 Beerse
39,Antwerpseweg 195,2018-07-18,09:00:00,32,24,8,FMN GV 10 Beerse
39,Antwerpseweg 195,2018-07-18,10:00:00,16,10,6,FMN GV 10 Beerse
39,Antwerpseweg 195,2018-07-18,11:00:00,31,17,14,FMN GV 10 Beerse
39,Antwerpseweg 195,2018-07-18,12:00:00,35,23,12,FMN GV 10 Beerse
39,Antwerpseweg 195,2018-07-18,13:00:00,61,42,19,FMN GV 10 Beerse
39,Antwerpseweg 195,2018-07-18,14:00:00,47,40,7,FMN GV 10 Beerse
39,Antwerpseweg 195,2018-07-18,15:00:00,30,14,16,FMN GV 10 Beerse
39,Antwerpseweg 195,2018-07-18,16:00:00,41,28,13,FMN GV 10 Beerse
39,Antwerpseweg 195,2018-07-18,17:00:00,33,20,13,FMN GV 10 Beerse
39,Antwerpseweg 195,2018-07-18,18:00:00,33,25,8,FMN GV 10 Beerse
39,Antwerpseweg 195,2018-07-18,19:00:00,30,17,13,FMN GV 10 Beerse
39,Antwerpseweg 195,2018-07-18,20:00:00,18,12,6,FMN GV 10 Beerse
39,Antwerpseweg 195,2018-07-18,21:00:00,8,7,1,FMN GV 10 Beerse
39,Antwerpseweg 195,2018-07-18,22:00:00,10,6,4,FMN GV 10 Beerse
39,Antwerpseweg 195,2018-07-18,23:00:00,1,1,0,FMN GV 10 Beerse
39,Antwerpseweg 195,2018-07-19,00:00:00,1,0,1,FMN GV 10 Beerse
39,Antwerpseweg 195,2018-07-19,01:00:00,0,0,0,FMN GV 10 Beerse
39,Antwerpseweg 195,2018-07-19,02:00:00,0,0,0,FMN GV 10 Beerse
39,Antwerpseweg 195,2018-07-19,03:00:00,1,1,0,FMN GV 10 Beerse
39,Antwerpseweg 195,2018-07-19,04:00:00,3,3,0,FMN GV 10 Beerse
39,Antwerpseweg 195,2018-07-19,05:00:00,8,7,1,FMN GV 10 Beerse
39,Antwerpseweg 195,2018-07-19,06:00:00,9,8,1,FMN GV 10 Beerse
39,Antwerpseweg 195,2018-07-19,07:00:00,18,18,0,FMN GV 10 Beerse
39,Antwerpseweg 195,2018-07-19,08:00:00,17,14,3,FMN GV 10 Beerse
39,Antwerpseweg 195,2018-07-19,09:00:00,13,11,2,FMN GV 10 Beerse
39,Antwerpseweg 195,2018-07-19,10:00:00,23,15,8,FMN GV 10 Beerse
39,Antwerpseweg 195,2018-07-19,11:00:00,18,14,4,FMN GV 10 Beerse
39,Antwerpseweg 195,2018-07-19,12:00:00,17,11,6,FMN GV 10 Beerse
39,Antwerpseweg 195,2018-07-19,13:00:00,45,24,21,FMN GV 10 Beerse
39,Antwerpseweg 195,2018-07-19,14:00:00,31,25,6,FMN GV 10 Beerse
39,Antwerpseweg 195,2018-07-19,15:00:00,51,27,24,FMN GV 10 Beerse
39,Antwerpseweg 195,2018-07-19,16:00:00,32,28,4,FMN GV 10 Beerse
39,Antwerpseweg 195,2018-07-19,17:00:00,33,25,8,FMN GV 10 Beerse
39,Antwerpseweg 195,2018-07-19,18:00:00,24,14,10,FMN GV 10 Beerse
39,Antwerpseweg 195,2018-07-19,19:00:00,23,17,6,FMN GV 10 Beerse
39,Antwerpseweg 195,2018-07-19,20:00:00,7,5,2,FMN GV 10 Beerse
39,Antwerpseweg 195,2018-07-19,21:00:00,12,6,6,FMN GV 10 Beerse
39,Antwerpseweg 195,2018-07-19,22:00:00,2,1,1,FMN GV 10 Beerse
39,Antwerpseweg 195,2018-07-19,23:00:00,2,1,1,FMN GV 10 Beerse
39,Antwerpseweg 195,2018-07-20,00:00:00,0,0,0,FMN GV 10 Beerse
39,Antwerpseweg 195,2018-07-20,01:00:00,0,0,0,FMN GV 10 Beerse
39,Antwerpseweg 195,2018-07-20,02:00:00,0,0,0,FMN GV 10 Beerse
39,Antwerpseweg 195,2018-07-20,03:00:00,1,1,0,FMN GV 10 Beerse
39,Antwerpseweg 195,2018-07-20,04:00:00,2,2,0,FMN GV 10 Beerse
39,Antwerpseweg 195,2018-07-20,05:00:00,5,4,1,FMN GV 10 Beerse
39,Antwerpseweg 195,2018-07-20,06:00:00,8,8,0,FMN GV 10 Beerse
39,Antwerpseweg 195,2018-07-20,07:00:00,19,15,4,FMN GV 10 Beerse
39,Antwerpseweg 195,2018-07-20,08:00:00,19,13,6,FMN GV 10 Beerse
39,Antwerpseweg 195,2018-07-20,09:00:00,20,17,3,FMN GV 10 Beerse
39,Antwerpseweg 195,2018-07-20,10:00:00,23,17,6,FMN GV 10 Beerse
39,Antwerpseweg 195,2018-07-20,11:00:00,21,15,6,FMN GV 10 Beerse
39,Antwerpseweg 195,2018-07-20,12:00:00,19,8,11,FMN GV 10 Beerse
39,Antwerpseweg 195,2018-07-20,13:00:00,25,19,6,FMN GV 10 Beerse
39,Antwerpseweg 195,2018-07-20,14:00:00,27,20,7,FMN GV 10 Beerse
39,Antwerpseweg 195,2018-07-20,15:00:00,31,24,7,FMN GV 10 Beerse
39,Antwerpseweg 195,2018-07-20,16:00:00,32,19,13,FMN GV 10 Beerse
39,Antwerpseweg 195,2018-07-20,17:00:00,35,19,16,FMN GV 10 Beerse
39,Antwerpseweg 195,2018-07-20,18:00:00,10,7,3,FMN GV 10 Beerse
39,Antwerpseweg 195,2018-07-20,19:00:00,17,12,5,FMN GV 10 Beerse
39,Antwerpseweg 195,2018-07-20,20:00:00,12,8,4,FMN GV 10 Beerse
39,Antwerpseweg 195,2018-07-20,21:00:00,6,3,3,FMN GV 10 Beerse
39,Antwerpseweg 195,2018-07-20,22:00:00,6,4,2,FMN GV 10 Beerse
39,Antwerpseweg 195,2018-07-20,23:00:00,3,3,0,FMN GV 10 Beerse
39,Antwerpseweg 195,2018-07-21,00:00:00,4,2,2,FMN GV 10 Beerse
39,Antwerpseweg 195,2018-07-21,01:00:00,0,0,0,FMN GV 10 Beerse
39,Antwerpseweg 195,2018-07-21,02:00:00,3,2,1,FMN GV 10 Beerse
39,Antwerpseweg 195,2018-07-21,03:00:00,0,0,0,FMN GV 10 Beerse
39,Antwerpseweg 195,2018-07-21,04:00:00,0,0,0,FMN GV 10 Beerse
39,Antwerpseweg 195,2018-07-21,05:00:00,0,0,0,FMN GV 10 Beerse
39,Antwerpseweg 195,2018-07-21,06:00:00,2,2,0,FMN GV 10 Beerse
39,Antwerpseweg 195,2018-07-21,07:00:00,3,3,0,FMN GV 10 Beerse
39,Antwerpseweg 195,2018-07-21,08:00:00,7,5,2,FMN GV 10 Beerse
39,Antwerpseweg 195,2018-07-21,09:00:00,19,14,5,FMN GV 10 Beerse
39,Antwerpseweg 195,2018-07-21,10:00:00,46,44,2,FMN GV 10 Beerse
39,Antwerpseweg 195,2018-07-21,11:00:00,31,23,8,FMN GV 10 Beerse
39,Antwerpseweg 195,2018-07-21,12:00:00,39,22,17,FMN GV 10 Beerse
39,Antwerpseweg 195,2018-07-21,13:00:00,22,13,9,FMN GV 10 Beerse
39,Antwerpseweg 195,2018-07-21,14:00:00,31,25,6,FMN GV 10 Beerse
39,Antwerpseweg 195,2018-07-21,15:00:00,40,31,9,FMN GV 10 Beerse
39,Antwerpseweg 195,2018-07-21,16:00:00,24,6,18,FMN GV 10 Beerse
39,Antwerpseweg 195,2018-07-21,17:00:00,24,9,15,FMN GV 10 Beerse
39,Antwerpseweg 195,2018-07-21,18:00:00,20,11,9,FMN GV 10 Beerse
39,Antwerpseweg 195,2018-07-21,19:00:00,16,16,0,FMN GV 10 Beerse
39,Antwerpseweg 195,2018-07-21,20:00:00,21,12,9,FMN GV 10 Beerse
39,Antwerpseweg 195,2018-07-21,21:00:00,7,4,3,FMN GV 10 Beerse
39,Antwerpseweg 195,2018-07-21,22:00:00,17,8,9,FMN GV 10 Beerse
39,Antwerpseweg 195,2018-07-21,23:00:00,3,3,0,FMN GV 10 Beerse
39,Antwerpseweg 195,2018-07-22,00:00:00,2,0,2,FMN GV 10 Beerse
39,Antwerpseweg 195,2018-07-22,01:00:00,3,2,1,FMN GV 10 Beerse
39,Antwerpseweg 195,2018-07-22,02:00:00,3,0,3,FMN GV 10 Beerse
39,Antwerpseweg 195,2018-07-22,03:00:00,13,13,0,FMN GV 10 Beerse
39,Antwerpseweg 195,2018-07-22,04:00:00,4,4,0,FMN GV 10 Beerse
39,Antwerpseweg 195,2018-07-22,05:00:00,0,0,0,FMN GV 10 Beerse
39,Antwerpseweg 195,2018-07-22,06:00:00,0,0,0,FMN GV 10 Beerse
39,Antwerpseweg 195,2018-07-22,07:00:00,5,4,1,FMN GV 10 Beerse
39,Antwerpseweg 195,2018-07-22,08:00:00,10,10,0,FMN GV 10 Beerse
39,Antwerpseweg 195,2018-07-22,09:00:00,14,8,6,FMN GV 10 Beerse
39,Antwerpseweg 195,2018-07-22,10:00:00,46,29,17,FMN GV 10 Beerse
39,Antwerpseweg 195,2018-07-22,11:00:00,32,13,19,FMN GV 10 Beerse
39,Antwerpseweg 195,2018-07-22,12:00:00,22,14,8,FMN GV 10 Beerse
39,Antwerpseweg 195,2018-07-22,13:00:00,35,29,6,FMN GV 10 Beerse
39,Antwerpseweg 195,2018-07-22,14:00:00,68,38,30,FMN GV 10 Beerse
39,Antwerpseweg 195,2018-07-22,15:00:00,38,25,13,FMN GV 10 Beerse
39,Antwerpseweg 195,2018-07-22,16:00:00,31,23,8,FMN GV 10 Beerse
39,Antwerpseweg 195,2018-07-22,17:00:00,31,15,16,FMN GV 10 Beerse
39,Antwerpseweg 195,2018-07-22,18:00:00,32,24,8,FMN GV 10 Beerse
39,Antwerpseweg 195,2018-07-22,19:00:00,15,8,7,FMN GV 10 Beerse
39,Antwerpseweg 195,2018-07-22,20:00:00,16,10,6,FMN GV 10 Beerse
39,Antwerpseweg 195,2018-07-22,21:00:00,16,11,5,FMN GV 10 Beerse
39,Antwerpseweg 195,2018-07-22,22:00:00,6,4,2,FMN GV 10 Beerse
39,Antwerpseweg 195,2018-07-22,23:00:00,1,1,0,FMN GV 10 Beerse
39,Antwerpseweg 195,2018-07-23,00:00:00,2,2,0,FMN GV 10 Beerse
39,Antwerpseweg 195,2018-07-23,01:00:00,0,0,0,FMN GV 10 Beerse
39,Antwerpseweg 195,2018-07-23,02:00:00,0,0,0,FMN GV 10 Beerse
39,Antwerpseweg 195,2018-07-23,03:00:00,0,0,0,FMN GV 10 Beerse
39,Antwerpseweg 195,2018-07-23,04:00:00,1,1,0,FMN GV 10 Beerse
39,Antwerpseweg 195,2018-07-23,05:00:00,4,3,1,FMN GV 10 Beerse
39,Antwerpseweg 195,2018-07-23,06:00:00,9,9,0,FMN GV 10 Beerse
39,Antwerpseweg 195,2018-07-23,07:00:00,32,30,2,FMN GV 10 Beerse
39,Antwerpseweg 195,2018-07-23,08:00:00,35,29,6,FMN GV 10 Beerse
39,Antwerpseweg 195,2018-07-23,09:00:00,15,11,4,FMN GV 10 Beerse
39,Antwerpseweg 195,2018-07-23,10:00:00,20,13,7,FMN GV 10 Beerse
39,Antwerpseweg 195,2018-07-23,11:00:00,28,23,5,FMN GV 10 Beerse
39,Antwerpseweg 195,2018-07-23,12:00:00,15,9,6,FMN GV 10 Beerse
39,Antwerpseweg 195,2018-07-23,13:00:00,35,25,10,FMN GV 10 Beerse
39,Antwerpseweg 195,2018-07-23,14:00:00,25,22,3,FMN GV 10 Beerse
39,Antwerpseweg 195,2018-07-23,15:00:00,19,11,8,FMN GV 10 Beerse
39,Antwerpseweg 195,2018-07-23,16:00:00,43,29,14,FMN GV 10 Beerse
39,Antwerpseweg 195,2018-07-23,17:00:00,40,24,16,FMN GV 10 Beerse
39,Antwerpseweg 195,2018-07-23,18:00:00,39,22,17,FMN GV 10 Beerse
39,Antwerpseweg 195,2018-07-23,19:00:00,28,20,8,FMN GV 10 Beerse
39,Antwerpseweg 195,2018-07-23,20:00:00,32,21,11,FMN GV 10 Beerse
39,Antwerpseweg 195,2018-07-23,21:00:00,9,8,1,FMN GV 10 Beerse
39,Antwerpseweg 195,2018-07-23,22:00:00,15,12,3,FMN GV 10 Beerse
39,Antwerpseweg 195,2018-07-23,23:00:00,1,0,1,FMN GV 10 Beerse
39,Antwerpseweg 195,2018-07-24,00:00:00,0,0,0,FMN GV 10 Beerse
39,Antwerpseweg 195,2018-07-24,01:00:00,0,0,0,FMN GV 10 Beerse
39,Antwerpseweg 195,2018-07-24,02:00:00,0,0,0,FMN GV 10 Beerse
39,Antwerpseweg 195,2018-07-24,03:00:00,0,0,0,FMN GV 10 Beerse
39,Antwerpseweg 195,2018-07-24,04:00:00,2,2,0,FMN GV 10 Beerse
39,Antwerpseweg 195,2018-07-24,05:00:00,6,5,1,FMN GV 10 Beerse
39,Antwerpseweg 195,2018-07-24,06:00:00,7,7,0,FMN GV 10 Beerse
39,Antwerpseweg 195,2018-07-24,07:00:00,28,24,4,FMN GV 10 Beerse
39,Antwerpseweg 195,2018-07-24,08:00:00,30,16,14,FMN GV 10 Beerse
39,Antwerpseweg 195,2018-07-24,09:00:00,25,14,11,FMN GV 10 Beerse
39,Antwerpseweg 195,2018-07-24,10:00:00,25,19,6,FMN GV 10 Beerse
39,Antwerpseweg 195,2018-07-24,11:00:00,28,21,7,FMN GV 10 Beerse
39,Antwerpseweg 195,2018-07-24,12:00:00,35,19,16,FMN GV 10 Beerse
39,Antwerpseweg 195,2018-07-24,13:00:00,30,22,8,FMN GV 10 Beerse
39,Antwerpseweg 195,2018-07-24,14:00:00,22,17,5,FMN GV 10 Beerse
39,Antwerpseweg 195,2018-07-24,15:00:00,20,16,4,FMN GV 10 Beerse
39,Antwerpseweg 195,2018-07-24,16:00:00,47,38,9,FMN GV 10 Beerse
39,Antwerpseweg 195,2018-07-24,17:00:00,31,24,7,FMN GV 10 Beerse
39,Antwerpseweg 195,2018-07-24,18:00:00,21,14,7,FMN GV 10 Beerse
39,Antwerpseweg 195,2018-07-24,19:00:00,25,16,9,FMN GV 10 Beerse
39,Antwerpseweg 195,2018-07-24,20:00:00,21,16,5,FMN GV 10 Beerse
39,Antwerpseweg 195,2018-07-24,21:00:00,9,8,1,FMN GV 10 Beerse
39,Antwerpseweg 195,2018-07-24,22:00:00,8,8,0,FMN GV 10 Beerse
39,Antwerpseweg 195,2018-07-24,23:00:00,5,3,2,FMN GV 10 Beerse
39,Antwerpseweg 195,2018-07-25,00:00:00,0,0,0,FMN GV 10 Beerse
39,Antwerpseweg 195,2018-07-25,01:00:00,0,0,0,FMN GV 10 Beerse
39,Antwerpseweg 195,2018-07-25,02:00:00,0,0,0,FMN GV 10 Beerse
39,Antwerpseweg 195,2018-07-25,03:00:00,2,2,0,FMN GV 10 Beerse
39,Antwerpseweg 195,2018-07-25,04:00:00,2,2,0,FMN GV 10 Beerse
39,Antwerpseweg 195,2018-07-25,05:00:00,6,5,1,FMN GV 10 Beerse
39,Antwerpseweg 195,2018-07-25,06:00:00,6,4,2,FMN GV 10 Beerse
39,Antwerpseweg 195,2018-07-25,07:00:00,21,20,1,FMN GV 10 Beerse
39,Antwerpseweg 195,2018-07-25,08:00:00,21,17,4,FMN GV 10 Beerse
39,Antwerpseweg 195,2018-07-25,09:00:00,30,24,6,FMN GV 10 Beerse
39,Antwerpseweg 195,2018-07-25,10:00:00,31,23,8,FMN GV 10 Beerse
39,Antwerpseweg 195,2018-07-25,11:00:00,28,18,10,FMN GV 10 Beerse
39,Antwerpseweg 195,2018-07-25,12:00:00,25,11,14,FMN GV 10 Beerse
39,Antwerpseweg 195,2018-07-25,13:00:00,36,27,9,FMN GV 10 Beerse
39,Antwerpseweg 195,2018-07-25,14:00:00,19,12,7,FMN GV 10 Beerse
39,Antwerpseweg 195,2018-07-25,15:00:00,15,9,6,FMN GV 10 Beerse
39,Antwerpseweg 195,2018-07-25,16:00:00,23,17,6,FMN GV 10 Beerse
39,Antwerpseweg 195,2018-07-25,17:00:00,36,27,9,FMN GV 10 Beerse
39,Antwerpseweg 195,2018-07-25,18:00:00,30,22,8,FMN GV 10 Beerse
39,Antwerpseweg 195,2018-07-25,19:00:00,17,8,9,FMN GV 10 Beerse
39,Antwerpseweg 195,2018-07-25,20:00:00,35,22,13,FMN GV 10 Beerse
39,Antwerpseweg 195,2018-07-25,21:00:00,17,14,3,FMN GV 10 Beerse
39,Antwerpseweg 195,2018-07-25,22:00:00,6,5,1,FMN GV 10 Beerse
39,Antwerpseweg 195,2018-07-25,23:00:00,4,2,2,FMN GV 10 Beerse
39,Antwerpseweg 195,2018-07-26,00:00:00,3,1,2,FMN GV 10 Beerse
39,Antwerpseweg 195,2018-07-26,01:00:00,1,1,0,FMN GV 10 Beerse
39,Antwerpseweg 195,2018-07-26,02:00:00,0,0,0,FMN GV 10 Beerse
39,Antwerpseweg 195,2018-07-26,03:00:00,1,1,0,FMN GV 10 Beerse
39,Antwerpseweg 195,2018-07-26,04:00:00,1,1,0,FMN GV 10 Beerse
39,Antwerpseweg 195,2018-07-26,05:00:00,8,7,1,FMN GV 10 Beerse
39,Antwerpseweg 195,2018-07-26,06:00:00,9,6,3,FMN GV 10 Beerse
39,Antwerpseweg 195,2018-07-26,07:00:00,18,15,3,FMN GV 10 Beerse
39,Antwerpseweg 195,2018-07-26,08:00:00,29,28,1,FMN GV 10 Beerse
39,Antwerpseweg 195,2018-07-26,09:00:00,28,16,12,FMN GV 10 Beerse
39,Antwerpseweg 195,2018-07-26,10:00:00,30,22,8,FMN GV 10 Beerse
39,Antwerpseweg 195,2018-07-26,11:00:00,19,16,3,FMN GV 10 Beerse
39,Antwerpseweg 195,2018-07-26,12:00:00,14,9,5,FMN GV 10 Beerse
39,Antwerpseweg 195,2018-07-26,13:00:00,19,14,5,FMN GV 10 Beerse
39,Antwerpseweg 195,2018-07-26,14:00:00,18,15,3,FMN GV 10 Beerse
39,Antwerpseweg 195,2018-07-26,15:00:00,10,5,5,FMN GV 10 Beerse
39,Antwerpseweg 195,2018-07-26,16:00:00,10,7,3,FMN GV 10 Beerse
39,Antwerpseweg 195,2018-07-26,17:00:00,23,17,6,FMN GV 10 Beerse
39,Antwerpseweg 195,2018-07-26,18:00:00,15,7,8,FMN GV 10 Beerse
39,Antwerpseweg 195,2018-07-26,19:00:00,17,10,7,FMN GV 10 Beerse
39,Antwerpseweg 195,2018-07-26,20:00:00,16,12,4,FMN GV 10 Beerse
39,Antwerpseweg 195,2018-07-26,21:00:00,12,10,2,FMN GV 10 Beerse
39,Antwerpseweg 195,2018-07-26,22:00:00,11,11,0,FMN GV 10 Beerse
39,Antwerpseweg 195,2018-07-26,23:00:00,1,1,0,FMN GV 10 Beerse
39,Antwerpseweg 195,2018-07-27,00:00:00,1,1,0,FMN GV 10 Beerse
39,Antwerpseweg 195,2018-07-27,01:00:00,2,2,0,FMN GV 10 Beerse
39,Antwerpseweg 195,2018-07-27,02:00:00,1,0,1,FMN GV 10 Beerse
39,Antwerpseweg 195,2018-07-27,03:00:00,1,1,0,FMN GV 10 Beerse
39,Antwerpseweg 195,2018-07-27,04:00:00,1,1,0,FMN GV 10 Beerse
39,Antwerpseweg 195,2018-07-27,05:00:00,10,9,1,FMN GV 10 Beerse
39,Antwerpseweg 195,2018-07-27,06:00:00,11,7,4,FMN GV 10 Beerse
39,Antwerpseweg 195,2018-07-27,07:00:00,17,16,1,FMN GV 10 Beerse
39,Antwerpseweg 195,2018-07-27,08:00:00,18,14,4,FMN GV 10 Beerse
39,Antwerpseweg 195,2018-07-27,09:00:00,14,9,5,FMN GV 10 Beerse
39,Antwerpseweg 195,2018-07-27,10:00:00,20,14,6,FMN GV 10 Beerse
39,Antwerpseweg 195,2018-07-27,11:00:00,13,13,0,FMN GV 10 Beerse
39,Antwerpseweg 195,2018-07-27,12:00:00,14,8,6,FMN GV 10 Beerse
39,Antwerpseweg 195,2018-07-27,13:00:00,11,7,4,FMN GV 10 Beerse
39,Antwerpseweg 195,2018-07-27,14:00:00,15,9,6,FMN GV 10 Beerse
39,Antwerpseweg 195,2018-07-27,15:00:00,14,8,6,FMN GV 10 Beerse
39,Antwerpseweg 195,2018-07-27,16:00:00,12,11,1,FMN GV 10 Beerse
39,Antwerpseweg 195,2018-07-27,17:00:00,18,13,5,FMN GV 10 Beerse
39,Antwerpseweg 195,2018-07-27,18:00:00,17,10,7,FMN GV 10 Beerse
39,Antwerpseweg 195,2018-07-27,19:00:00,18,7,11,FMN GV 10 Beerse
39,Antwerpseweg 195,2018-07-27,20:00:00,23,19,4,FMN GV 10 Beerse
39,Antwerpseweg 195,2018-07-27,21:00:00,8,6,2,FMN GV 10 Beerse
39,Antwerpseweg 195,2018-07-27,22:00:00,1,1,0,FMN GV 10 Beerse
39,Antwerpseweg 195,2018-07-27,23:00:00,6,2,4,FMN GV 10 Beerse
39,Antwerpseweg 195,2018-07-28,00:00:00,8,7,1,FMN GV 10 Beerse
39,Antwerpseweg 195,2018-07-28,01:00:00,1,0,1,FMN GV 10 Beerse
39,Antwerpseweg 195,2018-07-28,02:00:00,1,1,0,FMN GV 10 Beerse
39,Antwerpseweg 195,2018-07-28,03:00:00,2,1,1,FMN GV 10 Beerse
39,Antwerpseweg 195,2018-07-28,04:00:00,0,0,0,FMN GV 10 Beerse
39,Antwerpseweg 195,2018-07-28,05:00:00,1,1,0,FMN GV 10 Beerse
39,Antwerpseweg 195,2018-07-28,06:00:00,2,1,1,FMN GV 10 Beerse
39,Antwerpseweg 195,2018-07-28,07:00:00,2,2,0,FMN GV 10 Beerse
39,Antwerpseweg 195,2018-07-28,08:00:00,1,1,0,FMN GV 10 Beerse
39,Antwerpseweg 195,2018-07-28,09:00:00,11,9,2,FMN GV 10 Beerse
39,Antwerpseweg 195,2018-07-28,10:00:00,11,7,4,FMN GV 10 Beerse
39,Antwerpseweg 195,2018-07-28,11:00:00,9,6,3,FMN GV 10 Beerse
39,Antwerpseweg 195,2018-07-28,12:00:00,11,8,3,FMN GV 10 Beerse
39,Antwerpseweg 195,2018-07-28,13:00:00,16,10,6,FMN GV 10 Beerse
39,Antwerpseweg 195,2018-07-28,14:00:00,29,25,4,FMN GV 10 Beerse
39,Antwerpseweg 195,2018-07-28,15:00:00,28,18,10,FMN GV 10 Beerse
39,Antwerpseweg 195,2018-07-28,16:00:00,38,29,9,FMN GV 10 Beerse
39,Antwerpseweg 195,2018-07-28,17:00:00,18,12,6,FMN GV 10 Beerse
39,Antwerpseweg 195,2018-07-28,18:00:00,14,8,6,FMN GV 10 Beerse
39,Antwerpseweg 195,2018-07-28,19:00:00,26,21,5,FMN GV 10 Beerse
39,Antwerpseweg 195,2018-07-28,20:00:00,6,4,2,FMN GV 10 Beerse
39,Antwerpseweg 195,2018-07-28,21:00:00,6,4,2,FMN GV 10 Beerse
39,Antwerpseweg 195,2018-07-28,22:00:00,13,5,8,FMN GV 10 Beerse
39,Antwerpseweg 195,2018-07-28,23:00:00,2,2,0,FMN GV 10 Beerse
39,Antwerpseweg 195,2018-07-29,00:00:00,1,1,0,FMN GV 10 Beerse
39,Antwerpseweg 195,2018-07-29,01:00:00,0,0,0,FMN GV 10 Beerse
39,Antwerpseweg 195,2018-07-29,02:00:00,1,0,1,FMN GV 10 Beerse
39,Antwerpseweg 195,2018-07-29,03:00:00,2,2,0,FMN GV 10 Beerse
39,Antwerpseweg 195,2018-07-29,04:00:00,0,0,0,FMN GV 10 Beerse
39,Antwerpseweg 195,2018-07-29,05:00:00,2,2,0,FMN GV 10 Beerse
39,Antwerpseweg 195,2018-07-29,06:00:00,0,0,0,FMN GV 10 Beerse
39,Antwerpseweg 195,2018-07-29,07:00:00,6,4,2,FMN GV 10 Beerse
39,Antwerpseweg 195,2018-07-29,08:00:00,9,6,3,FMN GV 10 Beerse
39,Antwerpseweg 195,2018-07-29,09:00:00,21,9,12,FMN GV 10 Beerse
39,Antwerpseweg 195,2018-07-29,10:00:00,35,24,11,FMN GV 10 Beerse
39,Antwerpseweg 195,2018-07-29,11:00:00,39,23,16,FMN GV 10 Beerse
39,Antwerpseweg 195,2018-07-29,12:00:00,42,27,15,FMN GV 10 Beerse
39,Antwerpseweg 195,2018-07-29,13:00:00,48,36,12,FMN GV 10 Beerse
39,Antwerpseweg 195,2018-07-29,14:00:00,50,39,11,FMN GV 10 Beerse
39,Antwerpseweg 195,2018-07-29,15:00:00,38,31,7,FMN GV 10 Beerse
39,Antwerpseweg 195,2018-07-29,16:00:00,29,19,10,FMN GV 10 Beerse
39,Antwerpseweg 195,2018-07-29,17:00:00,47,31,16,FMN GV 10 Beerse
39,Antwerpseweg 195,2018-07-29,18:00:00,25,18,7,FMN GV 10 Beerse
39,Antwerpseweg 195,2018-07-29,19:00:00,15,12,3,FMN GV 10 Beerse
39,Antwerpseweg 195,2018-07-29,20:00:00,17,9,8,FMN GV 10 Beerse
39,Antwerpseweg 195,2018-07-29,21:00:00,9,4,5,FMN GV 10 Beerse
39,Antwerpseweg 195,2018-07-29,22:00:00,1,1,0,FMN GV 10 Beerse
39,Antwerpseweg 195,2018-07-29,23:00:00,1,1,0,FMN GV 10 Beerse
39,Antwerpseweg 195,2018-07-30,00:00:00,0,0,0,FMN GV 10 Beerse
39,Antwerpseweg 195,2018-07-30,01:00:00,0,0,0,FMN GV 10 Beerse
39,Antwerpseweg 195,2018-07-30,02:00:00,0,0,0,FMN GV 10 Beerse
39,Antwerpseweg 195,2018-07-30,03:00:00,0,0,0,FMN GV 10 Beerse
39,Antwerpseweg 195,2018-07-30,04:00:00,0,0,0,FMN GV 10 Beerse
39,Antwerpseweg 195,2018-07-30,05:00:00,8,7,1,FMN GV 10 Beerse
39,Antwerpseweg 195,2018-07-30,06:00:00,13,10,3,FMN GV 10 Beerse
39,Antwerpseweg 195,2018-07-30,07:00:00,28,25,3,FMN GV 10 Beerse
39,Antwerpseweg 195,2018-07-30,08:00:00,25,24,1,FMN GV 10 Beerse
39,Antwerpseweg 195,2018-07-30,09:00:00,31,20,11,FMN GV 10 Beerse
39,Antwerpseweg 195,2018-07-30,10:00:00,9,8,1,FMN GV 10 Beerse
39,Antwerpseweg 195,2018-07-30,11:00:00,10,9,1,FMN GV 10 Beerse
39,Antwerpseweg 195,2018-07-30,12:00:00,13,9,4,FMN GV 10 Beerse
39,Antwerpseweg 195,2018-07-30,13:00:00,35,25,10,FMN GV 10 Beerse
39,Antwerpseweg 195,2018-07-30,14:00:00,36,29,7,FMN GV 10 Beerse
39,Antwerpseweg 195,2018-07-30,15:00:00,25,14,11,FMN GV 10 Beerse
39,Antwerpseweg 195,2018-07-30,16:00:00,34,19,15,FMN GV 10 Beerse
39,Antwerpseweg 195,2018-07-30,17:00:00,38,24,14,FMN GV 10 Beerse
39,Antwerpseweg 195,2018-07-30,18:00:00,32,17,15,FMN GV 10 Beerse
39,Antwerpseweg 195,2018-07-30,19:00:00,39,27,12,FMN GV 10 Beerse
39,Antwerpseweg 195,2018-07-30,20:00:00,35,28,7,FMN GV 10 Beerse
39,Antwerpseweg 195,2018-07-30,21:00:00,11,10,1,FMN GV 10 Beerse
39,Antwerpseweg 195,2018-07-30,22:00:00,6,3,3,FMN GV 10 Beerse
39,Antwerpseweg 195,2018-07-30,23:00:00,5,4,1,FMN GV 10 Beerse
39,Antwerpseweg 195,2018-07-31,00:00:00,3,0,3,FMN GV 10 Beerse
39,Antwerpseweg 195,2018-07-31,01:00:00,0,0,0,FMN GV 10 Beerse
39,Antwerpseweg 195,2018-07-31,02:00:00,0,0,0,FMN GV 10 Beerse
39,Antwerpseweg 195,2018-07-31,03:00:00,1,1,0,FMN GV 10 Beerse
39,Antwerpseweg 195,2018-07-31,04:00:00,2,2,0,FMN GV 10 Beerse
39,Antwerpseweg 195,2018-07-31,05:00:00,9,9,0,FMN GV 10 Beerse
39,Antwerpseweg 195,2018-07-31,06:00:00,17,12,5,FMN GV 10 Beerse
39,Antwerpseweg 195,2018-07-31,07:00:00,37,34,3,FMN GV 10 Beerse
39,Antwerpseweg 195,2018-07-31,08:00:00,33,26,7,FMN GV 10 Beerse
39,Antwerpseweg 195,2018-07-31,09:00:00,20,14,6,FMN GV 10 Beerse
39,Antwerpseweg 195,2018-07-31,10:00:00,23,16,7,FMN GV 10 Beerse
39,Antwerpseweg 195,2018-07-31,11:00:00,26,20,6,FMN GV 10 Beerse
39,Antwerpseweg 195,2018-07-31,12:00:00,32,23,9,FMN GV 10 Beerse
39,Antwerpseweg 195,2018-07-31,13:00:00,42,22,20,FMN GV 10 Beerse
39,Antwerpseweg 195,2018-07-31,14:00:00,54,43,11,FMN GV 10 Beerse
39,Antwerpseweg 195,2018-07-31,15:00:00,51,37,14,FMN GV 10 Beerse
39,Antwerpseweg 195,2018-07-31,16:00:00,48,31,17,FMN GV 10 Beerse
39,Antwerpseweg 195,2018-07-31,17:00:00,53,36,17,FMN GV 10 Beerse
39,Antwerpseweg 195,2018-07-31,18:00:00,15,12,3,FMN GV 10 Beerse
39,Antwerpseweg 195,2018-07-31,19:00:00,27,19,8,FMN GV 10 Beerse
39,Antwerpseweg 195,2018-07-31,20:00:00,35,23,12,FMN GV 10 Beerse
39,Antwerpseweg 195,2018-07-31,21:00:00,14,8,6,FMN GV 10 Beerse
39,Antwerpseweg 195,2018-07-31,22:00:00,5,3,2,FMN GV 10 Beerse
39,Antwerpseweg 195,2018-07-31,23:00:00,3,2,1,FMN GV 10 Beerse
39,Antwerpseweg 195,2018-08-01,00:00:00,1,1,0,FMN GV 10 Beerse
39,Antwerpseweg 195,2018-08-01,01:00:00,0,0,0,FMN GV 10 Beerse
39,Antwerpseweg 195,2018-08-01,02:00:00,0,0,0,FMN GV 10 Beerse
39,Antwerpseweg 195,2018-08-01,03:00:00,1,1,0,FMN GV 10 Beerse
39,Antwerpseweg 195,2018-08-01,04:00:00,1,1,0,FMN GV 10 Beerse
39,Antwerpseweg 195,2018-08-01,05:00:00,9,8,1,FMN GV 10 Beerse
39,Antwerpseweg 195,2018-08-01,06:00:00,15,12,3,FMN GV 10 Beerse
39,Antwerpseweg 195,2018-08-01,07:00:00,38,34,4,FMN GV 10 Beerse
39,Antwerpseweg 195,2018-08-01,08:00:00,33,25,8,FMN GV 10 Beerse
39,Antwerpseweg 195,2018-08-01,09:00:00,31,26,5,FMN GV 10 Beerse
39,Antwerpseweg 195,2018-08-01,10:00:00,24,19,5,FMN GV 10 Beerse
39,Antwerpseweg 195,2018-08-01,11:00:00,24,18,6,FMN GV 10 Beerse
39,Antwerpseweg 195,2018-08-01,12:00:00,22,13,9,FMN GV 10 Beerse
39,Antwerpseweg 195,2018-08-01,13:00:00,47,24,23,FMN GV 10 Beerse
39,Antwerpseweg 195,2018-08-01,14:00:00,30,22,8,FMN GV 10 Beerse
39,Antwerpseweg 195,2018-08-01,15:00:00,36,19,17,FMN GV 10 Beerse
39,Antwerpseweg 195,2018-08-01,16:00:00,35,20,15,FMN GV 10 Beerse
39,Antwerpseweg 195,2018-08-01,17:00:00,34,24,10,FMN GV 10 Beerse
39,Antwerpseweg 195,2018-08-01,18:00:00,41,23,18,FMN GV 10 Beerse
39,Antwerpseweg 195,2018-08-01,19:00:00,14,12,2,FMN GV 10 Beerse
39,Antwerpseweg 195,2018-08-01,20:00:00,19,10,9,FMN GV 10 Beerse
39,Antwerpseweg 195,2018-08-01,21:00:00,16,12,4,FMN GV 10 Beerse
39,Antwerpseweg 195,2018-08-01,22:00:00,6,2,4,FMN GV 10 Beerse
39,Antwerpseweg 195,2018-08-01,23:00:00,0,0,0,FMN GV 10 Beerse
39,Antwerpseweg 195,2018-08-02,00:00:00,3,3,0,FMN GV 10 Beerse
39,Antwerpseweg 195,2018-08-02,01:00:00,0,0,0,FMN GV 10 Beerse
39,Antwerpseweg 195,2018-08-02,02:00:00,0,0,0,FMN GV 10 Beerse
39,Antwerpseweg 195,2018-08-02,03:00:00,0,0,0,FMN GV 10 Beerse
39,Antwerpseweg 195,2018-08-02,04:00:00,1,1,0,FMN GV 10 Beerse
39,Antwerpseweg 195,2018-08-02,05:00:00,9,8,1,FMN GV 10 Beerse
39,Antwerpseweg 195,2018-08-02,06:00:00,16,13,3,FMN GV 10 Beerse
39,Antwerpseweg 195,2018-08-02,07:00:00,33,29,4,FMN GV 10 Beerse
39,Antwerpseweg 195,2018-08-02,08:00:00,40,33,7,FMN GV 10 Beerse
39,Antwerpseweg 195,2018-08-02,09:00:00,17,14,3,FMN GV 10 Beerse
39,Antwerpseweg 195,2018-08-02,10:00:00,24,21,3,FMN GV 10 Beerse
39,Antwerpseweg 195,2018-08-02,11:00:00,15,11,4,FMN GV 10 Beerse
39,Antwerpseweg 195,2018-08-02,12:00:00,26,16,10,FMN GV 10 Beerse
39,Antwerpseweg 195,2018-08-02,13:00:00,40,29,11,FMN GV 10 Beerse
39,Antwerpseweg 195,2018-08-02,14:00:00,24,15,9,FMN GV 10 Beerse
39,Antwerpseweg 195,2018-08-02,15:00:00,30,17,13,FMN GV 10 Beerse
39,Antwerpseweg 195,2018-08-02,16:00:00,33,24,9,FMN GV 10 Beerse
39,Antwerpseweg 195,2018-08-02,17:00:00,39,29,10,FMN GV 10 Beerse
39,Antwerpseweg 195,2018-08-02,18:00:00,27,22,5,FMN GV 10 Beerse
39,Antwerpseweg 195,2018-08-02,19:00:00,16,9,7,FMN GV 10 Beerse
39,Antwerpseweg 195,2018-08-02,20:00:00,27,17,10,FMN GV 10 Beerse
39,Antwerpseweg 195,2018-08-02,21:00:00,7,4,3,FMN GV 10 Beerse
39,Antwerpseweg 195,2018-08-02,22:00:00,13,10,3,FMN GV 10 Beerse
39,Antwerpseweg 195,2018-08-02,23:00:00,7,7,0,FMN GV 10 Beerse
39,Antwerpseweg 195,2018-08-03,00:00:00,7,6,1,FMN GV 10 Beerse
39,Antwerpseweg 195,2018-08-03,01:00:00,1,1,0,FMN GV 10 Beerse
39,Antwerpseweg 195,2018-08-03,02:00:00,0,0,0,FMN GV 10 Beerse
39,Antwerpseweg 195,2018-08-03,03:00:00,1,1,0,FMN GV 10 Beerse
39,Antwerpseweg 195,2018-08-03,04:00:00,0,0,0,FMN GV 10 Beerse
39,Antwerpseweg 195,2018-08-03,05:00:00,12,11,1,FMN GV 10 Beerse
39,Antwerpseweg 195,2018-08-03,06:00:00,17,14,3,FMN GV 10 Beerse
39,Antwerpseweg 195,2018-08-03,07:00:00,27,24,3,FMN GV 10 Beerse
39,Antwerpseweg 195,2018-08-03,08:00:00,27,22,5,FMN GV 10 Beerse
39,Antwerpseweg 195,2018-08-03,09:00:00,22,16,6,FMN GV 10 Beerse
39,Antwerpseweg 195,2018-08-03,10:00:00,22,20,2,FMN GV 10 Beerse
39,Antwerpseweg 195,2018-08-03,11:00:00,22,13,9,FMN GV 10 Beerse
39,Antwerpseweg 195,2018-08-03,12:00:00,25,16,9,FMN GV 10 Beerse
39,Antwerpseweg 195,2018-08-03,13:00:00,22,18,4,FMN GV 10 Beerse
39,Antwerpseweg 195,2018-08-03,14:00:00,13,9,4,FMN GV 10 Beerse
39,Antwerpseweg 195,2018-08-03,15:00:00,28,24,4,FMN GV 10 Beerse
39,Antwerpseweg 195,2018-08-03,16:00:00,27,20,7,FMN GV 10 Beerse
39,Antwerpseweg 195,2018-08-03,17:00:00,27,17,10,FMN GV 10 Beerse
39,Antwerpseweg 195,2018-08-03,18:00:00,11,4,7,FMN GV 10 Beerse
39,Antwerpseweg 195,2018-08-03,19:00:00,19,13,6,FMN GV 10 Beerse
39,Antwerpseweg 195,2018-08-03,20:00:00,14,10,4,FMN GV 10 Beerse
39,Antwerpseweg 195,2018-08-03,21:00:00,14,9,5,FMN GV 10 Beerse
39,Antwerpseweg 195,2018-08-03,22:00:00,13,5,8,FMN GV 10 Beerse
39,Antwerpseweg 195,2018-08-03,23:00:00,9,7,2,FMN GV 10 Beerse
39,Antwerpseweg 195,2018-08-04,00:00:00,3,0,3,FMN GV 10 Beerse
39,Antwerpseweg 195,2018-08-04,01:00:00,1,1,0,FMN GV 10 Beerse
39,Antwerpseweg 195,2018-08-04,02:00:00,2,0,2,FMN GV 10 Beerse
39,Antwerpseweg 195,2018-08-04,03:00:00,3,0,3,FMN GV 10 Beerse
39,Antwerpseweg 195,2018-08-04,04:00:00,0,0,0,FMN GV 10 Beerse
39,Antwerpseweg 195,2018-08-04,05:00:00,1,1,0,FMN GV 10 Beerse
39,Antwerpseweg 195,2018-08-04,06:00:00,0,0,0,FMN GV 10 Beerse
39,Antwerpseweg 195,2018-08-04,07:00:00,3,2,1,FMN GV 10 Beerse
39,Antwerpseweg 195,2018-08-04,08:00:00,12,10,2,FMN GV 10 Beerse
39,Antwerpseweg 195,2018-08-04,09:00:00,15,8,7,FMN GV 10 Beerse
39,Antwerpseweg 195,2018-08-04,10:00:00,35,27,8,FMN GV 10 Beerse
39,Antwerpseweg 195,2018-08-04,11:00:00,15,10,5,FMN GV 10 Beerse
39,Antwerpseweg 195,2018-08-04,12:00:00,20,16,4,FMN GV 10 Beerse
39,Antwerpseweg 195,2018-08-04,13:00:00,25,13,12,FMN GV 10 Beerse
39,Antwerpseweg 195,2018-08-04,14:00:00,17,12,5,FMN GV 10 Beerse
39,Antwerpseweg 195,2018-08-04,15:00:00,20,11,9,FMN GV 10 Beerse
39,Antwerpseweg 195,2018-08-04,16:00:00,21,10,11,FMN GV 10 Beerse
39,Antwerpseweg 195,2018-08-04,17:00:00,11,4,7,FMN GV 10 Beerse
39,Antwerpseweg 195,2018-08-04,18:00:00,12,11,1,FMN GV 10 Beerse
39,Antwerpseweg 195,2018-08-04,19:00:00,20,9,11,FMN GV 10 Beerse
39,Antwerpseweg 195,2018-08-04,20:00:00,14,8,6,FMN GV 10 Beerse
39,Antwerpseweg 195,2018-08-04,21:00:00,6,5,1,FMN GV 10 Beerse
39,Antwerpseweg 195,2018-08-04,22:00:00,5,5,0,FMN GV 10 Beerse
39,Antwerpseweg 195,2018-08-04,23:00:00,0,0,0,FMN GV 10 Beerse
39,Antwerpseweg 195,2018-08-05,00:00:00,6,6,0,FMN GV 10 Beerse
39,Antwerpseweg 195,2018-08-05,01:00:00,0,0,0,FMN GV 10 Beerse
39,Antwerpseweg 195,2018-08-05,02:00:00,3,1,2,FMN GV 10 Beerse
39,Antwerpseweg 195,2018-08-05,03:00:00,2,2,0,FMN GV 10 Beerse
39,Antwerpseweg 195,2018-08-05,04:00:00,1,1,0,FMN GV 10 Beerse
39,Antwerpseweg 195,2018-08-05,05:00:00,0,0,0,FMN GV 10 Beerse
39,Antwerpseweg 195,2018-08-05,06:00:00,2,2,0,FMN GV 10 Beerse
39,Antwerpseweg 195,2018-08-05,07:00:00,9,5,4,FMN GV 10 Beerse
39,Antwerpseweg 195,2018-08-05,08:00:00,19,15,4,FMN GV 10 Beerse
39,Antwerpseweg 195,2018-08-05,09:00:00,28,16,12,FMN GV 10 Beerse
39,Antwerpseweg 195,2018-08-05,10:00:00,20,18,2,FMN GV 10 Beerse
39,Antwerpseweg 195,2018-08-05,11:00:00,35,23,12,FMN GV 10 Beerse
39,Antwerpseweg 195,2018-08-05,12:00:00,39,27,12,FMN GV 10 Beerse
39,Antwerpseweg 195,2018-08-05,13:00:00,25,16,9,FMN GV 10 Beerse
39,Antwerpseweg 195,2018-08-05,14:00:00,35,27,8,FMN GV 10 Beerse
39,Antwerpseweg 195,2018-08-05,15:00:00,42,35,7,FMN GV 10 Beerse
39,Antwerpseweg 195,2018-08-05,16:00:00,30,21,9,FMN GV 10 Beerse
39,Antwerpseweg 195,2018-08-05,17:00:00,26,16,10,FMN GV 10 Beerse
39,Antwerpseweg 195,2018-08-05,18:00:00,26,19,7,FMN GV 10 Beerse
39,Antwerpseweg 195,2018-08-05,19:00:00,22,11,11,FMN GV 10 Beerse
39,Antwerpseweg 195,2018-08-05,20:00:00,17,8,9,FMN GV 10 Beerse
39,Antwerpseweg 195,2018-08-05,21:00:00,20,14,6,FMN GV 10 Beerse
39,Antwerpseweg 195,2018-08-05,22:00:00,3,3,0,FMN GV 10 Beerse
39,Antwerpseweg 195,2018-08-05,23:00:00,0,0,0,FMN GV 10 Beerse
39,Antwerpseweg 195,2018-08-06,00:00:00,0,0,0,FMN GV 10 Beerse
39,Antwerpseweg 195,2018-08-06,01:00:00,0,0,0,FMN GV 10 Beerse
39,Antwerpseweg 195,2018-08-06,02:00:00,0,0,0,FMN GV 10 Beerse
39,Antwerpseweg 195,2018-08-06,03:00:00,0,0,0,FMN GV 10 Beerse
39,Antwerpseweg 195,2018-08-06,04:00:00,0,0,0,FMN GV 10 Beerse
39,Antwerpseweg 195,2018-08-06,05:00:00,11,9,2,FMN GV 10 Beerse
39,Antwerpseweg 195,2018-08-06,06:00:00,9,9,0,FMN GV 10 Beerse
39,Antwerpseweg 195,2018-08-06,07:00:00,28,26,2,FMN GV 10 Beerse
39,Antwerpseweg 195,2018-08-06,08:00:00,23,20,3,FMN GV 10 Beerse
39,Antwerpseweg 195,2018-08-06,09:00:00,10,8,2,FMN GV 10 Beerse
39,Antwerpseweg 195,2018-08-06,10:00:00,26,22,4,FMN GV 10 Beerse
39,Antwerpseweg 195,2018-08-06,11:00:00,16,11,5,FMN GV 10 Beerse
39,Antwerpseweg 195,2018-08-06,12:00:00,19,8,11,FMN GV 10 Beerse
39,Antwerpseweg 195,2018-08-06,13:00:00,19,16,3,FMN GV 10 Beerse
39,Antwerpseweg 195,2018-08-06,14:00:00,19,11,8,FMN GV 10 Beerse
39,Antwerpseweg 195,2018-08-06,15:00:00,24,17,7,FMN GV 10 Beerse
39,Antwerpseweg 195,2018-08-06,16:00:00,32,21,11,FMN GV 10 Beerse
39,Antwerpseweg 195,2018-08-06,17:00:00,37,26,11,FMN GV 10 Beerse
39,Antwerpseweg 195,2018-08-06,18:00:00,17,8,9,FMN GV 10 Beerse
39,Antwerpseweg 195,2018-08-06,19:00:00,27,15,12,FMN GV 10 Beerse
39,Antwerpseweg 195,2018-08-06,20:00:00,13,10,3,FMN GV 10 Beerse
39,Antwerpseweg 195,2018-08-06,21:00:00,11,5,6,FMN GV 10 Beerse
39,Antwerpseweg 195,2018-08-06,22:00:00,17,9,8,FMN GV 10 Beerse
39,Antwerpseweg 195,2018-08-06,23:00:00,2,1,1,FMN GV 10 Beerse
39,Antwerpseweg 195,2018-08-07,00:00:00,0,0,0,FMN GV 10 Beerse
39,Antwerpseweg 195,2018-08-07,01:00:00,0,0,0,FMN GV 10 Beerse
39,Antwerpseweg 195,2018-08-07,02:00:00,0,0,0,FMN GV 10 Beerse
39,Antwerpseweg 195,2018-08-07,03:00:00,0,0,0,FMN GV 10 Beerse
39,Antwerpseweg 195,2018-08-07,04:00:00,1,1,0,FMN GV 10 Beerse
39,Antwerpseweg 195,2018-08-07,05:00:00,10,8,2,FMN GV 10 Beerse
39,Antwerpseweg 195,2018-08-07,06:00:00,11,10,1,FMN GV 10 Beerse
39,Antwerpseweg 195,2018-08-07,07:00:00,23,22,1,FMN GV 10 Beerse
39,Antwerpseweg 195,2018-08-07,08:00:00,25,22,3,FMN GV 10 Beerse
39,Antwerpseweg 195,2018-08-07,09:00:00,28,23,5,FMN GV 10 Beerse
39,Antwerpseweg 195,2018-08-07,10:00:00,25,19,6,FMN GV 10 Beerse
39,Antwerpseweg 195,2018-08-07,11:00:00,23,17,6,FMN GV 10 Beerse
39,Antwerpseweg 195,2018-08-07,12:00:00,13,9,4,FMN GV 10 Beerse
39,Antwerpseweg 195,2018-08-07,13:00:00,32,24,8,FMN GV 10 Beerse
39,Antwerpseweg 195,2018-08-07,14:00:00,15,9,6,FMN GV 10 Beerse
39,Antwerpseweg 195,2018-08-07,15:00:00,14,12,2,FMN GV 10 Beerse
39,Antwerpseweg 195,2018-08-07,16:00:00,29,18,11,FMN GV 10 Beerse
39,Antwerpseweg 195,2018-08-07,17:00:00,20,14,6,FMN GV 10 Beerse
39,Antwerpseweg 195,2018-08-07,18:00:00,21,10,11,FMN GV 10 Beerse
39,Antwerpseweg 195,2018-08-07,19:00:00,21,12,9,FMN GV 10 Beerse
39,Antwerpseweg 195,2018-08-07,20:00:00,18,10,8,FMN GV 10 Beerse
39,Antwerpseweg 195,2018-08-07,21:00:00,6,5,1,FMN GV 10 Beerse
39,Antwerpseweg 195,2018-08-07,22:00:00,9,7,2,FMN GV 10 Beerse
39,Antwerpseweg 195,2018-08-07,23:00:00,4,4,0,FMN GV 10 Beerse
39,Antwerpseweg 195,2018-08-08,00:00:00,3,2,1,FMN GV 10 Beerse
39,Antwerpseweg 195,2018-08-08,01:00:00,2,2,0,FMN GV 10 Beerse
39,Antwerpseweg 195,2018-08-08,02:00:00,0,0,0,FMN GV 10 Beerse
39,Antwerpseweg 195,2018-08-08,03:00:00,0,0,0,FMN GV 10 Beerse
39,Antwerpseweg 195,2018-08-08,04:00:00,0,0,0,FMN GV 10 Beerse
39,Antwerpseweg 195,2018-08-08,05:00:00,2,2,0,FMN GV 10 Beerse
39,Antwerpseweg 195,2018-08-08,06:00:00,3,3,0,FMN GV 10 Beerse
39,Antwerpseweg 195,2018-08-08,07:00:00,25,24,1,FMN GV 10 Beerse
39,Antwerpseweg 195,2018-08-08,08:00:00,25,21,4,FMN GV 10 Beerse
39,Antwerpseweg 195,2018-08-08,09:00:00,19,4,15,FMN GV 10 Beerse
39,Antwerpseweg 195,2018-08-08,10:00:00,11,10,1,FMN GV 10 Beerse
39,Antwerpseweg 195,2018-08-08,11:00:00,21,15,6,FMN GV 10 Beerse
39,Antwerpseweg 195,2018-08-08,12:00:00,15,7,8,FMN GV 10 Beerse
39,Antwerpseweg 195,2018-08-08,13:00:00,27,20,7,FMN GV 10 Beerse
39,Antwerpseweg 195,2018-08-08,14:00:00,24,16,8,FMN GV 10 Beerse
39,Antwerpseweg 195,2018-08-08,15:00:00,29,19,10,FMN GV 10 Beerse
39,Antwerpseweg 195,2018-08-08,16:00:00,27,22,5,FMN GV 10 Beerse
39,Antwerpseweg 195,2018-08-08,17:00:00,31,20,11,FMN GV 10 Beerse
39,Antwerpseweg 195,2018-08-08,18:00:00,20,15,5,FMN GV 10 Beerse
39,Antwerpseweg 195,2018-08-08,19:00:00,19,11,8,FMN GV 10 Beerse
39,Antwerpseweg 195,2018-08-08,20:00:00,17,14,3,FMN GV 10 Beerse
39,Antwerpseweg 195,2018-08-08,21:00:00,9,9,0,FMN GV 10 Beerse
39,Antwerpseweg 195,2018-08-08,22:00:00,4,3,1,FMN GV 10 Beerse
39,Antwerpseweg 195,2018-08-08,23:00:00,3,3,0,FMN GV 10 Beerse
39,Antwerpseweg 195,2018-08-09,00:00:00,0,0,0,FMN GV 10 Beerse
39,Antwerpseweg 195,2018-08-09,01:00:00,0,0,0,FMN GV 10 Beerse
39,Antwerpseweg 195,2018-08-09,02:00:00,0,0,0,FMN GV 10 Beerse
39,Antwerpseweg 195,2018-08-09,03:00:00,0,0,0,FMN GV 10 Beerse
39,Antwerpseweg 195,2018-08-09,04:00:00,0,0,0,FMN GV 10 Beerse
39,Antwerpseweg 195,2018-08-09,05:00:00,8,6,2,FMN GV 10 Beerse
39,Antwerpseweg 195,2018-08-09,06:00:00,4,3,1,FMN GV 10 Beerse
39,Antwerpseweg 195,2018-08-09,07:00:00,17,15,2,FMN GV 10 Beerse
39,Antwerpseweg 195,2018-08-09,08:00:00,16,15,1,FMN GV 10 Beerse
39,Antwerpseweg 195,2018-08-09,09:00:00,11,8,3,FMN GV 10 Beerse
39,Antwerpseweg 195,2018-08-09,10:00:00,13,10,3,FMN GV 10 Beerse
39,Antwerpseweg 195,2018-08-09,11:00:00,6,4,2,FMN GV 10 Beerse
39,Antwerpseweg 195,2018-08-09,12:00:00,18,12,6,FMN GV 10 Beerse
39,Antwerpseweg 195,2018-08-09,13:00:00,7,4,3,FMN GV 10 Beerse
39,Antwerpseweg 195,2018-08-09,14:00:00,5,4,1,FMN GV 10 Beerse
39,Antwerpseweg 195,2018-08-09,15:00:00,14,12,2,FMN GV 10 Beerse
39,Antwerpseweg 195,2018-08-09,16:00:00,15,8,7,FMN GV 10 Beerse
39,Antwerpseweg 195,2018-08-09,17:00:00,18,12,6,FMN GV 10 Beerse
39,Antwerpseweg 195,2018-08-09,18:00:00,7,5,2,FMN GV 10 Beerse
39,Antwerpseweg 195,2018-08-09,19:00:00,7,3,4,FMN GV 10 Beerse
39,Antwerpseweg 195,2018-08-09,20:00:00,5,3,2,FMN GV 10 Beerse
39,Antwerpseweg 195,2018-08-09,21:00:00,2,2,0,FMN GV 10 Beerse
39,Antwerpseweg 195,2018-08-09,22:00:00,2,1,1,FMN GV 10 Beerse
39,Antwerpseweg 195,2018-08-09,23:00:00,0,0,0,FMN GV 10 Beerse
39,Antwerpseweg 195,2018-08-10,00:00:00,0,0,0,FMN GV 10 Beerse
39,Antwerpseweg 195,2018-08-10,01:00:00,1,1,0,FMN GV 10 Beerse
39,Antwerpseweg 195,2018-08-10,02:00:00,0,0,0,FMN GV 10 Beerse
39,Antwerpseweg 195,2018-08-10,03:00:00,0,0,0,FMN GV 10 Beerse
39,Antwerpseweg 195,2018-08-10,04:00:00,0,0,0,FMN GV 10 Beerse
39,Antwerpseweg 195,2018-08-10,05:00:00,6,5,1,FMN GV 10 Beerse
39,Antwerpseweg 195,2018-08-10,06:00:00,11,11,0,FMN GV 10 Beerse
39,Antwerpseweg 195,2018-08-10,07:00:00,21,21,0,FMN GV 10 Beerse
39,Antwerpseweg 195,2018-08-10,08:00:00,12,11,1,FMN GV 10 Beerse
39,Antwerpseweg 195,2018-08-10,09:00:00,15,12,3,FMN GV 10 Beerse
39,Antwerpseweg 195,2018-08-10,10:00:00,16,12,4,FMN GV 10 Beerse
39,Antwerpseweg 195,2018-08-10,11:00:00,19,13,6,FMN GV 10 Beerse
39,Antwerpseweg 195,2018-08-10,12:00:00,14,7,7,FMN GV 10 Beerse
39,Antwerpseweg 195,2018-08-10,13:00:00,20,15,5,FMN GV 10 Beerse
39,Antwerpseweg 195,2018-08-10,14:00:00,19,12,7,FMN GV 10 Beerse
39,Antwerpseweg 195,2018-08-10,15:00:00,22,14,8,FMN GV 10 Beerse
39,Antwerpseweg 195,2018-08-10,16:00:00,27,20,7,FMN GV 10 Beerse
39,Antwerpseweg 195,2018-08-10,17:00:00,14,11,3,FMN GV 10 Beerse
39,Antwerpseweg 195,2018-08-10,18:00:00,16,14,2,FMN GV 10 Beerse
39,Antwerpseweg 195,2018-08-10,19:00:00,14,7,7,FMN GV 10 Beerse
39,Antwerpseweg 195,2018-08-10,20:00:00,8,4,4,FMN GV 10 Beerse
39,Antwerpseweg 195,2018-08-10,21:00:00,7,3,4,FMN GV 10 Beerse
39,Antwerpseweg 195,2018-08-10,22:00:00,3,2,1,FMN GV 10 Beerse
39,Antwerpseweg 195,2018-08-10,23:00:00,1,0,1,FMN GV 10 Beerse
39,Antwerpseweg 195,2018-08-11,00:00:00,0,0,0,FMN GV 10 Beerse
39,Antwerpseweg 195,2018-08-11,01:00:00,0,0,0,FMN GV 10 Beerse
39,Antwerpseweg 195,2018-08-11,02:00:00,0,0,0,FMN GV 10 Beerse
39,Antwerpseweg 195,2018-08-11,03:00:00,0,0,0,FMN GV 10 Beerse
39,Antwerpseweg 195,2018-08-11,04:00:00,1,1,0,FMN GV 10 Beerse
39,Antwerpseweg 195,2018-08-11,05:00:00,0,0,0,FMN GV 10 Beerse
39,Antwerpseweg 195,2018-08-11,06:00:00,1,1,0,FMN GV 10 Beerse
39,Antwerpseweg 195,2018-08-11,07:00:00,3,3,0,FMN GV 10 Beerse
39,Antwerpseweg 195,2018-08-11,08:00:00,4,3,1,FMN GV 10 Beerse
39,Antwerpseweg 195,2018-08-11,09:00:00,14,6,8,FMN GV 10 Beerse
39,Antwerpseweg 195,2018-08-11,10:00:00,12,9,3,FMN GV 10 Beerse
39,Antwerpseweg 195,2018-08-11,11:00:00,11,10,1,FMN GV 10 Beerse
39,Antwerpseweg 195,2018-08-11,12:00:00,16,14,2,FMN GV 10 Beerse
39,Antwerpseweg 195,2018-08-11,13:00:00,40,24,16,FMN GV 10 Beerse
39,Antwerpseweg 195,2018-08-11,14:00:00,33,17,16,FMN GV 10 Beerse
39,Antwerpseweg 195,2018-08-11,15:00:00,47,35,12,FMN GV 10 Beerse
39,Antwerpseweg 195,2018-08-11,16:00:00,25,17,8,FMN GV 10 Beerse
39,Antwerpseweg 195,2018-08-11,17:00:00,11,7,4,FMN GV 10 Beerse
39,Antwerpseweg 195,2018-08-11,18:00:00,12,10,2,FMN GV 10 Beerse
39,Antwerpseweg 195,2018-08-11,19:00:00,10,6,4,FMN GV 10 Beerse
39,Antwerpseweg 195,2018-08-11,20:00:00,14,10,4,FMN GV 10 Beerse
39,Antwerpseweg 195,2018-08-11,21:00:00,12,11,1,FMN GV 10 Beerse
39,Antwerpseweg 195,2018-08-11,22:00:00,4,3,1,FMN GV 10 Beerse
39,Antwerpseweg 195,2018-08-11,23:00:00,2,0,2,FMN GV 10 Beerse
39,Antwerpseweg 195,2018-08-12,00:00:00,0,0,0,FMN GV 10 Beerse
39,Antwerpseweg 195,2018-08-12,01:00:00,2,2,0,FMN GV 10 Beerse
39,Antwerpseweg 195,2018-08-12,02:00:00,0,0,0,FMN GV 10 Beerse
39,Antwerpseweg 195,2018-08-12,03:00:00,0,0,0,FMN GV 10 Beerse
39,Antwerpseweg 195,2018-08-12,04:00:00,0,0,0,FMN GV 10 Beerse
39,Antwerpseweg 195,2018-08-12,05:00:00,2,2,0,FMN GV 10 Beerse
39,Antwerpseweg 195,2018-08-12,06:00:00,0,0,0,FMN GV 10 Beerse
39,Antwerpseweg 195,2018-08-12,07:00:00,5,2,3,FMN GV 10 Beerse
39,Antwerpseweg 195,2018-08-12,08:00:00,10,5,5,FMN GV 10 Beerse
39,Antwerpseweg 195,2018-08-12,09:00:00,13,11,2,FMN GV 10 Beerse
39,Antwerpseweg 195,2018-08-12,10:00:00,42,35,7,FMN GV 10 Beerse
39,Antwerpseweg 195,2018-08-12,11:00:00,31,23,8,FMN GV 10 Beerse
39,Antwerpseweg 195,2018-08-12,12:00:00,33,20,13,FMN GV 10 Beerse
39,Antwerpseweg 195,2018-08-12,13:00:00,49,31,18,FMN GV 10 Beerse
39,Antwerpseweg 195,2018-08-12,14:00:00,67,39,28,FMN GV 10 Beerse
39,Antwerpseweg 195,2018-08-12,15:00:00,49,41,8,FMN GV 10 Beerse
39,Antwerpseweg 195,2018-08-12,16:00:00,32,24,8,FMN GV 10 Beerse
39,Antwerpseweg 195,2018-08-12,17:00:00,33,23,10,FMN GV 10 Beerse
39,Antwerpseweg 195,2018-08-12,18:00:00,33,24,9,FMN GV 10 Beerse
39,Antwerpseweg 195,2018-08-12,19:00:00,10,6,4,FMN GV 10 Beerse
39,Antwerpseweg 195,2018-08-12,20:00:00,13,8,5,FMN GV 10 Beerse
39,Antwerpseweg 195,2018-08-12,21:00:00,8,8,0,FMN GV 10 Beerse
39,Antwerpseweg 195,2018-08-12,22:00:00,4,3,1,FMN GV 10 Beerse
39,Antwerpseweg 195,2018-08-12,23:00:00,1,1,0,FMN GV 10 Beerse
39,Antwerpseweg 195,2018-08-13,00:00:00,0,0,0,FMN GV 10 Beerse
39,Antwerpseweg 195,2018-08-13,01:00:00,0,0,0,FMN GV 10 Beerse
39,Antwerpseweg 195,2018-08-13,02:00:00,0,0,0,FMN GV 10 Beerse
39,Antwerpseweg 195,2018-08-13,03:00:00,1,1,0,FMN GV 10 Beerse
39,Antwerpseweg 195,2018-08-13,04:00:00,4,3,1,FMN GV 10 Beerse
39,Antwerpseweg 195,2018-08-13,05:00:00,7,6,1,FMN GV 10 Beerse
39,Antwerpseweg 195,2018-08-13,06:00:00,8,7,1,FMN GV 10 Beerse
39,Antwerpseweg 195,2018-08-13,07:00:00,14,12,2,FMN GV 10 Beerse
39,Antwerpseweg 195,2018-08-13,08:00:00,8,8,0,FMN GV 10 Beerse
39,Antwerpseweg 195,2018-08-13,09:00:00,12,11,1,FMN GV 10 Beerse
39,Antwerpseweg 195,2018-08-13,10:00:00,4,2,2,FMN GV 10 Beerse
39,Antwerpseweg 195,2018-08-13,11:00:00,7,7,0,FMN GV 10 Beerse
39,Antwerpseweg 195,2018-08-13,12:00:00,5,3,2,FMN GV 10 Beerse
39,Antwerpseweg 195,2018-08-13,13:00:00,11,6,5,FMN GV 10 Beerse
39,Antwerpseweg 195,2018-08-13,14:00:00,9,6,3,FMN GV 10 Beerse
39,Antwerpseweg 195,2018-08-13,15:00:00,10,6,4,FMN GV 10 Beerse
39,Antwerpseweg 195,2018-08-13,16:00:00,11,9,2,FMN GV 10 Beerse
39,Antwerpseweg 195,2018-08-13,17:00:00,20,13,7,FMN GV 10 Beerse
39,Antwerpseweg 195,2018-08-13,18:00:00,7,5,2,FMN GV 10 Beerse
39,Antwerpseweg 195,2018-08-13,19:00:00,7,6,1,FMN GV 10 Beerse
39,Antwerpseweg 195,2018-08-13,20:00:00,9,6,3,FMN GV 10 Beerse
39,Antwerpseweg 195,2018-08-13,21:00:00,3,1,2,FMN GV 10 Beerse
39,Antwerpseweg 195,2018-08-13,22:00:00,4,2,2,FMN GV 10 Beerse
39,Antwerpseweg 195,2018-08-13,23:00:00,0,0,0,FMN GV 10 Beerse
39,Antwerpseweg 195,2018-08-14,00:00:00,0,0,0,FMN GV 10 Beerse
39,Antwerpseweg 195,2018-08-14,01:00:00,0,0,0,FMN GV 10 Beerse
39,Antwerpseweg 195,2018-08-14,02:00:00,1,1,0,FMN GV 10 Beerse
39,Antwerpseweg 195,2018-08-14,03:00:00,0,0,0,FMN GV 10 Beerse
39,Antwerpseweg 195,2018-08-14,04:00:00,1,1,0,FMN GV 10 Beerse
39,Antwerpseweg 195,2018-08-14,05:00:00,4,4,0,FMN GV 10 Beerse
39,Antwerpseweg 195,2018-08-14,06:00:00,11,10,1,FMN GV 10 Beerse
39,Antwerpseweg 195,2018-08-14,07:00:00,13,13,0,FMN GV 10 Beerse
39,Antwerpseweg 195,2018-08-14,08:00:00,21,17,4,FMN GV 10 Beerse
39,Antwerpseweg 195,2018-08-14,09:00:00,19,16,3,FMN GV 10 Beerse
39,Antwerpseweg 195,2018-08-14,10:00:00,8,5,3,FMN GV 10 Beerse
39,Antwerpseweg 195,2018-08-14,11:00:00,21,12,9,FMN GV 10 Beerse
39,Antwerpseweg 195,2018-08-14,12:00:00,15,10,5,FMN GV 10 Beerse
39,Antwerpseweg 195,2018-08-14,13:00:00,43,27,16,FMN GV 10 Beerse
39,Antwerpseweg 195,2018-08-14,14:00:00,12,7,5,FMN GV 10 Beerse
39,Antwerpseweg 195,2018-08-14,15:00:00,18,9,9,FMN GV 10 Beerse
39,Antwerpseweg 195,2018-08-14,16:00:00,39,33,6,FMN GV 10 Beerse
39,Antwerpseweg 195,2018-08-14,17:00:00,31,22,9,FMN GV 10 Beerse
39,Antwerpseweg 195,2018-08-14,18:00:00,18,11,7,FMN GV 10 Beerse
39,Antwerpseweg 195,2018-08-14,19:00:00,15,6,9,FMN GV 10 Beerse
39,Antwerpseweg 195,2018-08-14,20:00:00,17,13,4,FMN GV 10 Beerse
39,Antwerpseweg 195,2018-08-14,21:00:00,13,11,2,FMN GV 10 Beerse
39,Antwerpseweg 195,2018-08-14,22:00:00,8,5,3,FMN GV 10 Beerse
39,Antwerpseweg 195,2018-08-14,23:00:00,0,0,0,FMN GV 10 Beerse
39,Antwerpseweg 195,2018-08-15,00:00:00,3,2,1,FMN GV 10 Beerse
39,Antwerpseweg 195,2018-08-15,01:00:00,0,0,0,FMN GV 10 Beerse
39,Antwerpseweg 195,2018-08-15,02:00:00,0,0,0,FMN GV 10 Beerse
39,Antwerpseweg 195,2018-08-15,03:00:00,0,0,0,FMN GV 10 Beerse
39,Antwerpseweg 195,2018-08-15,04:00:00,0,0,0,FMN GV 10 Beerse
39,Antwerpseweg 195,2018-08-15,05:00:00,1,1,0,FMN GV 10 Beerse
39,Antwerpseweg 195,2018-08-15,06:00:00,1,1,0,FMN GV 10 Beerse
39,Antwerpseweg 195,2018-08-15,07:00:00,2,1,1,FMN GV 10 Beerse
39,Antwerpseweg 195,2018-08-15,08:00:00,9,7,2,FMN GV 10 Beerse
39,Antwerpseweg 195,2018-08-15,09:00:00,6,4,2,FMN GV 10 Beerse
39,Antwerpseweg 195,2018-08-15,10:00:00,20,16,4,FMN GV 10 Beerse
39,Antwerpseweg 195,2018-08-15,11:00:00,18,9,9,FMN GV 10 Beerse
39,Antwerpseweg 195,2018-08-15,12:00:00,39,7,32,FMN GV 10 Beerse
39,Antwerpseweg 195,2018-08-15,13:00:00,142,26,116,FMN GV 10 Beerse
39,Antwerpseweg 195,2018-08-15,14:00:00,23,17,6,FMN GV 10 Beerse
39,Antwerpseweg 195,2018-08-15,15:00:00,39,26,13,FMN GV 10 Beerse
39,Antwerpseweg 195,2018-08-15,16:00:00,99,86,13,FMN GV 10 Beerse
39,Antwerpseweg 195,2018-08-15,17:00:00,38,31,7,FMN GV 10 Beerse
39,Antwerpseweg 195,2018-08-15,18:00:00,58,53,5,FMN GV 10 Beerse
39,Antwerpseweg 195,2018-08-15,19:00:00,39,30,9,FMN GV 10 Beerse
39,Antwerpseweg 195,2018-08-15,20:00:00,41,38,3,FMN GV 10 Beerse
39,Antwerpseweg 195,2018-08-15,21:00:00,41,35,6,FMN GV 10 Beerse
39,Antwerpseweg 195,2018-08-15,22:00:00,15,14,1,FMN GV 10 Beerse
39,Antwerpseweg 195,2018-08-15,23:00:00,6,6,0,FMN GV 10 Beerse
39,Antwerpseweg 195,2018-08-16,00:00:00,3,3,0,FMN GV 10 Beerse
39,Antwerpseweg 195,2018-08-16,01:00:00,1,1,0,FMN GV 10 Beerse
39,Antwerpseweg 195,2018-08-16,02:00:00,0,0,0,FMN GV 10 Beerse
39,Antwerpseweg 195,2018-08-16,03:00:00,0,0,0,FMN GV 10 Beerse
39,Antwerpseweg 195,2018-08-16,04:00:00,1,1,0,FMN GV 10 Beerse
39,Antwerpseweg 195,2018-08-16,05:00:00,5,4,1,FMN GV 10 Beerse
39,Antwerpseweg 195,2018-08-16,06:00:00,13,12,1,FMN GV 10 Beerse
39,Antwerpseweg 195,2018-08-16,07:00:00,27,26,1,FMN GV 10 Beerse
39,Antwerpseweg 195,2018-08-16,08:00:00,31,22,9,FMN GV 10 Beerse
39,Antwerpseweg 195,2018-08-16,09:00:00,15,11,4,FMN GV 10 Beerse
39,Antwerpseweg 195,2018-08-16,10:00:00,21,15,6,FMN GV 10 Beerse
39,Antwerpseweg 195,2018-08-16,11:00:00,9,9,0,FMN GV 10 Beerse
39,Antwerpseweg 195,2018-08-16,12:00:00,22,13,9,FMN GV 10 Beerse
39,Antwerpseweg 195,2018-08-16,13:00:00,41,29,12,FMN GV 10 Beerse
39,Antwerpseweg 195,2018-08-16,14:00:00,50,43,7,FMN GV 10 Beerse
39,Antwerpseweg 195,2018-08-16,15:00:00,40,27,13,FMN GV 10 Beerse
39,Antwerpseweg 195,2018-08-16,16:00:00,35,25,10,FMN GV 10 Beerse
39,Antwerpseweg 195,2018-08-16,17:00:00,41,28,13,FMN GV 10 Beerse
39,Antwerpseweg 195,2018-08-16,18:00:00,25,20,5,FMN GV 10 Beerse
39,Antwerpseweg 195,2018-08-16,19:00:00,21,16,5,FMN GV 10 Beerse
39,Antwerpseweg 195,2018-08-16,20:00:00,12,4,8,FMN GV 10 Beerse
39,Antwerpseweg 195,2018-08-16,21:00:00,5,4,1,FMN GV 10 Beerse
39,Antwerpseweg 195,2018-08-16,22:00:00,7,5,2,FMN GV 10 Beerse
39,Antwerpseweg 195,2018-08-16,23:00:00,1,1,0,FMN GV 10 Beerse
39,Antwerpseweg 195,2018-08-17,00:00:00,1,1,0,FMN GV 10 Beerse
39,Antwerpseweg 195,2018-08-17,01:00:00,0,0,0,FMN GV 10 Beerse
39,Antwerpseweg 195,2018-08-17,02:00:00,0,0,0,FMN GV 10 Beerse
39,Antwerpseweg 195,2018-08-17,03:00:00,0,0,0,FMN GV 10 Beerse
39,Antwerpseweg 195,2018-08-17,04:00:00,1,1,0,FMN GV 10 Beerse
39,Antwerpseweg 195,2018-08-17,05:00:00,3,2,1,FMN GV 10 Beerse
39,Antwerpseweg 195,2018-08-17,06:00:00,10,10,0,FMN GV 10 Beerse
39,Antwerpseweg 195,2018-08-17,07:00:00,26,25,1,FMN GV 10 Beerse
39,Antwerpseweg 195,2018-08-17,08:00:00,23,18,5,FMN GV 10 Beerse
39,Antwerpseweg 195,2018-08-17,09:00:00,21,17,4,FMN GV 10 Beerse
39,Antwerpseweg 195,2018-08-17,10:00:00,14,11,3,FMN GV 10 Beerse
39,Antwerpseweg 195,2018-08-17,11:00:00,18,11,7,FMN GV 10 Beerse
39,Antwerpseweg 195,2018-08-17,12:00:00,25,13,12,FMN GV 10 Beerse
39,Antwerpseweg 195,2018-08-17,13:00:00,37,19,18,FMN GV 10 Beerse
39,Antwerpseweg 195,2018-08-17,14:00:00,28,19,9,FMN GV 10 Beerse
39,Antwerpseweg 195,2018-08-17,15:00:00,32,21,11,FMN GV 10 Beerse
39,Antwerpseweg 195,2018-08-17,16:00:00,24,16,8,FMN GV 10 Beerse
39,Antwerpseweg 195,2018-08-17,17:00:00,34,19,15,FMN GV 10 Beerse
39,Antwerpseweg 195,2018-08-17,18:00:00,24,12,12,FMN GV 10 Beerse
39,Antwerpseweg 195,2018-08-17,19:00:00,32,13,19,FMN GV 10 Beerse
39,Antwerpseweg 195,2018-08-17,20:00:00,64,8,56,FMN GV 10 Beerse
39,Antwerpseweg 195,2018-08-17,21:00:00,47,3,44,FMN GV 10 Beerse
39,Antwerpseweg 195,2018-08-17,22:00:00,6,0,6,FMN GV 10 Beerse
39,Antwerpseweg 195,2018-08-17,23:00:00,13,12,1,FMN GV 10 Beerse
39,Antwerpseweg 195,2018-08-18,00:00:00,24,23,1,FMN GV 10 Beerse
39,Antwerpseweg 195,2018-08-18,01:00:00,26,26,0,FMN GV 10 Beerse
39,Antwerpseweg 195,2018-08-18,02:00:00,61,59,2,FMN GV 10 Beerse
39,Antwerpseweg 195,2018-08-18,03:00:00,38,36,2,FMN GV 10 Beerse
39,Antwerpseweg 195,2018-08-18,04:00:00,6,6,0,FMN GV 10 Beerse
39,Antwerpseweg 195,2018-08-18,05:00:00,1,1,0,FMN GV 10 Beerse
39,Antwerpseweg 195,2018-08-18,06:00:00,0,0,0,FMN GV 10 Beerse
39,Antwerpseweg 195,2018-08-18,07:00:00,0,0,0,FMN GV 10 Beerse
39,Antwerpseweg 195,2018-08-18,08:00:00,6,4,2,FMN GV 10 Beerse
39,Antwerpseweg 195,2018-08-18,09:00:00,14,6,8,FMN GV 10 Beerse
39,Antwerpseweg 195,2018-08-18,10:00:00,31,20,11,FMN GV 10 Beerse
39,Antwerpseweg 195,2018-08-18,11:00:00,57,27,30,FMN GV 10 Beerse
39,Antwerpseweg 195,2018-08-18,12:00:00,64,21,43,FMN GV 10 Beerse
39,Antwerpseweg 195,2018-08-18,13:00:00,90,55,35,FMN GV 10 Beerse
39,Antwerpseweg 195,2018-08-18,14:00:00,69,37,32,FMN GV 10 Beerse
39,Antwerpseweg 195,2018-08-18,15:00:00,58,37,21,FMN GV 10 Beerse
39,Antwerpseweg 195,2018-08-18,16:00:00,85,40,45,FMN GV 10 Beerse
39,Antwerpseweg 195,2018-08-18,17:00:00,60,55,5,FMN GV 10 Beerse
39,Antwerpseweg 195,2018-08-18,18:00:00,49,33,16,FMN GV 10 Beerse
39,Antwerpseweg 195,2018-08-18,19:00:00,47,30,17,FMN GV 10 Beerse
39,Antwerpseweg 195,2018-08-18,20:00:00,37,34,3,FMN GV 10 Beerse
39,Antwerpseweg 195,2018-08-18,21:00:00,26,14,12,FMN GV 10 Beerse
39,Antwerpseweg 195,2018-08-18,22:00:00,46,14,32,FMN GV 10 Beerse
39,Antwerpseweg 195,2018-08-18,23:00:00,28,10,18,FMN GV 10 Beerse
39,Antwerpseweg 195,2018-08-19,00:00:00,10,9,1,FMN GV 10 Beerse
39,Antwerpseweg 195,2018-08-19,01:00:00,17,15,2,FMN GV 10 Beerse
39,Antwerpseweg 195,2018-08-19,02:00:00,24,24,0,FMN GV 10 Beerse
39,Antwerpseweg 195,2018-08-19,03:00:00,53,49,4,FMN GV 10 Beerse
39,Antwerpseweg 195,2018-08-19,04:00:00,17,16,1,FMN GV 10 Beerse
39,Antwerpseweg 195,2018-08-19,05:00:00,3,3,0,FMN GV 10 Beerse
39,Antwerpseweg 195,2018-08-19,06:00:00,1,0,1,FMN GV 10 Beerse
39,Antwerpseweg 195,2018-08-19,07:00:00,8,8,0,FMN GV 10 Beerse
39,Antwerpseweg 195,2018-08-19,08:00:00,7,4,3,FMN GV 10 Beerse
39,Antwerpseweg 195,2018-08-19,09:00:00,14,6,8,FMN GV 10 Beerse
39,Antwerpseweg 195,2018-08-19,10:00:00,29,20,9,FMN GV 10 Beerse
39,Antwerpseweg 195,2018-08-19,11:00:00,31,18,13,FMN GV 10 Beerse
39,Antwerpseweg 195,2018-08-19,12:00:00,33,7,26,FMN GV 10 Beerse
39,Antwerpseweg 195,2018-08-19,13:00:00,80,18,62,FMN GV 10 Beerse
39,Antwerpseweg 195,2018-08-19,14:00:00,69,30,39,FMN GV 10 Beerse
39,Antwerpseweg 195,2018-08-19,15:00:00,89,64,25,FMN GV 10 Beerse
39,Antwerpseweg 195,2018-08-19,16:00:00,26,19,7,FMN GV 10 Beerse
39,Antwerpseweg 195,2018-08-19,17:00:00,77,67,10,FMN GV 10 Beerse
39,Antwerpseweg 195,2018-08-19,18:00:00,44,33,11,FMN GV 10 Beerse
39,Antwerpseweg 195,2018-08-19,19:00:00,41,34,7,FMN GV 10 Beerse
39,Antwerpseweg 195,2018-08-19,20:00:00,44,14,30,FMN GV 10 Beerse
39,Antwerpseweg 195,2018-08-19,21:00:00,37,18,19,FMN GV 10 Beerse
39,Antwerpseweg 195,2018-08-19,22:00:00,16,10,6,FMN GV 10 Beerse
39,Antwerpseweg 195,2018-08-19,23:00:00,6,2,4,FMN GV 10 Beerse
39,Antwerpseweg 195,2018-08-20,00:00:00,4,4,0,FMN GV 10 Beerse
39,Antwerpseweg 195,2018-08-20,01:00:00,21,21,0,FMN GV 10 Beerse
39,Antwerpseweg 195,2018-08-20,02:00:00,15,14,1,FMN GV 10 Beerse
39,Antwerpseweg 195,2018-08-20,03:00:00,26,25,1,FMN GV 10 Beerse
39,Antwerpseweg 195,2018-08-20,04:00:00,10,9,1,FMN GV 10 Beerse
39,Antwerpseweg 195,2018-08-20,05:00:00,11,11,0,FMN GV 10 Beerse
39,Antwerpseweg 195,2018-08-20,06:00:00,17,12,5,FMN GV 10 Beerse
39,Antwerpseweg 195,2018-08-20,07:00:00,31,30,1,FMN GV 10 Beerse
39,Antwerpseweg 195,2018-08-20,08:00:00,25,23,2,FMN GV 10 Beerse
39,Antwerpseweg 195,2018-08-20,09:00:00,10,7,3,FMN GV 10 Beerse
39,Antwerpseweg 195,2018-08-20,10:00:00,10,8,2,FMN GV 10 Beerse
39,Antwerpseweg 195,2018-08-20,11:00:00,12,7,5,FMN GV 10 Beerse
39,Antwerpseweg 195,2018-08-20,12:00:00,11,5,6,FMN GV 10 Beerse
39,Antwerpseweg 195,2018-08-20,13:00:00,44,33,11,FMN GV 10 Beerse
39,Antwerpseweg 195,2018-08-20,14:00:00,26,21,5,FMN GV 10 Beerse
39,Antwerpseweg 195,2018-08-20,15:00:00,38,22,16,FMN GV 10 Beerse
39,Antwerpseweg 195,2018-08-20,16:00:00,54,29,25,FMN GV 10 Beerse
39,Antwerpseweg 195,2018-08-20,17:00:00,40,25,15,FMN GV 10 Beerse
39,Antwerpseweg 195,2018-08-20,18:00:00,12,8,4,FMN GV 10 Beerse
39,Antwerpseweg 195,2018-08-20,19:00:00,23,18,5,FMN GV 10 Beerse
39,Antwerpseweg 195,2018-08-20,20:00:00,5,4,1,FMN GV 10 Beerse
39,Antwerpseweg 195,2018-08-20,21:00:00,5,5,0,FMN GV 10 Beerse
39,Antwerpseweg 195,2018-08-20,22:00:00,4,1,3,FMN GV 10 Beerse
39,Antwerpseweg 195,2018-08-20,23:00:00,0,0,0,FMN GV 10 Beerse
39,Antwerpseweg 195,2018-08-21,00:00:00,0,0,0,FMN GV 10 Beerse
39,Antwerpseweg 195,2018-08-21,01:00:00,0,0,0,FMN GV 10 Beerse
39,Antwerpseweg 195,2018-08-21,02:00:00,0,0,0,FMN GV 10 Beerse
39,Antwerpseweg 195,2018-08-21,03:00:00,0,0,0,FMN GV 10 Beerse
39,Antwerpseweg 195,2018-08-21,04:00:00,1,1,0,FMN GV 10 Beerse
39,Antwerpseweg 195,2018-08-21,05:00:00,6,6,0,FMN GV 10 Beerse
39,Antwerpseweg 195,2018-08-21,06:00:00,14,12,2,FMN GV 10 Beerse
39,Antwerpseweg 195,2018-08-21,07:00:00,37,34,3,FMN GV 10 Beerse
39,Antwerpseweg 195,2018-08-21,08:00:00,30,26,4,FMN GV 10 Beerse
39,Antwerpseweg 195,2018-08-21,09:00:00,20,14,6,FMN GV 10 Beerse
39,Antwerpseweg 195,2018-08-21,10:00:00,17,10,7,FMN GV 10 Beerse
39,Antwerpseweg 195,2018-08-21,11:00:00,28,23,5,FMN GV 10 Beerse
39,Antwerpseweg 195,2018-08-21,12:00:00,33,22,11,FMN GV 10 Beerse
39,Antwerpseweg 195,2018-08-21,13:00:00,45,21,24,FMN GV 10 Beerse
39,Antwerpseweg 195,2018-08-21,14:00:00,34,26,8,FMN GV 10 Beerse
39,Antwerpseweg 195,2018-08-21,15:00:00,62,40,22,FMN GV 10 Beerse
39,Antwerpseweg 195,2018-08-21,16:00:00,47,35,12,FMN GV 10 Beerse
39,Antwerpseweg 195,2018-08-21,17:00:00,50,35,15,FMN GV 10 Beerse
39,Antwerpseweg 195,2018-08-21,18:00:00,26,19,7,FMN GV 10 Beerse
39,Antwerpseweg 195,2018-08-21,19:00:00,27,21,6,FMN GV 10 Beerse
39,Antwerpseweg 195,2018-08-21,20:00:00,17,6,11,FMN GV 10 Beerse
39,Antwerpseweg 195,2018-08-21,21:00:00,4,3,1,FMN GV 10 Beerse
39,Antwerpseweg 195,2018-08-21,22:00:00,10,7,3,FMN GV 10 Beerse
39,Antwerpseweg 195,2018-08-21,23:00:00,2,1,1,FMN GV 10 Beerse
39,Antwerpseweg 195,2018-08-22,00:00:00,0,0,0,FMN GV 10 Beerse
39,Antwerpseweg 195,2018-08-22,01:00:00,1,1,0,FMN GV 10 Beerse
39,Antwerpseweg 195,2018-08-22,02:00:00,0,0,0,FMN GV 10 Beerse
39,Antwerpseweg 195,2018-08-22,03:00:00,0,0,0,FMN GV 10 Beerse
39,Antwerpseweg 195,2018-08-22,04:00:00,1,1,0,FMN GV 10 Beerse
39,Antwerpseweg 195,2018-08-22,05:00:00,6,6,0,FMN GV 10 Beerse
39,Antwerpseweg 195,2018-08-22,06:00:00,15,13,2,FMN GV 10 Beerse
39,Antwerpseweg 195,2018-08-22,07:00:00,40,38,2,FMN GV 10 Beerse
39,Antwerpseweg 195,2018-08-22,08:00:00,30,26,4,FMN GV 10 Beerse
39,Antwerpseweg 195,2018-08-22,09:00:00,39,36,3,FMN GV 10 Beerse
39,Antwerpseweg 195,2018-08-22,10:00:00,18,13,5,FMN GV 10 Beerse
39,Antwerpseweg 195,2018-08-22,11:00:00,23,12,11,FMN GV 10 Beerse
39,Antwerpseweg 195,2018-08-22,12:00:00,23,18,5,FMN GV 10 Beerse
39,Antwerpseweg 195,2018-08-22,13:00:00,43,34,9,FMN GV 10 Beerse
39,Antwerpseweg 195,2018-08-22,14:00:00,62,48,14,FMN GV 10 Beerse
39,Antwerpseweg 195,2018-08-22,15:00:00,52,40,12,FMN GV 10 Beerse
39,Antwerpseweg 195,2018-08-22,16:00:00,52,34,18,FMN GV 10 Beerse
39,Antwerpseweg 195,2018-08-22,17:00:00,55,43,12,FMN GV 10 Beerse
39,Antwerpseweg 195,2018-08-22,18:00:00,20,12,8,FMN GV 10 Beerse
39,Antwerpseweg 195,2018-08-22,19:00:00,26,11,15,FMN GV 10 Beerse
39,Antwerpseweg 195,2018-08-22,20:00:00,21,9,12,FMN GV 10 Beerse
39,Antwerpseweg 195,2018-08-22,21:00:00,6,4,2,FMN GV 10 Beerse
39,Antwerpseweg 195,2018-08-22,22:00:00,6,3,3,FMN GV 10 Beerse
39,Antwerpseweg 195,2018-08-22,23:00:00,2,1,1,FMN GV 10 Beerse
39,Antwerpseweg 195,2018-08-23,00:00:00,1,1,0,FMN GV 10 Beerse
39,Antwerpseweg 195,2018-08-23,01:00:00,1,1,0,FMN GV 10 Beerse
39,Antwerpseweg 195,2018-08-23,02:00:00,0,0,0,FMN GV 10 Beerse
39,Antwerpseweg 195,2018-08-23,03:00:00,0,0,0,FMN GV 10 Beerse
39,Antwerpseweg 195,2018-08-23,04:00:00,2,2,0,FMN GV 10 Beerse
39,Antwerpseweg 195,2018-08-23,05:00:00,3,3,0,FMN GV 10 Beerse
39,Antwerpseweg 195,2018-08-23,06:00:00,11,9,2,FMN GV 10 Beerse
39,Antwerpseweg 195,2018-08-23,07:00:00,27,23,4,FMN GV 10 Beerse
39,Antwerpseweg 195,2018-08-23,08:00:00,31,28,3,FMN GV 10 Beerse
39,Antwerpseweg 195,2018-08-23,09:00:00,5,4,1,FMN GV 10 Beerse
39,Antwerpseweg 195,2018-08-23,10:00:00,6,3,3,FMN GV 10 Beerse
39,Antwerpseweg 195,2018-08-23,11:00:00,15,9,6,FMN GV 10 Beerse
39,Antwerpseweg 195,2018-08-23,12:00:00,15,12,3,FMN GV 10 Beerse
39,Antwerpseweg 195,2018-08-23,13:00:00,37,15,22,FMN GV 10 Beerse
39,Antwerpseweg 195,2018-08-23,14:00:00,26,15,11,FMN GV 10 Beerse
39,Antwerpseweg 195,2018-08-23,15:00:00,40,31,9,FMN GV 10 Beerse
39,Antwerpseweg 195,2018-08-23,16:00:00,34,23,11,FMN GV 10 Beerse
39,Antwerpseweg 195,2018-08-23,17:00:00,46,31,15,FMN GV 10 Beerse
39,Antwerpseweg 195,2018-08-23,18:00:00,21,16,5,FMN GV 10 Beerse
39,Antwerpseweg 195,2018-08-23,19:00:00,23,14,9,FMN GV 10 Beerse
39,Antwerpseweg 195,2018-08-23,20:00:00,5,2,3,FMN GV 10 Beerse
39,Antwerpseweg 195,2018-08-23,21:00:00,10,7,3,FMN GV 10 Beerse
39,Antwerpseweg 195,2018-08-23,22:00:00,6,5,1,FMN GV 10 Beerse
39,Antwerpseweg 195,2018-08-23,23:00:00,8,7,1,FMN GV 10 Beerse
39,Antwerpseweg 195,2018-08-24,00:00:00,0,0,0,FMN GV 10 Beerse
39,Antwerpseweg 195,2018-08-24,01:00:00,2,2,0,FMN GV 10 Beerse
39,Antwerpseweg 195,2018-08-24,02:00:00,0,0,0,FMN GV 10 Beerse
39,Antwerpseweg 195,2018-08-24,03:00:00,1,1,0,FMN GV 10 Beerse
39,Antwerpseweg 195,2018-08-24,04:00:00,1,1,0,FMN GV 10 Beerse
39,Antwerpseweg 195,2018-08-24,05:00:00,4,3,1,FMN GV 10 Beerse
39,Antwerpseweg 195,2018-08-24,06:00:00,11,8,3,FMN GV 10 Beerse
39,Antwerpseweg 195,2018-08-24,07:00:00,24,23,1,FMN GV 10 Beerse
39,Antwerpseweg 195,2018-08-24,08:00:00,22,16,6,FMN GV 10 Beerse
39,Antwerpseweg 195,2018-08-24,09:00:00,13,7,6,FMN GV 10 Beerse
39,Antwerpseweg 195,2018-08-24,10:00:00,11,8,3,FMN GV 10 Beerse
39,Antwerpseweg 195,2018-08-24,11:00:00,21,17,4,FMN GV 10 Beerse
39,Antwerpseweg 195,2018-08-24,12:00:00,12,8,4,FMN GV 10 Beerse
39,Antwerpseweg 195,2018-08-24,13:00:00,26,15,11,FMN GV 10 Beerse
39,Antwerpseweg 195,2018-08-24,14:00:00,18,11,7,FMN GV 10 Beerse
39,Antwerpseweg 195,2018-08-24,15:00:00,27,21,6,FMN GV 10 Beerse
39,Antwerpseweg 195,2018-08-24,16:00:00,24,16,8,FMN GV 10 Beerse
39,Antwerpseweg 195,2018-08-24,17:00:00,27,12,15,FMN GV 10 Beerse
39,Antwerpseweg 195,2018-08-24,18:00:00,11,8,3,FMN GV 10 Beerse
39,Antwerpseweg 195,2018-08-24,19:00:00,5,4,1,FMN GV 10 Beerse
39,Antwerpseweg 195,2018-08-24,20:00:00,12,8,4,FMN GV 10 Beerse
39,Antwerpseweg 195,2018-08-24,21:00:00,5,3,2,FMN GV 10 Beerse
39,Antwerpseweg 195,2018-08-24,22:00:00,2,0,2,FMN GV 10 Beerse
39,Antwerpseweg 195,2018-08-24,23:00:00,2,2,0,FMN GV 10 Beerse
39,Antwerpseweg 195,2018-08-25,00:00:00,1,1,0,FMN GV 10 Beerse
39,Antwerpseweg 195,2018-08-25,01:00:00,0,0,0,FMN GV 10 Beerse
39,Antwerpseweg 195,2018-08-25,02:00:00,0,0,0,FMN GV 10 Beerse
39,Antwerpseweg 195,2018-08-25,03:00:00,0,0,0,FMN GV 10 Beerse
39,Antwerpseweg 195,2018-08-25,04:00:00,0,0,0,FMN GV 10 Beerse
39,Antwerpseweg 195,2018-08-25,05:00:00,0,0,0,FMN GV 10 Beerse
39,Antwerpseweg 195,2018-08-25,06:00:00,1,1,0,FMN GV 10 Beerse
39,Antwerpseweg 195,2018-08-25,07:00:00,0,0,0,FMN GV 10 Beerse
39,Antwerpseweg 195,2018-08-25,08:00:00,1,1,0,FMN GV 10 Beerse
39,Antwerpseweg 195,2018-08-25,09:00:00,2,1,1,FMN GV 10 Beerse
39,Antwerpseweg 195,2018-08-25,10:00:00,1,1,0,FMN GV 10 Beerse
39,Antwerpseweg 195,2018-08-25,11:00:00,9,6,3,FMN GV 10 Beerse
39,Antwerpseweg 195,2018-08-25,12:00:00,5,2,3,FMN GV 10 Beerse
39,Antwerpseweg 195,2018-08-25,13:00:00,15,12,3,FMN GV 10 Beerse
39,Antwerpseweg 195,2018-08-25,14:00:00,4,3,1,FMN GV 10 Beerse
39,Antwerpseweg 195,2018-08-25,15:00:00,2,1,1,FMN GV 10 Beerse
39,Antwerpseweg 195,2018-08-25,16:00:00,2,0,2,FMN GV 10 Beerse
39,Antwerpseweg 195,2018-08-25,17:00:00,3,1,2,FMN GV 10 Beerse
39,Antwerpseweg 195,2018-08-25,18:00:00,3,2,1,FMN GV 10 Beerse
39,Antwerpseweg 195,2018-08-25,19:00:00,8,7,1,FMN GV 10 Beerse
39,Antwerpseweg 195,2018-08-25,20:00:00,3,3,0,FMN GV 10 Beerse
39,Antwerpseweg 195,2018-08-25,21:00:00,4,2,2,FMN GV 10 Beerse
39,Antwerpseweg 195,2018-08-25,22:00:00,2,1,1,FMN GV 10 Beerse
39,Antwerpseweg 195,2018-08-25,23:00:00,0,0,0,FMN GV 10 Beerse
39,Antwerpseweg 195,2018-08-26,00:00:00,1,1,0,FMN GV 10 Beerse
39,Antwerpseweg 195,2018-08-26,01:00:00,0,0,0,FMN GV 10 Beerse
39,Antwerpseweg 195,2018-08-26,02:00:00,4,1,3,FMN GV 10 Beerse
39,Antwerpseweg 195,2018-08-26,03:00:00,3,3,0,FMN GV 10 Beerse
39,Antwerpseweg 195,2018-08-26,04:00:00,2,2,0,FMN GV 10 Beerse
39,Antwerpseweg 195,2018-08-26,05:00:00,0,0,0,FMN GV 10 Beerse
39,Antwerpseweg 195,2018-08-26,06:00:00,0,0,0,FMN GV 10 Beerse
39,Antwerpseweg 195,2018-08-26,07:00:00,2,2,0,FMN GV 10 Beerse
39,Antwerpseweg 195,2018-08-26,08:00:00,8,4,4,FMN GV 10 Beerse
39,Antwerpseweg 195,2018-08-26,09:00:00,8,4,4,FMN GV 10 Beerse
39,Antwerpseweg 195,2018-08-26,10:00:00,18,6,12,FMN GV 10 Beerse
39,Antwerpseweg 195,2018-08-26,11:00:00,22,11,11,FMN GV 10 Beerse
39,Antwerpseweg 195,2018-08-26,12:00:00,14,11,3,FMN GV 10 Beerse
39,Antwerpseweg 195,2018-08-26,13:00:00,19,7,12,FMN GV 10 Beerse
39,Antwerpseweg 195,2018-08-26,14:00:00,34,25,9,FMN GV 10 Beerse
39,Antwerpseweg 195,2018-08-26,15:00:00,38,30,8,FMN GV 10 Beerse
39,Antwerpseweg 195,2018-08-26,16:00:00,32,13,19,FMN GV 10 Beerse
39,Antwerpseweg 195,2018-08-26,17:00:00,24,14,10,FMN GV 10 Beerse
39,Antwerpseweg 195,2018-08-26,18:00:00,10,6,4,FMN GV 10 Beerse
39,Antwerpseweg 195,2018-08-26,19:00:00,0,0,0,FMN GV 10 Beerse
39,Antwerpseweg 195,2018-08-26,20:00:00,3,3,0,FMN GV 10 Beerse
39,Antwerpseweg 195,2018-08-26,21:00:00,1,1,0,FMN GV 10 Beerse
39,Antwerpseweg 195,2018-08-26,22:00:00,3,3,0,FMN GV 10 Beerse
39,Antwerpseweg 195,2018-08-26,23:00:00,1,1,0,FMN GV 10 Beerse
39,Antwerpseweg 195,2018-08-27,00:00:00,0,0,0,FMN GV 10 Beerse
39,Antwerpseweg 195,2018-08-27,01:00:00,0,0,0,FMN GV 10 Beerse
39,Antwerpseweg 195,2018-08-27,02:00:00,0,0,0,FMN GV 10 Beerse
39,Antwerpseweg 195,2018-08-27,03:00:00,0,0,0,FMN GV 10 Beerse
39,Antwerpseweg 195,2018-08-27,04:00:00,2,2,0,FMN GV 10 Beerse
39,Antwerpseweg 195,2018-08-27,05:00:00,5,5,0,FMN GV 10 Beerse
39,Antwerpseweg 195,2018-08-27,06:00:00,6,3,3,FMN GV 10 Beerse
39,Antwerpseweg 195,2018-08-27,07:00:00,17,17,0,FMN GV 10 Beerse
39,Antwerpseweg 195,2018-08-27,08:00:00,16,15,1,FMN GV 10 Beerse
39,Antwerpseweg 195,2018-08-27,09:00:00,9,7,2,FMN GV 10 Beerse
39,Antwerpseweg 195,2018-08-27,10:00:00,10,7,3,FMN GV 10 Beerse
39,Antwerpseweg 195,2018-08-27,11:00:00,12,11,1,FMN GV 10 Beerse
39,Antwerpseweg 195,2018-08-27,12:00:00,13,7,6,FMN GV 10 Beerse
39,Antwerpseweg 195,2018-08-27,13:00:00,36,22,14,FMN GV 10 Beerse
39,Antwerpseweg 195,2018-08-27,14:00:00,29,17,12,FMN GV 10 Beerse
39,Antwerpseweg 195,2018-08-27,15:00:00,19,15,4,FMN GV 10 Beerse
39,Antwerpseweg 195,2018-08-27,16:00:00,29,21,8,FMN GV 10 Beerse
39,Antwerpseweg 195,2018-08-27,17:00:00,25,16,9,FMN GV 10 Beerse
39,Antwerpseweg 195,2018-08-27,18:00:00,16,6,10,FMN GV 10 Beerse
39,Antwerpseweg 195,2018-08-27,19:00:00,10,7,3,FMN GV 10 Beerse
39,Antwerpseweg 195,2018-08-27,20:00:00,10,7,3,FMN GV 10 Beerse
39,Antwerpseweg 195,2018-08-27,21:00:00,5,5,0,FMN GV 10 Beerse
39,Antwerpseweg 195,2018-08-27,22:00:00,2,2,0,FMN GV 10 Beerse
39,Antwerpseweg 195,2018-08-27,23:00:00,1,1,0,FMN GV 10 Beerse
39,Antwerpseweg 195,2018-08-28,00:00:00,0,0,0,FMN GV 10 Beerse
39,Antwerpseweg 195,2018-08-28,01:00:00,0,0,0,FMN GV 10 Beerse
39,Antwerpseweg 195,2018-08-28,02:00:00,0,0,0,FMN GV 10 Beerse
39,Antwerpseweg 195,2018-08-28,03:00:00,0,0,0,FMN GV 10 Beerse
39,Antwerpseweg 195,2018-08-28,04:00:00,1,1,0,FMN GV 10 Beerse
39,Antwerpseweg 195,2018-08-28,05:00:00,8,8,0,FMN GV 10 Beerse
39,Antwerpseweg 195,2018-08-28,06:00:00,8,6,2,FMN GV 10 Beerse
39,Antwerpseweg 195,2018-08-28,07:00:00,36,34,2,FMN GV 10 Beerse
39,Antwerpseweg 195,2018-08-28,08:00:00,24,18,6,FMN GV 10 Beerse
39,Antwerpseweg 195,2018-08-28,09:00:00,15,10,5,FMN GV 10 Beerse
39,Antwerpseweg 195,2018-08-28,10:00:00,21,12,9,FMN GV 10 Beerse
39,Antwerpseweg 195,2018-08-28,11:00:00,20,16,4,FMN GV 10 Beerse
39,Antwerpseweg 195,2018-08-28,12:00:00,23,17,6,FMN GV 10 Beerse
39,Antwerpseweg 195,2018-08-28,13:00:00,37,27,10,FMN GV 10 Beerse
39,Antwerpseweg 195,2018-08-28,14:00:00,49,26,23,FMN GV 10 Beerse
39,Antwerpseweg 195,2018-08-28,15:00:00,22,14,8,FMN GV 10 Beerse
39,Antwerpseweg 195,2018-08-28,16:00:00,70,57,13,FMN GV 10 Beerse
39,Antwerpseweg 195,2018-08-28,17:00:00,50,32,18,FMN GV 10 Beerse
39,Antwerpseweg 195,2018-08-28,18:00:00,20,18,2,FMN GV 10 Beerse
39,Antwerpseweg 195,2018-08-28,19:00:00,26,16,10,FMN GV 10 Beerse
39,Antwerpseweg 195,2018-08-28,20:00:00,13,9,4,FMN GV 10 Beerse
39,Antwerpseweg 195,2018-08-28,21:00:00,2,2,0,FMN GV 10 Beerse
39,Antwerpseweg 195,2018-08-28,22:00:00,2,2,0,FMN GV 10 Beerse
39,Antwerpseweg 195,2018-08-28,23:00:00,0,0,0,FMN GV 10 Beerse
39,Antwerpseweg 195,2018-08-29,00:00:00,0,0,0,FMN GV 10 Beerse
39,Antwerpseweg 195,2018-08-29,01:00:00,0,0,0,FMN GV 10 Beerse
39,Antwerpseweg 195,2018-08-29,02:00:00,0,0,0,FMN GV 10 Beerse
39,Antwerpseweg 195,2018-08-29,03:00:00,0,0,0,FMN GV 10 Beerse
39,Antwerpseweg 195,2018-08-29,04:00:00,2,2,0,FMN GV 10 Beerse
39,Antwerpseweg 195,2018-08-29,05:00:00,4,4,0,FMN GV 10 Beerse
39,Antwerpseweg 195,2018-08-29,06:00:00,13,10,3,FMN GV 10 Beerse
39,Antwerpseweg 195,2018-08-29,07:00:00,22,20,2,FMN GV 10 Beerse
39,Antwerpseweg 195,2018-08-29,08:00:00,24,16,8,FMN GV 10 Beerse
39,Antwerpseweg 195,2018-08-29,09:00:00,8,6,2,FMN GV 10 Beerse
39,Antwerpseweg 195,2018-08-29,10:00:00,6,4,2,FMN GV 10 Beerse
39,Antwerpseweg 195,2018-08-29,11:00:00,11,7,4,FMN GV 10 Beerse
39,Antwerpseweg 195,2018-08-29,12:00:00,6,4,2,FMN GV 10 Beerse
39,Antwerpseweg 195,2018-08-29,13:00:00,19,11,8,FMN GV 10 Beerse
39,Antwerpseweg 195,2018-08-29,14:00:00,14,8,6,FMN GV 10 Beerse
39,Antwerpseweg 195,2018-08-29,15:00:00,4,2,2,FMN GV 10 Beerse
39,Antwerpseweg 195,2018-08-29,16:00:00,22,15,7,FMN GV 10 Beerse
39,Antwerpseweg 195,2018-08-29,17:00:00,16,12,4,FMN GV 10 Beerse
39,Antwerpseweg 195,2018-08-29,18:00:00,9,8,1,FMN GV 10 Beerse
39,Antwerpseweg 195,2018-08-29,19:00:00,13,9,4,FMN GV 10 Beerse
39,Antwerpseweg 195,2018-08-29,20:00:00,3,2,1,FMN GV 10 Beerse
39,Antwerpseweg 195,2018-08-29,21:00:00,2,1,1,FMN GV 10 Beerse
39,Antwerpseweg 195,2018-08-29,22:00:00,2,2,0,FMN GV 10 Beerse
39,Antwerpseweg 195,2018-08-29,23:00:00,0,0,0,FMN GV 10 Beerse
39,Antwerpseweg 195,2018-08-30,00:00:00,0,0,0,FMN GV 10 Beerse
39,Antwerpseweg 195,2018-08-30,01:00:00,0,0,0,FMN GV 10 Beerse
39,Antwerpseweg 195,2018-08-30,02:00:00,0,0,0,FMN GV 10 Beerse
39,Antwerpseweg 195,2018-08-30,03:00:00,0,0,0,FMN GV 10 Beerse
39,Antwerpseweg 195,2018-08-30,04:00:00,1,1,0,FMN GV 10 Beerse
39,Antwerpseweg 195,2018-08-30,05:00:00,5,5,0,FMN GV 10 Beerse
39,Antwerpseweg 195,2018-08-30,06:00:00,7,6,1,FMN GV 10 Beerse
39,Antwerpseweg 195,2018-08-30,07:00:00,27,24,3,FMN GV 10 Beerse
39,Antwerpseweg 195,2018-08-30,08:00:00,26,20,6,FMN GV 10 Beerse
39,Antwerpseweg 195,2018-08-30,09:00:00,18,15,3,FMN GV 10 Beerse
39,Antwerpseweg 195,2018-08-30,10:00:00,20,12,8,FMN GV 10 Beerse
39,Antwerpseweg 195,2018-08-30,11:00:00,15,13,2,FMN GV 10 Beerse
39,Antwerpseweg 195,2018-08-30,12:00:00,23,13,10,FMN GV 10 Beerse
39,Antwerpseweg 195,2018-08-30,13:00:00,34,23,11,FMN GV 10 Beerse
39,Antwerpseweg 195,2018-08-30,14:00:00,37,24,13,FMN GV 10 Beerse
39,Antwerpseweg 195,2018-08-30,15:00:00,22,13,9,FMN GV 10 Beerse
39,Antwerpseweg 195,2018-08-30,16:00:00,44,31,13,FMN GV 10 Beerse
39,Antwerpseweg 195,2018-08-30,17:00:00,35,26,9,FMN GV 10 Beerse
39,Antwerpseweg 195,2018-08-30,18:00:00,23,14,9,FMN GV 10 Beerse
39,Antwerpseweg 195,2018-08-30,19:00:00,15,10,5,FMN GV 10 Beerse
39,Antwerpseweg 195,2018-08-30,20:00:00,8,6,2,FMN GV 10 Beerse
39,Antwerpseweg 195,2018-08-30,21:00:00,8,6,2,FMN GV 10 Beerse
39,Antwerpseweg 195,2018-08-30,22:00:00,5,2,3,FMN GV 10 Beerse
39,Antwerpseweg 195,2018-08-30,23:00:00,3,3,0,FMN GV 10 Beerse
39,Antwerpseweg 195,2018-08-31,00:00:00,0,0,0,FMN GV 10 Beerse
39,Antwerpseweg 195,2018-08-31,01:00:00,0,0,0,FMN GV 10 Beerse
39,Antwerpseweg 195,2018-08-31,02:00:00,0,0,0,FMN GV 10 Beerse
39,Antwerpseweg 195,2018-08-31,03:00:00,0,0,0,FMN GV 10 Beerse
39,Antwerpseweg 195,2018-08-31,04:00:00,1,1,0,FMN GV 10 Beerse
39,Antwerpseweg 195,2018-08-31,05:00:00,4,3,1,FMN GV 10 Beerse
39,Antwerpseweg 195,2018-08-31,06:00:00,8,6,2,FMN GV 10 Beerse
39,Antwerpseweg 195,2018-08-31,07:00:00,30,27,3,FMN GV 10 Beerse
39,Antwerpseweg 195,2018-08-31,08:00:00,29,21,8,FMN GV 10 Beerse
39,Antwerpseweg 195,2018-08-31,09:00:00,8,7,1,FMN GV 10 Beerse
39,Antwerpseweg 195,2018-08-31,10:00:00,7,5,2,FMN GV 10 Beerse
39,Antwerpseweg 195,2018-08-31,11:00:00,21,13,8,FMN GV 10 Beerse
39,Antwerpseweg 195,2018-08-31,12:00:00,24,18,6,FMN GV 10 Beerse
39,Antwerpseweg 195,2018-08-31,13:00:00,44,34,10,FMN GV 10 Beerse
39,Antwerpseweg 195,2018-08-31,14:00:00,36,28,8,FMN GV 10 Beerse
39,Antwerpseweg 195,2018-08-31,15:00:00,28,20,8,FMN GV 10 Beerse
39,Antwerpseweg 195,2018-08-31,16:00:00,28,17,11,FMN GV 10 Beerse
39,Antwerpseweg 195,2018-08-31,17:00:00,35,23,12,FMN GV 10 Beerse
39,Antwerpseweg 195,2018-08-31,18:00:00,19,10,9,FMN GV 10 Beerse
39,Antwerpseweg 195,2018-08-31,19:00:00,10,5,5,FMN GV 10 Beerse
39,Antwerpseweg 195,2018-08-31,20:00:00,13,7,6,FMN GV 10 Beerse
39,Antwerpseweg 195,2018-08-31,21:00:00,6,6,0,FMN GV 10 Beerse
39,Antwerpseweg 195,2018-08-31,22:00:00,7,5,2,FMN GV 10 Beerse
39,Antwerpseweg 195,2018-08-31,23:00:00,2,2,0,FMN GV 10 Beerse
39,Antwerpseweg 195,2018-09-01,00:00:00,2,2,0,FMN GV 10 Beerse
39,Antwerpseweg 195,2018-09-01,01:00:00,4,4,0,FMN GV 10 Beerse
39,Antwerpseweg 195,2018-09-01,02:00:00,3,0,3,FMN GV 10 Beerse
39,Antwerpseweg 195,2018-09-01,03:00:00,0,0,0,FMN GV 10 Beerse
39,Antwerpseweg 195,2018-09-01,04:00:00,0,0,0,FMN GV 10 Beerse
39,Antwerpseweg 195,2018-09-01,05:00:00,0,0,0,FMN GV 10 Beerse
39,Antwerpseweg 195,2018-09-01,06:00:00,0,0,0,FMN GV 10 Beerse
39,Antwerpseweg 195,2018-09-01,07:00:00,1,1,0,FMN GV 10 Beerse
39,Antwerpseweg 195,2018-09-01,08:00:00,8,6,2,FMN GV 10 Beerse
39,Antwerpseweg 195,2018-09-01,09:00:00,8,4,4,FMN GV 10 Beerse
39,Antwerpseweg 195,2018-09-01,10:00:00,8,2,6,FMN GV 10 Beerse
39,Antwerpseweg 195,2018-09-01,11:00:00,18,13,5,FMN GV 10 Beerse
39,Antwerpseweg 195,2018-09-01,12:00:00,24,16,8,FMN GV 10 Beerse
39,Antwerpseweg 195,2018-09-01,13:00:00,20,17,3,FMN GV 10 Beerse
39,Antwerpseweg 195,2018-09-01,14:00:00,39,25,14,FMN GV 10 Beerse
39,Antwerpseweg 195,2018-09-01,15:00:00,34,16,18,FMN GV 10 Beerse
39,Antwerpseweg 195,2018-09-01,16:00:00,35,22,13,FMN GV 10 Beerse
39,Antwerpseweg 195,2018-09-01,17:00:00,11,5,6,FMN GV 10 Beerse
39,Antwerpseweg 195,2018-09-01,18:00:00,17,8,9,FMN GV 10 Beerse
39,Antwerpseweg 195,2018-09-01,19:00:00,14,11,3,FMN GV 10 Beerse
39,Antwerpseweg 195,2018-09-01,20:00:00,4,4,0,FMN GV 10 Beerse
39,Antwerpseweg 195,2018-09-01,21:00:00,8,7,1,FMN GV 10 Beerse
39,Antwerpseweg 195,2018-09-01,22:00:00,2,1,1,FMN GV 10 Beerse
39,Antwerpseweg 195,2018-09-01,23:00:00,4,1,3,FMN GV 10 Beerse
39,Antwerpseweg 195,2018-09-02,00:00:00,1,0,1,FMN GV 10 Beerse
39,Antwerpseweg 195,2018-09-02,01:00:00,0,0,0,FMN GV 10 Beerse
39,Antwerpseweg 195,2018-09-02,02:00:00,3,1,2,FMN GV 10 Beerse
39,Antwerpseweg 195,2018-09-02,03:00:00,2,2,0,FMN GV 10 Beerse
39,Antwerpseweg 195,2018-09-02,04:00:00,0,0,0,FMN GV 10 Beerse
39,Antwerpseweg 195,2018-09-02,05:00:00,1,1,0,FMN GV 10 Beerse
39,Antwerpseweg 195,2018-09-02,06:00:00,1,1,0,FMN GV 10 Beerse
39,Antwerpseweg 195,2018-09-02,07:00:00,5,5,0,FMN GV 10 Beerse
39,Antwerpseweg 195,2018-09-02,08:00:00,12,8,4,FMN GV 10 Beerse
39,Antwerpseweg 195,2018-09-02,09:00:00,12,7,5,FMN GV 10 Beerse
39,Antwerpseweg 195,2018-09-02,10:00:00,21,11,10,FMN GV 10 Beerse
39,Antwerpseweg 195,2018-09-02,11:00:00,28,18,10,FMN GV 10 Beerse
39,Antwerpseweg 195,2018-09-02,12:00:00,35,15,20,FMN GV 10 Beerse
39,Antwerpseweg 195,2018-09-02,13:00:00,54,32,22,FMN GV 10 Beerse
39,Antwerpseweg 195,2018-09-02,14:00:00,54,39,15,FMN GV 10 Beerse
39,Antwerpseweg 195,2018-09-02,15:00:00,66,40,26,FMN GV 10 Beerse
39,Antwerpseweg 195,2018-09-02,16:00:00,33,19,14,FMN GV 10 Beerse
39,Antwerpseweg 195,2018-09-02,17:00:00,35,29,6,FMN GV 10 Beerse
39,Antwerpseweg 195,2018-09-02,18:00:00,22,12,10,FMN GV 10 Beerse
39,Antwerpseweg 195,2018-09-02,19:00:00,14,9,5,FMN GV 10 Beerse
39,Antwerpseweg 195,2018-09-02,20:00:00,9,4,5,FMN GV 10 Beerse
39,Antwerpseweg 195,2018-09-02,21:00:00,8,7,1,FMN GV 10 Beerse
39,Antwerpseweg 195,2018-09-02,22:00:00,0,0,0,FMN GV 10 Beerse
39,Antwerpseweg 195,2018-09-02,23:00:00,0,0,0,FMN GV 10 Beerse
39,Antwerpseweg 195,2018-09-03,00:00:00,1,0,1,FMN GV 10 Beerse
39,Antwerpseweg 195,2018-09-03,01:00:00,1,1,0,FMN GV 10 Beerse
39,Antwerpseweg 195,2018-09-03,02:00:00,0,0,0,FMN GV 10 Beerse
39,Antwerpseweg 195,2018-09-03,03:00:00,0,0,0,FMN GV 10 Beerse
39,Antwerpseweg 195,2018-09-03,04:00:00,0,0,0,FMN GV 10 Beerse
39,Antwerpseweg 195,2018-09-03,05:00:00,6,6,0,FMN GV 10 Beerse
39,Antwerpseweg 195,2018-09-03,06:00:00,12,8,4,FMN GV 10 Beerse
39,Antwerpseweg 195,2018-09-03,07:00:00,51,43,8,FMN GV 10 Beerse
39,Antwerpseweg 195,2018-09-03,08:00:00,37,27,10,FMN GV 10 Beerse
39,Antwerpseweg 195,2018-09-03,09:00:00,14,12,2,FMN GV 10 Beerse
39,Antwerpseweg 195,2018-09-03,10:00:00,11,9,2,FMN GV 10 Beerse
39,Antwerpseweg 195,2018-09-03,11:00:00,8,5,3,FMN GV 10 Beerse
39,Antwerpseweg 195,2018-09-03,12:00:00,31,23,8,FMN GV 10 Beerse
39,Antwerpseweg 195,2018-09-03,13:00:00,31,29,2,FMN GV 10 Beerse
39,Antwerpseweg 195,2018-09-03,14:00:00,23,12,11,FMN GV 10 Beerse
39,Antwerpseweg 195,2018-09-03,15:00:00,37,24,13,FMN GV 10 Beerse
39,Antwerpseweg 195,2018-09-03,16:00:00,81,64,17,FMN GV 10 Beerse
39,Antwerpseweg 195,2018-09-03,17:00:00,42,31,11,FMN GV 10 Beerse
39,Antwerpseweg 195,2018-09-03,18:00:00,14,10,4,FMN GV 10 Beerse
39,Antwerpseweg 195,2018-09-03,19:00:00,13,9,4,FMN GV 10 Beerse
39,Antwerpseweg 195,2018-09-03,20:00:00,5,2,3,FMN GV 10 Beerse
39,Antwerpseweg 195,2018-09-03,21:00:00,6,3,3,FMN GV 10 Beerse
39,Antwerpseweg 195,2018-09-03,22:00:00,5,2,3,FMN GV 10 Beerse
39,Antwerpseweg 195,2018-09-03,23:00:00,0,0,0,FMN GV 10 Beerse
39,Antwerpseweg 195,2018-09-04,00:00:00,0,0,0,FMN GV 10 Beerse
39,Antwerpseweg 195,2018-09-04,01:00:00,0,0,0,FMN GV 10 Beerse
39,Antwerpseweg 195,2018-09-04,02:00:00,0,0,0,FMN GV 10 Beerse
39,Antwerpseweg 195,2018-09-04,03:00:00,0,0,0,FMN GV 10 Beerse
39,Antwerpseweg 195,2018-09-04,04:00:00,0,0,0,FMN GV 10 Beerse
39,Antwerpseweg 195,2018-09-04,05:00:00,8,6,2,FMN GV 10 Beerse
39,Antwerpseweg 195,2018-09-04,06:00:00,10,7,3,FMN GV 10 Beerse
39,Antwerpseweg 195,2018-09-04,07:00:00,48,40,8,FMN GV 10 Beerse
39,Antwerpseweg 195,2018-09-04,08:00:00,23,16,7,FMN GV 10 Beerse
39,Antwerpseweg 195,2018-09-04,09:00:00,18,14,4,FMN GV 10 Beerse
39,Antwerpseweg 195,2018-09-04,10:00:00,5,5,0,FMN GV 10 Beerse
39,Antwerpseweg 195,2018-09-04,11:00:00,9,8,1,FMN GV 10 Beerse
39,Antwerpseweg 195,2018-09-04,12:00:00,17,12,5,FMN GV 10 Beerse
39,Antwerpseweg 195,2018-09-04,13:00:00,31,23,8,FMN GV 10 Beerse
39,Antwerpseweg 195,2018-09-04,14:00:00,27,18,9,FMN GV 10 Beerse
39,Antwerpseweg 195,2018-09-04,15:00:00,41,28,13,FMN GV 10 Beerse
39,Antwerpseweg 195,2018-09-04,16:00:00,103,63,40,FMN GV 10 Beerse
39,Antwerpseweg 195,2018-09-04,17:00:00,45,21,24,FMN GV 10 Beerse
39,Antwerpseweg 195,2018-09-04,18:00:00,24,19,5,FMN GV 10 Beerse
39,Antwerpseweg 195,2018-09-04,19:00:00,19,14,5,FMN GV 10 Beerse
39,Antwerpseweg 195,2018-09-04,20:00:00,9,3,6,FMN GV 10 Beerse
39,Antwerpseweg 195,2018-09-04,21:00:00,3,3,0,FMN GV 10 Beerse
39,Antwerpseweg 195,2018-09-04,22:00:00,6,4,2,FMN GV 10 Beerse
39,Antwerpseweg 195,2018-09-04,23:00:00,1,0,1,FMN GV 10 Beerse
39,Antwerpseweg 195,2018-09-05,00:00:00,0,0,0,FMN GV 10 Beerse
39,Antwerpseweg 195,2018-09-05,01:00:00,0,0,0,FMN GV 10 Beerse
39,Antwerpseweg 195,2018-09-05,02:00:00,0,0,0,FMN GV 10 Beerse
39,Antwerpseweg 195,2018-09-05,03:00:00,0,0,0,FMN GV 10 Beerse
39,Antwerpseweg 195,2018-09-05,04:00:00,0,0,0,FMN GV 10 Beerse
39,Antwerpseweg 195,2018-09-05,05:00:00,0,0,0,FMN GV 10 Beerse
39,Antwerpseweg 195,2018-09-05,06:00:00,14,9,5,FMN GV 10 Beerse
39,Antwerpseweg 195,2018-09-05,07:00:00,47,36,11,FMN GV 10 Beerse
39,Antwerpseweg 195,2018-09-05,08:00:00,22,20,2,FMN GV 10 Beerse
39,Antwerpseweg 195,2018-09-05,09:00:00,15,12,3,FMN GV 10 Beerse
39,Antwerpseweg 195,2018-09-05,10:00:00,13,10,3,FMN GV 10 Beerse
39,Antwerpseweg 195,2018-09-05,11:00:00,9,6,3,FMN GV 10 Beerse
39,Antwerpseweg 195,2018-09-05,12:00:00,60,53,7,FMN GV 10 Beerse
39,Antwerpseweg 195,2018-09-05,13:00:00,23,11,12,FMN GV 10 Beerse
39,Antwerpseweg 195,2018-09-05,14:00:00,30,25,5,FMN GV 10 Beerse
39,Antwerpseweg 195,2018-09-05,15:00:00,36,23,13,FMN GV 10 Beerse
39,Antwerpseweg 195,2018-09-05,16:00:00,29,19,10,FMN GV 10 Beerse
39,Antwerpseweg 195,2018-09-05,17:00:00,35,19,16,FMN GV 10 Beerse
39,Antwerpseweg 195,2018-09-05,18:00:00,12,9,3,FMN GV 10 Beerse
39,Antwerpseweg 195,2018-09-05,19:00:00,39,28,11,FMN GV 10 Beerse
39,Antwerpseweg 195,2018-09-05,20:00:00,9,4,5,FMN GV 10 Beerse
39,Antwerpseweg 195,2018-09-05,21:00:00,6,3,3,FMN GV 10 Beerse
39,Antwerpseweg 195,2018-09-05,22:00:00,4,4,0,FMN GV 10 Beerse
39,Antwerpseweg 195,2018-09-05,23:00:00,0,0,0,FMN GV 10 Beerse
39,Antwerpseweg 195,2018-09-06,00:00:00,1,1,0,FMN GV 10 Beerse
39,Antwerpseweg 195,2018-09-06,01:00:00,0,0,0,FMN GV 10 Beerse
39,Antwerpseweg 195,2018-09-06,02:00:00,0,0,0,FMN GV 10 Beerse
39,Antwerpseweg 195,2018-09-06,03:00:00,0,0,0,FMN GV 10 Beerse
39,Antwerpseweg 195,2018-09-06,04:00:00,0,0,0,FMN GV 10 Beerse
39,Antwerpseweg 195,2018-09-06,05:00:00,5,5,0,FMN GV 10 Beerse
39,Antwerpseweg 195,2018-09-06,06:00:00,9,8,1,FMN GV 10 Beerse
39,Antwerpseweg 195,2018-09-06,07:00:00,38,33,5,FMN GV 10 Beerse
39,Antwerpseweg 195,2018-09-06,08:00:00,27,20,7,FMN GV 10 Beerse
39,Antwerpseweg 195,2018-09-06,09:00:00,15,13,2,FMN GV 10 Beerse
39,Antwerpseweg 195,2018-09-06,10:00:00,10,4,6,FMN GV 10 Beerse
39,Antwerpseweg 195,2018-09-06,11:00:00,8,5,3,FMN GV 10 Beerse
39,Antwerpseweg 195,2018-09-06,12:00:00,14,7,7,FMN GV 10 Beerse
39,Antwerpseweg 195,2018-09-06,13:00:00,23,12,11,FMN GV 10 Beerse
39,Antwerpseweg 195,2018-09-06,14:00:00,16,12,4,FMN GV 10 Beerse
39,Antwerpseweg 195,2018-09-06,15:00:00,20,10,10,FMN GV 10 Beerse
39,Antwerpseweg 195,2018-09-06,16:00:00,66,47,19,FMN GV 10 Beerse
39,Antwerpseweg 195,2018-09-06,17:00:00,26,17,9,FMN GV 10 Beerse
39,Antwerpseweg 195,2018-09-06,18:00:00,16,8,8,FMN GV 10 Beerse
39,Antwerpseweg 195,2018-09-06,19:00:00,15,10,5,FMN GV 10 Beerse
39,Antwerpseweg 195,2018-09-06,20:00:00,8,3,5,FMN GV 10 Beerse
39,Antwerpseweg 195,2018-09-06,21:00:00,6,5,1,FMN GV 10 Beerse
39,Antwerpseweg 195,2018-09-06,22:00:00,8,5,3,FMN GV 10 Beerse
39,Antwerpseweg 195,2018-09-06,23:00:00,5,4,1,FMN GV 10 Beerse
39,Antwerpseweg 195,2018-09-07,00:00:00,0,0,0,FMN GV 10 Beerse
39,Antwerpseweg 195,2018-09-07,01:00:00,1,1,0,FMN GV 10 Beerse
39,Antwerpseweg 195,2018-09-07,02:00:00,0,0,0,FMN GV 10 Beerse
39,Antwerpseweg 195,2018-09-07,03:00:00,0,0,0,FMN GV 10 Beerse
39,Antwerpseweg 195,2018-09-07,04:00:00,2,2,0,FMN GV 10 Beerse
39,Antwerpseweg 195,2018-09-07,05:00:00,3,3,0,FMN GV 10 Beerse
39,Antwerpseweg 195,2018-09-07,06:00:00,6,4,2,FMN GV 10 Beerse
39,Antwerpseweg 195,2018-09-07,07:00:00,35,28,7,FMN GV 10 Beerse
39,Antwerpseweg 195,2018-09-07,08:00:00,22,16,6,FMN GV 10 Beerse
39,Antwerpseweg 195,2018-09-07,09:00:00,153,138,15,FMN GV 10 Beerse
39,Antwerpseweg 195,2018-09-07,10:00:00,6,3,3,FMN GV 10 Beerse
39,Antwerpseweg 195,2018-09-07,11:00:00,14,9,5,FMN GV 10 Beerse
39,Antwerpseweg 195,2018-09-07,12:00:00,11,7,4,FMN GV 10 Beerse
39,Antwerpseweg 195,2018-09-07,13:00:00,13,8,5,FMN GV 10 Beerse
39,Antwerpseweg 195,2018-09-07,14:00:00,20,15,5,FMN GV 10 Beerse
39,Antwerpseweg 195,2018-09-07,15:00:00,32,23,9,FMN GV 10 Beerse
39,Antwerpseweg 195,2018-09-07,16:00:00,45,31,14,FMN GV 10 Beerse
39,Antwerpseweg 195,2018-09-07,17:00:00,28,16,12,FMN GV 10 Beerse
39,Antwerpseweg 195,2018-09-07,18:00:00,16,13,3,FMN GV 10 Beerse
39,Antwerpseweg 195,2018-09-07,19:00:00,13,8,5,FMN GV 10 Beerse
39,Antwerpseweg 195,2018-09-07,20:00:00,8,5,3,FMN GV 10 Beerse
39,Antwerpseweg 195,2018-09-07,21:00:00,9,4,5,FMN GV 10 Beerse
39,Antwerpseweg 195,2018-09-07,22:00:00,4,2,2,FMN GV 10 Beerse
39,Antwerpseweg 195,2018-09-07,23:00:00,1,1,0,FMN GV 10 Beerse
39,Antwerpseweg 195,2018-09-08,00:00:00,1,0,1,FMN GV 10 Beerse
39,Antwerpseweg 195,2018-09-08,01:00:00,0,0,0,FMN GV 10 Beerse
39,Antwerpseweg 195,2018-09-08,02:00:00,1,0,1,FMN GV 10 Beerse
39,Antwerpseweg 195,2018-09-08,03:00:00,0,0,0,FMN GV 10 Beerse
39,Antwerpseweg 195,2018-09-08,04:00:00,2,2,0,FMN GV 10 Beerse
39,Antwerpseweg 195,2018-09-08,05:00:00,0,0,0,FMN GV 10 Beerse
39,Antwerpseweg 195,2018-09-08,06:00:00,2,2,0,FMN GV 10 Beerse
39,Antwerpseweg 195,2018-09-08,07:00:00,2,2,0,FMN GV 10 Beerse
39,Antwerpseweg 195,2018-09-08,08:00:00,9,5,4,FMN GV 10 Beerse
39,Antwerpseweg 195,2018-09-08,09:00:00,10,6,4,FMN GV 10 Beerse
39,Antwerpseweg 195,2018-09-08,10:00:00,8,5,3,FMN GV 10 Beerse
39,Antwerpseweg 195,2018-09-08,11:00:00,7,7,0,FMN GV 10 Beerse
39,Antwerpseweg 195,2018-09-08,12:00:00,13,6,7,FMN GV 10 Beerse
39,Antwerpseweg 195,2018-09-08,13:00:00,18,12,6,FMN GV 10 Beerse
39,Antwerpseweg 195,2018-09-08,14:00:00,18,10,8,FMN GV 10 Beerse
39,Antwerpseweg 195,2018-09-08,15:00:00,25,17,8,FMN GV 10 Beerse
39,Antwerpseweg 195,2018-09-08,16:00:00,14,11,3,FMN GV 10 Beerse
39,Antwerpseweg 195,2018-09-08,17:00:00,19,9,10,FMN GV 10 Beerse
39,Antwerpseweg 195,2018-09-08,18:00:00,6,4,2,FMN GV 10 Beerse
39,Antwerpseweg 195,2018-09-08,19:00:00,3,1,2,FMN GV 10 Beerse
39,Antwerpseweg 195,2018-09-08,20:00:00,4,2,2,FMN GV 10 Beerse
39,Antwerpseweg 195,2018-09-08,21:00:00,10,3,7,FMN GV 10 Beerse
39,Antwerpseweg 195,2018-09-08,22:00:00,3,3,0,FMN GV 10 Beerse
39,Antwerpseweg 195,2018-09-08,23:00:00,1,1,0,FMN GV 10 Beerse
39,Antwerpseweg 195,2018-09-09,00:00:00,1,1,0,FMN GV 10 Beerse
39,Antwerpseweg 195,2018-09-09,01:00:00,2,2,0,FMN GV 10 Beerse
39,Antwerpseweg 195,2018-09-09,02:00:00,5,4,1,FMN GV 10 Beerse
39,Antwerpseweg 195,2018-09-09,03:00:00,2,2,0,FMN GV 10 Beerse
39,Antwerpseweg 195,2018-09-09,04:00:00,3,2,1,FMN GV 10 Beerse
39,Antwerpseweg 195,2018-09-09,05:00:00,0,0,0,FMN GV 10 Beerse
39,Antwerpseweg 195,2018-09-09,06:00:00,0,0,0,FMN GV 10 Beerse
39,Antwerpseweg 195,2018-09-09,07:00:00,2,2,0,FMN GV 10 Beerse
39,Antwerpseweg 195,2018-09-09,08:00:00,7,2,5,FMN GV 10 Beerse
39,Antwerpseweg 195,2018-09-09,09:00:00,9,6,3,FMN GV 10 Beerse
39,Antwerpseweg 195,2018-09-09,10:00:00,33,15,18,FMN GV 10 Beerse
39,Antwerpseweg 195,2018-09-09,11:00:00,33,19,14,FMN GV 10 Beerse
39,Antwerpseweg 195,2018-09-09,12:00:00,17,11,6,FMN GV 10 Beerse
39,Antwerpseweg 195,2018-09-09,13:00:00,36,20,16,FMN GV 10 Beerse
39,Antwerpseweg 195,2018-09-09,14:00:00,34,25,9,FMN GV 10 Beerse
39,Antwerpseweg 195,2018-09-09,15:00:00,28,17,11,FMN GV 10 Beerse
39,Antwerpseweg 195,2018-09-09,16:00:00,33,25,8,FMN GV 10 Beerse
39,Antwerpseweg 195,2018-09-09,17:00:00,31,25,6,FMN GV 10 Beerse
39,Antwerpseweg 195,2018-09-09,18:00:00,18,10,8,FMN GV 10 Beerse
39,Antwerpseweg 195,2018-09-09,19:00:00,11,1,10,FMN GV 10 Beerse
39,Antwerpseweg 195,2018-09-09,20:00:00,2,2,0,FMN GV 10 Beerse
39,Antwerpseweg 195,2018-09-09,21:00:00,9,8,1,FMN GV 10 Beerse
39,Antwerpseweg 195,2018-09-09,22:00:00,1,1,0,FMN GV 10 Beerse
39,Antwerpseweg 195,2018-09-09,23:00:00,0,0,0,FMN GV 10 Beerse
39,Antwerpseweg 195,2018-09-10,00:00:00,0,0,0,FMN GV 10 Beerse
39,Antwerpseweg 195,2018-09-10,01:00:00,0,0,0,FMN GV 10 Beerse
39,Antwerpseweg 195,2018-09-10,02:00:00,0,0,0,FMN GV 10 Beerse
39,Antwerpseweg 195,2018-09-10,03:00:00,0,0,0,FMN GV 10 Beerse
39,Antwerpseweg 195,2018-09-10,04:00:00,3,3,0,FMN GV 10 Beerse
39,Antwerpseweg 195,2018-09-10,05:00:00,9,8,1,FMN GV 10 Beerse
39,Antwerpseweg 195,2018-09-10,06:00:00,16,12,4,FMN GV 10 Beerse
39,Antwerpseweg 195,2018-09-10,07:00:00,52,38,14,FMN GV 10 Beerse
39,Antwerpseweg 195,2018-09-10,08:00:00,32,23,9,FMN GV 10 Beerse
39,Antwerpseweg 195,2018-09-10,09:00:00,16,12,4,FMN GV 10 Beerse
39,Antwerpseweg 195,2018-09-10,10:00:00,7,6,1,FMN GV 10 Beerse
39,Antwerpseweg 195,2018-09-10,11:00:00,13,10,3,FMN GV 10 Beerse
39,Antwerpseweg 195,2018-09-10,12:00:00,18,14,4,FMN GV 10 Beerse
39,Antwerpseweg 195,2018-09-10,13:00:00,33,25,8,FMN GV 10 Beerse
39,Antwerpseweg 195,2018-09-10,14:00:00,34,15,19,FMN GV 10 Beerse
39,Antwerpseweg 195,2018-09-10,15:00:00,34,25,9,FMN GV 10 Beerse
39,Antwerpseweg 195,2018-09-10,16:00:00,83,67,16,FMN GV 10 Beerse
39,Antwerpseweg 195,2018-09-10,17:00:00,43,24,19,FMN GV 10 Beerse
39,Antwerpseweg 195,2018-09-10,18:00:00,16,11,5,FMN GV 10 Beerse
39,Antwerpseweg 195,2018-09-10,19:00:00,13,6,7,FMN GV 10 Beerse
39,Antwerpseweg 195,2018-09-10,20:00:00,6,3,3,FMN GV 10 Beerse
39,Antwerpseweg 195,2018-09-10,21:00:00,4,3,1,FMN GV 10 Beerse
39,Antwerpseweg 195,2018-09-10,22:00:00,6,3,3,FMN GV 10 Beerse
39,Antwerpseweg 195,2018-09-10,23:00:00,3,2,1,FMN GV 10 Beerse
39,Antwerpseweg 195,2018-09-11,00:00:00,1,1,0,FMN GV 10 Beerse
39,Antwerpseweg 195,2018-09-11,01:00:00,0,0,0,FMN GV 10 Beerse
39,Antwerpseweg 195,2018-09-11,02:00:00,0,0,0,FMN GV 10 Beerse
39,Antwerpseweg 195,2018-09-11,03:00:00,0,0,0,FMN GV 10 Beerse
39,Antwerpseweg 195,2018-09-11,04:00:00,1,1,0,FMN GV 10 Beerse
39,Antwerpseweg 195,2018-09-11,05:00:00,8,8,0,FMN GV 10 Beerse
39,Antwerpseweg 195,2018-09-11,06:00:00,15,12,3,FMN GV 10 Beerse
39,Antwerpseweg 195,2018-09-11,07:00:00,62,54,8,FMN GV 10 Beerse
39,Antwerpseweg 195,2018-09-11,08:00:00,36,22,14,FMN GV 10 Beerse
39,Antwerpseweg 195,2018-09-11,09:00:00,16,12,4,FMN GV 10 Beerse
39,Antwerpseweg 195,2018-09-11,10:00:00,14,11,3,FMN GV 10 Beerse
39,Antwerpseweg 195,2018-09-11,11:00:00,17,13,4,FMN GV 10 Beerse
39,Antwerpseweg 195,2018-09-11,12:00:00,23,18,5,FMN GV 10 Beerse
39,Antwerpseweg 195,2018-09-11,13:00:00,46,32,14,FMN GV 10 Beerse
39,Antwerpseweg 195,2018-09-11,14:00:00,36,23,13,FMN GV 10 Beerse
39,Antwerpseweg 195,2018-09-11,15:00:00,35,22,13,FMN GV 10 Beerse
39,Antwerpseweg 195,2018-09-11,16:00:00,74,57,17,FMN GV 10 Beerse
39,Antwerpseweg 195,2018-09-11,17:00:00,42,23,19,FMN GV 10 Beerse
39,Antwerpseweg 195,2018-09-11,18:00:00,30,19,11,FMN GV 10 Beerse
39,Antwerpseweg 195,2018-09-11,19:00:00,18,15,3,FMN GV 10 Beerse
39,Antwerpseweg 195,2018-09-11,20:00:00,12,7,5,FMN GV 10 Beerse
39,Antwerpseweg 195,2018-09-11,21:00:00,7,7,0,FMN GV 10 Beerse
39,Antwerpseweg 195,2018-09-11,22:00:00,8,5,3,FMN GV 10 Beerse
39,Antwerpseweg 195,2018-09-11,23:00:00,1,0,1,FMN GV 10 Beerse
39,Antwerpseweg 195,2018-09-12,00:00:00,0,0,0,FMN GV 10 Beerse
39,Antwerpseweg 195,2018-09-12,01:00:00,0,0,0,FMN GV 10 Beerse
39,Antwerpseweg 195,2018-09-12,02:00:00,0,0,0,FMN GV 10 Beerse
39,Antwerpseweg 195,2018-09-12,03:00:00,0,0,0,FMN GV 10 Beerse
39,Antwerpseweg 195,2018-09-12,04:00:00,1,1,0,FMN GV 10 Beerse
39,Antwerpseweg 195,2018-09-12,05:00:00,6,6,0,FMN GV 10 Beerse
39,Antwerpseweg 195,2018-09-12,06:00:00,9,7,2,FMN GV 10 Beerse
39,Antwerpseweg 195,2018-09-12,07:00:00,50,43,7,FMN GV 10 Beerse
39,Antwerpseweg 195,2018-09-12,08:00:00,38,29,9,FMN GV 10 Beerse
39,Antwerpseweg 195,2018-09-12,09:00:00,12,8,4,FMN GV 10 Beerse
39,Antwerpseweg 195,2018-09-12,10:00:00,6,6,0,FMN GV 10 Beerse
39,Antwerpseweg 195,2018-09-12,11:00:00,16,10,6,FMN GV 10 Beerse
39,Antwerpseweg 195,2018-09-12,12:00:00,50,37,13,FMN GV 10 Beerse
39,Antwerpseweg 195,2018-09-12,13:00:00,17,14,3,FMN GV 10 Beerse
39,Antwerpseweg 195,2018-09-12,14:00:00,9,3,6,FMN GV 10 Beerse
39,Antwerpseweg 195,2018-09-12,15:00:00,13,10,3,FMN GV 10 Beerse
39,Antwerpseweg 195,2018-09-12,16:00:00,21,14,7,FMN GV 10 Beerse
39,Antwerpseweg 195,2018-09-12,17:00:00,26,12,14,FMN GV 10 Beerse
39,Antwerpseweg 195,2018-09-12,18:00:00,14,9,5,FMN GV 10 Beerse
39,Antwerpseweg 195,2018-09-12,19:00:00,7,5,2,FMN GV 10 Beerse
39,Antwerpseweg 195,2018-09-12,20:00:00,5,3,2,FMN GV 10 Beerse
39,Antwerpseweg 195,2018-09-12,21:00:00,2,2,0,FMN GV 10 Beerse
39,Antwerpseweg 195,2018-09-12,22:00:00,4,3,1,FMN GV 10 Beerse
39,Antwerpseweg 195,2018-09-12,23:00:00,0,0,0,FMN GV 10 Beerse
39,Antwerpseweg 195,2018-09-13,00:00:00,1,0,1,FMN GV 10 Beerse
39,Antwerpseweg 195,2018-09-13,01:00:00,0,0,0,FMN GV 10 Beerse
39,Antwerpseweg 195,2018-09-13,02:00:00,0,0,0,FMN GV 10 Beerse
39,Antwerpseweg 195,2018-09-13,03:00:00,0,0,0,FMN GV 10 Beerse
39,Antwerpseweg 195,2018-09-13,04:00:00,3,2,1,FMN GV 10 Beerse
39,Antwerpseweg 195,2018-09-13,05:00:00,7,7,0,FMN GV 10 Beerse
39,Antwerpseweg 195,2018-09-13,06:00:00,13,11,2,FMN GV 10 Beerse
39,Antwerpseweg 195,2018-09-13,07:00:00,53,46,7,FMN GV 10 Beerse
39,Antwerpseweg 195,2018-09-13,08:00:00,33,24,9,FMN GV 10 Beerse
39,Antwerpseweg 195,2018-09-13,09:00:00,10,8,2,FMN GV 10 Beerse
39,Antwerpseweg 195,2018-09-13,10:00:00,26,4,22,FMN GV 10 Beerse
39,Antwerpseweg 195,2018-09-13,11:00:00,15,9,6,FMN GV 10 Beerse
39,Antwerpseweg 195,2018-09-13,12:00:00,25,17,8,FMN GV 10 Beerse
39,Antwerpseweg 195,2018-09-13,13:00:00,29,15,14,FMN GV 10 Beerse
39,Antwerpseweg 195,2018-09-13,14:00:00,15,12,3,FMN GV 10 Beerse
39,Antwerpseweg 195,2018-09-13,15:00:00,35,21,14,FMN GV 10 Beerse
39,Antwerpseweg 195,2018-09-13,16:00:00,54,38,16,FMN GV 10 Beerse
39,Antwerpseweg 195,2018-09-13,17:00:00,40,25,15,FMN GV 10 Beerse
39,Antwerpseweg 195,2018-09-13,18:00:00,17,13,4,FMN GV 10 Beerse
39,Antwerpseweg 195,2018-09-13,19:00:00,16,8,8,FMN GV 10 Beerse
39,Antwerpseweg 195,2018-09-13,20:00:00,7,3,4,FMN GV 10 Beerse
39,Antwerpseweg 195,2018-09-13,21:00:00,9,9,0,FMN GV 10 Beerse
39,Antwerpseweg 195,2018-09-13,22:00:00,7,4,3,FMN GV 10 Beerse
39,Antwerpseweg 195,2018-09-13,23:00:00,0,0,0,FMN GV 10 Beerse
39,Antwerpseweg 195,2018-09-14,00:00:00,0,0,0,FMN GV 10 Beerse
39,Antwerpseweg 195,2018-09-14,01:00:00,0,0,0,FMN GV 10 Beerse
39,Antwerpseweg 195,2018-09-14,02:00:00,0,0,0,FMN GV 10 Beerse
39,Antwerpseweg 195,2018-09-14,03:00:00,0,0,0,FMN GV 10 Beerse
39,Antwerpseweg 195,2018-09-14,04:00:00,0,0,0,FMN GV 10 Beerse
39,Antwerpseweg 195,2018-09-14,05:00:00,7,5,2,FMN GV 10 Beerse
39,Antwerpseweg 195,2018-09-14,06:00:00,13,7,6,FMN GV 10 Beerse
39,Antwerpseweg 195,2018-09-14,07:00:00,47,40,7,FMN GV 10 Beerse
39,Antwerpseweg 195,2018-09-14,08:00:00,26,18,8,FMN GV 10 Beerse
39,Antwerpseweg 195,2018-09-14,09:00:00,7,6,1,FMN GV 10 Beerse
39,Antwerpseweg 195,2018-09-14,10:00:00,12,7,5,FMN GV 10 Beerse
39,Antwerpseweg 195,2018-09-14,11:00:00,14,13,1,FMN GV 10 Beerse
39,Antwerpseweg 195,2018-09-14,12:00:00,21,16,5,FMN GV 10 Beerse
39,Antwerpseweg 195,2018-09-14,13:00:00,29,11,18,FMN GV 10 Beerse
39,Antwerpseweg 195,2018-09-14,14:00:00,40,24,16,FMN GV 10 Beerse
39,Antwerpseweg 195,2018-09-14,15:00:00,34,30,4,FMN GV 10 Beerse
39,Antwerpseweg 195,2018-09-14,16:00:00,45,32,13,FMN GV 10 Beerse
39,Antwerpseweg 195,2018-09-14,17:00:00,30,17,13,FMN GV 10 Beerse
39,Antwerpseweg 195,2018-09-14,18:00:00,15,10,5,FMN GV 10 Beerse
39,Antwerpseweg 195,2018-09-14,19:00:00,7,6,1,FMN GV 10 Beerse
39,Antwerpseweg 195,2018-09-14,20:00:00,15,9,6,FMN GV 10 Beerse
39,Antwerpseweg 195,2018-09-14,21:00:00,1,0,1,FMN GV 10 Beerse
39,Antwerpseweg 195,2018-09-14,22:00:00,4,3,1,FMN GV 10 Beerse
39,Antwerpseweg 195,2018-09-14,23:00:00,0,0,0,FMN GV 10 Beerse
39,Antwerpseweg 195,2018-09-15,00:00:00,2,2,0,FMN GV 10 Beerse
39,Antwerpseweg 195,2018-09-15,01:00:00,0,0,0,FMN GV 10 Beerse
39,Antwerpseweg 195,2018-09-15,02:00:00,1,1,0,FMN GV 10 Beerse
39,Antwerpseweg 195,2018-09-15,03:00:00,0,0,0,FMN GV 10 Beerse
39,Antwerpseweg 195,2018-09-15,04:00:00,1,0,1,FMN GV 10 Beerse
39,Antwerpseweg 195,2018-09-15,05:00:00,1,1,0,FMN GV 10 Beerse
39,Antwerpseweg 195,2018-09-15,06:00:00,1,1,0,FMN GV 10 Beerse
39,Antwerpseweg 195,2018-09-15,07:00:00,2,1,1,FMN GV 10 Beerse
39,Antwerpseweg 195,2018-09-15,08:00:00,10,5,5,FMN GV 10 Beerse
39,Antwerpseweg 195,2018-09-15,09:00:00,12,6,6,FMN GV 10 Beerse
39,Antwerpseweg 195,2018-09-15,10:00:00,12,9,3,FMN GV 10 Beerse
39,Antwerpseweg 195,2018-09-15,11:00:00,24,15,9,FMN GV 10 Beerse
39,Antwerpseweg 195,2018-09-15,12:00:00,23,16,7,FMN GV 10 Beerse
39,Antwerpseweg 195,2018-09-15,13:00:00,30,21,9,FMN GV 10 Beerse
39,Antwerpseweg 195,2018-09-15,14:00:00,21,13,8,FMN GV 10 Beerse
39,Antwerpseweg 195,2018-09-15,15:00:00,14,9,5,FMN GV 10 Beerse
39,Antwerpseweg 195,2018-09-15,16:00:00,21,14,7,FMN GV 10 Beerse
39,Antwerpseweg 195,2018-09-15,17:00:00,17,8,9,FMN GV 10 Beerse
39,Antwerpseweg 195,2018-09-15,18:00:00,17,15,2,FMN GV 10 Beerse
39,Antwerpseweg 195,2018-09-15,19:00:00,6,4,2,FMN GV 10 Beerse
39,Antwerpseweg 195,2018-09-15,20:00:00,3,3,0,FMN GV 10 Beerse
39,Antwerpseweg 195,2018-09-15,21:00:00,2,0,2,FMN GV 10 Beerse
39,Antwerpseweg 195,2018-09-15,22:00:00,2,2,0,FMN GV 10 Beerse
39,Antwerpseweg 195,2018-09-15,23:00:00,1,1,0,FMN GV 10 Beerse
39,Antwerpseweg 195,2018-09-16,00:00:00,3,2,1,FMN GV 10 Beerse
39,Antwerpseweg 195,2018-09-16,01:00:00,7,3,4,FMN GV 10 Beerse
39,Antwerpseweg 195,2018-09-16,02:00:00,4,4,0,FMN GV 10 Beerse
39,Antwerpseweg 195,2018-09-16,03:00:00,1,0,1,FMN GV 10 Beerse
39,Antwerpseweg 195,2018-09-16,04:00:00,0,0,0,FMN GV 10 Beerse
39,Antwerpseweg 195,2018-09-16,05:00:00,3,1,2,FMN GV 10 Beerse
39,Antwerpseweg 195,2018-09-16,06:00:00,0,0,0,FMN GV 10 Beerse
39,Antwerpseweg 195,2018-09-16,07:00:00,2,1,1,FMN GV 10 Beerse
39,Antwerpseweg 195,2018-09-16,08:00:00,12,8,4,FMN GV 10 Beerse
39,Antwerpseweg 195,2018-09-16,09:00:00,24,18,6,FMN GV 10 Beerse
39,Antwerpseweg 195,2018-09-16,10:00:00,29,16,13,FMN GV 10 Beerse
39,Antwerpseweg 195,2018-09-16,11:00:00,33,18,15,FMN GV 10 Beerse
39,Antwerpseweg 195,2018-09-16,12:00:00,20,10,10,FMN GV 10 Beerse
39,Antwerpseweg 195,2018-09-16,13:00:00,50,20,30,FMN GV 10 Beerse
39,Antwerpseweg 195,2018-09-16,14:00:00,87,67,20,FMN GV 10 Beerse
39,Antwerpseweg 195,2018-09-16,15:00:00,47,32,15,FMN GV 10 Beerse
39,Antwerpseweg 195,2018-09-16,16:00:00,52,34,18,FMN GV 10 Beerse
39,Antwerpseweg 195,2018-09-16,17:00:00,22,14,8,FMN GV 10 Beerse
39,Antwerpseweg 195,2018-09-16,18:00:00,16,14,2,FMN GV 10 Beerse
39,Antwerpseweg 195,2018-09-16,19:00:00,15,9,6,FMN GV 10 Beerse
39,Antwerpseweg 195,2018-09-16,20:00:00,6,4,2,FMN GV 10 Beerse
39,Antwerpseweg 195,2018-09-16,21:00:00,8,5,3,FMN GV 10 Beerse
39,Antwerpseweg 195,2018-09-16,22:00:00,1,1,0,FMN GV 10 Beerse
39,Antwerpseweg 195,2018-09-16,23:00:00,0,0,0,FMN GV 10 Beerse
39,Antwerpseweg 195,2018-09-17,00:00:00,0,0,0,FMN GV 10 Beerse
39,Antwerpseweg 195,2018-09-17,01:00:00,0,0,0,FMN GV 10 Beerse
39,Antwerpseweg 195,2018-09-17,02:00:00,0,0,0,FMN GV 10 Beerse
39,Antwerpseweg 195,2018-09-17,03:00:00,0,0,0,FMN GV 10 Beerse
39,Antwerpseweg 195,2018-09-17,04:00:00,1,1,0,FMN GV 10 Beerse
39,Antwerpseweg 195,2018-09-17,05:00:00,9,8,1,FMN GV 10 Beerse
39,Antwerpseweg 195,2018-09-17,06:00:00,11,8,3,FMN GV 10 Beerse
39,Antwerpseweg 195,2018-09-17,07:00:00,62,52,10,FMN GV 10 Beerse
39,Antwerpseweg 195,2018-09-17,08:00:00,42,32,10,FMN GV 10 Beerse
39,Antwerpseweg 195,2018-09-17,09:00:00,12,11,1,FMN GV 10 Beerse
39,Antwerpseweg 195,2018-09-17,10:00:00,13,11,2,FMN GV 10 Beerse
39,Antwerpseweg 195,2018-09-17,11:00:00,11,8,3,FMN GV 10 Beerse
39,Antwerpseweg 195,2018-09-17,12:00:00,18,13,5,FMN GV 10 Beerse
39,Antwerpseweg 195,2018-09-17,13:00:00,29,26,3,FMN GV 10 Beerse
39,Antwerpseweg 195,2018-09-17,14:00:00,39,20,19,FMN GV 10 Beerse
39,Antwerpseweg 195,2018-09-17,15:00:00,31,23,8,FMN GV 10 Beerse
39,Antwerpseweg 195,2018-09-17,16:00:00,72,54,18,FMN GV 10 Beerse
39,Antwerpseweg 195,2018-09-17,17:00:00,71,40,31,FMN GV 10 Beerse
39,Antwerpseweg 195,2018-09-17,18:00:00,23,16,7,FMN GV 10 Beerse
39,Antwerpseweg 195,2018-09-17,19:00:00,30,22,8,FMN GV 10 Beerse
39,Antwerpseweg 195,2018-09-17,20:00:00,13,8,5,FMN GV 10 Beerse
39,Antwerpseweg 195,2018-09-17,21:00:00,14,9,5,FMN GV 10 Beerse
39,Antwerpseweg 195,2018-09-17,22:00:00,6,4,2,FMN GV 10 Beerse
39,Antwerpseweg 195,2018-09-17,23:00:00,1,1,0,FMN GV 10 Beerse
39,Antwerpseweg 195,2018-09-18,00:00:00,0,0,0,FMN GV 10 Beerse
39,Antwerpseweg 195,2018-09-18,01:00:00,0,0,0,FMN GV 10 Beerse
39,Antwerpseweg 195,2018-09-18,02:00:00,0,0,0,FMN GV 10 Beerse
39,Antwerpseweg 195,2018-09-18,03:00:00,0,0,0,FMN GV 10 Beerse
39,Antwerpseweg 195,2018-09-18,04:00:00,1,1,0,FMN GV 10 Beerse
39,Antwerpseweg 195,2018-09-18,05:00:00,8,8,0,FMN GV 10 Beerse
39,Antwerpseweg 195,2018-09-18,06:00:00,15,11,4,FMN GV 10 Beerse
39,Antwerpseweg 195,2018-09-18,07:00:00,63,49,14,FMN GV 10 Beerse
39,Antwerpseweg 195,2018-09-18,08:00:00,44,31,13,FMN GV 10 Beerse
39,Antwerpseweg 195,2018-09-18,09:00:00,22,15,7,FMN GV 10 Beerse
39,Antwerpseweg 195,2018-09-18,10:00:00,15,8,7,FMN GV 10 Beerse
39,Antwerpseweg 195,2018-09-18,11:00:00,21,14,7,FMN GV 10 Beerse
39,Antwerpseweg 195,2018-09-18,12:00:00,34,21,13,FMN GV 10 Beerse
39,Antwerpseweg 195,2018-09-18,13:00:00,44,26,18,FMN GV 10 Beerse
39,Antwerpseweg 195,2018-09-18,14:00:00,24,15,9,FMN GV 10 Beerse
39,Antwerpseweg 195,2018-09-18,15:00:00,69,52,17,FMN GV 10 Beerse
39,Antwerpseweg 195,2018-09-18,16:00:00,88,69,19,FMN GV 10 Beerse
39,Antwerpseweg 195,2018-09-18,17:00:00,43,24,19,FMN GV 10 Beerse
39,Antwerpseweg 195,2018-09-18,18:00:00,35,22,13,FMN GV 10 Beerse
39,Antwerpseweg 195,2018-09-18,19:00:00,20,13,7,FMN GV 10 Beerse
39,Antwerpseweg 195,2018-09-18,20:00:00,14,9,5,FMN GV 10 Beerse
39,Antwerpseweg 195,2018-09-18,21:00:00,11,7,4,FMN GV 10 Beerse
39,Antwerpseweg 195,2018-09-18,22:00:00,6,3,3,FMN GV 10 Beerse
39,Antwerpseweg 195,2018-09-18,23:00:00,1,1,0,FMN GV 10 Beerse
39,Antwerpseweg 195,2018-09-19,00:00:00,0,0,0,FMN GV 10 Beerse
39,Antwerpseweg 195,2018-09-19,01:00:00,0,0,0,FMN GV 10 Beerse
39,Antwerpseweg 195,2018-09-19,02:00:00,0,0,0,FMN GV 10 Beerse
39,Antwerpseweg 195,2018-09-19,03:00:00,0,0,0,FMN GV 10 Beerse
39,Antwerpseweg 195,2018-09-19,04:00:00,2,2,0,FMN GV 10 Beerse
39,Antwerpseweg 195,2018-09-19,05:00:00,10,9,1,FMN GV 10 Beerse
39,Antwerpseweg 195,2018-09-19,06:00:00,11,8,3,FMN GV 10 Beerse
39,Antwerpseweg 195,2018-09-19,07:00:00,57,46,11,FMN GV 10 Beerse
39,Antwerpseweg 195,2018-09-19,08:00:00,34,25,9,FMN GV 10 Beerse
39,Antwerpseweg 195,2018-09-19,09:00:00,15,13,2,FMN GV 10 Beerse
39,Antwerpseweg 195,2018-09-19,10:00:00,14,6,8,FMN GV 10 Beerse
39,Antwerpseweg 195,2018-09-19,11:00:00,27,16,11,FMN GV 10 Beerse
39,Antwerpseweg 195,2018-09-19,12:00:00,65,44,21,FMN GV 10 Beerse
39,Antwerpseweg 195,2018-09-19,13:00:00,42,27,15,FMN GV 10 Beerse
39,Antwerpseweg 195,2018-09-19,14:00:00,35,25,10,FMN GV 10 Beerse
39,Antwerpseweg 195,2018-09-19,15:00:00,40,25,15,FMN GV 10 Beerse
39,Antwerpseweg 195,2018-09-19,16:00:00,51,40,11,FMN GV 10 Beerse
39,Antwerpseweg 195,2018-09-19,17:00:00,52,33,19,FMN GV 10 Beerse
39,Antwerpseweg 195,2018-09-19,18:00:00,19,12,7,FMN GV 10 Beerse
39,Antwerpseweg 195,2018-09-19,19:00:00,8,5,3,FMN GV 10 Beerse
39,Antwerpseweg 195,2018-09-19,20:00:00,13,6,7,FMN GV 10 Beerse
39,Antwerpseweg 195,2018-09-19,21:00:00,6,5,1,FMN GV 10 Beerse
39,Antwerpseweg 195,2018-09-19,22:00:00,5,1,4,FMN GV 10 Beerse
39,Antwerpseweg 195,2018-09-19,23:00:00,0,0,0,FMN GV 10 Beerse
39,Antwerpseweg 195,2018-09-20,00:00:00,0,0,0,FMN GV 10 Beerse
39,Antwerpseweg 195,2018-09-20,01:00:00,0,0,0,FMN GV 10 Beerse
39,Antwerpseweg 195,2018-09-20,02:00:00,0,0,0,FMN GV 10 Beerse
39,Antwerpseweg 195,2018-09-20,03:00:00,0,0,0,FMN GV 10 Beerse
39,Antwerpseweg 195,2018-09-20,04:00:00,3,3,0,FMN GV 10 Beerse
39,Antwerpseweg 195,2018-09-20,05:00:00,5,5,0,FMN GV 10 Beerse
39,Antwerpseweg 195,2018-09-20,06:00:00,16,12,4,FMN GV 10 Beerse
39,Antwerpseweg 195,2018-09-20,07:00:00,62,51,11,FMN GV 10 Beerse
39,Antwerpseweg 195,2018-09-20,08:00:00,31,25,6,FMN GV 10 Beerse
39,Antwerpseweg 195,2018-09-20,09:00:00,12,7,5,FMN GV 10 Beerse
39,Antwerpseweg 195,2018-09-20,10:00:00,15,12,3,FMN GV 10 Beerse
39,Antwerpseweg 195,2018-09-20,11:00:00,19,12,7,FMN GV 10 Beerse
39,Antwerpseweg 195,2018-09-20,12:00:00,32,18,14,FMN GV 10 Beerse
39,Antwerpseweg 195,2018-09-20,13:00:00,28,21,7,FMN GV 10 Beerse
39,Antwerpseweg 195,2018-09-20,14:00:00,27,17,10,FMN GV 10 Beerse
39,Antwerpseweg 195,2018-09-20,15:00:00,40,26,14,FMN GV 10 Beerse
39,Antwerpseweg 195,2018-09-20,16:00:00,66,50,16,FMN GV 10 Beerse
39,Antwerpseweg 195,2018-09-20,17:00:00,54,38,16,FMN GV 10 Beerse
39,Antwerpseweg 195,2018-09-20,18:00:00,15,11,4,FMN GV 10 Beerse
39,Antwerpseweg 195,2018-09-20,19:00:00,14,8,6,FMN GV 10 Beerse
39,Antwerpseweg 195,2018-09-20,20:00:00,14,7,7,FMN GV 10 Beerse
39,Antwerpseweg 195,2018-09-20,21:00:00,15,12,3,FMN GV 10 Beerse
39,Antwerpseweg 195,2018-09-20,22:00:00,10,6,4,FMN GV 10 Beerse
39,Antwerpseweg 195,2018-09-20,23:00:00,0,0,0,FMN GV 10 Beerse
39,Antwerpseweg 195,2018-09-21,00:00:00,0,0,0,FMN GV 10 Beerse
39,Antwerpseweg 195,2018-09-21,01:00:00,0,0,0,FMN GV 10 Beerse
39,Antwerpseweg 195,2018-09-21,02:00:00,0,0,0,FMN GV 10 Beerse
39,Antwerpseweg 195,2018-09-21,03:00:00,1,0,1,FMN GV 10 Beerse
39,Antwerpseweg 195,2018-09-21,04:00:00,1,1,0,FMN GV 10 Beerse
39,Antwerpseweg 195,2018-09-21,05:00:00,4,4,0,FMN GV 10 Beerse
39,Antwerpseweg 195,2018-09-21,06:00:00,15,11,4,FMN GV 10 Beerse
39,Antwerpseweg 195,2018-09-21,07:00:00,23,17,6,FMN GV 10 Beerse
39,Antwerpseweg 195,2018-09-21,08:00:00,11,6,5,FMN GV 10 Beerse
39,Antwerpseweg 195,2018-09-21,09:00:00,2,2,0,FMN GV 10 Beerse
39,Antwerpseweg 195,2018-09-21,10:00:00,6,6,0,FMN GV 10 Beerse
39,Antwerpseweg 195,2018-09-21,11:00:00,7,6,1,FMN GV 10 Beerse
39,Antwerpseweg 195,2018-09-21,12:00:00,8,7,1,FMN GV 10 Beerse
39,Antwerpseweg 195,2018-09-21,13:00:00,9,5,4,FMN GV 10 Beerse
39,Antwerpseweg 195,2018-09-21,14:00:00,19,8,11,FMN GV 10 Beerse
39,Antwerpseweg 195,2018-09-21,15:00:00,26,20,6,FMN GV 10 Beerse
39,Antwerpseweg 195,2018-09-21,16:00:00,28,21,7,FMN GV 10 Beerse
39,Antwerpseweg 195,2018-09-21,17:00:00,26,19,7,FMN GV 10 Beerse
39,Antwerpseweg 195,2018-09-21,18:00:00,6,3,3,FMN GV 10 Beerse
39,Antwerpseweg 195,2018-09-21,19:00:00,6,6,0,FMN GV 10 Beerse
39,Antwerpseweg 195,2018-09-21,20:00:00,11,6,5,FMN GV 10 Beerse
39,Antwerpseweg 195,2018-09-21,21:00:00,5,3,2,FMN GV 10 Beerse
39,Antwerpseweg 195,2018-09-21,22:00:00,10,5,5,FMN GV 10 Beerse
39,Antwerpseweg 195,2018-09-21,23:00:00,0,0,0,FMN GV 10 Beerse
39,Antwerpseweg 195,2018-09-22,00:00:00,2,1,1,FMN GV 10 Beerse
39,Antwerpseweg 195,2018-09-22,01:00:00,0,0,0,FMN GV 10 Beerse
39,Antwerpseweg 195,2018-09-22,02:00:00,4,2,2,FMN GV 10 Beerse
39,Antwerpseweg 195,2018-09-22,03:00:00,4,0,4,FMN GV 10 Beerse
39,Antwerpseweg 195,2018-09-22,04:00:00,0,0,0,FMN GV 10 Beerse
39,Antwerpseweg 195,2018-09-22,05:00:00,1,0,1,FMN GV 10 Beerse
39,Antwerpseweg 195,2018-09-22,06:00:00,1,1,0,FMN GV 10 Beerse
39,Antwerpseweg 195,2018-09-22,07:00:00,4,2,2,FMN GV 10 Beerse
39,Antwerpseweg 195,2018-09-22,08:00:00,5,3,2,FMN GV 10 Beerse
39,Antwerpseweg 195,2018-09-22,09:00:00,9,2,7,FMN GV 10 Beerse
39,Antwerpseweg 195,2018-09-22,10:00:00,6,4,2,FMN GV 10 Beerse
39,Antwerpseweg 195,2018-09-22,11:00:00,13,11,2,FMN GV 10 Beerse
39,Antwerpseweg 195,2018-09-22,12:00:00,13,9,4,FMN GV 10 Beerse
39,Antwerpseweg 195,2018-09-22,13:00:00,21,8,13,FMN GV 10 Beerse
39,Antwerpseweg 195,2018-09-22,14:00:00,12,7,5,FMN GV 10 Beerse
39,Antwerpseweg 195,2018-09-22,15:00:00,6,4,2,FMN GV 10 Beerse
39,Antwerpseweg 195,2018-09-22,16:00:00,3,3,0,FMN GV 10 Beerse
39,Antwerpseweg 195,2018-09-22,17:00:00,4,2,2,FMN GV 10 Beerse
39,Antwerpseweg 195,2018-09-22,18:00:00,5,4,1,FMN GV 10 Beerse
39,Antwerpseweg 195,2018-09-22,19:00:00,8,3,5,FMN GV 10 Beerse
39,Antwerpseweg 195,2018-09-22,20:00:00,2,2,0,FMN GV 10 Beerse
39,Antwerpseweg 195,2018-09-22,21:00:00,3,3,0,FMN GV 10 Beerse
39,Antwerpseweg 195,2018-09-22,22:00:00,1,1,0,FMN GV 10 Beerse
39,Antwerpseweg 195,2018-09-22,23:00:00,0,0,0,FMN GV 10 Beerse
39,Antwerpseweg 195,2018-09-23,00:00:00,0,0,0,FMN GV 10 Beerse
39,Antwerpseweg 195,2018-09-23,01:00:00,1,1,0,FMN GV 10 Beerse
39,Antwerpseweg 195,2018-09-23,02:00:00,1,1,0,FMN GV 10 Beerse
39,Antwerpseweg 195,2018-09-23,03:00:00,1,1,0,FMN GV 10 Beerse
39,Antwerpseweg 195,2018-09-23,04:00:00,1,0,1,FMN GV 10 Beerse
39,Antwerpseweg 195,2018-09-23,05:00:00,2,2,0,FMN GV 10 Beerse
39,Antwerpseweg 195,2018-09-23,06:00:00,1,1,0,FMN GV 10 Beerse
39,Antwerpseweg 195,2018-09-23,07:00:00,2,1,1,FMN GV 10 Beerse
39,Antwerpseweg 195,2018-09-23,08:00:00,2,1,1,FMN GV 10 Beerse
39,Antwerpseweg 195,2018-09-23,09:00:00,1,0,1,FMN GV 10 Beerse
39,Antwerpseweg 195,2018-09-23,10:00:00,9,5,4,FMN GV 10 Beerse
39,Antwerpseweg 195,2018-09-23,11:00:00,5,0,5,FMN GV 10 Beerse
39,Antwerpseweg 195,2018-09-23,12:00:00,3,2,1,FMN GV 10 Beerse
39,Antwerpseweg 195,2018-09-23,13:00:00,3,1,2,FMN GV 10 Beerse
39,Antwerpseweg 195,2018-09-23,14:00:00,1,1,0,FMN GV 10 Beerse
39,Antwerpseweg 195,2018-09-23,15:00:00,0,0,0,FMN GV 10 Beerse
39,Antwerpseweg 195,2018-09-23,16:00:00,4,3,1,FMN GV 10 Beerse
39,Antwerpseweg 195,2018-09-23,17:00:00,2,0,2,FMN GV 10 Beerse
39,Antwerpseweg 195,2018-09-23,18:00:00,3,3,0,FMN GV 10 Beerse
39,Antwerpseweg 195,2018-09-23,19:00:00,1,1,0,FMN GV 10 Beerse
39,Antwerpseweg 195,2018-09-23,20:00:00,1,1,0,FMN GV 10 Beerse
39,Antwerpseweg 195,2018-09-23,21:00:00,1,1,0,FMN GV 10 Beerse
39,Antwerpseweg 195,2018-09-23,22:00:00,1,1,0,FMN GV 10 Beerse
39,Antwerpseweg 195,2018-09-23,23:00:00,0,0,0,FMN GV 10 Beerse
39,Antwerpseweg 195,2018-09-24,00:00:00,0,0,0,FMN GV 10 Beerse
39,Antwerpseweg 195,2018-09-24,01:00:00,0,0,0,FMN GV 10 Beerse
39,Antwerpseweg 195,2018-09-24,02:00:00,0,0,0,FMN GV 10 Beerse
39,Antwerpseweg 195,2018-09-24,03:00:00,0,0,0,FMN GV 10 Beerse
39,Antwerpseweg 195,2018-09-24,04:00:00,1,1,0,FMN GV 10 Beerse
39,Antwerpseweg 195,2018-09-24,05:00:00,9,9,0,FMN GV 10 Beerse
39,Antwerpseweg 195,2018-09-24,06:00:00,11,7,4,FMN GV 10 Beerse
39,Antwerpseweg 195,2018-09-24,07:00:00,40,35,5,FMN GV 10 Beerse
39,Antwerpseweg 195,2018-09-24,08:00:00,29,21,8,FMN GV 10 Beerse
39,Antwerpseweg 195,2018-09-24,09:00:00,6,6,0,FMN GV 10 Beerse
39,Antwerpseweg 195,2018-09-24,10:00:00,3,3,0,FMN GV 10 Beerse
39,Antwerpseweg 195,2018-09-24,11:00:00,3,2,1,FMN GV 10 Beerse
39,Antwerpseweg 195,2018-09-24,12:00:00,15,10,5,FMN GV 10 Beerse
39,Antwerpseweg 195,2018-09-24,13:00:00,22,21,1,FMN GV 10 Beerse
39,Antwerpseweg 195,2018-09-24,14:00:00,16,9,7,FMN GV 10 Beerse
39,Antwerpseweg 195,2018-09-24,15:00:00,18,10,8,FMN GV 10 Beerse
39,Antwerpseweg 195,2018-09-24,16:00:00,45,41,4,FMN GV 10 Beerse
39,Antwerpseweg 195,2018-09-24,17:00:00,35,19,16,FMN GV 10 Beerse
39,Antwerpseweg 195,2018-09-24,18:00:00,15,8,7,FMN GV 10 Beerse
39,Antwerpseweg 195,2018-09-24,19:00:00,10,7,3,FMN GV 10 Beerse
39,Antwerpseweg 195,2018-09-24,20:00:00,8,4,4,FMN GV 10 Beerse
39,Antwerpseweg 195,2018-09-24,21:00:00,6,5,1,FMN GV 10 Beerse
39,Antwerpseweg 195,2018-09-24,22:00:00,4,2,2,FMN GV 10 Beerse
39,Antwerpseweg 195,2018-09-24,23:00:00,1,0,1,FMN GV 10 Beerse
39,Antwerpseweg 195,2018-09-25,00:00:00,0,0,0,FMN GV 10 Beerse
39,Antwerpseweg 195,2018-09-25,01:00:00,0,0,0,FMN GV 10 Beerse
39,Antwerpseweg 195,2018-09-25,02:00:00,2,1,1,FMN GV 10 Beerse
39,Antwerpseweg 195,2018-09-25,03:00:00,1,1,0,FMN GV 10 Beerse
39,Antwerpseweg 195,2018-09-25,04:00:00,1,1,0,FMN GV 10 Beerse
39,Antwerpseweg 195,2018-09-25,05:00:00,10,10,0,FMN GV 10 Beerse
39,Antwerpseweg 195,2018-09-25,06:00:00,10,7,3,FMN GV 10 Beerse
39,Antwerpseweg 195,2018-09-25,07:00:00,57,46,11,FMN GV 10 Beerse
39,Antwerpseweg 195,2018-09-25,08:00:00,27,19,8,FMN GV 10 Beerse
39,Antwerpseweg 195,2018-09-25,09:00:00,35,27,8,FMN GV 10 Beerse
39,Antwerpseweg 195,2018-09-25,10:00:00,39,30,9,FMN GV 10 Beerse
39,Antwerpseweg 195,2018-09-25,11:00:00,15,10,5,FMN GV 10 Beerse
39,Antwerpseweg 195,2018-09-25,12:00:00,95,55,40,FMN GV 10 Beerse
39,Antwerpseweg 195,2018-09-25,13:00:00,64,38,26,FMN GV 10 Beerse
39,Antwerpseweg 195,2018-09-25,14:00:00,96,23,73,FMN GV 10 Beerse
39,Antwerpseweg 195,2018-09-25,15:00:00,33,21,12,FMN GV 10 Beerse
39,Antwerpseweg 195,2018-09-25,16:00:00,59,44,15,FMN GV 10 Beerse
39,Antwerpseweg 195,2018-09-25,17:00:00,47,30,17,FMN GV 10 Beerse
39,Antwerpseweg 195,2018-09-25,18:00:00,16,7,9,FMN GV 10 Beerse
39,Antwerpseweg 195,2018-09-25,19:00:00,12,6,6,FMN GV 10 Beerse
39,Antwerpseweg 195,2018-09-25,20:00:00,7,6,1,FMN GV 10 Beerse
39,Antwerpseweg 195,2018-09-25,21:00:00,5,1,4,FMN GV 10 Beerse
39,Antwerpseweg 195,2018-09-25,22:00:00,7,5,2,FMN GV 10 Beerse
39,Antwerpseweg 195,2018-09-25,23:00:00,1,1,0,FMN GV 10 Beerse
39,Antwerpseweg 195,2018-09-26,00:00:00,0,0,0,FMN GV 10 Beerse
39,Antwerpseweg 195,2018-09-26,01:00:00,0,0,0,FMN GV 10 Beerse
39,Antwerpseweg 195,2018-09-26,02:00:00,0,0,0,FMN GV 10 Beerse
39,Antwerpseweg 195,2018-09-26,03:00:00,1,1,0,FMN GV 10 Beerse
39,Antwerpseweg 195,2018-09-26,04:00:00,1,1,0,FMN GV 10 Beerse
39,Antwerpseweg 195,2018-09-26,05:00:00,7,7,0,FMN GV 10 Beerse
39,Antwerpseweg 195,2018-09-26,06:00:00,13,9,4,FMN GV 10 Beerse
39,Antwerpseweg 195,2018-09-26,07:00:00,50,41,9,FMN GV 10 Beerse
39,Antwerpseweg 195,2018-09-26,08:00:00,29,23,6,FMN GV 10 Beerse
39,Antwerpseweg 195,2018-09-26,09:00:00,15,13,2,FMN GV 10 Beerse
39,Antwerpseweg 195,2018-09-26,10:00:00,13,10,3,FMN GV 10 Beerse
39,Antwerpseweg 195,2018-09-26,11:00:00,23,14,9,FMN GV 10 Beerse
39,Antwerpseweg 195,2018-09-26,12:00:00,60,43,17,FMN GV 10 Beerse
39,Antwerpseweg 195,2018-09-26,13:00:00,31,22,9,FMN GV 10 Beerse
39,Antwerpseweg 195,2018-09-26,14:00:00,23,15,8,FMN GV 10 Beerse
39,Antwerpseweg 195,2018-09-26,15:00:00,25,17,8,FMN GV 10 Beerse
39,Antwerpseweg 195,2018-09-26,16:00:00,28,17,11,FMN GV 10 Beerse
39,Antwerpseweg 195,2018-09-26,17:00:00,41,26,15,FMN GV 10 Beerse
39,Antwerpseweg 195,2018-09-26,18:00:00,14,10,4,FMN GV 10 Beerse
39,Antwerpseweg 195,2018-09-26,19:00:00,15,10,5,FMN GV 10 Beerse
39,Antwerpseweg 195,2018-09-26,20:00:00,11,7,4,FMN GV 10 Beerse
39,Antwerpseweg 195,2018-09-26,21:00:00,2,2,0,FMN GV 10 Beerse
39,Antwerpseweg 195,2018-09-26,22:00:00,8,7,1,FMN GV 10 Beerse
39,Antwerpseweg 195,2018-09-26,23:00:00,0,0,0,FMN GV 10 Beerse
39,Antwerpseweg 195,2018-09-27,00:00:00,0,0,0,FMN GV 10 Beerse
39,Antwerpseweg 195,2018-09-27,01:00:00,0,0,0,FMN GV 10 Beerse
39,Antwerpseweg 195,2018-09-27,02:00:00,0,0,0,FMN GV 10 Beerse
39,Antwerpseweg 195,2018-09-27,03:00:00,0,0,0,FMN GV 10 Beerse
39,Antwerpseweg 195,2018-09-27,04:00:00,4,3,1,FMN GV 10 Beerse
39,Antwerpseweg 195,2018-09-27,05:00:00,6,6,0,FMN GV 10 Beerse
39,Antwerpseweg 195,2018-09-27,06:00:00,13,8,5,FMN GV 10 Beerse
39,Antwerpseweg 195,2018-09-27,07:00:00,55,50,5,FMN GV 10 Beerse
39,Antwerpseweg 195,2018-09-27,08:00:00,37,27,10,FMN GV 10 Beerse
39,Antwerpseweg 195,2018-09-27,09:00:00,20,13,7,FMN GV 10 Beerse
39,Antwerpseweg 195,2018-09-27,10:00:00,12,5,7,FMN GV 10 Beerse
39,Antwerpseweg 195,2018-09-27,11:00:00,15,11,4,FMN GV 10 Beerse
39,Antwerpseweg 195,2018-09-27,12:00:00,12,9,3,FMN GV 10 Beerse
39,Antwerpseweg 195,2018-09-27,13:00:00,37,27,10,FMN GV 10 Beerse
39,Antwerpseweg 195,2018-09-27,14:00:00,33,27,6,FMN GV 10 Beerse
39,Antwerpseweg 195,2018-09-27,15:00:00,54,43,11,FMN GV 10 Beerse
39,Antwerpseweg 195,2018-09-27,16:00:00,69,54,15,FMN GV 10 Beerse
39,Antwerpseweg 195,2018-09-27,17:00:00,38,20,18,FMN GV 10 Beerse
39,Antwerpseweg 195,2018-09-27,18:00:00,13,10,3,FMN GV 10 Beerse
39,Antwerpseweg 195,2018-09-27,19:00:00,9,6,3,FMN GV 10 Beerse
39,Antwerpseweg 195,2018-09-27,20:00:00,10,6,4,FMN GV 10 Beerse
39,Antwerpseweg 195,2018-09-27,21:00:00,1,0,1,FMN GV 10 Beerse
39,Antwerpseweg 195,2018-09-27,22:00:00,9,6,3,FMN GV 10 Beerse
39,Antwerpseweg 195,2018-09-27,23:00:00,1,1,0,FMN GV 10 Beerse
39,Antwerpseweg 195,2018-09-28,00:00:00,1,1,0,FMN GV 10 Beerse
39,Antwerpseweg 195,2018-09-28,01:00:00,0,0,0,FMN GV 10 Beerse
39,Antwerpseweg 195,2018-09-28,02:00:00,0,0,0,FMN GV 10 Beerse
39,Antwerpseweg 195,2018-09-28,03:00:00,0,0,0,FMN GV 10 Beerse
39,Antwerpseweg 195,2018-09-28,04:00:00,1,1,0,FMN GV 10 Beerse
39,Antwerpseweg 195,2018-09-28,05:00:00,5,5,0,FMN GV 10 Beerse
39,Antwerpseweg 195,2018-09-28,06:00:00,9,6,3,FMN GV 10 Beerse
39,Antwerpseweg 195,2018-09-28,07:00:00,43,38,5,FMN GV 10 Beerse
39,Antwerpseweg 195,2018-09-28,08:00:00,20,13,7,FMN GV 10 Beerse
39,Antwerpseweg 195,2018-09-28,09:00:00,4,2,2,FMN GV 10 Beerse
39,Antwerpseweg 195,2018-09-28,10:00:00,9,6,3,FMN GV 10 Beerse
39,Antwerpseweg 195,2018-09-28,11:00:00,8,5,3,FMN GV 10 Beerse
39,Antwerpseweg 195,2018-09-28,12:00:00,7,5,2,FMN GV 10 Beerse
39,Antwerpseweg 195,2018-09-28,13:00:00,8,4,4,FMN GV 10 Beerse
39,Antwerpseweg 195,2018-09-28,14:00:00,15,10,5,FMN GV 10 Beerse
39,Antwerpseweg 195,2018-09-28,15:00:00,17,9,8,FMN GV 10 Beerse
39,Antwerpseweg 195,2018-09-28,16:00:00,27,17,10,FMN GV 10 Beerse
39,Antwerpseweg 195,2018-09-28,17:00:00,23,20,3,FMN GV 10 Beerse
39,Antwerpseweg 195,2018-09-28,18:00:00,14,8,6,FMN GV 10 Beerse
39,Antwerpseweg 195,2018-09-28,19:00:00,6,5,1,FMN GV 10 Beerse
39,Antwerpseweg 195,2018-09-28,20:00:00,2,0,2,FMN GV 10 Beerse
39,Antwerpseweg 195,2018-09-28,21:00:00,5,3,2,FMN GV 10 Beerse
39,Antwerpseweg 195,2018-09-28,22:00:00,4,3,1,FMN GV 10 Beerse
39,Antwerpseweg 195,2018-09-28,23:00:00,2,2,0,FMN GV 10 Beerse
39,Antwerpseweg 195,2018-09-29,00:00:00,1,1,0,FMN GV 10 Beerse
39,Antwerpseweg 195,2018-09-29,01:00:00,2,2,0,FMN GV 10 Beerse
39,Antwerpseweg 195,2018-09-29,02:00:00,0,0,0,FMN GV 10 Beerse
39,Antwerpseweg 195,2018-09-29,03:00:00,1,1,0,FMN GV 10 Beerse
39,Antwerpseweg 195,2018-09-29,04:00:00,0,0,0,FMN GV 10 Beerse
39,Antwerpseweg 195,2018-09-29,05:00:00,0,0,0,FMN GV 10 Beerse
39,Antwerpseweg 195,2018-09-29,06:00:00,3,2,1,FMN GV 10 Beerse
39,Antwerpseweg 195,2018-09-29,07:00:00,1,1,0,FMN GV 10 Beerse
39,Antwerpseweg 195,2018-09-29,08:00:00,6,5,1,FMN GV 10 Beerse
39,Antwerpseweg 195,2018-09-29,09:00:00,10,5,5,FMN GV 10 Beerse
39,Antwerpseweg 195,2018-09-29,10:00:00,6,3,3,FMN GV 10 Beerse
39,Antwerpseweg 195,2018-09-29,11:00:00,11,7,4,FMN GV 10 Beerse
39,Antwerpseweg 195,2018-09-29,12:00:00,19,8,11,FMN GV 10 Beerse
39,Antwerpseweg 195,2018-09-29,13:00:00,30,25,5,FMN GV 10 Beerse
39,Antwerpseweg 195,2018-09-29,14:00:00,11,9,2,FMN GV 10 Beerse
39,Antwerpseweg 195,2018-09-29,15:00:00,22,12,10,FMN GV 10 Beerse
39,Antwerpseweg 195,2018-09-29,16:00:00,10,7,3,FMN GV 10 Beerse
39,Antwerpseweg 195,2018-09-29,17:00:00,16,11,5,FMN GV 10 Beerse
39,Antwerpseweg 195,2018-09-29,18:00:00,5,5,0,FMN GV 10 Beerse
39,Antwerpseweg 195,2018-09-29,19:00:00,10,9,1,FMN GV 10 Beerse
39,Antwerpseweg 195,2018-09-29,20:00:00,4,2,2,FMN GV 10 Beerse
39,Antwerpseweg 195,2018-09-29,21:00:00,2,1,1,FMN GV 10 Beerse
39,Antwerpseweg 195,2018-09-29,22:00:00,2,2,0,FMN GV 10 Beerse
39,Antwerpseweg 195,2018-09-29,23:00:00,0,0,0,FMN GV 10 Beerse
39,Antwerpseweg 195,2018-09-30,00:00:00,2,1,1,FMN GV 10 Beerse
39,Antwerpseweg 195,2018-09-30,01:00:00,2,2,0,FMN GV 10 Beerse
39,Antwerpseweg 195,2018-09-30,02:00:00,0,0,0,FMN GV 10 Beerse
39,Antwerpseweg 195,2018-09-30,03:00:00,4,3,1,FMN GV 10 Beerse
39,Antwerpseweg 195,2018-09-30,04:00:00,0,0,0,FMN GV 10 Beerse
39,Antwerpseweg 195,2018-09-30,05:00:00,1,0,1,FMN GV 10 Beerse
39,Antwerpseweg 195,2018-09-30,06:00:00,2,1,1,FMN GV 10 Beerse
39,Antwerpseweg 195,2018-09-30,07:00:00,2,1,1,FMN GV 10 Beerse
39,Antwerpseweg 195,2018-09-30,08:00:00,7,5,2,FMN GV 10 Beerse
39,Antwerpseweg 195,2018-09-30,09:00:00,31,14,17,FMN GV 10 Beerse
39,Antwerpseweg 195,2018-09-30,10:00:00,28,23,5,FMN GV 10 Beerse
39,Antwerpseweg 195,2018-09-30,11:00:00,20,14,6,FMN GV 10 Beerse
39,Antwerpseweg 195,2018-09-30,12:00:00,30,18,12,FMN GV 10 Beerse
39,Antwerpseweg 195,2018-09-30,13:00:00,55,41,14,FMN GV 10 Beerse
39,Antwerpseweg 195,2018-09-30,14:00:00,32,21,11,FMN GV 10 Beerse
39,Antwerpseweg 195,2018-09-30,15:00:00,23,12,11,FMN GV 10 Beerse
39,Antwerpseweg 195,2018-09-30,16:00:00,22,12,10,FMN GV 10 Beerse
39,Antwerpseweg 195,2018-09-30,17:00:00,23,15,8,FMN GV 10 Beerse
39,Antwerpseweg 195,2018-09-30,18:00:00,11,4,7,FMN GV 10 Beerse
39,Antwerpseweg 195,2018-09-30,19:00:00,8,2,6,FMN GV 10 Beerse
39,Antwerpseweg 195,2018-09-30,20:00:00,3,2,1,FMN GV 10 Beerse
39,Antwerpseweg 195,2018-09-30,21:00:00,1,1,0,FMN GV 10 Beerse
39,Antwerpseweg 195,2018-09-30,22:00:00,3,1,2,FMN GV 10 Beerse
39,Antwerpseweg 195,2018-09-30,23:00:00,1,1,0,FMN GV 10 Beerse
39,Antwerpseweg 195,2018-10-01,00:00:00,0,0,0,FMN GV 10 Beerse
39,Antwerpseweg 195,2018-10-01,01:00:00,0,0,0,FMN GV 10 Beerse
39,Antwerpseweg 195,2018-10-01,02:00:00,0,0,0,FMN GV 10 Beerse
39,Antwerpseweg 195,2018-10-01,03:00:00,0,0,0,FMN GV 10 Beerse
39,Antwerpseweg 195,2018-10-01,04:00:00,1,1,0,FMN GV 10 Beerse
39,Antwerpseweg 195,2018-10-01,05:00:00,7,7,0,FMN GV 10 Beerse
39,Antwerpseweg 195,2018-10-01,06:00:00,5,5,0,FMN GV 10 Beerse
39,Antwerpseweg 195,2018-10-01,07:00:00,35,29,6,FMN GV 10 Beerse
39,Antwerpseweg 195,2018-10-01,08:00:00,12,10,2,FMN GV 10 Beerse
39,Antwerpseweg 195,2018-10-01,09:00:00,7,5,2,FMN GV 10 Beerse
39,Antwerpseweg 195,2018-10-01,10:00:00,8,8,0,FMN GV 10 Beerse
39,Antwerpseweg 195,2018-10-01,11:00:00,8,2,6,FMN GV 10 Beerse
39,Antwerpseweg 195,2018-10-01,12:00:00,3,2,1,FMN GV 10 Beerse
39,Antwerpseweg 195,2018-10-01,13:00:00,17,15,2,FMN GV 10 Beerse
39,Antwerpseweg 195,2018-10-01,14:00:00,8,5,3,FMN GV 10 Beerse
39,Antwerpseweg 195,2018-10-01,15:00:00,15,6,9,FMN GV 10 Beerse
39,Antwerpseweg 195,2018-10-01,16:00:00,39,33,6,FMN GV 10 Beerse
39,Antwerpseweg 195,2018-10-01,17:00:00,19,11,8,FMN GV 10 Beerse
39,Antwerpseweg 195,2018-10-01,18:00:00,9,4,5,FMN GV 10 Beerse
39,Antwerpseweg 195,2018-10-01,19:00:00,8,7,1,FMN GV 10 Beerse
39,Antwerpseweg 195,2018-10-01,20:00:00,7,4,3,FMN GV 10 Beerse
39,Antwerpseweg 195,2018-10-01,21:00:00,6,4,2,FMN GV 10 Beerse
39,Antwerpseweg 195,2018-10-01,22:00:00,3,3,0,FMN GV 10 Beerse
39,Antwerpseweg 195,2018-10-01,23:00:00,0,0,0,FMN GV 10 Beerse
39,Antwerpseweg 195,2018-10-02,00:00:00,0,0,0,FMN GV 10 Beerse
39,Antwerpseweg 195,2018-10-02,01:00:00,0,0,0,FMN GV 10 Beerse
39,Antwerpseweg 195,2018-10-02,02:00:00,0,0,0,FMN GV 10 Beerse
39,Antwerpseweg 195,2018-10-02,03:00:00,0,0,0,FMN GV 10 Beerse
39,Antwerpseweg 195,2018-10-02,04:00:00,0,0,0,FMN GV 10 Beerse
39,Antwerpseweg 195,2018-10-02,05:00:00,8,7,1,FMN GV 10 Beerse
39,Antwerpseweg 195,2018-10-02,06:00:00,3,1,2,FMN GV 10 Beerse
39,Antwerpseweg 195,2018-10-02,07:00:00,33,27,6,FMN GV 10 Beerse
39,Antwerpseweg 195,2018-10-02,08:00:00,23,12,11,FMN GV 10 Beerse
39,Antwerpseweg 195,2018-10-02,09:00:00,11,8,3,FMN GV 10 Beerse
39,Antwerpseweg 195,2018-10-02,10:00:00,7,6,1,FMN GV 10 Beerse
39,Antwerpseweg 195,2018-10-02,11:00:00,6,5,1,FMN GV 10 Beerse
39,Antwerpseweg 195,2018-10-02,12:00:00,4,3,1,FMN GV 10 Beerse
39,Antwerpseweg 195,2018-10-02,13:00:00,12,10,2,FMN GV 10 Beerse
39,Antwerpseweg 195,2018-10-02,14:00:00,12,6,6,FMN GV 10 Beerse
39,Antwerpseweg 195,2018-10-02,15:00:00,21,14,7,FMN GV 10 Beerse
39,Antwerpseweg 195,2018-10-02,16:00:00,47,36,11,FMN GV 10 Beerse
39,Antwerpseweg 195,2018-10-02,17:00:00,21,14,7,FMN GV 10 Beerse
39,Antwerpseweg 195,2018-10-02,18:00:00,12,6,6,FMN GV 10 Beerse
39,Antwerpseweg 195,2018-10-02,19:00:00,8,5,3,FMN GV 10 Beerse
39,Antwerpseweg 195,2018-10-02,20:00:00,4,2,2,FMN GV 10 Beerse
39,Antwerpseweg 195,2018-10-02,21:00:00,2,0,2,FMN GV 10 Beerse
39,Antwerpseweg 195,2018-10-02,22:00:00,5,4,1,FMN GV 10 Beerse
39,Antwerpseweg 195,2018-10-02,23:00:00,0,0,0,FMN GV 10 Beerse
39,Antwerpseweg 195,2018-10-03,00:00:00,1,1,0,FMN GV 10 Beerse
39,Antwerpseweg 195,2018-10-03,01:00:00,0,0,0,FMN GV 10 Beerse
39,Antwerpseweg 195,2018-10-03,02:00:00,0,0,0,FMN GV 10 Beerse
39,Antwerpseweg 195,2018-10-03,03:00:00,0,0,0,FMN GV 10 Beerse
39,Antwerpseweg 195,2018-10-03,04:00:00,0,0,0,FMN GV 10 Beerse
39,Antwerpseweg 195,2018-10-03,05:00:00,7,5,2,FMN GV 10 Beerse
39,Antwerpseweg 195,2018-10-03,06:00:00,7,5,2,FMN GV 10 Beerse
39,Antwerpseweg 195,2018-10-03,07:00:00,44,35,9,FMN GV 10 Beerse
39,Antwerpseweg 195,2018-10-03,08:00:00,33,25,8,FMN GV 10 Beerse
39,Antwerpseweg 195,2018-10-03,09:00:00,10,7,3,FMN GV 10 Beerse
39,Antwerpseweg 195,2018-10-03,10:00:00,5,3,2,FMN GV 10 Beerse
39,Antwerpseweg 195,2018-10-03,11:00:00,7,2,5,FMN GV 10 Beerse
39,Antwerpseweg 195,2018-10-03,12:00:00,44,32,12,FMN GV 10 Beerse
39,Antwerpseweg 195,2018-10-03,13:00:00,29,13,16,FMN GV 10 Beerse
39,Antwerpseweg 195,2018-10-03,14:00:00,30,21,9,FMN GV 10 Beerse
39,Antwerpseweg 195,2018-10-03,15:00:00,29,24,5,FMN GV 10 Beerse
39,Antwerpseweg 195,2018-10-03,16:00:00,38,25,13,FMN GV 10 Beerse
39,Antwerpseweg 195,2018-10-03,17:00:00,36,26,10,FMN GV 10 Beerse
39,Antwerpseweg 195,2018-10-03,18:00:00,13,10,3,FMN GV 10 Beerse
39,Antwerpseweg 195,2018-10-03,19:00:00,6,4,2,FMN GV 10 Beerse
39,Antwerpseweg 195,2018-10-03,20:00:00,8,4,4,FMN GV 10 Beerse
39,Antwerpseweg 195,2018-10-03,21:00:00,2,0,2,FMN GV 10 Beerse
39,Antwerpseweg 195,2018-10-03,22:00:00,4,3,1,FMN GV 10 Beerse
39,Antwerpseweg 195,2018-10-03,23:00:00,1,0,1,FMN GV 10 Beerse
39,Antwerpseweg 195,2018-10-04,00:00:00,0,0,0,FMN GV 10 Beerse
39,Antwerpseweg 195,2018-10-04,01:00:00,0,0,0,FMN GV 10 Beerse
39,Antwerpseweg 195,2018-10-04,02:00:00,0,0,0,FMN GV 10 Beerse
39,Antwerpseweg 195,2018-10-04,03:00:00,0,0,0,FMN GV 10 Beerse
39,Antwerpseweg 195,2018-10-04,04:00:00,0,0,0,FMN GV 10 Beerse
39,Antwerpseweg 195,2018-10-04,05:00:00,5,2,3,FMN GV 10 Beerse
39,Antwerpseweg 195,2018-10-04,06:00:00,9,7,2,FMN GV 10 Beerse
39,Antwerpseweg 195,2018-10-04,07:00:00,52,41,11,FMN GV 10 Beerse
39,Antwerpseweg 195,2018-10-04,08:00:00,38,27,11,FMN GV 10 Beerse
39,Antwerpseweg 195,2018-10-04,09:00:00,8,3,5,FMN GV 10 Beerse
39,Antwerpseweg 195,2018-10-04,10:00:00,7,5,2,FMN GV 10 Beerse
39,Antwerpseweg 195,2018-10-04,11:00:00,13,8,5,FMN GV 10 Beerse
39,Antwerpseweg 195,2018-10-04,12:00:00,17,12,5,FMN GV 10 Beerse
39,Antwerpseweg 195,2018-10-04,13:00:00,25,17,8,FMN GV 10 Beerse
39,Antwerpseweg 195,2018-10-04,14:00:00,43,33,10,FMN GV 10 Beerse
39,Antwerpseweg 195,2018-10-04,15:00:00,31,22,9,FMN GV 10 Beerse
39,Antwerpseweg 195,2018-10-04,16:00:00,60,39,21,FMN GV 10 Beerse
39,Antwerpseweg 195,2018-10-04,17:00:00,40,23,17,FMN GV 10 Beerse
39,Antwerpseweg 195,2018-10-04,18:00:00,14,8,6,FMN GV 10 Beerse
39,Antwerpseweg 195,2018-10-04,19:00:00,6,6,0,FMN GV 10 Beerse
39,Antwerpseweg 195,2018-10-04,20:00:00,5,1,4,FMN GV 10 Beerse
39,Antwerpseweg 195,2018-10-04,21:00:00,6,4,2,FMN GV 10 Beerse
39,Antwerpseweg 195,2018-10-04,22:00:00,3,2,1,FMN GV 10 Beerse
39,Antwerpseweg 195,2018-10-04,23:00:00,2,2,0,FMN GV 10 Beerse
39,Antwerpseweg 195,2018-10-05,00:00:00,0,0,0,FMN GV 10 Beerse
39,Antwerpseweg 195,2018-10-05,01:00:00,0,0,0,FMN GV 10 Beerse
39,Antwerpseweg 195,2018-10-05,02:00:00,0,0,0,FMN GV 10 Beerse
39,Antwerpseweg 195,2018-10-05,03:00:00,0,0,0,FMN GV 10 Beerse
39,Antwerpseweg 195,2018-10-05,04:00:00,0,0,0,FMN GV 10 Beerse
39,Antwerpseweg 195,2018-10-05,05:00:00,6,6,0,FMN GV 10 Beerse
39,Antwerpseweg 195,2018-10-05,06:00:00,12,10,2,FMN GV 10 Beerse
39,Antwerpseweg 195,2018-10-05,07:00:00,42,33,9,FMN GV 10 Beerse
39,Antwerpseweg 195,2018-10-05,08:00:00,34,24,10,FMN GV 10 Beerse
39,Antwerpseweg 195,2018-10-05,09:00:00,8,7,1,FMN GV 10 Beerse
39,Antwerpseweg 195,2018-10-05,10:00:00,10,7,3,FMN GV 10 Beerse
39,Antwerpseweg 195,2018-10-05,11:00:00,16,11,5,FMN GV 10 Beerse
39,Antwerpseweg 195,2018-10-05,12:00:00,21,16,5,FMN GV 10 Beerse
39,Antwerpseweg 195,2018-10-05,13:00:00,28,19,9,FMN GV 10 Beerse
39,Antwerpseweg 195,2018-10-05,14:00:00,39,26,13,FMN GV 10 Beerse
39,Antwerpseweg 195,2018-10-05,15:00:00,50,30,20,FMN GV 10 Beerse
39,Antwerpseweg 195,2018-10-05,16:00:00,53,33,20,FMN GV 10 Beerse
39,Antwerpseweg 195,2018-10-05,17:00:00,49,30,19,FMN GV 10 Beerse
39,Antwerpseweg 195,2018-10-05,18:00:00,11,6,5,FMN GV 10 Beerse
39,Antwerpseweg 195,2018-10-05,19:00:00,10,7,3,FMN GV 10 Beerse
39,Antwerpseweg 195,2018-10-05,20:00:00,6,4,2,FMN GV 10 Beerse
39,Antwerpseweg 195,2018-10-05,21:00:00,4,2,2,FMN GV 10 Beerse
39,Antwerpseweg 195,2018-10-05,22:00:00,5,4,1,FMN GV 10 Beerse
39,Antwerpseweg 195,2018-10-05,23:00:00,0,0,0,FMN GV 10 Beerse
39,Antwerpseweg 195,2018-10-06,00:00:00,0,0,0,FMN GV 10 Beerse
39,Antwerpseweg 195,2018-10-06,01:00:00,1,1,0,FMN GV 10 Beerse
39,Antwerpseweg 195,2018-10-06,02:00:00,0,0,0,FMN GV 10 Beerse
39,Antwerpseweg 195,2018-10-06,03:00:00,2,2,0,FMN GV 10 Beerse
39,Antwerpseweg 195,2018-10-06,04:00:00,0,0,0,FMN GV 10 Beerse
39,Antwerpseweg 195,2018-10-06,05:00:00,1,1,0,FMN GV 10 Beerse
39,Antwerpseweg 195,2018-10-06,06:00:00,0,0,0,FMN GV 10 Beerse
39,Antwerpseweg 195,2018-10-06,07:00:00,1,0,1,FMN GV 10 Beerse
39,Antwerpseweg 195,2018-10-06,08:00:00,3,2,1,FMN GV 10 Beerse
39,Antwerpseweg 195,2018-10-06,09:00:00,9,2,7,FMN GV 10 Beerse
39,Antwerpseweg 195,2018-10-06,10:00:00,9,6,3,FMN GV 10 Beerse
39,Antwerpseweg 195,2018-10-06,11:00:00,24,19,5,FMN GV 10 Beerse
39,Antwerpseweg 195,2018-10-06,12:00:00,21,14,7,FMN GV 10 Beerse
39,Antwerpseweg 195,2018-10-06,13:00:00,36,30,6,FMN GV 10 Beerse
39,Antwerpseweg 195,2018-10-06,14:00:00,25,17,8,FMN GV 10 Beerse
39,Antwerpseweg 195,2018-10-06,15:00:00,16,7,9,FMN GV 10 Beerse
39,Antwerpseweg 195,2018-10-06,16:00:00,31,23,8,FMN GV 10 Beerse
39,Antwerpseweg 195,2018-10-06,17:00:00,20,13,7,FMN GV 10 Beerse
39,Antwerpseweg 195,2018-10-06,18:00:00,17,11,6,FMN GV 10 Beerse
39,Antwerpseweg 195,2018-10-06,19:00:00,8,6,2,FMN GV 10 Beerse
39,Antwerpseweg 195,2018-10-06,20:00:00,5,4,1,FMN GV 10 Beerse
39,Antwerpseweg 195,2018-10-06,21:00:00,5,3,2,FMN GV 10 Beerse
39,Antwerpseweg 195,2018-10-06,22:00:00,2,2,0,FMN GV 10 Beerse
39,Antwerpseweg 195,2018-10-06,23:00:00,3,1,2,FMN GV 10 Beerse
39,Antwerpseweg 195,2018-10-07,00:00:00,0,0,0,FMN GV 10 Beerse
39,Antwerpseweg 195,2018-10-07,01:00:00,0,0,0,FMN GV 10 Beerse
39,Antwerpseweg 195,2018-10-07,02:00:00,1,1,0,FMN GV 10 Beerse
39,Antwerpseweg 195,2018-10-07,03:00:00,1,1,0,FMN GV 10 Beerse
39,Antwerpseweg 195,2018-10-07,04:00:00,0,0,0,FMN GV 10 Beerse
39,Antwerpseweg 195,2018-10-07,05:00:00,2,2,0,FMN GV 10 Beerse
39,Antwerpseweg 195,2018-10-07,06:00:00,0,0,0,FMN GV 10 Beerse
39,Antwerpseweg 195,2018-10-07,07:00:00,3,1,2,FMN GV 10 Beerse
39,Antwerpseweg 195,2018-10-07,08:00:00,4,2,2,FMN GV 10 Beerse
39,Antwerpseweg 195,2018-10-07,09:00:00,7,4,3,FMN GV 10 Beerse
39,Antwerpseweg 195,2018-10-07,10:00:00,16,13,3,FMN GV 10 Beerse
39,Antwerpseweg 195,2018-10-07,11:00:00,11,4,7,FMN GV 10 Beerse
39,Antwerpseweg 195,2018-10-07,12:00:00,13,7,6,FMN GV 10 Beerse
39,Antwerpseweg 195,2018-10-07,13:00:00,14,12,2,FMN GV 10 Beerse
39,Antwerpseweg 195,2018-10-07,14:00:00,17,9,8,FMN GV 10 Beerse
39,Antwerpseweg 195,2018-10-07,15:00:00,20,8,12,FMN GV 10 Beerse
39,Antwerpseweg 195,2018-10-07,16:00:00,13,9,4,FMN GV 10 Beerse
39,Antwerpseweg 195,2018-10-07,17:00:00,9,5,4,FMN GV 10 Beerse
39,Antwerpseweg 195,2018-10-07,18:00:00,7,4,3,FMN GV 10 Beerse
39,Antwerpseweg 195,2018-10-07,19:00:00,3,2,1,FMN GV 10 Beerse
39,Antwerpseweg 195,2018-10-07,20:00:00,3,3,0,FMN GV 10 Beerse
39,Antwerpseweg 195,2018-10-07,21:00:00,3,2,1,FMN GV 10 Beerse
39,Antwerpseweg 195,2018-10-07,22:00:00,2,1,1,FMN GV 10 Beerse
39,Antwerpseweg 195,2018-10-07,23:00:00,0,0,0,FMN GV 10 Beerse
39,Antwerpseweg 195,2018-10-08,00:00:00,0,0,0,FMN GV 10 Beerse
39,Antwerpseweg 195,2018-10-08,01:00:00,0,0,0,FMN GV 10 Beerse
39,Antwerpseweg 195,2018-10-08,02:00:00,0,0,0,FMN GV 10 Beerse
39,Antwerpseweg 195,2018-10-08,03:00:00,0,0,0,FMN GV 10 Beerse
39,Antwerpseweg 195,2018-10-08,04:00:00,3,3,0,FMN GV 10 Beerse
39,Antwerpseweg 195,2018-10-08,05:00:00,6,6,0,FMN GV 10 Beerse
39,Antwerpseweg 195,2018-10-08,06:00:00,6,6,0,FMN GV 10 Beerse
39,Antwerpseweg 195,2018-10-08,07:00:00,53,44,9,FMN GV 10 Beerse
39,Antwerpseweg 195,2018-10-08,08:00:00,28,25,3,FMN GV 10 Beerse
39,Antwerpseweg 195,2018-10-08,09:00:00,10,8,2,FMN GV 10 Beerse
39,Antwerpseweg 195,2018-10-08,10:00:00,13,9,4,FMN GV 10 Beerse
39,Antwerpseweg 195,2018-10-08,11:00:00,11,9,2,FMN GV 10 Beerse
39,Antwerpseweg 195,2018-10-08,12:00:00,14,8,6,FMN GV 10 Beerse
39,Antwerpseweg 195,2018-10-08,13:00:00,22,20,2,FMN GV 10 Beerse
39,Antwerpseweg 195,2018-10-08,14:00:00,26,14,12,FMN GV 10 Beerse
39,Antwerpseweg 195,2018-10-08,15:00:00,26,19,7,FMN GV 10 Beerse
39,Antwerpseweg 195,2018-10-08,16:00:00,65,53,12,FMN GV 10 Beerse
39,Antwerpseweg 195,2018-10-08,17:00:00,35,23,12,FMN GV 10 Beerse
39,Antwerpseweg 195,2018-10-08,18:00:00,19,12,7,FMN GV 10 Beerse
39,Antwerpseweg 195,2018-10-08,19:00:00,7,5,2,FMN GV 10 Beerse
39,Antwerpseweg 195,2018-10-08,20:00:00,7,3,4,FMN GV 10 Beerse
39,Antwerpseweg 195,2018-10-08,21:00:00,2,2,0,FMN GV 10 Beerse
39,Antwerpseweg 195,2018-10-08,22:00:00,7,4,3,FMN GV 10 Beerse
39,Antwerpseweg 195,2018-10-08,23:00:00,1,1,0,FMN GV 10 Beerse
39,Antwerpseweg 195,2018-10-09,00:00:00,0,0,0,FMN GV 10 Beerse
39,Antwerpseweg 195,2018-10-09,01:00:00,0,0,0,FMN GV 10 Beerse
39,Antwerpseweg 195,2018-10-09,02:00:00,0,0,0,FMN GV 10 Beerse
39,Antwerpseweg 195,2018-10-09,03:00:00,0,0,0,FMN GV 10 Beerse
39,Antwerpseweg 195,2018-10-09,04:00:00,2,2,0,FMN GV 10 Beerse
39,Antwerpseweg 195,2018-10-09,05:00:00,5,5,0,FMN GV 10 Beerse
39,Antwerpseweg 195,2018-10-09,06:00:00,9,8,1,FMN GV 10 Beerse
39,Antwerpseweg 195,2018-10-09,07:00:00,48,37,11,FMN GV 10 Beerse
39,Antwerpseweg 195,2018-10-09,08:00:00,29,21,8,FMN GV 10 Beerse
39,Antwerpseweg 195,2018-10-09,09:00:00,10,9,1,FMN GV 10 Beerse
39,Antwerpseweg 195,2018-10-09,10:00:00,10,7,3,FMN GV 10 Beerse
39,Antwerpseweg 195,2018-10-09,11:00:00,16,9,7,FMN GV 10 Beerse
39,Antwerpseweg 195,2018-10-09,12:00:00,25,17,8,FMN GV 10 Beerse
39,Antwerpseweg 195,2018-10-09,13:00:00,27,16,11,FMN GV 10 Beerse
39,Antwerpseweg 195,2018-10-09,14:00:00,31,22,9,FMN GV 10 Beerse
39,Antwerpseweg 195,2018-10-09,15:00:00,37,27,10,FMN GV 10 Beerse
39,Antwerpseweg 195,2018-10-09,16:00:00,114,79,35,FMN GV 10 Beerse
39,Antwerpseweg 195,2018-10-09,17:00:00,39,29,10,FMN GV 10 Beerse
39,Antwerpseweg 195,2018-10-09,18:00:00,20,13,7,FMN GV 10 Beerse
39,Antwerpseweg 195,2018-10-09,19:00:00,10,8,2,FMN GV 10 Beerse
39,Antwerpseweg 195,2018-10-09,20:00:00,5,3,2,FMN GV 10 Beerse
39,Antwerpseweg 195,2018-10-09,21:00:00,4,3,1,FMN GV 10 Beerse
39,Antwerpseweg 195,2018-10-09,22:00:00,9,7,2,FMN GV 10 Beerse
39,Antwerpseweg 195,2018-10-09,23:00:00,0,0,0,FMN GV 10 Beerse
39,Antwerpseweg 195,2018-10-10,00:00:00,0,0,0,FMN GV 10 Beerse
39,Antwerpseweg 195,2018-10-10,01:00:00,0,0,0,FMN GV 10 Beerse
39,Antwerpseweg 195,2018-10-10,02:00:00,0,0,0,FMN GV 10 Beerse
39,Antwerpseweg 195,2018-10-10,03:00:00,0,0,0,FMN GV 10 Beerse
39,Antwerpseweg 195,2018-10-10,04:00:00,2,2,0,FMN GV 10 Beerse
39,Antwerpseweg 195,2018-10-10,05:00:00,7,7,0,FMN GV 10 Beerse
39,Antwerpseweg 195,2018-10-10,06:00:00,7,5,2,FMN GV 10 Beerse
39,Antwerpseweg 195,2018-10-10,07:00:00,42,37,5,FMN GV 10 Beerse
39,Antwerpseweg 195,2018-10-10,08:00:00,35,24,11,FMN GV 10 Beerse
39,Antwerpseweg 195,2018-10-10,09:00:00,19,13,6,FMN GV 10 Beerse
39,Antwerpseweg 195,2018-10-10,10:00:00,22,15,7,FMN GV 10 Beerse
39,Antwerpseweg 195,2018-10-10,11:00:00,23,16,7,FMN GV 10 Beerse
39,Antwerpseweg 195,2018-10-10,12:00:00,44,41,3,FMN GV 10 Beerse
39,Antwerpseweg 195,2018-10-10,13:00:00,69,32,37,FMN GV 10 Beerse
39,Antwerpseweg 195,2018-10-10,14:00:00,33,22,11,FMN GV 10 Beerse
39,Antwerpseweg 195,2018-10-10,15:00:00,35,24,11,FMN GV 10 Beerse
39,Antwerpseweg 195,2018-10-10,16:00:00,43,32,11,FMN GV 10 Beerse
39,Antwerpseweg 195,2018-10-10,17:00:00,46,25,21,FMN GV 10 Beerse
39,Antwerpseweg 195,2018-10-10,18:00:00,13,9,4,FMN GV 10 Beerse
39,Antwerpseweg 195,2018-10-10,19:00:00,10,6,4,FMN GV 10 Beerse
39,Antwerpseweg 195,2018-10-10,20:00:00,6,4,2,FMN GV 10 Beerse
39,Antwerpseweg 195,2018-10-10,21:00:00,7,6,1,FMN GV 10 Beerse
39,Antwerpseweg 195,2018-10-10,22:00:00,10,6,4,FMN GV 10 Beerse
39,Antwerpseweg 195,2018-10-10,23:00:00,0,0,0,FMN GV 10 Beerse
39,Antwerpseweg 195,2018-10-11,00:00:00,0,0,0,FMN GV 10 Beerse
39,Antwerpseweg 195,2018-10-11,01:00:00,0,0,0,FMN GV 10 Beerse
39,Antwerpseweg 195,2018-10-11,02:00:00,0,0,0,FMN GV 10 Beerse
39,Antwerpseweg 195,2018-10-11,03:00:00,0,0,0,FMN GV 10 Beerse
39,Antwerpseweg 195,2018-10-11,04:00:00,1,1,0,FMN GV 10 Beerse
39,Antwerpseweg 195,2018-10-11,05:00:00,5,5,0,FMN GV 10 Beerse
39,Antwerpseweg 195,2018-10-11,06:00:00,11,7,4,FMN GV 10 Beerse
39,Antwerpseweg 195,2018-10-11,07:00:00,58,51,7,FMN GV 10 Beerse
39,Antwerpseweg 195,2018-10-11,08:00:00,26,18,8,FMN GV 10 Beerse
39,Antwerpseweg 195,2018-10-11,09:00:00,10,7,3,FMN GV 10 Beerse
39,Antwerpseweg 195,2018-10-11,10:00:00,4,4,0,FMN GV 10 Beerse
39,Antwerpseweg 195,2018-10-11,11:00:00,12,10,2,FMN GV 10 Beerse
39,Antwerpseweg 195,2018-10-11,12:00:00,15,9,6,FMN GV 10 Beerse
39,Antwerpseweg 195,2018-10-11,13:00:00,46,38,8,FMN GV 10 Beerse
39,Antwerpseweg 195,2018-10-11,14:00:00,19,10,9,FMN GV 10 Beerse
39,Antwerpseweg 195,2018-10-11,15:00:00,40,23,17,FMN GV 10 Beerse
39,Antwerpseweg 195,2018-10-11,16:00:00,64,48,16,FMN GV 10 Beerse
39,Antwerpseweg 195,2018-10-11,17:00:00,36,25,11,FMN GV 10 Beerse
39,Antwerpseweg 195,2018-10-11,18:00:00,21,11,10,FMN GV 10 Beerse
39,Antwerpseweg 195,2018-10-11,19:00:00,9,6,3,FMN GV 10 Beerse
39,Antwerpseweg 195,2018-10-11,20:00:00,3,2,1,FMN GV 10 Beerse
39,Antwerpseweg 195,2018-10-11,21:00:00,3,2,1,FMN GV 10 Beerse
39,Antwerpseweg 195,2018-10-11,22:00:00,7,6,1,FMN GV 10 Beerse
39,Antwerpseweg 195,2018-10-11,23:00:00,2,1,1,FMN GV 10 Beerse
39,Antwerpseweg 195,2018-10-12,00:00:00,0,0,0,FMN GV 10 Beerse
39,Antwerpseweg 195,2018-10-12,01:00:00,0,0,0,FMN GV 10 Beerse
39,Antwerpseweg 195,2018-10-12,02:00:00,0,0,0,FMN GV 10 Beerse
39,Antwerpseweg 195,2018-10-12,03:00:00,0,0,0,FMN GV 10 Beerse
39,Antwerpseweg 195,2018-10-12,04:00:00,0,0,0,FMN GV 10 Beerse
39,Antwerpseweg 195,2018-10-12,05:00:00,8,7,1,FMN GV 10 Beerse
39,Antwerpseweg 195,2018-10-12,06:00:00,9,7,2,FMN GV 10 Beerse
39,Antwerpseweg 195,2018-10-12,07:00:00,57,46,11,FMN GV 10 Beerse
39,Antwerpseweg 195,2018-10-12,08:00:00,27,18,9,FMN GV 10 Beerse
39,Antwerpseweg 195,2018-10-12,09:00:00,14,10,4,FMN GV 10 Beerse
39,Antwerpseweg 195,2018-10-12,10:00:00,8,5,3,FMN GV 10 Beerse
39,Antwerpseweg 195,2018-10-12,11:00:00,13,12,1,FMN GV 10 Beerse
39,Antwerpseweg 195,2018-10-12,12:00:00,15,6,9,FMN GV 10 Beerse
39,Antwerpseweg 195,2018-10-12,13:00:00,38,24,14,FMN GV 10 Beerse
39,Antwerpseweg 195,2018-10-12,14:00:00,51,32,19,FMN GV 10 Beerse
39,Antwerpseweg 195,2018-10-12,15:00:00,33,20,13,FMN GV 10 Beerse
39,Antwerpseweg 195,2018-10-12,16:00:00,70,48,22,FMN GV 10 Beerse
39,Antwerpseweg 195,2018-10-12,17:00:00,31,20,11,FMN GV 10 Beerse
39,Antwerpseweg 195,2018-10-12,18:00:00,15,7,8,FMN GV 10 Beerse
39,Antwerpseweg 195,2018-10-12,19:00:00,8,5,3,FMN GV 10 Beerse
39,Antwerpseweg 195,2018-10-12,20:00:00,12,7,5,FMN GV 10 Beerse
39,Antwerpseweg 195,2018-10-12,21:00:00,0,0,0,FMN GV 10 Beerse
39,Antwerpseweg 195,2018-10-12,22:00:00,6,5,1,FMN GV 10 Beerse
39,Antwerpseweg 195,2018-10-12,23:00:00,0,0,0,FMN GV 10 Beerse
39,Antwerpseweg 195,2018-10-13,00:00:00,0,0,0,FMN GV 10 Beerse
39,Antwerpseweg 195,2018-10-13,01:00:00,3,1,2,FMN GV 10 Beerse
39,Antwerpseweg 195,2018-10-13,02:00:00,0,0,0,FMN GV 10 Beerse
39,Antwerpseweg 195,2018-10-13,03:00:00,1,0,1,FMN GV 10 Beerse
39,Antwerpseweg 195,2018-10-13,04:00:00,0,0,0,FMN GV 10 Beerse
39,Antwerpseweg 195,2018-10-13,05:00:00,0,0,0,FMN GV 10 Beerse
39,Antwerpseweg 195,2018-10-13,06:00:00,0,0,0,FMN GV 10 Beerse
39,Antwerpseweg 195,2018-10-13,07:00:00,5,2,3,FMN GV 10 Beerse
39,Antwerpseweg 195,2018-10-13,08:00:00,5,4,1,FMN GV 10 Beerse
39,Antwerpseweg 195,2018-10-13,09:00:00,17,9,8,FMN GV 10 Beerse
39,Antwerpseweg 195,2018-10-13,10:00:00,12,10,2,FMN GV 10 Beerse
39,Antwerpseweg 195,2018-10-13,11:00:00,17,16,1,FMN GV 10 Beerse
39,Antwerpseweg 195,2018-10-13,12:00:00,30,25,5,FMN GV 10 Beerse
39,Antwerpseweg 195,2018-10-13,13:00:00,30,25,5,FMN GV 10 Beerse
39,Antwerpseweg 195,2018-10-13,14:00:00,64,51,13,FMN GV 10 Beerse
39,Antwerpseweg 195,2018-10-13,15:00:00,49,33,16,FMN GV 10 Beerse
39,Antwerpseweg 195,2018-10-13,16:00:00,36,29,7,FMN GV 10 Beerse
39,Antwerpseweg 195,2018-10-13,17:00:00,25,11,14,FMN GV 10 Beerse
39,Antwerpseweg 195,2018-10-13,18:00:00,24,14,10,FMN GV 10 Beerse
39,Antwerpseweg 195,2018-10-13,19:00:00,11,5,6,FMN GV 10 Beerse
39,Antwerpseweg 195,2018-10-13,20:00:00,8,6,2,FMN GV 10 Beerse
39,Antwerpseweg 195,2018-10-13,21:00:00,2,2,0,FMN GV 10 Beerse
39,Antwerpseweg 195,2018-10-13,22:00:00,8,5,3,FMN GV 10 Beerse
39,Antwerpseweg 195,2018-10-13,23:00:00,4,3,1,FMN GV 10 Beerse
39,Antwerpseweg 195,2018-10-14,00:00:00,0,0,0,FMN GV 10 Beerse
39,Antwerpseweg 195,2018-10-14,01:00:00,2,2,0,FMN GV 10 Beerse
39,Antwerpseweg 195,2018-10-14,02:00:00,7,5,2,FMN GV 10 Beerse
39,Antwerpseweg 195,2018-10-14,03:00:00,3,3,0,FMN GV 10 Beerse
39,Antwerpseweg 195,2018-10-14,04:00:00,1,1,0,FMN GV 10 Beerse
39,Antwerpseweg 195,2018-10-14,05:00:00,1,1,0,FMN GV 10 Beerse
39,Antwerpseweg 195,2018-10-14,06:00:00,0,0,0,FMN GV 10 Beerse
39,Antwerpseweg 195,2018-10-14,07:00:00,3,0,3,FMN GV 10 Beerse
39,Antwerpseweg 195,2018-10-14,08:00:00,4,4,0,FMN GV 10 Beerse
39,Antwerpseweg 195,2018-10-14,09:00:00,18,13,5,FMN GV 10 Beerse
39,Antwerpseweg 195,2018-10-14,10:00:00,20,7,13,FMN GV 10 Beerse
39,Antwerpseweg 195,2018-10-14,11:00:00,29,16,13,FMN GV 10 Beerse
39,Antwerpseweg 195,2018-10-14,12:00:00,27,15,12,FMN GV 10 Beerse
39,Antwerpseweg 195,2018-10-14,13:00:00,45,19,26,FMN GV 10 Beerse
39,Antwerpseweg 195,2018-10-14,14:00:00,24,15,9,FMN GV 10 Beerse
39,Antwerpseweg 195,2018-10-14,15:00:00,43,18,25,FMN GV 10 Beerse
39,Antwerpseweg 195,2018-10-14,16:00:00,34,27,7,FMN GV 10 Beerse
39,Antwerpseweg 195,2018-10-14,17:00:00,20,13,7,FMN GV 10 Beerse
39,Antwerpseweg 195,2018-10-14,18:00:00,14,9,5,FMN GV 10 Beerse
39,Antwerpseweg 195,2018-10-14,19:00:00,1,1,0,FMN GV 10 Beerse
39,Antwerpseweg 195,2018-10-14,20:00:00,1,1,0,FMN GV 10 Beerse
39,Antwerpseweg 195,2018-10-14,21:00:00,2,2,0,FMN GV 10 Beerse
39,Antwerpseweg 195,2018-10-14,22:00:00,0,0,0,FMN GV 10 Beerse
39,Antwerpseweg 195,2018-10-14,23:00:00,0,0,0,FMN GV 10 Beerse
39,Antwerpseweg 195,2018-10-15,00:00:00,0,0,0,FMN GV 10 Beerse
39,Antwerpseweg 195,2018-10-15,01:00:00,0,0,0,FMN GV 10 Beerse
39,Antwerpseweg 195,2018-10-15,02:00:00,0,0,0,FMN GV 10 Beerse
39,Antwerpseweg 195,2018-10-15,03:00:00,0,0,0,FMN GV 10 Beerse
39,Antwerpseweg 195,2018-10-15,04:00:00,1,1,0,FMN GV 10 Beerse
39,Antwerpseweg 195,2018-10-15,05:00:00,5,5,0,FMN GV 10 Beerse
39,Antwerpseweg 195,2018-10-15,06:00:00,10,8,2,FMN GV 10 Beerse
39,Antwerpseweg 195,2018-10-15,07:00:00,43,38,5,FMN GV 10 Beerse
39,Antwerpseweg 195,2018-10-15,08:00:00,33,25,8,FMN GV 10 Beerse
39,Antwerpseweg 195,2018-10-15,09:00:00,15,12,3,FMN GV 10 Beerse
39,Antwerpseweg 195,2018-10-15,10:00:00,7,5,2,FMN GV 10 Beerse
39,Antwerpseweg 195,2018-10-15,11:00:00,12,9,3,FMN GV 10 Beerse
39,Antwerpseweg 195,2018-10-15,12:00:00,14,10,4,FMN GV 10 Beerse
39,Antwerpseweg 195,2018-10-15,13:00:00,28,24,4,FMN GV 10 Beerse
39,Antwerpseweg 195,2018-10-15,14:00:00,17,10,7,FMN GV 10 Beerse
39,Antwerpseweg 195,2018-10-15,15:00:00,28,21,7,FMN GV 10 Beerse
39,Antwerpseweg 195,2018-10-15,16:00:00,58,41,17,FMN GV 10 Beerse
39,Antwerpseweg 195,2018-10-15,17:00:00,49,32,17,FMN GV 10 Beerse
39,Antwerpseweg 195,2018-10-15,18:00:00,13,8,5,FMN GV 10 Beerse
39,Antwerpseweg 195,2018-10-15,19:00:00,14,10,4,FMN GV 10 Beerse
39,Antwerpseweg 195,2018-10-15,20:00:00,4,1,3,FMN GV 10 Beerse
39,Antwerpseweg 195,2018-10-15,21:00:00,6,4,2,FMN GV 10 Beerse
39,Antwerpseweg 195,2018-10-15,22:00:00,8,5,3,FMN GV 10 Beerse
39,Antwerpseweg 195,2018-10-15,23:00:00,0,0,0,FMN GV 10 Beerse
39,Antwerpseweg 195,2018-10-16,00:00:00,0,0,0,FMN GV 10 Beerse
39,Antwerpseweg 195,2018-10-16,01:00:00,0,0,0,FMN GV 10 Beerse
39,Antwerpseweg 195,2018-10-16,02:00:00,0,0,0,FMN GV 10 Beerse
39,Antwerpseweg 195,2018-10-16,03:00:00,0,0,0,FMN GV 10 Beerse
39,Antwerpseweg 195,2018-10-16,04:00:00,2,2,0,FMN GV 10 Beerse
39,Antwerpseweg 195,2018-10-16,05:00:00,6,6,0,FMN GV 10 Beerse
39,Antwerpseweg 195,2018-10-16,06:00:00,14,14,0,FMN GV 10 Beerse
39,Antwerpseweg 195,2018-10-16,07:00:00,56,42,14,FMN GV 10 Beerse
39,Antwerpseweg 195,2018-10-16,08:00:00,38,27,11,FMN GV 10 Beerse
39,Antwerpseweg 195,2018-10-16,09:00:00,8,6,2,FMN GV 10 Beerse
39,Antwerpseweg 195,2018-10-16,10:00:00,12,5,7,FMN GV 10 Beerse
39,Antwerpseweg 195,2018-10-16,11:00:00,12,9,3,FMN GV 10 Beerse
39,Antwerpseweg 195,2018-10-16,12:00:00,23,15,8,FMN GV 10 Beerse
39,Antwerpseweg 195,2018-10-16,13:00:00,31,24,7,FMN GV 10 Beerse
39,Antwerpseweg 195,2018-10-16,14:00:00,53,26,27,FMN GV 10 Beerse
39,Antwerpseweg 195,2018-10-16,15:00:00,46,28,18,FMN GV 10 Beerse
39,Antwerpseweg 195,2018-10-16,16:00:00,88,62,26,FMN GV 10 Beerse
39,Antwerpseweg 195,2018-10-16,17:00:00,48,35,13,FMN GV 10 Beerse
39,Antwerpseweg 195,2018-10-16,18:00:00,20,14,6,FMN GV 10 Beerse
39,Antwerpseweg 195,2018-10-16,19:00:00,18,14,4,FMN GV 10 Beerse
39,Antwerpseweg 195,2018-10-16,20:00:00,8,6,2,FMN GV 10 Beerse
39,Antwerpseweg 195,2018-10-16,21:00:00,8,7,1,FMN GV 10 Beerse
39,Antwerpseweg 195,2018-10-16,22:00:00,7,7,0,FMN GV 10 Beerse
39,Antwerpseweg 195,2018-10-16,23:00:00,1,0,1,FMN GV 10 Beerse
39,Antwerpseweg 195,2018-10-17,00:00:00,0,0,0,FMN GV 10 Beerse
39,Antwerpseweg 195,2018-10-17,01:00:00,0,0,0,FMN GV 10 Beerse
39,Antwerpseweg 195,2018-10-17,02:00:00,0,0,0,FMN GV 10 Beerse
39,Antwerpseweg 195,2018-10-17,03:00:00,0,0,0,FMN GV 10 Beerse
39,Antwerpseweg 195,2018-10-17,04:00:00,2,2,0,FMN GV 10 Beerse
39,Antwerpseweg 195,2018-10-17,05:00:00,4,3,1,FMN GV 10 Beerse
39,Antwerpseweg 195,2018-10-17,06:00:00,7,4,3,FMN GV 10 Beerse
39,Antwerpseweg 195,2018-10-17,07:00:00,51,44,7,FMN GV 10 Beerse
39,Antwerpseweg 195,2018-10-17,08:00:00,28,20,8,FMN GV 10 Beerse
39,Antwerpseweg 195,2018-10-17,09:00:00,13,11,2,FMN GV 10 Beerse
39,Antwerpseweg 195,2018-10-17,10:00:00,26,25,1,FMN GV 10 Beerse
39,Antwerpseweg 195,2018-10-17,11:00:00,17,9,8,FMN GV 10 Beerse
39,Antwerpseweg 195,2018-10-17,12:00:00,41,30,11,FMN GV 10 Beerse
39,Antwerpseweg 195,2018-10-17,13:00:00,29,20,9,FMN GV 10 Beerse
39,Antwerpseweg 195,2018-10-17,14:00:00,31,19,12,FMN GV 10 Beerse
39,Antwerpseweg 195,2018-10-17,15:00:00,44,28,16,FMN GV 10 Beerse
39,Antwerpseweg 195,2018-10-17,16:00:00,47,27,20,FMN GV 10 Beerse
39,Antwerpseweg 195,2018-10-17,17:00:00,32,19,13,FMN GV 10 Beerse
39,Antwerpseweg 195,2018-10-17,18:00:00,17,14,3,FMN GV 10 Beerse
39,Antwerpseweg 195,2018-10-17,19:00:00,9,7,2,FMN GV 10 Beerse
39,Antwerpseweg 195,2018-10-17,20:00:00,6,4,2,FMN GV 10 Beerse
39,Antwerpseweg 195,2018-10-17,21:00:00,2,1,1,FMN GV 10 Beerse
39,Antwerpseweg 195,2018-10-17,22:00:00,5,4,1,FMN GV 10 Beerse
39,Antwerpseweg 195,2018-10-17,23:00:00,0,0,0,FMN GV 10 Beerse
39,Antwerpseweg 195,2018-10-18,00:00:00,0,0,0,FMN GV 10 Beerse
39,Antwerpseweg 195,2018-10-18,01:00:00,0,0,0,FMN GV 10 Beerse
39,Antwerpseweg 195,2018-10-18,02:00:00,0,0,0,FMN GV 10 Beerse
39,Antwerpseweg 195,2018-10-18,03:00:00,0,0,0,FMN GV 10 Beerse
39,Antwerpseweg 195,2018-10-18,04:00:00,1,1,0,FMN GV 10 Beerse
39,Antwerpseweg 195,2018-10-18,05:00:00,5,5,0,FMN GV 10 Beerse
39,Antwerpseweg 195,2018-10-18,06:00:00,12,9,3,FMN GV 10 Beerse
39,Antwerpseweg 195,2018-10-18,07:00:00,48,41,7,FMN GV 10 Beerse
39,Antwerpseweg 195,2018-10-18,08:00:00,34,27,7,FMN GV 10 Beerse
39,Antwerpseweg 195,2018-10-18,09:00:00,20,11,9,FMN GV 10 Beerse
39,Antwerpseweg 195,2018-10-18,10:00:00,9,9,0,FMN GV 10 Beerse
39,Antwerpseweg 195,2018-10-18,11:00:00,12,4,8,FMN GV 10 Beerse
39,Antwerpseweg 195,2018-10-18,12:00:00,22,15,7,FMN GV 10 Beerse
39,Antwerpseweg 195,2018-10-18,13:00:00,18,15,3,FMN GV 10 Beerse
39,Antwerpseweg 195,2018-10-18,14:00:00,23,18,5,FMN GV 10 Beerse
39,Antwerpseweg 195,2018-10-18,15:00:00,38,25,13,FMN GV 10 Beerse
39,Antwerpseweg 195,2018-10-18,16:00:00,76,65,11,FMN GV 10 Beerse
39,Antwerpseweg 195,2018-10-18,17:00:00,31,19,12,FMN GV 10 Beerse
39,Antwerpseweg 195,2018-10-18,18:00:00,14,13,1,FMN GV 10 Beerse
39,Antwerpseweg 195,2018-10-18,19:00:00,7,5,2,FMN GV 10 Beerse
39,Antwerpseweg 195,2018-10-18,20:00:00,7,3,4,FMN GV 10 Beerse
39,Antwerpseweg 195,2018-10-18,21:00:00,3,2,1,FMN GV 10 Beerse
39,Antwerpseweg 195,2018-10-18,22:00:00,1,1,0,FMN GV 10 Beerse
39,Antwerpseweg 195,2018-10-18,23:00:00,1,0,1,FMN GV 10 Beerse
39,Antwerpseweg 195,2018-10-19,00:00:00,0,0,0,FMN GV 10 Beerse
39,Antwerpseweg 195,2018-10-19,01:00:00,1,0,1,FMN GV 10 Beerse
39,Antwerpseweg 195,2018-10-19,02:00:00,1,1,0,FMN GV 10 Beerse
39,Antwerpseweg 195,2018-10-19,03:00:00,1,1,0,FMN GV 10 Beerse
39,Antwerpseweg 195,2018-10-19,04:00:00,1,1,0,FMN GV 10 Beerse
39,Antwerpseweg 195,2018-10-19,05:00:00,9,9,0,FMN GV 10 Beerse
39,Antwerpseweg 195,2018-10-19,06:00:00,8,8,0,FMN GV 10 Beerse
39,Antwerpseweg 195,2018-10-19,07:00:00,42,38,4,FMN GV 10 Beerse
39,Antwerpseweg 195,2018-10-19,08:00:00,20,16,4,FMN GV 10 Beerse
39,Antwerpseweg 195,2018-10-19,09:00:00,9,7,2,FMN GV 10 Beerse
39,Antwerpseweg 195,2018-10-19,10:00:00,13,9,4,FMN GV 10 Beerse
39,Antwerpseweg 195,2018-10-19,11:00:00,18,17,1,FMN GV 10 Beerse
39,Antwerpseweg 195,2018-10-19,12:00:00,11,7,4,FMN GV 10 Beerse
39,Antwerpseweg 195,2018-10-19,13:00:00,11,8,3,FMN GV 10 Beerse
39,Antwerpseweg 195,2018-10-19,14:00:00,16,11,5,FMN GV 10 Beerse
39,Antwerpseweg 195,2018-10-19,15:00:00,34,22,12,FMN GV 10 Beerse
39,Antwerpseweg 195,2018-10-19,16:00:00,41,32,9,FMN GV 10 Beerse
39,Antwerpseweg 195,2018-10-19,17:00:00,27,20,7,FMN GV 10 Beerse
39,Antwerpseweg 195,2018-10-19,18:00:00,13,10,3,FMN GV 10 Beerse
39,Antwerpseweg 195,2018-10-19,19:00:00,3,1,2,FMN GV 10 Beerse
39,Antwerpseweg 195,2018-10-19,20:00:00,10,6,4,FMN GV 10 Beerse
39,Antwerpseweg 195,2018-10-19,21:00:00,4,4,0,FMN GV 10 Beerse
39,Antwerpseweg 195,2018-10-19,22:00:00,1,1,0,FMN GV 10 Beerse
39,Antwerpseweg 195,2018-10-19,23:00:00,3,2,1,FMN GV 10 Beerse
39,Antwerpseweg 195,2018-10-20,00:00:00,0,0,0,FMN GV 10 Beerse
39,Antwerpseweg 195,2018-10-20,01:00:00,3,2,1,FMN GV 10 Beerse
39,Antwerpseweg 195,2018-10-20,02:00:00,1,1,0,FMN GV 10 Beerse
39,Antwerpseweg 195,2018-10-20,03:00:00,0,0,0,FMN GV 10 Beerse
39,Antwerpseweg 195,2018-10-20,04:00:00,0,0,0,FMN GV 10 Beerse
39,Antwerpseweg 195,2018-10-20,05:00:00,0,0,0,FMN GV 10 Beerse
39,Antwerpseweg 195,2018-10-20,06:00:00,2,1,1,FMN GV 10 Beerse
39,Antwerpseweg 195,2018-10-20,07:00:00,0,0,0,FMN GV 10 Beerse
39,Antwerpseweg 195,2018-10-20,08:00:00,4,2,2,FMN GV 10 Beerse
39,Antwerpseweg 195,2018-10-20,09:00:00,8,1,7,FMN GV 10 Beerse
39,Antwerpseweg 195,2018-10-20,10:00:00,5,2,3,FMN GV 10 Beerse
39,Antwerpseweg 195,2018-10-20,11:00:00,13,9,4,FMN GV 10 Beerse
39,Antwerpseweg 195,2018-10-20,12:00:00,19,11,8,FMN GV 10 Beerse
39,Antwerpseweg 195,2018-10-20,13:00:00,16,14,2,FMN GV 10 Beerse
39,Antwerpseweg 195,2018-10-20,14:00:00,27,15,12,FMN GV 10 Beerse
39,Antwerpseweg 195,2018-10-20,15:00:00,42,33,9,FMN GV 10 Beerse
39,Antwerpseweg 195,2018-10-20,16:00:00,21,13,8,FMN GV 10 Beerse
39,Antwerpseweg 195,2018-10-20,17:00:00,8,3,5,FMN GV 10 Beerse
39,Antwerpseweg 195,2018-10-20,18:00:00,9,7,2,FMN GV 10 Beerse
39,Antwerpseweg 195,2018-10-20,19:00:00,3,2,1,FMN GV 10 Beerse
39,Antwerpseweg 195,2018-10-20,20:00:00,7,6,1,FMN GV 10 Beerse
39,Antwerpseweg 195,2018-10-20,21:00:00,3,1,2,FMN GV 10 Beerse
39,Antwerpseweg 195,2018-10-20,22:00:00,1,0,1,FMN GV 10 Beerse
39,Antwerpseweg 195,2018-10-20,23:00:00,1,1,0,FMN GV 10 Beerse
39,Antwerpseweg 195,2018-10-21,00:00:00,1,1,0,FMN GV 10 Beerse
39,Antwerpseweg 195,2018-10-21,01:00:00,2,2,0,FMN GV 10 Beerse
39,Antwerpseweg 195,2018-10-21,02:00:00,0,0,0,FMN GV 10 Beerse
39,Antwerpseweg 195,2018-10-21,03:00:00,0,0,0,FMN GV 10 Beerse
39,Antwerpseweg 195,2018-10-21,04:00:00,1,0,1,FMN GV 10 Beerse
39,Antwerpseweg 195,2018-10-21,05:00:00,1,1,0,FMN GV 10 Beerse
39,Antwerpseweg 195,2018-10-21,06:00:00,2,2,0,FMN GV 10 Beerse
39,Antwerpseweg 195,2018-10-21,07:00:00,4,1,3,FMN GV 10 Beerse
39,Antwerpseweg 195,2018-10-21,08:00:00,25,18,7,FMN GV 10 Beerse
39,Antwerpseweg 195,2018-10-21,09:00:00,13,10,3,FMN GV 10 Beerse
39,Antwerpseweg 195,2018-10-21,10:00:00,18,12,6,FMN GV 10 Beerse
39,Antwerpseweg 195,2018-10-21,11:00:00,26,16,10,FMN GV 10 Beerse
39,Antwerpseweg 195,2018-10-21,12:00:00,14,14,0,FMN GV 10 Beerse
39,Antwerpseweg 195,2018-10-21,13:00:00,26,16,10,FMN GV 10 Beerse
39,Antwerpseweg 195,2018-10-21,14:00:00,40,22,18,FMN GV 10 Beerse
39,Antwerpseweg 195,2018-10-21,15:00:00,39,27,12,FMN GV 10 Beerse
39,Antwerpseweg 195,2018-10-21,16:00:00,27,17,10,FMN GV 10 Beerse
39,Antwerpseweg 195,2018-10-21,17:00:00,15,12,3,FMN GV 10 Beerse
39,Antwerpseweg 195,2018-10-21,18:00:00,9,8,1,FMN GV 10 Beerse
39,Antwerpseweg 195,2018-10-21,19:00:00,5,3,2,FMN GV 10 Beerse
39,Antwerpseweg 195,2018-10-21,20:00:00,2,1,1,FMN GV 10 Beerse
39,Antwerpseweg 195,2018-10-21,21:00:00,4,3,1,FMN GV 10 Beerse
39,Antwerpseweg 195,2018-10-21,22:00:00,0,0,0,FMN GV 10 Beerse
39,Antwerpseweg 195,2018-10-21,23:00:00,0,0,0,FMN GV 10 Beerse
39,Antwerpseweg 195,2018-10-22,00:00:00,0,0,0,FMN GV 10 Beerse
39,Antwerpseweg 195,2018-10-22,01:00:00,0,0,0,FMN GV 10 Beerse
39,Antwerpseweg 195,2018-10-22,02:00:00,0,0,0,FMN GV 10 Beerse
39,Antwerpseweg 195,2018-10-22,03:00:00,0,0,0,FMN GV 10 Beerse
39,Antwerpseweg 195,2018-10-22,04:00:00,1,1,0,FMN GV 10 Beerse
39,Antwerpseweg 195,2018-10-22,05:00:00,6,4,2,FMN GV 10 Beerse
39,Antwerpseweg 195,2018-10-22,06:00:00,8,8,0,FMN GV 10 Beerse
39,Antwerpseweg 195,2018-10-22,07:00:00,36,28,8,FMN GV 10 Beerse
39,Antwerpseweg 195,2018-10-22,08:00:00,26,18,8,FMN GV 10 Beerse
39,Antwerpseweg 195,2018-10-22,09:00:00,11,10,1,FMN GV 10 Beerse
39,Antwerpseweg 195,2018-10-22,10:00:00,6,5,1,FMN GV 10 Beerse
39,Antwerpseweg 195,2018-10-22,11:00:00,10,5,5,FMN GV 10 Beerse
39,Antwerpseweg 195,2018-10-22,12:00:00,15,13,2,FMN GV 10 Beerse
39,Antwerpseweg 195,2018-10-22,13:00:00,12,7,5,FMN GV 10 Beerse
39,Antwerpseweg 195,2018-10-22,14:00:00,25,17,8,FMN GV 10 Beerse
39,Antwerpseweg 195,2018-10-22,15:00:00,29,18,11,FMN GV 10 Beerse
39,Antwerpseweg 195,2018-10-22,16:00:00,38,24,14,FMN GV 10 Beerse
39,Antwerpseweg 195,2018-10-22,17:00:00,31,20,11,FMN GV 10 Beerse
39,Antwerpseweg 195,2018-10-22,18:00:00,15,13,2,FMN GV 10 Beerse
39,Antwerpseweg 195,2018-10-22,19:00:00,9,8,1,FMN GV 10 Beerse
39,Antwerpseweg 195,2018-10-22,20:00:00,7,3,4,FMN GV 10 Beerse
39,Antwerpseweg 195,2018-10-22,21:00:00,6,6,0,FMN GV 10 Beerse
39,Antwerpseweg 195,2018-10-22,22:00:00,7,4,3,FMN GV 10 Beerse
39,Antwerpseweg 195,2018-10-22,23:00:00,0,0,0,FMN GV 10 Beerse
39,Antwerpseweg 195,2018-10-23,00:00:00,0,0,0,FMN GV 10 Beerse
39,Antwerpseweg 195,2018-10-23,01:00:00,0,0,0,FMN GV 10 Beerse
39,Antwerpseweg 195,2018-10-23,02:00:00,0,0,0,FMN GV 10 Beerse
39,Antwerpseweg 195,2018-10-23,03:00:00,0,0,0,FMN GV 10 Beerse
39,Antwerpseweg 195,2018-10-23,04:00:00,2,2,0,FMN GV 10 Beerse
39,Antwerpseweg 195,2018-10-23,05:00:00,7,7,0,FMN GV 10 Beerse
39,Antwerpseweg 195,2018-10-23,06:00:00,8,7,1,FMN GV 10 Beerse
39,Antwerpseweg 195,2018-10-23,07:00:00,50,42,8,FMN GV 10 Beerse
39,Antwerpseweg 195,2018-10-23,08:00:00,30,22,8,FMN GV 10 Beerse
39,Antwerpseweg 195,2018-10-23,09:00:00,6,5,1,FMN GV 10 Beerse
39,Antwerpseweg 195,2018-10-23,10:00:00,7,5,2,FMN GV 10 Beerse
39,Antwerpseweg 195,2018-10-23,11:00:00,8,5,3,FMN GV 10 Beerse
39,Antwerpseweg 195,2018-10-23,12:00:00,21,15,6,FMN GV 10 Beerse
39,Antwerpseweg 195,2018-10-23,13:00:00,21,18,3,FMN GV 10 Beerse
39,Antwerpseweg 195,2018-10-23,14:00:00,33,23,10,FMN GV 10 Beerse
39,Antwerpseweg 195,2018-10-23,15:00:00,49,35,14,FMN GV 10 Beerse
39,Antwerpseweg 195,2018-10-23,16:00:00,54,35,19,FMN GV 10 Beerse
39,Antwerpseweg 195,2018-10-23,17:00:00,29,20,9,FMN GV 10 Beerse
39,Antwerpseweg 195,2018-10-23,18:00:00,12,10,2,FMN GV 10 Beerse
39,Antwerpseweg 195,2018-10-23,19:00:00,8,7,1,FMN GV 10 Beerse
39,Antwerpseweg 195,2018-10-23,20:00:00,2,1,1,FMN GV 10 Beerse
39,Antwerpseweg 195,2018-10-23,21:00:00,4,4,0,FMN GV 10 Beerse
39,Antwerpseweg 195,2018-10-23,22:00:00,6,5,1,FMN GV 10 Beerse
39,Antwerpseweg 195,2018-10-23,23:00:00,0,0,0,FMN GV 10 Beerse
39,Antwerpseweg 195,2018-10-24,00:00:00,0,0,0,FMN GV 10 Beerse
39,Antwerpseweg 195,2018-10-24,01:00:00,0,0,0,FMN GV 10 Beerse
39,Antwerpseweg 195,2018-10-24,02:00:00,1,0,1,FMN GV 10 Beerse
39,Antwerpseweg 195,2018-10-24,03:00:00,0,0,0,FMN GV 10 Beerse
39,Antwerpseweg 195,2018-10-24,04:00:00,1,1,0,FMN GV 10 Beerse
39,Antwerpseweg 195,2018-10-24,05:00:00,5,5,0,FMN GV 10 Beerse
39,Antwerpseweg 195,2018-10-24,06:00:00,11,9,2,FMN GV 10 Beerse
39,Antwerpseweg 195,2018-10-24,07:00:00,43,35,8,FMN GV 10 Beerse
39,Antwerpseweg 195,2018-10-24,08:00:00,22,14,8,FMN GV 10 Beerse
39,Antwerpseweg 195,2018-10-24,09:00:00,8,7,1,FMN GV 10 Beerse
39,Antwerpseweg 195,2018-10-24,10:00:00,5,3,2,FMN GV 10 Beerse
39,Antwerpseweg 195,2018-10-24,11:00:00,8,5,3,FMN GV 10 Beerse
39,Antwerpseweg 195,2018-10-24,12:00:00,39,32,7,FMN GV 10 Beerse
39,Antwerpseweg 195,2018-10-24,13:00:00,19,12,7,FMN GV 10 Beerse
39,Antwerpseweg 195,2018-10-24,14:00:00,11,5,6,FMN GV 10 Beerse
39,Antwerpseweg 195,2018-10-24,15:00:00,16,11,5,FMN GV 10 Beerse
39,Antwerpseweg 195,2018-10-24,16:00:00,23,17,6,FMN GV 10 Beerse
39,Antwerpseweg 195,2018-10-24,17:00:00,25,16,9,FMN GV 10 Beerse
39,Antwerpseweg 195,2018-10-24,18:00:00,11,8,3,FMN GV 10 Beerse
39,Antwerpseweg 195,2018-10-24,19:00:00,6,4,2,FMN GV 10 Beerse
39,Antwerpseweg 195,2018-10-24,20:00:00,6,5,1,FMN GV 10 Beerse
39,Antwerpseweg 195,2018-10-24,21:00:00,5,5,0,FMN GV 10 Beerse
39,Antwerpseweg 195,2018-10-24,22:00:00,5,2,3,FMN GV 10 Beerse
39,Antwerpseweg 195,2018-10-24,23:00:00,0,0,0,FMN GV 10 Beerse
39,Antwerpseweg 195,2018-10-25,00:00:00,0,0,0,FMN GV 10 Beerse
39,Antwerpseweg 195,2018-10-25,01:00:00,1,0,1,FMN GV 10 Beerse
39,Antwerpseweg 195,2018-10-25,02:00:00,1,0,1,FMN GV 10 Beerse
39,Antwerpseweg 195,2018-10-25,03:00:00,0,0,0,FMN GV 10 Beerse
39,Antwerpseweg 195,2018-10-25,04:00:00,2,2,0,FMN GV 10 Beerse
39,Antwerpseweg 195,2018-10-25,05:00:00,5,5,0,FMN GV 10 Beerse
39,Antwerpseweg 195,2018-10-25,06:00:00,9,7,2,FMN GV 10 Beerse
39,Antwerpseweg 195,2018-10-25,07:00:00,49,40,9,FMN GV 10 Beerse
39,Antwerpseweg 195,2018-10-25,08:00:00,23,17,6,FMN GV 10 Beerse
39,Antwerpseweg 195,2018-10-25,09:00:00,15,8,7,FMN GV 10 Beerse
39,Antwerpseweg 195,2018-10-25,10:00:00,6,4,2,FMN GV 10 Beerse
39,Antwerpseweg 195,2018-10-25,11:00:00,6,1,5,FMN GV 10 Beerse
39,Antwerpseweg 195,2018-10-25,12:00:00,13,8,5,FMN GV 10 Beerse
39,Antwerpseweg 195,2018-10-25,13:00:00,18,14,4,FMN GV 10 Beerse
39,Antwerpseweg 195,2018-10-25,14:00:00,8,5,3,FMN GV 10 Beerse
39,Antwerpseweg 195,2018-10-25,15:00:00,36,22,14,FMN GV 10 Beerse
39,Antwerpseweg 195,2018-10-25,16:00:00,53,42,11,FMN GV 10 Beerse
39,Antwerpseweg 195,2018-10-25,17:00:00,26,13,13,FMN GV 10 Beerse
39,Antwerpseweg 195,2018-10-25,18:00:00,17,9,8,FMN GV 10 Beerse
39,Antwerpseweg 195,2018-10-25,19:00:00,7,7,0,FMN GV 10 Beerse
39,Antwerpseweg 195,2018-10-25,20:00:00,8,4,4,FMN GV 10 Beerse
39,Antwerpseweg 195,2018-10-25,21:00:00,5,2,3,FMN GV 10 Beerse
39,Antwerpseweg 195,2018-10-25,22:00:00,6,4,2,FMN GV 10 Beerse
39,Antwerpseweg 195,2018-10-25,23:00:00,2,1,1,FMN GV 10 Beerse
39,Antwerpseweg 195,2018-10-26,00:00:00,0,0,0,FMN GV 10 Beerse
39,Antwerpseweg 195,2018-10-26,01:00:00,0,0,0,FMN GV 10 Beerse
39,Antwerpseweg 195,2018-10-26,02:00:00,0,0,0,FMN GV 10 Beerse
39,Antwerpseweg 195,2018-10-26,03:00:00,0,0,0,FMN GV 10 Beerse
39,Antwerpseweg 195,2018-10-26,04:00:00,0,0,0,FMN GV 10 Beerse
39,Antwerpseweg 195,2018-10-26,05:00:00,4,4,0,FMN GV 10 Beerse
39,Antwerpseweg 195,2018-10-26,06:00:00,8,7,1,FMN GV 10 Beerse
39,Antwerpseweg 195,2018-10-26,07:00:00,35,31,4,FMN GV 10 Beerse
39,Antwerpseweg 195,2018-10-26,08:00:00,17,11,6,FMN GV 10 Beerse
39,Antwerpseweg 195,2018-10-26,09:00:00,6,4,2,FMN GV 10 Beerse
39,Antwerpseweg 195,2018-10-26,10:00:00,4,4,0,FMN GV 10 Beerse
39,Antwerpseweg 195,2018-10-26,11:00:00,15,14,1,FMN GV 10 Beerse
39,Antwerpseweg 195,2018-10-26,12:00:00,7,7,0,FMN GV 10 Beerse
39,Antwerpseweg 195,2018-10-26,13:00:00,6,3,3,FMN GV 10 Beerse
39,Antwerpseweg 195,2018-10-26,14:00:00,9,6,3,FMN GV 10 Beerse
39,Antwerpseweg 195,2018-10-26,15:00:00,13,9,4,FMN GV 10 Beerse
39,Antwerpseweg 195,2018-10-26,16:00:00,26,18,8,FMN GV 10 Beerse
39,Antwerpseweg 195,2018-10-26,17:00:00,20,13,7,FMN GV 10 Beerse
39,Antwerpseweg 195,2018-10-26,18:00:00,8,5,3,FMN GV 10 Beerse
39,Antwerpseweg 195,2018-10-26,19:00:00,1,1,0,FMN GV 10 Beerse
39,Antwerpseweg 195,2018-10-26,20:00:00,3,1,2,FMN GV 10 Beerse
39,Antwerpseweg 195,2018-10-26,21:00:00,0,0,0,FMN GV 10 Beerse
39,Antwerpseweg 195,2018-10-26,22:00:00,2,1,1,FMN GV 10 Beerse
39,Antwerpseweg 195,2018-10-26,23:00:00,3,0,3,FMN GV 10 Beerse
39,Antwerpseweg 195,2018-10-27,00:00:00,3,0,3,FMN GV 10 Beerse
39,Antwerpseweg 195,2018-10-27,01:00:00,0,0,0,FMN GV 10 Beerse
39,Antwerpseweg 195,2018-10-27,02:00:00,1,1,0,FMN GV 10 Beerse
39,Antwerpseweg 195,2018-10-27,03:00:00,0,0,0,FMN GV 10 Beerse
39,Antwerpseweg 195,2018-10-27,04:00:00,0,0,0,FMN GV 10 Beerse
39,Antwerpseweg 195,2018-10-27,05:00:00,0,0,0,FMN GV 10 Beerse
39,Antwerpseweg 195,2018-10-27,06:00:00,0,0,0,FMN GV 10 Beerse
39,Antwerpseweg 195,2018-10-27,07:00:00,2,1,1,FMN GV 10 Beerse
39,Antwerpseweg 195,2018-10-27,08:00:00,0,0,0,FMN GV 10 Beerse
39,Antwerpseweg 195,2018-10-27,09:00:00,7,3,4,FMN GV 10 Beerse
39,Antwerpseweg 195,2018-10-27,10:00:00,0,0,0,FMN GV 10 Beerse
39,Antwerpseweg 195,2018-10-27,11:00:00,5,5,0,FMN GV 10 Beerse
39,Antwerpseweg 195,2018-10-27,12:00:00,11,8,3,FMN GV 10 Beerse
39,Antwerpseweg 195,2018-10-27,13:00:00,7,6,1,FMN GV 10 Beerse
39,Antwerpseweg 195,2018-10-27,14:00:00,8,6,2,FMN GV 10 Beerse
39,Antwerpseweg 195,2018-10-27,15:00:00,26,8,18,FMN GV 10 Beerse
39,Antwerpseweg 195,2018-10-27,16:00:00,8,5,3,FMN GV 10 Beerse
39,Antwerpseweg 195,2018-10-27,17:00:00,12,6,6,FMN GV 10 Beerse
39,Antwerpseweg 195,2018-10-27,18:00:00,6,3,3,FMN GV 10 Beerse
39,Antwerpseweg 195,2018-10-27,19:00:00,2,1,1,FMN GV 10 Beerse
39,Antwerpseweg 195,2018-10-27,20:00:00,1,0,1,FMN GV 10 Beerse
39,Antwerpseweg 195,2018-10-27,21:00:00,3,0,3,FMN GV 10 Beerse
39,Antwerpseweg 195,2018-10-27,22:00:00,4,3,1,FMN GV 10 Beerse
39,Antwerpseweg 195,2018-10-27,23:00:00,6,6,0,FMN GV 10 Beerse
39,Antwerpseweg 195,2018-10-28,00:00:00,0,0,0,FMN GV 10 Beerse
39,Antwerpseweg 195,2018-10-28,01:00:00,1,0,1,FMN GV 10 Beerse
39,Antwerpseweg 195,2018-10-28,02:00:00,2,2,0,FMN GV 10 Beerse
39,Antwerpseweg 195,2018-10-28,03:00:00,2,0,2,FMN GV 10 Beerse
39,Antwerpseweg 195,2018-10-28,04:00:00,0,0,0,FMN GV 10 Beerse
39,Antwerpseweg 195,2018-10-28,05:00:00,0,0,0,FMN GV 10 Beerse
39,Antwerpseweg 195,2018-10-28,06:00:00,0,0,0,FMN GV 10 Beerse
39,Antwerpseweg 195,2018-10-28,07:00:00,1,0,1,FMN GV 10 Beerse
39,Antwerpseweg 195,2018-10-28,08:00:00,8,5,3,FMN GV 10 Beerse
39,Antwerpseweg 195,2018-10-28,09:00:00,7,6,1,FMN GV 10 Beerse
39,Antwerpseweg 195,2018-10-28,10:00:00,12,9,3,FMN GV 10 Beerse
39,Antwerpseweg 195,2018-10-28,11:00:00,12,4,8,FMN GV 10 Beerse
39,Antwerpseweg 195,2018-10-28,12:00:00,7,3,4,FMN GV 10 Beerse
39,Antwerpseweg 195,2018-10-28,13:00:00,18,6,12,FMN GV 10 Beerse
39,Antwerpseweg 195,2018-10-28,14:00:00,11,6,5,FMN GV 10 Beerse
39,Antwerpseweg 195,2018-10-28,15:00:00,8,6,2,FMN GV 10 Beerse
39,Antwerpseweg 195,2018-10-28,16:00:00,8,4,4,FMN GV 10 Beerse
39,Antwerpseweg 195,2018-10-28,17:00:00,2,2,0,FMN GV 10 Beerse
39,Antwerpseweg 195,2018-10-28,18:00:00,4,3,1,FMN GV 10 Beerse
39,Antwerpseweg 195,2018-10-28,19:00:00,2,2,0,FMN GV 10 Beerse
39,Antwerpseweg 195,2018-10-28,20:00:00,1,0,1,FMN GV 10 Beerse
39,Antwerpseweg 195,2018-10-28,21:00:00,0,0,0,FMN GV 10 Beerse
39,Antwerpseweg 195,2018-10-28,22:00:00,1,1,0,FMN GV 10 Beerse
39,Antwerpseweg 195,2018-10-28,23:00:00,1,1,0,FMN GV 10 Beerse
39,Antwerpseweg 195,2018-10-29,00:00:00,0,0,0,FMN GV 10 Beerse
39,Antwerpseweg 195,2018-10-29,01:00:00,1,0,1,FMN GV 10 Beerse
39,Antwerpseweg 195,2018-10-29,02:00:00,0,0,0,FMN GV 10 Beerse
39,Antwerpseweg 195,2018-10-29,03:00:00,0,0,0,FMN GV 10 Beerse
39,Antwerpseweg 195,2018-10-29,04:00:00,0,0,0,FMN GV 10 Beerse
39,Antwerpseweg 195,2018-10-29,05:00:00,6,5,1,FMN GV 10 Beerse
39,Antwerpseweg 195,2018-10-29,06:00:00,7,7,0,FMN GV 10 Beerse
39,Antwerpseweg 195,2018-10-29,07:00:00,19,17,2,FMN GV 10 Beerse
39,Antwerpseweg 195,2018-10-29,08:00:00,9,7,2,FMN GV 10 Beerse
39,Antwerpseweg 195,2018-10-29,09:00:00,6,5,1,FMN GV 10 Beerse
39,Antwerpseweg 195,2018-10-29,10:00:00,5,3,2,FMN GV 10 Beerse
39,Antwerpseweg 195,2018-10-29,11:00:00,13,11,2,FMN GV 10 Beerse
39,Antwerpseweg 195,2018-10-29,12:00:00,6,4,2,FMN GV 10 Beerse
39,Antwerpseweg 195,2018-10-29,13:00:00,11,8,3,FMN GV 10 Beerse
39,Antwerpseweg 195,2018-10-29,14:00:00,9,4,5,FMN GV 10 Beerse
39,Antwerpseweg 195,2018-10-29,15:00:00,14,10,4,FMN GV 10 Beerse
39,Antwerpseweg 195,2018-10-29,16:00:00,16,10,6,FMN GV 10 Beerse
39,Antwerpseweg 195,2018-10-29,17:00:00,21,14,7,FMN GV 10 Beerse
39,Antwerpseweg 195,2018-10-29,18:00:00,5,3,2,FMN GV 10 Beerse
39,Antwerpseweg 195,2018-10-29,19:00:00,5,2,3,FMN GV 10 Beerse
39,Antwerpseweg 195,2018-10-29,20:00:00,4,1,3,FMN GV 10 Beerse
39,Antwerpseweg 195,2018-10-29,21:00:00,2,2,0,FMN GV 10 Beerse
39,Antwerpseweg 195,2018-10-29,22:00:00,5,4,1,FMN GV 10 Beerse
39,Antwerpseweg 195,2018-10-29,23:00:00,0,0,0,FMN GV 10 Beerse
39,Antwerpseweg 195,2018-10-30,00:00:00,0,0,0,FMN GV 10 Beerse
39,Antwerpseweg 195,2018-10-30,01:00:00,0,0,0,FMN GV 10 Beerse
39,Antwerpseweg 195,2018-10-30,02:00:00,0,0,0,FMN GV 10 Beerse
39,Antwerpseweg 195,2018-10-30,03:00:00,0,0,0,FMN GV 10 Beerse
39,Antwerpseweg 195,2018-10-30,04:00:00,0,0,0,FMN GV 10 Beerse
39,Antwerpseweg 195,2018-10-30,05:00:00,4,3,1,FMN GV 10 Beerse
39,Antwerpseweg 195,2018-10-30,06:00:00,0,0,0,FMN GV 10 Beerse
39,Antwerpseweg 195,2018-10-30,07:00:00,7,7,0,FMN GV 10 Beerse
39,Antwerpseweg 195,2018-10-30,08:00:00,4,4,0,FMN GV 10 Beerse
39,Antwerpseweg 195,2018-10-30,09:00:00,4,2,2,FMN GV 10 Beerse
39,Antwerpseweg 195,2018-10-30,10:00:00,2,1,1,FMN GV 10 Beerse
39,Antwerpseweg 195,2018-10-30,11:00:00,4,4,0,FMN GV 10 Beerse
39,Antwerpseweg 195,2018-10-30,12:00:00,1,1,0,FMN GV 10 Beerse
39,Antwerpseweg 195,2018-10-30,13:00:00,12,7,5,FMN GV 10 Beerse
39,Antwerpseweg 195,2018-10-30,14:00:00,5,3,2,FMN GV 10 Beerse
39,Antwerpseweg 195,2018-10-30,15:00:00,5,1,4,FMN GV 10 Beerse
39,Antwerpseweg 195,2018-10-30,16:00:00,4,3,1,FMN GV 10 Beerse
39,Antwerpseweg 195,2018-10-30,17:00:00,9,6,3,FMN GV 10 Beerse
39,Antwerpseweg 195,2018-10-30,18:00:00,2,1,1,FMN GV 10 Beerse
39,Antwerpseweg 195,2018-10-30,19:00:00,0,0,0,FMN GV 10 Beerse
39,Antwerpseweg 195,2018-10-30,20:00:00,2,0,2,FMN GV 10 Beerse
39,Antwerpseweg 195,2018-10-30,21:00:00,3,2,1,FMN GV 10 Beerse
39,Antwerpseweg 195,2018-10-30,22:00:00,2,1,1,FMN GV 10 Beerse
39,Antwerpseweg 195,2018-10-30,23:00:00,0,0,0,FMN GV 10 Beerse
39,Antwerpseweg 195,2018-10-31,00:00:00,0,0,0,FMN GV 10 Beerse
39,Antwerpseweg 195,2018-10-31,01:00:00,0,0,0,FMN GV 10 Beerse
39,Antwerpseweg 195,2018-10-31,02:00:00,0,0,0,FMN GV 10 Beerse
39,Antwerpseweg 195,2018-10-31,03:00:00,0,0,0,FMN GV 10 Beerse
39,Antwerpseweg 195,2018-10-31,04:00:00,1,1,0,FMN GV 10 Beerse
39,Antwerpseweg 195,2018-10-31,05:00:00,4,4,0,FMN GV 10 Beerse
39,Antwerpseweg 195,2018-10-31,06:00:00,3,3,0,FMN GV 10 Beerse
39,Antwerpseweg 195,2018-10-31,07:00:00,22,20,2,FMN GV 10 Beerse
39,Antwerpseweg 195,2018-10-31,08:00:00,11,9,2,FMN GV 10 Beerse
39,Antwerpseweg 195,2018-10-31,09:00:00,6,4,2,FMN GV 10 Beerse
39,Antwerpseweg 195,2018-10-31,10:00:00,9,8,1,FMN GV 10 Beerse
39,Antwerpseweg 195,2018-10-31,11:00:00,12,5,7,FMN GV 10 Beerse
39,Antwerpseweg 195,2018-10-31,12:00:00,6,3,3,FMN GV 10 Beerse
39,Antwerpseweg 195,2018-10-31,13:00:00,24,13,11,FMN GV 10 Beerse
39,Antwerpseweg 195,2018-10-31,14:00:00,15,6,9,FMN GV 10 Beerse
39,Antwerpseweg 195,2018-10-31,15:00:00,14,12,2,FMN GV 10 Beerse
39,Antwerpseweg 195,2018-10-31,16:00:00,25,19,6,FMN GV 10 Beerse
39,Antwerpseweg 195,2018-10-31,17:00:00,15,7,8,FMN GV 10 Beerse
39,Antwerpseweg 195,2018-10-31,18:00:00,10,9,1,FMN GV 10 Beerse
39,Antwerpseweg 195,2018-10-31,19:00:00,3,2,1,FMN GV 10 Beerse
39,Antwerpseweg 195,2018-10-31,20:00:00,3,0,3,FMN GV 10 Beerse
39,Antwerpseweg 195,2018-10-31,21:00:00,2,1,1,FMN GV 10 Beerse
39,Antwerpseweg 195,2018-10-31,22:00:00,4,3,1,FMN GV 10 Beerse
39,Antwerpseweg 195,2018-10-31,23:00:00,0,0,0,FMN GV 10 Beerse
39,Antwerpseweg 195,2018-11-01,00:00:00,0,0,0,FMN GV 10 Beerse
39,Antwerpseweg 195,2018-11-01,01:00:00,1,1,0,FMN GV 10 Beerse
39,Antwerpseweg 195,2018-11-01,02:00:00,0,0,0,FMN GV 10 Beerse
39,Antwerpseweg 195,2018-11-01,03:00:00,1,1,0,FMN GV 10 Beerse
39,Antwerpseweg 195,2018-11-01,04:00:00,1,1,0,FMN GV 10 Beerse
39,Antwerpseweg 195,2018-11-01,05:00:00,0,0,0,FMN GV 10 Beerse
39,Antwerpseweg 195,2018-11-01,06:00:00,1,1,0,FMN GV 10 Beerse
39,Antwerpseweg 195,2018-11-01,07:00:00,1,1,0,FMN GV 10 Beerse
39,Antwerpseweg 195,2018-11-01,08:00:00,3,2,1,FMN GV 10 Beerse
39,Antwerpseweg 195,2018-11-01,09:00:00,10,7,3,FMN GV 10 Beerse
39,Antwerpseweg 195,2018-11-01,10:00:00,4,3,1,FMN GV 10 Beerse
39,Antwerpseweg 195,2018-11-01,11:00:00,15,11,4,FMN GV 10 Beerse
39,Antwerpseweg 195,2018-11-01,12:00:00,7,4,3,FMN GV 10 Beerse
39,Antwerpseweg 195,2018-11-01,13:00:00,2,2,0,FMN GV 10 Beerse
39,Antwerpseweg 195,2018-11-01,14:00:00,8,5,3,FMN GV 10 Beerse
39,Antwerpseweg 195,2018-11-01,15:00:00,4,1,3,FMN GV 10 Beerse
39,Antwerpseweg 195,2018-11-01,16:00:00,3,2,1,FMN GV 10 Beerse
39,Antwerpseweg 195,2018-11-01,17:00:00,3,2,1,FMN GV 10 Beerse
39,Antwerpseweg 195,2018-11-01,18:00:00,0,0,0,FMN GV 10 Beerse
39,Antwerpseweg 195,2018-11-01,19:00:00,2,0,2,FMN GV 10 Beerse
39,Antwerpseweg 195,2018-11-01,20:00:00,2,1,1,FMN GV 10 Beerse
39,Antwerpseweg 195,2018-11-01,21:00:00,2,1,1,FMN GV 10 Beerse
39,Antwerpseweg 195,2018-11-01,22:00:00,2,2,0,FMN GV 10 Beerse
39,Antwerpseweg 195,2018-11-01,23:00:00,1,0,1,FMN GV 10 Beerse
39,Antwerpseweg 195,2018-11-02,00:00:00,0,0,0,FMN GV 10 Beerse
39,Antwerpseweg 195,2018-11-02,01:00:00,0,0,0,FMN GV 10 Beerse
39,Antwerpseweg 195,2018-11-02,02:00:00,1,0,1,FMN GV 10 Beerse
39,Antwerpseweg 195,2018-11-02,03:00:00,1,0,1,FMN GV 10 Beerse
39,Antwerpseweg 195,2018-11-02,04:00:00,1,1,0,FMN GV 10 Beerse
39,Antwerpseweg 195,2018-11-02,05:00:00,3,3,0,FMN GV 10 Beerse
39,Antwerpseweg 195,2018-11-02,06:00:00,1,1,0,FMN GV 10 Beerse
39,Antwerpseweg 195,2018-11-02,07:00:00,4,4,0,FMN GV 10 Beerse
39,Antwerpseweg 195,2018-11-02,08:00:00,4,2,2,FMN GV 10 Beerse
39,Antwerpseweg 195,2018-11-02,09:00:00,2,2,0,FMN GV 10 Beerse
39,Antwerpseweg 195,2018-11-02,10:00:00,12,10,2,FMN GV 10 Beerse
39,Antwerpseweg 195,2018-11-02,11:00:00,14,9,5,FMN GV 10 Beerse
39,Antwerpseweg 195,2018-11-02,12:00:00,6,4,2,FMN GV 10 Beerse
39,Antwerpseweg 195,2018-11-02,13:00:00,17,10,7,FMN GV 10 Beerse
39,Antwerpseweg 195,2018-11-02,14:00:00,16,10,6,FMN GV 10 Beerse
39,Antwerpseweg 195,2018-11-02,15:00:00,11,8,3,FMN GV 10 Beerse
39,Antwerpseweg 195,2018-11-02,16:00:00,7,5,2,FMN GV 10 Beerse
39,Antwerpseweg 195,2018-11-02,17:00:00,5,5,0,FMN GV 10 Beerse
39,Antwerpseweg 195,2018-11-02,18:00:00,5,3,2,FMN GV 10 Beerse
39,Antwerpseweg 195,2018-11-02,19:00:00,7,4,3,FMN GV 10 Beerse
39,Antwerpseweg 195,2018-11-02,20:00:00,4,2,2,FMN GV 10 Beerse
39,Antwerpseweg 195,2018-11-02,21:00:00,2,1,1,FMN GV 10 Beerse
39,Antwerpseweg 195,2018-11-02,22:00:00,4,0,4,FMN GV 10 Beerse
39,Antwerpseweg 195,2018-11-02,23:00:00,4,3,1,FMN GV 10 Beerse
39,Antwerpseweg 195,2018-11-03,00:00:00,1,1,0,FMN GV 10 Beerse
39,Antwerpseweg 195,2018-11-03,01:00:00,0,0,0,FMN GV 10 Beerse
39,Antwerpseweg 195,2018-11-03,02:00:00,2,2,0,FMN GV 10 Beerse
39,Antwerpseweg 195,2018-11-03,03:00:00,2,2,0,FMN GV 10 Beerse
39,Antwerpseweg 195,2018-11-03,04:00:00,0,0,0,FMN GV 10 Beerse
39,Antwerpseweg 195,2018-11-03,05:00:00,0,0,0,FMN GV 10 Beerse
39,Antwerpseweg 195,2018-11-03,06:00:00,0,0,0,FMN GV 10 Beerse
39,Antwerpseweg 195,2018-11-03,07:00:00,5,3,2,FMN GV 10 Beerse
39,Antwerpseweg 195,2018-11-03,08:00:00,1,0,1,FMN GV 10 Beerse
39,Antwerpseweg 195,2018-11-03,09:00:00,4,1,3,FMN GV 10 Beerse
39,Antwerpseweg 195,2018-11-03,10:00:00,11,10,1,FMN GV 10 Beerse
39,Antwerpseweg 195,2018-11-03,11:00:00,13,9,4,FMN GV 10 Beerse
39,Antwerpseweg 195,2018-11-03,12:00:00,11,9,2,FMN GV 10 Beerse
39,Antwerpseweg 195,2018-11-03,13:00:00,13,5,8,FMN GV 10 Beerse
39,Antwerpseweg 195,2018-11-03,14:00:00,18,11,7,FMN GV 10 Beerse
39,Antwerpseweg 195,2018-11-03,15:00:00,14,9,5,FMN GV 10 Beerse
39,Antwerpseweg 195,2018-11-03,16:00:00,7,4,3,FMN GV 10 Beerse
39,Antwerpseweg 195,2018-11-03,17:00:00,7,4,3,FMN GV 10 Beerse
39,Antwerpseweg 195,2018-11-03,18:00:00,15,12,3,FMN GV 10 Beerse
39,Antwerpseweg 195,2018-11-03,19:00:00,1,1,0,FMN GV 10 Beerse
39,Antwerpseweg 195,2018-11-03,20:00:00,0,0,0,FMN GV 10 Beerse
39,Antwerpseweg 195,2018-11-03,21:00:00,1,1,0,FMN GV 10 Beerse
39,Antwerpseweg 195,2018-11-03,22:00:00,2,2,0,FMN GV 10 Beerse
39,Antwerpseweg 195,2018-11-03,23:00:00,3,1,2,FMN GV 10 Beerse
39,Antwerpseweg 195,2018-11-04,00:00:00,4,0,4,FMN GV 10 Beerse
39,Antwerpseweg 195,2018-11-04,01:00:00,1,0,1,FMN GV 10 Beerse
39,Antwerpseweg 195,2018-11-04,02:00:00,5,2,3,FMN GV 10 Beerse
39,Antwerpseweg 195,2018-11-04,03:00:00,2,0,2,FMN GV 10 Beerse
39,Antwerpseweg 195,2018-11-04,04:00:00,0,0,0,FMN GV 10 Beerse
39,Antwerpseweg 195,2018-11-04,05:00:00,1,0,1,FMN GV 10 Beerse
39,Antwerpseweg 195,2018-11-04,06:00:00,1,1,0,FMN GV 10 Beerse
39,Antwerpseweg 195,2018-11-04,07:00:00,1,1,0,FMN GV 10 Beerse
39,Antwerpseweg 195,2018-11-04,08:00:00,2,0,2,FMN GV 10 Beerse
39,Antwerpseweg 195,2018-11-04,09:00:00,13,5,8,FMN GV 10 Beerse
39,Antwerpseweg 195,2018-11-04,10:00:00,3,2,1,FMN GV 10 Beerse
39,Antwerpseweg 195,2018-11-04,11:00:00,17,13,4,FMN GV 10 Beerse
39,Antwerpseweg 195,2018-11-04,12:00:00,12,10,2,FMN GV 10 Beerse
39,Antwerpseweg 195,2018-11-04,13:00:00,12,7,5,FMN GV 10 Beerse
39,Antwerpseweg 195,2018-11-04,14:00:00,24,8,16,FMN GV 10 Beerse
39,Antwerpseweg 195,2018-11-04,15:00:00,18,15,3,FMN GV 10 Beerse
39,Antwerpseweg 195,2018-11-04,16:00:00,6,3,3,FMN GV 10 Beerse
39,Antwerpseweg 195,2018-11-04,17:00:00,5,4,1,FMN GV 10 Beerse
39,Antwerpseweg 195,2018-11-04,18:00:00,2,2,0,FMN GV 10 Beerse
39,Antwerpseweg 195,2018-11-04,19:00:00,2,2,0,FMN GV 10 Beerse
39,Antwerpseweg 195,2018-11-04,20:00:00,0,0,0,FMN GV 10 Beerse
39,Antwerpseweg 195,2018-11-04,21:00:00,1,1,0,FMN GV 10 Beerse
39,Antwerpseweg 195,2018-11-04,22:00:00,0,0,0,FMN GV 10 Beerse
39,Antwerpseweg 195,2018-11-04,23:00:00,0,0,0,FMN GV 10 Beerse
39,Antwerpseweg 195,2018-11-05,00:00:00,1,1,0,FMN GV 10 Beerse
39,Antwerpseweg 195,2018-11-05,01:00:00,0,0,0,FMN GV 10 Beerse
39,Antwerpseweg 195,2018-11-05,02:00:00,0,0,0,FMN GV 10 Beerse
39,Antwerpseweg 195,2018-11-05,03:00:00,0,0,0,FMN GV 10 Beerse
39,Antwerpseweg 195,2018-11-05,04:00:00,1,1,0,FMN GV 10 Beerse
39,Antwerpseweg 195,2018-11-05,05:00:00,7,5,2,FMN GV 10 Beerse
39,Antwerpseweg 195,2018-11-05,06:00:00,10,8,2,FMN GV 10 Beerse
39,Antwerpseweg 195,2018-11-05,07:00:00,43,35,8,FMN GV 10 Beerse
39,Antwerpseweg 195,2018-11-05,08:00:00,35,24,11,FMN GV 10 Beerse
39,Antwerpseweg 195,2018-11-05,09:00:00,14,10,4,FMN GV 10 Beerse
39,Antwerpseweg 195,2018-11-05,10:00:00,4,2,2,FMN GV 10 Beerse
39,Antwerpseweg 195,2018-11-05,11:00:00,6,5,1,FMN GV 10 Beerse
39,Antwerpseweg 195,2018-11-05,12:00:00,15,8,7,FMN GV 10 Beerse
39,Antwerpseweg 195,2018-11-05,13:00:00,19,17,2,FMN GV 10 Beerse
39,Antwerpseweg 195,2018-11-05,14:00:00,24,13,11,FMN GV 10 Beerse
39,Antwerpseweg 195,2018-11-05,15:00:00,29,21,8,FMN GV 10 Beerse
39,Antwerpseweg 195,2018-11-05,16:00:00,65,43,22,FMN GV 10 Beerse
39,Antwerpseweg 195,2018-11-05,17:00:00,29,16,13,FMN GV 10 Beerse
39,Antwerpseweg 195,2018-11-05,18:00:00,15,7,8,FMN GV 10 Beerse
39,Antwerpseweg 195,2018-11-05,19:00:00,10,8,2,FMN GV 10 Beerse
39,Antwerpseweg 195,2018-11-05,20:00:00,4,3,1,FMN GV 10 Beerse
39,Antwerpseweg 195,2018-11-05,21:00:00,5,4,1,FMN GV 10 Beerse
39,Antwerpseweg 195,2018-11-05,22:00:00,4,1,3,FMN GV 10 Beerse
39,Antwerpseweg 195,2018-11-05,23:00:00,0,0,0,FMN GV 10 Beerse
39,Antwerpseweg 195,2018-11-06,00:00:00,0,0,0,FMN GV 10 Beerse
39,Antwerpseweg 195,2018-11-06,01:00:00,0,0,0,FMN GV 10 Beerse
39,Antwerpseweg 195,2018-11-06,02:00:00,0,0,0,FMN GV 10 Beerse
39,Antwerpseweg 195,2018-11-06,03:00:00,0,0,0,FMN GV 10 Beerse
39,Antwerpseweg 195,2018-11-06,04:00:00,1,1,0,FMN GV 10 Beerse
39,Antwerpseweg 195,2018-11-06,05:00:00,3,2,1,FMN GV 10 Beerse
39,Antwerpseweg 195,2018-11-06,06:00:00,8,6,2,FMN GV 10 Beerse
39,Antwerpseweg 195,2018-11-06,07:00:00,50,45,5,FMN GV 10 Beerse
39,Antwerpseweg 195,2018-11-06,08:00:00,36,26,10,FMN GV 10 Beerse
39,Antwerpseweg 195,2018-11-06,09:00:00,16,11,5,FMN GV 10 Beerse
39,Antwerpseweg 195,2018-11-06,10:00:00,9,3,6,FMN GV 10 Beerse
39,Antwerpseweg 195,2018-11-06,11:00:00,17,10,7,FMN GV 10 Beerse
39,Antwerpseweg 195,2018-11-06,12:00:00,32,20,12,FMN GV 10 Beerse
39,Antwerpseweg 195,2018-11-06,13:00:00,48,33,15,FMN GV 10 Beerse
39,Antwerpseweg 195,2018-11-06,14:00:00,30,25,5,FMN GV 10 Beerse
39,Antwerpseweg 195,2018-11-06,15:00:00,33,19,14,FMN GV 10 Beerse
39,Antwerpseweg 195,2018-11-06,16:00:00,76,49,27,FMN GV 10 Beerse
39,Antwerpseweg 195,2018-11-06,17:00:00,45,32,13,FMN GV 10 Beerse
39,Antwerpseweg 195,2018-11-06,18:00:00,15,6,9,FMN GV 10 Beerse
39,Antwerpseweg 195,2018-11-06,19:00:00,9,9,0,FMN GV 10 Beerse
39,Antwerpseweg 195,2018-11-06,20:00:00,7,5,2,FMN GV 10 Beerse
39,Antwerpseweg 195,2018-11-06,21:00:00,4,2,2,FMN GV 10 Beerse
39,Antwerpseweg 195,2018-11-06,22:00:00,6,2,4,FMN GV 10 Beerse
39,Antwerpseweg 195,2018-11-06,23:00:00,0,0,0,FMN GV 10 Beerse
39,Antwerpseweg 195,2018-11-07,00:00:00,0,0,0,FMN GV 10 Beerse
39,Antwerpseweg 195,2018-11-07,01:00:00,0,0,0,FMN GV 10 Beerse
39,Antwerpseweg 195,2018-11-07,02:00:00,0,0,0,FMN GV 10 Beerse
39,Antwerpseweg 195,2018-11-07,03:00:00,0,0,0,FMN GV 10 Beerse
39,Antwerpseweg 195,2018-11-07,04:00:00,1,1,0,FMN GV 10 Beerse
39,Antwerpseweg 195,2018-11-07,05:00:00,3,3,0,FMN GV 10 Beerse
39,Antwerpseweg 195,2018-11-07,06:00:00,9,7,2,FMN GV 10 Beerse
39,Antwerpseweg 195,2018-11-07,07:00:00,46,40,6,FMN GV 10 Beerse
39,Antwerpseweg 195,2018-11-07,08:00:00,25,18,7,FMN GV 10 Beerse
39,Antwerpseweg 195,2018-11-07,09:00:00,20,15,5,FMN GV 10 Beerse
39,Antwerpseweg 195,2018-11-07,10:00:00,8,7,1,FMN GV 10 Beerse
39,Antwerpseweg 195,2018-11-07,11:00:00,11,6,5,FMN GV 10 Beerse
39,Antwerpseweg 195,2018-11-07,12:00:00,41,33,8,FMN GV 10 Beerse
39,Antwerpseweg 195,2018-11-07,13:00:00,22,17,5,FMN GV 10 Beerse
39,Antwerpseweg 195,2018-11-07,14:00:00,8,5,3,FMN GV 10 Beerse
39,Antwerpseweg 195,2018-11-07,15:00:00,10,3,7,FMN GV 10 Beerse
39,Antwerpseweg 195,2018-11-07,16:00:00,21,17,4,FMN GV 10 Beerse
39,Antwerpseweg 195,2018-11-07,17:00:00,23,13,10,FMN GV 10 Beerse
39,Antwerpseweg 195,2018-11-07,18:00:00,13,9,4,FMN GV 10 Beerse
39,Antwerpseweg 195,2018-11-07,19:00:00,3,1,2,FMN GV 10 Beerse
39,Antwerpseweg 195,2018-11-07,20:00:00,5,3,2,FMN GV 10 Beerse
39,Antwerpseweg 195,2018-11-07,21:00:00,3,3,0,FMN GV 10 Beerse
39,Antwerpseweg 195,2018-11-07,22:00:00,3,2,1,FMN GV 10 Beerse
39,Antwerpseweg 195,2018-11-07,23:00:00,1,0,1,FMN GV 10 Beerse
39,Antwerpseweg 195,2018-11-08,00:00:00,1,1,0,FMN GV 10 Beerse
39,Antwerpseweg 195,2018-11-08,01:00:00,0,0,0,FMN GV 10 Beerse
39,Antwerpseweg 195,2018-11-08,02:00:00,0,0,0,FMN GV 10 Beerse
39,Antwerpseweg 195,2018-11-08,03:00:00,0,0,0,FMN GV 10 Beerse
39,Antwerpseweg 195,2018-11-08,04:00:00,2,1,1,FMN GV 10 Beerse
39,Antwerpseweg 195,2018-11-08,05:00:00,4,4,0,FMN GV 10 Beerse
39,Antwerpseweg 195,2018-11-08,06:00:00,11,9,2,FMN GV 10 Beerse
39,Antwerpseweg 195,2018-11-08,07:00:00,44,36,8,FMN GV 10 Beerse
39,Antwerpseweg 195,2018-11-08,08:00:00,35,26,9,FMN GV 10 Beerse
39,Antwerpseweg 195,2018-11-08,09:00:00,11,6,5,FMN GV 10 Beerse
39,Antwerpseweg 195,2018-11-08,10:00:00,10,8,2,FMN GV 10 Beerse
39,Antwerpseweg 195,2018-11-08,11:00:00,6,3,3,FMN GV 10 Beerse
39,Antwerpseweg 195,2018-11-08,12:00:00,17,13,4,FMN GV 10 Beerse
39,Antwerpseweg 195,2018-11-08,13:00:00,34,26,8,FMN GV 10 Beerse
39,Antwerpseweg 195,2018-11-08,14:00:00,23,17,6,FMN GV 10 Beerse
39,Antwerpseweg 195,2018-11-08,15:00:00,46,30,16,FMN GV 10 Beerse
39,Antwerpseweg 195,2018-11-08,16:00:00,45,35,10,FMN GV 10 Beerse
39,Antwerpseweg 195,2018-11-08,17:00:00,32,18,14,FMN GV 10 Beerse
39,Antwerpseweg 195,2018-11-08,18:00:00,14,7,7,FMN GV 10 Beerse
39,Antwerpseweg 195,2018-11-08,19:00:00,9,7,2,FMN GV 10 Beerse
39,Antwerpseweg 195,2018-11-08,20:00:00,3,2,1,FMN GV 10 Beerse
39,Antwerpseweg 195,2018-11-08,21:00:00,7,5,2,FMN GV 10 Beerse
39,Antwerpseweg 195,2018-11-08,22:00:00,9,7,2,FMN GV 10 Beerse
39,Antwerpseweg 195,2018-11-08,23:00:00,1,0,1,FMN GV 10 Beerse
39,Antwerpseweg 195,2018-11-09,00:00:00,2,2,0,FMN GV 10 Beerse
39,Antwerpseweg 195,2018-11-09,01:00:00,0,0,0,FMN GV 10 Beerse
39,Antwerpseweg 195,2018-11-09,02:00:00,0,0,0,FMN GV 10 Beerse
39,Antwerpseweg 195,2018-11-09,03:00:00,0,0,0,FMN GV 10 Beerse
39,Antwerpseweg 195,2018-11-09,04:00:00,2,1,1,FMN GV 10 Beerse
39,Antwerpseweg 195,2018-11-09,05:00:00,2,2,0,FMN GV 10 Beerse
39,Antwerpseweg 195,2018-11-09,06:00:00,12,6,6,FMN GV 10 Beerse
39,Antwerpseweg 195,2018-11-09,07:00:00,47,39,8,FMN GV 10 Beerse
39,Antwerpseweg 195,2018-11-09,08:00:00,22,17,5,FMN GV 10 Beerse
39,Antwerpseweg 195,2018-11-09,09:00:00,7,3,4,FMN GV 10 Beerse
39,Antwerpseweg 195,2018-11-09,10:00:00,13,6,7,FMN GV 10 Beerse
39,Antwerpseweg 195,2018-11-09,11:00:00,16,11,5,FMN GV 10 Beerse
39,Antwerpseweg 195,2018-11-09,12:00:00,14,11,3,FMN GV 10 Beerse
39,Antwerpseweg 195,2018-11-09,13:00:00,23,21,2,FMN GV 10 Beerse
39,Antwerpseweg 195,2018-11-09,14:00:00,12,10,2,FMN GV 10 Beerse
39,Antwerpseweg 195,2018-11-09,15:00:00,24,12,12,FMN GV 10 Beerse
39,Antwerpseweg 195,2018-11-09,16:00:00,39,25,14,FMN GV 10 Beerse
39,Antwerpseweg 195,2018-11-09,17:00:00,31,19,12,FMN GV 10 Beerse
39,Antwerpseweg 195,2018-11-09,18:00:00,7,2,5,FMN GV 10 Beerse
39,Antwerpseweg 195,2018-11-09,19:00:00,8,3,5,FMN GV 10 Beerse
39,Antwerpseweg 195,2018-11-09,20:00:00,7,6,1,FMN GV 10 Beerse
39,Antwerpseweg 195,2018-11-09,21:00:00,2,1,1,FMN GV 10 Beerse
39,Antwerpseweg 195,2018-11-09,22:00:00,6,4,2,FMN GV 10 Beerse
39,Antwerpseweg 195,2018-11-09,23:00:00,4,3,1,FMN GV 10 Beerse
39,Antwerpseweg 195,2018-11-10,00:00:00,0,0,0,FMN GV 10 Beerse
39,Antwerpseweg 195,2018-11-10,01:00:00,0,0,0,FMN GV 10 Beerse
39,Antwerpseweg 195,2018-11-10,02:00:00,0,0,0,FMN GV 10 Beerse
39,Antwerpseweg 195,2018-11-10,03:00:00,0,0,0,FMN GV 10 Beerse
39,Antwerpseweg 195,2018-11-10,04:00:00,0,0,0,FMN GV 10 Beerse
39,Antwerpseweg 195,2018-11-10,05:00:00,0,0,0,FMN GV 10 Beerse
39,Antwerpseweg 195,2018-11-10,06:00:00,0,0,0,FMN GV 10 Beerse
39,Antwerpseweg 195,2018-11-10,07:00:00,4,0,4,FMN GV 10 Beerse
39,Antwerpseweg 195,2018-11-10,08:00:00,2,1,1,FMN GV 10 Beerse
39,Antwerpseweg 195,2018-11-10,09:00:00,7,3,4,FMN GV 10 Beerse
39,Antwerpseweg 195,2018-11-10,10:00:00,6,4,2,FMN GV 10 Beerse
39,Antwerpseweg 195,2018-11-10,11:00:00,5,4,1,FMN GV 10 Beerse
39,Antwerpseweg 195,2018-11-10,12:00:00,7,6,1,FMN GV 10 Beerse
39,Antwerpseweg 195,2018-11-10,13:00:00,9,5,4,FMN GV 10 Beerse
39,Antwerpseweg 195,2018-11-10,14:00:00,7,7,0,FMN GV 10 Beerse
39,Antwerpseweg 195,2018-11-10,15:00:00,1,1,0,FMN GV 10 Beerse
39,Antwerpseweg 195,2018-11-10,16:00:00,3,2,1,FMN GV 10 Beerse
39,Antwerpseweg 195,2018-11-10,17:00:00,4,2,2,FMN GV 10 Beerse
39,Antwerpseweg 195,2018-11-10,18:00:00,1,1,0,FMN GV 10 Beerse
39,Antwerpseweg 195,2018-11-10,19:00:00,1,0,1,FMN GV 10 Beerse
39,Antwerpseweg 195,2018-11-10,20:00:00,0,0,0,FMN GV 10 Beerse
39,Antwerpseweg 195,2018-11-10,21:00:00,1,0,1,FMN GV 10 Beerse
39,Antwerpseweg 195,2018-11-10,22:00:00,0,0,0,FMN GV 10 Beerse
39,Antwerpseweg 195,2018-11-10,23:00:00,1,1,0,FMN GV 10 Beerse
39,Antwerpseweg 195,2018-11-11,00:00:00,1,1,0,FMN GV 10 Beerse
39,Antwerpseweg 195,2018-11-11,01:00:00,2,1,1,FMN GV 10 Beerse
39,Antwerpseweg 195,2018-11-11,02:00:00,5,5,0,FMN GV 10 Beerse
39,Antwerpseweg 195,2018-11-11,03:00:00,3,3,0,FMN GV 10 Beerse
39,Antwerpseweg 195,2018-11-11,04:00:00,4,4,0,FMN GV 10 Beerse
39,Antwerpseweg 195,2018-11-11,05:00:00,1,1,0,FMN GV 10 Beerse
39,Antwerpseweg 195,2018-11-11,06:00:00,0,0,0,FMN GV 10 Beerse
39,Antwerpseweg 195,2018-11-11,07:00:00,3,3,0,FMN GV 10 Beerse
39,Antwerpseweg 195,2018-11-11,08:00:00,16,10,6,FMN GV 10 Beerse
39,Antwerpseweg 195,2018-11-11,09:00:00,6,6,0,FMN GV 10 Beerse
39,Antwerpseweg 195,2018-11-11,10:00:00,9,4,5,FMN GV 10 Beerse
39,Antwerpseweg 195,2018-11-11,11:00:00,15,13,2,FMN GV 10 Beerse
39,Antwerpseweg 195,2018-11-11,12:00:00,3,1,2,FMN GV 10 Beerse
39,Antwerpseweg 195,2018-11-11,13:00:00,9,3,6,FMN GV 10 Beerse
39,Antwerpseweg 195,2018-11-11,14:00:00,5,3,2,FMN GV 10 Beerse
39,Antwerpseweg 195,2018-11-11,15:00:00,3,1,2,FMN GV 10 Beerse
39,Antwerpseweg 195,2018-11-11,16:00:00,7,3,4,FMN GV 10 Beerse
39,Antwerpseweg 195,2018-11-11,17:00:00,5,5,0,FMN GV 10 Beerse
39,Antwerpseweg 195,2018-11-11,18:00:00,1,0,1,FMN GV 10 Beerse
39,Antwerpseweg 195,2018-11-11,19:00:00,0,0,0,FMN GV 10 Beerse
39,Antwerpseweg 195,2018-11-11,20:00:00,2,2,0,FMN GV 10 Beerse
39,Antwerpseweg 195,2018-11-11,21:00:00,0,0,0,FMN GV 10 Beerse
39,Antwerpseweg 195,2018-11-11,22:00:00,1,1,0,FMN GV 10 Beerse
39,Antwerpseweg 195,2018-11-11,23:00:00,0,0,0,FMN GV 10 Beerse
39,Antwerpseweg 195,2018-11-12,00:00:00,0,0,0,FMN GV 10 Beerse
39,Antwerpseweg 195,2018-11-12,01:00:00,1,1,0,FMN GV 10 Beerse
39,Antwerpseweg 195,2018-11-12,02:00:00,0,0,0,FMN GV 10 Beerse
39,Antwerpseweg 195,2018-11-12,03:00:00,0,0,0,FMN GV 10 Beerse
39,Antwerpseweg 195,2018-11-12,04:00:00,1,1,0,FMN GV 10 Beerse
39,Antwerpseweg 195,2018-11-12,05:00:00,4,3,1,FMN GV 10 Beerse
39,Antwerpseweg 195,2018-11-12,06:00:00,6,5,1,FMN GV 10 Beerse
39,Antwerpseweg 195,2018-11-12,07:00:00,20,12,8,FMN GV 10 Beerse
39,Antwerpseweg 195,2018-11-12,08:00:00,16,11,5,FMN GV 10 Beerse
39,Antwerpseweg 195,2018-11-12,09:00:00,3,3,0,FMN GV 10 Beerse
39,Antwerpseweg 195,2018-11-12,10:00:00,2,1,1,FMN GV 10 Beerse
39,Antwerpseweg 195,2018-11-12,11:00:00,3,3,0,FMN GV 10 Beerse
39,Antwerpseweg 195,2018-11-12,12:00:00,8,6,2,FMN GV 10 Beerse
39,Antwerpseweg 195,2018-11-12,13:00:00,10,7,3,FMN GV 10 Beerse
39,Antwerpseweg 195,2018-11-12,14:00:00,4,1,3,FMN GV 10 Beerse
39,Antwerpseweg 195,2018-11-12,15:00:00,12,6,6,FMN GV 10 Beerse
39,Antwerpseweg 195,2018-11-12,16:00:00,20,14,6,FMN GV 10 Beerse
39,Antwerpseweg 195,2018-11-12,17:00:00,17,7,10,FMN GV 10 Beerse
39,Antwerpseweg 195,2018-11-12,18:00:00,4,4,0,FMN GV 10 Beerse
39,Antwerpseweg 195,2018-11-12,19:00:00,7,2,5,FMN GV 10 Beerse
39,Antwerpseweg 195,2018-11-12,20:00:00,2,1,1,FMN GV 10 Beerse
39,Antwerpseweg 195,2018-11-12,21:00:00,4,2,2,FMN GV 10 Beerse
39,Antwerpseweg 195,2018-11-12,22:00:00,2,1,1,FMN GV 10 Beerse
39,Antwerpseweg 195,2018-11-12,23:00:00,0,0,0,FMN GV 10 Beerse
39,Antwerpseweg 195,2018-11-13,00:00:00,0,0,0,FMN GV 10 Beerse
39,Antwerpseweg 195,2018-11-13,01:00:00,0,0,0,FMN GV 10 Beerse
39,Antwerpseweg 195,2018-11-13,02:00:00,0,0,0,FMN GV 10 Beerse
39,Antwerpseweg 195,2018-11-13,03:00:00,0,0,0,FMN GV 10 Beerse
39,Antwerpseweg 195,2018-11-13,04:00:00,0,0,0,FMN GV 10 Beerse
39,Antwerpseweg 195,2018-11-13,05:00:00,8,6,2,FMN GV 10 Beerse
39,Antwerpseweg 195,2018-11-13,06:00:00,11,10,1,FMN GV 10 Beerse
39,Antwerpseweg 195,2018-11-13,07:00:00,37,29,8,FMN GV 10 Beerse
39,Antwerpseweg 195,2018-11-13,08:00:00,31,23,8,FMN GV 10 Beerse
39,Antwerpseweg 195,2018-11-13,09:00:00,2,1,1,FMN GV 10 Beerse
39,Antwerpseweg 195,2018-11-13,10:00:00,10,7,3,FMN GV 10 Beerse
39,Antwerpseweg 195,2018-11-13,11:00:00,4,2,2,FMN GV 10 Beerse
39,Antwerpseweg 195,2018-11-13,12:00:00,9,5,4,FMN GV 10 Beerse
39,Antwerpseweg 195,2018-11-13,13:00:00,20,15,5,FMN GV 10 Beerse
39,Antwerpseweg 195,2018-11-13,14:00:00,17,12,5,FMN GV 10 Beerse
39,Antwerpseweg 195,2018-11-13,15:00:00,29,22,7,FMN GV 10 Beerse
39,Antwerpseweg 195,2018-11-13,16:00:00,52,35,17,FMN GV 10 Beerse
39,Antwerpseweg 195,2018-11-13,17:00:00,26,15,11,FMN GV 10 Beerse
39,Antwerpseweg 195,2018-11-13,18:00:00,14,10,4,FMN GV 10 Beerse
39,Antwerpseweg 195,2018-11-13,19:00:00,10,6,4,FMN GV 10 Beerse
39,Antwerpseweg 195,2018-11-13,20:00:00,6,4,2,FMN GV 10 Beerse
39,Antwerpseweg 195,2018-11-13,21:00:00,5,4,1,FMN GV 10 Beerse
39,Antwerpseweg 195,2018-11-13,22:00:00,3,2,1,FMN GV 10 Beerse
39,Antwerpseweg 195,2018-11-13,23:00:00,0,0,0,FMN GV 10 Beerse
39,Antwerpseweg 195,2018-11-14,00:00:00,1,1,0,FMN GV 10 Beerse
39,Antwerpseweg 195,2018-11-14,01:00:00,0,0,0,FMN GV 10 Beerse
39,Antwerpseweg 195,2018-11-14,02:00:00,0,0,0,FMN GV 10 Beerse
39,Antwerpseweg 195,2018-11-14,03:00:00,0,0,0,FMN GV 10 Beerse
39,Antwerpseweg 195,2018-11-14,04:00:00,2,2,0,FMN GV 10 Beerse
39,Antwerpseweg 195,2018-11-14,05:00:00,7,4,3,FMN GV 10 Beerse
39,Antwerpseweg 195,2018-11-14,06:00:00,13,11,2,FMN GV 10 Beerse
39,Antwerpseweg 195,2018-11-14,07:00:00,43,35,8,FMN GV 10 Beerse
39,Antwerpseweg 195,2018-11-14,08:00:00,22,13,9,FMN GV 10 Beerse
39,Antwerpseweg 195,2018-11-14,09:00:00,5,3,2,FMN GV 10 Beerse
39,Antwerpseweg 195,2018-11-14,10:00:00,10,8,2,FMN GV 10 Beerse
39,Antwerpseweg 195,2018-11-14,11:00:00,19,11,8,FMN GV 10 Beerse
39,Antwerpseweg 195,2018-11-14,12:00:00,46,35,11,FMN GV 10 Beerse
39,Antwerpseweg 195,2018-11-14,13:00:00,25,15,10,FMN GV 10 Beerse
39,Antwerpseweg 195,2018-11-14,14:00:00,32,27,5,FMN GV 10 Beerse
39,Antwerpseweg 195,2018-11-14,15:00:00,27,18,9,FMN GV 10 Beerse
39,Antwerpseweg 195,2018-11-14,16:00:00,29,23,6,FMN GV 10 Beerse
39,Antwerpseweg 195,2018-11-14,17:00:00,25,16,9,FMN GV 10 Beerse
39,Antwerpseweg 195,2018-11-14,18:00:00,9,7,2,FMN GV 10 Beerse
39,Antwerpseweg 195,2018-11-14,19:00:00,4,2,2,FMN GV 10 Beerse
39,Antwerpseweg 195,2018-11-14,20:00:00,6,4,2,FMN GV 10 Beerse
39,Antwerpseweg 195,2018-11-14,21:00:00,3,2,1,FMN GV 10 Beerse
39,Antwerpseweg 195,2018-11-14,22:00:00,0,0,0,FMN GV 10 Beerse
39,Antwerpseweg 195,2018-11-14,23:00:00,2,2,0,FMN GV 10 Beerse
39,Antwerpseweg 195,2018-11-15,00:00:00,0,0,0,FMN GV 10 Beerse
39,Antwerpseweg 195,2018-11-15,01:00:00,0,0,0,FMN GV 10 Beerse
39,Antwerpseweg 195,2018-11-15,02:00:00,0,0,0,FMN GV 10 Beerse
39,Antwerpseweg 195,2018-11-15,03:00:00,0,0,0,FMN GV 10 Beerse
39,Antwerpseweg 195,2018-11-15,04:00:00,1,1,0,FMN GV 10 Beerse
39,Antwerpseweg 195,2018-11-15,05:00:00,7,6,1,FMN GV 10 Beerse
39,Antwerpseweg 195,2018-11-15,06:00:00,9,6,3,FMN GV 10 Beerse
39,Antwerpseweg 195,2018-11-15,07:00:00,48,39,9,FMN GV 10 Beerse
39,Antwerpseweg 195,2018-11-15,08:00:00,25,19,6,FMN GV 10 Beerse
39,Antwerpseweg 195,2018-11-15,09:00:00,4,3,1,FMN GV 10 Beerse
39,Antwerpseweg 195,2018-11-15,10:00:00,5,3,2,FMN GV 10 Beerse
39,Antwerpseweg 195,2018-11-15,11:00:00,11,8,3,FMN GV 10 Beerse
39,Antwerpseweg 195,2018-11-15,12:00:00,18,10,8,FMN GV 10 Beerse
39,Antwerpseweg 195,2018-11-15,13:00:00,36,17,19,FMN GV 10 Beerse
39,Antwerpseweg 195,2018-11-15,14:00:00,21,16,5,FMN GV 10 Beerse
39,Antwerpseweg 195,2018-11-15,15:00:00,32,19,13,FMN GV 10 Beerse
39,Antwerpseweg 195,2018-11-15,16:00:00,57,41,16,FMN GV 10 Beerse
39,Antwerpseweg 195,2018-11-15,17:00:00,23,13,10,FMN GV 10 Beerse
39,Antwerpseweg 195,2018-11-15,18:00:00,12,4,8,FMN GV 10 Beerse
39,Antwerpseweg 195,2018-11-15,19:00:00,9,5,4,FMN GV 10 Beerse
39,Antwerpseweg 195,2018-11-15,20:00:00,5,3,2,FMN GV 10 Beerse
39,Antwerpseweg 195,2018-11-15,21:00:00,4,4,0,FMN GV 10 Beerse
39,Antwerpseweg 195,2018-11-15,22:00:00,2,1,1,FMN GV 10 Beerse
39,Antwerpseweg 195,2018-11-15,23:00:00,2,2,0,FMN GV 10 Beerse
39,Antwerpseweg 195,2018-11-16,00:00:00,0,0,0,FMN GV 10 Beerse
39,Antwerpseweg 195,2018-11-16,01:00:00,0,0,0,FMN GV 10 Beerse
39,Antwerpseweg 195,2018-11-16,02:00:00,0,0,0,FMN GV 10 Beerse
39,Antwerpseweg 195,2018-11-16,03:00:00,0,0,0,FMN GV 10 Beerse
39,Antwerpseweg 195,2018-11-16,04:00:00,0,0,0,FMN GV 10 Beerse
39,Antwerpseweg 195,2018-11-16,05:00:00,6,5,1,FMN GV 10 Beerse
39,Antwerpseweg 195,2018-11-16,06:00:00,10,7,3,FMN GV 10 Beerse
39,Antwerpseweg 195,2018-11-16,07:00:00,44,35,9,FMN GV 10 Beerse
39,Antwerpseweg 195,2018-11-16,08:00:00,24,21,3,FMN GV 10 Beerse
39,Antwerpseweg 195,2018-11-16,09:00:00,3,3,0,FMN GV 10 Beerse
39,Antwerpseweg 195,2018-11-16,10:00:00,7,5,2,FMN GV 10 Beerse
39,Antwerpseweg 195,2018-11-16,11:00:00,11,7,4,FMN GV 10 Beerse
39,Antwerpseweg 195,2018-11-16,12:00:00,10,7,3,FMN GV 10 Beerse
39,Antwerpseweg 195,2018-11-16,13:00:00,6,5,1,FMN GV 10 Beerse
39,Antwerpseweg 195,2018-11-16,14:00:00,6,4,2,FMN GV 10 Beerse
39,Antwerpseweg 195,2018-11-16,15:00:00,23,13,10,FMN GV 10 Beerse
39,Antwerpseweg 195,2018-11-16,16:00:00,44,32,12,FMN GV 10 Beerse
39,Antwerpseweg 195,2018-11-16,17:00:00,16,11,5,FMN GV 10 Beerse
39,Antwerpseweg 195,2018-11-16,18:00:00,7,5,2,FMN GV 10 Beerse
39,Antwerpseweg 195,2018-11-16,19:00:00,2,1,1,FMN GV 10 Beerse
39,Antwerpseweg 195,2018-11-16,20:00:00,3,1,2,FMN GV 10 Beerse
39,Antwerpseweg 195,2018-11-16,21:00:00,0,0,0,FMN GV 10 Beerse
39,Antwerpseweg 195,2018-11-16,22:00:00,3,3,0,FMN GV 10 Beerse
39,Antwerpseweg 195,2018-11-16,23:00:00,3,2,1,FMN GV 10 Beerse
39,Antwerpseweg 195,2018-11-17,00:00:00,0,0,0,FMN GV 10 Beerse
39,Antwerpseweg 195,2018-11-17,01:00:00,0,0,0,FMN GV 10 Beerse
39,Antwerpseweg 195,2018-11-17,02:00:00,2,2,0,FMN GV 10 Beerse
39,Antwerpseweg 195,2018-11-17,03:00:00,0,0,0,FMN GV 10 Beerse
39,Antwerpseweg 195,2018-11-17,04:00:00,0,0,0,FMN GV 10 Beerse
39,Antwerpseweg 195,2018-11-17,05:00:00,2,2,0,FMN GV 10 Beerse
39,Antwerpseweg 195,2018-11-17,06:00:00,0,0,0,FMN GV 10 Beerse
39,Antwerpseweg 195,2018-11-17,07:00:00,0,0,0,FMN GV 10 Beerse
39,Antwerpseweg 195,2018-11-17,08:00:00,3,1,2,FMN GV 10 Beerse
39,Antwerpseweg 195,2018-11-17,09:00:00,10,5,5,FMN GV 10 Beerse
39,Antwerpseweg 195,2018-11-17,10:00:00,9,8,1,FMN GV 10 Beerse
39,Antwerpseweg 195,2018-11-17,11:00:00,8,5,3,FMN GV 10 Beerse
39,Antwerpseweg 195,2018-11-17,12:00:00,8,5,3,FMN GV 10 Beerse
39,Antwerpseweg 195,2018-11-17,13:00:00,16,13,3,FMN GV 10 Beerse
39,Antwerpseweg 195,2018-11-17,14:00:00,7,4,3,FMN GV 10 Beerse
39,Antwerpseweg 195,2018-11-17,15:00:00,14,6,8,FMN GV 10 Beerse
39,Antwerpseweg 195,2018-11-17,16:00:00,5,4,1,FMN GV 10 Beerse
39,Antwerpseweg 195,2018-11-17,17:00:00,7,3,4,FMN GV 10 Beerse
39,Antwerpseweg 195,2018-11-17,18:00:00,7,5,2,FMN GV 10 Beerse
39,Antwerpseweg 195,2018-11-17,19:00:00,1,0,1,FMN GV 10 Beerse
39,Antwerpseweg 195,2018-11-17,20:00:00,6,3,3,FMN GV 10 Beerse
39,Antwerpseweg 195,2018-11-17,21:00:00,3,3,0,FMN GV 10 Beerse
39,Antwerpseweg 195,2018-11-17,22:00:00,1,1,0,FMN GV 10 Beerse
39,Antwerpseweg 195,2018-11-17,23:00:00,0,0,0,FMN GV 10 Beerse
39,Antwerpseweg 195,2018-11-18,00:00:00,0,0,0,FMN GV 10 Beerse
39,Antwerpseweg 195,2018-11-18,01:00:00,1,0,1,FMN GV 10 Beerse
39,Antwerpseweg 195,2018-11-18,02:00:00,2,1,1,FMN GV 10 Beerse
39,Antwerpseweg 195,2018-11-18,03:00:00,0,0,0,FMN GV 10 Beerse
39,Antwerpseweg 195,2018-11-18,04:00:00,1,1,0,FMN GV 10 Beerse
39,Antwerpseweg 195,2018-11-18,05:00:00,0,0,0,FMN GV 10 Beerse
39,Antwerpseweg 195,2018-11-18,06:00:00,0,0,0,FMN GV 10 Beerse
39,Antwerpseweg 195,2018-11-18,07:00:00,1,0,1,FMN GV 10 Beerse
39,Antwerpseweg 195,2018-11-18,08:00:00,3,0,3,FMN GV 10 Beerse
39,Antwerpseweg 195,2018-11-18,09:00:00,6,4,2,FMN GV 10 Beerse
39,Antwerpseweg 195,2018-11-18,10:00:00,9,3,6,FMN GV 10 Beerse
39,Antwerpseweg 195,2018-11-18,11:00:00,16,12,4,FMN GV 10 Beerse
39,Antwerpseweg 195,2018-11-18,12:00:00,16,14,2,FMN GV 10 Beerse
39,Antwerpseweg 195,2018-11-18,13:00:00,9,7,2,FMN GV 10 Beerse
39,Antwerpseweg 195,2018-11-18,14:00:00,12,8,4,FMN GV 10 Beerse
39,Antwerpseweg 195,2018-11-18,15:00:00,6,5,1,FMN GV 10 Beerse
39,Antwerpseweg 195,2018-11-18,16:00:00,12,7,5,FMN GV 10 Beerse
39,Antwerpseweg 195,2018-11-18,17:00:00,4,4,0,FMN GV 10 Beerse
39,Antwerpseweg 195,2018-11-18,18:00:00,1,1,0,FMN GV 10 Beerse
39,Antwerpseweg 195,2018-11-18,19:00:00,2,0,2,FMN GV 10 Beerse
39,Antwerpseweg 195,2018-11-18,20:00:00,2,1,1,FMN GV 10 Beerse
39,Antwerpseweg 195,2018-11-18,21:00:00,4,2,2,FMN GV 10 Beerse
39,Antwerpseweg 195,2018-11-18,22:00:00,0,0,0,FMN GV 10 Beerse
39,Antwerpseweg 195,2018-11-18,23:00:00,0,0,0,FMN GV 10 Beerse
39,Antwerpseweg 195,2018-11-19,00:00:00,0,0,0,FMN GV 10 Beerse
39,Antwerpseweg 195,2018-11-19,01:00:00,0,0,0,FMN GV 10 Beerse
39,Antwerpseweg 195,2018-11-19,02:00:00,0,0,0,FMN GV 10 Beerse
39,Antwerpseweg 195,2018-11-19,03:00:00,0,0,0,FMN GV 10 Beerse
39,Antwerpseweg 195,2018-11-19,04:00:00,0,0,0,FMN GV 10 Beerse
39,Antwerpseweg 195,2018-11-19,05:00:00,6,5,1,FMN GV 10 Beerse
39,Antwerpseweg 195,2018-11-19,06:00:00,5,3,2,FMN GV 10 Beerse
39,Antwerpseweg 195,2018-11-19,07:00:00,36,26,10,FMN GV 10 Beerse
39,Antwerpseweg 195,2018-11-19,08:00:00,29,19,10,FMN GV 10 Beerse
39,Antwerpseweg 195,2018-11-19,09:00:00,13,10,3,FMN GV 10 Beerse
39,Antwerpseweg 195,2018-11-19,10:00:00,6,4,2,FMN GV 10 Beerse
39,Antwerpseweg 195,2018-11-19,11:00:00,8,5,3,FMN GV 10 Beerse
39,Antwerpseweg 195,2018-11-19,12:00:00,15,12,3,FMN GV 10 Beerse
39,Antwerpseweg 195,2018-11-19,13:00:00,5,4,1,FMN GV 10 Beerse
39,Antwerpseweg 195,2018-11-19,14:00:00,7,2,5,FMN GV 10 Beerse
39,Antwerpseweg 195,2018-11-19,15:00:00,15,6,9,FMN GV 10 Beerse
39,Antwerpseweg 195,2018-11-19,16:00:00,57,39,18,FMN GV 10 Beerse
39,Antwerpseweg 195,2018-11-19,17:00:00,27,16,11,FMN GV 10 Beerse
39,Antwerpseweg 195,2018-11-19,18:00:00,6,2,4,FMN GV 10 Beerse
39,Antwerpseweg 195,2018-11-19,19:00:00,10,6,4,FMN GV 10 Beerse
39,Antwerpseweg 195,2018-11-19,20:00:00,1,1,0,FMN GV 10 Beerse
39,Antwerpseweg 195,2018-11-19,21:00:00,6,4,2,FMN GV 10 Beerse
39,Antwerpseweg 195,2018-11-19,22:00:00,5,3,2,FMN GV 10 Beerse
39,Antwerpseweg 195,2018-11-19,23:00:00,0,0,0,FMN GV 10 Beerse
39,Antwerpseweg 195,2018-11-20,00:00:00,0,0,0,FMN GV 10 Beerse
39,Antwerpseweg 195,2018-11-20,01:00:00,0,0,0,FMN GV 10 Beerse
39,Antwerpseweg 195,2018-11-20,02:00:00,0,0,0,FMN GV 10 Beerse
39,Antwerpseweg 195,2018-11-20,03:00:00,0,0,0,FMN GV 10 Beerse
39,Antwerpseweg 195,2018-11-20,04:00:00,0,0,0,FMN GV 10 Beerse
39,Antwerpseweg 195,2018-11-20,05:00:00,8,8,0,FMN GV 10 Beerse
39,Antwerpseweg 195,2018-11-20,06:00:00,6,6,0,FMN GV 10 Beerse
39,Antwerpseweg 195,2018-11-20,07:00:00,33,29,4,FMN GV 10 Beerse
39,Antwerpseweg 195,2018-11-20,08:00:00,28,19,9,FMN GV 10 Beerse
39,Antwerpseweg 195,2018-11-20,09:00:00,6,4,2,FMN GV 10 Beerse
39,Antwerpseweg 195,2018-11-20,10:00:00,4,1,3,FMN GV 10 Beerse
39,Antwerpseweg 195,2018-11-20,11:00:00,4,2,2,FMN GV 10 Beerse
39,Antwerpseweg 195,2018-11-20,12:00:00,10,9,1,FMN GV 10 Beerse
39,Antwerpseweg 195,2018-11-20,13:00:00,9,8,1,FMN GV 10 Beerse
39,Antwerpseweg 195,2018-11-20,14:00:00,6,4,2,FMN GV 10 Beerse
39,Antwerpseweg 195,2018-11-20,15:00:00,14,6,8,FMN GV 10 Beerse
39,Antwerpseweg 195,2018-11-20,16:00:00,43,27,16,FMN GV 10 Beerse
39,Antwerpseweg 195,2018-11-20,17:00:00,22,17,5,FMN GV 10 Beerse
39,Antwerpseweg 195,2018-11-20,18:00:00,22,9,13,FMN GV 10 Beerse
39,Antwerpseweg 195,2018-11-20,19:00:00,8,4,4,FMN GV 10 Beerse
39,Antwerpseweg 195,2018-11-20,20:00:00,3,2,1,FMN GV 10 Beerse
39,Antwerpseweg 195,2018-11-20,21:00:00,3,1,2,FMN GV 10 Beerse
39,Antwerpseweg 195,2018-11-20,22:00:00,7,3,4,FMN GV 10 Beerse
39,Antwerpseweg 195,2018-11-20,23:00:00,2,2,0,FMN GV 10 Beerse
39,Antwerpseweg 195,2018-11-21,00:00:00,0,0,0,FMN GV 10 Beerse
39,Antwerpseweg 195,2018-11-21,01:00:00,0,0,0,FMN GV 10 Beerse
39,Antwerpseweg 195,2018-11-21,02:00:00,0,0,0,FMN GV 10 Beerse
39,Antwerpseweg 195,2018-11-21,03:00:00,0,0,0,FMN GV 10 Beerse
39,Antwerpseweg 195,2018-11-21,04:00:00,1,1,0,FMN GV 10 Beerse
39,Antwerpseweg 195,2018-11-21,05:00:00,3,3,0,FMN GV 10 Beerse
39,Antwerpseweg 195,2018-11-21,06:00:00,7,7,0,FMN GV 10 Beerse
39,Antwerpseweg 195,2018-11-21,07:00:00,40,32,8,FMN GV 10 Beerse
39,Antwerpseweg 195,2018-11-21,08:00:00,34,22,12,FMN GV 10 Beerse
39,Antwerpseweg 195,2018-11-21,09:00:00,5,3,2,FMN GV 10 Beerse
39,Antwerpseweg 195,2018-11-21,10:00:00,4,3,1,FMN GV 10 Beerse
39,Antwerpseweg 195,2018-11-21,11:00:00,13,5,8,FMN GV 10 Beerse
39,Antwerpseweg 195,2018-11-21,12:00:00,32,21,11,FMN GV 10 Beerse
39,Antwerpseweg 195,2018-11-21,13:00:00,29,21,8,FMN GV 10 Beerse
39,Antwerpseweg 195,2018-11-21,14:00:00,11,10,1,FMN GV 10 Beerse
39,Antwerpseweg 195,2018-11-21,15:00:00,19,10,9,FMN GV 10 Beerse
39,Antwerpseweg 195,2018-11-21,16:00:00,17,12,5,FMN GV 10 Beerse
39,Antwerpseweg 195,2018-11-21,17:00:00,22,14,8,FMN GV 10 Beerse
39,Antwerpseweg 195,2018-11-21,18:00:00,8,5,3,FMN GV 10 Beerse
39,Antwerpseweg 195,2018-11-21,19:00:00,2,1,1,FMN GV 10 Beerse
39,Antwerpseweg 195,2018-11-21,20:00:00,7,3,4,FMN GV 10 Beerse
39,Antwerpseweg 195,2018-11-21,21:00:00,3,2,1,FMN GV 10 Beerse
39,Antwerpseweg 195,2018-11-21,22:00:00,3,2,1,FMN GV 10 Beerse
39,Antwerpseweg 195,2018-11-21,23:00:00,1,1,0,FMN GV 10 Beerse
39,Antwerpseweg 195,2018-11-22,00:00:00,0,0,0,FMN GV 10 Beerse
39,Antwerpseweg 195,2018-11-22,01:00:00,0,0,0,FMN GV 10 Beerse
39,Antwerpseweg 195,2018-11-22,02:00:00,0,0,0,FMN GV 10 Beerse
39,Antwerpseweg 195,2018-11-22,03:00:00,0,0,0,FMN GV 10 Beerse
39,Antwerpseweg 195,2018-11-22,04:00:00,2,1,1,FMN GV 10 Beerse
39,Antwerpseweg 195,2018-11-22,05:00:00,5,4,1,FMN GV 10 Beerse
39,Antwerpseweg 195,2018-11-22,06:00:00,4,2,2,FMN GV 10 Beerse
39,Antwerpseweg 195,2018-11-22,07:00:00,47,36,11,FMN GV 10 Beerse
39,Antwerpseweg 195,2018-11-22,08:00:00,27,16,11,FMN GV 10 Beerse
39,Antwerpseweg 195,2018-11-22,09:00:00,13,8,5,FMN GV 10 Beerse
39,Antwerpseweg 195,2018-11-22,10:00:00,3,3,0,FMN GV 10 Beerse
39,Antwerpseweg 195,2018-11-22,11:00:00,16,5,11,FMN GV 10 Beerse
39,Antwerpseweg 195,2018-11-22,12:00:00,16,12,4,FMN GV 10 Beerse
39,Antwerpseweg 195,2018-11-22,13:00:00,13,9,4,FMN GV 10 Beerse
39,Antwerpseweg 195,2018-11-22,14:00:00,23,15,8,FMN GV 10 Beerse
39,Antwerpseweg 195,2018-11-22,15:00:00,27,18,9,FMN GV 10 Beerse
39,Antwerpseweg 195,2018-11-22,16:00:00,42,26,16,FMN GV 10 Beerse
39,Antwerpseweg 195,2018-11-22,17:00:00,25,17,8,FMN GV 10 Beerse
39,Antwerpseweg 195,2018-11-22,18:00:00,12,9,3,FMN GV 10 Beerse
39,Antwerpseweg 195,2018-11-22,19:00:00,9,7,2,FMN GV 10 Beerse
39,Antwerpseweg 195,2018-11-22,20:00:00,3,1,2,FMN GV 10 Beerse
39,Antwerpseweg 195,2018-11-22,21:00:00,4,0,4,FMN GV 10 Beerse
39,Antwerpseweg 195,2018-11-22,22:00:00,3,3,0,FMN GV 10 Beerse
39,Antwerpseweg 195,2018-11-22,23:00:00,1,0,1,FMN GV 10 Beerse
39,Antwerpseweg 195,2018-11-23,00:00:00,0,0,0,FMN GV 10 Beerse
39,Antwerpseweg 195,2018-11-23,01:00:00,0,0,0,FMN GV 10 Beerse
39,Antwerpseweg 195,2018-11-23,02:00:00,0,0,0,FMN GV 10 Beerse
39,Antwerpseweg 195,2018-11-23,03:00:00,0,0,0,FMN GV 10 Beerse
39,Antwerpseweg 195,2018-11-23,04:00:00,0,0,0,FMN GV 10 Beerse
39,Antwerpseweg 195,2018-11-23,05:00:00,5,3,2,FMN GV 10 Beerse
39,Antwerpseweg 195,2018-11-23,06:00:00,5,4,1,FMN GV 10 Beerse
39,Antwerpseweg 195,2018-11-23,07:00:00,34,27,7,FMN GV 10 Beerse
39,Antwerpseweg 195,2018-11-23,08:00:00,18,12,6,FMN GV 10 Beerse
39,Antwerpseweg 195,2018-11-23,09:00:00,7,4,3,FMN GV 10 Beerse
39,Antwerpseweg 195,2018-11-23,10:00:00,3,3,0,FMN GV 10 Beerse
39,Antwerpseweg 195,2018-11-23,11:00:00,10,9,1,FMN GV 10 Beerse
39,Antwerpseweg 195,2018-11-23,12:00:00,9,6,3,FMN GV 10 Beerse
39,Antwerpseweg 195,2018-11-23,13:00:00,13,6,7,FMN GV 10 Beerse
39,Antwerpseweg 195,2018-11-23,14:00:00,14,10,4,FMN GV 10 Beerse
39,Antwerpseweg 195,2018-11-23,15:00:00,21,13,8,FMN GV 10 Beerse
39,Antwerpseweg 195,2018-11-23,16:00:00,41,29,12,FMN GV 10 Beerse
39,Antwerpseweg 195,2018-11-23,17:00:00,21,13,8,FMN GV 10 Beerse
39,Antwerpseweg 195,2018-11-23,18:00:00,4,2,2,FMN GV 10 Beerse
39,Antwerpseweg 195,2018-11-23,19:00:00,8,4,4,FMN GV 10 Beerse
39,Antwerpseweg 195,2018-11-23,20:00:00,1,0,1,FMN GV 10 Beerse
39,Antwerpseweg 195,2018-11-23,21:00:00,2,2,0,FMN GV 10 Beerse
39,Antwerpseweg 195,2018-11-23,22:00:00,1,1,0,FMN GV 10 Beerse
39,Antwerpseweg 195,2018-11-23,23:00:00,0,0,0,FMN GV 10 Beerse
39,Antwerpseweg 195,2018-11-24,00:00:00,0,0,0,FMN GV 10 Beerse
39,Antwerpseweg 195,2018-11-24,01:00:00,0,0,0,FMN GV 10 Beerse
39,Antwerpseweg 195,2018-11-24,02:00:00,4,4,0,FMN GV 10 Beerse
39,Antwerpseweg 195,2018-11-24,03:00:00,1,1,0,FMN GV 10 Beerse
39,Antwerpseweg 195,2018-11-24,04:00:00,0,0,0,FMN GV 10 Beerse
39,Antwerpseweg 195,2018-11-24,05:00:00,0,0,0,FMN GV 10 Beerse
39,Antwerpseweg 195,2018-11-24,06:00:00,0,0,0,FMN GV 10 Beerse
39,Antwerpseweg 195,2018-11-24,07:00:00,0,0,0,FMN GV 10 Beerse
39,Antwerpseweg 195,2018-11-24,08:00:00,2,2,0,FMN GV 10 Beerse
39,Antwerpseweg 195,2018-11-24,09:00:00,6,2,4,FMN GV 10 Beerse
39,Antwerpseweg 195,2018-11-24,10:00:00,6,4,2,FMN GV 10 Beerse
39,Antwerpseweg 195,2018-11-24,11:00:00,3,3,0,FMN GV 10 Beerse
39,Antwerpseweg 195,2018-11-24,12:00:00,9,5,4,FMN GV 10 Beerse
39,Antwerpseweg 195,2018-11-24,13:00:00,5,4,1,FMN GV 10 Beerse
39,Antwerpseweg 195,2018-11-24,14:00:00,2,0,2,FMN GV 10 Beerse
39,Antwerpseweg 195,2018-11-24,15:00:00,7,4,3,FMN GV 10 Beerse
39,Antwerpseweg 195,2018-11-24,16:00:00,4,3,1,FMN GV 10 Beerse
39,Antwerpseweg 195,2018-11-24,17:00:00,4,3,1,FMN GV 10 Beerse
39,Antwerpseweg 195,2018-11-24,18:00:00,3,2,1,FMN GV 10 Beerse
39,Antwerpseweg 195,2018-11-24,19:00:00,1,0,1,FMN GV 10 Beerse
39,Antwerpseweg 195,2018-11-24,20:00:00,2,1,1,FMN GV 10 Beerse
39,Antwerpseweg 195,2018-11-24,21:00:00,2,1,1,FMN GV 10 Beerse
39,Antwerpseweg 195,2018-11-24,22:00:00,1,1,0,FMN GV 10 Beerse
39,Antwerpseweg 195,2018-11-24,23:00:00,3,0,3,FMN GV 10 Beerse
39,Antwerpseweg 195,2018-11-25,00:00:00,1,1,0,FMN GV 10 Beerse
39,Antwerpseweg 195,2018-11-25,01:00:00,1,1,0,FMN GV 10 Beerse
39,Antwerpseweg 195,2018-11-25,02:00:00,2,2,0,FMN GV 10 Beerse
39,Antwerpseweg 195,2018-11-25,03:00:00,0,0,0,FMN GV 10 Beerse
39,Antwerpseweg 195,2018-11-25,04:00:00,0,0,0,FMN GV 10 Beerse
39,Antwerpseweg 195,2018-11-25,05:00:00,0,0,0,FMN GV 10 Beerse
39,Antwerpseweg 195,2018-11-25,06:00:00,1,0,1,FMN GV 10 Beerse
39,Antwerpseweg 195,2018-11-25,07:00:00,2,2,0,FMN GV 10 Beerse
39,Antwerpseweg 195,2018-11-25,08:00:00,1,1,0,FMN GV 10 Beerse
39,Antwerpseweg 195,2018-11-25,09:00:00,6,2,4,FMN GV 10 Beerse
39,Antwerpseweg 195,2018-11-25,10:00:00,4,3,1,FMN GV 10 Beerse
39,Antwerpseweg 195,2018-11-25,11:00:00,6,2,4,FMN GV 10 Beerse
39,Antwerpseweg 195,2018-11-25,12:00:00,5,2,3,FMN GV 10 Beerse
39,Antwerpseweg 195,2018-11-25,13:00:00,4,1,3,FMN GV 10 Beerse
39,Antwerpseweg 195,2018-11-25,14:00:00,22,11,11,FMN GV 10 Beerse
39,Antwerpseweg 195,2018-11-25,15:00:00,8,7,1,FMN GV 10 Beerse
39,Antwerpseweg 195,2018-11-25,16:00:00,6,4,2,FMN GV 10 Beerse
39,Antwerpseweg 195,2018-11-25,17:00:00,4,3,1,FMN GV 10 Beerse
39,Antwerpseweg 195,2018-11-25,18:00:00,3,2,1,FMN GV 10 Beerse
39,Antwerpseweg 195,2018-11-25,19:00:00,1,0,1,FMN GV 10 Beerse
39,Antwerpseweg 195,2018-11-25,20:00:00,3,1,2,FMN GV 10 Beerse
39,Antwerpseweg 195,2018-11-25,21:00:00,1,1,0,FMN GV 10 Beerse
39,Antwerpseweg 195,2018-11-25,22:00:00,1,1,0,FMN GV 10 Beerse
39,Antwerpseweg 195,2018-11-25,23:00:00,0,0,0,FMN GV 10 Beerse
39,Antwerpseweg 195,2018-11-26,00:00:00,0,0,0,FMN GV 10 Beerse
39,Antwerpseweg 195,2018-11-26,01:00:00,0,0,0,FMN GV 10 Beerse
39,Antwerpseweg 195,2018-11-26,02:00:00,0,0,0,FMN GV 10 Beerse
39,Antwerpseweg 195,2018-11-26,03:00:00,0,0,0,FMN GV 10 Beerse
39,Antwerpseweg 195,2018-11-26,04:00:00,2,2,0,FMN GV 10 Beerse
39,Antwerpseweg 195,2018-11-26,05:00:00,6,6,0,FMN GV 10 Beerse
39,Antwerpseweg 195,2018-11-26,06:00:00,1,0,1,FMN GV 10 Beerse
39,Antwerpseweg 195,2018-11-26,07:00:00,31,26,5,FMN GV 10 Beerse
39,Antwerpseweg 195,2018-11-26,08:00:00,19,16,3,FMN GV 10 Beerse
39,Antwerpseweg 195,2018-11-26,09:00:00,4,2,2,FMN GV 10 Beerse
39,Antwerpseweg 195,2018-11-26,10:00:00,2,1,1,FMN GV 10 Beerse
39,Antwerpseweg 195,2018-11-26,11:00:00,3,2,1,FMN GV 10 Beerse
39,Antwerpseweg 195,2018-11-26,12:00:00,9,7,2,FMN GV 10 Beerse
39,Antwerpseweg 195,2018-11-26,13:00:00,10,8,2,FMN GV 10 Beerse
39,Antwerpseweg 195,2018-11-26,14:00:00,3,2,1,FMN GV 10 Beerse
39,Antwerpseweg 195,2018-11-26,15:00:00,9,2,7,FMN GV 10 Beerse
39,Antwerpseweg 195,2018-11-26,16:00:00,27,17,10,FMN GV 10 Beerse
39,Antwerpseweg 195,2018-11-26,17:00:00,17,6,11,FMN GV 10 Beerse
39,Antwerpseweg 195,2018-11-26,18:00:00,9,4,5,FMN GV 10 Beerse
39,Antwerpseweg 195,2018-11-26,19:00:00,13,4,9,FMN GV 10 Beerse
39,Antwerpseweg 195,2018-11-26,20:00:00,6,3,3,FMN GV 10 Beerse
39,Antwerpseweg 195,2018-11-26,21:00:00,2,2,0,FMN GV 10 Beerse
39,Antwerpseweg 195,2018-11-26,22:00:00,1,1,0,FMN GV 10 Beerse
39,Antwerpseweg 195,2018-11-26,23:00:00,0,0,0,FMN GV 10 Beerse
39,Antwerpseweg 195,2018-11-27,00:00:00,0,0,0,FMN GV 10 Beerse
39,Antwerpseweg 195,2018-11-27,01:00:00,0,0,0,FMN GV 10 Beerse
39,Antwerpseweg 195,2018-11-27,02:00:00,0,0,0,FMN GV 10 Beerse
39,Antwerpseweg 195,2018-11-27,03:00:00,0,0,0,FMN GV 10 Beerse
39,Antwerpseweg 195,2018-11-27,04:00:00,0,0,0,FMN GV 10 Beerse
39,Antwerpseweg 195,2018-11-27,05:00:00,6,5,1,FMN GV 10 Beerse
39,Antwerpseweg 195,2018-11-27,06:00:00,4,3,1,FMN GV 10 Beerse
39,Antwerpseweg 195,2018-11-27,07:00:00,38,31,7,FMN GV 10 Beerse
39,Antwerpseweg 195,2018-11-27,08:00:00,22,19,3,FMN GV 10 Beerse
39,Antwerpseweg 195,2018-11-27,09:00:00,6,6,0,FMN GV 10 Beerse
39,Antwerpseweg 195,2018-11-27,10:00:00,10,6,4,FMN GV 10 Beerse
39,Antwerpseweg 195,2018-11-27,11:00:00,4,2,2,FMN GV 10 Beerse
39,Antwerpseweg 195,2018-11-27,12:00:00,11,8,3,FMN GV 10 Beerse
39,Antwerpseweg 195,2018-11-27,13:00:00,22,17,5,FMN GV 10 Beerse
39,Antwerpseweg 195,2018-11-27,14:00:00,7,5,2,FMN GV 10 Beerse
39,Antwerpseweg 195,2018-11-27,15:00:00,22,17,5,FMN GV 10 Beerse
39,Antwerpseweg 195,2018-11-27,16:00:00,51,33,18,FMN GV 10 Beerse
39,Antwerpseweg 195,2018-11-27,17:00:00,27,14,13,FMN GV 10 Beerse
39,Antwerpseweg 195,2018-11-27,18:00:00,10,6,4,FMN GV 10 Beerse
39,Antwerpseweg 195,2018-11-27,19:00:00,5,4,1,FMN GV 10 Beerse
39,Antwerpseweg 195,2018-11-27,20:00:00,4,1,3,FMN GV 10 Beerse
39,Antwerpseweg 195,2018-11-27,21:00:00,2,0,2,FMN GV 10 Beerse
39,Antwerpseweg 195,2018-11-27,22:00:00,2,1,1,FMN GV 10 Beerse
39,Antwerpseweg 195,2018-11-27,23:00:00,0,0,0,FMN GV 10 Beerse
39,Antwerpseweg 195,2018-11-28,00:00:00,0,0,0,FMN GV 10 Beerse
39,Antwerpseweg 195,2018-11-28,01:00:00,0,0,0,FMN GV 10 Beerse
39,Antwerpseweg 195,2018-11-28,02:00:00,0,0,0,FMN GV 10 Beerse
39,Antwerpseweg 195,2018-11-28,03:00:00,0,0,0,FMN GV 10 Beerse
39,Antwerpseweg 195,2018-11-28,04:00:00,1,1,0,FMN GV 10 Beerse
39,Antwerpseweg 195,2018-11-28,05:00:00,6,4,2,FMN GV 10 Beerse
39,Antwerpseweg 195,2018-11-28,06:00:00,0,0,0,FMN GV 10 Beerse
39,Antwerpseweg 195,2018-11-28,07:00:00,30,25,5,FMN GV 10 Beerse
39,Antwerpseweg 195,2018-11-28,08:00:00,17,11,6,FMN GV 10 Beerse
39,Antwerpseweg 195,2018-11-28,09:00:00,4,4,0,FMN GV 10 Beerse
39,Antwerpseweg 195,2018-11-28,10:00:00,4,4,0,FMN GV 10 Beerse
39,Antwerpseweg 195,2018-11-28,11:00:00,3,2,1,FMN GV 10 Beerse
39,Antwerpseweg 195,2018-11-28,12:00:00,31,20,11,FMN GV 10 Beerse
39,Antwerpseweg 195,2018-11-28,13:00:00,11,6,5,FMN GV 10 Beerse
39,Antwerpseweg 195,2018-11-28,14:00:00,5,2,3,FMN GV 10 Beerse
39,Antwerpseweg 195,2018-11-28,15:00:00,6,5,1,FMN GV 10 Beerse
39,Antwerpseweg 195,2018-11-28,16:00:00,14,6,8,FMN GV 10 Beerse
39,Antwerpseweg 195,2018-11-28,17:00:00,13,7,6,FMN GV 10 Beerse
39,Antwerpseweg 195,2018-11-28,18:00:00,9,4,5,FMN GV 10 Beerse
39,Antwerpseweg 195,2018-11-28,19:00:00,5,3,2,FMN GV 10 Beerse
39,Antwerpseweg 195,2018-11-28,20:00:00,2,1,1,FMN GV 10 Beerse
39,Antwerpseweg 195,2018-11-28,21:00:00,1,1,0,FMN GV 10 Beerse
39,Antwerpseweg 195,2018-11-28,22:00:00,3,2,1,FMN GV 10 Beerse
39,Antwerpseweg 195,2018-11-28,23:00:00,0,0,0,FMN GV 10 Beerse
39,Antwerpseweg 195,2018-11-29,00:00:00,1,0,1,FMN GV 10 Beerse
39,Antwerpseweg 195,2018-11-29,01:00:00,0,0,0,FMN GV 10 Beerse
39,Antwerpseweg 195,2018-11-29,02:00:00,0,0,0,FMN GV 10 Beerse
39,Antwerpseweg 195,2018-11-29,03:00:00,0,0,0,FMN GV 10 Beerse
39,Antwerpseweg 195,2018-11-29,04:00:00,1,1,0,FMN GV 10 Beerse
39,Antwerpseweg 195,2018-11-29,05:00:00,6,5,1,FMN GV 10 Beerse
39,Antwerpseweg 195,2018-11-29,06:00:00,5,1,4,FMN GV 10 Beerse
39,Antwerpseweg 195,2018-11-29,07:00:00,25,19,6,FMN GV 10 Beerse
39,Antwerpseweg 195,2018-11-29,08:00:00,17,15,2,FMN GV 10 Beerse
39,Antwerpseweg 195,2018-11-29,09:00:00,1,1,0,FMN GV 10 Beerse
39,Antwerpseweg 195,2018-11-29,10:00:00,2,1,1,FMN GV 10 Beerse
39,Antwerpseweg 195,2018-11-29,11:00:00,2,2,0,FMN GV 10 Beerse
39,Antwerpseweg 195,2018-11-29,12:00:00,6,6,0,FMN GV 10 Beerse
39,Antwerpseweg 195,2018-11-29,13:00:00,11,6,5,FMN GV 10 Beerse
39,Antwerpseweg 195,2018-11-29,14:00:00,8,7,1,FMN GV 10 Beerse
39,Antwerpseweg 195,2018-11-29,15:00:00,22,17,5,FMN GV 10 Beerse
39,Antwerpseweg 195,2018-11-29,16:00:00,22,11,11,FMN GV 10 Beerse
39,Antwerpseweg 195,2018-11-29,17:00:00,18,10,8,FMN GV 10 Beerse
39,Antwerpseweg 195,2018-11-29,18:00:00,10,3,7,FMN GV 10 Beerse
39,Antwerpseweg 195,2018-11-29,19:00:00,7,6,1,FMN GV 10 Beerse
39,Antwerpseweg 195,2018-11-29,20:00:00,4,3,1,FMN GV 10 Beerse
39,Antwerpseweg 195,2018-11-29,21:00:00,3,2,1,FMN GV 10 Beerse
39,Antwerpseweg 195,2018-11-29,22:00:00,3,2,1,FMN GV 10 Beerse
39,Antwerpseweg 195,2018-11-29,23:00:00,0,0,0,FMN GV 10 Beerse
39,Antwerpseweg 195,2018-11-30,00:00:00,0,0,0,FMN GV 10 Beerse
39,Antwerpseweg 195,2018-11-30,01:00:00,0,0,0,FMN GV 10 Beerse
39,Antwerpseweg 195,2018-11-30,02:00:00,0,0,0,FMN GV 10 Beerse
39,Antwerpseweg 195,2018-11-30,03:00:00,0,0,0,FMN GV 10 Beerse
39,Antwerpseweg 195,2018-11-30,04:00:00,1,1,0,FMN GV 10 Beerse
39,Antwerpseweg 195,2018-11-30,05:00:00,5,5,0,FMN GV 10 Beerse
39,Antwerpseweg 195,2018-11-30,06:00:00,5,3,2,FMN GV 10 Beerse
39,Antwerpseweg 195,2018-11-30,07:00:00,38,30,8,FMN GV 10 Beerse
39,Antwerpseweg 195,2018-11-30,08:00:00,23,16,7,FMN GV 10 Beerse
39,Antwerpseweg 195,2018-11-30,09:00:00,20,10,10,FMN GV 10 Beerse
39,Antwerpseweg 195,2018-11-30,10:00:00,7,6,1,FMN GV 10 Beerse
39,Antwerpseweg 195,2018-11-30,11:00:00,19,15,4,FMN GV 10 Beerse
39,Antwerpseweg 195,2018-11-30,12:00:00,11,8,3,FMN GV 10 Beerse
39,Antwerpseweg 195,2018-11-30,13:00:00,6,3,3,FMN GV 10 Beerse
39,Antwerpseweg 195,2018-11-30,14:00:00,19,6,13,FMN GV 10 Beerse
39,Antwerpseweg 195,2018-11-30,15:00:00,23,17,6,FMN GV 10 Beerse
39,Antwerpseweg 195,2018-11-30,16:00:00,41,29,12,FMN GV 10 Beerse
39,Antwerpseweg 195,2018-11-30,17:00:00,26,17,9,FMN GV 10 Beerse
39,Antwerpseweg 195,2018-11-30,18:00:00,9,7,2,FMN GV 10 Beerse
39,Antwerpseweg 195,2018-11-30,19:00:00,6,4,2,FMN GV 10 Beerse
39,Antwerpseweg 195,2018-11-30,20:00:00,2,0,2,FMN GV 10 Beerse
39,Antwerpseweg 195,2018-11-30,21:00:00,6,4,2,FMN GV 10 Beerse
39,Antwerpseweg 195,2018-11-30,22:00:00,5,3,2,FMN GV 10 Beerse
39,Antwerpseweg 195,2018-11-30,23:00:00,1,1,0,FMN GV 10 Beerse
39,Antwerpseweg 195,2018-12-01,00:00:00,0,0,0,FMN GV 10 Beerse
39,Antwerpseweg 195,2018-12-01,01:00:00,0,0,0,FMN GV 10 Beerse
39,Antwerpseweg 195,2018-12-01,02:00:00,1,1,0,FMN GV 10 Beerse
39,Antwerpseweg 195,2018-12-01,03:00:00,0,0,0,FMN GV 10 Beerse
39,Antwerpseweg 195,2018-12-01,04:00:00,0,0,0,FMN GV 10 Beerse
39,Antwerpseweg 195,2018-12-01,05:00:00,1,1,0,FMN GV 10 Beerse
39,Antwerpseweg 195,2018-12-01,06:00:00,0,0,0,FMN GV 10 Beerse
39,Antwerpseweg 195,2018-12-01,07:00:00,0,0,0,FMN GV 10 Beerse
39,Antwerpseweg 195,2018-12-01,08:00:00,4,3,1,FMN GV 10 Beerse
39,Antwerpseweg 195,2018-12-01,09:00:00,10,2,8,FMN GV 10 Beerse
39,Antwerpseweg 195,2018-12-01,10:00:00,8,5,3,FMN GV 10 Beerse
39,Antwerpseweg 195,2018-12-01,11:00:00,5,2,3,FMN GV 10 Beerse
39,Antwerpseweg 195,2018-12-01,12:00:00,7,4,3,FMN GV 10 Beerse
39,Antwerpseweg 195,2018-12-01,13:00:00,8,6,2,FMN GV 10 Beerse
39,Antwerpseweg 195,2018-12-01,14:00:00,1,1,0,FMN GV 10 Beerse
39,Antwerpseweg 195,2018-12-01,15:00:00,11,8,3,FMN GV 10 Beerse
39,Antwerpseweg 195,2018-12-01,16:00:00,3,2,1,FMN GV 10 Beerse
39,Antwerpseweg 195,2018-12-01,17:00:00,1,0,1,FMN GV 10 Beerse
39,Antwerpseweg 195,2018-12-01,18:00:00,1,1,0,FMN GV 10 Beerse
39,Antwerpseweg 195,2018-12-01,19:00:00,1,1,0,FMN GV 10 Beerse
39,Antwerpseweg 195,2018-12-01,20:00:00,3,1,2,FMN GV 10 Beerse
39,Antwerpseweg 195,2018-12-01,21:00:00,0,0,0,FMN GV 10 Beerse
39,Antwerpseweg 195,2018-12-01,22:00:00,1,1,0,FMN GV 10 Beerse
39,Antwerpseweg 195,2018-12-01,23:00:00,0,0,0,FMN GV 10 Beerse
39,Antwerpseweg 195,2018-12-02,00:00:00,2,2,0,FMN GV 10 Beerse
39,Antwerpseweg 195,2018-12-02,01:00:00,0,0,0,FMN GV 10 Beerse
39,Antwerpseweg 195,2018-12-02,02:00:00,1,0,1,FMN GV 10 Beerse
39,Antwerpseweg 195,2018-12-02,03:00:00,0,0,0,FMN GV 10 Beerse
39,Antwerpseweg 195,2018-12-02,04:00:00,1,1,0,FMN GV 10 Beerse
39,Antwerpseweg 195,2018-12-02,05:00:00,2,2,0,FMN GV 10 Beerse
39,Antwerpseweg 195,2018-12-02,06:00:00,0,0,0,FMN GV 10 Beerse
39,Antwerpseweg 195,2018-12-02,07:00:00,0,0,0,FMN GV 10 Beerse
39,Antwerpseweg 195,2018-12-02,08:00:00,1,0,1,FMN GV 10 Beerse
39,Antwerpseweg 195,2018-12-02,09:00:00,8,6,2,FMN GV 10 Beerse
39,Antwerpseweg 195,2018-12-02,10:00:00,0,0,0,FMN GV 10 Beerse
39,Antwerpseweg 195,2018-12-02,11:00:00,0,0,0,FMN GV 10 Beerse
39,Antwerpseweg 195,2018-12-02,12:00:00,4,2,2,FMN GV 10 Beerse
39,Antwerpseweg 195,2018-12-02,13:00:00,5,3,2,FMN GV 10 Beerse
39,Antwerpseweg 195,2018-12-02,14:00:00,5,3,2,FMN GV 10 Beerse
39,Antwerpseweg 195,2018-12-02,15:00:00,7,6,1,FMN GV 10 Beerse
39,Antwerpseweg 195,2018-12-02,16:00:00,10,6,4,FMN GV 10 Beerse
39,Antwerpseweg 195,2018-12-02,17:00:00,0,0,0,FMN GV 10 Beerse
39,Antwerpseweg 195,2018-12-02,18:00:00,0,0,0,FMN GV 10 Beerse
39,Antwerpseweg 195,2018-12-02,19:00:00,1,1,0,FMN GV 10 Beerse
39,Antwerpseweg 195,2018-12-02,20:00:00,0,0,0,FMN GV 10 Beerse
39,Antwerpseweg 195,2018-12-02,21:00:00,0,0,0,FMN GV 10 Beerse
39,Antwerpseweg 195,2018-12-02,22:00:00,0,0,0,FMN GV 10 Beerse
39,Antwerpseweg 195,2018-12-02,23:00:00,0,0,0,FMN GV 10 Beerse
39,Antwerpseweg 195,2018-12-03,00:00:00,0,0,0,FMN GV 10 Beerse
39,Antwerpseweg 195,2018-12-03,01:00:00,0,0,0,FMN GV 10 Beerse
39,Antwerpseweg 195,2018-12-03,02:00:00,0,0,0,FMN GV 10 Beerse
39,Antwerpseweg 195,2018-12-03,03:00:00,0,0,0,FMN GV 10 Beerse
39,Antwerpseweg 195,2018-12-03,04:00:00,1,1,0,FMN GV 10 Beerse
39,Antwerpseweg 195,2018-12-03,05:00:00,5,4,1,FMN GV 10 Beerse
39,Antwerpseweg 195,2018-12-03,06:00:00,9,6,3,FMN GV 10 Beerse
39,Antwerpseweg 195,2018-12-03,07:00:00,35,30,5,FMN GV 10 Beerse
39,Antwerpseweg 195,2018-12-03,08:00:00,22,17,5,FMN GV 10 Beerse
39,Antwerpseweg 195,2018-12-03,09:00:00,11,7,4,FMN GV 10 Beerse
39,Antwerpseweg 195,2018-12-03,10:00:00,3,2,1,FMN GV 10 Beerse
39,Antwerpseweg 195,2018-12-03,11:00:00,5,3,2,FMN GV 10 Beerse
39,Antwerpseweg 195,2018-12-03,12:00:00,7,6,1,FMN GV 10 Beerse
39,Antwerpseweg 195,2018-12-03,13:00:00,15,12,3,FMN GV 10 Beerse
39,Antwerpseweg 195,2018-12-03,14:00:00,10,6,4,FMN GV 10 Beerse
39,Antwerpseweg 195,2018-12-03,15:00:00,16,8,8,FMN GV 10 Beerse
39,Antwerpseweg 195,2018-12-03,16:00:00,37,24,13,FMN GV 10 Beerse
39,Antwerpseweg 195,2018-12-03,17:00:00,20,14,6,FMN GV 10 Beerse
39,Antwerpseweg 195,2018-12-03,18:00:00,3,1,2,FMN GV 10 Beerse
39,Antwerpseweg 195,2018-12-03,19:00:00,5,4,1,FMN GV 10 Beerse
39,Antwerpseweg 195,2018-12-03,20:00:00,3,2,1,FMN GV 10 Beerse
39,Antwerpseweg 195,2018-12-03,21:00:00,2,0,2,FMN GV 10 Beerse
39,Antwerpseweg 195,2018-12-03,22:00:00,2,0,2,FMN GV 10 Beerse
39,Antwerpseweg 195,2018-12-03,23:00:00,1,0,1,FMN GV 10 Beerse
39,Antwerpseweg 195,2018-12-04,00:00:00,0,0,0,FMN GV 10 Beerse
39,Antwerpseweg 195,2018-12-04,01:00:00,0,0,0,FMN GV 10 Beerse
39,Antwerpseweg 195,2018-12-04,02:00:00,0,0,0,FMN GV 10 Beerse
39,Antwerpseweg 195,2018-12-04,03:00:00,0,0,0,FMN GV 10 Beerse
39,Antwerpseweg 195,2018-12-04,04:00:00,1,1,0,FMN GV 10 Beerse
39,Antwerpseweg 195,2018-12-04,05:00:00,4,2,2,FMN GV 10 Beerse
39,Antwerpseweg 195,2018-12-04,06:00:00,8,7,1,FMN GV 10 Beerse
39,Antwerpseweg 195,2018-12-04,07:00:00,35,31,4,FMN GV 10 Beerse
39,Antwerpseweg 195,2018-12-04,08:00:00,32,25,7,FMN GV 10 Beerse
39,Antwerpseweg 195,2018-12-04,09:00:00,10,6,4,FMN GV 10 Beerse
39,Antwerpseweg 195,2018-12-04,10:00:00,9,5,4,FMN GV 10 Beerse
39,Antwerpseweg 195,2018-12-04,11:00:00,14,12,2,FMN GV 10 Beerse
39,Antwerpseweg 195,2018-12-04,12:00:00,26,18,8,FMN GV 10 Beerse
39,Antwerpseweg 195,2018-12-04,13:00:00,49,37,12,FMN GV 10 Beerse
39,Antwerpseweg 195,2018-12-04,14:00:00,26,22,4,FMN GV 10 Beerse
39,Antwerpseweg 195,2018-12-04,15:00:00,52,35,17,FMN GV 10 Beerse
39,Antwerpseweg 195,2018-12-04,16:00:00,45,31,14,FMN GV 10 Beerse
39,Antwerpseweg 195,2018-12-04,17:00:00,30,21,9,FMN GV 10 Beerse
39,Antwerpseweg 195,2018-12-04,18:00:00,5,4,1,FMN GV 10 Beerse
39,Antwerpseweg 195,2018-12-04,19:00:00,4,3,1,FMN GV 10 Beerse
39,Antwerpseweg 195,2018-12-04,20:00:00,4,3,1,FMN GV 10 Beerse
39,Antwerpseweg 195,2018-12-04,21:00:00,4,1,3,FMN GV 10 Beerse
39,Antwerpseweg 195,2018-12-04,22:00:00,7,3,4,FMN GV 10 Beerse
39,Antwerpseweg 195,2018-12-04,23:00:00,0,0,0,FMN GV 10 Beerse
39,Antwerpseweg 195,2018-12-05,00:00:00,0,0,0,FMN GV 10 Beerse
39,Antwerpseweg 195,2018-12-05,01:00:00,0,0,0,FMN GV 10 Beerse
39,Antwerpseweg 195,2018-12-05,02:00:00,0,0,0,FMN GV 10 Beerse
39,Antwerpseweg 195,2018-12-05,03:00:00,0,0,0,FMN GV 10 Beerse
39,Antwerpseweg 195,2018-12-05,04:00:00,1,1,0,FMN GV 10 Beerse
39,Antwerpseweg 195,2018-12-05,05:00:00,5,4,1,FMN GV 10 Beerse
39,Antwerpseweg 195,2018-12-05,06:00:00,5,4,1,FMN GV 10 Beerse
39,Antwerpseweg 195,2018-12-05,07:00:00,32,26,6,FMN GV 10 Beerse
39,Antwerpseweg 195,2018-12-05,08:00:00,18,13,5,FMN GV 10 Beerse
39,Antwerpseweg 195,2018-12-05,09:00:00,8,7,1,FMN GV 10 Beerse
39,Antwerpseweg 195,2018-12-05,10:00:00,11,8,3,FMN GV 10 Beerse
39,Antwerpseweg 195,2018-12-05,11:00:00,7,5,2,FMN GV 10 Beerse
39,Antwerpseweg 195,2018-12-05,12:00:00,26,14,12,FMN GV 10 Beerse
39,Antwerpseweg 195,2018-12-05,13:00:00,15,9,6,FMN GV 10 Beerse
39,Antwerpseweg 195,2018-12-05,14:00:00,7,5,2,FMN GV 10 Beerse
39,Antwerpseweg 195,2018-12-05,15:00:00,16,13,3,FMN GV 10 Beerse
39,Antwerpseweg 195,2018-12-05,16:00:00,6,2,4,FMN GV 10 Beerse
39,Antwerpseweg 195,2018-12-05,17:00:00,17,12,5,FMN GV 10 Beerse
39,Antwerpseweg 195,2018-12-05,18:00:00,7,6,1,FMN GV 10 Beerse
39,Antwerpseweg 195,2018-12-05,19:00:00,3,1,2,FMN GV 10 Beerse
39,Antwerpseweg 195,2018-12-05,20:00:00,1,0,1,FMN GV 10 Beerse
39,Antwerpseweg 195,2018-12-05,21:00:00,3,3,0,FMN GV 10 Beerse
39,Antwerpseweg 195,2018-12-05,22:00:00,1,1,0,FMN GV 10 Beerse
39,Antwerpseweg 195,2018-12-05,23:00:00,0,0,0,FMN GV 10 Beerse
39,Antwerpseweg 195,2018-12-06,00:00:00,0,0,0,FMN GV 10 Beerse
39,Antwerpseweg 195,2018-12-06,01:00:00,0,0,0,FMN GV 10 Beerse
39,Antwerpseweg 195,2018-12-06,02:00:00,0,0,0,FMN GV 10 Beerse
39,Antwerpseweg 195,2018-12-06,03:00:00,1,0,1,FMN GV 10 Beerse
39,Antwerpseweg 195,2018-12-06,04:00:00,1,1,0,FMN GV 10 Beerse
39,Antwerpseweg 195,2018-12-06,05:00:00,5,5,0,FMN GV 10 Beerse
39,Antwerpseweg 195,2018-12-06,06:00:00,8,7,1,FMN GV 10 Beerse
39,Antwerpseweg 195,2018-12-06,07:00:00,32,28,4,FMN GV 10 Beerse
39,Antwerpseweg 195,2018-12-06,08:00:00,15,14,1,FMN GV 10 Beerse
39,Antwerpseweg 195,2018-12-06,09:00:00,9,6,3,FMN GV 10 Beerse
39,Antwerpseweg 195,2018-12-06,10:00:00,2,2,0,FMN GV 10 Beerse
39,Antwerpseweg 195,2018-12-06,11:00:00,6,2,4,FMN GV 10 Beerse
39,Antwerpseweg 195,2018-12-06,12:00:00,11,9,2,FMN GV 10 Beerse
39,Antwerpseweg 195,2018-12-06,13:00:00,13,8,5,FMN GV 10 Beerse
39,Antwerpseweg 195,2018-12-06,14:00:00,15,10,5,FMN GV 10 Beerse
39,Antwerpseweg 195,2018-12-06,15:00:00,14,6,8,FMN GV 10 Beerse
39,Antwerpseweg 195,2018-12-06,16:00:00,16,9,7,FMN GV 10 Beerse
39,Antwerpseweg 195,2018-12-06,17:00:00,19,13,6,FMN GV 10 Beerse
39,Antwerpseweg 195,2018-12-06,18:00:00,3,3,0,FMN GV 10 Beerse
39,Antwerpseweg 195,2018-12-06,19:00:00,4,4,0,FMN GV 10 Beerse
39,Antwerpseweg 195,2018-12-06,20:00:00,4,2,2,FMN GV 10 Beerse
39,Antwerpseweg 195,2018-12-06,21:00:00,3,3,0,FMN GV 10 Beerse
39,Antwerpseweg 195,2018-12-06,22:00:00,6,3,3,FMN GV 10 Beerse
39,Antwerpseweg 195,2018-12-06,23:00:00,0,0,0,FMN GV 10 Beerse
39,Antwerpseweg 195,2018-12-07,00:00:00,0,0,0,FMN GV 10 Beerse
39,Antwerpseweg 195,2018-12-07,01:00:00,0,0,0,FMN GV 10 Beerse
39,Antwerpseweg 195,2018-12-07,02:00:00,0,0,0,FMN GV 10 Beerse
39,Antwerpseweg 195,2018-12-07,03:00:00,0,0,0,FMN GV 10 Beerse
39,Antwerpseweg 195,2018-12-07,04:00:00,0,0,0,FMN GV 10 Beerse
39,Antwerpseweg 195,2018-12-07,05:00:00,3,3,0,FMN GV 10 Beerse
39,Antwerpseweg 195,2018-12-07,06:00:00,3,3,0,FMN GV 10 Beerse
39,Antwerpseweg 195,2018-12-07,07:00:00,26,22,4,FMN GV 10 Beerse
39,Antwerpseweg 195,2018-12-07,08:00:00,10,10,0,FMN GV 10 Beerse
39,Antwerpseweg 195,2018-12-07,09:00:00,7,5,2,FMN GV 10 Beerse
39,Antwerpseweg 195,2018-12-07,10:00:00,5,4,1,FMN GV 10 Beerse
39,Antwerpseweg 195,2018-12-07,11:00:00,3,3,0,FMN GV 10 Beerse
39,Antwerpseweg 195,2018-12-07,12:00:00,5,2,3,FMN GV 10 Beerse
39,Antwerpseweg 195,2018-12-07,13:00:00,7,4,3,FMN GV 10 Beerse
39,Antwerpseweg 195,2018-12-07,14:00:00,5,4,1,FMN GV 10 Beerse
39,Antwerpseweg 195,2018-12-07,15:00:00,8,3,5,FMN GV 10 Beerse
39,Antwerpseweg 195,2018-12-07,16:00:00,15,12,3,FMN GV 10 Beerse
39,Antwerpseweg 195,2018-12-07,17:00:00,5,4,1,FMN GV 10 Beerse
39,Antwerpseweg 195,2018-12-07,18:00:00,5,5,0,FMN GV 10 Beerse
39,Antwerpseweg 195,2018-12-07,19:00:00,0,0,0,FMN GV 10 Beerse
39,Antwerpseweg 195,2018-12-07,20:00:00,2,0,2,FMN GV 10 Beerse
39,Antwerpseweg 195,2018-12-07,21:00:00,1,1,0,FMN GV 10 Beerse
39,Antwerpseweg 195,2018-12-07,22:00:00,4,1,3,FMN GV 10 Beerse
39,Antwerpseweg 195,2018-12-07,23:00:00,0,0,0,FMN GV 10 Beerse
39,Antwerpseweg 195,2018-12-08,00:00:00,0,0,0,FMN GV 10 Beerse
39,Antwerpseweg 195,2018-12-08,01:00:00,0,0,0,FMN GV 10 Beerse
39,Antwerpseweg 195,2018-12-08,02:00:00,0,0,0,FMN GV 10 Beerse
39,Antwerpseweg 195,2018-12-08,03:00:00,0,0,0,FMN GV 10 Beerse
39,Antwerpseweg 195,2018-12-08,04:00:00,0,0,0,FMN GV 10 Beerse
39,Antwerpseweg 195,2018-12-08,05:00:00,0,0,0,FMN GV 10 Beerse
39,Antwerpseweg 195,2018-12-08,06:00:00,0,0,0,FMN GV 10 Beerse
39,Antwerpseweg 195,2018-12-08,07:00:00,0,0,0,FMN GV 10 Beerse
39,Antwerpseweg 195,2018-12-08,08:00:00,2,1,1,FMN GV 10 Beerse
39,Antwerpseweg 195,2018-12-08,09:00:00,9,5,4,FMN GV 10 Beerse
39,Antwerpseweg 195,2018-12-08,10:00:00,2,1,1,FMN GV 10 Beerse
39,Antwerpseweg 195,2018-12-08,11:00:00,6,6,0,FMN GV 10 Beerse
39,Antwerpseweg 195,2018-12-08,12:00:00,14,9,5,FMN GV 10 Beerse
39,Antwerpseweg 195,2018-12-08,13:00:00,5,3,2,FMN GV 10 Beerse
39,Antwerpseweg 195,2018-12-08,14:00:00,5,3,2,FMN GV 10 Beerse
39,Antwerpseweg 195,2018-12-08,15:00:00,3,2,1,FMN GV 10 Beerse
39,Antwerpseweg 195,2018-12-08,16:00:00,3,2,1,FMN GV 10 Beerse
39,Antwerpseweg 195,2018-12-08,17:00:00,2,1,1,FMN GV 10 Beerse
39,Antwerpseweg 195,2018-12-08,18:00:00,3,1,2,FMN GV 10 Beerse
39,Antwerpseweg 195,2018-12-08,19:00:00,2,2,0,FMN GV 10 Beerse
39,Antwerpseweg 195,2018-12-08,20:00:00,0,0,0,FMN GV 10 Beerse
39,Antwerpseweg 195,2018-12-08,21:00:00,1,1,0,FMN GV 10 Beerse
39,Antwerpseweg 195,2018-12-08,22:00:00,0,0,0,FMN GV 10 Beerse
39,Antwerpseweg 195,2018-12-08,23:00:00,0,0,0,FMN GV 10 Beerse
39,Antwerpseweg 195,2018-12-09,00:00:00,0,0,0,FMN GV 10 Beerse
39,Antwerpseweg 195,2018-12-09,01:00:00,0,0,0,FMN GV 10 Beerse
39,Antwerpseweg 195,2018-12-09,02:00:00,1,1,0,FMN GV 10 Beerse
39,Antwerpseweg 195,2018-12-09,03:00:00,0,0,0,FMN GV 10 Beerse
39,Antwerpseweg 195,2018-12-09,04:00:00,0,0,0,FMN GV 10 Beerse
39,Antwerpseweg 195,2018-12-09,05:00:00,1,1,0,FMN GV 10 Beerse
39,Antwerpseweg 195,2018-12-09,06:00:00,0,0,0,FMN GV 10 Beerse
39,Antwerpseweg 195,2018-12-09,07:00:00,0,0,0,FMN GV 10 Beerse
39,Antwerpseweg 195,2018-12-09,08:00:00,1,1,0,FMN GV 10 Beerse
39,Antwerpseweg 195,2018-12-09,09:00:00,1,0,1,FMN GV 10 Beerse
39,Antwerpseweg 195,2018-12-09,10:00:00,2,1,1,FMN GV 10 Beerse
39,Antwerpseweg 195,2018-12-09,11:00:00,5,4,1,FMN GV 10 Beerse
39,Antwerpseweg 195,2018-12-09,12:00:00,8,5,3,FMN GV 10 Beerse
39,Antwerpseweg 195,2018-12-09,13:00:00,1,0,1,FMN GV 10 Beerse
39,Antwerpseweg 195,2018-12-09,14:00:00,3,1,2,FMN GV 10 Beerse
39,Antwerpseweg 195,2018-12-09,15:00:00,1,1,0,FMN GV 10 Beerse
39,Antwerpseweg 195,2018-12-09,16:00:00,2,1,1,FMN GV 10 Beerse
39,Antwerpseweg 195,2018-12-09,17:00:00,5,2,3,FMN GV 10 Beerse
39,Antwerpseweg 195,2018-12-09,18:00:00,3,3,0,FMN GV 10 Beerse
39,Antwerpseweg 195,2018-12-09,19:00:00,2,2,0,FMN GV 10 Beerse
39,Antwerpseweg 195,2018-12-09,20:00:00,1,1,0,FMN GV 10 Beerse
39,Antwerpseweg 195,2018-12-09,21:00:00,3,2,1,FMN GV 10 Beerse
39,Antwerpseweg 195,2018-12-09,22:00:00,0,0,0,FMN GV 10 Beerse
39,Antwerpseweg 195,2018-12-09,23:00:00,0,0,0,FMN GV 10 Beerse
39,Antwerpseweg 195,2018-12-10,00:00:00,0,0,0,FMN GV 10 Beerse
39,Antwerpseweg 195,2018-12-10,01:00:00,0,0,0,FMN GV 10 Beerse
39,Antwerpseweg 195,2018-12-10,02:00:00,0,0,0,FMN GV 10 Beerse
39,Antwerpseweg 195,2018-12-10,03:00:00,0,0,0,FMN GV 10 Beerse
39,Antwerpseweg 195,2018-12-10,04:00:00,1,1,0,FMN GV 10 Beerse
39,Antwerpseweg 195,2018-12-10,05:00:00,6,6,0,FMN GV 10 Beerse
39,Antwerpseweg 195,2018-12-10,06:00:00,4,4,0,FMN GV 10 Beerse
39,Antwerpseweg 195,2018-12-10,07:00:00,27,22,5,FMN GV 10 Beerse
39,Antwerpseweg 195,2018-12-10,08:00:00,18,14,4,FMN GV 10 Beerse
39,Antwerpseweg 195,2018-12-10,09:00:00,9,5,4,FMN GV 10 Beerse
39,Antwerpseweg 195,2018-12-10,10:00:00,6,3,3,FMN GV 10 Beerse
39,Antwerpseweg 195,2018-12-10,11:00:00,10,6,4,FMN GV 10 Beerse
39,Antwerpseweg 195,2018-12-10,12:00:00,22,13,9,FMN GV 10 Beerse
39,Antwerpseweg 195,2018-12-10,13:00:00,23,20,3,FMN GV 10 Beerse
39,Antwerpseweg 195,2018-12-10,14:00:00,13,6,7,FMN GV 10 Beerse
39,Antwerpseweg 195,2018-12-10,15:00:00,8,5,3,FMN GV 10 Beerse
39,Antwerpseweg 195,2018-12-10,16:00:00,24,15,9,FMN GV 10 Beerse
39,Antwerpseweg 195,2018-12-10,17:00:00,15,8,7,FMN GV 10 Beerse
39,Antwerpseweg 195,2018-12-10,18:00:00,8,6,2,FMN GV 10 Beerse
39,Antwerpseweg 195,2018-12-10,19:00:00,5,5,0,FMN GV 10 Beerse
39,Antwerpseweg 195,2018-12-10,20:00:00,2,1,1,FMN GV 10 Beerse
39,Antwerpseweg 195,2018-12-10,21:00:00,2,2,0,FMN GV 10 Beerse
39,Antwerpseweg 195,2018-12-10,22:00:00,7,3,4,FMN GV 10 Beerse
39,Antwerpseweg 195,2018-12-10,23:00:00,0,0,0,FMN GV 10 Beerse
39,Antwerpseweg 195,2018-12-11,00:00:00,0,0,0,FMN GV 10 Beerse
39,Antwerpseweg 195,2018-12-11,01:00:00,0,0,0,FMN GV 10 Beerse
39,Antwerpseweg 195,2018-12-11,02:00:00,0,0,0,FMN GV 10 Beerse
39,Antwerpseweg 195,2018-12-11,03:00:00,0,0,0,FMN GV 10 Beerse
39,Antwerpseweg 195,2018-12-11,04:00:00,2,1,1,FMN GV 10 Beerse
39,Antwerpseweg 195,2018-12-11,05:00:00,7,7,0,FMN GV 10 Beerse
39,Antwerpseweg 195,2018-12-11,06:00:00,4,3,1,FMN GV 10 Beerse
39,Antwerpseweg 195,2018-12-11,07:00:00,34,26,8,FMN GV 10 Beerse
39,Antwerpseweg 195,2018-12-11,08:00:00,20,16,4,FMN GV 10 Beerse
39,Antwerpseweg 195,2018-12-11,09:00:00,12,6,6,FMN GV 10 Beerse
39,Antwerpseweg 195,2018-12-11,10:00:00,8,5,3,FMN GV 10 Beerse
39,Antwerpseweg 195,2018-12-11,11:00:00,6,3,3,FMN GV 10 Beerse
39,Antwerpseweg 195,2018-12-11,12:00:00,27,19,8,FMN GV 10 Beerse
39,Antwerpseweg 195,2018-12-11,13:00:00,45,32,13,FMN GV 10 Beerse
39,Antwerpseweg 195,2018-12-11,14:00:00,21,15,6,FMN GV 10 Beerse
39,Antwerpseweg 195,2018-12-11,15:00:00,23,13,10,FMN GV 10 Beerse
39,Antwerpseweg 195,2018-12-11,16:00:00,25,16,9,FMN GV 10 Beerse
39,Antwerpseweg 195,2018-12-11,17:00:00,26,17,9,FMN GV 10 Beerse
39,Antwerpseweg 195,2018-12-11,18:00:00,8,5,3,FMN GV 10 Beerse
39,Antwerpseweg 195,2018-12-11,19:00:00,1,1,0,FMN GV 10 Beerse
39,Antwerpseweg 195,2018-12-11,20:00:00,5,3,2,FMN GV 10 Beerse
39,Antwerpseweg 195,2018-12-11,21:00:00,1,1,0,FMN GV 10 Beerse
39,Antwerpseweg 195,2018-12-11,22:00:00,2,1,1,FMN GV 10 Beerse
39,Antwerpseweg 195,2018-12-11,23:00:00,0,0,0,FMN GV 10 Beerse
39,Antwerpseweg 195,2018-12-12,00:00:00,0,0,0,FMN GV 10 Beerse
39,Antwerpseweg 195,2018-12-12,01:00:00,0,0,0,FMN GV 10 Beerse
39,Antwerpseweg 195,2018-12-12,02:00:00,0,0,0,FMN GV 10 Beerse
39,Antwerpseweg 195,2018-12-12,03:00:00,0,0,0,FMN GV 10 Beerse
39,Antwerpseweg 195,2018-12-12,04:00:00,2,2,0,FMN GV 10 Beerse
39,Antwerpseweg 195,2018-12-12,05:00:00,5,4,1,FMN GV 10 Beerse
39,Antwerpseweg 195,2018-12-12,06:00:00,2,2,0,FMN GV 10 Beerse
39,Antwerpseweg 195,2018-12-12,07:00:00,31,26,5,FMN GV 10 Beerse
39,Antwerpseweg 195,2018-12-12,08:00:00,25,20,5,FMN GV 10 Beerse
39,Antwerpseweg 195,2018-12-12,09:00:00,4,3,1,FMN GV 10 Beerse
39,Antwerpseweg 195,2018-12-12,10:00:00,5,2,3,FMN GV 10 Beerse
39,Antwerpseweg 195,2018-12-12,11:00:00,6,4,2,FMN GV 10 Beerse
39,Antwerpseweg 195,2018-12-12,12:00:00,24,13,11,FMN GV 10 Beerse
39,Antwerpseweg 195,2018-12-12,13:00:00,19,15,4,FMN GV 10 Beerse
39,Antwerpseweg 195,2018-12-12,14:00:00,6,2,4,FMN GV 10 Beerse
39,Antwerpseweg 195,2018-12-12,15:00:00,12,6,6,FMN GV 10 Beerse
39,Antwerpseweg 195,2018-12-12,16:00:00,15,10,5,FMN GV 10 Beerse
39,Antwerpseweg 195,2018-12-12,17:00:00,24,13,11,FMN GV 10 Beerse
39,Antwerpseweg 195,2018-12-12,18:00:00,11,5,6,FMN GV 10 Beerse
39,Antwerpseweg 195,2018-12-12,19:00:00,2,2,0,FMN GV 10 Beerse
39,Antwerpseweg 195,2018-12-12,20:00:00,6,0,6,FMN GV 10 Beerse
39,Antwerpseweg 195,2018-12-12,21:00:00,3,3,0,FMN GV 10 Beerse
39,Antwerpseweg 195,2018-12-12,22:00:00,3,0,3,FMN GV 10 Beerse
39,Antwerpseweg 195,2018-12-12,23:00:00,1,1,0,FMN GV 10 Beerse
39,Antwerpseweg 195,2018-12-13,00:00:00,0,0,0,FMN GV 10 Beerse
39,Antwerpseweg 195,2018-12-13,01:00:00,0,0,0,FMN GV 10 Beerse
39,Antwerpseweg 195,2018-12-13,02:00:00,0,0,0,FMN GV 10 Beerse
39,Antwerpseweg 195,2018-12-13,03:00:00,0,0,0,FMN GV 10 Beerse
39,Antwerpseweg 195,2018-12-13,04:00:00,2,2,0,FMN GV 10 Beerse
39,Antwerpseweg 195,2018-12-13,05:00:00,5,5,0,FMN GV 10 Beerse
39,Antwerpseweg 195,2018-12-13,06:00:00,2,2,0,FMN GV 10 Beerse
39,Antwerpseweg 195,2018-12-13,07:00:00,23,17,6,FMN GV 10 Beerse
39,Antwerpseweg 195,2018-12-13,08:00:00,23,18,5,FMN GV 10 Beerse
39,Antwerpseweg 195,2018-12-13,09:00:00,5,4,1,FMN GV 10 Beerse
39,Antwerpseweg 195,2018-12-13,10:00:00,8,7,1,FMN GV 10 Beerse
39,Antwerpseweg 195,2018-12-13,11:00:00,7,3,4,FMN GV 10 Beerse
39,Antwerpseweg 195,2018-12-13,12:00:00,18,14,4,FMN GV 10 Beerse
39,Antwerpseweg 195,2018-12-13,13:00:00,19,14,5,FMN GV 10 Beerse
39,Antwerpseweg 195,2018-12-13,14:00:00,19,12,7,FMN GV 10 Beerse
39,Antwerpseweg 195,2018-12-13,15:00:00,16,7,9,FMN GV 10 Beerse
39,Antwerpseweg 195,2018-12-13,16:00:00,17,13,4,FMN GV 10 Beerse
39,Antwerpseweg 195,2018-12-13,17:00:00,19,9,10,FMN GV 10 Beerse
39,Antwerpseweg 195,2018-12-13,18:00:00,8,7,1,FMN GV 10 Beerse
39,Antwerpseweg 195,2018-12-13,19:00:00,7,4,3,FMN GV 10 Beerse
39,Antwerpseweg 195,2018-12-13,20:00:00,1,0,1,FMN GV 10 Beerse
39,Antwerpseweg 195,2018-12-13,21:00:00,0,0,0,FMN GV 10 Beerse
39,Antwerpseweg 195,2018-12-13,22:00:00,5,3,2,FMN GV 10 Beerse
39,Antwerpseweg 195,2018-12-13,23:00:00,0,0,0,FMN GV 10 Beerse
39,Antwerpseweg 195,2018-12-14,00:00:00,0,0,0,FMN GV 10 Beerse
39,Antwerpseweg 195,2018-12-14,01:00:00,0,0,0,FMN GV 10 Beerse
39,Antwerpseweg 195,2018-12-14,02:00:00,0,0,0,FMN GV 10 Beerse
39,Antwerpseweg 195,2018-12-14,03:00:00,0,0,0,FMN GV 10 Beerse
39,Antwerpseweg 195,2018-12-14,04:00:00,1,1,0,FMN GV 10 Beerse
39,Antwerpseweg 195,2018-12-14,05:00:00,4,3,1,FMN GV 10 Beerse
39,Antwerpseweg 195,2018-12-14,06:00:00,3,3,0,FMN GV 10 Beerse
39,Antwerpseweg 195,2018-12-14,07:00:00,27,20,7,FMN GV 10 Beerse
39,Antwerpseweg 195,2018-12-14,08:00:00,11,9,2,FMN GV 10 Beerse
39,Antwerpseweg 195,2018-12-14,09:00:00,4,2,2,FMN GV 10 Beerse
39,Antwerpseweg 195,2018-12-14,10:00:00,7,5,2,FMN GV 10 Beerse
39,Antwerpseweg 195,2018-12-14,11:00:00,11,8,3,FMN GV 10 Beerse
39,Antwerpseweg 195,2018-12-14,12:00:00,23,14,9,FMN GV 10 Beerse
39,Antwerpseweg 195,2018-12-14,13:00:00,8,4,4,FMN GV 10 Beerse
39,Antwerpseweg 195,2018-12-14,14:00:00,6,6,0,FMN GV 10 Beerse
39,Antwerpseweg 195,2018-12-14,15:00:00,16,7,9,FMN GV 10 Beerse
39,Antwerpseweg 195,2018-12-14,16:00:00,10,8,2,FMN GV 10 Beerse
39,Antwerpseweg 195,2018-12-14,17:00:00,15,8,7,FMN GV 10 Beerse
39,Antwerpseweg 195,2018-12-14,18:00:00,4,4,0,FMN GV 10 Beerse
39,Antwerpseweg 195,2018-12-14,19:00:00,4,3,1,FMN GV 10 Beerse
39,Antwerpseweg 195,2018-12-14,20:00:00,2,2,0,FMN GV 10 Beerse
39,Antwerpseweg 195,2018-12-14,21:00:00,3,1,2,FMN GV 10 Beerse
39,Antwerpseweg 195,2018-12-14,22:00:00,1,1,0,FMN GV 10 Beerse
39,Antwerpseweg 195,2018-12-14,23:00:00,1,1,0,FMN GV 10 Beerse
39,Antwerpseweg 195,2018-12-15,00:00:00,0,0,0,FMN GV 10 Beerse
39,Antwerpseweg 195,2018-12-15,01:00:00,2,1,1,FMN GV 10 Beerse
39,Antwerpseweg 195,2018-12-15,02:00:00,0,0,0,FMN GV 10 Beerse
39,Antwerpseweg 195,2018-12-15,03:00:00,0,0,0,FMN GV 10 Beerse
39,Antwerpseweg 195,2018-12-15,04:00:00,0,0,0,FMN GV 10 Beerse
39,Antwerpseweg 195,2018-12-15,05:00:00,0,0,0,FMN GV 10 Beerse
39,Antwerpseweg 195,2018-12-15,06:00:00,1,1,0,FMN GV 10 Beerse
39,Antwerpseweg 195,2018-12-15,07:00:00,1,1,0,FMN GV 10 Beerse
39,Antwerpseweg 195,2018-12-15,08:00:00,3,2,1,FMN GV 10 Beerse
39,Antwerpseweg 195,2018-12-15,09:00:00,5,3,2,FMN GV 10 Beerse
39,Antwerpseweg 195,2018-12-15,10:00:00,2,1,1,FMN GV 10 Beerse
39,Antwerpseweg 195,2018-12-15,11:00:00,5,4,1,FMN GV 10 Beerse
39,Antwerpseweg 195,2018-12-15,12:00:00,4,3,1,FMN GV 10 Beerse
39,Antwerpseweg 195,2018-12-15,13:00:00,9,6,3,FMN GV 10 Beerse
39,Antwerpseweg 195,2018-12-15,14:00:00,7,2,5,FMN GV 10 Beerse
39,Antwerpseweg 195,2018-12-15,15:00:00,4,2,2,FMN GV 10 Beerse
39,Antwerpseweg 195,2018-12-15,16:00:00,4,2,2,FMN GV 10 Beerse
39,Antwerpseweg 195,2018-12-15,17:00:00,4,1,3,FMN GV 10 Beerse
39,Antwerpseweg 195,2018-12-15,18:00:00,1,1,0,FMN GV 10 Beerse
39,Antwerpseweg 195,2018-12-15,19:00:00,3,0,3,FMN GV 10 Beerse
39,Antwerpseweg 195,2018-12-15,20:00:00,0,0,0,FMN GV 10 Beerse
39,Antwerpseweg 195,2018-12-15,21:00:00,0,0,0,FMN GV 10 Beerse
39,Antwerpseweg 195,2018-12-15,22:00:00,0,0,0,FMN GV 10 Beerse
39,Antwerpseweg 195,2018-12-15,23:00:00,1,0,1,FMN GV 10 Beerse
39,Antwerpseweg 195,2018-12-16,00:00:00,0,0,0,FMN GV 10 Beerse
39,Antwerpseweg 195,2018-12-16,01:00:00,0,0,0,FMN GV 10 Beerse
39,Antwerpseweg 195,2018-12-16,02:00:00,0,0,0,FMN GV 10 Beerse
39,Antwerpseweg 195,2018-12-16,03:00:00,0,0,0,FMN GV 10 Beerse
39,Antwerpseweg 195,2018-12-16,04:00:00,0,0,0,FMN GV 10 Beerse
39,Antwerpseweg 195,2018-12-16,05:00:00,1,1,0,FMN GV 10 Beerse
39,Antwerpseweg 195,2018-12-16,06:00:00,0,0,0,FMN GV 10 Beerse
39,Antwerpseweg 195,2018-12-16,07:00:00,0,0,0,FMN GV 10 Beerse
39,Antwerpseweg 195,2018-12-16,08:00:00,0,0,0,FMN GV 10 Beerse
39,Antwerpseweg 195,2018-12-16,09:00:00,2,2,0,FMN GV 10 Beerse
39,Antwerpseweg 195,2018-12-16,10:00:00,3,2,1,FMN GV 10 Beerse
39,Antwerpseweg 195,2018-12-16,11:00:00,0,0,0,FMN GV 10 Beerse
39,Antwerpseweg 195,2018-12-16,12:00:00,3,1,2,FMN GV 10 Beerse
39,Antwerpseweg 195,2018-12-16,13:00:00,5,3,2,FMN GV 10 Beerse
39,Antwerpseweg 195,2018-12-16,14:00:00,2,1,1,FMN GV 10 Beerse
39,Antwerpseweg 195,2018-12-16,15:00:00,2,1,1,FMN GV 10 Beerse
39,Antwerpseweg 195,2018-12-16,16:00:00,1,1,0,FMN GV 10 Beerse
39,Antwerpseweg 195,2018-12-16,17:00:00,0,0,0,FMN GV 10 Beerse
39,Antwerpseweg 195,2018-12-16,18:00:00,2,1,1,FMN GV 10 Beerse
39,Antwerpseweg 195,2018-12-16,19:00:00,2,1,1,FMN GV 10 Beerse
39,Antwerpseweg 195,2018-12-16,20:00:00,2,1,1,FMN GV 10 Beerse
39,Antwerpseweg 195,2018-12-16,21:00:00,4,4,0,FMN GV 10 Beerse
39,Antwerpseweg 195,2018-12-16,22:00:00,1,1,0,FMN GV 10 Beerse
39,Antwerpseweg 195,2018-12-16,23:00:00,0,0,0,FMN GV 10 Beerse
39,Antwerpseweg 195,2018-12-17,00:00:00,0,0,0,FMN GV 10 Beerse
39,Antwerpseweg 195,2018-12-17,01:00:00,0,0,0,FMN GV 10 Beerse
39,Antwerpseweg 195,2018-12-17,02:00:00,0,0,0,FMN GV 10 Beerse
39,Antwerpseweg 195,2018-12-17,03:00:00,0,0,0,FMN GV 10 Beerse
39,Antwerpseweg 195,2018-12-17,04:00:00,1,0,1,FMN GV 10 Beerse
39,Antwerpseweg 195,2018-12-17,05:00:00,7,7,0,FMN GV 10 Beerse
39,Antwerpseweg 195,2018-12-17,06:00:00,7,7,0,FMN GV 10 Beerse
39,Antwerpseweg 195,2018-12-17,07:00:00,26,24,2,FMN GV 10 Beerse
39,Antwerpseweg 195,2018-12-17,08:00:00,15,13,2,FMN GV 10 Beerse
39,Antwerpseweg 195,2018-12-17,09:00:00,4,3,1,FMN GV 10 Beerse
39,Antwerpseweg 195,2018-12-17,10:00:00,6,0,6,FMN GV 10 Beerse
39,Antwerpseweg 195,2018-12-17,11:00:00,10,8,2,FMN GV 10 Beerse
39,Antwerpseweg 195,2018-12-17,12:00:00,18,11,7,FMN GV 10 Beerse
39,Antwerpseweg 195,2018-12-17,13:00:00,15,11,4,FMN GV 10 Beerse
39,Antwerpseweg 195,2018-12-17,14:00:00,17,12,5,FMN GV 10 Beerse
39,Antwerpseweg 195,2018-12-17,15:00:00,6,3,3,FMN GV 10 Beerse
39,Antwerpseweg 195,2018-12-17,16:00:00,18,12,6,FMN GV 10 Beerse
39,Antwerpseweg 195,2018-12-17,17:00:00,23,9,14,FMN GV 10 Beerse
39,Antwerpseweg 195,2018-12-17,18:00:00,7,7,0,FMN GV 10 Beerse
39,Antwerpseweg 195,2018-12-17,19:00:00,3,2,1,FMN GV 10 Beerse
39,Antwerpseweg 195,2018-12-17,20:00:00,2,1,1,FMN GV 10 Beerse
39,Antwerpseweg 195,2018-12-17,21:00:00,4,2,2,FMN GV 10 Beerse
39,Antwerpseweg 195,2018-12-17,22:00:00,3,1,2,FMN GV 10 Beerse
39,Antwerpseweg 195,2018-12-17,23:00:00,0,0,0,FMN GV 10 Beerse
39,Antwerpseweg 195,2018-12-18,00:00:00,0,0,0,FMN GV 10 Beerse
39,Antwerpseweg 195,2018-12-18,01:00:00,0,0,0,FMN GV 10 Beerse
39,Antwerpseweg 195,2018-12-18,02:00:00,0,0,0,FMN GV 10 Beerse
39,Antwerpseweg 195,2018-12-18,03:00:00,0,0,0,FMN GV 10 Beerse
39,Antwerpseweg 195,2018-12-18,04:00:00,1,1,0,FMN GV 10 Beerse
39,Antwerpseweg 195,2018-12-18,05:00:00,6,6,0,FMN GV 10 Beerse
39,Antwerpseweg 195,2018-12-18,06:00:00,4,3,1,FMN GV 10 Beerse
39,Antwerpseweg 195,2018-12-18,07:00:00,35,32,3,FMN GV 10 Beerse
39,Antwerpseweg 195,2018-12-18,08:00:00,18,13,5,FMN GV 10 Beerse
39,Antwerpseweg 195,2018-12-18,09:00:00,10,6,4,FMN GV 10 Beerse
39,Antwerpseweg 195,2018-12-18,10:00:00,15,14,1,FMN GV 10 Beerse
39,Antwerpseweg 195,2018-12-18,11:00:00,13,9,4,FMN GV 10 Beerse
39,Antwerpseweg 195,2018-12-18,12:00:00,14,9,5,FMN GV 10 Beerse
39,Antwerpseweg 195,2018-12-18,13:00:00,26,15,11,FMN GV 10 Beerse
39,Antwerpseweg 195,2018-12-18,14:00:00,25,15,10,FMN GV 10 Beerse
39,Antwerpseweg 195,2018-12-18,15:00:00,13,5,8,FMN GV 10 Beerse
39,Antwerpseweg 195,2018-12-18,16:00:00,35,15,20,FMN GV 10 Beerse
39,Antwerpseweg 195,2018-12-18,17:00:00,26,16,10,FMN GV 10 Beerse
39,Antwerpseweg 195,2018-12-18,18:00:00,12,11,1,FMN GV 10 Beerse
39,Antwerpseweg 195,2018-12-18,19:00:00,7,3,4,FMN GV 10 Beerse
39,Antwerpseweg 195,2018-12-18,20:00:00,6,4,2,FMN GV 10 Beerse
39,Antwerpseweg 195,2018-12-18,21:00:00,4,4,0,FMN GV 10 Beerse
39,Antwerpseweg 195,2018-12-18,22:00:00,5,3,2,FMN GV 10 Beerse
39,Antwerpseweg 195,2018-12-18,23:00:00,0,0,0,FMN GV 10 Beerse
39,Antwerpseweg 195,2018-12-19,00:00:00,0,0,0,FMN GV 10 Beerse
39,Antwerpseweg 195,2018-12-19,01:00:00,0,0,0,FMN GV 10 Beerse
39,Antwerpseweg 195,2018-12-19,02:00:00,1,1,0,FMN GV 10 Beerse
39,Antwerpseweg 195,2018-12-19,03:00:00,0,0,0,FMN GV 10 Beerse
39,Antwerpseweg 195,2018-12-19,04:00:00,1,1,0,FMN GV 10 Beerse
39,Antwerpseweg 195,2018-12-19,05:00:00,5,5,0,FMN GV 10 Beerse
39,Antwerpseweg 195,2018-12-19,06:00:00,7,6,1,FMN GV 10 Beerse
39,Antwerpseweg 195,2018-12-19,07:00:00,27,22,5,FMN GV 10 Beerse
39,Antwerpseweg 195,2018-12-19,08:00:00,22,19,3,FMN GV 10 Beerse
39,Antwerpseweg 195,2018-12-19,09:00:00,6,4,2,FMN GV 10 Beerse
39,Antwerpseweg 195,2018-12-19,10:00:00,3,2,1,FMN GV 10 Beerse
39,Antwerpseweg 195,2018-12-19,11:00:00,15,7,8,FMN GV 10 Beerse
39,Antwerpseweg 195,2018-12-19,12:00:00,16,10,6,FMN GV 10 Beerse
39,Antwerpseweg 195,2018-12-19,13:00:00,13,10,3,FMN GV 10 Beerse
39,Antwerpseweg 195,2018-12-19,14:00:00,13,9,4,FMN GV 10 Beerse
39,Antwerpseweg 195,2018-12-19,15:00:00,17,11,6,FMN GV 10 Beerse
39,Antwerpseweg 195,2018-12-19,16:00:00,16,10,6,FMN GV 10 Beerse
39,Antwerpseweg 195,2018-12-19,17:00:00,15,9,6,FMN GV 10 Beerse
39,Antwerpseweg 195,2018-12-19,18:00:00,14,12,2,FMN GV 10 Beerse
39,Antwerpseweg 195,2018-12-19,19:00:00,7,5,2,FMN GV 10 Beerse
39,Antwerpseweg 195,2018-12-19,20:00:00,8,4,4,FMN GV 10 Beerse
39,Antwerpseweg 195,2018-12-19,21:00:00,2,1,1,FMN GV 10 Beerse
39,Antwerpseweg 195,2018-12-19,22:00:00,3,1,2,FMN GV 10 Beerse
39,Antwerpseweg 195,2018-12-19,23:00:00,0,0,0,FMN GV 10 Beerse
39,Antwerpseweg 195,2018-12-20,00:00:00,1,1,0,FMN GV 10 Beerse
39,Antwerpseweg 195,2018-12-20,01:00:00,0,0,0,FMN GV 10 Beerse
39,Antwerpseweg 195,2018-12-20,02:00:00,1,1,0,FMN GV 10 Beerse
39,Antwerpseweg 195,2018-12-20,03:00:00,0,0,0,FMN GV 10 Beerse
39,Antwerpseweg 195,2018-12-20,04:00:00,2,2,0,FMN GV 10 Beerse
39,Antwerpseweg 195,2018-12-20,05:00:00,4,4,0,FMN GV 10 Beerse
39,Antwerpseweg 195,2018-12-20,06:00:00,7,6,1,FMN GV 10 Beerse
39,Antwerpseweg 195,2018-12-20,07:00:00,18,14,4,FMN GV 10 Beerse
39,Antwerpseweg 195,2018-12-20,08:00:00,10,9,1,FMN GV 10 Beerse
39,Antwerpseweg 195,2018-12-20,09:00:00,10,6,4,FMN GV 10 Beerse
39,Antwerpseweg 195,2018-12-20,10:00:00,5,1,4,FMN GV 10 Beerse
39,Antwerpseweg 195,2018-12-20,11:00:00,7,5,2,FMN GV 10 Beerse
39,Antwerpseweg 195,2018-12-20,12:00:00,6,5,1,FMN GV 10 Beerse
39,Antwerpseweg 195,2018-12-20,13:00:00,10,8,2,FMN GV 10 Beerse
39,Antwerpseweg 195,2018-12-20,14:00:00,8,6,2,FMN GV 10 Beerse
39,Antwerpseweg 195,2018-12-20,15:00:00,11,5,6,FMN GV 10 Beerse
39,Antwerpseweg 195,2018-12-20,16:00:00,17,9,8,FMN GV 10 Beerse
39,Antwerpseweg 195,2018-12-20,17:00:00,15,9,6,FMN GV 10 Beerse
39,Antwerpseweg 195,2018-12-20,18:00:00,16,13,3,FMN GV 10 Beerse
39,Antwerpseweg 195,2018-12-20,19:00:00,5,5,0,FMN GV 10 Beerse
39,Antwerpseweg 195,2018-12-20,20:00:00,5,1,4,FMN GV 10 Beerse
39,Antwerpseweg 195,2018-12-20,21:00:00,1,0,1,FMN GV 10 Beerse
39,Antwerpseweg 195,2018-12-20,22:00:00,2,2,0,FMN GV 10 Beerse
39,Antwerpseweg 195,2018-12-20,23:00:00,0,0,0,FMN GV 10 Beerse
39,Antwerpseweg 195,2018-12-21,00:00:00,0,0,0,FMN GV 10 Beerse
39,Antwerpseweg 195,2018-12-21,01:00:00,0,0,0,FMN GV 10 Beerse
39,Antwerpseweg 195,2018-12-21,02:00:00,0,0,0,FMN GV 10 Beerse
39,Antwerpseweg 195,2018-12-21,03:00:00,0,0,0,FMN GV 10 Beerse
39,Antwerpseweg 195,2018-12-21,04:00:00,1,1,0,FMN GV 10 Beerse
39,Antwerpseweg 195,2018-12-21,05:00:00,3,3,0,FMN GV 10 Beerse
39,Antwerpseweg 195,2018-12-21,06:00:00,2,1,1,FMN GV 10 Beerse
39,Antwerpseweg 195,2018-12-21,07:00:00,7,7,0,FMN GV 10 Beerse
39,Antwerpseweg 195,2018-12-21,08:00:00,6,6,0,FMN GV 10 Beerse
39,Antwerpseweg 195,2018-12-21,09:00:00,2,1,1,FMN GV 10 Beerse
39,Antwerpseweg 195,2018-12-21,10:00:00,4,4,0,FMN GV 10 Beerse
39,Antwerpseweg 195,2018-12-21,11:00:00,4,3,1,FMN GV 10 Beerse
39,Antwerpseweg 195,2018-12-21,12:00:00,13,9,4,FMN GV 10 Beerse
39,Antwerpseweg 195,2018-12-21,13:00:00,10,6,4,FMN GV 10 Beerse
39,Antwerpseweg 195,2018-12-21,14:00:00,1,1,0,FMN GV 10 Beerse
39,Antwerpseweg 195,2018-12-21,15:00:00,8,3,5,FMN GV 10 Beerse
39,Antwerpseweg 195,2018-12-21,16:00:00,11,5,6,FMN GV 10 Beerse
39,Antwerpseweg 195,2018-12-21,17:00:00,3,1,2,FMN GV 10 Beerse
39,Antwerpseweg 195,2018-12-21,18:00:00,1,1,0,FMN GV 10 Beerse
39,Antwerpseweg 195,2018-12-21,19:00:00,3,2,1,FMN GV 10 Beerse
39,Antwerpseweg 195,2018-12-21,20:00:00,2,2,0,FMN GV 10 Beerse
39,Antwerpseweg 195,2018-12-21,21:00:00,3,0,3,FMN GV 10 Beerse
39,Antwerpseweg 195,2018-12-21,22:00:00,3,2,1,FMN GV 10 Beerse
39,Antwerpseweg 195,2018-12-21,23:00:00,1,1,0,FMN GV 10 Beerse
39,Antwerpseweg 195,2018-12-22,00:00:00,0,0,0,FMN GV 10 Beerse
39,Antwerpseweg 195,2018-12-22,01:00:00,0,0,0,FMN GV 10 Beerse
39,Antwerpseweg 195,2018-12-22,02:00:00,0,0,0,FMN GV 10 Beerse
39,Antwerpseweg 195,2018-12-22,03:00:00,1,0,1,FMN GV 10 Beerse
39,Antwerpseweg 195,2018-12-22,04:00:00,0,0,0,FMN GV 10 Beerse
39,Antwerpseweg 195,2018-12-22,05:00:00,0,0,0,FMN GV 10 Beerse
39,Antwerpseweg 195,2018-12-22,06:00:00,0,0,0,FMN GV 10 Beerse
39,Antwerpseweg 195,2018-12-22,07:00:00,1,1,0,FMN GV 10 Beerse
39,Antwerpseweg 195,2018-12-22,08:00:00,1,1,0,FMN GV 10 Beerse
39,Antwerpseweg 195,2018-12-22,09:00:00,4,0,4,FMN GV 10 Beerse
39,Antwerpseweg 195,2018-12-22,10:00:00,1,0,1,FMN GV 10 Beerse
39,Antwerpseweg 195,2018-12-22,11:00:00,11,10,1,FMN GV 10 Beerse
39,Antwerpseweg 195,2018-12-22,12:00:00,16,10,6,FMN GV 10 Beerse
39,Antwerpseweg 195,2018-12-22,13:00:00,7,4,3,FMN GV 10 Beerse
39,Antwerpseweg 195,2018-12-22,14:00:00,5,4,1,FMN GV 10 Beerse
39,Antwerpseweg 195,2018-12-22,15:00:00,11,8,3,FMN GV 10 Beerse
39,Antwerpseweg 195,2018-12-22,16:00:00,8,5,3,FMN GV 10 Beerse
39,Antwerpseweg 195,2018-12-22,17:00:00,2,0,2,FMN GV 10 Beerse
39,Antwerpseweg 195,2018-12-22,18:00:00,6,4,2,FMN GV 10 Beerse
39,Antwerpseweg 195,2018-12-22,19:00:00,4,2,2,FMN GV 10 Beerse
39,Antwerpseweg 195,2018-12-22,20:00:00,5,3,2,FMN GV 10 Beerse
39,Antwerpseweg 195,2018-12-22,21:00:00,1,0,1,FMN GV 10 Beerse
39,Antwerpseweg 195,2018-12-22,22:00:00,2,0,2,FMN GV 10 Beerse
39,Antwerpseweg 195,2018-12-22,23:00:00,3,1,2,FMN GV 10 Beerse
39,Antwerpseweg 195,2018-12-23,00:00:00,3,2,1,FMN GV 10 Beerse
39,Antwerpseweg 195,2018-12-23,01:00:00,3,3,0,FMN GV 10 Beerse
39,Antwerpseweg 195,2018-12-23,02:00:00,3,3,0,FMN GV 10 Beerse
39,Antwerpseweg 195,2018-12-23,03:00:00,0,0,0,FMN GV 10 Beerse
39,Antwerpseweg 195,2018-12-23,04:00:00,0,0,0,FMN GV 10 Beerse
39,Antwerpseweg 195,2018-12-23,05:00:00,2,2,0,FMN GV 10 Beerse
39,Antwerpseweg 195,2018-12-23,06:00:00,0,0,0,FMN GV 10 Beerse
39,Antwerpseweg 195,2018-12-23,07:00:00,1,1,0,FMN GV 10 Beerse
39,Antwerpseweg 195,2018-12-23,08:00:00,4,3,1,FMN GV 10 Beerse
39,Antwerpseweg 195,2018-12-23,09:00:00,4,4,0,FMN GV 10 Beerse
39,Antwerpseweg 195,2018-12-23,10:00:00,5,4,1,FMN GV 10 Beerse
39,Antwerpseweg 195,2018-12-23,11:00:00,4,3,1,FMN GV 10 Beerse
39,Antwerpseweg 195,2018-12-23,12:00:00,2,0,2,FMN GV 10 Beerse
39,Antwerpseweg 195,2018-12-23,13:00:00,1,0,1,FMN GV 10 Beerse
39,Antwerpseweg 195,2018-12-23,14:00:00,4,1,3,FMN GV 10 Beerse
39,Antwerpseweg 195,2018-12-23,15:00:00,4,2,2,FMN GV 10 Beerse
39,Antwerpseweg 195,2018-12-23,16:00:00,2,2,0,FMN GV 10 Beerse
39,Antwerpseweg 195,2018-12-23,17:00:00,3,3,0,FMN GV 10 Beerse
39,Antwerpseweg 195,2018-12-23,18:00:00,1,1,0,FMN GV 10 Beerse
39,Antwerpseweg 195,2018-12-23,19:00:00,1,1,0,FMN GV 10 Beerse
39,Antwerpseweg 195,2018-12-23,20:00:00,2,0,2,FMN GV 10 Beerse
39,Antwerpseweg 195,2018-12-23,21:00:00,0,0,0,FMN GV 10 Beerse
39,Antwerpseweg 195,2018-12-23,22:00:00,1,1,0,FMN GV 10 Beerse
39,Antwerpseweg 195,2018-12-23,23:00:00,0,0,0,FMN GV 10 Beerse
39,Antwerpseweg 195,2018-12-24,00:00:00,1,1,0,FMN GV 10 Beerse
39,Antwerpseweg 195,2018-12-24,01:00:00,1,1,0,FMN GV 10 Beerse
39,Antwerpseweg 195,2018-12-24,02:00:00,0,0,0,FMN GV 10 Beerse
39,Antwerpseweg 195,2018-12-24,03:00:00,0,0,0,FMN GV 10 Beerse
39,Antwerpseweg 195,2018-12-24,04:00:00,0,0,0,FMN GV 10 Beerse
39,Antwerpseweg 195,2018-12-24,05:00:00,2,2,0,FMN GV 10 Beerse
39,Antwerpseweg 195,2018-12-24,06:00:00,3,3,0,FMN GV 10 Beerse
39,Antwerpseweg 195,2018-12-24,07:00:00,3,2,1,FMN GV 10 Beerse
39,Antwerpseweg 195,2018-12-24,08:00:00,5,4,1,FMN GV 10 Beerse
39,Antwerpseweg 195,2018-12-24,09:00:00,11,6,5,FMN GV 10 Beerse
39,Antwerpseweg 195,2018-12-24,10:00:00,8,4,4,FMN GV 10 Beerse
39,Antwerpseweg 195,2018-12-24,11:00:00,11,9,2,FMN GV 10 Beerse
39,Antwerpseweg 195,2018-12-24,12:00:00,12,8,4,FMN GV 10 Beerse
39,Antwerpseweg 195,2018-12-24,13:00:00,13,7,6,FMN GV 10 Beerse
39,Antwerpseweg 195,2018-12-24,14:00:00,20,14,6,FMN GV 10 Beerse
39,Antwerpseweg 195,2018-12-24,15:00:00,14,6,8,FMN GV 10 Beerse
39,Antwerpseweg 195,2018-12-24,16:00:00,7,6,1,FMN GV 10 Beerse
39,Antwerpseweg 195,2018-12-24,17:00:00,7,6,1,FMN GV 10 Beerse
39,Antwerpseweg 195,2018-12-24,18:00:00,0,0,0,FMN GV 10 Beerse
39,Antwerpseweg 195,2018-12-24,19:00:00,2,1,1,FMN GV 10 Beerse
39,Antwerpseweg 195,2018-12-24,20:00:00,1,0,1,FMN GV 10 Beerse
39,Antwerpseweg 195,2018-12-24,21:00:00,0,0,0,FMN GV 10 Beerse
39,Antwerpseweg 195,2018-12-24,22:00:00,1,0,1,FMN GV 10 Beerse
39,Antwerpseweg 195,2018-12-24,23:00:00,0,0,0,FMN GV 10 Beerse
39,Antwerpseweg 195,2018-12-25,00:00:00,0,0,0,FMN GV 10 Beerse
39,Antwerpseweg 195,2018-12-25,01:00:00,1,0,1,FMN GV 10 Beerse
39,Antwerpseweg 195,2018-12-25,02:00:00,2,2,0,FMN GV 10 Beerse
39,Antwerpseweg 195,2018-12-25,03:00:00,0,0,0,FMN GV 10 Beerse
39,Antwerpseweg 195,2018-12-25,04:00:00,0,0,0,FMN GV 10 Beerse
39,Antwerpseweg 195,2018-12-25,05:00:00,0,0,0,FMN GV 10 Beerse
39,Antwerpseweg 195,2018-12-25,06:00:00,0,0,0,FMN GV 10 Beerse
39,Antwerpseweg 195,2018-12-25,07:00:00,1,0,1,FMN GV 10 Beerse
39,Antwerpseweg 195,2018-12-25,08:00:00,1,0,1,FMN GV 10 Beerse
39,Antwerpseweg 195,2018-12-25,09:00:00,4,2,2,FMN GV 10 Beerse
39,Antwerpseweg 195,2018-12-25,10:00:00,3,3,0,FMN GV 10 Beerse
39,Antwerpseweg 195,2018-12-25,11:00:00,23,4,19,FMN GV 10 Beerse
39,Antwerpseweg 195,2018-12-25,12:00:00,2,1,1,FMN GV 10 Beerse
39,Antwerpseweg 195,2018-12-25,13:00:00,3,2,1,FMN GV 10 Beerse
39,Antwerpseweg 195,2018-12-25,14:00:00,14,8,6,FMN GV 10 Beerse
39,Antwerpseweg 195,2018-12-25,15:00:00,4,2,2,FMN GV 10 Beerse
39,Antwerpseweg 195,2018-12-25,16:00:00,4,2,2,FMN GV 10 Beerse
39,Antwerpseweg 195,2018-12-25,17:00:00,1,1,0,FMN GV 10 Beerse
39,Antwerpseweg 195,2018-12-25,18:00:00,0,0,0,FMN GV 10 Beerse
39,Antwerpseweg 195,2018-12-25,19:00:00,0,0,0,FMN GV 10 Beerse
39,Antwerpseweg 195,2018-12-25,20:00:00,1,1,0,FMN GV 10 Beerse
39,Antwerpseweg 195,2018-12-25,21:00:00,1,1,0,FMN GV 10 Beerse
39,Antwerpseweg 195,2018-12-25,22:00:00,1,0,1,FMN GV 10 Beerse
39,Antwerpseweg 195,2018-12-25,23:00:00,0,0,0,FMN GV 10 Beerse
39,Antwerpseweg 195,2018-12-26,00:00:00,0,0,0,FMN GV 10 Beerse
39,Antwerpseweg 195,2018-12-26,01:00:00,1,1,0,FMN GV 10 Beerse
39,Antwerpseweg 195,2018-12-26,02:00:00,0,0,0,FMN GV 10 Beerse
39,Antwerpseweg 195,2018-12-26,03:00:00,0,0,0,FMN GV 10 Beerse
39,Antwerpseweg 195,2018-12-26,04:00:00,2,2,0,FMN GV 10 Beerse
39,Antwerpseweg 195,2018-12-26,05:00:00,1,1,0,FMN GV 10 Beerse
39,Antwerpseweg 195,2018-12-26,06:00:00,2,2,0,FMN GV 10 Beerse
39,Antwerpseweg 195,2018-12-26,07:00:00,6,5,1,FMN GV 10 Beerse
39,Antwerpseweg 195,2018-12-26,08:00:00,2,2,0,FMN GV 10 Beerse
39,Antwerpseweg 195,2018-12-26,09:00:00,7,3,4,FMN GV 10 Beerse
39,Antwerpseweg 195,2018-12-26,10:00:00,2,2,0,FMN GV 10 Beerse
39,Antwerpseweg 195,2018-12-26,11:00:00,5,4,1,FMN GV 10 Beerse
39,Antwerpseweg 195,2018-12-26,12:00:00,4,3,1,FMN GV 10 Beerse
39,Antwerpseweg 195,2018-12-26,13:00:00,10,5,5,FMN GV 10 Beerse
39,Antwerpseweg 195,2018-12-26,14:00:00,6,4,2,FMN GV 10 Beerse
39,Antwerpseweg 195,2018-12-26,15:00:00,12,7,5,FMN GV 10 Beerse
39,Antwerpseweg 195,2018-12-26,16:00:00,6,5,1,FMN GV 10 Beerse
39,Antwerpseweg 195,2018-12-26,17:00:00,8,7,1,FMN GV 10 Beerse
39,Antwerpseweg 195,2018-12-26,18:00:00,6,2,4,FMN GV 10 Beerse
39,Antwerpseweg 195,2018-12-26,19:00:00,4,1,3,FMN GV 10 Beerse
39,Antwerpseweg 195,2018-12-26,20:00:00,0,0,0,FMN GV 10 Beerse
39,Antwerpseweg 195,2018-12-26,21:00:00,0,0,0,FMN GV 10 Beerse
39,Antwerpseweg 195,2018-12-26,22:00:00,0,0,0,FMN GV 10 Beerse
39,Antwerpseweg 195,2018-12-26,23:00:00,0,0,0,FMN GV 10 Beerse
39,Antwerpseweg 195,2018-12-27,00:00:00,0,0,0,FMN GV 10 Beerse
39,Antwerpseweg 195,2018-12-27,01:00:00,0,0,0,FMN GV 10 Beerse
39,Antwerpseweg 195,2018-12-27,02:00:00,0,0,0,FMN GV 10 Beerse
39,Antwerpseweg 195,2018-12-27,03:00:00,0,0,0,FMN GV 10 Beerse
39,Antwerpseweg 195,2018-12-27,04:00:00,2,2,0,FMN GV 10 Beerse
39,Antwerpseweg 195,2018-12-27,05:00:00,1,0,1,FMN GV 10 Beerse
39,Antwerpseweg 195,2018-12-27,06:00:00,2,2,0,FMN GV 10 Beerse
39,Antwerpseweg 195,2018-12-27,07:00:00,5,4,1,FMN GV 10 Beerse
39,Antwerpseweg 195,2018-12-27,08:00:00,4,1,3,FMN GV 10 Beerse
39,Antwerpseweg 195,2018-12-27,09:00:00,6,4,2,FMN GV 10 Beerse
39,Antwerpseweg 195,2018-12-27,10:00:00,3,0,3,FMN GV 10 Beerse
39,Antwerpseweg 195,2018-12-27,11:00:00,6,5,1,FMN GV 10 Beerse
39,Antwerpseweg 195,2018-12-27,12:00:00,12,8,4,FMN GV 10 Beerse
39,Antwerpseweg 195,2018-12-27,13:00:00,12,3,9,FMN GV 10 Beerse
39,Antwerpseweg 195,2018-12-27,14:00:00,7,3,4,FMN GV 10 Beerse
39,Antwerpseweg 195,2018-12-27,15:00:00,9,7,2,FMN GV 10 Beerse
39,Antwerpseweg 195,2018-12-27,16:00:00,9,6,3,FMN GV 10 Beerse
39,Antwerpseweg 195,2018-12-27,17:00:00,9,5,4,FMN GV 10 Beerse
39,Antwerpseweg 195,2018-12-27,18:00:00,4,1,3,FMN GV 10 Beerse
39,Antwerpseweg 195,2018-12-27,19:00:00,4,3,1,FMN GV 10 Beerse
39,Antwerpseweg 195,2018-12-27,20:00:00,0,0,0,FMN GV 10 Beerse
39,Antwerpseweg 195,2018-12-27,21:00:00,2,1,1,FMN GV 10 Beerse
39,Antwerpseweg 195,2018-12-27,22:00:00,1,1,0,FMN GV 10 Beerse
39,Antwerpseweg 195,2018-12-27,23:00:00,0,0,0,FMN GV 10 Beerse
39,Antwerpseweg 195,2018-12-28,00:00:00,0,0,0,FMN GV 10 Beerse
39,Antwerpseweg 195,2018-12-28,01:00:00,0,0,0,FMN GV 10 Beerse
39,Antwerpseweg 195,2018-12-28,02:00:00,0,0,0,FMN GV 10 Beerse
39,Antwerpseweg 195,2018-12-28,03:00:00,0,0,0,FMN GV 10 Beerse
39,Antwerpseweg 195,2018-12-28,04:00:00,1,1,0,FMN GV 10 Beerse
39,Antwerpseweg 195,2018-12-28,05:00:00,1,1,0,FMN GV 10 Beerse
39,Antwerpseweg 195,2018-12-28,06:00:00,0,0,0,FMN GV 10 Beerse
39,Antwerpseweg 195,2018-12-28,07:00:00,6,5,1,FMN GV 10 Beerse
39,Antwerpseweg 195,2018-12-28,08:00:00,6,5,1,FMN GV 10 Beerse
39,Antwerpseweg 195,2018-12-28,09:00:00,2,1,1,FMN GV 10 Beerse
39,Antwerpseweg 195,2018-12-28,10:00:00,7,5,2,FMN GV 10 Beerse
39,Antwerpseweg 195,2018-12-28,11:00:00,4,1,3,FMN GV 10 Beerse
39,Antwerpseweg 195,2018-12-28,12:00:00,5,4,1,FMN GV 10 Beerse
39,Antwerpseweg 195,2018-12-28,13:00:00,7,4,3,FMN GV 10 Beerse
39,Antwerpseweg 195,2018-12-28,14:00:00,2,0,2,FMN GV 10 Beerse
39,Antwerpseweg 195,2018-12-28,15:00:00,4,2,2,FMN GV 10 Beerse
39,Antwerpseweg 195,2018-12-28,16:00:00,8,5,3,FMN GV 10 Beerse
39,Antwerpseweg 195,2018-12-28,17:00:00,3,1,2,FMN GV 10 Beerse
39,Antwerpseweg 195,2018-12-28,18:00:00,2,1,1,FMN GV 10 Beerse
39,Antwerpseweg 195,2018-12-28,19:00:00,1,1,0,FMN GV 10 Beerse
39,Antwerpseweg 195,2018-12-28,20:00:00,2,0,2,FMN GV 10 Beerse
39,Antwerpseweg 195,2018-12-28,21:00:00,3,1,2,FMN GV 10 Beerse
39,Antwerpseweg 195,2018-12-28,22:00:00,0,0,0,FMN GV 10 Beerse
39,Antwerpseweg 195,2018-12-28,23:00:00,0,0,0,FMN GV 10 Beerse
39,Antwerpseweg 195,2018-12-29,00:00:00,0,0,0,FMN GV 10 Beerse
39,Antwerpseweg 195,2018-12-29,01:00:00,1,1,0,FMN GV 10 Beerse
39,Antwerpseweg 195,2018-12-29,02:00:00,0,0,0,FMN GV 10 Beerse
39,Antwerpseweg 195,2018-12-29,03:00:00,0,0,0,FMN GV 10 Beerse
39,Antwerpseweg 195,2018-12-29,04:00:00,0,0,0,FMN GV 10 Beerse
39,Antwerpseweg 195,2018-12-29,05:00:00,0,0,0,FMN GV 10 Beerse
39,Antwerpseweg 195,2018-12-29,06:00:00,1,1,0,FMN GV 10 Beerse
39,Antwerpseweg 195,2018-12-29,07:00:00,1,1,0,FMN GV 10 Beerse
39,Antwerpseweg 195,2018-12-29,08:00:00,5,2,3,FMN GV 10 Beerse
39,Antwerpseweg 195,2018-12-29,09:00:00,4,0,4,FMN GV 10 Beerse
39,Antwerpseweg 195,2018-12-29,10:00:00,3,3,0,FMN GV 10 Beerse
39,Antwerpseweg 195,2018-12-29,11:00:00,5,5,0,FMN GV 10 Beerse
39,Antwerpseweg 195,2018-12-29,12:00:00,11,7,4,FMN GV 10 Beerse
39,Antwerpseweg 195,2018-12-29,13:00:00,5,2,3,FMN GV 10 Beerse
39,Antwerpseweg 195,2018-12-29,14:00:00,5,4,1,FMN GV 10 Beerse
39,Antwerpseweg 195,2018-12-29,15:00:00,10,8,2,FMN GV 10 Beerse
39,Antwerpseweg 195,2018-12-29,16:00:00,9,4,5,FMN GV 10 Beerse
39,Antwerpseweg 195,2018-12-29,17:00:00,4,3,1,FMN GV 10 Beerse
39,Antwerpseweg 195,2018-12-29,18:00:00,3,2,1,FMN GV 10 Beerse
39,Antwerpseweg 195,2018-12-29,19:00:00,0,0,0,FMN GV 10 Beerse
39,Antwerpseweg 195,2018-12-29,20:00:00,0,0,0,FMN GV 10 Beerse
39,Antwerpseweg 195,2018-12-29,21:00:00,1,1,0,FMN GV 10 Beerse
39,Antwerpseweg 195,2018-12-29,22:00:00,1,1,0,FMN GV 10 Beerse
39,Antwerpseweg 195,2018-12-29,23:00:00,0,0,0,FMN GV 10 Beerse
39,Antwerpseweg 195,2018-12-30,00:00:00,3,3,0,FMN GV 10 Beerse
39,Antwerpseweg 195,2018-12-30,01:00:00,4,4,0,FMN GV 10 Beerse
39,Antwerpseweg 195,2018-12-30,02:00:00,3,2,1,FMN GV 10 Beerse
39,Antwerpseweg 195,2018-12-30,03:00:00,0,0,0,FMN GV 10 Beerse
39,Antwerpseweg 195,2018-12-30,04:00:00,0,0,0,FMN GV 10 Beerse
39,Antwerpseweg 195,2018-12-30,05:00:00,2,2,0,FMN GV 10 Beerse
39,Antwerpseweg 195,2018-12-30,06:00:00,1,1,0,FMN GV 10 Beerse
39,Antwerpseweg 195,2018-12-30,07:00:00,0,0,0,FMN GV 10 Beerse
39,Antwerpseweg 195,2018-12-30,08:00:00,1,0,1,FMN GV 10 Beerse
39,Antwerpseweg 195,2018-12-30,09:00:00,6,4,2,FMN GV 10 Beerse
39,Antwerpseweg 195,2018-12-30,10:00:00,26,21,5,FMN GV 10 Beerse
39,Antwerpseweg 195,2018-12-30,11:00:00,14,6,8,FMN GV 10 Beerse
39,Antwerpseweg 195,2018-12-30,12:00:00,4,2,2,FMN GV 10 Beerse
39,Antwerpseweg 195,2018-12-30,13:00:00,7,5,2,FMN GV 10 Beerse
39,Antwerpseweg 195,2018-12-30,14:00:00,6,5,1,FMN GV 10 Beerse
39,Antwerpseweg 195,2018-12-30,15:00:00,6,5,1,FMN GV 10 Beerse
39,Antwerpseweg 195,2018-12-30,16:00:00,2,1,1,FMN GV 10 Beerse
39,Antwerpseweg 195,2018-12-30,17:00:00,2,1,1,FMN GV 10 Beerse
39,Antwerpseweg 195,2018-12-30,18:00:00,4,3,1,FMN GV 10 Beerse
39,Antwerpseweg 195,2018-12-30,19:00:00,0,0,0,FMN GV 10 Beerse
39,Antwerpseweg 195,2018-12-30,20:00:00,1,0,1,FMN GV 10 Beerse
39,Antwerpseweg 195,2018-12-30,21:00:00,0,0,0,FMN GV 10 Beerse
39,Antwerpseweg 195,2018-12-30,22:00:00,1,1,0,FMN GV 10 Beerse
39,Antwerpseweg 195,2018-12-30,23:00:00,1,0,1,FMN GV 10 Beerse
39,Antwerpseweg 195,2018-12-31,00:00:00,0,0,0,FMN GV 10 Beerse
39,Antwerpseweg 195,2018-12-31,01:00:00,0,0,0,FMN GV 10 Beerse
39,Antwerpseweg 195,2018-12-31,02:00:00,0,0,0,FMN GV 10 Beerse
39,Antwerpseweg 195,2018-12-31,03:00:00,0,0,0,FMN GV 10 Beerse
39,Antwerpseweg 195,2018-12-31,04:00:00,0,0,0,FMN GV 10 Beerse
39,Antwerpseweg 195,2018-12-31,05:00:00,0,0,0,FMN GV 10 Beerse
39,Antwerpseweg 195,2018-12-31,06:00:00,2,2,0,FMN GV 10 Beerse
39,Antwerpseweg 195,2018-12-31,07:00:00,3,3,0,FMN GV 10 Beerse
39,Antwerpseweg 195,2018-12-31,08:00:00,5,3,2,FMN GV 10 Beerse
39,Antwerpseweg 195,2018-12-31,09:00:00,8,5,3,FMN GV 10 Beerse
39,Antwerpseweg 195,2018-12-31,10:00:00,4,2,2,FMN GV 10 Beerse
39,Antwerpseweg 195,2018-12-31,11:00:00,8,3,5,FMN GV 10 Beerse
39,Antwerpseweg 195,2018-12-31,12:00:00,10,5,5,FMN GV 10 Beerse
39,Antwerpseweg 195,2018-12-31,13:00:00,4,3,1,FMN GV 10 Beerse
39,Antwerpseweg 195,2018-12-31,14:00:00,11,8,3,FMN GV 10 Beerse
39,Antwerpseweg 195,2018-12-31,15:00:00,14,9,5,FMN GV 10 Beerse
39,Antwerpseweg 195,2018-12-31,16:00:00,6,2,4,FMN GV 10 Beerse
39,Antwerpseweg 195,2018-12-31,17:00:00,16,12,4,FMN GV 10 Beerse
39,Antwerpseweg 195,2018-12-31,18:00:00,4,4,0,FMN GV 10 Beerse
39,Antwerpseweg 195,2018-12-31,19:00:00,1,1,0,FMN GV 10 Beerse
39,Antwerpseweg 195,2018-12-31,20:00:00,1,1,0,FMN GV 10 Beerse
39,Antwerpseweg 195,2018-12-31,21:00:00,0,0,0,FMN GV 10 Beerse
39,Antwerpseweg 195,2018-12-31,22:00:00,0,0,0,FMN GV 10 Beerse
39,Antwerpseweg 195,2018-12-31,23:00:00,0,0,0,FMN GV 10 Beerse
39,Antwerpseweg 195,2019-01-01,00:00:00,0,0,0,FMN GV 10 Beerse
39,Antwerpseweg 195,2019-01-01,01:00:00,2,1,1,FMN GV 10 Beerse
39,Antwerpseweg 195,2019-01-01,02:00:00,3,2,1,FMN GV 10 Beerse
39,Antwerpseweg 195,2019-01-01,03:00:00,6,2,4,FMN GV 10 Beerse
39,Antwerpseweg 195,2019-01-01,04:00:00,2,2,0,FMN GV 10 Beerse
39,Antwerpseweg 195,2019-01-01,05:00:00,1,1,0,FMN GV 10 Beerse
39,Antwerpseweg 195,2019-01-01,06:00:00,0,0,0,FMN GV 10 Beerse
39,Antwerpseweg 195,2019-01-01,07:00:00,1,1,0,FMN GV 10 Beerse
39,Antwerpseweg 195,2019-01-01,08:00:00,1,1,0,FMN GV 10 Beerse
39,Antwerpseweg 195,2019-01-01,09:00:00,5,3,2,FMN GV 10 Beerse
39,Antwerpseweg 195,2019-01-01,10:00:00,7,5,2,FMN GV 10 Beerse
39,Antwerpseweg 195,2019-01-01,11:00:00,5,1,4,FMN GV 10 Beerse
39,Antwerpseweg 195,2019-01-01,12:00:00,3,1,2,FMN GV 10 Beerse
39,Antwerpseweg 195,2019-01-01,13:00:00,2,1,1,FMN GV 10 Beerse
39,Antwerpseweg 195,2019-01-01,14:00:00,0,0,0,FMN GV 10 Beerse
39,Antwerpseweg 195,2019-01-01,15:00:00,3,2,1,FMN GV 10 Beerse
39,Antwerpseweg 195,2019-01-01,16:00:00,1,0,1,FMN GV 10 Beerse
39,Antwerpseweg 195,2019-01-01,17:00:00,1,1,0,FMN GV 10 Beerse
39,Antwerpseweg 195,2019-01-01,18:00:00,0,0,0,FMN GV 10 Beerse
39,Antwerpseweg 195,2019-01-01,19:00:00,0,0,0,FMN GV 10 Beerse
39,Antwerpseweg 195,2019-01-01,20:00:00,0,0,0,FMN GV 10 Beerse
39,Antwerpseweg 195,2019-01-01,21:00:00,1,1,0,FMN GV 10 Beerse
39,Antwerpseweg 195,2019-01-01,22:00:00,0,0,0,FMN GV 10 Beerse
39,Antwerpseweg 195,2019-01-01,23:00:00,0,0,0,FMN GV 10 Beerse
39,Antwerpseweg 195,2019-01-02,00:00:00,0,0,0,FMN GV 10 Beerse
39,Antwerpseweg 195,2019-01-02,01:00:00,0,0,0,FMN GV 10 Beerse
39,Antwerpseweg 195,2019-01-02,02:00:00,0,0,0,FMN GV 10 Beerse
39,Antwerpseweg 195,2019-01-02,03:00:00,0,0,0,FMN GV 10 Beerse
39,Antwerpseweg 195,2019-01-02,04:00:00,1,0,1,FMN GV 10 Beerse
39,Antwerpseweg 195,2019-01-02,05:00:00,2,2,0,FMN GV 10 Beerse
39,Antwerpseweg 195,2019-01-02,06:00:00,3,2,1,FMN GV 10 Beerse
39,Antwerpseweg 195,2019-01-02,07:00:00,19,15,4,FMN GV 10 Beerse
39,Antwerpseweg 195,2019-01-02,08:00:00,12,10,2,FMN GV 10 Beerse
39,Antwerpseweg 195,2019-01-02,09:00:00,7,3,4,FMN GV 10 Beerse
39,Antwerpseweg 195,2019-01-02,10:00:00,3,3,0,FMN GV 10 Beerse
39,Antwerpseweg 195,2019-01-02,11:00:00,6,6,0,FMN GV 10 Beerse
39,Antwerpseweg 195,2019-01-02,12:00:00,6,4,2,FMN GV 10 Beerse
39,Antwerpseweg 195,2019-01-02,13:00:00,11,5,6,FMN GV 10 Beerse
39,Antwerpseweg 195,2019-01-02,14:00:00,19,7,12,FMN GV 10 Beerse
39,Antwerpseweg 195,2019-01-02,15:00:00,10,5,5,FMN GV 10 Beerse
39,Antwerpseweg 195,2019-01-02,16:00:00,15,9,6,FMN GV 10 Beerse
39,Antwerpseweg 195,2019-01-02,17:00:00,19,9,10,FMN GV 10 Beerse
39,Antwerpseweg 195,2019-01-02,18:00:00,5,5,0,FMN GV 10 Beerse
39,Antwerpseweg 195,2019-01-02,19:00:00,3,3,0,FMN GV 10 Beerse
39,Antwerpseweg 195,2019-01-02,20:00:00,1,0,1,FMN GV 10 Beerse
39,Antwerpseweg 195,2019-01-02,21:00:00,2,1,1,FMN GV 10 Beerse
39,Antwerpseweg 195,2019-01-02,22:00:00,1,1,0,FMN GV 10 Beerse
39,Antwerpseweg 195,2019-01-02,23:00:00,0,0,0,FMN GV 10 Beerse
39,Antwerpseweg 195,2019-01-03,00:00:00,0,0,0,FMN GV 10 Beerse
39,Antwerpseweg 195,2019-01-03,01:00:00,0,0,0,FMN GV 10 Beerse
39,Antwerpseweg 195,2019-01-03,02:00:00,0,0,0,FMN GV 10 Beerse
39,Antwerpseweg 195,2019-01-03,03:00:00,0,0,0,FMN GV 10 Beerse
39,Antwerpseweg 195,2019-01-03,04:00:00,1,1,0,FMN GV 10 Beerse
39,Antwerpseweg 195,2019-01-03,05:00:00,5,4,1,FMN GV 10 Beerse
39,Antwerpseweg 195,2019-01-03,06:00:00,6,6,0,FMN GV 10 Beerse
39,Antwerpseweg 195,2019-01-03,07:00:00,20,15,5,FMN GV 10 Beerse
39,Antwerpseweg 195,2019-01-03,08:00:00,18,17,1,FMN GV 10 Beerse
39,Antwerpseweg 195,2019-01-03,09:00:00,13,8,5,FMN GV 10 Beerse
39,Antwerpseweg 195,2019-01-03,10:00:00,3,3,0,FMN GV 10 Beerse
39,Antwerpseweg 195,2019-01-03,11:00:00,8,4,4,FMN GV 10 Beerse
39,Antwerpseweg 195,2019-01-03,12:00:00,13,8,5,FMN GV 10 Beerse
39,Antwerpseweg 195,2019-01-03,13:00:00,20,10,10,FMN GV 10 Beerse
39,Antwerpseweg 195,2019-01-03,14:00:00,11,10,1,FMN GV 10 Beerse
39,Antwerpseweg 195,2019-01-03,15:00:00,15,7,8,FMN GV 10 Beerse
39,Antwerpseweg 195,2019-01-03,16:00:00,14,9,5,FMN GV 10 Beerse
39,Antwerpseweg 195,2019-01-03,17:00:00,16,11,5,FMN GV 10 Beerse
39,Antwerpseweg 195,2019-01-03,18:00:00,8,6,2,FMN GV 10 Beerse
39,Antwerpseweg 195,2019-01-03,19:00:00,4,3,1,FMN GV 10 Beerse
39,Antwerpseweg 195,2019-01-03,20:00:00,2,1,1,FMN GV 10 Beerse
39,Antwerpseweg 195,2019-01-03,21:00:00,2,0,2,FMN GV 10 Beerse
39,Antwerpseweg 195,2019-01-03,22:00:00,2,1,1,FMN GV 10 Beerse
39,Antwerpseweg 195,2019-01-03,23:00:00,0,0,0,FMN GV 10 Beerse
39,Antwerpseweg 195,2019-01-04,00:00:00,1,1,0,FMN GV 10 Beerse
39,Antwerpseweg 195,2019-01-04,01:00:00,0,0,0,FMN GV 10 Beerse
39,Antwerpseweg 195,2019-01-04,02:00:00,0,0,0,FMN GV 10 Beerse
39,Antwerpseweg 195,2019-01-04,03:00:00,0,0,0,FMN GV 10 Beerse
39,Antwerpseweg 195,2019-01-04,04:00:00,0,0,0,FMN GV 10 Beerse
39,Antwerpseweg 195,2019-01-04,05:00:00,3,3,0,FMN GV 10 Beerse
39,Antwerpseweg 195,2019-01-04,06:00:00,3,3,0,FMN GV 10 Beerse
39,Antwerpseweg 195,2019-01-04,07:00:00,12,12,0,FMN GV 10 Beerse
39,Antwerpseweg 195,2019-01-04,08:00:00,9,7,2,FMN GV 10 Beerse
39,Antwerpseweg 195,2019-01-04,09:00:00,4,1,3,FMN GV 10 Beerse
39,Antwerpseweg 195,2019-01-04,10:00:00,6,5,1,FMN GV 10 Beerse
39,Antwerpseweg 195,2019-01-04,11:00:00,8,7,1,FMN GV 10 Beerse
39,Antwerpseweg 195,2019-01-04,12:00:00,4,2,2,FMN GV 10 Beerse
39,Antwerpseweg 195,2019-01-04,13:00:00,7,1,6,FMN GV 10 Beerse
39,Antwerpseweg 195,2019-01-04,14:00:00,11,10,1,FMN GV 10 Beerse
39,Antwerpseweg 195,2019-01-04,15:00:00,9,4,5,FMN GV 10 Beerse
39,Antwerpseweg 195,2019-01-04,16:00:00,14,7,7,FMN GV 10 Beerse
39,Antwerpseweg 195,2019-01-04,17:00:00,19,10,9,FMN GV 10 Beerse
39,Antwerpseweg 195,2019-01-04,18:00:00,7,6,1,FMN GV 10 Beerse
39,Antwerpseweg 195,2019-01-04,19:00:00,8,6,2,FMN GV 10 Beerse
39,Antwerpseweg 195,2019-01-04,20:00:00,3,2,1,FMN GV 10 Beerse
39,Antwerpseweg 195,2019-01-04,21:00:00,1,1,0,FMN GV 10 Beerse
39,Antwerpseweg 195,2019-01-04,22:00:00,1,0,1,FMN GV 10 Beerse
39,Antwerpseweg 195,2019-01-04,23:00:00,0,0,0,FMN GV 10 Beerse
39,Antwerpseweg 195,2019-01-05,00:00:00,0,0,0,FMN GV 10 Beerse
39,Antwerpseweg 195,2019-01-05,01:00:00,0,0,0,FMN GV 10 Beerse
39,Antwerpseweg 195,2019-01-05,02:00:00,0,0,0,FMN GV 10 Beerse
39,Antwerpseweg 195,2019-01-05,03:00:00,1,1,0,FMN GV 10 Beerse
39,Antwerpseweg 195,2019-01-05,04:00:00,0,0,0,FMN GV 10 Beerse
39,Antwerpseweg 195,2019-01-05,05:00:00,0,0,0,FMN GV 10 Beerse
39,Antwerpseweg 195,2019-01-05,06:00:00,0,0,0,FMN GV 10 Beerse
39,Antwerpseweg 195,2019-01-05,07:00:00,0,0,0,FMN GV 10 Beerse
39,Antwerpseweg 195,2019-01-05,08:00:00,1,1,0,FMN GV 10 Beerse
39,Antwerpseweg 195,2019-01-05,09:00:00,7,2,5,FMN GV 10 Beerse
39,Antwerpseweg 195,2019-01-05,10:00:00,8,3,5,FMN GV 10 Beerse
39,Antwerpseweg 195,2019-01-05,11:00:00,3,2,1,FMN GV 10 Beerse
39,Antwerpseweg 195,2019-01-05,12:00:00,10,7,3,FMN GV 10 Beerse
39,Antwerpseweg 195,2019-01-05,13:00:00,1,1,0,FMN GV 10 Beerse
39,Antwerpseweg 195,2019-01-05,14:00:00,9,7,2,FMN GV 10 Beerse
39,Antwerpseweg 195,2019-01-05,15:00:00,10,8,2,FMN GV 10 Beerse
39,Antwerpseweg 195,2019-01-05,16:00:00,9,4,5,FMN GV 10 Beerse
39,Antwerpseweg 195,2019-01-05,17:00:00,1,0,1,FMN GV 10 Beerse
39,Antwerpseweg 195,2019-01-05,18:00:00,2,2,0,FMN GV 10 Beerse
39,Antwerpseweg 195,2019-01-05,19:00:00,0,0,0,FMN GV 10 Beerse
39,Antwerpseweg 195,2019-01-05,20:00:00,1,1,0,FMN GV 10 Beerse
39,Antwerpseweg 195,2019-01-05,21:00:00,1,0,1,FMN GV 10 Beerse
39,Antwerpseweg 195,2019-01-05,22:00:00,2,1,1,FMN GV 10 Beerse
39,Antwerpseweg 195,2019-01-05,23:00:00,2,1,1,FMN GV 10 Beerse
39,Antwerpseweg 195,2019-01-06,00:00:00,2,1,1,FMN GV 10 Beerse
39,Antwerpseweg 195,2019-01-06,01:00:00,1,1,0,FMN GV 10 Beerse
39,Antwerpseweg 195,2019-01-06,02:00:00,1,1,0,FMN GV 10 Beerse
39,Antwerpseweg 195,2019-01-06,03:00:00,0,0,0,FMN GV 10 Beerse
39,Antwerpseweg 195,2019-01-06,04:00:00,0,0,0,FMN GV 10 Beerse
39,Antwerpseweg 195,2019-01-06,05:00:00,0,0,0,FMN GV 10 Beerse
39,Antwerpseweg 195,2019-01-06,06:00:00,0,0,0,FMN GV 10 Beerse
39,Antwerpseweg 195,2019-01-06,07:00:00,0,0,0,FMN GV 10 Beerse
39,Antwerpseweg 195,2019-01-06,08:00:00,0,0,0,FMN GV 10 Beerse
39,Antwerpseweg 195,2019-01-06,09:00:00,6,3,3,FMN GV 10 Beerse
39,Antwerpseweg 195,2019-01-06,10:00:00,15,10,5,FMN GV 10 Beerse
39,Antwerpseweg 195,2019-01-06,11:00:00,16,14,2,FMN GV 10 Beerse
39,Antwerpseweg 195,2019-01-06,12:00:00,7,3,4,FMN GV 10 Beerse
39,Antwerpseweg 195,2019-01-06,13:00:00,8,5,3,FMN GV 10 Beerse
39,Antwerpseweg 195,2019-01-06,14:00:00,9,7,2,FMN GV 10 Beerse
39,Antwerpseweg 195,2019-01-06,15:00:00,8,7,1,FMN GV 10 Beerse
39,Antwerpseweg 195,2019-01-06,16:00:00,6,3,3,FMN GV 10 Beerse
39,Antwerpseweg 195,2019-01-06,17:00:00,3,0,3,FMN GV 10 Beerse
39,Antwerpseweg 195,2019-01-06,18:00:00,2,1,1,FMN GV 10 Beerse
39,Antwerpseweg 195,2019-01-06,19:00:00,2,1,1,FMN GV 10 Beerse
39,Antwerpseweg 195,2019-01-06,20:00:00,1,0,1,FMN GV 10 Beerse
39,Antwerpseweg 195,2019-01-06,21:00:00,2,1,1,FMN GV 10 Beerse
39,Antwerpseweg 195,2019-01-06,22:00:00,0,0,0,FMN GV 10 Beerse
39,Antwerpseweg 195,2019-01-06,23:00:00,1,1,0,FMN GV 10 Beerse
39,Antwerpseweg 195,2019-01-07,00:00:00,0,0,0,FMN GV 10 Beerse
39,Antwerpseweg 195,2019-01-07,01:00:00,0,0,0,FMN GV 10 Beerse
39,Antwerpseweg 195,2019-01-07,02:00:00,0,0,0,FMN GV 10 Beerse
39,Antwerpseweg 195,2019-01-07,03:00:00,0,0,0,FMN GV 10 Beerse
39,Antwerpseweg 195,2019-01-07,04:00:00,1,1,0,FMN GV 10 Beerse
39,Antwerpseweg 195,2019-01-07,05:00:00,7,7,0,FMN GV 10 Beerse
39,Antwerpseweg 195,2019-01-07,06:00:00,4,2,2,FMN GV 10 Beerse
39,Antwerpseweg 195,2019-01-07,07:00:00,37,29,8,FMN GV 10 Beerse
39,Antwerpseweg 195,2019-01-07,08:00:00,29,22,7,FMN GV 10 Beerse
39,Antwerpseweg 195,2019-01-07,09:00:00,9,6,3,FMN GV 10 Beerse
39,Antwerpseweg 195,2019-01-07,10:00:00,9,8,1,FMN GV 10 Beerse
39,Antwerpseweg 195,2019-01-07,11:00:00,11,8,3,FMN GV 10 Beerse
39,Antwerpseweg 195,2019-01-07,12:00:00,9,6,3,FMN GV 10 Beerse
39,Antwerpseweg 195,2019-01-07,13:00:00,18,13,5,FMN GV 10 Beerse
39,Antwerpseweg 195,2019-01-07,14:00:00,6,4,2,FMN GV 10 Beerse
39,Antwerpseweg 195,2019-01-07,15:00:00,18,9,9,FMN GV 10 Beerse
39,Antwerpseweg 195,2019-01-07,16:00:00,40,23,17,FMN GV 10 Beerse
39,Antwerpseweg 195,2019-01-07,17:00:00,19,12,7,FMN GV 10 Beerse
39,Antwerpseweg 195,2019-01-07,18:00:00,12,8,4,FMN GV 10 Beerse
39,Antwerpseweg 195,2019-01-07,19:00:00,7,2,5,FMN GV 10 Beerse
39,Antwerpseweg 195,2019-01-07,20:00:00,1,1,0,FMN GV 10 Beerse
39,Antwerpseweg 195,2019-01-07,21:00:00,4,1,3,FMN GV 10 Beerse
39,Antwerpseweg 195,2019-01-07,22:00:00,6,6,0,FMN GV 10 Beerse
39,Antwerpseweg 195,2019-01-07,23:00:00,0,0,0,FMN GV 10 Beerse
39,Antwerpseweg 195,2019-01-08,00:00:00,0,0,0,FMN GV 10 Beerse
39,Antwerpseweg 195,2019-01-08,01:00:00,0,0,0,FMN GV 10 Beerse
39,Antwerpseweg 195,2019-01-08,02:00:00,0,0,0,FMN GV 10 Beerse
39,Antwerpseweg 195,2019-01-08,03:00:00,0,0,0,FMN GV 10 Beerse
39,Antwerpseweg 195,2019-01-08,04:00:00,0,0,0,FMN GV 10 Beerse
39,Antwerpseweg 195,2019-01-08,05:00:00,5,5,0,FMN GV 10 Beerse
39,Antwerpseweg 195,2019-01-08,06:00:00,7,5,2,FMN GV 10 Beerse
39,Antwerpseweg 195,2019-01-08,07:00:00,32,26,6,FMN GV 10 Beerse
39,Antwerpseweg 195,2019-01-08,08:00:00,14,10,4,FMN GV 10 Beerse
39,Antwerpseweg 195,2019-01-08,09:00:00,5,3,2,FMN GV 10 Beerse
39,Antwerpseweg 195,2019-01-08,10:00:00,8,7,1,FMN GV 10 Beerse
39,Antwerpseweg 195,2019-01-08,11:00:00,2,2,0,FMN GV 10 Beerse
39,Antwerpseweg 195,2019-01-08,12:00:00,10,6,4,FMN GV 10 Beerse
39,Antwerpseweg 195,2019-01-08,13:00:00,12,9,3,FMN GV 10 Beerse
39,Antwerpseweg 195,2019-01-08,14:00:00,12,8,4,FMN GV 10 Beerse
39,Antwerpseweg 195,2019-01-08,15:00:00,13,10,3,FMN GV 10 Beerse
39,Antwerpseweg 195,2019-01-08,16:00:00,24,13,11,FMN GV 10 Beerse
39,Antwerpseweg 195,2019-01-08,17:00:00,23,16,7,FMN GV 10 Beerse
39,Antwerpseweg 195,2019-01-08,18:00:00,6,3,3,FMN GV 10 Beerse
39,Antwerpseweg 195,2019-01-08,19:00:00,5,4,1,FMN GV 10 Beerse
39,Antwerpseweg 195,2019-01-08,20:00:00,1,0,1,FMN GV 10 Beerse
39,Antwerpseweg 195,2019-01-08,21:00:00,1,1,0,FMN GV 10 Beerse
39,Antwerpseweg 195,2019-01-08,22:00:00,4,3,1,FMN GV 10 Beerse
39,Antwerpseweg 195,2019-01-08,23:00:00,0,0,0,FMN GV 10 Beerse
39,Antwerpseweg 195,2019-01-09,00:00:00,0,0,0,FMN GV 10 Beerse
39,Antwerpseweg 195,2019-01-09,01:00:00,0,0,0,FMN GV 10 Beerse
39,Antwerpseweg 195,2019-01-09,02:00:00,0,0,0,FMN GV 10 Beerse
39,Antwerpseweg 195,2019-01-09,03:00:00,0,0,0,FMN GV 10 Beerse
39,Antwerpseweg 195,2019-01-09,04:00:00,0,0,0,FMN GV 10 Beerse
39,Antwerpseweg 195,2019-01-09,05:00:00,5,4,1,FMN GV 10 Beerse
39,Antwerpseweg 195,2019-01-09,06:00:00,3,3,0,FMN GV 10 Beerse
39,Antwerpseweg 195,2019-01-09,07:00:00,33,25,8,FMN GV 10 Beerse
39,Antwerpseweg 195,2019-01-09,08:00:00,18,13,5,FMN GV 10 Beerse
39,Antwerpseweg 195,2019-01-09,09:00:00,9,6,3,FMN GV 10 Beerse
39,Antwerpseweg 195,2019-01-09,10:00:00,11,7,4,FMN GV 10 Beerse
39,Antwerpseweg 195,2019-01-09,11:00:00,12,7,5,FMN GV 10 Beerse
39,Antwerpseweg 195,2019-01-09,12:00:00,35,26,9,FMN GV 10 Beerse
39,Antwerpseweg 195,2019-01-09,13:00:00,17,14,3,FMN GV 10 Beerse
39,Antwerpseweg 195,2019-01-09,14:00:00,13,8,5,FMN GV 10 Beerse
39,Antwerpseweg 195,2019-01-09,15:00:00,21,9,12,FMN GV 10 Beerse
39,Antwerpseweg 195,2019-01-09,16:00:00,16,9,7,FMN GV 10 Beerse
39,Antwerpseweg 195,2019-01-09,17:00:00,19,14,5,FMN GV 10 Beerse
39,Antwerpseweg 195,2019-01-09,18:00:00,13,10,3,FMN GV 10 Beerse
39,Antwerpseweg 195,2019-01-09,19:00:00,6,4,2,FMN GV 10 Beerse
39,Antwerpseweg 195,2019-01-09,20:00:00,7,3,4,FMN GV 10 Beerse
39,Antwerpseweg 195,2019-01-09,21:00:00,1,0,1,FMN GV 10 Beerse
39,Antwerpseweg 195,2019-01-09,22:00:00,3,2,1,FMN GV 10 Beerse
39,Antwerpseweg 195,2019-01-09,23:00:00,2,0,2,FMN GV 10 Beerse
39,Antwerpseweg 195,2019-01-10,00:00:00,0,0,0,FMN GV 10 Beerse
39,Antwerpseweg 195,2019-01-10,01:00:00,0,0,0,FMN GV 10 Beerse
39,Antwerpseweg 195,2019-01-10,02:00:00,0,0,0,FMN GV 10 Beerse
39,Antwerpseweg 195,2019-01-10,03:00:00,0,0,0,FMN GV 10 Beerse
39,Antwerpseweg 195,2019-01-10,04:00:00,1,1,0,FMN GV 10 Beerse
39,Antwerpseweg 195,2019-01-10,05:00:00,6,6,0,FMN GV 10 Beerse
39,Antwerpseweg 195,2019-01-10,06:00:00,8,6,2,FMN GV 10 Beerse
39,Antwerpseweg 195,2019-01-10,07:00:00,31,25,6,FMN GV 10 Beerse
39,Antwerpseweg 195,2019-01-10,08:00:00,25,19,6,FMN GV 10 Beerse
39,Antwerpseweg 195,2019-01-10,09:00:00,11,5,6,FMN GV 10 Beerse
39,Antwerpseweg 195,2019-01-10,10:00:00,1,1,0,FMN GV 10 Beerse
39,Antwerpseweg 195,2019-01-10,11:00:00,7,5,2,FMN GV 10 Beerse
39,Antwerpseweg 195,2019-01-10,12:00:00,14,9,5,FMN GV 10 Beerse
39,Antwerpseweg 195,2019-01-10,13:00:00,20,17,3,FMN GV 10 Beerse
39,Antwerpseweg 195,2019-01-10,14:00:00,16,14,2,FMN GV 10 Beerse
39,Antwerpseweg 195,2019-01-10,15:00:00,10,2,8,FMN GV 10 Beerse
39,Antwerpseweg 195,2019-01-10,16:00:00,27,23,4,FMN GV 10 Beerse
39,Antwerpseweg 195,2019-01-10,17:00:00,25,14,11,FMN GV 10 Beerse
39,Antwerpseweg 195,2019-01-10,18:00:00,5,3,2,FMN GV 10 Beerse
39,Antwerpseweg 195,2019-01-10,19:00:00,7,7,0,FMN GV 10 Beerse
39,Antwerpseweg 195,2019-01-10,20:00:00,5,3,2,FMN GV 10 Beerse
39,Antwerpseweg 195,2019-01-10,21:00:00,2,0,2,FMN GV 10 Beerse
39,Antwerpseweg 195,2019-01-10,22:00:00,4,2,2,FMN GV 10 Beerse
39,Antwerpseweg 195,2019-01-10,23:00:00,0,0,0,FMN GV 10 Beerse
39,Antwerpseweg 195,2019-01-11,00:00:00,0,0,0,FMN GV 10 Beerse
39,Antwerpseweg 195,2019-01-11,01:00:00,0,0,0,FMN GV 10 Beerse
39,Antwerpseweg 195,2019-01-11,02:00:00,0,0,0,FMN GV 10 Beerse
39,Antwerpseweg 195,2019-01-11,03:00:00,0,0,0,FMN GV 10 Beerse
39,Antwerpseweg 195,2019-01-11,04:00:00,1,1,0,FMN GV 10 Beerse
39,Antwerpseweg 195,2019-01-11,05:00:00,7,4,3,FMN GV 10 Beerse
39,Antwerpseweg 195,2019-01-11,06:00:00,9,9,0,FMN GV 10 Beerse
39,Antwerpseweg 195,2019-01-11,07:00:00,28,22,6,FMN GV 10 Beerse
39,Antwerpseweg 195,2019-01-11,08:00:00,10,8,2,FMN GV 10 Beerse
39,Antwerpseweg 195,2019-01-11,09:00:00,6,5,1,FMN GV 10 Beerse
39,Antwerpseweg 195,2019-01-11,10:00:00,9,5,4,FMN GV 10 Beerse
39,Antwerpseweg 195,2019-01-11,11:00:00,8,8,0,FMN GV 10 Beerse
39,Antwerpseweg 195,2019-01-11,12:00:00,6,3,3,FMN GV 10 Beerse
39,Antwerpseweg 195,2019-01-11,13:00:00,6,4,2,FMN GV 10 Beerse
39,Antwerpseweg 195,2019-01-11,14:00:00,1,0,1,FMN GV 10 Beerse
39,Antwerpseweg 195,2019-01-11,15:00:00,13,9,4,FMN GV 10 Beerse
39,Antwerpseweg 195,2019-01-11,16:00:00,27,23,4,FMN GV 10 Beerse
39,Antwerpseweg 195,2019-01-11,17:00:00,17,8,9,FMN GV 10 Beerse
39,Antwerpseweg 195,2019-01-11,18:00:00,8,5,3,FMN GV 10 Beerse
39,Antwerpseweg 195,2019-01-11,19:00:00,4,3,1,FMN GV 10 Beerse
39,Antwerpseweg 195,2019-01-11,20:00:00,6,4,2,FMN GV 10 Beerse
39,Antwerpseweg 195,2019-01-11,21:00:00,1,1,0,FMN GV 10 Beerse
39,Antwerpseweg 195,2019-01-11,22:00:00,2,1,1,FMN GV 10 Beerse
39,Antwerpseweg 195,2019-01-11,23:00:00,0,0,0,FMN GV 10 Beerse
39,Antwerpseweg 195,2019-01-12,00:00:00,1,1,0,FMN GV 10 Beerse
39,Antwerpseweg 195,2019-01-12,01:00:00,0,0,0,FMN GV 10 Beerse
39,Antwerpseweg 195,2019-01-12,02:00:00,0,0,0,FMN GV 10 Beerse
39,Antwerpseweg 195,2019-01-12,03:00:00,0,0,0,FMN GV 10 Beerse
39,Antwerpseweg 195,2019-01-12,04:00:00,0,0,0,FMN GV 10 Beerse
39,Antwerpseweg 195,2019-01-12,05:00:00,0,0,0,FMN GV 10 Beerse
39,Antwerpseweg 195,2019-01-12,06:00:00,1,1,0,FMN GV 10 Beerse
39,Antwerpseweg 195,2019-01-12,07:00:00,0,0,0,FMN GV 10 Beerse
39,Antwerpseweg 195,2019-01-12,08:00:00,3,3,0,FMN GV 10 Beerse
39,Antwerpseweg 195,2019-01-12,09:00:00,9,1,8,FMN GV 10 Beerse
39,Antwerpseweg 195,2019-01-12,10:00:00,11,8,3,FMN GV 10 Beerse
39,Antwerpseweg 195,2019-01-12,11:00:00,5,5,0,FMN GV 10 Beerse
39,Antwerpseweg 195,2019-01-12,12:00:00,6,4,2,FMN GV 10 Beerse
39,Antwerpseweg 195,2019-01-12,13:00:00,1,0,1,FMN GV 10 Beerse
39,Antwerpseweg 195,2019-01-12,14:00:00,0,0,0,FMN GV 10 Beerse
39,Antwerpseweg 195,2019-01-12,15:00:00,5,5,0,FMN GV 10 Beerse
39,Antwerpseweg 195,2019-01-12,16:00:00,1,1,0,FMN GV 10 Beerse
39,Antwerpseweg 195,2019-01-12,17:00:00,1,0,1,FMN GV 10 Beerse
39,Antwerpseweg 195,2019-01-12,18:00:00,2,2,0,FMN GV 10 Beerse
39,Antwerpseweg 195,2019-01-12,19:00:00,1,0,1,FMN GV 10 Beerse
39,Antwerpseweg 195,2019-01-12,20:00:00,0,0,0,FMN GV 10 Beerse
39,Antwerpseweg 195,2019-01-12,21:00:00,0,0,0,FMN GV 10 Beerse
39,Antwerpseweg 195,2019-01-12,22:00:00,1,1,0,FMN GV 10 Beerse
39,Antwerpseweg 195,2019-01-12,23:00:00,1,1,0,FMN GV 10 Beerse
39,Antwerpseweg 195,2019-01-13,00:00:00,0,0,0,FMN GV 10 Beerse
39,Antwerpseweg 195,2019-01-13,01:00:00,0,0,0,FMN GV 10 Beerse
39,Antwerpseweg 195,2019-01-13,02:00:00,0,0,0,FMN GV 10 Beerse
39,Antwerpseweg 195,2019-01-13,03:00:00,0,0,0,FMN GV 10 Beerse
39,Antwerpseweg 195,2019-01-13,04:00:00,0,0,0,FMN GV 10 Beerse
39,Antwerpseweg 195,2019-01-13,05:00:00,1,0,1,FMN GV 10 Beerse
39,Antwerpseweg 195,2019-01-13,06:00:00,0,0,0,FMN GV 10 Beerse
39,Antwerpseweg 195,2019-01-13,07:00:00,2,1,1,FMN GV 10 Beerse
39,Antwerpseweg 195,2019-01-13,08:00:00,3,3,0,FMN GV 10 Beerse
39,Antwerpseweg 195,2019-01-13,09:00:00,2,1,1,FMN GV 10 Beerse
39,Antwerpseweg 195,2019-01-13,10:00:00,8,6,2,FMN GV 10 Beerse
39,Antwerpseweg 195,2019-01-13,11:00:00,3,2,1,FMN GV 10 Beerse
39,Antwerpseweg 195,2019-01-13,12:00:00,2,1,1,FMN GV 10 Beerse
39,Antwerpseweg 195,2019-01-13,13:00:00,5,3,2,FMN GV 10 Beerse
39,Antwerpseweg 195,2019-01-13,14:00:00,1,0,1,FMN GV 10 Beerse
39,Antwerpseweg 195,2019-01-13,15:00:00,4,3,1,FMN GV 10 Beerse
39,Antwerpseweg 195,2019-01-13,16:00:00,2,2,0,FMN GV 10 Beerse
39,Antwerpseweg 195,2019-01-13,17:00:00,2,0,2,FMN GV 10 Beerse
39,Antwerpseweg 195,2019-01-13,18:00:00,2,1,1,FMN GV 10 Beerse
39,Antwerpseweg 195,2019-01-13,19:00:00,0,0,0,FMN GV 10 Beerse
39,Antwerpseweg 195,2019-01-13,20:00:00,0,0,0,FMN GV 10 Beerse
39,Antwerpseweg 195,2019-01-13,21:00:00,1,1,0,FMN GV 10 Beerse
39,Antwerpseweg 195,2019-01-13,22:00:00,1,1,0,FMN GV 10 Beerse
39,Antwerpseweg 195,2019-01-13,23:00:00,0,0,0,FMN GV 10 Beerse
39,Antwerpseweg 195,2019-01-14,00:00:00,0,0,0,FMN GV 10 Beerse
39,Antwerpseweg 195,2019-01-14,01:00:00,0,0,0,FMN GV 10 Beerse
39,Antwerpseweg 195,2019-01-14,02:00:00,1,1,0,FMN GV 10 Beerse
39,Antwerpseweg 195,2019-01-14,03:00:00,0,0,0,FMN GV 10 Beerse
39,Antwerpseweg 195,2019-01-14,04:00:00,0,0,0,FMN GV 10 Beerse
39,Antwerpseweg 195,2019-01-14,05:00:00,11,11,0,FMN GV 10 Beerse
39,Antwerpseweg 195,2019-01-14,06:00:00,6,2,4,FMN GV 10 Beerse
39,Antwerpseweg 195,2019-01-14,07:00:00,25,22,3,FMN GV 10 Beerse
39,Antwerpseweg 195,2019-01-14,08:00:00,19,13,6,FMN GV 10 Beerse
39,Antwerpseweg 195,2019-01-14,09:00:00,5,4,1,FMN GV 10 Beerse
39,Antwerpseweg 195,2019-01-14,10:00:00,2,2,0,FMN GV 10 Beerse
39,Antwerpseweg 195,2019-01-14,11:00:00,5,3,2,FMN GV 10 Beerse
39,Antwerpseweg 195,2019-01-14,12:00:00,8,8,0,FMN GV 10 Beerse
39,Antwerpseweg 195,2019-01-14,13:00:00,18,14,4,FMN GV 10 Beerse
39,Antwerpseweg 195,2019-01-14,14:00:00,3,2,1,FMN GV 10 Beerse
39,Antwerpseweg 195,2019-01-14,15:00:00,10,5,5,FMN GV 10 Beerse
39,Antwerpseweg 195,2019-01-14,16:00:00,35,21,14,FMN GV 10 Beerse
39,Antwerpseweg 195,2019-01-14,17:00:00,17,6,11,FMN GV 10 Beerse
39,Antwerpseweg 195,2019-01-14,18:00:00,7,5,2,FMN GV 10 Beerse
39,Antwerpseweg 195,2019-01-14,19:00:00,7,5,2,FMN GV 10 Beerse
39,Antwerpseweg 195,2019-01-14,20:00:00,3,2,1,FMN GV 10 Beerse
39,Antwerpseweg 195,2019-01-14,21:00:00,2,1,1,FMN GV 10 Beerse
39,Antwerpseweg 195,2019-01-14,22:00:00,2,2,0,FMN GV 10 Beerse
39,Antwerpseweg 195,2019-01-14,23:00:00,0,0,0,FMN GV 10 Beerse
39,Antwerpseweg 195,2019-01-15,00:00:00,0,0,0,FMN GV 10 Beerse
39,Antwerpseweg 195,2019-01-15,01:00:00,0,0,0,FMN GV 10 Beerse
39,Antwerpseweg 195,2019-01-15,02:00:00,0,0,0,FMN GV 10 Beerse
39,Antwerpseweg 195,2019-01-15,03:00:00,0,0,0,FMN GV 10 Beerse
39,Antwerpseweg 195,2019-01-15,04:00:00,1,0,1,FMN GV 10 Beerse
39,Antwerpseweg 195,2019-01-15,05:00:00,9,9,0,FMN GV 10 Beerse
39,Antwerpseweg 195,2019-01-15,06:00:00,8,7,1,FMN GV 10 Beerse
39,Antwerpseweg 195,2019-01-15,07:00:00,33,25,8,FMN GV 10 Beerse
39,Antwerpseweg 195,2019-01-15,08:00:00,22,18,4,FMN GV 10 Beerse
39,Antwerpseweg 195,2019-01-15,09:00:00,31,22,9,FMN GV 10 Beerse
39,Antwerpseweg 195,2019-01-15,10:00:00,7,6,1,FMN GV 10 Beerse
39,Antwerpseweg 195,2019-01-15,11:00:00,13,7,6,FMN GV 10 Beerse
39,Antwerpseweg 195,2019-01-15,12:00:00,17,14,3,FMN GV 10 Beerse
39,Antwerpseweg 195,2019-01-15,13:00:00,18,15,3,FMN GV 10 Beerse
39,Antwerpseweg 195,2019-01-15,14:00:00,38,13,25,FMN GV 10 Beerse
39,Antwerpseweg 195,2019-01-15,15:00:00,27,20,7,FMN GV 10 Beerse
39,Antwerpseweg 195,2019-01-15,16:00:00,41,28,13,FMN GV 10 Beerse
39,Antwerpseweg 195,2019-01-15,17:00:00,28,22,6,FMN GV 10 Beerse
39,Antwerpseweg 195,2019-01-15,18:00:00,21,13,8,FMN GV 10 Beerse
39,Antwerpseweg 195,2019-01-15,19:00:00,5,3,2,FMN GV 10 Beerse
39,Antwerpseweg 195,2019-01-15,20:00:00,0,0,0,FMN GV 10 Beerse
39,Antwerpseweg 195,2019-01-15,21:00:00,6,4,2,FMN GV 10 Beerse
39,Antwerpseweg 195,2019-01-15,22:00:00,4,4,0,FMN GV 10 Beerse
39,Antwerpseweg 195,2019-01-15,23:00:00,0,0,0,FMN GV 10 Beerse
39,Antwerpseweg 195,2019-01-16,00:00:00,0,0,0,FMN GV 10 Beerse
39,Antwerpseweg 195,2019-01-16,01:00:00,0,0,0,FMN GV 10 Beerse
39,Antwerpseweg 195,2019-01-16,02:00:00,0,0,0,FMN GV 10 Beerse
39,Antwerpseweg 195,2019-01-16,03:00:00,0,0,0,FMN GV 10 Beerse
39,Antwerpseweg 195,2019-01-16,04:00:00,1,1,0,FMN GV 10 Beerse
39,Antwerpseweg 195,2019-01-16,05:00:00,7,6,1,FMN GV 10 Beerse
39,Antwerpseweg 195,2019-01-16,06:00:00,7,6,1,FMN GV 10 Beerse
39,Antwerpseweg 195,2019-01-16,07:00:00,30,23,7,FMN GV 10 Beerse
39,Antwerpseweg 195,2019-01-16,08:00:00,27,18,9,FMN GV 10 Beerse
39,Antwerpseweg 195,2019-01-16,09:00:00,18,10,8,FMN GV 10 Beerse
39,Antwerpseweg 195,2019-01-16,10:00:00,7,5,2,FMN GV 10 Beerse
39,Antwerpseweg 195,2019-01-16,11:00:00,10,5,5,FMN GV 10 Beerse
39,Antwerpseweg 195,2019-01-16,12:00:00,25,17,8,FMN GV 10 Beerse
39,Antwerpseweg 195,2019-01-16,13:00:00,17,13,4,FMN GV 10 Beerse
39,Antwerpseweg 195,2019-01-16,14:00:00,13,10,3,FMN GV 10 Beerse
39,Antwerpseweg 195,2019-01-16,15:00:00,15,8,7,FMN GV 10 Beerse
39,Antwerpseweg 195,2019-01-16,16:00:00,21,15,6,FMN GV 10 Beerse
39,Antwerpseweg 195,2019-01-16,17:00:00,24,18,6,FMN GV 10 Beerse
39,Antwerpseweg 195,2019-01-16,18:00:00,11,9,2,FMN GV 10 Beerse
39,Antwerpseweg 195,2019-01-16,19:00:00,6,6,0,FMN GV 10 Beerse
39,Antwerpseweg 195,2019-01-16,20:00:00,2,1,1,FMN GV 10 Beerse
39,Antwerpseweg 195,2019-01-16,21:00:00,3,1,2,FMN GV 10 Beerse
39,Antwerpseweg 195,2019-01-16,22:00:00,3,2,1,FMN GV 10 Beerse
39,Antwerpseweg 195,2019-01-16,23:00:00,0,0,0,FMN GV 10 Beerse
39,Antwerpseweg 195,2019-01-17,00:00:00,0,0,0,FMN GV 10 Beerse
39,Antwerpseweg 195,2019-01-17,01:00:00,0,0,0,FMN GV 10 Beerse
39,Antwerpseweg 195,2019-01-17,02:00:00,0,0,0,FMN GV 10 Beerse
39,Antwerpseweg 195,2019-01-17,03:00:00,0,0,0,FMN GV 10 Beerse
39,Antwerpseweg 195,2019-01-17,04:00:00,1,1,0,FMN GV 10 Beerse
39,Antwerpseweg 195,2019-01-17,05:00:00,7,6,1,FMN GV 10 Beerse
39,Antwerpseweg 195,2019-01-17,06:00:00,6,4,2,FMN GV 10 Beerse
39,Antwerpseweg 195,2019-01-17,07:00:00,27,24,3,FMN GV 10 Beerse
39,Antwerpseweg 195,2019-01-17,08:00:00,21,15,6,FMN GV 10 Beerse
39,Antwerpseweg 195,2019-01-17,09:00:00,4,2,2,FMN GV 10 Beerse
39,Antwerpseweg 195,2019-01-17,10:00:00,1,1,0,FMN GV 10 Beerse
39,Antwerpseweg 195,2019-01-17,11:00:00,4,3,1,FMN GV 10 Beerse
39,Antwerpseweg 195,2019-01-17,12:00:00,7,3,4,FMN GV 10 Beerse
39,Antwerpseweg 195,2019-01-17,13:00:00,10,6,4,FMN GV 10 Beerse
39,Antwerpseweg 195,2019-01-17,14:00:00,9,5,4,FMN GV 10 Beerse
39,Antwerpseweg 195,2019-01-17,15:00:00,12,9,3,FMN GV 10 Beerse
39,Antwerpseweg 195,2019-01-17,16:00:00,25,20,5,FMN GV 10 Beerse
39,Antwerpseweg 195,2019-01-17,17:00:00,11,5,6,FMN GV 10 Beerse
39,Antwerpseweg 195,2019-01-17,18:00:00,8,4,4,FMN GV 10 Beerse
39,Antwerpseweg 195,2019-01-17,19:00:00,5,4,1,FMN GV 10 Beerse
39,Antwerpseweg 195,2019-01-17,20:00:00,3,1,2,FMN GV 10 Beerse
39,Antwerpseweg 195,2019-01-17,21:00:00,5,4,1,FMN GV 10 Beerse
39,Antwerpseweg 195,2019-01-17,22:00:00,2,2,0,FMN GV 10 Beerse
39,Antwerpseweg 195,2019-01-17,23:00:00,1,1,0,FMN GV 10 Beerse
39,Antwerpseweg 195,2019-01-18,00:00:00,0,0,0,FMN GV 10 Beerse
39,Antwerpseweg 195,2019-01-18,01:00:00,0,0,0,FMN GV 10 Beerse
39,Antwerpseweg 195,2019-01-18,02:00:00,2,2,0,FMN GV 10 Beerse
39,Antwerpseweg 195,2019-01-18,03:00:00,0,0,0,FMN GV 10 Beerse
39,Antwerpseweg 195,2019-01-18,04:00:00,1,1,0,FMN GV 10 Beerse
39,Antwerpseweg 195,2019-01-18,05:00:00,6,6,0,FMN GV 10 Beerse
39,Antwerpseweg 195,2019-01-18,06:00:00,3,2,1,FMN GV 10 Beerse
39,Antwerpseweg 195,2019-01-18,07:00:00,28,24,4,FMN GV 10 Beerse
39,Antwerpseweg 195,2019-01-18,08:00:00,15,11,4,FMN GV 10 Beerse
39,Antwerpseweg 195,2019-01-18,09:00:00,4,3,1,FMN GV 10 Beerse
39,Antwerpseweg 195,2019-01-18,10:00:00,5,4,1,FMN GV 10 Beerse
39,Antwerpseweg 195,2019-01-18,11:00:00,10,6,4,FMN GV 10 Beerse
39,Antwerpseweg 195,2019-01-18,12:00:00,6,4,2,FMN GV 10 Beerse
39,Antwerpseweg 195,2019-01-18,13:00:00,5,3,2,FMN GV 10 Beerse
39,Antwerpseweg 195,2019-01-18,14:00:00,11,6,5,FMN GV 10 Beerse
39,Antwerpseweg 195,2019-01-18,15:00:00,12,6,6,FMN GV 10 Beerse
39,Antwerpseweg 195,2019-01-18,16:00:00,23,17,6,FMN GV 10 Beerse
39,Antwerpseweg 195,2019-01-18,17:00:00,8,4,4,FMN GV 10 Beerse
39,Antwerpseweg 195,2019-01-18,18:00:00,6,4,2,FMN GV 10 Beerse
39,Antwerpseweg 195,2019-01-18,19:00:00,5,3,2,FMN GV 10 Beerse
39,Antwerpseweg 195,2019-01-18,20:00:00,3,0,3,FMN GV 10 Beerse
39,Antwerpseweg 195,2019-01-18,21:00:00,3,2,1,FMN GV 10 Beerse
39,Antwerpseweg 195,2019-01-18,22:00:00,1,1,0,FMN GV 10 Beerse
39,Antwerpseweg 195,2019-01-18,23:00:00,2,2,0,FMN GV 10 Beerse
39,Antwerpseweg 195,2019-01-19,00:00:00,0,0,0,FMN GV 10 Beerse
39,Antwerpseweg 195,2019-01-19,01:00:00,1,1,0,FMN GV 10 Beerse
39,Antwerpseweg 195,2019-01-19,02:00:00,0,0,0,FMN GV 10 Beerse
39,Antwerpseweg 195,2019-01-19,03:00:00,1,1,0,FMN GV 10 Beerse
39,Antwerpseweg 195,2019-01-19,04:00:00,0,0,0,FMN GV 10 Beerse
39,Antwerpseweg 195,2019-01-19,05:00:00,0,0,0,FMN GV 10 Beerse
39,Antwerpseweg 195,2019-01-19,06:00:00,0,0,0,FMN GV 10 Beerse
39,Antwerpseweg 195,2019-01-19,07:00:00,0,0,0,FMN GV 10 Beerse
39,Antwerpseweg 195,2019-01-19,08:00:00,2,1,1,FMN GV 10 Beerse
39,Antwerpseweg 195,2019-01-19,09:00:00,4,1,3,FMN GV 10 Beerse
39,Antwerpseweg 195,2019-01-19,10:00:00,4,0,4,FMN GV 10 Beerse
39,Antwerpseweg 195,2019-01-19,11:00:00,3,2,1,FMN GV 10 Beerse
39,Antwerpseweg 195,2019-01-19,12:00:00,11,9,2,FMN GV 10 Beerse
39,Antwerpseweg 195,2019-01-19,13:00:00,9,6,3,FMN GV 10 Beerse
39,Antwerpseweg 195,2019-01-19,14:00:00,11,8,3,FMN GV 10 Beerse
39,Antwerpseweg 195,2019-01-19,15:00:00,13,4,9,FMN GV 10 Beerse
39,Antwerpseweg 195,2019-01-19,16:00:00,4,3,1,FMN GV 10 Beerse
39,Antwerpseweg 195,2019-01-19,17:00:00,3,3,0,FMN GV 10 Beerse
39,Antwerpseweg 195,2019-01-19,18:00:00,4,3,1,FMN GV 10 Beerse
39,Antwerpseweg 195,2019-01-19,19:00:00,0,0,0,FMN GV 10 Beerse
39,Antwerpseweg 195,2019-01-19,20:00:00,2,0,2,FMN GV 10 Beerse
39,Antwerpseweg 195,2019-01-19,21:00:00,0,0,0,FMN GV 10 Beerse
39,Antwerpseweg 195,2019-01-19,22:00:00,0,0,0,FMN GV 10 Beerse
39,Antwerpseweg 195,2019-01-19,23:00:00,1,0,1,FMN GV 10 Beerse
39,Antwerpseweg 195,2019-01-20,00:00:00,0,0,0,FMN GV 10 Beerse
39,Antwerpseweg 195,2019-01-20,01:00:00,1,1,0,FMN GV 10 Beerse
39,Antwerpseweg 195,2019-01-20,02:00:00,1,1,0,FMN GV 10 Beerse
39,Antwerpseweg 195,2019-01-20,03:00:00,1,0,1,FMN GV 10 Beerse
39,Antwerpseweg 195,2019-01-20,04:00:00,0,0,0,FMN GV 10 Beerse
39,Antwerpseweg 195,2019-01-20,05:00:00,0,0,0,FMN GV 10 Beerse
39,Antwerpseweg 195,2019-01-20,06:00:00,0,0,0,FMN GV 10 Beerse
39,Antwerpseweg 195,2019-01-20,07:00:00,0,0,0,FMN GV 10 Beerse
39,Antwerpseweg 195,2019-01-20,08:00:00,2,1,1,FMN GV 10 Beerse
39,Antwerpseweg 195,2019-01-20,09:00:00,5,2,3,FMN GV 10 Beerse
39,Antwerpseweg 195,2019-01-20,10:00:00,0,0,0,FMN GV 10 Beerse
39,Antwerpseweg 195,2019-01-20,11:00:00,2,1,1,FMN GV 10 Beerse
39,Antwerpseweg 195,2019-01-20,12:00:00,10,8,2,FMN GV 10 Beerse
39,Antwerpseweg 195,2019-01-20,13:00:00,5,3,2,FMN GV 10 Beerse
39,Antwerpseweg 195,2019-01-20,14:00:00,7,5,2,FMN GV 10 Beerse
39,Antwerpseweg 195,2019-01-20,15:00:00,7,6,1,FMN GV 10 Beerse
39,Antwerpseweg 195,2019-01-20,16:00:00,5,2,3,FMN GV 10 Beerse
39,Antwerpseweg 195,2019-01-20,17:00:00,3,2,1,FMN GV 10 Beerse
39,Antwerpseweg 195,2019-01-20,18:00:00,1,1,0,FMN GV 10 Beerse
39,Antwerpseweg 195,2019-01-20,19:00:00,0,0,0,FMN GV 10 Beerse
39,Antwerpseweg 195,2019-01-20,20:00:00,2,0,2,FMN GV 10 Beerse
39,Antwerpseweg 195,2019-01-20,21:00:00,1,1,0,FMN GV 10 Beerse
39,Antwerpseweg 195,2019-01-20,22:00:00,0,0,0,FMN GV 10 Beerse
39,Antwerpseweg 195,2019-01-20,23:00:00,0,0,0,FMN GV 10 Beerse
39,Antwerpseweg 195,2019-01-21,00:00:00,1,1,0,FMN GV 10 Beerse
39,Antwerpseweg 195,2019-01-21,01:00:00,0,0,0,FMN GV 10 Beerse
39,Antwerpseweg 195,2019-01-21,02:00:00,0,0,0,FMN GV 10 Beerse
39,Antwerpseweg 195,2019-01-21,03:00:00,2,1,1,FMN GV 10 Beerse
39,Antwerpseweg 195,2019-01-21,04:00:00,0,0,0,FMN GV 10 Beerse
39,Antwerpseweg 195,2019-01-21,05:00:00,7,6,1,FMN GV 10 Beerse
39,Antwerpseweg 195,2019-01-21,06:00:00,4,2,2,FMN GV 10 Beerse
39,Antwerpseweg 195,2019-01-21,07:00:00,20,12,8,FMN GV 10 Beerse
39,Antwerpseweg 195,2019-01-21,08:00:00,16,12,4,FMN GV 10 Beerse
39,Antwerpseweg 195,2019-01-21,09:00:00,4,4,0,FMN GV 10 Beerse
39,Antwerpseweg 195,2019-01-21,10:00:00,4,3,1,FMN GV 10 Beerse
39,Antwerpseweg 195,2019-01-21,11:00:00,3,2,1,FMN GV 10 Beerse
39,Antwerpseweg 195,2019-01-21,12:00:00,7,7,0,FMN GV 10 Beerse
39,Antwerpseweg 195,2019-01-21,13:00:00,16,11,5,FMN GV 10 Beerse
39,Antwerpseweg 195,2019-01-21,14:00:00,9,7,2,FMN GV 10 Beerse
39,Antwerpseweg 195,2019-01-21,15:00:00,18,10,8,FMN GV 10 Beerse
39,Antwerpseweg 195,2019-01-21,16:00:00,25,16,9,FMN GV 10 Beerse
39,Antwerpseweg 195,2019-01-21,17:00:00,19,13,6,FMN GV 10 Beerse
39,Antwerpseweg 195,2019-01-21,18:00:00,6,4,2,FMN GV 10 Beerse
39,Antwerpseweg 195,2019-01-21,19:00:00,6,5,1,FMN GV 10 Beerse
39,Antwerpseweg 195,2019-01-21,20:00:00,0,0,0,FMN GV 10 Beerse
39,Antwerpseweg 195,2019-01-21,21:00:00,2,0,2,FMN GV 10 Beerse
39,Antwerpseweg 195,2019-01-21,22:00:00,4,2,2,FMN GV 10 Beerse
39,Antwerpseweg 195,2019-01-21,23:00:00,0,0,0,FMN GV 10 Beerse
39,Antwerpseweg 195,2019-01-22,00:00:00,0,0,0,FMN GV 10 Beerse
39,Antwerpseweg 195,2019-01-22,01:00:00,0,0,0,FMN GV 10 Beerse
39,Antwerpseweg 195,2019-01-22,02:00:00,0,0,0,FMN GV 10 Beerse
39,Antwerpseweg 195,2019-01-22,03:00:00,0,0,0,FMN GV 10 Beerse
39,Antwerpseweg 195,2019-01-22,04:00:00,1,1,0,FMN GV 10 Beerse
39,Antwerpseweg 195,2019-01-22,05:00:00,6,5,1,FMN GV 10 Beerse
39,Antwerpseweg 195,2019-01-22,06:00:00,4,3,1,FMN GV 10 Beerse
39,Antwerpseweg 195,2019-01-22,07:00:00,11,9,2,FMN GV 10 Beerse
39,Antwerpseweg 195,2019-01-22,08:00:00,8,7,1,FMN GV 10 Beerse
39,Antwerpseweg 195,2019-01-22,09:00:00,3,3,0,FMN GV 10 Beerse
39,Antwerpseweg 195,2019-01-22,10:00:00,0,0,0,FMN GV 10 Beerse
39,Antwerpseweg 195,2019-01-22,11:00:00,5,5,0,FMN GV 10 Beerse
39,Antwerpseweg 195,2019-01-22,12:00:00,1,1,0,FMN GV 10 Beerse
39,Antwerpseweg 195,2019-01-22,13:00:00,4,4,0,FMN GV 10 Beerse
39,Antwerpseweg 195,2019-01-22,14:00:00,5,5,0,FMN GV 10 Beerse
39,Antwerpseweg 195,2019-01-22,15:00:00,8,5,3,FMN GV 10 Beerse
39,Antwerpseweg 195,2019-01-22,16:00:00,12,9,3,FMN GV 10 Beerse
39,Antwerpseweg 195,2019-01-22,17:00:00,17,8,9,FMN GV 10 Beerse
39,Antwerpseweg 195,2019-01-22,18:00:00,5,3,2,FMN GV 10 Beerse
39,Antwerpseweg 195,2019-01-22,19:00:00,1,1,0,FMN GV 10 Beerse
39,Antwerpseweg 195,2019-01-22,20:00:00,0,0,0,FMN GV 10 Beerse
39,Antwerpseweg 195,2019-01-22,21:00:00,0,0,0,FMN GV 10 Beerse
39,Antwerpseweg 195,2019-01-22,22:00:00,3,0,3,FMN GV 10 Beerse
39,Antwerpseweg 195,2019-01-22,23:00:00,0,0,0,FMN GV 10 Beerse
39,Antwerpseweg 195,2019-01-23,00:00:00,0,0,0,FMN GV 10 Beerse
39,Antwerpseweg 195,2019-01-23,01:00:00,1,1,0,FMN GV 10 Beerse
39,Antwerpseweg 195,2019-01-23,02:00:00,0,0,0,FMN GV 10 Beerse
39,Antwerpseweg 195,2019-01-23,03:00:00,0,0,0,FMN GV 10 Beerse
39,Antwerpseweg 195,2019-01-23,04:00:00,2,2,0,FMN GV 10 Beerse
39,Antwerpseweg 195,2019-01-23,05:00:00,3,3,0,FMN GV 10 Beerse
39,Antwerpseweg 195,2019-01-23,06:00:00,3,1,2,FMN GV 10 Beerse
39,Antwerpseweg 195,2019-01-23,07:00:00,7,4,3,FMN GV 10 Beerse
39,Antwerpseweg 195,2019-01-23,08:00:00,13,9,4,FMN GV 10 Beerse
39,Antwerpseweg 195,2019-01-23,09:00:00,5,3,2,FMN GV 10 Beerse
39,Antwerpseweg 195,2019-01-23,10:00:00,0,0,0,FMN GV 10 Beerse
39,Antwerpseweg 195,2019-01-23,11:00:00,3,0,3,FMN GV 10 Beerse
39,Antwerpseweg 195,2019-01-23,12:00:00,11,9,2,FMN GV 10 Beerse
39,Antwerpseweg 195,2019-01-23,13:00:00,4,2,2,FMN GV 10 Beerse
39,Antwerpseweg 195,2019-01-23,14:00:00,4,4,0,FMN GV 10 Beerse
39,Antwerpseweg 195,2019-01-23,15:00:00,8,3,5,FMN GV 10 Beerse
39,Antwerpseweg 195,2019-01-23,16:00:00,8,4,4,FMN GV 10 Beerse
39,Antwerpseweg 195,2019-01-23,17:00:00,8,5,3,FMN GV 10 Beerse
39,Antwerpseweg 195,2019-01-23,18:00:00,4,3,1,FMN GV 10 Beerse
39,Antwerpseweg 195,2019-01-23,19:00:00,2,1,1,FMN GV 10 Beerse
39,Antwerpseweg 195,2019-01-23,20:00:00,3,2,1,FMN GV 10 Beerse
39,Antwerpseweg 195,2019-01-23,21:00:00,0,0,0,FMN GV 10 Beerse
39,Antwerpseweg 195,2019-01-23,22:00:00,3,1,2,FMN GV 10 Beerse
39,Antwerpseweg 195,2019-01-23,23:00:00,0,0,0,FMN GV 10 Beerse
39,Antwerpseweg 195,2019-01-24,00:00:00,0,0,0,FMN GV 10 Beerse
39,Antwerpseweg 195,2019-01-24,01:00:00,0,0,0,FMN GV 10 Beerse
39,Antwerpseweg 195,2019-01-24,02:00:00,0,0,0,FMN GV 10 Beerse
39,Antwerpseweg 195,2019-01-24,03:00:00,0,0,0,FMN GV 10 Beerse
39,Antwerpseweg 195,2019-01-24,04:00:00,2,2,0,FMN GV 10 Beerse
39,Antwerpseweg 195,2019-01-24,05:00:00,5,3,2,FMN GV 10 Beerse
39,Antwerpseweg 195,2019-01-24,06:00:00,5,3,2,FMN GV 10 Beerse
39,Antwerpseweg 195,2019-01-24,07:00:00,20,17,3,FMN GV 10 Beerse
39,Antwerpseweg 195,2019-01-24,08:00:00,13,8,5,FMN GV 10 Beerse
39,Antwerpseweg 195,2019-01-24,09:00:00,3,2,1,FMN GV 10 Beerse
39,Antwerpseweg 195,2019-01-24,10:00:00,3,2,1,FMN GV 10 Beerse
39,Antwerpseweg 195,2019-01-24,11:00:00,2,2,0,FMN GV 10 Beerse
39,Antwerpseweg 195,2019-01-24,12:00:00,8,5,3,FMN GV 10 Beerse
39,Antwerpseweg 195,2019-01-24,13:00:00,7,4,3,FMN GV 10 Beerse
39,Antwerpseweg 195,2019-01-24,14:00:00,8,3,5,FMN GV 10 Beerse
39,Antwerpseweg 195,2019-01-24,15:00:00,8,3,5,FMN GV 10 Beerse
39,Antwerpseweg 195,2019-01-24,16:00:00,28,16,12,FMN GV 10 Beerse
39,Antwerpseweg 195,2019-01-24,17:00:00,11,9,2,FMN GV 10 Beerse
39,Antwerpseweg 195,2019-01-24,18:00:00,3,2,1,FMN GV 10 Beerse
39,Antwerpseweg 195,2019-01-24,19:00:00,4,1,3,FMN GV 10 Beerse
39,Antwerpseweg 195,2019-01-24,20:00:00,3,2,1,FMN GV 10 Beerse
39,Antwerpseweg 195,2019-01-24,21:00:00,1,0,1,FMN GV 10 Beerse
39,Antwerpseweg 195,2019-01-24,22:00:00,1,0,1,FMN GV 10 Beerse
39,Antwerpseweg 195,2019-01-24,23:00:00,0,0,0,FMN GV 10 Beerse
39,Antwerpseweg 195,2019-01-25,00:00:00,2,2,0,FMN GV 10 Beerse
39,Antwerpseweg 195,2019-01-25,01:00:00,0,0,0,FMN GV 10 Beerse
39,Antwerpseweg 195,2019-01-25,02:00:00,0,0,0,FMN GV 10 Beerse
39,Antwerpseweg 195,2019-01-25,03:00:00,0,0,0,FMN GV 10 Beerse
39,Antwerpseweg 195,2019-01-25,04:00:00,1,0,1,FMN GV 10 Beerse
39,Antwerpseweg 195,2019-01-25,05:00:00,5,5,0,FMN GV 10 Beerse
39,Antwerpseweg 195,2019-01-25,06:00:00,6,5,1,FMN GV 10 Beerse
39,Antwerpseweg 195,2019-01-25,07:00:00,14,9,5,FMN GV 10 Beerse
39,Antwerpseweg 195,2019-01-25,08:00:00,13,10,3,FMN GV 10 Beerse
39,Antwerpseweg 195,2019-01-25,09:00:00,2,2,0,FMN GV 10 Beerse
39,Antwerpseweg 195,2019-01-25,10:00:00,4,0,4,FMN GV 10 Beerse
39,Antwerpseweg 195,2019-01-25,11:00:00,9,9,0,FMN GV 10 Beerse
39,Antwerpseweg 195,2019-01-25,12:00:00,7,4,3,FMN GV 10 Beerse
39,Antwerpseweg 195,2019-01-25,13:00:00,6,3,3,FMN GV 10 Beerse
39,Antwerpseweg 195,2019-01-25,14:00:00,5,3,2,FMN GV 10 Beerse
39,Antwerpseweg 195,2019-01-25,15:00:00,10,5,5,FMN GV 10 Beerse
39,Antwerpseweg 195,2019-01-25,16:00:00,20,13,7,FMN GV 10 Beerse
39,Antwerpseweg 195,2019-01-25,17:00:00,9,6,3,FMN GV 10 Beerse
39,Antwerpseweg 195,2019-01-25,18:00:00,4,2,2,FMN GV 10 Beerse
39,Antwerpseweg 195,2019-01-25,19:00:00,2,1,1,FMN GV 10 Beerse
39,Antwerpseweg 195,2019-01-25,20:00:00,1,1,0,FMN GV 10 Beerse
39,Antwerpseweg 195,2019-01-25,21:00:00,1,1,0,FMN GV 10 Beerse
39,Antwerpseweg 195,2019-01-25,22:00:00,2,2,0,FMN GV 10 Beerse
39,Antwerpseweg 195,2019-01-25,23:00:00,0,0,0,FMN GV 10 Beerse
39,Antwerpseweg 195,2019-01-26,00:00:00,2,1,1,FMN GV 10 Beerse
39,Antwerpseweg 195,2019-01-26,01:00:00,0,0,0,FMN GV 10 Beerse
39,Antwerpseweg 195,2019-01-26,02:00:00,1,1,0,FMN GV 10 Beerse
39,Antwerpseweg 195,2019-01-26,03:00:00,0,0,0,FMN GV 10 Beerse
39,Antwerpseweg 195,2019-01-26,04:00:00,0,0,0,FMN GV 10 Beerse
39,Antwerpseweg 195,2019-01-26,05:00:00,0,0,0,FMN GV 10 Beerse
39,Antwerpseweg 195,2019-01-26,06:00:00,0,0,0,FMN GV 10 Beerse
39,Antwerpseweg 195,2019-01-26,07:00:00,0,0,0,FMN GV 10 Beerse
39,Antwerpseweg 195,2019-01-26,08:00:00,2,1,1,FMN GV 10 Beerse
39,Antwerpseweg 195,2019-01-26,09:00:00,4,3,1,FMN GV 10 Beerse
39,Antwerpseweg 195,2019-01-26,10:00:00,7,5,2,FMN GV 10 Beerse
39,Antwerpseweg 195,2019-01-26,11:00:00,12,9,3,FMN GV 10 Beerse
39,Antwerpseweg 195,2019-01-26,12:00:00,7,4,3,FMN GV 10 Beerse
39,Antwerpseweg 195,2019-01-26,13:00:00,4,3,1,FMN GV 10 Beerse
39,Antwerpseweg 195,2019-01-26,14:00:00,7,5,2,FMN GV 10 Beerse
39,Antwerpseweg 195,2019-01-26,15:00:00,10,7,3,FMN GV 10 Beerse
39,Antwerpseweg 195,2019-01-26,16:00:00,3,1,2,FMN GV 10 Beerse
39,Antwerpseweg 195,2019-01-26,17:00:00,2,1,1,FMN GV 10 Beerse
39,Antwerpseweg 195,2019-01-26,18:00:00,3,2,1,FMN GV 10 Beerse
39,Antwerpseweg 195,2019-01-26,19:00:00,3,1,2,FMN GV 10 Beerse
39,Antwerpseweg 195,2019-01-26,20:00:00,1,0,1,FMN GV 10 Beerse
39,Antwerpseweg 195,2019-01-26,21:00:00,1,1,0,FMN GV 10 Beerse
39,Antwerpseweg 195,2019-01-26,22:00:00,0,0,0,FMN GV 10 Beerse
39,Antwerpseweg 195,2019-01-26,23:00:00,0,0,0,FMN GV 10 Beerse
39,Antwerpseweg 195,2019-01-27,00:00:00,0,0,0,FMN GV 10 Beerse
39,Antwerpseweg 195,2019-01-27,01:00:00,0,0,0,FMN GV 10 Beerse
39,Antwerpseweg 195,2019-01-27,02:00:00,2,2,0,FMN GV 10 Beerse
39,Antwerpseweg 195,2019-01-27,03:00:00,0,0,0,FMN GV 10 Beerse
39,Antwerpseweg 195,2019-01-27,04:00:00,2,1,1,FMN GV 10 Beerse
39,Antwerpseweg 195,2019-01-27,05:00:00,0,0,0,FMN GV 10 Beerse
39,Antwerpseweg 195,2019-01-27,06:00:00,0,0,0,FMN GV 10 Beerse
39,Antwerpseweg 195,2019-01-27,07:00:00,0,0,0,FMN GV 10 Beerse
39,Antwerpseweg 195,2019-01-27,08:00:00,4,0,4,FMN GV 10 Beerse
39,Antwerpseweg 195,2019-01-27,09:00:00,2,2,0,FMN GV 10 Beerse
39,Antwerpseweg 195,2019-01-27,10:00:00,3,3,0,FMN GV 10 Beerse
39,Antwerpseweg 195,2019-01-27,11:00:00,3,3,0,FMN GV 10 Beerse
39,Antwerpseweg 195,2019-01-27,12:00:00,2,1,1,FMN GV 10 Beerse
39,Antwerpseweg 195,2019-01-27,13:00:00,3,1,2,FMN GV 10 Beerse
39,Antwerpseweg 195,2019-01-27,14:00:00,4,2,2,FMN GV 10 Beerse
39,Antwerpseweg 195,2019-01-27,15:00:00,2,1,1,FMN GV 10 Beerse
39,Antwerpseweg 195,2019-01-27,16:00:00,5,4,1,FMN GV 10 Beerse
39,Antwerpseweg 195,2019-01-27,17:00:00,0,0,0,FMN GV 10 Beerse
39,Antwerpseweg 195,2019-01-27,18:00:00,1,0,1,FMN GV 10 Beerse
39,Antwerpseweg 195,2019-01-27,19:00:00,1,0,1,FMN GV 10 Beerse
39,Antwerpseweg 195,2019-01-27,20:00:00,0,0,0,FMN GV 10 Beerse
39,Antwerpseweg 195,2019-01-27,21:00:00,1,1,0,FMN GV 10 Beerse
39,Antwerpseweg 195,2019-01-27,22:00:00,0,0,0,FMN GV 10 Beerse
39,Antwerpseweg 195,2019-01-27,23:00:00,0,0,0,FMN GV 10 Beerse
39,Antwerpseweg 195,2019-01-28,00:00:00,0,0,0,FMN GV 10 Beerse
39,Antwerpseweg 195,2019-01-28,01:00:00,0,0,0,FMN GV 10 Beerse
39,Antwerpseweg 195,2019-01-28,02:00:00,0,0,0,FMN GV 10 Beerse
39,Antwerpseweg 195,2019-01-28,03:00:00,0,0,0,FMN GV 10 Beerse
39,Antwerpseweg 195,2019-01-28,04:00:00,0,0,0,FMN GV 10 Beerse
39,Antwerpseweg 195,2019-01-28,05:00:00,6,5,1,FMN GV 10 Beerse
39,Antwerpseweg 195,2019-01-28,06:00:00,7,6,1,FMN GV 10 Beerse
39,Antwerpseweg 195,2019-01-28,07:00:00,14,11,3,FMN GV 10 Beerse
39,Antwerpseweg 195,2019-01-28,08:00:00,8,8,0,FMN GV 10 Beerse
39,Antwerpseweg 195,2019-01-28,09:00:00,4,2,2,FMN GV 10 Beerse
39,Antwerpseweg 195,2019-01-28,10:00:00,2,2,0,FMN GV 10 Beerse
39,Antwerpseweg 195,2019-01-28,11:00:00,3,3,0,FMN GV 10 Beerse
39,Antwerpseweg 195,2019-01-28,12:00:00,7,4,3,FMN GV 10 Beerse
39,Antwerpseweg 195,2019-01-28,13:00:00,16,12,4,FMN GV 10 Beerse
39,Antwerpseweg 195,2019-01-28,14:00:00,15,13,2,FMN GV 10 Beerse
39,Antwerpseweg 195,2019-01-28,15:00:00,18,10,8,FMN GV 10 Beerse
39,Antwerpseweg 195,2019-01-28,16:00:00,16,11,5,FMN GV 10 Beerse
39,Antwerpseweg 195,2019-01-28,17:00:00,18,11,7,FMN GV 10 Beerse
39,Antwerpseweg 195,2019-01-28,18:00:00,4,2,2,FMN GV 10 Beerse
39,Antwerpseweg 195,2019-01-28,19:00:00,9,6,3,FMN GV 10 Beerse
39,Antwerpseweg 195,2019-01-28,20:00:00,2,1,1,FMN GV 10 Beerse
39,Antwerpseweg 195,2019-01-28,21:00:00,7,6,1,FMN GV 10 Beerse
39,Antwerpseweg 195,2019-01-28,22:00:00,5,4,1,FMN GV 10 Beerse
39,Antwerpseweg 195,2019-01-28,23:00:00,0,0,0,FMN GV 10 Beerse
39,Antwerpseweg 195,2019-01-29,00:00:00,0,0,0,FMN GV 10 Beerse
39,Antwerpseweg 195,2019-01-29,01:00:00,0,0,0,FMN GV 10 Beerse
39,Antwerpseweg 195,2019-01-29,02:00:00,0,0,0,FMN GV 10 Beerse
39,Antwerpseweg 195,2019-01-29,03:00:00,0,0,0,FMN GV 10 Beerse
39,Antwerpseweg 195,2019-01-29,04:00:00,0,0,0,FMN GV 10 Beerse
39,Antwerpseweg 195,2019-01-29,05:00:00,6,4,2,FMN GV 10 Beerse
39,Antwerpseweg 195,2019-01-29,06:00:00,3,2,1,FMN GV 10 Beerse
39,Antwerpseweg 195,2019-01-29,07:00:00,22,18,4,FMN GV 10 Beerse
39,Antwerpseweg 195,2019-01-29,08:00:00,11,9,2,FMN GV 10 Beerse
39,Antwerpseweg 195,2019-01-29,09:00:00,3,2,1,FMN GV 10 Beerse
39,Antwerpseweg 195,2019-01-29,10:00:00,4,1,3,FMN GV 10 Beerse
39,Antwerpseweg 195,2019-01-29,11:00:00,6,5,1,FMN GV 10 Beerse
39,Antwerpseweg 195,2019-01-29,12:00:00,13,7,6,FMN GV 10 Beerse
39,Antwerpseweg 195,2019-01-29,13:00:00,16,11,5,FMN GV 10 Beerse
39,Antwerpseweg 195,2019-01-29,14:00:00,16,6,10,FMN GV 10 Beerse
39,Antwerpseweg 195,2019-01-29,15:00:00,17,10,7,FMN GV 10 Beerse
39,Antwerpseweg 195,2019-01-29,16:00:00,31,21,10,FMN GV 10 Beerse
39,Antwerpseweg 195,2019-01-29,17:00:00,29,14,15,FMN GV 10 Beerse
39,Antwerpseweg 195,2019-01-29,18:00:00,16,8,8,FMN GV 10 Beerse
39,Antwerpseweg 195,2019-01-29,19:00:00,4,3,1,FMN GV 10 Beerse
39,Antwerpseweg 195,2019-01-29,20:00:00,3,1,2,FMN GV 10 Beerse
39,Antwerpseweg 195,2019-01-29,21:00:00,1,0,1,FMN GV 10 Beerse
39,Antwerpseweg 195,2019-01-29,22:00:00,1,1,0,FMN GV 10 Beerse
39,Antwerpseweg 195,2019-01-29,23:00:00,0,0,0,FMN GV 10 Beerse
39,Antwerpseweg 195,2019-01-30,00:00:00,0,0,0,FMN GV 10 Beerse
39,Antwerpseweg 195,2019-01-30,01:00:00,0,0,0,FMN GV 10 Beerse
39,Antwerpseweg 195,2019-01-30,02:00:00,0,0,0,FMN GV 10 Beerse
39,Antwerpseweg 195,2019-01-30,03:00:00,0,0,0,FMN GV 10 Beerse
39,Antwerpseweg 195,2019-01-30,04:00:00,2,2,0,FMN GV 10 Beerse
39,Antwerpseweg 195,2019-01-30,05:00:00,4,2,2,FMN GV 10 Beerse
39,Antwerpseweg 195,2019-01-30,06:00:00,6,4,2,FMN GV 10 Beerse
39,Antwerpseweg 195,2019-01-30,07:00:00,19,12,7,FMN GV 10 Beerse
39,Antwerpseweg 195,2019-01-30,08:00:00,6,4,2,FMN GV 10 Beerse
39,Antwerpseweg 195,2019-01-30,09:00:00,3,2,1,FMN GV 10 Beerse
39,Antwerpseweg 195,2019-01-30,10:00:00,6,5,1,FMN GV 10 Beerse
39,Antwerpseweg 195,2019-01-30,11:00:00,5,4,1,FMN GV 10 Beerse
39,Antwerpseweg 195,2019-01-30,12:00:00,15,11,4,FMN GV 10 Beerse
39,Antwerpseweg 195,2019-01-30,13:00:00,8,6,2,FMN GV 10 Beerse
39,Antwerpseweg 195,2019-01-30,14:00:00,3,1,2,FMN GV 10 Beerse
39,Antwerpseweg 195,2019-01-30,15:00:00,4,0,4,FMN GV 10 Beerse
39,Antwerpseweg 195,2019-01-30,16:00:00,13,6,7,FMN GV 10 Beerse
39,Antwerpseweg 195,2019-01-30,17:00:00,13,8,5,FMN GV 10 Beerse
39,Antwerpseweg 195,2019-01-30,18:00:00,1,0,1,FMN GV 10 Beerse
39,Antwerpseweg 195,2019-01-30,19:00:00,2,1,1,FMN GV 10 Beerse
39,Antwerpseweg 195,2019-01-30,20:00:00,2,2,0,FMN GV 10 Beerse
39,Antwerpseweg 195,2019-01-30,21:00:00,2,2,0,FMN GV 10 Beerse
39,Antwerpseweg 195,2019-01-30,22:00:00,0,0,0,FMN GV 10 Beerse
39,Antwerpseweg 195,2019-01-30,23:00:00,0,0,0,FMN GV 10 Beerse
39,Antwerpseweg 195,2019-01-31,00:00:00,0,0,0,FMN GV 10 Beerse
39,Antwerpseweg 195,2019-01-31,01:00:00,0,0,0,FMN GV 10 Beerse
39,Antwerpseweg 195,2019-01-31,02:00:00,0,0,0,FMN GV 10 Beerse
39,Antwerpseweg 195,2019-01-31,03:00:00,0,0,0,FMN GV 10 Beerse
39,Antwerpseweg 195,2019-01-31,04:00:00,2,2,0,FMN GV 10 Beerse
39,Antwerpseweg 195,2019-01-31,05:00:00,3,3,0,FMN GV 10 Beerse
39,Antwerpseweg 195,2019-01-31,06:00:00,2,2,0,FMN GV 10 Beerse
39,Antwerpseweg 195,2019-01-31,07:00:00,19,17,2,FMN GV 10 Beerse
39,Antwerpseweg 195,2019-01-31,08:00:00,13,9,4,FMN GV 10 Beerse
39,Antwerpseweg 195,2019-01-31,09:00:00,5,4,1,FMN GV 10 Beerse
39,Antwerpseweg 195,2019-01-31,10:00:00,2,1,1,FMN GV 10 Beerse
39,Antwerpseweg 195,2019-01-31,11:00:00,4,3,1,FMN GV 10 Beerse
39,Antwerpseweg 195,2019-01-31,12:00:00,4,4,0,FMN GV 10 Beerse
39,Antwerpseweg 195,2019-01-31,13:00:00,6,4,2,FMN GV 10 Beerse
39,Antwerpseweg 195,2019-01-31,14:00:00,8,4,4,FMN GV 10 Beerse
39,Antwerpseweg 195,2019-01-31,15:00:00,9,4,5,FMN GV 10 Beerse
39,Antwerpseweg 195,2019-01-31,16:00:00,26,18,8,FMN GV 10 Beerse
39,Antwerpseweg 195,2019-01-31,17:00:00,11,7,4,FMN GV 10 Beerse
39,Antwerpseweg 195,2019-01-31,18:00:00,6,5,1,FMN GV 10 Beerse
39,Antwerpseweg 195,2019-01-31,19:00:00,3,2,1,FMN GV 10 Beerse
39,Antwerpseweg 195,2019-01-31,20:00:00,2,1,1,FMN GV 10 Beerse
39,Antwerpseweg 195,2019-01-31,21:00:00,1,1,0,FMN GV 10 Beerse
39,Antwerpseweg 195,2019-01-31,22:00:00,0,0,0,FMN GV 10 Beerse
39,Antwerpseweg 195,2019-01-31,23:00:00,0,0,0,FMN GV 10 Beerse
39,Antwerpseweg 195,2019-02-01,00:00:00,0,0,0,FMN GV 10 Beerse
39,Antwerpseweg 195,2019-02-01,01:00:00,1,1,0,FMN GV 10 Beerse
39,Antwerpseweg 195,2019-02-01,02:00:00,0,0,0,FMN GV 10 Beerse
39,Antwerpseweg 195,2019-02-01,03:00:00,3,2,1,FMN GV 10 Beerse
39,Antwerpseweg 195,2019-02-01,04:00:00,1,1,0,FMN GV 10 Beerse
39,Antwerpseweg 195,2019-02-01,05:00:00,2,2,0,FMN GV 10 Beerse
39,Antwerpseweg 195,2019-02-01,06:00:00,2,1,1,FMN GV 10 Beerse
39,Antwerpseweg 195,2019-02-01,07:00:00,15,8,7,FMN GV 10 Beerse
39,Antwerpseweg 195,2019-02-01,08:00:00,10,8,2,FMN GV 10 Beerse
39,Antwerpseweg 195,2019-02-01,09:00:00,2,2,0,FMN GV 10 Beerse
39,Antwerpseweg 195,2019-02-01,10:00:00,3,2,1,FMN GV 10 Beerse
39,Antwerpseweg 195,2019-02-01,11:00:00,9,6,3,FMN GV 10 Beerse
39,Antwerpseweg 195,2019-02-01,12:00:00,10,6,4,FMN GV 10 Beerse
39,Antwerpseweg 195,2019-02-01,13:00:00,7,3,4,FMN GV 10 Beerse
39,Antwerpseweg 195,2019-02-01,14:00:00,3,3,0,FMN GV 10 Beerse
39,Antwerpseweg 195,2019-02-01,15:00:00,9,4,5,FMN GV 10 Beerse
39,Antwerpseweg 195,2019-02-01,16:00:00,16,10,6,FMN GV 10 Beerse
39,Antwerpseweg 195,2019-02-01,17:00:00,6,6,0,FMN GV 10 Beerse
39,Antwerpseweg 195,2019-02-01,18:00:00,2,0,2,FMN GV 10 Beerse
39,Antwerpseweg 195,2019-02-01,19:00:00,2,1,1,FMN GV 10 Beerse
39,Antwerpseweg 195,2019-02-01,20:00:00,3,2,1,FMN GV 10 Beerse
39,Antwerpseweg 195,2019-02-01,21:00:00,1,1,0,FMN GV 10 Beerse
39,Antwerpseweg 195,2019-02-01,22:00:00,0,0,0,FMN GV 10 Beerse
39,Antwerpseweg 195,2019-02-01,23:00:00,0,0,0,FMN GV 10 Beerse
39,Antwerpseweg 195,2019-02-02,00:00:00,1,0,1,FMN GV 10 Beerse
39,Antwerpseweg 195,2019-02-02,01:00:00,2,1,1,FMN GV 10 Beerse
39,Antwerpseweg 195,2019-02-02,02:00:00,0,0,0,FMN GV 10 Beerse
39,Antwerpseweg 195,2019-02-02,03:00:00,2,1,1,FMN GV 10 Beerse
39,Antwerpseweg 195,2019-02-02,04:00:00,2,2,0,FMN GV 10 Beerse
39,Antwerpseweg 195,2019-02-02,05:00:00,1,1,0,FMN GV 10 Beerse
39,Antwerpseweg 195,2019-02-02,06:00:00,0,0,0,FMN GV 10 Beerse
39,Antwerpseweg 195,2019-02-02,07:00:00,0,0,0,FMN GV 10 Beerse
39,Antwerpseweg 195,2019-02-02,08:00:00,1,0,1,FMN GV 10 Beerse
39,Antwerpseweg 195,2019-02-02,09:00:00,1,0,1,FMN GV 10 Beerse
39,Antwerpseweg 195,2019-02-02,10:00:00,1,1,0,FMN GV 10 Beerse
39,Antwerpseweg 195,2019-02-02,11:00:00,1,0,1,FMN GV 10 Beerse
39,Antwerpseweg 195,2019-02-02,12:00:00,2,2,0,FMN GV 10 Beerse
39,Antwerpseweg 195,2019-02-02,13:00:00,2,2,0,FMN GV 10 Beerse
39,Antwerpseweg 195,2019-02-02,14:00:00,4,1,3,FMN GV 10 Beerse
39,Antwerpseweg 195,2019-02-02,15:00:00,1,1,0,FMN GV 10 Beerse
39,Antwerpseweg 195,2019-02-02,16:00:00,1,0,1,FMN GV 10 Beerse
39,Antwerpseweg 195,2019-02-02,17:00:00,1,0,1,FMN GV 10 Beerse
39,Antwerpseweg 195,2019-02-02,18:00:00,2,2,0,FMN GV 10 Beerse
39,Antwerpseweg 195,2019-02-02,19:00:00,1,1,0,FMN GV 10 Beerse
39,Antwerpseweg 195,2019-02-02,20:00:00,0,0,0,FMN GV 10 Beerse
39,Antwerpseweg 195,2019-02-02,21:00:00,0,0,0,FMN GV 10 Beerse
39,Antwerpseweg 195,2019-02-02,22:00:00,0,0,0,FMN GV 10 Beerse
39,Antwerpseweg 195,2019-02-02,23:00:00,3,3,0,FMN GV 10 Beerse
39,Antwerpseweg 195,2019-02-03,00:00:00,2,2,0,FMN GV 10 Beerse
39,Antwerpseweg 195,2019-02-03,01:00:00,0,0,0,FMN GV 10 Beerse
39,Antwerpseweg 195,2019-02-03,02:00:00,2,1,1,FMN GV 10 Beerse
39,Antwerpseweg 195,2019-02-03,03:00:00,1,0,1,FMN GV 10 Beerse
39,Antwerpseweg 195,2019-02-03,04:00:00,1,1,0,FMN GV 10 Beerse
39,Antwerpseweg 195,2019-02-03,05:00:00,1,0,1,FMN GV 10 Beerse
39,Antwerpseweg 195,2019-02-03,06:00:00,0,0,0,FMN GV 10 Beerse
39,Antwerpseweg 195,2019-02-03,07:00:00,1,0,1,FMN GV 10 Beerse
39,Antwerpseweg 195,2019-02-03,08:00:00,0,0,0,FMN GV 10 Beerse
39,Antwerpseweg 195,2019-02-03,09:00:00,5,4,1,FMN GV 10 Beerse
39,Antwerpseweg 195,2019-02-03,10:00:00,8,6,2,FMN GV 10 Beerse
39,Antwerpseweg 195,2019-02-03,11:00:00,8,4,4,FMN GV 10 Beerse
39,Antwerpseweg 195,2019-02-03,12:00:00,6,3,3,FMN GV 10 Beerse
39,Antwerpseweg 195,2019-02-03,13:00:00,18,10,8,FMN GV 10 Beerse
39,Antwerpseweg 195,2019-02-03,14:00:00,12,7,5,FMN GV 10 Beerse
39,Antwerpseweg 195,2019-02-03,15:00:00,13,7,6,FMN GV 10 Beerse
39,Antwerpseweg 195,2019-02-03,16:00:00,13,10,3,FMN GV 10 Beerse
39,Antwerpseweg 195,2019-02-03,17:00:00,3,2,1,FMN GV 10 Beerse
39,Antwerpseweg 195,2019-02-03,18:00:00,0,0,0,FMN GV 10 Beerse
39,Antwerpseweg 195,2019-02-03,19:00:00,0,0,0,FMN GV 10 Beerse
39,Antwerpseweg 195,2019-02-03,20:00:00,1,0,1,FMN GV 10 Beerse
39,Antwerpseweg 195,2019-02-03,21:00:00,0,0,0,FMN GV 10 Beerse
39,Antwerpseweg 195,2019-02-03,22:00:00,0,0,0,FMN GV 10 Beerse
39,Antwerpseweg 195,2019-02-03,23:00:00,0,0,0,FMN GV 10 Beerse
39,Antwerpseweg 195,2019-02-04,00:00:00,1,1,0,FMN GV 10 Beerse
39,Antwerpseweg 195,2019-02-04,01:00:00,0,0,0,FMN GV 10 Beerse
39,Antwerpseweg 195,2019-02-04,02:00:00,0,0,0,FMN GV 10 Beerse
39,Antwerpseweg 195,2019-02-04,03:00:00,0,0,0,FMN GV 10 Beerse
39,Antwerpseweg 195,2019-02-04,04:00:00,0,0,0,FMN GV 10 Beerse
39,Antwerpseweg 195,2019-02-04,05:00:00,6,5,1,FMN GV 10 Beerse
39,Antwerpseweg 195,2019-02-04,06:00:00,5,5,0,FMN GV 10 Beerse
39,Antwerpseweg 195,2019-02-04,07:00:00,17,12,5,FMN GV 10 Beerse
39,Antwerpseweg 195,2019-02-04,08:00:00,11,7,4,FMN GV 10 Beerse
39,Antwerpseweg 195,2019-02-04,09:00:00,4,2,2,FMN GV 10 Beerse
39,Antwerpseweg 195,2019-02-04,10:00:00,1,1,0,FMN GV 10 Beerse
39,Antwerpseweg 195,2019-02-04,11:00:00,3,1,2,FMN GV 10 Beerse
39,Antwerpseweg 195,2019-02-04,12:00:00,11,7,4,FMN GV 10 Beerse
39,Antwerpseweg 195,2019-02-04,13:00:00,11,10,1,FMN GV 10 Beerse
39,Antwerpseweg 195,2019-02-04,14:00:00,4,3,1,FMN GV 10 Beerse
39,Antwerpseweg 195,2019-02-04,15:00:00,4,2,2,FMN GV 10 Beerse
39,Antwerpseweg 195,2019-02-04,16:00:00,21,15,6,FMN GV 10 Beerse
39,Antwerpseweg 195,2019-02-04,17:00:00,16,9,7,FMN GV 10 Beerse
39,Antwerpseweg 195,2019-02-04,18:00:00,5,4,1,FMN GV 10 Beerse
39,Antwerpseweg 195,2019-02-04,19:00:00,9,3,6,FMN GV 10 Beerse
39,Antwerpseweg 195,2019-02-04,20:00:00,1,1,0,FMN GV 10 Beerse
39,Antwerpseweg 195,2019-02-04,21:00:00,2,2,0,FMN GV 10 Beerse
39,Antwerpseweg 195,2019-02-04,22:00:00,3,2,1,FMN GV 10 Beerse
39,Antwerpseweg 195,2019-02-04,23:00:00,0,0,0,FMN GV 10 Beerse
39,Antwerpseweg 195,2019-02-05,00:00:00,0,0,0,FMN GV 10 Beerse
39,Antwerpseweg 195,2019-02-05,01:00:00,0,0,0,FMN GV 10 Beerse
39,Antwerpseweg 195,2019-02-05,02:00:00,0,0,0,FMN GV 10 Beerse
39,Antwerpseweg 195,2019-02-05,03:00:00,0,0,0,FMN GV 10 Beerse
39,Antwerpseweg 195,2019-02-05,04:00:00,2,2,0,FMN GV 10 Beerse
39,Antwerpseweg 195,2019-02-05,05:00:00,3,3,0,FMN GV 10 Beerse
39,Antwerpseweg 195,2019-02-05,06:00:00,6,6,0,FMN GV 10 Beerse
39,Antwerpseweg 195,2019-02-05,07:00:00,28,27,1,FMN GV 10 Beerse
39,Antwerpseweg 195,2019-02-05,08:00:00,21,13,8,FMN GV 10 Beerse
39,Antwerpseweg 195,2019-02-05,09:00:00,10,8,2,FMN GV 10 Beerse
39,Antwerpseweg 195,2019-02-05,10:00:00,2,0,2,FMN GV 10 Beerse
39,Antwerpseweg 195,2019-02-05,11:00:00,13,5,8,FMN GV 10 Beerse
39,Antwerpseweg 195,2019-02-05,12:00:00,11,9,2,FMN GV 10 Beerse
39,Antwerpseweg 195,2019-02-05,13:00:00,19,12,7,FMN GV 10 Beerse
39,Antwerpseweg 195,2019-02-05,14:00:00,12,9,3,FMN GV 10 Beerse
39,Antwerpseweg 195,2019-02-05,15:00:00,22,13,9,FMN GV 10 Beerse
39,Antwerpseweg 195,2019-02-05,16:00:00,32,17,15,FMN GV 10 Beerse
39,Antwerpseweg 195,2019-02-05,17:00:00,24,15,9,FMN GV 10 Beerse
39,Antwerpseweg 195,2019-02-05,18:00:00,16,11,5,FMN GV 10 Beerse
39,Antwerpseweg 195,2019-02-05,19:00:00,6,3,3,FMN GV 10 Beerse
39,Antwerpseweg 195,2019-02-05,20:00:00,2,1,1,FMN GV 10 Beerse
39,Antwerpseweg 195,2019-02-05,21:00:00,4,1,3,FMN GV 10 Beerse
39,Antwerpseweg 195,2019-02-05,22:00:00,7,6,1,FMN GV 10 Beerse
39,Antwerpseweg 195,2019-02-05,23:00:00,0,0,0,FMN GV 10 Beerse
39,Antwerpseweg 195,2019-02-06,00:00:00,0,0,0,FMN GV 10 Beerse
39,Antwerpseweg 195,2019-02-06,01:00:00,0,0,0,FMN GV 10 Beerse
39,Antwerpseweg 195,2019-02-06,02:00:00,0,0,0,FMN GV 10 Beerse
39,Antwerpseweg 195,2019-02-06,03:00:00,0,0,0,FMN GV 10 Beerse
39,Antwerpseweg 195,2019-02-06,04:00:00,2,2,0,FMN GV 10 Beerse
39,Antwerpseweg 195,2019-02-06,05:00:00,5,2,3,FMN GV 10 Beerse
39,Antwerpseweg 195,2019-02-06,06:00:00,4,4,0,FMN GV 10 Beerse
39,Antwerpseweg 195,2019-02-06,07:00:00,22,16,6,FMN GV 10 Beerse
39,Antwerpseweg 195,2019-02-06,08:00:00,20,16,4,FMN GV 10 Beerse
39,Antwerpseweg 195,2019-02-06,09:00:00,2,1,1,FMN GV 10 Beerse
39,Antwerpseweg 195,2019-02-06,10:00:00,1,1,0,FMN GV 10 Beerse
39,Antwerpseweg 195,2019-02-06,11:00:00,8,7,1,FMN GV 10 Beerse
39,Antwerpseweg 195,2019-02-06,12:00:00,21,11,10,FMN GV 10 Beerse
39,Antwerpseweg 195,2019-02-06,13:00:00,9,6,3,FMN GV 10 Beerse
39,Antwerpseweg 195,2019-02-06,14:00:00,9,6,3,FMN GV 10 Beerse
39,Antwerpseweg 195,2019-02-06,15:00:00,7,5,2,FMN GV 10 Beerse
39,Antwerpseweg 195,2019-02-06,16:00:00,15,9,6,FMN GV 10 Beerse
39,Antwerpseweg 195,2019-02-06,17:00:00,21,12,9,FMN GV 10 Beerse
39,Antwerpseweg 195,2019-02-06,18:00:00,8,6,2,FMN GV 10 Beerse
39,Antwerpseweg 195,2019-02-06,19:00:00,4,3,1,FMN GV 10 Beerse
39,Antwerpseweg 195,2019-02-06,20:00:00,1,1,0,FMN GV 10 Beerse
39,Antwerpseweg 195,2019-02-06,21:00:00,5,2,3,FMN GV 10 Beerse
39,Antwerpseweg 195,2019-02-06,22:00:00,0,0,0,FMN GV 10 Beerse
39,Antwerpseweg 195,2019-02-06,23:00:00,0,0,0,FMN GV 10 Beerse
39,Antwerpseweg 195,2019-02-07,00:00:00,0,0,0,FMN GV 10 Beerse
39,Antwerpseweg 195,2019-02-07,01:00:00,0,0,0,FMN GV 10 Beerse
39,Antwerpseweg 195,2019-02-07,02:00:00,0,0,0,FMN GV 10 Beerse
39,Antwerpseweg 195,2019-02-07,03:00:00,0,0,0,FMN GV 10 Beerse
39,Antwerpseweg 195,2019-02-07,04:00:00,1,1,0,FMN GV 10 Beerse
39,Antwerpseweg 195,2019-02-07,05:00:00,6,6,0,FMN GV 10 Beerse
39,Antwerpseweg 195,2019-02-07,06:00:00,4,4,0,FMN GV 10 Beerse
39,Antwerpseweg 195,2019-02-07,07:00:00,28,22,6,FMN GV 10 Beerse
39,Antwerpseweg 195,2019-02-07,08:00:00,12,9,3,FMN GV 10 Beerse
39,Antwerpseweg 195,2019-02-07,09:00:00,6,2,4,FMN GV 10 Beerse
39,Antwerpseweg 195,2019-02-07,10:00:00,5,3,2,FMN GV 10 Beerse
39,Antwerpseweg 195,2019-02-07,11:00:00,9,8,1,FMN GV 10 Beerse
39,Antwerpseweg 195,2019-02-07,12:00:00,12,7,5,FMN GV 10 Beerse
39,Antwerpseweg 195,2019-02-07,13:00:00,12,9,3,FMN GV 10 Beerse
39,Antwerpseweg 195,2019-02-07,14:00:00,11,8,3,FMN GV 10 Beerse
39,Antwerpseweg 195,2019-02-07,15:00:00,13,9,4,FMN GV 10 Beerse
39,Antwerpseweg 195,2019-02-07,16:00:00,24,16,8,FMN GV 10 Beerse
39,Antwerpseweg 195,2019-02-07,17:00:00,20,9,11,FMN GV 10 Beerse
39,Antwerpseweg 195,2019-02-07,18:00:00,6,4,2,FMN GV 10 Beerse
39,Antwerpseweg 195,2019-02-07,19:00:00,9,8,1,FMN GV 10 Beerse
39,Antwerpseweg 195,2019-02-07,20:00:00,6,2,4,FMN GV 10 Beerse
39,Antwerpseweg 195,2019-02-07,21:00:00,2,1,1,FMN GV 10 Beerse
39,Antwerpseweg 195,2019-02-07,22:00:00,8,3,5,FMN GV 10 Beerse
39,Antwerpseweg 195,2019-02-07,23:00:00,0,0,0,FMN GV 10 Beerse
39,Antwerpseweg 195,2019-02-08,00:00:00,0,0,0,FMN GV 10 Beerse
39,Antwerpseweg 195,2019-02-08,01:00:00,0,0,0,FMN GV 10 Beerse
39,Antwerpseweg 195,2019-02-08,02:00:00,0,0,0,FMN GV 10 Beerse
39,Antwerpseweg 195,2019-02-08,03:00:00,0,0,0,FMN GV 10 Beerse
39,Antwerpseweg 195,2019-02-08,04:00:00,1,1,0,FMN GV 10 Beerse
39,Antwerpseweg 195,2019-02-08,05:00:00,5,4,1,FMN GV 10 Beerse
39,Antwerpseweg 195,2019-02-08,06:00:00,3,3,0,FMN GV 10 Beerse
39,Antwerpseweg 195,2019-02-08,07:00:00,18,13,5,FMN GV 10 Beerse
39,Antwerpseweg 195,2019-02-08,08:00:00,9,7,2,FMN GV 10 Beerse
39,Antwerpseweg 195,2019-02-08,09:00:00,3,3,0,FMN GV 10 Beerse
39,Antwerpseweg 195,2019-02-08,10:00:00,2,2,0,FMN GV 10 Beerse
39,Antwerpseweg 195,2019-02-08,11:00:00,5,5,0,FMN GV 10 Beerse
39,Antwerpseweg 195,2019-02-08,12:00:00,7,6,1,FMN GV 10 Beerse
39,Antwerpseweg 195,2019-02-08,13:00:00,8,5,3,FMN GV 10 Beerse
39,Antwerpseweg 195,2019-02-08,14:00:00,1,0,1,FMN GV 10 Beerse
39,Antwerpseweg 195,2019-02-08,15:00:00,13,5,8,FMN GV 10 Beerse
39,Antwerpseweg 195,2019-02-08,16:00:00,14,9,5,FMN GV 10 Beerse
39,Antwerpseweg 195,2019-02-08,17:00:00,13,8,5,FMN GV 10 Beerse
39,Antwerpseweg 195,2019-02-08,18:00:00,4,3,1,FMN GV 10 Beerse
39,Antwerpseweg 195,2019-02-08,19:00:00,3,2,1,FMN GV 10 Beerse
39,Antwerpseweg 195,2019-02-08,20:00:00,3,2,1,FMN GV 10 Beerse
39,Antwerpseweg 195,2019-02-08,21:00:00,0,0,0,FMN GV 10 Beerse
39,Antwerpseweg 195,2019-02-08,22:00:00,1,0,1,FMN GV 10 Beerse
39,Antwerpseweg 195,2019-02-08,23:00:00,0,0,0,FMN GV 10 Beerse
39,Antwerpseweg 195,2019-02-09,00:00:00,0,0,0,FMN GV 10 Beerse
39,Antwerpseweg 195,2019-02-09,01:00:00,0,0,0,FMN GV 10 Beerse
39,Antwerpseweg 195,2019-02-09,02:00:00,0,0,0,FMN GV 10 Beerse
39,Antwerpseweg 195,2019-02-09,03:00:00,0,0,0,FMN GV 10 Beerse
39,Antwerpseweg 195,2019-02-09,04:00:00,0,0,0,FMN GV 10 Beerse
39,Antwerpseweg 195,2019-02-09,05:00:00,0,0,0,FMN GV 10 Beerse
39,Antwerpseweg 195,2019-02-09,06:00:00,0,0,0,FMN GV 10 Beerse
39,Antwerpseweg 195,2019-02-09,07:00:00,1,1,0,FMN GV 10 Beerse
39,Antwerpseweg 195,2019-02-09,08:00:00,1,0,1,FMN GV 10 Beerse
39,Antwerpseweg 195,2019-02-09,09:00:00,5,3,2,FMN GV 10 Beerse
39,Antwerpseweg 195,2019-02-09,10:00:00,1,1,0,FMN GV 10 Beerse
39,Antwerpseweg 195,2019-02-09,11:00:00,3,3,0,FMN GV 10 Beerse
39,Antwerpseweg 195,2019-02-09,12:00:00,3,3,0,FMN GV 10 Beerse
39,Antwerpseweg 195,2019-02-09,13:00:00,11,3,8,FMN GV 10 Beerse
39,Antwerpseweg 195,2019-02-09,14:00:00,2,1,1,FMN GV 10 Beerse
39,Antwerpseweg 195,2019-02-09,15:00:00,4,3,1,FMN GV 10 Beerse
39,Antwerpseweg 195,2019-02-09,16:00:00,4,2,2,FMN GV 10 Beerse
39,Antwerpseweg 195,2019-02-09,17:00:00,2,2,0,FMN GV 10 Beerse
39,Antwerpseweg 195,2019-02-09,18:00:00,3,2,1,FMN GV 10 Beerse
39,Antwerpseweg 195,2019-02-09,19:00:00,1,1,0,FMN GV 10 Beerse
39,Antwerpseweg 195,2019-02-09,20:00:00,3,2,1,FMN GV 10 Beerse
39,Antwerpseweg 195,2019-02-09,21:00:00,2,1,1,FMN GV 10 Beerse
39,Antwerpseweg 195,2019-02-09,22:00:00,0,0,0,FMN GV 10 Beerse
39,Antwerpseweg 195,2019-02-09,23:00:00,8,3,5,FMN GV 10 Beerse
39,Antwerpseweg 195,2019-02-10,00:00:00,0,0,0,FMN GV 10 Beerse
39,Antwerpseweg 195,2019-02-10,01:00:00,0,0,0,FMN GV 10 Beerse
39,Antwerpseweg 195,2019-02-10,02:00:00,3,3,0,FMN GV 10 Beerse
39,Antwerpseweg 195,2019-02-10,03:00:00,0,0,0,FMN GV 10 Beerse
39,Antwerpseweg 195,2019-02-10,04:00:00,1,1,0,FMN GV 10 Beerse
39,Antwerpseweg 195,2019-02-10,05:00:00,1,1,0,FMN GV 10 Beerse
39,Antwerpseweg 195,2019-02-10,06:00:00,0,0,0,FMN GV 10 Beerse
39,Antwerpseweg 195,2019-02-10,07:00:00,0,0,0,FMN GV 10 Beerse
39,Antwerpseweg 195,2019-02-10,08:00:00,2,2,0,FMN GV 10 Beerse
39,Antwerpseweg 195,2019-02-10,09:00:00,2,1,1,FMN GV 10 Beerse
39,Antwerpseweg 195,2019-02-10,10:00:00,3,3,0,FMN GV 10 Beerse
39,Antwerpseweg 195,2019-02-10,11:00:00,2,0,2,FMN GV 10 Beerse
39,Antwerpseweg 195,2019-02-10,12:00:00,2,0,2,FMN GV 10 Beerse
39,Antwerpseweg 195,2019-02-10,13:00:00,2,1,1,FMN GV 10 Beerse
39,Antwerpseweg 195,2019-02-10,14:00:00,3,2,1,FMN GV 10 Beerse
39,Antwerpseweg 195,2019-02-10,15:00:00,0,0,0,FMN GV 10 Beerse
39,Antwerpseweg 195,2019-02-10,16:00:00,1,1,0,FMN GV 10 Beerse
39,Antwerpseweg 195,2019-02-10,17:00:00,1,0,1,FMN GV 10 Beerse
39,Antwerpseweg 195,2019-02-10,18:00:00,1,1,0,FMN GV 10 Beerse
39,Antwerpseweg 195,2019-02-10,19:00:00,2,0,2,FMN GV 10 Beerse
39,Antwerpseweg 195,2019-02-10,20:00:00,2,2,0,FMN GV 10 Beerse
39,Antwerpseweg 195,2019-02-10,21:00:00,1,1,0,FMN GV 10 Beerse
39,Antwerpseweg 195,2019-02-10,22:00:00,1,1,0,FMN GV 10 Beerse
39,Antwerpseweg 195,2019-02-10,23:00:00,0,0,0,FMN GV 10 Beerse
39,Antwerpseweg 195,2019-02-11,00:00:00,0,0,0,FMN GV 10 Beerse
39,Antwerpseweg 195,2019-02-11,01:00:00,0,0,0,FMN GV 10 Beerse
39,Antwerpseweg 195,2019-02-11,02:00:00,0,0,0,FMN GV 10 Beerse
39,Antwerpseweg 195,2019-02-11,03:00:00,0,0,0,FMN GV 10 Beerse
39,Antwerpseweg 195,2019-02-11,04:00:00,0,0,0,FMN GV 10 Beerse
39,Antwerpseweg 195,2019-02-11,05:00:00,10,9,1,FMN GV 10 Beerse
39,Antwerpseweg 195,2019-02-11,06:00:00,5,4,1,FMN GV 10 Beerse
39,Antwerpseweg 195,2019-02-11,07:00:00,26,22,4,FMN GV 10 Beerse
39,Antwerpseweg 195,2019-02-11,08:00:00,18,15,3,FMN GV 10 Beerse
39,Antwerpseweg 195,2019-02-11,09:00:00,8,5,3,FMN GV 10 Beerse
39,Antwerpseweg 195,2019-02-11,10:00:00,4,4,0,FMN GV 10 Beerse
39,Antwerpseweg 195,2019-02-11,11:00:00,6,4,2,FMN GV 10 Beerse
39,Antwerpseweg 195,2019-02-11,12:00:00,12,10,2,FMN GV 10 Beerse
39,Antwerpseweg 195,2019-02-11,13:00:00,10,7,3,FMN GV 10 Beerse
39,Antwerpseweg 195,2019-02-11,14:00:00,7,2,5,FMN GV 10 Beerse
39,Antwerpseweg 195,2019-02-11,15:00:00,19,14,5,FMN GV 10 Beerse
39,Antwerpseweg 195,2019-02-11,16:00:00,33,17,16,FMN GV 10 Beerse
39,Antwerpseweg 195,2019-02-11,17:00:00,26,17,9,FMN GV 10 Beerse
39,Antwerpseweg 195,2019-02-11,18:00:00,11,11,0,FMN GV 10 Beerse
39,Antwerpseweg 195,2019-02-11,19:00:00,5,2,3,FMN GV 10 Beerse
39,Antwerpseweg 195,2019-02-11,20:00:00,2,1,1,FMN GV 10 Beerse
39,Antwerpseweg 195,2019-02-11,21:00:00,4,3,1,FMN GV 10 Beerse
39,Antwerpseweg 195,2019-02-11,22:00:00,1,0,1,FMN GV 10 Beerse
39,Antwerpseweg 195,2019-02-11,23:00:00,0,0,0,FMN GV 10 Beerse
39,Antwerpseweg 195,2019-02-12,00:00:00,0,0,0,FMN GV 10 Beerse
39,Antwerpseweg 195,2019-02-12,01:00:00,0,0,0,FMN GV 10 Beerse
39,Antwerpseweg 195,2019-02-12,02:00:00,0,0,0,FMN GV 10 Beerse
39,Antwerpseweg 195,2019-02-12,03:00:00,0,0,0,FMN GV 10 Beerse
39,Antwerpseweg 195,2019-02-12,04:00:00,2,2,0,FMN GV 10 Beerse
39,Antwerpseweg 195,2019-02-12,05:00:00,5,5,0,FMN GV 10 Beerse
39,Antwerpseweg 195,2019-02-12,06:00:00,11,6,5,FMN GV 10 Beerse
39,Antwerpseweg 195,2019-02-12,07:00:00,35,31,4,FMN GV 10 Beerse
39,Antwerpseweg 195,2019-02-12,08:00:00,22,20,2,FMN GV 10 Beerse
39,Antwerpseweg 195,2019-02-12,09:00:00,12,6,6,FMN GV 10 Beerse
39,Antwerpseweg 195,2019-02-12,10:00:00,5,3,2,FMN GV 10 Beerse
39,Antwerpseweg 195,2019-02-12,11:00:00,9,4,5,FMN GV 10 Beerse
39,Antwerpseweg 195,2019-02-12,12:00:00,14,10,4,FMN GV 10 Beerse
39,Antwerpseweg 195,2019-02-12,13:00:00,27,12,15,FMN GV 10 Beerse
39,Antwerpseweg 195,2019-02-12,14:00:00,17,10,7,FMN GV 10 Beerse
39,Antwerpseweg 195,2019-02-12,15:00:00,15,11,4,FMN GV 10 Beerse
39,Antwerpseweg 195,2019-02-12,16:00:00,72,58,14,FMN GV 10 Beerse
39,Antwerpseweg 195,2019-02-12,17:00:00,32,26,6,FMN GV 10 Beerse
39,Antwerpseweg 195,2019-02-12,18:00:00,13,6,7,FMN GV 10 Beerse
39,Antwerpseweg 195,2019-02-12,19:00:00,9,7,2,FMN GV 10 Beerse
39,Antwerpseweg 195,2019-02-12,20:00:00,3,2,1,FMN GV 10 Beerse
39,Antwerpseweg 195,2019-02-12,21:00:00,2,1,1,FMN GV 10 Beerse
39,Antwerpseweg 195,2019-02-12,22:00:00,2,0,2,FMN GV 10 Beerse
39,Antwerpseweg 195,2019-02-12,23:00:00,0,0,0,FMN GV 10 Beerse
39,Antwerpseweg 195,2019-02-13,00:00:00,0,0,0,FMN GV 10 Beerse
39,Antwerpseweg 195,2019-02-13,01:00:00,0,0,0,FMN GV 10 Beerse
39,Antwerpseweg 195,2019-02-13,02:00:00,0,0,0,FMN GV 10 Beerse
39,Antwerpseweg 195,2019-02-13,03:00:00,0,0,0,FMN GV 10 Beerse
39,Antwerpseweg 195,2019-02-13,04:00:00,3,3,0,FMN GV 10 Beerse
39,Antwerpseweg 195,2019-02-13,05:00:00,5,4,1,FMN GV 10 Beerse
39,Antwerpseweg 195,2019-02-13,06:00:00,13,12,1,FMN GV 10 Beerse
39,Antwerpseweg 195,2019-02-13,07:00:00,50,39,11,FMN GV 10 Beerse
39,Antwerpseweg 195,2019-02-13,08:00:00,26,19,7,FMN GV 10 Beerse
39,Antwerpseweg 195,2019-02-13,09:00:00,7,6,1,FMN GV 10 Beerse
39,Antwerpseweg 195,2019-02-13,10:00:00,2,2,0,FMN GV 10 Beerse
39,Antwerpseweg 195,2019-02-13,11:00:00,10,6,4,FMN GV 10 Beerse
39,Antwerpseweg 195,2019-02-13,12:00:00,35,28,7,FMN GV 10 Beerse
39,Antwerpseweg 195,2019-02-13,13:00:00,23,12,11,FMN GV 10 Beerse
39,Antwerpseweg 195,2019-02-13,14:00:00,23,9,14,FMN GV 10 Beerse
39,Antwerpseweg 195,2019-02-13,15:00:00,26,16,10,FMN GV 10 Beerse
39,Antwerpseweg 195,2019-02-13,16:00:00,22,14,8,FMN GV 10 Beerse
39,Antwerpseweg 195,2019-02-13,17:00:00,23,15,8,FMN GV 10 Beerse
39,Antwerpseweg 195,2019-02-13,18:00:00,14,11,3,FMN GV 10 Beerse
39,Antwerpseweg 195,2019-02-13,19:00:00,9,7,2,FMN GV 10 Beerse
39,Antwerpseweg 195,2019-02-13,20:00:00,6,5,1,FMN GV 10 Beerse
39,Antwerpseweg 195,2019-02-13,21:00:00,2,1,1,FMN GV 10 Beerse
39,Antwerpseweg 195,2019-02-13,22:00:00,3,1,2,FMN GV 10 Beerse
39,Antwerpseweg 195,2019-02-13,23:00:00,2,1,1,FMN GV 10 Beerse
39,Antwerpseweg 195,2019-02-14,00:00:00,0,0,0,FMN GV 10 Beerse
39,Antwerpseweg 195,2019-02-14,01:00:00,1,0,1,FMN GV 10 Beerse
39,Antwerpseweg 195,2019-02-14,02:00:00,0,0,0,FMN GV 10 Beerse
39,Antwerpseweg 195,2019-02-14,03:00:00,0,0,0,FMN GV 10 Beerse
39,Antwerpseweg 195,2019-02-14,04:00:00,2,1,1,FMN GV 10 Beerse
39,Antwerpseweg 195,2019-02-14,05:00:00,6,4,2,FMN GV 10 Beerse
39,Antwerpseweg 195,2019-02-14,06:00:00,10,8,2,FMN GV 10 Beerse
39,Antwerpseweg 195,2019-02-14,07:00:00,40,31,9,FMN GV 10 Beerse
39,Antwerpseweg 195,2019-02-14,08:00:00,21,19,2,FMN GV 10 Beerse
39,Antwerpseweg 195,2019-02-14,09:00:00,13,6,7,FMN GV 10 Beerse
39,Antwerpseweg 195,2019-02-14,10:00:00,3,0,3,FMN GV 10 Beerse
39,Antwerpseweg 195,2019-02-14,11:00:00,9,8,1,FMN GV 10 Beerse
39,Antwerpseweg 195,2019-02-14,12:00:00,15,11,4,FMN GV 10 Beerse
39,Antwerpseweg 195,2019-02-14,13:00:00,22,16,6,FMN GV 10 Beerse
39,Antwerpseweg 195,2019-02-14,14:00:00,20,12,8,FMN GV 10 Beerse
39,Antwerpseweg 195,2019-02-14,15:00:00,55,42,13,FMN GV 10 Beerse
39,Antwerpseweg 195,2019-02-14,16:00:00,43,30,13,FMN GV 10 Beerse
39,Antwerpseweg 195,2019-02-14,17:00:00,19,11,8,FMN GV 10 Beerse
39,Antwerpseweg 195,2019-02-14,18:00:00,11,8,3,FMN GV 10 Beerse
39,Antwerpseweg 195,2019-02-14,19:00:00,7,5,2,FMN GV 10 Beerse
39,Antwerpseweg 195,2019-02-14,20:00:00,4,2,2,FMN GV 10 Beerse
39,Antwerpseweg 195,2019-02-14,21:00:00,3,1,2,FMN GV 10 Beerse
39,Antwerpseweg 195,2019-02-14,22:00:00,4,2,2,FMN GV 10 Beerse
39,Antwerpseweg 195,2019-02-14,23:00:00,0,0,0,FMN GV 10 Beerse
39,Antwerpseweg 195,2019-02-15,00:00:00,0,0,0,FMN GV 10 Beerse
39,Antwerpseweg 195,2019-02-15,01:00:00,0,0,0,FMN GV 10 Beerse
39,Antwerpseweg 195,2019-02-15,02:00:00,0,0,0,FMN GV 10 Beerse
39,Antwerpseweg 195,2019-02-15,03:00:00,0,0,0,FMN GV 10 Beerse
39,Antwerpseweg 195,2019-02-15,04:00:00,3,2,1,FMN GV 10 Beerse
39,Antwerpseweg 195,2019-02-15,05:00:00,6,5,1,FMN GV 10 Beerse
39,Antwerpseweg 195,2019-02-15,06:00:00,7,6,1,FMN GV 10 Beerse
39,Antwerpseweg 195,2019-02-15,07:00:00,34,27,7,FMN GV 10 Beerse
39,Antwerpseweg 195,2019-02-15,08:00:00,20,14,6,FMN GV 10 Beerse
39,Antwerpseweg 195,2019-02-15,09:00:00,10,8,2,FMN GV 10 Beerse
39,Antwerpseweg 195,2019-02-15,10:00:00,12,9,3,FMN GV 10 Beerse
39,Antwerpseweg 195,2019-02-15,11:00:00,7,7,0,FMN GV 10 Beerse
39,Antwerpseweg 195,2019-02-15,12:00:00,14,12,2,FMN GV 10 Beerse
39,Antwerpseweg 195,2019-02-15,13:00:00,38,25,13,FMN GV 10 Beerse
39,Antwerpseweg 195,2019-02-15,14:00:00,26,13,13,FMN GV 10 Beerse
39,Antwerpseweg 195,2019-02-15,15:00:00,30,17,13,FMN GV 10 Beerse
39,Antwerpseweg 195,2019-02-15,16:00:00,44,27,17,FMN GV 10 Beerse
39,Antwerpseweg 195,2019-02-15,17:00:00,22,17,5,FMN GV 10 Beerse
39,Antwerpseweg 195,2019-02-15,18:00:00,11,6,5,FMN GV 10 Beerse
39,Antwerpseweg 195,2019-02-15,19:00:00,8,3,5,FMN GV 10 Beerse
39,Antwerpseweg 195,2019-02-15,20:00:00,3,2,1,FMN GV 10 Beerse
39,Antwerpseweg 195,2019-02-15,21:00:00,4,3,1,FMN GV 10 Beerse
39,Antwerpseweg 195,2019-02-15,22:00:00,7,5,2,FMN GV 10 Beerse
39,Antwerpseweg 195,2019-02-15,23:00:00,2,2,0,FMN GV 10 Beerse
39,Antwerpseweg 195,2019-02-16,00:00:00,1,0,1,FMN GV 10 Beerse
39,Antwerpseweg 195,2019-02-16,01:00:00,1,1,0,FMN GV 10 Beerse
39,Antwerpseweg 195,2019-02-16,02:00:00,0,0,0,FMN GV 10 Beerse
39,Antwerpseweg 195,2019-02-16,03:00:00,1,0,1,FMN GV 10 Beerse
39,Antwerpseweg 195,2019-02-16,04:00:00,0,0,0,FMN GV 10 Beerse
39,Antwerpseweg 195,2019-02-16,05:00:00,1,1,0,FMN GV 10 Beerse
39,Antwerpseweg 195,2019-02-16,06:00:00,0,0,0,FMN GV 10 Beerse
39,Antwerpseweg 195,2019-02-16,07:00:00,1,1,0,FMN GV 10 Beerse
39,Antwerpseweg 195,2019-02-16,08:00:00,1,1,0,FMN GV 10 Beerse
39,Antwerpseweg 195,2019-02-16,09:00:00,7,1,6,FMN GV 10 Beerse
39,Antwerpseweg 195,2019-02-16,10:00:00,7,6,1,FMN GV 10 Beerse
39,Antwerpseweg 195,2019-02-16,11:00:00,8,3,5,FMN GV 10 Beerse
39,Antwerpseweg 195,2019-02-16,12:00:00,17,10,7,FMN GV 10 Beerse
39,Antwerpseweg 195,2019-02-16,13:00:00,37,27,10,FMN GV 10 Beerse
39,Antwerpseweg 195,2019-02-16,14:00:00,23,13,10,FMN GV 10 Beerse
39,Antwerpseweg 195,2019-02-16,15:00:00,20,13,7,FMN GV 10 Beerse
39,Antwerpseweg 195,2019-02-16,16:00:00,26,13,13,FMN GV 10 Beerse
39,Antwerpseweg 195,2019-02-16,17:00:00,9,6,3,FMN GV 10 Beerse
39,Antwerpseweg 195,2019-02-16,18:00:00,15,11,4,FMN GV 10 Beerse
39,Antwerpseweg 195,2019-02-16,19:00:00,5,3,2,FMN GV 10 Beerse
39,Antwerpseweg 195,2019-02-16,20:00:00,10,3,7,FMN GV 10 Beerse
39,Antwerpseweg 195,2019-02-16,21:00:00,0,0,0,FMN GV 10 Beerse
39,Antwerpseweg 195,2019-02-16,22:00:00,7,3,4,FMN GV 10 Beerse
39,Antwerpseweg 195,2019-02-16,23:00:00,5,2,3,FMN GV 10 Beerse
39,Antwerpseweg 195,2019-02-17,00:00:00,2,2,0,FMN GV 10 Beerse
39,Antwerpseweg 195,2019-02-17,01:00:00,3,2,1,FMN GV 10 Beerse
39,Antwerpseweg 195,2019-02-17,02:00:00,1,0,1,FMN GV 10 Beerse
39,Antwerpseweg 195,2019-02-17,03:00:00,2,2,0,FMN GV 10 Beerse
39,Antwerpseweg 195,2019-02-17,04:00:00,2,1,1,FMN GV 10 Beerse
39,Antwerpseweg 195,2019-02-17,05:00:00,0,0,0,FMN GV 10 Beerse
39,Antwerpseweg 195,2019-02-17,06:00:00,0,0,0,FMN GV 10 Beerse
39,Antwerpseweg 195,2019-02-17,07:00:00,1,0,1,FMN GV 10 Beerse
39,Antwerpseweg 195,2019-02-17,08:00:00,4,2,2,FMN GV 10 Beerse
39,Antwerpseweg 195,2019-02-17,09:00:00,10,7,3,FMN GV 10 Beerse
39,Antwerpseweg 195,2019-02-17,10:00:00,11,7,4,FMN GV 10 Beerse
39,Antwerpseweg 195,2019-02-17,11:00:00,28,9,19,FMN GV 10 Beerse
39,Antwerpseweg 195,2019-02-17,12:00:00,23,12,11,FMN GV 10 Beerse
39,Antwerpseweg 195,2019-02-17,13:00:00,32,21,11,FMN GV 10 Beerse
39,Antwerpseweg 195,2019-02-17,14:00:00,54,27,27,FMN GV 10 Beerse
39,Antwerpseweg 195,2019-02-17,15:00:00,30,20,10,FMN GV 10 Beerse
39,Antwerpseweg 195,2019-02-17,16:00:00,26,16,10,FMN GV 10 Beerse
39,Antwerpseweg 195,2019-02-17,17:00:00,24,20,4,FMN GV 10 Beerse
39,Antwerpseweg 195,2019-02-17,18:00:00,10,9,1,FMN GV 10 Beerse
39,Antwerpseweg 195,2019-02-17,19:00:00,3,2,1,FMN GV 10 Beerse
39,Antwerpseweg 195,2019-02-17,20:00:00,1,0,1,FMN GV 10 Beerse
39,Antwerpseweg 195,2019-02-17,21:00:00,3,2,1,FMN GV 10 Beerse
39,Antwerpseweg 195,2019-02-17,22:00:00,0,0,0,FMN GV 10 Beerse
39,Antwerpseweg 195,2019-02-17,23:00:00,0,0,0,FMN GV 10 Beerse
39,Antwerpseweg 195,2019-02-18,00:00:00,0,0,0,FMN GV 10 Beerse
39,Antwerpseweg 195,2019-02-18,01:00:00,0,0,0,FMN GV 10 Beerse
39,Antwerpseweg 195,2019-02-18,02:00:00,0,0,0,FMN GV 10 Beerse
39,Antwerpseweg 195,2019-02-18,03:00:00,1,1,0,FMN GV 10 Beerse
39,Antwerpseweg 195,2019-02-18,04:00:00,2,2,0,FMN GV 10 Beerse
39,Antwerpseweg 195,2019-02-18,05:00:00,3,3,0,FMN GV 10 Beerse
39,Antwerpseweg 195,2019-02-18,06:00:00,13,7,6,FMN GV 10 Beerse
39,Antwerpseweg 195,2019-02-18,07:00:00,44,35,9,FMN GV 10 Beerse
39,Antwerpseweg 195,2019-02-18,08:00:00,29,25,4,FMN GV 10 Beerse
39,Antwerpseweg 195,2019-02-18,09:00:00,11,7,4,FMN GV 10 Beerse
39,Antwerpseweg 195,2019-02-18,10:00:00,9,5,4,FMN GV 10 Beerse
39,Antwerpseweg 195,2019-02-18,11:00:00,10,9,1,FMN GV 10 Beerse
39,Antwerpseweg 195,2019-02-18,12:00:00,23,21,2,FMN GV 10 Beerse
39,Antwerpseweg 195,2019-02-18,13:00:00,26,19,7,FMN GV 10 Beerse
39,Antwerpseweg 195,2019-02-18,14:00:00,40,18,22,FMN GV 10 Beerse
39,Antwerpseweg 195,2019-02-18,15:00:00,49,32,17,FMN GV 10 Beerse
39,Antwerpseweg 195,2019-02-18,16:00:00,54,38,16,FMN GV 10 Beerse
39,Antwerpseweg 195,2019-02-18,17:00:00,39,25,14,FMN GV 10 Beerse
39,Antwerpseweg 195,2019-02-18,18:00:00,5,3,2,FMN GV 10 Beerse
39,Antwerpseweg 195,2019-02-18,19:00:00,8,5,3,FMN GV 10 Beerse
39,Antwerpseweg 195,2019-02-18,20:00:00,6,1,5,FMN GV 10 Beerse
39,Antwerpseweg 195,2019-02-18,21:00:00,2,2,0,FMN GV 10 Beerse
39,Antwerpseweg 195,2019-02-18,22:00:00,7,5,2,FMN GV 10 Beerse
39,Antwerpseweg 195,2019-02-18,23:00:00,1,0,1,FMN GV 10 Beerse
39,Antwerpseweg 195,2019-02-19,00:00:00,0,0,0,FMN GV 10 Beerse
39,Antwerpseweg 195,2019-02-19,01:00:00,0,0,0,FMN GV 10 Beerse
39,Antwerpseweg 195,2019-02-19,02:00:00,0,0,0,FMN GV 10 Beerse
39,Antwerpseweg 195,2019-02-19,03:00:00,0,0,0,FMN GV 10 Beerse
39,Antwerpseweg 195,2019-02-19,04:00:00,3,3,0,FMN GV 10 Beerse
39,Antwerpseweg 195,2019-02-19,05:00:00,7,7,0,FMN GV 10 Beerse
39,Antwerpseweg 195,2019-02-19,06:00:00,16,10,6,FMN GV 10 Beerse
39,Antwerpseweg 195,2019-02-19,07:00:00,35,29,6,FMN GV 10 Beerse
39,Antwerpseweg 195,2019-02-19,08:00:00,24,22,2,FMN GV 10 Beerse
39,Antwerpseweg 195,2019-02-19,09:00:00,9,7,2,FMN GV 10 Beerse
39,Antwerpseweg 195,2019-02-19,10:00:00,18,16,2,FMN GV 10 Beerse
39,Antwerpseweg 195,2019-02-19,11:00:00,11,4,7,FMN GV 10 Beerse
39,Antwerpseweg 195,2019-02-19,12:00:00,18,13,5,FMN GV 10 Beerse
39,Antwerpseweg 195,2019-02-19,13:00:00,29,11,18,FMN GV 10 Beerse
39,Antwerpseweg 195,2019-02-19,14:00:00,33,13,20,FMN GV 10 Beerse
39,Antwerpseweg 195,2019-02-19,15:00:00,29,16,13,FMN GV 10 Beerse
39,Antwerpseweg 195,2019-02-19,16:00:00,70,56,14,FMN GV 10 Beerse
39,Antwerpseweg 195,2019-02-19,17:00:00,35,25,10,FMN GV 10 Beerse
39,Antwerpseweg 195,2019-02-19,18:00:00,16,12,4,FMN GV 10 Beerse
39,Antwerpseweg 195,2019-02-19,19:00:00,9,5,4,FMN GV 10 Beerse
39,Antwerpseweg 195,2019-02-19,20:00:00,6,4,2,FMN GV 10 Beerse
39,Antwerpseweg 195,2019-02-19,21:00:00,2,2,0,FMN GV 10 Beerse
39,Antwerpseweg 195,2019-02-19,22:00:00,7,3,4,FMN GV 10 Beerse
39,Antwerpseweg 195,2019-02-19,23:00:00,1,0,1,FMN GV 10 Beerse
39,Antwerpseweg 195,2019-02-20,00:00:00,0,0,0,FMN GV 10 Beerse
39,Antwerpseweg 195,2019-02-20,01:00:00,0,0,0,FMN GV 10 Beerse
39,Antwerpseweg 195,2019-02-20,02:00:00,0,0,0,FMN GV 10 Beerse
39,Antwerpseweg 195,2019-02-20,03:00:00,0,0,0,FMN GV 10 Beerse
39,Antwerpseweg 195,2019-02-20,04:00:00,1,1,0,FMN GV 10 Beerse
39,Antwerpseweg 195,2019-02-20,05:00:00,12,10,2,FMN GV 10 Beerse
39,Antwerpseweg 195,2019-02-20,06:00:00,10,6,4,FMN GV 10 Beerse
39,Antwerpseweg 195,2019-02-20,07:00:00,43,32,11,FMN GV 10 Beerse
39,Antwerpseweg 195,2019-02-20,08:00:00,25,22,3,FMN GV 10 Beerse
39,Antwerpseweg 195,2019-02-20,09:00:00,11,10,1,FMN GV 10 Beerse
39,Antwerpseweg 195,2019-02-20,10:00:00,27,22,5,FMN GV 10 Beerse
39,Antwerpseweg 195,2019-02-20,11:00:00,17,9,8,FMN GV 10 Beerse
39,Antwerpseweg 195,2019-02-20,12:00:00,41,24,17,FMN GV 10 Beerse
39,Antwerpseweg 195,2019-02-20,13:00:00,21,13,8,FMN GV 10 Beerse
39,Antwerpseweg 195,2019-02-20,14:00:00,34,23,11,FMN GV 10 Beerse
39,Antwerpseweg 195,2019-02-20,15:00:00,22,13,9,FMN GV 10 Beerse
39,Antwerpseweg 195,2019-02-20,16:00:00,32,19,13,FMN GV 10 Beerse
39,Antwerpseweg 195,2019-02-20,17:00:00,39,25,14,FMN GV 10 Beerse
39,Antwerpseweg 195,2019-02-20,18:00:00,19,14,5,FMN GV 10 Beerse
39,Antwerpseweg 195,2019-02-20,19:00:00,11,6,5,FMN GV 10 Beerse
39,Antwerpseweg 195,2019-02-20,20:00:00,4,3,1,FMN GV 10 Beerse
39,Antwerpseweg 195,2019-02-20,21:00:00,3,0,3,FMN GV 10 Beerse
39,Antwerpseweg 195,2019-02-20,22:00:00,3,2,1,FMN GV 10 Beerse
39,Antwerpseweg 195,2019-02-20,23:00:00,0,0,0,FMN GV 10 Beerse
39,Antwerpseweg 195,2019-02-21,00:00:00,0,0,0,FMN GV 10 Beerse
39,Antwerpseweg 195,2019-02-21,01:00:00,0,0,0,FMN GV 10 Beerse
39,Antwerpseweg 195,2019-02-21,02:00:00,0,0,0,FMN GV 10 Beerse
39,Antwerpseweg 195,2019-02-21,03:00:00,0,0,0,FMN GV 10 Beerse
39,Antwerpseweg 195,2019-02-21,04:00:00,2,2,0,FMN GV 10 Beerse
39,Antwerpseweg 195,2019-02-21,05:00:00,5,5,0,FMN GV 10 Beerse
39,Antwerpseweg 195,2019-02-21,06:00:00,9,6,3,FMN GV 10 Beerse
39,Antwerpseweg 195,2019-02-21,07:00:00,51,42,9,FMN GV 10 Beerse
39,Antwerpseweg 195,2019-02-21,08:00:00,31,24,7,FMN GV 10 Beerse
39,Antwerpseweg 195,2019-02-21,09:00:00,12,9,3,FMN GV 10 Beerse
39,Antwerpseweg 195,2019-02-21,10:00:00,10,4,6,FMN GV 10 Beerse
39,Antwerpseweg 195,2019-02-21,11:00:00,11,8,3,FMN GV 10 Beerse
39,Antwerpseweg 195,2019-02-21,12:00:00,18,11,7,FMN GV 10 Beerse
39,Antwerpseweg 195,2019-02-21,13:00:00,24,19,5,FMN GV 10 Beerse
39,Antwerpseweg 195,2019-02-21,14:00:00,18,12,6,FMN GV 10 Beerse
39,Antwerpseweg 195,2019-02-21,15:00:00,42,27,15,FMN GV 10 Beerse
39,Antwerpseweg 195,2019-02-21,16:00:00,50,31,19,FMN GV 10 Beerse
39,Antwerpseweg 195,2019-02-21,17:00:00,36,21,15,FMN GV 10 Beerse
39,Antwerpseweg 195,2019-02-21,18:00:00,14,9,5,FMN GV 10 Beerse
39,Antwerpseweg 195,2019-02-21,19:00:00,5,4,1,FMN GV 10 Beerse
39,Antwerpseweg 195,2019-02-21,20:00:00,5,3,2,FMN GV 10 Beerse
39,Antwerpseweg 195,2019-02-21,21:00:00,5,2,3,FMN GV 10 Beerse
39,Antwerpseweg 195,2019-02-21,22:00:00,6,3,3,FMN GV 10 Beerse
39,Antwerpseweg 195,2019-02-21,23:00:00,1,1,0,FMN GV 10 Beerse
39,Antwerpseweg 195,2019-02-22,00:00:00,0,0,0,FMN GV 10 Beerse
39,Antwerpseweg 195,2019-02-22,01:00:00,1,0,1,FMN GV 10 Beerse
39,Antwerpseweg 195,2019-02-22,02:00:00,0,0,0,FMN GV 10 Beerse
39,Antwerpseweg 195,2019-02-22,03:00:00,0,0,0,FMN GV 10 Beerse
39,Antwerpseweg 195,2019-02-22,04:00:00,3,3,0,FMN GV 10 Beerse
39,Antwerpseweg 195,2019-02-22,05:00:00,6,6,0,FMN GV 10 Beerse
39,Antwerpseweg 195,2019-02-22,06:00:00,7,5,2,FMN GV 10 Beerse
39,Antwerpseweg 195,2019-02-22,07:00:00,47,42,5,FMN GV 10 Beerse
39,Antwerpseweg 195,2019-02-22,08:00:00,20,15,5,FMN GV 10 Beerse
39,Antwerpseweg 195,2019-02-22,09:00:00,7,7,0,FMN GV 10 Beerse
39,Antwerpseweg 195,2019-02-22,10:00:00,3,1,2,FMN GV 10 Beerse
39,Antwerpseweg 195,2019-02-22,11:00:00,10,8,2,FMN GV 10 Beerse
39,Antwerpseweg 195,2019-02-22,12:00:00,12,6,6,FMN GV 10 Beerse
39,Antwerpseweg 195,2019-02-22,13:00:00,25,18,7,FMN GV 10 Beerse
39,Antwerpseweg 195,2019-02-22,14:00:00,15,11,4,FMN GV 10 Beerse
39,Antwerpseweg 195,2019-02-22,15:00:00,22,10,12,FMN GV 10 Beerse
39,Antwerpseweg 195,2019-02-22,16:00:00,33,23,10,FMN GV 10 Beerse
39,Antwerpseweg 195,2019-02-22,17:00:00,24,19,5,FMN GV 10 Beerse
39,Antwerpseweg 195,2019-02-22,18:00:00,7,6,1,FMN GV 10 Beerse
39,Antwerpseweg 195,2019-02-22,19:00:00,7,6,1,FMN GV 10 Beerse
39,Antwerpseweg 195,2019-02-22,20:00:00,4,4,0,FMN GV 10 Beerse
39,Antwerpseweg 195,2019-02-22,21:00:00,0,0,0,FMN GV 10 Beerse
39,Antwerpseweg 195,2019-02-22,22:00:00,5,3,2,FMN GV 10 Beerse
39,Antwerpseweg 195,2019-02-22,23:00:00,6,5,1,FMN GV 10 Beerse
39,Antwerpseweg 195,2019-02-23,00:00:00,1,0,1,FMN GV 10 Beerse
39,Antwerpseweg 195,2019-02-23,01:00:00,0,0,0,FMN GV 10 Beerse
39,Antwerpseweg 195,2019-02-23,02:00:00,1,1,0,FMN GV 10 Beerse
39,Antwerpseweg 195,2019-02-23,03:00:00,0,0,0,FMN GV 10 Beerse
39,Antwerpseweg 195,2019-02-23,04:00:00,2,1,1,FMN GV 10 Beerse
39,Antwerpseweg 195,2019-02-23,05:00:00,0,0,0,FMN GV 10 Beerse
39,Antwerpseweg 195,2019-02-23,06:00:00,2,1,1,FMN GV 10 Beerse
39,Antwerpseweg 195,2019-02-23,07:00:00,4,0,4,FMN GV 10 Beerse
39,Antwerpseweg 195,2019-02-23,08:00:00,5,3,2,FMN GV 10 Beerse
39,Antwerpseweg 195,2019-02-23,09:00:00,10,2,8,FMN GV 10 Beerse
39,Antwerpseweg 195,2019-02-23,10:00:00,19,11,8,FMN GV 10 Beerse
39,Antwerpseweg 195,2019-02-23,11:00:00,6,5,1,FMN GV 10 Beerse
39,Antwerpseweg 195,2019-02-23,12:00:00,18,14,4,FMN GV 10 Beerse
39,Antwerpseweg 195,2019-02-23,13:00:00,23,14,9,FMN GV 10 Beerse
39,Antwerpseweg 195,2019-02-23,14:00:00,25,19,6,FMN GV 10 Beerse
39,Antwerpseweg 195,2019-02-23,15:00:00,36,21,15,FMN GV 10 Beerse
39,Antwerpseweg 195,2019-02-23,16:00:00,26,14,12,FMN GV 10 Beerse
39,Antwerpseweg 195,2019-02-23,17:00:00,9,8,1,FMN GV 10 Beerse
39,Antwerpseweg 195,2019-02-23,18:00:00,7,6,1,FMN GV 10 Beerse
39,Antwerpseweg 195,2019-02-23,19:00:00,6,2,4,FMN GV 10 Beerse
39,Antwerpseweg 195,2019-02-23,20:00:00,1,1,0,FMN GV 10 Beerse
39,Antwerpseweg 195,2019-02-23,21:00:00,5,1,4,FMN GV 10 Beerse
39,Antwerpseweg 195,2019-02-23,22:00:00,0,0,0,FMN GV 10 Beerse
39,Antwerpseweg 195,2019-02-23,23:00:00,2,1,1,FMN GV 10 Beerse
39,Antwerpseweg 195,2019-02-24,00:00:00,2,2,0,FMN GV 10 Beerse
39,Antwerpseweg 195,2019-02-24,01:00:00,1,1,0,FMN GV 10 Beerse
39,Antwerpseweg 195,2019-02-24,02:00:00,4,4,0,FMN GV 10 Beerse
39,Antwerpseweg 195,2019-02-24,03:00:00,3,3,0,FMN GV 10 Beerse
39,Antwerpseweg 195,2019-02-24,04:00:00,0,0,0,FMN GV 10 Beerse
39,Antwerpseweg 195,2019-02-24,05:00:00,0,0,0,FMN GV 10 Beerse
39,Antwerpseweg 195,2019-02-24,06:00:00,0,0,0,FMN GV 10 Beerse
39,Antwerpseweg 195,2019-02-24,07:00:00,0,0,0,FMN GV 10 Beerse
39,Antwerpseweg 195,2019-02-24,08:00:00,6,3,3,FMN GV 10 Beerse
39,Antwerpseweg 195,2019-02-24,09:00:00,10,6,4,FMN GV 10 Beerse
39,Antwerpseweg 195,2019-02-24,10:00:00,40,29,11,FMN GV 10 Beerse
39,Antwerpseweg 195,2019-02-24,11:00:00,21,17,4,FMN GV 10 Beerse
39,Antwerpseweg 195,2019-02-24,12:00:00,18,13,5,FMN GV 10 Beerse
39,Antwerpseweg 195,2019-02-24,13:00:00,45,27,18,FMN GV 10 Beerse
39,Antwerpseweg 195,2019-02-24,14:00:00,47,22,25,FMN GV 10 Beerse
39,Antwerpseweg 195,2019-02-24,15:00:00,49,29,20,FMN GV 10 Beerse
39,Antwerpseweg 195,2019-02-24,16:00:00,37,28,9,FMN GV 10 Beerse
39,Antwerpseweg 195,2019-02-24,17:00:00,21,13,8,FMN GV 10 Beerse
39,Antwerpseweg 195,2019-02-24,18:00:00,14,8,6,FMN GV 10 Beerse
39,Antwerpseweg 195,2019-02-24,19:00:00,1,0,1,FMN GV 10 Beerse
39,Antwerpseweg 195,2019-02-24,20:00:00,2,1,1,FMN GV 10 Beerse
39,Antwerpseweg 195,2019-02-24,21:00:00,3,3,0,FMN GV 10 Beerse
39,Antwerpseweg 195,2019-02-24,22:00:00,0,0,0,FMN GV 10 Beerse
39,Antwerpseweg 195,2019-02-24,23:00:00,0,0,0,FMN GV 10 Beerse
39,Antwerpseweg 195,2019-02-25,00:00:00,0,0,0,FMN GV 10 Beerse
39,Antwerpseweg 195,2019-02-25,01:00:00,0,0,0,FMN GV 10 Beerse
39,Antwerpseweg 195,2019-02-25,02:00:00,0,0,0,FMN GV 10 Beerse
39,Antwerpseweg 195,2019-02-25,03:00:00,0,0,0,FMN GV 10 Beerse
39,Antwerpseweg 195,2019-02-25,04:00:00,0,0,0,FMN GV 10 Beerse
39,Antwerpseweg 195,2019-02-25,05:00:00,12,12,0,FMN GV 10 Beerse
39,Antwerpseweg 195,2019-02-25,06:00:00,12,8,4,FMN GV 10 Beerse
39,Antwerpseweg 195,2019-02-25,07:00:00,49,39,10,FMN GV 10 Beerse
39,Antwerpseweg 195,2019-02-25,08:00:00,27,24,3,FMN GV 10 Beerse
39,Antwerpseweg 195,2019-02-25,09:00:00,10,8,2,FMN GV 10 Beerse
39,Antwerpseweg 195,2019-02-25,10:00:00,10,6,4,FMN GV 10 Beerse
39,Antwerpseweg 195,2019-02-25,11:00:00,10,9,1,FMN GV 10 Beerse
39,Antwerpseweg 195,2019-02-25,12:00:00,29,19,10,FMN GV 10 Beerse
39,Antwerpseweg 195,2019-02-25,13:00:00,21,12,9,FMN GV 10 Beerse
39,Antwerpseweg 195,2019-02-25,14:00:00,46,26,20,FMN GV 10 Beerse
39,Antwerpseweg 195,2019-02-25,15:00:00,40,19,21,FMN GV 10 Beerse
39,Antwerpseweg 195,2019-02-25,16:00:00,65,47,18,FMN GV 10 Beerse
39,Antwerpseweg 195,2019-02-25,17:00:00,41,25,16,FMN GV 10 Beerse
39,Antwerpseweg 195,2019-02-25,18:00:00,10,6,4,FMN GV 10 Beerse
39,Antwerpseweg 195,2019-02-25,19:00:00,14,9,5,FMN GV 10 Beerse
39,Antwerpseweg 195,2019-02-25,20:00:00,1,1,0,FMN GV 10 Beerse
39,Antwerpseweg 195,2019-02-25,21:00:00,4,4,0,FMN GV 10 Beerse
39,Antwerpseweg 195,2019-02-25,22:00:00,4,3,1,FMN GV 10 Beerse
39,Antwerpseweg 195,2019-02-25,23:00:00,1,1,0,FMN GV 10 Beerse
39,Antwerpseweg 195,2019-02-26,00:00:00,0,0,0,FMN GV 10 Beerse
39,Antwerpseweg 195,2019-02-26,01:00:00,0,0,0,FMN GV 10 Beerse
39,Antwerpseweg 195,2019-02-26,02:00:00,0,0,0,FMN GV 10 Beerse
39,Antwerpseweg 195,2019-02-26,03:00:00,0,0,0,FMN GV 10 Beerse
39,Antwerpseweg 195,2019-02-26,04:00:00,2,2,0,FMN GV 10 Beerse
39,Antwerpseweg 195,2019-02-26,05:00:00,9,8,1,FMN GV 10 Beerse
39,Antwerpseweg 195,2019-02-26,06:00:00,12,9,3,FMN GV 10 Beerse
39,Antwerpseweg 195,2019-02-26,07:00:00,52,45,7,FMN GV 10 Beerse
39,Antwerpseweg 195,2019-02-26,08:00:00,25,17,8,FMN GV 10 Beerse
39,Antwerpseweg 195,2019-02-26,09:00:00,20,8,12,FMN GV 10 Beerse
39,Antwerpseweg 195,2019-02-26,10:00:00,9,5,4,FMN GV 10 Beerse
39,Antwerpseweg 195,2019-02-26,11:00:00,14,9,5,FMN GV 10 Beerse
39,Antwerpseweg 195,2019-02-26,12:00:00,18,12,6,FMN GV 10 Beerse
39,Antwerpseweg 195,2019-02-26,13:00:00,57,40,17,FMN GV 10 Beerse
39,Antwerpseweg 195,2019-02-26,14:00:00,49,29,20,FMN GV 10 Beerse
39,Antwerpseweg 195,2019-02-26,15:00:00,52,26,26,FMN GV 10 Beerse
39,Antwerpseweg 195,2019-02-26,16:00:00,58,34,24,FMN GV 10 Beerse
39,Antwerpseweg 195,2019-02-26,17:00:00,57,34,23,FMN GV 10 Beerse
39,Antwerpseweg 195,2019-02-26,18:00:00,16,9,7,FMN GV 10 Beerse
39,Antwerpseweg 195,2019-02-26,19:00:00,19,15,4,FMN GV 10 Beerse
39,Antwerpseweg 195,2019-02-26,20:00:00,11,7,4,FMN GV 10 Beerse
39,Antwerpseweg 195,2019-02-26,21:00:00,8,4,4,FMN GV 10 Beerse
39,Antwerpseweg 195,2019-02-26,22:00:00,8,3,5,FMN GV 10 Beerse
39,Antwerpseweg 195,2019-02-26,23:00:00,0,0,0,FMN GV 10 Beerse
39,Antwerpseweg 195,2019-02-27,00:00:00,0,0,0,FMN GV 10 Beerse
39,Antwerpseweg 195,2019-02-27,01:00:00,0,0,0,FMN GV 10 Beerse
39,Antwerpseweg 195,2019-02-27,02:00:00,0,0,0,FMN GV 10 Beerse
39,Antwerpseweg 195,2019-02-27,03:00:00,1,1,0,FMN GV 10 Beerse
39,Antwerpseweg 195,2019-02-27,04:00:00,1,0,1,FMN GV 10 Beerse
39,Antwerpseweg 195,2019-02-27,05:00:00,9,9,0,FMN GV 10 Beerse
39,Antwerpseweg 195,2019-02-27,06:00:00,11,9,2,FMN GV 10 Beerse
39,Antwerpseweg 195,2019-02-27,07:00:00,46,35,11,FMN GV 10 Beerse
39,Antwerpseweg 195,2019-02-27,08:00:00,25,19,6,FMN GV 10 Beerse
39,Antwerpseweg 195,2019-02-27,09:00:00,16,13,3,FMN GV 10 Beerse
39,Antwerpseweg 195,2019-02-27,10:00:00,18,13,5,FMN GV 10 Beerse
39,Antwerpseweg 195,2019-02-27,11:00:00,15,8,7,FMN GV 10 Beerse
39,Antwerpseweg 195,2019-02-27,12:00:00,38,30,8,FMN GV 10 Beerse
39,Antwerpseweg 195,2019-02-27,13:00:00,34,23,11,FMN GV 10 Beerse
39,Antwerpseweg 195,2019-02-27,14:00:00,46,32,14,FMN GV 10 Beerse
39,Antwerpseweg 195,2019-02-27,15:00:00,56,28,28,FMN GV 10 Beerse
39,Antwerpseweg 195,2019-02-27,16:00:00,29,22,7,FMN GV 10 Beerse
39,Antwerpseweg 195,2019-02-27,17:00:00,48,32,16,FMN GV 10 Beerse
39,Antwerpseweg 195,2019-02-27,18:00:00,16,9,7,FMN GV 10 Beerse
39,Antwerpseweg 195,2019-02-27,19:00:00,8,6,2,FMN GV 10 Beerse
39,Antwerpseweg 195,2019-02-27,20:00:00,8,5,3,FMN GV 10 Beerse
39,Antwerpseweg 195,2019-02-27,21:00:00,5,3,2,FMN GV 10 Beerse
39,Antwerpseweg 195,2019-02-27,22:00:00,5,5,0,FMN GV 10 Beerse
39,Antwerpseweg 195,2019-02-27,23:00:00,0,0,0,FMN GV 10 Beerse
39,Antwerpseweg 195,2019-02-28,00:00:00,0,0,0,FMN GV 10 Beerse
39,Antwerpseweg 195,2019-02-28,01:00:00,0,0,0,FMN GV 10 Beerse
39,Antwerpseweg 195,2019-02-28,02:00:00,0,0,0,FMN GV 10 Beerse
39,Antwerpseweg 195,2019-02-28,03:00:00,0,0,0,FMN GV 10 Beerse
39,Antwerpseweg 195,2019-02-28,04:00:00,2,2,0,FMN GV 10 Beerse
39,Antwerpseweg 195,2019-02-28,05:00:00,8,8,0,FMN GV 10 Beerse
39,Antwerpseweg 195,2019-02-28,06:00:00,8,4,4,FMN GV 10 Beerse
39,Antwerpseweg 195,2019-02-28,07:00:00,47,42,5,FMN GV 10 Beerse
39,Antwerpseweg 195,2019-02-28,08:00:00,22,17,5,FMN GV 10 Beerse
39,Antwerpseweg 195,2019-02-28,09:00:00,11,6,5,FMN GV 10 Beerse
39,Antwerpseweg 195,2019-02-28,10:00:00,7,6,1,FMN GV 10 Beerse
39,Antwerpseweg 195,2019-02-28,11:00:00,7,7,0,FMN GV 10 Beerse
39,Antwerpseweg 195,2019-02-28,12:00:00,23,15,8,FMN GV 10 Beerse
39,Antwerpseweg 195,2019-02-28,13:00:00,12,9,3,FMN GV 10 Beerse
39,Antwerpseweg 195,2019-02-28,14:00:00,19,9,10,FMN GV 10 Beerse
39,Antwerpseweg 195,2019-02-28,15:00:00,32,21,11,FMN GV 10 Beerse
39,Antwerpseweg 195,2019-02-28,16:00:00,41,33,8,FMN GV 10 Beerse
39,Antwerpseweg 195,2019-02-28,17:00:00,27,16,11,FMN GV 10 Beerse
39,Antwerpseweg 195,2019-02-28,18:00:00,10,4,6,FMN GV 10 Beerse
39,Antwerpseweg 195,2019-02-28,19:00:00,6,5,1,FMN GV 10 Beerse
39,Antwerpseweg 195,2019-02-28,20:00:00,3,2,1,FMN GV 10 Beerse
39,Antwerpseweg 195,2019-02-28,21:00:00,1,0,1,FMN GV 10 Beerse
39,Antwerpseweg 195,2019-02-28,22:00:00,4,3,1,FMN GV 10 Beerse
39,Antwerpseweg 195,2019-02-28,23:00:00,1,0,1,FMN GV 10 Beerse
39,Antwerpseweg 195,2019-03-01,00:00:00,0,0,0,FMN GV 10 Beerse
39,Antwerpseweg 195,2019-03-01,01:00:00,0,0,0,FMN GV 10 Beerse
39,Antwerpseweg 195,2019-03-01,02:00:00,0,0,0,FMN GV 10 Beerse
39,Antwerpseweg 195,2019-03-01,03:00:00,0,0,0,FMN GV 10 Beerse
39,Antwerpseweg 195,2019-03-01,04:00:00,2,1,1,FMN GV 10 Beerse
39,Antwerpseweg 195,2019-03-01,05:00:00,8,7,1,FMN GV 10 Beerse
39,Antwerpseweg 195,2019-03-01,06:00:00,7,5,2,FMN GV 10 Beerse
39,Antwerpseweg 195,2019-03-01,07:00:00,30,27,3,FMN GV 10 Beerse
39,Antwerpseweg 195,2019-03-01,08:00:00,14,11,3,FMN GV 10 Beerse
39,Antwerpseweg 195,2019-03-01,09:00:00,2,0,2,FMN GV 10 Beerse
39,Antwerpseweg 195,2019-03-01,10:00:00,4,4,0,FMN GV 10 Beerse
39,Antwerpseweg 195,2019-03-01,11:00:00,5,3,2,FMN GV 10 Beerse
39,Antwerpseweg 195,2019-03-01,12:00:00,3,1,2,FMN GV 10 Beerse
39,Antwerpseweg 195,2019-03-01,13:00:00,12,7,5,FMN GV 10 Beerse
39,Antwerpseweg 195,2019-03-01,14:00:00,8,2,6,FMN GV 10 Beerse
39,Antwerpseweg 195,2019-03-01,15:00:00,18,8,10,FMN GV 10 Beerse
39,Antwerpseweg 195,2019-03-01,16:00:00,30,21,9,FMN GV 10 Beerse
39,Antwerpseweg 195,2019-03-01,17:00:00,15,11,4,FMN GV 10 Beerse
39,Antwerpseweg 195,2019-03-01,18:00:00,7,5,2,FMN GV 10 Beerse
39,Antwerpseweg 195,2019-03-01,19:00:00,11,8,3,FMN GV 10 Beerse
39,Antwerpseweg 195,2019-03-01,20:00:00,2,0,2,FMN GV 10 Beerse
39,Antwerpseweg 195,2019-03-01,21:00:00,1,1,0,FMN GV 10 Beerse
39,Antwerpseweg 195,2019-03-01,22:00:00,5,3,2,FMN GV 10 Beerse
39,Antwerpseweg 195,2019-03-01,23:00:00,0,0,0,FMN GV 10 Beerse
39,Antwerpseweg 195,2019-03-02,00:00:00,0,0,0,FMN GV 10 Beerse
39,Antwerpseweg 195,2019-03-02,01:00:00,0,0,0,FMN GV 10 Beerse
39,Antwerpseweg 195,2019-03-02,02:00:00,1,1,0,FMN GV 10 Beerse
39,Antwerpseweg 195,2019-03-02,03:00:00,1,0,1,FMN GV 10 Beerse
39,Antwerpseweg 195,2019-03-02,04:00:00,1,1,0,FMN GV 10 Beerse
39,Antwerpseweg 195,2019-03-02,05:00:00,0,0,0,FMN GV 10 Beerse
39,Antwerpseweg 195,2019-03-02,06:00:00,0,0,0,FMN GV 10 Beerse
39,Antwerpseweg 195,2019-03-02,07:00:00,1,1,0,FMN GV 10 Beerse
39,Antwerpseweg 195,2019-03-02,08:00:00,3,1,2,FMN GV 10 Beerse
39,Antwerpseweg 195,2019-03-02,09:00:00,9,4,5,FMN GV 10 Beerse
39,Antwerpseweg 195,2019-03-02,10:00:00,10,5,5,FMN GV 10 Beerse
39,Antwerpseweg 195,2019-03-02,11:00:00,9,5,4,FMN GV 10 Beerse
39,Antwerpseweg 195,2019-03-02,12:00:00,18,15,3,FMN GV 10 Beerse
39,Antwerpseweg 195,2019-03-02,13:00:00,11,8,3,FMN GV 10 Beerse
39,Antwerpseweg 195,2019-03-02,14:00:00,9,3,6,FMN GV 10 Beerse
39,Antwerpseweg 195,2019-03-02,15:00:00,7,5,2,FMN GV 10 Beerse
39,Antwerpseweg 195,2019-03-02,16:00:00,5,2,3,FMN GV 10 Beerse
39,Antwerpseweg 195,2019-03-02,17:00:00,3,2,1,FMN GV 10 Beerse
39,Antwerpseweg 195,2019-03-02,18:00:00,4,1,3,FMN GV 10 Beerse
39,Antwerpseweg 195,2019-03-02,19:00:00,2,1,1,FMN GV 10 Beerse
39,Antwerpseweg 195,2019-03-02,20:00:00,1,0,1,FMN GV 10 Beerse
39,Antwerpseweg 195,2019-03-02,21:00:00,1,1,0,FMN GV 10 Beerse
39,Antwerpseweg 195,2019-03-02,22:00:00,0,0,0,FMN GV 10 Beerse
39,Antwerpseweg 195,2019-03-02,23:00:00,0,0,0,FMN GV 10 Beerse
39,Antwerpseweg 195,2019-03-03,00:00:00,4,1,3,FMN GV 10 Beerse
39,Antwerpseweg 195,2019-03-03,01:00:00,1,0,1,FMN GV 10 Beerse
39,Antwerpseweg 195,2019-03-03,02:00:00,1,1,0,FMN GV 10 Beerse
39,Antwerpseweg 195,2019-03-03,03:00:00,0,0,0,FMN GV 10 Beerse
39,Antwerpseweg 195,2019-03-03,04:00:00,1,1,0,FMN GV 10 Beerse
39,Antwerpseweg 195,2019-03-03,05:00:00,0,0,0,FMN GV 10 Beerse
39,Antwerpseweg 195,2019-03-03,06:00:00,0,0,0,FMN GV 10 Beerse
39,Antwerpseweg 195,2019-03-03,07:00:00,0,0,0,FMN GV 10 Beerse
39,Antwerpseweg 195,2019-03-03,08:00:00,1,0,1,FMN GV 10 Beerse
39,Antwerpseweg 195,2019-03-03,09:00:00,4,3,1,FMN GV 10 Beerse
39,Antwerpseweg 195,2019-03-03,10:00:00,2,1,1,FMN GV 10 Beerse
39,Antwerpseweg 195,2019-03-03,11:00:00,2,0,2,FMN GV 10 Beerse
39,Antwerpseweg 195,2019-03-03,12:00:00,6,4,2,FMN GV 10 Beerse
39,Antwerpseweg 195,2019-03-03,13:00:00,6,4,2,FMN GV 10 Beerse
39,Antwerpseweg 195,2019-03-03,14:00:00,4,2,2,FMN GV 10 Beerse
39,Antwerpseweg 195,2019-03-03,15:00:00,2,1,1,FMN GV 10 Beerse
39,Antwerpseweg 195,2019-03-03,16:00:00,2,1,1,FMN GV 10 Beerse
39,Antwerpseweg 195,2019-03-03,17:00:00,2,1,1,FMN GV 10 Beerse
39,Antwerpseweg 195,2019-03-03,18:00:00,2,1,1,FMN GV 10 Beerse
39,Antwerpseweg 195,2019-03-03,19:00:00,1,1,0,FMN GV 10 Beerse
39,Antwerpseweg 195,2019-03-03,20:00:00,2,1,1,FMN GV 10 Beerse
39,Antwerpseweg 195,2019-03-03,21:00:00,0,0,0,FMN GV 10 Beerse
39,Antwerpseweg 195,2019-03-03,22:00:00,0,0,0,FMN GV 10 Beerse
39,Antwerpseweg 195,2019-03-03,23:00:00,0,0,0,FMN GV 10 Beerse
39,Antwerpseweg 195,2019-03-04,00:00:00,0,0,0,FMN GV 10 Beerse
39,Antwerpseweg 195,2019-03-04,01:00:00,0,0,0,FMN GV 10 Beerse
39,Antwerpseweg 195,2019-03-04,02:00:00,0,0,0,FMN GV 10 Beerse
39,Antwerpseweg 195,2019-03-04,03:00:00,0,0,0,FMN GV 10 Beerse
39,Antwerpseweg 195,2019-03-04,04:00:00,0,0,0,FMN GV 10 Beerse
39,Antwerpseweg 195,2019-03-04,05:00:00,5,5,0,FMN GV 10 Beerse
39,Antwerpseweg 195,2019-03-04,06:00:00,3,3,0,FMN GV 10 Beerse
39,Antwerpseweg 195,2019-03-04,07:00:00,13,13,0,FMN GV 10 Beerse
39,Antwerpseweg 195,2019-03-04,08:00:00,9,9,0,FMN GV 10 Beerse
39,Antwerpseweg 195,2019-03-04,09:00:00,4,4,0,FMN GV 10 Beerse
39,Antwerpseweg 195,2019-03-04,10:00:00,1,1,0,FMN GV 10 Beerse
39,Antwerpseweg 195,2019-03-04,11:00:00,1,1,0,FMN GV 10 Beerse
39,Antwerpseweg 195,2019-03-04,12:00:00,4,2,2,FMN GV 10 Beerse
39,Antwerpseweg 195,2019-03-04,13:00:00,17,13,4,FMN GV 10 Beerse
39,Antwerpseweg 195,2019-03-04,14:00:00,11,6,5,FMN GV 10 Beerse
39,Antwerpseweg 195,2019-03-04,15:00:00,6,0,6,FMN GV 10 Beerse
39,Antwerpseweg 195,2019-03-04,16:00:00,17,12,5,FMN GV 10 Beerse
39,Antwerpseweg 195,2019-03-04,17:00:00,18,14,4,FMN GV 10 Beerse
39,Antwerpseweg 195,2019-03-04,18:00:00,5,3,2,FMN GV 10 Beerse
39,Antwerpseweg 195,2019-03-04,19:00:00,3,2,1,FMN GV 10 Beerse
39,Antwerpseweg 195,2019-03-04,20:00:00,1,0,1,FMN GV 10 Beerse
39,Antwerpseweg 195,2019-03-04,21:00:00,2,1,1,FMN GV 10 Beerse
39,Antwerpseweg 195,2019-03-04,22:00:00,3,1,2,FMN GV 10 Beerse
39,Antwerpseweg 195,2019-03-04,23:00:00,0,0,0,FMN GV 10 Beerse
39,Antwerpseweg 195,2019-03-05,00:00:00,0,0,0,FMN GV 10 Beerse
39,Antwerpseweg 195,2019-03-05,01:00:00,0,0,0,FMN GV 10 Beerse
39,Antwerpseweg 195,2019-03-05,02:00:00,0,0,0,FMN GV 10 Beerse
39,Antwerpseweg 195,2019-03-05,03:00:00,1,1,0,FMN GV 10 Beerse
39,Antwerpseweg 195,2019-03-05,04:00:00,1,1,0,FMN GV 10 Beerse
39,Antwerpseweg 195,2019-03-05,05:00:00,6,5,1,FMN GV 10 Beerse
39,Antwerpseweg 195,2019-03-05,06:00:00,7,7,0,FMN GV 10 Beerse
39,Antwerpseweg 195,2019-03-05,07:00:00,17,16,1,FMN GV 10 Beerse
39,Antwerpseweg 195,2019-03-05,08:00:00,14,12,2,FMN GV 10 Beerse
39,Antwerpseweg 195,2019-03-05,09:00:00,7,6,1,FMN GV 10 Beerse
39,Antwerpseweg 195,2019-03-05,10:00:00,3,2,1,FMN GV 10 Beerse
39,Antwerpseweg 195,2019-03-05,11:00:00,6,6,0,FMN GV 10 Beerse
39,Antwerpseweg 195,2019-03-05,12:00:00,12,12,0,FMN GV 10 Beerse
39,Antwerpseweg 195,2019-03-05,13:00:00,17,7,10,FMN GV 10 Beerse
39,Antwerpseweg 195,2019-03-05,14:00:00,19,9,10,FMN GV 10 Beerse
39,Antwerpseweg 195,2019-03-05,15:00:00,9,3,6,FMN GV 10 Beerse
39,Antwerpseweg 195,2019-03-05,16:00:00,24,15,9,FMN GV 10 Beerse
39,Antwerpseweg 195,2019-03-05,17:00:00,17,8,9,FMN GV 10 Beerse
39,Antwerpseweg 195,2019-03-05,18:00:00,9,6,3,FMN GV 10 Beerse
39,Antwerpseweg 195,2019-03-05,19:00:00,5,4,1,FMN GV 10 Beerse
39,Antwerpseweg 195,2019-03-05,20:00:00,4,4,0,FMN GV 10 Beerse
39,Antwerpseweg 195,2019-03-05,21:00:00,2,1,1,FMN GV 10 Beerse
39,Antwerpseweg 195,2019-03-05,22:00:00,3,2,1,FMN GV 10 Beerse
39,Antwerpseweg 195,2019-03-05,23:00:00,0,0,0,FMN GV 10 Beerse
39,Antwerpseweg 195,2019-03-06,00:00:00,0,0,0,FMN GV 10 Beerse
39,Antwerpseweg 195,2019-03-06,01:00:00,0,0,0,FMN GV 10 Beerse
39,Antwerpseweg 195,2019-03-06,02:00:00,0,0,0,FMN GV 10 Beerse
39,Antwerpseweg 195,2019-03-06,03:00:00,1,1,0,FMN GV 10 Beerse
39,Antwerpseweg 195,2019-03-06,04:00:00,1,1,0,FMN GV 10 Beerse
39,Antwerpseweg 195,2019-03-06,05:00:00,7,6,1,FMN GV 10 Beerse
39,Antwerpseweg 195,2019-03-06,06:00:00,3,1,2,FMN GV 10 Beerse
39,Antwerpseweg 195,2019-03-06,07:00:00,30,26,4,FMN GV 10 Beerse
39,Antwerpseweg 195,2019-03-06,08:00:00,15,12,3,FMN GV 10 Beerse
39,Antwerpseweg 195,2019-03-06,09:00:00,6,3,3,FMN GV 10 Beerse
39,Antwerpseweg 195,2019-03-06,10:00:00,3,2,1,FMN GV 10 Beerse
39,Antwerpseweg 195,2019-03-06,11:00:00,7,4,3,FMN GV 10 Beerse
39,Antwerpseweg 195,2019-03-06,12:00:00,5,2,3,FMN GV 10 Beerse
39,Antwerpseweg 195,2019-03-06,13:00:00,22,15,7,FMN GV 10 Beerse
39,Antwerpseweg 195,2019-03-06,14:00:00,5,4,1,FMN GV 10 Beerse
39,Antwerpseweg 195,2019-03-06,15:00:00,7,3,4,FMN GV 10 Beerse
39,Antwerpseweg 195,2019-03-06,16:00:00,13,8,5,FMN GV 10 Beerse
39,Antwerpseweg 195,2019-03-06,17:00:00,19,11,8,FMN GV 10 Beerse
39,Antwerpseweg 195,2019-03-06,18:00:00,9,7,2,FMN GV 10 Beerse
39,Antwerpseweg 195,2019-03-06,19:00:00,10,7,3,FMN GV 10 Beerse
39,Antwerpseweg 195,2019-03-06,20:00:00,2,1,1,FMN GV 10 Beerse
39,Antwerpseweg 195,2019-03-06,21:00:00,0,0,0,FMN GV 10 Beerse
39,Antwerpseweg 195,2019-03-06,22:00:00,0,0,0,FMN GV 10 Beerse
39,Antwerpseweg 195,2019-03-06,23:00:00,1,0,1,FMN GV 10 Beerse
39,Antwerpseweg 195,2019-03-07,00:00:00,0,0,0,FMN GV 10 Beerse
39,Antwerpseweg 195,2019-03-07,01:00:00,0,0,0,FMN GV 10 Beerse
39,Antwerpseweg 195,2019-03-07,02:00:00,0,0,0,FMN GV 10 Beerse
39,Antwerpseweg 195,2019-03-07,03:00:00,0,0,0,FMN GV 10 Beerse
39,Antwerpseweg 195,2019-03-07,04:00:00,1,1,0,FMN GV 10 Beerse
39,Antwerpseweg 195,2019-03-07,05:00:00,2,0,2,FMN GV 10 Beerse
39,Antwerpseweg 195,2019-03-07,06:00:00,5,4,1,FMN GV 10 Beerse
39,Antwerpseweg 195,2019-03-07,07:00:00,11,10,1,FMN GV 10 Beerse
39,Antwerpseweg 195,2019-03-07,08:00:00,11,9,2,FMN GV 10 Beerse
39,Antwerpseweg 195,2019-03-07,09:00:00,5,5,0,FMN GV 10 Beerse
39,Antwerpseweg 195,2019-03-07,10:00:00,7,6,1,FMN GV 10 Beerse
39,Antwerpseweg 195,2019-03-07,11:00:00,5,3,2,FMN GV 10 Beerse
39,Antwerpseweg 195,2019-03-07,12:00:00,3,2,1,FMN GV 10 Beerse
39,Antwerpseweg 195,2019-03-07,13:00:00,7,4,3,FMN GV 10 Beerse
39,Antwerpseweg 195,2019-03-07,14:00:00,6,6,0,FMN GV 10 Beerse
39,Antwerpseweg 195,2019-03-07,15:00:00,4,1,3,FMN GV 10 Beerse
39,Antwerpseweg 195,2019-03-07,16:00:00,14,7,7,FMN GV 10 Beerse
39,Antwerpseweg 195,2019-03-07,17:00:00,7,5,2,FMN GV 10 Beerse
39,Antwerpseweg 195,2019-03-07,18:00:00,4,4,0,FMN GV 10 Beerse
39,Antwerpseweg 195,2019-03-07,19:00:00,4,1,3,FMN GV 10 Beerse
39,Antwerpseweg 195,2019-03-07,20:00:00,1,1,0,FMN GV 10 Beerse
39,Antwerpseweg 195,2019-03-07,21:00:00,0,0,0,FMN GV 10 Beerse
39,Antwerpseweg 195,2019-03-07,22:00:00,2,1,1,FMN GV 10 Beerse
39,Antwerpseweg 195,2019-03-07,23:00:00,0,0,0,FMN GV 10 Beerse
39,Antwerpseweg 195,2019-03-08,00:00:00,0,0,0,FMN GV 10 Beerse
39,Antwerpseweg 195,2019-03-08,01:00:00,0,0,0,FMN GV 10 Beerse
39,Antwerpseweg 195,2019-03-08,02:00:00,0,0,0,FMN GV 10 Beerse
39,Antwerpseweg 195,2019-03-08,03:00:00,0,0,0,FMN GV 10 Beerse
39,Antwerpseweg 195,2019-03-08,04:00:00,1,1,0,FMN GV 10 Beerse
39,Antwerpseweg 195,2019-03-08,05:00:00,6,5,1,FMN GV 10 Beerse
39,Antwerpseweg 195,2019-03-08,06:00:00,8,6,2,FMN GV 10 Beerse
39,Antwerpseweg 195,2019-03-08,07:00:00,14,12,2,FMN GV 10 Beerse
39,Antwerpseweg 195,2019-03-08,08:00:00,13,10,3,FMN GV 10 Beerse
39,Antwerpseweg 195,2019-03-08,09:00:00,12,7,5,FMN GV 10 Beerse
39,Antwerpseweg 195,2019-03-08,10:00:00,10,8,2,FMN GV 10 Beerse
39,Antwerpseweg 195,2019-03-08,11:00:00,12,10,2,FMN GV 10 Beerse
39,Antwerpseweg 195,2019-03-08,12:00:00,10,10,0,FMN GV 10 Beerse
39,Antwerpseweg 195,2019-03-08,13:00:00,11,7,4,FMN GV 10 Beerse
39,Antwerpseweg 195,2019-03-08,14:00:00,15,9,6,FMN GV 10 Beerse
39,Antwerpseweg 195,2019-03-08,15:00:00,15,8,7,FMN GV 10 Beerse
39,Antwerpseweg 195,2019-03-08,16:00:00,17,11,6,FMN GV 10 Beerse
39,Antwerpseweg 195,2019-03-08,17:00:00,18,11,7,FMN GV 10 Beerse
39,Antwerpseweg 195,2019-03-08,18:00:00,8,6,2,FMN GV 10 Beerse
39,Antwerpseweg 195,2019-03-08,19:00:00,6,3,3,FMN GV 10 Beerse
39,Antwerpseweg 195,2019-03-08,20:00:00,3,1,2,FMN GV 10 Beerse
39,Antwerpseweg 195,2019-03-08,21:00:00,1,0,1,FMN GV 10 Beerse
39,Antwerpseweg 195,2019-03-08,22:00:00,2,2,0,FMN GV 10 Beerse
39,Antwerpseweg 195,2019-03-08,23:00:00,0,0,0,FMN GV 10 Beerse
39,Antwerpseweg 195,2019-03-09,00:00:00,2,0,2,FMN GV 10 Beerse
39,Antwerpseweg 195,2019-03-09,01:00:00,1,1,0,FMN GV 10 Beerse
39,Antwerpseweg 195,2019-03-09,02:00:00,1,0,1,FMN GV 10 Beerse
39,Antwerpseweg 195,2019-03-09,03:00:00,0,0,0,FMN GV 10 Beerse
39,Antwerpseweg 195,2019-03-09,04:00:00,0,0,0,FMN GV 10 Beerse
39,Antwerpseweg 195,2019-03-09,05:00:00,0,0,0,FMN GV 10 Beerse
39,Antwerpseweg 195,2019-03-09,06:00:00,0,0,0,FMN GV 10 Beerse
39,Antwerpseweg 195,2019-03-09,07:00:00,3,3,0,FMN GV 10 Beerse
39,Antwerpseweg 195,2019-03-09,08:00:00,6,1,5,FMN GV 10 Beerse
39,Antwerpseweg 195,2019-03-09,09:00:00,10,6,4,FMN GV 10 Beerse
39,Antwerpseweg 195,2019-03-09,10:00:00,8,6,2,FMN GV 10 Beerse
39,Antwerpseweg 195,2019-03-09,11:00:00,7,3,4,FMN GV 10 Beerse
39,Antwerpseweg 195,2019-03-09,12:00:00,14,6,8,FMN GV 10 Beerse
39,Antwerpseweg 195,2019-03-09,13:00:00,14,9,5,FMN GV 10 Beerse
39,Antwerpseweg 195,2019-03-09,14:00:00,11,7,4,FMN GV 10 Beerse
39,Antwerpseweg 195,2019-03-09,15:00:00,5,2,3,FMN GV 10 Beerse
39,Antwerpseweg 195,2019-03-09,16:00:00,6,3,3,FMN GV 10 Beerse
39,Antwerpseweg 195,2019-03-09,17:00:00,1,0,1,FMN GV 10 Beerse
39,Antwerpseweg 195,2019-03-09,18:00:00,5,2,3,FMN GV 10 Beerse
39,Antwerpseweg 195,2019-03-09,19:00:00,2,1,1,FMN GV 10 Beerse
39,Antwerpseweg 195,2019-03-09,20:00:00,1,1,0,FMN GV 10 Beerse
39,Antwerpseweg 195,2019-03-09,21:00:00,2,2,0,FMN GV 10 Beerse
39,Antwerpseweg 195,2019-03-09,22:00:00,1,0,1,FMN GV 10 Beerse
39,Antwerpseweg 195,2019-03-09,23:00:00,0,0,0,FMN GV 10 Beerse
39,Antwerpseweg 195,2019-03-10,00:00:00,0,0,0,FMN GV 10 Beerse
39,Antwerpseweg 195,2019-03-10,01:00:00,0,0,0,FMN GV 10 Beerse
39,Antwerpseweg 195,2019-03-10,02:00:00,3,3,0,FMN GV 10 Beerse
39,Antwerpseweg 195,2019-03-10,03:00:00,0,0,0,FMN GV 10 Beerse
39,Antwerpseweg 195,2019-03-10,04:00:00,0,0,0,FMN GV 10 Beerse
39,Antwerpseweg 195,2019-03-10,05:00:00,1,1,0,FMN GV 10 Beerse
39,Antwerpseweg 195,2019-03-10,06:00:00,0,0,0,FMN GV 10 Beerse
39,Antwerpseweg 195,2019-03-10,07:00:00,1,1,0,FMN GV 10 Beerse
39,Antwerpseweg 195,2019-03-10,08:00:00,0,0,0,FMN GV 10 Beerse
39,Antwerpseweg 195,2019-03-10,09:00:00,5,4,1,FMN GV 10 Beerse
39,Antwerpseweg 195,2019-03-10,10:00:00,2,1,1,FMN GV 10 Beerse
39,Antwerpseweg 195,2019-03-10,11:00:00,6,3,3,FMN GV 10 Beerse
39,Antwerpseweg 195,2019-03-10,12:00:00,6,5,1,FMN GV 10 Beerse
39,Antwerpseweg 195,2019-03-10,13:00:00,1,0,1,FMN GV 10 Beerse
39,Antwerpseweg 195,2019-03-10,14:00:00,0,0,0,FMN GV 10 Beerse
39,Antwerpseweg 195,2019-03-10,15:00:00,0,0,0,FMN GV 10 Beerse
39,Antwerpseweg 195,2019-03-10,16:00:00,2,2,0,FMN GV 10 Beerse
39,Antwerpseweg 195,2019-03-10,17:00:00,0,0,0,FMN GV 10 Beerse
39,Antwerpseweg 195,2019-03-10,18:00:00,1,1,0,FMN GV 10 Beerse
39,Antwerpseweg 195,2019-03-10,19:00:00,1,1,0,FMN GV 10 Beerse
39,Antwerpseweg 195,2019-03-10,20:00:00,0,0,0,FMN GV 10 Beerse
39,Antwerpseweg 195,2019-03-10,21:00:00,1,0,1,FMN GV 10 Beerse
39,Antwerpseweg 195,2019-03-10,22:00:00,0,0,0,FMN GV 10 Beerse
39,Antwerpseweg 195,2019-03-10,23:00:00,0,0,0,FMN GV 10 Beerse
39,Antwerpseweg 195,2019-03-11,00:00:00,0,0,0,FMN GV 10 Beerse
39,Antwerpseweg 195,2019-03-11,01:00:00,0,0,0,FMN GV 10 Beerse
39,Antwerpseweg 195,2019-03-11,02:00:00,0,0,0,FMN GV 10 Beerse
39,Antwerpseweg 195,2019-03-11,03:00:00,0,0,0,FMN GV 10 Beerse
39,Antwerpseweg 195,2019-03-11,04:00:00,1,1,0,FMN GV 10 Beerse
39,Antwerpseweg 195,2019-03-11,05:00:00,6,6,0,FMN GV 10 Beerse
39,Antwerpseweg 195,2019-03-11,06:00:00,2,1,1,FMN GV 10 Beerse
39,Antwerpseweg 195,2019-03-11,07:00:00,27,21,6,FMN GV 10 Beerse
39,Antwerpseweg 195,2019-03-11,08:00:00,11,10,1,FMN GV 10 Beerse
39,Antwerpseweg 195,2019-03-11,09:00:00,4,3,1,FMN GV 10 Beerse
39,Antwerpseweg 195,2019-03-11,10:00:00,2,1,1,FMN GV 10 Beerse
39,Antwerpseweg 195,2019-03-11,11:00:00,1,1,0,FMN GV 10 Beerse
39,Antwerpseweg 195,2019-03-11,12:00:00,6,5,1,FMN GV 10 Beerse
39,Antwerpseweg 195,2019-03-11,13:00:00,12,9,3,FMN GV 10 Beerse
39,Antwerpseweg 195,2019-03-11,14:00:00,11,8,3,FMN GV 10 Beerse
39,Antwerpseweg 195,2019-03-11,15:00:00,13,6,7,FMN GV 10 Beerse
39,Antwerpseweg 195,2019-03-11,16:00:00,18,13,5,FMN GV 10 Beerse
39,Antwerpseweg 195,2019-03-11,17:00:00,18,11,7,FMN GV 10 Beerse
39,Antwerpseweg 195,2019-03-11,18:00:00,4,4,0,FMN GV 10 Beerse
39,Antwerpseweg 195,2019-03-11,19:00:00,2,2,0,FMN GV 10 Beerse
39,Antwerpseweg 195,2019-03-11,20:00:00,3,1,2,FMN GV 10 Beerse
39,Antwerpseweg 195,2019-03-11,21:00:00,2,1,1,FMN GV 10 Beerse
39,Antwerpseweg 195,2019-03-11,22:00:00,3,1,2,FMN GV 10 Beerse
39,Antwerpseweg 195,2019-03-11,23:00:00,0,0,0,FMN GV 10 Beerse
39,Antwerpseweg 195,2019-03-12,00:00:00,0,0,0,FMN GV 10 Beerse
39,Antwerpseweg 195,2019-03-12,01:00:00,0,0,0,FMN GV 10 Beerse
39,Antwerpseweg 195,2019-03-12,02:00:00,0,0,0,FMN GV 10 Beerse
39,Antwerpseweg 195,2019-03-12,03:00:00,0,0,0,FMN GV 10 Beerse
39,Antwerpseweg 195,2019-03-12,04:00:00,1,1,0,FMN GV 10 Beerse
39,Antwerpseweg 195,2019-03-12,05:00:00,6,5,1,FMN GV 10 Beerse
39,Antwerpseweg 195,2019-03-12,06:00:00,4,4,0,FMN GV 10 Beerse
39,Antwerpseweg 195,2019-03-12,07:00:00,22,18,4,FMN GV 10 Beerse
39,Antwerpseweg 195,2019-03-12,08:00:00,13,12,1,FMN GV 10 Beerse
39,Antwerpseweg 195,2019-03-12,09:00:00,5,4,1,FMN GV 10 Beerse
39,Antwerpseweg 195,2019-03-12,10:00:00,5,2,3,FMN GV 10 Beerse
39,Antwerpseweg 195,2019-03-12,11:00:00,8,5,3,FMN GV 10 Beerse
39,Antwerpseweg 195,2019-03-12,12:00:00,6,6,0,FMN GV 10 Beerse
39,Antwerpseweg 195,2019-03-12,13:00:00,10,7,3,FMN GV 10 Beerse
39,Antwerpseweg 195,2019-03-12,14:00:00,10,7,3,FMN GV 10 Beerse
39,Antwerpseweg 195,2019-03-12,15:00:00,14,10,4,FMN GV 10 Beerse
39,Antwerpseweg 195,2019-03-12,16:00:00,32,21,11,FMN GV 10 Beerse
39,Antwerpseweg 195,2019-03-12,17:00:00,15,10,5,FMN GV 10 Beerse
39,Antwerpseweg 195,2019-03-12,18:00:00,8,5,3,FMN GV 10 Beerse
39,Antwerpseweg 195,2019-03-12,19:00:00,1,0,1,FMN GV 10 Beerse
39,Antwerpseweg 195,2019-03-12,20:00:00,0,0,0,FMN GV 10 Beerse
39,Antwerpseweg 195,2019-03-12,21:00:00,2,2,0,FMN GV 10 Beerse
39,Antwerpseweg 195,2019-03-12,22:00:00,3,2,1,FMN GV 10 Beerse
39,Antwerpseweg 195,2019-03-12,23:00:00,1,0,1,FMN GV 10 Beerse
39,Antwerpseweg 195,2019-03-13,00:00:00,0,0,0,FMN GV 10 Beerse
39,Antwerpseweg 195,2019-03-13,01:00:00,0,0,0,FMN GV 10 Beerse
39,Antwerpseweg 195,2019-03-13,02:00:00,0,0,0,FMN GV 10 Beerse
39,Antwerpseweg 195,2019-03-13,03:00:00,1,1,0,FMN GV 10 Beerse
39,Antwerpseweg 195,2019-03-13,04:00:00,1,1,0,FMN GV 10 Beerse
39,Antwerpseweg 195,2019-03-13,05:00:00,6,5,1,FMN GV 10 Beerse
39,Antwerpseweg 195,2019-03-13,06:00:00,4,1,3,FMN GV 10 Beerse
39,Antwerpseweg 195,2019-03-13,07:00:00,29,26,3,FMN GV 10 Beerse
39,Antwerpseweg 195,2019-03-13,08:00:00,12,12,0,FMN GV 10 Beerse
39,Antwerpseweg 195,2019-03-13,09:00:00,2,2,0,FMN GV 10 Beerse
39,Antwerpseweg 195,2019-03-13,10:00:00,5,3,2,FMN GV 10 Beerse
39,Antwerpseweg 195,2019-03-13,11:00:00,3,1,2,FMN GV 10 Beerse
39,Antwerpseweg 195,2019-03-13,12:00:00,10,8,2,FMN GV 10 Beerse
39,Antwerpseweg 195,2019-03-13,13:00:00,7,4,3,FMN GV 10 Beerse
39,Antwerpseweg 195,2019-03-13,14:00:00,3,1,2,FMN GV 10 Beerse
39,Antwerpseweg 195,2019-03-13,15:00:00,6,4,2,FMN GV 10 Beerse
39,Antwerpseweg 195,2019-03-13,16:00:00,11,8,3,FMN GV 10 Beerse
39,Antwerpseweg 195,2019-03-13,17:00:00,14,6,8,FMN GV 10 Beerse
39,Antwerpseweg 195,2019-03-13,18:00:00,5,2,3,FMN GV 10 Beerse
39,Antwerpseweg 195,2019-03-13,19:00:00,4,3,1,FMN GV 10 Beerse
39,Antwerpseweg 195,2019-03-13,20:00:00,1,0,1,FMN GV 10 Beerse
39,Antwerpseweg 195,2019-03-13,21:00:00,3,3,0,FMN GV 10 Beerse
39,Antwerpseweg 195,2019-03-13,22:00:00,2,2,0,FMN GV 10 Beerse
39,Antwerpseweg 195,2019-03-13,23:00:00,0,0,0,FMN GV 10 Beerse
39,Antwerpseweg 195,2019-03-14,00:00:00,0,0,0,FMN GV 10 Beerse
39,Antwerpseweg 195,2019-03-14,01:00:00,0,0,0,FMN GV 10 Beerse
39,Antwerpseweg 195,2019-03-14,02:00:00,0,0,0,FMN GV 10 Beerse
39,Antwerpseweg 195,2019-03-14,03:00:00,0,0,0,FMN GV 10 Beerse
39,Antwerpseweg 195,2019-03-14,04:00:00,1,1,0,FMN GV 10 Beerse
39,Antwerpseweg 195,2019-03-14,05:00:00,5,5,0,FMN GV 10 Beerse
39,Antwerpseweg 195,2019-03-14,06:00:00,3,2,1,FMN GV 10 Beerse
39,Antwerpseweg 195,2019-03-14,07:00:00,24,19,5,FMN GV 10 Beerse
39,Antwerpseweg 195,2019-03-14,08:00:00,8,7,1,FMN GV 10 Beerse
39,Antwerpseweg 195,2019-03-14,09:00:00,3,1,2,FMN GV 10 Beerse
39,Antwerpseweg 195,2019-03-14,10:00:00,0,0,0,FMN GV 10 Beerse
39,Antwerpseweg 195,2019-03-14,11:00:00,1,0,1,FMN GV 10 Beerse
39,Antwerpseweg 195,2019-03-14,12:00:00,3,3,0,FMN GV 10 Beerse
39,Antwerpseweg 195,2019-03-14,13:00:00,6,4,2,FMN GV 10 Beerse
39,Antwerpseweg 195,2019-03-14,14:00:00,6,4,2,FMN GV 10 Beerse
39,Antwerpseweg 195,2019-03-14,15:00:00,11,6,5,FMN GV 10 Beerse
39,Antwerpseweg 195,2019-03-14,16:00:00,20,12,8,FMN GV 10 Beerse
39,Antwerpseweg 195,2019-03-14,17:00:00,16,9,7,FMN GV 10 Beerse
39,Antwerpseweg 195,2019-03-14,18:00:00,7,5,2,FMN GV 10 Beerse
39,Antwerpseweg 195,2019-03-14,19:00:00,5,4,1,FMN GV 10 Beerse
39,Antwerpseweg 195,2019-03-14,20:00:00,4,2,2,FMN GV 10 Beerse
39,Antwerpseweg 195,2019-03-14,21:00:00,2,1,1,FMN GV 10 Beerse
39,Antwerpseweg 195,2019-03-14,22:00:00,2,2,0,FMN GV 10 Beerse
39,Antwerpseweg 195,2019-03-14,23:00:00,0,0,0,FMN GV 10 Beerse
39,Antwerpseweg 195,2019-03-15,00:00:00,0,0,0,FMN GV 10 Beerse
39,Antwerpseweg 195,2019-03-15,01:00:00,0,0,0,FMN GV 10 Beerse
39,Antwerpseweg 195,2019-03-15,02:00:00,0,0,0,FMN GV 10 Beerse
39,Antwerpseweg 195,2019-03-15,03:00:00,0,0,0,FMN GV 10 Beerse
39,Antwerpseweg 195,2019-03-15,04:00:00,1,1,0,FMN GV 10 Beerse
39,Antwerpseweg 195,2019-03-15,05:00:00,3,3,0,FMN GV 10 Beerse
39,Antwerpseweg 195,2019-03-15,06:00:00,3,1,2,FMN GV 10 Beerse
39,Antwerpseweg 195,2019-03-15,07:00:00,16,14,2,FMN GV 10 Beerse
39,Antwerpseweg 195,2019-03-15,08:00:00,6,6,0,FMN GV 10 Beerse
39,Antwerpseweg 195,2019-03-15,09:00:00,1,0,1,FMN GV 10 Beerse
39,Antwerpseweg 195,2019-03-15,10:00:00,5,5,0,FMN GV 10 Beerse
39,Antwerpseweg 195,2019-03-15,11:00:00,1,1,0,FMN GV 10 Beerse
39,Antwerpseweg 195,2019-03-15,12:00:00,4,1,3,FMN GV 10 Beerse
39,Antwerpseweg 195,2019-03-15,13:00:00,9,4,5,FMN GV 10 Beerse
39,Antwerpseweg 195,2019-03-15,14:00:00,6,3,3,FMN GV 10 Beerse
39,Antwerpseweg 195,2019-03-15,15:00:00,10,5,5,FMN GV 10 Beerse
39,Antwerpseweg 195,2019-03-15,16:00:00,20,14,6,FMN GV 10 Beerse
39,Antwerpseweg 195,2019-03-15,17:00:00,4,4,0,FMN GV 10 Beerse
39,Antwerpseweg 195,2019-03-15,18:00:00,5,3,2,FMN GV 10 Beerse
39,Antwerpseweg 195,2019-03-15,19:00:00,5,4,1,FMN GV 10 Beerse
39,Antwerpseweg 195,2019-03-15,20:00:00,5,4,1,FMN GV 10 Beerse
39,Antwerpseweg 195,2019-03-15,21:00:00,1,1,0,FMN GV 10 Beerse
39,Antwerpseweg 195,2019-03-15,22:00:00,2,1,1,FMN GV 10 Beerse
39,Antwerpseweg 195,2019-03-15,23:00:00,0,0,0,FMN GV 10 Beerse
39,Antwerpseweg 195,2019-03-16,00:00:00,2,1,1,FMN GV 10 Beerse
39,Antwerpseweg 195,2019-03-16,01:00:00,0,0,0,FMN GV 10 Beerse
39,Antwerpseweg 195,2019-03-16,02:00:00,0,0,0,FMN GV 10 Beerse
39,Antwerpseweg 195,2019-03-16,03:00:00,0,0,0,FMN GV 10 Beerse
39,Antwerpseweg 195,2019-03-16,04:00:00,0,0,0,FMN GV 10 Beerse
39,Antwerpseweg 195,2019-03-16,05:00:00,0,0,0,FMN GV 10 Beerse
39,Antwerpseweg 195,2019-03-16,06:00:00,0,0,0,FMN GV 10 Beerse
39,Antwerpseweg 195,2019-03-16,07:00:00,0,0,0,FMN GV 10 Beerse
39,Antwerpseweg 195,2019-03-16,08:00:00,1,0,1,FMN GV 10 Beerse
39,Antwerpseweg 195,2019-03-16,09:00:00,5,1,4,FMN GV 10 Beerse
39,Antwerpseweg 195,2019-03-16,10:00:00,9,5,4,FMN GV 10 Beerse
39,Antwerpseweg 195,2019-03-16,11:00:00,7,5,2,FMN GV 10 Beerse
39,Antwerpseweg 195,2019-03-16,12:00:00,7,6,1,FMN GV 10 Beerse
39,Antwerpseweg 195,2019-03-16,13:00:00,11,7,4,FMN GV 10 Beerse
39,Antwerpseweg 195,2019-03-16,14:00:00,16,5,11,FMN GV 10 Beerse
39,Antwerpseweg 195,2019-03-16,15:00:00,9,8,1,FMN GV 10 Beerse
39,Antwerpseweg 195,2019-03-16,16:00:00,10,7,3,FMN GV 10 Beerse
39,Antwerpseweg 195,2019-03-16,17:00:00,6,4,2,FMN GV 10 Beerse
39,Antwerpseweg 195,2019-03-16,18:00:00,5,2,3,FMN GV 10 Beerse
39,Antwerpseweg 195,2019-03-16,19:00:00,4,1,3,FMN GV 10 Beerse
39,Antwerpseweg 195,2019-03-16,20:00:00,5,0,5,FMN GV 10 Beerse
39,Antwerpseweg 195,2019-03-16,21:00:00,1,0,1,FMN GV 10 Beerse
39,Antwerpseweg 195,2019-03-16,22:00:00,2,1,1,FMN GV 10 Beerse
39,Antwerpseweg 195,2019-03-16,23:00:00,5,1,4,FMN GV 10 Beerse
39,Antwerpseweg 195,2019-03-17,00:00:00,5,0,5,FMN GV 10 Beerse
39,Antwerpseweg 195,2019-03-17,01:00:00,15,13,2,FMN GV 10 Beerse
39,Antwerpseweg 195,2019-03-17,02:00:00,2,2,0,FMN GV 10 Beerse
39,Antwerpseweg 195,2019-03-17,03:00:00,5,4,1,FMN GV 10 Beerse
39,Antwerpseweg 195,2019-03-17,04:00:00,3,2,1,FMN GV 10 Beerse
39,Antwerpseweg 195,2019-03-17,05:00:00,0,0,0,FMN GV 10 Beerse
39,Antwerpseweg 195,2019-03-17,06:00:00,1,1,0,FMN GV 10 Beerse
39,Antwerpseweg 195,2019-03-17,07:00:00,3,2,1,FMN GV 10 Beerse
39,Antwerpseweg 195,2019-03-17,08:00:00,8,0,8,FMN GV 10 Beerse
39,Antwerpseweg 195,2019-03-17,09:00:00,74,7,67,FMN GV 10 Beerse
39,Antwerpseweg 195,2019-03-17,10:00:00,53,6,47,FMN GV 10 Beerse
39,Antwerpseweg 195,2019-03-17,11:00:00,7,2,5,FMN GV 10 Beerse
39,Antwerpseweg 195,2019-03-17,12:00:00,5,3,2,FMN GV 10 Beerse
39,Antwerpseweg 195,2019-03-17,13:00:00,9,3,6,FMN GV 10 Beerse
39,Antwerpseweg 195,2019-03-17,14:00:00,4,2,2,FMN GV 10 Beerse
39,Antwerpseweg 195,2019-03-17,15:00:00,6,5,1,FMN GV 10 Beerse
39,Antwerpseweg 195,2019-03-17,16:00:00,6,4,2,FMN GV 10 Beerse
39,Antwerpseweg 195,2019-03-17,17:00:00,1,1,0,FMN GV 10 Beerse
39,Antwerpseweg 195,2019-03-17,18:00:00,3,2,1,FMN GV 10 Beerse
39,Antwerpseweg 195,2019-03-17,19:00:00,2,2,0,FMN GV 10 Beerse
39,Antwerpseweg 195,2019-03-17,20:00:00,0,0,0,FMN GV 10 Beerse
39,Antwerpseweg 195,2019-03-17,21:00:00,1,1,0,FMN GV 10 Beerse
39,Antwerpseweg 195,2019-03-17,22:00:00,0,0,0,FMN GV 10 Beerse
39,Antwerpseweg 195,2019-03-17,23:00:00,0,0,0,FMN GV 10 Beerse
39,Antwerpseweg 195,2019-03-18,00:00:00,0,0,0,FMN GV 10 Beerse
39,Antwerpseweg 195,2019-03-18,01:00:00,0,0,0,FMN GV 10 Beerse
39,Antwerpseweg 195,2019-03-18,02:00:00,0,0,0,FMN GV 10 Beerse
39,Antwerpseweg 195,2019-03-18,03:00:00,0,0,0,FMN GV 10 Beerse
39,Antwerpseweg 195,2019-03-18,04:00:00,1,1,0,FMN GV 10 Beerse
39,Antwerpseweg 195,2019-03-18,05:00:00,7,6,1,FMN GV 10 Beerse
39,Antwerpseweg 195,2019-03-18,06:00:00,6,4,2,FMN GV 10 Beerse
39,Antwerpseweg 195,2019-03-18,07:00:00,31,26,5,FMN GV 10 Beerse
39,Antwerpseweg 195,2019-03-18,08:00:00,28,20,8,FMN GV 10 Beerse
39,Antwerpseweg 195,2019-03-18,09:00:00,11,8,3,FMN GV 10 Beerse
39,Antwerpseweg 195,2019-03-18,10:00:00,7,6,1,FMN GV 10 Beerse
39,Antwerpseweg 195,2019-03-18,11:00:00,6,4,2,FMN GV 10 Beerse
39,Antwerpseweg 195,2019-03-18,12:00:00,16,10,6,FMN GV 10 Beerse
39,Antwerpseweg 195,2019-03-18,13:00:00,21,15,6,FMN GV 10 Beerse
39,Antwerpseweg 195,2019-03-18,14:00:00,9,7,2,FMN GV 10 Beerse
39,Antwerpseweg 195,2019-03-18,15:00:00,18,9,9,FMN GV 10 Beerse
39,Antwerpseweg 195,2019-03-18,16:00:00,40,26,14,FMN GV 10 Beerse
39,Antwerpseweg 195,2019-03-18,17:00:00,33,17,16,FMN GV 10 Beerse
39,Antwerpseweg 195,2019-03-18,18:00:00,8,7,1,FMN GV 10 Beerse
39,Antwerpseweg 195,2019-03-18,19:00:00,9,6,3,FMN GV 10 Beerse
39,Antwerpseweg 195,2019-03-18,20:00:00,3,1,2,FMN GV 10 Beerse
39,Antwerpseweg 195,2019-03-18,21:00:00,3,1,2,FMN GV 10 Beerse
39,Antwerpseweg 195,2019-03-18,22:00:00,5,2,3,FMN GV 10 Beerse
39,Antwerpseweg 195,2019-03-18,23:00:00,0,0,0,FMN GV 10 Beerse
39,Antwerpseweg 195,2019-03-19,00:00:00,0,0,0,FMN GV 10 Beerse
39,Antwerpseweg 195,2019-03-19,01:00:00,0,0,0,FMN GV 10 Beerse
39,Antwerpseweg 195,2019-03-19,02:00:00,0,0,0,FMN GV 10 Beerse
39,Antwerpseweg 195,2019-03-19,03:00:00,0,0,0,FMN GV 10 Beerse
39,Antwerpseweg 195,2019-03-19,04:00:00,2,2,0,FMN GV 10 Beerse
39,Antwerpseweg 195,2019-03-19,05:00:00,9,6,3,FMN GV 10 Beerse
39,Antwerpseweg 195,2019-03-19,06:00:00,9,7,2,FMN GV 10 Beerse
39,Antwerpseweg 195,2019-03-19,07:00:00,37,30,7,FMN GV 10 Beerse
39,Antwerpseweg 195,2019-03-19,08:00:00,29,24,5,FMN GV 10 Beerse
39,Antwerpseweg 195,2019-03-19,09:00:00,9,8,1,FMN GV 10 Beerse
39,Antwerpseweg 195,2019-03-19,10:00:00,5,4,1,FMN GV 10 Beerse
39,Antwerpseweg 195,2019-03-19,11:00:00,6,3,3,FMN GV 10 Beerse
39,Antwerpseweg 195,2019-03-19,12:00:00,12,7,5,FMN GV 10 Beerse
39,Antwerpseweg 195,2019-03-19,13:00:00,30,18,12,FMN GV 10 Beerse
39,Antwerpseweg 195,2019-03-19,14:00:00,15,11,4,FMN GV 10 Beerse
39,Antwerpseweg 195,2019-03-19,15:00:00,25,17,8,FMN GV 10 Beerse
39,Antwerpseweg 195,2019-03-19,16:00:00,51,33,18,FMN GV 10 Beerse
39,Antwerpseweg 195,2019-03-19,17:00:00,32,17,15,FMN GV 10 Beerse
39,Antwerpseweg 195,2019-03-19,18:00:00,19,13,6,FMN GV 10 Beerse
39,Antwerpseweg 195,2019-03-19,19:00:00,11,10,1,FMN GV 10 Beerse
39,Antwerpseweg 195,2019-03-19,20:00:00,4,2,2,FMN GV 10 Beerse
39,Antwerpseweg 195,2019-03-19,21:00:00,5,4,1,FMN GV 10 Beerse
39,Antwerpseweg 195,2019-03-19,22:00:00,4,1,3,FMN GV 10 Beerse
39,Antwerpseweg 195,2019-03-19,23:00:00,0,0,0,FMN GV 10 Beerse
39,Antwerpseweg 195,2019-03-20,00:00:00,0,0,0,FMN GV 10 Beerse
39,Antwerpseweg 195,2019-03-20,01:00:00,0,0,0,FMN GV 10 Beerse
39,Antwerpseweg 195,2019-03-20,02:00:00,0,0,0,FMN GV 10 Beerse
39,Antwerpseweg 195,2019-03-20,03:00:00,0,0,0,FMN GV 10 Beerse
39,Antwerpseweg 195,2019-03-20,04:00:00,3,3,0,FMN GV 10 Beerse
39,Antwerpseweg 195,2019-03-20,05:00:00,9,7,2,FMN GV 10 Beerse
39,Antwerpseweg 195,2019-03-20,06:00:00,6,5,1,FMN GV 10 Beerse
39,Antwerpseweg 195,2019-03-20,07:00:00,35,27,8,FMN GV 10 Beerse
39,Antwerpseweg 195,2019-03-20,08:00:00,26,23,3,FMN GV 10 Beerse
39,Antwerpseweg 195,2019-03-20,09:00:00,15,10,5,FMN GV 10 Beerse
39,Antwerpseweg 195,2019-03-20,10:00:00,11,6,5,FMN GV 10 Beerse
39,Antwerpseweg 195,2019-03-20,11:00:00,11,5,6,FMN GV 10 Beerse
39,Antwerpseweg 195,2019-03-20,12:00:00,17,12,5,FMN GV 10 Beerse
39,Antwerpseweg 195,2019-03-20,13:00:00,15,10,5,FMN GV 10 Beerse
39,Antwerpseweg 195,2019-03-20,14:00:00,13,12,1,FMN GV 10 Beerse
39,Antwerpseweg 195,2019-03-20,15:00:00,11,7,4,FMN GV 10 Beerse
39,Antwerpseweg 195,2019-03-20,16:00:00,27,16,11,FMN GV 10 Beerse
39,Antwerpseweg 195,2019-03-20,17:00:00,31,21,10,FMN GV 10 Beerse
39,Antwerpseweg 195,2019-03-20,18:00:00,13,7,6,FMN GV 10 Beerse
39,Antwerpseweg 195,2019-03-20,19:00:00,5,4,1,FMN GV 10 Beerse
39,Antwerpseweg 195,2019-03-20,20:00:00,5,3,2,FMN GV 10 Beerse
39,Antwerpseweg 195,2019-03-20,21:00:00,3,0,3,FMN GV 10 Beerse
39,Antwerpseweg 195,2019-03-20,22:00:00,1,1,0,FMN GV 10 Beerse
39,Antwerpseweg 195,2019-03-20,23:00:00,1,1,0,FMN GV 10 Beerse
39,Antwerpseweg 195,2019-03-21,00:00:00,0,0,0,FMN GV 10 Beerse
39,Antwerpseweg 195,2019-03-21,01:00:00,0,0,0,FMN GV 10 Beerse
39,Antwerpseweg 195,2019-03-21,02:00:00,1,1,0,FMN GV 10 Beerse
39,Antwerpseweg 195,2019-03-21,03:00:00,0,0,0,FMN GV 10 Beerse
39,Antwerpseweg 195,2019-03-21,04:00:00,3,3,0,FMN GV 10 Beerse
39,Antwerpseweg 195,2019-03-21,05:00:00,9,8,1,FMN GV 10 Beerse
39,Antwerpseweg 195,2019-03-21,06:00:00,6,4,2,FMN GV 10 Beerse
39,Antwerpseweg 195,2019-03-21,07:00:00,47,42,5,FMN GV 10 Beerse
39,Antwerpseweg 195,2019-03-21,08:00:00,21,17,4,FMN GV 10 Beerse
39,Antwerpseweg 195,2019-03-21,09:00:00,17,12,5,FMN GV 10 Beerse
39,Antwerpseweg 195,2019-03-21,10:00:00,10,5,5,FMN GV 10 Beerse
39,Antwerpseweg 195,2019-03-21,11:00:00,6,6,0,FMN GV 10 Beerse
39,Antwerpseweg 195,2019-03-21,12:00:00,16,9,7,FMN GV 10 Beerse
39,Antwerpseweg 195,2019-03-21,13:00:00,34,22,12,FMN GV 10 Beerse
39,Antwerpseweg 195,2019-03-21,14:00:00,23,11,12,FMN GV 10 Beerse
39,Antwerpseweg 195,2019-03-21,15:00:00,43,24,19,FMN GV 10 Beerse
39,Antwerpseweg 195,2019-03-21,16:00:00,52,36,16,FMN GV 10 Beerse
39,Antwerpseweg 195,2019-03-21,17:00:00,45,33,12,FMN GV 10 Beerse
39,Antwerpseweg 195,2019-03-21,18:00:00,14,8,6,FMN GV 10 Beerse
39,Antwerpseweg 195,2019-03-21,19:00:00,8,6,2,FMN GV 10 Beerse
39,Antwerpseweg 195,2019-03-21,20:00:00,10,4,6,FMN GV 10 Beerse
39,Antwerpseweg 195,2019-03-21,21:00:00,5,4,1,FMN GV 10 Beerse
39,Antwerpseweg 195,2019-03-21,22:00:00,3,2,1,FMN GV 10 Beerse
39,Antwerpseweg 195,2019-03-21,23:00:00,1,0,1,FMN GV 10 Beerse
39,Antwerpseweg 195,2019-03-22,00:00:00,0,0,0,FMN GV 10 Beerse
39,Antwerpseweg 195,2019-03-22,01:00:00,0,0,0,FMN GV 10 Beerse
39,Antwerpseweg 195,2019-03-22,02:00:00,0,0,0,FMN GV 10 Beerse
39,Antwerpseweg 195,2019-03-22,03:00:00,0,0,0,FMN GV 10 Beerse
39,Antwerpseweg 195,2019-03-22,04:00:00,2,2,0,FMN GV 10 Beerse
39,Antwerpseweg 195,2019-03-22,05:00:00,4,4,0,FMN GV 10 Beerse
39,Antwerpseweg 195,2019-03-22,06:00:00,8,5,3,FMN GV 10 Beerse
39,Antwerpseweg 195,2019-03-22,07:00:00,45,39,6,FMN GV 10 Beerse
39,Antwerpseweg 195,2019-03-22,08:00:00,34,30,4,FMN GV 10 Beerse
39,Antwerpseweg 195,2019-03-22,09:00:00,14,8,6,FMN GV 10 Beerse
39,Antwerpseweg 195,2019-03-22,10:00:00,7,5,2,FMN GV 10 Beerse
39,Antwerpseweg 195,2019-03-22,11:00:00,21,14,7,FMN GV 10 Beerse
39,Antwerpseweg 195,2019-03-22,12:00:00,20,16,4,FMN GV 10 Beerse
39,Antwerpseweg 195,2019-03-22,13:00:00,42,24,18,FMN GV 10 Beerse
39,Antwerpseweg 195,2019-03-22,14:00:00,39,26,13,FMN GV 10 Beerse
39,Antwerpseweg 195,2019-03-22,15:00:00,49,31,18,FMN GV 10 Beerse
39,Antwerpseweg 195,2019-03-22,16:00:00,46,31,15,FMN GV 10 Beerse
39,Antwerpseweg 195,2019-03-22,17:00:00,44,23,21,FMN GV 10 Beerse
39,Antwerpseweg 195,2019-03-22,18:00:00,14,9,5,FMN GV 10 Beerse
39,Antwerpseweg 195,2019-03-22,19:00:00,5,3,2,FMN GV 10 Beerse
39,Antwerpseweg 195,2019-03-22,20:00:00,8,4,4,FMN GV 10 Beerse
39,Antwerpseweg 195,2019-03-22,21:00:00,2,2,0,FMN GV 10 Beerse
39,Antwerpseweg 195,2019-03-22,22:00:00,4,4,0,FMN GV 10 Beerse
39,Antwerpseweg 195,2019-03-22,23:00:00,0,0,0,FMN GV 10 Beerse
39,Antwerpseweg 195,2019-03-23,00:00:00,2,2,0,FMN GV 10 Beerse
39,Antwerpseweg 195,2019-03-23,01:00:00,0,0,0,FMN GV 10 Beerse
39,Antwerpseweg 195,2019-03-23,02:00:00,1,0,1,FMN GV 10 Beerse
39,Antwerpseweg 195,2019-03-23,03:00:00,0,0,0,FMN GV 10 Beerse
39,Antwerpseweg 195,2019-03-23,04:00:00,1,1,0,FMN GV 10 Beerse
39,Antwerpseweg 195,2019-03-23,05:00:00,0,0,0,FMN GV 10 Beerse
39,Antwerpseweg 195,2019-03-23,06:00:00,0,0,0,FMN GV 10 Beerse
39,Antwerpseweg 195,2019-03-23,07:00:00,2,2,0,FMN GV 10 Beerse
39,Antwerpseweg 195,2019-03-23,08:00:00,10,5,5,FMN GV 10 Beerse
39,Antwerpseweg 195,2019-03-23,09:00:00,10,7,3,FMN GV 10 Beerse
39,Antwerpseweg 195,2019-03-23,10:00:00,3,0,3,FMN GV 10 Beerse
39,Antwerpseweg 195,2019-03-23,11:00:00,13,10,3,FMN GV 10 Beerse
39,Antwerpseweg 195,2019-03-23,12:00:00,12,10,2,FMN GV 10 Beerse
39,Antwerpseweg 195,2019-03-23,13:00:00,13,9,4,FMN GV 10 Beerse
39,Antwerpseweg 195,2019-03-23,14:00:00,8,4,4,FMN GV 10 Beerse
39,Antwerpseweg 195,2019-03-23,15:00:00,13,3,10,FMN GV 10 Beerse
39,Antwerpseweg 195,2019-03-23,16:00:00,6,1,5,FMN GV 10 Beerse
39,Antwerpseweg 195,2019-03-23,17:00:00,6,2,4,FMN GV 10 Beerse
39,Antwerpseweg 195,2019-03-23,18:00:00,12,6,6,FMN GV 10 Beerse
39,Antwerpseweg 195,2019-03-23,19:00:00,5,2,3,FMN GV 10 Beerse
39,Antwerpseweg 195,2019-03-23,20:00:00,3,0,3,FMN GV 10 Beerse
39,Antwerpseweg 195,2019-03-23,21:00:00,2,1,1,FMN GV 10 Beerse
39,Antwerpseweg 195,2019-03-23,22:00:00,3,2,1,FMN GV 10 Beerse
39,Antwerpseweg 195,2019-03-23,23:00:00,0,0,0,FMN GV 10 Beerse
39,Antwerpseweg 195,2019-03-24,00:00:00,5,3,2,FMN GV 10 Beerse
39,Antwerpseweg 195,2019-03-24,01:00:00,0,0,0,FMN GV 10 Beerse
39,Antwerpseweg 195,2019-03-24,02:00:00,5,5,0,FMN GV 10 Beerse
39,Antwerpseweg 195,2019-03-24,03:00:00,0,0,0,FMN GV 10 Beerse
39,Antwerpseweg 195,2019-03-24,04:00:00,2,1,1,FMN GV 10 Beerse
39,Antwerpseweg 195,2019-03-24,05:00:00,0,0,0,FMN GV 10 Beerse
39,Antwerpseweg 195,2019-03-24,06:00:00,1,1,0,FMN GV 10 Beerse
39,Antwerpseweg 195,2019-03-24,07:00:00,5,4,1,FMN GV 10 Beerse
39,Antwerpseweg 195,2019-03-24,08:00:00,6,3,3,FMN GV 10 Beerse
39,Antwerpseweg 195,2019-03-24,09:00:00,37,26,11,FMN GV 10 Beerse
39,Antwerpseweg 195,2019-03-24,10:00:00,24,17,7,FMN GV 10 Beerse
39,Antwerpseweg 195,2019-03-24,11:00:00,20,15,5,FMN GV 10 Beerse
39,Antwerpseweg 195,2019-03-24,12:00:00,16,14,2,FMN GV 10 Beerse
39,Antwerpseweg 195,2019-03-24,13:00:00,49,27,22,FMN GV 10 Beerse
39,Antwerpseweg 195,2019-03-24,14:00:00,46,26,20,FMN GV 10 Beerse
39,Antwerpseweg 195,2019-03-24,15:00:00,33,19,14,FMN GV 10 Beerse
39,Antwerpseweg 195,2019-03-24,16:00:00,31,17,14,FMN GV 10 Beerse
39,Antwerpseweg 195,2019-03-24,17:00:00,8,3,5,FMN GV 10 Beerse
39,Antwerpseweg 195,2019-03-24,18:00:00,4,3,1,FMN GV 10 Beerse
39,Antwerpseweg 195,2019-03-24,19:00:00,2,1,1,FMN GV 10 Beerse
39,Antwerpseweg 195,2019-03-24,20:00:00,2,1,1,FMN GV 10 Beerse
39,Antwerpseweg 195,2019-03-24,21:00:00,3,2,1,FMN GV 10 Beerse
39,Antwerpseweg 195,2019-03-24,22:00:00,0,0,0,FMN GV 10 Beerse
39,Antwerpseweg 195,2019-03-24,23:00:00,0,0,0,FMN GV 10 Beerse
39,Antwerpseweg 195,2019-03-25,00:00:00,0,0,0,FMN GV 10 Beerse
39,Antwerpseweg 195,2019-03-25,01:00:00,0,0,0,FMN GV 10 Beerse
39,Antwerpseweg 195,2019-03-25,02:00:00,0,0,0,FMN GV 10 Beerse
39,Antwerpseweg 195,2019-03-25,03:00:00,0,0,0,FMN GV 10 Beerse
39,Antwerpseweg 195,2019-03-25,04:00:00,2,2,0,FMN GV 10 Beerse
39,Antwerpseweg 195,2019-03-25,05:00:00,8,6,2,FMN GV 10 Beerse
39,Antwerpseweg 195,2019-03-25,06:00:00,8,6,2,FMN GV 10 Beerse
39,Antwerpseweg 195,2019-03-25,07:00:00,37,28,9,FMN GV 10 Beerse
39,Antwerpseweg 195,2019-03-25,08:00:00,25,22,3,FMN GV 10 Beerse
39,Antwerpseweg 195,2019-03-25,09:00:00,7,5,2,FMN GV 10 Beerse
39,Antwerpseweg 195,2019-03-25,10:00:00,6,4,2,FMN GV 10 Beerse
39,Antwerpseweg 195,2019-03-25,11:00:00,4,4,0,FMN GV 10 Beerse
39,Antwerpseweg 195,2019-03-25,12:00:00,12,7,5,FMN GV 10 Beerse
39,Antwerpseweg 195,2019-03-25,13:00:00,17,14,3,FMN GV 10 Beerse
39,Antwerpseweg 195,2019-03-25,14:00:00,12,8,4,FMN GV 10 Beerse
39,Antwerpseweg 195,2019-03-25,15:00:00,14,3,11,FMN GV 10 Beerse
39,Antwerpseweg 195,2019-03-25,16:00:00,38,20,18,FMN GV 10 Beerse
39,Antwerpseweg 195,2019-03-25,17:00:00,30,19,11,FMN GV 10 Beerse
39,Antwerpseweg 195,2019-03-25,18:00:00,14,7,7,FMN GV 10 Beerse
39,Antwerpseweg 195,2019-03-25,19:00:00,7,6,1,FMN GV 10 Beerse
39,Antwerpseweg 195,2019-03-25,20:00:00,2,2,0,FMN GV 10 Beerse
39,Antwerpseweg 195,2019-03-25,21:00:00,4,3,1,FMN GV 10 Beerse
39,Antwerpseweg 195,2019-03-25,22:00:00,2,1,1,FMN GV 10 Beerse
39,Antwerpseweg 195,2019-03-25,23:00:00,1,1,0,FMN GV 10 Beerse
39,Antwerpseweg 195,2019-03-26,00:00:00,0,0,0,FMN GV 10 Beerse
39,Antwerpseweg 195,2019-03-26,01:00:00,0,0,0,FMN GV 10 Beerse
39,Antwerpseweg 195,2019-03-26,02:00:00,0,0,0,FMN GV 10 Beerse
39,Antwerpseweg 195,2019-03-26,03:00:00,0,0,0,FMN GV 10 Beerse
39,Antwerpseweg 195,2019-03-26,04:00:00,1,1,0,FMN GV 10 Beerse
39,Antwerpseweg 195,2019-03-26,05:00:00,6,6,0,FMN GV 10 Beerse
39,Antwerpseweg 195,2019-03-26,06:00:00,9,8,1,FMN GV 10 Beerse
39,Antwerpseweg 195,2019-03-26,07:00:00,39,30,9,FMN GV 10 Beerse
39,Antwerpseweg 195,2019-03-26,08:00:00,26,21,5,FMN GV 10 Beerse
39,Antwerpseweg 195,2019-03-26,09:00:00,14,8,6,FMN GV 10 Beerse
39,Antwerpseweg 195,2019-03-26,10:00:00,5,1,4,FMN GV 10 Beerse
39,Antwerpseweg 195,2019-03-26,11:00:00,11,8,3,FMN GV 10 Beerse
39,Antwerpseweg 195,2019-03-26,12:00:00,14,11,3,FMN GV 10 Beerse
39,Antwerpseweg 195,2019-03-26,13:00:00,10,8,2,FMN GV 10 Beerse
39,Antwerpseweg 195,2019-03-26,14:00:00,18,13,5,FMN GV 10 Beerse
39,Antwerpseweg 195,2019-03-26,15:00:00,18,7,11,FMN GV 10 Beerse
39,Antwerpseweg 195,2019-03-26,16:00:00,62,48,14,FMN GV 10 Beerse
39,Antwerpseweg 195,2019-03-26,17:00:00,35,24,11,FMN GV 10 Beerse
39,Antwerpseweg 195,2019-03-26,18:00:00,15,7,8,FMN GV 10 Beerse
39,Antwerpseweg 195,2019-03-26,19:00:00,14,10,4,FMN GV 10 Beerse
39,Antwerpseweg 195,2019-03-26,20:00:00,4,4,0,FMN GV 10 Beerse
39,Antwerpseweg 195,2019-03-26,21:00:00,1,0,1,FMN GV 10 Beerse
39,Antwerpseweg 195,2019-03-26,22:00:00,7,6,1,FMN GV 10 Beerse
39,Antwerpseweg 195,2019-03-26,23:00:00,0,0,0,FMN GV 10 Beerse
39,Antwerpseweg 195,2019-03-27,00:00:00,0,0,0,FMN GV 10 Beerse
39,Antwerpseweg 195,2019-03-27,01:00:00,0,0,0,FMN GV 10 Beerse
39,Antwerpseweg 195,2019-03-27,02:00:00,0,0,0,FMN GV 10 Beerse
39,Antwerpseweg 195,2019-03-27,03:00:00,1,1,0,FMN GV 10 Beerse
39,Antwerpseweg 195,2019-03-27,04:00:00,1,1,0,FMN GV 10 Beerse
39,Antwerpseweg 195,2019-03-27,05:00:00,4,4,0,FMN GV 10 Beerse
39,Antwerpseweg 195,2019-03-27,06:00:00,8,6,2,FMN GV 10 Beerse
39,Antwerpseweg 195,2019-03-27,07:00:00,43,35,8,FMN GV 10 Beerse
39,Antwerpseweg 195,2019-03-27,08:00:00,34,28,6,FMN GV 10 Beerse
39,Antwerpseweg 195,2019-03-27,09:00:00,16,11,5,FMN GV 10 Beerse
39,Antwerpseweg 195,2019-03-27,10:00:00,6,5,1,FMN GV 10 Beerse
39,Antwerpseweg 195,2019-03-27,11:00:00,14,11,3,FMN GV 10 Beerse
39,Antwerpseweg 195,2019-03-27,12:00:00,29,18,11,FMN GV 10 Beerse
39,Antwerpseweg 195,2019-03-27,13:00:00,28,21,7,FMN GV 10 Beerse
39,Antwerpseweg 195,2019-03-27,14:00:00,27,18,9,FMN GV 10 Beerse
39,Antwerpseweg 195,2019-03-27,15:00:00,27,12,15,FMN GV 10 Beerse
39,Antwerpseweg 195,2019-03-27,16:00:00,27,15,12,FMN GV 10 Beerse
39,Antwerpseweg 195,2019-03-27,17:00:00,41,20,21,FMN GV 10 Beerse
39,Antwerpseweg 195,2019-03-27,18:00:00,12,10,2,FMN GV 10 Beerse
39,Antwerpseweg 195,2019-03-27,19:00:00,5,4,1,FMN GV 10 Beerse
39,Antwerpseweg 195,2019-03-27,20:00:00,0,0,0,FMN GV 10 Beerse
39,Antwerpseweg 195,2019-03-27,21:00:00,3,3,0,FMN GV 10 Beerse
39,Antwerpseweg 195,2019-03-27,22:00:00,4,3,1,FMN GV 10 Beerse
39,Antwerpseweg 195,2019-03-27,23:00:00,0,0,0,FMN GV 10 Beerse
39,Antwerpseweg 195,2019-03-28,00:00:00,0,0,0,FMN GV 10 Beerse
39,Antwerpseweg 195,2019-03-28,01:00:00,0,0,0,FMN GV 10 Beerse
39,Antwerpseweg 195,2019-03-28,02:00:00,0,0,0,FMN GV 10 Beerse
39,Antwerpseweg 195,2019-03-28,03:00:00,0,0,0,FMN GV 10 Beerse
39,Antwerpseweg 195,2019-03-28,04:00:00,3,3,0,FMN GV 10 Beerse
39,Antwerpseweg 195,2019-03-28,05:00:00,7,6,1,FMN GV 10 Beerse
39,Antwerpseweg 195,2019-03-28,06:00:00,7,6,1,FMN GV 10 Beerse
39,Antwerpseweg 195,2019-03-28,07:00:00,43,34,9,FMN GV 10 Beerse
39,Antwerpseweg 195,2019-03-28,08:00:00,35,29,6,FMN GV 10 Beerse
39,Antwerpseweg 195,2019-03-28,09:00:00,10,6,4,FMN GV 10 Beerse
39,Antwerpseweg 195,2019-03-28,10:00:00,11,8,3,FMN GV 10 Beerse
39,Antwerpseweg 195,2019-03-28,11:00:00,10,7,3,FMN GV 10 Beerse
39,Antwerpseweg 195,2019-03-28,12:00:00,22,9,13,FMN GV 10 Beerse
39,Antwerpseweg 195,2019-03-28,13:00:00,24,17,7,FMN GV 10 Beerse
39,Antwerpseweg 195,2019-03-28,14:00:00,18,12,6,FMN GV 10 Beerse
39,Antwerpseweg 195,2019-03-28,15:00:00,19,8,11,FMN GV 10 Beerse
39,Antwerpseweg 195,2019-03-28,16:00:00,37,29,8,FMN GV 10 Beerse
39,Antwerpseweg 195,2019-03-28,17:00:00,32,21,11,FMN GV 10 Beerse
39,Antwerpseweg 195,2019-03-28,18:00:00,20,12,8,FMN GV 10 Beerse
39,Antwerpseweg 195,2019-03-28,19:00:00,9,6,3,FMN GV 10 Beerse
39,Antwerpseweg 195,2019-03-28,20:00:00,4,4,0,FMN GV 10 Beerse
39,Antwerpseweg 195,2019-03-28,21:00:00,1,1,0,FMN GV 10 Beerse
39,Antwerpseweg 195,2019-03-28,22:00:00,7,5,2,FMN GV 10 Beerse
39,Antwerpseweg 195,2019-03-28,23:00:00,3,1,2,FMN GV 10 Beerse
39,Antwerpseweg 195,2019-03-29,00:00:00,0,0,0,FMN GV 10 Beerse
39,Antwerpseweg 195,2019-03-29,01:00:00,0,0,0,FMN GV 10 Beerse
39,Antwerpseweg 195,2019-03-29,02:00:00,0,0,0,FMN GV 10 Beerse
39,Antwerpseweg 195,2019-03-29,03:00:00,0,0,0,FMN GV 10 Beerse
39,Antwerpseweg 195,2019-03-29,04:00:00,3,3,0,FMN GV 10 Beerse
39,Antwerpseweg 195,2019-03-29,05:00:00,8,8,0,FMN GV 10 Beerse
39,Antwerpseweg 195,2019-03-29,06:00:00,10,7,3,FMN GV 10 Beerse
39,Antwerpseweg 195,2019-03-29,07:00:00,43,36,7,FMN GV 10 Beerse
39,Antwerpseweg 195,2019-03-29,08:00:00,29,23,6,FMN GV 10 Beerse
39,Antwerpseweg 195,2019-03-29,09:00:00,7,6,1,FMN GV 10 Beerse
39,Antwerpseweg 195,2019-03-29,10:00:00,20,14,6,FMN GV 10 Beerse
39,Antwerpseweg 195,2019-03-29,11:00:00,14,13,1,FMN GV 10 Beerse
39,Antwerpseweg 195,2019-03-29,12:00:00,40,24,16,FMN GV 10 Beerse
39,Antwerpseweg 195,2019-03-29,13:00:00,40,24,16,FMN GV 10 Beerse
39,Antwerpseweg 195,2019-03-29,14:00:00,43,24,19,FMN GV 10 Beerse
39,Antwerpseweg 195,2019-03-29,15:00:00,44,25,19,FMN GV 10 Beerse
39,Antwerpseweg 195,2019-03-29,16:00:00,40,23,17,FMN GV 10 Beerse
39,Antwerpseweg 195,2019-03-29,17:00:00,25,16,9,FMN GV 10 Beerse
39,Antwerpseweg 195,2019-03-29,18:00:00,13,11,2,FMN GV 10 Beerse
39,Antwerpseweg 195,2019-03-29,19:00:00,11,8,3,FMN GV 10 Beerse
39,Antwerpseweg 195,2019-03-29,20:00:00,5,2,3,FMN GV 10 Beerse
39,Antwerpseweg 195,2019-03-29,21:00:00,2,1,1,FMN GV 10 Beerse
39,Antwerpseweg 195,2019-03-29,22:00:00,3,0,3,FMN GV 10 Beerse
39,Antwerpseweg 195,2019-03-29,23:00:00,0,0,0,FMN GV 10 Beerse
39,Antwerpseweg 195,2019-03-30,00:00:00,0,0,0,FMN GV 10 Beerse
39,Antwerpseweg 195,2019-03-30,01:00:00,2,2,0,FMN GV 10 Beerse
39,Antwerpseweg 195,2019-03-30,02:00:00,1,1,0,FMN GV 10 Beerse
39,Antwerpseweg 195,2019-03-30,03:00:00,1,1,0,FMN GV 10 Beerse
39,Antwerpseweg 195,2019-03-30,04:00:00,0,0,0,FMN GV 10 Beerse
39,Antwerpseweg 195,2019-03-30,05:00:00,1,1,0,FMN GV 10 Beerse
39,Antwerpseweg 195,2019-03-30,06:00:00,0,0,0,FMN GV 10 Beerse
39,Antwerpseweg 195,2019-03-30,07:00:00,4,1,3,FMN GV 10 Beerse
39,Antwerpseweg 195,2019-03-30,08:00:00,6,6,0,FMN GV 10 Beerse
39,Antwerpseweg 195,2019-03-30,09:00:00,25,6,19,FMN GV 10 Beerse
39,Antwerpseweg 195,2019-03-30,10:00:00,11,4,7,FMN GV 10 Beerse
39,Antwerpseweg 195,2019-03-30,11:00:00,38,32,6,FMN GV 10 Beerse
39,Antwerpseweg 195,2019-03-30,12:00:00,27,20,7,FMN GV 10 Beerse
39,Antwerpseweg 195,2019-03-30,13:00:00,46,27,19,FMN GV 10 Beerse
39,Antwerpseweg 195,2019-03-30,14:00:00,44,28,16,FMN GV 10 Beerse
39,Antwerpseweg 195,2019-03-30,15:00:00,48,30,18,FMN GV 10 Beerse
39,Antwerpseweg 195,2019-03-30,16:00:00,30,20,10,FMN GV 10 Beerse
39,Antwerpseweg 195,2019-03-30,17:00:00,22,12,10,FMN GV 10 Beerse
39,Antwerpseweg 195,2019-03-30,18:00:00,15,12,3,FMN GV 10 Beerse
39,Antwerpseweg 195,2019-03-30,19:00:00,7,4,3,FMN GV 10 Beerse
39,Antwerpseweg 195,2019-03-30,20:00:00,3,2,1,FMN GV 10 Beerse
39,Antwerpseweg 195,2019-03-30,21:00:00,8,5,3,FMN GV 10 Beerse
39,Antwerpseweg 195,2019-03-30,22:00:00,7,5,2,FMN GV 10 Beerse
39,Antwerpseweg 195,2019-03-30,23:00:00,3,2,1,FMN GV 10 Beerse
39,Antwerpseweg 195,2019-03-31,00:00:00,2,1,1,FMN GV 10 Beerse
39,Antwerpseweg 195,2019-03-31,01:00:00,2,1,1,FMN GV 10 Beerse
39,Antwerpseweg 195,2019-03-31,02:00:00,0,0,0,FMN GV 10 Beerse
39,Antwerpseweg 195,2019-03-31,03:00:00,2,1,1,FMN GV 10 Beerse
39,Antwerpseweg 195,2019-03-31,04:00:00,1,1,0,FMN GV 10 Beerse
39,Antwerpseweg 195,2019-03-31,05:00:00,0,0,0,FMN GV 10 Beerse
39,Antwerpseweg 195,2019-03-31,06:00:00,1,1,0,FMN GV 10 Beerse
39,Antwerpseweg 195,2019-03-31,07:00:00,2,1,1,FMN GV 10 Beerse
39,Antwerpseweg 195,2019-03-31,08:00:00,3,1,2,FMN GV 10 Beerse
39,Antwerpseweg 195,2019-03-31,09:00:00,6,4,2,FMN GV 10 Beerse
39,Antwerpseweg 195,2019-03-31,10:00:00,16,10,6,FMN GV 10 Beerse
39,Antwerpseweg 195,2019-03-31,11:00:00,25,16,9,FMN GV 10 Beerse
39,Antwerpseweg 195,2019-03-31,12:00:00,26,13,13,FMN GV 10 Beerse
39,Antwerpseweg 195,2019-03-31,13:00:00,19,15,4,FMN GV 10 Beerse
39,Antwerpseweg 195,2019-03-31,14:00:00,33,19,14,FMN GV 10 Beerse
39,Antwerpseweg 195,2019-03-31,15:00:00,8,1,7,FMN GV 10 Beerse
39,Antwerpseweg 195,2019-03-31,16:00:00,16,10,6,FMN GV 10 Beerse
39,Antwerpseweg 195,2019-03-31,17:00:00,8,4,4,FMN GV 10 Beerse
39,Antwerpseweg 195,2019-03-31,18:00:00,8,4,4,FMN GV 10 Beerse
39,Antwerpseweg 195,2019-03-31,19:00:00,4,3,1,FMN GV 10 Beerse
39,Antwerpseweg 195,2019-03-31,20:00:00,3,1,2,FMN GV 10 Beerse
39,Antwerpseweg 195,2019-03-31,21:00:00,2,2,0,FMN GV 10 Beerse
39,Antwerpseweg 195,2019-03-31,22:00:00,1,1,0,FMN GV 10 Beerse
39,Antwerpseweg 195,2019-03-31,23:00:00,0,0,0,FMN GV 10 Beerse
39,Antwerpseweg 195,2019-04-01,00:00:00,0,0,0,FMN GV 10 Beerse
39,Antwerpseweg 195,2019-04-01,01:00:00,0,0,0,FMN GV 10 Beerse
39,Antwerpseweg 195,2019-04-01,02:00:00,0,0,0,FMN GV 10 Beerse
39,Antwerpseweg 195,2019-04-01,03:00:00,0,0,0,FMN GV 10 Beerse
39,Antwerpseweg 195,2019-04-01,04:00:00,0,0,0,FMN GV 10 Beerse
39,Antwerpseweg 195,2019-04-01,05:00:00,7,6,1,FMN GV 10 Beerse
39,Antwerpseweg 195,2019-04-01,06:00:00,9,7,2,FMN GV 10 Beerse
39,Antwerpseweg 195,2019-04-01,07:00:00,42,34,8,FMN GV 10 Beerse
39,Antwerpseweg 195,2019-04-01,08:00:00,28,22,6,FMN GV 10 Beerse
39,Antwerpseweg 195,2019-04-01,09:00:00,15,11,4,FMN GV 10 Beerse
39,Antwerpseweg 195,2019-04-01,10:00:00,9,7,2,FMN GV 10 Beerse
39,Antwerpseweg 195,2019-04-01,11:00:00,11,6,5,FMN GV 10 Beerse
39,Antwerpseweg 195,2019-04-01,12:00:00,21,14,7,FMN GV 10 Beerse
39,Antwerpseweg 195,2019-04-01,13:00:00,35,28,7,FMN GV 10 Beerse
39,Antwerpseweg 195,2019-04-01,14:00:00,19,13,6,FMN GV 10 Beerse
39,Antwerpseweg 195,2019-04-01,15:00:00,30,20,10,FMN GV 10 Beerse
39,Antwerpseweg 195,2019-04-01,16:00:00,48,31,17,FMN GV 10 Beerse
39,Antwerpseweg 195,2019-04-01,17:00:00,36,24,12,FMN GV 10 Beerse
39,Antwerpseweg 195,2019-04-01,18:00:00,8,6,2,FMN GV 10 Beerse
39,Antwerpseweg 195,2019-04-01,19:00:00,17,12,5,FMN GV 10 Beerse
39,Antwerpseweg 195,2019-04-01,20:00:00,5,2,3,FMN GV 10 Beerse
39,Antwerpseweg 195,2019-04-01,21:00:00,3,3,0,FMN GV 10 Beerse
39,Antwerpseweg 195,2019-04-01,22:00:00,7,4,3,FMN GV 10 Beerse
39,Antwerpseweg 195,2019-04-01,23:00:00,4,3,1,FMN GV 10 Beerse
39,Antwerpseweg 195,2019-04-02,00:00:00,0,0,0,FMN GV 10 Beerse
39,Antwerpseweg 195,2019-04-02,01:00:00,0,0,0,FMN GV 10 Beerse
39,Antwerpseweg 195,2019-04-02,02:00:00,0,0,0,FMN GV 10 Beerse
39,Antwerpseweg 195,2019-04-02,03:00:00,0,0,0,FMN GV 10 Beerse
39,Antwerpseweg 195,2019-04-02,04:00:00,3,1,2,FMN GV 10 Beerse
39,Antwerpseweg 195,2019-04-02,05:00:00,6,5,1,FMN GV 10 Beerse
39,Antwerpseweg 195,2019-04-02,06:00:00,7,5,2,FMN GV 10 Beerse
39,Antwerpseweg 195,2019-04-02,07:00:00,23,19,4,FMN GV 10 Beerse
39,Antwerpseweg 195,2019-04-02,08:00:00,22,17,5,FMN GV 10 Beerse
39,Antwerpseweg 195,2019-04-02,09:00:00,23,12,11,FMN GV 10 Beerse
39,Antwerpseweg 195,2019-04-02,10:00:00,13,10,3,FMN GV 10 Beerse
39,Antwerpseweg 195,2019-04-02,11:00:00,21,18,3,FMN GV 10 Beerse
39,Antwerpseweg 195,2019-04-02,12:00:00,11,6,5,FMN GV 10 Beerse
39,Antwerpseweg 195,2019-04-02,13:00:00,8,7,1,FMN GV 10 Beerse
39,Antwerpseweg 195,2019-04-02,14:00:00,11,8,3,FMN GV 10 Beerse
39,Antwerpseweg 195,2019-04-02,15:00:00,13,7,6,FMN GV 10 Beerse
39,Antwerpseweg 195,2019-04-02,16:00:00,40,21,19,FMN GV 10 Beerse
39,Antwerpseweg 195,2019-04-02,17:00:00,19,13,6,FMN GV 10 Beerse
39,Antwerpseweg 195,2019-04-02,18:00:00,5,4,1,FMN GV 10 Beerse
39,Antwerpseweg 195,2019-04-02,19:00:00,4,4,0,FMN GV 10 Beerse
39,Antwerpseweg 195,2019-04-02,20:00:00,1,1,0,FMN GV 10 Beerse
39,Antwerpseweg 195,2019-04-02,21:00:00,3,2,1,FMN GV 10 Beerse
39,Antwerpseweg 195,2019-04-02,22:00:00,6,5,1,FMN GV 10 Beerse
39,Antwerpseweg 195,2019-04-02,23:00:00,0,0,0,FMN GV 10 Beerse
39,Antwerpseweg 195,2019-04-03,00:00:00,0,0,0,FMN GV 10 Beerse
39,Antwerpseweg 195,2019-04-03,01:00:00,0,0,0,FMN GV 10 Beerse
39,Antwerpseweg 195,2019-04-03,02:00:00,0,0,0,FMN GV 10 Beerse
39,Antwerpseweg 195,2019-04-03,03:00:00,1,0,1,FMN GV 10 Beerse
39,Antwerpseweg 195,2019-04-03,04:00:00,1,1,0,FMN GV 10 Beerse
39,Antwerpseweg 195,2019-04-03,05:00:00,5,5,0,FMN GV 10 Beerse
39,Antwerpseweg 195,2019-04-03,06:00:00,6,3,3,FMN GV 10 Beerse
39,Antwerpseweg 195,2019-04-03,07:00:00,29,22,7,FMN GV 10 Beerse
39,Antwerpseweg 195,2019-04-03,08:00:00,22,18,4,FMN GV 10 Beerse
39,Antwerpseweg 195,2019-04-03,09:00:00,7,5,2,FMN GV 10 Beerse
39,Antwerpseweg 195,2019-04-03,10:00:00,11,9,2,FMN GV 10 Beerse
39,Antwerpseweg 195,2019-04-03,11:00:00,12,8,4,FMN GV 10 Beerse
39,Antwerpseweg 195,2019-04-03,12:00:00,15,8,7,FMN GV 10 Beerse
39,Antwerpseweg 195,2019-04-03,13:00:00,17,6,11,FMN GV 10 Beerse
39,Antwerpseweg 195,2019-04-03,14:00:00,9,4,5,FMN GV 10 Beerse
39,Antwerpseweg 195,2019-04-03,15:00:00,13,9,4,FMN GV 10 Beerse
39,Antwerpseweg 195,2019-04-03,16:00:00,20,13,7,FMN GV 10 Beerse
39,Antwerpseweg 195,2019-04-03,17:00:00,22,12,10,FMN GV 10 Beerse
39,Antwerpseweg 195,2019-04-03,18:00:00,11,8,3,FMN GV 10 Beerse
39,Antwerpseweg 195,2019-04-03,19:00:00,5,5,0,FMN GV 10 Beerse
39,Antwerpseweg 195,2019-04-03,20:00:00,3,2,1,FMN GV 10 Beerse
39,Antwerpseweg 195,2019-04-03,21:00:00,4,3,1,FMN GV 10 Beerse
39,Antwerpseweg 195,2019-04-03,22:00:00,4,3,1,FMN GV 10 Beerse
39,Antwerpseweg 195,2019-04-03,23:00:00,0,0,0,FMN GV 10 Beerse
39,Antwerpseweg 195,2019-04-04,00:00:00,0,0,0,FMN GV 10 Beerse
39,Antwerpseweg 195,2019-04-04,01:00:00,0,0,0,FMN GV 10 Beerse
39,Antwerpseweg 195,2019-04-04,02:00:00,0,0,0,FMN GV 10 Beerse
39,Antwerpseweg 195,2019-04-04,03:00:00,0,0,0,FMN GV 10 Beerse
39,Antwerpseweg 195,2019-04-04,04:00:00,1,1,0,FMN GV 10 Beerse
39,Antwerpseweg 195,2019-04-04,05:00:00,9,7,2,FMN GV 10 Beerse
39,Antwerpseweg 195,2019-04-04,06:00:00,10,8,2,FMN GV 10 Beerse
39,Antwerpseweg 195,2019-04-04,07:00:00,23,19,4,FMN GV 10 Beerse
39,Antwerpseweg 195,2019-04-04,08:00:00,34,20,14,FMN GV 10 Beerse
39,Antwerpseweg 195,2019-04-04,09:00:00,7,6,1,FMN GV 10 Beerse
39,Antwerpseweg 195,2019-04-04,10:00:00,5,2,3,FMN GV 10 Beerse
39,Antwerpseweg 195,2019-04-04,11:00:00,9,7,2,FMN GV 10 Beerse
39,Antwerpseweg 195,2019-04-04,12:00:00,17,10,7,FMN GV 10 Beerse
39,Antwerpseweg 195,2019-04-04,13:00:00,17,11,6,FMN GV 10 Beerse
39,Antwerpseweg 195,2019-04-04,14:00:00,21,14,7,FMN GV 10 Beerse
39,Antwerpseweg 195,2019-04-04,15:00:00,13,6,7,FMN GV 10 Beerse
39,Antwerpseweg 195,2019-04-04,16:00:00,36,27,9,FMN GV 10 Beerse
39,Antwerpseweg 195,2019-04-04,17:00:00,29,17,12,FMN GV 10 Beerse
39,Antwerpseweg 195,2019-04-04,18:00:00,16,13,3,FMN GV 10 Beerse
39,Antwerpseweg 195,2019-04-04,19:00:00,8,6,2,FMN GV 10 Beerse
39,Antwerpseweg 195,2019-04-04,20:00:00,5,2,3,FMN GV 10 Beerse
39,Antwerpseweg 195,2019-04-04,21:00:00,6,5,1,FMN GV 10 Beerse
39,Antwerpseweg 195,2019-04-04,22:00:00,8,6,2,FMN GV 10 Beerse
39,Antwerpseweg 195,2019-04-04,23:00:00,0,0,0,FMN GV 10 Beerse
39,Antwerpseweg 195,2019-04-05,00:00:00,0,0,0,FMN GV 10 Beerse
39,Antwerpseweg 195,2019-04-05,01:00:00,0,0,0,FMN GV 10 Beerse
39,Antwerpseweg 195,2019-04-05,02:00:00,0,0,0,FMN GV 10 Beerse
39,Antwerpseweg 195,2019-04-05,03:00:00,0,0,0,FMN GV 10 Beerse
39,Antwerpseweg 195,2019-04-05,04:00:00,1,0,1,FMN GV 10 Beerse
39,Antwerpseweg 195,2019-04-05,05:00:00,5,5,0,FMN GV 10 Beerse
39,Antwerpseweg 195,2019-04-05,06:00:00,13,10,3,FMN GV 10 Beerse
39,Antwerpseweg 195,2019-04-05,07:00:00,25,19,6,FMN GV 10 Beerse
39,Antwerpseweg 195,2019-04-05,08:00:00,24,17,7,FMN GV 10 Beerse
39,Antwerpseweg 195,2019-04-05,09:00:00,11,9,2,FMN GV 10 Beerse
39,Antwerpseweg 195,2019-04-05,10:00:00,14,10,4,FMN GV 10 Beerse
39,Antwerpseweg 195,2019-04-05,11:00:00,18,14,4,FMN GV 10 Beerse
39,Antwerpseweg 195,2019-04-05,12:00:00,15,10,5,FMN GV 10 Beerse
39,Antwerpseweg 195,2019-04-05,13:00:00,23,16,7,FMN GV 10 Beerse
39,Antwerpseweg 195,2019-04-05,14:00:00,36,24,12,FMN GV 10 Beerse
39,Antwerpseweg 195,2019-04-05,15:00:00,34,20,14,FMN GV 10 Beerse
39,Antwerpseweg 195,2019-04-05,16:00:00,44,35,9,FMN GV 10 Beerse
39,Antwerpseweg 195,2019-04-05,17:00:00,26,14,12,FMN GV 10 Beerse
39,Antwerpseweg 195,2019-04-05,18:00:00,11,9,2,FMN GV 10 Beerse
39,Antwerpseweg 195,2019-04-05,19:00:00,9,5,4,FMN GV 10 Beerse
39,Antwerpseweg 195,2019-04-05,20:00:00,5,3,2,FMN GV 10 Beerse
39,Antwerpseweg 195,2019-04-05,21:00:00,4,2,2,FMN GV 10 Beerse
39,Antwerpseweg 195,2019-04-05,22:00:00,6,4,2,FMN GV 10 Beerse
39,Antwerpseweg 195,2019-04-05,23:00:00,1,1,0,FMN GV 10 Beerse
39,Antwerpseweg 195,2019-04-06,00:00:00,1,1,0,FMN GV 10 Beerse
39,Antwerpseweg 195,2019-04-06,01:00:00,0,0,0,FMN GV 10 Beerse
39,Antwerpseweg 195,2019-04-06,02:00:00,1,0,1,FMN GV 10 Beerse
39,Antwerpseweg 195,2019-04-06,03:00:00,4,2,2,FMN GV 10 Beerse
39,Antwerpseweg 195,2019-04-06,04:00:00,0,0,0,FMN GV 10 Beerse
39,Antwerpseweg 195,2019-04-06,05:00:00,1,1,0,FMN GV 10 Beerse
39,Antwerpseweg 195,2019-04-06,06:00:00,1,1,0,FMN GV 10 Beerse
39,Antwerpseweg 195,2019-04-06,07:00:00,14,12,2,FMN GV 10 Beerse
39,Antwerpseweg 195,2019-04-06,08:00:00,9,5,4,FMN GV 10 Beerse
39,Antwerpseweg 195,2019-04-06,09:00:00,7,4,3,FMN GV 10 Beerse
39,Antwerpseweg 195,2019-04-06,10:00:00,20,19,1,FMN GV 10 Beerse
39,Antwerpseweg 195,2019-04-06,11:00:00,15,11,4,FMN GV 10 Beerse
39,Antwerpseweg 195,2019-04-06,12:00:00,16,10,6,FMN GV 10 Beerse
39,Antwerpseweg 195,2019-04-06,13:00:00,22,14,8,FMN GV 10 Beerse
39,Antwerpseweg 195,2019-04-06,14:00:00,31,16,15,FMN GV 10 Beerse
39,Antwerpseweg 195,2019-04-06,15:00:00,19,16,3,FMN GV 10 Beerse
39,Antwerpseweg 195,2019-04-06,16:00:00,22,17,5,FMN GV 10 Beerse
39,Antwerpseweg 195,2019-04-06,17:00:00,13,6,7,FMN GV 10 Beerse
39,Antwerpseweg 195,2019-04-06,18:00:00,6,2,4,FMN GV 10 Beerse
39,Antwerpseweg 195,2019-04-06,19:00:00,2,2,0,FMN GV 10 Beerse
39,Antwerpseweg 195,2019-04-06,20:00:00,2,1,1,FMN GV 10 Beerse
39,Antwerpseweg 195,2019-04-06,21:00:00,3,0,3,FMN GV 10 Beerse
39,Antwerpseweg 195,2019-04-06,22:00:00,0,0,0,FMN GV 10 Beerse
39,Antwerpseweg 195,2019-04-06,23:00:00,2,2,0,FMN GV 10 Beerse
39,Antwerpseweg 195,2019-04-07,00:00:00,2,1,1,FMN GV 10 Beerse
39,Antwerpseweg 195,2019-04-07,01:00:00,1,1,0,FMN GV 10 Beerse
39,Antwerpseweg 195,2019-04-07,02:00:00,4,3,1,FMN GV 10 Beerse
39,Antwerpseweg 195,2019-04-07,03:00:00,0,0,0,FMN GV 10 Beerse
39,Antwerpseweg 195,2019-04-07,04:00:00,2,2,0,FMN GV 10 Beerse
39,Antwerpseweg 195,2019-04-07,05:00:00,2,2,0,FMN GV 10 Beerse
39,Antwerpseweg 195,2019-04-07,06:00:00,0,0,0,FMN GV 10 Beerse
39,Antwerpseweg 195,2019-04-07,07:00:00,2,1,1,FMN GV 10 Beerse
39,Antwerpseweg 195,2019-04-07,08:00:00,8,4,4,FMN GV 10 Beerse
39,Antwerpseweg 195,2019-04-07,09:00:00,19,12,7,FMN GV 10 Beerse
39,Antwerpseweg 195,2019-04-07,10:00:00,17,12,5,FMN GV 10 Beerse
39,Antwerpseweg 195,2019-04-07,11:00:00,16,10,6,FMN GV 10 Beerse
39,Antwerpseweg 195,2019-04-07,12:00:00,26,17,9,FMN GV 10 Beerse
39,Antwerpseweg 195,2019-04-07,13:00:00,43,23,20,FMN GV 10 Beerse
39,Antwerpseweg 195,2019-04-07,14:00:00,52,35,17,FMN GV 10 Beerse
39,Antwerpseweg 195,2019-04-07,15:00:00,31,21,10,FMN GV 10 Beerse
39,Antwerpseweg 195,2019-04-07,16:00:00,19,6,13,FMN GV 10 Beerse
39,Antwerpseweg 195,2019-04-07,17:00:00,14,10,4,FMN GV 10 Beerse
39,Antwerpseweg 195,2019-04-07,18:00:00,9,2,7,FMN GV 10 Beerse
39,Antwerpseweg 195,2019-04-07,19:00:00,6,4,2,FMN GV 10 Beerse
39,Antwerpseweg 195,2019-04-07,20:00:00,8,3,5,FMN GV 10 Beerse
39,Antwerpseweg 195,2019-04-07,21:00:00,4,3,1,FMN GV 10 Beerse
39,Antwerpseweg 195,2019-04-07,22:00:00,1,1,0,FMN GV 10 Beerse
39,Antwerpseweg 195,2019-04-07,23:00:00,0,0,0,FMN GV 10 Beerse
39,Antwerpseweg 195,2019-04-08,00:00:00,1,1,0,FMN GV 10 Beerse
39,Antwerpseweg 195,2019-04-08,01:00:00,2,1,1,FMN GV 10 Beerse
39,Antwerpseweg 195,2019-04-08,02:00:00,0,0,0,FMN GV 10 Beerse
39,Antwerpseweg 195,2019-04-08,03:00:00,0,0,0,FMN GV 10 Beerse
39,Antwerpseweg 195,2019-04-08,04:00:00,2,1,1,FMN GV 10 Beerse
39,Antwerpseweg 195,2019-04-08,05:00:00,7,7,0,FMN GV 10 Beerse
39,Antwerpseweg 195,2019-04-08,06:00:00,7,5,2,FMN GV 10 Beerse
39,Antwerpseweg 195,2019-04-08,07:00:00,21,17,4,FMN GV 10 Beerse
39,Antwerpseweg 195,2019-04-08,08:00:00,18,13,5,FMN GV 10 Beerse
39,Antwerpseweg 195,2019-04-08,09:00:00,6,4,2,FMN GV 10 Beerse
39,Antwerpseweg 195,2019-04-08,10:00:00,12,5,7,FMN GV 10 Beerse
39,Antwerpseweg 195,2019-04-08,11:00:00,10,7,3,FMN GV 10 Beerse
39,Antwerpseweg 195,2019-04-08,12:00:00,12,7,5,FMN GV 10 Beerse
39,Antwerpseweg 195,2019-04-08,13:00:00,29,21,8,FMN GV 10 Beerse
39,Antwerpseweg 195,2019-04-08,14:00:00,20,11,9,FMN GV 10 Beerse
39,Antwerpseweg 195,2019-04-08,15:00:00,28,22,6,FMN GV 10 Beerse
39,Antwerpseweg 195,2019-04-08,16:00:00,33,19,14,FMN GV 10 Beerse
39,Antwerpseweg 195,2019-04-08,17:00:00,26,14,12,FMN GV 10 Beerse
39,Antwerpseweg 195,2019-04-08,18:00:00,19,12,7,FMN GV 10 Beerse
39,Antwerpseweg 195,2019-04-08,19:00:00,13,7,6,FMN GV 10 Beerse
39,Antwerpseweg 195,2019-04-08,20:00:00,4,4,0,FMN GV 10 Beerse
39,Antwerpseweg 195,2019-04-08,21:00:00,2,2,0,FMN GV 10 Beerse
39,Antwerpseweg 195,2019-04-08,22:00:00,2,2,0,FMN GV 10 Beerse
39,Antwerpseweg 195,2019-04-08,23:00:00,0,0,0,FMN GV 10 Beerse
39,Antwerpseweg 195,2019-04-09,00:00:00,0,0,0,FMN GV 10 Beerse
39,Antwerpseweg 195,2019-04-09,01:00:00,1,1,0,FMN GV 10 Beerse
39,Antwerpseweg 195,2019-04-09,02:00:00,0,0,0,FMN GV 10 Beerse
39,Antwerpseweg 195,2019-04-09,03:00:00,0,0,0,FMN GV 10 Beerse
39,Antwerpseweg 195,2019-04-09,04:00:00,2,1,1,FMN GV 10 Beerse
39,Antwerpseweg 195,2019-04-09,05:00:00,7,6,1,FMN GV 10 Beerse
39,Antwerpseweg 195,2019-04-09,06:00:00,6,4,2,FMN GV 10 Beerse
39,Antwerpseweg 195,2019-04-09,07:00:00,21,19,2,FMN GV 10 Beerse
39,Antwerpseweg 195,2019-04-09,08:00:00,21,14,7,FMN GV 10 Beerse
39,Antwerpseweg 195,2019-04-09,09:00:00,6,4,2,FMN GV 10 Beerse
39,Antwerpseweg 195,2019-04-09,10:00:00,22,16,6,FMN GV 10 Beerse
39,Antwerpseweg 195,2019-04-09,11:00:00,7,3,4,FMN GV 10 Beerse
39,Antwerpseweg 195,2019-04-09,12:00:00,17,9,8,FMN GV 10 Beerse
39,Antwerpseweg 195,2019-04-09,13:00:00,26,16,10,FMN GV 10 Beerse
39,Antwerpseweg 195,2019-04-09,14:00:00,17,8,9,FMN GV 10 Beerse
39,Antwerpseweg 195,2019-04-09,15:00:00,19,14,5,FMN GV 10 Beerse
39,Antwerpseweg 195,2019-04-09,16:00:00,48,39,9,FMN GV 10 Beerse
39,Antwerpseweg 195,2019-04-09,17:00:00,38,27,11,FMN GV 10 Beerse
39,Antwerpseweg 195,2019-04-09,18:00:00,17,10,7,FMN GV 10 Beerse
39,Antwerpseweg 195,2019-04-09,19:00:00,9,6,3,FMN GV 10 Beerse
39,Antwerpseweg 195,2019-04-09,20:00:00,4,2,2,FMN GV 10 Beerse
39,Antwerpseweg 195,2019-04-09,21:00:00,2,1,1,FMN GV 10 Beerse
39,Antwerpseweg 195,2019-04-09,22:00:00,11,8,3,FMN GV 10 Beerse
39,Antwerpseweg 195,2019-04-09,23:00:00,0,0,0,FMN GV 10 Beerse
39,Antwerpseweg 195,2019-04-10,00:00:00,1,1,0,FMN GV 10 Beerse
39,Antwerpseweg 195,2019-04-10,01:00:00,0,0,0,FMN GV 10 Beerse
39,Antwerpseweg 195,2019-04-10,02:00:00,0,0,0,FMN GV 10 Beerse
39,Antwerpseweg 195,2019-04-10,03:00:00,1,1,0,FMN GV 10 Beerse
39,Antwerpseweg 195,2019-04-10,04:00:00,3,2,1,FMN GV 10 Beerse
39,Antwerpseweg 195,2019-04-10,05:00:00,7,4,3,FMN GV 10 Beerse
39,Antwerpseweg 195,2019-04-10,06:00:00,6,3,3,FMN GV 10 Beerse
39,Antwerpseweg 195,2019-04-10,07:00:00,22,20,2,FMN GV 10 Beerse
39,Antwerpseweg 195,2019-04-10,08:00:00,22,14,8,FMN GV 10 Beerse
39,Antwerpseweg 195,2019-04-10,09:00:00,4,3,1,FMN GV 10 Beerse
39,Antwerpseweg 195,2019-04-10,10:00:00,9,8,1,FMN GV 10 Beerse
39,Antwerpseweg 195,2019-04-10,11:00:00,7,5,2,FMN GV 10 Beerse
39,Antwerpseweg 195,2019-04-10,12:00:00,12,5,7,FMN GV 10 Beerse
39,Antwerpseweg 195,2019-04-10,13:00:00,40,26,14,FMN GV 10 Beerse
39,Antwerpseweg 195,2019-04-10,14:00:00,12,5,7,FMN GV 10 Beerse
39,Antwerpseweg 195,2019-04-10,15:00:00,20,13,7,FMN GV 10 Beerse
39,Antwerpseweg 195,2019-04-10,16:00:00,30,19,11,FMN GV 10 Beerse
39,Antwerpseweg 195,2019-04-10,17:00:00,32,18,14,FMN GV 10 Beerse
39,Antwerpseweg 195,2019-04-10,18:00:00,14,10,4,FMN GV 10 Beerse
39,Antwerpseweg 195,2019-04-10,19:00:00,10,5,5,FMN GV 10 Beerse
39,Antwerpseweg 195,2019-04-10,20:00:00,9,7,2,FMN GV 10 Beerse
39,Antwerpseweg 195,2019-04-10,21:00:00,2,2,0,FMN GV 10 Beerse
39,Antwerpseweg 195,2019-04-10,22:00:00,3,2,1,FMN GV 10 Beerse
39,Antwerpseweg 195,2019-04-10,23:00:00,2,2,0,FMN GV 10 Beerse
39,Antwerpseweg 195,2019-04-11,00:00:00,0,0,0,FMN GV 10 Beerse
39,Antwerpseweg 195,2019-04-11,01:00:00,0,0,0,FMN GV 10 Beerse
39,Antwerpseweg 195,2019-04-11,02:00:00,0,0,0,FMN GV 10 Beerse
39,Antwerpseweg 195,2019-04-11,03:00:00,0,0,0,FMN GV 10 Beerse
39,Antwerpseweg 195,2019-04-11,04:00:00,1,1,0,FMN GV 10 Beerse
39,Antwerpseweg 195,2019-04-11,05:00:00,8,7,1,FMN GV 10 Beerse
39,Antwerpseweg 195,2019-04-11,06:00:00,5,3,2,FMN GV 10 Beerse
39,Antwerpseweg 195,2019-04-11,07:00:00,22,16,6,FMN GV 10 Beerse
39,Antwerpseweg 195,2019-04-11,08:00:00,25,22,3,FMN GV 10 Beerse
39,Antwerpseweg 195,2019-04-11,09:00:00,7,1,6,FMN GV 10 Beerse
39,Antwerpseweg 195,2019-04-11,10:00:00,5,3,2,FMN GV 10 Beerse
39,Antwerpseweg 195,2019-04-11,11:00:00,6,4,2,FMN GV 10 Beerse
39,Antwerpseweg 195,2019-04-11,12:00:00,21,16,5,FMN GV 10 Beerse
39,Antwerpseweg 195,2019-04-11,13:00:00,20,16,4,FMN GV 10 Beerse
39,Antwerpseweg 195,2019-04-11,14:00:00,15,11,4,FMN GV 10 Beerse
39,Antwerpseweg 195,2019-04-11,15:00:00,30,22,8,FMN GV 10 Beerse
39,Antwerpseweg 195,2019-04-11,16:00:00,41,33,8,FMN GV 10 Beerse
39,Antwerpseweg 195,2019-04-11,17:00:00,28,19,9,FMN GV 10 Beerse
39,Antwerpseweg 195,2019-04-11,18:00:00,19,11,8,FMN GV 10 Beerse
39,Antwerpseweg 195,2019-04-11,19:00:00,21,6,15,FMN GV 10 Beerse
39,Antwerpseweg 195,2019-04-11,20:00:00,4,3,1,FMN GV 10 Beerse
39,Antwerpseweg 195,2019-04-11,21:00:00,1,1,0,FMN GV 10 Beerse
39,Antwerpseweg 195,2019-04-11,22:00:00,8,6,2,FMN GV 10 Beerse
39,Antwerpseweg 195,2019-04-11,23:00:00,2,2,0,FMN GV 10 Beerse
39,Antwerpseweg 195,2019-04-12,00:00:00,3,0,3,FMN GV 10 Beerse
39,Antwerpseweg 195,2019-04-12,01:00:00,1,1,0,FMN GV 10 Beerse
39,Antwerpseweg 195,2019-04-12,02:00:00,0,0,0,FMN GV 10 Beerse
39,Antwerpseweg 195,2019-04-12,03:00:00,0,0,0,FMN GV 10 Beerse
39,Antwerpseweg 195,2019-04-12,04:00:00,1,1,0,FMN GV 10 Beerse
39,Antwerpseweg 195,2019-04-12,05:00:00,5,4,1,FMN GV 10 Beerse
39,Antwerpseweg 195,2019-04-12,06:00:00,7,5,2,FMN GV 10 Beerse
39,Antwerpseweg 195,2019-04-12,07:00:00,18,14,4,FMN GV 10 Beerse
39,Antwerpseweg 195,2019-04-12,08:00:00,11,7,4,FMN GV 10 Beerse
39,Antwerpseweg 195,2019-04-12,09:00:00,8,6,2,FMN GV 10 Beerse
39,Antwerpseweg 195,2019-04-12,10:00:00,4,2,2,FMN GV 10 Beerse
39,Antwerpseweg 195,2019-04-12,11:00:00,12,9,3,FMN GV 10 Beerse
39,Antwerpseweg 195,2019-04-12,12:00:00,7,4,3,FMN GV 10 Beerse
39,Antwerpseweg 195,2019-04-12,13:00:00,10,6,4,FMN GV 10 Beerse
39,Antwerpseweg 195,2019-04-12,14:00:00,10,6,4,FMN GV 10 Beerse
39,Antwerpseweg 195,2019-04-12,15:00:00,14,10,4,FMN GV 10 Beerse
39,Antwerpseweg 195,2019-04-12,16:00:00,14,8,6,FMN GV 10 Beerse
39,Antwerpseweg 195,2019-04-12,17:00:00,18,13,5,FMN GV 10 Beerse
39,Antwerpseweg 195,2019-04-12,18:00:00,9,7,2,FMN GV 10 Beerse
39,Antwerpseweg 195,2019-04-12,19:00:00,6,4,2,FMN GV 10 Beerse
39,Antwerpseweg 195,2019-04-12,20:00:00,4,2,2,FMN GV 10 Beerse
39,Antwerpseweg 195,2019-04-12,21:00:00,4,2,2,FMN GV 10 Beerse
39,Antwerpseweg 195,2019-04-12,22:00:00,5,4,1,FMN GV 10 Beerse
39,Antwerpseweg 195,2019-04-12,23:00:00,0,0,0,FMN GV 10 Beerse
39,Antwerpseweg 195,2019-04-13,00:00:00,1,1,0,FMN GV 10 Beerse
39,Antwerpseweg 195,2019-04-13,01:00:00,0,0,0,FMN GV 10 Beerse
39,Antwerpseweg 195,2019-04-13,02:00:00,1,1,0,FMN GV 10 Beerse
39,Antwerpseweg 195,2019-04-13,03:00:00,0,0,0,FMN GV 10 Beerse
39,Antwerpseweg 195,2019-04-13,04:00:00,0,0,0,FMN GV 10 Beerse
39,Antwerpseweg 195,2019-04-13,05:00:00,1,1,0,FMN GV 10 Beerse
39,Antwerpseweg 195,2019-04-13,06:00:00,0,0,0,FMN GV 10 Beerse
39,Antwerpseweg 195,2019-04-13,07:00:00,1,1,0,FMN GV 10 Beerse
39,Antwerpseweg 195,2019-04-13,08:00:00,3,1,2,FMN GV 10 Beerse
39,Antwerpseweg 195,2019-04-13,09:00:00,4,2,2,FMN GV 10 Beerse
39,Antwerpseweg 195,2019-04-13,10:00:00,5,4,1,FMN GV 10 Beerse
39,Antwerpseweg 195,2019-04-13,11:00:00,3,3,0,FMN GV 10 Beerse
39,Antwerpseweg 195,2019-04-13,12:00:00,9,7,2,FMN GV 10 Beerse
39,Antwerpseweg 195,2019-04-13,13:00:00,15,9,6,FMN GV 10 Beerse
39,Antwerpseweg 195,2019-04-13,14:00:00,11,9,2,FMN GV 10 Beerse
39,Antwerpseweg 195,2019-04-13,15:00:00,15,10,5,FMN GV 10 Beerse
39,Antwerpseweg 195,2019-04-13,16:00:00,11,4,7,FMN GV 10 Beerse
39,Antwerpseweg 195,2019-04-13,17:00:00,9,6,3,FMN GV 10 Beerse
39,Antwerpseweg 195,2019-04-13,18:00:00,11,6,5,FMN GV 10 Beerse
39,Antwerpseweg 195,2019-04-13,19:00:00,6,4,2,FMN GV 10 Beerse
39,Antwerpseweg 195,2019-04-13,20:00:00,2,1,1,FMN GV 10 Beerse
39,Antwerpseweg 195,2019-04-13,21:00:00,4,3,1,FMN GV 10 Beerse
39,Antwerpseweg 195,2019-04-13,22:00:00,5,2,3,FMN GV 10 Beerse
39,Antwerpseweg 195,2019-04-13,23:00:00,2,1,1,FMN GV 10 Beerse
39,Antwerpseweg 195,2019-04-14,00:00:00,0,0,0,FMN GV 10 Beerse
39,Antwerpseweg 195,2019-04-14,01:00:00,1,1,0,FMN GV 10 Beerse
39,Antwerpseweg 195,2019-04-14,02:00:00,4,2,2,FMN GV 10 Beerse
39,Antwerpseweg 195,2019-04-14,03:00:00,3,2,1,FMN GV 10 Beerse
39,Antwerpseweg 195,2019-04-14,04:00:00,1,1,0,FMN GV 10 Beerse
39,Antwerpseweg 195,2019-04-14,05:00:00,1,1,0,FMN GV 10 Beerse
39,Antwerpseweg 195,2019-04-14,06:00:00,1,1,0,FMN GV 10 Beerse
39,Antwerpseweg 195,2019-04-14,07:00:00,0,0,0,FMN GV 10 Beerse
39,Antwerpseweg 195,2019-04-14,08:00:00,5,3,2,FMN GV 10 Beerse
39,Antwerpseweg 195,2019-04-14,09:00:00,16,11,5,FMN GV 10 Beerse
39,Antwerpseweg 195,2019-04-14,10:00:00,5,3,2,FMN GV 10 Beerse
39,Antwerpseweg 195,2019-04-14,11:00:00,10,5,5,FMN GV 10 Beerse
39,Antwerpseweg 195,2019-04-14,12:00:00,15,7,8,FMN GV 10 Beerse
39,Antwerpseweg 195,2019-04-14,13:00:00,5,2,3,FMN GV 10 Beerse
39,Antwerpseweg 195,2019-04-14,14:00:00,9,3,6,FMN GV 10 Beerse
39,Antwerpseweg 195,2019-04-14,15:00:00,4,3,1,FMN GV 10 Beerse
39,Antwerpseweg 195,2019-04-14,16:00:00,5,3,2,FMN GV 10 Beerse
39,Antwerpseweg 195,2019-04-14,17:00:00,3,2,1,FMN GV 10 Beerse
39,Antwerpseweg 195,2019-04-14,18:00:00,6,4,2,FMN GV 10 Beerse
39,Antwerpseweg 195,2019-04-14,19:00:00,5,3,2,FMN GV 10 Beerse
39,Antwerpseweg 195,2019-04-14,20:00:00,4,1,3,FMN GV 10 Beerse
39,Antwerpseweg 195,2019-04-14,21:00:00,2,0,2,FMN GV 10 Beerse
39,Antwerpseweg 195,2019-04-14,22:00:00,1,1,0,FMN GV 10 Beerse
39,Antwerpseweg 195,2019-04-14,23:00:00,0,0,0,FMN GV 10 Beerse
39,Antwerpseweg 195,2019-04-15,00:00:00,0,0,0,FMN GV 10 Beerse
39,Antwerpseweg 195,2019-04-15,01:00:00,0,0,0,FMN GV 10 Beerse
39,Antwerpseweg 195,2019-04-15,02:00:00,0,0,0,FMN GV 10 Beerse
39,Antwerpseweg 195,2019-04-15,03:00:00,0,0,0,FMN GV 10 Beerse
39,Antwerpseweg 195,2019-04-15,04:00:00,1,0,1,FMN GV 10 Beerse
39,Antwerpseweg 195,2019-04-15,05:00:00,10,10,0,FMN GV 10 Beerse
39,Antwerpseweg 195,2019-04-15,06:00:00,4,3,1,FMN GV 10 Beerse
39,Antwerpseweg 195,2019-04-15,07:00:00,20,18,2,FMN GV 10 Beerse
39,Antwerpseweg 195,2019-04-15,08:00:00,16,10,6,FMN GV 10 Beerse
39,Antwerpseweg 195,2019-04-15,09:00:00,9,8,1,FMN GV 10 Beerse
39,Antwerpseweg 195,2019-04-15,10:00:00,9,8,1,FMN GV 10 Beerse
39,Antwerpseweg 195,2019-04-15,11:00:00,7,7,0,FMN GV 10 Beerse
39,Antwerpseweg 195,2019-04-15,12:00:00,16,11,5,FMN GV 10 Beerse
39,Antwerpseweg 195,2019-04-15,13:00:00,15,12,3,FMN GV 10 Beerse
39,Antwerpseweg 195,2019-04-15,14:00:00,25,17,8,FMN GV 10 Beerse
39,Antwerpseweg 195,2019-04-15,15:00:00,23,15,8,FMN GV 10 Beerse
39,Antwerpseweg 195,2019-04-15,16:00:00,35,29,6,FMN GV 10 Beerse
39,Antwerpseweg 195,2019-04-15,17:00:00,30,20,10,FMN GV 10 Beerse
39,Antwerpseweg 195,2019-04-15,18:00:00,16,13,3,FMN GV 10 Beerse
39,Antwerpseweg 195,2019-04-15,19:00:00,13,10,3,FMN GV 10 Beerse
39,Antwerpseweg 195,2019-04-15,20:00:00,7,3,4,FMN GV 10 Beerse
39,Antwerpseweg 195,2019-04-15,21:00:00,3,2,1,FMN GV 10 Beerse
39,Antwerpseweg 195,2019-04-15,22:00:00,5,3,2,FMN GV 10 Beerse
39,Antwerpseweg 195,2019-04-15,23:00:00,0,0,0,FMN GV 10 Beerse
39,Antwerpseweg 195,2019-04-16,00:00:00,0,0,0,FMN GV 10 Beerse
39,Antwerpseweg 195,2019-04-16,01:00:00,0,0,0,FMN GV 10 Beerse
39,Antwerpseweg 195,2019-04-16,02:00:00,0,0,0,FMN GV 10 Beerse
39,Antwerpseweg 195,2019-04-16,03:00:00,0,0,0,FMN GV 10 Beerse
39,Antwerpseweg 195,2019-04-16,04:00:00,2,2,0,FMN GV 10 Beerse
39,Antwerpseweg 195,2019-04-16,05:00:00,13,8,5,FMN GV 10 Beerse
39,Antwerpseweg 195,2019-04-16,06:00:00,5,4,1,FMN GV 10 Beerse
39,Antwerpseweg 195,2019-04-16,07:00:00,27,21,6,FMN GV 10 Beerse
39,Antwerpseweg 195,2019-04-16,08:00:00,23,17,6,FMN GV 10 Beerse
39,Antwerpseweg 195,2019-04-16,09:00:00,8,5,3,FMN GV 10 Beerse
39,Antwerpseweg 195,2019-04-16,10:00:00,8,5,3,FMN GV 10 Beerse
39,Antwerpseweg 195,2019-04-16,11:00:00,22,14,8,FMN GV 10 Beerse
39,Antwerpseweg 195,2019-04-16,12:00:00,23,15,8,FMN GV 10 Beerse
39,Antwerpseweg 195,2019-04-16,13:00:00,35,18,17,FMN GV 10 Beerse
39,Antwerpseweg 195,2019-04-16,14:00:00,34,23,11,FMN GV 10 Beerse
39,Antwerpseweg 195,2019-04-16,15:00:00,19,14,5,FMN GV 10 Beerse
39,Antwerpseweg 195,2019-04-16,16:00:00,36,20,16,FMN GV 10 Beerse
39,Antwerpseweg 195,2019-04-16,17:00:00,40,28,12,FMN GV 10 Beerse
39,Antwerpseweg 195,2019-04-16,18:00:00,18,16,2,FMN GV 10 Beerse
39,Antwerpseweg 195,2019-04-16,19:00:00,8,8,0,FMN GV 10 Beerse
39,Antwerpseweg 195,2019-04-16,20:00:00,10,5,5,FMN GV 10 Beerse
39,Antwerpseweg 195,2019-04-16,21:00:00,5,2,3,FMN GV 10 Beerse
39,Antwerpseweg 195,2019-04-16,22:00:00,8,5,3,FMN GV 10 Beerse
39,Antwerpseweg 195,2019-04-16,23:00:00,1,1,0,FMN GV 10 Beerse
39,Antwerpseweg 195,2019-04-17,00:00:00,0,0,0,FMN GV 10 Beerse
39,Antwerpseweg 195,2019-04-17,01:00:00,0,0,0,FMN GV 10 Beerse
39,Antwerpseweg 195,2019-04-17,02:00:00,0,0,0,FMN GV 10 Beerse
39,Antwerpseweg 195,2019-04-17,03:00:00,0,0,0,FMN GV 10 Beerse
39,Antwerpseweg 195,2019-04-17,04:00:00,2,2,0,FMN GV 10 Beerse
39,Antwerpseweg 195,2019-04-17,05:00:00,9,8,1,FMN GV 10 Beerse
39,Antwerpseweg 195,2019-04-17,06:00:00,8,5,3,FMN GV 10 Beerse
39,Antwerpseweg 195,2019-04-17,07:00:00,25,23,2,FMN GV 10 Beerse
39,Antwerpseweg 195,2019-04-17,08:00:00,20,16,4,FMN GV 10 Beerse
39,Antwerpseweg 195,2019-04-17,09:00:00,12,4,8,FMN GV 10 Beerse
39,Antwerpseweg 195,2019-04-17,10:00:00,7,5,2,FMN GV 10 Beerse
39,Antwerpseweg 195,2019-04-17,11:00:00,11,5,6,FMN GV 10 Beerse
39,Antwerpseweg 195,2019-04-17,12:00:00,16,11,5,FMN GV 10 Beerse
39,Antwerpseweg 195,2019-04-17,13:00:00,36,18,18,FMN GV 10 Beerse
39,Antwerpseweg 195,2019-04-17,14:00:00,19,15,4,FMN GV 10 Beerse
39,Antwerpseweg 195,2019-04-17,15:00:00,24,19,5,FMN GV 10 Beerse
39,Antwerpseweg 195,2019-04-17,16:00:00,37,29,8,FMN GV 10 Beerse
39,Antwerpseweg 195,2019-04-17,17:00:00,29,17,12,FMN GV 10 Beerse
39,Antwerpseweg 195,2019-04-17,18:00:00,12,7,5,FMN GV 10 Beerse
39,Antwerpseweg 195,2019-04-17,19:00:00,23,17,6,FMN GV 10 Beerse
39,Antwerpseweg 195,2019-04-17,20:00:00,6,3,3,FMN GV 10 Beerse
39,Antwerpseweg 195,2019-04-17,21:00:00,3,2,1,FMN GV 10 Beerse
39,Antwerpseweg 195,2019-04-17,22:00:00,6,4,2,FMN GV 10 Beerse
39,Antwerpseweg 195,2019-04-17,23:00:00,0,0,0,FMN GV 10 Beerse
39,Antwerpseweg 195,2019-04-18,00:00:00,0,0,0,FMN GV 10 Beerse
39,Antwerpseweg 195,2019-04-18,01:00:00,0,0,0,FMN GV 10 Beerse
39,Antwerpseweg 195,2019-04-18,02:00:00,0,0,0,FMN GV 10 Beerse
39,Antwerpseweg 195,2019-04-18,03:00:00,0,0,0,FMN GV 10 Beerse
39,Antwerpseweg 195,2019-04-18,04:00:00,4,4,0,FMN GV 10 Beerse
39,Antwerpseweg 195,2019-04-18,05:00:00,10,10,0,FMN GV 10 Beerse
39,Antwerpseweg 195,2019-04-18,06:00:00,9,7,2,FMN GV 10 Beerse
39,Antwerpseweg 195,2019-04-18,07:00:00,26,24,2,FMN GV 10 Beerse
39,Antwerpseweg 195,2019-04-18,08:00:00,28,21,7,FMN GV 10 Beerse
39,Antwerpseweg 195,2019-04-18,09:00:00,13,9,4,FMN GV 10 Beerse
39,Antwerpseweg 195,2019-04-18,10:00:00,6,4,2,FMN GV 10 Beerse
39,Antwerpseweg 195,2019-04-18,11:00:00,19,13,6,FMN GV 10 Beerse
39,Antwerpseweg 195,2019-04-18,12:00:00,30,16,14,FMN GV 10 Beerse
39,Antwerpseweg 195,2019-04-18,13:00:00,35,19,16,FMN GV 10 Beerse
39,Antwerpseweg 195,2019-04-18,14:00:00,43,23,20,FMN GV 10 Beerse
39,Antwerpseweg 195,2019-04-18,15:00:00,33,25,8,FMN GV 10 Beerse
39,Antwerpseweg 195,2019-04-18,16:00:00,56,36,20,FMN GV 10 Beerse
39,Antwerpseweg 195,2019-04-18,17:00:00,36,22,14,FMN GV 10 Beerse
39,Antwerpseweg 195,2019-04-18,18:00:00,27,15,12,FMN GV 10 Beerse
39,Antwerpseweg 195,2019-04-18,19:00:00,14,6,8,FMN GV 10 Beerse
39,Antwerpseweg 195,2019-04-18,20:00:00,12,9,3,FMN GV 10 Beerse
39,Antwerpseweg 195,2019-04-18,21:00:00,6,4,2,FMN GV 10 Beerse
39,Antwerpseweg 195,2019-04-18,22:00:00,7,5,2,FMN GV 10 Beerse
39,Antwerpseweg 195,2019-04-18,23:00:00,1,0,1,FMN GV 10 Beerse
39,Antwerpseweg 195,2019-04-19,00:00:00,1,1,0,FMN GV 10 Beerse
39,Antwerpseweg 195,2019-04-19,01:00:00,0,0,0,FMN GV 10 Beerse
39,Antwerpseweg 195,2019-04-19,02:00:00,0,0,0,FMN GV 10 Beerse
39,Antwerpseweg 195,2019-04-19,03:00:00,1,0,1,FMN GV 10 Beerse
39,Antwerpseweg 195,2019-04-19,04:00:00,3,3,0,FMN GV 10 Beerse
39,Antwerpseweg 195,2019-04-19,05:00:00,12,11,1,FMN GV 10 Beerse
39,Antwerpseweg 195,2019-04-19,06:00:00,12,7,5,FMN GV 10 Beerse
39,Antwerpseweg 195,2019-04-19,07:00:00,21,19,2,FMN GV 10 Beerse
39,Antwerpseweg 195,2019-04-19,08:00:00,24,17,7,FMN GV 10 Beerse
39,Antwerpseweg 195,2019-04-19,09:00:00,34,21,13,FMN GV 10 Beerse
39,Antwerpseweg 195,2019-04-19,10:00:00,5,4,1,FMN GV 10 Beerse
39,Antwerpseweg 195,2019-04-19,11:00:00,43,12,31,FMN GV 10 Beerse
39,Antwerpseweg 195,2019-04-19,12:00:00,20,14,6,FMN GV 10 Beerse
39,Antwerpseweg 195,2019-04-19,13:00:00,47,31,16,FMN GV 10 Beerse
39,Antwerpseweg 195,2019-04-19,14:00:00,47,32,15,FMN GV 10 Beerse
39,Antwerpseweg 195,2019-04-19,15:00:00,42,30,12,FMN GV 10 Beerse
39,Antwerpseweg 195,2019-04-19,16:00:00,30,17,13,FMN GV 10 Beerse
39,Antwerpseweg 195,2019-04-19,17:00:00,39,19,20,FMN GV 10 Beerse
39,Antwerpseweg 195,2019-04-19,18:00:00,17,10,7,FMN GV 10 Beerse
39,Antwerpseweg 195,2019-04-19,19:00:00,18,6,12,FMN GV 10 Beerse
39,Antwerpseweg 195,2019-04-19,20:00:00,6,5,1,FMN GV 10 Beerse
39,Antwerpseweg 195,2019-04-19,21:00:00,10,3,7,FMN GV 10 Beerse
39,Antwerpseweg 195,2019-04-19,22:00:00,3,2,1,FMN GV 10 Beerse
39,Antwerpseweg 195,2019-04-19,23:00:00,3,2,1,FMN GV 10 Beerse
39,Antwerpseweg 195,2019-04-20,00:00:00,1,1,0,FMN GV 10 Beerse
39,Antwerpseweg 195,2019-04-20,01:00:00,1,1,0,FMN GV 10 Beerse
39,Antwerpseweg 195,2019-04-20,02:00:00,0,0,0,FMN GV 10 Beerse
39,Antwerpseweg 195,2019-04-20,03:00:00,2,2,0,FMN GV 10 Beerse
39,Antwerpseweg 195,2019-04-20,04:00:00,0,0,0,FMN GV 10 Beerse
39,Antwerpseweg 195,2019-04-20,05:00:00,0,0,0,FMN GV 10 Beerse
39,Antwerpseweg 195,2019-04-20,06:00:00,2,2,0,FMN GV 10 Beerse
39,Antwerpseweg 195,2019-04-20,07:00:00,3,2,1,FMN GV 10 Beerse
39,Antwerpseweg 195,2019-04-20,08:00:00,12,7,5,FMN GV 10 Beerse
39,Antwerpseweg 195,2019-04-20,09:00:00,12,8,4,FMN GV 10 Beerse
39,Antwerpseweg 195,2019-04-20,10:00:00,9,7,2,FMN GV 10 Beerse
39,Antwerpseweg 195,2019-04-20,11:00:00,24,14,10,FMN GV 10 Beerse
39,Antwerpseweg 195,2019-04-20,12:00:00,27,20,7,FMN GV 10 Beerse
39,Antwerpseweg 195,2019-04-20,13:00:00,40,32,8,FMN GV 10 Beerse
39,Antwerpseweg 195,2019-04-20,14:00:00,35,25,10,FMN GV 10 Beerse
39,Antwerpseweg 195,2019-04-20,15:00:00,36,25,11,FMN GV 10 Beerse
39,Antwerpseweg 195,2019-04-20,16:00:00,34,23,11,FMN GV 10 Beerse
39,Antwerpseweg 195,2019-04-20,17:00:00,32,19,13,FMN GV 10 Beerse
39,Antwerpseweg 195,2019-04-20,18:00:00,22,14,8,FMN GV 10 Beerse
39,Antwerpseweg 195,2019-04-20,19:00:00,17,10,7,FMN GV 10 Beerse
39,Antwerpseweg 195,2019-04-20,20:00:00,6,1,5,FMN GV 10 Beerse
39,Antwerpseweg 195,2019-04-20,21:00:00,2,2,0,FMN GV 10 Beerse
39,Antwerpseweg 195,2019-04-20,22:00:00,1,1,0,FMN GV 10 Beerse
39,Antwerpseweg 195,2019-04-20,23:00:00,1,1,0,FMN GV 10 Beerse
39,Antwerpseweg 195,2019-04-21,00:00:00,2,2,0,FMN GV 10 Beerse
39,Antwerpseweg 195,2019-04-21,01:00:00,1,0,1,FMN GV 10 Beerse
39,Antwerpseweg 195,2019-04-21,02:00:00,5,3,2,FMN GV 10 Beerse
39,Antwerpseweg 195,2019-04-21,03:00:00,1,1,0,FMN GV 10 Beerse
39,Antwerpseweg 195,2019-04-21,04:00:00,2,1,1,FMN GV 10 Beerse
39,Antwerpseweg 195,2019-04-21,05:00:00,3,3,0,FMN GV 10 Beerse
39,Antwerpseweg 195,2019-04-21,06:00:00,0,0,0,FMN GV 10 Beerse
39,Antwerpseweg 195,2019-04-21,07:00:00,4,3,1,FMN GV 10 Beerse
39,Antwerpseweg 195,2019-04-21,08:00:00,5,5,0,FMN GV 10 Beerse
39,Antwerpseweg 195,2019-04-21,09:00:00,14,9,5,FMN GV 10 Beerse
39,Antwerpseweg 195,2019-04-21,10:00:00,31,11,20,FMN GV 10 Beerse
39,Antwerpseweg 195,2019-04-21,11:00:00,43,22,21,FMN GV 10 Beerse
39,Antwerpseweg 195,2019-04-21,12:00:00,25,18,7,FMN GV 10 Beerse
39,Antwerpseweg 195,2019-04-21,13:00:00,35,21,14,FMN GV 10 Beerse
39,Antwerpseweg 195,2019-04-21,14:00:00,74,50,24,FMN GV 10 Beerse
39,Antwerpseweg 195,2019-04-21,15:00:00,40,29,11,FMN GV 10 Beerse
39,Antwerpseweg 195,2019-04-21,16:00:00,30,20,10,FMN GV 10 Beerse
39,Antwerpseweg 195,2019-04-21,17:00:00,28,10,18,FMN GV 10 Beerse
39,Antwerpseweg 195,2019-04-21,18:00:00,31,24,7,FMN GV 10 Beerse
39,Antwerpseweg 195,2019-04-21,19:00:00,24,18,6,FMN GV 10 Beerse
39,Antwerpseweg 195,2019-04-21,20:00:00,22,16,6,FMN GV 10 Beerse
39,Antwerpseweg 195,2019-04-21,21:00:00,20,10,10,FMN GV 10 Beerse
39,Antwerpseweg 195,2019-04-21,22:00:00,11,7,4,FMN GV 10 Beerse
39,Antwerpseweg 195,2019-04-21,23:00:00,2,0,2,FMN GV 10 Beerse
39,Antwerpseweg 195,2019-04-22,00:00:00,1,1,0,FMN GV 10 Beerse
39,Antwerpseweg 195,2019-04-22,01:00:00,1,0,1,FMN GV 10 Beerse
39,Antwerpseweg 195,2019-04-22,02:00:00,0,0,0,FMN GV 10 Beerse
39,Antwerpseweg 195,2019-04-22,03:00:00,0,0,0,FMN GV 10 Beerse
39,Antwerpseweg 195,2019-04-22,04:00:00,0,0,0,FMN GV 10 Beerse
39,Antwerpseweg 195,2019-04-22,05:00:00,0,0,0,FMN GV 10 Beerse
39,Antwerpseweg 195,2019-04-22,06:00:00,0,0,0,FMN GV 10 Beerse
39,Antwerpseweg 195,2019-04-22,07:00:00,6,6,0,FMN GV 10 Beerse
39,Antwerpseweg 195,2019-04-22,08:00:00,5,3,2,FMN GV 10 Beerse
39,Antwerpseweg 195,2019-04-22,09:00:00,10,10,0,FMN GV 10 Beerse
39,Antwerpseweg 195,2019-04-22,10:00:00,25,10,15,FMN GV 10 Beerse
39,Antwerpseweg 195,2019-04-22,11:00:00,28,15,13,FMN GV 10 Beerse
39,Antwerpseweg 195,2019-04-22,12:00:00,44,28,16,FMN GV 10 Beerse
39,Antwerpseweg 195,2019-04-22,13:00:00,40,27,13,FMN GV 10 Beerse
39,Antwerpseweg 195,2019-04-22,14:00:00,55,31,24,FMN GV 10 Beerse
39,Antwerpseweg 195,2019-04-22,15:00:00,61,46,15,FMN GV 10 Beerse
39,Antwerpseweg 195,2019-04-22,16:00:00,59,35,24,FMN GV 10 Beerse
39,Antwerpseweg 195,2019-04-22,17:00:00,18,8,10,FMN GV 10 Beerse
39,Antwerpseweg 195,2019-04-22,18:00:00,15,12,3,FMN GV 10 Beerse
39,Antwerpseweg 195,2019-04-22,19:00:00,13,10,3,FMN GV 10 Beerse
39,Antwerpseweg 195,2019-04-22,20:00:00,8,5,3,FMN GV 10 Beerse
39,Antwerpseweg 195,2019-04-22,21:00:00,4,3,1,FMN GV 10 Beerse
39,Antwerpseweg 195,2019-04-22,22:00:00,4,2,2,FMN GV 10 Beerse
39,Antwerpseweg 195,2019-04-22,23:00:00,0,0,0,FMN GV 10 Beerse
39,Antwerpseweg 195,2019-04-23,00:00:00,1,1,0,FMN GV 10 Beerse
39,Antwerpseweg 195,2019-04-23,01:00:00,0,0,0,FMN GV 10 Beerse
39,Antwerpseweg 195,2019-04-23,02:00:00,0,0,0,FMN GV 10 Beerse
39,Antwerpseweg 195,2019-04-23,03:00:00,0,0,0,FMN GV 10 Beerse
39,Antwerpseweg 195,2019-04-23,04:00:00,2,2,0,FMN GV 10 Beerse
39,Antwerpseweg 195,2019-04-23,05:00:00,11,10,1,FMN GV 10 Beerse
39,Antwerpseweg 195,2019-04-23,06:00:00,16,13,3,FMN GV 10 Beerse
39,Antwerpseweg 195,2019-04-23,07:00:00,55,44,11,FMN GV 10 Beerse
39,Antwerpseweg 195,2019-04-23,08:00:00,41,31,10,FMN GV 10 Beerse
39,Antwerpseweg 195,2019-04-23,09:00:00,17,13,4,FMN GV 10 Beerse
39,Antwerpseweg 195,2019-04-23,10:00:00,10,8,2,FMN GV 10 Beerse
39,Antwerpseweg 195,2019-04-23,11:00:00,3,1,2,FMN GV 10 Beerse
39,Antwerpseweg 195,2019-04-23,12:00:00,25,19,6,FMN GV 10 Beerse
39,Antwerpseweg 195,2019-04-23,13:00:00,41,25,16,FMN GV 10 Beerse
39,Antwerpseweg 195,2019-04-23,14:00:00,20,13,7,FMN GV 10 Beerse
39,Antwerpseweg 195,2019-04-23,15:00:00,22,14,8,FMN GV 10 Beerse
39,Antwerpseweg 195,2019-04-23,16:00:00,78,52,26,FMN GV 10 Beerse
39,Antwerpseweg 195,2019-04-23,17:00:00,70,37,33,FMN GV 10 Beerse
39,Antwerpseweg 195,2019-04-23,18:00:00,40,33,7,FMN GV 10 Beerse
39,Antwerpseweg 195,2019-04-23,19:00:00,22,13,9,FMN GV 10 Beerse
39,Antwerpseweg 195,2019-04-23,20:00:00,18,8,10,FMN GV 10 Beerse
39,Antwerpseweg 195,2019-04-23,21:00:00,5,3,2,FMN GV 10 Beerse
39,Antwerpseweg 195,2019-04-23,22:00:00,5,5,0,FMN GV 10 Beerse
39,Antwerpseweg 195,2019-04-23,23:00:00,1,1,0,FMN GV 10 Beerse
39,Antwerpseweg 195,2019-04-24,00:00:00,0,0,0,FMN GV 10 Beerse
39,Antwerpseweg 195,2019-04-24,01:00:00,0,0,0,FMN GV 10 Beerse
39,Antwerpseweg 195,2019-04-24,02:00:00,0,0,0,FMN GV 10 Beerse
39,Antwerpseweg 195,2019-04-24,03:00:00,3,3,0,FMN GV 10 Beerse
39,Antwerpseweg 195,2019-04-24,04:00:00,1,1,0,FMN GV 10 Beerse
39,Antwerpseweg 195,2019-04-24,05:00:00,9,7,2,FMN GV 10 Beerse
39,Antwerpseweg 195,2019-04-24,06:00:00,15,10,5,FMN GV 10 Beerse
39,Antwerpseweg 195,2019-04-24,07:00:00,50,38,12,FMN GV 10 Beerse
39,Antwerpseweg 195,2019-04-24,08:00:00,31,25,6,FMN GV 10 Beerse
39,Antwerpseweg 195,2019-04-24,09:00:00,13,11,2,FMN GV 10 Beerse
39,Antwerpseweg 195,2019-04-24,10:00:00,9,5,4,FMN GV 10 Beerse
39,Antwerpseweg 195,2019-04-24,11:00:00,16,8,8,FMN GV 10 Beerse
39,Antwerpseweg 195,2019-04-24,12:00:00,41,30,11,FMN GV 10 Beerse
39,Antwerpseweg 195,2019-04-24,13:00:00,33,25,8,FMN GV 10 Beerse
39,Antwerpseweg 195,2019-04-24,14:00:00,34,21,13,FMN GV 10 Beerse
39,Antwerpseweg 195,2019-04-24,15:00:00,25,10,15,FMN GV 10 Beerse
39,Antwerpseweg 195,2019-04-24,16:00:00,28,18,10,FMN GV 10 Beerse
39,Antwerpseweg 195,2019-04-24,17:00:00,30,18,12,FMN GV 10 Beerse
39,Antwerpseweg 195,2019-04-24,18:00:00,14,10,4,FMN GV 10 Beerse
39,Antwerpseweg 195,2019-04-24,19:00:00,6,5,1,FMN GV 10 Beerse
39,Antwerpseweg 195,2019-04-24,20:00:00,3,3,0,FMN GV 10 Beerse
39,Antwerpseweg 195,2019-04-24,21:00:00,3,1,2,FMN GV 10 Beerse
39,Antwerpseweg 195,2019-04-24,22:00:00,2,2,0,FMN GV 10 Beerse
39,Antwerpseweg 195,2019-04-24,23:00:00,0,0,0,FMN GV 10 Beerse
39,Antwerpseweg 195,2019-04-25,00:00:00,0,0,0,FMN GV 10 Beerse
39,Antwerpseweg 195,2019-04-25,01:00:00,0,0,0,FMN GV 10 Beerse
39,Antwerpseweg 195,2019-04-25,02:00:00,0,0,0,FMN GV 10 Beerse
39,Antwerpseweg 195,2019-04-25,03:00:00,0,0,0,FMN GV 10 Beerse
39,Antwerpseweg 195,2019-04-25,04:00:00,2,2,0,FMN GV 10 Beerse
39,Antwerpseweg 195,2019-04-25,05:00:00,6,6,0,FMN GV 10 Beerse
39,Antwerpseweg 195,2019-04-25,06:00:00,13,9,4,FMN GV 10 Beerse
39,Antwerpseweg 195,2019-04-25,07:00:00,29,21,8,FMN GV 10 Beerse
39,Antwerpseweg 195,2019-04-25,08:00:00,20,17,3,FMN GV 10 Beerse
39,Antwerpseweg 195,2019-04-25,09:00:00,6,5,1,FMN GV 10 Beerse
39,Antwerpseweg 195,2019-04-25,10:00:00,1,1,0,FMN GV 10 Beerse
39,Antwerpseweg 195,2019-04-25,11:00:00,4,4,0,FMN GV 10 Beerse
39,Antwerpseweg 195,2019-04-25,12:00:00,14,8,6,FMN GV 10 Beerse
39,Antwerpseweg 195,2019-04-25,13:00:00,20,13,7,FMN GV 10 Beerse
39,Antwerpseweg 195,2019-04-25,14:00:00,13,8,5,FMN GV 10 Beerse
39,Antwerpseweg 195,2019-04-25,15:00:00,16,10,6,FMN GV 10 Beerse
39,Antwerpseweg 195,2019-04-25,16:00:00,38,26,12,FMN GV 10 Beerse
39,Antwerpseweg 195,2019-04-25,17:00:00,17,12,5,FMN GV 10 Beerse
39,Antwerpseweg 195,2019-04-25,18:00:00,9,5,4,FMN GV 10 Beerse
39,Antwerpseweg 195,2019-04-25,19:00:00,8,8,0,FMN GV 10 Beerse
39,Antwerpseweg 195,2019-04-25,20:00:00,8,4,4,FMN GV 10 Beerse
39,Antwerpseweg 195,2019-04-25,21:00:00,4,2,2,FMN GV 10 Beerse
39,Antwerpseweg 195,2019-04-25,22:00:00,4,2,2,FMN GV 10 Beerse
39,Antwerpseweg 195,2019-04-25,23:00:00,1,1,0,FMN GV 10 Beerse
39,Antwerpseweg 195,2019-04-26,00:00:00,0,0,0,FMN GV 10 Beerse
39,Antwerpseweg 195,2019-04-26,01:00:00,0,0,0,FMN GV 10 Beerse
39,Antwerpseweg 195,2019-04-26,02:00:00,0,0,0,FMN GV 10 Beerse
39,Antwerpseweg 195,2019-04-26,03:00:00,0,0,0,FMN GV 10 Beerse
39,Antwerpseweg 195,2019-04-26,04:00:00,2,2,0,FMN GV 10 Beerse
39,Antwerpseweg 195,2019-04-26,05:00:00,6,6,0,FMN GV 10 Beerse
39,Antwerpseweg 195,2019-04-26,06:00:00,11,9,2,FMN GV 10 Beerse
39,Antwerpseweg 195,2019-04-26,07:00:00,32,25,7,FMN GV 10 Beerse
39,Antwerpseweg 195,2019-04-26,08:00:00,26,22,4,FMN GV 10 Beerse
39,Antwerpseweg 195,2019-04-26,09:00:00,11,8,3,FMN GV 10 Beerse
39,Antwerpseweg 195,2019-04-26,10:00:00,7,7,0,FMN GV 10 Beerse
39,Antwerpseweg 195,2019-04-26,11:00:00,19,19,0,FMN GV 10 Beerse
39,Antwerpseweg 195,2019-04-26,12:00:00,13,8,5,FMN GV 10 Beerse
39,Antwerpseweg 195,2019-04-26,13:00:00,26,10,16,FMN GV 10 Beerse
39,Antwerpseweg 195,2019-04-26,14:00:00,30,26,4,FMN GV 10 Beerse
39,Antwerpseweg 195,2019-04-26,15:00:00,30,20,10,FMN GV 10 Beerse
39,Antwerpseweg 195,2019-04-26,16:00:00,47,31,16,FMN GV 10 Beerse
39,Antwerpseweg 195,2019-04-26,17:00:00,22,17,5,FMN GV 10 Beerse
39,Antwerpseweg 195,2019-04-26,18:00:00,13,10,3,FMN GV 10 Beerse
39,Antwerpseweg 195,2019-04-26,19:00:00,9,5,4,FMN GV 10 Beerse
39,Antwerpseweg 195,2019-04-26,20:00:00,4,2,2,FMN GV 10 Beerse
39,Antwerpseweg 195,2019-04-26,21:00:00,7,4,3,FMN GV 10 Beerse
39,Antwerpseweg 195,2019-04-26,22:00:00,6,4,2,FMN GV 10 Beerse
39,Antwerpseweg 195,2019-04-26,23:00:00,0,0,0,FMN GV 10 Beerse
39,Antwerpseweg 195,2019-04-27,00:00:00,0,0,0,FMN GV 10 Beerse
39,Antwerpseweg 195,2019-04-27,01:00:00,1,1,0,FMN GV 10 Beerse
39,Antwerpseweg 195,2019-04-27,02:00:00,1,0,1,FMN GV 10 Beerse
39,Antwerpseweg 195,2019-04-27,03:00:00,1,1,0,FMN GV 10 Beerse
39,Antwerpseweg 195,2019-04-27,04:00:00,2,2,0,FMN GV 10 Beerse
39,Antwerpseweg 195,2019-04-27,05:00:00,0,0,0,FMN GV 10 Beerse
39,Antwerpseweg 195,2019-04-27,06:00:00,0,0,0,FMN GV 10 Beerse
39,Antwerpseweg 195,2019-04-27,07:00:00,2,1,1,FMN GV 10 Beerse
39,Antwerpseweg 195,2019-04-27,08:00:00,1,0,1,FMN GV 10 Beerse
39,Antwerpseweg 195,2019-04-27,09:00:00,2,1,1,FMN GV 10 Beerse
39,Antwerpseweg 195,2019-04-27,10:00:00,4,2,2,FMN GV 10 Beerse
39,Antwerpseweg 195,2019-04-27,11:00:00,1,1,0,FMN GV 10 Beerse
39,Antwerpseweg 195,2019-04-27,12:00:00,4,2,2,FMN GV 10 Beerse
39,Antwerpseweg 195,2019-04-27,13:00:00,8,5,3,FMN GV 10 Beerse
39,Antwerpseweg 195,2019-04-27,14:00:00,3,1,2,FMN GV 10 Beerse
39,Antwerpseweg 195,2019-04-27,15:00:00,9,7,2,FMN GV 10 Beerse
39,Antwerpseweg 195,2019-04-27,16:00:00,11,4,7,FMN GV 10 Beerse
39,Antwerpseweg 195,2019-04-27,17:00:00,4,2,2,FMN GV 10 Beerse
39,Antwerpseweg 195,2019-04-27,18:00:00,4,4,0,FMN GV 10 Beerse
39,Antwerpseweg 195,2019-04-27,19:00:00,0,0,0,FMN GV 10 Beerse
39,Antwerpseweg 195,2019-04-27,20:00:00,4,2,2,FMN GV 10 Beerse
39,Antwerpseweg 195,2019-04-27,21:00:00,0,0,0,FMN GV 10 Beerse
39,Antwerpseweg 195,2019-04-27,22:00:00,1,1,0,FMN GV 10 Beerse
39,Antwerpseweg 195,2019-04-27,23:00:00,1,1,0,FMN GV 10 Beerse
39,Antwerpseweg 195,2019-04-28,00:00:00,0,0,0,FMN GV 10 Beerse
39,Antwerpseweg 195,2019-04-28,01:00:00,0,0,0,FMN GV 10 Beerse
39,Antwerpseweg 195,2019-04-28,02:00:00,2,1,1,FMN GV 10 Beerse
39,Antwerpseweg 195,2019-04-28,03:00:00,0,0,0,FMN GV 10 Beerse
39,Antwerpseweg 195,2019-04-28,04:00:00,2,1,1,FMN GV 10 Beerse
39,Antwerpseweg 195,2019-04-28,05:00:00,0,0,0,FMN GV 10 Beerse
39,Antwerpseweg 195,2019-04-28,06:00:00,0,0,0,FMN GV 10 Beerse
39,Antwerpseweg 195,2019-04-28,07:00:00,0,0,0,FMN GV 10 Beerse
39,Antwerpseweg 195,2019-04-28,08:00:00,5,3,2,FMN GV 10 Beerse
39,Antwerpseweg 195,2019-04-28,09:00:00,5,4,1,FMN GV 10 Beerse
39,Antwerpseweg 195,2019-04-28,10:00:00,10,6,4,FMN GV 10 Beerse
39,Antwerpseweg 195,2019-04-28,11:00:00,7,5,2,FMN GV 10 Beerse
39,Antwerpseweg 195,2019-04-28,12:00:00,11,4,7,FMN GV 10 Beerse
39,Antwerpseweg 195,2019-04-28,13:00:00,5,4,1,FMN GV 10 Beerse
39,Antwerpseweg 195,2019-04-28,14:00:00,9,6,3,FMN GV 10 Beerse
39,Antwerpseweg 195,2019-04-28,15:00:00,9,4,5,FMN GV 10 Beerse
39,Antwerpseweg 195,2019-04-28,16:00:00,3,2,1,FMN GV 10 Beerse
39,Antwerpseweg 195,2019-04-28,17:00:00,5,3,2,FMN GV 10 Beerse
39,Antwerpseweg 195,2019-04-28,18:00:00,5,3,2,FMN GV 10 Beerse
39,Antwerpseweg 195,2019-04-28,19:00:00,3,2,1,FMN GV 10 Beerse
39,Antwerpseweg 195,2019-04-28,20:00:00,4,2,2,FMN GV 10 Beerse
39,Antwerpseweg 195,2019-04-28,21:00:00,0,0,0,FMN GV 10 Beerse
39,Antwerpseweg 195,2019-04-28,22:00:00,1,1,0,FMN GV 10 Beerse
39,Antwerpseweg 195,2019-04-28,23:00:00,0,0,0,FMN GV 10 Beerse
39,Antwerpseweg 195,2019-04-29,00:00:00,0,0,0,FMN GV 10 Beerse
39,Antwerpseweg 195,2019-04-29,01:00:00,0,0,0,FMN GV 10 Beerse
39,Antwerpseweg 195,2019-04-29,02:00:00,0,0,0,FMN GV 10 Beerse
39,Antwerpseweg 195,2019-04-29,03:00:00,0,0,0,FMN GV 10 Beerse
39,Antwerpseweg 195,2019-04-29,04:00:00,2,2,0,FMN GV 10 Beerse
39,Antwerpseweg 195,2019-04-29,05:00:00,7,7,0,FMN GV 10 Beerse
39,Antwerpseweg 195,2019-04-29,06:00:00,8,6,2,FMN GV 10 Beerse
39,Antwerpseweg 195,2019-04-29,07:00:00,48,38,10,FMN GV 10 Beerse
39,Antwerpseweg 195,2019-04-29,08:00:00,36,29,7,FMN GV 10 Beerse
39,Antwerpseweg 195,2019-04-29,09:00:00,10,8,2,FMN GV 10 Beerse
39,Antwerpseweg 195,2019-04-29,10:00:00,13,12,1,FMN GV 10 Beerse
39,Antwerpseweg 195,2019-04-29,11:00:00,8,7,1,FMN GV 10 Beerse
39,Antwerpseweg 195,2019-04-29,12:00:00,19,11,8,FMN GV 10 Beerse
39,Antwerpseweg 195,2019-04-29,13:00:00,26,18,8,FMN GV 10 Beerse
39,Antwerpseweg 195,2019-04-29,14:00:00,44,23,21,FMN GV 10 Beerse
39,Antwerpseweg 195,2019-04-29,15:00:00,31,22,9,FMN GV 10 Beerse
39,Antwerpseweg 195,2019-04-29,16:00:00,56,42,14,FMN GV 10 Beerse
39,Antwerpseweg 195,2019-04-29,17:00:00,39,23,16,FMN GV 10 Beerse
39,Antwerpseweg 195,2019-04-29,18:00:00,26,18,8,FMN GV 10 Beerse
39,Antwerpseweg 195,2019-04-29,19:00:00,16,13,3,FMN GV 10 Beerse
39,Antwerpseweg 195,2019-04-29,20:00:00,7,3,4,FMN GV 10 Beerse
39,Antwerpseweg 195,2019-04-29,21:00:00,2,0,2,FMN GV 10 Beerse
39,Antwerpseweg 195,2019-04-29,22:00:00,9,3,6,FMN GV 10 Beerse
39,Antwerpseweg 195,2019-04-29,23:00:00,2,1,1,FMN GV 10 Beerse
39,Antwerpseweg 195,2019-04-30,00:00:00,0,0,0,FMN GV 10 Beerse
39,Antwerpseweg 195,2019-04-30,01:00:00,0,0,0,FMN GV 10 Beerse
39,Antwerpseweg 195,2019-04-30,02:00:00,0,0,0,FMN GV 10 Beerse
39,Antwerpseweg 195,2019-04-30,03:00:00,0,0,0,FMN GV 10 Beerse
39,Antwerpseweg 195,2019-04-30,04:00:00,2,2,0,FMN GV 10 Beerse
39,Antwerpseweg 195,2019-04-30,05:00:00,7,7,0,FMN GV 10 Beerse
39,Antwerpseweg 195,2019-04-30,06:00:00,10,8,2,FMN GV 10 Beerse
39,Antwerpseweg 195,2019-04-30,07:00:00,41,34,7,FMN GV 10 Beerse
39,Antwerpseweg 195,2019-04-30,08:00:00,32,24,8,FMN GV 10 Beerse
39,Antwerpseweg 195,2019-04-30,09:00:00,12,10,2,FMN GV 10 Beerse
39,Antwerpseweg 195,2019-04-30,10:00:00,7,3,4,FMN GV 10 Beerse
39,Antwerpseweg 195,2019-04-30,11:00:00,9,8,1,FMN GV 10 Beerse
39,Antwerpseweg 195,2019-04-30,12:00:00,22,12,10,FMN GV 10 Beerse
39,Antwerpseweg 195,2019-04-30,13:00:00,46,33,13,FMN GV 10 Beerse
39,Antwerpseweg 195,2019-04-30,14:00:00,25,12,13,FMN GV 10 Beerse
39,Antwerpseweg 195,2019-04-30,15:00:00,35,30,5,FMN GV 10 Beerse
39,Antwerpseweg 195,2019-04-30,16:00:00,78,49,29,FMN GV 10 Beerse
39,Antwerpseweg 195,2019-04-30,17:00:00,44,26,18,FMN GV 10 Beerse
39,Antwerpseweg 195,2019-04-30,18:00:00,26,21,5,FMN GV 10 Beerse
39,Antwerpseweg 195,2019-04-30,19:00:00,12,4,8,FMN GV 10 Beerse
39,Antwerpseweg 195,2019-04-30,20:00:00,15,13,2,FMN GV 10 Beerse
39,Antwerpseweg 195,2019-04-30,21:00:00,3,2,1,FMN GV 10 Beerse
39,Antwerpseweg 195,2019-04-30,22:00:00,11,6,5,FMN GV 10 Beerse
39,Antwerpseweg 195,2019-04-30,23:00:00,1,1,0,FMN GV 10 Beerse
39,Antwerpseweg 195,2019-05-01,00:00:00,0,0,0,FMN GV 10 Beerse
39,Antwerpseweg 195,2019-05-01,01:00:00,0,0,0,FMN GV 10 Beerse
39,Antwerpseweg 195,2019-05-01,02:00:00,1,1,0,FMN GV 10 Beerse
39,Antwerpseweg 195,2019-05-01,03:00:00,2,2,0,FMN GV 10 Beerse
39,Antwerpseweg 195,2019-05-01,04:00:00,0,0,0,FMN GV 10 Beerse
39,Antwerpseweg 195,2019-05-01,05:00:00,0,0,0,FMN GV 10 Beerse
39,Antwerpseweg 195,2019-05-01,06:00:00,0,0,0,FMN GV 10 Beerse
39,Antwerpseweg 195,2019-05-01,07:00:00,4,3,1,FMN GV 10 Beerse
39,Antwerpseweg 195,2019-05-01,08:00:00,14,8,6,FMN GV 10 Beerse
39,Antwerpseweg 195,2019-05-01,09:00:00,21,16,5,FMN GV 10 Beerse
39,Antwerpseweg 195,2019-05-01,10:00:00,17,11,6,FMN GV 10 Beerse
39,Antwerpseweg 195,2019-05-01,11:00:00,18,14,4,FMN GV 10 Beerse
39,Antwerpseweg 195,2019-05-01,12:00:00,32,16,16,FMN GV 10 Beerse
39,Antwerpseweg 195,2019-05-01,13:00:00,42,23,19,FMN GV 10 Beerse
39,Antwerpseweg 195,2019-05-01,14:00:00,31,22,9,FMN GV 10 Beerse
39,Antwerpseweg 195,2019-05-01,15:00:00,57,24,33,FMN GV 10 Beerse
39,Antwerpseweg 195,2019-05-01,16:00:00,40,22,18,FMN GV 10 Beerse
39,Antwerpseweg 195,2019-05-01,17:00:00,17,8,9,FMN GV 10 Beerse
39,Antwerpseweg 195,2019-05-01,18:00:00,17,8,9,FMN GV 10 Beerse
39,Antwerpseweg 195,2019-05-01,19:00:00,9,5,4,FMN GV 10 Beerse
39,Antwerpseweg 195,2019-05-01,20:00:00,2,2,0,FMN GV 10 Beerse
39,Antwerpseweg 195,2019-05-01,21:00:00,5,3,2,FMN GV 10 Beerse
39,Antwerpseweg 195,2019-05-01,22:00:00,1,1,0,FMN GV 10 Beerse
39,Antwerpseweg 195,2019-05-01,23:00:00,0,0,0,FMN GV 10 Beerse
39,Antwerpseweg 195,2019-05-02,00:00:00,0,0,0,FMN GV 10 Beerse
39,Antwerpseweg 195,2019-05-02,01:00:00,0,0,0,FMN GV 10 Beerse
39,Antwerpseweg 195,2019-05-02,02:00:00,0,0,0,FMN GV 10 Beerse
39,Antwerpseweg 195,2019-05-02,03:00:00,0,0,0,FMN GV 10 Beerse
39,Antwerpseweg 195,2019-05-02,04:00:00,2,2,0,FMN GV 10 Beerse
39,Antwerpseweg 195,2019-05-02,05:00:00,11,11,0,FMN GV 10 Beerse
39,Antwerpseweg 195,2019-05-02,06:00:00,11,7,4,FMN GV 10 Beerse
39,Antwerpseweg 195,2019-05-02,07:00:00,33,25,8,FMN GV 10 Beerse
39,Antwerpseweg 195,2019-05-02,08:00:00,33,27,6,FMN GV 10 Beerse
39,Antwerpseweg 195,2019-05-02,09:00:00,9,6,3,FMN GV 10 Beerse
39,Antwerpseweg 195,2019-05-02,10:00:00,7,3,4,FMN GV 10 Beerse
39,Antwerpseweg 195,2019-05-02,11:00:00,16,13,3,FMN GV 10 Beerse
39,Antwerpseweg 195,2019-05-02,12:00:00,10,5,5,FMN GV 10 Beerse
39,Antwerpseweg 195,2019-05-02,13:00:00,8,7,1,FMN GV 10 Beerse
39,Antwerpseweg 195,2019-05-02,14:00:00,5,4,1,FMN GV 10 Beerse
39,Antwerpseweg 195,2019-05-02,15:00:00,20,14,6,FMN GV 10 Beerse
39,Antwerpseweg 195,2019-05-02,16:00:00,33,22,11,FMN GV 10 Beerse
39,Antwerpseweg 195,2019-05-02,17:00:00,19,12,7,FMN GV 10 Beerse
39,Antwerpseweg 195,2019-05-02,18:00:00,11,3,8,FMN GV 10 Beerse
39,Antwerpseweg 195,2019-05-02,19:00:00,9,6,3,FMN GV 10 Beerse
39,Antwerpseweg 195,2019-05-02,20:00:00,12,3,9,FMN GV 10 Beerse
39,Antwerpseweg 195,2019-05-02,21:00:00,6,5,1,FMN GV 10 Beerse
39,Antwerpseweg 195,2019-05-02,22:00:00,4,3,1,FMN GV 10 Beerse
39,Antwerpseweg 195,2019-05-02,23:00:00,2,2,0,FMN GV 10 Beerse
39,Antwerpseweg 195,2019-05-03,00:00:00,3,2,1,FMN GV 10 Beerse
39,Antwerpseweg 195,2019-05-03,01:00:00,0,0,0,FMN GV 10 Beerse
39,Antwerpseweg 195,2019-05-03,02:00:00,0,0,0,FMN GV 10 Beerse
39,Antwerpseweg 195,2019-05-03,03:00:00,1,1,0,FMN GV 10 Beerse
39,Antwerpseweg 195,2019-05-03,04:00:00,2,2,0,FMN GV 10 Beerse
39,Antwerpseweg 195,2019-05-03,05:00:00,9,8,1,FMN GV 10 Beerse
39,Antwerpseweg 195,2019-05-03,06:00:00,8,3,5,FMN GV 10 Beerse
39,Antwerpseweg 195,2019-05-03,07:00:00,34,26,8,FMN GV 10 Beerse
39,Antwerpseweg 195,2019-05-03,08:00:00,29,22,7,FMN GV 10 Beerse
39,Antwerpseweg 195,2019-05-03,09:00:00,9,9,0,FMN GV 10 Beerse
39,Antwerpseweg 195,2019-05-03,10:00:00,5,2,3,FMN GV 10 Beerse
39,Antwerpseweg 195,2019-05-03,11:00:00,16,13,3,FMN GV 10 Beerse
39,Antwerpseweg 195,2019-05-03,12:00:00,11,8,3,FMN GV 10 Beerse
39,Antwerpseweg 195,2019-05-03,13:00:00,6,5,1,FMN GV 10 Beerse
39,Antwerpseweg 195,2019-05-03,14:00:00,16,6,10,FMN GV 10 Beerse
39,Antwerpseweg 195,2019-05-03,15:00:00,20,11,9,FMN GV 10 Beerse
39,Antwerpseweg 195,2019-05-03,16:00:00,29,25,4,FMN GV 10 Beerse
39,Antwerpseweg 195,2019-05-03,17:00:00,21,14,7,FMN GV 10 Beerse
39,Antwerpseweg 195,2019-05-03,18:00:00,8,7,1,FMN GV 10 Beerse
39,Antwerpseweg 195,2019-05-03,19:00:00,5,3,2,FMN GV 10 Beerse
39,Antwerpseweg 195,2019-05-03,20:00:00,5,4,1,FMN GV 10 Beerse
39,Antwerpseweg 195,2019-05-03,21:00:00,5,1,4,FMN GV 10 Beerse
39,Antwerpseweg 195,2019-05-03,22:00:00,16,4,12,FMN GV 10 Beerse
39,Antwerpseweg 195,2019-05-03,23:00:00,1,1,0,FMN GV 10 Beerse
39,Antwerpseweg 195,2019-05-04,00:00:00,2,1,1,FMN GV 10 Beerse
39,Antwerpseweg 195,2019-05-04,01:00:00,2,0,2,FMN GV 10 Beerse
39,Antwerpseweg 195,2019-05-04,02:00:00,5,5,0,FMN GV 10 Beerse
39,Antwerpseweg 195,2019-05-04,03:00:00,2,2,0,FMN GV 10 Beerse
39,Antwerpseweg 195,2019-05-04,04:00:00,0,0,0,FMN GV 10 Beerse
39,Antwerpseweg 195,2019-05-04,05:00:00,6,5,1,FMN GV 10 Beerse
39,Antwerpseweg 195,2019-05-04,06:00:00,1,1,0,FMN GV 10 Beerse
39,Antwerpseweg 195,2019-05-04,07:00:00,7,6,1,FMN GV 10 Beerse
39,Antwerpseweg 195,2019-05-04,08:00:00,3,1,2,FMN GV 10 Beerse
39,Antwerpseweg 195,2019-05-04,09:00:00,10,8,2,FMN GV 10 Beerse
39,Antwerpseweg 195,2019-05-04,10:00:00,5,2,3,FMN GV 10 Beerse
39,Antwerpseweg 195,2019-05-04,11:00:00,6,3,3,FMN GV 10 Beerse
39,Antwerpseweg 195,2019-05-04,12:00:00,5,3,2,FMN GV 10 Beerse
39,Antwerpseweg 195,2019-05-04,13:00:00,4,3,1,FMN GV 10 Beerse
39,Antwerpseweg 195,2019-05-04,14:00:00,4,3,1,FMN GV 10 Beerse
39,Antwerpseweg 195,2019-05-04,15:00:00,3,1,2,FMN GV 10 Beerse
39,Antwerpseweg 195,2019-05-04,16:00:00,4,1,3,FMN GV 10 Beerse
39,Antwerpseweg 195,2019-05-04,17:00:00,3,2,1,FMN GV 10 Beerse
39,Antwerpseweg 195,2019-05-04,18:00:00,3,3,0,FMN GV 10 Beerse
39,Antwerpseweg 195,2019-05-04,19:00:00,2,1,1,FMN GV 10 Beerse
39,Antwerpseweg 195,2019-05-04,20:00:00,9,1,8,FMN GV 10 Beerse
39,Antwerpseweg 195,2019-05-04,21:00:00,12,0,12,FMN GV 10 Beerse
39,Antwerpseweg 195,2019-05-04,22:00:00,8,0,8,FMN GV 10 Beerse
39,Antwerpseweg 195,2019-05-04,23:00:00,9,0,9,FMN GV 10 Beerse
39,Antwerpseweg 195,2019-05-05,00:00:00,6,0,6,FMN GV 10 Beerse
39,Antwerpseweg 195,2019-05-05,01:00:00,2,2,0,FMN GV 10 Beerse
39,Antwerpseweg 195,2019-05-05,02:00:00,10,5,5,FMN GV 10 Beerse
39,Antwerpseweg 195,2019-05-05,03:00:00,22,17,5,FMN GV 10 Beerse
39,Antwerpseweg 195,2019-05-05,04:00:00,6,5,1,FMN GV 10 Beerse
39,Antwerpseweg 195,2019-05-05,05:00:00,3,2,1,FMN GV 10 Beerse
39,Antwerpseweg 195,2019-05-05,06:00:00,4,3,1,FMN GV 10 Beerse
39,Antwerpseweg 195,2019-05-05,07:00:00,3,1,2,FMN GV 10 Beerse
39,Antwerpseweg 195,2019-05-05,08:00:00,7,3,4,FMN GV 10 Beerse
39,Antwerpseweg 195,2019-05-05,09:00:00,15,9,6,FMN GV 10 Beerse
39,Antwerpseweg 195,2019-05-05,10:00:00,19,15,4,FMN GV 10 Beerse
39,Antwerpseweg 195,2019-05-05,11:00:00,15,7,8,FMN GV 10 Beerse
39,Antwerpseweg 195,2019-05-05,12:00:00,11,6,5,FMN GV 10 Beerse
39,Antwerpseweg 195,2019-05-05,13:00:00,14,11,3,FMN GV 10 Beerse
39,Antwerpseweg 195,2019-05-05,14:00:00,6,4,2,FMN GV 10 Beerse
39,Antwerpseweg 195,2019-05-05,15:00:00,11,6,5,FMN GV 10 Beerse
39,Antwerpseweg 195,2019-05-05,16:00:00,8,4,4,FMN GV 10 Beerse
39,Antwerpseweg 195,2019-05-05,17:00:00,3,2,1,FMN GV 10 Beerse
39,Antwerpseweg 195,2019-05-05,18:00:00,4,3,1,FMN GV 10 Beerse
39,Antwerpseweg 195,2019-05-05,19:00:00,3,3,0,FMN GV 10 Beerse
39,Antwerpseweg 195,2019-05-05,20:00:00,1,0,1,FMN GV 10 Beerse
39,Antwerpseweg 195,2019-05-05,21:00:00,2,1,1,FMN GV 10 Beerse
39,Antwerpseweg 195,2019-05-05,22:00:00,1,1,0,FMN GV 10 Beerse
39,Antwerpseweg 195,2019-05-05,23:00:00,0,0,0,FMN GV 10 Beerse
39,Antwerpseweg 195,2019-05-06,00:00:00,0,0,0,FMN GV 10 Beerse
39,Antwerpseweg 195,2019-05-06,01:00:00,0,0,0,FMN GV 10 Beerse
39,Antwerpseweg 195,2019-05-06,02:00:00,0,0,0,FMN GV 10 Beerse
39,Antwerpseweg 195,2019-05-06,03:00:00,0,0,0,FMN GV 10 Beerse
39,Antwerpseweg 195,2019-05-06,04:00:00,1,0,1,FMN GV 10 Beerse
39,Antwerpseweg 195,2019-05-06,05:00:00,10,9,1,FMN GV 10 Beerse
39,Antwerpseweg 195,2019-05-06,06:00:00,12,9,3,FMN GV 10 Beerse
39,Antwerpseweg 195,2019-05-06,07:00:00,45,39,6,FMN GV 10 Beerse
39,Antwerpseweg 195,2019-05-06,08:00:00,23,22,1,FMN GV 10 Beerse
39,Antwerpseweg 195,2019-05-06,09:00:00,5,5,0,FMN GV 10 Beerse
39,Antwerpseweg 195,2019-05-06,10:00:00,0,0,0,FMN GV 10 Beerse
39,Antwerpseweg 195,2019-05-06,11:00:00,5,4,1,FMN GV 10 Beerse
39,Antwerpseweg 195,2019-05-06,12:00:00,11,8,3,FMN GV 10 Beerse
39,Antwerpseweg 195,2019-05-06,13:00:00,22,17,5,FMN GV 10 Beerse
39,Antwerpseweg 195,2019-05-06,14:00:00,5,3,2,FMN GV 10 Beerse
39,Antwerpseweg 195,2019-05-06,15:00:00,19,9,10,FMN GV 10 Beerse
39,Antwerpseweg 195,2019-05-06,16:00:00,40,31,9,FMN GV 10 Beerse
39,Antwerpseweg 195,2019-05-06,17:00:00,37,26,11,FMN GV 10 Beerse
39,Antwerpseweg 195,2019-05-06,18:00:00,8,5,3,FMN GV 10 Beerse
39,Antwerpseweg 195,2019-05-06,19:00:00,11,5,6,FMN GV 10 Beerse
39,Antwerpseweg 195,2019-05-06,20:00:00,4,3,1,FMN GV 10 Beerse
39,Antwerpseweg 195,2019-05-06,21:00:00,2,0,2,FMN GV 10 Beerse
39,Antwerpseweg 195,2019-05-06,22:00:00,6,1,5,FMN GV 10 Beerse
39,Antwerpseweg 195,2019-05-06,23:00:00,0,0,0,FMN GV 10 Beerse
39,Antwerpseweg 195,2019-05-07,00:00:00,2,2,0,FMN GV 10 Beerse
39,Antwerpseweg 195,2019-05-07,01:00:00,0,0,0,FMN GV 10 Beerse
39,Antwerpseweg 195,2019-05-07,02:00:00,0,0,0,FMN GV 10 Beerse
39,Antwerpseweg 195,2019-05-07,03:00:00,1,1,0,FMN GV 10 Beerse
39,Antwerpseweg 195,2019-05-07,04:00:00,1,1,0,FMN GV 10 Beerse
39,Antwerpseweg 195,2019-05-07,05:00:00,8,8,0,FMN GV 10 Beerse
39,Antwerpseweg 195,2019-05-07,06:00:00,9,8,1,FMN GV 10 Beerse
39,Antwerpseweg 195,2019-05-07,07:00:00,41,36,5,FMN GV 10 Beerse
39,Antwerpseweg 195,2019-05-07,08:00:00,33,28,5,FMN GV 10 Beerse
39,Antwerpseweg 195,2019-05-07,09:00:00,20,10,10,FMN GV 10 Beerse
39,Antwerpseweg 195,2019-05-07,10:00:00,3,2,1,FMN GV 10 Beerse
39,Antwerpseweg 195,2019-05-07,11:00:00,15,14,1,FMN GV 10 Beerse
39,Antwerpseweg 195,2019-05-07,12:00:00,12,9,3,FMN GV 10 Beerse
39,Antwerpseweg 195,2019-05-07,13:00:00,25,16,9,FMN GV 10 Beerse
39,Antwerpseweg 195,2019-05-07,14:00:00,34,24,10,FMN GV 10 Beerse
39,Antwerpseweg 195,2019-05-07,15:00:00,48,41,7,FMN GV 10 Beerse
39,Antwerpseweg 195,2019-05-07,16:00:00,56,44,12,FMN GV 10 Beerse
39,Antwerpseweg 195,2019-05-07,17:00:00,39,29,10,FMN GV 10 Beerse
39,Antwerpseweg 195,2019-05-07,18:00:00,24,17,7,FMN GV 10 Beerse
39,Antwerpseweg 195,2019-05-07,19:00:00,20,12,8,FMN GV 10 Beerse
39,Antwerpseweg 195,2019-05-07,20:00:00,11,8,3,FMN GV 10 Beerse
39,Antwerpseweg 195,2019-05-07,21:00:00,7,4,3,FMN GV 10 Beerse
39,Antwerpseweg 195,2019-05-07,22:00:00,4,2,2,FMN GV 10 Beerse
39,Antwerpseweg 195,2019-05-07,23:00:00,3,3,0,FMN GV 10 Beerse
39,Antwerpseweg 195,2019-05-08,00:00:00,0,0,0,FMN GV 10 Beerse
39,Antwerpseweg 195,2019-05-08,01:00:00,0,0,0,FMN GV 10 Beerse
39,Antwerpseweg 195,2019-05-08,02:00:00,0,0,0,FMN GV 10 Beerse
39,Antwerpseweg 195,2019-05-08,03:00:00,0,0,0,FMN GV 10 Beerse
39,Antwerpseweg 195,2019-05-08,04:00:00,1,0,1,FMN GV 10 Beerse
39,Antwerpseweg 195,2019-05-08,05:00:00,7,7,0,FMN GV 10 Beerse
39,Antwerpseweg 195,2019-05-08,06:00:00,7,4,3,FMN GV 10 Beerse
39,Antwerpseweg 195,2019-05-08,07:00:00,30,25,5,FMN GV 10 Beerse
39,Antwerpseweg 195,2019-05-08,08:00:00,27,27,0,FMN GV 10 Beerse
39,Antwerpseweg 195,2019-05-08,09:00:00,11,9,2,FMN GV 10 Beerse
39,Antwerpseweg 195,2019-05-08,10:00:00,9,8,1,FMN GV 10 Beerse
39,Antwerpseweg 195,2019-05-08,11:00:00,5,5,0,FMN GV 10 Beerse
39,Antwerpseweg 195,2019-05-08,12:00:00,17,16,1,FMN GV 10 Beerse
39,Antwerpseweg 195,2019-05-08,13:00:00,10,8,2,FMN GV 10 Beerse
39,Antwerpseweg 195,2019-05-08,14:00:00,9,7,2,FMN GV 10 Beerse
39,Antwerpseweg 195,2019-05-08,15:00:00,11,8,3,FMN GV 10 Beerse
39,Antwerpseweg 195,2019-05-08,16:00:00,18,9,9,FMN GV 10 Beerse
39,Antwerpseweg 195,2019-05-08,17:00:00,16,10,6,FMN GV 10 Beerse
39,Antwerpseweg 195,2019-05-08,18:00:00,7,5,2,FMN GV 10 Beerse
39,Antwerpseweg 195,2019-05-08,19:00:00,4,1,3,FMN GV 10 Beerse
39,Antwerpseweg 195,2019-05-08,20:00:00,8,7,1,FMN GV 10 Beerse
39,Antwerpseweg 195,2019-05-08,21:00:00,1,1,0,FMN GV 10 Beerse
39,Antwerpseweg 195,2019-05-08,22:00:00,1,0,1,FMN GV 10 Beerse
39,Antwerpseweg 195,2019-05-08,23:00:00,0,0,0,FMN GV 10 Beerse
39,Antwerpseweg 195,2019-05-09,00:00:00,0,0,0,FMN GV 10 Beerse
39,Antwerpseweg 195,2019-05-09,01:00:00,1,1,0,FMN GV 10 Beerse
39,Antwerpseweg 195,2019-05-09,02:00:00,0,0,0,FMN GV 10 Beerse
39,Antwerpseweg 195,2019-05-09,03:00:00,0,0,0,FMN GV 10 Beerse
39,Antwerpseweg 195,2019-05-09,04:00:00,2,1,1,FMN GV 10 Beerse
39,Antwerpseweg 195,2019-05-09,05:00:00,5,5,0,FMN GV 10 Beerse
39,Antwerpseweg 195,2019-05-09,06:00:00,8,8,0,FMN GV 10 Beerse
39,Antwerpseweg 195,2019-05-09,07:00:00,38,34,4,FMN GV 10 Beerse
39,Antwerpseweg 195,2019-05-09,08:00:00,33,27,6,FMN GV 10 Beerse
39,Antwerpseweg 195,2019-05-09,09:00:00,16,12,4,FMN GV 10 Beerse
39,Antwerpseweg 195,2019-05-09,10:00:00,11,8,3,FMN GV 10 Beerse
39,Antwerpseweg 195,2019-05-09,11:00:00,5,5,0,FMN GV 10 Beerse
39,Antwerpseweg 195,2019-05-09,12:00:00,13,11,2,FMN GV 10 Beerse
39,Antwerpseweg 195,2019-05-09,13:00:00,27,22,5,FMN GV 10 Beerse
39,Antwerpseweg 195,2019-05-09,14:00:00,13,7,6,FMN GV 10 Beerse
39,Antwerpseweg 195,2019-05-09,15:00:00,21,12,9,FMN GV 10 Beerse
39,Antwerpseweg 195,2019-05-09,16:00:00,49,32,17,FMN GV 10 Beerse
39,Antwerpseweg 195,2019-05-09,17:00:00,27,22,5,FMN GV 10 Beerse
39,Antwerpseweg 195,2019-05-09,18:00:00,20,10,10,FMN GV 10 Beerse
39,Antwerpseweg 195,2019-05-09,19:00:00,3,2,1,FMN GV 10 Beerse
39,Antwerpseweg 195,2019-05-09,20:00:00,6,4,2,FMN GV 10 Beerse
39,Antwerpseweg 195,2019-05-09,21:00:00,3,3,0,FMN GV 10 Beerse
39,Antwerpseweg 195,2019-05-09,22:00:00,3,2,1,FMN GV 10 Beerse
39,Antwerpseweg 195,2019-05-09,23:00:00,0,0,0,FMN GV 10 Beerse
39,Antwerpseweg 195,2019-05-10,00:00:00,0,0,0,FMN GV 10 Beerse
39,Antwerpseweg 195,2019-05-10,01:00:00,0,0,0,FMN GV 10 Beerse
39,Antwerpseweg 195,2019-05-10,02:00:00,0,0,0,FMN GV 10 Beerse
39,Antwerpseweg 195,2019-05-10,03:00:00,0,0,0,FMN GV 10 Beerse
39,Antwerpseweg 195,2019-05-10,04:00:00,2,2,0,FMN GV 10 Beerse
39,Antwerpseweg 195,2019-05-10,05:00:00,7,7,0,FMN GV 10 Beerse
39,Antwerpseweg 195,2019-05-10,06:00:00,9,6,3,FMN GV 10 Beerse
39,Antwerpseweg 195,2019-05-10,07:00:00,31,25,6,FMN GV 10 Beerse
39,Antwerpseweg 195,2019-05-10,08:00:00,28,25,3,FMN GV 10 Beerse
39,Antwerpseweg 195,2019-05-10,09:00:00,10,8,2,FMN GV 10 Beerse
39,Antwerpseweg 195,2019-05-10,10:00:00,6,4,2,FMN GV 10 Beerse
39,Antwerpseweg 195,2019-05-10,11:00:00,9,6,3,FMN GV 10 Beerse
39,Antwerpseweg 195,2019-05-10,12:00:00,4,2,2,FMN GV 10 Beerse
39,Antwerpseweg 195,2019-05-10,13:00:00,20,14,6,FMN GV 10 Beerse
39,Antwerpseweg 195,2019-05-10,14:00:00,4,3,1,FMN GV 10 Beerse
39,Antwerpseweg 195,2019-05-10,15:00:00,9,5,4,FMN GV 10 Beerse
39,Antwerpseweg 195,2019-05-10,16:00:00,27,19,8,FMN GV 10 Beerse
39,Antwerpseweg 195,2019-05-10,17:00:00,24,16,8,FMN GV 10 Beerse
39,Antwerpseweg 195,2019-05-10,18:00:00,6,5,1,FMN GV 10 Beerse
39,Antwerpseweg 195,2019-05-10,19:00:00,7,3,4,FMN GV 10 Beerse
39,Antwerpseweg 195,2019-05-10,20:00:00,5,1,4,FMN GV 10 Beerse
39,Antwerpseweg 195,2019-05-10,21:00:00,5,3,2,FMN GV 10 Beerse
39,Antwerpseweg 195,2019-05-10,22:00:00,2,2,0,FMN GV 10 Beerse
39,Antwerpseweg 195,2019-05-10,23:00:00,0,0,0,FMN GV 10 Beerse
39,Antwerpseweg 195,2019-05-11,00:00:00,0,0,0,FMN GV 10 Beerse
39,Antwerpseweg 195,2019-05-11,01:00:00,0,0,0,FMN GV 10 Beerse
39,Antwerpseweg 195,2019-05-11,02:00:00,1,1,0,FMN GV 10 Beerse
39,Antwerpseweg 195,2019-05-11,03:00:00,1,1,0,FMN GV 10 Beerse
39,Antwerpseweg 195,2019-05-11,04:00:00,0,0,0,FMN GV 10 Beerse
39,Antwerpseweg 195,2019-05-11,05:00:00,0,0,0,FMN GV 10 Beerse
39,Antwerpseweg 195,2019-05-11,06:00:00,0,0,0,FMN GV 10 Beerse
39,Antwerpseweg 195,2019-05-11,07:00:00,2,1,1,FMN GV 10 Beerse
39,Antwerpseweg 195,2019-05-11,08:00:00,5,3,2,FMN GV 10 Beerse
39,Antwerpseweg 195,2019-05-11,09:00:00,6,3,3,FMN GV 10 Beerse
39,Antwerpseweg 195,2019-05-11,10:00:00,12,8,4,FMN GV 10 Beerse
39,Antwerpseweg 195,2019-05-11,11:00:00,9,7,2,FMN GV 10 Beerse
39,Antwerpseweg 195,2019-05-11,12:00:00,16,12,4,FMN GV 10 Beerse
39,Antwerpseweg 195,2019-05-11,13:00:00,17,14,3,FMN GV 10 Beerse
39,Antwerpseweg 195,2019-05-11,14:00:00,26,9,17,FMN GV 10 Beerse
39,Antwerpseweg 195,2019-05-11,15:00:00,12,6,6,FMN GV 10 Beerse
39,Antwerpseweg 195,2019-05-11,16:00:00,15,12,3,FMN GV 10 Beerse
39,Antwerpseweg 195,2019-05-11,17:00:00,7,3,4,FMN GV 10 Beerse
39,Antwerpseweg 195,2019-05-11,18:00:00,19,13,6,FMN GV 10 Beerse
39,Antwerpseweg 195,2019-05-11,19:00:00,4,3,1,FMN GV 10 Beerse
39,Antwerpseweg 195,2019-05-11,20:00:00,3,3,0,FMN GV 10 Beerse
39,Antwerpseweg 195,2019-05-11,21:00:00,5,4,1,FMN GV 10 Beerse
39,Antwerpseweg 195,2019-05-11,22:00:00,0,0,0,FMN GV 10 Beerse
39,Antwerpseweg 195,2019-05-11,23:00:00,1,1,0,FMN GV 10 Beerse
39,Antwerpseweg 195,2019-05-12,00:00:00,4,3,1,FMN GV 10 Beerse
39,Antwerpseweg 195,2019-05-12,01:00:00,1,1,0,FMN GV 10 Beerse
39,Antwerpseweg 195,2019-05-12,02:00:00,2,2,0,FMN GV 10 Beerse
39,Antwerpseweg 195,2019-05-12,03:00:00,3,2,1,FMN GV 10 Beerse
39,Antwerpseweg 195,2019-05-12,04:00:00,0,0,0,FMN GV 10 Beerse
39,Antwerpseweg 195,2019-05-12,05:00:00,1,1,0,FMN GV 10 Beerse
39,Antwerpseweg 195,2019-05-12,06:00:00,0,0,0,FMN GV 10 Beerse
39,Antwerpseweg 195,2019-05-12,07:00:00,6,3,3,FMN GV 10 Beerse
39,Antwerpseweg 195,2019-05-12,08:00:00,4,4,0,FMN GV 10 Beerse
39,Antwerpseweg 195,2019-05-12,09:00:00,21,15,6,FMN GV 10 Beerse
39,Antwerpseweg 195,2019-05-12,10:00:00,16,4,12,FMN GV 10 Beerse
39,Antwerpseweg 195,2019-05-12,11:00:00,16,14,2,FMN GV 10 Beerse
39,Antwerpseweg 195,2019-05-12,12:00:00,18,11,7,FMN GV 10 Beerse
39,Antwerpseweg 195,2019-05-12,13:00:00,21,13,8,FMN GV 10 Beerse
39,Antwerpseweg 195,2019-05-12,14:00:00,37,27,10,FMN GV 10 Beerse
39,Antwerpseweg 195,2019-05-12,15:00:00,26,23,3,FMN GV 10 Beerse
39,Antwerpseweg 195,2019-05-12,16:00:00,19,7,12,FMN GV 10 Beerse
39,Antwerpseweg 195,2019-05-12,17:00:00,12,8,4,FMN GV 10 Beerse
39,Antwerpseweg 195,2019-05-12,18:00:00,7,7,0,FMN GV 10 Beerse
39,Antwerpseweg 195,2019-05-12,19:00:00,5,3,2,FMN GV 10 Beerse
39,Antwerpseweg 195,2019-05-12,20:00:00,9,3,6,FMN GV 10 Beerse
39,Antwerpseweg 195,2019-05-12,21:00:00,0,0,0,FMN GV 10 Beerse
39,Antwerpseweg 195,2019-05-12,22:00:00,1,1,0,FMN GV 10 Beerse
39,Antwerpseweg 195,2019-05-12,23:00:00,0,0,0,FMN GV 10 Beerse
39,Antwerpseweg 195,2019-05-13,00:00:00,0,0,0,FMN GV 10 Beerse
39,Antwerpseweg 195,2019-05-13,01:00:00,0,0,0,FMN GV 10 Beerse
39,Antwerpseweg 195,2019-05-13,02:00:00,0,0,0,FMN GV 10 Beerse
39,Antwerpseweg 195,2019-05-13,03:00:00,0,0,0,FMN GV 10 Beerse
39,Antwerpseweg 195,2019-05-13,04:00:00,1,1,0,FMN GV 10 Beerse
39,Antwerpseweg 195,2019-05-13,05:00:00,12,12,0,FMN GV 10 Beerse
39,Antwerpseweg 195,2019-05-13,06:00:00,9,6,3,FMN GV 10 Beerse
39,Antwerpseweg 195,2019-05-13,07:00:00,53,49,4,FMN GV 10 Beerse
39,Antwerpseweg 195,2019-05-13,08:00:00,37,33,4,FMN GV 10 Beerse
39,Antwerpseweg 195,2019-05-13,09:00:00,12,9,3,FMN GV 10 Beerse
39,Antwerpseweg 195,2019-05-13,10:00:00,12,11,1,FMN GV 10 Beerse
39,Antwerpseweg 195,2019-05-13,11:00:00,11,7,4,FMN GV 10 Beerse
39,Antwerpseweg 195,2019-05-13,12:00:00,21,13,8,FMN GV 10 Beerse
39,Antwerpseweg 195,2019-05-13,13:00:00,29,21,8,FMN GV 10 Beerse
39,Antwerpseweg 195,2019-05-13,14:00:00,29,17,12,FMN GV 10 Beerse
39,Antwerpseweg 195,2019-05-13,15:00:00,31,21,10,FMN GV 10 Beerse
39,Antwerpseweg 195,2019-05-13,16:00:00,61,48,13,FMN GV 10 Beerse
39,Antwerpseweg 195,2019-05-13,17:00:00,40,28,12,FMN GV 10 Beerse
39,Antwerpseweg 195,2019-05-13,18:00:00,26,15,11,FMN GV 10 Beerse
39,Antwerpseweg 195,2019-05-13,19:00:00,9,8,1,FMN GV 10 Beerse
39,Antwerpseweg 195,2019-05-13,20:00:00,11,7,4,FMN GV 10 Beerse
39,Antwerpseweg 195,2019-05-13,21:00:00,5,2,3,FMN GV 10 Beerse
39,Antwerpseweg 195,2019-05-13,22:00:00,4,2,2,FMN GV 10 Beerse
39,Antwerpseweg 195,2019-05-13,23:00:00,1,0,1,FMN GV 10 Beerse
39,Antwerpseweg 195,2019-05-14,00:00:00,1,1,0,FMN GV 10 Beerse
39,Antwerpseweg 195,2019-05-14,01:00:00,0,0,0,FMN GV 10 Beerse
39,Antwerpseweg 195,2019-05-14,02:00:00,0,0,0,FMN GV 10 Beerse
39,Antwerpseweg 195,2019-05-14,03:00:00,0,0,0,FMN GV 10 Beerse
39,Antwerpseweg 195,2019-05-14,04:00:00,1,1,0,FMN GV 10 Beerse
39,Antwerpseweg 195,2019-05-14,05:00:00,12,12,0,FMN GV 10 Beerse
39,Antwerpseweg 195,2019-05-14,06:00:00,9,8,1,FMN GV 10 Beerse
39,Antwerpseweg 195,2019-05-14,07:00:00,55,48,7,FMN GV 10 Beerse
39,Antwerpseweg 195,2019-05-14,08:00:00,41,38,3,FMN GV 10 Beerse
39,Antwerpseweg 195,2019-05-14,09:00:00,15,11,4,FMN GV 10 Beerse
39,Antwerpseweg 195,2019-05-14,10:00:00,13,10,3,FMN GV 10 Beerse
39,Antwerpseweg 195,2019-05-14,11:00:00,12,9,3,FMN GV 10 Beerse
39,Antwerpseweg 195,2019-05-14,12:00:00,17,11,6,FMN GV 10 Beerse
39,Antwerpseweg 195,2019-05-14,13:00:00,55,40,15,FMN GV 10 Beerse
39,Antwerpseweg 195,2019-05-14,14:00:00,17,14,3,FMN GV 10 Beerse
39,Antwerpseweg 195,2019-05-14,15:00:00,38,27,11,FMN GV 10 Beerse
39,Antwerpseweg 195,2019-05-14,16:00:00,73,55,18,FMN GV 10 Beerse
39,Antwerpseweg 195,2019-05-14,17:00:00,51,33,18,FMN GV 10 Beerse
39,Antwerpseweg 195,2019-05-14,18:00:00,33,16,17,FMN GV 10 Beerse
39,Antwerpseweg 195,2019-05-14,19:00:00,17,13,4,FMN GV 10 Beerse
39,Antwerpseweg 195,2019-05-14,20:00:00,19,14,5,FMN GV 10 Beerse
39,Antwerpseweg 195,2019-05-14,21:00:00,8,5,3,FMN GV 10 Beerse
39,Antwerpseweg 195,2019-05-14,22:00:00,3,2,1,FMN GV 10 Beerse
39,Antwerpseweg 195,2019-05-14,23:00:00,3,3,0,FMN GV 10 Beerse
39,Antwerpseweg 195,2019-05-15,00:00:00,1,1,0,FMN GV 10 Beerse
39,Antwerpseweg 195,2019-05-15,01:00:00,0,0,0,FMN GV 10 Beerse
39,Antwerpseweg 195,2019-05-15,02:00:00,0,0,0,FMN GV 10 Beerse
39,Antwerpseweg 195,2019-05-15,03:00:00,1,1,0,FMN GV 10 Beerse
39,Antwerpseweg 195,2019-05-15,04:00:00,2,2,0,FMN GV 10 Beerse
39,Antwerpseweg 195,2019-05-15,05:00:00,9,9,0,FMN GV 10 Beerse
39,Antwerpseweg 195,2019-05-15,06:00:00,11,8,3,FMN GV 10 Beerse
39,Antwerpseweg 195,2019-05-15,07:00:00,52,47,5,FMN GV 10 Beerse
39,Antwerpseweg 195,2019-05-15,08:00:00,51,41,10,FMN GV 10 Beerse
39,Antwerpseweg 195,2019-05-15,09:00:00,25,20,5,FMN GV 10 Beerse
39,Antwerpseweg 195,2019-05-15,10:00:00,27,26,1,FMN GV 10 Beerse
39,Antwerpseweg 195,2019-05-15,11:00:00,25,5,20,FMN GV 10 Beerse
39,Antwerpseweg 195,2019-05-15,12:00:00,59,47,12,FMN GV 10 Beerse
39,Antwerpseweg 195,2019-05-15,13:00:00,42,29,13,FMN GV 10 Beerse
39,Antwerpseweg 195,2019-05-15,14:00:00,21,13,8,FMN GV 10 Beerse
39,Antwerpseweg 195,2019-05-15,15:00:00,44,37,7,FMN GV 10 Beerse
39,Antwerpseweg 195,2019-05-15,16:00:00,31,19,12,FMN GV 10 Beerse
39,Antwerpseweg 195,2019-05-15,17:00:00,47,34,13,FMN GV 10 Beerse
39,Antwerpseweg 195,2019-05-15,18:00:00,21,15,6,FMN GV 10 Beerse
39,Antwerpseweg 195,2019-05-15,19:00:00,19,17,2,FMN GV 10 Beerse
39,Antwerpseweg 195,2019-05-15,20:00:00,10,10,0,FMN GV 10 Beerse
39,Antwerpseweg 195,2019-05-15,21:00:00,7,7,0,FMN GV 10 Beerse
39,Antwerpseweg 195,2019-05-15,22:00:00,8,3,5,FMN GV 10 Beerse
39,Antwerpseweg 195,2019-05-15,23:00:00,0,0,0,FMN GV 10 Beerse
39,Antwerpseweg 195,2019-05-16,00:00:00,0,0,0,FMN GV 10 Beerse
39,Antwerpseweg 195,2019-05-16,01:00:00,0,0,0,FMN GV 10 Beerse
39,Antwerpseweg 195,2019-05-16,02:00:00,0,0,0,FMN GV 10 Beerse
39,Antwerpseweg 195,2019-05-16,03:00:00,0,0,0,FMN GV 10 Beerse
39,Antwerpseweg 195,2019-05-16,04:00:00,3,3,0,FMN GV 10 Beerse
39,Antwerpseweg 195,2019-05-16,05:00:00,14,14,0,FMN GV 10 Beerse
39,Antwerpseweg 195,2019-05-16,06:00:00,13,10,3,FMN GV 10 Beerse
39,Antwerpseweg 195,2019-05-16,07:00:00,48,42,6,FMN GV 10 Beerse
39,Antwerpseweg 195,2019-05-16,08:00:00,35,30,5,FMN GV 10 Beerse
39,Antwerpseweg 195,2019-05-16,09:00:00,14,12,2,FMN GV 10 Beerse
39,Antwerpseweg 195,2019-05-16,10:00:00,3,3,0,FMN GV 10 Beerse
39,Antwerpseweg 195,2019-05-16,11:00:00,11,9,2,FMN GV 10 Beerse
39,Antwerpseweg 195,2019-05-16,12:00:00,15,8,7,FMN GV 10 Beerse
39,Antwerpseweg 195,2019-05-16,13:00:00,40,32,8,FMN GV 10 Beerse
39,Antwerpseweg 195,2019-05-16,14:00:00,29,20,9,FMN GV 10 Beerse
39,Antwerpseweg 195,2019-05-16,15:00:00,56,32,24,FMN GV 10 Beerse
39,Antwerpseweg 195,2019-05-16,16:00:00,57,40,17,FMN GV 10 Beerse
39,Antwerpseweg 195,2019-05-16,17:00:00,38,21,17,FMN GV 10 Beerse
39,Antwerpseweg 195,2019-05-16,18:00:00,28,18,10,FMN GV 10 Beerse
39,Antwerpseweg 195,2019-05-16,19:00:00,18,12,6,FMN GV 10 Beerse
39,Antwerpseweg 195,2019-05-16,20:00:00,11,4,7,FMN GV 10 Beerse
39,Antwerpseweg 195,2019-05-16,21:00:00,7,4,3,FMN GV 10 Beerse
39,Antwerpseweg 195,2019-05-16,22:00:00,4,3,1,FMN GV 10 Beerse
39,Antwerpseweg 195,2019-05-16,23:00:00,1,0,1,FMN GV 10 Beerse
39,Antwerpseweg 195,2019-05-17,00:00:00,1,0,1,FMN GV 10 Beerse
39,Antwerpseweg 195,2019-05-17,01:00:00,1,1,0,FMN GV 10 Beerse
39,Antwerpseweg 195,2019-05-17,02:00:00,0,0,0,FMN GV 10 Beerse
39,Antwerpseweg 195,2019-05-17,03:00:00,2,2,0,FMN GV 10 Beerse
39,Antwerpseweg 195,2019-05-17,04:00:00,0,0,0,FMN GV 10 Beerse
39,Antwerpseweg 195,2019-05-17,05:00:00,9,8,1,FMN GV 10 Beerse
39,Antwerpseweg 195,2019-05-17,06:00:00,5,5,0,FMN GV 10 Beerse
39,Antwerpseweg 195,2019-05-17,07:00:00,41,37,4,FMN GV 10 Beerse
39,Antwerpseweg 195,2019-05-17,08:00:00,28,21,7,FMN GV 10 Beerse
39,Antwerpseweg 195,2019-05-17,09:00:00,5,4,1,FMN GV 10 Beerse
39,Antwerpseweg 195,2019-05-17,10:00:00,11,9,2,FMN GV 10 Beerse
39,Antwerpseweg 195,2019-05-17,11:00:00,7,5,2,FMN GV 10 Beerse
39,Antwerpseweg 195,2019-05-17,12:00:00,34,25,9,FMN GV 10 Beerse
39,Antwerpseweg 195,2019-05-17,13:00:00,10,7,3,FMN GV 10 Beerse
39,Antwerpseweg 195,2019-05-17,14:00:00,12,3,9,FMN GV 10 Beerse
39,Antwerpseweg 195,2019-05-17,15:00:00,29,24,5,FMN GV 10 Beerse
39,Antwerpseweg 195,2019-05-17,16:00:00,48,35,13,FMN GV 10 Beerse
39,Antwerpseweg 195,2019-05-17,17:00:00,29,17,12,FMN GV 10 Beerse
39,Antwerpseweg 195,2019-05-17,18:00:00,9,8,1,FMN GV 10 Beerse
39,Antwerpseweg 195,2019-05-17,19:00:00,7,2,5,FMN GV 10 Beerse
39,Antwerpseweg 195,2019-05-17,20:00:00,5,3,2,FMN GV 10 Beerse
39,Antwerpseweg 195,2019-05-17,21:00:00,1,1,0,FMN GV 10 Beerse
39,Antwerpseweg 195,2019-05-17,22:00:00,1,1,0,FMN GV 10 Beerse
39,Antwerpseweg 195,2019-05-17,23:00:00,1,1,0,FMN GV 10 Beerse
39,Antwerpseweg 195,2019-05-18,00:00:00,1,1,0,FMN GV 10 Beerse
39,Antwerpseweg 195,2019-05-18,01:00:00,0,0,0,FMN GV 10 Beerse
39,Antwerpseweg 195,2019-05-18,02:00:00,0,0,0,FMN GV 10 Beerse
39,Antwerpseweg 195,2019-05-18,03:00:00,1,1,0,FMN GV 10 Beerse
39,Antwerpseweg 195,2019-05-18,04:00:00,2,2,0,FMN GV 10 Beerse
39,Antwerpseweg 195,2019-05-18,05:00:00,0,0,0,FMN GV 10 Beerse
39,Antwerpseweg 195,2019-05-18,06:00:00,1,1,0,FMN GV 10 Beerse
39,Antwerpseweg 195,2019-05-18,07:00:00,2,2,0,FMN GV 10 Beerse
39,Antwerpseweg 195,2019-05-18,08:00:00,3,1,2,FMN GV 10 Beerse
39,Antwerpseweg 195,2019-05-18,09:00:00,13,9,4,FMN GV 10 Beerse
39,Antwerpseweg 195,2019-05-18,10:00:00,13,12,1,FMN GV 10 Beerse
39,Antwerpseweg 195,2019-05-18,11:00:00,15,12,3,FMN GV 10 Beerse
39,Antwerpseweg 195,2019-05-18,12:00:00,19,15,4,FMN GV 10 Beerse
39,Antwerpseweg 195,2019-05-18,13:00:00,28,19,9,FMN GV 10 Beerse
39,Antwerpseweg 195,2019-05-18,14:00:00,25,24,1,FMN GV 10 Beerse
39,Antwerpseweg 195,2019-05-18,15:00:00,24,13,11,FMN GV 10 Beerse
39,Antwerpseweg 195,2019-05-18,16:00:00,21,13,8,FMN GV 10 Beerse
39,Antwerpseweg 195,2019-05-18,17:00:00,10,8,2,FMN GV 10 Beerse
39,Antwerpseweg 195,2019-05-18,18:00:00,12,5,7,FMN GV 10 Beerse
39,Antwerpseweg 195,2019-05-18,19:00:00,6,4,2,FMN GV 10 Beerse
39,Antwerpseweg 195,2019-05-18,20:00:00,6,3,3,FMN GV 10 Beerse
39,Antwerpseweg 195,2019-05-18,21:00:00,5,4,1,FMN GV 10 Beerse
39,Antwerpseweg 195,2019-05-18,22:00:00,6,2,4,FMN GV 10 Beerse
39,Antwerpseweg 195,2019-05-18,23:00:00,0,0,0,FMN GV 10 Beerse
39,Antwerpseweg 195,2019-05-19,00:00:00,3,1,2,FMN GV 10 Beerse
39,Antwerpseweg 195,2019-05-19,01:00:00,1,1,0,FMN GV 10 Beerse
39,Antwerpseweg 195,2019-05-19,02:00:00,3,3,0,FMN GV 10 Beerse
39,Antwerpseweg 195,2019-05-19,03:00:00,0,0,0,FMN GV 10 Beerse
39,Antwerpseweg 195,2019-05-19,04:00:00,0,0,0,FMN GV 10 Beerse
39,Antwerpseweg 195,2019-05-19,05:00:00,0,0,0,FMN GV 10 Beerse
39,Antwerpseweg 195,2019-05-19,06:00:00,0,0,0,FMN GV 10 Beerse
39,Antwerpseweg 195,2019-05-19,07:00:00,3,2,1,FMN GV 10 Beerse
39,Antwerpseweg 195,2019-05-19,08:00:00,7,5,2,FMN GV 10 Beerse
39,Antwerpseweg 195,2019-05-19,09:00:00,12,7,5,FMN GV 10 Beerse
39,Antwerpseweg 195,2019-05-19,10:00:00,12,10,2,FMN GV 10 Beerse
39,Antwerpseweg 195,2019-05-19,11:00:00,15,8,7,FMN GV 10 Beerse
39,Antwerpseweg 195,2019-05-19,12:00:00,8,3,5,FMN GV 10 Beerse
39,Antwerpseweg 195,2019-05-19,13:00:00,12,7,5,FMN GV 10 Beerse
39,Antwerpseweg 195,2019-05-19,14:00:00,31,17,14,FMN GV 10 Beerse
39,Antwerpseweg 195,2019-05-19,15:00:00,39,26,13,FMN GV 10 Beerse
39,Antwerpseweg 195,2019-05-19,16:00:00,29,20,9,FMN GV 10 Beerse
39,Antwerpseweg 195,2019-05-19,17:00:00,16,12,4,FMN GV 10 Beerse
39,Antwerpseweg 195,2019-05-19,18:00:00,13,7,6,FMN GV 10 Beerse
39,Antwerpseweg 195,2019-05-19,19:00:00,3,3,0,FMN GV 10 Beerse
39,Antwerpseweg 195,2019-05-19,20:00:00,1,1,0,FMN GV 10 Beerse
39,Antwerpseweg 195,2019-05-19,21:00:00,2,2,0,FMN GV 10 Beerse
39,Antwerpseweg 195,2019-05-19,22:00:00,1,1,0,FMN GV 10 Beerse
39,Antwerpseweg 195,2019-05-19,23:00:00,0,0,0,FMN GV 10 Beerse
39,Antwerpseweg 195,2019-05-20,00:00:00,0,0,0,FMN GV 10 Beerse
39,Antwerpseweg 195,2019-05-20,01:00:00,0,0,0,FMN GV 10 Beerse
39,Antwerpseweg 195,2019-05-20,02:00:00,0,0,0,FMN GV 10 Beerse
39,Antwerpseweg 195,2019-05-20,03:00:00,0,0,0,FMN GV 10 Beerse
39,Antwerpseweg 195,2019-05-20,04:00:00,2,2,0,FMN GV 10 Beerse
39,Antwerpseweg 195,2019-05-20,05:00:00,10,10,0,FMN GV 10 Beerse
39,Antwerpseweg 195,2019-05-20,06:00:00,11,9,2,FMN GV 10 Beerse
39,Antwerpseweg 195,2019-05-20,07:00:00,45,39,6,FMN GV 10 Beerse
39,Antwerpseweg 195,2019-05-20,08:00:00,32,29,3,FMN GV 10 Beerse
39,Antwerpseweg 195,2019-05-20,09:00:00,8,8,0,FMN GV 10 Beerse
39,Antwerpseweg 195,2019-05-20,10:00:00,7,5,2,FMN GV 10 Beerse
39,Antwerpseweg 195,2019-05-20,11:00:00,10,6,4,FMN GV 10 Beerse
39,Antwerpseweg 195,2019-05-20,12:00:00,14,12,2,FMN GV 10 Beerse
39,Antwerpseweg 195,2019-05-20,13:00:00,23,18,5,FMN GV 10 Beerse
39,Antwerpseweg 195,2019-05-20,14:00:00,13,12,1,FMN GV 10 Beerse
39,Antwerpseweg 195,2019-05-20,15:00:00,87,71,16,FMN GV 10 Beerse
39,Antwerpseweg 195,2019-05-20,16:00:00,56,40,16,FMN GV 10 Beerse
39,Antwerpseweg 195,2019-05-20,17:00:00,29,17,12,FMN GV 10 Beerse
39,Antwerpseweg 195,2019-05-20,18:00:00,7,6,1,FMN GV 10 Beerse
39,Antwerpseweg 195,2019-05-20,19:00:00,10,10,0,FMN GV 10 Beerse
39,Antwerpseweg 195,2019-05-20,20:00:00,5,4,1,FMN GV 10 Beerse
39,Antwerpseweg 195,2019-05-20,21:00:00,3,2,1,FMN GV 10 Beerse
39,Antwerpseweg 195,2019-05-20,22:00:00,3,3,0,FMN GV 10 Beerse
39,Antwerpseweg 195,2019-05-20,23:00:00,0,0,0,FMN GV 10 Beerse
39,Antwerpseweg 195,2019-05-21,00:00:00,0,0,0,FMN GV 10 Beerse
39,Antwerpseweg 195,2019-05-21,01:00:00,0,0,0,FMN GV 10 Beerse
39,Antwerpseweg 195,2019-05-21,02:00:00,0,0,0,FMN GV 10 Beerse
39,Antwerpseweg 195,2019-05-21,03:00:00,0,0,0,FMN GV 10 Beerse
39,Antwerpseweg 195,2019-05-21,04:00:00,4,4,0,FMN GV 10 Beerse
39,Antwerpseweg 195,2019-05-21,05:00:00,7,7,0,FMN GV 10 Beerse
39,Antwerpseweg 195,2019-05-21,06:00:00,10,8,2,FMN GV 10 Beerse
39,Antwerpseweg 195,2019-05-21,07:00:00,41,39,2,FMN GV 10 Beerse
39,Antwerpseweg 195,2019-05-21,08:00:00,34,29,5,FMN GV 10 Beerse
39,Antwerpseweg 195,2019-05-21,09:00:00,14,12,2,FMN GV 10 Beerse
39,Antwerpseweg 195,2019-05-21,10:00:00,6,6,0,FMN GV 10 Beerse
39,Antwerpseweg 195,2019-05-21,11:00:00,10,9,1,FMN GV 10 Beerse
39,Antwerpseweg 195,2019-05-21,12:00:00,17,12,5,FMN GV 10 Beerse
39,Antwerpseweg 195,2019-05-21,13:00:00,24,14,10,FMN GV 10 Beerse
39,Antwerpseweg 195,2019-05-21,14:00:00,82,71,11,FMN GV 10 Beerse
39,Antwerpseweg 195,2019-05-21,15:00:00,22,18,4,FMN GV 10 Beerse
39,Antwerpseweg 195,2019-05-21,16:00:00,61,46,15,FMN GV 10 Beerse
39,Antwerpseweg 195,2019-05-21,17:00:00,45,27,18,FMN GV 10 Beerse
39,Antwerpseweg 195,2019-05-21,18:00:00,25,18,7,FMN GV 10 Beerse
39,Antwerpseweg 195,2019-05-21,19:00:00,15,11,4,FMN GV 10 Beerse
39,Antwerpseweg 195,2019-05-21,20:00:00,12,6,6,FMN GV 10 Beerse
39,Antwerpseweg 195,2019-05-21,21:00:00,3,1,2,FMN GV 10 Beerse
39,Antwerpseweg 195,2019-05-21,22:00:00,5,5,0,FMN GV 10 Beerse
39,Antwerpseweg 195,2019-05-21,23:00:00,0,0,0,FMN GV 10 Beerse
39,Antwerpseweg 195,2019-05-22,00:00:00,1,1,0,FMN GV 10 Beerse
39,Antwerpseweg 195,2019-05-22,01:00:00,1,1,0,FMN GV 10 Beerse
39,Antwerpseweg 195,2019-05-22,02:00:00,0,0,0,FMN GV 10 Beerse
39,Antwerpseweg 195,2019-05-22,03:00:00,1,1,0,FMN GV 10 Beerse
39,Antwerpseweg 195,2019-05-22,04:00:00,3,3,0,FMN GV 10 Beerse
39,Antwerpseweg 195,2019-05-22,05:00:00,6,6,0,FMN GV 10 Beerse
39,Antwerpseweg 195,2019-05-22,06:00:00,10,9,1,FMN GV 10 Beerse
39,Antwerpseweg 195,2019-05-22,07:00:00,47,42,5,FMN GV 10 Beerse
39,Antwerpseweg 195,2019-05-22,08:00:00,40,32,8,FMN GV 10 Beerse
39,Antwerpseweg 195,2019-05-22,09:00:00,38,37,1,FMN GV 10 Beerse
39,Antwerpseweg 195,2019-05-22,10:00:00,17,15,2,FMN GV 10 Beerse
39,Antwerpseweg 195,2019-05-22,11:00:00,21,11,10,FMN GV 10 Beerse
39,Antwerpseweg 195,2019-05-22,12:00:00,42,33,9,FMN GV 10 Beerse
39,Antwerpseweg 195,2019-05-22,13:00:00,35,24,11,FMN GV 10 Beerse
39,Antwerpseweg 195,2019-05-22,14:00:00,26,19,7,FMN GV 10 Beerse
39,Antwerpseweg 195,2019-05-22,15:00:00,62,46,16,FMN GV 10 Beerse
39,Antwerpseweg 195,2019-05-22,16:00:00,42,23,19,FMN GV 10 Beerse
39,Antwerpseweg 195,2019-05-22,17:00:00,40,27,13,FMN GV 10 Beerse
39,Antwerpseweg 195,2019-05-22,18:00:00,23,13,10,FMN GV 10 Beerse
39,Antwerpseweg 195,2019-05-22,19:00:00,20,14,6,FMN GV 10 Beerse
39,Antwerpseweg 195,2019-05-22,20:00:00,8,5,3,FMN GV 10 Beerse
39,Antwerpseweg 195,2019-05-22,21:00:00,5,5,0,FMN GV 10 Beerse
39,Antwerpseweg 195,2019-05-22,22:00:00,2,2,0,FMN GV 10 Beerse
39,Antwerpseweg 195,2019-05-22,23:00:00,0,0,0,FMN GV 10 Beerse
39,Antwerpseweg 195,2019-05-23,00:00:00,0,0,0,FMN GV 10 Beerse
39,Antwerpseweg 195,2019-05-23,01:00:00,0,0,0,FMN GV 10 Beerse
39,Antwerpseweg 195,2019-05-23,02:00:00,0,0,0,FMN GV 10 Beerse
39,Antwerpseweg 195,2019-05-23,03:00:00,0,0,0,FMN GV 10 Beerse
39,Antwerpseweg 195,2019-05-23,04:00:00,2,2,0,FMN GV 10 Beerse
39,Antwerpseweg 195,2019-05-23,05:00:00,7,7,0,FMN GV 10 Beerse
39,Antwerpseweg 195,2019-05-23,06:00:00,11,8,3,FMN GV 10 Beerse
39,Antwerpseweg 195,2019-05-23,07:00:00,52,43,9,FMN GV 10 Beerse
39,Antwerpseweg 195,2019-05-23,08:00:00,50,40,10,FMN GV 10 Beerse
39,Antwerpseweg 195,2019-05-23,09:00:00,26,21,5,FMN GV 10 Beerse
39,Antwerpseweg 195,2019-05-23,10:00:00,15,12,3,FMN GV 10 Beerse
39,Antwerpseweg 195,2019-05-23,11:00:00,13,9,4,FMN GV 10 Beerse
39,Antwerpseweg 195,2019-05-23,12:00:00,21,14,7,FMN GV 10 Beerse
39,Antwerpseweg 195,2019-05-23,13:00:00,47,32,15,FMN GV 10 Beerse
39,Antwerpseweg 195,2019-05-23,14:00:00,46,31,15,FMN GV 10 Beerse
39,Antwerpseweg 195,2019-05-23,15:00:00,96,82,14,FMN GV 10 Beerse
39,Antwerpseweg 195,2019-05-23,16:00:00,80,57,23,FMN GV 10 Beerse
39,Antwerpseweg 195,2019-05-23,17:00:00,36,29,7,FMN GV 10 Beerse
39,Antwerpseweg 195,2019-05-23,18:00:00,21,16,5,FMN GV 10 Beerse
39,Antwerpseweg 195,2019-05-23,19:00:00,26,19,7,FMN GV 10 Beerse
39,Antwerpseweg 195,2019-05-23,20:00:00,16,9,7,FMN GV 10 Beerse
39,Antwerpseweg 195,2019-05-23,21:00:00,4,3,1,FMN GV 10 Beerse
39,Antwerpseweg 195,2019-05-23,22:00:00,9,6,3,FMN GV 10 Beerse
39,Antwerpseweg 195,2019-05-23,23:00:00,2,2,0,FMN GV 10 Beerse
39,Antwerpseweg 195,2019-05-24,00:00:00,2,1,1,FMN GV 10 Beerse
39,Antwerpseweg 195,2019-05-24,01:00:00,0,0,0,FMN GV 10 Beerse
39,Antwerpseweg 195,2019-05-24,02:00:00,0,0,0,FMN GV 10 Beerse
39,Antwerpseweg 195,2019-05-24,03:00:00,0,0,0,FMN GV 10 Beerse
39,Antwerpseweg 195,2019-05-24,04:00:00,1,1,0,FMN GV 10 Beerse
39,Antwerpseweg 195,2019-05-24,05:00:00,6,6,0,FMN GV 10 Beerse
39,Antwerpseweg 195,2019-05-24,06:00:00,12,10,2,FMN GV 10 Beerse
39,Antwerpseweg 195,2019-05-24,07:00:00,40,36,4,FMN GV 10 Beerse
39,Antwerpseweg 195,2019-05-24,08:00:00,41,34,7,FMN GV 10 Beerse
39,Antwerpseweg 195,2019-05-24,09:00:00,23,20,3,FMN GV 10 Beerse
39,Antwerpseweg 195,2019-05-24,10:00:00,5,3,2,FMN GV 10 Beerse
39,Antwerpseweg 195,2019-05-24,11:00:00,22,18,4,FMN GV 10 Beerse
39,Antwerpseweg 195,2019-05-24,12:00:00,23,15,8,FMN GV 10 Beerse
39,Antwerpseweg 195,2019-05-24,13:00:00,25,21,4,FMN GV 10 Beerse
39,Antwerpseweg 195,2019-05-24,14:00:00,77,54,23,FMN GV 10 Beerse
39,Antwerpseweg 195,2019-05-24,15:00:00,45,37,8,FMN GV 10 Beerse
39,Antwerpseweg 195,2019-05-24,16:00:00,48,31,17,FMN GV 10 Beerse
39,Antwerpseweg 195,2019-05-24,17:00:00,50,35,15,FMN GV 10 Beerse
39,Antwerpseweg 195,2019-05-24,18:00:00,26,18,8,FMN GV 10 Beerse
39,Antwerpseweg 195,2019-05-24,19:00:00,20,17,3,FMN GV 10 Beerse
39,Antwerpseweg 195,2019-05-24,20:00:00,8,7,1,FMN GV 10 Beerse
39,Antwerpseweg 195,2019-05-24,21:00:00,9,2,7,FMN GV 10 Beerse
39,Antwerpseweg 195,2019-05-24,22:00:00,7,4,3,FMN GV 10 Beerse
39,Antwerpseweg 195,2019-05-24,23:00:00,1,1,0,FMN GV 10 Beerse
39,Antwerpseweg 195,2019-05-25,00:00:00,1,0,1,FMN GV 10 Beerse
39,Antwerpseweg 195,2019-05-25,01:00:00,3,2,1,FMN GV 10 Beerse
39,Antwerpseweg 195,2019-05-25,02:00:00,4,3,1,FMN GV 10 Beerse
39,Antwerpseweg 195,2019-05-25,03:00:00,0,0,0,FMN GV 10 Beerse
39,Antwerpseweg 195,2019-05-25,04:00:00,3,2,1,FMN GV 10 Beerse
39,Antwerpseweg 195,2019-05-25,05:00:00,0,0,0,FMN GV 10 Beerse
39,Antwerpseweg 195,2019-05-25,06:00:00,0,0,0,FMN GV 10 Beerse
39,Antwerpseweg 195,2019-05-25,07:00:00,4,3,1,FMN GV 10 Beerse
39,Antwerpseweg 195,2019-05-25,08:00:00,7,6,1,FMN GV 10 Beerse
39,Antwerpseweg 195,2019-05-25,09:00:00,6,0,6,FMN GV 10 Beerse
39,Antwerpseweg 195,2019-05-25,10:00:00,2,1,1,FMN GV 10 Beerse
39,Antwerpseweg 195,2019-05-25,11:00:00,13,11,2,FMN GV 10 Beerse
39,Antwerpseweg 195,2019-05-25,12:00:00,12,10,2,FMN GV 10 Beerse
39,Antwerpseweg 195,2019-05-25,13:00:00,22,19,3,FMN GV 10 Beerse
39,Antwerpseweg 195,2019-05-25,14:00:00,25,18,7,FMN GV 10 Beerse
39,Antwerpseweg 195,2019-05-25,15:00:00,15,11,4,FMN GV 10 Beerse
39,Antwerpseweg 195,2019-05-25,16:00:00,11,8,3,FMN GV 10 Beerse
39,Antwerpseweg 195,2019-05-25,17:00:00,14,4,10,FMN GV 10 Beerse
39,Antwerpseweg 195,2019-05-25,18:00:00,15,10,5,FMN GV 10 Beerse
39,Antwerpseweg 195,2019-05-25,19:00:00,8,6,2,FMN GV 10 Beerse
39,Antwerpseweg 195,2019-05-25,20:00:00,5,4,1,FMN GV 10 Beerse
39,Antwerpseweg 195,2019-05-25,21:00:00,4,1,3,FMN GV 10 Beerse
39,Antwerpseweg 195,2019-05-25,22:00:00,1,1,0,FMN GV 10 Beerse
39,Antwerpseweg 195,2019-05-25,23:00:00,1,1,0,FMN GV 10 Beerse
39,Antwerpseweg 195,2019-05-26,00:00:00,2,2,0,FMN GV 10 Beerse
39,Antwerpseweg 195,2019-05-26,01:00:00,2,1,1,FMN GV 10 Beerse
39,Antwerpseweg 195,2019-05-26,02:00:00,1,1,0,FMN GV 10 Beerse
39,Antwerpseweg 195,2019-05-26,03:00:00,2,2,0,FMN GV 10 Beerse
39,Antwerpseweg 195,2019-05-26,04:00:00,0,0,0,FMN GV 10 Beerse
39,Antwerpseweg 195,2019-05-26,05:00:00,1,1,0,FMN GV 10 Beerse
39,Antwerpseweg 195,2019-05-26,06:00:00,0,0,0,FMN GV 10 Beerse
39,Antwerpseweg 195,2019-05-26,07:00:00,3,1,2,FMN GV 10 Beerse
39,Antwerpseweg 195,2019-05-26,08:00:00,9,6,3,FMN GV 10 Beerse
39,Antwerpseweg 195,2019-05-26,09:00:00,19,15,4,FMN GV 10 Beerse
39,Antwerpseweg 195,2019-05-26,10:00:00,19,12,7,FMN GV 10 Beerse
39,Antwerpseweg 195,2019-05-26,11:00:00,17,11,6,FMN GV 10 Beerse
39,Antwerpseweg 195,2019-05-26,12:00:00,7,3,4,FMN GV 10 Beerse
39,Antwerpseweg 195,2019-05-26,13:00:00,33,20,13,FMN GV 10 Beerse
39,Antwerpseweg 195,2019-05-26,14:00:00,27,12,15,FMN GV 10 Beerse
39,Antwerpseweg 195,2019-05-26,15:00:00,42,35,7,FMN GV 10 Beerse
39,Antwerpseweg 195,2019-05-26,16:00:00,22,13,9,FMN GV 10 Beerse
39,Antwerpseweg 195,2019-05-26,17:00:00,17,12,5,FMN GV 10 Beerse
39,Antwerpseweg 195,2019-05-26,18:00:00,9,9,0,FMN GV 10 Beerse
39,Antwerpseweg 195,2019-05-26,19:00:00,7,4,3,FMN GV 10 Beerse
39,Antwerpseweg 195,2019-05-26,20:00:00,10,8,2,FMN GV 10 Beerse
39,Antwerpseweg 195,2019-05-26,21:00:00,5,5,0,FMN GV 10 Beerse
39,Antwerpseweg 195,2019-05-26,22:00:00,2,2,0,FMN GV 10 Beerse
39,Antwerpseweg 195,2019-05-26,23:00:00,0,0,0,FMN GV 10 Beerse
39,Antwerpseweg 195,2019-05-27,00:00:00,0,0,0,FMN GV 10 Beerse
39,Antwerpseweg 195,2019-05-27,01:00:00,0,0,0,FMN GV 10 Beerse
39,Antwerpseweg 195,2019-05-27,02:00:00,0,0,0,FMN GV 10 Beerse
39,Antwerpseweg 195,2019-05-27,03:00:00,0,0,0,FMN GV 10 Beerse
39,Antwerpseweg 195,2019-05-27,04:00:00,0,0,0,FMN GV 10 Beerse
39,Antwerpseweg 195,2019-05-27,05:00:00,9,9,0,FMN GV 10 Beerse
39,Antwerpseweg 195,2019-05-27,06:00:00,11,7,4,FMN GV 10 Beerse
39,Antwerpseweg 195,2019-05-27,07:00:00,52,45,7,FMN GV 10 Beerse
39,Antwerpseweg 195,2019-05-27,08:00:00,118,102,16,FMN GV 10 Beerse
39,Antwerpseweg 195,2019-05-27,09:00:00,13,8,5,FMN GV 10 Beerse
39,Antwerpseweg 195,2019-05-27,10:00:00,7,3,4,FMN GV 10 Beerse
39,Antwerpseweg 195,2019-05-27,11:00:00,15,14,1,FMN GV 10 Beerse
39,Antwerpseweg 195,2019-05-27,12:00:00,15,12,3,FMN GV 10 Beerse
39,Antwerpseweg 195,2019-05-27,13:00:00,15,12,3,FMN GV 10 Beerse
39,Antwerpseweg 195,2019-05-27,14:00:00,35,22,13,FMN GV 10 Beerse
39,Antwerpseweg 195,2019-05-27,15:00:00,38,24,14,FMN GV 10 Beerse
39,Antwerpseweg 195,2019-05-27,16:00:00,44,38,6,FMN GV 10 Beerse
39,Antwerpseweg 195,2019-05-27,17:00:00,43,23,20,FMN GV 10 Beerse
39,Antwerpseweg 195,2019-05-27,18:00:00,16,10,6,FMN GV 10 Beerse
39,Antwerpseweg 195,2019-05-27,19:00:00,11,9,2,FMN GV 10 Beerse
39,Antwerpseweg 195,2019-05-27,20:00:00,8,5,3,FMN GV 10 Beerse
39,Antwerpseweg 195,2019-05-27,21:00:00,1,0,1,FMN GV 10 Beerse
39,Antwerpseweg 195,2019-05-27,22:00:00,8,6,2,FMN GV 10 Beerse
39,Antwerpseweg 195,2019-05-27,23:00:00,0,0,0,FMN GV 10 Beerse
39,Antwerpseweg 195,2019-05-28,00:00:00,0,0,0,FMN GV 10 Beerse
39,Antwerpseweg 195,2019-05-28,01:00:00,0,0,0,FMN GV 10 Beerse
39,Antwerpseweg 195,2019-05-28,02:00:00,0,0,0,FMN GV 10 Beerse
39,Antwerpseweg 195,2019-05-28,03:00:00,0,0,0,FMN GV 10 Beerse
39,Antwerpseweg 195,2019-05-28,04:00:00,1,1,0,FMN GV 10 Beerse
39,Antwerpseweg 195,2019-05-28,05:00:00,7,7,0,FMN GV 10 Beerse
39,Antwerpseweg 195,2019-05-28,06:00:00,6,6,0,FMN GV 10 Beerse
39,Antwerpseweg 195,2019-05-28,07:00:00,30,25,5,FMN GV 10 Beerse
39,Antwerpseweg 195,2019-05-28,08:00:00,25,21,4,FMN GV 10 Beerse
39,Antwerpseweg 195,2019-05-28,09:00:00,7,5,2,FMN GV 10 Beerse
39,Antwerpseweg 195,2019-05-28,10:00:00,1,1,0,FMN GV 10 Beerse
39,Antwerpseweg 195,2019-05-28,11:00:00,6,6,0,FMN GV 10 Beerse
39,Antwerpseweg 195,2019-05-28,12:00:00,10,8,2,FMN GV 10 Beerse
39,Antwerpseweg 195,2019-05-28,13:00:00,8,7,1,FMN GV 10 Beerse
39,Antwerpseweg 195,2019-05-28,14:00:00,4,1,3,FMN GV 10 Beerse
39,Antwerpseweg 195,2019-05-28,15:00:00,6,4,2,FMN GV 10 Beerse
39,Antwerpseweg 195,2019-05-28,16:00:00,45,34,11,FMN GV 10 Beerse
39,Antwerpseweg 195,2019-05-28,17:00:00,31,21,10,FMN GV 10 Beerse
39,Antwerpseweg 195,2019-05-28,18:00:00,13,9,4,FMN GV 10 Beerse
39,Antwerpseweg 195,2019-05-28,19:00:00,13,8,5,FMN GV 10 Beerse
39,Antwerpseweg 195,2019-05-28,20:00:00,3,3,0,FMN GV 10 Beerse
39,Antwerpseweg 195,2019-05-28,21:00:00,3,3,0,FMN GV 10 Beerse
39,Antwerpseweg 195,2019-05-28,22:00:00,3,2,1,FMN GV 10 Beerse
39,Antwerpseweg 195,2019-05-28,23:00:00,0,0,0,FMN GV 10 Beerse
39,Antwerpseweg 195,2019-05-29,00:00:00,0,0,0,FMN GV 10 Beerse
39,Antwerpseweg 195,2019-05-29,01:00:00,0,0,0,FMN GV 10 Beerse
39,Antwerpseweg 195,2019-05-29,02:00:00,0,0,0,FMN GV 10 Beerse
39,Antwerpseweg 195,2019-05-29,03:00:00,1,1,0,FMN GV 10 Beerse
39,Antwerpseweg 195,2019-05-29,04:00:00,4,4,0,FMN GV 10 Beerse
39,Antwerpseweg 195,2019-05-29,05:00:00,10,10,0,FMN GV 10 Beerse
39,Antwerpseweg 195,2019-05-29,06:00:00,13,11,2,FMN GV 10 Beerse
39,Antwerpseweg 195,2019-05-29,07:00:00,40,37,3,FMN GV 10 Beerse
39,Antwerpseweg 195,2019-05-29,08:00:00,38,30,8,FMN GV 10 Beerse
39,Antwerpseweg 195,2019-05-29,09:00:00,15,10,5,FMN GV 10 Beerse
39,Antwerpseweg 195,2019-05-29,10:00:00,12,9,3,FMN GV 10 Beerse
39,Antwerpseweg 195,2019-05-29,11:00:00,20,17,3,FMN GV 10 Beerse
39,Antwerpseweg 195,2019-05-29,12:00:00,38,31,7,FMN GV 10 Beerse
39,Antwerpseweg 195,2019-05-29,13:00:00,36,27,9,FMN GV 10 Beerse
39,Antwerpseweg 195,2019-05-29,14:00:00,41,28,13,FMN GV 10 Beerse
39,Antwerpseweg 195,2019-05-29,15:00:00,41,27,14,FMN GV 10 Beerse
39,Antwerpseweg 195,2019-05-29,16:00:00,24,15,9,FMN GV 10 Beerse
39,Antwerpseweg 195,2019-05-29,17:00:00,36,28,8,FMN GV 10 Beerse
39,Antwerpseweg 195,2019-05-29,18:00:00,29,18,11,FMN GV 10 Beerse
39,Antwerpseweg 195,2019-05-29,19:00:00,17,11,6,FMN GV 10 Beerse
39,Antwerpseweg 195,2019-05-29,20:00:00,13,9,4,FMN GV 10 Beerse
39,Antwerpseweg 195,2019-05-29,21:00:00,5,4,1,FMN GV 10 Beerse
39,Antwerpseweg 195,2019-05-29,22:00:00,8,6,2,FMN GV 10 Beerse
39,Antwerpseweg 195,2019-05-29,23:00:00,3,1,2,FMN GV 10 Beerse
39,Antwerpseweg 195,2019-05-30,00:00:00,1,1,0,FMN GV 10 Beerse
39,Antwerpseweg 195,2019-05-30,01:00:00,1,1,0,FMN GV 10 Beerse
39,Antwerpseweg 195,2019-05-30,02:00:00,6,6,0,FMN GV 10 Beerse
39,Antwerpseweg 195,2019-05-30,03:00:00,7,6,1,FMN GV 10 Beerse
39,Antwerpseweg 195,2019-05-30,04:00:00,1,1,0,FMN GV 10 Beerse
39,Antwerpseweg 195,2019-05-30,05:00:00,0,0,0,FMN GV 10 Beerse
39,Antwerpseweg 195,2019-05-30,06:00:00,0,0,0,FMN GV 10 Beerse
39,Antwerpseweg 195,2019-05-30,07:00:00,4,3,1,FMN GV 10 Beerse
39,Antwerpseweg 195,2019-05-30,08:00:00,14,1,13,FMN GV 10 Beerse
39,Antwerpseweg 195,2019-05-30,09:00:00,5,3,2,FMN GV 10 Beerse
39,Antwerpseweg 195,2019-05-30,10:00:00,12,3,9,FMN GV 10 Beerse
39,Antwerpseweg 195,2019-05-30,11:00:00,20,7,13,FMN GV 10 Beerse
39,Antwerpseweg 195,2019-05-30,12:00:00,8,5,3,FMN GV 10 Beerse
39,Antwerpseweg 195,2019-05-30,13:00:00,12,8,4,FMN GV 10 Beerse
39,Antwerpseweg 195,2019-05-30,14:00:00,20,13,7,FMN GV 10 Beerse
39,Antwerpseweg 195,2019-05-30,15:00:00,22,20,2,FMN GV 10 Beerse
39,Antwerpseweg 195,2019-05-30,16:00:00,23,15,8,FMN GV 10 Beerse
39,Antwerpseweg 195,2019-05-30,17:00:00,16,12,4,FMN GV 10 Beerse
39,Antwerpseweg 195,2019-05-30,18:00:00,6,5,1,FMN GV 10 Beerse
39,Antwerpseweg 195,2019-05-30,19:00:00,20,15,5,FMN GV 10 Beerse
39,Antwerpseweg 195,2019-05-30,20:00:00,6,6,0,FMN GV 10 Beerse
39,Antwerpseweg 195,2019-05-30,21:00:00,1,1,0,FMN GV 10 Beerse
39,Antwerpseweg 195,2019-05-30,22:00:00,4,2,2,FMN GV 10 Beerse
39,Antwerpseweg 195,2019-05-30,23:00:00,7,1,6,FMN GV 10 Beerse
39,Antwerpseweg 195,2019-05-31,00:00:00,3,0,3,FMN GV 10 Beerse
39,Antwerpseweg 195,2019-05-31,01:00:00,0,0,0,FMN GV 10 Beerse
39,Antwerpseweg 195,2019-05-31,02:00:00,0,0,0,FMN GV 10 Beerse
39,Antwerpseweg 195,2019-05-31,03:00:00,0,0,0,FMN GV 10 Beerse
39,Antwerpseweg 195,2019-05-31,04:00:00,2,2,0,FMN GV 10 Beerse
39,Antwerpseweg 195,2019-05-31,05:00:00,6,6,0,FMN GV 10 Beerse
39,Antwerpseweg 195,2019-05-31,06:00:00,7,4,3,FMN GV 10 Beerse
39,Antwerpseweg 195,2019-05-31,07:00:00,7,7,0,FMN GV 10 Beerse
39,Antwerpseweg 195,2019-05-31,08:00:00,9,4,5,FMN GV 10 Beerse
39,Antwerpseweg 195,2019-05-31,09:00:00,36,11,25,FMN GV 10 Beerse
39,Antwerpseweg 195,2019-05-31,10:00:00,12,6,6,FMN GV 10 Beerse
39,Antwerpseweg 195,2019-05-31,11:00:00,12,9,3,FMN GV 10 Beerse
39,Antwerpseweg 195,2019-05-31,12:00:00,17,12,5,FMN GV 10 Beerse
39,Antwerpseweg 195,2019-05-31,13:00:00,28,22,6,FMN GV 10 Beerse
39,Antwerpseweg 195,2019-05-31,14:00:00,35,21,14,FMN GV 10 Beerse
39,Antwerpseweg 195,2019-05-31,15:00:00,28,17,11,FMN GV 10 Beerse
39,Antwerpseweg 195,2019-05-31,16:00:00,26,21,5,FMN GV 10 Beerse
39,Antwerpseweg 195,2019-05-31,17:00:00,23,16,7,FMN GV 10 Beerse
39,Antwerpseweg 195,2019-05-31,18:00:00,11,10,1,FMN GV 10 Beerse
39,Antwerpseweg 195,2019-05-31,19:00:00,17,14,3,FMN GV 10 Beerse
39,Antwerpseweg 195,2019-05-31,20:00:00,5,4,1,FMN GV 10 Beerse
39,Antwerpseweg 195,2019-05-31,21:00:00,3,1,2,FMN GV 10 Beerse
39,Antwerpseweg 195,2019-05-31,22:00:00,7,4,3,FMN GV 10 Beerse
39,Antwerpseweg 195,2019-05-31,23:00:00,1,0,1,FMN GV 10 Beerse
39,Antwerpseweg 195,2019-06-01,00:00:00,1,1,0,FMN GV 10 Beerse
39,Antwerpseweg 195,2019-06-01,01:00:00,1,0,1,FMN GV 10 Beerse
39,Antwerpseweg 195,2019-06-01,02:00:00,0,0,0,FMN GV 10 Beerse
39,Antwerpseweg 195,2019-06-01,03:00:00,1,1,0,FMN GV 10 Beerse
39,Antwerpseweg 195,2019-06-01,04:00:00,1,1,0,FMN GV 10 Beerse
39,Antwerpseweg 195,2019-06-01,05:00:00,4,4,0,FMN GV 10 Beerse
39,Antwerpseweg 195,2019-06-01,06:00:00,2,2,0,FMN GV 10 Beerse
39,Antwerpseweg 195,2019-06-01,07:00:00,3,2,1,FMN GV 10 Beerse
39,Antwerpseweg 195,2019-06-01,08:00:00,4,1,3,FMN GV 10 Beerse
39,Antwerpseweg 195,2019-06-01,09:00:00,11,8,3,FMN GV 10 Beerse
39,Antwerpseweg 195,2019-06-01,10:00:00,14,7,7,FMN GV 10 Beerse
39,Antwerpseweg 195,2019-06-01,11:00:00,22,10,12,FMN GV 10 Beerse
39,Antwerpseweg 195,2019-06-01,12:00:00,35,22,13,FMN GV 10 Beerse
39,Antwerpseweg 195,2019-06-01,13:00:00,37,26,11,FMN GV 10 Beerse
39,Antwerpseweg 195,2019-06-01,14:00:00,26,15,11,FMN GV 10 Beerse
39,Antwerpseweg 195,2019-06-01,15:00:00,45,27,18,FMN GV 10 Beerse
39,Antwerpseweg 195,2019-06-01,16:00:00,34,23,11,FMN GV 10 Beerse
39,Antwerpseweg 195,2019-06-01,17:00:00,49,34,15,FMN GV 10 Beerse
39,Antwerpseweg 195,2019-06-01,18:00:00,24,18,6,FMN GV 10 Beerse
39,Antwerpseweg 195,2019-06-01,19:00:00,27,21,6,FMN GV 10 Beerse
39,Antwerpseweg 195,2019-06-01,20:00:00,19,15,4,FMN GV 10 Beerse
39,Antwerpseweg 195,2019-06-01,21:00:00,6,6,0,FMN GV 10 Beerse
39,Antwerpseweg 195,2019-06-01,22:00:00,8,6,2,FMN GV 10 Beerse
39,Antwerpseweg 195,2019-06-01,23:00:00,2,1,1,FMN GV 10 Beerse
39,Antwerpseweg 195,2019-06-02,00:00:00,1,1,0,FMN GV 10 Beerse
39,Antwerpseweg 195,2019-06-02,01:00:00,11,11,0,FMN GV 10 Beerse
39,Antwerpseweg 195,2019-06-02,02:00:00,1,1,0,FMN GV 10 Beerse
39,Antwerpseweg 195,2019-06-02,03:00:00,0,0,0,FMN GV 10 Beerse
39,Antwerpseweg 195,2019-06-02,04:00:00,0,0,0,FMN GV 10 Beerse
39,Antwerpseweg 195,2019-06-02,05:00:00,1,1,0,FMN GV 10 Beerse
39,Antwerpseweg 195,2019-06-02,06:00:00,2,1,1,FMN GV 10 Beerse
39,Antwerpseweg 195,2019-06-02,07:00:00,3,3,0,FMN GV 10 Beerse
39,Antwerpseweg 195,2019-06-02,08:00:00,7,5,2,FMN GV 10 Beerse
39,Antwerpseweg 195,2019-06-02,09:00:00,33,30,3,FMN GV 10 Beerse
39,Antwerpseweg 195,2019-06-02,10:00:00,37,24,13,FMN GV 10 Beerse
39,Antwerpseweg 195,2019-06-02,11:00:00,37,21,16,FMN GV 10 Beerse
39,Antwerpseweg 195,2019-06-02,12:00:00,48,37,11,FMN GV 10 Beerse
39,Antwerpseweg 195,2019-06-02,13:00:00,44,30,14,FMN GV 10 Beerse
39,Antwerpseweg 195,2019-06-02,14:00:00,54,37,17,FMN GV 10 Beerse
39,Antwerpseweg 195,2019-06-02,15:00:00,57,29,28,FMN GV 10 Beerse
39,Antwerpseweg 195,2019-06-02,16:00:00,47,34,13,FMN GV 10 Beerse
39,Antwerpseweg 195,2019-06-02,17:00:00,24,18,6,FMN GV 10 Beerse
39,Antwerpseweg 195,2019-06-02,18:00:00,35,26,9,FMN GV 10 Beerse
39,Antwerpseweg 195,2019-06-02,19:00:00,19,16,3,FMN GV 10 Beerse
39,Antwerpseweg 195,2019-06-02,20:00:00,19,13,6,FMN GV 10 Beerse
39,Antwerpseweg 195,2019-06-02,21:00:00,5,1,4,FMN GV 10 Beerse
39,Antwerpseweg 195,2019-06-02,22:00:00,1,1,0,FMN GV 10 Beerse
39,Antwerpseweg 195,2019-06-02,23:00:00,0,0,0,FMN GV 10 Beerse
39,Antwerpseweg 195,2019-06-03,00:00:00,0,0,0,FMN GV 10 Beerse
39,Antwerpseweg 195,2019-06-03,01:00:00,0,0,0,FMN GV 10 Beerse
39,Antwerpseweg 195,2019-06-03,02:00:00,0,0,0,FMN GV 10 Beerse
39,Antwerpseweg 195,2019-06-03,03:00:00,0,0,0,FMN GV 10 Beerse
39,Antwerpseweg 195,2019-06-03,04:00:00,1,1,0,FMN GV 10 Beerse
39,Antwerpseweg 195,2019-06-03,05:00:00,10,10,0,FMN GV 10 Beerse
39,Antwerpseweg 195,2019-06-03,06:00:00,7,5,2,FMN GV 10 Beerse
39,Antwerpseweg 195,2019-06-03,07:00:00,44,38,6,FMN GV 10 Beerse
39,Antwerpseweg 195,2019-06-03,08:00:00,34,28,6,FMN GV 10 Beerse
39,Antwerpseweg 195,2019-06-03,09:00:00,12,12,0,FMN GV 10 Beerse
39,Antwerpseweg 195,2019-06-03,10:00:00,8,6,2,FMN GV 10 Beerse
39,Antwerpseweg 195,2019-06-03,11:00:00,11,8,3,FMN GV 10 Beerse
39,Antwerpseweg 195,2019-06-03,12:00:00,9,3,6,FMN GV 10 Beerse
39,Antwerpseweg 195,2019-06-03,13:00:00,32,26,6,FMN GV 10 Beerse
39,Antwerpseweg 195,2019-06-03,14:00:00,25,21,4,FMN GV 10 Beerse
39,Antwerpseweg 195,2019-06-03,15:00:00,21,14,7,FMN GV 10 Beerse
39,Antwerpseweg 195,2019-06-03,16:00:00,49,35,14,FMN GV 10 Beerse
39,Antwerpseweg 195,2019-06-03,17:00:00,30,22,8,FMN GV 10 Beerse
39,Antwerpseweg 195,2019-06-03,18:00:00,18,12,6,FMN GV 10 Beerse
39,Antwerpseweg 195,2019-06-03,19:00:00,16,16,0,FMN GV 10 Beerse
39,Antwerpseweg 195,2019-06-03,20:00:00,5,3,2,FMN GV 10 Beerse
39,Antwerpseweg 195,2019-06-03,21:00:00,1,0,1,FMN GV 10 Beerse
39,Antwerpseweg 195,2019-06-03,22:00:00,4,2,2,FMN GV 10 Beerse
39,Antwerpseweg 195,2019-06-03,23:00:00,2,1,1,FMN GV 10 Beerse
39,Antwerpseweg 195,2019-06-04,00:00:00,0,0,0,FMN GV 10 Beerse
39,Antwerpseweg 195,2019-06-04,01:00:00,0,0,0,FMN GV 10 Beerse
39,Antwerpseweg 195,2019-06-04,02:00:00,0,0,0,FMN GV 10 Beerse
39,Antwerpseweg 195,2019-06-04,03:00:00,0,0,0,FMN GV 10 Beerse
39,Antwerpseweg 195,2019-06-04,04:00:00,3,2,1,FMN GV 10 Beerse
39,Antwerpseweg 195,2019-06-04,05:00:00,8,8,0,FMN GV 10 Beerse
39,Antwerpseweg 195,2019-06-04,06:00:00,8,6,2,FMN GV 10 Beerse
39,Antwerpseweg 195,2019-06-04,07:00:00,44,38,6,FMN GV 10 Beerse
39,Antwerpseweg 195,2019-06-04,08:00:00,33,28,5,FMN GV 10 Beerse
39,Antwerpseweg 195,2019-06-04,09:00:00,18,12,6,FMN GV 10 Beerse
39,Antwerpseweg 195,2019-06-04,10:00:00,10,7,3,FMN GV 10 Beerse
39,Antwerpseweg 195,2019-06-04,11:00:00,10,8,2,FMN GV 10 Beerse
39,Antwerpseweg 195,2019-06-04,12:00:00,13,9,4,FMN GV 10 Beerse
39,Antwerpseweg 195,2019-06-04,13:00:00,30,25,5,FMN GV 10 Beerse
39,Antwerpseweg 195,2019-06-04,14:00:00,20,15,5,FMN GV 10 Beerse
39,Antwerpseweg 195,2019-06-04,15:00:00,45,23,22,FMN GV 10 Beerse
39,Antwerpseweg 195,2019-06-04,16:00:00,59,43,16,FMN GV 10 Beerse
39,Antwerpseweg 195,2019-06-04,17:00:00,40,27,13,FMN GV 10 Beerse
39,Antwerpseweg 195,2019-06-04,18:00:00,17,11,6,FMN GV 10 Beerse
39,Antwerpseweg 195,2019-06-04,19:00:00,15,11,4,FMN GV 10 Beerse
39,Antwerpseweg 195,2019-06-04,20:00:00,8,4,4,FMN GV 10 Beerse
39,Antwerpseweg 195,2019-06-04,21:00:00,0,0,0,FMN GV 10 Beerse
39,Antwerpseweg 195,2019-06-04,22:00:00,2,2,0,FMN GV 10 Beerse
39,Antwerpseweg 195,2019-06-04,23:00:00,0,0,0,FMN GV 10 Beerse
39,Antwerpseweg 195,2019-06-05,00:00:00,0,0,0,FMN GV 10 Beerse
39,Antwerpseweg 195,2019-06-05,01:00:00,0,0,0,FMN GV 10 Beerse
39,Antwerpseweg 195,2019-06-05,02:00:00,0,0,0,FMN GV 10 Beerse
39,Antwerpseweg 195,2019-06-05,03:00:00,1,1,0,FMN GV 10 Beerse
39,Antwerpseweg 195,2019-06-05,04:00:00,2,2,0,FMN GV 10 Beerse
39,Antwerpseweg 195,2019-06-05,05:00:00,10,10,0,FMN GV 10 Beerse
39,Antwerpseweg 195,2019-06-05,06:00:00,8,5,3,FMN GV 10 Beerse
39,Antwerpseweg 195,2019-06-05,07:00:00,31,26,5,FMN GV 10 Beerse
39,Antwerpseweg 195,2019-06-05,08:00:00,19,16,3,FMN GV 10 Beerse
39,Antwerpseweg 195,2019-06-05,09:00:00,4,4,0,FMN GV 10 Beerse
39,Antwerpseweg 195,2019-06-05,10:00:00,4,4,0,FMN GV 10 Beerse
39,Antwerpseweg 195,2019-06-05,11:00:00,8,7,1,FMN GV 10 Beerse
39,Antwerpseweg 195,2019-06-05,12:00:00,19,17,2,FMN GV 10 Beerse
39,Antwerpseweg 195,2019-06-05,13:00:00,8,6,2,FMN GV 10 Beerse
39,Antwerpseweg 195,2019-06-05,14:00:00,5,4,1,FMN GV 10 Beerse
39,Antwerpseweg 195,2019-06-05,15:00:00,12,8,4,FMN GV 10 Beerse
39,Antwerpseweg 195,2019-06-05,16:00:00,18,11,7,FMN GV 10 Beerse
39,Antwerpseweg 195,2019-06-05,17:00:00,21,16,5,FMN GV 10 Beerse
39,Antwerpseweg 195,2019-06-05,18:00:00,9,5,4,FMN GV 10 Beerse
39,Antwerpseweg 195,2019-06-05,19:00:00,12,8,4,FMN GV 10 Beerse
39,Antwerpseweg 195,2019-06-05,20:00:00,12,12,0,FMN GV 10 Beerse
39,Antwerpseweg 195,2019-06-05,21:00:00,0,0,0,FMN GV 10 Beerse
39,Antwerpseweg 195,2019-06-05,22:00:00,3,3,0,FMN GV 10 Beerse
39,Antwerpseweg 195,2019-06-05,23:00:00,0,0,0,FMN GV 10 Beerse
39,Antwerpseweg 195,2019-06-06,00:00:00,0,0,0,FMN GV 10 Beerse
39,Antwerpseweg 195,2019-06-06,01:00:00,0,0,0,FMN GV 10 Beerse
39,Antwerpseweg 195,2019-06-06,02:00:00,0,0,0,FMN GV 10 Beerse
39,Antwerpseweg 195,2019-06-06,03:00:00,0,0,0,FMN GV 10 Beerse
39,Antwerpseweg 195,2019-06-06,04:00:00,1,1,0,FMN GV 10 Beerse
39,Antwerpseweg 195,2019-06-06,05:00:00,7,7,0,FMN GV 10 Beerse
39,Antwerpseweg 195,2019-06-06,06:00:00,10,7,3,FMN GV 10 Beerse
39,Antwerpseweg 195,2019-06-06,07:00:00,36,33,3,FMN GV 10 Beerse
39,Antwerpseweg 195,2019-06-06,08:00:00,35,31,4,FMN GV 10 Beerse
39,Antwerpseweg 195,2019-06-06,09:00:00,18,11,7,FMN GV 10 Beerse
39,Antwerpseweg 195,2019-06-06,10:00:00,8,4,4,FMN GV 10 Beerse
39,Antwerpseweg 195,2019-06-06,11:00:00,12,12,0,FMN GV 10 Beerse
39,Antwerpseweg 195,2019-06-06,12:00:00,21,11,10,FMN GV 10 Beerse
39,Antwerpseweg 195,2019-06-06,13:00:00,22,13,9,FMN GV 10 Beerse
39,Antwerpseweg 195,2019-06-06,14:00:00,27,16,11,FMN GV 10 Beerse
39,Antwerpseweg 195,2019-06-06,15:00:00,36,27,9,FMN GV 10 Beerse
39,Antwerpseweg 195,2019-06-06,16:00:00,42,34,8,FMN GV 10 Beerse
39,Antwerpseweg 195,2019-06-06,17:00:00,27,19,8,FMN GV 10 Beerse
39,Antwerpseweg 195,2019-06-06,18:00:00,16,10,6,FMN GV 10 Beerse
39,Antwerpseweg 195,2019-06-06,19:00:00,21,20,1,FMN GV 10 Beerse
39,Antwerpseweg 195,2019-06-06,20:00:00,16,2,14,FMN GV 10 Beerse
39,Antwerpseweg 195,2019-06-06,21:00:00,9,9,0,FMN GV 10 Beerse
39,Antwerpseweg 195,2019-06-06,22:00:00,6,6,0,FMN GV 10 Beerse
39,Antwerpseweg 195,2019-06-06,23:00:00,3,2,1,FMN GV 10 Beerse
39,Antwerpseweg 195,2019-06-07,00:00:00,0,0,0,FMN GV 10 Beerse
39,Antwerpseweg 195,2019-06-07,01:00:00,0,0,0,FMN GV 10 Beerse
39,Antwerpseweg 195,2019-06-07,02:00:00,1,1,0,FMN GV 10 Beerse
39,Antwerpseweg 195,2019-06-07,03:00:00,0,0,0,FMN GV 10 Beerse
39,Antwerpseweg 195,2019-06-07,04:00:00,1,1,0,FMN GV 10 Beerse
39,Antwerpseweg 195,2019-06-07,05:00:00,9,9,0,FMN GV 10 Beerse
39,Antwerpseweg 195,2019-06-07,06:00:00,8,7,1,FMN GV 10 Beerse
39,Antwerpseweg 195,2019-06-07,07:00:00,43,38,5,FMN GV 10 Beerse
39,Antwerpseweg 195,2019-06-07,08:00:00,31,28,3,FMN GV 10 Beerse
39,Antwerpseweg 195,2019-06-07,09:00:00,9,6,3,FMN GV 10 Beerse
39,Antwerpseweg 195,2019-06-07,10:00:00,11,7,4,FMN GV 10 Beerse
39,Antwerpseweg 195,2019-06-07,11:00:00,16,11,5,FMN GV 10 Beerse
39,Antwerpseweg 195,2019-06-07,12:00:00,20,9,11,FMN GV 10 Beerse
39,Antwerpseweg 195,2019-06-07,13:00:00,18,17,1,FMN GV 10 Beerse
39,Antwerpseweg 195,2019-06-07,14:00:00,13,8,5,FMN GV 10 Beerse
39,Antwerpseweg 195,2019-06-07,15:00:00,27,19,8,FMN GV 10 Beerse
39,Antwerpseweg 195,2019-06-07,16:00:00,21,14,7,FMN GV 10 Beerse
39,Antwerpseweg 195,2019-06-07,17:00:00,23,15,8,FMN GV 10 Beerse
39,Antwerpseweg 195,2019-06-07,18:00:00,7,7,0,FMN GV 10 Beerse
39,Antwerpseweg 195,2019-06-07,19:00:00,4,3,1,FMN GV 10 Beerse
39,Antwerpseweg 195,2019-06-07,20:00:00,6,2,4,FMN GV 10 Beerse
39,Antwerpseweg 195,2019-06-07,21:00:00,4,3,1,FMN GV 10 Beerse
39,Antwerpseweg 195,2019-06-07,22:00:00,4,4,0,FMN GV 10 Beerse
39,Antwerpseweg 195,2019-06-07,23:00:00,1,1,0,FMN GV 10 Beerse
39,Antwerpseweg 195,2019-06-08,00:00:00,3,2,1,FMN GV 10 Beerse
39,Antwerpseweg 195,2019-06-08,01:00:00,1,1,0,FMN GV 10 Beerse
39,Antwerpseweg 195,2019-06-08,02:00:00,0,0,0,FMN GV 10 Beerse
39,Antwerpseweg 195,2019-06-08,03:00:00,0,0,0,FMN GV 10 Beerse
39,Antwerpseweg 195,2019-06-08,04:00:00,1,1,0,FMN GV 10 Beerse
39,Antwerpseweg 195,2019-06-08,05:00:00,0,0,0,FMN GV 10 Beerse
39,Antwerpseweg 195,2019-06-08,06:00:00,1,1,0,FMN GV 10 Beerse
39,Antwerpseweg 195,2019-06-08,07:00:00,0,0,0,FMN GV 10 Beerse
39,Antwerpseweg 195,2019-06-08,08:00:00,2,0,2,FMN GV 10 Beerse
39,Antwerpseweg 195,2019-06-08,09:00:00,3,1,2,FMN GV 10 Beerse
39,Antwerpseweg 195,2019-06-08,10:00:00,7,6,1,FMN GV 10 Beerse
39,Antwerpseweg 195,2019-06-08,11:00:00,2,1,1,FMN GV 10 Beerse
39,Antwerpseweg 195,2019-06-08,12:00:00,3,2,1,FMN GV 10 Beerse
39,Antwerpseweg 195,2019-06-08,13:00:00,6,5,1,FMN GV 10 Beerse
39,Antwerpseweg 195,2019-06-08,14:00:00,2,1,1,FMN GV 10 Beerse
39,Antwerpseweg 195,2019-06-08,15:00:00,4,3,1,FMN GV 10 Beerse
39,Antwerpseweg 195,2019-06-08,16:00:00,3,1,2,FMN GV 10 Beerse
39,Antwerpseweg 195,2019-06-08,17:00:00,7,4,3,FMN GV 10 Beerse
39,Antwerpseweg 195,2019-06-08,18:00:00,5,4,1,FMN GV 10 Beerse
39,Antwerpseweg 195,2019-06-08,19:00:00,6,3,3,FMN GV 10 Beerse
39,Antwerpseweg 195,2019-06-08,20:00:00,5,4,1,FMN GV 10 Beerse
39,Antwerpseweg 195,2019-06-08,21:00:00,1,1,0,FMN GV 10 Beerse
39,Antwerpseweg 195,2019-06-08,22:00:00,1,1,0,FMN GV 10 Beerse
39,Antwerpseweg 195,2019-06-08,23:00:00,2,1,1,FMN GV 10 Beerse
39,Antwerpseweg 195,2019-06-09,00:00:00,1,1,0,FMN GV 10 Beerse
39,Antwerpseweg 195,2019-06-09,01:00:00,4,4,0,FMN GV 10 Beerse
39,Antwerpseweg 195,2019-06-09,02:00:00,1,1,0,FMN GV 10 Beerse
39,Antwerpseweg 195,2019-06-09,03:00:00,1,0,1,FMN GV 10 Beerse
39,Antwerpseweg 195,2019-06-09,04:00:00,0,0,0,FMN GV 10 Beerse
39,Antwerpseweg 195,2019-06-09,05:00:00,1,1,0,FMN GV 10 Beerse
39,Antwerpseweg 195,2019-06-09,06:00:00,1,1,0,FMN GV 10 Beerse
39,Antwerpseweg 195,2019-06-09,07:00:00,1,1,0,FMN GV 10 Beerse
39,Antwerpseweg 195,2019-06-09,08:00:00,9,5,4,FMN GV 10 Beerse
39,Antwerpseweg 195,2019-06-09,09:00:00,20,13,7,FMN GV 10 Beerse
39,Antwerpseweg 195,2019-06-09,10:00:00,29,22,7,FMN GV 10 Beerse
39,Antwerpseweg 195,2019-06-09,11:00:00,18,12,6,FMN GV 10 Beerse
39,Antwerpseweg 195,2019-06-09,12:00:00,21,11,10,FMN GV 10 Beerse
39,Antwerpseweg 195,2019-06-09,13:00:00,32,22,10,FMN GV 10 Beerse
39,Antwerpseweg 195,2019-06-09,14:00:00,61,42,19,FMN GV 10 Beerse
39,Antwerpseweg 195,2019-06-09,15:00:00,26,17,9,FMN GV 10 Beerse
39,Antwerpseweg 195,2019-06-09,16:00:00,40,25,15,FMN GV 10 Beerse
39,Antwerpseweg 195,2019-06-09,17:00:00,19,15,4,FMN GV 10 Beerse
39,Antwerpseweg 195,2019-06-09,18:00:00,7,4,3,FMN GV 10 Beerse
39,Antwerpseweg 195,2019-06-09,19:00:00,3,1,2,FMN GV 10 Beerse
39,Antwerpseweg 195,2019-06-09,20:00:00,4,3,1,FMN GV 10 Beerse
39,Antwerpseweg 195,2019-06-09,21:00:00,4,2,2,FMN GV 10 Beerse
39,Antwerpseweg 195,2019-06-09,22:00:00,2,2,0,FMN GV 10 Beerse
39,Antwerpseweg 195,2019-06-09,23:00:00,3,1,2,FMN GV 10 Beerse
39,Antwerpseweg 195,2019-06-10,00:00:00,0,0,0,FMN GV 10 Beerse
39,Antwerpseweg 195,2019-06-10,01:00:00,2,2,0,FMN GV 10 Beerse
39,Antwerpseweg 195,2019-06-10,02:00:00,2,2,0,FMN GV 10 Beerse
39,Antwerpseweg 195,2019-06-10,03:00:00,2,2,0,FMN GV 10 Beerse
39,Antwerpseweg 195,2019-06-10,04:00:00,1,1,0,FMN GV 10 Beerse
39,Antwerpseweg 195,2019-06-10,05:00:00,0,0,0,FMN GV 10 Beerse
39,Antwerpseweg 195,2019-06-10,06:00:00,0,0,0,FMN GV 10 Beerse
39,Antwerpseweg 195,2019-06-10,07:00:00,5,2,3,FMN GV 10 Beerse
39,Antwerpseweg 195,2019-06-10,08:00:00,5,4,1,FMN GV 10 Beerse
39,Antwerpseweg 195,2019-06-10,09:00:00,11,5,6,FMN GV 10 Beerse
39,Antwerpseweg 195,2019-06-10,10:00:00,19,8,11,FMN GV 10 Beerse
39,Antwerpseweg 195,2019-06-10,11:00:00,12,8,4,FMN GV 10 Beerse
39,Antwerpseweg 195,2019-06-10,12:00:00,14,14,0,FMN GV 10 Beerse
39,Antwerpseweg 195,2019-06-10,13:00:00,40,35,5,FMN GV 10 Beerse
39,Antwerpseweg 195,2019-06-10,14:00:00,40,26,14,FMN GV 10 Beerse
39,Antwerpseweg 195,2019-06-10,15:00:00,13,9,4,FMN GV 10 Beerse
39,Antwerpseweg 195,2019-06-10,16:00:00,15,9,6,FMN GV 10 Beerse
39,Antwerpseweg 195,2019-06-10,17:00:00,10,8,2,FMN GV 10 Beerse
39,Antwerpseweg 195,2019-06-10,18:00:00,7,5,2,FMN GV 10 Beerse
39,Antwerpseweg 195,2019-06-10,19:00:00,8,4,4,FMN GV 10 Beerse
39,Antwerpseweg 195,2019-06-10,20:00:00,0,0,0,FMN GV 10 Beerse
39,Antwerpseweg 195,2019-06-10,21:00:00,2,1,1,FMN GV 10 Beerse
39,Antwerpseweg 195,2019-06-10,22:00:00,5,3,2,FMN GV 10 Beerse
39,Antwerpseweg 195,2019-06-10,23:00:00,0,0,0,FMN GV 10 Beerse
39,Antwerpseweg 195,2019-06-11,00:00:00,0,0,0,FMN GV 10 Beerse
39,Antwerpseweg 195,2019-06-11,01:00:00,0,0,0,FMN GV 10 Beerse
39,Antwerpseweg 195,2019-06-11,02:00:00,0,0,0,FMN GV 10 Beerse
39,Antwerpseweg 195,2019-06-11,03:00:00,0,0,0,FMN GV 10 Beerse
39,Antwerpseweg 195,2019-06-11,04:00:00,1,1,0,FMN GV 10 Beerse
39,Antwerpseweg 195,2019-06-11,05:00:00,9,9,0,FMN GV 10 Beerse
39,Antwerpseweg 195,2019-06-11,06:00:00,5,4,1,FMN GV 10 Beerse
39,Antwerpseweg 195,2019-06-11,07:00:00,46,43,3,FMN GV 10 Beerse
39,Antwerpseweg 195,2019-06-11,08:00:00,29,23,6,FMN GV 10 Beerse
39,Antwerpseweg 195,2019-06-11,09:00:00,22,19,3,FMN GV 10 Beerse
39,Antwerpseweg 195,2019-06-11,10:00:00,5,5,0,FMN GV 10 Beerse
39,Antwerpseweg 195,2019-06-11,11:00:00,11,8,3,FMN GV 10 Beerse
39,Antwerpseweg 195,2019-06-11,12:00:00,21,18,3,FMN GV 10 Beerse
39,Antwerpseweg 195,2019-06-11,13:00:00,43,23,20,FMN GV 10 Beerse
39,Antwerpseweg 195,2019-06-11,14:00:00,25,16,9,FMN GV 10 Beerse
39,Antwerpseweg 195,2019-06-11,15:00:00,54,43,11,FMN GV 10 Beerse
39,Antwerpseweg 195,2019-06-11,16:00:00,53,35,18,FMN GV 10 Beerse
39,Antwerpseweg 195,2019-06-11,17:00:00,37,22,15,FMN GV 10 Beerse
39,Antwerpseweg 195,2019-06-11,18:00:00,16,8,8,FMN GV 10 Beerse
39,Antwerpseweg 195,2019-06-11,19:00:00,22,19,3,FMN GV 10 Beerse
39,Antwerpseweg 195,2019-06-11,20:00:00,10,7,3,FMN GV 10 Beerse
39,Antwerpseweg 195,2019-06-11,21:00:00,7,3,4,FMN GV 10 Beerse
39,Antwerpseweg 195,2019-06-11,22:00:00,9,6,3,FMN GV 10 Beerse
39,Antwerpseweg 195,2019-06-11,23:00:00,2,1,1,FMN GV 10 Beerse
39,Antwerpseweg 195,2019-06-12,00:00:00,0,0,0,FMN GV 10 Beerse
39,Antwerpseweg 195,2019-06-12,01:00:00,1,1,0,FMN GV 10 Beerse
39,Antwerpseweg 195,2019-06-12,02:00:00,0,0,0,FMN GV 10 Beerse
39,Antwerpseweg 195,2019-06-12,03:00:00,0,0,0,FMN GV 10 Beerse
39,Antwerpseweg 195,2019-06-12,04:00:00,1,1,0,FMN GV 10 Beerse
39,Antwerpseweg 195,2019-06-12,05:00:00,6,6,0,FMN GV 10 Beerse
39,Antwerpseweg 195,2019-06-12,06:00:00,7,6,1,FMN GV 10 Beerse
39,Antwerpseweg 195,2019-06-12,07:00:00,23,21,2,FMN GV 10 Beerse
39,Antwerpseweg 195,2019-06-12,08:00:00,9,9,0,FMN GV 10 Beerse
39,Antwerpseweg 195,2019-06-12,09:00:00,3,3,0,FMN GV 10 Beerse
39,Antwerpseweg 195,2019-06-12,10:00:00,5,5,0,FMN GV 10 Beerse
39,Antwerpseweg 195,2019-06-12,11:00:00,4,4,0,FMN GV 10 Beerse
39,Antwerpseweg 195,2019-06-12,12:00:00,10,10,0,FMN GV 10 Beerse
39,Antwerpseweg 195,2019-06-12,13:00:00,6,3,3,FMN GV 10 Beerse
39,Antwerpseweg 195,2019-06-12,14:00:00,11,6,5,FMN GV 10 Beerse
39,Antwerpseweg 195,2019-06-12,15:00:00,10,7,3,FMN GV 10 Beerse
39,Antwerpseweg 195,2019-06-12,16:00:00,10,5,5,FMN GV 10 Beerse
39,Antwerpseweg 195,2019-06-12,17:00:00,13,10,3,FMN GV 10 Beerse
39,Antwerpseweg 195,2019-06-12,18:00:00,11,9,2,FMN GV 10 Beerse
39,Antwerpseweg 195,2019-06-12,19:00:00,4,1,3,FMN GV 10 Beerse
39,Antwerpseweg 195,2019-06-12,20:00:00,7,3,4,FMN GV 10 Beerse
39,Antwerpseweg 195,2019-06-12,21:00:00,4,4,0,FMN GV 10 Beerse
39,Antwerpseweg 195,2019-06-12,22:00:00,6,5,1,FMN GV 10 Beerse
39,Antwerpseweg 195,2019-06-12,23:00:00,2,2,0,FMN GV 10 Beerse
39,Antwerpseweg 195,2019-06-13,00:00:00,0,0,0,FMN GV 10 Beerse
39,Antwerpseweg 195,2019-06-13,01:00:00,0,0,0,FMN GV 10 Beerse
39,Antwerpseweg 195,2019-06-13,02:00:00,0,0,0,FMN GV 10 Beerse
39,Antwerpseweg 195,2019-06-13,03:00:00,1,1,0,FMN GV 10 Beerse
39,Antwerpseweg 195,2019-06-13,04:00:00,1,1,0,FMN GV 10 Beerse
39,Antwerpseweg 195,2019-06-13,05:00:00,7,7,0,FMN GV 10 Beerse
39,Antwerpseweg 195,2019-06-13,06:00:00,7,6,1,FMN GV 10 Beerse
39,Antwerpseweg 195,2019-06-13,07:00:00,42,39,3,FMN GV 10 Beerse
39,Antwerpseweg 195,2019-06-13,08:00:00,37,31,6,FMN GV 10 Beerse
39,Antwerpseweg 195,2019-06-13,09:00:00,13,11,2,FMN GV 10 Beerse
39,Antwerpseweg 195,2019-06-13,10:00:00,12,12,0,FMN GV 10 Beerse
39,Antwerpseweg 195,2019-06-13,11:00:00,11,7,4,FMN GV 10 Beerse
39,Antwerpseweg 195,2019-06-13,12:00:00,27,18,9,FMN GV 10 Beerse
39,Antwerpseweg 195,2019-06-13,13:00:00,19,14,5,FMN GV 10 Beerse
39,Antwerpseweg 195,2019-06-13,14:00:00,10,6,4,FMN GV 10 Beerse
39,Antwerpseweg 195,2019-06-13,15:00:00,19,12,7,FMN GV 10 Beerse
39,Antwerpseweg 195,2019-06-13,16:00:00,30,24,6,FMN GV 10 Beerse
39,Antwerpseweg 195,2019-06-13,17:00:00,26,16,10,FMN GV 10 Beerse
39,Antwerpseweg 195,2019-06-13,18:00:00,12,8,4,FMN GV 10 Beerse
39,Antwerpseweg 195,2019-06-13,19:00:00,4,3,1,FMN GV 10 Beerse
39,Antwerpseweg 195,2019-06-13,20:00:00,7,4,3,FMN GV 10 Beerse
39,Antwerpseweg 195,2019-06-13,21:00:00,5,4,1,FMN GV 10 Beerse
39,Antwerpseweg 195,2019-06-13,22:00:00,4,3,1,FMN GV 10 Beerse
39,Antwerpseweg 195,2019-06-13,23:00:00,0,0,0,FMN GV 10 Beerse
39,Antwerpseweg 195,2019-06-14,00:00:00,0,0,0,FMN GV 10 Beerse
39,Antwerpseweg 195,2019-06-14,01:00:00,1,1,0,FMN GV 10 Beerse
39,Antwerpseweg 195,2019-06-14,02:00:00,0,0,0,FMN GV 10 Beerse
39,Antwerpseweg 195,2019-06-14,03:00:00,0,0,0,FMN GV 10 Beerse
39,Antwerpseweg 195,2019-06-14,04:00:00,1,1,0,FMN GV 10 Beerse
39,Antwerpseweg 195,2019-06-14,05:00:00,6,6,0,FMN GV 10 Beerse
39,Antwerpseweg 195,2019-06-14,06:00:00,9,7,2,FMN GV 10 Beerse
39,Antwerpseweg 195,2019-06-14,07:00:00,42,38,4,FMN GV 10 Beerse
39,Antwerpseweg 195,2019-06-14,08:00:00,33,27,6,FMN GV 10 Beerse
39,Antwerpseweg 195,2019-06-14,09:00:00,4,4,0,FMN GV 10 Beerse
39,Antwerpseweg 195,2019-06-14,10:00:00,16,14,2,FMN GV 10 Beerse
39,Antwerpseweg 195,2019-06-14,11:00:00,18,12,6,FMN GV 10 Beerse
39,Antwerpseweg 195,2019-06-14,12:00:00,24,21,3,FMN GV 10 Beerse
39,Antwerpseweg 195,2019-06-14,13:00:00,52,44,8,FMN GV 10 Beerse
39,Antwerpseweg 195,2019-06-14,14:00:00,26,21,5,FMN GV 10 Beerse
39,Antwerpseweg 195,2019-06-14,15:00:00,19,11,8,FMN GV 10 Beerse
39,Antwerpseweg 195,2019-06-14,16:00:00,28,18,10,FMN GV 10 Beerse
39,Antwerpseweg 195,2019-06-14,17:00:00,32,22,10,FMN GV 10 Beerse
39,Antwerpseweg 195,2019-06-14,18:00:00,18,8,10,FMN GV 10 Beerse
39,Antwerpseweg 195,2019-06-14,19:00:00,11,7,4,FMN GV 10 Beerse
39,Antwerpseweg 195,2019-06-14,20:00:00,12,9,3,FMN GV 10 Beerse
39,Antwerpseweg 195,2019-06-14,21:00:00,4,3,1,FMN GV 10 Beerse
39,Antwerpseweg 195,2019-06-14,22:00:00,7,4,3,FMN GV 10 Beerse
39,Antwerpseweg 195,2019-06-14,23:00:00,1,1,0,FMN GV 10 Beerse
39,Antwerpseweg 195,2019-06-15,00:00:00,0,0,0,FMN GV 10 Beerse
39,Antwerpseweg 195,2019-06-15,01:00:00,2,2,0,FMN GV 10 Beerse
39,Antwerpseweg 195,2019-06-15,02:00:00,0,0,0,FMN GV 10 Beerse
39,Antwerpseweg 195,2019-06-15,03:00:00,0,0,0,FMN GV 10 Beerse
39,Antwerpseweg 195,2019-06-15,04:00:00,0,0,0,FMN GV 10 Beerse
39,Antwerpseweg 195,2019-06-15,05:00:00,1,1,0,FMN GV 10 Beerse
39,Antwerpseweg 195,2019-06-15,06:00:00,0,0,0,FMN GV 10 Beerse
39,Antwerpseweg 195,2019-06-15,07:00:00,1,1,0,FMN GV 10 Beerse
39,Antwerpseweg 195,2019-06-15,08:00:00,0,0,0,FMN GV 10 Beerse
39,Antwerpseweg 195,2019-06-15,09:00:00,8,3,5,FMN GV 10 Beerse
39,Antwerpseweg 195,2019-06-15,10:00:00,5,4,1,FMN GV 10 Beerse
39,Antwerpseweg 195,2019-06-15,11:00:00,6,4,2,FMN GV 10 Beerse
39,Antwerpseweg 195,2019-06-15,12:00:00,6,5,1,FMN GV 10 Beerse
39,Antwerpseweg 195,2019-06-15,13:00:00,3,3,0,FMN GV 10 Beerse
39,Antwerpseweg 195,2019-06-15,14:00:00,11,7,4,FMN GV 10 Beerse
39,Antwerpseweg 195,2019-06-15,15:00:00,10,7,3,FMN GV 10 Beerse
39,Antwerpseweg 195,2019-06-15,16:00:00,17,9,8,FMN GV 10 Beerse
39,Antwerpseweg 195,2019-06-15,17:00:00,5,4,1,FMN GV 10 Beerse
39,Antwerpseweg 195,2019-06-15,18:00:00,17,16,1,FMN GV 10 Beerse
39,Antwerpseweg 195,2019-06-15,19:00:00,3,2,1,FMN GV 10 Beerse
39,Antwerpseweg 195,2019-06-15,20:00:00,5,4,1,FMN GV 10 Beerse
39,Antwerpseweg 195,2019-06-15,21:00:00,6,6,0,FMN GV 10 Beerse
39,Antwerpseweg 195,2019-06-15,22:00:00,2,1,1,FMN GV 10 Beerse
39,Antwerpseweg 195,2019-06-15,23:00:00,4,4,0,FMN GV 10 Beerse
39,Antwerpseweg 195,2019-06-16,00:00:00,1,0,1,FMN GV 10 Beerse
39,Antwerpseweg 195,2019-06-16,01:00:00,3,0,3,FMN GV 10 Beerse
39,Antwerpseweg 195,2019-06-16,02:00:00,2,2,0,FMN GV 10 Beerse
39,Antwerpseweg 195,2019-06-16,03:00:00,0,0,0,FMN GV 10 Beerse
39,Antwerpseweg 195,2019-06-16,04:00:00,1,1,0,FMN GV 10 Beerse
39,Antwerpseweg 195,2019-06-16,05:00:00,1,1,0,FMN GV 10 Beerse
39,Antwerpseweg 195,2019-06-16,06:00:00,0,0,0,FMN GV 10 Beerse
39,Antwerpseweg 195,2019-06-16,07:00:00,3,3,0,FMN GV 10 Beerse
39,Antwerpseweg 195,2019-06-16,08:00:00,6,5,1,FMN GV 10 Beerse
39,Antwerpseweg 195,2019-06-16,09:00:00,15,15,0,FMN GV 10 Beerse
39,Antwerpseweg 195,2019-06-16,10:00:00,7,4,3,FMN GV 10 Beerse
39,Antwerpseweg 195,2019-06-16,11:00:00,28,21,7,FMN GV 10 Beerse
39,Antwerpseweg 195,2019-06-16,12:00:00,21,18,3,FMN GV 10 Beerse
39,Antwerpseweg 195,2019-06-16,13:00:00,20,10,10,FMN GV 10 Beerse
39,Antwerpseweg 195,2019-06-16,14:00:00,35,23,12,FMN GV 10 Beerse
39,Antwerpseweg 195,2019-06-16,15:00:00,24,13,11,FMN GV 10 Beerse
39,Antwerpseweg 195,2019-06-16,16:00:00,24,22,2,FMN GV 10 Beerse
39,Antwerpseweg 195,2019-06-16,17:00:00,10,8,2,FMN GV 10 Beerse
39,Antwerpseweg 195,2019-06-16,18:00:00,10,2,8,FMN GV 10 Beerse
39,Antwerpseweg 195,2019-06-16,19:00:00,8,4,4,FMN GV 10 Beerse
39,Antwerpseweg 195,2019-06-16,20:00:00,5,3,2,FMN GV 10 Beerse
39,Antwerpseweg 195,2019-06-16,21:00:00,2,2,0,FMN GV 10 Beerse
39,Antwerpseweg 195,2019-06-16,22:00:00,0,0,0,FMN GV 10 Beerse
39,Antwerpseweg 195,2019-06-16,23:00:00,0,0,0,FMN GV 10 Beerse
39,Antwerpseweg 195,2019-06-17,00:00:00,0,0,0,FMN GV 10 Beerse
39,Antwerpseweg 195,2019-06-17,01:00:00,0,0,0,FMN GV 10 Beerse
39,Antwerpseweg 195,2019-06-17,02:00:00,0,0,0,FMN GV 10 Beerse
39,Antwerpseweg 195,2019-06-17,03:00:00,0,0,0,FMN GV 10 Beerse
39,Antwerpseweg 195,2019-06-17,04:00:00,1,1,0,FMN GV 10 Beerse
39,Antwerpseweg 195,2019-06-17,05:00:00,13,12,1,FMN GV 10 Beerse
39,Antwerpseweg 195,2019-06-17,06:00:00,15,11,4,FMN GV 10 Beerse
39,Antwerpseweg 195,2019-06-17,07:00:00,58,49,9,FMN GV 10 Beerse
39,Antwerpseweg 195,2019-06-17,08:00:00,48,41,7,FMN GV 10 Beerse
39,Antwerpseweg 195,2019-06-17,09:00:00,16,15,1,FMN GV 10 Beerse
39,Antwerpseweg 195,2019-06-17,10:00:00,15,12,3,FMN GV 10 Beerse
39,Antwerpseweg 195,2019-06-17,11:00:00,15,13,2,FMN GV 10 Beerse
39,Antwerpseweg 195,2019-06-17,12:00:00,52,30,22,FMN GV 10 Beerse
39,Antwerpseweg 195,2019-06-17,13:00:00,59,46,13,FMN GV 10 Beerse
39,Antwerpseweg 195,2019-06-17,14:00:00,40,21,19,FMN GV 10 Beerse
39,Antwerpseweg 195,2019-06-17,15:00:00,32,20,12,FMN GV 10 Beerse
39,Antwerpseweg 195,2019-06-17,16:00:00,63,43,20,FMN GV 10 Beerse
39,Antwerpseweg 195,2019-06-17,17:00:00,75,57,18,FMN GV 10 Beerse
39,Antwerpseweg 195,2019-06-17,18:00:00,32,16,16,FMN GV 10 Beerse
39,Antwerpseweg 195,2019-06-17,19:00:00,27,25,2,FMN GV 10 Beerse
39,Antwerpseweg 195,2019-06-17,20:00:00,11,8,3,FMN GV 10 Beerse
39,Antwerpseweg 195,2019-06-17,21:00:00,2,1,1,FMN GV 10 Beerse
39,Antwerpseweg 195,2019-06-17,22:00:00,7,3,4,FMN GV 10 Beerse
39,Antwerpseweg 195,2019-06-17,23:00:00,2,1,1,FMN GV 10 Beerse
39,Antwerpseweg 195,2019-06-18,00:00:00,0,0,0,FMN GV 10 Beerse
39,Antwerpseweg 195,2019-06-18,01:00:00,0,0,0,FMN GV 10 Beerse
39,Antwerpseweg 195,2019-06-18,02:00:00,0,0,0,FMN GV 10 Beerse
39,Antwerpseweg 195,2019-06-18,03:00:00,0,0,0,FMN GV 10 Beerse
39,Antwerpseweg 195,2019-06-18,04:00:00,5,4,1,FMN GV 10 Beerse
39,Antwerpseweg 195,2019-06-18,05:00:00,12,12,0,FMN GV 10 Beerse
39,Antwerpseweg 195,2019-06-18,06:00:00,11,10,1,FMN GV 10 Beerse
39,Antwerpseweg 195,2019-06-18,07:00:00,67,60,7,FMN GV 10 Beerse
39,Antwerpseweg 195,2019-06-18,08:00:00,49,42,7,FMN GV 10 Beerse
39,Antwerpseweg 195,2019-06-18,09:00:00,19,13,6,FMN GV 10 Beerse
39,Antwerpseweg 195,2019-06-18,10:00:00,31,25,6,FMN GV 10 Beerse
39,Antwerpseweg 195,2019-06-18,11:00:00,23,18,5,FMN GV 10 Beerse
39,Antwerpseweg 195,2019-06-18,12:00:00,33,23,10,FMN GV 10 Beerse
39,Antwerpseweg 195,2019-06-18,13:00:00,48,25,23,FMN GV 10 Beerse
39,Antwerpseweg 195,2019-06-18,14:00:00,36,22,14,FMN GV 10 Beerse
39,Antwerpseweg 195,2019-06-18,15:00:00,36,29,7,FMN GV 10 Beerse
39,Antwerpseweg 195,2019-06-18,16:00:00,85,64,21,FMN GV 10 Beerse
39,Antwerpseweg 195,2019-06-18,17:00:00,59,35,24,FMN GV 10 Beerse
39,Antwerpseweg 195,2019-06-18,18:00:00,25,14,11,FMN GV 10 Beerse
39,Antwerpseweg 195,2019-06-18,19:00:00,43,39,4,FMN GV 10 Beerse
39,Antwerpseweg 195,2019-06-18,20:00:00,13,10,3,FMN GV 10 Beerse
39,Antwerpseweg 195,2019-06-18,21:00:00,11,6,5,FMN GV 10 Beerse
39,Antwerpseweg 195,2019-06-18,22:00:00,9,5,4,FMN GV 10 Beerse
39,Antwerpseweg 195,2019-06-18,23:00:00,2,2,0,FMN GV 10 Beerse
39,Antwerpseweg 195,2019-06-19,00:00:00,0,0,0,FMN GV 10 Beerse
39,Antwerpseweg 195,2019-06-19,01:00:00,0,0,0,FMN GV 10 Beerse
39,Antwerpseweg 195,2019-06-19,02:00:00,0,0,0,FMN GV 10 Beerse
39,Antwerpseweg 195,2019-06-19,03:00:00,1,1,0,FMN GV 10 Beerse
39,Antwerpseweg 195,2019-06-19,04:00:00,3,3,0,FMN GV 10 Beerse
39,Antwerpseweg 195,2019-06-19,05:00:00,10,9,1,FMN GV 10 Beerse
39,Antwerpseweg 195,2019-06-19,06:00:00,10,8,2,FMN GV 10 Beerse
39,Antwerpseweg 195,2019-06-19,07:00:00,43,40,3,FMN GV 10 Beerse
39,Antwerpseweg 195,2019-06-19,08:00:00,42,36,6,FMN GV 10 Beerse
39,Antwerpseweg 195,2019-06-19,09:00:00,8,7,1,FMN GV 10 Beerse
39,Antwerpseweg 195,2019-06-19,10:00:00,11,8,3,FMN GV 10 Beerse
39,Antwerpseweg 195,2019-06-19,11:00:00,16,11,5,FMN GV 10 Beerse
39,Antwerpseweg 195,2019-06-19,12:00:00,16,13,3,FMN GV 10 Beerse
39,Antwerpseweg 195,2019-06-19,13:00:00,18,16,2,FMN GV 10 Beerse
39,Antwerpseweg 195,2019-06-19,14:00:00,17,14,3,FMN GV 10 Beerse
39,Antwerpseweg 195,2019-06-19,15:00:00,23,15,8,FMN GV 10 Beerse
39,Antwerpseweg 195,2019-06-19,16:00:00,24,16,8,FMN GV 10 Beerse
39,Antwerpseweg 195,2019-06-19,17:00:00,16,12,4,FMN GV 10 Beerse
39,Antwerpseweg 195,2019-06-19,18:00:00,11,6,5,FMN GV 10 Beerse
39,Antwerpseweg 195,2019-06-19,19:00:00,3,2,1,FMN GV 10 Beerse
39,Antwerpseweg 195,2019-06-19,20:00:00,6,6,0,FMN GV 10 Beerse
39,Antwerpseweg 195,2019-06-19,21:00:00,4,3,1,FMN GV 10 Beerse
39,Antwerpseweg 195,2019-06-19,22:00:00,5,4,1,FMN GV 10 Beerse
39,Antwerpseweg 195,2019-06-19,23:00:00,2,2,0,FMN GV 10 Beerse
39,Antwerpseweg 195,2019-06-20,00:00:00,0,0,0,FMN GV 10 Beerse
39,Antwerpseweg 195,2019-06-20,01:00:00,0,0,0,FMN GV 10 Beerse
39,Antwerpseweg 195,2019-06-20,02:00:00,0,0,0,FMN GV 10 Beerse
39,Antwerpseweg 195,2019-06-20,03:00:00,0,0,0,FMN GV 10 Beerse
39,Antwerpseweg 195,2019-06-20,04:00:00,3,2,1,FMN GV 10 Beerse
39,Antwerpseweg 195,2019-06-20,05:00:00,8,8,0,FMN GV 10 Beerse
39,Antwerpseweg 195,2019-06-20,06:00:00,13,12,1,FMN GV 10 Beerse
39,Antwerpseweg 195,2019-06-20,07:00:00,39,37,2,FMN GV 10 Beerse
39,Antwerpseweg 195,2019-06-20,08:00:00,43,31,12,FMN GV 10 Beerse
39,Antwerpseweg 195,2019-06-20,09:00:00,17,9,8,FMN GV 10 Beerse
39,Antwerpseweg 195,2019-06-20,10:00:00,14,13,1,FMN GV 10 Beerse
39,Antwerpseweg 195,2019-06-20,11:00:00,17,10,7,FMN GV 10 Beerse
39,Antwerpseweg 195,2019-06-20,12:00:00,22,18,4,FMN GV 10 Beerse
39,Antwerpseweg 195,2019-06-20,13:00:00,20,15,5,FMN GV 10 Beerse
39,Antwerpseweg 195,2019-06-20,14:00:00,28,15,13,FMN GV 10 Beerse
39,Antwerpseweg 195,2019-06-20,15:00:00,43,24,19,FMN GV 10 Beerse
39,Antwerpseweg 195,2019-06-20,16:00:00,44,34,10,FMN GV 10 Beerse
39,Antwerpseweg 195,2019-06-20,17:00:00,24,18,6,FMN GV 10 Beerse
39,Antwerpseweg 195,2019-06-20,18:00:00,16,10,6,FMN GV 10 Beerse
39,Antwerpseweg 195,2019-06-20,19:00:00,30,14,16,FMN GV 10 Beerse
39,Antwerpseweg 195,2019-06-20,20:00:00,9,3,6,FMN GV 10 Beerse
39,Antwerpseweg 195,2019-06-20,21:00:00,8,6,2,FMN GV 10 Beerse
39,Antwerpseweg 195,2019-06-20,22:00:00,7,4,3,FMN GV 10 Beerse
39,Antwerpseweg 195,2019-06-20,23:00:00,0,0,0,FMN GV 10 Beerse
39,Antwerpseweg 195,2019-06-21,00:00:00,1,1,0,FMN GV 10 Beerse
39,Antwerpseweg 195,2019-06-21,01:00:00,0,0,0,FMN GV 10 Beerse
39,Antwerpseweg 195,2019-06-21,02:00:00,0,0,0,FMN GV 10 Beerse
39,Antwerpseweg 195,2019-06-21,03:00:00,0,0,0,FMN GV 10 Beerse
39,Antwerpseweg 195,2019-06-21,04:00:00,3,3,0,FMN GV 10 Beerse
39,Antwerpseweg 195,2019-06-21,05:00:00,12,12,0,FMN GV 10 Beerse
39,Antwerpseweg 195,2019-06-21,06:00:00,14,11,3,FMN GV 10 Beerse
39,Antwerpseweg 195,2019-06-21,07:00:00,50,45,5,FMN GV 10 Beerse
39,Antwerpseweg 195,2019-06-21,08:00:00,40,30,10,FMN GV 10 Beerse
39,Antwerpseweg 195,2019-06-21,09:00:00,13,10,3,FMN GV 10 Beerse
39,Antwerpseweg 195,2019-06-21,10:00:00,16,13,3,FMN GV 10 Beerse
39,Antwerpseweg 195,2019-06-21,11:00:00,23,17,6,FMN GV 10 Beerse
39,Antwerpseweg 195,2019-06-21,12:00:00,17,10,7,FMN GV 10 Beerse
39,Antwerpseweg 195,2019-06-21,13:00:00,34,21,13,FMN GV 10 Beerse
39,Antwerpseweg 195,2019-06-21,14:00:00,29,19,10,FMN GV 10 Beerse
39,Antwerpseweg 195,2019-06-21,15:00:00,40,27,13,FMN GV 10 Beerse
39,Antwerpseweg 195,2019-06-21,16:00:00,25,17,8,FMN GV 10 Beerse
39,Antwerpseweg 195,2019-06-21,17:00:00,27,17,10,FMN GV 10 Beerse
39,Antwerpseweg 195,2019-06-21,18:00:00,25,20,5,FMN GV 10 Beerse
39,Antwerpseweg 195,2019-06-21,19:00:00,10,7,3,FMN GV 10 Beerse
39,Antwerpseweg 195,2019-06-21,20:00:00,16,10,6,FMN GV 10 Beerse
39,Antwerpseweg 195,2019-06-21,21:00:00,12,6,6,FMN GV 10 Beerse
39,Antwerpseweg 195,2019-06-21,22:00:00,6,3,3,FMN GV 10 Beerse
39,Antwerpseweg 195,2019-06-21,23:00:00,0,0,0,FMN GV 10 Beerse
39,Antwerpseweg 195,2019-06-22,00:00:00,2,2,0,FMN GV 10 Beerse
39,Antwerpseweg 195,2019-06-22,01:00:00,0,0,0,FMN GV 10 Beerse
39,Antwerpseweg 195,2019-06-22,02:00:00,2,2,0,FMN GV 10 Beerse
39,Antwerpseweg 195,2019-06-22,03:00:00,3,3,0,FMN GV 10 Beerse
39,Antwerpseweg 195,2019-06-22,04:00:00,1,1,0,FMN GV 10 Beerse
39,Antwerpseweg 195,2019-06-22,05:00:00,2,2,0,FMN GV 10 Beerse
39,Antwerpseweg 195,2019-06-22,06:00:00,0,0,0,FMN GV 10 Beerse
39,Antwerpseweg 195,2019-06-22,07:00:00,1,1,0,FMN GV 10 Beerse
39,Antwerpseweg 195,2019-06-22,08:00:00,30,29,1,FMN GV 10 Beerse
39,Antwerpseweg 195,2019-06-22,09:00:00,16,13,3,FMN GV 10 Beerse
39,Antwerpseweg 195,2019-06-22,10:00:00,21,16,5,FMN GV 10 Beerse
39,Antwerpseweg 195,2019-06-22,11:00:00,19,12,7,FMN GV 10 Beerse
39,Antwerpseweg 195,2019-06-22,12:00:00,19,15,4,FMN GV 10 Beerse
39,Antwerpseweg 195,2019-06-22,13:00:00,38,17,21,FMN GV 10 Beerse
39,Antwerpseweg 195,2019-06-22,14:00:00,33,21,12,FMN GV 10 Beerse
39,Antwerpseweg 195,2019-06-22,15:00:00,36,21,15,FMN GV 10 Beerse
39,Antwerpseweg 195,2019-06-22,16:00:00,37,25,12,FMN GV 10 Beerse
39,Antwerpseweg 195,2019-06-22,17:00:00,33,25,8,FMN GV 10 Beerse
39,Antwerpseweg 195,2019-06-22,18:00:00,30,20,10,FMN GV 10 Beerse
39,Antwerpseweg 195,2019-06-22,19:00:00,20,16,4,FMN GV 10 Beerse
39,Antwerpseweg 195,2019-06-22,20:00:00,20,9,11,FMN GV 10 Beerse
39,Antwerpseweg 195,2019-06-22,21:00:00,12,11,1,FMN GV 10 Beerse
39,Antwerpseweg 195,2019-06-22,22:00:00,9,6,3,FMN GV 10 Beerse
39,Antwerpseweg 195,2019-06-22,23:00:00,6,6,0,FMN GV 10 Beerse
39,Antwerpseweg 195,2019-06-23,00:00:00,2,0,2,FMN GV 10 Beerse
39,Antwerpseweg 195,2019-06-23,01:00:00,1,1,0,FMN GV 10 Beerse
39,Antwerpseweg 195,2019-06-23,02:00:00,3,3,0,FMN GV 10 Beerse
39,Antwerpseweg 195,2019-06-23,03:00:00,1,1,0,FMN GV 10 Beerse
39,Antwerpseweg 195,2019-06-23,04:00:00,0,0,0,FMN GV 10 Beerse
39,Antwerpseweg 195,2019-06-23,05:00:00,1,1,0,FMN GV 10 Beerse
39,Antwerpseweg 195,2019-06-23,06:00:00,0,0,0,FMN GV 10 Beerse
39,Antwerpseweg 195,2019-06-23,07:00:00,7,6,1,FMN GV 10 Beerse
39,Antwerpseweg 195,2019-06-23,08:00:00,14,10,4,FMN GV 10 Beerse
39,Antwerpseweg 195,2019-06-23,09:00:00,22,19,3,FMN GV 10 Beerse
39,Antwerpseweg 195,2019-06-23,10:00:00,24,15,9,FMN GV 10 Beerse
39,Antwerpseweg 195,2019-06-23,11:00:00,31,20,11,FMN GV 10 Beerse
39,Antwerpseweg 195,2019-06-23,12:00:00,39,30,9,FMN GV 10 Beerse
39,Antwerpseweg 195,2019-06-23,13:00:00,44,25,19,FMN GV 10 Beerse
39,Antwerpseweg 195,2019-06-23,14:00:00,47,29,18,FMN GV 10 Beerse
39,Antwerpseweg 195,2019-06-23,15:00:00,44,23,21,FMN GV 10 Beerse
39,Antwerpseweg 195,2019-06-23,16:00:00,39,23,16,FMN GV 10 Beerse
39,Antwerpseweg 195,2019-06-23,17:00:00,15,14,1,FMN GV 10 Beerse
39,Antwerpseweg 195,2019-06-23,18:00:00,32,26,6,FMN GV 10 Beerse
39,Antwerpseweg 195,2019-06-23,19:00:00,22,13,9,FMN GV 10 Beerse
39,Antwerpseweg 195,2019-06-23,20:00:00,18,11,7,FMN GV 10 Beerse
39,Antwerpseweg 195,2019-06-23,21:00:00,18,10,8,FMN GV 10 Beerse
39,Antwerpseweg 195,2019-06-23,22:00:00,4,1,3,FMN GV 10 Beerse
39,Antwerpseweg 195,2019-06-23,23:00:00,3,3,0,FMN GV 10 Beerse
39,Antwerpseweg 195,2019-06-24,00:00:00,1,1,0,FMN GV 10 Beerse
39,Antwerpseweg 195,2019-06-24,01:00:00,2,2,0,FMN GV 10 Beerse
39,Antwerpseweg 195,2019-06-24,02:00:00,0,0,0,FMN GV 10 Beerse
39,Antwerpseweg 195,2019-06-24,03:00:00,1,1,0,FMN GV 10 Beerse
39,Antwerpseweg 195,2019-06-24,04:00:00,0,0,0,FMN GV 10 Beerse
39,Antwerpseweg 195,2019-06-24,05:00:00,12,11,1,FMN GV 10 Beerse
39,Antwerpseweg 195,2019-06-24,06:00:00,16,14,2,FMN GV 10 Beerse
39,Antwerpseweg 195,2019-06-24,07:00:00,62,53,9,FMN GV 10 Beerse
39,Antwerpseweg 195,2019-06-24,08:00:00,44,38,6,FMN GV 10 Beerse
39,Antwerpseweg 195,2019-06-24,09:00:00,123,111,12,FMN GV 10 Beerse
39,Antwerpseweg 195,2019-06-24,10:00:00,16,9,7,FMN GV 10 Beerse
39,Antwerpseweg 195,2019-06-24,11:00:00,19,17,2,FMN GV 10 Beerse
39,Antwerpseweg 195,2019-06-24,12:00:00,27,22,5,FMN GV 10 Beerse
39,Antwerpseweg 195,2019-06-24,13:00:00,53,43,10,FMN GV 10 Beerse
39,Antwerpseweg 195,2019-06-24,14:00:00,20,14,6,FMN GV 10 Beerse
39,Antwerpseweg 195,2019-06-24,15:00:00,29,20,9,FMN GV 10 Beerse
39,Antwerpseweg 195,2019-06-24,16:00:00,41,28,13,FMN GV 10 Beerse
39,Antwerpseweg 195,2019-06-24,17:00:00,60,40,20,FMN GV 10 Beerse
39,Antwerpseweg 195,2019-06-24,18:00:00,27,23,4,FMN GV 10 Beerse
39,Antwerpseweg 195,2019-06-24,19:00:00,33,21,12,FMN GV 10 Beerse
39,Antwerpseweg 195,2019-06-24,20:00:00,27,17,10,FMN GV 10 Beerse
39,Antwerpseweg 195,2019-06-24,21:00:00,12,5,7,FMN GV 10 Beerse
39,Antwerpseweg 195,2019-06-24,22:00:00,17,8,9,FMN GV 10 Beerse
39,Antwerpseweg 195,2019-06-24,23:00:00,3,3,0,FMN GV 10 Beerse
39,Antwerpseweg 195,2019-06-25,00:00:00,5,5,0,FMN GV 10 Beerse
39,Antwerpseweg 195,2019-06-25,01:00:00,2,0,2,FMN GV 10 Beerse
39,Antwerpseweg 195,2019-06-25,02:00:00,0,0,0,FMN GV 10 Beerse
39,Antwerpseweg 195,2019-06-25,03:00:00,0,0,0,FMN GV 10 Beerse
39,Antwerpseweg 195,2019-06-25,04:00:00,2,2,0,FMN GV 10 Beerse
39,Antwerpseweg 195,2019-06-25,05:00:00,11,10,1,FMN GV 10 Beerse
39,Antwerpseweg 195,2019-06-25,06:00:00,14,11,3,FMN GV 10 Beerse
39,Antwerpseweg 195,2019-06-25,07:00:00,54,51,3,FMN GV 10 Beerse
39,Antwerpseweg 195,2019-06-25,08:00:00,49,40,9,FMN GV 10 Beerse
39,Antwerpseweg 195,2019-06-25,09:00:00,20,18,2,FMN GV 10 Beerse
39,Antwerpseweg 195,2019-06-25,10:00:00,23,17,6,FMN GV 10 Beerse
39,Antwerpseweg 195,2019-06-25,11:00:00,46,18,28,FMN GV 10 Beerse
39,Antwerpseweg 195,2019-06-25,12:00:00,28,22,6,FMN GV 10 Beerse
39,Antwerpseweg 195,2019-06-25,13:00:00,35,23,12,FMN GV 10 Beerse
39,Antwerpseweg 195,2019-06-25,14:00:00,31,23,8,FMN GV 10 Beerse
39,Antwerpseweg 195,2019-06-25,15:00:00,38,30,8,FMN GV 10 Beerse
39,Antwerpseweg 195,2019-06-25,16:00:00,46,28,18,FMN GV 10 Beerse
39,Antwerpseweg 195,2019-06-25,17:00:00,50,35,15,FMN GV 10 Beerse
39,Antwerpseweg 195,2019-06-25,18:00:00,31,21,10,FMN GV 10 Beerse
39,Antwerpseweg 195,2019-06-25,19:00:00,21,16,5,FMN GV 10 Beerse
39,Antwerpseweg 195,2019-06-25,20:00:00,19,18,1,FMN GV 10 Beerse
39,Antwerpseweg 195,2019-06-25,21:00:00,20,11,9,FMN GV 10 Beerse
39,Antwerpseweg 195,2019-06-25,22:00:00,15,6,9,FMN GV 10 Beerse
39,Antwerpseweg 195,2019-06-25,23:00:00,3,3,0,FMN GV 10 Beerse
39,Antwerpseweg 195,2019-06-26,00:00:00,1,1,0,FMN GV 10 Beerse
39,Antwerpseweg 195,2019-06-26,01:00:00,1,1,0,FMN GV 10 Beerse
39,Antwerpseweg 195,2019-06-26,02:00:00,1,1,0,FMN GV 10 Beerse
39,Antwerpseweg 195,2019-06-26,03:00:00,1,1,0,FMN GV 10 Beerse
39,Antwerpseweg 195,2019-06-26,04:00:00,4,4,0,FMN GV 10 Beerse
39,Antwerpseweg 195,2019-06-26,05:00:00,13,12,1,FMN GV 10 Beerse
39,Antwerpseweg 195,2019-06-26,06:00:00,22,20,2,FMN GV 10 Beerse
39,Antwerpseweg 195,2019-06-26,07:00:00,45,40,5,FMN GV 10 Beerse
39,Antwerpseweg 195,2019-06-26,08:00:00,37,28,9,FMN GV 10 Beerse
39,Antwerpseweg 195,2019-06-26,09:00:00,25,21,4,FMN GV 10 Beerse
39,Antwerpseweg 195,2019-06-26,10:00:00,22,17,5,FMN GV 10 Beerse
39,Antwerpseweg 195,2019-06-26,11:00:00,39,26,13,FMN GV 10 Beerse
39,Antwerpseweg 195,2019-06-26,12:00:00,23,18,5,FMN GV 10 Beerse
39,Antwerpseweg 195,2019-06-26,13:00:00,46,28,18,FMN GV 10 Beerse
39,Antwerpseweg 195,2019-06-26,14:00:00,28,21,7,FMN GV 10 Beerse
39,Antwerpseweg 195,2019-06-26,15:00:00,46,34,12,FMN GV 10 Beerse
39,Antwerpseweg 195,2019-06-26,16:00:00,31,15,16,FMN GV 10 Beerse
39,Antwerpseweg 195,2019-06-26,17:00:00,51,36,15,FMN GV 10 Beerse
39,Antwerpseweg 195,2019-06-26,18:00:00,35,25,10,FMN GV 10 Beerse
39,Antwerpseweg 195,2019-06-26,19:00:00,34,14,20,FMN GV 10 Beerse
39,Antwerpseweg 195,2019-06-26,20:00:00,8,7,1,FMN GV 10 Beerse
39,Antwerpseweg 195,2019-06-26,21:00:00,10,5,5,FMN GV 10 Beerse
39,Antwerpseweg 195,2019-06-26,22:00:00,6,5,1,FMN GV 10 Beerse
39,Antwerpseweg 195,2019-06-26,23:00:00,1,1,0,FMN GV 10 Beerse
39,Antwerpseweg 195,2019-06-27,00:00:00,2,2,0,FMN GV 10 Beerse
39,Antwerpseweg 195,2019-06-27,01:00:00,1,1,0,FMN GV 10 Beerse
39,Antwerpseweg 195,2019-06-27,02:00:00,1,0,1,FMN GV 10 Beerse
39,Antwerpseweg 195,2019-06-27,03:00:00,1,1,0,FMN GV 10 Beerse
39,Antwerpseweg 195,2019-06-27,04:00:00,5,4,1,FMN GV 10 Beerse
39,Antwerpseweg 195,2019-06-27,05:00:00,13,12,1,FMN GV 10 Beerse
39,Antwerpseweg 195,2019-06-27,06:00:00,17,14,3,FMN GV 10 Beerse
39,Antwerpseweg 195,2019-06-27,07:00:00,46,42,4,FMN GV 10 Beerse
39,Antwerpseweg 195,2019-06-27,08:00:00,35,25,10,FMN GV 10 Beerse
39,Antwerpseweg 195,2019-06-27,09:00:00,22,15,7,FMN GV 10 Beerse
39,Antwerpseweg 195,2019-06-27,10:00:00,24,20,4,FMN GV 10 Beerse
39,Antwerpseweg 195,2019-06-27,11:00:00,20,16,4,FMN GV 10 Beerse
39,Antwerpseweg 195,2019-06-27,12:00:00,24,19,5,FMN GV 10 Beerse
39,Antwerpseweg 195,2019-06-27,13:00:00,38,28,10,FMN GV 10 Beerse
39,Antwerpseweg 195,2019-06-27,14:00:00,35,25,10,FMN GV 10 Beerse
39,Antwerpseweg 195,2019-06-27,15:00:00,28,20,8,FMN GV 10 Beerse
39,Antwerpseweg 195,2019-06-27,16:00:00,37,23,14,FMN GV 10 Beerse
39,Antwerpseweg 195,2019-06-27,17:00:00,52,39,13,FMN GV 10 Beerse
39,Antwerpseweg 195,2019-06-27,18:00:00,26,15,11,FMN GV 10 Beerse
39,Antwerpseweg 195,2019-06-27,19:00:00,19,15,4,FMN GV 10 Beerse
39,Antwerpseweg 195,2019-06-27,20:00:00,20,14,6,FMN GV 10 Beerse
39,Antwerpseweg 195,2019-06-27,21:00:00,17,15,2,FMN GV 10 Beerse
39,Antwerpseweg 195,2019-06-27,22:00:00,14,9,5,FMN GV 10 Beerse
39,Antwerpseweg 195,2019-06-27,23:00:00,8,5,3,FMN GV 10 Beerse
39,Antwerpseweg 195,2019-06-28,00:00:00,0,0,0,FMN GV 10 Beerse
39,Antwerpseweg 195,2019-06-28,01:00:00,1,1,0,FMN GV 10 Beerse
39,Antwerpseweg 195,2019-06-28,02:00:00,1,1,0,FMN GV 10 Beerse
39,Antwerpseweg 195,2019-06-28,03:00:00,0,0,0,FMN GV 10 Beerse
39,Antwerpseweg 195,2019-06-28,04:00:00,2,2,0,FMN GV 10 Beerse
39,Antwerpseweg 195,2019-06-28,05:00:00,17,16,1,FMN GV 10 Beerse
39,Antwerpseweg 195,2019-06-28,06:00:00,13,9,4,FMN GV 10 Beerse
39,Antwerpseweg 195,2019-06-28,07:00:00,40,37,3,FMN GV 10 Beerse
39,Antwerpseweg 195,2019-06-28,08:00:00,34,27,7,FMN GV 10 Beerse
39,Antwerpseweg 195,2019-06-28,09:00:00,20,17,3,FMN GV 10 Beerse
39,Antwerpseweg 195,2019-06-28,10:00:00,16,12,4,FMN GV 10 Beerse
39,Antwerpseweg 195,2019-06-28,11:00:00,30,21,9,FMN GV 10 Beerse
39,Antwerpseweg 195,2019-06-28,12:00:00,18,14,4,FMN GV 10 Beerse
39,Antwerpseweg 195,2019-06-28,13:00:00,25,18,7,FMN GV 10 Beerse
39,Antwerpseweg 195,2019-06-28,14:00:00,24,18,6,FMN GV 10 Beerse
39,Antwerpseweg 195,2019-06-28,15:00:00,41,28,13,FMN GV 10 Beerse
39,Antwerpseweg 195,2019-06-28,16:00:00,63,44,19,FMN GV 10 Beerse
39,Antwerpseweg 195,2019-06-28,17:00:00,32,23,9,FMN GV 10 Beerse
39,Antwerpseweg 195,2019-06-28,18:00:00,18,18,0,FMN GV 10 Beerse
39,Antwerpseweg 195,2019-06-28,19:00:00,25,14,11,FMN GV 10 Beerse
39,Antwerpseweg 195,2019-06-28,20:00:00,22,20,2,FMN GV 10 Beerse
39,Antwerpseweg 195,2019-06-28,21:00:00,22,20,2,FMN GV 10 Beerse
39,Antwerpseweg 195,2019-06-28,22:00:00,10,4,6,FMN GV 10 Beerse
39,Antwerpseweg 195,2019-06-28,23:00:00,10,7,3,FMN GV 10 Beerse
39,Antwerpseweg 195,2019-06-29,00:00:00,4,0,4,FMN GV 10 Beerse
39,Antwerpseweg 195,2019-06-29,01:00:00,7,1,6,FMN GV 10 Beerse
39,Antwerpseweg 195,2019-06-29,02:00:00,3,3,0,FMN GV 10 Beerse
39,Antwerpseweg 195,2019-06-29,03:00:00,3,2,1,FMN GV 10 Beerse
39,Antwerpseweg 195,2019-06-29,04:00:00,3,3,0,FMN GV 10 Beerse
39,Antwerpseweg 195,2019-06-29,05:00:00,2,2,0,FMN GV 10 Beerse
39,Antwerpseweg 195,2019-06-29,06:00:00,2,1,1,FMN GV 10 Beerse
39,Antwerpseweg 195,2019-06-29,07:00:00,1,0,1,FMN GV 10 Beerse
39,Antwerpseweg 195,2019-06-29,08:00:00,9,6,3,FMN GV 10 Beerse
39,Antwerpseweg 195,2019-06-29,09:00:00,15,7,8,FMN GV 10 Beerse
39,Antwerpseweg 195,2019-06-29,10:00:00,25,14,11,FMN GV 10 Beerse
39,Antwerpseweg 195,2019-06-29,11:00:00,22,18,4,FMN GV 10 Beerse
39,Antwerpseweg 195,2019-06-29,12:00:00,17,10,7,FMN GV 10 Beerse
39,Antwerpseweg 195,2019-06-29,13:00:00,31,19,12,FMN GV 10 Beerse
39,Antwerpseweg 195,2019-06-29,14:00:00,20,18,2,FMN GV 10 Beerse
39,Antwerpseweg 195,2019-06-29,15:00:00,8,6,2,FMN GV 10 Beerse
39,Antwerpseweg 195,2019-06-29,16:00:00,14,13,1,FMN GV 10 Beerse
39,Antwerpseweg 195,2019-06-29,17:00:00,19,7,12,FMN GV 10 Beerse
39,Antwerpseweg 195,2019-06-29,18:00:00,16,11,5,FMN GV 10 Beerse
39,Antwerpseweg 195,2019-06-29,19:00:00,8,5,3,FMN GV 10 Beerse
39,Antwerpseweg 195,2019-06-29,20:00:00,16,10,6,FMN GV 10 Beerse
39,Antwerpseweg 195,2019-06-29,21:00:00,24,23,1,FMN GV 10 Beerse
39,Antwerpseweg 195,2019-06-29,22:00:00,7,4,3,FMN GV 10 Beerse
39,Antwerpseweg 195,2019-06-29,23:00:00,14,14,0,FMN GV 10 Beerse
39,Antwerpseweg 195,2019-06-30,00:00:00,3,2,1,FMN GV 10 Beerse
39,Antwerpseweg 195,2019-06-30,01:00:00,8,0,8,FMN GV 10 Beerse
39,Antwerpseweg 195,2019-06-30,02:00:00,1,0,1,FMN GV 10 Beerse
39,Antwerpseweg 195,2019-06-30,03:00:00,14,1,13,FMN GV 10 Beerse
39,Antwerpseweg 195,2019-06-30,04:00:00,2,0,2,FMN GV 10 Beerse
39,Antwerpseweg 195,2019-06-30,05:00:00,1,1,0,FMN GV 10 Beerse
39,Antwerpseweg 195,2019-06-30,06:00:00,0,0,0,FMN GV 10 Beerse
39,Antwerpseweg 195,2019-06-30,07:00:00,7,6,1,FMN GV 10 Beerse
39,Antwerpseweg 195,2019-06-30,08:00:00,6,5,1,FMN GV 10 Beerse
39,Antwerpseweg 195,2019-06-30,09:00:00,23,10,13,FMN GV 10 Beerse
39,Antwerpseweg 195,2019-06-30,10:00:00,20,16,4,FMN GV 10 Beerse
39,Antwerpseweg 195,2019-06-30,11:00:00,14,7,7,FMN GV 10 Beerse
39,Antwerpseweg 195,2019-06-30,12:00:00,22,16,6,FMN GV 10 Beerse
39,Antwerpseweg 195,2019-06-30,13:00:00,45,31,14,FMN GV 10 Beerse
39,Antwerpseweg 195,2019-06-30,14:00:00,46,31,15,FMN GV 10 Beerse
39,Antwerpseweg 195,2019-06-30,15:00:00,39,27,12,FMN GV 10 Beerse
39,Antwerpseweg 195,2019-06-30,16:00:00,43,30,13,FMN GV 10 Beerse
39,Antwerpseweg 195,2019-06-30,17:00:00,26,15,11,FMN GV 10 Beerse
39,Antwerpseweg 195,2019-06-30,18:00:00,11,6,5,FMN GV 10 Beerse
39,Antwerpseweg 195,2019-06-30,19:00:00,22,18,4,FMN GV 10 Beerse
39,Antwerpseweg 195,2019-06-30,20:00:00,11,8,3,FMN GV 10 Beerse
39,Antwerpseweg 195,2019-06-30,21:00:00,11,7,4,FMN GV 10 Beerse
39,Antwerpseweg 195,2019-06-30,22:00:00,9,6,3,FMN GV 10 Beerse
39,Antwerpseweg 195,2019-06-30,23:00:00,2,2,0,FMN GV 10 Beerse
39,Antwerpseweg 195,2019-07-01,00:00:00,2,0,2,FMN GV 10 Beerse
39,Antwerpseweg 195,2019-07-01,01:00:00,8,0,8,FMN GV 10 Beerse
39,Antwerpseweg 195,2019-07-01,02:00:00,0,0,0,FMN GV 10 Beerse
39,Antwerpseweg 195,2019-07-01,03:00:00,2,2,0,FMN GV 10 Beerse
39,Antwerpseweg 195,2019-07-01,04:00:00,3,2,1,FMN GV 10 Beerse
39,Antwerpseweg 195,2019-07-01,05:00:00,13,12,1,FMN GV 10 Beerse
39,Antwerpseweg 195,2019-07-01,06:00:00,10,10,0,FMN GV 10 Beerse
39,Antwerpseweg 195,2019-07-01,07:00:00,41,38,3,FMN GV 10 Beerse
39,Antwerpseweg 195,2019-07-01,08:00:00,32,26,6,FMN GV 10 Beerse
39,Antwerpseweg 195,2019-07-01,09:00:00,19,12,7,FMN GV 10 Beerse
39,Antwerpseweg 195,2019-07-01,10:00:00,11,10,1,FMN GV 10 Beerse
39,Antwerpseweg 195,2019-07-01,11:00:00,20,14,6,FMN GV 10 Beerse
39,Antwerpseweg 195,2019-07-01,12:00:00,25,15,10,FMN GV 10 Beerse
39,Antwerpseweg 195,2019-07-01,13:00:00,30,27,3,FMN GV 10 Beerse
39,Antwerpseweg 195,2019-07-01,14:00:00,24,14,10,FMN GV 10 Beerse
39,Antwerpseweg 195,2019-07-01,15:00:00,29,17,12,FMN GV 10 Beerse
39,Antwerpseweg 195,2019-07-01,16:00:00,34,21,13,FMN GV 10 Beerse
39,Antwerpseweg 195,2019-07-01,17:00:00,42,29,13,FMN GV 10 Beerse
39,Antwerpseweg 195,2019-07-01,18:00:00,25,15,10,FMN GV 10 Beerse
39,Antwerpseweg 195,2019-07-01,19:00:00,25,20,5,FMN GV 10 Beerse
39,Antwerpseweg 195,2019-07-01,20:00:00,8,5,3,FMN GV 10 Beerse
39,Antwerpseweg 195,2019-07-01,21:00:00,7,6,1,FMN GV 10 Beerse
39,Antwerpseweg 195,2019-07-01,22:00:00,7,2,5,FMN GV 10 Beerse
39,Antwerpseweg 195,2019-07-01,23:00:00,4,2,2,FMN GV 10 Beerse
39,Antwerpseweg 195,2019-07-02,00:00:00,1,0,1,FMN GV 10 Beerse
39,Antwerpseweg 195,2019-07-02,01:00:00,1,1,0,FMN GV 10 Beerse
39,Antwerpseweg 195,2019-07-02,02:00:00,0,0,0,FMN GV 10 Beerse
39,Antwerpseweg 195,2019-07-02,03:00:00,0,0,0,FMN GV 10 Beerse
39,Antwerpseweg 195,2019-07-02,04:00:00,3,1,2,FMN GV 10 Beerse
39,Antwerpseweg 195,2019-07-02,05:00:00,15,14,1,FMN GV 10 Beerse
39,Antwerpseweg 195,2019-07-02,06:00:00,14,12,2,FMN GV 10 Beerse
39,Antwerpseweg 195,2019-07-02,07:00:00,39,37,2,FMN GV 10 Beerse
39,Antwerpseweg 195,2019-07-02,08:00:00,40,35,5,FMN GV 10 Beerse
39,Antwerpseweg 195,2019-07-02,09:00:00,18,7,11,FMN GV 10 Beerse
39,Antwerpseweg 195,2019-07-02,10:00:00,12,10,2,FMN GV 10 Beerse
39,Antwerpseweg 195,2019-07-02,11:00:00,17,15,2,FMN GV 10 Beerse
39,Antwerpseweg 195,2019-07-02,12:00:00,31,28,3,FMN GV 10 Beerse
39,Antwerpseweg 195,2019-07-02,13:00:00,47,27,20,FMN GV 10 Beerse
39,Antwerpseweg 195,2019-07-02,14:00:00,44,26,18,FMN GV 10 Beerse
39,Antwerpseweg 195,2019-07-02,15:00:00,70,48,22,FMN GV 10 Beerse
39,Antwerpseweg 195,2019-07-02,16:00:00,56,42,14,FMN GV 10 Beerse
39,Antwerpseweg 195,2019-07-02,17:00:00,48,32,16,FMN GV 10 Beerse
39,Antwerpseweg 195,2019-07-02,18:00:00,29,15,14,FMN GV 10 Beerse
39,Antwerpseweg 195,2019-07-02,19:00:00,28,24,4,FMN GV 10 Beerse
39,Antwerpseweg 195,2019-07-02,20:00:00,17,14,3,FMN GV 10 Beerse
39,Antwerpseweg 195,2019-07-02,21:00:00,13,9,4,FMN GV 10 Beerse
39,Antwerpseweg 195,2019-07-02,22:00:00,8,6,2,FMN GV 10 Beerse
39,Antwerpseweg 195,2019-07-02,23:00:00,1,1,0,FMN GV 10 Beerse
39,Antwerpseweg 195,2019-07-03,00:00:00,3,2,1,FMN GV 10 Beerse
39,Antwerpseweg 195,2019-07-03,01:00:00,0,0,0,FMN GV 10 Beerse
39,Antwerpseweg 195,2019-07-03,02:00:00,0,0,0,FMN GV 10 Beerse
39,Antwerpseweg 195,2019-07-03,03:00:00,1,1,0,FMN GV 10 Beerse
39,Antwerpseweg 195,2019-07-03,04:00:00,5,4,1,FMN GV 10 Beerse
39,Antwerpseweg 195,2019-07-03,05:00:00,13,12,1,FMN GV 10 Beerse
39,Antwerpseweg 195,2019-07-03,06:00:00,19,17,2,FMN GV 10 Beerse
39,Antwerpseweg 195,2019-07-03,07:00:00,32,30,2,FMN GV 10 Beerse
39,Antwerpseweg 195,2019-07-03,08:00:00,53,44,9,FMN GV 10 Beerse
39,Antwerpseweg 195,2019-07-03,09:00:00,21,16,5,FMN GV 10 Beerse
39,Antwerpseweg 195,2019-07-03,10:00:00,16,10,6,FMN GV 10 Beerse
39,Antwerpseweg 195,2019-07-03,11:00:00,26,18,8,FMN GV 10 Beerse
39,Antwerpseweg 195,2019-07-03,12:00:00,24,13,11,FMN GV 10 Beerse
39,Antwerpseweg 195,2019-07-03,13:00:00,58,40,18,FMN GV 10 Beerse
39,Antwerpseweg 195,2019-07-03,14:00:00,30,18,12,FMN GV 10 Beerse
39,Antwerpseweg 195,2019-07-03,15:00:00,55,46,9,FMN GV 10 Beerse
39,Antwerpseweg 195,2019-07-03,16:00:00,44,33,11,FMN GV 10 Beerse
39,Antwerpseweg 195,2019-07-03,17:00:00,58,42,16,FMN GV 10 Beerse
39,Antwerpseweg 195,2019-07-03,18:00:00,23,18,5,FMN GV 10 Beerse
39,Antwerpseweg 195,2019-07-03,19:00:00,14,12,2,FMN GV 10 Beerse
39,Antwerpseweg 195,2019-07-03,20:00:00,11,10,1,FMN GV 10 Beerse
39,Antwerpseweg 195,2019-07-03,21:00:00,2,1,1,FMN GV 10 Beerse
39,Antwerpseweg 195,2019-07-03,22:00:00,7,6,1,FMN GV 10 Beerse
39,Antwerpseweg 195,2019-07-03,23:00:00,0,0,0,FMN GV 10 Beerse
39,Antwerpseweg 195,2019-07-04,00:00:00,2,1,1,FMN GV 10 Beerse
39,Antwerpseweg 195,2019-07-04,01:00:00,0,0,0,FMN GV 10 Beerse
39,Antwerpseweg 195,2019-07-04,02:00:00,0,0,0,FMN GV 10 Beerse
39,Antwerpseweg 195,2019-07-04,03:00:00,0,0,0,FMN GV 10 Beerse
39,Antwerpseweg 195,2019-07-04,04:00:00,3,2,1,FMN GV 10 Beerse
39,Antwerpseweg 195,2019-07-04,05:00:00,12,12,0,FMN GV 10 Beerse
39,Antwerpseweg 195,2019-07-04,06:00:00,17,14,3,FMN GV 10 Beerse
39,Antwerpseweg 195,2019-07-04,07:00:00,37,34,3,FMN GV 10 Beerse
39,Antwerpseweg 195,2019-07-04,08:00:00,41,36,5,FMN GV 10 Beerse
39,Antwerpseweg 195,2019-07-04,09:00:00,8,4,4,FMN GV 10 Beerse
39,Antwerpseweg 195,2019-07-04,10:00:00,17,12,5,FMN GV 10 Beerse
39,Antwerpseweg 195,2019-07-04,11:00:00,18,13,5,FMN GV 10 Beerse
39,Antwerpseweg 195,2019-07-04,12:00:00,23,16,7,FMN GV 10 Beerse
39,Antwerpseweg 195,2019-07-04,13:00:00,29,23,6,FMN GV 10 Beerse
39,Antwerpseweg 195,2019-07-04,14:00:00,41,34,7,FMN GV 10 Beerse
39,Antwerpseweg 195,2019-07-04,15:00:00,37,18,19,FMN GV 10 Beerse
39,Antwerpseweg 195,2019-07-04,16:00:00,44,34,10,FMN GV 10 Beerse
39,Antwerpseweg 195,2019-07-04,17:00:00,40,28,12,FMN GV 10 Beerse
39,Antwerpseweg 195,2019-07-04,18:00:00,28,17,11,FMN GV 10 Beerse
39,Antwerpseweg 195,2019-07-04,19:00:00,24,14,10,FMN GV 10 Beerse
39,Antwerpseweg 195,2019-07-04,20:00:00,17,10,7,FMN GV 10 Beerse
39,Antwerpseweg 195,2019-07-04,21:00:00,14,9,5,FMN GV 10 Beerse
39,Antwerpseweg 195,2019-07-04,22:00:00,10,6,4,FMN GV 10 Beerse
39,Antwerpseweg 195,2019-07-04,23:00:00,0,0,0,FMN GV 10 Beerse
39,Antwerpseweg 195,2019-07-05,00:00:00,5,5,0,FMN GV 10 Beerse
39,Antwerpseweg 195,2019-07-05,01:00:00,1,0,1,FMN GV 10 Beerse
39,Antwerpseweg 195,2019-07-05,02:00:00,1,1,0,FMN GV 10 Beerse
39,Antwerpseweg 195,2019-07-05,03:00:00,1,1,0,FMN GV 10 Beerse
39,Antwerpseweg 195,2019-07-05,04:00:00,1,1,0,FMN GV 10 Beerse
39,Antwerpseweg 195,2019-07-05,05:00:00,13,13,0,FMN GV 10 Beerse
39,Antwerpseweg 195,2019-07-05,06:00:00,14,13,1,FMN GV 10 Beerse
39,Antwerpseweg 195,2019-07-05,07:00:00,44,40,4,FMN GV 10 Beerse
39,Antwerpseweg 195,2019-07-05,08:00:00,23,19,4,FMN GV 10 Beerse
39,Antwerpseweg 195,2019-07-05,09:00:00,13,10,3,FMN GV 10 Beerse
39,Antwerpseweg 195,2019-07-05,10:00:00,16,13,3,FMN GV 10 Beerse
39,Antwerpseweg 195,2019-07-05,11:00:00,19,16,3,FMN GV 10 Beerse
39,Antwerpseweg 195,2019-07-05,12:00:00,29,19,10,FMN GV 10 Beerse
39,Antwerpseweg 195,2019-07-05,13:00:00,33,27,6,FMN GV 10 Beerse
39,Antwerpseweg 195,2019-07-05,14:00:00,33,24,9,FMN GV 10 Beerse
39,Antwerpseweg 195,2019-07-05,15:00:00,26,16,10,FMN GV 10 Beerse
39,Antwerpseweg 195,2019-07-05,16:00:00,36,20,16,FMN GV 10 Beerse
39,Antwerpseweg 195,2019-07-05,17:00:00,34,26,8,FMN GV 10 Beerse
39,Antwerpseweg 195,2019-07-05,18:00:00,13,8,5,FMN GV 10 Beerse
39,Antwerpseweg 195,2019-07-05,19:00:00,21,13,8,FMN GV 10 Beerse
39,Antwerpseweg 195,2019-07-05,20:00:00,22,15,7,FMN GV 10 Beerse
39,Antwerpseweg 195,2019-07-05,21:00:00,3,2,1,FMN GV 10 Beerse
39,Antwerpseweg 195,2019-07-05,22:00:00,9,5,4,FMN GV 10 Beerse
39,Antwerpseweg 195,2019-07-05,23:00:00,4,3,1,FMN GV 10 Beerse
39,Antwerpseweg 195,2019-07-06,00:00:00,5,5,0,FMN GV 10 Beerse
39,Antwerpseweg 195,2019-07-06,01:00:00,4,2,2,FMN GV 10 Beerse
39,Antwerpseweg 195,2019-07-06,02:00:00,1,1,0,FMN GV 10 Beerse
39,Antwerpseweg 195,2019-07-06,03:00:00,1,1,0,FMN GV 10 Beerse
39,Antwerpseweg 195,2019-07-06,04:00:00,1,1,0,FMN GV 10 Beerse
39,Antwerpseweg 195,2019-07-06,05:00:00,1,1,0,FMN GV 10 Beerse
39,Antwerpseweg 195,2019-07-06,06:00:00,2,2,0,FMN GV 10 Beerse
39,Antwerpseweg 195,2019-07-06,07:00:00,4,4,0,FMN GV 10 Beerse
39,Antwerpseweg 195,2019-07-06,08:00:00,6,4,2,FMN GV 10 Beerse
39,Antwerpseweg 195,2019-07-06,09:00:00,18,14,4,FMN GV 10 Beerse
39,Antwerpseweg 195,2019-07-06,10:00:00,18,14,4,FMN GV 10 Beerse
39,Antwerpseweg 195,2019-07-06,11:00:00,22,14,8,FMN GV 10 Beerse
39,Antwerpseweg 195,2019-07-06,12:00:00,16,11,5,FMN GV 10 Beerse
39,Antwerpseweg 195,2019-07-06,13:00:00,36,24,12,FMN GV 10 Beerse
39,Antwerpseweg 195,2019-07-06,14:00:00,26,21,5,FMN GV 10 Beerse
39,Antwerpseweg 195,2019-07-06,15:00:00,23,16,7,FMN GV 10 Beerse
39,Antwerpseweg 195,2019-07-06,16:00:00,28,17,11,FMN GV 10 Beerse
39,Antwerpseweg 195,2019-07-06,17:00:00,12,10,2,FMN GV 10 Beerse
39,Antwerpseweg 195,2019-07-06,18:00:00,21,13,8,FMN GV 10 Beerse
39,Antwerpseweg 195,2019-07-06,19:00:00,10,6,4,FMN GV 10 Beerse
39,Antwerpseweg 195,2019-07-06,20:00:00,5,5,0,FMN GV 10 Beerse
39,Antwerpseweg 195,2019-07-06,21:00:00,3,1,2,FMN GV 10 Beerse
39,Antwerpseweg 195,2019-07-06,22:00:00,2,1,1,FMN GV 10 Beerse
39,Antwerpseweg 195,2019-07-06,23:00:00,3,2,1,FMN GV 10 Beerse
39,Antwerpseweg 195,2019-07-07,00:00:00,1,0,1,FMN GV 10 Beerse
39,Antwerpseweg 195,2019-07-07,01:00:00,1,1,0,FMN GV 10 Beerse
39,Antwerpseweg 195,2019-07-07,02:00:00,2,2,0,FMN GV 10 Beerse
39,Antwerpseweg 195,2019-07-07,03:00:00,1,1,0,FMN GV 10 Beerse
39,Antwerpseweg 195,2019-07-07,04:00:00,1,1,0,FMN GV 10 Beerse
39,Antwerpseweg 195,2019-07-07,05:00:00,1,1,0,FMN GV 10 Beerse
39,Antwerpseweg 195,2019-07-07,06:00:00,0,0,0,FMN GV 10 Beerse
39,Antwerpseweg 195,2019-07-07,07:00:00,6,6,0,FMN GV 10 Beerse
39,Antwerpseweg 195,2019-07-07,08:00:00,11,9,2,FMN GV 10 Beerse
39,Antwerpseweg 195,2019-07-07,09:00:00,23,19,4,FMN GV 10 Beerse
39,Antwerpseweg 195,2019-07-07,10:00:00,29,25,4,FMN GV 10 Beerse
39,Antwerpseweg 195,2019-07-07,11:00:00,15,12,3,FMN GV 10 Beerse
39,Antwerpseweg 195,2019-07-07,12:00:00,28,18,10,FMN GV 10 Beerse
39,Antwerpseweg 195,2019-07-07,13:00:00,33,24,9,FMN GV 10 Beerse
39,Antwerpseweg 195,2019-07-07,14:00:00,43,33,10,FMN GV 10 Beerse
39,Antwerpseweg 195,2019-07-07,15:00:00,40,16,24,FMN GV 10 Beerse
39,Antwerpseweg 195,2019-07-07,16:00:00,25,21,4,FMN GV 10 Beerse
39,Antwerpseweg 195,2019-07-07,17:00:00,22,12,10,FMN GV 10 Beerse
39,Antwerpseweg 195,2019-07-07,18:00:00,9,5,4,FMN GV 10 Beerse
39,Antwerpseweg 195,2019-07-07,19:00:00,8,8,0,FMN GV 10 Beerse
39,Antwerpseweg 195,2019-07-07,20:00:00,10,5,5,FMN GV 10 Beerse
39,Antwerpseweg 195,2019-07-07,21:00:00,8,6,2,FMN GV 10 Beerse
39,Antwerpseweg 195,2019-07-07,22:00:00,2,1,1,FMN GV 10 Beerse
39,Antwerpseweg 195,2019-07-07,23:00:00,0,0,0,FMN GV 10 Beerse
39,Antwerpseweg 195,2019-07-08,00:00:00,1,0,1,FMN GV 10 Beerse
39,Antwerpseweg 195,2019-07-08,01:00:00,0,0,0,FMN GV 10 Beerse
39,Antwerpseweg 195,2019-07-08,02:00:00,0,0,0,FMN GV 10 Beerse
39,Antwerpseweg 195,2019-07-08,03:00:00,0,0,0,FMN GV 10 Beerse
39,Antwerpseweg 195,2019-07-08,04:00:00,3,2,1,FMN GV 10 Beerse
39,Antwerpseweg 195,2019-07-08,05:00:00,10,10,0,FMN GV 10 Beerse
39,Antwerpseweg 195,2019-07-08,06:00:00,9,9,0,FMN GV 10 Beerse
39,Antwerpseweg 195,2019-07-08,07:00:00,34,32,2,FMN GV 10 Beerse
39,Antwerpseweg 195,2019-07-08,08:00:00,22,20,2,FMN GV 10 Beerse
39,Antwerpseweg 195,2019-07-08,09:00:00,13,12,1,FMN GV 10 Beerse
39,Antwerpseweg 195,2019-07-08,10:00:00,8,7,1,FMN GV 10 Beerse
39,Antwerpseweg 195,2019-07-08,11:00:00,16,12,4,FMN GV 10 Beerse
39,Antwerpseweg 195,2019-07-08,12:00:00,11,5,6,FMN GV 10 Beerse
39,Antwerpseweg 195,2019-07-08,13:00:00,27,25,2,FMN GV 10 Beerse
39,Antwerpseweg 195,2019-07-08,14:00:00,21,14,7,FMN GV 10 Beerse
39,Antwerpseweg 195,2019-07-08,15:00:00,31,22,9,FMN GV 10 Beerse
39,Antwerpseweg 195,2019-07-08,16:00:00,36,24,12,FMN GV 10 Beerse
39,Antwerpseweg 195,2019-07-08,17:00:00,41,30,11,FMN GV 10 Beerse
39,Antwerpseweg 195,2019-07-08,18:00:00,12,7,5,FMN GV 10 Beerse
39,Antwerpseweg 195,2019-07-08,19:00:00,18,14,4,FMN GV 10 Beerse
39,Antwerpseweg 195,2019-07-08,20:00:00,5,4,1,FMN GV 10 Beerse
39,Antwerpseweg 195,2019-07-08,21:00:00,5,4,1,FMN GV 10 Beerse
39,Antwerpseweg 195,2019-07-08,22:00:00,14,10,4,FMN GV 10 Beerse
39,Antwerpseweg 195,2019-07-08,23:00:00,1,1,0,FMN GV 10 Beerse
39,Antwerpseweg 195,2019-07-09,00:00:00,0,0,0,FMN GV 10 Beerse
39,Antwerpseweg 195,2019-07-09,01:00:00,0,0,0,FMN GV 10 Beerse
39,Antwerpseweg 195,2019-07-09,02:00:00,0,0,0,FMN GV 10 Beerse
39,Antwerpseweg 195,2019-07-09,03:00:00,0,0,0,FMN GV 10 Beerse
39,Antwerpseweg 195,2019-07-09,04:00:00,3,2,1,FMN GV 10 Beerse
39,Antwerpseweg 195,2019-07-09,05:00:00,9,8,1,FMN GV 10 Beerse
39,Antwerpseweg 195,2019-07-09,06:00:00,13,12,1,FMN GV 10 Beerse
39,Antwerpseweg 195,2019-07-09,07:00:00,28,27,1,FMN GV 10 Beerse
39,Antwerpseweg 195,2019-07-09,08:00:00,27,22,5,FMN GV 10 Beerse
39,Antwerpseweg 195,2019-07-09,09:00:00,10,6,4,FMN GV 10 Beerse
39,Antwerpseweg 195,2019-07-09,10:00:00,13,7,6,FMN GV 10 Beerse
39,Antwerpseweg 195,2019-07-09,11:00:00,30,27,3,FMN GV 10 Beerse
39,Antwerpseweg 195,2019-07-09,12:00:00,26,22,4,FMN GV 10 Beerse
39,Antwerpseweg 195,2019-07-09,13:00:00,47,27,20,FMN GV 10 Beerse
39,Antwerpseweg 195,2019-07-09,14:00:00,42,36,6,FMN GV 10 Beerse
39,Antwerpseweg 195,2019-07-09,15:00:00,33,18,15,FMN GV 10 Beerse
39,Antwerpseweg 195,2019-07-09,16:00:00,57,38,19,FMN GV 10 Beerse
39,Antwerpseweg 195,2019-07-09,17:00:00,44,30,14,FMN GV 10 Beerse
39,Antwerpseweg 195,2019-07-09,18:00:00,22,14,8,FMN GV 10 Beerse
39,Antwerpseweg 195,2019-07-09,19:00:00,23,17,6,FMN GV 10 Beerse
39,Antwerpseweg 195,2019-07-09,20:00:00,10,5,5,FMN GV 10 Beerse
39,Antwerpseweg 195,2019-07-09,21:00:00,12,10,2,FMN GV 10 Beerse
39,Antwerpseweg 195,2019-07-09,22:00:00,5,3,2,FMN GV 10 Beerse
39,Antwerpseweg 195,2019-07-09,23:00:00,8,8,0,FMN GV 10 Beerse
39,Antwerpseweg 195,2019-07-10,00:00:00,1,1,0,FMN GV 10 Beerse
39,Antwerpseweg 195,2019-07-10,01:00:00,1,1,0,FMN GV 10 Beerse
39,Antwerpseweg 195,2019-07-10,02:00:00,0,0,0,FMN GV 10 Beerse
39,Antwerpseweg 195,2019-07-10,03:00:00,1,1,0,FMN GV 10 Beerse
39,Antwerpseweg 195,2019-07-10,04:00:00,1,1,0,FMN GV 10 Beerse
39,Antwerpseweg 195,2019-07-10,05:00:00,10,9,1,FMN GV 10 Beerse
39,Antwerpseweg 195,2019-07-10,06:00:00,10,7,3,FMN GV 10 Beerse
39,Antwerpseweg 195,2019-07-10,07:00:00,34,32,2,FMN GV 10 Beerse
39,Antwerpseweg 195,2019-07-10,08:00:00,29,22,7,FMN GV 10 Beerse
39,Antwerpseweg 195,2019-07-10,09:00:00,24,20,4,FMN GV 10 Beerse
39,Antwerpseweg 195,2019-07-10,10:00:00,25,15,10,FMN GV 10 Beerse
39,Antwerpseweg 195,2019-07-10,11:00:00,9,5,4,FMN GV 10 Beerse
39,Antwerpseweg 195,2019-07-10,12:00:00,25,12,13,FMN GV 10 Beerse
39,Antwerpseweg 195,2019-07-10,13:00:00,24,16,8,FMN GV 10 Beerse
39,Antwerpseweg 195,2019-07-10,14:00:00,28,17,11,FMN GV 10 Beerse
39,Antwerpseweg 195,2019-07-10,15:00:00,30,20,10,FMN GV 10 Beerse
39,Antwerpseweg 195,2019-07-10,16:00:00,36,25,11,FMN GV 10 Beerse
39,Antwerpseweg 195,2019-07-10,17:00:00,28,20,8,FMN GV 10 Beerse
39,Antwerpseweg 195,2019-07-10,18:00:00,25,18,7,FMN GV 10 Beerse
39,Antwerpseweg 195,2019-07-10,19:00:00,10,10,0,FMN GV 10 Beerse
39,Antwerpseweg 195,2019-07-10,20:00:00,7,5,2,FMN GV 10 Beerse
39,Antwerpseweg 195,2019-07-10,21:00:00,18,15,3,FMN GV 10 Beerse
39,Antwerpseweg 195,2019-07-10,22:00:00,8,2,6,FMN GV 10 Beerse
39,Antwerpseweg 195,2019-07-10,23:00:00,0,0,0,FMN GV 10 Beerse
39,Antwerpseweg 195,2019-07-11,00:00:00,0,0,0,FMN GV 10 Beerse
39,Antwerpseweg 195,2019-07-11,01:00:00,0,0,0,FMN GV 10 Beerse
39,Antwerpseweg 195,2019-07-11,02:00:00,0,0,0,FMN GV 10 Beerse
39,Antwerpseweg 195,2019-07-11,03:00:00,0,0,0,FMN GV 10 Beerse
39,Antwerpseweg 195,2019-07-11,04:00:00,2,1,1,FMN GV 10 Beerse
39,Antwerpseweg 195,2019-07-11,05:00:00,9,9,0,FMN GV 10 Beerse
39,Antwerpseweg 195,2019-07-11,06:00:00,10,8,2,FMN GV 10 Beerse
39,Antwerpseweg 195,2019-07-11,07:00:00,26,25,1,FMN GV 10 Beerse
39,Antwerpseweg 195,2019-07-11,08:00:00,24,18,6,FMN GV 10 Beerse
39,Antwerpseweg 195,2019-07-11,09:00:00,16,10,6,FMN GV 10 Beerse
39,Antwerpseweg 195,2019-07-11,10:00:00,8,3,5,FMN GV 10 Beerse
39,Antwerpseweg 195,2019-07-11,11:00:00,24,17,7,FMN GV 10 Beerse
39,Antwerpseweg 195,2019-07-11,12:00:00,23,16,7,FMN GV 10 Beerse
39,Antwerpseweg 195,2019-07-11,13:00:00,25,19,6,FMN GV 10 Beerse
39,Antwerpseweg 195,2019-07-11,14:00:00,23,17,6,FMN GV 10 Beerse
39,Antwerpseweg 195,2019-07-11,15:00:00,34,22,12,FMN GV 10 Beerse
39,Antwerpseweg 195,2019-07-11,16:00:00,46,28,18,FMN GV 10 Beerse
39,Antwerpseweg 195,2019-07-11,17:00:00,36,27,9,FMN GV 10 Beerse
39,Antwerpseweg 195,2019-07-11,18:00:00,25,16,9,FMN GV 10 Beerse
39,Antwerpseweg 195,2019-07-11,19:00:00,10,8,2,FMN GV 10 Beerse
39,Antwerpseweg 195,2019-07-11,20:00:00,11,5,6,FMN GV 10 Beerse
39,Antwerpseweg 195,2019-07-11,21:00:00,9,7,2,FMN GV 10 Beerse
39,Antwerpseweg 195,2019-07-11,22:00:00,8,5,3,FMN GV 10 Beerse
39,Antwerpseweg 195,2019-07-11,23:00:00,1,1,0,FMN GV 10 Beerse
39,Antwerpseweg 195,2019-07-12,00:00:00,1,1,0,FMN GV 10 Beerse
39,Antwerpseweg 195,2019-07-12,01:00:00,0,0,0,FMN GV 10 Beerse
39,Antwerpseweg 195,2019-07-12,02:00:00,0,0,0,FMN GV 10 Beerse
39,Antwerpseweg 195,2019-07-12,03:00:00,0,0,0,FMN GV 10 Beerse
39,Antwerpseweg 195,2019-07-12,04:00:00,1,1,0,FMN GV 10 Beerse
39,Antwerpseweg 195,2019-07-12,05:00:00,4,4,0,FMN GV 10 Beerse
39,Antwerpseweg 195,2019-07-12,06:00:00,11,9,2,FMN GV 10 Beerse
39,Antwerpseweg 195,2019-07-12,07:00:00,17,15,2,FMN GV 10 Beerse
39,Antwerpseweg 195,2019-07-12,08:00:00,16,14,2,FMN GV 10 Beerse
39,Antwerpseweg 195,2019-07-12,09:00:00,23,15,8,FMN GV 10 Beerse
39,Antwerpseweg 195,2019-07-12,10:00:00,19,16,3,FMN GV 10 Beerse
39,Antwerpseweg 195,2019-07-12,11:00:00,11,9,2,FMN GV 10 Beerse
39,Antwerpseweg 195,2019-07-12,12:00:00,7,5,2,FMN GV 10 Beerse
39,Antwerpseweg 195,2019-07-12,13:00:00,12,9,3,FMN GV 10 Beerse
39,Antwerpseweg 195,2019-07-12,14:00:00,13,9,4,FMN GV 10 Beerse
39,Antwerpseweg 195,2019-07-12,15:00:00,15,7,8,FMN GV 10 Beerse
39,Antwerpseweg 195,2019-07-12,16:00:00,20,12,8,FMN GV 10 Beerse
39,Antwerpseweg 195,2019-07-12,17:00:00,14,13,1,FMN GV 10 Beerse
39,Antwerpseweg 195,2019-07-12,18:00:00,16,10,6,FMN GV 10 Beerse
39,Antwerpseweg 195,2019-07-12,19:00:00,5,4,1,FMN GV 10 Beerse
39,Antwerpseweg 195,2019-07-12,20:00:00,12,6,6,FMN GV 10 Beerse
39,Antwerpseweg 195,2019-07-12,21:00:00,8,2,6,FMN GV 10 Beerse
39,Antwerpseweg 195,2019-07-12,22:00:00,7,1,6,FMN GV 10 Beerse
39,Antwerpseweg 195,2019-07-12,23:00:00,7,4,3,FMN GV 10 Beerse
39,Antwerpseweg 195,2019-07-13,00:00:00,2,1,1,FMN GV 10 Beerse
39,Antwerpseweg 195,2019-07-13,01:00:00,3,3,0,FMN GV 10 Beerse
39,Antwerpseweg 195,2019-07-13,02:00:00,2,2,0,FMN GV 10 Beerse
39,Antwerpseweg 195,2019-07-13,03:00:00,7,7,0,FMN GV 10 Beerse
39,Antwerpseweg 195,2019-07-13,04:00:00,3,3,0,FMN GV 10 Beerse
39,Antwerpseweg 195,2019-07-13,05:00:00,2,2,0,FMN GV 10 Beerse
39,Antwerpseweg 195,2019-07-13,06:00:00,3,3,0,FMN GV 10 Beerse
39,Antwerpseweg 195,2019-07-13,07:00:00,3,3,0,FMN GV 10 Beerse
39,Antwerpseweg 195,2019-07-13,08:00:00,8,3,5,FMN GV 10 Beerse
39,Antwerpseweg 195,2019-07-13,09:00:00,4,3,1,FMN GV 10 Beerse
39,Antwerpseweg 195,2019-07-13,10:00:00,8,4,4,FMN GV 10 Beerse
39,Antwerpseweg 195,2019-07-13,11:00:00,5,4,1,FMN GV 10 Beerse
39,Antwerpseweg 195,2019-07-13,12:00:00,4,2,2,FMN GV 10 Beerse
39,Antwerpseweg 195,2019-07-13,13:00:00,17,17,0,FMN GV 10 Beerse
39,Antwerpseweg 195,2019-07-13,14:00:00,8,7,1,FMN GV 10 Beerse
39,Antwerpseweg 195,2019-07-13,15:00:00,16,12,4,FMN GV 10 Beerse
39,Antwerpseweg 195,2019-07-13,16:00:00,26,9,17,FMN GV 10 Beerse
39,Antwerpseweg 195,2019-07-13,17:00:00,8,6,2,FMN GV 10 Beerse
39,Antwerpseweg 195,2019-07-13,18:00:00,7,6,1,FMN GV 10 Beerse
39,Antwerpseweg 195,2019-07-13,19:00:00,10,5,5,FMN GV 10 Beerse
39,Antwerpseweg 195,2019-07-13,20:00:00,8,5,3,FMN GV 10 Beerse
39,Antwerpseweg 195,2019-07-13,21:00:00,3,1,2,FMN GV 10 Beerse
39,Antwerpseweg 195,2019-07-13,22:00:00,1,1,0,FMN GV 10 Beerse
39,Antwerpseweg 195,2019-07-13,23:00:00,0,0,0,FMN GV 10 Beerse
39,Antwerpseweg 195,2019-07-14,00:00:00,5,2,3,FMN GV 10 Beerse
39,Antwerpseweg 195,2019-07-14,01:00:00,2,2,0,FMN GV 10 Beerse
39,Antwerpseweg 195,2019-07-14,02:00:00,1,1,0,FMN GV 10 Beerse
39,Antwerpseweg 195,2019-07-14,03:00:00,2,2,0,FMN GV 10 Beerse
39,Antwerpseweg 195,2019-07-14,04:00:00,3,3,0,FMN GV 10 Beerse
39,Antwerpseweg 195,2019-07-14,05:00:00,2,2,0,FMN GV 10 Beerse
39,Antwerpseweg 195,2019-07-14,06:00:00,3,3,0,FMN GV 10 Beerse
39,Antwerpseweg 195,2019-07-14,07:00:00,2,1,1,FMN GV 10 Beerse
39,Antwerpseweg 195,2019-07-14,08:00:00,8,4,4,FMN GV 10 Beerse
39,Antwerpseweg 195,2019-07-14,09:00:00,30,21,9,FMN GV 10 Beerse
39,Antwerpseweg 195,2019-07-14,10:00:00,37,20,17,FMN GV 10 Beerse
39,Antwerpseweg 195,2019-07-14,11:00:00,20,12,8,FMN GV 10 Beerse
39,Antwerpseweg 195,2019-07-14,12:00:00,20,14,6,FMN GV 10 Beerse
39,Antwerpseweg 195,2019-07-14,13:00:00,33,26,7,FMN GV 10 Beerse
39,Antwerpseweg 195,2019-07-14,14:00:00,22,14,8,FMN GV 10 Beerse
39,Antwerpseweg 195,2019-07-14,15:00:00,34,23,11,FMN GV 10 Beerse
39,Antwerpseweg 195,2019-07-14,16:00:00,21,13,8,FMN GV 10 Beerse
39,Antwerpseweg 195,2019-07-14,17:00:00,8,5,3,FMN GV 10 Beerse
39,Antwerpseweg 195,2019-07-14,18:00:00,7,7,0,FMN GV 10 Beerse
39,Antwerpseweg 195,2019-07-14,19:00:00,13,8,5,FMN GV 10 Beerse
39,Antwerpseweg 195,2019-07-14,20:00:00,7,6,1,FMN GV 10 Beerse
39,Antwerpseweg 195,2019-07-14,21:00:00,2,2,0,FMN GV 10 Beerse
39,Antwerpseweg 195,2019-07-14,22:00:00,2,2,0,FMN GV 10 Beerse
39,Antwerpseweg 195,2019-07-14,23:00:00,1,0,1,FMN GV 10 Beerse
39,Antwerpseweg 195,2019-07-15,00:00:00,2,1,1,FMN GV 10 Beerse
39,Antwerpseweg 195,2019-07-15,01:00:00,0,0,0,FMN GV 10 Beerse
39,Antwerpseweg 195,2019-07-15,02:00:00,0,0,0,FMN GV 10 Beerse
39,Antwerpseweg 195,2019-07-15,03:00:00,0,0,0,FMN GV 10 Beerse
39,Antwerpseweg 195,2019-07-15,04:00:00,0,0,0,FMN GV 10 Beerse
39,Antwerpseweg 195,2019-07-15,05:00:00,7,7,0,FMN GV 10 Beerse
39,Antwerpseweg 195,2019-07-15,06:00:00,8,7,1,FMN GV 10 Beerse
39,Antwerpseweg 195,2019-07-15,07:00:00,25,24,1,FMN GV 10 Beerse
39,Antwerpseweg 195,2019-07-15,08:00:00,19,13,6,FMN GV 10 Beerse
39,Antwerpseweg 195,2019-07-15,09:00:00,7,7,0,FMN GV 10 Beerse
39,Antwerpseweg 195,2019-07-15,10:00:00,16,8,8,FMN GV 10 Beerse
39,Antwerpseweg 195,2019-07-15,11:00:00,8,5,3,FMN GV 10 Beerse
39,Antwerpseweg 195,2019-07-15,12:00:00,14,8,6,FMN GV 10 Beerse
39,Antwerpseweg 195,2019-07-15,13:00:00,16,11,5,FMN GV 10 Beerse
39,Antwerpseweg 195,2019-07-15,14:00:00,36,26,10,FMN GV 10 Beerse
39,Antwerpseweg 195,2019-07-15,15:00:00,35,28,7,FMN GV 10 Beerse
39,Antwerpseweg 195,2019-07-15,16:00:00,24,15,9,FMN GV 10 Beerse
39,Antwerpseweg 195,2019-07-15,17:00:00,30,24,6,FMN GV 10 Beerse
39,Antwerpseweg 195,2019-07-15,18:00:00,12,10,2,FMN GV 10 Beerse
39,Antwerpseweg 195,2019-07-15,19:00:00,9,7,2,FMN GV 10 Beerse
39,Antwerpseweg 195,2019-07-15,20:00:00,14,14,0,FMN GV 10 Beerse
39,Antwerpseweg 195,2019-07-15,21:00:00,5,5,0,FMN GV 10 Beerse
39,Antwerpseweg 195,2019-07-15,22:00:00,3,0,3,FMN GV 10 Beerse
39,Antwerpseweg 195,2019-07-15,23:00:00,1,1,0,FMN GV 10 Beerse
39,Antwerpseweg 195,2019-07-16,00:00:00,0,0,0,FMN GV 10 Beerse
39,Antwerpseweg 195,2019-07-16,01:00:00,0,0,0,FMN GV 10 Beerse
39,Antwerpseweg 195,2019-07-16,02:00:00,0,0,0,FMN GV 10 Beerse
39,Antwerpseweg 195,2019-07-16,03:00:00,0,0,0,FMN GV 10 Beerse
39,Antwerpseweg 195,2019-07-16,04:00:00,2,2,0,FMN GV 10 Beerse
39,Antwerpseweg 195,2019-07-16,05:00:00,9,8,1,FMN GV 10 Beerse
39,Antwerpseweg 195,2019-07-16,06:00:00,10,8,2,FMN GV 10 Beerse
39,Antwerpseweg 195,2019-07-16,07:00:00,35,30,5,FMN GV 10 Beerse
39,Antwerpseweg 195,2019-07-16,08:00:00,23,15,8,FMN GV 10 Beerse
39,Antwerpseweg 195,2019-07-16,09:00:00,13,10,3,FMN GV 10 Beerse
39,Antwerpseweg 195,2019-07-16,10:00:00,9,8,1,FMN GV 10 Beerse
39,Antwerpseweg 195,2019-07-16,11:00:00,13,10,3,FMN GV 10 Beerse
39,Antwerpseweg 195,2019-07-16,12:00:00,13,6,7,FMN GV 10 Beerse
39,Antwerpseweg 195,2019-07-16,13:00:00,51,18,33,FMN GV 10 Beerse
39,Antwerpseweg 195,2019-07-16,14:00:00,50,34,16,FMN GV 10 Beerse
39,Antwerpseweg 195,2019-07-16,15:00:00,23,12,11,FMN GV 10 Beerse
39,Antwerpseweg 195,2019-07-16,16:00:00,57,44,13,FMN GV 10 Beerse
39,Antwerpseweg 195,2019-07-16,17:00:00,52,28,24,FMN GV 10 Beerse
39,Antwerpseweg 195,2019-07-16,18:00:00,21,13,8,FMN GV 10 Beerse
39,Antwerpseweg 195,2019-07-16,19:00:00,27,16,11,FMN GV 10 Beerse
39,Antwerpseweg 195,2019-07-16,20:00:00,20,18,2,FMN GV 10 Beerse
39,Antwerpseweg 195,2019-07-16,21:00:00,12,4,8,FMN GV 10 Beerse
39,Antwerpseweg 195,2019-07-16,22:00:00,12,8,4,FMN GV 10 Beerse
39,Antwerpseweg 195,2019-07-16,23:00:00,2,2,0,FMN GV 10 Beerse
39,Antwerpseweg 195,2019-07-17,00:00:00,0,0,0,FMN GV 10 Beerse
39,Antwerpseweg 195,2019-07-17,01:00:00,0,0,0,FMN GV 10 Beerse
39,Antwerpseweg 195,2019-07-17,02:00:00,0,0,0,FMN GV 10 Beerse
39,Antwerpseweg 195,2019-07-17,03:00:00,1,1,0,FMN GV 10 Beerse
39,Antwerpseweg 195,2019-07-17,04:00:00,1,1,0,FMN GV 10 Beerse
39,Antwerpseweg 195,2019-07-17,05:00:00,8,7,1,FMN GV 10 Beerse
39,Antwerpseweg 195,2019-07-17,06:00:00,6,5,1,FMN GV 10 Beerse
39,Antwerpseweg 195,2019-07-17,07:00:00,26,24,2,FMN GV 10 Beerse
39,Antwerpseweg 195,2019-07-17,08:00:00,27,19,8,FMN GV 10 Beerse
39,Antwerpseweg 195,2019-07-17,09:00:00,22,17,5,FMN GV 10 Beerse
39,Antwerpseweg 195,2019-07-17,10:00:00,23,17,6,FMN GV 10 Beerse
39,Antwerpseweg 195,2019-07-17,11:00:00,26,13,13,FMN GV 10 Beerse
39,Antwerpseweg 195,2019-07-17,12:00:00,32,21,11,FMN GV 10 Beerse
39,Antwerpseweg 195,2019-07-17,13:00:00,38,28,10,FMN GV 10 Beerse
39,Antwerpseweg 195,2019-07-17,14:00:00,54,30,24,FMN GV 10 Beerse
39,Antwerpseweg 195,2019-07-17,15:00:00,41,26,15,FMN GV 10 Beerse
39,Antwerpseweg 195,2019-07-17,16:00:00,53,35,18,FMN GV 10 Beerse
39,Antwerpseweg 195,2019-07-17,17:00:00,42,29,13,FMN GV 10 Beerse
39,Antwerpseweg 195,2019-07-17,18:00:00,33,18,15,FMN GV 10 Beerse
39,Antwerpseweg 195,2019-07-17,19:00:00,27,21,6,FMN GV 10 Beerse
39,Antwerpseweg 195,2019-07-17,20:00:00,17,14,3,FMN GV 10 Beerse
39,Antwerpseweg 195,2019-07-17,21:00:00,8,8,0,FMN GV 10 Beerse
39,Antwerpseweg 195,2019-07-17,22:00:00,8,6,2,FMN GV 10 Beerse
39,Antwerpseweg 195,2019-07-17,23:00:00,3,1,2,FMN GV 10 Beerse
39,Antwerpseweg 195,2019-07-18,00:00:00,2,1,1,FMN GV 10 Beerse
39,Antwerpseweg 195,2019-07-18,01:00:00,0,0,0,FMN GV 10 Beerse
39,Antwerpseweg 195,2019-07-18,02:00:00,0,0,0,FMN GV 10 Beerse
39,Antwerpseweg 195,2019-07-18,03:00:00,1,1,0,FMN GV 10 Beerse
39,Antwerpseweg 195,2019-07-18,04:00:00,2,2,0,FMN GV 10 Beerse
39,Antwerpseweg 195,2019-07-18,05:00:00,11,9,2,FMN GV 10 Beerse
39,Antwerpseweg 195,2019-07-18,06:00:00,6,4,2,FMN GV 10 Beerse
39,Antwerpseweg 195,2019-07-18,07:00:00,28,25,3,FMN GV 10 Beerse
39,Antwerpseweg 195,2019-07-18,08:00:00,23,17,6,FMN GV 10 Beerse
39,Antwerpseweg 195,2019-07-18,09:00:00,26,25,1,FMN GV 10 Beerse
39,Antwerpseweg 195,2019-07-18,10:00:00,20,14,6,FMN GV 10 Beerse
39,Antwerpseweg 195,2019-07-18,11:00:00,16,13,3,FMN GV 10 Beerse
39,Antwerpseweg 195,2019-07-18,12:00:00,22,15,7,FMN GV 10 Beerse
39,Antwerpseweg 195,2019-07-18,13:00:00,36,23,13,FMN GV 10 Beerse
39,Antwerpseweg 195,2019-07-18,14:00:00,29,18,11,FMN GV 10 Beerse
39,Antwerpseweg 195,2019-07-18,15:00:00,37,22,15,FMN GV 10 Beerse
39,Antwerpseweg 195,2019-07-18,16:00:00,37,27,10,FMN GV 10 Beerse
39,Antwerpseweg 195,2019-07-18,17:00:00,29,26,3,FMN GV 10 Beerse
39,Antwerpseweg 195,2019-07-18,18:00:00,15,10,5,FMN GV 10 Beerse
39,Antwerpseweg 195,2019-07-18,19:00:00,19,19,0,FMN GV 10 Beerse
39,Antwerpseweg 195,2019-07-18,20:00:00,8,5,3,FMN GV 10 Beerse
39,Antwerpseweg 195,2019-07-18,21:00:00,11,4,7,FMN GV 10 Beerse
39,Antwerpseweg 195,2019-07-18,22:00:00,5,3,2,FMN GV 10 Beerse
39,Antwerpseweg 195,2019-07-18,23:00:00,2,2,0,FMN GV 10 Beerse
39,Antwerpseweg 195,2019-07-19,00:00:00,2,2,0,FMN GV 10 Beerse
39,Antwerpseweg 195,2019-07-19,01:00:00,0,0,0,FMN GV 10 Beerse
39,Antwerpseweg 195,2019-07-19,02:00:00,1,1,0,FMN GV 10 Beerse
39,Antwerpseweg 195,2019-07-19,03:00:00,0,0,0,FMN GV 10 Beerse
39,Antwerpseweg 195,2019-07-19,04:00:00,1,1,0,FMN GV 10 Beerse
39,Antwerpseweg 195,2019-07-19,05:00:00,9,8,1,FMN GV 10 Beerse
39,Antwerpseweg 195,2019-07-19,06:00:00,6,6,0,FMN GV 10 Beerse
39,Antwerpseweg 195,2019-07-19,07:00:00,25,15,10,FMN GV 10 Beerse
39,Antwerpseweg 195,2019-07-19,08:00:00,26,17,9,FMN GV 10 Beerse
39,Antwerpseweg 195,2019-07-19,09:00:00,8,8,0,FMN GV 10 Beerse
39,Antwerpseweg 195,2019-07-19,10:00:00,23,18,5,FMN GV 10 Beerse
39,Antwerpseweg 195,2019-07-19,11:00:00,21,10,11,FMN GV 10 Beerse
39,Antwerpseweg 195,2019-07-19,12:00:00,21,11,10,FMN GV 10 Beerse
39,Antwerpseweg 195,2019-07-19,13:00:00,43,24,19,FMN GV 10 Beerse
39,Antwerpseweg 195,2019-07-19,14:00:00,38,27,11,FMN GV 10 Beerse
39,Antwerpseweg 195,2019-07-19,15:00:00,31,15,16,FMN GV 10 Beerse
39,Antwerpseweg 195,2019-07-19,16:00:00,49,35,14,FMN GV 10 Beerse
39,Antwerpseweg 195,2019-07-19,17:00:00,29,23,6,FMN GV 10 Beerse
39,Antwerpseweg 195,2019-07-19,18:00:00,17,12,5,FMN GV 10 Beerse
39,Antwerpseweg 195,2019-07-19,19:00:00,22,13,9,FMN GV 10 Beerse
39,Antwerpseweg 195,2019-07-19,20:00:00,9,9,0,FMN GV 10 Beerse
39,Antwerpseweg 195,2019-07-19,21:00:00,12,7,5,FMN GV 10 Beerse
39,Antwerpseweg 195,2019-07-19,22:00:00,4,3,1,FMN GV 10 Beerse
39,Antwerpseweg 195,2019-07-19,23:00:00,1,1,0,FMN GV 10 Beerse
39,Antwerpseweg 195,2019-07-20,00:00:00,3,1,2,FMN GV 10 Beerse
39,Antwerpseweg 195,2019-07-20,01:00:00,5,3,2,FMN GV 10 Beerse
39,Antwerpseweg 195,2019-07-20,02:00:00,2,2,0,FMN GV 10 Beerse
39,Antwerpseweg 195,2019-07-20,03:00:00,2,2,0,FMN GV 10 Beerse
39,Antwerpseweg 195,2019-07-20,04:00:00,5,5,0,FMN GV 10 Beerse
39,Antwerpseweg 195,2019-07-20,05:00:00,3,3,0,FMN GV 10 Beerse
39,Antwerpseweg 195,2019-07-20,06:00:00,0,0,0,FMN GV 10 Beerse
39,Antwerpseweg 195,2019-07-20,07:00:00,1,0,1,FMN GV 10 Beerse
39,Antwerpseweg 195,2019-07-20,08:00:00,5,3,2,FMN GV 10 Beerse
39,Antwerpseweg 195,2019-07-20,09:00:00,1,0,1,FMN GV 10 Beerse
39,Antwerpseweg 195,2019-07-20,10:00:00,8,7,1,FMN GV 10 Beerse
39,Antwerpseweg 195,2019-07-20,11:00:00,4,4,0,FMN GV 10 Beerse
39,Antwerpseweg 195,2019-07-20,12:00:00,11,11,0,FMN GV 10 Beerse
39,Antwerpseweg 195,2019-07-20,13:00:00,9,7,2,FMN GV 10 Beerse
39,Antwerpseweg 195,2019-07-20,14:00:00,23,18,5,FMN GV 10 Beerse
39,Antwerpseweg 195,2019-07-20,15:00:00,7,5,2,FMN GV 10 Beerse
39,Antwerpseweg 195,2019-07-20,16:00:00,4,3,1,FMN GV 10 Beerse
39,Antwerpseweg 195,2019-07-20,17:00:00,10,9,1,FMN GV 10 Beerse
39,Antwerpseweg 195,2019-07-20,18:00:00,18,14,4,FMN GV 10 Beerse
39,Antwerpseweg 195,2019-07-20,19:00:00,8,7,1,FMN GV 10 Beerse
39,Antwerpseweg 195,2019-07-20,20:00:00,8,4,4,FMN GV 10 Beerse
39,Antwerpseweg 195,2019-07-20,21:00:00,11,7,4,FMN GV 10 Beerse
39,Antwerpseweg 195,2019-07-20,22:00:00,4,4,0,FMN GV 10 Beerse
39,Antwerpseweg 195,2019-07-20,23:00:00,3,3,0,FMN GV 10 Beerse
39,Antwerpseweg 195,2019-07-21,00:00:00,4,3,1,FMN GV 10 Beerse
39,Antwerpseweg 195,2019-07-21,01:00:00,16,11,5,FMN GV 10 Beerse
39,Antwerpseweg 195,2019-07-21,02:00:00,7,3,4,FMN GV 10 Beerse
39,Antwerpseweg 195,2019-07-21,03:00:00,7,6,1,FMN GV 10 Beerse
39,Antwerpseweg 195,2019-07-21,04:00:00,9,8,1,FMN GV 10 Beerse
39,Antwerpseweg 195,2019-07-21,05:00:00,1,1,0,FMN GV 10 Beerse
39,Antwerpseweg 195,2019-07-21,06:00:00,3,3,0,FMN GV 10 Beerse
39,Antwerpseweg 195,2019-07-21,07:00:00,5,5,0,FMN GV 10 Beerse
39,Antwerpseweg 195,2019-07-21,08:00:00,6,4,2,FMN GV 10 Beerse
39,Antwerpseweg 195,2019-07-21,09:00:00,26,24,2,FMN GV 10 Beerse
39,Antwerpseweg 195,2019-07-21,10:00:00,50,46,4,FMN GV 10 Beerse
39,Antwerpseweg 195,2019-07-21,11:00:00,16,12,4,FMN GV 10 Beerse
39,Antwerpseweg 195,2019-07-21,12:00:00,22,19,3,FMN GV 10 Beerse
39,Antwerpseweg 195,2019-07-21,13:00:00,72,50,22,FMN GV 10 Beerse
39,Antwerpseweg 195,2019-07-21,14:00:00,62,42,20,FMN GV 10 Beerse
39,Antwerpseweg 195,2019-07-21,15:00:00,52,31,21,FMN GV 10 Beerse
39,Antwerpseweg 195,2019-07-21,16:00:00,44,29,15,FMN GV 10 Beerse
39,Antwerpseweg 195,2019-07-21,17:00:00,22,9,13,FMN GV 10 Beerse
39,Antwerpseweg 195,2019-07-21,18:00:00,20,18,2,FMN GV 10 Beerse
39,Antwerpseweg 195,2019-07-21,19:00:00,20,12,8,FMN GV 10 Beerse
39,Antwerpseweg 195,2019-07-21,20:00:00,9,7,2,FMN GV 10 Beerse
39,Antwerpseweg 195,2019-07-21,21:00:00,18,16,2,FMN GV 10 Beerse
39,Antwerpseweg 195,2019-07-21,22:00:00,2,0,2,FMN GV 10 Beerse
39,Antwerpseweg 195,2019-07-21,23:00:00,0,0,0,FMN GV 10 Beerse
39,Antwerpseweg 195,2019-07-22,00:00:00,0,0,0,FMN GV 10 Beerse
39,Antwerpseweg 195,2019-07-22,01:00:00,0,0,0,FMN GV 10 Beerse
39,Antwerpseweg 195,2019-07-22,02:00:00,4,4,0,FMN GV 10 Beerse
39,Antwerpseweg 195,2019-07-22,03:00:00,0,0,0,FMN GV 10 Beerse
39,Antwerpseweg 195,2019-07-22,04:00:00,2,2,0,FMN GV 10 Beerse
39,Antwerpseweg 195,2019-07-22,05:00:00,13,12,1,FMN GV 10 Beerse
39,Antwerpseweg 195,2019-07-22,06:00:00,16,14,2,FMN GV 10 Beerse
39,Antwerpseweg 195,2019-07-22,07:00:00,24,20,4,FMN GV 10 Beerse
39,Antwerpseweg 195,2019-07-22,08:00:00,28,25,3,FMN GV 10 Beerse
39,Antwerpseweg 195,2019-07-22,09:00:00,23,21,2,FMN GV 10 Beerse
39,Antwerpseweg 195,2019-07-22,10:00:00,12,10,2,FMN GV 10 Beerse
39,Antwerpseweg 195,2019-07-22,11:00:00,10,8,2,FMN GV 10 Beerse
39,Antwerpseweg 195,2019-07-22,12:00:00,23,18,5,FMN GV 10 Beerse
39,Antwerpseweg 195,2019-07-22,13:00:00,40,28,12,FMN GV 10 Beerse
39,Antwerpseweg 195,2019-07-22,14:00:00,44,33,11,FMN GV 10 Beerse
39,Antwerpseweg 195,2019-07-22,15:00:00,32,24,8,FMN GV 10 Beerse
39,Antwerpseweg 195,2019-07-22,16:00:00,38,20,18,FMN GV 10 Beerse
39,Antwerpseweg 195,2019-07-22,17:00:00,47,36,11,FMN GV 10 Beerse
39,Antwerpseweg 195,2019-07-22,18:00:00,28,10,18,FMN GV 10 Beerse
39,Antwerpseweg 195,2019-07-22,19:00:00,22,16,6,FMN GV 10 Beerse
39,Antwerpseweg 195,2019-07-22,20:00:00,25,19,6,FMN GV 10 Beerse
39,Antwerpseweg 195,2019-07-22,21:00:00,8,5,3,FMN GV 10 Beerse
39,Antwerpseweg 195,2019-07-22,22:00:00,13,8,5,FMN GV 10 Beerse
39,Antwerpseweg 195,2019-07-22,23:00:00,0,0,0,FMN GV 10 Beerse
39,Antwerpseweg 195,2019-07-23,00:00:00,1,0,1,FMN GV 10 Beerse
39,Antwerpseweg 195,2019-07-23,01:00:00,2,1,1,FMN GV 10 Beerse
39,Antwerpseweg 195,2019-07-23,02:00:00,0,0,0,FMN GV 10 Beerse
39,Antwerpseweg 195,2019-07-23,03:00:00,0,0,0,FMN GV 10 Beerse
39,Antwerpseweg 195,2019-07-23,04:00:00,1,1,0,FMN GV 10 Beerse
39,Antwerpseweg 195,2019-07-23,05:00:00,14,13,1,FMN GV 10 Beerse
39,Antwerpseweg 195,2019-07-23,06:00:00,11,8,3,FMN GV 10 Beerse
39,Antwerpseweg 195,2019-07-23,07:00:00,29,24,5,FMN GV 10 Beerse
39,Antwerpseweg 195,2019-07-23,08:00:00,35,27,8,FMN GV 10 Beerse
39,Antwerpseweg 195,2019-07-23,09:00:00,27,20,7,FMN GV 10 Beerse
39,Antwerpseweg 195,2019-07-23,10:00:00,18,15,3,FMN GV 10 Beerse
39,Antwerpseweg 195,2019-07-23,11:00:00,23,15,8,FMN GV 10 Beerse
39,Antwerpseweg 195,2019-07-23,12:00:00,24,23,1,FMN GV 10 Beerse
39,Antwerpseweg 195,2019-07-23,13:00:00,28,18,10,FMN GV 10 Beerse
39,Antwerpseweg 195,2019-07-23,14:00:00,19,13,6,FMN GV 10 Beerse
39,Antwerpseweg 195,2019-07-23,15:00:00,28,18,10,FMN GV 10 Beerse
39,Antwerpseweg 195,2019-07-23,16:00:00,34,22,12,FMN GV 10 Beerse
39,Antwerpseweg 195,2019-07-23,17:00:00,42,33,9,FMN GV 10 Beerse
39,Antwerpseweg 195,2019-07-23,18:00:00,23,15,8,FMN GV 10 Beerse
39,Antwerpseweg 195,2019-07-23,19:00:00,27,21,6,FMN GV 10 Beerse
39,Antwerpseweg 195,2019-07-23,20:00:00,21,15,6,FMN GV 10 Beerse
39,Antwerpseweg 195,2019-07-23,21:00:00,11,8,3,FMN GV 10 Beerse
39,Antwerpseweg 195,2019-07-23,22:00:00,12,9,3,FMN GV 10 Beerse
39,Antwerpseweg 195,2019-07-23,23:00:00,3,2,1,FMN GV 10 Beerse
39,Antwerpseweg 195,2019-07-24,00:00:00,2,2,0,FMN GV 10 Beerse
39,Antwerpseweg 195,2019-07-24,01:00:00,1,0,1,FMN GV 10 Beerse
39,Antwerpseweg 195,2019-07-24,02:00:00,0,0,0,FMN GV 10 Beerse
39,Antwerpseweg 195,2019-07-24,03:00:00,1,1,0,FMN GV 10 Beerse
39,Antwerpseweg 195,2019-07-24,04:00:00,1,1,0,FMN GV 10 Beerse
39,Antwerpseweg 195,2019-07-24,05:00:00,11,11,0,FMN GV 10 Beerse
39,Antwerpseweg 195,2019-07-24,06:00:00,9,7,2,FMN GV 10 Beerse
39,Antwerpseweg 195,2019-07-24,07:00:00,23,18,5,FMN GV 10 Beerse
39,Antwerpseweg 195,2019-07-24,08:00:00,30,26,4,FMN GV 10 Beerse
39,Antwerpseweg 195,2019-07-24,09:00:00,10,8,2,FMN GV 10 Beerse
39,Antwerpseweg 195,2019-07-24,10:00:00,32,22,10,FMN GV 10 Beerse
39,Antwerpseweg 195,2019-07-24,11:00:00,18,12,6,FMN GV 10 Beerse
39,Antwerpseweg 195,2019-07-24,12:00:00,10,5,5,FMN GV 10 Beerse
39,Antwerpseweg 195,2019-07-24,13:00:00,18,14,4,FMN GV 10 Beerse
39,Antwerpseweg 195,2019-07-24,14:00:00,17,13,4,FMN GV 10 Beerse
39,Antwerpseweg 195,2019-07-24,15:00:00,15,13,2,FMN GV 10 Beerse
39,Antwerpseweg 195,2019-07-24,16:00:00,17,13,4,FMN GV 10 Beerse
39,Antwerpseweg 195,2019-07-24,17:00:00,20,15,5,FMN GV 10 Beerse
39,Antwerpseweg 195,2019-07-24,18:00:00,25,14,11,FMN GV 10 Beerse
39,Antwerpseweg 195,2019-07-24,19:00:00,7,6,1,FMN GV 10 Beerse
39,Antwerpseweg 195,2019-07-24,20:00:00,16,12,4,FMN GV 10 Beerse
39,Antwerpseweg 195,2019-07-24,21:00:00,6,5,1,FMN GV 10 Beerse
39,Antwerpseweg 195,2019-07-24,22:00:00,11,8,3,FMN GV 10 Beerse
39,Antwerpseweg 195,2019-07-24,23:00:00,0,0,0,FMN GV 10 Beerse
39,Antwerpseweg 195,2019-07-25,00:00:00,0,0,0,FMN GV 10 Beerse
39,Antwerpseweg 195,2019-07-25,01:00:00,1,0,1,FMN GV 10 Beerse
39,Antwerpseweg 195,2019-07-25,02:00:00,0,0,0,FMN GV 10 Beerse
39,Antwerpseweg 195,2019-07-25,03:00:00,0,0,0,FMN GV 10 Beerse
39,Antwerpseweg 195,2019-07-25,04:00:00,1,1,0,FMN GV 10 Beerse
39,Antwerpseweg 195,2019-07-25,05:00:00,11,11,0,FMN GV 10 Beerse
39,Antwerpseweg 195,2019-07-25,06:00:00,15,12,3,FMN GV 10 Beerse
39,Antwerpseweg 195,2019-07-25,07:00:00,23,17,6,FMN GV 10 Beerse
39,Antwerpseweg 195,2019-07-25,08:00:00,21,17,4,FMN GV 10 Beerse
39,Antwerpseweg 195,2019-07-25,09:00:00,17,14,3,FMN GV 10 Beerse
39,Antwerpseweg 195,2019-07-25,10:00:00,13,8,5,FMN GV 10 Beerse
39,Antwerpseweg 195,2019-07-25,11:00:00,13,10,3,FMN GV 10 Beerse
39,Antwerpseweg 195,2019-07-25,12:00:00,16,11,5,FMN GV 10 Beerse
39,Antwerpseweg 195,2019-07-25,13:00:00,16,10,6,FMN GV 10 Beerse
39,Antwerpseweg 195,2019-07-25,14:00:00,14,11,3,FMN GV 10 Beerse
39,Antwerpseweg 195,2019-07-25,15:00:00,12,8,4,FMN GV 10 Beerse
39,Antwerpseweg 195,2019-07-25,16:00:00,18,9,9,FMN GV 10 Beerse
39,Antwerpseweg 195,2019-07-25,17:00:00,20,17,3,FMN GV 10 Beerse
39,Antwerpseweg 195,2019-07-25,18:00:00,21,14,7,FMN GV 10 Beerse
39,Antwerpseweg 195,2019-07-25,19:00:00,10,5,5,FMN GV 10 Beerse
39,Antwerpseweg 195,2019-07-25,20:00:00,8,5,3,FMN GV 10 Beerse
39,Antwerpseweg 195,2019-07-25,21:00:00,10,5,5,FMN GV 10 Beerse
39,Antwerpseweg 195,2019-07-25,22:00:00,6,5,1,FMN GV 10 Beerse
39,Antwerpseweg 195,2019-07-25,23:00:00,0,0,0,FMN GV 10 Beerse
39,Antwerpseweg 195,2019-07-26,00:00:00,1,1,0,FMN GV 10 Beerse
39,Antwerpseweg 195,2019-07-26,01:00:00,0,0,0,FMN GV 10 Beerse
39,Antwerpseweg 195,2019-07-26,02:00:00,1,1,0,FMN GV 10 Beerse
39,Antwerpseweg 195,2019-07-26,03:00:00,0,0,0,FMN GV 10 Beerse
39,Antwerpseweg 195,2019-07-26,04:00:00,1,1,0,FMN GV 10 Beerse
39,Antwerpseweg 195,2019-07-26,05:00:00,9,9,0,FMN GV 10 Beerse
39,Antwerpseweg 195,2019-07-26,06:00:00,11,8,3,FMN GV 10 Beerse
39,Antwerpseweg 195,2019-07-26,07:00:00,22,18,4,FMN GV 10 Beerse
39,Antwerpseweg 195,2019-07-26,08:00:00,28,25,3,FMN GV 10 Beerse
39,Antwerpseweg 195,2019-07-26,09:00:00,19,16,3,FMN GV 10 Beerse
39,Antwerpseweg 195,2019-07-26,10:00:00,7,3,4,FMN GV 10 Beerse
39,Antwerpseweg 195,2019-07-26,11:00:00,13,8,5,FMN GV 10 Beerse
39,Antwerpseweg 195,2019-07-26,12:00:00,11,10,1,FMN GV 10 Beerse
39,Antwerpseweg 195,2019-07-26,13:00:00,16,10,6,FMN GV 10 Beerse
39,Antwerpseweg 195,2019-07-26,14:00:00,13,10,3,FMN GV 10 Beerse
39,Antwerpseweg 195,2019-07-26,15:00:00,18,10,8,FMN GV 10 Beerse
39,Antwerpseweg 195,2019-07-26,16:00:00,10,8,2,FMN GV 10 Beerse
39,Antwerpseweg 195,2019-07-26,17:00:00,16,12,4,FMN GV 10 Beerse
39,Antwerpseweg 195,2019-07-26,18:00:00,18,10,8,FMN GV 10 Beerse
39,Antwerpseweg 195,2019-07-26,19:00:00,1,1,0,FMN GV 10 Beerse
39,Antwerpseweg 195,2019-07-26,20:00:00,6,2,4,FMN GV 10 Beerse
39,Antwerpseweg 195,2019-07-26,21:00:00,1,0,1,FMN GV 10 Beerse
39,Antwerpseweg 195,2019-07-26,22:00:00,5,4,1,FMN GV 10 Beerse
39,Antwerpseweg 195,2019-07-26,23:00:00,4,2,2,FMN GV 10 Beerse
39,Antwerpseweg 195,2019-07-27,00:00:00,2,1,1,FMN GV 10 Beerse
39,Antwerpseweg 195,2019-07-27,01:00:00,0,0,0,FMN GV 10 Beerse
39,Antwerpseweg 195,2019-07-27,02:00:00,2,2,0,FMN GV 10 Beerse
39,Antwerpseweg 195,2019-07-27,03:00:00,2,1,1,FMN GV 10 Beerse
39,Antwerpseweg 195,2019-07-27,04:00:00,0,0,0,FMN GV 10 Beerse
39,Antwerpseweg 195,2019-07-27,05:00:00,5,4,1,FMN GV 10 Beerse
39,Antwerpseweg 195,2019-07-27,06:00:00,1,1,0,FMN GV 10 Beerse
39,Antwerpseweg 195,2019-07-27,07:00:00,1,1,0,FMN GV 10 Beerse
39,Antwerpseweg 195,2019-07-27,08:00:00,0,0,0,FMN GV 10 Beerse
39,Antwerpseweg 195,2019-07-27,09:00:00,5,3,2,FMN GV 10 Beerse
39,Antwerpseweg 195,2019-07-27,10:00:00,7,4,3,FMN GV 10 Beerse
39,Antwerpseweg 195,2019-07-27,11:00:00,2,1,1,FMN GV 10 Beerse
39,Antwerpseweg 195,2019-07-27,12:00:00,13,4,9,FMN GV 10 Beerse
39,Antwerpseweg 195,2019-07-27,13:00:00,5,3,2,FMN GV 10 Beerse
39,Antwerpseweg 195,2019-07-27,14:00:00,5,3,2,FMN GV 10 Beerse
39,Antwerpseweg 195,2019-07-27,15:00:00,2,2,0,FMN GV 10 Beerse
39,Antwerpseweg 195,2019-07-27,16:00:00,4,2,2,FMN GV 10 Beerse
39,Antwerpseweg 195,2019-07-27,17:00:00,20,4,16,FMN GV 10 Beerse
39,Antwerpseweg 195,2019-07-27,18:00:00,5,3,2,FMN GV 10 Beerse
39,Antwerpseweg 195,2019-07-27,19:00:00,5,3,2,FMN GV 10 Beerse
39,Antwerpseweg 195,2019-07-27,20:00:00,2,2,0,FMN GV 10 Beerse
39,Antwerpseweg 195,2019-07-27,21:00:00,2,1,1,FMN GV 10 Beerse
39,Antwerpseweg 195,2019-07-27,22:00:00,1,1,0,FMN GV 10 Beerse
39,Antwerpseweg 195,2019-07-27,23:00:00,2,2,0,FMN GV 10 Beerse
39,Antwerpseweg 195,2019-07-28,00:00:00,4,3,1,FMN GV 10 Beerse
39,Antwerpseweg 195,2019-07-28,01:00:00,0,0,0,FMN GV 10 Beerse
39,Antwerpseweg 195,2019-07-28,02:00:00,0,0,0,FMN GV 10 Beerse
39,Antwerpseweg 195,2019-07-28,03:00:00,0,0,0,FMN GV 10 Beerse
39,Antwerpseweg 195,2019-07-28,04:00:00,0,0,0,FMN GV 10 Beerse
39,Antwerpseweg 195,2019-07-28,05:00:00,1,1,0,FMN GV 10 Beerse
39,Antwerpseweg 195,2019-07-28,06:00:00,0,0,0,FMN GV 10 Beerse
39,Antwerpseweg 195,2019-07-28,07:00:00,1,1,0,FMN GV 10 Beerse
39,Antwerpseweg 195,2019-07-28,08:00:00,1,0,1,FMN GV 10 Beerse
39,Antwerpseweg 195,2019-07-28,09:00:00,2,1,1,FMN GV 10 Beerse
39,Antwerpseweg 195,2019-07-28,10:00:00,2,2,0,FMN GV 10 Beerse
39,Antwerpseweg 195,2019-07-28,11:00:00,10,8,2,FMN GV 10 Beerse
39,Antwerpseweg 195,2019-07-28,12:00:00,6,5,1,FMN GV 10 Beerse
39,Antwerpseweg 195,2019-07-28,13:00:00,5,4,1,FMN GV 10 Beerse
39,Antwerpseweg 195,2019-07-28,14:00:00,12,11,1,FMN GV 10 Beerse
39,Antwerpseweg 195,2019-07-28,15:00:00,2,1,1,FMN GV 10 Beerse
39,Antwerpseweg 195,2019-07-28,16:00:00,9,8,1,FMN GV 10 Beerse
39,Antwerpseweg 195,2019-07-28,17:00:00,6,6,0,FMN GV 10 Beerse
39,Antwerpseweg 195,2019-07-28,18:00:00,2,2,0,FMN GV 10 Beerse
39,Antwerpseweg 195,2019-07-28,19:00:00,2,2,0,FMN GV 10 Beerse
39,Antwerpseweg 195,2019-07-28,20:00:00,4,3,1,FMN GV 10 Beerse
39,Antwerpseweg 195,2019-07-28,21:00:00,2,1,1,FMN GV 10 Beerse
39,Antwerpseweg 195,2019-07-28,22:00:00,2,0,2,FMN GV 10 Beerse
39,Antwerpseweg 195,2019-07-28,23:00:00,0,0,0,FMN GV 10 Beerse
39,Antwerpseweg 195,2019-07-29,00:00:00,0,0,0,FMN GV 10 Beerse
39,Antwerpseweg 195,2019-07-29,01:00:00,0,0,0,FMN GV 10 Beerse
39,Antwerpseweg 195,2019-07-29,02:00:00,0,0,0,FMN GV 10 Beerse
39,Antwerpseweg 195,2019-07-29,03:00:00,0,0,0,FMN GV 10 Beerse
39,Antwerpseweg 195,2019-07-29,04:00:00,2,2,0,FMN GV 10 Beerse
39,Antwerpseweg 195,2019-07-29,05:00:00,11,10,1,FMN GV 10 Beerse
39,Antwerpseweg 195,2019-07-29,06:00:00,18,15,3,FMN GV 10 Beerse
39,Antwerpseweg 195,2019-07-29,07:00:00,29,25,4,FMN GV 10 Beerse
39,Antwerpseweg 195,2019-07-29,08:00:00,22,20,2,FMN GV 10 Beerse
39,Antwerpseweg 195,2019-07-29,09:00:00,17,9,8,FMN GV 10 Beerse
39,Antwerpseweg 195,2019-07-29,10:00:00,21,15,6,FMN GV 10 Beerse
39,Antwerpseweg 195,2019-07-29,11:00:00,12,10,2,FMN GV 10 Beerse
39,Antwerpseweg 195,2019-07-29,12:00:00,34,21,13,FMN GV 10 Beerse
39,Antwerpseweg 195,2019-07-29,13:00:00,48,35,13,FMN GV 10 Beerse
39,Antwerpseweg 195,2019-07-29,14:00:00,44,25,19,FMN GV 10 Beerse
39,Antwerpseweg 195,2019-07-29,15:00:00,61,34,27,FMN GV 10 Beerse
39,Antwerpseweg 195,2019-07-29,16:00:00,48,34,14,FMN GV 10 Beerse
39,Antwerpseweg 195,2019-07-29,17:00:00,46,35,11,FMN GV 10 Beerse
39,Antwerpseweg 195,2019-07-29,18:00:00,33,25,8,FMN GV 10 Beerse
39,Antwerpseweg 195,2019-07-29,19:00:00,34,26,8,FMN GV 10 Beerse
39,Antwerpseweg 195,2019-07-29,20:00:00,15,12,3,FMN GV 10 Beerse
39,Antwerpseweg 195,2019-07-29,21:00:00,13,9,4,FMN GV 10 Beerse
39,Antwerpseweg 195,2019-07-29,22:00:00,5,4,1,FMN GV 10 Beerse
39,Antwerpseweg 195,2019-07-29,23:00:00,9,4,5,FMN GV 10 Beerse
39,Antwerpseweg 195,2019-07-30,00:00:00,2,2,0,FMN GV 10 Beerse
39,Antwerpseweg 195,2019-07-30,01:00:00,1,1,0,FMN GV 10 Beerse
39,Antwerpseweg 195,2019-07-30,02:00:00,0,0,0,FMN GV 10 Beerse
39,Antwerpseweg 195,2019-07-30,03:00:00,0,0,0,FMN GV 10 Beerse
39,Antwerpseweg 195,2019-07-30,04:00:00,3,3,0,FMN GV 10 Beerse
39,Antwerpseweg 195,2019-07-30,05:00:00,8,7,1,FMN GV 10 Beerse
39,Antwerpseweg 195,2019-07-30,06:00:00,9,8,1,FMN GV 10 Beerse
39,Antwerpseweg 195,2019-07-30,07:00:00,27,24,3,FMN GV 10 Beerse
39,Antwerpseweg 195,2019-07-30,08:00:00,34,28,6,FMN GV 10 Beerse
39,Antwerpseweg 195,2019-07-30,09:00:00,31,11,20,FMN GV 10 Beerse
39,Antwerpseweg 195,2019-07-30,10:00:00,18,15,3,FMN GV 10 Beerse
39,Antwerpseweg 195,2019-07-30,11:00:00,16,9,7,FMN GV 10 Beerse
39,Antwerpseweg 195,2019-07-30,12:00:00,27,19,8,FMN GV 10 Beerse
39,Antwerpseweg 195,2019-07-30,13:00:00,60,44,16,FMN GV 10 Beerse
39,Antwerpseweg 195,2019-07-30,14:00:00,49,30,19,FMN GV 10 Beerse
39,Antwerpseweg 195,2019-07-30,15:00:00,44,34,10,FMN GV 10 Beerse
39,Antwerpseweg 195,2019-07-30,16:00:00,110,64,46,FMN GV 10 Beerse
39,Antwerpseweg 195,2019-07-30,17:00:00,49,35,14,FMN GV 10 Beerse
39,Antwerpseweg 195,2019-07-30,18:00:00,25,17,8,FMN GV 10 Beerse
39,Antwerpseweg 195,2019-07-30,19:00:00,19,13,6,FMN GV 10 Beerse
39,Antwerpseweg 195,2019-07-30,20:00:00,7,5,2,FMN GV 10 Beerse
39,Antwerpseweg 195,2019-07-30,21:00:00,5,3,2,FMN GV 10 Beerse
39,Antwerpseweg 195,2019-07-30,22:00:00,6,4,2,FMN GV 10 Beerse
39,Antwerpseweg 195,2019-07-30,23:00:00,0,0,0,FMN GV 10 Beerse
39,Antwerpseweg 195,2019-07-31,00:00:00,0,0,0,FMN GV 10 Beerse
39,Antwerpseweg 195,2019-07-31,01:00:00,1,1,0,FMN GV 10 Beerse
39,Antwerpseweg 195,2019-07-31,02:00:00,0,0,0,FMN GV 10 Beerse
39,Antwerpseweg 195,2019-07-31,03:00:00,2,2,0,FMN GV 10 Beerse
39,Antwerpseweg 195,2019-07-31,04:00:00,4,4,0,FMN GV 10 Beerse
39,Antwerpseweg 195,2019-07-31,05:00:00,9,8,1,FMN GV 10 Beerse
39,Antwerpseweg 195,2019-07-31,06:00:00,8,7,1,FMN GV 10 Beerse
39,Antwerpseweg 195,2019-07-31,07:00:00,33,29,4,FMN GV 10 Beerse
39,Antwerpseweg 195,2019-07-31,08:00:00,21,16,5,FMN GV 10 Beerse
39,Antwerpseweg 195,2019-07-31,09:00:00,16,11,5,FMN GV 10 Beerse
39,Antwerpseweg 195,2019-07-31,10:00:00,21,19,2,FMN GV 10 Beerse
39,Antwerpseweg 195,2019-07-31,11:00:00,17,12,5,FMN GV 10 Beerse
39,Antwerpseweg 195,2019-07-31,12:00:00,21,14,7,FMN GV 10 Beerse
39,Antwerpseweg 195,2019-07-31,13:00:00,26,19,7,FMN GV 10 Beerse
39,Antwerpseweg 195,2019-07-31,14:00:00,30,22,8,FMN GV 10 Beerse
39,Antwerpseweg 195,2019-07-31,15:00:00,20,13,7,FMN GV 10 Beerse
39,Antwerpseweg 195,2019-07-31,16:00:00,46,41,5,FMN GV 10 Beerse
39,Antwerpseweg 195,2019-07-31,17:00:00,32,22,10,FMN GV 10 Beerse
39,Antwerpseweg 195,2019-07-31,18:00:00,16,13,3,FMN GV 10 Beerse
39,Antwerpseweg 195,2019-07-31,19:00:00,12,9,3,FMN GV 10 Beerse
39,Antwerpseweg 195,2019-07-31,20:00:00,10,8,2,FMN GV 10 Beerse
39,Antwerpseweg 195,2019-07-31,21:00:00,4,1,3,FMN GV 10 Beerse
39,Antwerpseweg 195,2019-07-31,22:00:00,3,1,2,FMN GV 10 Beerse
39,Antwerpseweg 195,2019-07-31,23:00:00,3,2,1,FMN GV 10 Beerse
39,Antwerpseweg 195,2019-08-01,00:00:00,0,0,0,FMN GV 10 Beerse
39,Antwerpseweg 195,2019-08-01,01:00:00,1,1,0,FMN GV 10 Beerse
39,Antwerpseweg 195,2019-08-01,02:00:00,0,0,0,FMN GV 10 Beerse
39,Antwerpseweg 195,2019-08-01,03:00:00,1,1,0,FMN GV 10 Beerse
39,Antwerpseweg 195,2019-08-01,04:00:00,3,3,0,FMN GV 10 Beerse
39,Antwerpseweg 195,2019-08-01,05:00:00,8,8,0,FMN GV 10 Beerse
39,Antwerpseweg 195,2019-08-01,06:00:00,7,6,1,FMN GV 10 Beerse
39,Antwerpseweg 195,2019-08-01,07:00:00,27,25,2,FMN GV 10 Beerse
39,Antwerpseweg 195,2019-08-01,08:00:00,34,23,11,FMN GV 10 Beerse
39,Antwerpseweg 195,2019-08-01,09:00:00,18,5,13,FMN GV 10 Beerse
39,Antwerpseweg 195,2019-08-01,10:00:00,7,6,1,FMN GV 10 Beerse
39,Antwerpseweg 195,2019-08-01,11:00:00,22,12,10,FMN GV 10 Beerse
39,Antwerpseweg 195,2019-08-01,12:00:00,16,15,1,FMN GV 10 Beerse
39,Antwerpseweg 195,2019-08-01,13:00:00,43,27,16,FMN GV 10 Beerse
39,Antwerpseweg 195,2019-08-01,14:00:00,22,17,5,FMN GV 10 Beerse
39,Antwerpseweg 195,2019-08-01,15:00:00,33,19,14,FMN GV 10 Beerse
39,Antwerpseweg 195,2019-08-01,16:00:00,44,34,10,FMN GV 10 Beerse
39,Antwerpseweg 195,2019-08-01,17:00:00,45,29,16,FMN GV 10 Beerse
39,Antwerpseweg 195,2019-08-01,18:00:00,25,16,9,FMN GV 10 Beerse
39,Antwerpseweg 195,2019-08-01,19:00:00,11,4,7,FMN GV 10 Beerse
39,Antwerpseweg 195,2019-08-01,20:00:00,9,2,7,FMN GV 10 Beerse
39,Antwerpseweg 195,2019-08-01,21:00:00,10,10,0,FMN GV 10 Beerse
39,Antwerpseweg 195,2019-08-01,22:00:00,9,6,3,FMN GV 10 Beerse
39,Antwerpseweg 195,2019-08-01,23:00:00,6,4,2,FMN GV 10 Beerse
39,Antwerpseweg 195,2019-08-02,00:00:00,0,0,0,FMN GV 10 Beerse
39,Antwerpseweg 195,2019-08-02,01:00:00,3,2,1,FMN GV 10 Beerse
39,Antwerpseweg 195,2019-08-02,02:00:00,0,0,0,FMN GV 10 Beerse
39,Antwerpseweg 195,2019-08-02,03:00:00,0,0,0,FMN GV 10 Beerse
39,Antwerpseweg 195,2019-08-02,04:00:00,2,2,0,FMN GV 10 Beerse
39,Antwerpseweg 195,2019-08-02,05:00:00,5,5,0,FMN GV 10 Beerse
39,Antwerpseweg 195,2019-08-02,06:00:00,7,6,1,FMN GV 10 Beerse
39,Antwerpseweg 195,2019-08-02,07:00:00,24,23,1,FMN GV 10 Beerse
39,Antwerpseweg 195,2019-08-02,08:00:00,18,16,2,FMN GV 10 Beerse
39,Antwerpseweg 195,2019-08-02,09:00:00,15,12,3,FMN GV 10 Beerse
39,Antwerpseweg 195,2019-08-02,10:00:00,7,6,1,FMN GV 10 Beerse
39,Antwerpseweg 195,2019-08-02,11:00:00,11,8,3,FMN GV 10 Beerse
39,Antwerpseweg 195,2019-08-02,12:00:00,9,5,4,FMN GV 10 Beerse
39,Antwerpseweg 195,2019-08-02,13:00:00,11,8,3,FMN GV 10 Beerse
39,Antwerpseweg 195,2019-08-02,14:00:00,20,15,5,FMN GV 10 Beerse
39,Antwerpseweg 195,2019-08-02,15:00:00,12,9,3,FMN GV 10 Beerse
39,Antwerpseweg 195,2019-08-02,16:00:00,20,13,7,FMN GV 10 Beerse
39,Antwerpseweg 195,2019-08-02,17:00:00,21,12,9,FMN GV 10 Beerse
39,Antwerpseweg 195,2019-08-02,18:00:00,14,6,8,FMN GV 10 Beerse
39,Antwerpseweg 195,2019-08-02,19:00:00,15,12,3,FMN GV 10 Beerse
39,Antwerpseweg 195,2019-08-02,20:00:00,8,6,2,FMN GV 10 Beerse
39,Antwerpseweg 195,2019-08-02,21:00:00,0,0,0,FMN GV 10 Beerse
39,Antwerpseweg 195,2019-08-02,22:00:00,5,2,3,FMN GV 10 Beerse
39,Antwerpseweg 195,2019-08-02,23:00:00,3,1,2,FMN GV 10 Beerse
39,Antwerpseweg 195,2019-08-03,00:00:00,2,1,1,FMN GV 10 Beerse
39,Antwerpseweg 195,2019-08-03,01:00:00,0,0,0,FMN GV 10 Beerse
39,Antwerpseweg 195,2019-08-03,02:00:00,0,0,0,FMN GV 10 Beerse
39,Antwerpseweg 195,2019-08-03,03:00:00,2,2,0,FMN GV 10 Beerse
39,Antwerpseweg 195,2019-08-03,04:00:00,1,1,0,FMN GV 10 Beerse
39,Antwerpseweg 195,2019-08-03,05:00:00,2,2,0,FMN GV 10 Beerse
39,Antwerpseweg 195,2019-08-03,06:00:00,1,1,0,FMN GV 10 Beerse
39,Antwerpseweg 195,2019-08-03,07:00:00,1,1,0,FMN GV 10 Beerse
39,Antwerpseweg 195,2019-08-03,08:00:00,6,5,1,FMN GV 10 Beerse
39,Antwerpseweg 195,2019-08-03,09:00:00,7,5,2,FMN GV 10 Beerse
39,Antwerpseweg 195,2019-08-03,10:00:00,11,5,6,FMN GV 10 Beerse
39,Antwerpseweg 195,2019-08-03,11:00:00,11,6,5,FMN GV 10 Beerse
39,Antwerpseweg 195,2019-08-03,12:00:00,14,12,2,FMN GV 10 Beerse
39,Antwerpseweg 195,2019-08-03,13:00:00,9,8,1,FMN GV 10 Beerse
39,Antwerpseweg 195,2019-08-03,14:00:00,21,13,8,FMN GV 10 Beerse
39,Antwerpseweg 195,2019-08-03,15:00:00,20,14,6,FMN GV 10 Beerse
39,Antwerpseweg 195,2019-08-03,16:00:00,15,7,8,FMN GV 10 Beerse
39,Antwerpseweg 195,2019-08-03,17:00:00,14,11,3,FMN GV 10 Beerse
39,Antwerpseweg 195,2019-08-03,18:00:00,16,15,1,FMN GV 10 Beerse
39,Antwerpseweg 195,2019-08-03,19:00:00,10,5,5,FMN GV 10 Beerse
39,Antwerpseweg 195,2019-08-03,20:00:00,6,4,2,FMN GV 10 Beerse
39,Antwerpseweg 195,2019-08-03,21:00:00,6,4,2,FMN GV 10 Beerse
39,Antwerpseweg 195,2019-08-03,22:00:00,5,2,3,FMN GV 10 Beerse
39,Antwerpseweg 195,2019-08-03,23:00:00,2,2,0,FMN GV 10 Beerse
39,Antwerpseweg 195,2019-08-04,00:00:00,4,4,0,FMN GV 10 Beerse
39,Antwerpseweg 195,2019-08-04,01:00:00,1,0,1,FMN GV 10 Beerse
39,Antwerpseweg 195,2019-08-04,02:00:00,0,0,0,FMN GV 10 Beerse
39,Antwerpseweg 195,2019-08-04,03:00:00,0,0,0,FMN GV 10 Beerse
39,Antwerpseweg 195,2019-08-04,04:00:00,2,2,0,FMN GV 10 Beerse
39,Antwerpseweg 195,2019-08-04,05:00:00,1,1,0,FMN GV 10 Beerse
39,Antwerpseweg 195,2019-08-04,06:00:00,2,1,1,FMN GV 10 Beerse
39,Antwerpseweg 195,2019-08-04,07:00:00,4,2,2,FMN GV 10 Beerse
39,Antwerpseweg 195,2019-08-04,08:00:00,4,3,1,FMN GV 10 Beerse
39,Antwerpseweg 195,2019-08-04,09:00:00,12,6,6,FMN GV 10 Beerse
39,Antwerpseweg 195,2019-08-04,10:00:00,24,13,11,FMN GV 10 Beerse
39,Antwerpseweg 195,2019-08-04,11:00:00,30,17,13,FMN GV 10 Beerse
39,Antwerpseweg 195,2019-08-04,12:00:00,48,25,23,FMN GV 10 Beerse
39,Antwerpseweg 195,2019-08-04,13:00:00,45,37,8,FMN GV 10 Beerse
39,Antwerpseweg 195,2019-08-04,14:00:00,59,39,20,FMN GV 10 Beerse
39,Antwerpseweg 195,2019-08-04,15:00:00,43,28,15,FMN GV 10 Beerse
39,Antwerpseweg 195,2019-08-04,16:00:00,46,35,11,FMN GV 10 Beerse
39,Antwerpseweg 195,2019-08-04,17:00:00,40,29,11,FMN GV 10 Beerse
39,Antwerpseweg 195,2019-08-04,18:00:00,26,15,11,FMN GV 10 Beerse
39,Antwerpseweg 195,2019-08-04,19:00:00,21,15,6,FMN GV 10 Beerse
39,Antwerpseweg 195,2019-08-04,20:00:00,5,5,0,FMN GV 10 Beerse
39,Antwerpseweg 195,2019-08-04,21:00:00,5,5,0,FMN GV 10 Beerse
39,Antwerpseweg 195,2019-08-04,22:00:00,2,2,0,FMN GV 10 Beerse
39,Antwerpseweg 195,2019-08-04,23:00:00,1,1,0,FMN GV 10 Beerse
39,Antwerpseweg 195,2019-08-05,00:00:00,1,0,1,FMN GV 10 Beerse
39,Antwerpseweg 195,2019-08-05,01:00:00,0,0,0,FMN GV 10 Beerse
39,Antwerpseweg 195,2019-08-05,02:00:00,0,0,0,FMN GV 10 Beerse
39,Antwerpseweg 195,2019-08-05,03:00:00,0,0,0,FMN GV 10 Beerse
39,Antwerpseweg 195,2019-08-05,04:00:00,3,2,1,FMN GV 10 Beerse
39,Antwerpseweg 195,2019-08-05,05:00:00,13,13,0,FMN GV 10 Beerse
39,Antwerpseweg 195,2019-08-05,06:00:00,16,15,1,FMN GV 10 Beerse
39,Antwerpseweg 195,2019-08-05,07:00:00,39,36,3,FMN GV 10 Beerse
39,Antwerpseweg 195,2019-08-05,08:00:00,29,25,4,FMN GV 10 Beerse
39,Antwerpseweg 195,2019-08-05,09:00:00,17,15,2,FMN GV 10 Beerse
39,Antwerpseweg 195,2019-08-05,10:00:00,27,13,14,FMN GV 10 Beerse
39,Antwerpseweg 195,2019-08-05,11:00:00,18,13,5,FMN GV 10 Beerse
39,Antwerpseweg 195,2019-08-05,12:00:00,13,8,5,FMN GV 10 Beerse
39,Antwerpseweg 195,2019-08-05,13:00:00,41,30,11,FMN GV 10 Beerse
39,Antwerpseweg 195,2019-08-05,14:00:00,33,16,17,FMN GV 10 Beerse
39,Antwerpseweg 195,2019-08-05,15:00:00,31,21,10,FMN GV 10 Beerse
39,Antwerpseweg 195,2019-08-05,16:00:00,45,34,11,FMN GV 10 Beerse
39,Antwerpseweg 195,2019-08-05,17:00:00,27,22,5,FMN GV 10 Beerse
39,Antwerpseweg 195,2019-08-05,18:00:00,29,18,11,FMN GV 10 Beerse
39,Antwerpseweg 195,2019-08-05,19:00:00,29,24,5,FMN GV 10 Beerse
39,Antwerpseweg 195,2019-08-05,20:00:00,14,10,4,FMN GV 10 Beerse
39,Antwerpseweg 195,2019-08-05,21:00:00,1,0,1,FMN GV 10 Beerse
39,Antwerpseweg 195,2019-08-05,22:00:00,8,6,2,FMN GV 10 Beerse
39,Antwerpseweg 195,2019-08-05,23:00:00,1,0,1,FMN GV 10 Beerse
39,Antwerpseweg 195,2019-08-06,00:00:00,1,1,0,FMN GV 10 Beerse
39,Antwerpseweg 195,2019-08-06,01:00:00,0,0,0,FMN GV 10 Beerse
39,Antwerpseweg 195,2019-08-06,02:00:00,0,0,0,FMN GV 10 Beerse
39,Antwerpseweg 195,2019-08-06,03:00:00,0,0,0,FMN GV 10 Beerse
39,Antwerpseweg 195,2019-08-06,04:00:00,5,4,1,FMN GV 10 Beerse
39,Antwerpseweg 195,2019-08-06,05:00:00,12,12,0,FMN GV 10 Beerse
39,Antwerpseweg 195,2019-08-06,06:00:00,14,13,1,FMN GV 10 Beerse
39,Antwerpseweg 195,2019-08-06,07:00:00,36,33,3,FMN GV 10 Beerse
39,Antwerpseweg 195,2019-08-06,08:00:00,26,23,3,FMN GV 10 Beerse
39,Antwerpseweg 195,2019-08-06,09:00:00,12,8,4,FMN GV 10 Beerse
39,Antwerpseweg 195,2019-08-06,10:00:00,27,18,9,FMN GV 10 Beerse
39,Antwerpseweg 195,2019-08-06,11:00:00,18,11,7,FMN GV 10 Beerse
39,Antwerpseweg 195,2019-08-06,12:00:00,35,28,7,FMN GV 10 Beerse
39,Antwerpseweg 195,2019-08-06,13:00:00,62,43,19,FMN GV 10 Beerse
39,Antwerpseweg 195,2019-08-06,14:00:00,33,27,6,FMN GV 10 Beerse
39,Antwerpseweg 195,2019-08-06,15:00:00,56,46,10,FMN GV 10 Beerse
39,Antwerpseweg 195,2019-08-06,16:00:00,59,38,21,FMN GV 10 Beerse
39,Antwerpseweg 195,2019-08-06,17:00:00,36,29,7,FMN GV 10 Beerse
39,Antwerpseweg 195,2019-08-06,18:00:00,16,12,4,FMN GV 10 Beerse
39,Antwerpseweg 195,2019-08-06,19:00:00,15,14,1,FMN GV 10 Beerse
39,Antwerpseweg 195,2019-08-06,20:00:00,13,8,5,FMN GV 10 Beerse
39,Antwerpseweg 195,2019-08-06,21:00:00,6,5,1,FMN GV 10 Beerse
39,Antwerpseweg 195,2019-08-06,22:00:00,10,5,5,FMN GV 10 Beerse
39,Antwerpseweg 195,2019-08-06,23:00:00,0,0,0,FMN GV 10 Beerse
39,Antwerpseweg 195,2019-08-07,00:00:00,2,1,1,FMN GV 10 Beerse
39,Antwerpseweg 195,2019-08-07,01:00:00,0,0,0,FMN GV 10 Beerse
39,Antwerpseweg 195,2019-08-07,02:00:00,0,0,0,FMN GV 10 Beerse
39,Antwerpseweg 195,2019-08-07,03:00:00,2,2,0,FMN GV 10 Beerse
39,Antwerpseweg 195,2019-08-07,04:00:00,2,2,0,FMN GV 10 Beerse
39,Antwerpseweg 195,2019-08-07,05:00:00,9,8,1,FMN GV 10 Beerse
39,Antwerpseweg 195,2019-08-07,06:00:00,11,11,0,FMN GV 10 Beerse
39,Antwerpseweg 195,2019-08-07,07:00:00,38,35,3,FMN GV 10 Beerse
39,Antwerpseweg 195,2019-08-07,08:00:00,26,23,3,FMN GV 10 Beerse
39,Antwerpseweg 195,2019-08-07,09:00:00,18,16,2,FMN GV 10 Beerse
39,Antwerpseweg 195,2019-08-07,10:00:00,14,7,7,FMN GV 10 Beerse
39,Antwerpseweg 195,2019-08-07,11:00:00,15,10,5,FMN GV 10 Beerse
39,Antwerpseweg 195,2019-08-07,12:00:00,22,12,10,FMN GV 10 Beerse
39,Antwerpseweg 195,2019-08-07,13:00:00,33,23,10,FMN GV 10 Beerse
39,Antwerpseweg 195,2019-08-07,14:00:00,40,25,15,FMN GV 10 Beerse
39,Antwerpseweg 195,2019-08-07,15:00:00,22,15,7,FMN GV 10 Beerse
39,Antwerpseweg 195,2019-08-07,16:00:00,37,26,11,FMN GV 10 Beerse
39,Antwerpseweg 195,2019-08-07,17:00:00,41,28,13,FMN GV 10 Beerse
39,Antwerpseweg 195,2019-08-07,18:00:00,24,17,7,FMN GV 10 Beerse
39,Antwerpseweg 195,2019-08-07,19:00:00,25,21,4,FMN GV 10 Beerse
39,Antwerpseweg 195,2019-08-07,20:00:00,10,7,3,FMN GV 10 Beerse
39,Antwerpseweg 195,2019-08-07,21:00:00,7,6,1,FMN GV 10 Beerse
39,Antwerpseweg 195,2019-08-07,22:00:00,6,3,3,FMN GV 10 Beerse
39,Antwerpseweg 195,2019-08-07,23:00:00,1,1,0,FMN GV 10 Beerse
39,Antwerpseweg 195,2019-08-08,00:00:00,0,0,0,FMN GV 10 Beerse
39,Antwerpseweg 195,2019-08-08,01:00:00,1,1,0,FMN GV 10 Beerse
39,Antwerpseweg 195,2019-08-08,02:00:00,0,0,0,FMN GV 10 Beerse
39,Antwerpseweg 195,2019-08-08,03:00:00,0,0,0,FMN GV 10 Beerse
39,Antwerpseweg 195,2019-08-08,04:00:00,2,1,1,FMN GV 10 Beerse
39,Antwerpseweg 195,2019-08-08,05:00:00,12,12,0,FMN GV 10 Beerse
39,Antwerpseweg 195,2019-08-08,06:00:00,15,13,2,FMN GV 10 Beerse
39,Antwerpseweg 195,2019-08-08,07:00:00,38,35,3,FMN GV 10 Beerse
39,Antwerpseweg 195,2019-08-08,08:00:00,33,28,5,FMN GV 10 Beerse
39,Antwerpseweg 195,2019-08-08,09:00:00,21,14,7,FMN GV 10 Beerse
39,Antwerpseweg 195,2019-08-08,10:00:00,23,8,15,FMN GV 10 Beerse
39,Antwerpseweg 195,2019-08-08,11:00:00,19,14,5,FMN GV 10 Beerse
39,Antwerpseweg 195,2019-08-08,12:00:00,32,19,13,FMN GV 10 Beerse
39,Antwerpseweg 195,2019-08-08,13:00:00,46,38,8,FMN GV 10 Beerse
39,Antwerpseweg 195,2019-08-08,14:00:00,28,17,11,FMN GV 10 Beerse
39,Antwerpseweg 195,2019-08-08,15:00:00,33,28,5,FMN GV 10 Beerse
39,Antwerpseweg 195,2019-08-08,16:00:00,57,41,16,FMN GV 10 Beerse
39,Antwerpseweg 195,2019-08-08,17:00:00,39,25,14,FMN GV 10 Beerse
39,Antwerpseweg 195,2019-08-08,18:00:00,29,19,10,FMN GV 10 Beerse
39,Antwerpseweg 195,2019-08-08,19:00:00,21,11,10,FMN GV 10 Beerse
39,Antwerpseweg 195,2019-08-08,20:00:00,14,12,2,FMN GV 10 Beerse
39,Antwerpseweg 195,2019-08-08,21:00:00,4,4,0,FMN GV 10 Beerse
39,Antwerpseweg 195,2019-08-08,22:00:00,10,8,2,FMN GV 10 Beerse
39,Antwerpseweg 195,2019-08-08,23:00:00,8,7,1,FMN GV 10 Beerse
39,Antwerpseweg 195,2019-08-09,00:00:00,1,1,0,FMN GV 10 Beerse
39,Antwerpseweg 195,2019-08-09,01:00:00,1,1,0,FMN GV 10 Beerse
39,Antwerpseweg 195,2019-08-09,02:00:00,0,0,0,FMN GV 10 Beerse
39,Antwerpseweg 195,2019-08-09,03:00:00,1,1,0,FMN GV 10 Beerse
39,Antwerpseweg 195,2019-08-09,04:00:00,2,2,0,FMN GV 10 Beerse
39,Antwerpseweg 195,2019-08-09,05:00:00,4,3,1,FMN GV 10 Beerse
39,Antwerpseweg 195,2019-08-09,06:00:00,10,9,1,FMN GV 10 Beerse
39,Antwerpseweg 195,2019-08-09,07:00:00,20,19,1,FMN GV 10 Beerse
39,Antwerpseweg 195,2019-08-09,08:00:00,7,7,0,FMN GV 10 Beerse
39,Antwerpseweg 195,2019-08-09,09:00:00,7,4,3,FMN GV 10 Beerse
39,Antwerpseweg 195,2019-08-09,10:00:00,3,3,0,FMN GV 10 Beerse
39,Antwerpseweg 195,2019-08-09,11:00:00,7,6,1,FMN GV 10 Beerse
39,Antwerpseweg 195,2019-08-09,12:00:00,12,10,2,FMN GV 10 Beerse
39,Antwerpseweg 195,2019-08-09,13:00:00,7,4,3,FMN GV 10 Beerse
39,Antwerpseweg 195,2019-08-09,14:00:00,8,5,3,FMN GV 10 Beerse
39,Antwerpseweg 195,2019-08-09,15:00:00,8,7,1,FMN GV 10 Beerse
39,Antwerpseweg 195,2019-08-09,16:00:00,17,11,6,FMN GV 10 Beerse
39,Antwerpseweg 195,2019-08-09,17:00:00,15,12,3,FMN GV 10 Beerse
39,Antwerpseweg 195,2019-08-09,18:00:00,5,1,4,FMN GV 10 Beerse
39,Antwerpseweg 195,2019-08-09,19:00:00,7,4,3,FMN GV 10 Beerse
39,Antwerpseweg 195,2019-08-09,20:00:00,6,4,2,FMN GV 10 Beerse
39,Antwerpseweg 195,2019-08-09,21:00:00,2,1,1,FMN GV 10 Beerse
39,Antwerpseweg 195,2019-08-09,22:00:00,3,2,1,FMN GV 10 Beerse
39,Antwerpseweg 195,2019-08-09,23:00:00,1,1,0,FMN GV 10 Beerse
39,Antwerpseweg 195,2019-08-10,00:00:00,2,1,1,FMN GV 10 Beerse
39,Antwerpseweg 195,2019-08-10,01:00:00,3,1,2,FMN GV 10 Beerse
39,Antwerpseweg 195,2019-08-10,02:00:00,2,2,0,FMN GV 10 Beerse
39,Antwerpseweg 195,2019-08-10,03:00:00,2,2,0,FMN GV 10 Beerse
39,Antwerpseweg 195,2019-08-10,04:00:00,0,0,0,FMN GV 10 Beerse
39,Antwerpseweg 195,2019-08-10,05:00:00,1,1,0,FMN GV 10 Beerse
39,Antwerpseweg 195,2019-08-10,06:00:00,2,2,0,FMN GV 10 Beerse
39,Antwerpseweg 195,2019-08-10,07:00:00,2,0,2,FMN GV 10 Beerse
39,Antwerpseweg 195,2019-08-10,08:00:00,1,0,1,FMN GV 10 Beerse
39,Antwerpseweg 195,2019-08-10,09:00:00,4,3,1,FMN GV 10 Beerse
39,Antwerpseweg 195,2019-08-10,10:00:00,9,5,4,FMN GV 10 Beerse
39,Antwerpseweg 195,2019-08-10,11:00:00,11,11,0,FMN GV 10 Beerse
39,Antwerpseweg 195,2019-08-10,12:00:00,7,6,1,FMN GV 10 Beerse
39,Antwerpseweg 195,2019-08-10,13:00:00,22,18,4,FMN GV 10 Beerse
39,Antwerpseweg 195,2019-08-10,14:00:00,13,8,5,FMN GV 10 Beerse
39,Antwerpseweg 195,2019-08-10,15:00:00,15,9,6,FMN GV 10 Beerse
39,Antwerpseweg 195,2019-08-10,16:00:00,20,10,10,FMN GV 10 Beerse
39,Antwerpseweg 195,2019-08-10,17:00:00,6,4,2,FMN GV 10 Beerse
39,Antwerpseweg 195,2019-08-10,18:00:00,9,9,0,FMN GV 10 Beerse
39,Antwerpseweg 195,2019-08-10,19:00:00,5,3,2,FMN GV 10 Beerse
39,Antwerpseweg 195,2019-08-10,20:00:00,8,6,2,FMN GV 10 Beerse
39,Antwerpseweg 195,2019-08-10,21:00:00,4,1,3,FMN GV 10 Beerse
39,Antwerpseweg 195,2019-08-10,22:00:00,3,1,2,FMN GV 10 Beerse
39,Antwerpseweg 195,2019-08-10,23:00:00,1,1,0,FMN GV 10 Beerse
39,Antwerpseweg 195,2019-08-11,00:00:00,0,0,0,FMN GV 10 Beerse
39,Antwerpseweg 195,2019-08-11,01:00:00,1,0,1,FMN GV 10 Beerse
39,Antwerpseweg 195,2019-08-11,02:00:00,2,0,2,FMN GV 10 Beerse
39,Antwerpseweg 195,2019-08-11,03:00:00,1,1,0,FMN GV 10 Beerse
39,Antwerpseweg 195,2019-08-11,04:00:00,2,2,0,FMN GV 10 Beerse
39,Antwerpseweg 195,2019-08-11,05:00:00,1,1,0,FMN GV 10 Beerse
39,Antwerpseweg 195,2019-08-11,06:00:00,3,3,0,FMN GV 10 Beerse
39,Antwerpseweg 195,2019-08-11,07:00:00,2,2,0,FMN GV 10 Beerse
39,Antwerpseweg 195,2019-08-11,08:00:00,5,4,1,FMN GV 10 Beerse
39,Antwerpseweg 195,2019-08-11,09:00:00,22,5,17,FMN GV 10 Beerse
39,Antwerpseweg 195,2019-08-11,10:00:00,18,8,10,FMN GV 10 Beerse
39,Antwerpseweg 195,2019-08-11,11:00:00,48,39,9,FMN GV 10 Beerse
39,Antwerpseweg 195,2019-08-11,12:00:00,34,20,14,FMN GV 10 Beerse
39,Antwerpseweg 195,2019-08-11,13:00:00,25,11,14,FMN GV 10 Beerse
39,Antwerpseweg 195,2019-08-11,14:00:00,43,26,17,FMN GV 10 Beerse
39,Antwerpseweg 195,2019-08-11,15:00:00,41,24,17,FMN GV 10 Beerse
39,Antwerpseweg 195,2019-08-11,16:00:00,26,13,13,FMN GV 10 Beerse
39,Antwerpseweg 195,2019-08-11,17:00:00,24,19,5,FMN GV 10 Beerse
39,Antwerpseweg 195,2019-08-11,18:00:00,23,15,8,FMN GV 10 Beerse
39,Antwerpseweg 195,2019-08-11,19:00:00,8,4,4,FMN GV 10 Beerse
39,Antwerpseweg 195,2019-08-11,20:00:00,22,10,12,FMN GV 10 Beerse
39,Antwerpseweg 195,2019-08-11,21:00:00,16,6,10,FMN GV 10 Beerse
39,Antwerpseweg 195,2019-08-11,22:00:00,4,2,2,FMN GV 10 Beerse
39,Antwerpseweg 195,2019-08-11,23:00:00,0,0,0,FMN GV 10 Beerse
39,Antwerpseweg 195,2019-08-12,00:00:00,2,2,0,FMN GV 10 Beerse
39,Antwerpseweg 195,2019-08-12,01:00:00,0,0,0,FMN GV 10 Beerse
39,Antwerpseweg 195,2019-08-12,02:00:00,0,0,0,FMN GV 10 Beerse
39,Antwerpseweg 195,2019-08-12,03:00:00,0,0,0,FMN GV 10 Beerse
39,Antwerpseweg 195,2019-08-12,04:00:00,3,2,1,FMN GV 10 Beerse
39,Antwerpseweg 195,2019-08-12,05:00:00,9,8,1,FMN GV 10 Beerse
39,Antwerpseweg 195,2019-08-12,06:00:00,12,10,2,FMN GV 10 Beerse
39,Antwerpseweg 195,2019-08-12,07:00:00,35,32,3,FMN GV 10 Beerse
39,Antwerpseweg 195,2019-08-12,08:00:00,23,20,3,FMN GV 10 Beerse
39,Antwerpseweg 195,2019-08-12,09:00:00,12,10,2,FMN GV 10 Beerse
39,Antwerpseweg 195,2019-08-12,10:00:00,14,10,4,FMN GV 10 Beerse
39,Antwerpseweg 195,2019-08-12,11:00:00,16,12,4,FMN GV 10 Beerse
39,Antwerpseweg 195,2019-08-12,12:00:00,19,14,5,FMN GV 10 Beerse
39,Antwerpseweg 195,2019-08-12,13:00:00,16,14,2,FMN GV 10 Beerse
39,Antwerpseweg 195,2019-08-12,14:00:00,26,13,13,FMN GV 10 Beerse
39,Antwerpseweg 195,2019-08-12,15:00:00,24,11,13,FMN GV 10 Beerse
39,Antwerpseweg 195,2019-08-12,16:00:00,24,17,7,FMN GV 10 Beerse
39,Antwerpseweg 195,2019-08-12,17:00:00,20,14,6,FMN GV 10 Beerse
39,Antwerpseweg 195,2019-08-12,18:00:00,11,8,3,FMN GV 10 Beerse
39,Antwerpseweg 195,2019-08-12,19:00:00,6,4,2,FMN GV 10 Beerse
39,Antwerpseweg 195,2019-08-12,20:00:00,11,4,7,FMN GV 10 Beerse
39,Antwerpseweg 195,2019-08-12,21:00:00,5,3,2,FMN GV 10 Beerse
39,Antwerpseweg 195,2019-08-12,22:00:00,2,2,0,FMN GV 10 Beerse
39,Antwerpseweg 195,2019-08-12,23:00:00,3,2,1,FMN GV 10 Beerse
39,Antwerpseweg 195,2019-08-13,00:00:00,0,0,0,FMN GV 10 Beerse
39,Antwerpseweg 195,2019-08-13,01:00:00,0,0,0,FMN GV 10 Beerse
39,Antwerpseweg 195,2019-08-13,02:00:00,0,0,0,FMN GV 10 Beerse
39,Antwerpseweg 195,2019-08-13,03:00:00,0,0,0,FMN GV 10 Beerse
39,Antwerpseweg 195,2019-08-13,04:00:00,3,3,0,FMN GV 10 Beerse
39,Antwerpseweg 195,2019-08-13,05:00:00,5,4,1,FMN GV 10 Beerse
39,Antwerpseweg 195,2019-08-13,06:00:00,6,5,1,FMN GV 10 Beerse
39,Antwerpseweg 195,2019-08-13,07:00:00,23,22,1,FMN GV 10 Beerse
39,Antwerpseweg 195,2019-08-13,08:00:00,22,20,2,FMN GV 10 Beerse
39,Antwerpseweg 195,2019-08-13,09:00:00,8,5,3,FMN GV 10 Beerse
39,Antwerpseweg 195,2019-08-13,10:00:00,8,7,1,FMN GV 10 Beerse
39,Antwerpseweg 195,2019-08-13,11:00:00,16,7,9,FMN GV 10 Beerse
39,Antwerpseweg 195,2019-08-13,12:00:00,16,8,8,FMN GV 10 Beerse
39,Antwerpseweg 195,2019-08-13,13:00:00,24,8,16,FMN GV 10 Beerse
39,Antwerpseweg 195,2019-08-13,14:00:00,15,14,1,FMN GV 10 Beerse
39,Antwerpseweg 195,2019-08-13,15:00:00,5,4,1,FMN GV 10 Beerse
39,Antwerpseweg 195,2019-08-13,16:00:00,20,15,5,FMN GV 10 Beerse
39,Antwerpseweg 195,2019-08-13,17:00:00,15,13,2,FMN GV 10 Beerse
39,Antwerpseweg 195,2019-08-13,18:00:00,14,9,5,FMN GV 10 Beerse
39,Antwerpseweg 195,2019-08-13,19:00:00,7,3,4,FMN GV 10 Beerse
39,Antwerpseweg 195,2019-08-13,20:00:00,7,5,2,FMN GV 10 Beerse
39,Antwerpseweg 195,2019-08-13,21:00:00,6,5,1,FMN GV 10 Beerse
39,Antwerpseweg 195,2019-08-13,22:00:00,3,2,1,FMN GV 10 Beerse
39,Antwerpseweg 195,2019-08-13,23:00:00,0,0,0,FMN GV 10 Beerse
39,Antwerpseweg 195,2019-08-14,00:00:00,1,1,0,FMN GV 10 Beerse
39,Antwerpseweg 195,2019-08-14,01:00:00,1,1,0,FMN GV 10 Beerse
39,Antwerpseweg 195,2019-08-14,02:00:00,0,0,0,FMN GV 10 Beerse
39,Antwerpseweg 195,2019-08-14,03:00:00,2,1,1,FMN GV 10 Beerse
39,Antwerpseweg 195,2019-08-14,04:00:00,3,2,1,FMN GV 10 Beerse
39,Antwerpseweg 195,2019-08-14,05:00:00,4,4,0,FMN GV 10 Beerse
39,Antwerpseweg 195,2019-08-14,06:00:00,12,10,2,FMN GV 10 Beerse
39,Antwerpseweg 195,2019-08-14,07:00:00,25,23,2,FMN GV 10 Beerse
39,Antwerpseweg 195,2019-08-14,08:00:00,16,13,3,FMN GV 10 Beerse
39,Antwerpseweg 195,2019-08-14,09:00:00,15,10,5,FMN GV 10 Beerse
39,Antwerpseweg 195,2019-08-14,10:00:00,15,14,1,FMN GV 10 Beerse
39,Antwerpseweg 195,2019-08-14,11:00:00,22,15,7,FMN GV 10 Beerse
39,Antwerpseweg 195,2019-08-14,12:00:00,19,11,8,FMN GV 10 Beerse
39,Antwerpseweg 195,2019-08-14,13:00:00,24,14,10,FMN GV 10 Beerse
39,Antwerpseweg 195,2019-08-14,14:00:00,23,13,10,FMN GV 10 Beerse
39,Antwerpseweg 195,2019-08-14,15:00:00,19,14,5,FMN GV 10 Beerse
39,Antwerpseweg 195,2019-08-14,16:00:00,18,13,5,FMN GV 10 Beerse
39,Antwerpseweg 195,2019-08-14,17:00:00,20,16,4,FMN GV 10 Beerse
39,Antwerpseweg 195,2019-08-14,18:00:00,18,16,2,FMN GV 10 Beerse
39,Antwerpseweg 195,2019-08-14,19:00:00,7,6,1,FMN GV 10 Beerse
39,Antwerpseweg 195,2019-08-14,20:00:00,3,3,0,FMN GV 10 Beerse
39,Antwerpseweg 195,2019-08-14,21:00:00,6,6,0,FMN GV 10 Beerse
39,Antwerpseweg 195,2019-08-14,22:00:00,3,3,0,FMN GV 10 Beerse
39,Antwerpseweg 195,2019-08-14,23:00:00,1,1,0,FMN GV 10 Beerse
39,Antwerpseweg 195,2019-08-15,00:00:00,0,0,0,FMN GV 10 Beerse
39,Antwerpseweg 195,2019-08-15,01:00:00,0,0,0,FMN GV 10 Beerse
39,Antwerpseweg 195,2019-08-15,02:00:00,0,0,0,FMN GV 10 Beerse
39,Antwerpseweg 195,2019-08-15,03:00:00,0,0,0,FMN GV 10 Beerse
39,Antwerpseweg 195,2019-08-15,04:00:00,0,0,0,FMN GV 10 Beerse
39,Antwerpseweg 195,2019-08-15,05:00:00,2,2,0,FMN GV 10 Beerse
39,Antwerpseweg 195,2019-08-15,06:00:00,0,0,0,FMN GV 10 Beerse
39,Antwerpseweg 195,2019-08-15,07:00:00,1,1,0,FMN GV 10 Beerse
39,Antwerpseweg 195,2019-08-15,08:00:00,12,10,2,FMN GV 10 Beerse
39,Antwerpseweg 195,2019-08-15,09:00:00,5,3,2,FMN GV 10 Beerse
39,Antwerpseweg 195,2019-08-15,10:00:00,2,1,1,FMN GV 10 Beerse
39,Antwerpseweg 195,2019-08-15,11:00:00,15,8,7,FMN GV 10 Beerse
39,Antwerpseweg 195,2019-08-15,12:00:00,9,8,1,FMN GV 10 Beerse
39,Antwerpseweg 195,2019-08-15,13:00:00,9,5,4,FMN GV 10 Beerse
39,Antwerpseweg 195,2019-08-15,14:00:00,13,3,10,FMN GV 10 Beerse
39,Antwerpseweg 195,2019-08-15,15:00:00,11,9,2,FMN GV 10 Beerse
39,Antwerpseweg 195,2019-08-15,16:00:00,10,6,4,FMN GV 10 Beerse
39,Antwerpseweg 195,2019-08-15,17:00:00,20,9,11,FMN GV 10 Beerse
39,Antwerpseweg 195,2019-08-15,18:00:00,21,5,16,FMN GV 10 Beerse
39,Antwerpseweg 195,2019-08-15,19:00:00,7,0,7,FMN GV 10 Beerse
39,Antwerpseweg 195,2019-08-15,20:00:00,23,5,18,FMN GV 10 Beerse
39,Antwerpseweg 195,2019-08-15,21:00:00,11,1,10,FMN GV 10 Beerse
39,Antwerpseweg 195,2019-08-15,22:00:00,8,8,0,FMN GV 10 Beerse
39,Antwerpseweg 195,2019-08-15,23:00:00,3,3,0,FMN GV 10 Beerse
39,Antwerpseweg 195,2019-08-16,00:00:00,7,7,0,FMN GV 10 Beerse
39,Antwerpseweg 195,2019-08-16,01:00:00,12,11,1,FMN GV 10 Beerse
39,Antwerpseweg 195,2019-08-16,02:00:00,18,18,0,FMN GV 10 Beerse
39,Antwerpseweg 195,2019-08-16,03:00:00,18,18,0,FMN GV 10 Beerse
39,Antwerpseweg 195,2019-08-16,04:00:00,9,9,0,FMN GV 10 Beerse
39,Antwerpseweg 195,2019-08-16,05:00:00,2,1,1,FMN GV 10 Beerse
39,Antwerpseweg 195,2019-08-16,06:00:00,3,3,0,FMN GV 10 Beerse
39,Antwerpseweg 195,2019-08-16,07:00:00,11,9,2,FMN GV 10 Beerse
39,Antwerpseweg 195,2019-08-16,08:00:00,12,7,5,FMN GV 10 Beerse
39,Antwerpseweg 195,2019-08-16,09:00:00,5,5,0,FMN GV 10 Beerse
39,Antwerpseweg 195,2019-08-16,10:00:00,8,5,3,FMN GV 10 Beerse
39,Antwerpseweg 195,2019-08-16,11:00:00,12,7,5,FMN GV 10 Beerse
39,Antwerpseweg 195,2019-08-16,12:00:00,20,19,1,FMN GV 10 Beerse
39,Antwerpseweg 195,2019-08-16,13:00:00,22,14,8,FMN GV 10 Beerse
39,Antwerpseweg 195,2019-08-16,14:00:00,33,22,11,FMN GV 10 Beerse
39,Antwerpseweg 195,2019-08-16,15:00:00,33,23,10,FMN GV 10 Beerse
39,Antwerpseweg 195,2019-08-16,16:00:00,34,27,7,FMN GV 10 Beerse
39,Antwerpseweg 195,2019-08-16,17:00:00,30,18,12,FMN GV 10 Beerse
39,Antwerpseweg 195,2019-08-16,18:00:00,16,10,6,FMN GV 10 Beerse
39,Antwerpseweg 195,2019-08-16,19:00:00,31,13,18,FMN GV 10 Beerse
39,Antwerpseweg 195,2019-08-16,20:00:00,40,3,37,FMN GV 10 Beerse
39,Antwerpseweg 195,2019-08-16,21:00:00,14,1,13,FMN GV 10 Beerse
39,Antwerpseweg 195,2019-08-16,22:00:00,5,4,1,FMN GV 10 Beerse
39,Antwerpseweg 195,2019-08-16,23:00:00,4,4,0,FMN GV 10 Beerse
39,Antwerpseweg 195,2019-08-17,00:00:00,13,10,3,FMN GV 10 Beerse
39,Antwerpseweg 195,2019-08-17,01:00:00,30,27,3,FMN GV 10 Beerse
39,Antwerpseweg 195,2019-08-17,02:00:00,17,17,0,FMN GV 10 Beerse
39,Antwerpseweg 195,2019-08-17,03:00:00,30,26,4,FMN GV 10 Beerse
39,Antwerpseweg 195,2019-08-17,04:00:00,7,7,0,FMN GV 10 Beerse
39,Antwerpseweg 195,2019-08-17,05:00:00,4,4,0,FMN GV 10 Beerse
39,Antwerpseweg 195,2019-08-17,06:00:00,0,0,0,FMN GV 10 Beerse
39,Antwerpseweg 195,2019-08-17,07:00:00,2,0,2,FMN GV 10 Beerse
39,Antwerpseweg 195,2019-08-17,08:00:00,5,1,4,FMN GV 10 Beerse
39,Antwerpseweg 195,2019-08-17,09:00:00,1,1,0,FMN GV 10 Beerse
39,Antwerpseweg 195,2019-08-17,10:00:00,17,9,8,FMN GV 10 Beerse
39,Antwerpseweg 195,2019-08-17,11:00:00,16,5,11,FMN GV 10 Beerse
39,Antwerpseweg 195,2019-08-17,12:00:00,47,9,38,FMN GV 10 Beerse
39,Antwerpseweg 195,2019-08-17,13:00:00,74,63,11,FMN GV 10 Beerse
39,Antwerpseweg 195,2019-08-17,14:00:00,42,25,17,FMN GV 10 Beerse
39,Antwerpseweg 195,2019-08-17,15:00:00,28,9,19,FMN GV 10 Beerse
39,Antwerpseweg 195,2019-08-17,16:00:00,21,14,7,FMN GV 10 Beerse
39,Antwerpseweg 195,2019-08-17,17:00:00,42,37,5,FMN GV 10 Beerse
39,Antwerpseweg 195,2019-08-17,18:00:00,20,14,6,FMN GV 10 Beerse
39,Antwerpseweg 195,2019-08-17,19:00:00,12,8,4,FMN GV 10 Beerse
39,Antwerpseweg 195,2019-08-17,20:00:00,18,14,4,FMN GV 10 Beerse
39,Antwerpseweg 195,2019-08-17,21:00:00,11,3,8,FMN GV 10 Beerse
39,Antwerpseweg 195,2019-08-17,22:00:00,18,3,15,FMN GV 10 Beerse
39,Antwerpseweg 195,2019-08-17,23:00:00,19,5,14,FMN GV 10 Beerse
39,Antwerpseweg 195,2019-08-18,00:00:00,9,7,2,FMN GV 10 Beerse
39,Antwerpseweg 195,2019-08-18,01:00:00,21,19,2,FMN GV 10 Beerse
39,Antwerpseweg 195,2019-08-18,02:00:00,17,17,0,FMN GV 10 Beerse
39,Antwerpseweg 195,2019-08-18,03:00:00,38,33,5,FMN GV 10 Beerse
39,Antwerpseweg 195,2019-08-18,04:00:00,15,15,0,FMN GV 10 Beerse
39,Antwerpseweg 195,2019-08-18,05:00:00,2,2,0,FMN GV 10 Beerse
39,Antwerpseweg 195,2019-08-18,06:00:00,2,2,0,FMN GV 10 Beerse
39,Antwerpseweg 195,2019-08-18,07:00:00,2,2,0,FMN GV 10 Beerse
39,Antwerpseweg 195,2019-08-18,08:00:00,1,1,0,FMN GV 10 Beerse
39,Antwerpseweg 195,2019-08-18,09:00:00,2,2,0,FMN GV 10 Beerse
39,Antwerpseweg 195,2019-08-18,10:00:00,8,5,3,FMN GV 10 Beerse
39,Antwerpseweg 195,2019-08-18,11:00:00,3,0,3,FMN GV 10 Beerse
39,Antwerpseweg 195,2019-08-18,12:00:00,6,3,3,FMN GV 10 Beerse
39,Antwerpseweg 195,2019-08-18,13:00:00,12,5,7,FMN GV 10 Beerse
39,Antwerpseweg 195,2019-08-18,14:00:00,27,14,13,FMN GV 10 Beerse
39,Antwerpseweg 195,2019-08-18,15:00:00,21,6,15,FMN GV 10 Beerse
39,Antwerpseweg 195,2019-08-18,16:00:00,13,9,4,FMN GV 10 Beerse
39,Antwerpseweg 195,2019-08-18,17:00:00,20,15,5,FMN GV 10 Beerse
39,Antwerpseweg 195,2019-08-18,18:00:00,35,13,22,FMN GV 10 Beerse
39,Antwerpseweg 195,2019-08-18,19:00:00,29,20,9,FMN GV 10 Beerse
39,Antwerpseweg 195,2019-08-18,20:00:00,20,6,14,FMN GV 10 Beerse
39,Antwerpseweg 195,2019-08-18,21:00:00,14,4,10,FMN GV 10 Beerse
39,Antwerpseweg 195,2019-08-18,22:00:00,2,1,1,FMN GV 10 Beerse
39,Antwerpseweg 195,2019-08-18,23:00:00,9,9,0,FMN GV 10 Beerse
39,Antwerpseweg 195,2019-08-19,00:00:00,7,7,0,FMN GV 10 Beerse
39,Antwerpseweg 195,2019-08-19,01:00:00,16,14,2,FMN GV 10 Beerse
39,Antwerpseweg 195,2019-08-19,02:00:00,9,9,0,FMN GV 10 Beerse
39,Antwerpseweg 195,2019-08-19,03:00:00,10,10,0,FMN GV 10 Beerse
39,Antwerpseweg 195,2019-08-19,04:00:00,8,5,3,FMN GV 10 Beerse
39,Antwerpseweg 195,2019-08-19,05:00:00,15,13,2,FMN GV 10 Beerse
39,Antwerpseweg 195,2019-08-19,06:00:00,13,10,3,FMN GV 10 Beerse
39,Antwerpseweg 195,2019-08-19,07:00:00,36,32,4,FMN GV 10 Beerse
39,Antwerpseweg 195,2019-08-19,08:00:00,19,17,2,FMN GV 10 Beerse
39,Antwerpseweg 195,2019-08-19,09:00:00,10,10,0,FMN GV 10 Beerse
39,Antwerpseweg 195,2019-08-19,10:00:00,4,3,1,FMN GV 10 Beerse
39,Antwerpseweg 195,2019-08-19,11:00:00,10,6,4,FMN GV 10 Beerse
39,Antwerpseweg 195,2019-08-19,12:00:00,30,23,7,FMN GV 10 Beerse
39,Antwerpseweg 195,2019-08-19,13:00:00,31,21,10,FMN GV 10 Beerse
39,Antwerpseweg 195,2019-08-19,14:00:00,41,25,16,FMN GV 10 Beerse
39,Antwerpseweg 195,2019-08-19,15:00:00,50,29,21,FMN GV 10 Beerse
39,Antwerpseweg 195,2019-08-19,16:00:00,48,27,21,FMN GV 10 Beerse
39,Antwerpseweg 195,2019-08-19,17:00:00,44,33,11,FMN GV 10 Beerse
39,Antwerpseweg 195,2019-08-19,18:00:00,10,6,4,FMN GV 10 Beerse
39,Antwerpseweg 195,2019-08-19,19:00:00,11,8,3,FMN GV 10 Beerse
39,Antwerpseweg 195,2019-08-19,20:00:00,1,1,0,FMN GV 10 Beerse
39,Antwerpseweg 195,2019-08-19,21:00:00,2,1,1,FMN GV 10 Beerse
39,Antwerpseweg 195,2019-08-19,22:00:00,8,6,2,FMN GV 10 Beerse
39,Antwerpseweg 195,2019-08-19,23:00:00,0,0,0,FMN GV 10 Beerse
39,Antwerpseweg 195,2019-08-20,00:00:00,1,1,0,FMN GV 10 Beerse
39,Antwerpseweg 195,2019-08-20,01:00:00,0,0,0,FMN GV 10 Beerse
39,Antwerpseweg 195,2019-08-20,02:00:00,0,0,0,FMN GV 10 Beerse
39,Antwerpseweg 195,2019-08-20,03:00:00,0,0,0,FMN GV 10 Beerse
39,Antwerpseweg 195,2019-08-20,04:00:00,4,3,1,FMN GV 10 Beerse
39,Antwerpseweg 195,2019-08-20,05:00:00,8,8,0,FMN GV 10 Beerse
39,Antwerpseweg 195,2019-08-20,06:00:00,16,13,3,FMN GV 10 Beerse
39,Antwerpseweg 195,2019-08-20,07:00:00,43,38,5,FMN GV 10 Beerse
39,Antwerpseweg 195,2019-08-20,08:00:00,26,21,5,FMN GV 10 Beerse
39,Antwerpseweg 195,2019-08-20,09:00:00,14,9,5,FMN GV 10 Beerse
39,Antwerpseweg 195,2019-08-20,10:00:00,18,15,3,FMN GV 10 Beerse
39,Antwerpseweg 195,2019-08-20,11:00:00,14,10,4,FMN GV 10 Beerse
39,Antwerpseweg 195,2019-08-20,12:00:00,16,12,4,FMN GV 10 Beerse
39,Antwerpseweg 195,2019-08-20,13:00:00,37,26,11,FMN GV 10 Beerse
39,Antwerpseweg 195,2019-08-20,14:00:00,32,18,14,FMN GV 10 Beerse
39,Antwerpseweg 195,2019-08-20,15:00:00,41,29,12,FMN GV 10 Beerse
39,Antwerpseweg 195,2019-08-20,16:00:00,46,33,13,FMN GV 10 Beerse
39,Antwerpseweg 195,2019-08-20,17:00:00,40,30,10,FMN GV 10 Beerse
39,Antwerpseweg 195,2019-08-20,18:00:00,25,14,11,FMN GV 10 Beerse
39,Antwerpseweg 195,2019-08-20,19:00:00,18,11,7,FMN GV 10 Beerse
39,Antwerpseweg 195,2019-08-20,20:00:00,9,8,1,FMN GV 10 Beerse
39,Antwerpseweg 195,2019-08-20,21:00:00,6,5,1,FMN GV 10 Beerse
39,Antwerpseweg 195,2019-08-20,22:00:00,6,3,3,FMN GV 10 Beerse
39,Antwerpseweg 195,2019-08-20,23:00:00,0,0,0,FMN GV 10 Beerse
39,Antwerpseweg 195,2019-08-21,00:00:00,0,0,0,FMN GV 10 Beerse
39,Antwerpseweg 195,2019-08-21,01:00:00,0,0,0,FMN GV 10 Beerse
39,Antwerpseweg 195,2019-08-21,02:00:00,0,0,0,FMN GV 10 Beerse
39,Antwerpseweg 195,2019-08-21,03:00:00,1,1,0,FMN GV 10 Beerse
39,Antwerpseweg 195,2019-08-21,04:00:00,4,3,1,FMN GV 10 Beerse
39,Antwerpseweg 195,2019-08-21,05:00:00,9,9,0,FMN GV 10 Beerse
39,Antwerpseweg 195,2019-08-21,06:00:00,14,11,3,FMN GV 10 Beerse
39,Antwerpseweg 195,2019-08-21,07:00:00,38,34,4,FMN GV 10 Beerse
39,Antwerpseweg 195,2019-08-21,08:00:00,34,27,7,FMN GV 10 Beerse
39,Antwerpseweg 195,2019-08-21,09:00:00,25,25,0,FMN GV 10 Beerse
39,Antwerpseweg 195,2019-08-21,10:00:00,15,11,4,FMN GV 10 Beerse
39,Antwerpseweg 195,2019-08-21,11:00:00,29,18,11,FMN GV 10 Beerse
39,Antwerpseweg 195,2019-08-21,12:00:00,23,14,9,FMN GV 10 Beerse
39,Antwerpseweg 195,2019-08-21,13:00:00,32,20,12,FMN GV 10 Beerse
39,Antwerpseweg 195,2019-08-21,14:00:00,42,30,12,FMN GV 10 Beerse
39,Antwerpseweg 195,2019-08-21,15:00:00,34,26,8,FMN GV 10 Beerse
39,Antwerpseweg 195,2019-08-21,16:00:00,49,37,12,FMN GV 10 Beerse
39,Antwerpseweg 195,2019-08-21,17:00:00,69,57,12,FMN GV 10 Beerse
39,Antwerpseweg 195,2019-08-21,18:00:00,23,13,10,FMN GV 10 Beerse
39,Antwerpseweg 195,2019-08-21,19:00:00,25,14,11,FMN GV 10 Beerse
39,Antwerpseweg 195,2019-08-21,20:00:00,33,28,5,FMN GV 10 Beerse
39,Antwerpseweg 195,2019-08-21,21:00:00,12,10,2,FMN GV 10 Beerse
39,Antwerpseweg 195,2019-08-21,22:00:00,8,3,5,FMN GV 10 Beerse
39,Antwerpseweg 195,2019-08-21,23:00:00,2,0,2,FMN GV 10 Beerse
39,Antwerpseweg 195,2019-08-22,00:00:00,1,1,0,FMN GV 10 Beerse
39,Antwerpseweg 195,2019-08-22,01:00:00,0,0,0,FMN GV 10 Beerse
39,Antwerpseweg 195,2019-08-22,02:00:00,0,0,0,FMN GV 10 Beerse
39,Antwerpseweg 195,2019-08-22,03:00:00,1,1,0,FMN GV 10 Beerse
39,Antwerpseweg 195,2019-08-22,04:00:00,2,2,0,FMN GV 10 Beerse
39,Antwerpseweg 195,2019-08-22,05:00:00,9,8,1,FMN GV 10 Beerse
39,Antwerpseweg 195,2019-08-22,06:00:00,16,13,3,FMN GV 10 Beerse
39,Antwerpseweg 195,2019-08-22,07:00:00,39,36,3,FMN GV 10 Beerse
39,Antwerpseweg 195,2019-08-22,08:00:00,37,27,10,FMN GV 10 Beerse
39,Antwerpseweg 195,2019-08-22,09:00:00,9,8,1,FMN GV 10 Beerse
39,Antwerpseweg 195,2019-08-22,10:00:00,13,10,3,FMN GV 10 Beerse
39,Antwerpseweg 195,2019-08-22,11:00:00,18,12,6,FMN GV 10 Beerse
39,Antwerpseweg 195,2019-08-22,12:00:00,36,27,9,FMN GV 10 Beerse
39,Antwerpseweg 195,2019-08-22,13:00:00,32,23,9,FMN GV 10 Beerse
39,Antwerpseweg 195,2019-08-22,14:00:00,52,35,17,FMN GV 10 Beerse
39,Antwerpseweg 195,2019-08-22,15:00:00,40,27,13,FMN GV 10 Beerse
39,Antwerpseweg 195,2019-08-22,16:00:00,54,40,14,FMN GV 10 Beerse
39,Antwerpseweg 195,2019-08-22,17:00:00,52,36,16,FMN GV 10 Beerse
39,Antwerpseweg 195,2019-08-22,18:00:00,42,27,15,FMN GV 10 Beerse
39,Antwerpseweg 195,2019-08-22,19:00:00,23,12,11,FMN GV 10 Beerse
39,Antwerpseweg 195,2019-08-22,20:00:00,14,7,7,FMN GV 10 Beerse
39,Antwerpseweg 195,2019-08-22,21:00:00,11,9,2,FMN GV 10 Beerse
39,Antwerpseweg 195,2019-08-22,22:00:00,8,7,1,FMN GV 10 Beerse
39,Antwerpseweg 195,2019-08-22,23:00:00,9,8,1,FMN GV 10 Beerse
39,Antwerpseweg 195,2019-08-23,00:00:00,2,1,1,FMN GV 10 Beerse
39,Antwerpseweg 195,2019-08-23,01:00:00,0,0,0,FMN GV 10 Beerse
39,Antwerpseweg 195,2019-08-23,02:00:00,0,0,0,FMN GV 10 Beerse
39,Antwerpseweg 195,2019-08-23,03:00:00,1,0,1,FMN GV 10 Beerse
39,Antwerpseweg 195,2019-08-23,04:00:00,1,1,0,FMN GV 10 Beerse
39,Antwerpseweg 195,2019-08-23,05:00:00,12,12,0,FMN GV 10 Beerse
39,Antwerpseweg 195,2019-08-23,06:00:00,15,13,2,FMN GV 10 Beerse
39,Antwerpseweg 195,2019-08-23,07:00:00,34,34,0,FMN GV 10 Beerse
39,Antwerpseweg 195,2019-08-23,08:00:00,25,22,3,FMN GV 10 Beerse
39,Antwerpseweg 195,2019-08-23,09:00:00,14,10,4,FMN GV 10 Beerse
39,Antwerpseweg 195,2019-08-23,10:00:00,13,13,0,FMN GV 10 Beerse
39,Antwerpseweg 195,2019-08-23,11:00:00,18,13,5,FMN GV 10 Beerse
39,Antwerpseweg 195,2019-08-23,12:00:00,19,13,6,FMN GV 10 Beerse
39,Antwerpseweg 195,2019-08-23,13:00:00,40,22,18,FMN GV 10 Beerse
39,Antwerpseweg 195,2019-08-23,14:00:00,33,18,15,FMN GV 10 Beerse
39,Antwerpseweg 195,2019-08-23,15:00:00,40,30,10,FMN GV 10 Beerse
39,Antwerpseweg 195,2019-08-23,16:00:00,37,25,12,FMN GV 10 Beerse
39,Antwerpseweg 195,2019-08-23,17:00:00,50,29,21,FMN GV 10 Beerse
39,Antwerpseweg 195,2019-08-23,18:00:00,30,21,9,FMN GV 10 Beerse
39,Antwerpseweg 195,2019-08-23,19:00:00,17,13,4,FMN GV 10 Beerse
39,Antwerpseweg 195,2019-08-23,20:00:00,15,12,3,FMN GV 10 Beerse
39,Antwerpseweg 195,2019-08-23,21:00:00,17,6,11,FMN GV 10 Beerse
39,Antwerpseweg 195,2019-08-23,22:00:00,10,7,3,FMN GV 10 Beerse
39,Antwerpseweg 195,2019-08-23,23:00:00,11,5,6,FMN GV 10 Beerse
39,Antwerpseweg 195,2019-08-24,00:00:00,5,2,3,FMN GV 10 Beerse
39,Antwerpseweg 195,2019-08-24,01:00:00,5,2,3,FMN GV 10 Beerse
39,Antwerpseweg 195,2019-08-24,02:00:00,2,0,2,FMN GV 10 Beerse
39,Antwerpseweg 195,2019-08-24,03:00:00,2,1,1,FMN GV 10 Beerse
39,Antwerpseweg 195,2019-08-24,04:00:00,1,1,0,FMN GV 10 Beerse
39,Antwerpseweg 195,2019-08-24,05:00:00,1,1,0,FMN GV 10 Beerse
39,Antwerpseweg 195,2019-08-24,06:00:00,3,3,0,FMN GV 10 Beerse
39,Antwerpseweg 195,2019-08-24,07:00:00,2,2,0,FMN GV 10 Beerse
39,Antwerpseweg 195,2019-08-24,08:00:00,5,2,3,FMN GV 10 Beerse
39,Antwerpseweg 195,2019-08-24,09:00:00,25,13,12,FMN GV 10 Beerse
39,Antwerpseweg 195,2019-08-24,10:00:00,16,12,4,FMN GV 10 Beerse
39,Antwerpseweg 195,2019-08-24,11:00:00,20,10,10,FMN GV 10 Beerse
39,Antwerpseweg 195,2019-08-24,12:00:00,31,26,5,FMN GV 10 Beerse
39,Antwerpseweg 195,2019-08-24,13:00:00,36,25,11,FMN GV 10 Beerse
39,Antwerpseweg 195,2019-08-24,14:00:00,39,25,14,FMN GV 10 Beerse
39,Antwerpseweg 195,2019-08-24,15:00:00,31,27,4,FMN GV 10 Beerse
39,Antwerpseweg 195,2019-08-24,16:00:00,39,26,13,FMN GV 10 Beerse
39,Antwerpseweg 195,2019-08-24,17:00:00,38,29,9,FMN GV 10 Beerse
39,Antwerpseweg 195,2019-08-24,18:00:00,25,17,8,FMN GV 10 Beerse
39,Antwerpseweg 195,2019-08-24,19:00:00,22,16,6,FMN GV 10 Beerse
39,Antwerpseweg 195,2019-08-24,20:00:00,15,13,2,FMN GV 10 Beerse
39,Antwerpseweg 195,2019-08-24,21:00:00,17,13,4,FMN GV 10 Beerse
39,Antwerpseweg 195,2019-08-24,22:00:00,5,3,2,FMN GV 10 Beerse
39,Antwerpseweg 195,2019-08-24,23:00:00,2,1,1,FMN GV 10 Beerse
39,Antwerpseweg 195,2019-08-25,00:00:00,2,1,1,FMN GV 10 Beerse
39,Antwerpseweg 195,2019-08-25,01:00:00,5,0,5,FMN GV 10 Beerse
39,Antwerpseweg 195,2019-08-25,02:00:00,4,2,2,FMN GV 10 Beerse
39,Antwerpseweg 195,2019-08-25,03:00:00,4,1,3,FMN GV 10 Beerse
39,Antwerpseweg 195,2019-08-25,04:00:00,1,1,0,FMN GV 10 Beerse
39,Antwerpseweg 195,2019-08-25,05:00:00,1,1,0,FMN GV 10 Beerse
39,Antwerpseweg 195,2019-08-25,06:00:00,1,1,0,FMN GV 10 Beerse
39,Antwerpseweg 195,2019-08-25,07:00:00,5,5,0,FMN GV 10 Beerse
39,Antwerpseweg 195,2019-08-25,08:00:00,6,4,2,FMN GV 10 Beerse
39,Antwerpseweg 195,2019-08-25,09:00:00,16,6,10,FMN GV 10 Beerse
39,Antwerpseweg 195,2019-08-25,10:00:00,43,15,28,FMN GV 10 Beerse
39,Antwerpseweg 195,2019-08-25,11:00:00,37,15,22,FMN GV 10 Beerse
39,Antwerpseweg 195,2019-08-25,12:00:00,46,29,17,FMN GV 10 Beerse
39,Antwerpseweg 195,2019-08-25,13:00:00,23,16,7,FMN GV 10 Beerse
39,Antwerpseweg 195,2019-08-25,14:00:00,45,33,12,FMN GV 10 Beerse
39,Antwerpseweg 195,2019-08-25,15:00:00,67,38,29,FMN GV 10 Beerse
39,Antwerpseweg 195,2019-08-25,16:00:00,72,48,24,FMN GV 10 Beerse
39,Antwerpseweg 195,2019-08-25,17:00:00,22,13,9,FMN GV 10 Beerse
39,Antwerpseweg 195,2019-08-25,18:00:00,25,17,8,FMN GV 10 Beerse
39,Antwerpseweg 195,2019-08-25,19:00:00,27,23,4,FMN GV 10 Beerse
39,Antwerpseweg 195,2019-08-25,20:00:00,14,13,1,FMN GV 10 Beerse
39,Antwerpseweg 195,2019-08-25,21:00:00,11,9,2,FMN GV 10 Beerse
39,Antwerpseweg 195,2019-08-25,22:00:00,5,5,0,FMN GV 10 Beerse
39,Antwerpseweg 195,2019-08-25,23:00:00,3,3,0,FMN GV 10 Beerse
39,Antwerpseweg 195,2019-08-26,00:00:00,0,0,0,FMN GV 10 Beerse
39,Antwerpseweg 195,2019-08-26,01:00:00,1,1,0,FMN GV 10 Beerse
39,Antwerpseweg 195,2019-08-26,02:00:00,0,0,0,FMN GV 10 Beerse
39,Antwerpseweg 195,2019-08-26,03:00:00,0,0,0,FMN GV 10 Beerse
39,Antwerpseweg 195,2019-08-26,04:00:00,3,2,1,FMN GV 10 Beerse
39,Antwerpseweg 195,2019-08-26,05:00:00,11,9,2,FMN GV 10 Beerse
39,Antwerpseweg 195,2019-08-26,06:00:00,17,14,3,FMN GV 10 Beerse
39,Antwerpseweg 195,2019-08-26,07:00:00,37,33,4,FMN GV 10 Beerse
39,Antwerpseweg 195,2019-08-26,08:00:00,31,29,2,FMN GV 10 Beerse
39,Antwerpseweg 195,2019-08-26,09:00:00,23,18,5,FMN GV 10 Beerse
39,Antwerpseweg 195,2019-08-26,10:00:00,16,10,6,FMN GV 10 Beerse
39,Antwerpseweg 195,2019-08-26,11:00:00,18,9,9,FMN GV 10 Beerse
39,Antwerpseweg 195,2019-08-26,12:00:00,22,20,2,FMN GV 10 Beerse
39,Antwerpseweg 195,2019-08-26,13:00:00,35,26,9,FMN GV 10 Beerse
39,Antwerpseweg 195,2019-08-26,14:00:00,31,21,10,FMN GV 10 Beerse
39,Antwerpseweg 195,2019-08-26,15:00:00,25,18,7,FMN GV 10 Beerse
39,Antwerpseweg 195,2019-08-26,16:00:00,42,28,14,FMN GV 10 Beerse
39,Antwerpseweg 195,2019-08-26,17:00:00,46,34,12,FMN GV 10 Beerse
39,Antwerpseweg 195,2019-08-26,18:00:00,21,15,6,FMN GV 10 Beerse
39,Antwerpseweg 195,2019-08-26,19:00:00,27,16,11,FMN GV 10 Beerse
39,Antwerpseweg 195,2019-08-26,20:00:00,13,7,6,FMN GV 10 Beerse
39,Antwerpseweg 195,2019-08-26,21:00:00,14,12,2,FMN GV 10 Beerse
39,Antwerpseweg 195,2019-08-26,22:00:00,7,7,0,FMN GV 10 Beerse
39,Antwerpseweg 195,2019-08-26,23:00:00,2,1,1,FMN GV 10 Beerse
39,Antwerpseweg 195,2019-08-27,00:00:00,2,1,1,FMN GV 10 Beerse
39,Antwerpseweg 195,2019-08-27,01:00:00,2,1,1,FMN GV 10 Beerse
39,Antwerpseweg 195,2019-08-27,02:00:00,1,1,0,FMN GV 10 Beerse
39,Antwerpseweg 195,2019-08-27,03:00:00,1,1,0,FMN GV 10 Beerse
39,Antwerpseweg 195,2019-08-27,04:00:00,3,2,1,FMN GV 10 Beerse
39,Antwerpseweg 195,2019-08-27,05:00:00,13,11,2,FMN GV 10 Beerse
39,Antwerpseweg 195,2019-08-27,06:00:00,11,11,0,FMN GV 10 Beerse
39,Antwerpseweg 195,2019-08-27,07:00:00,42,36,6,FMN GV 10 Beerse
39,Antwerpseweg 195,2019-08-27,08:00:00,31,28,3,FMN GV 10 Beerse
39,Antwerpseweg 195,2019-08-27,09:00:00,33,24,9,FMN GV 10 Beerse
39,Antwerpseweg 195,2019-08-27,10:00:00,18,9,9,FMN GV 10 Beerse
39,Antwerpseweg 195,2019-08-27,11:00:00,35,29,6,FMN GV 10 Beerse
39,Antwerpseweg 195,2019-08-27,12:00:00,18,13,5,FMN GV 10 Beerse
39,Antwerpseweg 195,2019-08-27,13:00:00,34,16,18,FMN GV 10 Beerse
39,Antwerpseweg 195,2019-08-27,14:00:00,29,22,7,FMN GV 10 Beerse
39,Antwerpseweg 195,2019-08-27,15:00:00,26,15,11,FMN GV 10 Beerse
39,Antwerpseweg 195,2019-08-27,16:00:00,34,23,11,FMN GV 10 Beerse
39,Antwerpseweg 195,2019-08-27,17:00:00,50,37,13,FMN GV 10 Beerse
39,Antwerpseweg 195,2019-08-27,18:00:00,24,15,9,FMN GV 10 Beerse
39,Antwerpseweg 195,2019-08-27,19:00:00,27,18,9,FMN GV 10 Beerse
39,Antwerpseweg 195,2019-08-27,20:00:00,15,12,3,FMN GV 10 Beerse
39,Antwerpseweg 195,2019-08-27,21:00:00,11,7,4,FMN GV 10 Beerse
39,Antwerpseweg 195,2019-08-27,22:00:00,16,11,5,FMN GV 10 Beerse
39,Antwerpseweg 195,2019-08-27,23:00:00,1,1,0,FMN GV 10 Beerse
39,Antwerpseweg 195,2019-08-28,00:00:00,0,0,0,FMN GV 10 Beerse
39,Antwerpseweg 195,2019-08-28,01:00:00,0,0,0,FMN GV 10 Beerse
39,Antwerpseweg 195,2019-08-28,02:00:00,0,0,0,FMN GV 10 Beerse
39,Antwerpseweg 195,2019-08-28,03:00:00,1,1,0,FMN GV 10 Beerse
39,Antwerpseweg 195,2019-08-28,04:00:00,2,1,1,FMN GV 10 Beerse
39,Antwerpseweg 195,2019-08-28,05:00:00,13,11,2,FMN GV 10 Beerse
39,Antwerpseweg 195,2019-08-28,06:00:00,15,15,0,FMN GV 10 Beerse
39,Antwerpseweg 195,2019-08-28,07:00:00,43,40,3,FMN GV 10 Beerse
39,Antwerpseweg 195,2019-08-28,08:00:00,31,26,5,FMN GV 10 Beerse
39,Antwerpseweg 195,2019-08-28,09:00:00,12,11,1,FMN GV 10 Beerse
39,Antwerpseweg 195,2019-08-28,10:00:00,17,12,5,FMN GV 10 Beerse
39,Antwerpseweg 195,2019-08-28,11:00:00,16,11,5,FMN GV 10 Beerse
39,Antwerpseweg 195,2019-08-28,12:00:00,36,24,12,FMN GV 10 Beerse
39,Antwerpseweg 195,2019-08-28,13:00:00,45,28,17,FMN GV 10 Beerse
39,Antwerpseweg 195,2019-08-28,14:00:00,25,16,9,FMN GV 10 Beerse
39,Antwerpseweg 195,2019-08-28,15:00:00,38,27,11,FMN GV 10 Beerse
39,Antwerpseweg 195,2019-08-28,16:00:00,37,25,12,FMN GV 10 Beerse
39,Antwerpseweg 195,2019-08-28,17:00:00,51,48,3,FMN GV 10 Beerse
39,Antwerpseweg 195,2019-08-28,18:00:00,17,10,7,FMN GV 10 Beerse
39,Antwerpseweg 195,2019-08-28,19:00:00,8,5,3,FMN GV 10 Beerse
39,Antwerpseweg 195,2019-08-28,20:00:00,4,1,3,FMN GV 10 Beerse
39,Antwerpseweg 195,2019-08-28,21:00:00,3,3,0,FMN GV 10 Beerse
39,Antwerpseweg 195,2019-08-28,22:00:00,8,7,1,FMN GV 10 Beerse
39,Antwerpseweg 195,2019-08-28,23:00:00,0,0,0,FMN GV 10 Beerse
39,Antwerpseweg 195,2019-08-29,00:00:00,1,1,0,FMN GV 10 Beerse
39,Antwerpseweg 195,2019-08-29,01:00:00,0,0,0,FMN GV 10 Beerse
39,Antwerpseweg 195,2019-08-29,02:00:00,0,0,0,FMN GV 10 Beerse
39,Antwerpseweg 195,2019-08-29,03:00:00,0,0,0,FMN GV 10 Beerse
39,Antwerpseweg 195,2019-08-29,04:00:00,0,0,0,FMN GV 10 Beerse
39,Antwerpseweg 195,2019-08-29,05:00:00,9,9,0,FMN GV 10 Beerse
39,Antwerpseweg 195,2019-08-29,06:00:00,14,13,1,FMN GV 10 Beerse
39,Antwerpseweg 195,2019-08-29,07:00:00,40,37,3,FMN GV 10 Beerse
39,Antwerpseweg 195,2019-08-29,08:00:00,26,22,4,FMN GV 10 Beerse
39,Antwerpseweg 195,2019-08-29,09:00:00,15,10,5,FMN GV 10 Beerse
39,Antwerpseweg 195,2019-08-29,10:00:00,15,12,3,FMN GV 10 Beerse
39,Antwerpseweg 195,2019-08-29,11:00:00,17,9,8,FMN GV 10 Beerse
39,Antwerpseweg 195,2019-08-29,12:00:00,26,18,8,FMN GV 10 Beerse
39,Antwerpseweg 195,2019-08-29,13:00:00,38,26,12,FMN GV 10 Beerse
39,Antwerpseweg 195,2019-08-29,14:00:00,46,26,20,FMN GV 10 Beerse
39,Antwerpseweg 195,2019-08-29,15:00:00,30,26,4,FMN GV 10 Beerse
39,Antwerpseweg 195,2019-08-29,16:00:00,37,19,18,FMN GV 10 Beerse
39,Antwerpseweg 195,2019-08-29,17:00:00,40,28,12,FMN GV 10 Beerse
39,Antwerpseweg 195,2019-08-29,18:00:00,21,13,8,FMN GV 10 Beerse
39,Antwerpseweg 195,2019-08-29,19:00:00,17,11,6,FMN GV 10 Beerse
39,Antwerpseweg 195,2019-08-29,20:00:00,11,8,3,FMN GV 10 Beerse
39,Antwerpseweg 195,2019-08-29,21:00:00,7,6,1,FMN GV 10 Beerse
39,Antwerpseweg 195,2019-08-29,22:00:00,15,9,6,FMN GV 10 Beerse
39,Antwerpseweg 195,2019-08-29,23:00:00,7,5,2,FMN GV 10 Beerse
39,Antwerpseweg 195,2019-08-30,00:00:00,1,0,1,FMN GV 10 Beerse
39,Antwerpseweg 195,2019-08-30,01:00:00,0,0,0,FMN GV 10 Beerse
39,Antwerpseweg 195,2019-08-30,02:00:00,0,0,0,FMN GV 10 Beerse
39,Antwerpseweg 195,2019-08-30,03:00:00,0,0,0,FMN GV 10 Beerse
39,Antwerpseweg 195,2019-08-30,04:00:00,0,0,0,FMN GV 10 Beerse
39,Antwerpseweg 195,2019-08-30,05:00:00,10,10,0,FMN GV 10 Beerse
39,Antwerpseweg 195,2019-08-30,06:00:00,11,9,2,FMN GV 10 Beerse
39,Antwerpseweg 195,2019-08-30,07:00:00,33,29,4,FMN GV 10 Beerse
39,Antwerpseweg 195,2019-08-30,08:00:00,24,18,6,FMN GV 10 Beerse
39,Antwerpseweg 195,2019-08-30,09:00:00,15,14,1,FMN GV 10 Beerse
39,Antwerpseweg 195,2019-08-30,10:00:00,34,28,6,FMN GV 10 Beerse
39,Antwerpseweg 195,2019-08-30,11:00:00,17,14,3,FMN GV 10 Beerse
39,Antwerpseweg 195,2019-08-30,12:00:00,25,15,10,FMN GV 10 Beerse
39,Antwerpseweg 195,2019-08-30,13:00:00,44,23,21,FMN GV 10 Beerse
39,Antwerpseweg 195,2019-08-30,14:00:00,33,25,8,FMN GV 10 Beerse
39,Antwerpseweg 195,2019-08-30,15:00:00,30,22,8,FMN GV 10 Beerse
39,Antwerpseweg 195,2019-08-30,16:00:00,38,22,16,FMN GV 10 Beerse
39,Antwerpseweg 195,2019-08-30,17:00:00,39,26,13,FMN GV 10 Beerse
39,Antwerpseweg 195,2019-08-30,18:00:00,18,15,3,FMN GV 10 Beerse
39,Antwerpseweg 195,2019-08-30,19:00:00,13,9,4,FMN GV 10 Beerse
39,Antwerpseweg 195,2019-08-30,20:00:00,16,12,4,FMN GV 10 Beerse
39,Antwerpseweg 195,2019-08-30,21:00:00,9,5,4,FMN GV 10 Beerse
39,Antwerpseweg 195,2019-08-30,22:00:00,6,6,0,FMN GV 10 Beerse
39,Antwerpseweg 195,2019-08-30,23:00:00,4,3,1,FMN GV 10 Beerse
39,Antwerpseweg 195,2019-08-31,00:00:00,5,4,1,FMN GV 10 Beerse
39,Antwerpseweg 195,2019-08-31,01:00:00,2,2,0,FMN GV 10 Beerse
39,Antwerpseweg 195,2019-08-31,02:00:00,0,0,0,FMN GV 10 Beerse
39,Antwerpseweg 195,2019-08-31,03:00:00,1,0,1,FMN GV 10 Beerse
39,Antwerpseweg 195,2019-08-31,04:00:00,1,1,0,FMN GV 10 Beerse
39,Antwerpseweg 195,2019-08-31,05:00:00,1,1,0,FMN GV 10 Beerse
39,Antwerpseweg 195,2019-08-31,06:00:00,1,1,0,FMN GV 10 Beerse
39,Antwerpseweg 195,2019-08-31,07:00:00,3,3,0,FMN GV 10 Beerse
39,Antwerpseweg 195,2019-08-31,08:00:00,3,2,1,FMN GV 10 Beerse
39,Antwerpseweg 195,2019-08-31,09:00:00,17,10,7,FMN GV 10 Beerse
39,Antwerpseweg 195,2019-08-31,10:00:00,29,28,1,FMN GV 10 Beerse
39,Antwerpseweg 195,2019-08-31,11:00:00,37,29,8,FMN GV 10 Beerse
39,Antwerpseweg 195,2019-08-31,12:00:00,23,20,3,FMN GV 10 Beerse
39,Antwerpseweg 195,2019-08-31,13:00:00,30,25,5,FMN GV 10 Beerse
39,Antwerpseweg 195,2019-08-31,14:00:00,59,42,17,FMN GV 10 Beerse
39,Antwerpseweg 195,2019-08-31,15:00:00,37,21,16,FMN GV 10 Beerse
39,Antwerpseweg 195,2019-08-31,16:00:00,24,22,2,FMN GV 10 Beerse
39,Antwerpseweg 195,2019-08-31,17:00:00,25,14,11,FMN GV 10 Beerse
39,Antwerpseweg 195,2019-08-31,18:00:00,11,6,5,FMN GV 10 Beerse
39,Antwerpseweg 195,2019-08-31,19:00:00,16,10,6,FMN GV 10 Beerse
39,Antwerpseweg 195,2019-08-31,20:00:00,27,23,4,FMN GV 10 Beerse
39,Antwerpseweg 195,2019-08-31,21:00:00,8,7,1,FMN GV 10 Beerse
39,Antwerpseweg 195,2019-08-31,22:00:00,7,7,0,FMN GV 10 Beerse
39,Antwerpseweg 195,2019-08-31,23:00:00,6,5,1,FMN GV 10 Beerse
39,Antwerpseweg 195,2019-09-01,00:00:00,2,2,0,FMN GV 10 Beerse
39,Antwerpseweg 195,2019-09-01,01:00:00,1,1,0,FMN GV 10 Beerse
39,Antwerpseweg 195,2019-09-01,02:00:00,14,3,11,FMN GV 10 Beerse
39,Antwerpseweg 195,2019-09-01,03:00:00,4,3,1,FMN GV 10 Beerse
39,Antwerpseweg 195,2019-09-01,04:00:00,3,1,2,FMN GV 10 Beerse
39,Antwerpseweg 195,2019-09-01,05:00:00,1,1,0,FMN GV 10 Beerse
39,Antwerpseweg 195,2019-09-01,06:00:00,1,1,0,FMN GV 10 Beerse
39,Antwerpseweg 195,2019-09-01,07:00:00,4,4,0,FMN GV 10 Beerse
39,Antwerpseweg 195,2019-09-01,08:00:00,1,1,0,FMN GV 10 Beerse
39,Antwerpseweg 195,2019-09-01,09:00:00,21,20,1,FMN GV 10 Beerse
39,Antwerpseweg 195,2019-09-01,10:00:00,15,11,4,FMN GV 10 Beerse
39,Antwerpseweg 195,2019-09-01,11:00:00,26,15,11,FMN GV 10 Beerse
39,Antwerpseweg 195,2019-09-01,12:00:00,15,7,8,FMN GV 10 Beerse
39,Antwerpseweg 195,2019-09-01,13:00:00,37,19,18,FMN GV 10 Beerse
39,Antwerpseweg 195,2019-09-01,14:00:00,30,23,7,FMN GV 10 Beerse
39,Antwerpseweg 195,2019-09-01,15:00:00,34,22,12,FMN GV 10 Beerse
39,Antwerpseweg 195,2019-09-01,16:00:00,23,15,8,FMN GV 10 Beerse
39,Antwerpseweg 195,2019-09-01,17:00:00,23,22,1,FMN GV 10 Beerse
39,Antwerpseweg 195,2019-09-01,18:00:00,14,8,6,FMN GV 10 Beerse
39,Antwerpseweg 195,2019-09-01,19:00:00,13,5,8,FMN GV 10 Beerse
39,Antwerpseweg 195,2019-09-01,20:00:00,6,2,4,FMN GV 10 Beerse
39,Antwerpseweg 195,2019-09-01,21:00:00,6,6,0,FMN GV 10 Beerse
39,Antwerpseweg 195,2019-09-01,22:00:00,1,1,0,FMN GV 10 Beerse
39,Antwerpseweg 195,2019-09-01,23:00:00,1,1,0,FMN GV 10 Beerse
39,Antwerpseweg 195,2019-09-02,00:00:00,0,0,0,FMN GV 10 Beerse
39,Antwerpseweg 195,2019-09-02,01:00:00,0,0,0,FMN GV 10 Beerse
39,Antwerpseweg 195,2019-09-02,02:00:00,0,0,0,FMN GV 10 Beerse
39,Antwerpseweg 195,2019-09-02,03:00:00,1,1,0,FMN GV 10 Beerse
39,Antwerpseweg 195,2019-09-02,04:00:00,1,1,0,FMN GV 10 Beerse
39,Antwerpseweg 195,2019-09-02,05:00:00,12,11,1,FMN GV 10 Beerse
39,Antwerpseweg 195,2019-09-02,06:00:00,11,9,2,FMN GV 10 Beerse
39,Antwerpseweg 195,2019-09-02,07:00:00,51,43,8,FMN GV 10 Beerse
39,Antwerpseweg 195,2019-09-02,08:00:00,49,42,7,FMN GV 10 Beerse
39,Antwerpseweg 195,2019-09-02,09:00:00,11,11,0,FMN GV 10 Beerse
39,Antwerpseweg 195,2019-09-02,10:00:00,11,7,4,FMN GV 10 Beerse
39,Antwerpseweg 195,2019-09-02,11:00:00,15,11,4,FMN GV 10 Beerse
39,Antwerpseweg 195,2019-09-02,12:00:00,28,20,8,FMN GV 10 Beerse
39,Antwerpseweg 195,2019-09-02,13:00:00,36,22,14,FMN GV 10 Beerse
39,Antwerpseweg 195,2019-09-02,14:00:00,25,17,8,FMN GV 10 Beerse
39,Antwerpseweg 195,2019-09-02,15:00:00,52,46,6,FMN GV 10 Beerse
39,Antwerpseweg 195,2019-09-02,16:00:00,82,67,15,FMN GV 10 Beerse
39,Antwerpseweg 195,2019-09-02,17:00:00,41,31,10,FMN GV 10 Beerse
39,Antwerpseweg 195,2019-09-02,18:00:00,32,19,13,FMN GV 10 Beerse
39,Antwerpseweg 195,2019-09-02,19:00:00,15,12,3,FMN GV 10 Beerse
39,Antwerpseweg 195,2019-09-02,20:00:00,6,4,2,FMN GV 10 Beerse
39,Antwerpseweg 195,2019-09-02,21:00:00,4,2,2,FMN GV 10 Beerse
39,Antwerpseweg 195,2019-09-02,22:00:00,9,5,4,FMN GV 10 Beerse
39,Antwerpseweg 195,2019-09-02,23:00:00,1,1,0,FMN GV 10 Beerse
39,Antwerpseweg 195,2019-09-03,00:00:00,1,1,0,FMN GV 10 Beerse
39,Antwerpseweg 195,2019-09-03,01:00:00,0,0,0,FMN GV 10 Beerse
39,Antwerpseweg 195,2019-09-03,02:00:00,0,0,0,FMN GV 10 Beerse
39,Antwerpseweg 195,2019-09-03,03:00:00,1,1,0,FMN GV 10 Beerse
39,Antwerpseweg 195,2019-09-03,04:00:00,2,2,0,FMN GV 10 Beerse
39,Antwerpseweg 195,2019-09-03,05:00:00,13,12,1,FMN GV 10 Beerse
39,Antwerpseweg 195,2019-09-03,06:00:00,15,13,2,FMN GV 10 Beerse
39,Antwerpseweg 195,2019-09-03,07:00:00,58,50,8,FMN GV 10 Beerse
39,Antwerpseweg 195,2019-09-03,08:00:00,34,32,2,FMN GV 10 Beerse
39,Antwerpseweg 195,2019-09-03,09:00:00,14,10,4,FMN GV 10 Beerse
39,Antwerpseweg 195,2019-09-03,10:00:00,5,1,4,FMN GV 10 Beerse
39,Antwerpseweg 195,2019-09-03,11:00:00,14,12,2,FMN GV 10 Beerse
39,Antwerpseweg 195,2019-09-03,12:00:00,20,15,5,FMN GV 10 Beerse
39,Antwerpseweg 195,2019-09-03,13:00:00,93,76,17,FMN GV 10 Beerse
39,Antwerpseweg 195,2019-09-03,14:00:00,31,24,7,FMN GV 10 Beerse
39,Antwerpseweg 195,2019-09-03,15:00:00,56,44,12,FMN GV 10 Beerse
39,Antwerpseweg 195,2019-09-03,16:00:00,63,45,18,FMN GV 10 Beerse
39,Antwerpseweg 195,2019-09-03,17:00:00,49,40,9,FMN GV 10 Beerse
39,Antwerpseweg 195,2019-09-03,18:00:00,22,15,7,FMN GV 10 Beerse
39,Antwerpseweg 195,2019-09-03,19:00:00,10,8,2,FMN GV 10 Beerse
39,Antwerpseweg 195,2019-09-03,20:00:00,14,5,9,FMN GV 10 Beerse
39,Antwerpseweg 195,2019-09-03,21:00:00,5,4,1,FMN GV 10 Beerse
39,Antwerpseweg 195,2019-09-03,22:00:00,8,6,2,FMN GV 10 Beerse
39,Antwerpseweg 195,2019-09-03,23:00:00,1,0,1,FMN GV 10 Beerse
39,Antwerpseweg 195,2019-09-04,00:00:00,0,0,0,FMN GV 10 Beerse
39,Antwerpseweg 195,2019-09-04,01:00:00,0,0,0,FMN GV 10 Beerse
39,Antwerpseweg 195,2019-09-04,02:00:00,0,0,0,FMN GV 10 Beerse
39,Antwerpseweg 195,2019-09-04,03:00:00,0,0,0,FMN GV 10 Beerse
39,Antwerpseweg 195,2019-09-04,04:00:00,2,2,0,FMN GV 10 Beerse
39,Antwerpseweg 195,2019-09-04,05:00:00,13,12,1,FMN GV 10 Beerse
39,Antwerpseweg 195,2019-09-04,06:00:00,6,5,1,FMN GV 10 Beerse
39,Antwerpseweg 195,2019-09-04,07:00:00,51,44,7,FMN GV 10 Beerse
39,Antwerpseweg 195,2019-09-04,08:00:00,25,21,4,FMN GV 10 Beerse
39,Antwerpseweg 195,2019-09-04,09:00:00,17,14,3,FMN GV 10 Beerse
39,Antwerpseweg 195,2019-09-04,10:00:00,12,4,8,FMN GV 10 Beerse
39,Antwerpseweg 195,2019-09-04,11:00:00,13,8,5,FMN GV 10 Beerse
39,Antwerpseweg 195,2019-09-04,12:00:00,50,36,14,FMN GV 10 Beerse
39,Antwerpseweg 195,2019-09-04,13:00:00,25,18,7,FMN GV 10 Beerse
39,Antwerpseweg 195,2019-09-04,14:00:00,14,11,3,FMN GV 10 Beerse
39,Antwerpseweg 195,2019-09-04,15:00:00,13,12,1,FMN GV 10 Beerse
39,Antwerpseweg 195,2019-09-04,16:00:00,17,12,5,FMN GV 10 Beerse
39,Antwerpseweg 195,2019-09-04,17:00:00,28,21,7,FMN GV 10 Beerse
39,Antwerpseweg 195,2019-09-04,18:00:00,11,4,7,FMN GV 10 Beerse
39,Antwerpseweg 195,2019-09-04,19:00:00,8,6,2,FMN GV 10 Beerse
39,Antwerpseweg 195,2019-09-04,20:00:00,7,4,3,FMN GV 10 Beerse
39,Antwerpseweg 195,2019-09-04,21:00:00,5,4,1,FMN GV 10 Beerse
39,Antwerpseweg 195,2019-09-04,22:00:00,2,1,1,FMN GV 10 Beerse
39,Antwerpseweg 195,2019-09-04,23:00:00,0,0,0,FMN GV 10 Beerse
39,Antwerpseweg 195,2019-09-05,00:00:00,0,0,0,FMN GV 10 Beerse
39,Antwerpseweg 195,2019-09-05,01:00:00,0,0,0,FMN GV 10 Beerse
39,Antwerpseweg 195,2019-09-05,02:00:00,0,0,0,FMN GV 10 Beerse
39,Antwerpseweg 195,2019-09-05,03:00:00,0,0,0,FMN GV 10 Beerse
39,Antwerpseweg 195,2019-09-05,04:00:00,2,2,0,FMN GV 10 Beerse
39,Antwerpseweg 195,2019-09-05,05:00:00,7,7,0,FMN GV 10 Beerse
39,Antwerpseweg 195,2019-09-05,06:00:00,11,10,1,FMN GV 10 Beerse
39,Antwerpseweg 195,2019-09-05,07:00:00,48,44,4,FMN GV 10 Beerse
39,Antwerpseweg 195,2019-09-05,08:00:00,26,22,4,FMN GV 10 Beerse
39,Antwerpseweg 195,2019-09-05,09:00:00,6,1,5,FMN GV 10 Beerse
39,Antwerpseweg 195,2019-09-05,10:00:00,3,2,1,FMN GV 10 Beerse
39,Antwerpseweg 195,2019-09-05,11:00:00,8,5,3,FMN GV 10 Beerse
39,Antwerpseweg 195,2019-09-05,12:00:00,16,11,5,FMN GV 10 Beerse
39,Antwerpseweg 195,2019-09-05,13:00:00,32,23,9,FMN GV 10 Beerse
39,Antwerpseweg 195,2019-09-05,14:00:00,18,12,6,FMN GV 10 Beerse
39,Antwerpseweg 195,2019-09-05,15:00:00,33,26,7,FMN GV 10 Beerse
39,Antwerpseweg 195,2019-09-05,16:00:00,45,36,9,FMN GV 10 Beerse
39,Antwerpseweg 195,2019-09-05,17:00:00,31,21,10,FMN GV 10 Beerse
39,Antwerpseweg 195,2019-09-05,18:00:00,11,6,5,FMN GV 10 Beerse
39,Antwerpseweg 195,2019-09-05,19:00:00,12,4,8,FMN GV 10 Beerse
39,Antwerpseweg 195,2019-09-05,20:00:00,2,2,0,FMN GV 10 Beerse
39,Antwerpseweg 195,2019-09-05,21:00:00,6,3,3,FMN GV 10 Beerse
39,Antwerpseweg 195,2019-09-05,22:00:00,8,3,5,FMN GV 10 Beerse
39,Antwerpseweg 195,2019-09-05,23:00:00,0,0,0,FMN GV 10 Beerse
39,Antwerpseweg 195,2019-09-06,00:00:00,1,1,0,FMN GV 10 Beerse
39,Antwerpseweg 195,2019-09-06,01:00:00,3,3,0,FMN GV 10 Beerse
39,Antwerpseweg 195,2019-09-06,02:00:00,1,1,0,FMN GV 10 Beerse
39,Antwerpseweg 195,2019-09-06,03:00:00,1,1,0,FMN GV 10 Beerse
39,Antwerpseweg 195,2019-09-06,04:00:00,1,1,0,FMN GV 10 Beerse
39,Antwerpseweg 195,2019-09-06,05:00:00,12,12,0,FMN GV 10 Beerse
39,Antwerpseweg 195,2019-09-06,06:00:00,11,8,3,FMN GV 10 Beerse
39,Antwerpseweg 195,2019-09-06,07:00:00,47,41,6,FMN GV 10 Beerse
39,Antwerpseweg 195,2019-09-06,08:00:00,37,26,11,FMN GV 10 Beerse
39,Antwerpseweg 195,2019-09-06,09:00:00,159,144,15,FMN GV 10 Beerse
39,Antwerpseweg 195,2019-09-06,10:00:00,11,5,6,FMN GV 10 Beerse
39,Antwerpseweg 195,2019-09-06,11:00:00,13,10,3,FMN GV 10 Beerse
39,Antwerpseweg 195,2019-09-06,12:00:00,23,16,7,FMN GV 10 Beerse
39,Antwerpseweg 195,2019-09-06,13:00:00,37,22,15,FMN GV 10 Beerse
39,Antwerpseweg 195,2019-09-06,14:00:00,23,17,6,FMN GV 10 Beerse
39,Antwerpseweg 195,2019-09-06,15:00:00,48,40,8,FMN GV 10 Beerse
39,Antwerpseweg 195,2019-09-06,16:00:00,51,37,14,FMN GV 10 Beerse
39,Antwerpseweg 195,2019-09-06,17:00:00,32,22,10,FMN GV 10 Beerse
39,Antwerpseweg 195,2019-09-06,18:00:00,11,5,6,FMN GV 10 Beerse
39,Antwerpseweg 195,2019-09-06,19:00:00,11,9,2,FMN GV 10 Beerse
39,Antwerpseweg 195,2019-09-06,20:00:00,5,4,1,FMN GV 10 Beerse
39,Antwerpseweg 195,2019-09-06,21:00:00,4,2,2,FMN GV 10 Beerse
39,Antwerpseweg 195,2019-09-06,22:00:00,9,6,3,FMN GV 10 Beerse
39,Antwerpseweg 195,2019-09-06,23:00:00,0,0,0,FMN GV 10 Beerse
39,Antwerpseweg 195,2019-09-07,00:00:00,2,1,1,FMN GV 10 Beerse
39,Antwerpseweg 195,2019-09-07,01:00:00,0,0,0,FMN GV 10 Beerse
39,Antwerpseweg 195,2019-09-07,02:00:00,1,0,1,FMN GV 10 Beerse
39,Antwerpseweg 195,2019-09-07,03:00:00,1,1,0,FMN GV 10 Beerse
39,Antwerpseweg 195,2019-09-07,04:00:00,1,1,0,FMN GV 10 Beerse
39,Antwerpseweg 195,2019-09-07,05:00:00,1,1,0,FMN GV 10 Beerse
39,Antwerpseweg 195,2019-09-07,06:00:00,0,0,0,FMN GV 10 Beerse
39,Antwerpseweg 195,2019-09-07,07:00:00,2,2,0,FMN GV 10 Beerse
39,Antwerpseweg 195,2019-09-07,08:00:00,7,3,4,FMN GV 10 Beerse
39,Antwerpseweg 195,2019-09-07,09:00:00,11,7,4,FMN GV 10 Beerse
39,Antwerpseweg 195,2019-09-07,10:00:00,21,7,14,FMN GV 10 Beerse
39,Antwerpseweg 195,2019-09-07,11:00:00,9,7,2,FMN GV 10 Beerse
39,Antwerpseweg 195,2019-09-07,12:00:00,7,5,2,FMN GV 10 Beerse
39,Antwerpseweg 195,2019-09-07,13:00:00,10,10,0,FMN GV 10 Beerse
39,Antwerpseweg 195,2019-09-07,14:00:00,6,3,3,FMN GV 10 Beerse
39,Antwerpseweg 195,2019-09-07,15:00:00,9,9,0,FMN GV 10 Beerse
39,Antwerpseweg 195,2019-09-07,16:00:00,3,1,2,FMN GV 10 Beerse
39,Antwerpseweg 195,2019-09-07,17:00:00,2,2,0,FMN GV 10 Beerse
39,Antwerpseweg 195,2019-09-07,18:00:00,5,4,1,FMN GV 10 Beerse
39,Antwerpseweg 195,2019-09-07,19:00:00,5,2,3,FMN GV 10 Beerse
39,Antwerpseweg 195,2019-09-07,20:00:00,7,4,3,FMN GV 10 Beerse
39,Antwerpseweg 195,2019-09-07,21:00:00,4,3,1,FMN GV 10 Beerse
39,Antwerpseweg 195,2019-09-07,22:00:00,2,1,1,FMN GV 10 Beerse
39,Antwerpseweg 195,2019-09-07,23:00:00,0,0,0,FMN GV 10 Beerse
39,Antwerpseweg 195,2019-09-08,00:00:00,1,1,0,FMN GV 10 Beerse
39,Antwerpseweg 195,2019-09-08,01:00:00,0,0,0,FMN GV 10 Beerse
39,Antwerpseweg 195,2019-09-08,02:00:00,2,2,0,FMN GV 10 Beerse
39,Antwerpseweg 195,2019-09-08,03:00:00,1,1,0,FMN GV 10 Beerse
39,Antwerpseweg 195,2019-09-08,04:00:00,2,2,0,FMN GV 10 Beerse
39,Antwerpseweg 195,2019-09-08,05:00:00,0,0,0,FMN GV 10 Beerse
39,Antwerpseweg 195,2019-09-08,06:00:00,0,0,0,FMN GV 10 Beerse
39,Antwerpseweg 195,2019-09-08,07:00:00,4,3,1,FMN GV 10 Beerse
39,Antwerpseweg 195,2019-09-08,08:00:00,3,2,1,FMN GV 10 Beerse
39,Antwerpseweg 195,2019-09-08,09:00:00,10,8,2,FMN GV 10 Beerse
39,Antwerpseweg 195,2019-09-08,10:00:00,48,41,7,FMN GV 10 Beerse
39,Antwerpseweg 195,2019-09-08,11:00:00,15,13,2,FMN GV 10 Beerse
39,Antwerpseweg 195,2019-09-08,12:00:00,15,11,4,FMN GV 10 Beerse
39,Antwerpseweg 195,2019-09-08,13:00:00,31,22,9,FMN GV 10 Beerse
39,Antwerpseweg 195,2019-09-08,14:00:00,29,18,11,FMN GV 10 Beerse
39,Antwerpseweg 195,2019-09-08,15:00:00,38,23,15,FMN GV 10 Beerse
39,Antwerpseweg 195,2019-09-08,16:00:00,18,9,9,FMN GV 10 Beerse
39,Antwerpseweg 195,2019-09-08,17:00:00,13,12,1,FMN GV 10 Beerse
39,Antwerpseweg 195,2019-09-08,18:00:00,7,6,1,FMN GV 10 Beerse
39,Antwerpseweg 195,2019-09-08,19:00:00,4,2,2,FMN GV 10 Beerse
39,Antwerpseweg 195,2019-09-08,20:00:00,9,7,2,FMN GV 10 Beerse
39,Antwerpseweg 195,2019-09-08,21:00:00,4,4,0,FMN GV 10 Beerse
39,Antwerpseweg 195,2019-09-08,22:00:00,7,5,2,FMN GV 10 Beerse
39,Antwerpseweg 195,2019-09-08,23:00:00,1,1,0,FMN GV 10 Beerse
39,Antwerpseweg 195,2019-09-09,00:00:00,0,0,0,FMN GV 10 Beerse
39,Antwerpseweg 195,2019-09-09,01:00:00,0,0,0,FMN GV 10 Beerse
39,Antwerpseweg 195,2019-09-09,02:00:00,0,0,0,FMN GV 10 Beerse
39,Antwerpseweg 195,2019-09-09,03:00:00,0,0,0,FMN GV 10 Beerse
39,Antwerpseweg 195,2019-09-09,04:00:00,0,0,0,FMN GV 10 Beerse
39,Antwerpseweg 195,2019-09-09,05:00:00,12,12,0,FMN GV 10 Beerse
39,Antwerpseweg 195,2019-09-09,06:00:00,13,11,2,FMN GV 10 Beerse
39,Antwerpseweg 195,2019-09-09,07:00:00,47,41,6,FMN GV 10 Beerse
39,Antwerpseweg 195,2019-09-09,08:00:00,31,30,1,FMN GV 10 Beerse
39,Antwerpseweg 195,2019-09-09,09:00:00,17,17,0,FMN GV 10 Beerse
39,Antwerpseweg 195,2019-09-09,10:00:00,10,6,4,FMN GV 10 Beerse
39,Antwerpseweg 195,2019-09-09,11:00:00,18,12,6,FMN GV 10 Beerse
39,Antwerpseweg 195,2019-09-09,12:00:00,19,9,10,FMN GV 10 Beerse
39,Antwerpseweg 195,2019-09-09,13:00:00,33,27,6,FMN GV 10 Beerse
39,Antwerpseweg 195,2019-09-09,14:00:00,25,15,10,FMN GV 10 Beerse
39,Antwerpseweg 195,2019-09-09,15:00:00,42,32,10,FMN GV 10 Beerse
39,Antwerpseweg 195,2019-09-09,16:00:00,57,37,20,FMN GV 10 Beerse
39,Antwerpseweg 195,2019-09-09,17:00:00,39,32,7,FMN GV 10 Beerse
39,Antwerpseweg 195,2019-09-09,18:00:00,30,19,11,FMN GV 10 Beerse
39,Antwerpseweg 195,2019-09-09,19:00:00,15,12,3,FMN GV 10 Beerse
39,Antwerpseweg 195,2019-09-09,20:00:00,5,3,2,FMN GV 10 Beerse
39,Antwerpseweg 195,2019-09-09,21:00:00,6,5,1,FMN GV 10 Beerse
39,Antwerpseweg 195,2019-09-09,22:00:00,9,6,3,FMN GV 10 Beerse
39,Antwerpseweg 195,2019-09-09,23:00:00,0,0,0,FMN GV 10 Beerse
39,Antwerpseweg 195,2019-09-10,00:00:00,0,0,0,FMN GV 10 Beerse
39,Antwerpseweg 195,2019-09-10,01:00:00,0,0,0,FMN GV 10 Beerse
39,Antwerpseweg 195,2019-09-10,02:00:00,0,0,0,FMN GV 10 Beerse
39,Antwerpseweg 195,2019-09-10,03:00:00,0,0,0,FMN GV 10 Beerse
39,Antwerpseweg 195,2019-09-10,04:00:00,1,1,0,FMN GV 10 Beerse
39,Antwerpseweg 195,2019-09-10,05:00:00,10,10,0,FMN GV 10 Beerse
39,Antwerpseweg 195,2019-09-10,06:00:00,15,15,0,FMN GV 10 Beerse
39,Antwerpseweg 195,2019-09-10,07:00:00,62,55,7,FMN GV 10 Beerse
39,Antwerpseweg 195,2019-09-10,08:00:00,24,22,2,FMN GV 10 Beerse
39,Antwerpseweg 195,2019-09-10,09:00:00,14,11,3,FMN GV 10 Beerse
39,Antwerpseweg 195,2019-09-10,10:00:00,17,14,3,FMN GV 10 Beerse
39,Antwerpseweg 195,2019-09-10,11:00:00,10,8,2,FMN GV 10 Beerse
39,Antwerpseweg 195,2019-09-10,12:00:00,22,15,7,FMN GV 10 Beerse
39,Antwerpseweg 195,2019-09-10,13:00:00,47,29,18,FMN GV 10 Beerse
39,Antwerpseweg 195,2019-09-10,14:00:00,52,27,25,FMN GV 10 Beerse
39,Antwerpseweg 195,2019-09-10,15:00:00,66,55,11,FMN GV 10 Beerse
39,Antwerpseweg 195,2019-09-10,16:00:00,80,58,22,FMN GV 10 Beerse
39,Antwerpseweg 195,2019-09-10,17:00:00,53,33,20,FMN GV 10 Beerse
39,Antwerpseweg 195,2019-09-10,18:00:00,29,18,11,FMN GV 10 Beerse
39,Antwerpseweg 195,2019-09-10,19:00:00,12,8,4,FMN GV 10 Beerse
39,Antwerpseweg 195,2019-09-10,20:00:00,7,3,4,FMN GV 10 Beerse
39,Antwerpseweg 195,2019-09-10,21:00:00,7,6,1,FMN GV 10 Beerse
39,Antwerpseweg 195,2019-09-10,22:00:00,7,6,1,FMN GV 10 Beerse
39,Antwerpseweg 195,2019-09-10,23:00:00,1,0,1,FMN GV 10 Beerse
39,Antwerpseweg 195,2019-09-11,00:00:00,0,0,0,FMN GV 10 Beerse
39,Antwerpseweg 195,2019-09-11,01:00:00,0,0,0,FMN GV 10 Beerse
39,Antwerpseweg 195,2019-09-11,02:00:00,0,0,0,FMN GV 10 Beerse
39,Antwerpseweg 195,2019-09-11,03:00:00,1,1,0,FMN GV 10 Beerse
39,Antwerpseweg 195,2019-09-11,04:00:00,1,1,0,FMN GV 10 Beerse
39,Antwerpseweg 195,2019-09-11,05:00:00,11,11,0,FMN GV 10 Beerse
39,Antwerpseweg 195,2019-09-11,06:00:00,13,13,0,FMN GV 10 Beerse
39,Antwerpseweg 195,2019-09-11,07:00:00,45,42,3,FMN GV 10 Beerse
39,Antwerpseweg 195,2019-09-11,08:00:00,25,23,2,FMN GV 10 Beerse
39,Antwerpseweg 195,2019-09-11,09:00:00,8,8,0,FMN GV 10 Beerse
39,Antwerpseweg 195,2019-09-11,10:00:00,2,2,0,FMN GV 10 Beerse
39,Antwerpseweg 195,2019-09-11,11:00:00,2,2,0,FMN GV 10 Beerse
39,Antwerpseweg 195,2019-09-11,12:00:00,34,31,3,FMN GV 10 Beerse
39,Antwerpseweg 195,2019-09-11,13:00:00,23,11,12,FMN GV 10 Beerse
39,Antwerpseweg 195,2019-09-11,14:00:00,12,7,5,FMN GV 10 Beerse
39,Antwerpseweg 195,2019-09-11,15:00:00,16,7,9,FMN GV 10 Beerse
39,Antwerpseweg 195,2019-09-11,16:00:00,21,12,9,FMN GV 10 Beerse
39,Antwerpseweg 195,2019-09-11,17:00:00,22,14,8,FMN GV 10 Beerse
39,Antwerpseweg 195,2019-09-11,18:00:00,12,6,6,FMN GV 10 Beerse
39,Antwerpseweg 195,2019-09-11,19:00:00,3,2,1,FMN GV 10 Beerse
39,Antwerpseweg 195,2019-09-11,20:00:00,6,3,3,FMN GV 10 Beerse
39,Antwerpseweg 195,2019-09-11,21:00:00,3,2,1,FMN GV 10 Beerse
39,Antwerpseweg 195,2019-09-11,22:00:00,4,3,1,FMN GV 10 Beerse
39,Antwerpseweg 195,2019-09-11,23:00:00,0,0,0,FMN GV 10 Beerse
39,Antwerpseweg 195,2019-09-12,00:00:00,0,0,0,FMN GV 10 Beerse
39,Antwerpseweg 195,2019-09-12,01:00:00,1,1,0,FMN GV 10 Beerse
39,Antwerpseweg 195,2019-09-12,02:00:00,0,0,0,FMN GV 10 Beerse
39,Antwerpseweg 195,2019-09-12,03:00:00,0,0,0,FMN GV 10 Beerse
39,Antwerpseweg 195,2019-09-12,04:00:00,2,1,1,FMN GV 10 Beerse
39,Antwerpseweg 195,2019-09-12,05:00:00,12,12,0,FMN GV 10 Beerse
39,Antwerpseweg 195,2019-09-12,06:00:00,11,10,1,FMN GV 10 Beerse
39,Antwerpseweg 195,2019-09-12,07:00:00,48,43,5,FMN GV 10 Beerse
39,Antwerpseweg 195,2019-09-12,08:00:00,35,30,5,FMN GV 10 Beerse
39,Antwerpseweg 195,2019-09-12,09:00:00,17,14,3,FMN GV 10 Beerse
39,Antwerpseweg 195,2019-09-12,10:00:00,10,6,4,FMN GV 10 Beerse
39,Antwerpseweg 195,2019-09-12,11:00:00,13,9,4,FMN GV 10 Beerse
39,Antwerpseweg 195,2019-09-12,12:00:00,12,9,3,FMN GV 10 Beerse
39,Antwerpseweg 195,2019-09-12,13:00:00,33,20,13,FMN GV 10 Beerse
39,Antwerpseweg 195,2019-09-12,14:00:00,30,17,13,FMN GV 10 Beerse
39,Antwerpseweg 195,2019-09-12,15:00:00,43,31,12,FMN GV 10 Beerse
39,Antwerpseweg 195,2019-09-12,16:00:00,63,45,18,FMN GV 10 Beerse
39,Antwerpseweg 195,2019-09-12,17:00:00,39,26,13,FMN GV 10 Beerse
39,Antwerpseweg 195,2019-09-12,18:00:00,21,12,9,FMN GV 10 Beerse
39,Antwerpseweg 195,2019-09-12,19:00:00,11,8,3,FMN GV 10 Beerse
39,Antwerpseweg 195,2019-09-12,20:00:00,17,7,10,FMN GV 10 Beerse
39,Antwerpseweg 195,2019-09-12,21:00:00,3,2,1,FMN GV 10 Beerse
39,Antwerpseweg 195,2019-09-12,22:00:00,6,4,2,FMN GV 10 Beerse
39,Antwerpseweg 195,2019-09-12,23:00:00,1,1,0,FMN GV 10 Beerse
39,Antwerpseweg 195,2019-09-13,00:00:00,0,0,0,FMN GV 10 Beerse
39,Antwerpseweg 195,2019-09-13,01:00:00,0,0,0,FMN GV 10 Beerse
39,Antwerpseweg 195,2019-09-13,02:00:00,1,1,0,FMN GV 10 Beerse
39,Antwerpseweg 195,2019-09-13,03:00:00,0,0,0,FMN GV 10 Beerse
39,Antwerpseweg 195,2019-09-13,04:00:00,1,1,0,FMN GV 10 Beerse
39,Antwerpseweg 195,2019-09-13,05:00:00,13,13,0,FMN GV 10 Beerse
39,Antwerpseweg 195,2019-09-13,06:00:00,14,13,1,FMN GV 10 Beerse
39,Antwerpseweg 195,2019-09-13,07:00:00,40,37,3,FMN GV 10 Beerse
39,Antwerpseweg 195,2019-09-13,08:00:00,21,19,2,FMN GV 10 Beerse
39,Antwerpseweg 195,2019-09-13,09:00:00,18,14,4,FMN GV 10 Beerse
39,Antwerpseweg 195,2019-09-13,10:00:00,4,4,0,FMN GV 10 Beerse
39,Antwerpseweg 195,2019-09-13,11:00:00,5,2,3,FMN GV 10 Beerse
39,Antwerpseweg 195,2019-09-13,12:00:00,9,7,2,FMN GV 10 Beerse
39,Antwerpseweg 195,2019-09-13,13:00:00,18,15,3,FMN GV 10 Beerse
39,Antwerpseweg 195,2019-09-13,14:00:00,29,19,10,FMN GV 10 Beerse
39,Antwerpseweg 195,2019-09-13,15:00:00,38,28,10,FMN GV 10 Beerse
39,Antwerpseweg 195,2019-09-13,16:00:00,37,29,8,FMN GV 10 Beerse
39,Antwerpseweg 195,2019-09-13,17:00:00,37,25,12,FMN GV 10 Beerse
39,Antwerpseweg 195,2019-09-13,18:00:00,15,10,5,FMN GV 10 Beerse
39,Antwerpseweg 195,2019-09-13,19:00:00,12,5,7,FMN GV 10 Beerse
39,Antwerpseweg 195,2019-09-13,20:00:00,7,5,2,FMN GV 10 Beerse
39,Antwerpseweg 195,2019-09-13,21:00:00,1,0,1,FMN GV 10 Beerse
39,Antwerpseweg 195,2019-09-13,22:00:00,3,3,0,FMN GV 10 Beerse
39,Antwerpseweg 195,2019-09-13,23:00:00,1,1,0,FMN GV 10 Beerse
39,Antwerpseweg 195,2019-09-14,00:00:00,2,2,0,FMN GV 10 Beerse
39,Antwerpseweg 195,2019-09-14,01:00:00,1,1,0,FMN GV 10 Beerse
39,Antwerpseweg 195,2019-09-14,02:00:00,1,1,0,FMN GV 10 Beerse
39,Antwerpseweg 195,2019-09-14,03:00:00,1,1,0,FMN GV 10 Beerse
39,Antwerpseweg 195,2019-09-14,04:00:00,2,2,0,FMN GV 10 Beerse
39,Antwerpseweg 195,2019-09-14,05:00:00,1,1,0,FMN GV 10 Beerse
39,Antwerpseweg 195,2019-09-14,06:00:00,1,1,0,FMN GV 10 Beerse
39,Antwerpseweg 195,2019-09-14,07:00:00,4,4,0,FMN GV 10 Beerse
39,Antwerpseweg 195,2019-09-14,08:00:00,4,3,1,FMN GV 10 Beerse
39,Antwerpseweg 195,2019-09-14,09:00:00,12,7,5,FMN GV 10 Beerse
39,Antwerpseweg 195,2019-09-14,10:00:00,13,10,3,FMN GV 10 Beerse
39,Antwerpseweg 195,2019-09-14,11:00:00,11,7,4,FMN GV 10 Beerse
39,Antwerpseweg 195,2019-09-14,12:00:00,18,13,5,FMN GV 10 Beerse
39,Antwerpseweg 195,2019-09-14,13:00:00,31,21,10,FMN GV 10 Beerse
39,Antwerpseweg 195,2019-09-14,14:00:00,35,23,12,FMN GV 10 Beerse
39,Antwerpseweg 195,2019-09-14,15:00:00,34,26,8,FMN GV 10 Beerse
39,Antwerpseweg 195,2019-09-14,16:00:00,24,14,10,FMN GV 10 Beerse
39,Antwerpseweg 195,2019-09-14,17:00:00,17,9,8,FMN GV 10 Beerse
39,Antwerpseweg 195,2019-09-14,18:00:00,16,11,5,FMN GV 10 Beerse
39,Antwerpseweg 195,2019-09-14,19:00:00,11,10,1,FMN GV 10 Beerse
39,Antwerpseweg 195,2019-09-14,20:00:00,10,6,4,FMN GV 10 Beerse
39,Antwerpseweg 195,2019-09-14,21:00:00,5,2,3,FMN GV 10 Beerse
39,Antwerpseweg 195,2019-09-14,22:00:00,3,2,1,FMN GV 10 Beerse
39,Antwerpseweg 195,2019-09-14,23:00:00,2,0,2,FMN GV 10 Beerse
39,Antwerpseweg 195,2019-09-15,00:00:00,4,2,2,FMN GV 10 Beerse
39,Antwerpseweg 195,2019-09-15,01:00:00,1,1,0,FMN GV 10 Beerse
39,Antwerpseweg 195,2019-09-15,02:00:00,3,2,1,FMN GV 10 Beerse
39,Antwerpseweg 195,2019-09-15,03:00:00,4,2,2,FMN GV 10 Beerse
39,Antwerpseweg 195,2019-09-15,04:00:00,2,1,1,FMN GV 10 Beerse
39,Antwerpseweg 195,2019-09-15,05:00:00,1,1,0,FMN GV 10 Beerse
39,Antwerpseweg 195,2019-09-15,06:00:00,2,2,0,FMN GV 10 Beerse
39,Antwerpseweg 195,2019-09-15,07:00:00,5,5,0,FMN GV 10 Beerse
39,Antwerpseweg 195,2019-09-15,08:00:00,9,9,0,FMN GV 10 Beerse
39,Antwerpseweg 195,2019-09-15,09:00:00,25,21,4,FMN GV 10 Beerse
39,Antwerpseweg 195,2019-09-15,10:00:00,20,13,7,FMN GV 10 Beerse
39,Antwerpseweg 195,2019-09-15,11:00:00,21,16,5,FMN GV 10 Beerse
39,Antwerpseweg 195,2019-09-15,12:00:00,32,19,13,FMN GV 10 Beerse
39,Antwerpseweg 195,2019-09-15,13:00:00,56,41,15,FMN GV 10 Beerse
39,Antwerpseweg 195,2019-09-15,14:00:00,50,28,22,FMN GV 10 Beerse
39,Antwerpseweg 195,2019-09-15,15:00:00,50,41,9,FMN GV 10 Beerse
39,Antwerpseweg 195,2019-09-15,16:00:00,39,24,15,FMN GV 10 Beerse
39,Antwerpseweg 195,2019-09-15,17:00:00,31,24,7,FMN GV 10 Beerse
39,Antwerpseweg 195,2019-09-15,18:00:00,23,12,11,FMN GV 10 Beerse
39,Antwerpseweg 195,2019-09-15,19:00:00,14,11,3,FMN GV 10 Beerse
39,Antwerpseweg 195,2019-09-15,20:00:00,5,3,2,FMN GV 10 Beerse
39,Antwerpseweg 195,2019-09-15,21:00:00,0,0,0,FMN GV 10 Beerse
39,Antwerpseweg 195,2019-09-15,22:00:00,2,2,0,FMN GV 10 Beerse
39,Antwerpseweg 195,2019-09-15,23:00:00,0,0,0,FMN GV 10 Beerse
39,Antwerpseweg 195,2019-09-16,00:00:00,0,0,0,FMN GV 10 Beerse
39,Antwerpseweg 195,2019-09-16,01:00:00,0,0,0,FMN GV 10 Beerse
39,Antwerpseweg 195,2019-09-16,02:00:00,0,0,0,FMN GV 10 Beerse
39,Antwerpseweg 195,2019-09-16,03:00:00,0,0,0,FMN GV 10 Beerse
39,Antwerpseweg 195,2019-09-16,04:00:00,2,2,0,FMN GV 10 Beerse
39,Antwerpseweg 195,2019-09-16,05:00:00,12,12,0,FMN GV 10 Beerse
39,Antwerpseweg 195,2019-09-16,06:00:00,18,14,4,FMN GV 10 Beerse
39,Antwerpseweg 195,2019-09-16,07:00:00,50,42,8,FMN GV 10 Beerse
39,Antwerpseweg 195,2019-09-16,08:00:00,23,20,3,FMN GV 10 Beerse
39,Antwerpseweg 195,2019-09-16,09:00:00,9,6,3,FMN GV 10 Beerse
39,Antwerpseweg 195,2019-09-16,10:00:00,9,7,2,FMN GV 10 Beerse
39,Antwerpseweg 195,2019-09-16,11:00:00,4,3,1,FMN GV 10 Beerse
39,Antwerpseweg 195,2019-09-16,12:00:00,23,16,7,FMN GV 10 Beerse
39,Antwerpseweg 195,2019-09-16,13:00:00,19,16,3,FMN GV 10 Beerse
39,Antwerpseweg 195,2019-09-16,14:00:00,17,10,7,FMN GV 10 Beerse
39,Antwerpseweg 195,2019-09-16,15:00:00,38,30,8,FMN GV 10 Beerse
39,Antwerpseweg 195,2019-09-16,16:00:00,36,26,10,FMN GV 10 Beerse
39,Antwerpseweg 195,2019-09-16,17:00:00,35,27,8,FMN GV 10 Beerse
39,Antwerpseweg 195,2019-09-16,18:00:00,15,9,6,FMN GV 10 Beerse
39,Antwerpseweg 195,2019-09-16,19:00:00,9,5,4,FMN GV 10 Beerse
39,Antwerpseweg 195,2019-09-16,20:00:00,8,7,1,FMN GV 10 Beerse
39,Antwerpseweg 195,2019-09-16,21:00:00,6,5,1,FMN GV 10 Beerse
39,Antwerpseweg 195,2019-09-16,22:00:00,8,4,4,FMN GV 10 Beerse
39,Antwerpseweg 195,2019-09-16,23:00:00,0,0,0,FMN GV 10 Beerse
39,Antwerpseweg 195,2019-09-17,00:00:00,0,0,0,FMN GV 10 Beerse
39,Antwerpseweg 195,2019-09-17,01:00:00,1,1,0,FMN GV 10 Beerse
39,Antwerpseweg 195,2019-09-17,02:00:00,0,0,0,FMN GV 10 Beerse
39,Antwerpseweg 195,2019-09-17,03:00:00,1,1,0,FMN GV 10 Beerse
39,Antwerpseweg 195,2019-09-17,04:00:00,4,4,0,FMN GV 10 Beerse
39,Antwerpseweg 195,2019-09-17,05:00:00,11,10,1,FMN GV 10 Beerse
39,Antwerpseweg 195,2019-09-17,06:00:00,15,13,2,FMN GV 10 Beerse
39,Antwerpseweg 195,2019-09-17,07:00:00,65,56,9,FMN GV 10 Beerse
39,Antwerpseweg 195,2019-09-17,08:00:00,28,25,3,FMN GV 10 Beerse
39,Antwerpseweg 195,2019-09-17,09:00:00,17,8,9,FMN GV 10 Beerse
39,Antwerpseweg 195,2019-09-17,10:00:00,23,14,9,FMN GV 10 Beerse
39,Antwerpseweg 195,2019-09-17,11:00:00,18,6,12,FMN GV 10 Beerse
39,Antwerpseweg 195,2019-09-17,12:00:00,89,68,21,FMN GV 10 Beerse
39,Antwerpseweg 195,2019-09-17,13:00:00,23,14,9,FMN GV 10 Beerse
39,Antwerpseweg 195,2019-09-17,14:00:00,29,21,8,FMN GV 10 Beerse
39,Antwerpseweg 195,2019-09-17,15:00:00,93,32,61,FMN GV 10 Beerse
39,Antwerpseweg 195,2019-09-17,16:00:00,52,34,18,FMN GV 10 Beerse
39,Antwerpseweg 195,2019-09-17,17:00:00,49,36,13,FMN GV 10 Beerse
39,Antwerpseweg 195,2019-09-17,18:00:00,20,12,8,FMN GV 10 Beerse
39,Antwerpseweg 195,2019-09-17,19:00:00,17,9,8,FMN GV 10 Beerse
39,Antwerpseweg 195,2019-09-17,20:00:00,6,3,3,FMN GV 10 Beerse
39,Antwerpseweg 195,2019-09-17,21:00:00,4,2,2,FMN GV 10 Beerse
39,Antwerpseweg 195,2019-09-17,22:00:00,8,5,3,FMN GV 10 Beerse
39,Antwerpseweg 195,2019-09-17,23:00:00,1,0,1,FMN GV 10 Beerse
39,Antwerpseweg 195,2019-09-18,00:00:00,0,0,0,FMN GV 10 Beerse
39,Antwerpseweg 195,2019-09-18,01:00:00,0,0,0,FMN GV 10 Beerse
39,Antwerpseweg 195,2019-09-18,02:00:00,0,0,0,FMN GV 10 Beerse
39,Antwerpseweg 195,2019-09-18,03:00:00,1,1,0,FMN GV 10 Beerse
39,Antwerpseweg 195,2019-09-18,04:00:00,4,4,0,FMN GV 10 Beerse
39,Antwerpseweg 195,2019-09-18,05:00:00,8,8,0,FMN GV 10 Beerse
39,Antwerpseweg 195,2019-09-18,06:00:00,16,14,2,FMN GV 10 Beerse
39,Antwerpseweg 195,2019-09-18,07:00:00,48,37,11,FMN GV 10 Beerse
39,Antwerpseweg 195,2019-09-18,08:00:00,44,36,8,FMN GV 10 Beerse
39,Antwerpseweg 195,2019-09-18,09:00:00,17,14,3,FMN GV 10 Beerse
39,Antwerpseweg 195,2019-09-18,10:00:00,16,11,5,FMN GV 10 Beerse
39,Antwerpseweg 195,2019-09-18,11:00:00,13,9,4,FMN GV 10 Beerse
39,Antwerpseweg 195,2019-09-18,12:00:00,56,42,14,FMN GV 10 Beerse
39,Antwerpseweg 195,2019-09-18,13:00:00,28,18,10,FMN GV 10 Beerse
39,Antwerpseweg 195,2019-09-18,14:00:00,17,13,4,FMN GV 10 Beerse
39,Antwerpseweg 195,2019-09-18,15:00:00,31,14,17,FMN GV 10 Beerse
39,Antwerpseweg 195,2019-09-18,16:00:00,26,16,10,FMN GV 10 Beerse
39,Antwerpseweg 195,2019-09-18,17:00:00,32,22,10,FMN GV 10 Beerse
39,Antwerpseweg 195,2019-09-18,18:00:00,13,8,5,FMN GV 10 Beerse
39,Antwerpseweg 195,2019-09-18,19:00:00,6,5,1,FMN GV 10 Beerse
39,Antwerpseweg 195,2019-09-18,20:00:00,14,9,5,FMN GV 10 Beerse
39,Antwerpseweg 195,2019-09-18,21:00:00,3,3,0,FMN GV 10 Beerse
39,Antwerpseweg 195,2019-09-18,22:00:00,2,1,1,FMN GV 10 Beerse
39,Antwerpseweg 195,2019-09-18,23:00:00,2,1,1,FMN GV 10 Beerse
39,Antwerpseweg 195,2019-09-19,00:00:00,0,0,0,FMN GV 10 Beerse
39,Antwerpseweg 195,2019-09-19,01:00:00,1,1,0,FMN GV 10 Beerse
39,Antwerpseweg 195,2019-09-19,02:00:00,1,1,0,FMN GV 10 Beerse
39,Antwerpseweg 195,2019-09-19,03:00:00,0,0,0,FMN GV 10 Beerse
39,Antwerpseweg 195,2019-09-19,04:00:00,3,3,0,FMN GV 10 Beerse
39,Antwerpseweg 195,2019-09-19,05:00:00,11,11,0,FMN GV 10 Beerse
39,Antwerpseweg 195,2019-09-19,06:00:00,18,13,5,FMN GV 10 Beerse
39,Antwerpseweg 195,2019-09-19,07:00:00,50,45,5,FMN GV 10 Beerse
39,Antwerpseweg 195,2019-09-19,08:00:00,35,28,7,FMN GV 10 Beerse
39,Antwerpseweg 195,2019-09-19,09:00:00,23,18,5,FMN GV 10 Beerse
39,Antwerpseweg 195,2019-09-19,10:00:00,39,15,24,FMN GV 10 Beerse
39,Antwerpseweg 195,2019-09-19,11:00:00,9,8,1,FMN GV 10 Beerse
39,Antwerpseweg 195,2019-09-19,12:00:00,23,12,11,FMN GV 10 Beerse
39,Antwerpseweg 195,2019-09-19,13:00:00,32,21,11,FMN GV 10 Beerse
39,Antwerpseweg 195,2019-09-19,14:00:00,28,17,11,FMN GV 10 Beerse
39,Antwerpseweg 195,2019-09-19,15:00:00,35,26,9,FMN GV 10 Beerse
39,Antwerpseweg 195,2019-09-19,16:00:00,62,44,18,FMN GV 10 Beerse
39,Antwerpseweg 195,2019-09-19,17:00:00,47,34,13,FMN GV 10 Beerse
39,Antwerpseweg 195,2019-09-19,18:00:00,25,16,9,FMN GV 10 Beerse
39,Antwerpseweg 195,2019-09-19,19:00:00,8,6,2,FMN GV 10 Beerse
39,Antwerpseweg 195,2019-09-19,20:00:00,8,4,4,FMN GV 10 Beerse
39,Antwerpseweg 195,2019-09-19,21:00:00,4,4,0,FMN GV 10 Beerse
39,Antwerpseweg 195,2019-09-19,22:00:00,6,4,2,FMN GV 10 Beerse
39,Antwerpseweg 195,2019-09-19,23:00:00,2,1,1,FMN GV 10 Beerse
39,Antwerpseweg 195,2019-09-20,00:00:00,0,0,0,FMN GV 10 Beerse
39,Antwerpseweg 195,2019-09-20,01:00:00,0,0,0,FMN GV 10 Beerse
39,Antwerpseweg 195,2019-09-20,02:00:00,0,0,0,FMN GV 10 Beerse
39,Antwerpseweg 195,2019-09-20,03:00:00,0,0,0,FMN GV 10 Beerse
39,Antwerpseweg 195,2019-09-20,04:00:00,4,4,0,FMN GV 10 Beerse
39,Antwerpseweg 195,2019-09-20,05:00:00,10,10,0,FMN GV 10 Beerse
39,Antwerpseweg 195,2019-09-20,06:00:00,13,8,5,FMN GV 10 Beerse
39,Antwerpseweg 195,2019-09-20,07:00:00,49,42,7,FMN GV 10 Beerse
39,Antwerpseweg 195,2019-09-20,08:00:00,34,26,8,FMN GV 10 Beerse
39,Antwerpseweg 195,2019-09-20,09:00:00,12,8,4,FMN GV 10 Beerse
39,Antwerpseweg 195,2019-09-20,10:00:00,15,12,3,FMN GV 10 Beerse
39,Antwerpseweg 195,2019-09-20,11:00:00,12,11,1,FMN GV 10 Beerse
39,Antwerpseweg 195,2019-09-20,12:00:00,20,14,6,FMN GV 10 Beerse
39,Antwerpseweg 195,2019-09-20,13:00:00,47,40,7,FMN GV 10 Beerse
39,Antwerpseweg 195,2019-09-20,14:00:00,34,24,10,FMN GV 10 Beerse
39,Antwerpseweg 195,2019-09-20,15:00:00,60,48,12,FMN GV 10 Beerse
39,Antwerpseweg 195,2019-09-20,16:00:00,73,58,15,FMN GV 10 Beerse
39,Antwerpseweg 195,2019-09-20,17:00:00,35,21,14,FMN GV 10 Beerse
39,Antwerpseweg 195,2019-09-20,18:00:00,23,18,5,FMN GV 10 Beerse
39,Antwerpseweg 195,2019-09-20,19:00:00,17,6,11,FMN GV 10 Beerse
39,Antwerpseweg 195,2019-09-20,20:00:00,8,4,4,FMN GV 10 Beerse
39,Antwerpseweg 195,2019-09-20,21:00:00,5,3,2,FMN GV 10 Beerse
39,Antwerpseweg 195,2019-09-20,22:00:00,9,5,4,FMN GV 10 Beerse
39,Antwerpseweg 195,2019-09-20,23:00:00,4,1,3,FMN GV 10 Beerse
39,Antwerpseweg 195,2019-09-21,00:00:00,4,0,4,FMN GV 10 Beerse
39,Antwerpseweg 195,2019-09-21,01:00:00,1,1,0,FMN GV 10 Beerse
39,Antwerpseweg 195,2019-09-21,02:00:00,4,3,1,FMN GV 10 Beerse
39,Antwerpseweg 195,2019-09-21,03:00:00,1,0,1,FMN GV 10 Beerse
39,Antwerpseweg 195,2019-09-21,04:00:00,1,1,0,FMN GV 10 Beerse
39,Antwerpseweg 195,2019-09-21,05:00:00,1,1,0,FMN GV 10 Beerse
39,Antwerpseweg 195,2019-09-21,06:00:00,0,0,0,FMN GV 10 Beerse
39,Antwerpseweg 195,2019-09-21,07:00:00,2,2,0,FMN GV 10 Beerse
39,Antwerpseweg 195,2019-09-21,08:00:00,6,2,4,FMN GV 10 Beerse
39,Antwerpseweg 195,2019-09-21,09:00:00,17,12,5,FMN GV 10 Beerse
39,Antwerpseweg 195,2019-09-21,10:00:00,15,12,3,FMN GV 10 Beerse
39,Antwerpseweg 195,2019-09-21,11:00:00,20,12,8,FMN GV 10 Beerse
39,Antwerpseweg 195,2019-09-21,12:00:00,27,19,8,FMN GV 10 Beerse
39,Antwerpseweg 195,2019-09-21,13:00:00,44,34,10,FMN GV 10 Beerse
39,Antwerpseweg 195,2019-09-21,14:00:00,59,45,14,FMN GV 10 Beerse
39,Antwerpseweg 195,2019-09-21,15:00:00,45,27,18,FMN GV 10 Beerse
39,Antwerpseweg 195,2019-09-21,16:00:00,23,18,5,FMN GV 10 Beerse
39,Antwerpseweg 195,2019-09-21,17:00:00,24,10,14,FMN GV 10 Beerse
39,Antwerpseweg 195,2019-09-21,18:00:00,17,14,3,FMN GV 10 Beerse
39,Antwerpseweg 195,2019-09-21,19:00:00,9,8,1,FMN GV 10 Beerse
39,Antwerpseweg 195,2019-09-21,20:00:00,14,7,7,FMN GV 10 Beerse
39,Antwerpseweg 195,2019-09-21,21:00:00,7,7,0,FMN GV 10 Beerse
39,Antwerpseweg 195,2019-09-21,22:00:00,2,1,1,FMN GV 10 Beerse
39,Antwerpseweg 195,2019-09-21,23:00:00,4,4,0,FMN GV 10 Beerse
39,Antwerpseweg 195,2019-09-22,00:00:00,2,2,0,FMN GV 10 Beerse
39,Antwerpseweg 195,2019-09-22,01:00:00,0,0,0,FMN GV 10 Beerse
39,Antwerpseweg 195,2019-09-22,02:00:00,2,0,2,FMN GV 10 Beerse
39,Antwerpseweg 195,2019-09-22,03:00:00,6,2,4,FMN GV 10 Beerse
39,Antwerpseweg 195,2019-09-22,04:00:00,1,1,0,FMN GV 10 Beerse
39,Antwerpseweg 195,2019-09-22,05:00:00,2,1,1,FMN GV 10 Beerse
39,Antwerpseweg 195,2019-09-22,06:00:00,0,0,0,FMN GV 10 Beerse
39,Antwerpseweg 195,2019-09-22,07:00:00,2,2,0,FMN GV 10 Beerse
39,Antwerpseweg 195,2019-09-22,08:00:00,6,6,0,FMN GV 10 Beerse
39,Antwerpseweg 195,2019-09-22,09:00:00,17,13,4,FMN GV 10 Beerse
39,Antwerpseweg 195,2019-09-22,10:00:00,21,13,8,FMN GV 10 Beerse
39,Antwerpseweg 195,2019-09-22,11:00:00,29,11,18,FMN GV 10 Beerse
39,Antwerpseweg 195,2019-09-22,12:00:00,48,41,7,FMN GV 10 Beerse
39,Antwerpseweg 195,2019-09-22,13:00:00,58,43,15,FMN GV 10 Beerse
39,Antwerpseweg 195,2019-09-22,14:00:00,47,31,16,FMN GV 10 Beerse
39,Antwerpseweg 195,2019-09-22,15:00:00,48,32,16,FMN GV 10 Beerse
39,Antwerpseweg 195,2019-09-22,16:00:00,24,16,8,FMN GV 10 Beerse
39,Antwerpseweg 195,2019-09-22,17:00:00,20,9,11,FMN GV 10 Beerse
39,Antwerpseweg 195,2019-09-22,18:00:00,12,5,7,FMN GV 10 Beerse
39,Antwerpseweg 195,2019-09-22,19:00:00,12,12,0,FMN GV 10 Beerse
39,Antwerpseweg 195,2019-09-22,20:00:00,4,4,0,FMN GV 10 Beerse
39,Antwerpseweg 195,2019-09-22,21:00:00,1,0,1,FMN GV 10 Beerse
39,Antwerpseweg 195,2019-09-22,22:00:00,1,0,1,FMN GV 10 Beerse
39,Antwerpseweg 195,2019-09-22,23:00:00,1,1,0,FMN GV 10 Beerse
39,Antwerpseweg 195,2019-09-23,00:00:00,0,0,0,FMN GV 10 Beerse
39,Antwerpseweg 195,2019-09-23,01:00:00,0,0,0,FMN GV 10 Beerse
39,Antwerpseweg 195,2019-09-23,02:00:00,0,0,0,FMN GV 10 Beerse
39,Antwerpseweg 195,2019-09-23,03:00:00,0,0,0,FMN GV 10 Beerse
39,Antwerpseweg 195,2019-09-23,04:00:00,1,1,0,FMN GV 10 Beerse
39,Antwerpseweg 195,2019-09-23,05:00:00,11,11,0,FMN GV 10 Beerse
39,Antwerpseweg 195,2019-09-23,06:00:00,6,6,0,FMN GV 10 Beerse
39,Antwerpseweg 195,2019-09-23,07:00:00,50,40,10,FMN GV 10 Beerse
39,Antwerpseweg 195,2019-09-23,08:00:00,29,27,2,FMN GV 10 Beerse
39,Antwerpseweg 195,2019-09-23,09:00:00,11,7,4,FMN GV 10 Beerse
39,Antwerpseweg 195,2019-09-23,10:00:00,17,11,6,FMN GV 10 Beerse
39,Antwerpseweg 195,2019-09-23,11:00:00,12,11,1,FMN GV 10 Beerse
39,Antwerpseweg 195,2019-09-23,12:00:00,19,15,4,FMN GV 10 Beerse
39,Antwerpseweg 195,2019-09-23,13:00:00,25,19,6,FMN GV 10 Beerse
39,Antwerpseweg 195,2019-09-23,14:00:00,21,12,9,FMN GV 10 Beerse
39,Antwerpseweg 195,2019-09-23,15:00:00,38,27,11,FMN GV 10 Beerse
39,Antwerpseweg 195,2019-09-23,16:00:00,45,33,12,FMN GV 10 Beerse
39,Antwerpseweg 195,2019-09-23,17:00:00,42,32,10,FMN GV 10 Beerse
39,Antwerpseweg 195,2019-09-23,18:00:00,8,5,3,FMN GV 10 Beerse
39,Antwerpseweg 195,2019-09-23,19:00:00,8,7,1,FMN GV 10 Beerse
39,Antwerpseweg 195,2019-09-23,20:00:00,5,3,2,FMN GV 10 Beerse
39,Antwerpseweg 195,2019-09-23,21:00:00,7,4,3,FMN GV 10 Beerse
39,Antwerpseweg 195,2019-09-23,22:00:00,7,4,3,FMN GV 10 Beerse
39,Antwerpseweg 195,2019-09-23,23:00:00,0,0,0,FMN GV 10 Beerse
39,Antwerpseweg 195,2019-09-24,00:00:00,0,0,0,FMN GV 10 Beerse
39,Antwerpseweg 195,2019-09-24,01:00:00,1,0,1,FMN GV 10 Beerse
39,Antwerpseweg 195,2019-09-24,02:00:00,0,0,0,FMN GV 10 Beerse
39,Antwerpseweg 195,2019-09-24,03:00:00,0,0,0,FMN GV 10 Beerse
39,Antwerpseweg 195,2019-09-24,04:00:00,2,2,0,FMN GV 10 Beerse
39,Antwerpseweg 195,2019-09-24,05:00:00,5,5,0,FMN GV 10 Beerse
39,Antwerpseweg 195,2019-09-24,06:00:00,9,7,2,FMN GV 10 Beerse
39,Antwerpseweg 195,2019-09-24,07:00:00,33,26,7,FMN GV 10 Beerse
39,Antwerpseweg 195,2019-09-24,08:00:00,36,29,7,FMN GV 10 Beerse
39,Antwerpseweg 195,2019-09-24,09:00:00,35,25,10,FMN GV 10 Beerse
39,Antwerpseweg 195,2019-09-24,10:00:00,33,24,9,FMN GV 10 Beerse
39,Antwerpseweg 195,2019-09-24,11:00:00,14,8,6,FMN GV 10 Beerse
39,Antwerpseweg 195,2019-09-24,12:00:00,71,49,22,FMN GV 10 Beerse
39,Antwerpseweg 195,2019-09-24,13:00:00,23,13,10,FMN GV 10 Beerse
39,Antwerpseweg 195,2019-09-24,14:00:00,76,11,65,FMN GV 10 Beerse
39,Antwerpseweg 195,2019-09-24,15:00:00,21,16,5,FMN GV 10 Beerse
39,Antwerpseweg 195,2019-09-24,16:00:00,51,39,12,FMN GV 10 Beerse
39,Antwerpseweg 195,2019-09-24,17:00:00,14,10,4,FMN GV 10 Beerse
39,Antwerpseweg 195,2019-09-24,18:00:00,9,6,3,FMN GV 10 Beerse
39,Antwerpseweg 195,2019-09-24,19:00:00,3,1,2,FMN GV 10 Beerse
39,Antwerpseweg 195,2019-09-24,20:00:00,2,0,2,FMN GV 10 Beerse
39,Antwerpseweg 195,2019-09-24,21:00:00,1,1,0,FMN GV 10 Beerse
39,Antwerpseweg 195,2019-09-24,22:00:00,7,5,2,FMN GV 10 Beerse
39,Antwerpseweg 195,2019-09-24,23:00:00,0,0,0,FMN GV 10 Beerse
39,Antwerpseweg 195,2019-09-25,00:00:00,0,0,0,FMN GV 10 Beerse
39,Antwerpseweg 195,2019-09-25,01:00:00,0,0,0,FMN GV 10 Beerse
39,Antwerpseweg 195,2019-09-25,02:00:00,0,0,0,FMN GV 10 Beerse
39,Antwerpseweg 195,2019-09-25,03:00:00,0,0,0,FMN GV 10 Beerse
39,Antwerpseweg 195,2019-09-25,04:00:00,1,1,0,FMN GV 10 Beerse
39,Antwerpseweg 195,2019-09-25,05:00:00,3,3,0,FMN GV 10 Beerse
39,Antwerpseweg 195,2019-09-25,06:00:00,9,9,0,FMN GV 10 Beerse
39,Antwerpseweg 195,2019-09-25,07:00:00,29,28,1,FMN GV 10 Beerse
39,Antwerpseweg 195,2019-09-25,08:00:00,7,4,3,FMN GV 10 Beerse
39,Antwerpseweg 195,2019-09-25,09:00:00,1,0,1,FMN GV 10 Beerse
39,Antwerpseweg 195,2019-09-25,10:00:00,6,4,2,FMN GV 10 Beerse
39,Antwerpseweg 195,2019-09-25,11:00:00,9,4,5,FMN GV 10 Beerse
39,Antwerpseweg 195,2019-09-25,12:00:00,30,24,6,FMN GV 10 Beerse
39,Antwerpseweg 195,2019-09-25,13:00:00,20,13,7,FMN GV 10 Beerse
39,Antwerpseweg 195,2019-09-25,14:00:00,7,4,3,FMN GV 10 Beerse
39,Antwerpseweg 195,2019-09-25,15:00:00,12,5,7,FMN GV 10 Beerse
39,Antwerpseweg 195,2019-09-25,16:00:00,15,11,4,FMN GV 10 Beerse
39,Antwerpseweg 195,2019-09-25,17:00:00,12,8,4,FMN GV 10 Beerse
39,Antwerpseweg 195,2019-09-25,18:00:00,6,4,2,FMN GV 10 Beerse
39,Antwerpseweg 195,2019-09-25,19:00:00,3,0,3,FMN GV 10 Beerse
39,Antwerpseweg 195,2019-09-25,20:00:00,3,3,0,FMN GV 10 Beerse
39,Antwerpseweg 195,2019-09-25,21:00:00,2,2,0,FMN GV 10 Beerse
39,Antwerpseweg 195,2019-09-25,22:00:00,5,5,0,FMN GV 10 Beerse
39,Antwerpseweg 195,2019-09-25,23:00:00,1,1,0,FMN GV 10 Beerse
39,Antwerpseweg 195,2019-09-26,00:00:00,0,0,0,FMN GV 10 Beerse
39,Antwerpseweg 195,2019-09-26,01:00:00,0,0,0,FMN GV 10 Beerse
39,Antwerpseweg 195,2019-09-26,02:00:00,0,0,0,FMN GV 10 Beerse
39,Antwerpseweg 195,2019-09-26,03:00:00,1,1,0,FMN GV 10 Beerse
39,Antwerpseweg 195,2019-09-26,04:00:00,1,1,0,FMN GV 10 Beerse
39,Antwerpseweg 195,2019-09-26,05:00:00,8,8,0,FMN GV 10 Beerse
39,Antwerpseweg 195,2019-09-26,06:00:00,11,10,1,FMN GV 10 Beerse
39,Antwerpseweg 195,2019-09-26,07:00:00,26,23,3,FMN GV 10 Beerse
39,Antwerpseweg 195,2019-09-26,08:00:00,21,20,1,FMN GV 10 Beerse
39,Antwerpseweg 195,2019-09-26,09:00:00,7,6,1,FMN GV 10 Beerse
39,Antwerpseweg 195,2019-09-26,10:00:00,1,1,0,FMN GV 10 Beerse
39,Antwerpseweg 195,2019-09-26,11:00:00,12,10,2,FMN GV 10 Beerse
39,Antwerpseweg 195,2019-09-26,12:00:00,6,5,1,FMN GV 10 Beerse
39,Antwerpseweg 195,2019-09-26,13:00:00,6,4,2,FMN GV 10 Beerse
39,Antwerpseweg 195,2019-09-26,14:00:00,5,3,2,FMN GV 10 Beerse
39,Antwerpseweg 195,2019-09-26,15:00:00,25,17,8,FMN GV 10 Beerse
39,Antwerpseweg 195,2019-09-26,16:00:00,23,19,4,FMN GV 10 Beerse
39,Antwerpseweg 195,2019-09-26,17:00:00,20,12,8,FMN GV 10 Beerse
39,Antwerpseweg 195,2019-09-26,18:00:00,7,6,1,FMN GV 10 Beerse
39,Antwerpseweg 195,2019-09-26,19:00:00,5,3,2,FMN GV 10 Beerse
39,Antwerpseweg 195,2019-09-26,20:00:00,3,2,1,FMN GV 10 Beerse
39,Antwerpseweg 195,2019-09-26,21:00:00,2,2,0,FMN GV 10 Beerse
39,Antwerpseweg 195,2019-09-26,22:00:00,2,1,1,FMN GV 10 Beerse
39,Antwerpseweg 195,2019-09-26,23:00:00,0,0,0,FMN GV 10 Beerse
39,Antwerpseweg 195,2019-09-27,00:00:00,1,1,0,FMN GV 10 Beerse
39,Antwerpseweg 195,2019-09-27,01:00:00,0,0,0,FMN GV 10 Beerse
39,Antwerpseweg 195,2019-09-27,02:00:00,0,0,0,FMN GV 10 Beerse
39,Antwerpseweg 195,2019-09-27,03:00:00,1,1,0,FMN GV 10 Beerse
39,Antwerpseweg 195,2019-09-27,04:00:00,1,1,0,FMN GV 10 Beerse
39,Antwerpseweg 195,2019-09-27,05:00:00,8,8,0,FMN GV 10 Beerse
39,Antwerpseweg 195,2019-09-27,06:00:00,9,8,1,FMN GV 10 Beerse
39,Antwerpseweg 195,2019-09-27,07:00:00,38,27,11,FMN GV 10 Beerse
39,Antwerpseweg 195,2019-09-27,08:00:00,18,12,6,FMN GV 10 Beerse
39,Antwerpseweg 195,2019-09-27,09:00:00,13,10,3,FMN GV 10 Beerse
39,Antwerpseweg 195,2019-09-27,10:00:00,6,5,1,FMN GV 10 Beerse
39,Antwerpseweg 195,2019-09-27,11:00:00,11,10,1,FMN GV 10 Beerse
39,Antwerpseweg 195,2019-09-27,12:00:00,21,11,10,FMN GV 10 Beerse
39,Antwerpseweg 195,2019-09-27,13:00:00,19,11,8,FMN GV 10 Beerse
39,Antwerpseweg 195,2019-09-27,14:00:00,6,4,2,FMN GV 10 Beerse
39,Antwerpseweg 195,2019-09-27,15:00:00,24,20,4,FMN GV 10 Beerse
39,Antwerpseweg 195,2019-09-27,16:00:00,22,14,8,FMN GV 10 Beerse
39,Antwerpseweg 195,2019-09-27,17:00:00,25,18,7,FMN GV 10 Beerse
39,Antwerpseweg 195,2019-09-27,18:00:00,8,2,6,FMN GV 10 Beerse
39,Antwerpseweg 195,2019-09-27,19:00:00,5,3,2,FMN GV 10 Beerse
39,Antwerpseweg 195,2019-09-27,20:00:00,4,2,2,FMN GV 10 Beerse
39,Antwerpseweg 195,2019-09-27,21:00:00,2,2,0,FMN GV 10 Beerse
39,Antwerpseweg 195,2019-09-27,22:00:00,11,10,1,FMN GV 10 Beerse
39,Antwerpseweg 195,2019-09-27,23:00:00,2,2,0,FMN GV 10 Beerse
39,Antwerpseweg 195,2019-09-28,00:00:00,0,0,0,FMN GV 10 Beerse
39,Antwerpseweg 195,2019-09-28,01:00:00,4,1,3,FMN GV 10 Beerse
39,Antwerpseweg 195,2019-09-28,02:00:00,1,1,0,FMN GV 10 Beerse
39,Antwerpseweg 195,2019-09-28,03:00:00,0,0,0,FMN GV 10 Beerse
39,Antwerpseweg 195,2019-09-28,04:00:00,1,1,0,FMN GV 10 Beerse
39,Antwerpseweg 195,2019-09-28,05:00:00,1,1,0,FMN GV 10 Beerse
39,Antwerpseweg 195,2019-09-28,06:00:00,1,1,0,FMN GV 10 Beerse
39,Antwerpseweg 195,2019-09-28,07:00:00,1,1,0,FMN GV 10 Beerse
39,Antwerpseweg 195,2019-09-28,08:00:00,2,1,1,FMN GV 10 Beerse
39,Antwerpseweg 195,2019-09-28,09:00:00,9,4,5,FMN GV 10 Beerse
39,Antwerpseweg 195,2019-09-28,10:00:00,7,5,2,FMN GV 10 Beerse
39,Antwerpseweg 195,2019-09-28,11:00:00,14,11,3,FMN GV 10 Beerse
39,Antwerpseweg 195,2019-09-28,12:00:00,9,5,4,FMN GV 10 Beerse
39,Antwerpseweg 195,2019-09-28,13:00:00,5,2,3,FMN GV 10 Beerse
39,Antwerpseweg 195,2019-09-28,14:00:00,2,1,1,FMN GV 10 Beerse
39,Antwerpseweg 195,2019-09-28,15:00:00,7,7,0,FMN GV 10 Beerse
39,Antwerpseweg 195,2019-09-28,16:00:00,4,2,2,FMN GV 10 Beerse
39,Antwerpseweg 195,2019-09-28,17:00:00,3,0,3,FMN GV 10 Beerse
39,Antwerpseweg 195,2019-09-28,18:00:00,2,1,1,FMN GV 10 Beerse
39,Antwerpseweg 195,2019-09-28,19:00:00,5,5,0,FMN GV 10 Beerse
39,Antwerpseweg 195,2019-09-28,20:00:00,2,0,2,FMN GV 10 Beerse
39,Antwerpseweg 195,2019-09-28,21:00:00,4,3,1,FMN GV 10 Beerse
39,Antwerpseweg 195,2019-09-28,22:00:00,4,3,1,FMN GV 10 Beerse
39,Antwerpseweg 195,2019-09-28,23:00:00,1,1,0,FMN GV 10 Beerse
39,Antwerpseweg 195,2019-09-29,00:00:00,0,0,0,FMN GV 10 Beerse
39,Antwerpseweg 195,2019-09-29,01:00:00,1,1,0,FMN GV 10 Beerse
39,Antwerpseweg 195,2019-09-29,02:00:00,0,0,0,FMN GV 10 Beerse
39,Antwerpseweg 195,2019-09-29,03:00:00,1,1,0,FMN GV 10 Beerse
39,Antwerpseweg 195,2019-09-29,04:00:00,1,1,0,FMN GV 10 Beerse
39,Antwerpseweg 195,2019-09-29,05:00:00,1,1,0,FMN GV 10 Beerse
39,Antwerpseweg 195,2019-09-29,06:00:00,2,2,0,FMN GV 10 Beerse
39,Antwerpseweg 195,2019-09-29,07:00:00,1,1,0,FMN GV 10 Beerse
39,Antwerpseweg 195,2019-09-29,08:00:00,1,1,0,FMN GV 10 Beerse
39,Antwerpseweg 195,2019-09-29,09:00:00,5,2,3,FMN GV 10 Beerse
39,Antwerpseweg 195,2019-09-29,10:00:00,4,4,0,FMN GV 10 Beerse
39,Antwerpseweg 195,2019-09-29,11:00:00,8,3,5,FMN GV 10 Beerse
39,Antwerpseweg 195,2019-09-29,12:00:00,4,1,3,FMN GV 10 Beerse
39,Antwerpseweg 195,2019-09-29,13:00:00,2,1,1,FMN GV 10 Beerse
39,Antwerpseweg 195,2019-09-29,14:00:00,6,1,5,FMN GV 10 Beerse
39,Antwerpseweg 195,2019-09-29,15:00:00,3,3,0,FMN GV 10 Beerse
39,Antwerpseweg 195,2019-09-29,16:00:00,6,3,3,FMN GV 10 Beerse
39,Antwerpseweg 195,2019-09-29,17:00:00,0,0,0,FMN GV 10 Beerse
39,Antwerpseweg 195,2019-09-29,18:00:00,0,0,0,FMN GV 10 Beerse
39,Antwerpseweg 195,2019-09-29,19:00:00,4,3,1,FMN GV 10 Beerse
39,Antwerpseweg 195,2019-09-29,20:00:00,2,1,1,FMN GV 10 Beerse
39,Antwerpseweg 195,2019-09-29,21:00:00,2,2,0,FMN GV 10 Beerse
39,Antwerpseweg 195,2019-09-29,22:00:00,1,0,1,FMN GV 10 Beerse
39,Antwerpseweg 195,2019-09-29,23:00:00,0,0,0,FMN GV 10 Beerse
39,Antwerpseweg 195,2019-09-30,00:00:00,0,0,0,FMN GV 10 Beerse
39,Antwerpseweg 195,2019-09-30,01:00:00,0,0,0,FMN GV 10 Beerse
39,Antwerpseweg 195,2019-09-30,02:00:00,0,0,0,FMN GV 10 Beerse
39,Antwerpseweg 195,2019-09-30,03:00:00,0,0,0,FMN GV 10 Beerse
39,Antwerpseweg 195,2019-09-30,04:00:00,0,0,0,FMN GV 10 Beerse
39,Antwerpseweg 195,2019-09-30,05:00:00,6,6,0,FMN GV 10 Beerse
39,Antwerpseweg 195,2019-09-30,06:00:00,10,7,3,FMN GV 10 Beerse
39,Antwerpseweg 195,2019-09-30,07:00:00,43,41,2,FMN GV 10 Beerse
39,Antwerpseweg 195,2019-09-30,08:00:00,24,22,2,FMN GV 10 Beerse
39,Antwerpseweg 195,2019-09-30,09:00:00,12,10,2,FMN GV 10 Beerse
39,Antwerpseweg 195,2019-09-30,10:00:00,8,6,2,FMN GV 10 Beerse
39,Antwerpseweg 195,2019-09-30,11:00:00,9,8,1,FMN GV 10 Beerse
39,Antwerpseweg 195,2019-09-30,12:00:00,9,7,2,FMN GV 10 Beerse
39,Antwerpseweg 195,2019-09-30,13:00:00,33,22,11,FMN GV 10 Beerse
39,Antwerpseweg 195,2019-09-30,14:00:00,21,14,7,FMN GV 10 Beerse
39,Antwerpseweg 195,2019-09-30,15:00:00,32,25,7,FMN GV 10 Beerse
39,Antwerpseweg 195,2019-09-30,16:00:00,39,30,9,FMN GV 10 Beerse
39,Antwerpseweg 195,2019-09-30,17:00:00,34,23,11,FMN GV 10 Beerse
39,Antwerpseweg 195,2019-09-30,18:00:00,13,9,4,FMN GV 10 Beerse
39,Antwerpseweg 195,2019-09-30,19:00:00,11,9,2,FMN GV 10 Beerse
39,Antwerpseweg 195,2019-09-30,20:00:00,5,3,2,FMN GV 10 Beerse
39,Antwerpseweg 195,2019-09-30,21:00:00,2,1,1,FMN GV 10 Beerse
39,Antwerpseweg 195,2019-09-30,22:00:00,6,2,4,FMN GV 10 Beerse
39,Antwerpseweg 195,2019-09-30,23:00:00,0,0,0,FMN GV 10 Beerse
39,Antwerpseweg 195,2019-10-01,00:00:00,0,0,0,FMN GV 10 Beerse
39,Antwerpseweg 195,2019-10-01,01:00:00,0,0,0,FMN GV 10 Beerse
39,Antwerpseweg 195,2019-10-01,02:00:00,0,0,0,FMN GV 10 Beerse
39,Antwerpseweg 195,2019-10-01,03:00:00,0,0,0,FMN GV 10 Beerse
39,Antwerpseweg 195,2019-10-01,04:00:00,3,2,1,FMN GV 10 Beerse
39,Antwerpseweg 195,2019-10-01,05:00:00,4,4,0,FMN GV 10 Beerse
39,Antwerpseweg 195,2019-10-01,06:00:00,10,10,0,FMN GV 10 Beerse
39,Antwerpseweg 195,2019-10-01,07:00:00,18,18,0,FMN GV 10 Beerse
39,Antwerpseweg 195,2019-10-01,08:00:00,5,5,0,FMN GV 10 Beerse
39,Antwerpseweg 195,2019-10-01,09:00:00,4,3,1,FMN GV 10 Beerse
39,Antwerpseweg 195,2019-10-01,10:00:00,3,2,1,FMN GV 10 Beerse
39,Antwerpseweg 195,2019-10-01,11:00:00,2,2,0,FMN GV 10 Beerse
39,Antwerpseweg 195,2019-10-01,12:00:00,5,5,0,FMN GV 10 Beerse
39,Antwerpseweg 195,2019-10-01,13:00:00,10,8,2,FMN GV 10 Beerse
39,Antwerpseweg 195,2019-10-01,14:00:00,10,10,0,FMN GV 10 Beerse
39,Antwerpseweg 195,2019-10-01,15:00:00,14,9,5,FMN GV 10 Beerse
39,Antwerpseweg 195,2019-10-01,16:00:00,16,10,6,FMN GV 10 Beerse
39,Antwerpseweg 195,2019-10-01,17:00:00,15,10,5,FMN GV 10 Beerse
39,Antwerpseweg 195,2019-10-01,18:00:00,5,3,2,FMN GV 10 Beerse
39,Antwerpseweg 195,2019-10-01,19:00:00,4,4,0,FMN GV 10 Beerse
39,Antwerpseweg 195,2019-10-01,20:00:00,3,1,2,FMN GV 10 Beerse
39,Antwerpseweg 195,2019-10-01,21:00:00,3,3,0,FMN GV 10 Beerse
39,Antwerpseweg 195,2019-10-01,22:00:00,6,4,2,FMN GV 10 Beerse
39,Antwerpseweg 195,2019-10-01,23:00:00,0,0,0,FMN GV 10 Beerse
39,Antwerpseweg 195,2019-10-02,00:00:00,1,1,0,FMN GV 10 Beerse
39,Antwerpseweg 195,2019-10-02,01:00:00,0,0,0,FMN GV 10 Beerse
39,Antwerpseweg 195,2019-10-02,02:00:00,0,0,0,FMN GV 10 Beerse
39,Antwerpseweg 195,2019-10-02,03:00:00,1,1,0,FMN GV 10 Beerse
39,Antwerpseweg 195,2019-10-02,04:00:00,1,1,0,FMN GV 10 Beerse
39,Antwerpseweg 195,2019-10-02,05:00:00,8,8,0,FMN GV 10 Beerse
39,Antwerpseweg 195,2019-10-02,06:00:00,10,8,2,FMN GV 10 Beerse
39,Antwerpseweg 195,2019-10-02,07:00:00,53,47,6,FMN GV 10 Beerse
39,Antwerpseweg 195,2019-10-02,08:00:00,28,24,4,FMN GV 10 Beerse
39,Antwerpseweg 195,2019-10-02,09:00:00,12,5,7,FMN GV 10 Beerse
39,Antwerpseweg 195,2019-10-02,10:00:00,5,4,1,FMN GV 10 Beerse
39,Antwerpseweg 195,2019-10-02,11:00:00,10,7,3,FMN GV 10 Beerse
39,Antwerpseweg 195,2019-10-02,12:00:00,35,26,9,FMN GV 10 Beerse
39,Antwerpseweg 195,2019-10-02,13:00:00,18,15,3,FMN GV 10 Beerse
39,Antwerpseweg 195,2019-10-02,14:00:00,24,17,7,FMN GV 10 Beerse
39,Antwerpseweg 195,2019-10-02,15:00:00,13,8,5,FMN GV 10 Beerse
39,Antwerpseweg 195,2019-10-02,16:00:00,31,20,11,FMN GV 10 Beerse
39,Antwerpseweg 195,2019-10-02,17:00:00,31,21,10,FMN GV 10 Beerse
39,Antwerpseweg 195,2019-10-02,18:00:00,7,4,3,FMN GV 10 Beerse
39,Antwerpseweg 195,2019-10-02,19:00:00,6,3,3,FMN GV 10 Beerse
39,Antwerpseweg 195,2019-10-02,20:00:00,4,3,1,FMN GV 10 Beerse
39,Antwerpseweg 195,2019-10-02,21:00:00,1,0,1,FMN GV 10 Beerse
39,Antwerpseweg 195,2019-10-02,22:00:00,3,0,3,FMN GV 10 Beerse
39,Antwerpseweg 195,2019-10-02,23:00:00,0,0,0,FMN GV 10 Beerse
39,Antwerpseweg 195,2019-10-03,00:00:00,0,0,0,FMN GV 10 Beerse
39,Antwerpseweg 195,2019-10-03,01:00:00,1,1,0,FMN GV 10 Beerse
39,Antwerpseweg 195,2019-10-03,02:00:00,0,0,0,FMN GV 10 Beerse
39,Antwerpseweg 195,2019-10-03,03:00:00,0,0,0,FMN GV 10 Beerse
39,Antwerpseweg 195,2019-10-03,04:00:00,1,1,0,FMN GV 10 Beerse
39,Antwerpseweg 195,2019-10-03,05:00:00,10,10,0,FMN GV 10 Beerse
39,Antwerpseweg 195,2019-10-03,06:00:00,5,5,0,FMN GV 10 Beerse
39,Antwerpseweg 195,2019-10-03,07:00:00,39,37,2,FMN GV 10 Beerse
39,Antwerpseweg 195,2019-10-03,08:00:00,27,21,6,FMN GV 10 Beerse
39,Antwerpseweg 195,2019-10-03,09:00:00,7,4,3,FMN GV 10 Beerse
39,Antwerpseweg 195,2019-10-03,10:00:00,5,4,1,FMN GV 10 Beerse
39,Antwerpseweg 195,2019-10-03,11:00:00,3,2,1,FMN GV 10 Beerse
39,Antwerpseweg 195,2019-10-03,12:00:00,5,4,1,FMN GV 10 Beerse
39,Antwerpseweg 195,2019-10-03,13:00:00,8,7,1,FMN GV 10 Beerse
39,Antwerpseweg 195,2019-10-03,14:00:00,30,24,6,FMN GV 10 Beerse
39,Antwerpseweg 195,2019-10-03,15:00:00,44,37,7,FMN GV 10 Beerse
39,Antwerpseweg 195,2019-10-03,16:00:00,30,19,11,FMN GV 10 Beerse
39,Antwerpseweg 195,2019-10-03,17:00:00,23,16,7,FMN GV 10 Beerse
39,Antwerpseweg 195,2019-10-03,18:00:00,9,4,5,FMN GV 10 Beerse
39,Antwerpseweg 195,2019-10-03,19:00:00,10,6,4,FMN GV 10 Beerse
39,Antwerpseweg 195,2019-10-03,20:00:00,4,2,2,FMN GV 10 Beerse
39,Antwerpseweg 195,2019-10-03,21:00:00,1,1,0,FMN GV 10 Beerse
39,Antwerpseweg 195,2019-10-03,22:00:00,3,3,0,FMN GV 10 Beerse
39,Antwerpseweg 195,2019-10-03,23:00:00,1,0,1,FMN GV 10 Beerse
39,Antwerpseweg 195,2019-10-04,00:00:00,0,0,0,FMN GV 10 Beerse
39,Antwerpseweg 195,2019-10-04,01:00:00,1,1,0,FMN GV 10 Beerse
39,Antwerpseweg 195,2019-10-04,02:00:00,0,0,0,FMN GV 10 Beerse
39,Antwerpseweg 195,2019-10-04,03:00:00,1,1,0,FMN GV 10 Beerse
39,Antwerpseweg 195,2019-10-04,04:00:00,3,3,0,FMN GV 10 Beerse
39,Antwerpseweg 195,2019-10-04,05:00:00,5,5,0,FMN GV 10 Beerse
39,Antwerpseweg 195,2019-10-04,06:00:00,0,0,0,FMN GV 10 Beerse
39,Antwerpseweg 195,2019-10-04,07:00:00,15,14,1,FMN GV 10 Beerse
39,Antwerpseweg 195,2019-10-04,08:00:00,8,7,1,FMN GV 10 Beerse
39,Antwerpseweg 195,2019-10-04,09:00:00,5,3,2,FMN GV 10 Beerse
39,Antwerpseweg 195,2019-10-04,10:00:00,4,4,0,FMN GV 10 Beerse
39,Antwerpseweg 195,2019-10-04,11:00:00,6,5,1,FMN GV 10 Beerse
39,Antwerpseweg 195,2019-10-04,12:00:00,2,1,1,FMN GV 10 Beerse
39,Antwerpseweg 195,2019-10-04,13:00:00,5,2,3,FMN GV 10 Beerse
39,Antwerpseweg 195,2019-10-04,14:00:00,9,8,1,FMN GV 10 Beerse
39,Antwerpseweg 195,2019-10-04,15:00:00,16,13,3,FMN GV 10 Beerse
39,Antwerpseweg 195,2019-10-04,16:00:00,15,10,5,FMN GV 10 Beerse
39,Antwerpseweg 195,2019-10-04,17:00:00,8,3,5,FMN GV 10 Beerse
39,Antwerpseweg 195,2019-10-04,18:00:00,9,6,3,FMN GV 10 Beerse
39,Antwerpseweg 195,2019-10-04,19:00:00,4,1,3,FMN GV 10 Beerse
39,Antwerpseweg 195,2019-10-04,20:00:00,5,4,1,FMN GV 10 Beerse
39,Antwerpseweg 195,2019-10-04,21:00:00,5,3,2,FMN GV 10 Beerse
39,Antwerpseweg 195,2019-10-04,22:00:00,0,0,0,FMN GV 10 Beerse
39,Antwerpseweg 195,2019-10-04,23:00:00,0,0,0,FMN GV 10 Beerse
39,Antwerpseweg 195,2019-10-05,00:00:00,0,0,0,FMN GV 10 Beerse
39,Antwerpseweg 195,2019-10-05,01:00:00,2,1,1,FMN GV 10 Beerse
39,Antwerpseweg 195,2019-10-05,02:00:00,2,1,1,FMN GV 10 Beerse
39,Antwerpseweg 195,2019-10-05,03:00:00,1,1,0,FMN GV 10 Beerse
39,Antwerpseweg 195,2019-10-05,04:00:00,1,1,0,FMN GV 10 Beerse
39,Antwerpseweg 195,2019-10-05,05:00:00,3,3,0,FMN GV 10 Beerse
39,Antwerpseweg 195,2019-10-05,06:00:00,2,1,1,FMN GV 10 Beerse
39,Antwerpseweg 195,2019-10-05,07:00:00,2,2,0,FMN GV 10 Beerse
39,Antwerpseweg 195,2019-10-05,08:00:00,5,5,0,FMN GV 10 Beerse
39,Antwerpseweg 195,2019-10-05,09:00:00,12,7,5,FMN GV 10 Beerse
39,Antwerpseweg 195,2019-10-05,10:00:00,9,8,1,FMN GV 10 Beerse
39,Antwerpseweg 195,2019-10-05,11:00:00,12,10,2,FMN GV 10 Beerse
39,Antwerpseweg 195,2019-10-05,12:00:00,8,7,1,FMN GV 10 Beerse
39,Antwerpseweg 195,2019-10-05,13:00:00,10,8,2,FMN GV 10 Beerse
39,Antwerpseweg 195,2019-10-05,14:00:00,15,12,3,FMN GV 10 Beerse
39,Antwerpseweg 195,2019-10-05,15:00:00,14,10,4,FMN GV 10 Beerse
39,Antwerpseweg 195,2019-10-05,16:00:00,4,3,1,FMN GV 10 Beerse
39,Antwerpseweg 195,2019-10-05,17:00:00,5,3,2,FMN GV 10 Beerse
39,Antwerpseweg 195,2019-10-05,18:00:00,6,5,1,FMN GV 10 Beerse
39,Antwerpseweg 195,2019-10-05,19:00:00,5,4,1,FMN GV 10 Beerse
39,Antwerpseweg 195,2019-10-05,20:00:00,7,4,3,FMN GV 10 Beerse
39,Antwerpseweg 195,2019-10-05,21:00:00,5,4,1,FMN GV 10 Beerse
39,Antwerpseweg 195,2019-10-05,22:00:00,1,1,0,FMN GV 10 Beerse
39,Antwerpseweg 195,2019-10-05,23:00:00,6,1,5,FMN GV 10 Beerse
39,Antwerpseweg 195,2019-10-06,00:00:00,2,1,1,FMN GV 10 Beerse
39,Antwerpseweg 195,2019-10-06,01:00:00,4,3,1,FMN GV 10 Beerse
39,Antwerpseweg 195,2019-10-06,02:00:00,2,2,0,FMN GV 10 Beerse
39,Antwerpseweg 195,2019-10-06,03:00:00,3,2,1,FMN GV 10 Beerse
39,Antwerpseweg 195,2019-10-06,04:00:00,0,0,0,FMN GV 10 Beerse
39,Antwerpseweg 195,2019-10-06,05:00:00,2,2,0,FMN GV 10 Beerse
39,Antwerpseweg 195,2019-10-06,06:00:00,0,0,0,FMN GV 10 Beerse
39,Antwerpseweg 195,2019-10-06,07:00:00,0,0,0,FMN GV 10 Beerse
39,Antwerpseweg 195,2019-10-06,08:00:00,1,1,0,FMN GV 10 Beerse
39,Antwerpseweg 195,2019-10-06,09:00:00,1,0,1,FMN GV 10 Beerse
39,Antwerpseweg 195,2019-10-06,10:00:00,1,1,0,FMN GV 10 Beerse
39,Antwerpseweg 195,2019-10-06,11:00:00,1,1,0,FMN GV 10 Beerse
39,Antwerpseweg 195,2019-10-06,12:00:00,1,0,1,FMN GV 10 Beerse
39,Antwerpseweg 195,2019-10-06,13:00:00,6,5,1,FMN GV 10 Beerse
39,Antwerpseweg 195,2019-10-06,14:00:00,0,0,0,FMN GV 10 Beerse
39,Antwerpseweg 195,2019-10-06,15:00:00,1,0,1,FMN GV 10 Beerse
39,Antwerpseweg 195,2019-10-06,16:00:00,4,3,1,FMN GV 10 Beerse
39,Antwerpseweg 195,2019-10-06,17:00:00,2,0,2,FMN GV 10 Beerse
39,Antwerpseweg 195,2019-10-06,18:00:00,3,2,1,FMN GV 10 Beerse
39,Antwerpseweg 195,2019-10-06,19:00:00,8,5,3,FMN GV 10 Beerse
39,Antwerpseweg 195,2019-10-06,20:00:00,0,0,0,FMN GV 10 Beerse
39,Antwerpseweg 195,2019-10-06,21:00:00,1,1,0,FMN GV 10 Beerse
39,Antwerpseweg 195,2019-10-06,22:00:00,1,1,0,FMN GV 10 Beerse
39,Antwerpseweg 195,2019-10-06,23:00:00,0,0,0,FMN GV 10 Beerse
39,Antwerpseweg 195,2019-10-07,00:00:00,0,0,0,FMN GV 10 Beerse
39,Antwerpseweg 195,2019-10-07,01:00:00,0,0,0,FMN GV 10 Beerse
39,Antwerpseweg 195,2019-10-07,02:00:00,0,0,0,FMN GV 10 Beerse
39,Antwerpseweg 195,2019-10-07,03:00:00,0,0,0,FMN GV 10 Beerse
39,Antwerpseweg 195,2019-10-07,04:00:00,2,2,0,FMN GV 10 Beerse
39,Antwerpseweg 195,2019-10-07,05:00:00,10,10,0,FMN GV 10 Beerse
39,Antwerpseweg 195,2019-10-07,06:00:00,13,11,2,FMN GV 10 Beerse
39,Antwerpseweg 195,2019-10-07,07:00:00,47,43,4,FMN GV 10 Beerse
39,Antwerpseweg 195,2019-10-07,08:00:00,21,19,2,FMN GV 10 Beerse
39,Antwerpseweg 195,2019-10-07,09:00:00,12,9,3,FMN GV 10 Beerse
39,Antwerpseweg 195,2019-10-07,10:00:00,10,9,1,FMN GV 10 Beerse
39,Antwerpseweg 195,2019-10-07,11:00:00,11,5,6,FMN GV 10 Beerse
39,Antwerpseweg 195,2019-10-07,12:00:00,16,11,5,FMN GV 10 Beerse
39,Antwerpseweg 195,2019-10-07,13:00:00,18,17,1,FMN GV 10 Beerse
39,Antwerpseweg 195,2019-10-07,14:00:00,16,9,7,FMN GV 10 Beerse
39,Antwerpseweg 195,2019-10-07,15:00:00,31,17,14,FMN GV 10 Beerse
39,Antwerpseweg 195,2019-10-07,16:00:00,43,27,16,FMN GV 10 Beerse
39,Antwerpseweg 195,2019-10-07,17:00:00,36,26,10,FMN GV 10 Beerse
39,Antwerpseweg 195,2019-10-07,18:00:00,16,12,4,FMN GV 10 Beerse
39,Antwerpseweg 195,2019-10-07,19:00:00,10,7,3,FMN GV 10 Beerse
39,Antwerpseweg 195,2019-10-07,20:00:00,6,4,2,FMN GV 10 Beerse
39,Antwerpseweg 195,2019-10-07,21:00:00,0,0,0,FMN GV 10 Beerse
39,Antwerpseweg 195,2019-10-07,22:00:00,3,1,2,FMN GV 10 Beerse
39,Antwerpseweg 195,2019-10-07,23:00:00,0,0,0,FMN GV 10 Beerse
39,Antwerpseweg 195,2019-10-08,00:00:00,0,0,0,FMN GV 10 Beerse
39,Antwerpseweg 195,2019-10-08,01:00:00,0,0,0,FMN GV 10 Beerse
39,Antwerpseweg 195,2019-10-08,02:00:00,0,0,0,FMN GV 10 Beerse
39,Antwerpseweg 195,2019-10-08,03:00:00,0,0,0,FMN GV 10 Beerse
39,Antwerpseweg 195,2019-10-08,04:00:00,1,1,0,FMN GV 10 Beerse
39,Antwerpseweg 195,2019-10-08,05:00:00,4,4,0,FMN GV 10 Beerse
39,Antwerpseweg 195,2019-10-08,06:00:00,5,5,0,FMN GV 10 Beerse
39,Antwerpseweg 195,2019-10-08,07:00:00,20,18,2,FMN GV 10 Beerse
39,Antwerpseweg 195,2019-10-08,08:00:00,15,13,2,FMN GV 10 Beerse
39,Antwerpseweg 195,2019-10-08,09:00:00,5,5,0,FMN GV 10 Beerse
39,Antwerpseweg 195,2019-10-08,10:00:00,1,1,0,FMN GV 10 Beerse
39,Antwerpseweg 195,2019-10-08,11:00:00,8,7,1,FMN GV 10 Beerse
39,Antwerpseweg 195,2019-10-08,12:00:00,11,9,2,FMN GV 10 Beerse
39,Antwerpseweg 195,2019-10-08,13:00:00,14,10,4,FMN GV 10 Beerse
39,Antwerpseweg 195,2019-10-08,14:00:00,11,6,5,FMN GV 10 Beerse
39,Antwerpseweg 195,2019-10-08,15:00:00,23,18,5,FMN GV 10 Beerse
39,Antwerpseweg 195,2019-10-08,16:00:00,27,21,6,FMN GV 10 Beerse
39,Antwerpseweg 195,2019-10-08,17:00:00,20,13,7,FMN GV 10 Beerse
39,Antwerpseweg 195,2019-10-08,18:00:00,11,8,3,FMN GV 10 Beerse
39,Antwerpseweg 195,2019-10-08,19:00:00,4,3,1,FMN GV 10 Beerse
39,Antwerpseweg 195,2019-10-08,20:00:00,3,3,0,FMN GV 10 Beerse
39,Antwerpseweg 195,2019-10-08,21:00:00,1,1,0,FMN GV 10 Beerse
39,Antwerpseweg 195,2019-10-08,22:00:00,4,2,2,FMN GV 10 Beerse
39,Antwerpseweg 195,2019-10-08,23:00:00,0,0,0,FMN GV 10 Beerse
39,Antwerpseweg 195,2019-10-09,00:00:00,0,0,0,FMN GV 10 Beerse
39,Antwerpseweg 195,2019-10-09,01:00:00,0,0,0,FMN GV 10 Beerse
39,Antwerpseweg 195,2019-10-09,02:00:00,0,0,0,FMN GV 10 Beerse
39,Antwerpseweg 195,2019-10-09,03:00:00,1,1,0,FMN GV 10 Beerse
39,Antwerpseweg 195,2019-10-09,04:00:00,1,1,0,FMN GV 10 Beerse
39,Antwerpseweg 195,2019-10-09,05:00:00,8,8,0,FMN GV 10 Beerse
39,Antwerpseweg 195,2019-10-09,06:00:00,5,5,0,FMN GV 10 Beerse
39,Antwerpseweg 195,2019-10-09,07:00:00,37,34,3,FMN GV 10 Beerse
39,Antwerpseweg 195,2019-10-09,08:00:00,10,9,1,FMN GV 10 Beerse
39,Antwerpseweg 195,2019-10-09,09:00:00,6,6,0,FMN GV 10 Beerse
39,Antwerpseweg 195,2019-10-09,10:00:00,2,1,1,FMN GV 10 Beerse
39,Antwerpseweg 195,2019-10-09,11:00:00,4,3,1,FMN GV 10 Beerse
39,Antwerpseweg 195,2019-10-09,12:00:00,30,26,4,FMN GV 10 Beerse
39,Antwerpseweg 195,2019-10-09,13:00:00,12,8,4,FMN GV 10 Beerse
39,Antwerpseweg 195,2019-10-09,14:00:00,10,6,4,FMN GV 10 Beerse
39,Antwerpseweg 195,2019-10-09,15:00:00,8,6,2,FMN GV 10 Beerse
39,Antwerpseweg 195,2019-10-09,16:00:00,20,10,10,FMN GV 10 Beerse
39,Antwerpseweg 195,2019-10-09,17:00:00,21,13,8,FMN GV 10 Beerse
39,Antwerpseweg 195,2019-10-09,18:00:00,6,5,1,FMN GV 10 Beerse
39,Antwerpseweg 195,2019-10-09,19:00:00,4,1,3,FMN GV 10 Beerse
39,Antwerpseweg 195,2019-10-09,20:00:00,2,2,0,FMN GV 10 Beerse
39,Antwerpseweg 195,2019-10-09,21:00:00,1,1,0,FMN GV 10 Beerse
39,Antwerpseweg 195,2019-10-09,22:00:00,3,2,1,FMN GV 10 Beerse
39,Antwerpseweg 195,2019-10-09,23:00:00,0,0,0,FMN GV 10 Beerse
39,Antwerpseweg 195,2019-10-10,00:00:00,0,0,0,FMN GV 10 Beerse
39,Antwerpseweg 195,2019-10-10,01:00:00,1,1,0,FMN GV 10 Beerse
39,Antwerpseweg 195,2019-10-10,02:00:00,0,0,0,FMN GV 10 Beerse
39,Antwerpseweg 195,2019-10-10,03:00:00,0,0,0,FMN GV 10 Beerse
39,Antwerpseweg 195,2019-10-10,04:00:00,1,1,0,FMN GV 10 Beerse
39,Antwerpseweg 195,2019-10-10,05:00:00,5,5,0,FMN GV 10 Beerse
39,Antwerpseweg 195,2019-10-10,06:00:00,8,7,1,FMN GV 10 Beerse
39,Antwerpseweg 195,2019-10-10,07:00:00,40,36,4,FMN GV 10 Beerse
39,Antwerpseweg 195,2019-10-10,08:00:00,27,24,3,FMN GV 10 Beerse
39,Antwerpseweg 195,2019-10-10,09:00:00,5,5,0,FMN GV 10 Beerse
39,Antwerpseweg 195,2019-10-10,10:00:00,17,16,1,FMN GV 10 Beerse
39,Antwerpseweg 195,2019-10-10,11:00:00,10,8,2,FMN GV 10 Beerse
39,Antwerpseweg 195,2019-10-10,12:00:00,12,7,5,FMN GV 10 Beerse
39,Antwerpseweg 195,2019-10-10,13:00:00,7,6,1,FMN GV 10 Beerse
39,Antwerpseweg 195,2019-10-10,14:00:00,21,14,7,FMN GV 10 Beerse
39,Antwerpseweg 195,2019-10-10,15:00:00,35,23,12,FMN GV 10 Beerse
39,Antwerpseweg 195,2019-10-10,16:00:00,22,15,7,FMN GV 10 Beerse
39,Antwerpseweg 195,2019-10-10,17:00:00,29,21,8,FMN GV 10 Beerse
39,Antwerpseweg 195,2019-10-10,18:00:00,17,9,8,FMN GV 10 Beerse
39,Antwerpseweg 195,2019-10-10,19:00:00,16,9,7,FMN GV 10 Beerse
39,Antwerpseweg 195,2019-10-10,20:00:00,9,6,3,FMN GV 10 Beerse
39,Antwerpseweg 195,2019-10-10,21:00:00,3,3,0,FMN GV 10 Beerse
39,Antwerpseweg 195,2019-10-10,22:00:00,8,4,4,FMN GV 10 Beerse
39,Antwerpseweg 195,2019-10-10,23:00:00,3,3,0,FMN GV 10 Beerse
39,Antwerpseweg 195,2019-10-11,00:00:00,0,0,0,FMN GV 10 Beerse
39,Antwerpseweg 195,2019-10-11,01:00:00,1,1,0,FMN GV 10 Beerse
39,Antwerpseweg 195,2019-10-11,02:00:00,0,0,0,FMN GV 10 Beerse
39,Antwerpseweg 195,2019-10-11,03:00:00,0,0,0,FMN GV 10 Beerse
39,Antwerpseweg 195,2019-10-11,04:00:00,2,2,0,FMN GV 10 Beerse
39,Antwerpseweg 195,2019-10-11,05:00:00,6,6,0,FMN GV 10 Beerse
39,Antwerpseweg 195,2019-10-11,06:00:00,10,8,2,FMN GV 10 Beerse
39,Antwerpseweg 195,2019-10-11,07:00:00,28,24,4,FMN GV 10 Beerse
39,Antwerpseweg 195,2019-10-11,08:00:00,15,14,1,FMN GV 10 Beerse
39,Antwerpseweg 195,2019-10-11,09:00:00,2,2,0,FMN GV 10 Beerse
39,Antwerpseweg 195,2019-10-11,10:00:00,2,2,0,FMN GV 10 Beerse
39,Antwerpseweg 195,2019-10-11,11:00:00,4,4,0,FMN GV 10 Beerse
39,Antwerpseweg 195,2019-10-11,12:00:00,5,2,3,FMN GV 10 Beerse
39,Antwerpseweg 195,2019-10-11,13:00:00,26,23,3,FMN GV 10 Beerse
39,Antwerpseweg 195,2019-10-11,14:00:00,4,2,2,FMN GV 10 Beerse
39,Antwerpseweg 195,2019-10-11,15:00:00,12,11,1,FMN GV 10 Beerse
39,Antwerpseweg 195,2019-10-11,16:00:00,30,25,5,FMN GV 10 Beerse
39,Antwerpseweg 195,2019-10-11,17:00:00,14,11,3,FMN GV 10 Beerse
39,Antwerpseweg 195,2019-10-11,18:00:00,3,2,1,FMN GV 10 Beerse
39,Antwerpseweg 195,2019-10-11,19:00:00,3,2,1,FMN GV 10 Beerse
39,Antwerpseweg 195,2019-10-11,20:00:00,2,1,1,FMN GV 10 Beerse
39,Antwerpseweg 195,2019-10-11,21:00:00,0,0,0,FMN GV 10 Beerse
39,Antwerpseweg 195,2019-10-11,22:00:00,3,2,1,FMN GV 10 Beerse
39,Antwerpseweg 195,2019-10-11,23:00:00,1,0,1,FMN GV 10 Beerse
39,Antwerpseweg 195,2019-10-12,00:00:00,0,0,0,FMN GV 10 Beerse
39,Antwerpseweg 195,2019-10-12,01:00:00,2,1,1,FMN GV 10 Beerse
39,Antwerpseweg 195,2019-10-12,02:00:00,1,1,0,FMN GV 10 Beerse
39,Antwerpseweg 195,2019-10-12,03:00:00,0,0,0,FMN GV 10 Beerse
39,Antwerpseweg 195,2019-10-12,04:00:00,0,0,0,FMN GV 10 Beerse
39,Antwerpseweg 195,2019-10-12,05:00:00,0,0,0,FMN GV 10 Beerse
39,Antwerpseweg 195,2019-10-12,06:00:00,0,0,0,FMN GV 10 Beerse
39,Antwerpseweg 195,2019-10-12,07:00:00,1,1,0,FMN GV 10 Beerse
39,Antwerpseweg 195,2019-10-12,08:00:00,5,1,4,FMN GV 10 Beerse
39,Antwerpseweg 195,2019-10-12,09:00:00,9,7,2,FMN GV 10 Beerse
39,Antwerpseweg 195,2019-10-12,10:00:00,9,8,1,FMN GV 10 Beerse
39,Antwerpseweg 195,2019-10-12,11:00:00,12,8,4,FMN GV 10 Beerse
39,Antwerpseweg 195,2019-10-12,12:00:00,19,14,5,FMN GV 10 Beerse
39,Antwerpseweg 195,2019-10-12,13:00:00,22,13,9,FMN GV 10 Beerse
39,Antwerpseweg 195,2019-10-12,14:00:00,18,11,7,FMN GV 10 Beerse
39,Antwerpseweg 195,2019-10-12,15:00:00,24,19,5,FMN GV 10 Beerse
39,Antwerpseweg 195,2019-10-12,16:00:00,6,5,1,FMN GV 10 Beerse
39,Antwerpseweg 195,2019-10-12,17:00:00,8,5,3,FMN GV 10 Beerse
39,Antwerpseweg 195,2019-10-12,18:00:00,9,5,4,FMN GV 10 Beerse
39,Antwerpseweg 195,2019-10-12,19:00:00,11,7,4,FMN GV 10 Beerse
39,Antwerpseweg 195,2019-10-12,20:00:00,1,0,1,FMN GV 10 Beerse
39,Antwerpseweg 195,2019-10-12,21:00:00,2,1,1,FMN GV 10 Beerse
39,Antwerpseweg 195,2019-10-12,22:00:00,2,0,2,FMN GV 10 Beerse
39,Antwerpseweg 195,2019-10-12,23:00:00,0,0,0,FMN GV 10 Beerse
39,Antwerpseweg 195,2019-10-13,00:00:00,1,1,0,FMN GV 10 Beerse
39,Antwerpseweg 195,2019-10-13,01:00:00,0,0,0,FMN GV 10 Beerse
39,Antwerpseweg 195,2019-10-13,02:00:00,1,1,0,FMN GV 10 Beerse
39,Antwerpseweg 195,2019-10-13,03:00:00,0,0,0,FMN GV 10 Beerse
39,Antwerpseweg 195,2019-10-13,04:00:00,3,3,0,FMN GV 10 Beerse
39,Antwerpseweg 195,2019-10-13,05:00:00,0,0,0,FMN GV 10 Beerse
39,Antwerpseweg 195,2019-10-13,06:00:00,0,0,0,FMN GV 10 Beerse
39,Antwerpseweg 195,2019-10-13,07:00:00,1,1,0,FMN GV 10 Beerse
39,Antwerpseweg 195,2019-10-13,08:00:00,3,1,2,FMN GV 10 Beerse
39,Antwerpseweg 195,2019-10-13,09:00:00,7,7,0,FMN GV 10 Beerse
39,Antwerpseweg 195,2019-10-13,10:00:00,14,12,2,FMN GV 10 Beerse
39,Antwerpseweg 195,2019-10-13,11:00:00,25,11,14,FMN GV 10 Beerse
39,Antwerpseweg 195,2019-10-13,12:00:00,20,12,8,FMN GV 10 Beerse
39,Antwerpseweg 195,2019-10-13,13:00:00,31,24,7,FMN GV 10 Beerse
39,Antwerpseweg 195,2019-10-13,14:00:00,43,14,29,FMN GV 10 Beerse
39,Antwerpseweg 195,2019-10-13,15:00:00,26,15,11,FMN GV 10 Beerse
39,Antwerpseweg 195,2019-10-13,16:00:00,29,17,12,FMN GV 10 Beerse
39,Antwerpseweg 195,2019-10-13,17:00:00,27,24,3,FMN GV 10 Beerse
39,Antwerpseweg 195,2019-10-13,18:00:00,12,10,2,FMN GV 10 Beerse
39,Antwerpseweg 195,2019-10-13,19:00:00,12,10,2,FMN GV 10 Beerse
39,Antwerpseweg 195,2019-10-13,20:00:00,2,1,1,FMN GV 10 Beerse
39,Antwerpseweg 195,2019-10-13,21:00:00,1,1,0,FMN GV 10 Beerse
39,Antwerpseweg 195,2019-10-13,22:00:00,1,1,0,FMN GV 10 Beerse
39,Antwerpseweg 195,2019-10-13,23:00:00,0,0,0,FMN GV 10 Beerse
39,Antwerpseweg 195,2019-10-14,00:00:00,0,0,0,FMN GV 10 Beerse
39,Antwerpseweg 195,2019-10-14,01:00:00,0,0,0,FMN GV 10 Beerse
39,Antwerpseweg 195,2019-10-14,02:00:00,0,0,0,FMN GV 10 Beerse
39,Antwerpseweg 195,2019-10-14,03:00:00,1,1,0,FMN GV 10 Beerse
39,Antwerpseweg 195,2019-10-14,04:00:00,1,1,0,FMN GV 10 Beerse
39,Antwerpseweg 195,2019-10-14,05:00:00,10,10,0,FMN GV 10 Beerse
39,Antwerpseweg 195,2019-10-14,06:00:00,11,10,1,FMN GV 10 Beerse
39,Antwerpseweg 195,2019-10-14,07:00:00,38,32,6,FMN GV 10 Beerse
39,Antwerpseweg 195,2019-10-14,08:00:00,26,24,2,FMN GV 10 Beerse
39,Antwerpseweg 195,2019-10-14,09:00:00,8,7,1,FMN GV 10 Beerse
39,Antwerpseweg 195,2019-10-14,10:00:00,12,9,3,FMN GV 10 Beerse
39,Antwerpseweg 195,2019-10-14,11:00:00,6,3,3,FMN GV 10 Beerse
39,Antwerpseweg 195,2019-10-14,12:00:00,10,9,1,FMN GV 10 Beerse
39,Antwerpseweg 195,2019-10-14,13:00:00,16,12,4,FMN GV 10 Beerse
39,Antwerpseweg 195,2019-10-14,14:00:00,24,16,8,FMN GV 10 Beerse
39,Antwerpseweg 195,2019-10-14,15:00:00,37,28,9,FMN GV 10 Beerse
39,Antwerpseweg 195,2019-10-14,16:00:00,40,29,11,FMN GV 10 Beerse
39,Antwerpseweg 195,2019-10-14,17:00:00,32,26,6,FMN GV 10 Beerse
39,Antwerpseweg 195,2019-10-14,18:00:00,11,7,4,FMN GV 10 Beerse
39,Antwerpseweg 195,2019-10-14,19:00:00,6,5,1,FMN GV 10 Beerse
39,Antwerpseweg 195,2019-10-14,20:00:00,3,3,0,FMN GV 10 Beerse
39,Antwerpseweg 195,2019-10-14,21:00:00,3,2,1,FMN GV 10 Beerse
39,Antwerpseweg 195,2019-10-14,22:00:00,8,6,2,FMN GV 10 Beerse
39,Antwerpseweg 195,2019-10-14,23:00:00,0,0,0,FMN GV 10 Beerse
39,Antwerpseweg 195,2019-10-15,00:00:00,0,0,0,FMN GV 10 Beerse
39,Antwerpseweg 195,2019-10-15,01:00:00,0,0,0,FMN GV 10 Beerse
39,Antwerpseweg 195,2019-10-15,02:00:00,0,0,0,FMN GV 10 Beerse
39,Antwerpseweg 195,2019-10-15,03:00:00,0,0,0,FMN GV 10 Beerse
39,Antwerpseweg 195,2019-10-15,04:00:00,2,2,0,FMN GV 10 Beerse
39,Antwerpseweg 195,2019-10-15,05:00:00,5,5,0,FMN GV 10 Beerse
39,Antwerpseweg 195,2019-10-15,06:00:00,11,11,0,FMN GV 10 Beerse
39,Antwerpseweg 195,2019-10-15,07:00:00,30,26,4,FMN GV 10 Beerse
39,Antwerpseweg 195,2019-10-15,08:00:00,14,14,0,FMN GV 10 Beerse
39,Antwerpseweg 195,2019-10-15,09:00:00,8,7,1,FMN GV 10 Beerse
39,Antwerpseweg 195,2019-10-15,10:00:00,9,4,5,FMN GV 10 Beerse
39,Antwerpseweg 195,2019-10-15,11:00:00,5,4,1,FMN GV 10 Beerse
39,Antwerpseweg 195,2019-10-15,12:00:00,10,6,4,FMN GV 10 Beerse
39,Antwerpseweg 195,2019-10-15,13:00:00,13,10,3,FMN GV 10 Beerse
39,Antwerpseweg 195,2019-10-15,14:00:00,13,9,4,FMN GV 10 Beerse
39,Antwerpseweg 195,2019-10-15,15:00:00,24,15,9,FMN GV 10 Beerse
39,Antwerpseweg 195,2019-10-15,16:00:00,31,23,8,FMN GV 10 Beerse
39,Antwerpseweg 195,2019-10-15,17:00:00,20,12,8,FMN GV 10 Beerse
39,Antwerpseweg 195,2019-10-15,18:00:00,14,13,1,FMN GV 10 Beerse
39,Antwerpseweg 195,2019-10-15,19:00:00,1,0,1,FMN GV 10 Beerse
39,Antwerpseweg 195,2019-10-15,20:00:00,1,0,1,FMN GV 10 Beerse
39,Antwerpseweg 195,2019-10-15,21:00:00,3,2,1,FMN GV 10 Beerse
39,Antwerpseweg 195,2019-10-15,22:00:00,9,7,2,FMN GV 10 Beerse
39,Antwerpseweg 195,2019-10-15,23:00:00,0,0,0,FMN GV 10 Beerse
39,Antwerpseweg 195,2019-10-16,00:00:00,0,0,0,FMN GV 10 Beerse
39,Antwerpseweg 195,2019-10-16,01:00:00,0,0,0,FMN GV 10 Beerse
39,Antwerpseweg 195,2019-10-16,02:00:00,0,0,0,FMN GV 10 Beerse
39,Antwerpseweg 195,2019-10-16,03:00:00,1,1,0,FMN GV 10 Beerse
39,Antwerpseweg 195,2019-10-16,04:00:00,1,1,0,FMN GV 10 Beerse
39,Antwerpseweg 195,2019-10-16,05:00:00,7,7,0,FMN GV 10 Beerse
39,Antwerpseweg 195,2019-10-16,06:00:00,7,7,0,FMN GV 10 Beerse
39,Antwerpseweg 195,2019-10-16,07:00:00,35,30,5,FMN GV 10 Beerse
39,Antwerpseweg 195,2019-10-16,08:00:00,28,25,3,FMN GV 10 Beerse
39,Antwerpseweg 195,2019-10-16,09:00:00,5,5,0,FMN GV 10 Beerse
39,Antwerpseweg 195,2019-10-16,10:00:00,1,1,0,FMN GV 10 Beerse
39,Antwerpseweg 195,2019-10-16,11:00:00,10,4,6,FMN GV 10 Beerse
39,Antwerpseweg 195,2019-10-16,12:00:00,24,19,5,FMN GV 10 Beerse
39,Antwerpseweg 195,2019-10-16,13:00:00,9,7,2,FMN GV 10 Beerse
39,Antwerpseweg 195,2019-10-16,14:00:00,9,7,2,FMN GV 10 Beerse
39,Antwerpseweg 195,2019-10-16,15:00:00,10,5,5,FMN GV 10 Beerse
39,Antwerpseweg 195,2019-10-16,16:00:00,30,22,8,FMN GV 10 Beerse
39,Antwerpseweg 195,2019-10-16,17:00:00,14,11,3,FMN GV 10 Beerse
39,Antwerpseweg 195,2019-10-16,18:00:00,7,5,2,FMN GV 10 Beerse
39,Antwerpseweg 195,2019-10-16,19:00:00,3,2,1,FMN GV 10 Beerse
39,Antwerpseweg 195,2019-10-16,20:00:00,3,0,3,FMN GV 10 Beerse
39,Antwerpseweg 195,2019-10-16,21:00:00,2,1,1,FMN GV 10 Beerse
39,Antwerpseweg 195,2019-10-16,22:00:00,3,3,0,FMN GV 10 Beerse
39,Antwerpseweg 195,2019-10-16,23:00:00,0,0,0,FMN GV 10 Beerse
39,Antwerpseweg 195,2019-10-17,00:00:00,0,0,0,FMN GV 10 Beerse
39,Antwerpseweg 195,2019-10-17,01:00:00,0,0,0,FMN GV 10 Beerse
39,Antwerpseweg 195,2019-10-17,02:00:00,0,0,0,FMN GV 10 Beerse
39,Antwerpseweg 195,2019-10-17,03:00:00,0,0,0,FMN GV 10 Beerse
39,Antwerpseweg 195,2019-10-17,04:00:00,3,3,0,FMN GV 10 Beerse
39,Antwerpseweg 195,2019-10-17,05:00:00,9,9,0,FMN GV 10 Beerse
39,Antwerpseweg 195,2019-10-17,06:00:00,10,10,0,FMN GV 10 Beerse
39,Antwerpseweg 195,2019-10-17,07:00:00,33,29,4,FMN GV 10 Beerse
39,Antwerpseweg 195,2019-10-17,08:00:00,28,26,2,FMN GV 10 Beerse
39,Antwerpseweg 195,2019-10-17,09:00:00,7,4,3,FMN GV 10 Beerse
39,Antwerpseweg 195,2019-10-17,10:00:00,15,5,10,FMN GV 10 Beerse
39,Antwerpseweg 195,2019-10-17,11:00:00,10,8,2,FMN GV 10 Beerse
39,Antwerpseweg 195,2019-10-17,12:00:00,16,12,4,FMN GV 10 Beerse
39,Antwerpseweg 195,2019-10-17,13:00:00,20,15,5,FMN GV 10 Beerse
39,Antwerpseweg 195,2019-10-17,14:00:00,21,16,5,FMN GV 10 Beerse
39,Antwerpseweg 195,2019-10-17,15:00:00,27,12,15,FMN GV 10 Beerse
39,Antwerpseweg 195,2019-10-17,16:00:00,37,33,4,FMN GV 10 Beerse
39,Antwerpseweg 195,2019-10-17,17:00:00,19,12,7,FMN GV 10 Beerse
39,Antwerpseweg 195,2019-10-17,18:00:00,13,8,5,FMN GV 10 Beerse
39,Antwerpseweg 195,2019-10-17,19:00:00,13,12,1,FMN GV 10 Beerse
39,Antwerpseweg 195,2019-10-17,20:00:00,11,7,4,FMN GV 10 Beerse
39,Antwerpseweg 195,2019-10-17,21:00:00,2,2,0,FMN GV 10 Beerse
39,Antwerpseweg 195,2019-10-17,22:00:00,6,3,3,FMN GV 10 Beerse
39,Antwerpseweg 195,2019-10-17,23:00:00,1,0,1,FMN GV 10 Beerse
39,Antwerpseweg 195,2019-10-18,00:00:00,0,0,0,FMN GV 10 Beerse
39,Antwerpseweg 195,2019-10-18,01:00:00,0,0,0,FMN GV 10 Beerse
39,Antwerpseweg 195,2019-10-18,02:00:00,0,0,0,FMN GV 10 Beerse
39,Antwerpseweg 195,2019-10-18,03:00:00,0,0,0,FMN GV 10 Beerse
39,Antwerpseweg 195,2019-10-18,04:00:00,2,2,0,FMN GV 10 Beerse
39,Antwerpseweg 195,2019-10-18,05:00:00,7,7,0,FMN GV 10 Beerse
39,Antwerpseweg 195,2019-10-18,06:00:00,13,12,1,FMN GV 10 Beerse
39,Antwerpseweg 195,2019-10-18,07:00:00,33,30,3,FMN GV 10 Beerse
39,Antwerpseweg 195,2019-10-18,08:00:00,20,16,4,FMN GV 10 Beerse
39,Antwerpseweg 195,2019-10-18,09:00:00,5,4,1,FMN GV 10 Beerse
39,Antwerpseweg 195,2019-10-18,10:00:00,5,5,0,FMN GV 10 Beerse
39,Antwerpseweg 195,2019-10-18,11:00:00,3,3,0,FMN GV 10 Beerse
39,Antwerpseweg 195,2019-10-18,12:00:00,10,6,4,FMN GV 10 Beerse
39,Antwerpseweg 195,2019-10-18,13:00:00,7,4,3,FMN GV 10 Beerse
39,Antwerpseweg 195,2019-10-18,14:00:00,16,12,4,FMN GV 10 Beerse
39,Antwerpseweg 195,2019-10-18,15:00:00,22,14,8,FMN GV 10 Beerse
39,Antwerpseweg 195,2019-10-18,16:00:00,22,17,5,FMN GV 10 Beerse
39,Antwerpseweg 195,2019-10-18,17:00:00,18,15,3,FMN GV 10 Beerse
39,Antwerpseweg 195,2019-10-18,18:00:00,8,6,2,FMN GV 10 Beerse
39,Antwerpseweg 195,2019-10-18,19:00:00,5,2,3,FMN GV 10 Beerse
39,Antwerpseweg 195,2019-10-18,20:00:00,11,11,0,FMN GV 10 Beerse
39,Antwerpseweg 195,2019-10-18,21:00:00,16,12,4,FMN GV 10 Beerse
39,Antwerpseweg 195,2019-10-18,22:00:00,5,5,0,FMN GV 10 Beerse
39,Antwerpseweg 195,2019-10-18,23:00:00,2,1,1,FMN GV 10 Beerse
39,Antwerpseweg 195,2019-10-19,00:00:00,2,2,0,FMN GV 10 Beerse
39,Antwerpseweg 195,2019-10-19,01:00:00,1,1,0,FMN GV 10 Beerse
39,Antwerpseweg 195,2019-10-19,02:00:00,1,1,0,FMN GV 10 Beerse
39,Antwerpseweg 195,2019-10-19,03:00:00,1,1,0,FMN GV 10 Beerse
39,Antwerpseweg 195,2019-10-19,04:00:00,1,1,0,FMN GV 10 Beerse
39,Antwerpseweg 195,2019-10-19,05:00:00,0,0,0,FMN GV 10 Beerse
39,Antwerpseweg 195,2019-10-19,06:00:00,0,0,0,FMN GV 10 Beerse
39,Antwerpseweg 195,2019-10-19,07:00:00,3,3,0,FMN GV 10 Beerse
39,Antwerpseweg 195,2019-10-19,08:00:00,1,1,0,FMN GV 10 Beerse
39,Antwerpseweg 195,2019-10-19,09:00:00,4,2,2,FMN GV 10 Beerse
39,Antwerpseweg 195,2019-10-19,10:00:00,3,1,2,FMN GV 10 Beerse
39,Antwerpseweg 195,2019-10-19,11:00:00,3,3,0,FMN GV 10 Beerse
39,Antwerpseweg 195,2019-10-19,12:00:00,3,1,2,FMN GV 10 Beerse
39,Antwerpseweg 195,2019-10-19,13:00:00,7,5,2,FMN GV 10 Beerse
39,Antwerpseweg 195,2019-10-19,14:00:00,15,13,2,FMN GV 10 Beerse
39,Antwerpseweg 195,2019-10-19,15:00:00,11,9,2,FMN GV 10 Beerse
39,Antwerpseweg 195,2019-10-19,16:00:00,8,6,2,FMN GV 10 Beerse
39,Antwerpseweg 195,2019-10-19,17:00:00,4,1,3,FMN GV 10 Beerse
39,Antwerpseweg 195,2019-10-19,18:00:00,4,4,0,FMN GV 10 Beerse
39,Antwerpseweg 195,2019-10-19,19:00:00,3,3,0,FMN GV 10 Beerse
39,Antwerpseweg 195,2019-10-19,20:00:00,3,0,3,FMN GV 10 Beerse
39,Antwerpseweg 195,2019-10-19,21:00:00,0,0,0,FMN GV 10 Beerse
39,Antwerpseweg 195,2019-10-19,22:00:00,1,1,0,FMN GV 10 Beerse
39,Antwerpseweg 195,2019-10-19,23:00:00,1,0,1,FMN GV 10 Beerse
39,Antwerpseweg 195,2019-10-20,00:00:00,1,0,1,FMN GV 10 Beerse
39,Antwerpseweg 195,2019-10-20,01:00:00,3,1,2,FMN GV 10 Beerse
39,Antwerpseweg 195,2019-10-20,02:00:00,0,0,0,FMN GV 10 Beerse
39,Antwerpseweg 195,2019-10-20,03:00:00,1,1,0,FMN GV 10 Beerse
39,Antwerpseweg 195,2019-10-20,04:00:00,1,1,0,FMN GV 10 Beerse
39,Antwerpseweg 195,2019-10-20,05:00:00,0,0,0,FMN GV 10 Beerse
39,Antwerpseweg 195,2019-10-20,06:00:00,1,1,0,FMN GV 10 Beerse
39,Antwerpseweg 195,2019-10-20,07:00:00,2,1,1,FMN GV 10 Beerse
39,Antwerpseweg 195,2019-10-20,08:00:00,27,21,6,FMN GV 10 Beerse
39,Antwerpseweg 195,2019-10-20,09:00:00,8,6,2,FMN GV 10 Beerse
39,Antwerpseweg 195,2019-10-20,10:00:00,18,6,12,FMN GV 10 Beerse
39,Antwerpseweg 195,2019-10-20,11:00:00,13,10,3,FMN GV 10 Beerse
39,Antwerpseweg 195,2019-10-20,12:00:00,4,1,3,FMN GV 10 Beerse
39,Antwerpseweg 195,2019-10-20,13:00:00,2,2,0,FMN GV 10 Beerse
39,Antwerpseweg 195,2019-10-20,14:00:00,2,2,0,FMN GV 10 Beerse
39,Antwerpseweg 195,2019-10-20,15:00:00,5,3,2,FMN GV 10 Beerse
39,Antwerpseweg 195,2019-10-20,16:00:00,6,4,2,FMN GV 10 Beerse
39,Antwerpseweg 195,2019-10-20,17:00:00,4,4,0,FMN GV 10 Beerse
39,Antwerpseweg 195,2019-10-20,18:00:00,7,5,2,FMN GV 10 Beerse
39,Antwerpseweg 195,2019-10-20,19:00:00,1,1,0,FMN GV 10 Beerse
39,Antwerpseweg 195,2019-10-20,20:00:00,2,2,0,FMN GV 10 Beerse
39,Antwerpseweg 195,2019-10-20,21:00:00,1,1,0,FMN GV 10 Beerse
39,Antwerpseweg 195,2019-10-20,22:00:00,0,0,0,FMN GV 10 Beerse
39,Antwerpseweg 195,2019-10-20,23:00:00,0,0,0,FMN GV 10 Beerse
39,Antwerpseweg 195,2019-10-21,00:00:00,0,0,0,FMN GV 10 Beerse
39,Antwerpseweg 195,2019-10-21,01:00:00,0,0,0,FMN GV 10 Beerse
39,Antwerpseweg 195,2019-10-21,02:00:00,0,0,0,FMN GV 10 Beerse
39,Antwerpseweg 195,2019-10-21,03:00:00,0,0,0,FMN GV 10 Beerse
39,Antwerpseweg 195,2019-10-21,04:00:00,0,0,0,FMN GV 10 Beerse
39,Antwerpseweg 195,2019-10-21,05:00:00,8,8,0,FMN GV 10 Beerse
39,Antwerpseweg 195,2019-10-21,06:00:00,0,0,0,FMN GV 10 Beerse
39,Antwerpseweg 195,2019-10-21,07:00:00,26,23,3,FMN GV 10 Beerse
39,Antwerpseweg 195,2019-10-21,08:00:00,21,19,2,FMN GV 10 Beerse
39,Antwerpseweg 195,2019-10-21,09:00:00,6,5,1,FMN GV 10 Beerse
39,Antwerpseweg 195,2019-10-21,10:00:00,3,2,1,FMN GV 10 Beerse
39,Antwerpseweg 195,2019-10-21,11:00:00,8,8,0,FMN GV 10 Beerse
39,Antwerpseweg 195,2019-10-21,12:00:00,8,5,3,FMN GV 10 Beerse
39,Antwerpseweg 195,2019-10-21,13:00:00,29,21,8,FMN GV 10 Beerse
39,Antwerpseweg 195,2019-10-21,14:00:00,21,12,9,FMN GV 10 Beerse
39,Antwerpseweg 195,2019-10-21,15:00:00,20,13,7,FMN GV 10 Beerse
39,Antwerpseweg 195,2019-10-21,16:00:00,23,17,6,FMN GV 10 Beerse
39,Antwerpseweg 195,2019-10-21,17:00:00,18,14,4,FMN GV 10 Beerse
39,Antwerpseweg 195,2019-10-21,18:00:00,5,5,0,FMN GV 10 Beerse
39,Antwerpseweg 195,2019-10-21,19:00:00,4,4,0,FMN GV 10 Beerse
39,Antwerpseweg 195,2019-10-21,20:00:00,3,2,1,FMN GV 10 Beerse
39,Antwerpseweg 195,2019-10-21,21:00:00,0,0,0,FMN GV 10 Beerse
39,Antwerpseweg 195,2019-10-21,22:00:00,5,4,1,FMN GV 10 Beerse
39,Antwerpseweg 195,2019-10-21,23:00:00,1,1,0,FMN GV 10 Beerse
39,Antwerpseweg 195,2019-10-22,00:00:00,0,0,0,FMN GV 10 Beerse
39,Antwerpseweg 195,2019-10-22,01:00:00,0,0,0,FMN GV 10 Beerse
39,Antwerpseweg 195,2019-10-22,02:00:00,0,0,0,FMN GV 10 Beerse
39,Antwerpseweg 195,2019-10-22,03:00:00,0,0,0,FMN GV 10 Beerse
39,Antwerpseweg 195,2019-10-22,04:00:00,2,2,0,FMN GV 10 Beerse
39,Antwerpseweg 195,2019-10-22,05:00:00,9,9,0,FMN GV 10 Beerse
39,Antwerpseweg 195,2019-10-22,06:00:00,13,13,0,FMN GV 10 Beerse
39,Antwerpseweg 195,2019-10-22,07:00:00,45,42,3,FMN GV 10 Beerse
39,Antwerpseweg 195,2019-10-22,08:00:00,26,22,4,FMN GV 10 Beerse
39,Antwerpseweg 195,2019-10-22,09:00:00,12,10,2,FMN GV 10 Beerse
39,Antwerpseweg 195,2019-10-22,10:00:00,2,1,1,FMN GV 10 Beerse
39,Antwerpseweg 195,2019-10-22,11:00:00,16,13,3,FMN GV 10 Beerse
39,Antwerpseweg 195,2019-10-22,12:00:00,17,13,4,FMN GV 10 Beerse
39,Antwerpseweg 195,2019-10-22,13:00:00,50,33,17,FMN GV 10 Beerse
39,Antwerpseweg 195,2019-10-22,14:00:00,24,15,9,FMN GV 10 Beerse
39,Antwerpseweg 195,2019-10-22,15:00:00,30,21,9,FMN GV 10 Beerse
39,Antwerpseweg 195,2019-10-22,16:00:00,56,42,14,FMN GV 10 Beerse
39,Antwerpseweg 195,2019-10-22,17:00:00,28,20,8,FMN GV 10 Beerse
39,Antwerpseweg 195,2019-10-22,18:00:00,14,7,7,FMN GV 10 Beerse
39,Antwerpseweg 195,2019-10-22,19:00:00,11,7,4,FMN GV 10 Beerse
39,Antwerpseweg 195,2019-10-22,20:00:00,2,1,1,FMN GV 10 Beerse
39,Antwerpseweg 195,2019-10-22,21:00:00,4,3,1,FMN GV 10 Beerse
39,Antwerpseweg 195,2019-10-22,22:00:00,7,6,1,FMN GV 10 Beerse
39,Antwerpseweg 195,2019-10-22,23:00:00,0,0,0,FMN GV 10 Beerse
39,Antwerpseweg 195,2019-10-23,00:00:00,1,1,0,FMN GV 10 Beerse
39,Antwerpseweg 195,2019-10-23,01:00:00,0,0,0,FMN GV 10 Beerse
39,Antwerpseweg 195,2019-10-23,02:00:00,0,0,0,FMN GV 10 Beerse
39,Antwerpseweg 195,2019-10-23,03:00:00,1,1,0,FMN GV 10 Beerse
39,Antwerpseweg 195,2019-10-23,04:00:00,3,2,1,FMN GV 10 Beerse
39,Antwerpseweg 195,2019-10-23,05:00:00,5,5,0,FMN GV 10 Beerse
39,Antwerpseweg 195,2019-10-23,06:00:00,6,5,1,FMN GV 10 Beerse
39,Antwerpseweg 195,2019-10-23,07:00:00,39,35,4,FMN GV 10 Beerse
39,Antwerpseweg 195,2019-10-23,08:00:00,23,21,2,FMN GV 10 Beerse
39,Antwerpseweg 195,2019-10-23,09:00:00,13,12,1,FMN GV 10 Beerse
39,Antwerpseweg 195,2019-10-23,10:00:00,4,3,1,FMN GV 10 Beerse
39,Antwerpseweg 195,2019-10-23,11:00:00,7,5,2,FMN GV 10 Beerse
39,Antwerpseweg 195,2019-10-23,12:00:00,31,29,2,FMN GV 10 Beerse
39,Antwerpseweg 195,2019-10-23,13:00:00,40,31,9,FMN GV 10 Beerse
39,Antwerpseweg 195,2019-10-23,14:00:00,28,16,12,FMN GV 10 Beerse
39,Antwerpseweg 195,2019-10-23,15:00:00,23,18,5,FMN GV 10 Beerse
39,Antwerpseweg 195,2019-10-23,16:00:00,33,26,7,FMN GV 10 Beerse
39,Antwerpseweg 195,2019-10-23,17:00:00,40,28,12,FMN GV 10 Beerse
39,Antwerpseweg 195,2019-10-23,18:00:00,10,7,3,FMN GV 10 Beerse
39,Antwerpseweg 195,2019-10-23,19:00:00,11,8,3,FMN GV 10 Beerse
39,Antwerpseweg 195,2019-10-23,20:00:00,12,9,3,FMN GV 10 Beerse
39,Antwerpseweg 195,2019-10-23,21:00:00,5,4,1,FMN GV 10 Beerse
39,Antwerpseweg 195,2019-10-23,22:00:00,4,2,2,FMN GV 10 Beerse
39,Antwerpseweg 195,2019-10-23,23:00:00,0,0,0,FMN GV 10 Beerse
39,Antwerpseweg 195,2019-10-24,00:00:00,0,0,0,FMN GV 10 Beerse
39,Antwerpseweg 195,2019-10-24,01:00:00,0,0,0,FMN GV 10 Beerse
39,Antwerpseweg 195,2019-10-24,02:00:00,0,0,0,FMN GV 10 Beerse
39,Antwerpseweg 195,2019-10-24,03:00:00,0,0,0,FMN GV 10 Beerse
39,Antwerpseweg 195,2019-10-24,04:00:00,3,2,1,FMN GV 10 Beerse
39,Antwerpseweg 195,2019-10-24,05:00:00,3,3,0,FMN GV 10 Beerse
39,Antwerpseweg 195,2019-10-24,06:00:00,13,13,0,FMN GV 10 Beerse
39,Antwerpseweg 195,2019-10-24,07:00:00,51,46,5,FMN GV 10 Beerse
39,Antwerpseweg 195,2019-10-24,08:00:00,27,23,4,FMN GV 10 Beerse
39,Antwerpseweg 195,2019-10-24,09:00:00,11,8,3,FMN GV 10 Beerse
39,Antwerpseweg 195,2019-10-24,10:00:00,10,10,0,FMN GV 10 Beerse
39,Antwerpseweg 195,2019-10-24,11:00:00,18,14,4,FMN GV 10 Beerse
39,Antwerpseweg 195,2019-10-24,12:00:00,15,7,8,FMN GV 10 Beerse
39,Antwerpseweg 195,2019-10-24,13:00:00,38,31,7,FMN GV 10 Beerse
39,Antwerpseweg 195,2019-10-24,14:00:00,33,21,12,FMN GV 10 Beerse
39,Antwerpseweg 195,2019-10-24,15:00:00,39,26,13,FMN GV 10 Beerse
39,Antwerpseweg 195,2019-10-24,16:00:00,50,35,15,FMN GV 10 Beerse
39,Antwerpseweg 195,2019-10-24,17:00:00,34,22,12,FMN GV 10 Beerse
39,Antwerpseweg 195,2019-10-24,18:00:00,11,8,3,FMN GV 10 Beerse
39,Antwerpseweg 195,2019-10-24,19:00:00,8,8,0,FMN GV 10 Beerse
39,Antwerpseweg 195,2019-10-24,20:00:00,6,2,4,FMN GV 10 Beerse
39,Antwerpseweg 195,2019-10-24,21:00:00,6,6,0,FMN GV 10 Beerse
39,Antwerpseweg 195,2019-10-24,22:00:00,6,5,1,FMN GV 10 Beerse
39,Antwerpseweg 195,2019-10-24,23:00:00,0,0,0,FMN GV 10 Beerse
39,Antwerpseweg 195,2019-10-25,00:00:00,0,0,0,FMN GV 10 Beerse
39,Antwerpseweg 195,2019-10-25,01:00:00,1,0,1,FMN GV 10 Beerse
39,Antwerpseweg 195,2019-10-25,02:00:00,0,0,0,FMN GV 10 Beerse
39,Antwerpseweg 195,2019-10-25,03:00:00,0,0,0,FMN GV 10 Beerse
39,Antwerpseweg 195,2019-10-25,04:00:00,2,2,0,FMN GV 10 Beerse
39,Antwerpseweg 195,2019-10-25,05:00:00,5,5,0,FMN GV 10 Beerse
39,Antwerpseweg 195,2019-10-25,06:00:00,7,7,0,FMN GV 10 Beerse
39,Antwerpseweg 195,2019-10-25,07:00:00,39,37,2,FMN GV 10 Beerse
39,Antwerpseweg 195,2019-10-25,08:00:00,19,14,5,FMN GV 10 Beerse
39,Antwerpseweg 195,2019-10-25,09:00:00,11,10,1,FMN GV 10 Beerse
39,Antwerpseweg 195,2019-10-25,10:00:00,9,9,0,FMN GV 10 Beerse
39,Antwerpseweg 195,2019-10-25,11:00:00,4,3,1,FMN GV 10 Beerse
39,Antwerpseweg 195,2019-10-25,12:00:00,17,12,5,FMN GV 10 Beerse
39,Antwerpseweg 195,2019-10-25,13:00:00,17,11,6,FMN GV 10 Beerse
39,Antwerpseweg 195,2019-10-25,14:00:00,17,11,6,FMN GV 10 Beerse
39,Antwerpseweg 195,2019-10-25,15:00:00,27,21,6,FMN GV 10 Beerse
39,Antwerpseweg 195,2019-10-25,16:00:00,38,26,12,FMN GV 10 Beerse
39,Antwerpseweg 195,2019-10-25,17:00:00,18,13,5,FMN GV 10 Beerse
39,Antwerpseweg 195,2019-10-25,18:00:00,10,8,2,FMN GV 10 Beerse
39,Antwerpseweg 195,2019-10-25,19:00:00,16,5,11,FMN GV 10 Beerse
39,Antwerpseweg 195,2019-10-25,20:00:00,3,1,2,FMN GV 10 Beerse
39,Antwerpseweg 195,2019-10-25,21:00:00,3,2,1,FMN GV 10 Beerse
39,Antwerpseweg 195,2019-10-25,22:00:00,5,3,2,FMN GV 10 Beerse
39,Antwerpseweg 195,2019-10-25,23:00:00,4,4,0,FMN GV 10 Beerse
39,Antwerpseweg 195,2019-10-26,00:00:00,3,3,0,FMN GV 10 Beerse
39,Antwerpseweg 195,2019-10-26,01:00:00,7,6,1,FMN GV 10 Beerse
39,Antwerpseweg 195,2019-10-26,02:00:00,3,3,0,FMN GV 10 Beerse
39,Antwerpseweg 195,2019-10-26,03:00:00,2,2,0,FMN GV 10 Beerse
39,Antwerpseweg 195,2019-10-26,04:00:00,4,4,0,FMN GV 10 Beerse
39,Antwerpseweg 195,2019-10-26,05:00:00,2,2,0,FMN GV 10 Beerse
39,Antwerpseweg 195,2019-10-26,06:00:00,1,1,0,FMN GV 10 Beerse
39,Antwerpseweg 195,2019-10-26,07:00:00,2,2,0,FMN GV 10 Beerse
39,Antwerpseweg 195,2019-10-26,08:00:00,5,3,2,FMN GV 10 Beerse
39,Antwerpseweg 195,2019-10-26,09:00:00,8,5,3,FMN GV 10 Beerse
39,Antwerpseweg 195,2019-10-26,10:00:00,9,9,0,FMN GV 10 Beerse
39,Antwerpseweg 195,2019-10-26,11:00:00,16,12,4,FMN GV 10 Beerse
39,Antwerpseweg 195,2019-10-26,12:00:00,11,8,3,FMN GV 10 Beerse
39,Antwerpseweg 195,2019-10-26,13:00:00,33,24,9,FMN GV 10 Beerse
39,Antwerpseweg 195,2019-10-26,14:00:00,17,13,4,FMN GV 10 Beerse
39,Antwerpseweg 195,2019-10-26,15:00:00,25,14,11,FMN GV 10 Beerse
39,Antwerpseweg 195,2019-10-26,16:00:00,9,5,4,FMN GV 10 Beerse
39,Antwerpseweg 195,2019-10-26,17:00:00,14,8,6,FMN GV 10 Beerse
39,Antwerpseweg 195,2019-10-26,18:00:00,5,2,3,FMN GV 10 Beerse
39,Antwerpseweg 195,2019-10-26,19:00:00,11,10,1,FMN GV 10 Beerse
39,Antwerpseweg 195,2019-10-26,20:00:00,2,1,1,FMN GV 10 Beerse
39,Antwerpseweg 195,2019-10-26,21:00:00,1,0,1,FMN GV 10 Beerse
39,Antwerpseweg 195,2019-10-26,22:00:00,0,0,0,FMN GV 10 Beerse
39,Antwerpseweg 195,2019-10-26,23:00:00,7,3,4,FMN GV 10 Beerse
39,Antwerpseweg 195,2019-10-27,00:00:00,4,4,0,FMN GV 10 Beerse
39,Antwerpseweg 195,2019-10-27,01:00:00,0,0,0,FMN GV 10 Beerse
39,Antwerpseweg 195,2019-10-27,02:00:00,5,5,0,FMN GV 10 Beerse
39,Antwerpseweg 195,2019-10-27,03:00:00,0,0,0,FMN GV 10 Beerse
39,Antwerpseweg 195,2019-10-27,04:00:00,2,2,0,FMN GV 10 Beerse
39,Antwerpseweg 195,2019-10-27,05:00:00,0,0,0,FMN GV 10 Beerse
39,Antwerpseweg 195,2019-10-27,06:00:00,0,0,0,FMN GV 10 Beerse
39,Antwerpseweg 195,2019-10-27,07:00:00,0,0,0,FMN GV 10 Beerse
39,Antwerpseweg 195,2019-10-27,08:00:00,2,2,0,FMN GV 10 Beerse
39,Antwerpseweg 195,2019-10-27,09:00:00,5,4,1,FMN GV 10 Beerse
39,Antwerpseweg 195,2019-10-27,10:00:00,10,8,2,FMN GV 10 Beerse
39,Antwerpseweg 195,2019-10-27,11:00:00,12,11,1,FMN GV 10 Beerse
39,Antwerpseweg 195,2019-10-27,12:00:00,9,7,2,FMN GV 10 Beerse
39,Antwerpseweg 195,2019-10-27,13:00:00,9,5,4,FMN GV 10 Beerse
39,Antwerpseweg 195,2019-10-27,14:00:00,21,8,13,FMN GV 10 Beerse
39,Antwerpseweg 195,2019-10-27,15:00:00,14,12,2,FMN GV 10 Beerse
39,Antwerpseweg 195,2019-10-27,16:00:00,9,7,2,FMN GV 10 Beerse
39,Antwerpseweg 195,2019-10-27,17:00:00,7,3,4,FMN GV 10 Beerse
39,Antwerpseweg 195,2019-10-27,18:00:00,5,5,0,FMN GV 10 Beerse
39,Antwerpseweg 195,2019-10-27,19:00:00,4,0,4,FMN GV 10 Beerse
39,Antwerpseweg 195,2019-10-27,20:00:00,4,3,1,FMN GV 10 Beerse
39,Antwerpseweg 195,2019-10-27,21:00:00,2,1,1,FMN GV 10 Beerse
39,Antwerpseweg 195,2019-10-27,22:00:00,1,1,0,FMN GV 10 Beerse
39,Antwerpseweg 195,2019-10-27,23:00:00,3,3,0,FMN GV 10 Beerse
39,Antwerpseweg 195,2019-10-28,00:00:00,1,1,0,FMN GV 10 Beerse
39,Antwerpseweg 195,2019-10-28,01:00:00,0,0,0,FMN GV 10 Beerse
39,Antwerpseweg 195,2019-10-28,02:00:00,0,0,0,FMN GV 10 Beerse
39,Antwerpseweg 195,2019-10-28,03:00:00,0,0,0,FMN GV 10 Beerse
39,Antwerpseweg 195,2019-10-28,04:00:00,1,1,0,FMN GV 10 Beerse
39,Antwerpseweg 195,2019-10-28,05:00:00,7,7,0,FMN GV 10 Beerse
39,Antwerpseweg 195,2019-10-28,06:00:00,5,5,0,FMN GV 10 Beerse
39,Antwerpseweg 195,2019-10-28,07:00:00,30,29,1,FMN GV 10 Beerse
39,Antwerpseweg 195,2019-10-28,08:00:00,14,14,0,FMN GV 10 Beerse
39,Antwerpseweg 195,2019-10-28,09:00:00,5,4,1,FMN GV 10 Beerse
39,Antwerpseweg 195,2019-10-28,10:00:00,9,6,3,FMN GV 10 Beerse
39,Antwerpseweg 195,2019-10-28,11:00:00,6,5,1,FMN GV 10 Beerse
39,Antwerpseweg 195,2019-10-28,12:00:00,20,13,7,FMN GV 10 Beerse
39,Antwerpseweg 195,2019-10-28,13:00:00,29,28,1,FMN GV 10 Beerse
39,Antwerpseweg 195,2019-10-28,14:00:00,13,10,3,FMN GV 10 Beerse
39,Antwerpseweg 195,2019-10-28,15:00:00,15,10,5,FMN GV 10 Beerse
39,Antwerpseweg 195,2019-10-28,16:00:00,41,25,16,FMN GV 10 Beerse
39,Antwerpseweg 195,2019-10-28,17:00:00,23,17,6,FMN GV 10 Beerse
39,Antwerpseweg 195,2019-10-28,18:00:00,8,5,3,FMN GV 10 Beerse
39,Antwerpseweg 195,2019-10-28,19:00:00,6,5,1,FMN GV 10 Beerse
39,Antwerpseweg 195,2019-10-28,20:00:00,4,3,1,FMN GV 10 Beerse
39,Antwerpseweg 195,2019-10-28,21:00:00,2,2,0,FMN GV 10 Beerse
39,Antwerpseweg 195,2019-10-28,22:00:00,8,5,3,FMN GV 10 Beerse
39,Antwerpseweg 195,2019-10-28,23:00:00,3,2,1,FMN GV 10 Beerse
39,Antwerpseweg 195,2019-10-29,00:00:00,1,1,0,FMN GV 10 Beerse
39,Antwerpseweg 195,2019-10-29,01:00:00,0,0,0,FMN GV 10 Beerse
39,Antwerpseweg 195,2019-10-29,02:00:00,0,0,0,FMN GV 10 Beerse
39,Antwerpseweg 195,2019-10-29,03:00:00,0,0,0,FMN GV 10 Beerse
39,Antwerpseweg 195,2019-10-29,04:00:00,1,1,0,FMN GV 10 Beerse
39,Antwerpseweg 195,2019-10-29,05:00:00,9,9,0,FMN GV 10 Beerse
39,Antwerpseweg 195,2019-10-29,06:00:00,6,6,0,FMN GV 10 Beerse
39,Antwerpseweg 195,2019-10-29,07:00:00,24,22,2,FMN GV 10 Beerse
39,Antwerpseweg 195,2019-10-29,08:00:00,20,17,3,FMN GV 10 Beerse
39,Antwerpseweg 195,2019-10-29,09:00:00,9,7,2,FMN GV 10 Beerse
39,Antwerpseweg 195,2019-10-29,10:00:00,17,13,4,FMN GV 10 Beerse
39,Antwerpseweg 195,2019-10-29,11:00:00,18,15,3,FMN GV 10 Beerse
39,Antwerpseweg 195,2019-10-29,12:00:00,17,14,3,FMN GV 10 Beerse
39,Antwerpseweg 195,2019-10-29,13:00:00,25,20,5,FMN GV 10 Beerse
39,Antwerpseweg 195,2019-10-29,14:00:00,10,8,2,FMN GV 10 Beerse
39,Antwerpseweg 195,2019-10-29,15:00:00,27,18,9,FMN GV 10 Beerse
39,Antwerpseweg 195,2019-10-29,16:00:00,53,45,8,FMN GV 10 Beerse
39,Antwerpseweg 195,2019-10-29,17:00:00,38,26,12,FMN GV 10 Beerse
39,Antwerpseweg 195,2019-10-29,18:00:00,12,11,1,FMN GV 10 Beerse
39,Antwerpseweg 195,2019-10-29,19:00:00,8,5,3,FMN GV 10 Beerse
39,Antwerpseweg 195,2019-10-29,20:00:00,2,1,1,FMN GV 10 Beerse
39,Antwerpseweg 195,2019-10-29,21:00:00,11,8,3,FMN GV 10 Beerse
39,Antwerpseweg 195,2019-10-29,22:00:00,5,2,3,FMN GV 10 Beerse
39,Antwerpseweg 195,2019-10-29,23:00:00,3,2,1,FMN GV 10 Beerse
39,Antwerpseweg 195,2019-10-30,00:00:00,3,0,3,FMN GV 10 Beerse
39,Antwerpseweg 195,2019-10-30,01:00:00,0,0,0,FMN GV 10 Beerse
39,Antwerpseweg 195,2019-10-30,02:00:00,0,0,0,FMN GV 10 Beerse
39,Antwerpseweg 195,2019-10-30,03:00:00,0,0,0,FMN GV 10 Beerse
39,Antwerpseweg 195,2019-10-30,04:00:00,1,1,0,FMN GV 10 Beerse
39,Antwerpseweg 195,2019-10-30,05:00:00,9,9,0,FMN GV 10 Beerse
39,Antwerpseweg 195,2019-10-30,06:00:00,7,4,3,FMN GV 10 Beerse
39,Antwerpseweg 195,2019-10-30,07:00:00,23,22,1,FMN GV 10 Beerse
39,Antwerpseweg 195,2019-10-30,08:00:00,20,20,0,FMN GV 10 Beerse
39,Antwerpseweg 195,2019-10-30,09:00:00,14,12,2,FMN GV 10 Beerse
39,Antwerpseweg 195,2019-10-30,10:00:00,10,7,3,FMN GV 10 Beerse
39,Antwerpseweg 195,2019-10-30,11:00:00,8,6,2,FMN GV 10 Beerse
39,Antwerpseweg 195,2019-10-30,12:00:00,11,7,4,FMN GV 10 Beerse
39,Antwerpseweg 195,2019-10-30,13:00:00,21,13,8,FMN GV 10 Beerse
39,Antwerpseweg 195,2019-10-30,14:00:00,11,9,2,FMN GV 10 Beerse
39,Antwerpseweg 195,2019-10-30,15:00:00,11,7,4,FMN GV 10 Beerse
39,Antwerpseweg 195,2019-10-30,16:00:00,24,9,15,FMN GV 10 Beerse
39,Antwerpseweg 195,2019-10-30,17:00:00,29,18,11,FMN GV 10 Beerse
39,Antwerpseweg 195,2019-10-30,18:00:00,10,7,3,FMN GV 10 Beerse
39,Antwerpseweg 195,2019-10-30,19:00:00,0,0,0,FMN GV 10 Beerse
39,Antwerpseweg 195,2019-10-30,20:00:00,3,2,1,FMN GV 10 Beerse
39,Antwerpseweg 195,2019-10-30,21:00:00,5,4,1,FMN GV 10 Beerse
39,Antwerpseweg 195,2019-10-30,22:00:00,0,0,0,FMN GV 10 Beerse
39,Antwerpseweg 195,2019-10-30,23:00:00,0,0,0,FMN GV 10 Beerse
39,Antwerpseweg 195,2019-10-31,00:00:00,0,0,0,FMN GV 10 Beerse
39,Antwerpseweg 195,2019-10-31,01:00:00,0,0,0,FMN GV 10 Beerse
39,Antwerpseweg 195,2019-10-31,02:00:00,0,0,0,FMN GV 10 Beerse
39,Antwerpseweg 195,2019-10-31,03:00:00,0,0,0,FMN GV 10 Beerse
39,Antwerpseweg 195,2019-10-31,04:00:00,2,2,0,FMN GV 10 Beerse
39,Antwerpseweg 195,2019-10-31,05:00:00,9,9,0,FMN GV 10 Beerse
39,Antwerpseweg 195,2019-10-31,06:00:00,7,5,2,FMN GV 10 Beerse
39,Antwerpseweg 195,2019-10-31,07:00:00,19,18,1,FMN GV 10 Beerse
39,Antwerpseweg 195,2019-10-31,08:00:00,11,9,2,FMN GV 10 Beerse
39,Antwerpseweg 195,2019-10-31,09:00:00,7,3,4,FMN GV 10 Beerse
39,Antwerpseweg 195,2019-10-31,10:00:00,5,4,1,FMN GV 10 Beerse
39,Antwerpseweg 195,2019-10-31,11:00:00,9,9,0,FMN GV 10 Beerse
39,Antwerpseweg 195,2019-10-31,12:00:00,6,4,2,FMN GV 10 Beerse
39,Antwerpseweg 195,2019-10-31,13:00:00,19,11,8,FMN GV 10 Beerse
39,Antwerpseweg 195,2019-10-31,14:00:00,30,19,11,FMN GV 10 Beerse
39,Antwerpseweg 195,2019-10-31,15:00:00,39,31,8,FMN GV 10 Beerse
39,Antwerpseweg 195,2019-10-31,16:00:00,14,11,3,FMN GV 10 Beerse
39,Antwerpseweg 195,2019-10-31,17:00:00,19,8,11,FMN GV 10 Beerse
39,Antwerpseweg 195,2019-10-31,18:00:00,7,4,3,FMN GV 10 Beerse
39,Antwerpseweg 195,2019-10-31,19:00:00,6,5,1,FMN GV 10 Beerse
39,Antwerpseweg 195,2019-10-31,20:00:00,5,3,2,FMN GV 10 Beerse
39,Antwerpseweg 195,2019-10-31,21:00:00,3,3,0,FMN GV 10 Beerse
39,Antwerpseweg 195,2019-10-31,22:00:00,6,4,2,FMN GV 10 Beerse
39,Antwerpseweg 195,2019-10-31,23:00:00,1,1,0,FMN GV 10 Beerse
39,Antwerpseweg 195,2019-11-01,00:00:00,0,0,0,FMN GV 10 Beerse
39,Antwerpseweg 195,2019-11-01,01:00:00,3,2,1,FMN GV 10 Beerse
39,Antwerpseweg 195,2019-11-01,02:00:00,0,0,0,FMN GV 10 Beerse
39,Antwerpseweg 195,2019-11-01,03:00:00,0,0,0,FMN GV 10 Beerse
39,Antwerpseweg 195,2019-11-01,04:00:00,0,0,0,FMN GV 10 Beerse
39,Antwerpseweg 195,2019-11-01,05:00:00,0,0,0,FMN GV 10 Beerse
39,Antwerpseweg 195,2019-11-01,06:00:00,0,0,0,FMN GV 10 Beerse
39,Antwerpseweg 195,2019-11-01,07:00:00,0,0,0,FMN GV 10 Beerse
39,Antwerpseweg 195,2019-11-01,08:00:00,4,1,3,FMN GV 10 Beerse
39,Antwerpseweg 195,2019-11-01,09:00:00,3,2,1,FMN GV 10 Beerse
39,Antwerpseweg 195,2019-11-01,10:00:00,2,0,2,FMN GV 10 Beerse
39,Antwerpseweg 195,2019-11-01,11:00:00,4,3,1,FMN GV 10 Beerse
39,Antwerpseweg 195,2019-11-01,12:00:00,1,1,0,FMN GV 10 Beerse
39,Antwerpseweg 195,2019-11-01,13:00:00,2,1,1,FMN GV 10 Beerse
39,Antwerpseweg 195,2019-11-01,14:00:00,5,3,2,FMN GV 10 Beerse
39,Antwerpseweg 195,2019-11-01,15:00:00,1,1,0,FMN GV 10 Beerse
39,Antwerpseweg 195,2019-11-01,16:00:00,4,3,1,FMN GV 10 Beerse
39,Antwerpseweg 195,2019-11-01,17:00:00,2,1,1,FMN GV 10 Beerse
39,Antwerpseweg 195,2019-11-01,18:00:00,4,3,1,FMN GV 10 Beerse
39,Antwerpseweg 195,2019-11-01,19:00:00,1,0,1,FMN GV 10 Beerse
39,Antwerpseweg 195,2019-11-01,20:00:00,0,0,0,FMN GV 10 Beerse
39,Antwerpseweg 195,2019-11-01,21:00:00,0,0,0,FMN GV 10 Beerse
39,Antwerpseweg 195,2019-11-01,22:00:00,1,1,0,FMN GV 10 Beerse
39,Antwerpseweg 195,2019-11-01,23:00:00,3,2,1,FMN GV 10 Beerse
39,Antwerpseweg 195,2019-11-02,00:00:00,0,0,0,FMN GV 10 Beerse
39,Antwerpseweg 195,2019-11-02,01:00:00,0,0,0,FMN GV 10 Beerse
39,Antwerpseweg 195,2019-11-02,02:00:00,0,0,0,FMN GV 10 Beerse
39,Antwerpseweg 195,2019-11-02,03:00:00,0,0,0,FMN GV 10 Beerse
39,Antwerpseweg 195,2019-11-02,04:00:00,0,0,0,FMN GV 10 Beerse
39,Antwerpseweg 195,2019-11-02,05:00:00,1,1,0,FMN GV 10 Beerse
39,Antwerpseweg 195,2019-11-02,06:00:00,0,0,0,FMN GV 10 Beerse
39,Antwerpseweg 195,2019-11-02,07:00:00,1,1,0,FMN GV 10 Beerse
39,Antwerpseweg 195,2019-11-02,08:00:00,1,1,0,FMN GV 10 Beerse
39,Antwerpseweg 195,2019-11-02,09:00:00,6,4,2,FMN GV 10 Beerse
39,Antwerpseweg 195,2019-11-02,10:00:00,5,5,0,FMN GV 10 Beerse
39,Antwerpseweg 195,2019-11-02,11:00:00,4,4,0,FMN GV 10 Beerse
39,Antwerpseweg 195,2019-11-02,12:00:00,5,5,0,FMN GV 10 Beerse
39,Antwerpseweg 195,2019-11-02,13:00:00,5,3,2,FMN GV 10 Beerse
39,Antwerpseweg 195,2019-11-02,14:00:00,14,10,4,FMN GV 10 Beerse
39,Antwerpseweg 195,2019-11-02,15:00:00,8,7,1,FMN GV 10 Beerse
39,Antwerpseweg 195,2019-11-02,16:00:00,5,2,3,FMN GV 10 Beerse
39,Antwerpseweg 195,2019-11-02,17:00:00,8,7,1,FMN GV 10 Beerse
39,Antwerpseweg 195,2019-11-02,18:00:00,7,5,2,FMN GV 10 Beerse
39,Antwerpseweg 195,2019-11-02,19:00:00,9,9,0,FMN GV 10 Beerse
39,Antwerpseweg 195,2019-11-02,20:00:00,2,2,0,FMN GV 10 Beerse
39,Antwerpseweg 195,2019-11-02,21:00:00,4,2,2,FMN GV 10 Beerse
39,Antwerpseweg 195,2019-11-02,22:00:00,2,2,0,FMN GV 10 Beerse
39,Antwerpseweg 195,2019-11-02,23:00:00,0,0,0,FMN GV 10 Beerse
39,Antwerpseweg 195,2019-11-03,00:00:00,0,0,0,FMN GV 10 Beerse
39,Antwerpseweg 195,2019-11-03,01:00:00,5,5,0,FMN GV 10 Beerse
39,Antwerpseweg 195,2019-11-03,02:00:00,4,3,1,FMN GV 10 Beerse
39,Antwerpseweg 195,2019-11-03,03:00:00,4,0,4,FMN GV 10 Beerse
39,Antwerpseweg 195,2019-11-03,04:00:00,1,0,1,FMN GV 10 Beerse
39,Antwerpseweg 195,2019-11-03,05:00:00,1,1,0,FMN GV 10 Beerse
39,Antwerpseweg 195,2019-11-03,06:00:00,0,0,0,FMN GV 10 Beerse
39,Antwerpseweg 195,2019-11-03,07:00:00,4,3,1,FMN GV 10 Beerse
39,Antwerpseweg 195,2019-11-03,08:00:00,0,0,0,FMN GV 10 Beerse
39,Antwerpseweg 195,2019-11-03,09:00:00,7,6,1,FMN GV 10 Beerse
39,Antwerpseweg 195,2019-11-03,10:00:00,7,4,3,FMN GV 10 Beerse
39,Antwerpseweg 195,2019-11-03,11:00:00,16,10,6,FMN GV 10 Beerse
39,Antwerpseweg 195,2019-11-03,12:00:00,1,0,1,FMN GV 10 Beerse
39,Antwerpseweg 195,2019-11-03,13:00:00,5,5,0,FMN GV 10 Beerse
39,Antwerpseweg 195,2019-11-03,14:00:00,3,3,0,FMN GV 10 Beerse
39,Antwerpseweg 195,2019-11-03,15:00:00,1,0,1,FMN GV 10 Beerse
39,Antwerpseweg 195,2019-11-03,16:00:00,0,0,0,FMN GV 10 Beerse
39,Antwerpseweg 195,2019-11-03,17:00:00,0,0,0,FMN GV 10 Beerse
39,Antwerpseweg 195,2019-11-03,18:00:00,1,0,1,FMN GV 10 Beerse
39,Antwerpseweg 195,2019-11-03,19:00:00,0,0,0,FMN GV 10 Beerse
39,Antwerpseweg 195,2019-11-03,20:00:00,2,1,1,FMN GV 10 Beerse
39,Antwerpseweg 195,2019-11-03,21:00:00,4,4,0,FMN GV 10 Beerse
39,Antwerpseweg 195,2019-11-03,22:00:00,0,0,0,FMN GV 10 Beerse
39,Antwerpseweg 195,2019-11-03,23:00:00,0,0,0,FMN GV 10 Beerse
39,Antwerpseweg 195,2019-11-04,00:00:00,0,0,0,FMN GV 10 Beerse
39,Antwerpseweg 195,2019-11-04,01:00:00,0,0,0,FMN GV 10 Beerse
39,Antwerpseweg 195,2019-11-04,02:00:00,0,0,0,FMN GV 10 Beerse
39,Antwerpseweg 195,2019-11-04,03:00:00,0,0,0,FMN GV 10 Beerse
39,Antwerpseweg 195,2019-11-04,04:00:00,0,0,0,FMN GV 10 Beerse
39,Antwerpseweg 195,2019-11-04,05:00:00,8,8,0,FMN GV 10 Beerse
39,Antwerpseweg 195,2019-11-04,06:00:00,7,6,1,FMN GV 10 Beerse
39,Antwerpseweg 195,2019-11-04,07:00:00,35,32,3,FMN GV 10 Beerse
39,Antwerpseweg 195,2019-11-04,08:00:00,22,20,2,FMN GV 10 Beerse
39,Antwerpseweg 195,2019-11-04,09:00:00,5,5,0,FMN GV 10 Beerse
39,Antwerpseweg 195,2019-11-04,10:00:00,6,5,1,FMN GV 10 Beerse
39,Antwerpseweg 195,2019-11-04,11:00:00,10,6,4,FMN GV 10 Beerse
39,Antwerpseweg 195,2019-11-04,12:00:00,10,8,2,FMN GV 10 Beerse
39,Antwerpseweg 195,2019-11-04,13:00:00,10,9,1,FMN GV 10 Beerse
39,Antwerpseweg 195,2019-11-04,14:00:00,10,8,2,FMN GV 10 Beerse
39,Antwerpseweg 195,2019-11-04,15:00:00,16,12,4,FMN GV 10 Beerse
39,Antwerpseweg 195,2019-11-04,16:00:00,41,33,8,FMN GV 10 Beerse
39,Antwerpseweg 195,2019-11-04,17:00:00,26,20,6,FMN GV 10 Beerse
39,Antwerpseweg 195,2019-11-04,18:00:00,11,8,3,FMN GV 10 Beerse
39,Antwerpseweg 195,2019-11-04,19:00:00,4,4,0,FMN GV 10 Beerse
39,Antwerpseweg 195,2019-11-04,20:00:00,1,1,0,FMN GV 10 Beerse
39,Antwerpseweg 195,2019-11-04,21:00:00,3,2,1,FMN GV 10 Beerse
39,Antwerpseweg 195,2019-11-04,22:00:00,1,1,0,FMN GV 10 Beerse
39,Antwerpseweg 195,2019-11-04,23:00:00,0,0,0,FMN GV 10 Beerse
39,Antwerpseweg 195,2019-11-05,00:00:00,0,0,0,FMN GV 10 Beerse
39,Antwerpseweg 195,2019-11-05,01:00:00,0,0,0,FMN GV 10 Beerse
39,Antwerpseweg 195,2019-11-05,02:00:00,0,0,0,FMN GV 10 Beerse
39,Antwerpseweg 195,2019-11-05,03:00:00,0,0,0,FMN GV 10 Beerse
39,Antwerpseweg 195,2019-11-05,04:00:00,0,0,0,FMN GV 10 Beerse
39,Antwerpseweg 195,2019-11-05,05:00:00,6,6,0,FMN GV 10 Beerse
39,Antwerpseweg 195,2019-11-05,06:00:00,5,5,0,FMN GV 10 Beerse
39,Antwerpseweg 195,2019-11-05,07:00:00,22,20,2,FMN GV 10 Beerse
39,Antwerpseweg 195,2019-11-05,08:00:00,18,17,1,FMN GV 10 Beerse
39,Antwerpseweg 195,2019-11-05,09:00:00,10,7,3,FMN GV 10 Beerse
39,Antwerpseweg 195,2019-11-05,10:00:00,9,6,3,FMN GV 10 Beerse
39,Antwerpseweg 195,2019-11-05,11:00:00,13,11,2,FMN GV 10 Beerse
39,Antwerpseweg 195,2019-11-05,12:00:00,10,8,2,FMN GV 10 Beerse
39,Antwerpseweg 195,2019-11-05,13:00:00,44,37,7,FMN GV 10 Beerse
39,Antwerpseweg 195,2019-11-05,14:00:00,15,11,4,FMN GV 10 Beerse
39,Antwerpseweg 195,2019-11-05,15:00:00,41,30,11,FMN GV 10 Beerse
39,Antwerpseweg 195,2019-11-05,16:00:00,57,43,14,FMN GV 10 Beerse
39,Antwerpseweg 195,2019-11-05,17:00:00,29,23,6,FMN GV 10 Beerse
39,Antwerpseweg 195,2019-11-05,18:00:00,10,8,2,FMN GV 10 Beerse
39,Antwerpseweg 195,2019-11-05,19:00:00,6,3,3,FMN GV 10 Beerse
39,Antwerpseweg 195,2019-11-05,20:00:00,3,2,1,FMN GV 10 Beerse
39,Antwerpseweg 195,2019-11-05,21:00:00,2,2,0,FMN GV 10 Beerse
39,Antwerpseweg 195,2019-11-05,22:00:00,3,3,0,FMN GV 10 Beerse
39,Antwerpseweg 195,2019-11-05,23:00:00,1,0,1,FMN GV 10 Beerse
39,Antwerpseweg 195,2019-11-06,00:00:00,0,0,0,FMN GV 10 Beerse
39,Antwerpseweg 195,2019-11-06,01:00:00,0,0,0,FMN GV 10 Beerse
39,Antwerpseweg 195,2019-11-06,02:00:00,0,0,0,FMN GV 10 Beerse
39,Antwerpseweg 195,2019-11-06,03:00:00,0,0,0,FMN GV 10 Beerse
39,Antwerpseweg 195,2019-11-06,04:00:00,2,2,0,FMN GV 10 Beerse
39,Antwerpseweg 195,2019-11-06,05:00:00,5,5,0,FMN GV 10 Beerse
39,Antwerpseweg 195,2019-11-06,06:00:00,7,7,0,FMN GV 10 Beerse
39,Antwerpseweg 195,2019-11-06,07:00:00,27,25,2,FMN GV 10 Beerse
39,Antwerpseweg 195,2019-11-06,08:00:00,23,19,4,FMN GV 10 Beerse
39,Antwerpseweg 195,2019-11-06,09:00:00,11,11,0,FMN GV 10 Beerse
39,Antwerpseweg 195,2019-11-06,10:00:00,6,6,0,FMN GV 10 Beerse
39,Antwerpseweg 195,2019-11-06,11:00:00,8,4,4,FMN GV 10 Beerse
39,Antwerpseweg 195,2019-11-06,12:00:00,35,27,8,FMN GV 10 Beerse
39,Antwerpseweg 195,2019-11-06,13:00:00,14,14,0,FMN GV 10 Beerse
39,Antwerpseweg 195,2019-11-06,14:00:00,26,16,10,FMN GV 10 Beerse
39,Antwerpseweg 195,2019-11-06,15:00:00,26,16,10,FMN GV 10 Beerse
39,Antwerpseweg 195,2019-11-06,16:00:00,26,20,6,FMN GV 10 Beerse
39,Antwerpseweg 195,2019-11-06,17:00:00,25,15,10,FMN GV 10 Beerse
39,Antwerpseweg 195,2019-11-06,18:00:00,8,5,3,FMN GV 10 Beerse
39,Antwerpseweg 195,2019-11-06,19:00:00,3,1,2,FMN GV 10 Beerse
39,Antwerpseweg 195,2019-11-06,20:00:00,7,5,2,FMN GV 10 Beerse
39,Antwerpseweg 195,2019-11-06,21:00:00,1,1,0,FMN GV 10 Beerse
39,Antwerpseweg 195,2019-11-06,22:00:00,4,4,0,FMN GV 10 Beerse
39,Antwerpseweg 195,2019-11-06,23:00:00,1,1,0,FMN GV 10 Beerse
39,Antwerpseweg 195,2019-11-07,00:00:00,1,1,0,FMN GV 10 Beerse
39,Antwerpseweg 195,2019-11-07,01:00:00,0,0,0,FMN GV 10 Beerse
39,Antwerpseweg 195,2019-11-07,02:00:00,0,0,0,FMN GV 10 Beerse
39,Antwerpseweg 195,2019-11-07,03:00:00,0,0,0,FMN GV 10 Beerse
39,Antwerpseweg 195,2019-11-07,04:00:00,2,2,0,FMN GV 10 Beerse
39,Antwerpseweg 195,2019-11-07,05:00:00,6,6,0,FMN GV 10 Beerse
39,Antwerpseweg 195,2019-11-07,06:00:00,6,6,0,FMN GV 10 Beerse
39,Antwerpseweg 195,2019-11-07,07:00:00,27,23,4,FMN GV 10 Beerse
39,Antwerpseweg 195,2019-11-07,08:00:00,19,16,3,FMN GV 10 Beerse
39,Antwerpseweg 195,2019-11-07,09:00:00,5,2,3,FMN GV 10 Beerse
39,Antwerpseweg 195,2019-11-07,10:00:00,3,2,1,FMN GV 10 Beerse
39,Antwerpseweg 195,2019-11-07,11:00:00,1,1,0,FMN GV 10 Beerse
39,Antwerpseweg 195,2019-11-07,12:00:00,9,7,2,FMN GV 10 Beerse
39,Antwerpseweg 195,2019-11-07,13:00:00,3,3,0,FMN GV 10 Beerse
39,Antwerpseweg 195,2019-11-07,14:00:00,10,7,3,FMN GV 10 Beerse
39,Antwerpseweg 195,2019-11-07,15:00:00,19,14,5,FMN GV 10 Beerse
39,Antwerpseweg 195,2019-11-07,16:00:00,29,21,8,FMN GV 10 Beerse
39,Antwerpseweg 195,2019-11-07,17:00:00,16,10,6,FMN GV 10 Beerse
39,Antwerpseweg 195,2019-11-07,18:00:00,9,6,3,FMN GV 10 Beerse
39,Antwerpseweg 195,2019-11-07,19:00:00,2,2,0,FMN GV 10 Beerse
39,Antwerpseweg 195,2019-11-07,20:00:00,1,1,0,FMN GV 10 Beerse
39,Antwerpseweg 195,2019-11-07,21:00:00,2,2,0,FMN GV 10 Beerse
39,Antwerpseweg 195,2019-11-07,22:00:00,2,2,0,FMN GV 10 Beerse
39,Antwerpseweg 195,2019-11-07,23:00:00,1,1,0,FMN GV 10 Beerse
39,Antwerpseweg 195,2019-11-08,00:00:00,0,0,0,FMN GV 10 Beerse
39,Antwerpseweg 195,2019-11-08,01:00:00,0,0,0,FMN GV 10 Beerse
39,Antwerpseweg 195,2019-11-08,02:00:00,0,0,0,FMN GV 10 Beerse
39,Antwerpseweg 195,2019-11-08,03:00:00,1,1,0,FMN GV 10 Beerse
39,Antwerpseweg 195,2019-11-08,04:00:00,1,1,0,FMN GV 10 Beerse
39,Antwerpseweg 195,2019-11-08,05:00:00,5,5,0,FMN GV 10 Beerse
39,Antwerpseweg 195,2019-11-08,06:00:00,7,7,0,FMN GV 10 Beerse
39,Antwerpseweg 195,2019-11-08,07:00:00,32,27,5,FMN GV 10 Beerse
39,Antwerpseweg 195,2019-11-08,08:00:00,19,16,3,FMN GV 10 Beerse
39,Antwerpseweg 195,2019-11-08,09:00:00,4,2,2,FMN GV 10 Beerse
39,Antwerpseweg 195,2019-11-08,10:00:00,16,12,4,FMN GV 10 Beerse
39,Antwerpseweg 195,2019-11-08,11:00:00,5,5,0,FMN GV 10 Beerse
39,Antwerpseweg 195,2019-11-08,12:00:00,16,10,6,FMN GV 10 Beerse
39,Antwerpseweg 195,2019-11-08,13:00:00,15,10,5,FMN GV 10 Beerse
39,Antwerpseweg 195,2019-11-08,14:00:00,9,9,0,FMN GV 10 Beerse
39,Antwerpseweg 195,2019-11-08,15:00:00,27,25,2,FMN GV 10 Beerse
39,Antwerpseweg 195,2019-11-08,16:00:00,20,17,3,FMN GV 10 Beerse
39,Antwerpseweg 195,2019-11-08,17:00:00,27,20,7,FMN GV 10 Beerse
39,Antwerpseweg 195,2019-11-08,18:00:00,5,3,2,FMN GV 10 Beerse
39,Antwerpseweg 195,2019-11-08,19:00:00,6,4,2,FMN GV 10 Beerse
39,Antwerpseweg 195,2019-11-08,20:00:00,3,2,1,FMN GV 10 Beerse
39,Antwerpseweg 195,2019-11-08,21:00:00,1,1,0,FMN GV 10 Beerse
39,Antwerpseweg 195,2019-11-08,22:00:00,3,3,0,FMN GV 10 Beerse
39,Antwerpseweg 195,2019-11-08,23:00:00,1,1,0,FMN GV 10 Beerse
39,Antwerpseweg 195,2019-11-09,00:00:00,1,1,0,FMN GV 10 Beerse
39,Antwerpseweg 195,2019-11-09,01:00:00,0,0,0,FMN GV 10 Beerse
39,Antwerpseweg 195,2019-11-09,02:00:00,1,1,0,FMN GV 10 Beerse
39,Antwerpseweg 195,2019-11-09,03:00:00,0,0,0,FMN GV 10 Beerse
39,Antwerpseweg 195,2019-11-09,04:00:00,1,1,0,FMN GV 10 Beerse
39,Antwerpseweg 195,2019-11-09,05:00:00,2,2,0,FMN GV 10 Beerse
39,Antwerpseweg 195,2019-11-09,06:00:00,0,0,0,FMN GV 10 Beerse
39,Antwerpseweg 195,2019-11-09,07:00:00,0,0,0,FMN GV 10 Beerse
39,Antwerpseweg 195,2019-11-09,08:00:00,3,0,3,FMN GV 10 Beerse
39,Antwerpseweg 195,2019-11-09,09:00:00,4,2,2,FMN GV 10 Beerse
39,Antwerpseweg 195,2019-11-09,10:00:00,13,7,6,FMN GV 10 Beerse
39,Antwerpseweg 195,2019-11-09,11:00:00,6,5,1,FMN GV 10 Beerse
39,Antwerpseweg 195,2019-11-09,12:00:00,13,11,2,FMN GV 10 Beerse
39,Antwerpseweg 195,2019-11-09,13:00:00,13,10,3,FMN GV 10 Beerse
39,Antwerpseweg 195,2019-11-09,14:00:00,26,18,8,FMN GV 10 Beerse
39,Antwerpseweg 195,2019-11-09,15:00:00,13,4,9,FMN GV 10 Beerse
39,Antwerpseweg 195,2019-11-09,16:00:00,12,10,2,FMN GV 10 Beerse
39,Antwerpseweg 195,2019-11-09,17:00:00,3,3,0,FMN GV 10 Beerse
39,Antwerpseweg 195,2019-11-09,18:00:00,3,2,1,FMN GV 10 Beerse
39,Antwerpseweg 195,2019-11-09,19:00:00,4,3,1,FMN GV 10 Beerse
39,Antwerpseweg 195,2019-11-09,20:00:00,2,2,0,FMN GV 10 Beerse
39,Antwerpseweg 195,2019-11-09,21:00:00,1,1,0,FMN GV 10 Beerse
39,Antwerpseweg 195,2019-11-09,22:00:00,0,0,0,FMN GV 10 Beerse
39,Antwerpseweg 195,2019-11-09,23:00:00,2,0,2,FMN GV 10 Beerse
39,Antwerpseweg 195,2019-11-10,00:00:00,0,0,0,FMN GV 10 Beerse
39,Antwerpseweg 195,2019-11-10,01:00:00,0,0,0,FMN GV 10 Beerse
39,Antwerpseweg 195,2019-11-10,02:00:00,2,2,0,FMN GV 10 Beerse
39,Antwerpseweg 195,2019-11-10,03:00:00,4,4,0,FMN GV 10 Beerse
39,Antwerpseweg 195,2019-11-10,04:00:00,3,3,0,FMN GV 10 Beerse
39,Antwerpseweg 195,2019-11-10,05:00:00,0,0,0,FMN GV 10 Beerse
39,Antwerpseweg 195,2019-11-10,06:00:00,1,1,0,FMN GV 10 Beerse
39,Antwerpseweg 195,2019-11-10,07:00:00,0,0,0,FMN GV 10 Beerse
39,Antwerpseweg 195,2019-11-10,08:00:00,12,9,3,FMN GV 10 Beerse
39,Antwerpseweg 195,2019-11-10,09:00:00,3,3,0,FMN GV 10 Beerse
39,Antwerpseweg 195,2019-11-10,10:00:00,7,6,1,FMN GV 10 Beerse
39,Antwerpseweg 195,2019-11-10,11:00:00,4,3,1,FMN GV 10 Beerse
39,Antwerpseweg 195,2019-11-10,12:00:00,21,15,6,FMN GV 10 Beerse
39,Antwerpseweg 195,2019-11-10,13:00:00,20,13,7,FMN GV 10 Beerse
39,Antwerpseweg 195,2019-11-10,14:00:00,14,9,5,FMN GV 10 Beerse
39,Antwerpseweg 195,2019-11-10,15:00:00,12,9,3,FMN GV 10 Beerse
39,Antwerpseweg 195,2019-11-10,16:00:00,8,7,1,FMN GV 10 Beerse
39,Antwerpseweg 195,2019-11-10,17:00:00,2,2,0,FMN GV 10 Beerse
39,Antwerpseweg 195,2019-11-10,18:00:00,1,1,0,FMN GV 10 Beerse
39,Antwerpseweg 195,2019-11-10,19:00:00,0,0,0,FMN GV 10 Beerse
39,Antwerpseweg 195,2019-11-10,20:00:00,2,2,0,FMN GV 10 Beerse
39,Antwerpseweg 195,2019-11-10,21:00:00,0,0,0,FMN GV 10 Beerse
39,Antwerpseweg 195,2019-11-10,22:00:00,0,0,0,FMN GV 10 Beerse
39,Antwerpseweg 195,2019-11-10,23:00:00,0,0,0,FMN GV 10 Beerse
39,Antwerpseweg 195,2019-11-11,00:00:00,0,0,0,FMN GV 10 Beerse
39,Antwerpseweg 195,2019-11-11,01:00:00,0,0,0,FMN GV 10 Beerse
39,Antwerpseweg 195,2019-11-11,02:00:00,1,1,0,FMN GV 10 Beerse
39,Antwerpseweg 195,2019-11-11,03:00:00,0,0,0,FMN GV 10 Beerse
39,Antwerpseweg 195,2019-11-11,04:00:00,0,0,0,FMN GV 10 Beerse
39,Antwerpseweg 195,2019-11-11,05:00:00,0,0,0,FMN GV 10 Beerse
39,Antwerpseweg 195,2019-11-11,06:00:00,1,1,0,FMN GV 10 Beerse
39,Antwerpseweg 195,2019-11-11,07:00:00,2,1,1,FMN GV 10 Beerse
39,Antwerpseweg 195,2019-11-11,08:00:00,0,0,0,FMN GV 10 Beerse
39,Antwerpseweg 195,2019-11-11,09:00:00,6,4,2,FMN GV 10 Beerse
39,Antwerpseweg 195,2019-11-11,10:00:00,5,4,1,FMN GV 10 Beerse
39,Antwerpseweg 195,2019-11-11,11:00:00,10,6,4,FMN GV 10 Beerse
39,Antwerpseweg 195,2019-11-11,12:00:00,13,11,2,FMN GV 10 Beerse
39,Antwerpseweg 195,2019-11-11,13:00:00,9,8,1,FMN GV 10 Beerse
39,Antwerpseweg 195,2019-11-11,14:00:00,2,1,1,FMN GV 10 Beerse
39,Antwerpseweg 195,2019-11-11,15:00:00,3,1,2,FMN GV 10 Beerse
39,Antwerpseweg 195,2019-11-11,16:00:00,0,0,0,FMN GV 10 Beerse
39,Antwerpseweg 195,2019-11-11,17:00:00,4,3,1,FMN GV 10 Beerse
39,Antwerpseweg 195,2019-11-11,18:00:00,2,0,2,FMN GV 10 Beerse
39,Antwerpseweg 195,2019-11-11,19:00:00,1,1,0,FMN GV 10 Beerse
39,Antwerpseweg 195,2019-11-11,20:00:00,3,3,0,FMN GV 10 Beerse
39,Antwerpseweg 195,2019-11-11,21:00:00,1,1,0,FMN GV 10 Beerse
39,Antwerpseweg 195,2019-11-11,22:00:00,0,0,0,FMN GV 10 Beerse
39,Antwerpseweg 195,2019-11-11,23:00:00,0,0,0,FMN GV 10 Beerse
39,Antwerpseweg 195,2019-11-12,00:00:00,0,0,0,FMN GV 10 Beerse
39,Antwerpseweg 195,2019-11-12,01:00:00,0,0,0,FMN GV 10 Beerse
39,Antwerpseweg 195,2019-11-12,02:00:00,0,0,0,FMN GV 10 Beerse
39,Antwerpseweg 195,2019-11-12,03:00:00,0,0,0,FMN GV 10 Beerse
39,Antwerpseweg 195,2019-11-12,04:00:00,0,0,0,FMN GV 10 Beerse
39,Antwerpseweg 195,2019-11-12,05:00:00,7,7,0,FMN GV 10 Beerse
39,Antwerpseweg 195,2019-11-12,06:00:00,4,4,0,FMN GV 10 Beerse
39,Antwerpseweg 195,2019-11-12,07:00:00,32,31,1,FMN GV 10 Beerse
39,Antwerpseweg 195,2019-11-12,08:00:00,16,16,0,FMN GV 10 Beerse
39,Antwerpseweg 195,2019-11-12,09:00:00,3,2,1,FMN GV 10 Beerse
39,Antwerpseweg 195,2019-11-12,10:00:00,3,0,3,FMN GV 10 Beerse
39,Antwerpseweg 195,2019-11-12,11:00:00,3,2,1,FMN GV 10 Beerse
39,Antwerpseweg 195,2019-11-12,12:00:00,7,7,0,FMN GV 10 Beerse
39,Antwerpseweg 195,2019-11-12,13:00:00,12,8,4,FMN GV 10 Beerse
39,Antwerpseweg 195,2019-11-12,14:00:00,16,14,2,FMN GV 10 Beerse
39,Antwerpseweg 195,2019-11-12,15:00:00,22,16,6,FMN GV 10 Beerse
39,Antwerpseweg 195,2019-11-12,16:00:00,35,24,11,FMN GV 10 Beerse
39,Antwerpseweg 195,2019-11-12,17:00:00,17,14,3,FMN GV 10 Beerse
39,Antwerpseweg 195,2019-11-12,18:00:00,10,6,4,FMN GV 10 Beerse
39,Antwerpseweg 195,2019-11-12,19:00:00,5,3,2,FMN GV 10 Beerse
39,Antwerpseweg 195,2019-11-12,20:00:00,4,3,1,FMN GV 10 Beerse
39,Antwerpseweg 195,2019-11-12,21:00:00,1,1,0,FMN GV 10 Beerse
39,Antwerpseweg 195,2019-11-12,22:00:00,5,4,1,FMN GV 10 Beerse
39,Antwerpseweg 195,2019-11-12,23:00:00,1,1,0,FMN GV 10 Beerse
39,Antwerpseweg 195,2019-11-13,00:00:00,0,0,0,FMN GV 10 Beerse
39,Antwerpseweg 195,2019-11-13,01:00:00,1,1,0,FMN GV 10 Beerse
39,Antwerpseweg 195,2019-11-13,02:00:00,0,0,0,FMN GV 10 Beerse
39,Antwerpseweg 195,2019-11-13,03:00:00,0,0,0,FMN GV 10 Beerse
39,Antwerpseweg 195,2019-11-13,04:00:00,1,1,0,FMN GV 10 Beerse
39,Antwerpseweg 195,2019-11-13,05:00:00,7,7,0,FMN GV 10 Beerse
39,Antwerpseweg 195,2019-11-13,06:00:00,3,3,0,FMN GV 10 Beerse
39,Antwerpseweg 195,2019-11-13,07:00:00,46,42,4,FMN GV 10 Beerse
39,Antwerpseweg 195,2019-11-13,08:00:00,24,22,2,FMN GV 10 Beerse
39,Antwerpseweg 195,2019-11-13,09:00:00,5,4,1,FMN GV 10 Beerse
39,Antwerpseweg 195,2019-11-13,10:00:00,10,8,2,FMN GV 10 Beerse
39,Antwerpseweg 195,2019-11-13,11:00:00,6,3,3,FMN GV 10 Beerse
39,Antwerpseweg 195,2019-11-13,12:00:00,25,21,4,FMN GV 10 Beerse
39,Antwerpseweg 195,2019-11-13,13:00:00,12,8,4,FMN GV 10 Beerse
39,Antwerpseweg 195,2019-11-13,14:00:00,10,8,2,FMN GV 10 Beerse
39,Antwerpseweg 195,2019-11-13,15:00:00,9,6,3,FMN GV 10 Beerse
39,Antwerpseweg 195,2019-11-13,16:00:00,20,12,8,FMN GV 10 Beerse
39,Antwerpseweg 195,2019-11-13,17:00:00,18,15,3,FMN GV 10 Beerse
39,Antwerpseweg 195,2019-11-13,18:00:00,9,7,2,FMN GV 10 Beerse
39,Antwerpseweg 195,2019-11-13,19:00:00,1,1,0,FMN GV 10 Beerse
39,Antwerpseweg 195,2019-11-13,20:00:00,4,2,2,FMN GV 10 Beerse
39,Antwerpseweg 195,2019-11-13,21:00:00,3,1,2,FMN GV 10 Beerse
39,Antwerpseweg 195,2019-11-13,22:00:00,5,5,0,FMN GV 10 Beerse
39,Antwerpseweg 195,2019-11-13,23:00:00,2,2,0,FMN GV 10 Beerse
39,Antwerpseweg 195,2019-11-14,00:00:00,0,0,0,FMN GV 10 Beerse
39,Antwerpseweg 195,2019-11-14,01:00:00,0,0,0,FMN GV 10 Beerse
39,Antwerpseweg 195,2019-11-14,02:00:00,0,0,0,FMN GV 10 Beerse
39,Antwerpseweg 195,2019-11-14,03:00:00,0,0,0,FMN GV 10 Beerse
39,Antwerpseweg 195,2019-11-14,04:00:00,1,1,0,FMN GV 10 Beerse
39,Antwerpseweg 195,2019-11-14,05:00:00,10,10,0,FMN GV 10 Beerse
39,Antwerpseweg 195,2019-11-14,06:00:00,8,6,2,FMN GV 10 Beerse
39,Antwerpseweg 195,2019-11-14,07:00:00,37,34,3,FMN GV 10 Beerse
39,Antwerpseweg 195,2019-11-14,08:00:00,21,16,5,FMN GV 10 Beerse
39,Antwerpseweg 195,2019-11-14,09:00:00,5,4,1,FMN GV 10 Beerse
39,Antwerpseweg 195,2019-11-14,10:00:00,2,1,1,FMN GV 10 Beerse
39,Antwerpseweg 195,2019-11-14,11:00:00,5,4,1,FMN GV 10 Beerse
39,Antwerpseweg 195,2019-11-14,12:00:00,6,5,1,FMN GV 10 Beerse
39,Antwerpseweg 195,2019-11-14,13:00:00,11,8,3,FMN GV 10 Beerse
39,Antwerpseweg 195,2019-11-14,14:00:00,9,8,1,FMN GV 10 Beerse
39,Antwerpseweg 195,2019-11-14,15:00:00,19,14,5,FMN GV 10 Beerse
39,Antwerpseweg 195,2019-11-14,16:00:00,33,25,8,FMN GV 10 Beerse
39,Antwerpseweg 195,2019-11-14,17:00:00,23,18,5,FMN GV 10 Beerse
39,Antwerpseweg 195,2019-11-14,18:00:00,11,8,3,FMN GV 10 Beerse
39,Antwerpseweg 195,2019-11-14,19:00:00,7,6,1,FMN GV 10 Beerse
39,Antwerpseweg 195,2019-11-14,20:00:00,4,2,2,FMN GV 10 Beerse
39,Antwerpseweg 195,2019-11-14,21:00:00,3,2,1,FMN GV 10 Beerse
39,Antwerpseweg 195,2019-11-14,22:00:00,6,3,3,FMN GV 10 Beerse
39,Antwerpseweg 195,2019-11-14,23:00:00,0,0,0,FMN GV 10 Beerse
39,Antwerpseweg 195,2019-11-15,00:00:00,0,0,0,FMN GV 10 Beerse
39,Antwerpseweg 195,2019-11-15,01:00:00,0,0,0,FMN GV 10 Beerse
39,Antwerpseweg 195,2019-11-15,02:00:00,0,0,0,FMN GV 10 Beerse
39,Antwerpseweg 195,2019-11-15,03:00:00,0,0,0,FMN GV 10 Beerse
39,Antwerpseweg 195,2019-11-15,04:00:00,1,1,0,FMN GV 10 Beerse
39,Antwerpseweg 195,2019-11-15,05:00:00,5,5,0,FMN GV 10 Beerse
39,Antwerpseweg 195,2019-11-15,06:00:00,7,6,1,FMN GV 10 Beerse
39,Antwerpseweg 195,2019-11-15,07:00:00,30,27,3,FMN GV 10 Beerse
39,Antwerpseweg 195,2019-11-15,08:00:00,16,11,5,FMN GV 10 Beerse
39,Antwerpseweg 195,2019-11-15,09:00:00,8,6,2,FMN GV 10 Beerse
39,Antwerpseweg 195,2019-11-15,10:00:00,4,3,1,FMN GV 10 Beerse
39,Antwerpseweg 195,2019-11-15,11:00:00,7,4,3,FMN GV 10 Beerse
39,Antwerpseweg 195,2019-11-15,12:00:00,9,7,2,FMN GV 10 Beerse
39,Antwerpseweg 195,2019-11-15,13:00:00,12,6,6,FMN GV 10 Beerse
39,Antwerpseweg 195,2019-11-15,14:00:00,8,6,2,FMN GV 10 Beerse
39,Antwerpseweg 195,2019-11-15,15:00:00,19,16,3,FMN GV 10 Beerse
39,Antwerpseweg 195,2019-11-15,16:00:00,23,17,6,FMN GV 10 Beerse
39,Antwerpseweg 195,2019-11-15,17:00:00,24,16,8,FMN GV 10 Beerse
39,Antwerpseweg 195,2019-11-15,18:00:00,7,5,2,FMN GV 10 Beerse
39,Antwerpseweg 195,2019-11-15,19:00:00,10,7,3,FMN GV 10 Beerse
39,Antwerpseweg 195,2019-11-15,20:00:00,5,3,2,FMN GV 10 Beerse
39,Antwerpseweg 195,2019-11-15,21:00:00,3,3,0,FMN GV 10 Beerse
39,Antwerpseweg 195,2019-11-15,22:00:00,3,3,0,FMN GV 10 Beerse
39,Antwerpseweg 195,2019-11-15,23:00:00,3,3,0,FMN GV 10 Beerse
39,Antwerpseweg 195,2019-11-16,00:00:00,0,0,0,FMN GV 10 Beerse
39,Antwerpseweg 195,2019-11-16,01:00:00,0,0,0,FMN GV 10 Beerse
39,Antwerpseweg 195,2019-11-16,02:00:00,1,0,1,FMN GV 10 Beerse
39,Antwerpseweg 195,2019-11-16,03:00:00,1,1,0,FMN GV 10 Beerse
39,Antwerpseweg 195,2019-11-16,04:00:00,0,0,0,FMN GV 10 Beerse
39,Antwerpseweg 195,2019-11-16,05:00:00,1,1,0,FMN GV 10 Beerse
39,Antwerpseweg 195,2019-11-16,06:00:00,1,1,0,FMN GV 10 Beerse
39,Antwerpseweg 195,2019-11-16,07:00:00,1,0,1,FMN GV 10 Beerse
39,Antwerpseweg 195,2019-11-16,08:00:00,2,1,1,FMN GV 10 Beerse
39,Antwerpseweg 195,2019-11-16,09:00:00,6,3,3,FMN GV 10 Beerse
39,Antwerpseweg 195,2019-11-16,10:00:00,4,3,1,FMN GV 10 Beerse
39,Antwerpseweg 195,2019-11-16,11:00:00,8,6,2,FMN GV 10 Beerse
39,Antwerpseweg 195,2019-11-16,12:00:00,8,6,2,FMN GV 10 Beerse
39,Antwerpseweg 195,2019-11-16,13:00:00,17,14,3,FMN GV 10 Beerse
39,Antwerpseweg 195,2019-11-16,14:00:00,10,8,2,FMN GV 10 Beerse
39,Antwerpseweg 195,2019-11-16,15:00:00,16,10,6,FMN GV 10 Beerse
39,Antwerpseweg 195,2019-11-16,16:00:00,7,6,1,FMN GV 10 Beerse
39,Antwerpseweg 195,2019-11-16,17:00:00,6,5,1,FMN GV 10 Beerse
39,Antwerpseweg 195,2019-11-16,18:00:00,7,3,4,FMN GV 10 Beerse
39,Antwerpseweg 195,2019-11-16,19:00:00,0,0,0,FMN GV 10 Beerse
39,Antwerpseweg 195,2019-11-16,20:00:00,2,2,0,FMN GV 10 Beerse
39,Antwerpseweg 195,2019-11-16,21:00:00,0,0,0,FMN GV 10 Beerse
39,Antwerpseweg 195,2019-11-16,22:00:00,0,0,0,FMN GV 10 Beerse
39,Antwerpseweg 195,2019-11-16,23:00:00,0,0,0,FMN GV 10 Beerse
39,Antwerpseweg 195,2019-11-17,00:00:00,0,0,0,FMN GV 10 Beerse
39,Antwerpseweg 195,2019-11-17,01:00:00,1,1,0,FMN GV 10 Beerse
39,Antwerpseweg 195,2019-11-17,02:00:00,0,0,0,FMN GV 10 Beerse
39,Antwerpseweg 195,2019-11-17,03:00:00,1,1,0,FMN GV 10 Beerse
39,Antwerpseweg 195,2019-11-17,04:00:00,0,0,0,FMN GV 10 Beerse
39,Antwerpseweg 195,2019-11-17,05:00:00,0,0,0,FMN GV 10 Beerse
39,Antwerpseweg 195,2019-11-17,06:00:00,0,0,0,FMN GV 10 Beerse
39,Antwerpseweg 195,2019-11-17,07:00:00,0,0,0,FMN GV 10 Beerse
39,Antwerpseweg 195,2019-11-17,08:00:00,4,2,2,FMN GV 10 Beerse
39,Antwerpseweg 195,2019-11-17,09:00:00,2,2,0,FMN GV 10 Beerse
39,Antwerpseweg 195,2019-11-17,10:00:00,9,7,2,FMN GV 10 Beerse
39,Antwerpseweg 195,2019-11-17,11:00:00,10,6,4,FMN GV 10 Beerse
39,Antwerpseweg 195,2019-11-17,12:00:00,16,13,3,FMN GV 10 Beerse
39,Antwerpseweg 195,2019-11-17,13:00:00,15,14,1,FMN GV 10 Beerse
39,Antwerpseweg 195,2019-11-17,14:00:00,20,11,9,FMN GV 10 Beerse
39,Antwerpseweg 195,2019-11-17,15:00:00,23,19,4,FMN GV 10 Beerse
39,Antwerpseweg 195,2019-11-17,16:00:00,2,2,0,FMN GV 10 Beerse
39,Antwerpseweg 195,2019-11-17,17:00:00,2,2,0,FMN GV 10 Beerse
39,Antwerpseweg 195,2019-11-17,18:00:00,3,2,1,FMN GV 10 Beerse
39,Antwerpseweg 195,2019-11-17,19:00:00,2,1,1,FMN GV 10 Beerse
39,Antwerpseweg 195,2019-11-17,20:00:00,0,0,0,FMN GV 10 Beerse
39,Antwerpseweg 195,2019-11-17,21:00:00,1,1,0,FMN GV 10 Beerse
39,Antwerpseweg 195,2019-11-17,22:00:00,0,0,0,FMN GV 10 Beerse
39,Antwerpseweg 195,2019-11-17,23:00:00,0,0,0,FMN GV 10 Beerse
39,Antwerpseweg 195,2019-11-18,00:00:00,0,0,0,FMN GV 10 Beerse
39,Antwerpseweg 195,2019-11-18,01:00:00,0,0,0,FMN GV 10 Beerse
39,Antwerpseweg 195,2019-11-18,02:00:00,0,0,0,FMN GV 10 Beerse
39,Antwerpseweg 195,2019-11-18,03:00:00,0,0,0,FMN GV 10 Beerse
39,Antwerpseweg 195,2019-11-18,04:00:00,0,0,0,FMN GV 10 Beerse
39,Antwerpseweg 195,2019-11-18,05:00:00,8,8,0,FMN GV 10 Beerse
39,Antwerpseweg 195,2019-11-18,06:00:00,9,8,1,FMN GV 10 Beerse
39,Antwerpseweg 195,2019-11-18,07:00:00,18,14,4,FMN GV 10 Beerse
39,Antwerpseweg 195,2019-11-18,08:00:00,14,14,0,FMN GV 10 Beerse
39,Antwerpseweg 195,2019-11-18,09:00:00,4,3,1,FMN GV 10 Beerse
39,Antwerpseweg 195,2019-11-18,10:00:00,1,0,1,FMN GV 10 Beerse
39,Antwerpseweg 195,2019-11-18,11:00:00,6,5,1,FMN GV 10 Beerse
39,Antwerpseweg 195,2019-11-18,12:00:00,3,2,1,FMN GV 10 Beerse
39,Antwerpseweg 195,2019-11-18,13:00:00,5,3,2,FMN GV 10 Beerse
39,Antwerpseweg 195,2019-11-18,14:00:00,10,6,4,FMN GV 10 Beerse
39,Antwerpseweg 195,2019-11-18,15:00:00,14,14,0,FMN GV 10 Beerse
39,Antwerpseweg 195,2019-11-18,16:00:00,25,19,6,FMN GV 10 Beerse
39,Antwerpseweg 195,2019-11-18,17:00:00,17,13,4,FMN GV 10 Beerse
39,Antwerpseweg 195,2019-11-18,18:00:00,1,1,0,FMN GV 10 Beerse
39,Antwerpseweg 195,2019-11-18,19:00:00,4,3,1,FMN GV 10 Beerse
39,Antwerpseweg 195,2019-11-18,20:00:00,2,1,1,FMN GV 10 Beerse
39,Antwerpseweg 195,2019-11-18,21:00:00,3,3,0,FMN GV 10 Beerse
39,Antwerpseweg 195,2019-11-18,22:00:00,5,4,1,FMN GV 10 Beerse
39,Antwerpseweg 195,2019-11-18,23:00:00,0,0,0,FMN GV 10 Beerse
39,Antwerpseweg 195,2019-11-19,00:00:00,0,0,0,FMN GV 10 Beerse
39,Antwerpseweg 195,2019-11-19,01:00:00,0,0,0,FMN GV 10 Beerse
39,Antwerpseweg 195,2019-11-19,02:00:00,0,0,0,FMN GV 10 Beerse
39,Antwerpseweg 195,2019-11-19,03:00:00,0,0,0,FMN GV 10 Beerse
39,Antwerpseweg 195,2019-11-19,04:00:00,1,1,0,FMN GV 10 Beerse
39,Antwerpseweg 195,2019-11-19,05:00:00,5,5,0,FMN GV 10 Beerse
39,Antwerpseweg 195,2019-11-19,06:00:00,8,7,1,FMN GV 10 Beerse
39,Antwerpseweg 195,2019-11-19,07:00:00,28,26,2,FMN GV 10 Beerse
39,Antwerpseweg 195,2019-11-19,08:00:00,20,15,5,FMN GV 10 Beerse
39,Antwerpseweg 195,2019-11-19,09:00:00,3,3,0,FMN GV 10 Beerse
39,Antwerpseweg 195,2019-11-19,10:00:00,5,4,1,FMN GV 10 Beerse
39,Antwerpseweg 195,2019-11-19,11:00:00,7,6,1,FMN GV 10 Beerse
39,Antwerpseweg 195,2019-11-19,12:00:00,9,7,2,FMN GV 10 Beerse
39,Antwerpseweg 195,2019-11-19,13:00:00,38,26,12,FMN GV 10 Beerse
39,Antwerpseweg 195,2019-11-19,14:00:00,13,9,4,FMN GV 10 Beerse
39,Antwerpseweg 195,2019-11-19,15:00:00,17,13,4,FMN GV 10 Beerse
39,Antwerpseweg 195,2019-11-19,16:00:00,31,24,7,FMN GV 10 Beerse
39,Antwerpseweg 195,2019-11-19,17:00:00,19,14,5,FMN GV 10 Beerse
39,Antwerpseweg 195,2019-11-19,18:00:00,9,7,2,FMN GV 10 Beerse
39,Antwerpseweg 195,2019-11-19,19:00:00,5,3,2,FMN GV 10 Beerse
39,Antwerpseweg 195,2019-11-19,20:00:00,6,5,1,FMN GV 10 Beerse
39,Antwerpseweg 195,2019-11-19,21:00:00,3,3,0,FMN GV 10 Beerse
39,Antwerpseweg 195,2019-11-19,22:00:00,6,5,1,FMN GV 10 Beerse
39,Antwerpseweg 195,2019-11-19,23:00:00,1,0,1,FMN GV 10 Beerse
39,Antwerpseweg 195,2019-11-20,00:00:00,0,0,0,FMN GV 10 Beerse
39,Antwerpseweg 195,2019-11-20,01:00:00,0,0,0,FMN GV 10 Beerse
39,Antwerpseweg 195,2019-11-20,02:00:00,2,2,0,FMN GV 10 Beerse
39,Antwerpseweg 195,2019-11-20,03:00:00,1,1,0,FMN GV 10 Beerse
39,Antwerpseweg 195,2019-11-20,04:00:00,1,1,0,FMN GV 10 Beerse
39,Antwerpseweg 195,2019-11-20,05:00:00,4,4,0,FMN GV 10 Beerse
39,Antwerpseweg 195,2019-11-20,06:00:00,5,5,0,FMN GV 10 Beerse
39,Antwerpseweg 195,2019-11-20,07:00:00,27,25,2,FMN GV 10 Beerse
39,Antwerpseweg 195,2019-11-20,08:00:00,19,17,2,FMN GV 10 Beerse
39,Antwerpseweg 195,2019-11-20,09:00:00,4,3,1,FMN GV 10 Beerse
39,Antwerpseweg 195,2019-11-20,10:00:00,1,1,0,FMN GV 10 Beerse
39,Antwerpseweg 195,2019-11-20,11:00:00,5,3,2,FMN GV 10 Beerse
39,Antwerpseweg 195,2019-11-20,12:00:00,27,23,4,FMN GV 10 Beerse
39,Antwerpseweg 195,2019-11-20,13:00:00,18,15,3,FMN GV 10 Beerse
39,Antwerpseweg 195,2019-11-20,14:00:00,27,8,19,FMN GV 10 Beerse
39,Antwerpseweg 195,2019-11-20,15:00:00,12,8,4,FMN GV 10 Beerse
39,Antwerpseweg 195,2019-11-20,16:00:00,25,18,7,FMN GV 10 Beerse
39,Antwerpseweg 195,2019-11-20,17:00:00,17,11,6,FMN GV 10 Beerse
39,Antwerpseweg 195,2019-11-20,18:00:00,6,4,2,FMN GV 10 Beerse
39,Antwerpseweg 195,2019-11-20,19:00:00,3,2,1,FMN GV 10 Beerse
39,Antwerpseweg 195,2019-11-20,20:00:00,1,1,0,FMN GV 10 Beerse
39,Antwerpseweg 195,2019-11-20,21:00:00,2,2,0,FMN GV 10 Beerse
39,Antwerpseweg 195,2019-11-20,22:00:00,3,3,0,FMN GV 10 Beerse
39,Antwerpseweg 195,2019-11-20,23:00:00,0,0,0,FMN GV 10 Beerse
39,Antwerpseweg 195,2019-11-21,00:00:00,0,0,0,FMN GV 10 Beerse
39,Antwerpseweg 195,2019-11-21,01:00:00,0,0,0,FMN GV 10 Beerse
39,Antwerpseweg 195,2019-11-21,02:00:00,0,0,0,FMN GV 10 Beerse
39,Antwerpseweg 195,2019-11-21,03:00:00,0,0,0,FMN GV 10 Beerse
39,Antwerpseweg 195,2019-11-21,04:00:00,0,0,0,FMN GV 10 Beerse
39,Antwerpseweg 195,2019-11-21,05:00:00,3,3,0,FMN GV 10 Beerse
39,Antwerpseweg 195,2019-11-21,06:00:00,8,7,1,FMN GV 10 Beerse
39,Antwerpseweg 195,2019-11-21,07:00:00,23,21,2,FMN GV 10 Beerse
39,Antwerpseweg 195,2019-11-21,08:00:00,14,14,0,FMN GV 10 Beerse
39,Antwerpseweg 195,2019-11-21,09:00:00,5,1,4,FMN GV 10 Beerse
39,Antwerpseweg 195,2019-11-21,10:00:00,4,3,1,FMN GV 10 Beerse
39,Antwerpseweg 195,2019-11-21,11:00:00,7,6,1,FMN GV 10 Beerse
39,Antwerpseweg 195,2019-11-21,12:00:00,8,7,1,FMN GV 10 Beerse
39,Antwerpseweg 195,2019-11-21,13:00:00,14,11,3,FMN GV 10 Beerse
39,Antwerpseweg 195,2019-11-21,14:00:00,13,10,3,FMN GV 10 Beerse
39,Antwerpseweg 195,2019-11-21,15:00:00,23,15,8,FMN GV 10 Beerse
39,Antwerpseweg 195,2019-11-21,16:00:00,28,21,7,FMN GV 10 Beerse
39,Antwerpseweg 195,2019-11-21,17:00:00,25,16,9,FMN GV 10 Beerse
39,Antwerpseweg 195,2019-11-21,18:00:00,8,5,3,FMN GV 10 Beerse
39,Antwerpseweg 195,2019-11-21,19:00:00,5,4,1,FMN GV 10 Beerse
39,Antwerpseweg 195,2019-11-21,20:00:00,2,2,0,FMN GV 10 Beerse
39,Antwerpseweg 195,2019-11-21,21:00:00,3,2,1,FMN GV 10 Beerse
39,Antwerpseweg 195,2019-11-21,22:00:00,4,3,1,FMN GV 10 Beerse
39,Antwerpseweg 195,2019-11-21,23:00:00,2,0,2,FMN GV 10 Beerse
39,Antwerpseweg 195,2019-11-22,00:00:00,0,0,0,FMN GV 10 Beerse
39,Antwerpseweg 195,2019-11-22,01:00:00,0,0,0,FMN GV 10 Beerse
39,Antwerpseweg 195,2019-11-22,02:00:00,0,0,0,FMN GV 10 Beerse
39,Antwerpseweg 195,2019-11-22,03:00:00,0,0,0,FMN GV 10 Beerse
39,Antwerpseweg 195,2019-11-22,04:00:00,1,1,0,FMN GV 10 Beerse
39,Antwerpseweg 195,2019-11-22,05:00:00,4,4,0,FMN GV 10 Beerse
39,Antwerpseweg 195,2019-11-22,06:00:00,7,6,1,FMN GV 10 Beerse
39,Antwerpseweg 195,2019-11-22,07:00:00,25,21,4,FMN GV 10 Beerse
39,Antwerpseweg 195,2019-11-22,08:00:00,16,15,1,FMN GV 10 Beerse
39,Antwerpseweg 195,2019-11-22,09:00:00,8,6,2,FMN GV 10 Beerse
39,Antwerpseweg 195,2019-11-22,10:00:00,4,3,1,FMN GV 10 Beerse
39,Antwerpseweg 195,2019-11-22,11:00:00,3,2,1,FMN GV 10 Beerse
39,Antwerpseweg 195,2019-11-22,12:00:00,13,9,4,FMN GV 10 Beerse
39,Antwerpseweg 195,2019-11-22,13:00:00,24,15,9,FMN GV 10 Beerse
39,Antwerpseweg 195,2019-11-22,14:00:00,12,5,7,FMN GV 10 Beerse
39,Antwerpseweg 195,2019-11-22,15:00:00,22,14,8,FMN GV 10 Beerse
39,Antwerpseweg 195,2019-11-22,16:00:00,19,11,8,FMN GV 10 Beerse
39,Antwerpseweg 195,2019-11-22,17:00:00,13,9,4,FMN GV 10 Beerse
39,Antwerpseweg 195,2019-11-22,18:00:00,5,5,0,FMN GV 10 Beerse
39,Antwerpseweg 195,2019-11-22,19:00:00,7,4,3,FMN GV 10 Beerse
39,Antwerpseweg 195,2019-11-22,20:00:00,1,1,0,FMN GV 10 Beerse
39,Antwerpseweg 195,2019-11-22,21:00:00,2,1,1,FMN GV 10 Beerse
39,Antwerpseweg 195,2019-11-22,22:00:00,5,4,1,FMN GV 10 Beerse
39,Antwerpseweg 195,2019-11-22,23:00:00,6,4,2,FMN GV 10 Beerse
39,Antwerpseweg 195,2019-11-23,00:00:00,0,0,0,FMN GV 10 Beerse
39,Antwerpseweg 195,2019-11-23,01:00:00,2,2,0,FMN GV 10 Beerse
39,Antwerpseweg 195,2019-11-23,02:00:00,3,3,0,FMN GV 10 Beerse
39,Antwerpseweg 195,2019-11-23,03:00:00,3,1,2,FMN GV 10 Beerse
39,Antwerpseweg 195,2019-11-23,04:00:00,2,1,1,FMN GV 10 Beerse
39,Antwerpseweg 195,2019-11-23,05:00:00,0,0,0,FMN GV 10 Beerse
39,Antwerpseweg 195,2019-11-23,06:00:00,0,0,0,FMN GV 10 Beerse
39,Antwerpseweg 195,2019-11-23,07:00:00,2,2,0,FMN GV 10 Beerse
39,Antwerpseweg 195,2019-11-23,08:00:00,3,2,1,FMN GV 10 Beerse
39,Antwerpseweg 195,2019-11-23,09:00:00,5,0,5,FMN GV 10 Beerse
39,Antwerpseweg 195,2019-11-23,10:00:00,3,3,0,FMN GV 10 Beerse
39,Antwerpseweg 195,2019-11-23,11:00:00,3,3,0,FMN GV 10 Beerse
39,Antwerpseweg 195,2019-11-23,12:00:00,10,8,2,FMN GV 10 Beerse
39,Antwerpseweg 195,2019-11-23,13:00:00,3,2,1,FMN GV 10 Beerse
39,Antwerpseweg 195,2019-11-23,14:00:00,8,2,6,FMN GV 10 Beerse
39,Antwerpseweg 195,2019-11-23,15:00:00,7,4,3,FMN GV 10 Beerse
39,Antwerpseweg 195,2019-11-23,16:00:00,16,13,3,FMN GV 10 Beerse
39,Antwerpseweg 195,2019-11-23,17:00:00,2,2,0,FMN GV 10 Beerse
39,Antwerpseweg 195,2019-11-23,18:00:00,3,2,1,FMN GV 10 Beerse
39,Antwerpseweg 195,2019-11-23,19:00:00,1,1,0,FMN GV 10 Beerse
39,Antwerpseweg 195,2019-11-23,20:00:00,3,1,2,FMN GV 10 Beerse
39,Antwerpseweg 195,2019-11-23,21:00:00,0,0,0,FMN GV 10 Beerse
39,Antwerpseweg 195,2019-11-23,22:00:00,2,2,0,FMN GV 10 Beerse
39,Antwerpseweg 195,2019-11-23,23:00:00,1,1,0,FMN GV 10 Beerse
39,Antwerpseweg 195,2019-11-24,00:00:00,1,1,0,FMN GV 10 Beerse
39,Antwerpseweg 195,2019-11-24,01:00:00,1,1,0,FMN GV 10 Beerse
39,Antwerpseweg 195,2019-11-24,02:00:00,0,0,0,FMN GV 10 Beerse
39,Antwerpseweg 195,2019-11-24,03:00:00,0,0,0,FMN GV 10 Beerse
39,Antwerpseweg 195,2019-11-24,04:00:00,0,0,0,FMN GV 10 Beerse
39,Antwerpseweg 195,2019-11-24,05:00:00,0,0,0,FMN GV 10 Beerse
39,Antwerpseweg 195,2019-11-24,06:00:00,0,0,0,FMN GV 10 Beerse
39,Antwerpseweg 195,2019-11-24,07:00:00,1,1,0,FMN GV 10 Beerse
39,Antwerpseweg 195,2019-11-24,08:00:00,4,3,1,FMN GV 10 Beerse
39,Antwerpseweg 195,2019-11-24,09:00:00,7,5,2,FMN GV 10 Beerse
39,Antwerpseweg 195,2019-11-24,10:00:00,12,4,8,FMN GV 10 Beerse
39,Antwerpseweg 195,2019-11-24,11:00:00,14,9,5,FMN GV 10 Beerse
39,Antwerpseweg 195,2019-11-24,12:00:00,6,2,4,FMN GV 10 Beerse
39,Antwerpseweg 195,2019-11-24,13:00:00,21,16,5,FMN GV 10 Beerse
39,Antwerpseweg 195,2019-11-24,14:00:00,15,5,10,FMN GV 10 Beerse
39,Antwerpseweg 195,2019-11-24,15:00:00,21,13,8,FMN GV 10 Beerse
39,Antwerpseweg 195,2019-11-24,16:00:00,15,11,4,FMN GV 10 Beerse
39,Antwerpseweg 195,2019-11-24,17:00:00,5,5,0,FMN GV 10 Beerse
39,Antwerpseweg 195,2019-11-24,18:00:00,3,2,1,FMN GV 10 Beerse
39,Antwerpseweg 195,2019-11-24,19:00:00,1,1,0,FMN GV 10 Beerse
39,Antwerpseweg 195,2019-11-24,20:00:00,1,1,0,FMN GV 10 Beerse
39,Antwerpseweg 195,2019-11-24,21:00:00,1,1,0,FMN GV 10 Beerse
39,Antwerpseweg 195,2019-11-24,22:00:00,0,0,0,FMN GV 10 Beerse
39,Antwerpseweg 195,2019-11-24,23:00:00,0,0,0,FMN GV 10 Beerse
39,Antwerpseweg 195,2019-11-25,00:00:00,0,0,0,FMN GV 10 Beerse
39,Antwerpseweg 195,2019-11-25,01:00:00,0,0,0,FMN GV 10 Beerse
39,Antwerpseweg 195,2019-11-25,02:00:00,0,0,0,FMN GV 10 Beerse
39,Antwerpseweg 195,2019-11-25,03:00:00,0,0,0,FMN GV 10 Beerse
39,Antwerpseweg 195,2019-11-25,04:00:00,1,1,0,FMN GV 10 Beerse
39,Antwerpseweg 195,2019-11-25,05:00:00,8,8,0,FMN GV 10 Beerse
39,Antwerpseweg 195,2019-11-25,06:00:00,5,4,1,FMN GV 10 Beerse
39,Antwerpseweg 195,2019-11-25,07:00:00,43,39,4,FMN GV 10 Beerse
39,Antwerpseweg 195,2019-11-25,08:00:00,24,21,3,FMN GV 10 Beerse
39,Antwerpseweg 195,2019-11-25,09:00:00,4,3,1,FMN GV 10 Beerse
39,Antwerpseweg 195,2019-11-25,10:00:00,7,6,1,FMN GV 10 Beerse
39,Antwerpseweg 195,2019-11-25,11:00:00,6,5,1,FMN GV 10 Beerse
39,Antwerpseweg 195,2019-11-25,12:00:00,8,5,3,FMN GV 10 Beerse
39,Antwerpseweg 195,2019-11-25,13:00:00,11,10,1,FMN GV 10 Beerse
39,Antwerpseweg 195,2019-11-25,14:00:00,24,18,6,FMN GV 10 Beerse
39,Antwerpseweg 195,2019-11-25,15:00:00,30,14,16,FMN GV 10 Beerse
39,Antwerpseweg 195,2019-11-25,16:00:00,33,26,7,FMN GV 10 Beerse
39,Antwerpseweg 195,2019-11-25,17:00:00,28,17,11,FMN GV 10 Beerse
39,Antwerpseweg 195,2019-11-25,18:00:00,9,6,3,FMN GV 10 Beerse
39,Antwerpseweg 195,2019-11-25,19:00:00,7,5,2,FMN GV 10 Beerse
39,Antwerpseweg 195,2019-11-25,20:00:00,2,0,2,FMN GV 10 Beerse
39,Antwerpseweg 195,2019-11-25,21:00:00,0,0,0,FMN GV 10 Beerse
39,Antwerpseweg 195,2019-11-25,22:00:00,3,2,1,FMN GV 10 Beerse
39,Antwerpseweg 195,2019-11-25,23:00:00,0,0,0,FMN GV 10 Beerse
39,Antwerpseweg 195,2019-11-26,00:00:00,0,0,0,FMN GV 10 Beerse
39,Antwerpseweg 195,2019-11-26,01:00:00,0,0,0,FMN GV 10 Beerse
39,Antwerpseweg 195,2019-11-26,02:00:00,0,0,0,FMN GV 10 Beerse
39,Antwerpseweg 195,2019-11-26,03:00:00,0,0,0,FMN GV 10 Beerse
39,Antwerpseweg 195,2019-11-26,04:00:00,1,1,0,FMN GV 10 Beerse
39,Antwerpseweg 195,2019-11-26,05:00:00,6,6,0,FMN GV 10 Beerse
39,Antwerpseweg 195,2019-11-26,06:00:00,13,12,1,FMN GV 10 Beerse
39,Antwerpseweg 195,2019-11-26,07:00:00,32,28,4,FMN GV 10 Beerse
39,Antwerpseweg 195,2019-11-26,08:00:00,22,20,2,FMN GV 10 Beerse
39,Antwerpseweg 195,2019-11-26,09:00:00,4,2,2,FMN GV 10 Beerse
39,Antwerpseweg 195,2019-11-26,10:00:00,8,7,1,FMN GV 10 Beerse
39,Antwerpseweg 195,2019-11-26,11:00:00,7,6,1,FMN GV 10 Beerse
39,Antwerpseweg 195,2019-11-26,12:00:00,10,8,2,FMN GV 10 Beerse
39,Antwerpseweg 195,2019-11-26,13:00:00,16,13,3,FMN GV 10 Beerse
39,Antwerpseweg 195,2019-11-26,14:00:00,23,11,12,FMN GV 10 Beerse
39,Antwerpseweg 195,2019-11-26,15:00:00,27,20,7,FMN GV 10 Beerse
39,Antwerpseweg 195,2019-11-26,16:00:00,32,26,6,FMN GV 10 Beerse
39,Antwerpseweg 195,2019-11-26,17:00:00,27,18,9,FMN GV 10 Beerse
39,Antwerpseweg 195,2019-11-26,18:00:00,12,6,6,FMN GV 10 Beerse
39,Antwerpseweg 195,2019-11-26,19:00:00,5,3,2,FMN GV 10 Beerse
39,Antwerpseweg 195,2019-11-26,20:00:00,2,1,1,FMN GV 10 Beerse
39,Antwerpseweg 195,2019-11-26,21:00:00,3,2,1,FMN GV 10 Beerse
39,Antwerpseweg 195,2019-11-26,22:00:00,5,3,2,FMN GV 10 Beerse
39,Antwerpseweg 195,2019-11-26,23:00:00,1,0,1,FMN GV 10 Beerse
39,Antwerpseweg 195,2019-11-27,00:00:00,0,0,0,FMN GV 10 Beerse
39,Antwerpseweg 195,2019-11-27,01:00:00,0,0,0,FMN GV 10 Beerse
39,Antwerpseweg 195,2019-11-27,02:00:00,0,0,0,FMN GV 10 Beerse
39,Antwerpseweg 195,2019-11-27,03:00:00,0,0,0,FMN GV 10 Beerse
39,Antwerpseweg 195,2019-11-27,04:00:00,0,0,0,FMN GV 10 Beerse
39,Antwerpseweg 195,2019-11-27,05:00:00,6,6,0,FMN GV 10 Beerse
39,Antwerpseweg 195,2019-11-27,06:00:00,1,1,0,FMN GV 10 Beerse
39,Antwerpseweg 195,2019-11-27,07:00:00,18,15,3,FMN GV 10 Beerse
39,Antwerpseweg 195,2019-11-27,08:00:00,11,9,2,FMN GV 10 Beerse
39,Antwerpseweg 195,2019-11-27,09:00:00,4,3,1,FMN GV 10 Beerse
39,Antwerpseweg 195,2019-11-27,10:00:00,6,6,0,FMN GV 10 Beerse
39,Antwerpseweg 195,2019-11-27,11:00:00,3,2,1,FMN GV 10 Beerse
39,Antwerpseweg 195,2019-11-27,12:00:00,24,20,4,FMN GV 10 Beerse
39,Antwerpseweg 195,2019-11-27,13:00:00,8,6,2,FMN GV 10 Beerse
39,Antwerpseweg 195,2019-11-27,14:00:00,5,3,2,FMN GV 10 Beerse
39,Antwerpseweg 195,2019-11-27,15:00:00,6,5,1,FMN GV 10 Beerse
39,Antwerpseweg 195,2019-11-27,16:00:00,12,7,5,FMN GV 10 Beerse
39,Antwerpseweg 195,2019-11-27,17:00:00,17,11,6,FMN GV 10 Beerse
39,Antwerpseweg 195,2019-11-27,18:00:00,7,4,3,FMN GV 10 Beerse
39,Antwerpseweg 195,2019-11-27,19:00:00,1,1,0,FMN GV 10 Beerse
39,Antwerpseweg 195,2019-11-27,20:00:00,1,0,1,FMN GV 10 Beerse
39,Antwerpseweg 195,2019-11-27,21:00:00,1,1,0,FMN GV 10 Beerse
39,Antwerpseweg 195,2019-11-27,22:00:00,0,0,0,FMN GV 10 Beerse
39,Antwerpseweg 195,2019-11-27,23:00:00,0,0,0,FMN GV 10 Beerse
39,Antwerpseweg 195,2019-11-28,00:00:00,0,0,0,FMN GV 10 Beerse
39,Antwerpseweg 195,2019-11-28,01:00:00,0,0,0,FMN GV 10 Beerse
39,Antwerpseweg 195,2019-11-28,02:00:00,0,0,0,FMN GV 10 Beerse
39,Antwerpseweg 195,2019-11-28,03:00:00,0,0,0,FMN GV 10 Beerse
39,Antwerpseweg 195,2019-11-28,04:00:00,1,1,0,FMN GV 10 Beerse
39,Antwerpseweg 195,2019-11-28,05:00:00,5,5,0,FMN GV 10 Beerse
39,Antwerpseweg 195,2019-11-28,06:00:00,7,7,0,FMN GV 10 Beerse
39,Antwerpseweg 195,2019-11-28,07:00:00,28,26,2,FMN GV 10 Beerse
39,Antwerpseweg 195,2019-11-28,08:00:00,17,15,2,FMN GV 10 Beerse
39,Antwerpseweg 195,2019-11-28,09:00:00,4,4,0,FMN GV 10 Beerse
39,Antwerpseweg 195,2019-11-28,10:00:00,4,2,2,FMN GV 10 Beerse
39,Antwerpseweg 195,2019-11-28,11:00:00,1,0,1,FMN GV 10 Beerse
39,Antwerpseweg 195,2019-11-28,12:00:00,6,5,1,FMN GV 10 Beerse
39,Antwerpseweg 195,2019-11-28,13:00:00,4,3,1,FMN GV 10 Beerse
39,Antwerpseweg 195,2019-11-28,14:00:00,4,4,0,FMN GV 10 Beerse
39,Antwerpseweg 195,2019-11-28,15:00:00,16,9,7,FMN GV 10 Beerse
39,Antwerpseweg 195,2019-11-28,16:00:00,16,13,3,FMN GV 10 Beerse
39,Antwerpseweg 195,2019-11-28,17:00:00,15,12,3,FMN GV 10 Beerse
39,Antwerpseweg 195,2019-11-28,18:00:00,5,4,1,FMN GV 10 Beerse
39,Antwerpseweg 195,2019-11-28,19:00:00,2,0,2,FMN GV 10 Beerse
39,Antwerpseweg 195,2019-11-28,20:00:00,3,1,2,FMN GV 10 Beerse
39,Antwerpseweg 195,2019-11-28,21:00:00,0,0,0,FMN GV 10 Beerse
39,Antwerpseweg 195,2019-11-28,22:00:00,1,1,0,FMN GV 10 Beerse
39,Antwerpseweg 195,2019-11-28,23:00:00,0,0,0,FMN GV 10 Beerse
39,Antwerpseweg 195,2019-11-29,00:00:00,0,0,0,FMN GV 10 Beerse
39,Antwerpseweg 195,2019-11-29,01:00:00,0,0,0,FMN GV 10 Beerse
39,Antwerpseweg 195,2019-11-29,02:00:00,0,0,0,FMN GV 10 Beerse
39,Antwerpseweg 195,2019-11-29,03:00:00,0,0,0,FMN GV 10 Beerse
39,Antwerpseweg 195,2019-11-29,04:00:00,2,2,0,FMN GV 10 Beerse
39,Antwerpseweg 195,2019-11-29,05:00:00,7,7,0,FMN GV 10 Beerse
39,Antwerpseweg 195,2019-11-29,06:00:00,5,5,0,FMN GV 10 Beerse
39,Antwerpseweg 195,2019-11-29,07:00:00,27,23,4,FMN GV 10 Beerse
39,Antwerpseweg 195,2019-11-29,08:00:00,16,11,5,FMN GV 10 Beerse
39,Antwerpseweg 195,2019-11-29,09:00:00,7,4,3,FMN GV 10 Beerse
39,Antwerpseweg 195,2019-11-29,10:00:00,8,8,0,FMN GV 10 Beerse
39,Antwerpseweg 195,2019-11-29,11:00:00,11,9,2,FMN GV 10 Beerse
39,Antwerpseweg 195,2019-11-29,12:00:00,6,4,2,FMN GV 10 Beerse
39,Antwerpseweg 195,2019-11-29,13:00:00,21,19,2,FMN GV 10 Beerse
39,Antwerpseweg 195,2019-11-29,14:00:00,11,10,1,FMN GV 10 Beerse
39,Antwerpseweg 195,2019-11-29,15:00:00,15,11,4,FMN GV 10 Beerse
39,Antwerpseweg 195,2019-11-29,16:00:00,23,18,5,FMN GV 10 Beerse
39,Antwerpseweg 195,2019-11-29,17:00:00,11,7,4,FMN GV 10 Beerse
39,Antwerpseweg 195,2019-11-29,18:00:00,9,7,2,FMN GV 10 Beerse
39,Antwerpseweg 195,2019-11-29,19:00:00,2,1,1,FMN GV 10 Beerse
39,Antwerpseweg 195,2019-11-29,20:00:00,6,3,3,FMN GV 10 Beerse
39,Antwerpseweg 195,2019-11-29,21:00:00,1,1,0,FMN GV 10 Beerse
39,Antwerpseweg 195,2019-11-29,22:00:00,3,2,1,FMN GV 10 Beerse
39,Antwerpseweg 195,2019-11-29,23:00:00,0,0,0,FMN GV 10 Beerse
39,Antwerpseweg 195,2019-11-30,00:00:00,0,0,0,FMN GV 10 Beerse
39,Antwerpseweg 195,2019-11-30,01:00:00,0,0,0,FMN GV 10 Beerse
39,Antwerpseweg 195,2019-11-30,02:00:00,1,1,0,FMN GV 10 Beerse
39,Antwerpseweg 195,2019-11-30,03:00:00,2,2,0,FMN GV 10 Beerse
39,Antwerpseweg 195,2019-11-30,04:00:00,0,0,0,FMN GV 10 Beerse
39,Antwerpseweg 195,2019-11-30,05:00:00,2,2,0,FMN GV 10 Beerse
39,Antwerpseweg 195,2019-11-30,06:00:00,0,0,0,FMN GV 10 Beerse
39,Antwerpseweg 195,2019-11-30,07:00:00,2,2,0,FMN GV 10 Beerse
39,Antwerpseweg 195,2019-11-30,08:00:00,1,1,0,FMN GV 10 Beerse
39,Antwerpseweg 195,2019-11-30,09:00:00,4,1,3,FMN GV 10 Beerse
39,Antwerpseweg 195,2019-11-30,10:00:00,11,5,6,FMN GV 10 Beerse
39,Antwerpseweg 195,2019-11-30,11:00:00,10,10,0,FMN GV 10 Beerse
39,Antwerpseweg 195,2019-11-30,12:00:00,9,6,3,FMN GV 10 Beerse
39,Antwerpseweg 195,2019-11-30,13:00:00,24,14,10,FMN GV 10 Beerse
39,Antwerpseweg 195,2019-11-30,14:00:00,10,5,5,FMN GV 10 Beerse
39,Antwerpseweg 195,2019-11-30,15:00:00,16,9,7,FMN GV 10 Beerse
39,Antwerpseweg 195,2019-11-30,16:00:00,10,7,3,FMN GV 10 Beerse
39,Antwerpseweg 195,2019-11-30,17:00:00,1,1,0,FMN GV 10 Beerse
39,Antwerpseweg 195,2019-11-30,18:00:00,1,1,0,FMN GV 10 Beerse
39,Antwerpseweg 195,2019-11-30,19:00:00,0,0,0,FMN GV 10 Beerse
39,Antwerpseweg 195,2019-11-30,20:00:00,2,2,0,FMN GV 10 Beerse
39,Antwerpseweg 195,2019-11-30,21:00:00,2,2,0,FMN GV 10 Beerse
39,Antwerpseweg 195,2019-11-30,22:00:00,0,0,0,FMN GV 10 Beerse
39,Antwerpseweg 195,2019-11-30,23:00:00,0,0,0,FMN GV 10 Beerse
39,Antwerpseweg 195,2019-12-01,00:00:00,1,1,0,FMN GV 10 Beerse
39,Antwerpseweg 195,2019-12-01,01:00:00,1,1,0,FMN GV 10 Beerse
39,Antwerpseweg 195,2019-12-01,02:00:00,0,0,0,FMN GV 10 Beerse
39,Antwerpseweg 195,2019-12-01,03:00:00,0,0,0,FMN GV 10 Beerse
39,Antwerpseweg 195,2019-12-01,04:00:00,0,0,0,FMN GV 10 Beerse
39,Antwerpseweg 195,2019-12-01,05:00:00,0,0,0,FMN GV 10 Beerse
39,Antwerpseweg 195,2019-12-01,06:00:00,0,0,0,FMN GV 10 Beerse
39,Antwerpseweg 195,2019-12-01,07:00:00,2,2,0,FMN GV 10 Beerse
39,Antwerpseweg 195,2019-12-01,08:00:00,1,1,0,FMN GV 10 Beerse
39,Antwerpseweg 195,2019-12-01,09:00:00,1,1,0,FMN GV 10 Beerse
39,Antwerpseweg 195,2019-12-01,10:00:00,12,7,5,FMN GV 10 Beerse
39,Antwerpseweg 195,2019-12-01,11:00:00,1,0,1,FMN GV 10 Beerse
39,Antwerpseweg 195,2019-12-01,12:00:00,5,5,0,FMN GV 10 Beerse
39,Antwerpseweg 195,2019-12-01,13:00:00,3,2,1,FMN GV 10 Beerse
39,Antwerpseweg 195,2019-12-01,14:00:00,6,4,2,FMN GV 10 Beerse
39,Antwerpseweg 195,2019-12-01,15:00:00,5,5,0,FMN GV 10 Beerse
39,Antwerpseweg 195,2019-12-01,16:00:00,3,1,2,FMN GV 10 Beerse
39,Antwerpseweg 195,2019-12-01,17:00:00,6,5,1,FMN GV 10 Beerse
39,Antwerpseweg 195,2019-12-01,18:00:00,1,1,0,FMN GV 10 Beerse
39,Antwerpseweg 195,2019-12-01,19:00:00,1,1,0,FMN GV 10 Beerse
39,Antwerpseweg 195,2019-12-01,20:00:00,3,3,0,FMN GV 10 Beerse
39,Antwerpseweg 195,2019-12-01,21:00:00,0,0,0,FMN GV 10 Beerse
39,Antwerpseweg 195,2019-12-01,22:00:00,0,0,0,FMN GV 10 Beerse
39,Antwerpseweg 195,2019-12-01,23:00:00,0,0,0,FMN GV 10 Beerse
39,Antwerpseweg 195,2019-12-02,00:00:00,0,0,0,FMN GV 10 Beerse
39,Antwerpseweg 195,2019-12-02,01:00:00,0,0,0,FMN GV 10 Beerse
39,Antwerpseweg 195,2019-12-02,02:00:00,0,0,0,FMN GV 10 Beerse
39,Antwerpseweg 195,2019-12-02,03:00:00,0,0,0,FMN GV 10 Beerse
39,Antwerpseweg 195,2019-12-02,04:00:00,0,0,0,FMN GV 10 Beerse
39,Antwerpseweg 195,2019-12-02,05:00:00,6,6,0,FMN GV 10 Beerse
39,Antwerpseweg 195,2019-12-02,06:00:00,5,5,0,FMN GV 10 Beerse
39,Antwerpseweg 195,2019-12-02,07:00:00,34,29,5,FMN GV 10 Beerse
39,Antwerpseweg 195,2019-12-02,08:00:00,15,14,1,FMN GV 10 Beerse
39,Antwerpseweg 195,2019-12-02,09:00:00,6,5,1,FMN GV 10 Beerse
39,Antwerpseweg 195,2019-12-02,10:00:00,6,3,3,FMN GV 10 Beerse
39,Antwerpseweg 195,2019-12-02,11:00:00,15,5,10,FMN GV 10 Beerse
39,Antwerpseweg 195,2019-12-02,12:00:00,8,5,3,FMN GV 10 Beerse
39,Antwerpseweg 195,2019-12-02,13:00:00,27,25,2,FMN GV 10 Beerse
39,Antwerpseweg 195,2019-12-02,14:00:00,8,7,1,FMN GV 10 Beerse
39,Antwerpseweg 195,2019-12-02,15:00:00,26,18,8,FMN GV 10 Beerse
39,Antwerpseweg 195,2019-12-02,16:00:00,25,14,11,FMN GV 10 Beerse
39,Antwerpseweg 195,2019-12-02,17:00:00,25,17,8,FMN GV 10 Beerse
39,Antwerpseweg 195,2019-12-02,18:00:00,5,4,1,FMN GV 10 Beerse
39,Antwerpseweg 195,2019-12-02,19:00:00,4,3,1,FMN GV 10 Beerse
39,Antwerpseweg 195,2019-12-02,20:00:00,1,1,0,FMN GV 10 Beerse
39,Antwerpseweg 195,2019-12-02,21:00:00,1,1,0,FMN GV 10 Beerse
39,Antwerpseweg 195,2019-12-02,22:00:00,5,3,2,FMN GV 10 Beerse
39,Antwerpseweg 195,2019-12-02,23:00:00,0,0,0,FMN GV 10 Beerse
39,Antwerpseweg 195,2019-12-03,00:00:00,0,0,0,FMN GV 10 Beerse
39,Antwerpseweg 195,2019-12-03,01:00:00,0,0,0,FMN GV 10 Beerse
39,Antwerpseweg 195,2019-12-03,02:00:00,0,0,0,FMN GV 10 Beerse
39,Antwerpseweg 195,2019-12-03,03:00:00,0,0,0,FMN GV 10 Beerse
39,Antwerpseweg 195,2019-12-03,04:00:00,0,0,0,FMN GV 10 Beerse
39,Antwerpseweg 195,2019-12-03,05:00:00,5,5,0,FMN GV 10 Beerse
39,Antwerpseweg 195,2019-12-03,06:00:00,9,8,1,FMN GV 10 Beerse
39,Antwerpseweg 195,2019-12-03,07:00:00,26,24,2,FMN GV 10 Beerse
39,Antwerpseweg 195,2019-12-03,08:00:00,15,14,1,FMN GV 10 Beerse
39,Antwerpseweg 195,2019-12-03,09:00:00,6,4,2,FMN GV 10 Beerse
39,Antwerpseweg 195,2019-12-03,10:00:00,6,5,1,FMN GV 10 Beerse
39,Antwerpseweg 195,2019-12-03,11:00:00,8,7,1,FMN GV 10 Beerse
39,Antwerpseweg 195,2019-12-03,12:00:00,8,6,2,FMN GV 10 Beerse
39,Antwerpseweg 195,2019-12-03,13:00:00,34,27,7,FMN GV 10 Beerse
39,Antwerpseweg 195,2019-12-03,14:00:00,13,8,5,FMN GV 10 Beerse
39,Antwerpseweg 195,2019-12-03,15:00:00,11,10,1,FMN GV 10 Beerse
39,Antwerpseweg 195,2019-12-03,16:00:00,31,24,7,FMN GV 10 Beerse
39,Antwerpseweg 195,2019-12-03,17:00:00,21,15,6,FMN GV 10 Beerse
39,Antwerpseweg 195,2019-12-03,18:00:00,6,4,2,FMN GV 10 Beerse
39,Antwerpseweg 195,2019-12-03,19:00:00,3,0,3,FMN GV 10 Beerse
39,Antwerpseweg 195,2019-12-03,20:00:00,5,4,1,FMN GV 10 Beerse
39,Antwerpseweg 195,2019-12-03,21:00:00,2,0,2,FMN GV 10 Beerse
39,Antwerpseweg 195,2019-12-03,22:00:00,6,6,0,FMN GV 10 Beerse
39,Antwerpseweg 195,2019-12-03,23:00:00,0,0,0,FMN GV 10 Beerse
39,Antwerpseweg 195,2019-12-04,00:00:00,0,0,0,FMN GV 10 Beerse
39,Antwerpseweg 195,2019-12-04,01:00:00,0,0,0,FMN GV 10 Beerse
39,Antwerpseweg 195,2019-12-04,02:00:00,0,0,0,FMN GV 10 Beerse
39,Antwerpseweg 195,2019-12-04,03:00:00,0,0,0,FMN GV 10 Beerse
39,Antwerpseweg 195,2019-12-04,04:00:00,0,0,0,FMN GV 10 Beerse
39,Antwerpseweg 195,2019-12-04,05:00:00,4,4,0,FMN GV 10 Beerse
39,Antwerpseweg 195,2019-12-04,06:00:00,5,4,1,FMN GV 10 Beerse
39,Antwerpseweg 195,2019-12-04,07:00:00,20,18,2,FMN GV 10 Beerse
39,Antwerpseweg 195,2019-12-04,08:00:00,12,12,0,FMN GV 10 Beerse
39,Antwerpseweg 195,2019-12-04,09:00:00,3,3,0,FMN GV 10 Beerse
39,Antwerpseweg 195,2019-12-04,10:00:00,8,6,2,FMN GV 10 Beerse
39,Antwerpseweg 195,2019-12-04,11:00:00,5,3,2,FMN GV 10 Beerse
39,Antwerpseweg 195,2019-12-04,12:00:00,19,14,5,FMN GV 10 Beerse
39,Antwerpseweg 195,2019-12-04,13:00:00,22,16,6,FMN GV 10 Beerse
39,Antwerpseweg 195,2019-12-04,14:00:00,6,6,0,FMN GV 10 Beerse
39,Antwerpseweg 195,2019-12-04,15:00:00,4,4,0,FMN GV 10 Beerse
39,Antwerpseweg 195,2019-12-04,16:00:00,20,12,8,FMN GV 10 Beerse
39,Antwerpseweg 195,2019-12-04,17:00:00,17,13,4,FMN GV 10 Beerse
39,Antwerpseweg 195,2019-12-04,18:00:00,9,5,4,FMN GV 10 Beerse
39,Antwerpseweg 195,2019-12-04,19:00:00,1,1,0,FMN GV 10 Beerse
39,Antwerpseweg 195,2019-12-04,20:00:00,0,0,0,FMN GV 10 Beerse
39,Antwerpseweg 195,2019-12-04,21:00:00,0,0,0,FMN GV 10 Beerse
39,Antwerpseweg 195,2019-12-04,22:00:00,2,2,0,FMN GV 10 Beerse
39,Antwerpseweg 195,2019-12-04,23:00:00,0,0,0,FMN GV 10 Beerse
39,Antwerpseweg 195,2019-12-05,00:00:00,0,0,0,FMN GV 10 Beerse
39,Antwerpseweg 195,2019-12-05,01:00:00,0,0,0,FMN GV 10 Beerse
39,Antwerpseweg 195,2019-12-05,02:00:00,0,0,0,FMN GV 10 Beerse
39,Antwerpseweg 195,2019-12-05,03:00:00,0,0,0,FMN GV 10 Beerse
39,Antwerpseweg 195,2019-12-05,04:00:00,1,1,0,FMN GV 10 Beerse
39,Antwerpseweg 195,2019-12-05,05:00:00,4,4,0,FMN GV 10 Beerse
39,Antwerpseweg 195,2019-12-05,06:00:00,7,7,0,FMN GV 10 Beerse
39,Antwerpseweg 195,2019-12-05,07:00:00,27,25,2,FMN GV 10 Beerse
39,Antwerpseweg 195,2019-12-05,08:00:00,12,12,0,FMN GV 10 Beerse
39,Antwerpseweg 195,2019-12-05,09:00:00,1,1,0,FMN GV 10 Beerse
39,Antwerpseweg 195,2019-12-05,10:00:00,13,12,1,FMN GV 10 Beerse
39,Antwerpseweg 195,2019-12-05,11:00:00,3,2,1,FMN GV 10 Beerse
39,Antwerpseweg 195,2019-12-05,12:00:00,8,6,2,FMN GV 10 Beerse
39,Antwerpseweg 195,2019-12-05,13:00:00,13,10,3,FMN GV 10 Beerse
39,Antwerpseweg 195,2019-12-05,14:00:00,9,7,2,FMN GV 10 Beerse
39,Antwerpseweg 195,2019-12-05,15:00:00,14,7,7,FMN GV 10 Beerse
39,Antwerpseweg 195,2019-12-05,16:00:00,19,13,6,FMN GV 10 Beerse
39,Antwerpseweg 195,2019-12-05,17:00:00,13,9,4,FMN GV 10 Beerse
39,Antwerpseweg 195,2019-12-05,18:00:00,7,3,4,FMN GV 10 Beerse
39,Antwerpseweg 195,2019-12-05,19:00:00,8,7,1,FMN GV 10 Beerse
39,Antwerpseweg 195,2019-12-05,20:00:00,1,1,0,FMN GV 10 Beerse
39,Antwerpseweg 195,2019-12-05,21:00:00,0,0,0,FMN GV 10 Beerse
39,Antwerpseweg 195,2019-12-05,22:00:00,3,2,1,FMN GV 10 Beerse
39,Antwerpseweg 195,2019-12-05,23:00:00,1,0,1,FMN GV 10 Beerse
39,Antwerpseweg 195,2019-12-06,00:00:00,0,0,0,FMN GV 10 Beerse
39,Antwerpseweg 195,2019-12-06,01:00:00,0,0,0,FMN GV 10 Beerse
39,Antwerpseweg 195,2019-12-06,02:00:00,0,0,0,FMN GV 10 Beerse
39,Antwerpseweg 195,2019-12-06,03:00:00,0,0,0,FMN GV 10 Beerse
39,Antwerpseweg 195,2019-12-06,04:00:00,1,1,0,FMN GV 10 Beerse
39,Antwerpseweg 195,2019-12-06,05:00:00,6,6,0,FMN GV 10 Beerse
39,Antwerpseweg 195,2019-12-06,06:00:00,5,5,0,FMN GV 10 Beerse
39,Antwerpseweg 195,2019-12-06,07:00:00,19,16,3,FMN GV 10 Beerse
39,Antwerpseweg 195,2019-12-06,08:00:00,7,7,0,FMN GV 10 Beerse
39,Antwerpseweg 195,2019-12-06,09:00:00,3,2,1,FMN GV 10 Beerse
39,Antwerpseweg 195,2019-12-06,10:00:00,4,4,0,FMN GV 10 Beerse
39,Antwerpseweg 195,2019-12-06,11:00:00,4,3,1,FMN GV 10 Beerse
39,Antwerpseweg 195,2019-12-06,12:00:00,6,4,2,FMN GV 10 Beerse
39,Antwerpseweg 195,2019-12-06,13:00:00,3,1,2,FMN GV 10 Beerse
39,Antwerpseweg 195,2019-12-06,14:00:00,2,2,0,FMN GV 10 Beerse
39,Antwerpseweg 195,2019-12-06,15:00:00,8,4,4,FMN GV 10 Beerse
39,Antwerpseweg 195,2019-12-06,16:00:00,7,5,2,FMN GV 10 Beerse
39,Antwerpseweg 195,2019-12-06,17:00:00,8,7,1,FMN GV 10 Beerse
39,Antwerpseweg 195,2019-12-06,18:00:00,4,1,3,FMN GV 10 Beerse
39,Antwerpseweg 195,2019-12-06,19:00:00,3,2,1,FMN GV 10 Beerse
39,Antwerpseweg 195,2019-12-06,20:00:00,2,2,0,FMN GV 10 Beerse
39,Antwerpseweg 195,2019-12-06,21:00:00,0,0,0,FMN GV 10 Beerse
39,Antwerpseweg 195,2019-12-06,22:00:00,2,2,0,FMN GV 10 Beerse
39,Antwerpseweg 195,2019-12-06,23:00:00,0,0,0,FMN GV 10 Beerse
39,Antwerpseweg 195,2019-12-07,00:00:00,1,0,1,FMN GV 10 Beerse
39,Antwerpseweg 195,2019-12-07,01:00:00,0,0,0,FMN GV 10 Beerse
39,Antwerpseweg 195,2019-12-07,02:00:00,0,0,0,FMN GV 10 Beerse
39,Antwerpseweg 195,2019-12-07,03:00:00,1,1,0,FMN GV 10 Beerse
39,Antwerpseweg 195,2019-12-07,04:00:00,0,0,0,FMN GV 10 Beerse
39,Antwerpseweg 195,2019-12-07,05:00:00,1,1,0,FMN GV 10 Beerse
39,Antwerpseweg 195,2019-12-07,06:00:00,0,0,0,FMN GV 10 Beerse
39,Antwerpseweg 195,2019-12-07,07:00:00,1,1,0,FMN GV 10 Beerse
39,Antwerpseweg 195,2019-12-07,08:00:00,2,1,1,FMN GV 10 Beerse
39,Antwerpseweg 195,2019-12-07,09:00:00,9,3,6,FMN GV 10 Beerse
39,Antwerpseweg 195,2019-12-07,10:00:00,8,6,2,FMN GV 10 Beerse
39,Antwerpseweg 195,2019-12-07,11:00:00,5,5,0,FMN GV 10 Beerse
39,Antwerpseweg 195,2019-12-07,12:00:00,5,5,0,FMN GV 10 Beerse
39,Antwerpseweg 195,2019-12-07,13:00:00,10,3,7,FMN GV 10 Beerse
39,Antwerpseweg 195,2019-12-07,14:00:00,14,8,6,FMN GV 10 Beerse
39,Antwerpseweg 195,2019-12-07,15:00:00,11,4,7,FMN GV 10 Beerse
39,Antwerpseweg 195,2019-12-07,16:00:00,8,5,3,FMN GV 10 Beerse
39,Antwerpseweg 195,2019-12-07,17:00:00,4,4,0,FMN GV 10 Beerse
39,Antwerpseweg 195,2019-12-07,18:00:00,4,3,1,FMN GV 10 Beerse
39,Antwerpseweg 195,2019-12-07,19:00:00,1,1,0,FMN GV 10 Beerse
39,Antwerpseweg 195,2019-12-07,20:00:00,2,1,1,FMN GV 10 Beerse
39,Antwerpseweg 195,2019-12-07,21:00:00,3,1,2,FMN GV 10 Beerse
39,Antwerpseweg 195,2019-12-07,22:00:00,1,1,0,FMN GV 10 Beerse
39,Antwerpseweg 195,2019-12-07,23:00:00,1,1,0,FMN GV 10 Beerse
39,Antwerpseweg 195,2019-12-08,00:00:00,0,0,0,FMN GV 10 Beerse
39,Antwerpseweg 195,2019-12-08,01:00:00,0,0,0,FMN GV 10 Beerse
39,Antwerpseweg 195,2019-12-08,02:00:00,0,0,0,FMN GV 10 Beerse
39,Antwerpseweg 195,2019-12-08,03:00:00,4,3,1,FMN GV 10 Beerse
39,Antwerpseweg 195,2019-12-08,04:00:00,0,0,0,FMN GV 10 Beerse
39,Antwerpseweg 195,2019-12-08,05:00:00,0,0,0,FMN GV 10 Beerse
39,Antwerpseweg 195,2019-12-08,06:00:00,0,0,0,FMN GV 10 Beerse
39,Antwerpseweg 195,2019-12-08,07:00:00,0,0,0,FMN GV 10 Beerse
39,Antwerpseweg 195,2019-12-08,08:00:00,0,0,0,FMN GV 10 Beerse
39,Antwerpseweg 195,2019-12-08,09:00:00,4,1,3,FMN GV 10 Beerse
39,Antwerpseweg 195,2019-12-08,10:00:00,2,1,1,FMN GV 10 Beerse
39,Antwerpseweg 195,2019-12-08,11:00:00,5,4,1,FMN GV 10 Beerse
39,Antwerpseweg 195,2019-12-08,12:00:00,3,2,1,FMN GV 10 Beerse
39,Antwerpseweg 195,2019-12-08,13:00:00,2,2,0,FMN GV 10 Beerse
39,Antwerpseweg 195,2019-12-08,14:00:00,4,3,1,FMN GV 10 Beerse
39,Antwerpseweg 195,2019-12-08,15:00:00,4,1,3,FMN GV 10 Beerse
39,Antwerpseweg 195,2019-12-08,16:00:00,3,1,2,FMN GV 10 Beerse
39,Antwerpseweg 195,2019-12-08,17:00:00,2,2,0,FMN GV 10 Beerse
39,Antwerpseweg 195,2019-12-08,18:00:00,0,0,0,FMN GV 10 Beerse
39,Antwerpseweg 195,2019-12-08,19:00:00,3,2,1,FMN GV 10 Beerse
39,Antwerpseweg 195,2019-12-08,20:00:00,0,0,0,FMN GV 10 Beerse
39,Antwerpseweg 195,2019-12-08,21:00:00,0,0,0,FMN GV 10 Beerse
39,Antwerpseweg 195,2019-12-08,22:00:00,1,1,0,FMN GV 10 Beerse
39,Antwerpseweg 195,2019-12-08,23:00:00,1,1,0,FMN GV 10 Beerse
39,Antwerpseweg 195,2019-12-09,00:00:00,0,0,0,FMN GV 10 Beerse
39,Antwerpseweg 195,2019-12-09,01:00:00,0,0,0,FMN GV 10 Beerse
39,Antwerpseweg 195,2019-12-09,02:00:00,0,0,0,FMN GV 10 Beerse
39,Antwerpseweg 195,2019-12-09,03:00:00,0,0,0,FMN GV 10 Beerse
39,Antwerpseweg 195,2019-12-09,04:00:00,1,1,0,FMN GV 10 Beerse
39,Antwerpseweg 195,2019-12-09,05:00:00,3,3,0,FMN GV 10 Beerse
39,Antwerpseweg 195,2019-12-09,06:00:00,5,5,0,FMN GV 10 Beerse
39,Antwerpseweg 195,2019-12-09,07:00:00,14,12,2,FMN GV 10 Beerse
39,Antwerpseweg 195,2019-12-09,08:00:00,13,13,0,FMN GV 10 Beerse
39,Antwerpseweg 195,2019-12-09,09:00:00,4,4,0,FMN GV 10 Beerse
39,Antwerpseweg 195,2019-12-09,10:00:00,3,2,1,FMN GV 10 Beerse
39,Antwerpseweg 195,2019-12-09,11:00:00,6,6,0,FMN GV 10 Beerse
39,Antwerpseweg 195,2019-12-09,12:00:00,6,4,2,FMN GV 10 Beerse
39,Antwerpseweg 195,2019-12-09,13:00:00,7,4,3,FMN GV 10 Beerse
39,Antwerpseweg 195,2019-12-09,14:00:00,6,6,0,FMN GV 10 Beerse
39,Antwerpseweg 195,2019-12-09,15:00:00,4,3,1,FMN GV 10 Beerse
39,Antwerpseweg 195,2019-12-09,16:00:00,15,9,6,FMN GV 10 Beerse
39,Antwerpseweg 195,2019-12-09,17:00:00,17,11,6,FMN GV 10 Beerse
39,Antwerpseweg 195,2019-12-09,18:00:00,3,2,1,FMN GV 10 Beerse
39,Antwerpseweg 195,2019-12-09,19:00:00,1,1,0,FMN GV 10 Beerse
39,Antwerpseweg 195,2019-12-09,20:00:00,3,2,1,FMN GV 10 Beerse
39,Antwerpseweg 195,2019-12-09,21:00:00,2,2,0,FMN GV 10 Beerse
39,Antwerpseweg 195,2019-12-09,22:00:00,3,3,0,FMN GV 10 Beerse
39,Antwerpseweg 195,2019-12-09,23:00:00,0,0,0,FMN GV 10 Beerse
39,Antwerpseweg 195,2019-12-10,00:00:00,1,1,0,FMN GV 10 Beerse
39,Antwerpseweg 195,2019-12-10,01:00:00,0,0,0,FMN GV 10 Beerse
39,Antwerpseweg 195,2019-12-10,02:00:00,0,0,0,FMN GV 10 Beerse
39,Antwerpseweg 195,2019-12-10,03:00:00,0,0,0,FMN GV 10 Beerse
39,Antwerpseweg 195,2019-12-10,04:00:00,2,2,0,FMN GV 10 Beerse
39,Antwerpseweg 195,2019-12-10,05:00:00,7,7,0,FMN GV 10 Beerse
39,Antwerpseweg 195,2019-12-10,06:00:00,9,8,1,FMN GV 10 Beerse
39,Antwerpseweg 195,2019-12-10,07:00:00,26,24,2,FMN GV 10 Beerse
39,Antwerpseweg 195,2019-12-10,08:00:00,13,12,1,FMN GV 10 Beerse
39,Antwerpseweg 195,2019-12-10,09:00:00,2,1,1,FMN GV 10 Beerse
39,Antwerpseweg 195,2019-12-10,10:00:00,8,8,0,FMN GV 10 Beerse
39,Antwerpseweg 195,2019-12-10,11:00:00,5,5,0,FMN GV 10 Beerse
39,Antwerpseweg 195,2019-12-10,12:00:00,11,8,3,FMN GV 10 Beerse
39,Antwerpseweg 195,2019-12-10,13:00:00,23,14,9,FMN GV 10 Beerse
39,Antwerpseweg 195,2019-12-10,14:00:00,14,11,3,FMN GV 10 Beerse
39,Antwerpseweg 195,2019-12-10,15:00:00,7,6,1,FMN GV 10 Beerse
39,Antwerpseweg 195,2019-12-10,16:00:00,22,15,7,FMN GV 10 Beerse
39,Antwerpseweg 195,2019-12-10,17:00:00,18,15,3,FMN GV 10 Beerse
39,Antwerpseweg 195,2019-12-10,18:00:00,3,3,0,FMN GV 10 Beerse
39,Antwerpseweg 195,2019-12-10,19:00:00,1,1,0,FMN GV 10 Beerse
39,Antwerpseweg 195,2019-12-10,20:00:00,3,2,1,FMN GV 10 Beerse
39,Antwerpseweg 195,2019-12-10,21:00:00,3,3,0,FMN GV 10 Beerse
39,Antwerpseweg 195,2019-12-10,22:00:00,6,4,2,FMN GV 10 Beerse
39,Antwerpseweg 195,2019-12-10,23:00:00,1,1,0,FMN GV 10 Beerse
39,Antwerpseweg 195,2019-12-11,00:00:00,1,1,0,FMN GV 10 Beerse
39,Antwerpseweg 195,2019-12-11,01:00:00,0,0,0,FMN GV 10 Beerse
39,Antwerpseweg 195,2019-12-11,02:00:00,0,0,0,FMN GV 10 Beerse
39,Antwerpseweg 195,2019-12-11,03:00:00,1,1,0,FMN GV 10 Beerse
39,Antwerpseweg 195,2019-12-11,04:00:00,1,1,0,FMN GV 10 Beerse
39,Antwerpseweg 195,2019-12-11,05:00:00,4,4,0,FMN GV 10 Beerse
39,Antwerpseweg 195,2019-12-11,06:00:00,4,3,1,FMN GV 10 Beerse
39,Antwerpseweg 195,2019-12-11,07:00:00,16,15,1,FMN GV 10 Beerse
39,Antwerpseweg 195,2019-12-11,08:00:00,10,9,1,FMN GV 10 Beerse
39,Antwerpseweg 195,2019-12-11,09:00:00,1,1,0,FMN GV 10 Beerse
39,Antwerpseweg 195,2019-12-11,10:00:00,6,5,1,FMN GV 10 Beerse
39,Antwerpseweg 195,2019-12-11,11:00:00,5,5,0,FMN GV 10 Beerse
39,Antwerpseweg 195,2019-12-11,12:00:00,12,8,4,FMN GV 10 Beerse
39,Antwerpseweg 195,2019-12-11,13:00:00,10,9,1,FMN GV 10 Beerse
39,Antwerpseweg 195,2019-12-11,14:00:00,13,12,1,FMN GV 10 Beerse
39,Antwerpseweg 195,2019-12-11,15:00:00,9,7,2,FMN GV 10 Beerse
39,Antwerpseweg 195,2019-12-11,16:00:00,25,5,20,FMN GV 10 Beerse
39,Antwerpseweg 195,2019-12-11,17:00:00,8,5,3,FMN GV 10 Beerse
39,Antwerpseweg 195,2019-12-11,18:00:00,5,5,0,FMN GV 10 Beerse
39,Antwerpseweg 195,2019-12-11,19:00:00,2,0,2,FMN GV 10 Beerse
39,Antwerpseweg 195,2019-12-11,20:00:00,3,3,0,FMN GV 10 Beerse
39,Antwerpseweg 195,2019-12-11,21:00:00,5,3,2,FMN GV 10 Beerse
39,Antwerpseweg 195,2019-12-11,22:00:00,1,1,0,FMN GV 10 Beerse
39,Antwerpseweg 195,2019-12-11,23:00:00,0,0,0,FMN GV 10 Beerse
39,Antwerpseweg 195,2019-12-12,00:00:00,0,0,0,FMN GV 10 Beerse
39,Antwerpseweg 195,2019-12-12,01:00:00,0,0,0,FMN GV 10 Beerse
39,Antwerpseweg 195,2019-12-12,02:00:00,0,0,0,FMN GV 10 Beerse
39,Antwerpseweg 195,2019-12-12,03:00:00,0,0,0,FMN GV 10 Beerse
39,Antwerpseweg 195,2019-12-12,04:00:00,2,2,0,FMN GV 10 Beerse
39,Antwerpseweg 195,2019-12-12,05:00:00,6,6,0,FMN GV 10 Beerse
39,Antwerpseweg 195,2019-12-12,06:00:00,8,7,1,FMN GV 10 Beerse
39,Antwerpseweg 195,2019-12-12,07:00:00,31,30,1,FMN GV 10 Beerse
39,Antwerpseweg 195,2019-12-12,08:00:00,18,13,5,FMN GV 10 Beerse
39,Antwerpseweg 195,2019-12-12,09:00:00,3,2,1,FMN GV 10 Beerse
39,Antwerpseweg 195,2019-12-12,10:00:00,7,7,0,FMN GV 10 Beerse
39,Antwerpseweg 195,2019-12-12,11:00:00,5,2,3,FMN GV 10 Beerse
39,Antwerpseweg 195,2019-12-12,12:00:00,6,5,1,FMN GV 10 Beerse
39,Antwerpseweg 195,2019-12-12,13:00:00,18,12,6,FMN GV 10 Beerse
39,Antwerpseweg 195,2019-12-12,14:00:00,7,7,0,FMN GV 10 Beerse
39,Antwerpseweg 195,2019-12-12,15:00:00,28,19,9,FMN GV 10 Beerse
39,Antwerpseweg 195,2019-12-12,16:00:00,24,14,10,FMN GV 10 Beerse
39,Antwerpseweg 195,2019-12-12,17:00:00,16,13,3,FMN GV 10 Beerse
39,Antwerpseweg 195,2019-12-12,18:00:00,7,3,4,FMN GV 10 Beerse
39,Antwerpseweg 195,2019-12-12,19:00:00,2,1,1,FMN GV 10 Beerse
39,Antwerpseweg 195,2019-12-12,20:00:00,1,0,1,FMN GV 10 Beerse
39,Antwerpseweg 195,2019-12-12,21:00:00,3,1,2,FMN GV 10 Beerse
39,Antwerpseweg 195,2019-12-12,22:00:00,3,3,0,FMN GV 10 Beerse
39,Antwerpseweg 195,2019-12-12,23:00:00,0,0,0,FMN GV 10 Beerse
39,Antwerpseweg 195,2019-12-13,00:00:00,0,0,0,FMN GV 10 Beerse
39,Antwerpseweg 195,2019-12-13,01:00:00,0,0,0,FMN GV 10 Beerse
39,Antwerpseweg 195,2019-12-13,02:00:00,0,0,0,FMN GV 10 Beerse
39,Antwerpseweg 195,2019-12-13,03:00:00,0,0,0,FMN GV 10 Beerse
39,Antwerpseweg 195,2019-12-13,04:00:00,1,1,0,FMN GV 10 Beerse
39,Antwerpseweg 195,2019-12-13,05:00:00,2,2,0,FMN GV 10 Beerse
39,Antwerpseweg 195,2019-12-13,06:00:00,2,2,0,FMN GV 10 Beerse
39,Antwerpseweg 195,2019-12-13,07:00:00,10,8,2,FMN GV 10 Beerse
39,Antwerpseweg 195,2019-12-13,08:00:00,8,8,0,FMN GV 10 Beerse
39,Antwerpseweg 195,2019-12-13,09:00:00,3,2,1,FMN GV 10 Beerse
39,Antwerpseweg 195,2019-12-13,10:00:00,3,3,0,FMN GV 10 Beerse
39,Antwerpseweg 195,2019-12-13,11:00:00,6,5,1,FMN GV 10 Beerse
39,Antwerpseweg 195,2019-12-13,12:00:00,5,4,1,FMN GV 10 Beerse
39,Antwerpseweg 195,2019-12-13,13:00:00,5,3,2,FMN GV 10 Beerse
39,Antwerpseweg 195,2019-12-13,14:00:00,5,3,2,FMN GV 10 Beerse
39,Antwerpseweg 195,2019-12-13,15:00:00,5,3,2,FMN GV 10 Beerse
39,Antwerpseweg 195,2019-12-13,16:00:00,10,5,5,FMN GV 10 Beerse
39,Antwerpseweg 195,2019-12-13,17:00:00,4,3,1,FMN GV 10 Beerse
39,Antwerpseweg 195,2019-12-13,18:00:00,4,2,2,FMN GV 10 Beerse
39,Antwerpseweg 195,2019-12-13,19:00:00,0,0,0,FMN GV 10 Beerse
39,Antwerpseweg 195,2019-12-13,20:00:00,1,1,0,FMN GV 10 Beerse
39,Antwerpseweg 195,2019-12-13,21:00:00,1,1,0,FMN GV 10 Beerse
39,Antwerpseweg 195,2019-12-13,22:00:00,2,2,0,FMN GV 10 Beerse
39,Antwerpseweg 195,2019-12-13,23:00:00,2,1,1,FMN GV 10 Beerse
39,Antwerpseweg 195,2019-12-14,00:00:00,0,0,0,FMN GV 10 Beerse
39,Antwerpseweg 195,2019-12-14,01:00:00,0,0,0,FMN GV 10 Beerse
39,Antwerpseweg 195,2019-12-14,02:00:00,1,1,0,FMN GV 10 Beerse
39,Antwerpseweg 195,2019-12-14,03:00:00,0,0,0,FMN GV 10 Beerse
39,Antwerpseweg 195,2019-12-14,04:00:00,0,0,0,FMN GV 10 Beerse
39,Antwerpseweg 195,2019-12-14,05:00:00,0,0,0,FMN GV 10 Beerse
39,Antwerpseweg 195,2019-12-14,06:00:00,2,2,0,FMN GV 10 Beerse
39,Antwerpseweg 195,2019-12-14,07:00:00,2,2,0,FMN GV 10 Beerse
39,Antwerpseweg 195,2019-12-14,08:00:00,3,3,0,FMN GV 10 Beerse
39,Antwerpseweg 195,2019-12-14,09:00:00,1,1,0,FMN GV 10 Beerse
39,Antwerpseweg 195,2019-12-14,10:00:00,4,3,1,FMN GV 10 Beerse
39,Antwerpseweg 195,2019-12-14,11:00:00,2,1,1,FMN GV 10 Beerse
39,Antwerpseweg 195,2019-12-14,12:00:00,2,2,0,FMN GV 10 Beerse
39,Antwerpseweg 195,2019-12-14,13:00:00,2,1,1,FMN GV 10 Beerse
39,Antwerpseweg 195,2019-12-14,14:00:00,6,6,0,FMN GV 10 Beerse
39,Antwerpseweg 195,2019-12-14,15:00:00,2,2,0,FMN GV 10 Beerse
39,Antwerpseweg 195,2019-12-14,16:00:00,3,1,2,FMN GV 10 Beerse
39,Antwerpseweg 195,2019-12-14,17:00:00,1,1,0,FMN GV 10 Beerse
39,Antwerpseweg 195,2019-12-14,18:00:00,3,2,1,FMN GV 10 Beerse
39,Antwerpseweg 195,2019-12-14,19:00:00,0,0,0,FMN GV 10 Beerse
39,Antwerpseweg 195,2019-12-14,20:00:00,0,0,0,FMN GV 10 Beerse
39,Antwerpseweg 195,2019-12-14,21:00:00,0,0,0,FMN GV 10 Beerse
39,Antwerpseweg 195,2019-12-14,22:00:00,0,0,0,FMN GV 10 Beerse
39,Antwerpseweg 195,2019-12-14,23:00:00,1,1,0,FMN GV 10 Beerse
39,Antwerpseweg 195,2019-12-15,00:00:00,0,0,0,FMN GV 10 Beerse
39,Antwerpseweg 195,2019-12-15,01:00:00,0,0,0,FMN GV 10 Beerse
39,Antwerpseweg 195,2019-12-15,02:00:00,1,1,0,FMN GV 10 Beerse
39,Antwerpseweg 195,2019-12-15,03:00:00,0,0,0,FMN GV 10 Beerse
39,Antwerpseweg 195,2019-12-15,04:00:00,0,0,0,FMN GV 10 Beerse
39,Antwerpseweg 195,2019-12-15,05:00:00,0,0,0,FMN GV 10 Beerse
39,Antwerpseweg 195,2019-12-15,06:00:00,0,0,0,FMN GV 10 Beerse
39,Antwerpseweg 195,2019-12-15,07:00:00,2,2,0,FMN GV 10 Beerse
39,Antwerpseweg 195,2019-12-15,08:00:00,0,0,0,FMN GV 10 Beerse
39,Antwerpseweg 195,2019-12-15,09:00:00,8,4,4,FMN GV 10 Beerse
39,Antwerpseweg 195,2019-12-15,10:00:00,14,7,7,FMN GV 10 Beerse
39,Antwerpseweg 195,2019-12-15,11:00:00,19,11,8,FMN GV 10 Beerse
39,Antwerpseweg 195,2019-12-15,12:00:00,12,9,3,FMN GV 10 Beerse
39,Antwerpseweg 195,2019-12-15,13:00:00,8,4,4,FMN GV 10 Beerse
39,Antwerpseweg 195,2019-12-15,14:00:00,7,4,3,FMN GV 10 Beerse
39,Antwerpseweg 195,2019-12-15,15:00:00,7,3,4,FMN GV 10 Beerse
39,Antwerpseweg 195,2019-12-15,16:00:00,4,4,0,FMN GV 10 Beerse
39,Antwerpseweg 195,2019-12-15,17:00:00,5,2,3,FMN GV 10 Beerse
39,Antwerpseweg 195,2019-12-15,18:00:00,3,3,0,FMN GV 10 Beerse
39,Antwerpseweg 195,2019-12-15,19:00:00,2,2,0,FMN GV 10 Beerse
39,Antwerpseweg 195,2019-12-15,20:00:00,0,0,0,FMN GV 10 Beerse
39,Antwerpseweg 195,2019-12-15,21:00:00,0,0,0,FMN GV 10 Beerse
39,Antwerpseweg 195,2019-12-15,22:00:00,1,1,0,FMN GV 10 Beerse
39,Antwerpseweg 195,2019-12-15,23:00:00,0,0,0,FMN GV 10 Beerse
39,Antwerpseweg 195,2019-12-16,00:00:00,0,0,0,FMN GV 10 Beerse
39,Antwerpseweg 195,2019-12-16,01:00:00,0,0,0,FMN GV 10 Beerse
39,Antwerpseweg 195,2019-12-16,02:00:00,0,0,0,FMN GV 10 Beerse
39,Antwerpseweg 195,2019-12-16,03:00:00,0,0,0,FMN GV 10 Beerse
39,Antwerpseweg 195,2019-12-16,04:00:00,0,0,0,FMN GV 10 Beerse
39,Antwerpseweg 195,2019-12-16,05:00:00,8,8,0,FMN GV 10 Beerse
39,Antwerpseweg 195,2019-12-16,06:00:00,7,7,0,FMN GV 10 Beerse
39,Antwerpseweg 195,2019-12-16,07:00:00,30,27,3,FMN GV 10 Beerse
39,Antwerpseweg 195,2019-12-16,08:00:00,12,12,0,FMN GV 10 Beerse
39,Antwerpseweg 195,2019-12-16,09:00:00,9,8,1,FMN GV 10 Beerse
39,Antwerpseweg 195,2019-12-16,10:00:00,9,8,1,FMN GV 10 Beerse
39,Antwerpseweg 195,2019-12-16,11:00:00,7,7,0,FMN GV 10 Beerse
39,Antwerpseweg 195,2019-12-16,12:00:00,17,11,6,FMN GV 10 Beerse
39,Antwerpseweg 195,2019-12-16,13:00:00,9,7,2,FMN GV 10 Beerse
39,Antwerpseweg 195,2019-12-16,14:00:00,8,4,4,FMN GV 10 Beerse
39,Antwerpseweg 195,2019-12-16,15:00:00,13,9,4,FMN GV 10 Beerse
39,Antwerpseweg 195,2019-12-16,16:00:00,16,10,6,FMN GV 10 Beerse
39,Antwerpseweg 195,2019-12-16,17:00:00,20,15,5,FMN GV 10 Beerse
39,Antwerpseweg 195,2019-12-16,18:00:00,4,1,3,FMN GV 10 Beerse
39,Antwerpseweg 195,2019-12-16,19:00:00,3,2,1,FMN GV 10 Beerse
39,Antwerpseweg 195,2019-12-16,20:00:00,3,1,2,FMN GV 10 Beerse
39,Antwerpseweg 195,2019-12-16,21:00:00,2,2,0,FMN GV 10 Beerse
39,Antwerpseweg 195,2019-12-16,22:00:00,4,4,0,FMN GV 10 Beerse
39,Antwerpseweg 195,2019-12-16,23:00:00,2,2,0,FMN GV 10 Beerse
39,Antwerpseweg 195,2019-12-17,00:00:00,0,0,0,FMN GV 10 Beerse
39,Antwerpseweg 195,2019-12-17,01:00:00,0,0,0,FMN GV 10 Beerse
39,Antwerpseweg 195,2019-12-17,02:00:00,0,0,0,FMN GV 10 Beerse
39,Antwerpseweg 195,2019-12-17,03:00:00,0,0,0,FMN GV 10 Beerse
39,Antwerpseweg 195,2019-12-17,04:00:00,2,2,0,FMN GV 10 Beerse
39,Antwerpseweg 195,2019-12-17,05:00:00,5,5,0,FMN GV 10 Beerse
39,Antwerpseweg 195,2019-12-17,06:00:00,9,9,0,FMN GV 10 Beerse
39,Antwerpseweg 195,2019-12-17,07:00:00,23,22,1,FMN GV 10 Beerse
39,Antwerpseweg 195,2019-12-17,08:00:00,20,18,2,FMN GV 10 Beerse
39,Antwerpseweg 195,2019-12-17,09:00:00,11,7,4,FMN GV 10 Beerse
39,Antwerpseweg 195,2019-12-17,10:00:00,15,14,1,FMN GV 10 Beerse
39,Antwerpseweg 195,2019-12-17,11:00:00,9,8,1,FMN GV 10 Beerse
39,Antwerpseweg 195,2019-12-17,12:00:00,11,9,2,FMN GV 10 Beerse
39,Antwerpseweg 195,2019-12-17,13:00:00,34,29,5,FMN GV 10 Beerse
39,Antwerpseweg 195,2019-12-17,14:00:00,32,21,11,FMN GV 10 Beerse
39,Antwerpseweg 195,2019-12-17,15:00:00,23,15,8,FMN GV 10 Beerse
39,Antwerpseweg 195,2019-12-17,16:00:00,35,24,11,FMN GV 10 Beerse
39,Antwerpseweg 195,2019-12-17,17:00:00,23,14,9,FMN GV 10 Beerse
39,Antwerpseweg 195,2019-12-17,18:00:00,9,7,2,FMN GV 10 Beerse
39,Antwerpseweg 195,2019-12-17,19:00:00,4,2,2,FMN GV 10 Beerse
39,Antwerpseweg 195,2019-12-17,20:00:00,1,1,0,FMN GV 10 Beerse
39,Antwerpseweg 195,2019-12-17,21:00:00,2,2,0,FMN GV 10 Beerse
39,Antwerpseweg 195,2019-12-17,22:00:00,4,4,0,FMN GV 10 Beerse
39,Antwerpseweg 195,2019-12-17,23:00:00,3,3,0,FMN GV 10 Beerse
39,Antwerpseweg 195,2019-12-18,00:00:00,1,0,1,FMN GV 10 Beerse
39,Antwerpseweg 195,2019-12-18,01:00:00,0,0,0,FMN GV 10 Beerse
39,Antwerpseweg 195,2019-12-18,02:00:00,0,0,0,FMN GV 10 Beerse
39,Antwerpseweg 195,2019-12-18,03:00:00,1,1,0,FMN GV 10 Beerse
39,Antwerpseweg 195,2019-12-18,04:00:00,1,1,0,FMN GV 10 Beerse
39,Antwerpseweg 195,2019-12-18,05:00:00,5,5,0,FMN GV 10 Beerse
39,Antwerpseweg 195,2019-12-18,06:00:00,5,4,1,FMN GV 10 Beerse
39,Antwerpseweg 195,2019-12-18,07:00:00,25,23,2,FMN GV 10 Beerse
39,Antwerpseweg 195,2019-12-18,08:00:00,20,18,2,FMN GV 10 Beerse
39,Antwerpseweg 195,2019-12-18,09:00:00,5,3,2,FMN GV 10 Beerse
39,Antwerpseweg 195,2019-12-18,10:00:00,5,5,0,FMN GV 10 Beerse
39,Antwerpseweg 195,2019-12-18,11:00:00,16,10,6,FMN GV 10 Beerse
39,Antwerpseweg 195,2019-12-18,12:00:00,16,10,6,FMN GV 10 Beerse
39,Antwerpseweg 195,2019-12-18,13:00:00,23,14,9,FMN GV 10 Beerse
39,Antwerpseweg 195,2019-12-18,14:00:00,9,7,2,FMN GV 10 Beerse
39,Antwerpseweg 195,2019-12-18,15:00:00,9,7,2,FMN GV 10 Beerse
39,Antwerpseweg 195,2019-12-18,16:00:00,23,16,7,FMN GV 10 Beerse
39,Antwerpseweg 195,2019-12-18,17:00:00,10,6,4,FMN GV 10 Beerse
39,Antwerpseweg 195,2019-12-18,18:00:00,11,10,1,FMN GV 10 Beerse
39,Antwerpseweg 195,2019-12-18,19:00:00,4,1,3,FMN GV 10 Beerse
39,Antwerpseweg 195,2019-12-18,20:00:00,3,3,0,FMN GV 10 Beerse
39,Antwerpseweg 195,2019-12-18,21:00:00,2,2,0,FMN GV 10 Beerse
39,Antwerpseweg 195,2019-12-18,22:00:00,4,4,0,FMN GV 10 Beerse
39,Antwerpseweg 195,2019-12-18,23:00:00,0,0,0,FMN GV 10 Beerse
39,Antwerpseweg 195,2019-12-19,00:00:00,1,0,1,FMN GV 10 Beerse
39,Antwerpseweg 195,2019-12-19,01:00:00,0,0,0,FMN GV 10 Beerse
39,Antwerpseweg 195,2019-12-19,02:00:00,0,0,0,FMN GV 10 Beerse
39,Antwerpseweg 195,2019-12-19,03:00:00,0,0,0,FMN GV 10 Beerse
39,Antwerpseweg 195,2019-12-19,04:00:00,1,1,0,FMN GV 10 Beerse
39,Antwerpseweg 195,2019-12-19,05:00:00,5,5,0,FMN GV 10 Beerse
39,Antwerpseweg 195,2019-12-19,06:00:00,8,7,1,FMN GV 10 Beerse
39,Antwerpseweg 195,2019-12-19,07:00:00,25,21,4,FMN GV 10 Beerse
39,Antwerpseweg 195,2019-12-19,08:00:00,17,15,2,FMN GV 10 Beerse
39,Antwerpseweg 195,2019-12-19,09:00:00,10,6,4,FMN GV 10 Beerse
39,Antwerpseweg 195,2019-12-19,10:00:00,12,9,3,FMN GV 10 Beerse
39,Antwerpseweg 195,2019-12-19,11:00:00,8,5,3,FMN GV 10 Beerse
39,Antwerpseweg 195,2019-12-19,12:00:00,19,10,9,FMN GV 10 Beerse
39,Antwerpseweg 195,2019-12-19,13:00:00,24,18,6,FMN GV 10 Beerse
39,Antwerpseweg 195,2019-12-19,14:00:00,12,11,1,FMN GV 10 Beerse
39,Antwerpseweg 195,2019-12-19,15:00:00,27,15,12,FMN GV 10 Beerse
39,Antwerpseweg 195,2019-12-19,16:00:00,20,13,7,FMN GV 10 Beerse
39,Antwerpseweg 195,2019-12-19,17:00:00,19,11,8,FMN GV 10 Beerse
39,Antwerpseweg 195,2019-12-19,18:00:00,6,5,1,FMN GV 10 Beerse
39,Antwerpseweg 195,2019-12-19,19:00:00,8,6,2,FMN GV 10 Beerse
39,Antwerpseweg 195,2019-12-19,20:00:00,2,2,0,FMN GV 10 Beerse
39,Antwerpseweg 195,2019-12-19,21:00:00,3,3,0,FMN GV 10 Beerse
39,Antwerpseweg 195,2019-12-19,22:00:00,6,4,2,FMN GV 10 Beerse
39,Antwerpseweg 195,2019-12-19,23:00:00,1,1,0,FMN GV 10 Beerse
39,Antwerpseweg 195,2019-12-20,00:00:00,0,0,0,FMN GV 10 Beerse
39,Antwerpseweg 195,2019-12-20,01:00:00,1,1,0,FMN GV 10 Beerse
39,Antwerpseweg 195,2019-12-20,02:00:00,0,0,0,FMN GV 10 Beerse
39,Antwerpseweg 195,2019-12-20,03:00:00,0,0,0,FMN GV 10 Beerse
39,Antwerpseweg 195,2019-12-20,04:00:00,2,2,0,FMN GV 10 Beerse
39,Antwerpseweg 195,2019-12-20,05:00:00,4,4,0,FMN GV 10 Beerse
39,Antwerpseweg 195,2019-12-20,06:00:00,7,7,0,FMN GV 10 Beerse
39,Antwerpseweg 195,2019-12-20,07:00:00,14,13,1,FMN GV 10 Beerse
39,Antwerpseweg 195,2019-12-20,08:00:00,8,7,1,FMN GV 10 Beerse
39,Antwerpseweg 195,2019-12-20,09:00:00,5,4,1,FMN GV 10 Beerse
39,Antwerpseweg 195,2019-12-20,10:00:00,2,2,0,FMN GV 10 Beerse
39,Antwerpseweg 195,2019-12-20,11:00:00,4,3,1,FMN GV 10 Beerse
39,Antwerpseweg 195,2019-12-20,12:00:00,13,10,3,FMN GV 10 Beerse
39,Antwerpseweg 195,2019-12-20,13:00:00,9,7,2,FMN GV 10 Beerse
39,Antwerpseweg 195,2019-12-20,14:00:00,4,4,0,FMN GV 10 Beerse
39,Antwerpseweg 195,2019-12-20,15:00:00,12,4,8,FMN GV 10 Beerse
39,Antwerpseweg 195,2019-12-20,16:00:00,9,7,2,FMN GV 10 Beerse
39,Antwerpseweg 195,2019-12-20,17:00:00,12,11,1,FMN GV 10 Beerse
39,Antwerpseweg 195,2019-12-20,18:00:00,1,0,1,FMN GV 10 Beerse
39,Antwerpseweg 195,2019-12-20,19:00:00,5,4,1,FMN GV 10 Beerse
39,Antwerpseweg 195,2019-12-20,20:00:00,1,1,0,FMN GV 10 Beerse
39,Antwerpseweg 195,2019-12-20,21:00:00,2,1,1,FMN GV 10 Beerse
39,Antwerpseweg 195,2019-12-20,22:00:00,3,3,0,FMN GV 10 Beerse
39,Antwerpseweg 195,2019-12-20,23:00:00,5,3,2,FMN GV 10 Beerse
39,Antwerpseweg 195,2019-12-21,00:00:00,1,1,0,FMN GV 10 Beerse
39,Antwerpseweg 195,2019-12-21,01:00:00,0,0,0,FMN GV 10 Beerse
39,Antwerpseweg 195,2019-12-21,02:00:00,0,0,0,FMN GV 10 Beerse
39,Antwerpseweg 195,2019-12-21,03:00:00,2,1,1,FMN GV 10 Beerse
39,Antwerpseweg 195,2019-12-21,04:00:00,1,1,0,FMN GV 10 Beerse
39,Antwerpseweg 195,2019-12-21,05:00:00,0,0,0,FMN GV 10 Beerse
39,Antwerpseweg 195,2019-12-21,06:00:00,0,0,0,FMN GV 10 Beerse
39,Antwerpseweg 195,2019-12-21,07:00:00,2,2,0,FMN GV 10 Beerse
39,Antwerpseweg 195,2019-12-21,08:00:00,9,4,5,FMN GV 10 Beerse
39,Antwerpseweg 195,2019-12-21,09:00:00,7,4,3,FMN GV 10 Beerse
39,Antwerpseweg 195,2019-12-21,10:00:00,9,4,5,FMN GV 10 Beerse
39,Antwerpseweg 195,2019-12-21,11:00:00,12,9,3,FMN GV 10 Beerse
39,Antwerpseweg 195,2019-12-21,12:00:00,10,9,1,FMN GV 10 Beerse
39,Antwerpseweg 195,2019-12-21,13:00:00,8,6,2,FMN GV 10 Beerse
39,Antwerpseweg 195,2019-12-21,14:00:00,8,5,3,FMN GV 10 Beerse
39,Antwerpseweg 195,2019-12-21,15:00:00,6,5,1,FMN GV 10 Beerse
39,Antwerpseweg 195,2019-12-21,16:00:00,6,2,4,FMN GV 10 Beerse
39,Antwerpseweg 195,2019-12-21,17:00:00,7,6,1,FMN GV 10 Beerse
39,Antwerpseweg 195,2019-12-21,18:00:00,3,3,0,FMN GV 10 Beerse
39,Antwerpseweg 195,2019-12-21,19:00:00,2,1,1,FMN GV 10 Beerse
39,Antwerpseweg 195,2019-12-21,20:00:00,5,1,4,FMN GV 10 Beerse
39,Antwerpseweg 195,2019-12-21,21:00:00,2,0,2,FMN GV 10 Beerse
39,Antwerpseweg 195,2019-12-21,22:00:00,0,0,0,FMN GV 10 Beerse
39,Antwerpseweg 195,2019-12-21,23:00:00,4,4,0,FMN GV 10 Beerse
39,Antwerpseweg 195,2019-12-22,00:00:00,2,2,0,FMN GV 10 Beerse
39,Antwerpseweg 195,2019-12-22,01:00:00,3,2,1,FMN GV 10 Beerse
39,Antwerpseweg 195,2019-12-22,02:00:00,6,6,0,FMN GV 10 Beerse
39,Antwerpseweg 195,2019-12-22,03:00:00,0,0,0,FMN GV 10 Beerse
39,Antwerpseweg 195,2019-12-22,04:00:00,3,3,0,FMN GV 10 Beerse
39,Antwerpseweg 195,2019-12-22,05:00:00,2,2,0,FMN GV 10 Beerse
39,Antwerpseweg 195,2019-12-22,06:00:00,1,1,0,FMN GV 10 Beerse
39,Antwerpseweg 195,2019-12-22,07:00:00,1,1,0,FMN GV 10 Beerse
39,Antwerpseweg 195,2019-12-22,08:00:00,0,0,0,FMN GV 10 Beerse
39,Antwerpseweg 195,2019-12-22,09:00:00,0,0,0,FMN GV 10 Beerse
39,Antwerpseweg 195,2019-12-22,10:00:00,3,3,0,FMN GV 10 Beerse
39,Antwerpseweg 195,2019-12-22,11:00:00,3,0,3,FMN GV 10 Beerse
39,Antwerpseweg 195,2019-12-22,12:00:00,7,5,2,FMN GV 10 Beerse
39,Antwerpseweg 195,2019-12-22,13:00:00,6,3,3,FMN GV 10 Beerse
39,Antwerpseweg 195,2019-12-22,14:00:00,2,0,2,FMN GV 10 Beerse
39,Antwerpseweg 195,2019-12-22,15:00:00,0,0,0,FMN GV 10 Beerse
39,Antwerpseweg 195,2019-12-22,16:00:00,0,0,0,FMN GV 10 Beerse
39,Antwerpseweg 195,2019-12-22,17:00:00,0,0,0,FMN GV 10 Beerse
39,Antwerpseweg 195,2019-12-22,18:00:00,1,0,1,FMN GV 10 Beerse
39,Antwerpseweg 195,2019-12-22,19:00:00,1,1,0,FMN GV 10 Beerse
39,Antwerpseweg 195,2019-12-22,20:00:00,0,0,0,FMN GV 10 Beerse
39,Antwerpseweg 195,2019-12-22,21:00:00,0,0,0,FMN GV 10 Beerse
39,Antwerpseweg 195,2019-12-22,22:00:00,0,0,0,FMN GV 10 Beerse
39,Antwerpseweg 195,2019-12-22,23:00:00,0,0,0,FMN GV 10 Beerse
39,Antwerpseweg 195,2019-12-23,00:00:00,0,0,0,FMN GV 10 Beerse
39,Antwerpseweg 195,2019-12-23,01:00:00,0,0,0,FMN GV 10 Beerse
39,Antwerpseweg 195,2019-12-23,02:00:00,0,0,0,FMN GV 10 Beerse
39,Antwerpseweg 195,2019-12-23,03:00:00,0,0,0,FMN GV 10 Beerse
39,Antwerpseweg 195,2019-12-23,04:00:00,1,1,0,FMN GV 10 Beerse
39,Antwerpseweg 195,2019-12-23,05:00:00,5,5,0,FMN GV 10 Beerse
39,Antwerpseweg 195,2019-12-23,06:00:00,3,2,1,FMN GV 10 Beerse
39,Antwerpseweg 195,2019-12-23,07:00:00,8,8,0,FMN GV 10 Beerse
39,Antwerpseweg 195,2019-12-23,08:00:00,15,13,2,FMN GV 10 Beerse
39,Antwerpseweg 195,2019-12-23,09:00:00,5,4,1,FMN GV 10 Beerse
39,Antwerpseweg 195,2019-12-23,10:00:00,12,6,6,FMN GV 10 Beerse
39,Antwerpseweg 195,2019-12-23,11:00:00,1,1,0,FMN GV 10 Beerse
39,Antwerpseweg 195,2019-12-23,12:00:00,2,2,0,FMN GV 10 Beerse
39,Antwerpseweg 195,2019-12-23,13:00:00,15,13,2,FMN GV 10 Beerse
39,Antwerpseweg 195,2019-12-23,14:00:00,10,6,4,FMN GV 10 Beerse
39,Antwerpseweg 195,2019-12-23,15:00:00,12,7,5,FMN GV 10 Beerse
39,Antwerpseweg 195,2019-12-23,16:00:00,10,7,3,FMN GV 10 Beerse
39,Antwerpseweg 195,2019-12-23,17:00:00,10,9,1,FMN GV 10 Beerse
39,Antwerpseweg 195,2019-12-23,18:00:00,3,2,1,FMN GV 10 Beerse
39,Antwerpseweg 195,2019-12-23,19:00:00,4,3,1,FMN GV 10 Beerse
39,Antwerpseweg 195,2019-12-23,20:00:00,1,1,0,FMN GV 10 Beerse
39,Antwerpseweg 195,2019-12-23,21:00:00,0,0,0,FMN GV 10 Beerse
39,Antwerpseweg 195,2019-12-23,22:00:00,2,2,0,FMN GV 10 Beerse
39,Antwerpseweg 195,2019-12-23,23:00:00,0,0,0,FMN GV 10 Beerse
39,Antwerpseweg 195,2019-12-24,00:00:00,0,0,0,FMN GV 10 Beerse
39,Antwerpseweg 195,2019-12-24,01:00:00,0,0,0,FMN GV 10 Beerse
39,Antwerpseweg 195,2019-12-24,02:00:00,0,0,0,FMN GV 10 Beerse
39,Antwerpseweg 195,2019-12-24,03:00:00,0,0,0,FMN GV 10 Beerse
39,Antwerpseweg 195,2019-12-24,04:00:00,2,2,0,FMN GV 10 Beerse
39,Antwerpseweg 195,2019-12-24,05:00:00,3,3,0,FMN GV 10 Beerse
39,Antwerpseweg 195,2019-12-24,06:00:00,2,2,0,FMN GV 10 Beerse
39,Antwerpseweg 195,2019-12-24,07:00:00,5,5,0,FMN GV 10 Beerse
39,Antwerpseweg 195,2019-12-24,08:00:00,4,4,0,FMN GV 10 Beerse
39,Antwerpseweg 195,2019-12-24,09:00:00,5,4,1,FMN GV 10 Beerse
39,Antwerpseweg 195,2019-12-24,10:00:00,5,2,3,FMN GV 10 Beerse
39,Antwerpseweg 195,2019-12-24,11:00:00,6,6,0,FMN GV 10 Beerse
39,Antwerpseweg 195,2019-12-24,12:00:00,7,5,2,FMN GV 10 Beerse
39,Antwerpseweg 195,2019-12-24,13:00:00,8,6,2,FMN GV 10 Beerse
39,Antwerpseweg 195,2019-12-24,14:00:00,9,5,4,FMN GV 10 Beerse
39,Antwerpseweg 195,2019-12-24,15:00:00,8,5,3,FMN GV 10 Beerse
39,Antwerpseweg 195,2019-12-24,16:00:00,8,6,2,FMN GV 10 Beerse
39,Antwerpseweg 195,2019-12-24,17:00:00,4,3,1,FMN GV 10 Beerse
39,Antwerpseweg 195,2019-12-24,18:00:00,1,0,1,FMN GV 10 Beerse
39,Antwerpseweg 195,2019-12-24,19:00:00,0,0,0,FMN GV 10 Beerse
39,Antwerpseweg 195,2019-12-24,20:00:00,0,0,0,FMN GV 10 Beerse
39,Antwerpseweg 195,2019-12-24,21:00:00,1,1,0,FMN GV 10 Beerse
39,Antwerpseweg 195,2019-12-24,22:00:00,1,1,0,FMN GV 10 Beerse
39,Antwerpseweg 195,2019-12-24,23:00:00,1,0,1,FMN GV 10 Beerse
39,Antwerpseweg 195,2019-12-25,00:00:00,0,0,0,FMN GV 10 Beerse
39,Antwerpseweg 195,2019-12-25,01:00:00,0,0,0,FMN GV 10 Beerse
39,Antwerpseweg 195,2019-12-25,02:00:00,0,0,0,FMN GV 10 Beerse
39,Antwerpseweg 195,2019-12-25,03:00:00,0,0,0,FMN GV 10 Beerse
39,Antwerpseweg 195,2019-12-25,04:00:00,0,0,0,FMN GV 10 Beerse
39,Antwerpseweg 195,2019-12-25,05:00:00,0,0,0,FMN GV 10 Beerse
39,Antwerpseweg 195,2019-12-25,06:00:00,0,0,0,FMN GV 10 Beerse
39,Antwerpseweg 195,2019-12-25,07:00:00,0,0,0,FMN GV 10 Beerse
39,Antwerpseweg 195,2019-12-25,08:00:00,3,2,1,FMN GV 10 Beerse
39,Antwerpseweg 195,2019-12-25,09:00:00,3,1,2,FMN GV 10 Beerse
39,Antwerpseweg 195,2019-12-25,10:00:00,8,5,3,FMN GV 10 Beerse
39,Antwerpseweg 195,2019-12-25,11:00:00,10,3,7,FMN GV 10 Beerse
39,Antwerpseweg 195,2019-12-25,12:00:00,11,8,3,FMN GV 10 Beerse
39,Antwerpseweg 195,2019-12-25,13:00:00,9,9,0,FMN GV 10 Beerse
39,Antwerpseweg 195,2019-12-25,14:00:00,6,5,1,FMN GV 10 Beerse
39,Antwerpseweg 195,2019-12-25,15:00:00,3,3,0,FMN GV 10 Beerse
39,Antwerpseweg 195,2019-12-25,16:00:00,2,1,1,FMN GV 10 Beerse
39,Antwerpseweg 195,2019-12-25,17:00:00,4,4,0,FMN GV 10 Beerse
39,Antwerpseweg 195,2019-12-25,18:00:00,0,0,0,FMN GV 10 Beerse
39,Antwerpseweg 195,2019-12-25,19:00:00,0,0,0,FMN GV 10 Beerse
39,Antwerpseweg 195,2019-12-25,20:00:00,0,0,0,FMN GV 10 Beerse
39,Antwerpseweg 195,2019-12-25,21:00:00,2,1,1,FMN GV 10 Beerse
39,Antwerpseweg 195,2019-12-25,22:00:00,0,0,0,FMN GV 10 Beerse
39,Antwerpseweg 195,2019-12-25,23:00:00,0,0,0,FMN GV 10 Beerse
39,Antwerpseweg 195,2019-12-26,00:00:00,0,0,0,FMN GV 10 Beerse
39,Antwerpseweg 195,2019-12-26,01:00:00,0,0,0,FMN GV 10 Beerse
39,Antwerpseweg 195,2019-12-26,02:00:00,0,0,0,FMN GV 10 Beerse
39,Antwerpseweg 195,2019-12-26,03:00:00,1,0,1,FMN GV 10 Beerse
39,Antwerpseweg 195,2019-12-26,04:00:00,1,1,0,FMN GV 10 Beerse
39,Antwerpseweg 195,2019-12-26,05:00:00,2,2,0,FMN GV 10 Beerse
39,Antwerpseweg 195,2019-12-26,06:00:00,0,0,0,FMN GV 10 Beerse
39,Antwerpseweg 195,2019-12-26,07:00:00,1,1,0,FMN GV 10 Beerse
39,Antwerpseweg 195,2019-12-26,08:00:00,3,2,1,FMN GV 10 Beerse
39,Antwerpseweg 195,2019-12-26,09:00:00,6,2,4,FMN GV 10 Beerse
39,Antwerpseweg 195,2019-12-26,10:00:00,5,4,1,FMN GV 10 Beerse
39,Antwerpseweg 195,2019-12-26,11:00:00,6,6,0,FMN GV 10 Beerse
39,Antwerpseweg 195,2019-12-26,12:00:00,8,5,3,FMN GV 10 Beerse
39,Antwerpseweg 195,2019-12-26,13:00:00,16,13,3,FMN GV 10 Beerse
39,Antwerpseweg 195,2019-12-26,14:00:00,12,7,5,FMN GV 10 Beerse
39,Antwerpseweg 195,2019-12-26,15:00:00,4,2,2,FMN GV 10 Beerse
39,Antwerpseweg 195,2019-12-26,16:00:00,6,3,3,FMN GV 10 Beerse
39,Antwerpseweg 195,2019-12-26,17:00:00,4,3,1,FMN GV 10 Beerse
39,Antwerpseweg 195,2019-12-26,18:00:00,1,1,0,FMN GV 10 Beerse
39,Antwerpseweg 195,2019-12-26,19:00:00,0,0,0,FMN GV 10 Beerse
39,Antwerpseweg 195,2019-12-26,20:00:00,0,0,0,FMN GV 10 Beerse
39,Antwerpseweg 195,2019-12-26,21:00:00,0,0,0,FMN GV 10 Beerse
39,Antwerpseweg 195,2019-12-26,22:00:00,0,0,0,FMN GV 10 Beerse
39,Antwerpseweg 195,2019-12-26,23:00:00,1,1,0,FMN GV 10 Beerse
39,Antwerpseweg 195,2019-12-27,00:00:00,0,0,0,FMN GV 10 Beerse
39,Antwerpseweg 195,2019-12-27,01:00:00,0,0,0,FMN GV 10 Beerse
39,Antwerpseweg 195,2019-12-27,02:00:00,0,0,0,FMN GV 10 Beerse
39,Antwerpseweg 195,2019-12-27,03:00:00,0,0,0,FMN GV 10 Beerse
39,Antwerpseweg 195,2019-12-27,04:00:00,1,1,0,FMN GV 10 Beerse
39,Antwerpseweg 195,2019-12-27,05:00:00,3,3,0,FMN GV 10 Beerse
39,Antwerpseweg 195,2019-12-27,06:00:00,3,3,0,FMN GV 10 Beerse
39,Antwerpseweg 195,2019-12-27,07:00:00,5,5,0,FMN GV 10 Beerse
39,Antwerpseweg 195,2019-12-27,08:00:00,9,8,1,FMN GV 10 Beerse
39,Antwerpseweg 195,2019-12-27,09:00:00,3,3,0,FMN GV 10 Beerse
39,Antwerpseweg 195,2019-12-27,10:00:00,4,4,0,FMN GV 10 Beerse
39,Antwerpseweg 195,2019-12-27,11:00:00,4,2,2,FMN GV 10 Beerse
39,Antwerpseweg 195,2019-12-27,12:00:00,8,5,3,FMN GV 10 Beerse
39,Antwerpseweg 195,2019-12-27,13:00:00,8,6,2,FMN GV 10 Beerse
39,Antwerpseweg 195,2019-12-27,14:00:00,8,5,3,FMN GV 10 Beerse
39,Antwerpseweg 195,2019-12-27,15:00:00,10,5,5,FMN GV 10 Beerse
39,Antwerpseweg 195,2019-12-27,16:00:00,9,8,1,FMN GV 10 Beerse
39,Antwerpseweg 195,2019-12-27,17:00:00,5,4,1,FMN GV 10 Beerse
39,Antwerpseweg 195,2019-12-27,18:00:00,4,3,1,FMN GV 10 Beerse
39,Antwerpseweg 195,2019-12-27,19:00:00,2,1,1,FMN GV 10 Beerse
39,Antwerpseweg 195,2019-12-27,20:00:00,3,1,2,FMN GV 10 Beerse
39,Antwerpseweg 195,2019-12-27,21:00:00,2,2,0,FMN GV 10 Beerse
39,Antwerpseweg 195,2019-12-27,22:00:00,1,1,0,FMN GV 10 Beerse
39,Antwerpseweg 195,2019-12-27,23:00:00,0,0,0,FMN GV 10 Beerse
39,Antwerpseweg 195,2019-12-28,00:00:00,1,1,0,FMN GV 10 Beerse
39,Antwerpseweg 195,2019-12-28,01:00:00,1,1,0,FMN GV 10 Beerse
39,Antwerpseweg 195,2019-12-28,02:00:00,0,0,0,FMN GV 10 Beerse
39,Antwerpseweg 195,2019-12-28,03:00:00,1,1,0,FMN GV 10 Beerse
39,Antwerpseweg 195,2019-12-28,04:00:00,0,0,0,FMN GV 10 Beerse
39,Antwerpseweg 195,2019-12-28,05:00:00,1,1,0,FMN GV 10 Beerse
39,Antwerpseweg 195,2019-12-28,06:00:00,1,1,0,FMN GV 10 Beerse
39,Antwerpseweg 195,2019-12-28,07:00:00,2,2,0,FMN GV 10 Beerse
39,Antwerpseweg 195,2019-12-28,08:00:00,4,3,1,FMN GV 10 Beerse
39,Antwerpseweg 195,2019-12-28,09:00:00,5,1,4,FMN GV 10 Beerse
39,Antwerpseweg 195,2019-12-28,10:00:00,8,6,2,FMN GV 10 Beerse
39,Antwerpseweg 195,2019-12-28,11:00:00,4,4,0,FMN GV 10 Beerse
39,Antwerpseweg 195,2019-12-28,12:00:00,15,8,7,FMN GV 10 Beerse
39,Antwerpseweg 195,2019-12-28,13:00:00,10,6,4,FMN GV 10 Beerse
39,Antwerpseweg 195,2019-12-28,14:00:00,15,8,7,FMN GV 10 Beerse
39,Antwerpseweg 195,2019-12-28,15:00:00,12,9,3,FMN GV 10 Beerse
39,Antwerpseweg 195,2019-12-28,16:00:00,5,4,1,FMN GV 10 Beerse
39,Antwerpseweg 195,2019-12-28,17:00:00,1,1,0,FMN GV 10 Beerse
39,Antwerpseweg 195,2019-12-28,18:00:00,6,6,0,FMN GV 10 Beerse
39,Antwerpseweg 195,2019-12-28,19:00:00,2,2,0,FMN GV 10 Beerse
39,Antwerpseweg 195,2019-12-28,20:00:00,3,3,0,FMN GV 10 Beerse
39,Antwerpseweg 195,2019-12-28,21:00:00,0,0,0,FMN GV 10 Beerse
39,Antwerpseweg 195,2019-12-28,22:00:00,1,0,1,FMN GV 10 Beerse
39,Antwerpseweg 195,2019-12-28,23:00:00,0,0,0,FMN GV 10 Beerse
39,Antwerpseweg 195,2019-12-29,00:00:00,0,0,0,FMN GV 10 Beerse
39,Antwerpseweg 195,2019-12-29,01:00:00,0,0,0,FMN GV 10 Beerse
39,Antwerpseweg 195,2019-12-29,02:00:00,1,1,0,FMN GV 10 Beerse
39,Antwerpseweg 195,2019-12-29,03:00:00,0,0,0,FMN GV 10 Beerse
39,Antwerpseweg 195,2019-12-29,04:00:00,0,0,0,FMN GV 10 Beerse
39,Antwerpseweg 195,2019-12-29,05:00:00,0,0,0,FMN GV 10 Beerse
39,Antwerpseweg 195,2019-12-29,06:00:00,0,0,0,FMN GV 10 Beerse
39,Antwerpseweg 195,2019-12-29,07:00:00,1,1,0,FMN GV 10 Beerse
39,Antwerpseweg 195,2019-12-29,08:00:00,4,4,0,FMN GV 10 Beerse
39,Antwerpseweg 195,2019-12-29,09:00:00,3,1,2,FMN GV 10 Beerse
39,Antwerpseweg 195,2019-12-29,10:00:00,5,2,3,FMN GV 10 Beerse
39,Antwerpseweg 195,2019-12-29,11:00:00,15,8,7,FMN GV 10 Beerse
39,Antwerpseweg 195,2019-12-29,12:00:00,12,9,3,FMN GV 10 Beerse
39,Antwerpseweg 195,2019-12-29,13:00:00,7,6,1,FMN GV 10 Beerse
39,Antwerpseweg 195,2019-12-29,14:00:00,12,6,6,FMN GV 10 Beerse
39,Antwerpseweg 195,2019-12-29,15:00:00,14,5,9,FMN GV 10 Beerse
39,Antwerpseweg 195,2019-12-29,16:00:00,5,5,0,FMN GV 10 Beerse
39,Antwerpseweg 195,2019-12-29,17:00:00,2,2,0,FMN GV 10 Beerse
39,Antwerpseweg 195,2019-12-29,18:00:00,1,1,0,FMN GV 10 Beerse
39,Antwerpseweg 195,2019-12-29,19:00:00,0,0,0,FMN GV 10 Beerse
39,Antwerpseweg 195,2019-12-29,20:00:00,0,0,0,FMN GV 10 Beerse
39,Antwerpseweg 195,2019-12-29,21:00:00,2,1,1,FMN GV 10 Beerse
39,Antwerpseweg 195,2019-12-29,22:00:00,1,1,0,FMN GV 10 Beerse
39,Antwerpseweg 195,2019-12-29,23:00:00,0,0,0,FMN GV 10 Beerse
39,Antwerpseweg 195,2019-12-30,00:00:00,0,0,0,FMN GV 10 Beerse
39,Antwerpseweg 195,2019-12-30,01:00:00,0,0,0,FMN GV 10 Beerse
39,Antwerpseweg 195,2019-12-30,02:00:00,0,0,0,FMN GV 10 Beerse
39,Antwerpseweg 195,2019-12-30,03:00:00,0,0,0,FMN GV 10 Beerse
39,Antwerpseweg 195,2019-12-30,04:00:00,0,0,0,FMN GV 10 Beerse
39,Antwerpseweg 195,2019-12-30,05:00:00,4,4,0,FMN GV 10 Beerse
39,Antwerpseweg 195,2019-12-30,06:00:00,2,2,0,FMN GV 10 Beerse
39,Antwerpseweg 195,2019-12-30,07:00:00,7,7,0,FMN GV 10 Beerse
39,Antwerpseweg 195,2019-12-30,08:00:00,6,5,1,FMN GV 10 Beerse
39,Antwerpseweg 195,2019-12-30,09:00:00,5,1,4,FMN GV 10 Beerse
39,Antwerpseweg 195,2019-12-30,10:00:00,3,3,0,FMN GV 10 Beerse
39,Antwerpseweg 195,2019-12-30,11:00:00,5,4,1,FMN GV 10 Beerse
39,Antwerpseweg 195,2019-12-30,12:00:00,8,4,4,FMN GV 10 Beerse
39,Antwerpseweg 195,2019-12-30,13:00:00,25,22,3,FMN GV 10 Beerse
39,Antwerpseweg 195,2019-12-30,14:00:00,11,7,4,FMN GV 10 Beerse
39,Antwerpseweg 195,2019-12-30,15:00:00,12,8,4,FMN GV 10 Beerse
39,Antwerpseweg 195,2019-12-30,16:00:00,9,7,2,FMN GV 10 Beerse
39,Antwerpseweg 195,2019-12-30,17:00:00,6,6,0,FMN GV 10 Beerse
39,Antwerpseweg 195,2019-12-30,18:00:00,1,0,1,FMN GV 10 Beerse
39,Antwerpseweg 195,2019-12-30,19:00:00,0,0,0,FMN GV 10 Beerse
39,Antwerpseweg 195,2019-12-30,20:00:00,3,2,1,FMN GV 10 Beerse
39,Antwerpseweg 195,2019-12-30,21:00:00,0,0,0,FMN GV 10 Beerse
39,Antwerpseweg 195,2019-12-30,22:00:00,1,1,0,FMN GV 10 Beerse
39,Antwerpseweg 195,2019-12-30,23:00:00,0,0,0,FMN GV 10 Beerse
39,Antwerpseweg 195,2019-12-31,00:00:00,1,1,0,FMN GV 10 Beerse
39,Antwerpseweg 195,2019-12-31,01:00:00,0,0,0,FMN GV 10 Beerse
39,Antwerpseweg 195,2019-12-31,02:00:00,0,0,0,FMN GV 10 Beerse
39,Antwerpseweg 195,2019-12-31,03:00:00,0,0,0,FMN GV 10 Beerse
39,Antwerpseweg 195,2019-12-31,04:00:00,1,1,0,FMN GV 10 Beerse
39,Antwerpseweg 195,2019-12-31,05:00:00,2,2,0,FMN GV 10 Beerse
39,Antwerpseweg 195,2019-12-31,06:00:00,2,2,0,FMN GV 10 Beerse
39,Antwerpseweg 195,2019-12-31,07:00:00,6,5,1,FMN GV 10 Beerse
39,Antwerpseweg 195,2019-12-31,08:00:00,2,2,0,FMN GV 10 Beerse
39,Antwerpseweg 195,2019-12-31,09:00:00,6,2,4,FMN GV 10 Beerse
39,Antwerpseweg 195,2019-12-31,10:00:00,2,1,1,FMN GV 10 Beerse
39,Antwerpseweg 195,2019-12-31,11:00:00,4,3,1,FMN GV 10 Beerse
39,Antwerpseweg 195,2019-12-31,12:00:00,2,1,1,FMN GV 10 Beerse
39,Antwerpseweg 195,2019-12-31,13:00:00,5,2,3,FMN GV 10 Beerse
39,Antwerpseweg 195,2019-12-31,14:00:00,14,11,3,FMN GV 10 Beerse
39,Antwerpseweg 195,2019-12-31,15:00:00,6,3,3,FMN GV 10 Beerse
39,Antwerpseweg 195,2019-12-31,16:00:00,3,2,1,FMN GV 10 Beerse
39,Antwerpseweg 195,2019-12-31,17:00:00,12,4,8,FMN GV 10 Beerse
39,Antwerpseweg 195,2019-12-31,18:00:00,8,8,0,FMN GV 10 Beerse
39,Antwerpseweg 195,2019-12-31,19:00:00,3,3,0,FMN GV 10 Beerse
39,Antwerpseweg 195,2019-12-31,20:00:00,1,1,0,FMN GV 10 Beerse
39,Antwerpseweg 195,2019-12-31,21:00:00,1,1,0,FMN GV 10 Beerse
39,Antwerpseweg 195,2019-12-31,22:00:00,0,0,0,FMN GV 10 Beerse
39,Antwerpseweg 195,2019-12-31,23:00:00,5,1,4,FMN GV 10 Beerse
39,Antwerpseweg 195,2020-01-01,00:00:00,1,0,1,FMN GV 10 Beerse
39,Antwerpseweg 195,2020-01-01,01:00:00,0,0,0,FMN GV 10 Beerse
39,Antwerpseweg 195,2020-01-01,02:00:00,3,0,3,FMN GV 10 Beerse
39,Antwerpseweg 195,2020-01-01,03:00:00,3,3,0,FMN GV 10 Beerse
39,Antwerpseweg 195,2020-01-01,04:00:00,5,5,0,FMN GV 10 Beerse
39,Antwerpseweg 195,2020-01-01,05:00:00,1,1,0,FMN GV 10 Beerse
39,Antwerpseweg 195,2020-01-01,06:00:00,3,2,1,FMN GV 10 Beerse
39,Antwerpseweg 195,2020-01-01,07:00:00,1,1,0,FMN GV 10 Beerse
39,Antwerpseweg 195,2020-01-01,08:00:00,2,2,0,FMN GV 10 Beerse
39,Antwerpseweg 195,2020-01-01,09:00:00,2,1,1,FMN GV 10 Beerse
39,Antwerpseweg 195,2020-01-01,10:00:00,3,3,0,FMN GV 10 Beerse
39,Antwerpseweg 195,2020-01-01,11:00:00,2,1,1,FMN GV 10 Beerse
39,Antwerpseweg 195,2020-01-01,12:00:00,3,2,1,FMN GV 10 Beerse
39,Antwerpseweg 195,2020-01-01,13:00:00,1,1,0,FMN GV 10 Beerse
39,Antwerpseweg 195,2020-01-01,14:00:00,7,5,2,FMN GV 10 Beerse
39,Antwerpseweg 195,2020-01-01,15:00:00,5,2,3,FMN GV 10 Beerse
39,Antwerpseweg 195,2020-01-01,16:00:00,1,0,1,FMN GV 10 Beerse
39,Antwerpseweg 195,2020-01-01,17:00:00,2,0,2,FMN GV 10 Beerse
39,Antwerpseweg 195,2020-01-01,18:00:00,1,1,0,FMN GV 10 Beerse
39,Antwerpseweg 195,2020-01-01,19:00:00,2,2,0,FMN GV 10 Beerse
39,Antwerpseweg 195,2020-01-01,20:00:00,2,2,0,FMN GV 10 Beerse
39,Antwerpseweg 195,2020-01-01,21:00:00,0,0,0,FMN GV 10 Beerse
39,Antwerpseweg 195,2020-01-01,22:00:00,1,1,0,FMN GV 10 Beerse
39,Antwerpseweg 195,2020-01-01,23:00:00,1,1,0,FMN GV 10 Beerse
39,Antwerpseweg 195,2020-01-02,00:00:00,0,0,0,FMN GV 10 Beerse
39,Antwerpseweg 195,2020-01-02,01:00:00,0,0,0,FMN GV 10 Beerse
39,Antwerpseweg 195,2020-01-02,02:00:00,0,0,0,FMN GV 10 Beerse
39,Antwerpseweg 195,2020-01-02,03:00:00,0,0,0,FMN GV 10 Beerse
39,Antwerpseweg 195,2020-01-02,04:00:00,1,1,0,FMN GV 10 Beerse
39,Antwerpseweg 195,2020-01-02,05:00:00,3,3,0,FMN GV 10 Beerse
39,Antwerpseweg 195,2020-01-02,06:00:00,8,7,1,FMN GV 10 Beerse
39,Antwerpseweg 195,2020-01-02,07:00:00,14,13,1,FMN GV 10 Beerse
39,Antwerpseweg 195,2020-01-02,08:00:00,15,14,1,FMN GV 10 Beerse
39,Antwerpseweg 195,2020-01-02,09:00:00,2,1,1,FMN GV 10 Beerse
39,Antwerpseweg 195,2020-01-02,10:00:00,10,7,3,FMN GV 10 Beerse
39,Antwerpseweg 195,2020-01-02,11:00:00,8,6,2,FMN GV 10 Beerse
39,Antwerpseweg 195,2020-01-02,12:00:00,5,4,1,FMN GV 10 Beerse
39,Antwerpseweg 195,2020-01-02,13:00:00,5,4,1,FMN GV 10 Beerse
39,Antwerpseweg 195,2020-01-02,14:00:00,8,3,5,FMN GV 10 Beerse
39,Antwerpseweg 195,2020-01-02,15:00:00,24,19,5,FMN GV 10 Beerse
39,Antwerpseweg 195,2020-01-02,16:00:00,8,6,2,FMN GV 10 Beerse
39,Antwerpseweg 195,2020-01-02,17:00:00,17,11,6,FMN GV 10 Beerse
39,Antwerpseweg 195,2020-01-02,18:00:00,6,6,0,FMN GV 10 Beerse
39,Antwerpseweg 195,2020-01-02,19:00:00,2,0,2,FMN GV 10 Beerse
39,Antwerpseweg 195,2020-01-02,20:00:00,2,2,0,FMN GV 10 Beerse
39,Antwerpseweg 195,2020-01-02,21:00:00,4,2,2,FMN GV 10 Beerse
39,Antwerpseweg 195,2020-01-02,22:00:00,2,2,0,FMN GV 10 Beerse
39,Antwerpseweg 195,2020-01-02,23:00:00,0,0,0,FMN GV 10 Beerse
39,Antwerpseweg 195,2020-01-03,00:00:00,0,0,0,FMN GV 10 Beerse
39,Antwerpseweg 195,2020-01-03,01:00:00,2,2,0,FMN GV 10 Beerse
39,Antwerpseweg 195,2020-01-03,02:00:00,0,0,0,FMN GV 10 Beerse
39,Antwerpseweg 195,2020-01-03,03:00:00,1,1,0,FMN GV 10 Beerse
39,Antwerpseweg 195,2020-01-03,04:00:00,1,1,0,FMN GV 10 Beerse
39,Antwerpseweg 195,2020-01-03,05:00:00,5,5,0,FMN GV 10 Beerse
39,Antwerpseweg 195,2020-01-03,06:00:00,7,6,1,FMN GV 10 Beerse
39,Antwerpseweg 195,2020-01-03,07:00:00,14,12,2,FMN GV 10 Beerse
39,Antwerpseweg 195,2020-01-03,08:00:00,10,8,2,FMN GV 10 Beerse
39,Antwerpseweg 195,2020-01-03,09:00:00,3,3,0,FMN GV 10 Beerse
39,Antwerpseweg 195,2020-01-03,10:00:00,3,3,0,FMN GV 10 Beerse
39,Antwerpseweg 195,2020-01-03,11:00:00,5,4,1,FMN GV 10 Beerse
39,Antwerpseweg 195,2020-01-03,12:00:00,3,1,2,FMN GV 10 Beerse
39,Antwerpseweg 195,2020-01-03,13:00:00,5,4,1,FMN GV 10 Beerse
39,Antwerpseweg 195,2020-01-03,14:00:00,3,1,2,FMN GV 10 Beerse
39,Antwerpseweg 195,2020-01-03,15:00:00,8,7,1,FMN GV 10 Beerse
39,Antwerpseweg 195,2020-01-03,16:00:00,8,5,3,FMN GV 10 Beerse
39,Antwerpseweg 195,2020-01-03,17:00:00,10,5,5,FMN GV 10 Beerse
39,Antwerpseweg 195,2020-01-03,18:00:00,3,2,1,FMN GV 10 Beerse
39,Antwerpseweg 195,2020-01-03,19:00:00,3,2,1,FMN GV 10 Beerse
39,Antwerpseweg 195,2020-01-03,20:00:00,3,0,3,FMN GV 10 Beerse
39,Antwerpseweg 195,2020-01-03,21:00:00,2,2,0,FMN GV 10 Beerse
39,Antwerpseweg 195,2020-01-03,22:00:00,0,0,0,FMN GV 10 Beerse
39,Antwerpseweg 195,2020-01-03,23:00:00,0,0,0,FMN GV 10 Beerse
39,Antwerpseweg 195,2020-01-04,00:00:00,1,1,0,FMN GV 10 Beerse
39,Antwerpseweg 195,2020-01-04,01:00:00,0,0,0,FMN GV 10 Beerse
39,Antwerpseweg 195,2020-01-04,02:00:00,2,2,0,FMN GV 10 Beerse
39,Antwerpseweg 195,2020-01-04,03:00:00,0,0,0,FMN GV 10 Beerse
39,Antwerpseweg 195,2020-01-04,04:00:00,0,0,0,FMN GV 10 Beerse
39,Antwerpseweg 195,2020-01-04,05:00:00,0,0,0,FMN GV 10 Beerse
39,Antwerpseweg 195,2020-01-04,06:00:00,3,2,1,FMN GV 10 Beerse
39,Antwerpseweg 195,2020-01-04,07:00:00,0,0,0,FMN GV 10 Beerse
39,Antwerpseweg 195,2020-01-04,08:00:00,4,3,1,FMN GV 10 Beerse
39,Antwerpseweg 195,2020-01-04,09:00:00,8,3,5,FMN GV 10 Beerse
39,Antwerpseweg 195,2020-01-04,10:00:00,1,1,0,FMN GV 10 Beerse
39,Antwerpseweg 195,2020-01-04,11:00:00,7,5,2,FMN GV 10 Beerse
39,Antwerpseweg 195,2020-01-04,12:00:00,5,2,3,FMN GV 10 Beerse
39,Antwerpseweg 195,2020-01-04,13:00:00,7,4,3,FMN GV 10 Beerse
39,Antwerpseweg 195,2020-01-04,14:00:00,9,6,3,FMN GV 10 Beerse
39,Antwerpseweg 195,2020-01-04,15:00:00,9,5,4,FMN GV 10 Beerse
39,Antwerpseweg 195,2020-01-04,16:00:00,5,3,2,FMN GV 10 Beerse
39,Antwerpseweg 195,2020-01-04,17:00:00,5,3,2,FMN GV 10 Beerse
39,Antwerpseweg 195,2020-01-04,18:00:00,5,3,2,FMN GV 10 Beerse
39,Antwerpseweg 195,2020-01-04,19:00:00,0,0,0,FMN GV 10 Beerse
39,Antwerpseweg 195,2020-01-04,20:00:00,0,0,0,FMN GV 10 Beerse
39,Antwerpseweg 195,2020-01-04,21:00:00,3,3,0,FMN GV 10 Beerse
39,Antwerpseweg 195,2020-01-04,22:00:00,0,0,0,FMN GV 10 Beerse
39,Antwerpseweg 195,2020-01-04,23:00:00,1,1,0,FMN GV 10 Beerse
39,Antwerpseweg 195,2020-01-05,00:00:00,1,1,0,FMN GV 10 Beerse
39,Antwerpseweg 195,2020-01-05,01:00:00,0,0,0,FMN GV 10 Beerse
39,Antwerpseweg 195,2020-01-05,02:00:00,0,0,0,FMN GV 10 Beerse
39,Antwerpseweg 195,2020-01-05,03:00:00,1,0,1,FMN GV 10 Beerse
39,Antwerpseweg 195,2020-01-05,04:00:00,0,0,0,FMN GV 10 Beerse
39,Antwerpseweg 195,2020-01-05,05:00:00,1,1,0,FMN GV 10 Beerse
39,Antwerpseweg 195,2020-01-05,06:00:00,0,0,0,FMN GV 10 Beerse
39,Antwerpseweg 195,2020-01-05,07:00:00,1,1,0,FMN GV 10 Beerse
39,Antwerpseweg 195,2020-01-05,08:00:00,3,0,3,FMN GV 10 Beerse
39,Antwerpseweg 195,2020-01-05,09:00:00,6,3,3,FMN GV 10 Beerse
39,Antwerpseweg 195,2020-01-05,10:00:00,20,14,6,FMN GV 10 Beerse
39,Antwerpseweg 195,2020-01-05,11:00:00,16,13,3,FMN GV 10 Beerse
39,Antwerpseweg 195,2020-01-05,12:00:00,9,9,0,FMN GV 10 Beerse
39,Antwerpseweg 195,2020-01-05,13:00:00,9,5,4,FMN GV 10 Beerse
39,Antwerpseweg 195,2020-01-05,14:00:00,10,8,2,FMN GV 10 Beerse
39,Antwerpseweg 195,2020-01-05,15:00:00,10,7,3,FMN GV 10 Beerse
39,Antwerpseweg 195,2020-01-05,16:00:00,4,2,2,FMN GV 10 Beerse
39,Antwerpseweg 195,2020-01-05,17:00:00,8,5,3,FMN GV 10 Beerse
39,Antwerpseweg 195,2020-01-05,18:00:00,2,2,0,FMN GV 10 Beerse
39,Antwerpseweg 195,2020-01-05,19:00:00,0,0,0,FMN GV 10 Beerse
39,Antwerpseweg 195,2020-01-05,20:00:00,1,0,1,FMN GV 10 Beerse
39,Antwerpseweg 195,2020-01-05,21:00:00,1,1,0,FMN GV 10 Beerse
39,Antwerpseweg 195,2020-01-05,22:00:00,0,0,0,FMN GV 10 Beerse
39,Antwerpseweg 195,2020-01-05,23:00:00,1,1,0,FMN GV 10 Beerse
39,Antwerpseweg 195,2020-01-06,00:00:00,0,0,0,FMN GV 10 Beerse
39,Antwerpseweg 195,2020-01-06,01:00:00,0,0,0,FMN GV 10 Beerse
39,Antwerpseweg 195,2020-01-06,02:00:00,0,0,0,FMN GV 10 Beerse
39,Antwerpseweg 195,2020-01-06,03:00:00,0,0,0,FMN GV 10 Beerse
39,Antwerpseweg 195,2020-01-06,04:00:00,0,0,0,FMN GV 10 Beerse
39,Antwerpseweg 195,2020-01-06,05:00:00,9,8,1,FMN GV 10 Beerse
39,Antwerpseweg 195,2020-01-06,06:00:00,8,8,0,FMN GV 10 Beerse
39,Antwerpseweg 195,2020-01-06,07:00:00,40,33,7,FMN GV 10 Beerse
39,Antwerpseweg 195,2020-01-06,08:00:00,25,22,3,FMN GV 10 Beerse
39,Antwerpseweg 195,2020-01-06,09:00:00,8,6,2,FMN GV 10 Beerse
39,Antwerpseweg 195,2020-01-06,10:00:00,9,6,3,FMN GV 10 Beerse
39,Antwerpseweg 195,2020-01-06,11:00:00,5,3,2,FMN GV 10 Beerse
39,Antwerpseweg 195,2020-01-06,12:00:00,4,3,1,FMN GV 10 Beerse
39,Antwerpseweg 195,2020-01-06,13:00:00,23,19,4,FMN GV 10 Beerse
39,Antwerpseweg 195,2020-01-06,14:00:00,19,16,3,FMN GV 10 Beerse
39,Antwerpseweg 195,2020-01-06,15:00:00,22,12,10,FMN GV 10 Beerse
39,Antwerpseweg 195,2020-01-06,16:00:00,38,25,13,FMN GV 10 Beerse
39,Antwerpseweg 195,2020-01-06,17:00:00,27,21,6,FMN GV 10 Beerse
39,Antwerpseweg 195,2020-01-06,18:00:00,14,11,3,FMN GV 10 Beerse
39,Antwerpseweg 195,2020-01-06,19:00:00,7,5,2,FMN GV 10 Beerse
39,Antwerpseweg 195,2020-01-06,20:00:00,5,5,0,FMN GV 10 Beerse
39,Antwerpseweg 195,2020-01-06,21:00:00,1,1,0,FMN GV 10 Beerse
39,Antwerpseweg 195,2020-01-06,22:00:00,5,3,2,FMN GV 10 Beerse
39,Antwerpseweg 195,2020-01-06,23:00:00,4,3,1,FMN GV 10 Beerse
39,Antwerpseweg 195,2020-01-07,00:00:00,0,0,0,FMN GV 10 Beerse
39,Antwerpseweg 195,2020-01-07,01:00:00,0,0,0,FMN GV 10 Beerse
39,Antwerpseweg 195,2020-01-07,02:00:00,0,0,0,FMN GV 10 Beerse
39,Antwerpseweg 195,2020-01-07,03:00:00,0,0,0,FMN GV 10 Beerse
39,Antwerpseweg 195,2020-01-07,04:00:00,2,2,0,FMN GV 10 Beerse
39,Antwerpseweg 195,2020-01-07,05:00:00,8,7,1,FMN GV 10 Beerse
39,Antwerpseweg 195,2020-01-07,06:00:00,11,11,0,FMN GV 10 Beerse
39,Antwerpseweg 195,2020-01-07,07:00:00,41,37,4,FMN GV 10 Beerse
39,Antwerpseweg 195,2020-01-07,08:00:00,21,19,2,FMN GV 10 Beerse
39,Antwerpseweg 195,2020-01-07,09:00:00,9,7,2,FMN GV 10 Beerse
39,Antwerpseweg 195,2020-01-07,10:00:00,4,3,1,FMN GV 10 Beerse
39,Antwerpseweg 195,2020-01-07,11:00:00,10,8,2,FMN GV 10 Beerse
39,Antwerpseweg 195,2020-01-07,12:00:00,7,5,2,FMN GV 10 Beerse
39,Antwerpseweg 195,2020-01-07,13:00:00,15,13,2,FMN GV 10 Beerse
39,Antwerpseweg 195,2020-01-07,14:00:00,9,6,3,FMN GV 10 Beerse
39,Antwerpseweg 195,2020-01-07,15:00:00,22,17,5,FMN GV 10 Beerse
39,Antwerpseweg 195,2020-01-07,16:00:00,42,32,10,FMN GV 10 Beerse
39,Antwerpseweg 195,2020-01-07,17:00:00,29,18,11,FMN GV 10 Beerse
39,Antwerpseweg 195,2020-01-07,18:00:00,8,5,3,FMN GV 10 Beerse
39,Antwerpseweg 195,2020-01-07,19:00:00,10,9,1,FMN GV 10 Beerse
39,Antwerpseweg 195,2020-01-07,20:00:00,1,0,1,FMN GV 10 Beerse
39,Antwerpseweg 195,2020-01-07,21:00:00,3,3,0,FMN GV 10 Beerse
39,Antwerpseweg 195,2020-01-07,22:00:00,4,3,1,FMN GV 10 Beerse
39,Antwerpseweg 195,2020-01-07,23:00:00,2,1,1,FMN GV 10 Beerse
39,Antwerpseweg 195,2020-01-08,00:00:00,0,0,0,FMN GV 10 Beerse
39,Antwerpseweg 195,2020-01-08,01:00:00,1,1,0,FMN GV 10 Beerse
39,Antwerpseweg 195,2020-01-08,02:00:00,0,0,0,FMN GV 10 Beerse
39,Antwerpseweg 195,2020-01-08,03:00:00,1,1,0,FMN GV 10 Beerse
39,Antwerpseweg 195,2020-01-08,04:00:00,0,0,0,FMN GV 10 Beerse
39,Antwerpseweg 195,2020-01-08,05:00:00,7,7,0,FMN GV 10 Beerse
39,Antwerpseweg 195,2020-01-08,06:00:00,9,8,1,FMN GV 10 Beerse
39,Antwerpseweg 195,2020-01-08,07:00:00,31,28,3,FMN GV 10 Beerse
39,Antwerpseweg 195,2020-01-08,08:00:00,17,16,1,FMN GV 10 Beerse
39,Antwerpseweg 195,2020-01-08,09:00:00,3,1,2,FMN GV 10 Beerse
39,Antwerpseweg 195,2020-01-08,10:00:00,1,1,0,FMN GV 10 Beerse
39,Antwerpseweg 195,2020-01-08,11:00:00,6,6,0,FMN GV 10 Beerse
39,Antwerpseweg 195,2020-01-08,12:00:00,18,14,4,FMN GV 10 Beerse
39,Antwerpseweg 195,2020-01-08,13:00:00,11,4,7,FMN GV 10 Beerse
39,Antwerpseweg 195,2020-01-08,14:00:00,7,5,2,FMN GV 10 Beerse
39,Antwerpseweg 195,2020-01-08,15:00:00,10,10,0,FMN GV 10 Beerse
39,Antwerpseweg 195,2020-01-08,16:00:00,18,16,2,FMN GV 10 Beerse
39,Antwerpseweg 195,2020-01-08,17:00:00,16,9,7,FMN GV 10 Beerse
39,Antwerpseweg 195,2020-01-08,18:00:00,5,5,0,FMN GV 10 Beerse
39,Antwerpseweg 195,2020-01-08,19:00:00,4,2,2,FMN GV 10 Beerse
39,Antwerpseweg 195,2020-01-08,20:00:00,6,3,3,FMN GV 10 Beerse
39,Antwerpseweg 195,2020-01-08,21:00:00,3,3,0,FMN GV 10 Beerse
39,Antwerpseweg 195,2020-01-08,22:00:00,1,1,0,FMN GV 10 Beerse
39,Antwerpseweg 195,2020-01-08,23:00:00,0,0,0,FMN GV 10 Beerse
39,Antwerpseweg 195,2020-01-09,00:00:00,0,0,0,FMN GV 10 Beerse
39,Antwerpseweg 195,2020-01-09,01:00:00,0,0,0,FMN GV 10 Beerse
39,Antwerpseweg 195,2020-01-09,02:00:00,0,0,0,FMN GV 10 Beerse
39,Antwerpseweg 195,2020-01-09,03:00:00,0,0,0,FMN GV 10 Beerse
39,Antwerpseweg 195,2020-01-09,04:00:00,2,2,0,FMN GV 10 Beerse
39,Antwerpseweg 195,2020-01-09,05:00:00,6,5,1,FMN GV 10 Beerse
39,Antwerpseweg 195,2020-01-09,06:00:00,7,6,1,FMN GV 10 Beerse
39,Antwerpseweg 195,2020-01-09,07:00:00,33,31,2,FMN GV 10 Beerse
39,Antwerpseweg 195,2020-01-09,08:00:00,16,15,1,FMN GV 10 Beerse
39,Antwerpseweg 195,2020-01-09,09:00:00,2,0,2,FMN GV 10 Beerse
39,Antwerpseweg 195,2020-01-09,10:00:00,1,1,0,FMN GV 10 Beerse
39,Antwerpseweg 195,2020-01-09,11:00:00,2,0,2,FMN GV 10 Beerse
39,Antwerpseweg 195,2020-01-09,12:00:00,6,6,0,FMN GV 10 Beerse
39,Antwerpseweg 195,2020-01-09,13:00:00,11,8,3,FMN GV 10 Beerse
39,Antwerpseweg 195,2020-01-09,14:00:00,14,11,3,FMN GV 10 Beerse
39,Antwerpseweg 195,2020-01-09,15:00:00,16,13,3,FMN GV 10 Beerse
39,Antwerpseweg 195,2020-01-09,16:00:00,33,23,10,FMN GV 10 Beerse
39,Antwerpseweg 195,2020-01-09,17:00:00,17,10,7,FMN GV 10 Beerse
39,Antwerpseweg 195,2020-01-09,18:00:00,6,4,2,FMN GV 10 Beerse
39,Antwerpseweg 195,2020-01-09,19:00:00,4,3,1,FMN GV 10 Beerse
39,Antwerpseweg 195,2020-01-09,20:00:00,0,0,0,FMN GV 10 Beerse
39,Antwerpseweg 195,2020-01-09,21:00:00,1,0,1,FMN GV 10 Beerse
39,Antwerpseweg 195,2020-01-09,22:00:00,5,5,0,FMN GV 10 Beerse
39,Antwerpseweg 195,2020-01-09,23:00:00,1,1,0,FMN GV 10 Beerse
39,Antwerpseweg 195,2020-01-10,00:00:00,2,2,0,FMN GV 10 Beerse
39,Antwerpseweg 195,2020-01-10,01:00:00,0,0,0,FMN GV 10 Beerse
39,Antwerpseweg 195,2020-01-10,02:00:00,0,0,0,FMN GV 10 Beerse
39,Antwerpseweg 195,2020-01-10,03:00:00,0,0,0,FMN GV 10 Beerse
39,Antwerpseweg 195,2020-01-10,04:00:00,1,1,0,FMN GV 10 Beerse
39,Antwerpseweg 195,2020-01-10,05:00:00,6,6,0,FMN GV 10 Beerse
39,Antwerpseweg 195,2020-01-10,06:00:00,6,6,0,FMN GV 10 Beerse
39,Antwerpseweg 195,2020-01-10,07:00:00,21,19,2,FMN GV 10 Beerse
39,Antwerpseweg 195,2020-01-10,08:00:00,16,12,4,FMN GV 10 Beerse
39,Antwerpseweg 195,2020-01-10,09:00:00,14,9,5,FMN GV 10 Beerse
39,Antwerpseweg 195,2020-01-10,10:00:00,8,6,2,FMN GV 10 Beerse
39,Antwerpseweg 195,2020-01-10,11:00:00,12,11,1,FMN GV 10 Beerse
39,Antwerpseweg 195,2020-01-10,12:00:00,4,3,1,FMN GV 10 Beerse
39,Antwerpseweg 195,2020-01-10,13:00:00,6,5,1,FMN GV 10 Beerse
39,Antwerpseweg 195,2020-01-10,14:00:00,13,10,3,FMN GV 10 Beerse
39,Antwerpseweg 195,2020-01-10,15:00:00,15,9,6,FMN GV 10 Beerse
39,Antwerpseweg 195,2020-01-10,16:00:00,21,14,7,FMN GV 10 Beerse
39,Antwerpseweg 195,2020-01-10,17:00:00,10,6,4,FMN GV 10 Beerse
39,Antwerpseweg 195,2020-01-10,18:00:00,6,4,2,FMN GV 10 Beerse
39,Antwerpseweg 195,2020-01-10,19:00:00,8,7,1,FMN GV 10 Beerse
39,Antwerpseweg 195,2020-01-10,20:00:00,3,1,2,FMN GV 10 Beerse
39,Antwerpseweg 195,2020-01-10,21:00:00,0,0,0,FMN GV 10 Beerse
39,Antwerpseweg 195,2020-01-10,22:00:00,7,7,0,FMN GV 10 Beerse
39,Antwerpseweg 195,2020-01-10,23:00:00,5,4,1,FMN GV 10 Beerse
39,Antwerpseweg 195,2020-01-11,00:00:00,0,0,0,FMN GV 10 Beerse
39,Antwerpseweg 195,2020-01-11,01:00:00,0,0,0,FMN GV 10 Beerse
39,Antwerpseweg 195,2020-01-11,02:00:00,0,0,0,FMN GV 10 Beerse
39,Antwerpseweg 195,2020-01-11,03:00:00,1,1,0,FMN GV 10 Beerse
39,Antwerpseweg 195,2020-01-11,04:00:00,0,0,0,FMN GV 10 Beerse
39,Antwerpseweg 195,2020-01-11,05:00:00,1,1,0,FMN GV 10 Beerse
39,Antwerpseweg 195,2020-01-11,06:00:00,0,0,0,FMN GV 10 Beerse
39,Antwerpseweg 195,2020-01-11,07:00:00,2,2,0,FMN GV 10 Beerse
39,Antwerpseweg 195,2020-01-11,08:00:00,5,4,1,FMN GV 10 Beerse
39,Antwerpseweg 195,2020-01-11,09:00:00,10,4,6,FMN GV 10 Beerse
39,Antwerpseweg 195,2020-01-11,10:00:00,9,6,3,FMN GV 10 Beerse
39,Antwerpseweg 195,2020-01-11,11:00:00,18,15,3,FMN GV 10 Beerse
39,Antwerpseweg 195,2020-01-11,12:00:00,13,10,3,FMN GV 10 Beerse
39,Antwerpseweg 195,2020-01-11,13:00:00,7,4,3,FMN GV 10 Beerse
39,Antwerpseweg 195,2020-01-11,14:00:00,13,11,2,FMN GV 10 Beerse
39,Antwerpseweg 195,2020-01-11,15:00:00,13,12,1,FMN GV 10 Beerse
39,Antwerpseweg 195,2020-01-11,16:00:00,10,5,5,FMN GV 10 Beerse
39,Antwerpseweg 195,2020-01-11,17:00:00,5,3,2,FMN GV 10 Beerse
39,Antwerpseweg 195,2020-01-11,18:00:00,4,3,1,FMN GV 10 Beerse
39,Antwerpseweg 195,2020-01-11,19:00:00,2,1,1,FMN GV 10 Beerse
39,Antwerpseweg 195,2020-01-11,20:00:00,4,4,0,FMN GV 10 Beerse
39,Antwerpseweg 195,2020-01-11,21:00:00,3,3,0,FMN GV 10 Beerse
39,Antwerpseweg 195,2020-01-11,22:00:00,3,2,1,FMN GV 10 Beerse
39,Antwerpseweg 195,2020-01-11,23:00:00,2,2,0,FMN GV 10 Beerse
39,Antwerpseweg 195,2020-01-12,00:00:00,2,0,2,FMN GV 10 Beerse
39,Antwerpseweg 195,2020-01-12,01:00:00,0,0,0,FMN GV 10 Beerse
39,Antwerpseweg 195,2020-01-12,02:00:00,2,0,2,FMN GV 10 Beerse
39,Antwerpseweg 195,2020-01-12,03:00:00,1,1,0,FMN GV 10 Beerse
39,Antwerpseweg 195,2020-01-12,04:00:00,1,1,0,FMN GV 10 Beerse
39,Antwerpseweg 195,2020-01-12,05:00:00,0,0,0,FMN GV 10 Beerse
39,Antwerpseweg 195,2020-01-12,06:00:00,0,0,0,FMN GV 10 Beerse
39,Antwerpseweg 195,2020-01-12,07:00:00,1,1,0,FMN GV 10 Beerse
39,Antwerpseweg 195,2020-01-12,08:00:00,2,1,1,FMN GV 10 Beerse
39,Antwerpseweg 195,2020-01-12,09:00:00,3,2,1,FMN GV 10 Beerse
39,Antwerpseweg 195,2020-01-12,10:00:00,8,4,4,FMN GV 10 Beerse
39,Antwerpseweg 195,2020-01-12,11:00:00,4,4,0,FMN GV 10 Beerse
39,Antwerpseweg 195,2020-01-12,12:00:00,8,6,2,FMN GV 10 Beerse
39,Antwerpseweg 195,2020-01-12,13:00:00,4,3,1,FMN GV 10 Beerse
39,Antwerpseweg 195,2020-01-12,14:00:00,2,1,1,FMN GV 10 Beerse
39,Antwerpseweg 195,2020-01-12,15:00:00,3,1,2,FMN GV 10 Beerse
39,Antwerpseweg 195,2020-01-12,16:00:00,3,1,2,FMN GV 10 Beerse
39,Antwerpseweg 195,2020-01-12,17:00:00,1,1,0,FMN GV 10 Beerse
39,Antwerpseweg 195,2020-01-12,18:00:00,3,2,1,FMN GV 10 Beerse
39,Antwerpseweg 195,2020-01-12,19:00:00,0,0,0,FMN GV 10 Beerse
39,Antwerpseweg 195,2020-01-12,20:00:00,3,2,1,FMN GV 10 Beerse
39,Antwerpseweg 195,2020-01-12,21:00:00,1,1,0,FMN GV 10 Beerse
39,Antwerpseweg 195,2020-01-12,22:00:00,0,0,0,FMN GV 10 Beerse
39,Antwerpseweg 195,2020-01-12,23:00:00,0,0,0,FMN GV 10 Beerse
39,Antwerpseweg 195,2020-01-13,00:00:00,0,0,0,FMN GV 10 Beerse
39,Antwerpseweg 195,2020-01-13,01:00:00,0,0,0,FMN GV 10 Beerse
39,Antwerpseweg 195,2020-01-13,02:00:00,0,0,0,FMN GV 10 Beerse
39,Antwerpseweg 195,2020-01-13,03:00:00,0,0,0,FMN GV 10 Beerse
39,Antwerpseweg 195,2020-01-13,04:00:00,1,1,0,FMN GV 10 Beerse
39,Antwerpseweg 195,2020-01-13,05:00:00,7,7,0,FMN GV 10 Beerse
39,Antwerpseweg 195,2020-01-13,06:00:00,8,8,0,FMN GV 10 Beerse
39,Antwerpseweg 195,2020-01-13,07:00:00,45,42,3,FMN GV 10 Beerse
39,Antwerpseweg 195,2020-01-13,08:00:00,23,19,4,FMN GV 10 Beerse
39,Antwerpseweg 195,2020-01-13,09:00:00,11,8,3,FMN GV 10 Beerse
39,Antwerpseweg 195,2020-01-13,10:00:00,13,10,3,FMN GV 10 Beerse
39,Antwerpseweg 195,2020-01-13,11:00:00,7,4,3,FMN GV 10 Beerse
39,Antwerpseweg 195,2020-01-13,12:00:00,6,5,1,FMN GV 10 Beerse
39,Antwerpseweg 195,2020-01-13,13:00:00,18,16,2,FMN GV 10 Beerse
39,Antwerpseweg 195,2020-01-13,14:00:00,17,9,8,FMN GV 10 Beerse
39,Antwerpseweg 195,2020-01-13,15:00:00,23,19,4,FMN GV 10 Beerse
39,Antwerpseweg 195,2020-01-13,16:00:00,34,21,13,FMN GV 10 Beerse
39,Antwerpseweg 195,2020-01-13,17:00:00,24,15,9,FMN GV 10 Beerse
39,Antwerpseweg 195,2020-01-13,18:00:00,7,6,1,FMN GV 10 Beerse
39,Antwerpseweg 195,2020-01-13,19:00:00,5,4,1,FMN GV 10 Beerse
39,Antwerpseweg 195,2020-01-13,20:00:00,2,2,0,FMN GV 10 Beerse
39,Antwerpseweg 195,2020-01-13,21:00:00,3,3,0,FMN GV 10 Beerse
39,Antwerpseweg 195,2020-01-13,22:00:00,4,3,1,FMN GV 10 Beerse
39,Antwerpseweg 195,2020-01-13,23:00:00,0,0,0,FMN GV 10 Beerse
39,Antwerpseweg 195,2020-01-14,00:00:00,0,0,0,FMN GV 10 Beerse
39,Antwerpseweg 195,2020-01-14,01:00:00,0,0,0,FMN GV 10 Beerse
39,Antwerpseweg 195,2020-01-14,02:00:00,0,0,0,FMN GV 10 Beerse
39,Antwerpseweg 195,2020-01-14,03:00:00,2,0,2,FMN GV 10 Beerse
39,Antwerpseweg 195,2020-01-14,04:00:00,1,1,0,FMN GV 10 Beerse
39,Antwerpseweg 195,2020-01-14,05:00:00,2,2,0,FMN GV 10 Beerse
39,Antwerpseweg 195,2020-01-14,06:00:00,8,8,0,FMN GV 10 Beerse
39,Antwerpseweg 195,2020-01-14,07:00:00,32,31,1,FMN GV 10 Beerse
39,Antwerpseweg 195,2020-01-14,08:00:00,20,17,3,FMN GV 10 Beerse
39,Antwerpseweg 195,2020-01-14,09:00:00,4,3,1,FMN GV 10 Beerse
39,Antwerpseweg 195,2020-01-14,10:00:00,2,1,1,FMN GV 10 Beerse
39,Antwerpseweg 195,2020-01-14,11:00:00,6,5,1,FMN GV 10 Beerse
39,Antwerpseweg 195,2020-01-14,12:00:00,4,2,2,FMN GV 10 Beerse
39,Antwerpseweg 195,2020-01-14,13:00:00,19,16,3,FMN GV 10 Beerse
39,Antwerpseweg 195,2020-01-14,14:00:00,12,4,8,FMN GV 10 Beerse
39,Antwerpseweg 195,2020-01-14,15:00:00,16,11,5,FMN GV 10 Beerse
39,Antwerpseweg 195,2020-01-14,16:00:00,20,13,7,FMN GV 10 Beerse
39,Antwerpseweg 195,2020-01-14,17:00:00,27,17,10,FMN GV 10 Beerse
39,Antwerpseweg 195,2020-01-14,18:00:00,5,2,3,FMN GV 10 Beerse
39,Antwerpseweg 195,2020-01-14,19:00:00,5,5,0,FMN GV 10 Beerse
39,Antwerpseweg 195,2020-01-14,20:00:00,1,0,1,FMN GV 10 Beerse
39,Antwerpseweg 195,2020-01-14,21:00:00,1,1,0,FMN GV 10 Beerse
39,Antwerpseweg 195,2020-01-14,22:00:00,6,4,2,FMN GV 10 Beerse
39,Antwerpseweg 195,2020-01-14,23:00:00,0,0,0,FMN GV 10 Beerse
39,Antwerpseweg 195,2020-01-15,00:00:00,0,0,0,FMN GV 10 Beerse
39,Antwerpseweg 195,2020-01-15,01:00:00,0,0,0,FMN GV 10 Beerse
39,Antwerpseweg 195,2020-01-15,02:00:00,0,0,0,FMN GV 10 Beerse
39,Antwerpseweg 195,2020-01-15,03:00:00,1,1,0,FMN GV 10 Beerse
39,Antwerpseweg 195,2020-01-15,04:00:00,1,1,0,FMN GV 10 Beerse
39,Antwerpseweg 195,2020-01-15,05:00:00,6,6,0,FMN GV 10 Beerse
39,Antwerpseweg 195,2020-01-15,06:00:00,10,10,0,FMN GV 10 Beerse
39,Antwerpseweg 195,2020-01-15,07:00:00,34,30,4,FMN GV 10 Beerse
39,Antwerpseweg 195,2020-01-15,08:00:00,19,16,3,FMN GV 10 Beerse
39,Antwerpseweg 195,2020-01-15,09:00:00,3,3,0,FMN GV 10 Beerse
39,Antwerpseweg 195,2020-01-15,10:00:00,3,3,0,FMN GV 10 Beerse
39,Antwerpseweg 195,2020-01-15,11:00:00,4,3,1,FMN GV 10 Beerse
39,Antwerpseweg 195,2020-01-15,12:00:00,21,17,4,FMN GV 10 Beerse
39,Antwerpseweg 195,2020-01-15,13:00:00,13,8,5,FMN GV 10 Beerse
39,Antwerpseweg 195,2020-01-15,14:00:00,10,6,4,FMN GV 10 Beerse
39,Antwerpseweg 195,2020-01-15,15:00:00,12,10,2,FMN GV 10 Beerse
39,Antwerpseweg 195,2020-01-15,16:00:00,14,7,7,FMN GV 10 Beerse
39,Antwerpseweg 195,2020-01-15,17:00:00,11,7,4,FMN GV 10 Beerse
39,Antwerpseweg 195,2020-01-15,18:00:00,4,3,1,FMN GV 10 Beerse
39,Antwerpseweg 195,2020-01-15,19:00:00,2,2,0,FMN GV 10 Beerse
39,Antwerpseweg 195,2020-01-15,20:00:00,1,0,1,FMN GV 10 Beerse
39,Antwerpseweg 195,2020-01-15,21:00:00,3,3,0,FMN GV 10 Beerse
39,Antwerpseweg 195,2020-01-15,22:00:00,2,2,0,FMN GV 10 Beerse
39,Antwerpseweg 195,2020-01-15,23:00:00,1,1,0,FMN GV 10 Beerse
39,Antwerpseweg 195,2020-01-16,00:00:00,0,0,0,FMN GV 10 Beerse
39,Antwerpseweg 195,2020-01-16,01:00:00,0,0,0,FMN GV 10 Beerse
39,Antwerpseweg 195,2020-01-16,02:00:00,0,0,0,FMN GV 10 Beerse
39,Antwerpseweg 195,2020-01-16,03:00:00,0,0,0,FMN GV 10 Beerse
39,Antwerpseweg 195,2020-01-16,04:00:00,1,1,0,FMN GV 10 Beerse
39,Antwerpseweg 195,2020-01-16,05:00:00,3,3,0,FMN GV 10 Beerse
39,Antwerpseweg 195,2020-01-16,06:00:00,10,9,1,FMN GV 10 Beerse
39,Antwerpseweg 195,2020-01-16,07:00:00,34,31,3,FMN GV 10 Beerse
39,Antwerpseweg 195,2020-01-16,08:00:00,26,22,4,FMN GV 10 Beerse
39,Antwerpseweg 195,2020-01-16,09:00:00,8,4,4,FMN GV 10 Beerse
39,Antwerpseweg 195,2020-01-16,10:00:00,8,4,4,FMN GV 10 Beerse
39,Antwerpseweg 195,2020-01-16,11:00:00,9,5,4,FMN GV 10 Beerse
39,Antwerpseweg 195,2020-01-16,12:00:00,8,5,3,FMN GV 10 Beerse
39,Antwerpseweg 195,2020-01-16,13:00:00,28,20,8,FMN GV 10 Beerse
39,Antwerpseweg 195,2020-01-16,14:00:00,14,9,5,FMN GV 10 Beerse
39,Antwerpseweg 195,2020-01-16,15:00:00,27,17,10,FMN GV 10 Beerse
39,Antwerpseweg 195,2020-01-16,16:00:00,31,17,14,FMN GV 10 Beerse
39,Antwerpseweg 195,2020-01-16,17:00:00,20,14,6,FMN GV 10 Beerse
39,Antwerpseweg 195,2020-01-16,18:00:00,16,12,4,FMN GV 10 Beerse
39,Antwerpseweg 195,2020-01-16,19:00:00,9,9,0,FMN GV 10 Beerse
39,Antwerpseweg 195,2020-01-16,20:00:00,1,1,0,FMN GV 10 Beerse
39,Antwerpseweg 195,2020-01-16,21:00:00,4,3,1,FMN GV 10 Beerse
39,Antwerpseweg 195,2020-01-16,22:00:00,3,2,1,FMN GV 10 Beerse
39,Antwerpseweg 195,2020-01-16,23:00:00,1,1,0,FMN GV 10 Beerse
39,Antwerpseweg 195,2020-01-17,00:00:00,0,0,0,FMN GV 10 Beerse
39,Antwerpseweg 195,2020-01-17,01:00:00,0,0,0,FMN GV 10 Beerse
39,Antwerpseweg 195,2020-01-17,02:00:00,0,0,0,FMN GV 10 Beerse
39,Antwerpseweg 195,2020-01-17,03:00:00,0,0,0,FMN GV 10 Beerse
39,Antwerpseweg 195,2020-01-17,04:00:00,1,1,0,FMN GV 10 Beerse
39,Antwerpseweg 195,2020-01-17,05:00:00,6,6,0,FMN GV 10 Beerse
39,Antwerpseweg 195,2020-01-17,06:00:00,8,7,1,FMN GV 10 Beerse
39,Antwerpseweg 195,2020-01-17,07:00:00,30,25,5,FMN GV 10 Beerse
39,Antwerpseweg 195,2020-01-17,08:00:00,15,13,2,FMN GV 10 Beerse
39,Antwerpseweg 195,2020-01-17,09:00:00,5,4,1,FMN GV 10 Beerse
39,Antwerpseweg 195,2020-01-17,10:00:00,4,2,2,FMN GV 10 Beerse
39,Antwerpseweg 195,2020-01-17,11:00:00,3,2,1,FMN GV 10 Beerse
39,Antwerpseweg 195,2020-01-17,12:00:00,4,3,1,FMN GV 10 Beerse
39,Antwerpseweg 195,2020-01-17,13:00:00,11,7,4,FMN GV 10 Beerse
39,Antwerpseweg 195,2020-01-17,14:00:00,8,5,3,FMN GV 10 Beerse
39,Antwerpseweg 195,2020-01-17,15:00:00,22,17,5,FMN GV 10 Beerse
39,Antwerpseweg 195,2020-01-17,16:00:00,16,10,6,FMN GV 10 Beerse
39,Antwerpseweg 195,2020-01-17,17:00:00,12,7,5,FMN GV 10 Beerse
39,Antwerpseweg 195,2020-01-17,18:00:00,4,3,1,FMN GV 10 Beerse
39,Antwerpseweg 195,2020-01-17,19:00:00,6,5,1,FMN GV 10 Beerse
39,Antwerpseweg 195,2020-01-17,20:00:00,3,1,2,FMN GV 10 Beerse
39,Antwerpseweg 195,2020-01-17,21:00:00,3,2,1,FMN GV 10 Beerse
39,Antwerpseweg 195,2020-01-17,22:00:00,3,1,2,FMN GV 10 Beerse
39,Antwerpseweg 195,2020-01-17,23:00:00,0,0,0,FMN GV 10 Beerse
39,Antwerpseweg 195,2020-01-18,00:00:00,0,0,0,FMN GV 10 Beerse
39,Antwerpseweg 195,2020-01-18,01:00:00,0,0,0,FMN GV 10 Beerse
39,Antwerpseweg 195,2020-01-18,02:00:00,1,1,0,FMN GV 10 Beerse
39,Antwerpseweg 195,2020-01-18,03:00:00,1,1,0,FMN GV 10 Beerse
39,Antwerpseweg 195,2020-01-18,04:00:00,0,0,0,FMN GV 10 Beerse
39,Antwerpseweg 195,2020-01-18,05:00:00,0,0,0,FMN GV 10 Beerse
39,Antwerpseweg 195,2020-01-18,06:00:00,0,0,0,FMN GV 10 Beerse
39,Antwerpseweg 195,2020-01-18,07:00:00,2,1,1,FMN GV 10 Beerse
39,Antwerpseweg 195,2020-01-18,08:00:00,5,2,3,FMN GV 10 Beerse
39,Antwerpseweg 195,2020-01-18,09:00:00,11,5,6,FMN GV 10 Beerse
39,Antwerpseweg 195,2020-01-18,10:00:00,8,4,4,FMN GV 10 Beerse
39,Antwerpseweg 195,2020-01-18,11:00:00,9,8,1,FMN GV 10 Beerse
39,Antwerpseweg 195,2020-01-18,12:00:00,13,8,5,FMN GV 10 Beerse
39,Antwerpseweg 195,2020-01-18,13:00:00,7,7,0,FMN GV 10 Beerse
39,Antwerpseweg 195,2020-01-18,14:00:00,6,4,2,FMN GV 10 Beerse
39,Antwerpseweg 195,2020-01-18,15:00:00,19,12,7,FMN GV 10 Beerse
39,Antwerpseweg 195,2020-01-18,16:00:00,8,4,4,FMN GV 10 Beerse
39,Antwerpseweg 195,2020-01-18,17:00:00,7,7,0,FMN GV 10 Beerse
39,Antwerpseweg 195,2020-01-18,18:00:00,4,3,1,FMN GV 10 Beerse
39,Antwerpseweg 195,2020-01-18,19:00:00,1,1,0,FMN GV 10 Beerse
39,Antwerpseweg 195,2020-01-18,20:00:00,4,3,1,FMN GV 10 Beerse
39,Antwerpseweg 195,2020-01-18,21:00:00,1,0,1,FMN GV 10 Beerse
39,Antwerpseweg 195,2020-01-18,22:00:00,3,3,0,FMN GV 10 Beerse
39,Antwerpseweg 195,2020-01-18,23:00:00,1,1,0,FMN GV 10 Beerse
39,Antwerpseweg 195,2020-01-19,00:00:00,4,2,2,FMN GV 10 Beerse
39,Antwerpseweg 195,2020-01-19,01:00:00,1,1,0,FMN GV 10 Beerse
39,Antwerpseweg 195,2020-01-19,02:00:00,0,0,0,FMN GV 10 Beerse
39,Antwerpseweg 195,2020-01-19,03:00:00,3,3,0,FMN GV 10 Beerse
39,Antwerpseweg 195,2020-01-19,04:00:00,0,0,0,FMN GV 10 Beerse
39,Antwerpseweg 195,2020-01-19,05:00:00,0,0,0,FMN GV 10 Beerse
39,Antwerpseweg 195,2020-01-19,06:00:00,0,0,0,FMN GV 10 Beerse
39,Antwerpseweg 195,2020-01-19,07:00:00,1,1,0,FMN GV 10 Beerse
39,Antwerpseweg 195,2020-01-19,08:00:00,3,3,0,FMN GV 10 Beerse
39,Antwerpseweg 195,2020-01-19,09:00:00,5,4,1,FMN GV 10 Beerse
39,Antwerpseweg 195,2020-01-19,10:00:00,7,5,2,FMN GV 10 Beerse
39,Antwerpseweg 195,2020-01-19,11:00:00,9,5,4,FMN GV 10 Beerse
39,Antwerpseweg 195,2020-01-19,12:00:00,8,6,2,FMN GV 10 Beerse
39,Antwerpseweg 195,2020-01-19,13:00:00,13,9,4,FMN GV 10 Beerse
39,Antwerpseweg 195,2020-01-19,14:00:00,9,5,4,FMN GV 10 Beerse
39,Antwerpseweg 195,2020-01-19,15:00:00,7,5,2,FMN GV 10 Beerse
39,Antwerpseweg 195,2020-01-19,16:00:00,9,9,0,FMN GV 10 Beerse
39,Antwerpseweg 195,2020-01-19,17:00:00,1,0,1,FMN GV 10 Beerse
39,Antwerpseweg 195,2020-01-19,18:00:00,2,2,0,FMN GV 10 Beerse
39,Antwerpseweg 195,2020-01-19,19:00:00,3,1,2,FMN GV 10 Beerse
39,Antwerpseweg 195,2020-01-19,20:00:00,0,0,0,FMN GV 10 Beerse
39,Antwerpseweg 195,2020-01-19,21:00:00,1,1,0,FMN GV 10 Beerse
39,Antwerpseweg 195,2020-01-19,22:00:00,5,5,0,FMN GV 10 Beerse
39,Antwerpseweg 195,2020-01-19,23:00:00,0,0,0,FMN GV 10 Beerse
39,Antwerpseweg 195,2020-01-20,00:00:00,0,0,0,FMN GV 10 Beerse
39,Antwerpseweg 195,2020-01-20,01:00:00,0,0,0,FMN GV 10 Beerse
39,Antwerpseweg 195,2020-01-20,02:00:00,0,0,0,FMN GV 10 Beerse
39,Antwerpseweg 195,2020-01-20,03:00:00,0,0,0,FMN GV 10 Beerse
39,Antwerpseweg 195,2020-01-20,04:00:00,0,0,0,FMN GV 10 Beerse
39,Antwerpseweg 195,2020-01-20,05:00:00,6,6,0,FMN GV 10 Beerse
39,Antwerpseweg 195,2020-01-20,06:00:00,10,10,0,FMN GV 10 Beerse
39,Antwerpseweg 195,2020-01-20,07:00:00,35,30,5,FMN GV 10 Beerse
39,Antwerpseweg 195,2020-01-20,08:00:00,23,22,1,FMN GV 10 Beerse
39,Antwerpseweg 195,2020-01-20,09:00:00,4,4,0,FMN GV 10 Beerse
39,Antwerpseweg 195,2020-01-20,10:00:00,2,2,0,FMN GV 10 Beerse
39,Antwerpseweg 195,2020-01-20,11:00:00,2,2,0,FMN GV 10 Beerse
39,Antwerpseweg 195,2020-01-20,12:00:00,6,5,1,FMN GV 10 Beerse
39,Antwerpseweg 195,2020-01-20,13:00:00,14,10,4,FMN GV 10 Beerse
39,Antwerpseweg 195,2020-01-20,14:00:00,10,7,3,FMN GV 10 Beerse
39,Antwerpseweg 195,2020-01-20,15:00:00,19,15,4,FMN GV 10 Beerse
39,Antwerpseweg 195,2020-01-20,16:00:00,30,19,11,FMN GV 10 Beerse
39,Antwerpseweg 195,2020-01-20,17:00:00,29,21,8,FMN GV 10 Beerse
39,Antwerpseweg 195,2020-01-20,18:00:00,6,3,3,FMN GV 10 Beerse
39,Antwerpseweg 195,2020-01-20,19:00:00,6,5,1,FMN GV 10 Beerse
39,Antwerpseweg 195,2020-01-20,20:00:00,0,0,0,FMN GV 10 Beerse
39,Antwerpseweg 195,2020-01-20,21:00:00,4,3,1,FMN GV 10 Beerse
39,Antwerpseweg 195,2020-01-20,22:00:00,1,0,1,FMN GV 10 Beerse
39,Antwerpseweg 195,2020-01-20,23:00:00,1,0,1,FMN GV 10 Beerse
39,Antwerpseweg 195,2020-01-21,00:00:00,0,0,0,FMN GV 10 Beerse
39,Antwerpseweg 195,2020-01-21,01:00:00,0,0,0,FMN GV 10 Beerse
39,Antwerpseweg 195,2020-01-21,02:00:00,0,0,0,FMN GV 10 Beerse
39,Antwerpseweg 195,2020-01-21,03:00:00,0,0,0,FMN GV 10 Beerse
39,Antwerpseweg 195,2020-01-21,04:00:00,1,1,0,FMN GV 10 Beerse
39,Antwerpseweg 195,2020-01-21,05:00:00,7,7,0,FMN GV 10 Beerse
39,Antwerpseweg 195,2020-01-21,06:00:00,11,10,1,FMN GV 10 Beerse
39,Antwerpseweg 195,2020-01-21,07:00:00,39,35,4,FMN GV 10 Beerse
39,Antwerpseweg 195,2020-01-21,08:00:00,23,20,3,FMN GV 10 Beerse
39,Antwerpseweg 195,2020-01-21,09:00:00,5,4,1,FMN GV 10 Beerse
39,Antwerpseweg 195,2020-01-21,10:00:00,6,4,2,FMN GV 10 Beerse
39,Antwerpseweg 195,2020-01-21,11:00:00,14,14,0,FMN GV 10 Beerse
39,Antwerpseweg 195,2020-01-21,12:00:00,7,5,2,FMN GV 10 Beerse
39,Antwerpseweg 195,2020-01-21,13:00:00,6,4,2,FMN GV 10 Beerse
39,Antwerpseweg 195,2020-01-21,14:00:00,15,12,3,FMN GV 10 Beerse
39,Antwerpseweg 195,2020-01-21,15:00:00,17,12,5,FMN GV 10 Beerse
39,Antwerpseweg 195,2020-01-21,16:00:00,31,23,8,FMN GV 10 Beerse
39,Antwerpseweg 195,2020-01-21,17:00:00,28,22,6,FMN GV 10 Beerse
39,Antwerpseweg 195,2020-01-21,18:00:00,11,8,3,FMN GV 10 Beerse
39,Antwerpseweg 195,2020-01-21,19:00:00,4,3,1,FMN GV 10 Beerse
39,Antwerpseweg 195,2020-01-21,20:00:00,2,1,1,FMN GV 10 Beerse
39,Antwerpseweg 195,2020-01-21,21:00:00,3,2,1,FMN GV 10 Beerse
39,Antwerpseweg 195,2020-01-21,22:00:00,2,1,1,FMN GV 10 Beerse
39,Antwerpseweg 195,2020-01-21,23:00:00,0,0,0,FMN GV 10 Beerse
39,Antwerpseweg 195,2020-01-22,00:00:00,0,0,0,FMN GV 10 Beerse
39,Antwerpseweg 195,2020-01-22,01:00:00,0,0,0,FMN GV 10 Beerse
39,Antwerpseweg 195,2020-01-22,02:00:00,0,0,0,FMN GV 10 Beerse
39,Antwerpseweg 195,2020-01-22,03:00:00,2,2,0,FMN GV 10 Beerse
39,Antwerpseweg 195,2020-01-22,04:00:00,2,2,0,FMN GV 10 Beerse
39,Antwerpseweg 195,2020-01-22,05:00:00,6,6,0,FMN GV 10 Beerse
39,Antwerpseweg 195,2020-01-22,06:00:00,6,5,1,FMN GV 10 Beerse
39,Antwerpseweg 195,2020-01-22,07:00:00,31,27,4,FMN GV 10 Beerse
39,Antwerpseweg 195,2020-01-22,08:00:00,18,16,2,FMN GV 10 Beerse
39,Antwerpseweg 195,2020-01-22,09:00:00,3,2,1,FMN GV 10 Beerse
39,Antwerpseweg 195,2020-01-22,10:00:00,3,2,1,FMN GV 10 Beerse
39,Antwerpseweg 195,2020-01-22,11:00:00,4,2,2,FMN GV 10 Beerse
39,Antwerpseweg 195,2020-01-22,12:00:00,19,16,3,FMN GV 10 Beerse
39,Antwerpseweg 195,2020-01-22,13:00:00,9,5,4,FMN GV 10 Beerse
39,Antwerpseweg 195,2020-01-22,14:00:00,9,6,3,FMN GV 10 Beerse
39,Antwerpseweg 195,2020-01-22,15:00:00,13,10,3,FMN GV 10 Beerse
39,Antwerpseweg 195,2020-01-22,16:00:00,33,14,19,FMN GV 10 Beerse
39,Antwerpseweg 195,2020-01-22,17:00:00,23,17,6,FMN GV 10 Beerse
39,Antwerpseweg 195,2020-01-22,18:00:00,6,6,0,FMN GV 10 Beerse
39,Antwerpseweg 195,2020-01-22,19:00:00,3,2,1,FMN GV 10 Beerse
39,Antwerpseweg 195,2020-01-22,20:00:00,4,1,3,FMN GV 10 Beerse
39,Antwerpseweg 195,2020-01-22,21:00:00,2,2,0,FMN GV 10 Beerse
39,Antwerpseweg 195,2020-01-22,22:00:00,1,1,0,FMN GV 10 Beerse
39,Antwerpseweg 195,2020-01-22,23:00:00,0,0,0,FMN GV 10 Beerse
39,Antwerpseweg 195,2020-01-23,00:00:00,0,0,0,FMN GV 10 Beerse
39,Antwerpseweg 195,2020-01-23,01:00:00,1,1,0,FMN GV 10 Beerse
39,Antwerpseweg 195,2020-01-23,02:00:00,0,0,0,FMN GV 10 Beerse
39,Antwerpseweg 195,2020-01-23,03:00:00,0,0,0,FMN GV 10 Beerse
39,Antwerpseweg 195,2020-01-23,04:00:00,2,2,0,FMN GV 10 Beerse
39,Antwerpseweg 195,2020-01-23,05:00:00,9,8,1,FMN GV 10 Beerse
39,Antwerpseweg 195,2020-01-23,06:00:00,8,8,0,FMN GV 10 Beerse
39,Antwerpseweg 195,2020-01-23,07:00:00,41,37,4,FMN GV 10 Beerse
39,Antwerpseweg 195,2020-01-23,08:00:00,19,14,5,FMN GV 10 Beerse
39,Antwerpseweg 195,2020-01-23,09:00:00,4,3,1,FMN GV 10 Beerse
39,Antwerpseweg 195,2020-01-23,10:00:00,2,2,0,FMN GV 10 Beerse
39,Antwerpseweg 195,2020-01-23,11:00:00,8,8,0,FMN GV 10 Beerse
39,Antwerpseweg 195,2020-01-23,12:00:00,12,7,5,FMN GV 10 Beerse
39,Antwerpseweg 195,2020-01-23,13:00:00,12,9,3,FMN GV 10 Beerse
39,Antwerpseweg 195,2020-01-23,14:00:00,10,8,2,FMN GV 10 Beerse
39,Antwerpseweg 195,2020-01-23,15:00:00,21,15,6,FMN GV 10 Beerse
39,Antwerpseweg 195,2020-01-23,16:00:00,30,23,7,FMN GV 10 Beerse
39,Antwerpseweg 195,2020-01-23,17:00:00,20,12,8,FMN GV 10 Beerse
39,Antwerpseweg 195,2020-01-23,18:00:00,8,5,3,FMN GV 10 Beerse
39,Antwerpseweg 195,2020-01-23,19:00:00,5,4,1,FMN GV 10 Beerse
39,Antwerpseweg 195,2020-01-23,20:00:00,3,1,2,FMN GV 10 Beerse
39,Antwerpseweg 195,2020-01-23,21:00:00,2,1,1,FMN GV 10 Beerse
39,Antwerpseweg 195,2020-01-23,22:00:00,2,1,1,FMN GV 10 Beerse
39,Antwerpseweg 195,2020-01-23,23:00:00,1,1,0,FMN GV 10 Beerse
39,Antwerpseweg 195,2020-01-24,00:00:00,0,0,0,FMN GV 10 Beerse
39,Antwerpseweg 195,2020-01-24,01:00:00,0,0,0,FMN GV 10 Beerse
39,Antwerpseweg 195,2020-01-24,02:00:00,0,0,0,FMN GV 10 Beerse
39,Antwerpseweg 195,2020-01-24,03:00:00,0,0,0,FMN GV 10 Beerse
39,Antwerpseweg 195,2020-01-24,04:00:00,1,1,0,FMN GV 10 Beerse
39,Antwerpseweg 195,2020-01-24,05:00:00,5,5,0,FMN GV 10 Beerse
39,Antwerpseweg 195,2020-01-24,06:00:00,9,8,1,FMN GV 10 Beerse
39,Antwerpseweg 195,2020-01-24,07:00:00,31,28,3,FMN GV 10 Beerse
39,Antwerpseweg 195,2020-01-24,08:00:00,15,10,5,FMN GV 10 Beerse
39,Antwerpseweg 195,2020-01-24,09:00:00,6,5,1,FMN GV 10 Beerse
39,Antwerpseweg 195,2020-01-24,10:00:00,9,6,3,FMN GV 10 Beerse
39,Antwerpseweg 195,2020-01-24,11:00:00,3,2,1,FMN GV 10 Beerse
39,Antwerpseweg 195,2020-01-24,12:00:00,10,8,2,FMN GV 10 Beerse
39,Antwerpseweg 195,2020-01-24,13:00:00,17,14,3,FMN GV 10 Beerse
39,Antwerpseweg 195,2020-01-24,14:00:00,10,7,3,FMN GV 10 Beerse
39,Antwerpseweg 195,2020-01-24,15:00:00,13,10,3,FMN GV 10 Beerse
39,Antwerpseweg 195,2020-01-24,16:00:00,19,16,3,FMN GV 10 Beerse
39,Antwerpseweg 195,2020-01-24,17:00:00,14,10,4,FMN GV 10 Beerse
39,Antwerpseweg 195,2020-01-24,18:00:00,5,4,1,FMN GV 10 Beerse
39,Antwerpseweg 195,2020-01-24,19:00:00,1,1,0,FMN GV 10 Beerse
39,Antwerpseweg 195,2020-01-24,20:00:00,1,1,0,FMN GV 10 Beerse
39,Antwerpseweg 195,2020-01-24,21:00:00,1,1,0,FMN GV 10 Beerse
39,Antwerpseweg 195,2020-01-24,22:00:00,6,6,0,FMN GV 10 Beerse
39,Antwerpseweg 195,2020-01-24,23:00:00,0,0,0,FMN GV 10 Beerse
39,Antwerpseweg 195,2020-01-25,00:00:00,2,1,1,FMN GV 10 Beerse
39,Antwerpseweg 195,2020-01-25,01:00:00,1,1,0,FMN GV 10 Beerse
39,Antwerpseweg 195,2020-01-25,02:00:00,0,0,0,FMN GV 10 Beerse
39,Antwerpseweg 195,2020-01-25,03:00:00,1,1,0,FMN GV 10 Beerse
39,Antwerpseweg 195,2020-01-25,04:00:00,1,1,0,FMN GV 10 Beerse
39,Antwerpseweg 195,2020-01-25,05:00:00,0,0,0,FMN GV 10 Beerse
39,Antwerpseweg 195,2020-01-25,06:00:00,0,0,0,FMN GV 10 Beerse
39,Antwerpseweg 195,2020-01-25,07:00:00,2,1,1,FMN GV 10 Beerse
39,Antwerpseweg 195,2020-01-25,08:00:00,2,1,1,FMN GV 10 Beerse
39,Antwerpseweg 195,2020-01-25,09:00:00,7,3,4,FMN GV 10 Beerse
39,Antwerpseweg 195,2020-01-25,10:00:00,8,6,2,FMN GV 10 Beerse
39,Antwerpseweg 195,2020-01-25,11:00:00,4,4,0,FMN GV 10 Beerse
39,Antwerpseweg 195,2020-01-25,12:00:00,11,4,7,FMN GV 10 Beerse
39,Antwerpseweg 195,2020-01-25,13:00:00,24,9,15,FMN GV 10 Beerse
39,Antwerpseweg 195,2020-01-25,14:00:00,6,4,2,FMN GV 10 Beerse
39,Antwerpseweg 195,2020-01-25,15:00:00,14,8,6,FMN GV 10 Beerse
39,Antwerpseweg 195,2020-01-25,16:00:00,17,12,5,FMN GV 10 Beerse
39,Antwerpseweg 195,2020-01-25,17:00:00,1,1,0,FMN GV 10 Beerse
39,Antwerpseweg 195,2020-01-25,18:00:00,1,1,0,FMN GV 10 Beerse
39,Antwerpseweg 195,2020-01-25,19:00:00,4,4,0,FMN GV 10 Beerse
39,Antwerpseweg 195,2020-01-25,20:00:00,0,0,0,FMN GV 10 Beerse
39,Antwerpseweg 195,2020-01-25,21:00:00,1,0,1,FMN GV 10 Beerse
39,Antwerpseweg 195,2020-01-25,22:00:00,0,0,0,FMN GV 10 Beerse
39,Antwerpseweg 195,2020-01-25,23:00:00,0,0,0,FMN GV 10 Beerse
39,Antwerpseweg 195,2020-01-26,00:00:00,2,1,1,FMN GV 10 Beerse
39,Antwerpseweg 195,2020-01-26,01:00:00,0,0,0,FMN GV 10 Beerse
39,Antwerpseweg 195,2020-01-26,02:00:00,0,0,0,FMN GV 10 Beerse
39,Antwerpseweg 195,2020-01-26,03:00:00,0,0,0,FMN GV 10 Beerse
39,Antwerpseweg 195,2020-01-26,04:00:00,0,0,0,FMN GV 10 Beerse
39,Antwerpseweg 195,2020-01-26,05:00:00,0,0,0,FMN GV 10 Beerse
39,Antwerpseweg 195,2020-01-26,06:00:00,0,0,0,FMN GV 10 Beerse
39,Antwerpseweg 195,2020-01-26,07:00:00,0,0,0,FMN GV 10 Beerse
39,Antwerpseweg 195,2020-01-26,08:00:00,2,0,2,FMN GV 10 Beerse
39,Antwerpseweg 195,2020-01-26,09:00:00,5,5,0,FMN GV 10 Beerse
39,Antwerpseweg 195,2020-01-26,10:00:00,8,7,1,FMN GV 10 Beerse
39,Antwerpseweg 195,2020-01-26,11:00:00,10,4,6,FMN GV 10 Beerse
39,Antwerpseweg 195,2020-01-26,12:00:00,10,8,2,FMN GV 10 Beerse
39,Antwerpseweg 195,2020-01-26,13:00:00,25,22,3,FMN GV 10 Beerse
39,Antwerpseweg 195,2020-01-26,14:00:00,23,16,7,FMN GV 10 Beerse
39,Antwerpseweg 195,2020-01-26,15:00:00,18,12,6,FMN GV 10 Beerse
39,Antwerpseweg 195,2020-01-26,16:00:00,10,7,3,FMN GV 10 Beerse
39,Antwerpseweg 195,2020-01-26,17:00:00,3,0,3,FMN GV 10 Beerse
39,Antwerpseweg 195,2020-01-26,18:00:00,5,5,0,FMN GV 10 Beerse
39,Antwerpseweg 195,2020-01-26,19:00:00,2,1,1,FMN GV 10 Beerse
39,Antwerpseweg 195,2020-01-26,20:00:00,2,1,1,FMN GV 10 Beerse
39,Antwerpseweg 195,2020-01-26,21:00:00,0,0,0,FMN GV 10 Beerse
39,Antwerpseweg 195,2020-01-26,22:00:00,0,0,0,FMN GV 10 Beerse
39,Antwerpseweg 195,2020-01-26,23:00:00,0,0,0,FMN GV 10 Beerse
39,Antwerpseweg 195,2020-01-27,00:00:00,0,0,0,FMN GV 10 Beerse
39,Antwerpseweg 195,2020-01-27,01:00:00,0,0,0,FMN GV 10 Beerse
39,Antwerpseweg 195,2020-01-27,02:00:00,0,0,0,FMN GV 10 Beerse
39,Antwerpseweg 195,2020-01-27,03:00:00,0,0,0,FMN GV 10 Beerse
39,Antwerpseweg 195,2020-01-27,04:00:00,1,1,0,FMN GV 10 Beerse
39,Antwerpseweg 195,2020-01-27,05:00:00,5,4,1,FMN GV 10 Beerse
39,Antwerpseweg 195,2020-01-27,06:00:00,7,7,0,FMN GV 10 Beerse
39,Antwerpseweg 195,2020-01-27,07:00:00,37,34,3,FMN GV 10 Beerse
39,Antwerpseweg 195,2020-01-27,08:00:00,18,16,2,FMN GV 10 Beerse
39,Antwerpseweg 195,2020-01-27,09:00:00,7,3,4,FMN GV 10 Beerse
39,Antwerpseweg 195,2020-01-27,10:00:00,3,3,0,FMN GV 10 Beerse
39,Antwerpseweg 195,2020-01-27,11:00:00,9,7,2,FMN GV 10 Beerse
39,Antwerpseweg 195,2020-01-27,12:00:00,13,11,2,FMN GV 10 Beerse
39,Antwerpseweg 195,2020-01-27,13:00:00,16,12,4,FMN GV 10 Beerse
39,Antwerpseweg 195,2020-01-27,14:00:00,8,5,3,FMN GV 10 Beerse
39,Antwerpseweg 195,2020-01-27,15:00:00,14,10,4,FMN GV 10 Beerse
39,Antwerpseweg 195,2020-01-27,16:00:00,25,16,9,FMN GV 10 Beerse
39,Antwerpseweg 195,2020-01-27,17:00:00,24,16,8,FMN GV 10 Beerse
39,Antwerpseweg 195,2020-01-27,18:00:00,10,6,4,FMN GV 10 Beerse
39,Antwerpseweg 195,2020-01-27,19:00:00,3,3,0,FMN GV 10 Beerse
39,Antwerpseweg 195,2020-01-27,20:00:00,0,0,0,FMN GV 10 Beerse
39,Antwerpseweg 195,2020-01-27,21:00:00,2,2,0,FMN GV 10 Beerse
39,Antwerpseweg 195,2020-01-27,22:00:00,5,4,1,FMN GV 10 Beerse
39,Antwerpseweg 195,2020-01-27,23:00:00,1,1,0,FMN GV 10 Beerse
39,Antwerpseweg 195,2020-01-28,00:00:00,0,0,0,FMN GV 10 Beerse
39,Antwerpseweg 195,2020-01-28,01:00:00,0,0,0,FMN GV 10 Beerse
39,Antwerpseweg 195,2020-01-28,02:00:00,0,0,0,FMN GV 10 Beerse
39,Antwerpseweg 195,2020-01-28,03:00:00,0,0,0,FMN GV 10 Beerse
39,Antwerpseweg 195,2020-01-28,04:00:00,1,1,0,FMN GV 10 Beerse
39,Antwerpseweg 195,2020-01-28,05:00:00,5,5,0,FMN GV 10 Beerse
39,Antwerpseweg 195,2020-01-28,06:00:00,5,5,0,FMN GV 10 Beerse
39,Antwerpseweg 195,2020-01-28,07:00:00,26,22,4,FMN GV 10 Beerse
39,Antwerpseweg 195,2020-01-28,08:00:00,13,12,1,FMN GV 10 Beerse
39,Antwerpseweg 195,2020-01-28,09:00:00,3,0,3,FMN GV 10 Beerse
39,Antwerpseweg 195,2020-01-28,10:00:00,2,2,0,FMN GV 10 Beerse
39,Antwerpseweg 195,2020-01-28,11:00:00,2,2,0,FMN GV 10 Beerse
39,Antwerpseweg 195,2020-01-28,12:00:00,1,1,0,FMN GV 10 Beerse
39,Antwerpseweg 195,2020-01-28,13:00:00,9,6,3,FMN GV 10 Beerse
39,Antwerpseweg 195,2020-01-28,14:00:00,5,3,2,FMN GV 10 Beerse
39,Antwerpseweg 195,2020-01-28,15:00:00,18,14,4,FMN GV 10 Beerse
39,Antwerpseweg 195,2020-01-28,16:00:00,23,14,9,FMN GV 10 Beerse
39,Antwerpseweg 195,2020-01-28,17:00:00,20,15,5,FMN GV 10 Beerse
39,Antwerpseweg 195,2020-01-28,18:00:00,8,6,2,FMN GV 10 Beerse
39,Antwerpseweg 195,2020-01-28,19:00:00,3,2,1,FMN GV 10 Beerse
39,Antwerpseweg 195,2020-01-28,20:00:00,1,0,1,FMN GV 10 Beerse
39,Antwerpseweg 195,2020-01-28,21:00:00,2,1,1,FMN GV 10 Beerse
39,Antwerpseweg 195,2020-01-28,22:00:00,5,4,1,FMN GV 10 Beerse
39,Antwerpseweg 195,2020-01-28,23:00:00,0,0,0,FMN GV 10 Beerse
39,Antwerpseweg 195,2020-01-29,00:00:00,0,0,0,FMN GV 10 Beerse
39,Antwerpseweg 195,2020-01-29,01:00:00,0,0,0,FMN GV 10 Beerse
39,Antwerpseweg 195,2020-01-29,02:00:00,0,0,0,FMN GV 10 Beerse
39,Antwerpseweg 195,2020-01-29,03:00:00,1,1,0,FMN GV 10 Beerse
39,Antwerpseweg 195,2020-01-29,04:00:00,0,0,0,FMN GV 10 Beerse
39,Antwerpseweg 195,2020-01-29,05:00:00,5,5,0,FMN GV 10 Beerse
39,Antwerpseweg 195,2020-01-29,06:00:00,3,3,0,FMN GV 10 Beerse
39,Antwerpseweg 195,2020-01-29,07:00:00,29,27,2,FMN GV 10 Beerse
39,Antwerpseweg 195,2020-01-29,08:00:00,19,17,2,FMN GV 10 Beerse
39,Antwerpseweg 195,2020-01-29,09:00:00,7,7,0,FMN GV 10 Beerse
39,Antwerpseweg 195,2020-01-29,10:00:00,5,4,1,FMN GV 10 Beerse
39,Antwerpseweg 195,2020-01-29,11:00:00,7,3,4,FMN GV 10 Beerse
39,Antwerpseweg 195,2020-01-29,12:00:00,17,11,6,FMN GV 10 Beerse
39,Antwerpseweg 195,2020-01-29,13:00:00,16,10,6,FMN GV 10 Beerse
39,Antwerpseweg 195,2020-01-29,14:00:00,21,13,8,FMN GV 10 Beerse
39,Antwerpseweg 195,2020-01-29,15:00:00,11,9,2,FMN GV 10 Beerse
39,Antwerpseweg 195,2020-01-29,16:00:00,20,16,4,FMN GV 10 Beerse
39,Antwerpseweg 195,2020-01-29,17:00:00,21,11,10,FMN GV 10 Beerse
39,Antwerpseweg 195,2020-01-29,18:00:00,10,8,2,FMN GV 10 Beerse
39,Antwerpseweg 195,2020-01-29,19:00:00,8,6,2,FMN GV 10 Beerse
39,Antwerpseweg 195,2020-01-29,20:00:00,3,2,1,FMN GV 10 Beerse
39,Antwerpseweg 195,2020-01-29,21:00:00,4,3,1,FMN GV 10 Beerse
39,Antwerpseweg 195,2020-01-29,22:00:00,3,3,0,FMN GV 10 Beerse
39,Antwerpseweg 195,2020-01-29,23:00:00,0,0,0,FMN GV 10 Beerse
39,Antwerpseweg 195,2020-01-30,00:00:00,0,0,0,FMN GV 10 Beerse
39,Antwerpseweg 195,2020-01-30,01:00:00,0,0,0,FMN GV 10 Beerse
39,Antwerpseweg 195,2020-01-30,02:00:00,0,0,0,FMN GV 10 Beerse
39,Antwerpseweg 195,2020-01-30,03:00:00,0,0,0,FMN GV 10 Beerse
39,Antwerpseweg 195,2020-01-30,04:00:00,1,1,0,FMN GV 10 Beerse
39,Antwerpseweg 195,2020-01-30,05:00:00,3,3,0,FMN GV 10 Beerse
39,Antwerpseweg 195,2020-01-30,06:00:00,6,5,1,FMN GV 10 Beerse
39,Antwerpseweg 195,2020-01-30,07:00:00,37,32,5,FMN GV 10 Beerse
39,Antwerpseweg 195,2020-01-30,08:00:00,22,19,3,FMN GV 10 Beerse
39,Antwerpseweg 195,2020-01-30,09:00:00,7,4,3,FMN GV 10 Beerse
39,Antwerpseweg 195,2020-01-30,10:00:00,6,5,1,FMN GV 10 Beerse
39,Antwerpseweg 195,2020-01-30,11:00:00,3,2,1,FMN GV 10 Beerse
39,Antwerpseweg 195,2020-01-30,12:00:00,12,8,4,FMN GV 10 Beerse
39,Antwerpseweg 195,2020-01-30,13:00:00,19,15,4,FMN GV 10 Beerse
39,Antwerpseweg 195,2020-01-30,14:00:00,15,11,4,FMN GV 10 Beerse
39,Antwerpseweg 195,2020-01-30,15:00:00,29,21,8,FMN GV 10 Beerse
39,Antwerpseweg 195,2020-01-30,16:00:00,27,22,5,FMN GV 10 Beerse
39,Antwerpseweg 195,2020-01-30,17:00:00,20,14,6,FMN GV 10 Beerse
39,Antwerpseweg 195,2020-01-30,18:00:00,10,1,9,FMN GV 10 Beerse
39,Antwerpseweg 195,2020-01-30,19:00:00,3,2,1,FMN GV 10 Beerse
39,Antwerpseweg 195,2020-01-30,20:00:00,0,0,0,FMN GV 10 Beerse
39,Antwerpseweg 195,2020-01-30,21:00:00,2,2,0,FMN GV 10 Beerse
39,Antwerpseweg 195,2020-01-30,22:00:00,2,2,0,FMN GV 10 Beerse
39,Antwerpseweg 195,2020-01-30,23:00:00,0,0,0,FMN GV 10 Beerse
39,Antwerpseweg 195,2020-01-31,00:00:00,0,0,0,FMN GV 10 Beerse
39,Antwerpseweg 195,2020-01-31,01:00:00,1,1,0,FMN GV 10 Beerse
39,Antwerpseweg 195,2020-01-31,02:00:00,0,0,0,FMN GV 10 Beerse
39,Antwerpseweg 195,2020-01-31,03:00:00,0,0,0,FMN GV 10 Beerse
39,Antwerpseweg 195,2020-01-31,04:00:00,2,2,0,FMN GV 10 Beerse
39,Antwerpseweg 195,2020-01-31,05:00:00,8,8,0,FMN GV 10 Beerse
39,Antwerpseweg 195,2020-01-31,06:00:00,11,9,2,FMN GV 10 Beerse
39,Antwerpseweg 195,2020-01-31,07:00:00,27,23,4,FMN GV 10 Beerse
39,Antwerpseweg 195,2020-01-31,08:00:00,17,15,2,FMN GV 10 Beerse
39,Antwerpseweg 195,2020-01-31,09:00:00,5,4,1,FMN GV 10 Beerse
39,Antwerpseweg 195,2020-01-31,10:00:00,4,4,0,FMN GV 10 Beerse
39,Antwerpseweg 195,2020-01-31,11:00:00,7,7,0,FMN GV 10 Beerse
39,Antwerpseweg 195,2020-01-31,12:00:00,10,9,1,FMN GV 10 Beerse
39,Antwerpseweg 195,2020-01-31,13:00:00,17,14,3,FMN GV 10 Beerse
39,Antwerpseweg 195,2020-01-31,14:00:00,5,4,1,FMN GV 10 Beerse
39,Antwerpseweg 195,2020-01-31,15:00:00,14,9,5,FMN GV 10 Beerse
39,Antwerpseweg 195,2020-01-31,16:00:00,29,22,7,FMN GV 10 Beerse
39,Antwerpseweg 195,2020-01-31,17:00:00,16,12,4,FMN GV 10 Beerse
39,Antwerpseweg 195,2020-01-31,18:00:00,2,2,0,FMN GV 10 Beerse
39,Antwerpseweg 195,2020-01-31,19:00:00,10,9,1,FMN GV 10 Beerse
39,Antwerpseweg 195,2020-01-31,20:00:00,2,1,1,FMN GV 10 Beerse
39,Antwerpseweg 195,2020-01-31,21:00:00,1,1,0,FMN GV 10 Beerse
39,Antwerpseweg 195,2020-01-31,22:00:00,4,3,1,FMN GV 10 Beerse
39,Antwerpseweg 195,2020-01-31,23:00:00,6,3,3,FMN GV 10 Beerse
39,Antwerpseweg 195,2020-02-01,00:00:00,0,0,0,FMN GV 10 Beerse
39,Antwerpseweg 195,2020-02-01,01:00:00,2,2,0,FMN GV 10 Beerse
39,Antwerpseweg 195,2020-02-01,02:00:00,1,1,0,FMN GV 10 Beerse
39,Antwerpseweg 195,2020-02-01,03:00:00,1,1,0,FMN GV 10 Beerse
39,Antwerpseweg 195,2020-02-01,04:00:00,1,1,0,FMN GV 10 Beerse
39,Antwerpseweg 195,2020-02-01,05:00:00,0,0,0,FMN GV 10 Beerse
39,Antwerpseweg 195,2020-02-01,06:00:00,0,0,0,FMN GV 10 Beerse
39,Antwerpseweg 195,2020-02-01,07:00:00,0,0,0,FMN GV 10 Beerse
39,Antwerpseweg 195,2020-02-01,08:00:00,2,1,1,FMN GV 10 Beerse
39,Antwerpseweg 195,2020-02-01,09:00:00,6,2,4,FMN GV 10 Beerse
39,Antwerpseweg 195,2020-02-01,10:00:00,3,1,2,FMN GV 10 Beerse
39,Antwerpseweg 195,2020-02-01,11:00:00,4,3,1,FMN GV 10 Beerse
39,Antwerpseweg 195,2020-02-01,12:00:00,9,6,3,FMN GV 10 Beerse
39,Antwerpseweg 195,2020-02-01,13:00:00,16,14,2,FMN GV 10 Beerse
39,Antwerpseweg 195,2020-02-01,14:00:00,11,7,4,FMN GV 10 Beerse
39,Antwerpseweg 195,2020-02-01,15:00:00,8,4,4,FMN GV 10 Beerse
39,Antwerpseweg 195,2020-02-01,16:00:00,2,1,1,FMN GV 10 Beerse
39,Antwerpseweg 195,2020-02-01,17:00:00,6,2,4,FMN GV 10 Beerse
39,Antwerpseweg 195,2020-02-01,18:00:00,1,1,0,FMN GV 10 Beerse
39,Antwerpseweg 195,2020-02-01,19:00:00,1,1,0,FMN GV 10 Beerse
39,Antwerpseweg 195,2020-02-01,20:00:00,3,3,0,FMN GV 10 Beerse
39,Antwerpseweg 195,2020-02-01,21:00:00,1,1,0,FMN GV 10 Beerse
39,Antwerpseweg 195,2020-02-01,22:00:00,0,0,0,FMN GV 10 Beerse
39,Antwerpseweg 195,2020-02-01,23:00:00,1,1,0,FMN GV 10 Beerse
39,Antwerpseweg 195,2020-02-02,00:00:00,0,0,0,FMN GV 10 Beerse
39,Antwerpseweg 195,2020-02-02,01:00:00,0,0,0,FMN GV 10 Beerse
39,Antwerpseweg 195,2020-02-02,02:00:00,0,0,0,FMN GV 10 Beerse
39,Antwerpseweg 195,2020-02-02,03:00:00,0,0,0,FMN GV 10 Beerse
39,Antwerpseweg 195,2020-02-02,04:00:00,0,0,0,FMN GV 10 Beerse
39,Antwerpseweg 195,2020-02-02,05:00:00,0,0,0,FMN GV 10 Beerse
39,Antwerpseweg 195,2020-02-02,06:00:00,0,0,0,FMN GV 10 Beerse
39,Antwerpseweg 195,2020-02-02,07:00:00,0,0,0,FMN GV 10 Beerse
39,Antwerpseweg 195,2020-02-02,08:00:00,0,0,0,FMN GV 10 Beerse
39,Antwerpseweg 195,2020-02-02,09:00:00,1,0,1,FMN GV 10 Beerse
39,Antwerpseweg 195,2020-02-02,10:00:00,2,2,0,FMN GV 10 Beerse
39,Antwerpseweg 195,2020-02-02,11:00:00,4,0,4,FMN GV 10 Beerse
39,Antwerpseweg 195,2020-02-02,12:00:00,1,1,0,FMN GV 10 Beerse
39,Antwerpseweg 195,2020-02-02,13:00:00,4,1,3,FMN GV 10 Beerse
39,Antwerpseweg 195,2020-02-02,14:00:00,2,2,0,FMN GV 10 Beerse
39,Antwerpseweg 195,2020-02-02,15:00:00,7,7,0,FMN GV 10 Beerse
39,Antwerpseweg 195,2020-02-02,16:00:00,3,3,0,FMN GV 10 Beerse
39,Antwerpseweg 195,2020-02-02,17:00:00,2,2,0,FMN GV 10 Beerse
39,Antwerpseweg 195,2020-02-02,18:00:00,1,1,0,FMN GV 10 Beerse
39,Antwerpseweg 195,2020-02-02,19:00:00,2,2,0,FMN GV 10 Beerse
39,Antwerpseweg 195,2020-02-02,20:00:00,1,1,0,FMN GV 10 Beerse
39,Antwerpseweg 195,2020-02-02,21:00:00,0,0,0,FMN GV 10 Beerse
39,Antwerpseweg 195,2020-02-02,22:00:00,0,0,0,FMN GV 10 Beerse
39,Antwerpseweg 195,2020-02-02,23:00:00,0,0,0,FMN GV 10 Beerse
39,Antwerpseweg 195,2020-02-03,00:00:00,0,0,0,FMN GV 10 Beerse
39,Antwerpseweg 195,2020-02-03,01:00:00,0,0,0,FMN GV 10 Beerse
39,Antwerpseweg 195,2020-02-03,02:00:00,0,0,0,FMN GV 10 Beerse
39,Antwerpseweg 195,2020-02-03,03:00:00,0,0,0,FMN GV 10 Beerse
39,Antwerpseweg 195,2020-02-03,04:00:00,1,1,0,FMN GV 10 Beerse
39,Antwerpseweg 195,2020-02-03,05:00:00,11,11,0,FMN GV 10 Beerse
39,Antwerpseweg 195,2020-02-03,06:00:00,2,2,0,FMN GV 10 Beerse
39,Antwerpseweg 195,2020-02-03,07:00:00,30,27,3,FMN GV 10 Beerse
39,Antwerpseweg 195,2020-02-03,08:00:00,18,16,2,FMN GV 10 Beerse
39,Antwerpseweg 195,2020-02-03,09:00:00,3,3,0,FMN GV 10 Beerse
39,Antwerpseweg 195,2020-02-03,10:00:00,3,1,2,FMN GV 10 Beerse
39,Antwerpseweg 195,2020-02-03,11:00:00,7,5,2,FMN GV 10 Beerse
39,Antwerpseweg 195,2020-02-03,12:00:00,5,3,2,FMN GV 10 Beerse
39,Antwerpseweg 195,2020-02-03,13:00:00,19,13,6,FMN GV 10 Beerse
39,Antwerpseweg 195,2020-02-03,14:00:00,19,10,9,FMN GV 10 Beerse
39,Antwerpseweg 195,2020-02-03,15:00:00,20,14,6,FMN GV 10 Beerse
39,Antwerpseweg 195,2020-02-03,16:00:00,19,13,6,FMN GV 10 Beerse
39,Antwerpseweg 195,2020-02-03,17:00:00,23,16,7,FMN GV 10 Beerse
39,Antwerpseweg 195,2020-02-03,18:00:00,8,6,2,FMN GV 10 Beerse
39,Antwerpseweg 195,2020-02-03,19:00:00,2,2,0,FMN GV 10 Beerse
39,Antwerpseweg 195,2020-02-03,20:00:00,4,1,3,FMN GV 10 Beerse
39,Antwerpseweg 195,2020-02-03,21:00:00,1,1,0,FMN GV 10 Beerse
39,Antwerpseweg 195,2020-02-03,22:00:00,1,1,0,FMN GV 10 Beerse
39,Antwerpseweg 195,2020-02-03,23:00:00,0,0,0,FMN GV 10 Beerse
39,Antwerpseweg 195,2020-02-04,00:00:00,0,0,0,FMN GV 10 Beerse
39,Antwerpseweg 195,2020-02-04,01:00:00,0,0,0,FMN GV 10 Beerse
39,Antwerpseweg 195,2020-02-04,02:00:00,1,1,0,FMN GV 10 Beerse
39,Antwerpseweg 195,2020-02-04,03:00:00,0,0,0,FMN GV 10 Beerse
39,Antwerpseweg 195,2020-02-04,04:00:00,1,1,0,FMN GV 10 Beerse
39,Antwerpseweg 195,2020-02-04,05:00:00,5,5,0,FMN GV 10 Beerse
39,Antwerpseweg 195,2020-02-04,06:00:00,6,6,0,FMN GV 10 Beerse
39,Antwerpseweg 195,2020-02-04,07:00:00,28,26,2,FMN GV 10 Beerse
39,Antwerpseweg 195,2020-02-04,08:00:00,11,11,0,FMN GV 10 Beerse
39,Antwerpseweg 195,2020-02-04,09:00:00,7,5,2,FMN GV 10 Beerse
39,Antwerpseweg 195,2020-02-04,10:00:00,3,2,1,FMN GV 10 Beerse
39,Antwerpseweg 195,2020-02-04,11:00:00,1,1,0,FMN GV 10 Beerse
39,Antwerpseweg 195,2020-02-04,12:00:00,12,1,11,FMN GV 10 Beerse
39,Antwerpseweg 195,2020-02-04,13:00:00,10,7,3,FMN GV 10 Beerse
39,Antwerpseweg 195,2020-02-04,14:00:00,8,6,2,FMN GV 10 Beerse
39,Antwerpseweg 195,2020-02-04,15:00:00,10,9,1,FMN GV 10 Beerse
39,Antwerpseweg 195,2020-02-04,16:00:00,27,22,5,FMN GV 10 Beerse
39,Antwerpseweg 195,2020-02-04,17:00:00,19,15,4,FMN GV 10 Beerse
39,Antwerpseweg 195,2020-02-04,18:00:00,7,5,2,FMN GV 10 Beerse
39,Antwerpseweg 195,2020-02-04,19:00:00,3,2,1,FMN GV 10 Beerse
39,Antwerpseweg 195,2020-02-04,20:00:00,2,1,1,FMN GV 10 Beerse
39,Antwerpseweg 195,2020-02-04,21:00:00,2,2,0,FMN GV 10 Beerse
39,Antwerpseweg 195,2020-02-04,22:00:00,2,2,0,FMN GV 10 Beerse
39,Antwerpseweg 195,2020-02-04,23:00:00,0,0,0,FMN GV 10 Beerse
39,Antwerpseweg 195,2020-02-05,00:00:00,0,0,0,FMN GV 10 Beerse
39,Antwerpseweg 195,2020-02-05,01:00:00,0,0,0,FMN GV 10 Beerse
39,Antwerpseweg 195,2020-02-05,02:00:00,0,0,0,FMN GV 10 Beerse
39,Antwerpseweg 195,2020-02-05,03:00:00,1,1,0,FMN GV 10 Beerse
39,Antwerpseweg 195,2020-02-05,04:00:00,1,1,0,FMN GV 10 Beerse
39,Antwerpseweg 195,2020-02-05,05:00:00,8,8,0,FMN GV 10 Beerse
39,Antwerpseweg 195,2020-02-05,06:00:00,11,11,0,FMN GV 10 Beerse
39,Antwerpseweg 195,2020-02-05,07:00:00,35,33,2,FMN GV 10 Beerse
39,Antwerpseweg 195,2020-02-05,08:00:00,20,18,2,FMN GV 10 Beerse
39,Antwerpseweg 195,2020-02-05,09:00:00,5,3,2,FMN GV 10 Beerse
39,Antwerpseweg 195,2020-02-05,10:00:00,8,8,0,FMN GV 10 Beerse
39,Antwerpseweg 195,2020-02-05,11:00:00,8,3,5,FMN GV 10 Beerse
39,Antwerpseweg 195,2020-02-05,12:00:00,15,10,5,FMN GV 10 Beerse
39,Antwerpseweg 195,2020-02-05,13:00:00,20,11,9,FMN GV 10 Beerse
39,Antwerpseweg 195,2020-02-05,14:00:00,26,22,4,FMN GV 10 Beerse
39,Antwerpseweg 195,2020-02-05,15:00:00,11,5,6,FMN GV 10 Beerse
39,Antwerpseweg 195,2020-02-05,16:00:00,25,15,10,FMN GV 10 Beerse
39,Antwerpseweg 195,2020-02-05,17:00:00,21,13,8,FMN GV 10 Beerse
39,Antwerpseweg 195,2020-02-05,18:00:00,8,6,2,FMN GV 10 Beerse
39,Antwerpseweg 195,2020-02-05,19:00:00,3,3,0,FMN GV 10 Beerse
39,Antwerpseweg 195,2020-02-05,20:00:00,7,6,1,FMN GV 10 Beerse
39,Antwerpseweg 195,2020-02-05,21:00:00,4,4,0,FMN GV 10 Beerse
39,Antwerpseweg 195,2020-02-05,22:00:00,1,1,0,FMN GV 10 Beerse
39,Antwerpseweg 195,2020-02-05,23:00:00,1,1,0,FMN GV 10 Beerse
39,Antwerpseweg 195,2020-02-06,00:00:00,0,0,0,FMN GV 10 Beerse
39,Antwerpseweg 195,2020-02-06,01:00:00,0,0,0,FMN GV 10 Beerse
39,Antwerpseweg 195,2020-02-06,02:00:00,0,0,0,FMN GV 10 Beerse
39,Antwerpseweg 195,2020-02-06,03:00:00,0,0,0,FMN GV 10 Beerse
39,Antwerpseweg 195,2020-02-06,04:00:00,1,1,0,FMN GV 10 Beerse
39,Antwerpseweg 195,2020-02-06,05:00:00,8,8,0,FMN GV 10 Beerse
39,Antwerpseweg 195,2020-02-06,06:00:00,8,8,0,FMN GV 10 Beerse
39,Antwerpseweg 195,2020-02-06,07:00:00,31,25,6,FMN GV 10 Beerse
39,Antwerpseweg 195,2020-02-06,08:00:00,18,17,1,FMN GV 10 Beerse
39,Antwerpseweg 195,2020-02-06,09:00:00,4,3,1,FMN GV 10 Beerse
39,Antwerpseweg 195,2020-02-06,10:00:00,5,4,1,FMN GV 10 Beerse
39,Antwerpseweg 195,2020-02-06,11:00:00,10,9,1,FMN GV 10 Beerse
39,Antwerpseweg 195,2020-02-06,12:00:00,11,8,3,FMN GV 10 Beerse
39,Antwerpseweg 195,2020-02-06,13:00:00,19,14,5,FMN GV 10 Beerse
39,Antwerpseweg 195,2020-02-06,14:00:00,23,15,8,FMN GV 10 Beerse
39,Antwerpseweg 195,2020-02-06,15:00:00,37,27,10,FMN GV 10 Beerse
39,Antwerpseweg 195,2020-02-06,16:00:00,36,26,10,FMN GV 10 Beerse
39,Antwerpseweg 195,2020-02-06,17:00:00,14,9,5,FMN GV 10 Beerse
39,Antwerpseweg 195,2020-02-06,18:00:00,9,7,2,FMN GV 10 Beerse
39,Antwerpseweg 195,2020-02-06,19:00:00,6,6,0,FMN GV 10 Beerse
39,Antwerpseweg 195,2020-02-06,20:00:00,3,1,2,FMN GV 10 Beerse
39,Antwerpseweg 195,2020-02-06,21:00:00,1,1,0,FMN GV 10 Beerse
39,Antwerpseweg 195,2020-02-06,22:00:00,3,2,1,FMN GV 10 Beerse
39,Antwerpseweg 195,2020-02-06,23:00:00,1,1,0,FMN GV 10 Beerse
39,Antwerpseweg 195,2020-02-07,00:00:00,0,0,0,FMN GV 10 Beerse
39,Antwerpseweg 195,2020-02-07,01:00:00,2,0,2,FMN GV 10 Beerse
39,Antwerpseweg 195,2020-02-07,02:00:00,0,0,0,FMN GV 10 Beerse
39,Antwerpseweg 195,2020-02-07,03:00:00,0,0,0,FMN GV 10 Beerse
39,Antwerpseweg 195,2020-02-07,04:00:00,1,1,0,FMN GV 10 Beerse
39,Antwerpseweg 195,2020-02-07,05:00:00,8,7,1,FMN GV 10 Beerse
39,Antwerpseweg 195,2020-02-07,06:00:00,4,3,1,FMN GV 10 Beerse
39,Antwerpseweg 195,2020-02-07,07:00:00,28,25,3,FMN GV 10 Beerse
39,Antwerpseweg 195,2020-02-07,08:00:00,13,11,2,FMN GV 10 Beerse
39,Antwerpseweg 195,2020-02-07,09:00:00,5,3,2,FMN GV 10 Beerse
39,Antwerpseweg 195,2020-02-07,10:00:00,9,5,4,FMN GV 10 Beerse
39,Antwerpseweg 195,2020-02-07,11:00:00,6,5,1,FMN GV 10 Beerse
39,Antwerpseweg 195,2020-02-07,12:00:00,15,12,3,FMN GV 10 Beerse
39,Antwerpseweg 195,2020-02-07,13:00:00,32,24,8,FMN GV 10 Beerse
39,Antwerpseweg 195,2020-02-07,14:00:00,15,12,3,FMN GV 10 Beerse
39,Antwerpseweg 195,2020-02-07,15:00:00,16,9,7,FMN GV 10 Beerse
39,Antwerpseweg 195,2020-02-07,16:00:00,29,22,7,FMN GV 10 Beerse
39,Antwerpseweg 195,2020-02-07,17:00:00,18,13,5,FMN GV 10 Beerse
39,Antwerpseweg 195,2020-02-07,18:00:00,9,5,4,FMN GV 10 Beerse
39,Antwerpseweg 195,2020-02-07,19:00:00,4,4,0,FMN GV 10 Beerse
39,Antwerpseweg 195,2020-02-07,20:00:00,2,1,1,FMN GV 10 Beerse
39,Antwerpseweg 195,2020-02-07,21:00:00,0,0,0,FMN GV 10 Beerse
39,Antwerpseweg 195,2020-02-07,22:00:00,7,7,0,FMN GV 10 Beerse
39,Antwerpseweg 195,2020-02-07,23:00:00,1,1,0,FMN GV 10 Beerse
39,Antwerpseweg 195,2020-02-08,00:00:00,0,0,0,FMN GV 10 Beerse
39,Antwerpseweg 195,2020-02-08,01:00:00,0,0,0,FMN GV 10 Beerse
39,Antwerpseweg 195,2020-02-08,02:00:00,0,0,0,FMN GV 10 Beerse
39,Antwerpseweg 195,2020-02-08,03:00:00,0,0,0,FMN GV 10 Beerse
39,Antwerpseweg 195,2020-02-08,04:00:00,0,0,0,FMN GV 10 Beerse
39,Antwerpseweg 195,2020-02-08,05:00:00,0,0,0,FMN GV 10 Beerse
39,Antwerpseweg 195,2020-02-08,06:00:00,1,1,0,FMN GV 10 Beerse
39,Antwerpseweg 195,2020-02-08,07:00:00,2,2,0,FMN GV 10 Beerse
39,Antwerpseweg 195,2020-02-08,08:00:00,2,1,1,FMN GV 10 Beerse
39,Antwerpseweg 195,2020-02-08,09:00:00,15,9,6,FMN GV 10 Beerse
39,Antwerpseweg 195,2020-02-08,10:00:00,11,10,1,FMN GV 10 Beerse
39,Antwerpseweg 195,2020-02-08,11:00:00,8,8,0,FMN GV 10 Beerse
39,Antwerpseweg 195,2020-02-08,12:00:00,8,6,2,FMN GV 10 Beerse
39,Antwerpseweg 195,2020-02-08,13:00:00,7,5,2,FMN GV 10 Beerse
39,Antwerpseweg 195,2020-02-08,14:00:00,5,5,0,FMN GV 10 Beerse
39,Antwerpseweg 195,2020-02-08,15:00:00,4,3,1,FMN GV 10 Beerse
39,Antwerpseweg 195,2020-02-08,16:00:00,1,0,1,FMN GV 10 Beerse
39,Antwerpseweg 195,2020-02-08,17:00:00,2,2,0,FMN GV 10 Beerse
39,Antwerpseweg 195,2020-02-08,18:00:00,1,1,0,FMN GV 10 Beerse
39,Antwerpseweg 195,2020-02-08,19:00:00,7,2,5,FMN GV 10 Beerse
39,Antwerpseweg 195,2020-02-08,20:00:00,1,1,0,FMN GV 10 Beerse
39,Antwerpseweg 195,2020-02-08,21:00:00,0,0,0,FMN GV 10 Beerse
39,Antwerpseweg 195,2020-02-08,22:00:00,1,1,0,FMN GV 10 Beerse
39,Antwerpseweg 195,2020-02-08,23:00:00,0,0,0,FMN GV 10 Beerse
39,Antwerpseweg 195,2020-02-09,00:00:00,0,0,0,FMN GV 10 Beerse
39,Antwerpseweg 195,2020-02-09,01:00:00,0,0,0,FMN GV 10 Beerse
39,Antwerpseweg 195,2020-02-09,02:00:00,1,1,0,FMN GV 10 Beerse
39,Antwerpseweg 195,2020-02-09,03:00:00,1,0,1,FMN GV 10 Beerse
39,Antwerpseweg 195,2020-02-09,04:00:00,1,1,0,FMN GV 10 Beerse
39,Antwerpseweg 195,2020-02-09,05:00:00,0,0,0,FMN GV 10 Beerse
39,Antwerpseweg 195,2020-02-09,06:00:00,0,0,0,FMN GV 10 Beerse
39,Antwerpseweg 195,2020-02-09,07:00:00,0,0,0,FMN GV 10 Beerse
39,Antwerpseweg 195,2020-02-09,08:00:00,0,0,0,FMN GV 10 Beerse
39,Antwerpseweg 195,2020-02-09,09:00:00,6,4,2,FMN GV 10 Beerse
39,Antwerpseweg 195,2020-02-09,10:00:00,7,6,1,FMN GV 10 Beerse
39,Antwerpseweg 195,2020-02-09,11:00:00,4,3,1,FMN GV 10 Beerse
39,Antwerpseweg 195,2020-02-09,12:00:00,0,0,0,FMN GV 10 Beerse
39,Antwerpseweg 195,2020-02-09,13:00:00,0,0,0,FMN GV 10 Beerse
39,Antwerpseweg 195,2020-02-09,14:00:00,2,1,1,FMN GV 10 Beerse
39,Antwerpseweg 195,2020-02-09,15:00:00,3,3,0,FMN GV 10 Beerse
39,Antwerpseweg 195,2020-02-09,16:00:00,0,0,0,FMN GV 10 Beerse
39,Antwerpseweg 195,2020-02-09,17:00:00,0,0,0,FMN GV 10 Beerse
39,Antwerpseweg 195,2020-02-09,18:00:00,0,0,0,FMN GV 10 Beerse
39,Antwerpseweg 195,2020-02-09,19:00:00,1,1,0,FMN GV 10 Beerse
39,Antwerpseweg 195,2020-02-09,20:00:00,0,0,0,FMN GV 10 Beerse
39,Antwerpseweg 195,2020-02-09,21:00:00,0,0,0,FMN GV 10 Beerse
39,Antwerpseweg 195,2020-02-09,22:00:00,0,0,0,FMN GV 10 Beerse
39,Antwerpseweg 195,2020-02-09,23:00:00,0,0,0,FMN GV 10 Beerse
39,Antwerpseweg 195,2020-02-10,00:00:00,0,0,0,FMN GV 10 Beerse
39,Antwerpseweg 195,2020-02-10,01:00:00,0,0,0,FMN GV 10 Beerse
39,Antwerpseweg 195,2020-02-10,02:00:00,0,0,0,FMN GV 10 Beerse
39,Antwerpseweg 195,2020-02-10,03:00:00,0,0,0,FMN GV 10 Beerse
39,Antwerpseweg 195,2020-02-10,04:00:00,0,0,0,FMN GV 10 Beerse
39,Antwerpseweg 195,2020-02-10,05:00:00,4,4,0,FMN GV 10 Beerse
39,Antwerpseweg 195,2020-02-10,06:00:00,0,0,0,FMN GV 10 Beerse
39,Antwerpseweg 195,2020-02-10,07:00:00,5,3,2,FMN GV 10 Beerse
39,Antwerpseweg 195,2020-02-10,08:00:00,8,7,1,FMN GV 10 Beerse
39,Antwerpseweg 195,2020-02-10,09:00:00,1,0,1,FMN GV 10 Beerse
39,Antwerpseweg 195,2020-02-10,10:00:00,2,2,0,FMN GV 10 Beerse
39,Antwerpseweg 195,2020-02-10,11:00:00,1,1,0,FMN GV 10 Beerse
39,Antwerpseweg 195,2020-02-10,12:00:00,3,2,1,FMN GV 10 Beerse
39,Antwerpseweg 195,2020-02-10,13:00:00,10,8,2,FMN GV 10 Beerse
39,Antwerpseweg 195,2020-02-10,14:00:00,8,6,2,FMN GV 10 Beerse
39,Antwerpseweg 195,2020-02-10,15:00:00,3,3,0,FMN GV 10 Beerse
39,Antwerpseweg 195,2020-02-10,16:00:00,3,3,0,FMN GV 10 Beerse
39,Antwerpseweg 195,2020-02-10,17:00:00,11,8,3,FMN GV 10 Beerse
39,Antwerpseweg 195,2020-02-10,18:00:00,2,1,1,FMN GV 10 Beerse
39,Antwerpseweg 195,2020-02-10,19:00:00,2,2,0,FMN GV 10 Beerse
39,Antwerpseweg 195,2020-02-10,20:00:00,0,0,0,FMN GV 10 Beerse
39,Antwerpseweg 195,2020-02-10,21:00:00,1,1,0,FMN GV 10 Beerse
39,Antwerpseweg 195,2020-02-10,22:00:00,2,1,1,FMN GV 10 Beerse
39,Antwerpseweg 195,2020-02-10,23:00:00,0,0,0,FMN GV 10 Beerse
39,Antwerpseweg 195,2020-02-11,00:00:00,0,0,0,FMN GV 10 Beerse
39,Antwerpseweg 195,2020-02-11,01:00:00,0,0,0,FMN GV 10 Beerse
39,Antwerpseweg 195,2020-02-11,02:00:00,0,0,0,FMN GV 10 Beerse
39,Antwerpseweg 195,2020-02-11,03:00:00,0,0,0,FMN GV 10 Beerse
39,Antwerpseweg 195,2020-02-11,04:00:00,1,1,0,FMN GV 10 Beerse
39,Antwerpseweg 195,2020-02-11,05:00:00,2,2,0,FMN GV 10 Beerse
39,Antwerpseweg 195,2020-02-11,06:00:00,3,3,0,FMN GV 10 Beerse
39,Antwerpseweg 195,2020-02-11,07:00:00,26,24,2,FMN GV 10 Beerse
39,Antwerpseweg 195,2020-02-11,08:00:00,12,12,0,FMN GV 10 Beerse
39,Antwerpseweg 195,2020-02-11,09:00:00,6,0,6,FMN GV 10 Beerse
39,Antwerpseweg 195,2020-02-11,10:00:00,1,1,0,FMN GV 10 Beerse
39,Antwerpseweg 195,2020-02-11,11:00:00,7,6,1,FMN GV 10 Beerse
39,Antwerpseweg 195,2020-02-11,12:00:00,8,2,6,FMN GV 10 Beerse
39,Antwerpseweg 195,2020-02-11,13:00:00,8,6,2,FMN GV 10 Beerse
39,Antwerpseweg 195,2020-02-11,14:00:00,8,6,2,FMN GV 10 Beerse
39,Antwerpseweg 195,2020-02-11,15:00:00,13,9,4,FMN GV 10 Beerse
39,Antwerpseweg 195,2020-02-11,16:00:00,19,14,5,FMN GV 10 Beerse
39,Antwerpseweg 195,2020-02-11,17:00:00,12,11,1,FMN GV 10 Beerse
39,Antwerpseweg 195,2020-02-11,18:00:00,11,7,4,FMN GV 10 Beerse
39,Antwerpseweg 195,2020-02-11,19:00:00,2,2,0,FMN GV 10 Beerse
39,Antwerpseweg 195,2020-02-11,20:00:00,2,2,0,FMN GV 10 Beerse
39,Antwerpseweg 195,2020-02-11,21:00:00,2,2,0,FMN GV 10 Beerse
39,Antwerpseweg 195,2020-02-11,22:00:00,5,3,2,FMN GV 10 Beerse
39,Antwerpseweg 195,2020-02-11,23:00:00,0,0,0,FMN GV 10 Beerse
39,Antwerpseweg 195,2020-02-12,00:00:00,0,0,0,FMN GV 10 Beerse
39,Antwerpseweg 195,2020-02-12,01:00:00,0,0,0,FMN GV 10 Beerse
39,Antwerpseweg 195,2020-02-12,02:00:00,0,0,0,FMN GV 10 Beerse
39,Antwerpseweg 195,2020-02-12,03:00:00,1,1,0,FMN GV 10 Beerse
39,Antwerpseweg 195,2020-02-12,04:00:00,1,1,0,FMN GV 10 Beerse
39,Antwerpseweg 195,2020-02-12,05:00:00,4,4,0,FMN GV 10 Beerse
39,Antwerpseweg 195,2020-02-12,06:00:00,8,6,2,FMN GV 10 Beerse
39,Antwerpseweg 195,2020-02-12,07:00:00,19,16,3,FMN GV 10 Beerse
39,Antwerpseweg 195,2020-02-12,08:00:00,12,10,2,FMN GV 10 Beerse
39,Antwerpseweg 195,2020-02-12,09:00:00,6,5,1,FMN GV 10 Beerse
39,Antwerpseweg 195,2020-02-12,10:00:00,2,1,1,FMN GV 10 Beerse
39,Antwerpseweg 195,2020-02-12,11:00:00,3,2,1,FMN GV 10 Beerse
39,Antwerpseweg 195,2020-02-12,12:00:00,23,13,10,FMN GV 10 Beerse
39,Antwerpseweg 195,2020-02-12,13:00:00,13,11,2,FMN GV 10 Beerse
39,Antwerpseweg 195,2020-02-12,14:00:00,7,5,2,FMN GV 10 Beerse
39,Antwerpseweg 195,2020-02-12,15:00:00,13,10,3,FMN GV 10 Beerse
39,Antwerpseweg 195,2020-02-12,16:00:00,30,19,11,FMN GV 10 Beerse
39,Antwerpseweg 195,2020-02-12,17:00:00,16,12,4,FMN GV 10 Beerse
39,Antwerpseweg 195,2020-02-12,18:00:00,6,5,1,FMN GV 10 Beerse
39,Antwerpseweg 195,2020-02-12,19:00:00,3,3,0,FMN GV 10 Beerse
39,Antwerpseweg 195,2020-02-12,20:00:00,6,3,3,FMN GV 10 Beerse
39,Antwerpseweg 195,2020-02-12,21:00:00,1,1,0,FMN GV 10 Beerse
39,Antwerpseweg 195,2020-02-12,22:00:00,4,4,0,FMN GV 10 Beerse
39,Antwerpseweg 195,2020-02-12,23:00:00,0,0,0,FMN GV 10 Beerse
39,Antwerpseweg 195,2020-02-13,00:00:00,0,0,0,FMN GV 10 Beerse
39,Antwerpseweg 195,2020-02-13,01:00:00,0,0,0,FMN GV 10 Beerse
39,Antwerpseweg 195,2020-02-13,02:00:00,0,0,0,FMN GV 10 Beerse
39,Antwerpseweg 195,2020-02-13,03:00:00,0,0,0,FMN GV 10 Beerse
39,Antwerpseweg 195,2020-02-13,04:00:00,2,1,1,FMN GV 10 Beerse
39,Antwerpseweg 195,2020-02-13,05:00:00,4,4,0,FMN GV 10 Beerse
39,Antwerpseweg 195,2020-02-13,06:00:00,8,7,1,FMN GV 10 Beerse
39,Antwerpseweg 195,2020-02-13,07:00:00,14,11,3,FMN GV 10 Beerse
39,Antwerpseweg 195,2020-02-13,08:00:00,12,12,0,FMN GV 10 Beerse
39,Antwerpseweg 195,2020-02-13,09:00:00,0,0,0,FMN GV 10 Beerse
39,Antwerpseweg 195,2020-02-13,10:00:00,0,0,0,FMN GV 10 Beerse
39,Antwerpseweg 195,2020-02-13,11:00:00,2,1,1,FMN GV 10 Beerse
39,Antwerpseweg 195,2020-02-13,12:00:00,3,1,2,FMN GV 10 Beerse
39,Antwerpseweg 195,2020-02-13,13:00:00,6,4,2,FMN GV 10 Beerse
39,Antwerpseweg 195,2020-02-13,14:00:00,2,1,1,FMN GV 10 Beerse
39,Antwerpseweg 195,2020-02-13,15:00:00,12,7,5,FMN GV 10 Beerse
39,Antwerpseweg 195,2020-02-13,16:00:00,18,15,3,FMN GV 10 Beerse
39,Antwerpseweg 195,2020-02-13,17:00:00,16,12,4,FMN GV 10 Beerse
39,Antwerpseweg 195,2020-02-13,18:00:00,4,4,0,FMN GV 10 Beerse
39,Antwerpseweg 195,2020-02-13,19:00:00,2,2,0,FMN GV 10 Beerse
39,Antwerpseweg 195,2020-02-13,20:00:00,1,1,0,FMN GV 10 Beerse
39,Antwerpseweg 195,2020-02-13,21:00:00,1,1,0,FMN GV 10 Beerse
39,Antwerpseweg 195,2020-02-13,22:00:00,3,2,1,FMN GV 10 Beerse
39,Antwerpseweg 195,2020-02-13,23:00:00,0,0,0,FMN GV 10 Beerse
39,Antwerpseweg 195,2020-02-14,00:00:00,0,0,0,FMN GV 10 Beerse
39,Antwerpseweg 195,2020-02-14,01:00:00,0,0,0,FMN GV 10 Beerse
39,Antwerpseweg 195,2020-02-14,02:00:00,0,0,0,FMN GV 10 Beerse
39,Antwerpseweg 195,2020-02-14,03:00:00,0,0,0,FMN GV 10 Beerse
39,Antwerpseweg 195,2020-02-14,04:00:00,1,1,0,FMN GV 10 Beerse
39,Antwerpseweg 195,2020-02-14,05:00:00,8,8,0,FMN GV 10 Beerse
39,Antwerpseweg 195,2020-02-14,06:00:00,10,8,2,FMN GV 10 Beerse
39,Antwerpseweg 195,2020-02-14,07:00:00,27,22,5,FMN GV 10 Beerse
39,Antwerpseweg 195,2020-02-14,08:00:00,18,16,2,FMN GV 10 Beerse
39,Antwerpseweg 195,2020-02-14,09:00:00,6,4,2,FMN GV 10 Beerse
39,Antwerpseweg 195,2020-02-14,10:00:00,9,7,2,FMN GV 10 Beerse
39,Antwerpseweg 195,2020-02-14,11:00:00,14,13,1,FMN GV 10 Beerse
39,Antwerpseweg 195,2020-02-14,12:00:00,12,8,4,FMN GV 10 Beerse
39,Antwerpseweg 195,2020-02-14,13:00:00,11,8,3,FMN GV 10 Beerse
39,Antwerpseweg 195,2020-02-14,14:00:00,8,5,3,FMN GV 10 Beerse
39,Antwerpseweg 195,2020-02-14,15:00:00,23,19,4,FMN GV 10 Beerse
39,Antwerpseweg 195,2020-02-14,16:00:00,23,19,4,FMN GV 10 Beerse
39,Antwerpseweg 195,2020-02-14,17:00:00,14,11,3,FMN GV 10 Beerse
39,Antwerpseweg 195,2020-02-14,18:00:00,5,4,1,FMN GV 10 Beerse
39,Antwerpseweg 195,2020-02-14,19:00:00,5,4,1,FMN GV 10 Beerse
39,Antwerpseweg 195,2020-02-14,20:00:00,2,1,1,FMN GV 10 Beerse
39,Antwerpseweg 195,2020-02-14,21:00:00,1,1,0,FMN GV 10 Beerse
39,Antwerpseweg 195,2020-02-14,22:00:00,4,3,1,FMN GV 10 Beerse
39,Antwerpseweg 195,2020-02-14,23:00:00,2,2,0,FMN GV 10 Beerse
39,Antwerpseweg 195,2020-02-15,00:00:00,0,0,0,FMN GV 10 Beerse
39,Antwerpseweg 195,2020-02-15,01:00:00,0,0,0,FMN GV 10 Beerse
39,Antwerpseweg 195,2020-02-15,02:00:00,2,2,0,FMN GV 10 Beerse
39,Antwerpseweg 195,2020-02-15,03:00:00,0,0,0,FMN GV 10 Beerse
39,Antwerpseweg 195,2020-02-15,04:00:00,1,1,0,FMN GV 10 Beerse
39,Antwerpseweg 195,2020-02-15,05:00:00,1,1,0,FMN GV 10 Beerse
39,Antwerpseweg 195,2020-02-15,06:00:00,1,1,0,FMN GV 10 Beerse
39,Antwerpseweg 195,2020-02-15,07:00:00,0,0,0,FMN GV 10 Beerse
39,Antwerpseweg 195,2020-02-15,08:00:00,7,4,3,FMN GV 10 Beerse
39,Antwerpseweg 195,2020-02-15,09:00:00,9,3,6,FMN GV 10 Beerse
39,Antwerpseweg 195,2020-02-15,10:00:00,9,8,1,FMN GV 10 Beerse
39,Antwerpseweg 195,2020-02-15,11:00:00,11,10,1,FMN GV 10 Beerse
39,Antwerpseweg 195,2020-02-15,12:00:00,17,13,4,FMN GV 10 Beerse
39,Antwerpseweg 195,2020-02-15,13:00:00,11,9,2,FMN GV 10 Beerse
39,Antwerpseweg 195,2020-02-15,14:00:00,21,19,2,FMN GV 10 Beerse
39,Antwerpseweg 195,2020-02-15,15:00:00,12,9,3,FMN GV 10 Beerse
39,Antwerpseweg 195,2020-02-15,16:00:00,8,3,5,FMN GV 10 Beerse
39,Antwerpseweg 195,2020-02-15,17:00:00,4,0,4,FMN GV 10 Beerse
39,Antwerpseweg 195,2020-02-15,18:00:00,3,3,0,FMN GV 10 Beerse
39,Antwerpseweg 195,2020-02-15,19:00:00,2,2,0,FMN GV 10 Beerse
39,Antwerpseweg 195,2020-02-15,20:00:00,2,0,2,FMN GV 10 Beerse
39,Antwerpseweg 195,2020-02-15,21:00:00,0,0,0,FMN GV 10 Beerse
39,Antwerpseweg 195,2020-02-15,22:00:00,7,7,0,FMN GV 10 Beerse
39,Antwerpseweg 195,2020-02-15,23:00:00,5,5,0,FMN GV 10 Beerse
39,Antwerpseweg 195,2020-02-16,00:00:00,0,0,0,FMN GV 10 Beerse
39,Antwerpseweg 195,2020-02-16,01:00:00,0,0,0,FMN GV 10 Beerse
39,Antwerpseweg 195,2020-02-16,02:00:00,3,0,3,FMN GV 10 Beerse
39,Antwerpseweg 195,2020-02-16,03:00:00,3,1,2,FMN GV 10 Beerse
39,Antwerpseweg 195,2020-02-16,04:00:00,0,0,0,FMN GV 10 Beerse
39,Antwerpseweg 195,2020-02-16,05:00:00,1,1,0,FMN GV 10 Beerse
39,Antwerpseweg 195,2020-02-16,06:00:00,0,0,0,FMN GV 10 Beerse
39,Antwerpseweg 195,2020-02-16,07:00:00,1,0,1,FMN GV 10 Beerse
39,Antwerpseweg 195,2020-02-16,08:00:00,0,0,0,FMN GV 10 Beerse
39,Antwerpseweg 195,2020-02-16,09:00:00,3,2,1,FMN GV 10 Beerse
39,Antwerpseweg 195,2020-02-16,10:00:00,2,2,0,FMN GV 10 Beerse
39,Antwerpseweg 195,2020-02-16,11:00:00,1,0,1,FMN GV 10 Beerse
39,Antwerpseweg 195,2020-02-16,12:00:00,2,2,0,FMN GV 10 Beerse
39,Antwerpseweg 195,2020-02-16,13:00:00,4,2,2,FMN GV 10 Beerse
39,Antwerpseweg 195,2020-02-16,14:00:00,2,0,2,FMN GV 10 Beerse
39,Antwerpseweg 195,2020-02-16,15:00:00,1,0,1,FMN GV 10 Beerse
39,Antwerpseweg 195,2020-02-16,16:00:00,3,3,0,FMN GV 10 Beerse
39,Antwerpseweg 195,2020-02-16,17:00:00,1,1,0,FMN GV 10 Beerse
39,Antwerpseweg 195,2020-02-16,18:00:00,0,0,0,FMN GV 10 Beerse
39,Antwerpseweg 195,2020-02-16,19:00:00,0,0,0,FMN GV 10 Beerse
39,Antwerpseweg 195,2020-02-16,20:00:00,0,0,0,FMN GV 10 Beerse
39,Antwerpseweg 195,2020-02-16,21:00:00,0,0,0,FMN GV 10 Beerse
39,Antwerpseweg 195,2020-02-16,22:00:00,1,1,0,FMN GV 10 Beerse
39,Antwerpseweg 195,2020-02-16,23:00:00,2,2,0,FMN GV 10 Beerse
39,Antwerpseweg 195,2020-02-17,00:00:00,0,0,0,FMN GV 10 Beerse
39,Antwerpseweg 195,2020-02-17,01:00:00,0,0,0,FMN GV 10 Beerse
39,Antwerpseweg 195,2020-02-17,02:00:00,0,0,0,FMN GV 10 Beerse
39,Antwerpseweg 195,2020-02-17,03:00:00,0,0,0,FMN GV 10 Beerse
39,Antwerpseweg 195,2020-02-17,04:00:00,0,0,0,FMN GV 10 Beerse
39,Antwerpseweg 195,2020-02-17,05:00:00,6,6,0,FMN GV 10 Beerse
39,Antwerpseweg 195,2020-02-17,06:00:00,4,4,0,FMN GV 10 Beerse
39,Antwerpseweg 195,2020-02-17,07:00:00,31,27,4,FMN GV 10 Beerse
39,Antwerpseweg 195,2020-02-17,08:00:00,17,16,1,FMN GV 10 Beerse
39,Antwerpseweg 195,2020-02-17,09:00:00,8,6,2,FMN GV 10 Beerse
39,Antwerpseweg 195,2020-02-17,10:00:00,5,4,1,FMN GV 10 Beerse
39,Antwerpseweg 195,2020-02-17,11:00:00,10,5,5,FMN GV 10 Beerse
39,Antwerpseweg 195,2020-02-17,12:00:00,8,5,3,FMN GV 10 Beerse
39,Antwerpseweg 195,2020-02-17,13:00:00,6,6,0,FMN GV 10 Beerse
39,Antwerpseweg 195,2020-02-17,14:00:00,12,12,0,FMN GV 10 Beerse
39,Antwerpseweg 195,2020-02-17,15:00:00,13,9,4,FMN GV 10 Beerse
39,Antwerpseweg 195,2020-02-17,16:00:00,30,21,9,FMN GV 10 Beerse
39,Antwerpseweg 195,2020-02-17,17:00:00,25,15,10,FMN GV 10 Beerse
39,Antwerpseweg 195,2020-02-17,18:00:00,5,4,1,FMN GV 10 Beerse
39,Antwerpseweg 195,2020-02-17,19:00:00,8,6,2,FMN GV 10 Beerse
39,Antwerpseweg 195,2020-02-17,20:00:00,2,0,2,FMN GV 10 Beerse
39,Antwerpseweg 195,2020-02-17,21:00:00,3,3,0,FMN GV 10 Beerse
39,Antwerpseweg 195,2020-02-17,22:00:00,2,1,1,FMN GV 10 Beerse
39,Antwerpseweg 195,2020-02-17,23:00:00,0,0,0,FMN GV 10 Beerse
39,Antwerpseweg 195,2020-02-18,00:00:00,0,0,0,FMN GV 10 Beerse
39,Antwerpseweg 195,2020-02-18,01:00:00,0,0,0,FMN GV 10 Beerse
39,Antwerpseweg 195,2020-02-18,02:00:00,0,0,0,FMN GV 10 Beerse
39,Antwerpseweg 195,2020-02-18,03:00:00,0,0,0,FMN GV 10 Beerse
39,Antwerpseweg 195,2020-02-18,04:00:00,1,1,0,FMN GV 10 Beerse
39,Antwerpseweg 195,2020-02-18,05:00:00,6,6,0,FMN GV 10 Beerse
39,Antwerpseweg 195,2020-02-18,06:00:00,5,4,1,FMN GV 10 Beerse
39,Antwerpseweg 195,2020-02-18,07:00:00,36,34,2,FMN GV 10 Beerse
39,Antwerpseweg 195,2020-02-18,08:00:00,16,16,0,FMN GV 10 Beerse
39,Antwerpseweg 195,2020-02-18,09:00:00,5,3,2,FMN GV 10 Beerse
39,Antwerpseweg 195,2020-02-18,10:00:00,3,1,2,FMN GV 10 Beerse
39,Antwerpseweg 195,2020-02-18,11:00:00,2,2,0,FMN GV 10 Beerse
39,Antwerpseweg 195,2020-02-18,12:00:00,6,6,0,FMN GV 10 Beerse
39,Antwerpseweg 195,2020-02-18,13:00:00,27,21,6,FMN GV 10 Beerse
39,Antwerpseweg 195,2020-02-18,14:00:00,15,11,4,FMN GV 10 Beerse
39,Antwerpseweg 195,2020-02-18,15:00:00,18,13,5,FMN GV 10 Beerse
39,Antwerpseweg 195,2020-02-18,16:00:00,31,21,10,FMN GV 10 Beerse
39,Antwerpseweg 195,2020-02-18,17:00:00,33,26,7,FMN GV 10 Beerse
39,Antwerpseweg 195,2020-02-18,18:00:00,13,8,5,FMN GV 10 Beerse
39,Antwerpseweg 195,2020-02-18,19:00:00,4,3,1,FMN GV 10 Beerse
39,Antwerpseweg 195,2020-02-18,20:00:00,2,1,1,FMN GV 10 Beerse
39,Antwerpseweg 195,2020-02-18,21:00:00,0,0,0,FMN GV 10 Beerse
39,Antwerpseweg 195,2020-02-18,22:00:00,3,2,1,FMN GV 10 Beerse
39,Antwerpseweg 195,2020-02-18,23:00:00,0,0,0,FMN GV 10 Beerse
39,Antwerpseweg 195,2020-02-19,00:00:00,0,0,0,FMN GV 10 Beerse
39,Antwerpseweg 195,2020-02-19,01:00:00,0,0,0,FMN GV 10 Beerse
39,Antwerpseweg 195,2020-02-19,02:00:00,0,0,0,FMN GV 10 Beerse
39,Antwerpseweg 195,2020-02-19,03:00:00,1,1,0,FMN GV 10 Beerse
39,Antwerpseweg 195,2020-02-19,04:00:00,0,0,0,FMN GV 10 Beerse
39,Antwerpseweg 195,2020-02-19,05:00:00,7,7,0,FMN GV 10 Beerse
39,Antwerpseweg 195,2020-02-19,06:00:00,10,8,2,FMN GV 10 Beerse
39,Antwerpseweg 195,2020-02-19,07:00:00,32,28,4,FMN GV 10 Beerse
39,Antwerpseweg 195,2020-02-19,08:00:00,22,19,3,FMN GV 10 Beerse
39,Antwerpseweg 195,2020-02-19,09:00:00,8,6,2,FMN GV 10 Beerse
39,Antwerpseweg 195,2020-02-19,10:00:00,9,6,3,FMN GV 10 Beerse
39,Antwerpseweg 195,2020-02-19,11:00:00,14,14,0,FMN GV 10 Beerse
39,Antwerpseweg 195,2020-02-19,12:00:00,19,14,5,FMN GV 10 Beerse
39,Antwerpseweg 195,2020-02-19,13:00:00,27,21,6,FMN GV 10 Beerse
39,Antwerpseweg 195,2020-02-19,14:00:00,11,9,2,FMN GV 10 Beerse
39,Antwerpseweg 195,2020-02-19,15:00:00,7,5,2,FMN GV 10 Beerse
39,Antwerpseweg 195,2020-02-19,16:00:00,20,11,9,FMN GV 10 Beerse
39,Antwerpseweg 195,2020-02-19,17:00:00,24,16,8,FMN GV 10 Beerse
39,Antwerpseweg 195,2020-02-19,18:00:00,6,6,0,FMN GV 10 Beerse
39,Antwerpseweg 195,2020-02-19,19:00:00,10,8,2,FMN GV 10 Beerse
39,Antwerpseweg 195,2020-02-19,20:00:00,3,2,1,FMN GV 10 Beerse
39,Antwerpseweg 195,2020-02-19,21:00:00,2,2,0,FMN GV 10 Beerse
39,Antwerpseweg 195,2020-02-19,22:00:00,4,1,3,FMN GV 10 Beerse
39,Antwerpseweg 195,2020-02-19,23:00:00,0,0,0,FMN GV 10 Beerse
39,Antwerpseweg 195,2020-02-20,00:00:00,0,0,0,FMN GV 10 Beerse
39,Antwerpseweg 195,2020-02-20,01:00:00,0,0,0,FMN GV 10 Beerse
39,Antwerpseweg 195,2020-02-20,02:00:00,0,0,0,FMN GV 10 Beerse
39,Antwerpseweg 195,2020-02-20,03:00:00,0,0,0,FMN GV 10 Beerse
39,Antwerpseweg 195,2020-02-20,04:00:00,1,1,0,FMN GV 10 Beerse
39,Antwerpseweg 195,2020-02-20,05:00:00,7,7,0,FMN GV 10 Beerse
39,Antwerpseweg 195,2020-02-20,06:00:00,7,7,0,FMN GV 10 Beerse
39,Antwerpseweg 195,2020-02-20,07:00:00,35,31,4,FMN GV 10 Beerse
39,Antwerpseweg 195,2020-02-20,08:00:00,24,20,4,FMN GV 10 Beerse
39,Antwerpseweg 195,2020-02-20,09:00:00,5,2,3,FMN GV 10 Beerse
39,Antwerpseweg 195,2020-02-20,10:00:00,8,6,2,FMN GV 10 Beerse
39,Antwerpseweg 195,2020-02-20,11:00:00,4,3,1,FMN GV 10 Beerse
39,Antwerpseweg 195,2020-02-20,12:00:00,11,8,3,FMN GV 10 Beerse
39,Antwerpseweg 195,2020-02-20,13:00:00,11,8,3,FMN GV 10 Beerse
39,Antwerpseweg 195,2020-02-20,14:00:00,9,6,3,FMN GV 10 Beerse
39,Antwerpseweg 195,2020-02-20,15:00:00,15,12,3,FMN GV 10 Beerse
39,Antwerpseweg 195,2020-02-20,16:00:00,17,13,4,FMN GV 10 Beerse
39,Antwerpseweg 195,2020-02-20,17:00:00,20,16,4,FMN GV 10 Beerse
39,Antwerpseweg 195,2020-02-20,18:00:00,7,5,2,FMN GV 10 Beerse
39,Antwerpseweg 195,2020-02-20,19:00:00,1,1,0,FMN GV 10 Beerse
39,Antwerpseweg 195,2020-02-20,20:00:00,3,1,2,FMN GV 10 Beerse
39,Antwerpseweg 195,2020-02-20,21:00:00,1,1,0,FMN GV 10 Beerse
39,Antwerpseweg 195,2020-02-20,22:00:00,1,1,0,FMN GV 10 Beerse
39,Antwerpseweg 195,2020-02-20,23:00:00,3,3,0,FMN GV 10 Beerse
39,Antwerpseweg 195,2020-02-21,00:00:00,0,0,0,FMN GV 10 Beerse
39,Antwerpseweg 195,2020-02-21,01:00:00,1,1,0,FMN GV 10 Beerse
39,Antwerpseweg 195,2020-02-21,02:00:00,0,0,0,FMN GV 10 Beerse
39,Antwerpseweg 195,2020-02-21,03:00:00,0,0,0,FMN GV 10 Beerse
39,Antwerpseweg 195,2020-02-21,04:00:00,1,1,0,FMN GV 10 Beerse
39,Antwerpseweg 195,2020-02-21,05:00:00,5,5,0,FMN GV 10 Beerse
39,Antwerpseweg 195,2020-02-21,06:00:00,7,7,0,FMN GV 10 Beerse
39,Antwerpseweg 195,2020-02-21,07:00:00,30,28,2,FMN GV 10 Beerse
39,Antwerpseweg 195,2020-02-21,08:00:00,14,11,3,FMN GV 10 Beerse
39,Antwerpseweg 195,2020-02-21,09:00:00,4,3,1,FMN GV 10 Beerse
39,Antwerpseweg 195,2020-02-21,10:00:00,9,8,1,FMN GV 10 Beerse
39,Antwerpseweg 195,2020-02-21,11:00:00,4,3,1,FMN GV 10 Beerse
39,Antwerpseweg 195,2020-02-21,12:00:00,14,7,7,FMN GV 10 Beerse
39,Antwerpseweg 195,2020-02-21,13:00:00,10,3,7,FMN GV 10 Beerse
39,Antwerpseweg 195,2020-02-21,14:00:00,22,16,6,FMN GV 10 Beerse
39,Antwerpseweg 195,2020-02-21,15:00:00,18,13,5,FMN GV 10 Beerse
39,Antwerpseweg 195,2020-02-21,16:00:00,32,22,10,FMN GV 10 Beerse
39,Antwerpseweg 195,2020-02-21,17:00:00,19,15,4,FMN GV 10 Beerse
39,Antwerpseweg 195,2020-02-21,18:00:00,3,1,2,FMN GV 10 Beerse
39,Antwerpseweg 195,2020-02-21,19:00:00,8,4,4,FMN GV 10 Beerse
39,Antwerpseweg 195,2020-02-21,20:00:00,1,0,1,FMN GV 10 Beerse
39,Antwerpseweg 195,2020-02-21,21:00:00,1,1,0,FMN GV 10 Beerse
39,Antwerpseweg 195,2020-02-21,22:00:00,2,2,0,FMN GV 10 Beerse
39,Antwerpseweg 195,2020-02-21,23:00:00,1,1,0,FMN GV 10 Beerse
39,Antwerpseweg 195,2020-02-22,00:00:00,1,1,0,FMN GV 10 Beerse
39,Antwerpseweg 195,2020-02-22,01:00:00,0,0,0,FMN GV 10 Beerse
39,Antwerpseweg 195,2020-02-22,02:00:00,1,1,0,FMN GV 10 Beerse
39,Antwerpseweg 195,2020-02-22,03:00:00,0,0,0,FMN GV 10 Beerse
39,Antwerpseweg 195,2020-02-22,04:00:00,0,0,0,FMN GV 10 Beerse
39,Antwerpseweg 195,2020-02-22,05:00:00,1,1,0,FMN GV 10 Beerse
39,Antwerpseweg 195,2020-02-22,06:00:00,0,0,0,FMN GV 10 Beerse
39,Antwerpseweg 195,2020-02-22,07:00:00,3,2,1,FMN GV 10 Beerse
39,Antwerpseweg 195,2020-02-22,08:00:00,1,1,0,FMN GV 10 Beerse
39,Antwerpseweg 195,2020-02-22,09:00:00,8,3,5,FMN GV 10 Beerse
39,Antwerpseweg 195,2020-02-22,10:00:00,2,2,0,FMN GV 10 Beerse
39,Antwerpseweg 195,2020-02-22,11:00:00,7,5,2,FMN GV 10 Beerse
39,Antwerpseweg 195,2020-02-22,12:00:00,7,5,2,FMN GV 10 Beerse
39,Antwerpseweg 195,2020-02-22,13:00:00,8,8,0,FMN GV 10 Beerse
39,Antwerpseweg 195,2020-02-22,14:00:00,7,6,1,FMN GV 10 Beerse
39,Antwerpseweg 195,2020-02-22,15:00:00,6,5,1,FMN GV 10 Beerse
39,Antwerpseweg 195,2020-02-22,16:00:00,5,2,3,FMN GV 10 Beerse
39,Antwerpseweg 195,2020-02-22,17:00:00,1,0,1,FMN GV 10 Beerse
39,Antwerpseweg 195,2020-02-22,18:00:00,2,2,0,FMN GV 10 Beerse
39,Antwerpseweg 195,2020-02-22,19:00:00,5,1,4,FMN GV 10 Beerse
39,Antwerpseweg 195,2020-02-22,20:00:00,0,0,0,FMN GV 10 Beerse
39,Antwerpseweg 195,2020-02-22,21:00:00,2,2,0,FMN GV 10 Beerse
39,Antwerpseweg 195,2020-02-22,22:00:00,2,1,1,FMN GV 10 Beerse
39,Antwerpseweg 195,2020-02-22,23:00:00,0,0,0,FMN GV 10 Beerse
39,Antwerpseweg 195,2020-02-23,00:00:00,0,0,0,FMN GV 10 Beerse
39,Antwerpseweg 195,2020-02-23,01:00:00,3,3,0,FMN GV 10 Beerse
39,Antwerpseweg 195,2020-02-23,02:00:00,0,0,0,FMN GV 10 Beerse
39,Antwerpseweg 195,2020-02-23,03:00:00,0,0,0,FMN GV 10 Beerse
39,Antwerpseweg 195,2020-02-23,04:00:00,0,0,0,FMN GV 10 Beerse
39,Antwerpseweg 195,2020-02-23,05:00:00,0,0,0,FMN GV 10 Beerse
39,Antwerpseweg 195,2020-02-23,06:00:00,0,0,0,FMN GV 10 Beerse
39,Antwerpseweg 195,2020-02-23,07:00:00,0,0,0,FMN GV 10 Beerse
39,Antwerpseweg 195,2020-02-23,08:00:00,0,0,0,FMN GV 10 Beerse
39,Antwerpseweg 195,2020-02-23,09:00:00,0,0,0,FMN GV 10 Beerse
39,Antwerpseweg 195,2020-02-23,10:00:00,5,5,0,FMN GV 10 Beerse
39,Antwerpseweg 195,2020-02-23,11:00:00,0,0,0,FMN GV 10 Beerse
39,Antwerpseweg 195,2020-02-23,12:00:00,1,0,1,FMN GV 10 Beerse
39,Antwerpseweg 195,2020-02-23,13:00:00,0,0,0,FMN GV 10 Beerse
39,Antwerpseweg 195,2020-02-23,14:00:00,1,0,1,FMN GV 10 Beerse
39,Antwerpseweg 195,2020-02-23,15:00:00,2,2,0,FMN GV 10 Beerse
39,Antwerpseweg 195,2020-02-23,16:00:00,0,0,0,FMN GV 10 Beerse
39,Antwerpseweg 195,2020-02-23,17:00:00,1,1,0,FMN GV 10 Beerse
39,Antwerpseweg 195,2020-02-23,18:00:00,1,0,1,FMN GV 10 Beerse
39,Antwerpseweg 195,2020-02-23,19:00:00,1,1,0,FMN GV 10 Beerse
39,Antwerpseweg 195,2020-02-23,20:00:00,2,2,0,FMN GV 10 Beerse
39,Antwerpseweg 195,2020-02-23,21:00:00,0,0,0,FMN GV 10 Beerse
39,Antwerpseweg 195,2020-02-23,22:00:00,0,0,0,FMN GV 10 Beerse
39,Antwerpseweg 195,2020-02-23,23:00:00,0,0,0,FMN GV 10 Beerse
39,Antwerpseweg 195,2020-02-24,00:00:00,0,0,0,FMN GV 10 Beerse
39,Antwerpseweg 195,2020-02-24,01:00:00,0,0,0,FMN GV 10 Beerse
39,Antwerpseweg 195,2020-02-24,02:00:00,0,0,0,FMN GV 10 Beerse
39,Antwerpseweg 195,2020-02-24,03:00:00,0,0,0,FMN GV 10 Beerse
39,Antwerpseweg 195,2020-02-24,04:00:00,0,0,0,FMN GV 10 Beerse
39,Antwerpseweg 195,2020-02-24,05:00:00,6,6,0,FMN GV 10 Beerse
39,Antwerpseweg 195,2020-02-24,06:00:00,8,8,0,FMN GV 10 Beerse
39,Antwerpseweg 195,2020-02-24,07:00:00,22,19,3,FMN GV 10 Beerse
39,Antwerpseweg 195,2020-02-24,08:00:00,5,5,0,FMN GV 10 Beerse
39,Antwerpseweg 195,2020-02-24,09:00:00,1,1,0,FMN GV 10 Beerse
39,Antwerpseweg 195,2020-02-24,10:00:00,0,0,0,FMN GV 10 Beerse
39,Antwerpseweg 195,2020-02-24,11:00:00,1,1,0,FMN GV 10 Beerse
39,Antwerpseweg 195,2020-02-24,12:00:00,2,2,0,FMN GV 10 Beerse
39,Antwerpseweg 195,2020-02-24,13:00:00,8,7,1,FMN GV 10 Beerse
39,Antwerpseweg 195,2020-02-24,14:00:00,7,3,4,FMN GV 10 Beerse
39,Antwerpseweg 195,2020-02-24,15:00:00,8,6,2,FMN GV 10 Beerse
39,Antwerpseweg 195,2020-02-24,16:00:00,14,6,8,FMN GV 10 Beerse
39,Antwerpseweg 195,2020-02-24,17:00:00,13,11,2,FMN GV 10 Beerse
39,Antwerpseweg 195,2020-02-24,18:00:00,4,2,2,FMN GV 10 Beerse
39,Antwerpseweg 195,2020-02-24,19:00:00,4,4,0,FMN GV 10 Beerse
39,Antwerpseweg 195,2020-02-24,20:00:00,1,1,0,FMN GV 10 Beerse
39,Antwerpseweg 195,2020-02-24,21:00:00,1,1,0,FMN GV 10 Beerse
39,Antwerpseweg 195,2020-02-24,22:00:00,3,2,1,FMN GV 10 Beerse
39,Antwerpseweg 195,2020-02-24,23:00:00,3,3,0,FMN GV 10 Beerse
39,Antwerpseweg 195,2020-02-25,00:00:00,0,0,0,FMN GV 10 Beerse
39,Antwerpseweg 195,2020-02-25,01:00:00,0,0,0,FMN GV 10 Beerse
39,Antwerpseweg 195,2020-02-25,02:00:00,0,0,0,FMN GV 10 Beerse
39,Antwerpseweg 195,2020-02-25,03:00:00,0,0,0,FMN GV 10 Beerse
39,Antwerpseweg 195,2020-02-25,04:00:00,1,1,0,FMN GV 10 Beerse
39,Antwerpseweg 195,2020-02-25,05:00:00,7,7,0,FMN GV 10 Beerse
39,Antwerpseweg 195,2020-02-25,06:00:00,7,7,0,FMN GV 10 Beerse
39,Antwerpseweg 195,2020-02-25,07:00:00,27,26,1,FMN GV 10 Beerse
39,Antwerpseweg 195,2020-02-25,08:00:00,7,6,1,FMN GV 10 Beerse
39,Antwerpseweg 195,2020-02-25,09:00:00,2,0,2,FMN GV 10 Beerse
39,Antwerpseweg 195,2020-02-25,10:00:00,10,4,6,FMN GV 10 Beerse
39,Antwerpseweg 195,2020-02-25,11:00:00,4,3,1,FMN GV 10 Beerse
39,Antwerpseweg 195,2020-02-25,12:00:00,6,3,3,FMN GV 10 Beerse
39,Antwerpseweg 195,2020-02-25,13:00:00,23,20,3,FMN GV 10 Beerse
39,Antwerpseweg 195,2020-02-25,14:00:00,7,7,0,FMN GV 10 Beerse
39,Antwerpseweg 195,2020-02-25,15:00:00,13,6,7,FMN GV 10 Beerse
39,Antwerpseweg 195,2020-02-25,16:00:00,15,7,8,FMN GV 10 Beerse
39,Antwerpseweg 195,2020-02-25,17:00:00,24,18,6,FMN GV 10 Beerse
39,Antwerpseweg 195,2020-02-25,18:00:00,5,2,3,FMN GV 10 Beerse
39,Antwerpseweg 195,2020-02-25,19:00:00,3,3,0,FMN GV 10 Beerse
39,Antwerpseweg 195,2020-02-25,20:00:00,0,0,0,FMN GV 10 Beerse
39,Antwerpseweg 195,2020-02-25,21:00:00,2,1,1,FMN GV 10 Beerse
39,Antwerpseweg 195,2020-02-25,22:00:00,4,3,1,FMN GV 10 Beerse
39,Antwerpseweg 195,2020-02-25,23:00:00,0,0,0,FMN GV 10 Beerse
39,Antwerpseweg 195,2020-02-26,00:00:00,0,0,0,FMN GV 10 Beerse
39,Antwerpseweg 195,2020-02-26,01:00:00,0,0,0,FMN GV 10 Beerse
39,Antwerpseweg 195,2020-02-26,02:00:00,0,0,0,FMN GV 10 Beerse
39,Antwerpseweg 195,2020-02-26,03:00:00,0,0,0,FMN GV 10 Beerse
39,Antwerpseweg 195,2020-02-26,04:00:00,0,0,0,FMN GV 10 Beerse
39,Antwerpseweg 195,2020-02-26,05:00:00,5,5,0,FMN GV 10 Beerse
39,Antwerpseweg 195,2020-02-26,06:00:00,7,7,0,FMN GV 10 Beerse
39,Antwerpseweg 195,2020-02-26,07:00:00,9,8,1,FMN GV 10 Beerse
39,Antwerpseweg 195,2020-02-26,08:00:00,7,5,2,FMN GV 10 Beerse
39,Antwerpseweg 195,2020-02-26,09:00:00,2,2,0,FMN GV 10 Beerse
39,Antwerpseweg 195,2020-02-26,10:00:00,0,0,0,FMN GV 10 Beerse
39,Antwerpseweg 195,2020-02-26,11:00:00,4,3,1,FMN GV 10 Beerse
39,Antwerpseweg 195,2020-02-26,12:00:00,3,2,1,FMN GV 10 Beerse
39,Antwerpseweg 195,2020-02-26,13:00:00,10,9,1,FMN GV 10 Beerse
39,Antwerpseweg 195,2020-02-26,14:00:00,12,8,4,FMN GV 10 Beerse
39,Antwerpseweg 195,2020-02-26,15:00:00,8,4,4,FMN GV 10 Beerse
39,Antwerpseweg 195,2020-02-26,16:00:00,14,10,4,FMN GV 10 Beerse
39,Antwerpseweg 195,2020-02-26,17:00:00,7,4,3,FMN GV 10 Beerse
39,Antwerpseweg 195,2020-02-26,18:00:00,1,1,0,FMN GV 10 Beerse
39,Antwerpseweg 195,2020-02-26,19:00:00,5,3,2,FMN GV 10 Beerse
39,Antwerpseweg 195,2020-02-26,20:00:00,1,1,0,FMN GV 10 Beerse
39,Antwerpseweg 195,2020-02-26,21:00:00,2,2,0,FMN GV 10 Beerse
39,Antwerpseweg 195,2020-02-26,22:00:00,4,4,0,FMN GV 10 Beerse
39,Antwerpseweg 195,2020-02-26,23:00:00,1,1,0,FMN GV 10 Beerse
39,Antwerpseweg 195,2020-02-27,00:00:00,0,0,0,FMN GV 10 Beerse
39,Antwerpseweg 195,2020-02-27,01:00:00,0,0,0,FMN GV 10 Beerse
39,Antwerpseweg 195,2020-02-27,02:00:00,0,0,0,FMN GV 10 Beerse
39,Antwerpseweg 195,2020-02-27,03:00:00,0,0,0,FMN GV 10 Beerse
39,Antwerpseweg 195,2020-02-27,04:00:00,1,1,0,FMN GV 10 Beerse
39,Antwerpseweg 195,2020-02-27,05:00:00,4,4,0,FMN GV 10 Beerse
39,Antwerpseweg 195,2020-02-27,06:00:00,6,6,0,FMN GV 10 Beerse
39,Antwerpseweg 195,2020-02-27,07:00:00,11,11,0,FMN GV 10 Beerse
39,Antwerpseweg 195,2020-02-27,08:00:00,6,5,1,FMN GV 10 Beerse
39,Antwerpseweg 195,2020-02-27,09:00:00,0,0,0,FMN GV 10 Beerse
39,Antwerpseweg 195,2020-02-27,10:00:00,0,0,0,FMN GV 10 Beerse
39,Antwerpseweg 195,2020-02-27,11:00:00,1,1,0,FMN GV 10 Beerse
39,Antwerpseweg 195,2020-02-27,12:00:00,3,2,1,FMN GV 10 Beerse
39,Antwerpseweg 195,2020-02-27,13:00:00,5,4,1,FMN GV 10 Beerse
39,Antwerpseweg 195,2020-02-27,14:00:00,2,1,1,FMN GV 10 Beerse
39,Antwerpseweg 195,2020-02-27,15:00:00,2,1,1,FMN GV 10 Beerse
39,Antwerpseweg 195,2020-02-27,16:00:00,12,8,4,FMN GV 10 Beerse
39,Antwerpseweg 195,2020-02-27,17:00:00,8,5,3,FMN GV 10 Beerse
39,Antwerpseweg 195,2020-02-27,18:00:00,3,3,0,FMN GV 10 Beerse
39,Antwerpseweg 195,2020-02-27,19:00:00,0,0,0,FMN GV 10 Beerse
39,Antwerpseweg 195,2020-02-27,20:00:00,0,0,0,FMN GV 10 Beerse
39,Antwerpseweg 195,2020-02-27,21:00:00,0,0,0,FMN GV 10 Beerse
39,Antwerpseweg 195,2020-02-27,22:00:00,3,2,1,FMN GV 10 Beerse
39,Antwerpseweg 195,2020-02-27,23:00:00,0,0,0,FMN GV 10 Beerse
39,Antwerpseweg 195,2020-02-28,00:00:00,2,2,0,FMN GV 10 Beerse
39,Antwerpseweg 195,2020-02-28,01:00:00,0,0,0,FMN GV 10 Beerse
39,Antwerpseweg 195,2020-02-28,02:00:00,0,0,0,FMN GV 10 Beerse
39,Antwerpseweg 195,2020-02-28,03:00:00,0,0,0,FMN GV 10 Beerse
39,Antwerpseweg 195,2020-02-28,04:00:00,0,0,0,FMN GV 10 Beerse
39,Antwerpseweg 195,2020-02-28,05:00:00,6,6,0,FMN GV 10 Beerse
39,Antwerpseweg 195,2020-02-28,06:00:00,6,6,0,FMN GV 10 Beerse
39,Antwerpseweg 195,2020-02-28,07:00:00,10,9,1,FMN GV 10 Beerse
39,Antwerpseweg 195,2020-02-28,08:00:00,2,1,1,FMN GV 10 Beerse
39,Antwerpseweg 195,2020-02-28,09:00:00,2,2,0,FMN GV 10 Beerse
39,Antwerpseweg 195,2020-02-28,10:00:00,7,5,2,FMN GV 10 Beerse
39,Antwerpseweg 195,2020-02-28,11:00:00,5,4,1,FMN GV 10 Beerse
39,Antwerpseweg 195,2020-02-28,12:00:00,9,5,4,FMN GV 10 Beerse
39,Antwerpseweg 195,2020-02-28,13:00:00,8,3,5,FMN GV 10 Beerse
39,Antwerpseweg 195,2020-02-28,14:00:00,8,4,4,FMN GV 10 Beerse
39,Antwerpseweg 195,2020-02-28,15:00:00,7,2,5,FMN GV 10 Beerse
39,Antwerpseweg 195,2020-02-28,16:00:00,10,6,4,FMN GV 10 Beerse
39,Antwerpseweg 195,2020-02-28,17:00:00,8,6,2,FMN GV 10 Beerse
39,Antwerpseweg 195,2020-02-28,18:00:00,3,3,0,FMN GV 10 Beerse
39,Antwerpseweg 195,2020-02-28,19:00:00,0,0,0,FMN GV 10 Beerse
39,Antwerpseweg 195,2020-02-28,20:00:00,2,1,1,FMN GV 10 Beerse
39,Antwerpseweg 195,2020-02-28,21:00:00,0,0,0,FMN GV 10 Beerse
39,Antwerpseweg 195,2020-02-28,22:00:00,5,5,0,FMN GV 10 Beerse
39,Antwerpseweg 195,2020-02-28,23:00:00,0,0,0,FMN GV 10 Beerse
39,Antwerpseweg 195,2020-02-29,00:00:00,0,0,0,FMN GV 10 Beerse
39,Antwerpseweg 195,2020-02-29,01:00:00,0,0,0,FMN GV 10 Beerse
39,Antwerpseweg 195,2020-02-29,02:00:00,0,0,0,FMN GV 10 Beerse
39,Antwerpseweg 195,2020-02-29,03:00:00,0,0,0,FMN GV 10 Beerse
39,Antwerpseweg 195,2020-02-29,04:00:00,2,2,0,FMN GV 10 Beerse
39,Antwerpseweg 195,2020-02-29,05:00:00,0,0,0,FMN GV 10 Beerse
39,Antwerpseweg 195,2020-02-29,06:00:00,0,0,0,FMN GV 10 Beerse
39,Antwerpseweg 195,2020-02-29,07:00:00,0,0,0,FMN GV 10 Beerse
39,Antwerpseweg 195,2020-02-29,08:00:00,4,2,2,FMN GV 10 Beerse
39,Antwerpseweg 195,2020-02-29,09:00:00,7,4,3,FMN GV 10 Beerse
39,Antwerpseweg 195,2020-02-29,10:00:00,4,3,1,FMN GV 10 Beerse
39,Antwerpseweg 195,2020-02-29,11:00:00,4,2,2,FMN GV 10 Beerse
39,Antwerpseweg 195,2020-02-29,12:00:00,8,6,2,FMN GV 10 Beerse
39,Antwerpseweg 195,2020-02-29,13:00:00,3,1,2,FMN GV 10 Beerse
39,Antwerpseweg 195,2020-02-29,14:00:00,1,1,0,FMN GV 10 Beerse
39,Antwerpseweg 195,2020-02-29,15:00:00,2,2,0,FMN GV 10 Beerse
39,Antwerpseweg 195,2020-02-29,16:00:00,3,3,0,FMN GV 10 Beerse
39,Antwerpseweg 195,2020-02-29,17:00:00,1,1,0,FMN GV 10 Beerse
39,Antwerpseweg 195,2020-02-29,18:00:00,4,3,1,FMN GV 10 Beerse
39,Antwerpseweg 195,2020-02-29,19:00:00,0,0,0,FMN GV 10 Beerse
39,Antwerpseweg 195,2020-02-29,20:00:00,1,0,1,FMN GV 10 Beerse
39,Antwerpseweg 195,2020-02-29,21:00:00,1,1,0,FMN GV 10 Beerse
39,Antwerpseweg 195,2020-02-29,22:00:00,1,0,1,FMN GV 10 Beerse
39,Antwerpseweg 195,2020-02-29,23:00:00,1,0,1,FMN GV 10 Beerse
39,Antwerpseweg 195,2020-03-01,00:00:00,0,0,0,FMN GV 10 Beerse
39,Antwerpseweg 195,2020-03-01,01:00:00,0,0,0,FMN GV 10 Beerse
39,Antwerpseweg 195,2020-03-01,02:00:00,0,0,0,FMN GV 10 Beerse
39,Antwerpseweg 195,2020-03-01,03:00:00,0,0,0,FMN GV 10 Beerse
39,Antwerpseweg 195,2020-03-01,04:00:00,2,2,0,FMN GV 10 Beerse
39,Antwerpseweg 195,2020-03-01,05:00:00,0,0,0,FMN GV 10 Beerse
39,Antwerpseweg 195,2020-03-01,06:00:00,0,0,0,FMN GV 10 Beerse
39,Antwerpseweg 195,2020-03-01,07:00:00,0,0,0,FMN GV 10 Beerse
39,Antwerpseweg 195,2020-03-01,08:00:00,7,1,6,FMN GV 10 Beerse
39,Antwerpseweg 195,2020-03-01,09:00:00,31,30,1,FMN GV 10 Beerse
39,Antwerpseweg 195,2020-03-01,10:00:00,11,10,1,FMN GV 10 Beerse
39,Antwerpseweg 195,2020-03-01,11:00:00,6,4,2,FMN GV 10 Beerse
39,Antwerpseweg 195,2020-03-01,12:00:00,12,8,4,FMN GV 10 Beerse
39,Antwerpseweg 195,2020-03-01,13:00:00,4,1,3,FMN GV 10 Beerse
39,Antwerpseweg 195,2020-03-01,14:00:00,5,2,3,FMN GV 10 Beerse
39,Antwerpseweg 195,2020-03-01,15:00:00,6,4,2,FMN GV 10 Beerse
39,Antwerpseweg 195,2020-03-01,16:00:00,9,6,3,FMN GV 10 Beerse
39,Antwerpseweg 195,2020-03-01,17:00:00,4,3,1,FMN GV 10 Beerse
39,Antwerpseweg 195,2020-03-01,18:00:00,1,1,0,FMN GV 10 Beerse
39,Antwerpseweg 195,2020-03-01,19:00:00,1,1,0,FMN GV 10 Beerse
39,Antwerpseweg 195,2020-03-01,20:00:00,3,3,0,FMN GV 10 Beerse
39,Antwerpseweg 195,2020-03-01,21:00:00,0,0,0,FMN GV 10 Beerse
39,Antwerpseweg 195,2020-03-01,22:00:00,0,0,0,FMN GV 10 Beerse
39,Antwerpseweg 195,2020-03-01,23:00:00,0,0,0,FMN GV 10 Beerse
39,Antwerpseweg 195,2020-03-02,00:00:00,0,0,0,FMN GV 10 Beerse
39,Antwerpseweg 195,2020-03-02,01:00:00,0,0,0,FMN GV 10 Beerse
39,Antwerpseweg 195,2020-03-02,02:00:00,0,0,0,FMN GV 10 Beerse
39,Antwerpseweg 195,2020-03-02,03:00:00,0,0,0,FMN GV 10 Beerse
39,Antwerpseweg 195,2020-03-02,04:00:00,0,0,0,FMN GV 10 Beerse
39,Antwerpseweg 195,2020-03-02,05:00:00,5,5,0,FMN GV 10 Beerse
39,Antwerpseweg 195,2020-03-02,06:00:00,4,4,0,FMN GV 10 Beerse
39,Antwerpseweg 195,2020-03-02,07:00:00,24,23,1,FMN GV 10 Beerse
39,Antwerpseweg 195,2020-03-02,08:00:00,13,13,0,FMN GV 10 Beerse
39,Antwerpseweg 195,2020-03-02,09:00:00,4,4,0,FMN GV 10 Beerse
39,Antwerpseweg 195,2020-03-02,10:00:00,3,2,1,FMN GV 10 Beerse
39,Antwerpseweg 195,2020-03-02,11:00:00,3,2,1,FMN GV 10 Beerse
39,Antwerpseweg 195,2020-03-02,12:00:00,7,6,1,FMN GV 10 Beerse
39,Antwerpseweg 195,2020-03-02,13:00:00,6,4,2,FMN GV 10 Beerse
39,Antwerpseweg 195,2020-03-02,14:00:00,8,5,3,FMN GV 10 Beerse
39,Antwerpseweg 195,2020-03-02,15:00:00,16,13,3,FMN GV 10 Beerse
39,Antwerpseweg 195,2020-03-02,16:00:00,17,12,5,FMN GV 10 Beerse
39,Antwerpseweg 195,2020-03-02,17:00:00,17,11,6,FMN GV 10 Beerse
39,Antwerpseweg 195,2020-03-02,18:00:00,5,3,2,FMN GV 10 Beerse
39,Antwerpseweg 195,2020-03-02,19:00:00,3,2,1,FMN GV 10 Beerse
39,Antwerpseweg 195,2020-03-02,20:00:00,1,0,1,FMN GV 10 Beerse
39,Antwerpseweg 195,2020-03-02,21:00:00,2,1,1,FMN GV 10 Beerse
39,Antwerpseweg 195,2020-03-02,22:00:00,0,0,0,FMN GV 10 Beerse
39,Antwerpseweg 195,2020-03-02,23:00:00,0,0,0,FMN GV 10 Beerse
39,Antwerpseweg 195,2020-03-03,00:00:00,0,0,0,FMN GV 10 Beerse
39,Antwerpseweg 195,2020-03-03,01:00:00,0,0,0,FMN GV 10 Beerse
39,Antwerpseweg 195,2020-03-03,02:00:00,0,0,0,FMN GV 10 Beerse
39,Antwerpseweg 195,2020-03-03,03:00:00,0,0,0,FMN GV 10 Beerse
39,Antwerpseweg 195,2020-03-03,04:00:00,1,1,0,FMN GV 10 Beerse
39,Antwerpseweg 195,2020-03-03,05:00:00,6,6,0,FMN GV 10 Beerse
39,Antwerpseweg 195,2020-03-03,06:00:00,6,5,1,FMN GV 10 Beerse
39,Antwerpseweg 195,2020-03-03,07:00:00,27,24,3,FMN GV 10 Beerse
39,Antwerpseweg 195,2020-03-03,08:00:00,16,12,4,FMN GV 10 Beerse
39,Antwerpseweg 195,2020-03-03,09:00:00,4,4,0,FMN GV 10 Beerse
39,Antwerpseweg 195,2020-03-03,10:00:00,9,5,4,FMN GV 10 Beerse
39,Antwerpseweg 195,2020-03-03,11:00:00,12,8,4,FMN GV 10 Beerse
39,Antwerpseweg 195,2020-03-03,12:00:00,14,12,2,FMN GV 10 Beerse
39,Antwerpseweg 195,2020-03-03,13:00:00,12,9,3,FMN GV 10 Beerse
39,Antwerpseweg 195,2020-03-03,14:00:00,19,15,4,FMN GV 10 Beerse
39,Antwerpseweg 195,2020-03-03,15:00:00,19,13,6,FMN GV 10 Beerse
39,Antwerpseweg 195,2020-03-03,16:00:00,32,23,9,FMN GV 10 Beerse
39,Antwerpseweg 195,2020-03-03,17:00:00,24,14,10,FMN GV 10 Beerse
39,Antwerpseweg 195,2020-03-03,18:00:00,8,6,2,FMN GV 10 Beerse
39,Antwerpseweg 195,2020-03-03,19:00:00,5,3,2,FMN GV 10 Beerse
39,Antwerpseweg 195,2020-03-03,20:00:00,2,1,1,FMN GV 10 Beerse
39,Antwerpseweg 195,2020-03-03,21:00:00,3,2,1,FMN GV 10 Beerse
39,Antwerpseweg 195,2020-03-03,22:00:00,0,0,0,FMN GV 10 Beerse
39,Antwerpseweg 195,2020-03-03,23:00:00,0,0,0,FMN GV 10 Beerse
39,Antwerpseweg 195,2020-03-04,00:00:00,0,0,0,FMN GV 10 Beerse
39,Antwerpseweg 195,2020-03-04,01:00:00,0,0,0,FMN GV 10 Beerse
39,Antwerpseweg 195,2020-03-04,02:00:00,0,0,0,FMN GV 10 Beerse
39,Antwerpseweg 195,2020-03-04,03:00:00,1,1,0,FMN GV 10 Beerse
39,Antwerpseweg 195,2020-03-04,04:00:00,1,1,0,FMN GV 10 Beerse
39,Antwerpseweg 195,2020-03-04,05:00:00,5,5,0,FMN GV 10 Beerse
39,Antwerpseweg 195,2020-03-04,06:00:00,10,9,1,FMN GV 10 Beerse
39,Antwerpseweg 195,2020-03-04,07:00:00,33,29,4,FMN GV 10 Beerse
39,Antwerpseweg 195,2020-03-04,08:00:00,22,17,5,FMN GV 10 Beerse
39,Antwerpseweg 195,2020-03-04,09:00:00,8,8,0,FMN GV 10 Beerse
39,Antwerpseweg 195,2020-03-04,10:00:00,7,5,2,FMN GV 10 Beerse
39,Antwerpseweg 195,2020-03-04,11:00:00,7,3,4,FMN GV 10 Beerse
39,Antwerpseweg 195,2020-03-04,12:00:00,27,17,10,FMN GV 10 Beerse
39,Antwerpseweg 195,2020-03-04,13:00:00,17,13,4,FMN GV 10 Beerse
39,Antwerpseweg 195,2020-03-04,14:00:00,21,12,9,FMN GV 10 Beerse
39,Antwerpseweg 195,2020-03-04,15:00:00,20,12,8,FMN GV 10 Beerse
39,Antwerpseweg 195,2020-03-04,16:00:00,25,19,6,FMN GV 10 Beerse
39,Antwerpseweg 195,2020-03-04,17:00:00,28,16,12,FMN GV 10 Beerse
39,Antwerpseweg 195,2020-03-04,18:00:00,7,5,2,FMN GV 10 Beerse
39,Antwerpseweg 195,2020-03-04,19:00:00,5,5,0,FMN GV 10 Beerse
39,Antwerpseweg 195,2020-03-04,20:00:00,5,1,4,FMN GV 10 Beerse
39,Antwerpseweg 195,2020-03-04,21:00:00,6,4,2,FMN GV 10 Beerse
39,Antwerpseweg 195,2020-03-04,22:00:00,1,1,0,FMN GV 10 Beerse
39,Antwerpseweg 195,2020-03-04,23:00:00,1,1,0,FMN GV 10 Beerse
39,Antwerpseweg 195,2020-03-05,00:00:00,0,0,0,FMN GV 10 Beerse
39,Antwerpseweg 195,2020-03-05,01:00:00,0,0,0,FMN GV 10 Beerse
39,Antwerpseweg 195,2020-03-05,02:00:00,0,0,0,FMN GV 10 Beerse
39,Antwerpseweg 195,2020-03-05,03:00:00,1,1,0,FMN GV 10 Beerse
39,Antwerpseweg 195,2020-03-05,04:00:00,1,1,0,FMN GV 10 Beerse
39,Antwerpseweg 195,2020-03-05,05:00:00,4,4,0,FMN GV 10 Beerse
39,Antwerpseweg 195,2020-03-05,06:00:00,8,6,2,FMN GV 10 Beerse
39,Antwerpseweg 195,2020-03-05,07:00:00,30,27,3,FMN GV 10 Beerse
39,Antwerpseweg 195,2020-03-05,08:00:00,17,15,2,FMN GV 10 Beerse
39,Antwerpseweg 195,2020-03-05,09:00:00,3,3,0,FMN GV 10 Beerse
39,Antwerpseweg 195,2020-03-05,10:00:00,1,1,0,FMN GV 10 Beerse
39,Antwerpseweg 195,2020-03-05,11:00:00,1,1,0,FMN GV 10 Beerse
39,Antwerpseweg 195,2020-03-05,12:00:00,8,6,2,FMN GV 10 Beerse
39,Antwerpseweg 195,2020-03-05,13:00:00,3,2,1,FMN GV 10 Beerse
39,Antwerpseweg 195,2020-03-05,14:00:00,7,6,1,FMN GV 10 Beerse
39,Antwerpseweg 195,2020-03-05,15:00:00,8,6,2,FMN GV 10 Beerse
39,Antwerpseweg 195,2020-03-05,16:00:00,15,10,5,FMN GV 10 Beerse
39,Antwerpseweg 195,2020-03-05,17:00:00,8,6,2,FMN GV 10 Beerse
39,Antwerpseweg 195,2020-03-05,18:00:00,5,2,3,FMN GV 10 Beerse
39,Antwerpseweg 195,2020-03-05,19:00:00,1,1,0,FMN GV 10 Beerse
39,Antwerpseweg 195,2020-03-05,20:00:00,0,0,0,FMN GV 10 Beerse
39,Antwerpseweg 195,2020-03-05,21:00:00,2,2,0,FMN GV 10 Beerse
39,Antwerpseweg 195,2020-03-05,22:00:00,0,0,0,FMN GV 10 Beerse
39,Antwerpseweg 195,2020-03-05,23:00:00,0,0,0,FMN GV 10 Beerse
39,Antwerpseweg 195,2020-03-06,00:00:00,0,0,0,FMN GV 10 Beerse
39,Antwerpseweg 195,2020-03-06,01:00:00,0,0,0,FMN GV 10 Beerse
39,Antwerpseweg 195,2020-03-06,02:00:00,0,0,0,FMN GV 10 Beerse
39,Antwerpseweg 195,2020-03-06,03:00:00,0,0,0,FMN GV 10 Beerse
39,Antwerpseweg 195,2020-03-06,04:00:00,1,1,0,FMN GV 10 Beerse
39,Antwerpseweg 195,2020-03-06,05:00:00,3,3,0,FMN GV 10 Beerse
39,Antwerpseweg 195,2020-03-06,06:00:00,7,6,1,FMN GV 10 Beerse
39,Antwerpseweg 195,2020-03-06,07:00:00,16,14,2,FMN GV 10 Beerse
39,Antwerpseweg 195,2020-03-06,08:00:00,11,10,1,FMN GV 10 Beerse
39,Antwerpseweg 195,2020-03-06,09:00:00,3,0,3,FMN GV 10 Beerse
39,Antwerpseweg 195,2020-03-06,10:00:00,8,6,2,FMN GV 10 Beerse
39,Antwerpseweg 195,2020-03-06,11:00:00,8,6,2,FMN GV 10 Beerse
39,Antwerpseweg 195,2020-03-06,12:00:00,8,5,3,FMN GV 10 Beerse
39,Antwerpseweg 195,2020-03-06,13:00:00,3,2,1,FMN GV 10 Beerse
39,Antwerpseweg 195,2020-03-06,14:00:00,11,10,1,FMN GV 10 Beerse
39,Antwerpseweg 195,2020-03-06,15:00:00,22,15,7,FMN GV 10 Beerse
39,Antwerpseweg 195,2020-03-06,16:00:00,17,11,6,FMN GV 10 Beerse
39,Antwerpseweg 195,2020-03-06,17:00:00,13,7,6,FMN GV 10 Beerse
39,Antwerpseweg 195,2020-03-06,18:00:00,4,3,1,FMN GV 10 Beerse
39,Antwerpseweg 195,2020-03-06,19:00:00,3,2,1,FMN GV 10 Beerse
39,Antwerpseweg 195,2020-03-06,20:00:00,5,3,2,FMN GV 10 Beerse
39,Antwerpseweg 195,2020-03-06,21:00:00,1,1,0,FMN GV 10 Beerse
39,Antwerpseweg 195,2020-03-06,22:00:00,1,0,1,FMN GV 10 Beerse
39,Antwerpseweg 195,2020-03-06,23:00:00,0,0,0,FMN GV 10 Beerse
39,Antwerpseweg 195,2020-03-07,00:00:00,1,1,0,FMN GV 10 Beerse
39,Antwerpseweg 195,2020-03-07,01:00:00,0,0,0,FMN GV 10 Beerse
39,Antwerpseweg 195,2020-03-07,02:00:00,0,0,0,FMN GV 10 Beerse
39,Antwerpseweg 195,2020-03-07,03:00:00,5,4,1,FMN GV 10 Beerse
39,Antwerpseweg 195,2020-03-07,04:00:00,0,0,0,FMN GV 10 Beerse
39,Antwerpseweg 195,2020-03-07,05:00:00,2,2,0,FMN GV 10 Beerse
39,Antwerpseweg 195,2020-03-07,06:00:00,1,1,0,FMN GV 10 Beerse
39,Antwerpseweg 195,2020-03-07,07:00:00,0,0,0,FMN GV 10 Beerse
39,Antwerpseweg 195,2020-03-07,08:00:00,3,2,1,FMN GV 10 Beerse
39,Antwerpseweg 195,2020-03-07,09:00:00,10,6,4,FMN GV 10 Beerse
39,Antwerpseweg 195,2020-03-07,10:00:00,10,8,2,FMN GV 10 Beerse
39,Antwerpseweg 195,2020-03-07,11:00:00,11,7,4,FMN GV 10 Beerse
39,Antwerpseweg 195,2020-03-07,12:00:00,12,5,7,FMN GV 10 Beerse
39,Antwerpseweg 195,2020-03-07,13:00:00,26,14,12,FMN GV 10 Beerse
39,Antwerpseweg 195,2020-03-07,14:00:00,39,23,16,FMN GV 10 Beerse
39,Antwerpseweg 195,2020-03-07,15:00:00,44,34,10,FMN GV 10 Beerse
39,Antwerpseweg 195,2020-03-07,16:00:00,19,13,6,FMN GV 10 Beerse
39,Antwerpseweg 195,2020-03-07,17:00:00,12,9,3,FMN GV 10 Beerse
39,Antwerpseweg 195,2020-03-07,18:00:00,2,2,0,FMN GV 10 Beerse
39,Antwerpseweg 195,2020-03-07,19:00:00,3,1,2,FMN GV 10 Beerse
39,Antwerpseweg 195,2020-03-07,20:00:00,0,0,0,FMN GV 10 Beerse
39,Antwerpseweg 195,2020-03-07,21:00:00,1,1,0,FMN GV 10 Beerse
39,Antwerpseweg 195,2020-03-07,22:00:00,2,0,2,FMN GV 10 Beerse
39,Antwerpseweg 195,2020-03-07,23:00:00,2,2,0,FMN GV 10 Beerse
39,Antwerpseweg 195,2020-03-08,00:00:00,0,0,0,FMN GV 10 Beerse
39,Antwerpseweg 195,2020-03-08,01:00:00,1,0,1,FMN GV 10 Beerse
39,Antwerpseweg 195,2020-03-08,02:00:00,2,0,2,FMN GV 10 Beerse
39,Antwerpseweg 195,2020-03-08,03:00:00,0,0,0,FMN GV 10 Beerse
39,Antwerpseweg 195,2020-03-08,04:00:00,1,1,0,FMN GV 10 Beerse
39,Antwerpseweg 195,2020-03-08,05:00:00,0,0,0,FMN GV 10 Beerse
39,Antwerpseweg 195,2020-03-08,06:00:00,0,0,0,FMN GV 10 Beerse
39,Antwerpseweg 195,2020-03-08,07:00:00,3,1,2,FMN GV 10 Beerse
39,Antwerpseweg 195,2020-03-08,08:00:00,4,2,2,FMN GV 10 Beerse
39,Antwerpseweg 195,2020-03-08,09:00:00,6,4,2,FMN GV 10 Beerse
39,Antwerpseweg 195,2020-03-08,10:00:00,11,10,1,FMN GV 10 Beerse
39,Antwerpseweg 195,2020-03-08,11:00:00,7,5,2,FMN GV 10 Beerse
39,Antwerpseweg 195,2020-03-08,12:00:00,3,2,1,FMN GV 10 Beerse
39,Antwerpseweg 195,2020-03-08,13:00:00,3,0,3,FMN GV 10 Beerse
39,Antwerpseweg 195,2020-03-08,14:00:00,2,1,1,FMN GV 10 Beerse
39,Antwerpseweg 195,2020-03-08,15:00:00,1,1,0,FMN GV 10 Beerse
39,Antwerpseweg 195,2020-03-08,16:00:00,3,3,0,FMN GV 10 Beerse
39,Antwerpseweg 195,2020-03-08,17:00:00,3,3,0,FMN GV 10 Beerse
39,Antwerpseweg 195,2020-03-08,18:00:00,3,3,0,FMN GV 10 Beerse
39,Antwerpseweg 195,2020-03-08,19:00:00,1,1,0,FMN GV 10 Beerse
39,Antwerpseweg 195,2020-03-08,20:00:00,1,1,0,FMN GV 10 Beerse
39,Antwerpseweg 195,2020-03-08,21:00:00,1,1,0,FMN GV 10 Beerse
39,Antwerpseweg 195,2020-03-08,22:00:00,0,0,0,FMN GV 10 Beerse
39,Antwerpseweg 195,2020-03-08,23:00:00,0,0,0,FMN GV 10 Beerse
39,Antwerpseweg 195,2020-03-09,00:00:00,0,0,0,FMN GV 10 Beerse
39,Antwerpseweg 195,2020-03-09,01:00:00,0,0,0,FMN GV 10 Beerse
39,Antwerpseweg 195,2020-03-09,02:00:00,0,0,0,FMN GV 10 Beerse
39,Antwerpseweg 195,2020-03-09,03:00:00,0,0,0,FMN GV 10 Beerse
39,Antwerpseweg 195,2020-03-09,04:00:00,0,0,0,FMN GV 10 Beerse
39,Antwerpseweg 195,2020-03-09,05:00:00,11,10,1,FMN GV 10 Beerse
39,Antwerpseweg 195,2020-03-09,06:00:00,10,10,0,FMN GV 10 Beerse
39,Antwerpseweg 195,2020-03-09,07:00:00,43,39,4,FMN GV 10 Beerse
39,Antwerpseweg 195,2020-03-09,08:00:00,17,15,2,FMN GV 10 Beerse
39,Antwerpseweg 195,2020-03-09,09:00:00,6,6,0,FMN GV 10 Beerse
39,Antwerpseweg 195,2020-03-09,10:00:00,7,5,2,FMN GV 10 Beerse
39,Antwerpseweg 195,2020-03-09,11:00:00,12,10,2,FMN GV 10 Beerse
39,Antwerpseweg 195,2020-03-09,12:00:00,7,4,3,FMN GV 10 Beerse
39,Antwerpseweg 195,2020-03-09,13:00:00,16,12,4,FMN GV 10 Beerse
39,Antwerpseweg 195,2020-03-09,14:00:00,16,10,6,FMN GV 10 Beerse
39,Antwerpseweg 195,2020-03-09,15:00:00,17,8,9,FMN GV 10 Beerse
39,Antwerpseweg 195,2020-03-09,16:00:00,27,17,10,FMN GV 10 Beerse
39,Antwerpseweg 195,2020-03-09,17:00:00,25,18,7,FMN GV 10 Beerse
39,Antwerpseweg 195,2020-03-09,18:00:00,16,10,6,FMN GV 10 Beerse
39,Antwerpseweg 195,2020-03-09,19:00:00,4,3,1,FMN GV 10 Beerse
39,Antwerpseweg 195,2020-03-09,20:00:00,2,1,1,FMN GV 10 Beerse
39,Antwerpseweg 195,2020-03-09,21:00:00,3,3,0,FMN GV 10 Beerse
39,Antwerpseweg 195,2020-03-09,22:00:00,4,4,0,FMN GV 10 Beerse
39,Antwerpseweg 195,2020-03-09,23:00:00,0,0,0,FMN GV 10 Beerse
39,Antwerpseweg 195,2020-03-10,00:00:00,0,0,0,FMN GV 10 Beerse
39,Antwerpseweg 195,2020-03-10,01:00:00,0,0,0,FMN GV 10 Beerse
39,Antwerpseweg 195,2020-03-10,02:00:00,0,0,0,FMN GV 10 Beerse
39,Antwerpseweg 195,2020-03-10,03:00:00,0,0,0,FMN GV 10 Beerse
39,Antwerpseweg 195,2020-03-10,04:00:00,1,1,0,FMN GV 10 Beerse
39,Antwerpseweg 195,2020-03-10,05:00:00,6,6,0,FMN GV 10 Beerse
39,Antwerpseweg 195,2020-03-10,06:00:00,10,9,1,FMN GV 10 Beerse
39,Antwerpseweg 195,2020-03-10,07:00:00,22,20,2,FMN GV 10 Beerse
39,Antwerpseweg 195,2020-03-10,08:00:00,11,11,0,FMN GV 10 Beerse
39,Antwerpseweg 195,2020-03-10,09:00:00,1,1,0,FMN GV 10 Beerse
39,Antwerpseweg 195,2020-03-10,10:00:00,0,0,0,FMN GV 10 Beerse
39,Antwerpseweg 195,2020-03-10,11:00:00,2,2,0,FMN GV 10 Beerse
39,Antwerpseweg 195,2020-03-10,12:00:00,2,2,0,FMN GV 10 Beerse
39,Antwerpseweg 195,2020-03-10,13:00:00,6,4,2,FMN GV 10 Beerse
39,Antwerpseweg 195,2020-03-10,14:00:00,4,1,3,FMN GV 10 Beerse
39,Antwerpseweg 195,2020-03-10,15:00:00,14,11,3,FMN GV 10 Beerse
39,Antwerpseweg 195,2020-03-10,16:00:00,14,8,6,FMN GV 10 Beerse
39,Antwerpseweg 195,2020-03-10,17:00:00,16,11,5,FMN GV 10 Beerse
39,Antwerpseweg 195,2020-03-10,18:00:00,7,6,1,FMN GV 10 Beerse
39,Antwerpseweg 195,2020-03-10,19:00:00,7,6,1,FMN GV 10 Beerse
39,Antwerpseweg 195,2020-03-10,20:00:00,4,3,1,FMN GV 10 Beerse
39,Antwerpseweg 195,2020-03-10,21:00:00,2,1,1,FMN GV 10 Beerse
39,Antwerpseweg 195,2020-03-10,22:00:00,4,3,1,FMN GV 10 Beerse
39,Antwerpseweg 195,2020-03-10,23:00:00,0,0,0,FMN GV 10 Beerse
39,Antwerpseweg 195,2020-03-11,00:00:00,0,0,0,FMN GV 10 Beerse
39,Antwerpseweg 195,2020-03-11,01:00:00,0,0,0,FMN GV 10 Beerse
39,Antwerpseweg 195,2020-03-11,02:00:00,0,0,0,FMN GV 10 Beerse
39,Antwerpseweg 195,2020-03-11,03:00:00,1,1,0,FMN GV 10 Beerse
39,Antwerpseweg 195,2020-03-11,04:00:00,0,0,0,FMN GV 10 Beerse
39,Antwerpseweg 195,2020-03-11,05:00:00,9,9,0,FMN GV 10 Beerse
39,Antwerpseweg 195,2020-03-11,06:00:00,9,8,1,FMN GV 10 Beerse
39,Antwerpseweg 195,2020-03-11,07:00:00,25,22,3,FMN GV 10 Beerse
39,Antwerpseweg 195,2020-03-11,08:00:00,11,10,1,FMN GV 10 Beerse
39,Antwerpseweg 195,2020-03-11,09:00:00,4,3,1,FMN GV 10 Beerse
39,Antwerpseweg 195,2020-03-11,10:00:00,3,1,2,FMN GV 10 Beerse
39,Antwerpseweg 195,2020-03-11,11:00:00,2,1,1,FMN GV 10 Beerse
39,Antwerpseweg 195,2020-03-11,12:00:00,16,11,5,FMN GV 10 Beerse
39,Antwerpseweg 195,2020-03-11,13:00:00,11,8,3,FMN GV 10 Beerse
39,Antwerpseweg 195,2020-03-11,14:00:00,4,2,2,FMN GV 10 Beerse
39,Antwerpseweg 195,2020-03-11,15:00:00,13,9,4,FMN GV 10 Beerse
39,Antwerpseweg 195,2020-03-11,16:00:00,12,8,4,FMN GV 10 Beerse
39,Antwerpseweg 195,2020-03-11,17:00:00,18,11,7,FMN GV 10 Beerse
39,Antwerpseweg 195,2020-03-11,18:00:00,10,6,4,FMN GV 10 Beerse
39,Antwerpseweg 195,2020-03-11,19:00:00,5,4,1,FMN GV 10 Beerse
39,Antwerpseweg 195,2020-03-11,20:00:00,4,2,2,FMN GV 10 Beerse
39,Antwerpseweg 195,2020-03-11,21:00:00,1,0,1,FMN GV 10 Beerse
39,Antwerpseweg 195,2020-03-11,22:00:00,4,3,1,FMN GV 10 Beerse
39,Antwerpseweg 195,2020-03-11,23:00:00,1,1,0,FMN GV 10 Beerse
39,Antwerpseweg 195,2020-03-12,00:00:00,0,0,0,FMN GV 10 Beerse
39,Antwerpseweg 195,2020-03-12,01:00:00,0,0,0,FMN GV 10 Beerse
39,Antwerpseweg 195,2020-03-12,02:00:00,0,0,0,FMN GV 10 Beerse
39,Antwerpseweg 195,2020-03-12,03:00:00,0,0,0,FMN GV 10 Beerse
39,Antwerpseweg 195,2020-03-12,04:00:00,1,1,0,FMN GV 10 Beerse
39,Antwerpseweg 195,2020-03-12,05:00:00,5,5,0,FMN GV 10 Beerse
39,Antwerpseweg 195,2020-03-12,06:00:00,10,10,0,FMN GV 10 Beerse
39,Antwerpseweg 195,2020-03-12,07:00:00,32,30,2,FMN GV 10 Beerse
39,Antwerpseweg 195,2020-03-12,08:00:00,19,17,2,FMN GV 10 Beerse
39,Antwerpseweg 195,2020-03-12,09:00:00,6,4,2,FMN GV 10 Beerse
39,Antwerpseweg 195,2020-03-12,10:00:00,5,3,2,FMN GV 10 Beerse
39,Antwerpseweg 195,2020-03-12,11:00:00,8,4,4,FMN GV 10 Beerse
39,Antwerpseweg 195,2020-03-12,12:00:00,17,11,6,FMN GV 10 Beerse
39,Antwerpseweg 195,2020-03-12,13:00:00,20,15,5,FMN GV 10 Beerse
39,Antwerpseweg 195,2020-03-12,14:00:00,17,11,6,FMN GV 10 Beerse
39,Antwerpseweg 195,2020-03-12,15:00:00,22,15,7,FMN GV 10 Beerse
39,Antwerpseweg 195,2020-03-12,16:00:00,30,19,11,FMN GV 10 Beerse
39,Antwerpseweg 195,2020-03-12,17:00:00,25,15,10,FMN GV 10 Beerse
39,Antwerpseweg 195,2020-03-12,18:00:00,13,8,5,FMN GV 10 Beerse
39,Antwerpseweg 195,2020-03-12,19:00:00,2,1,1,FMN GV 10 Beerse
39,Antwerpseweg 195,2020-03-12,20:00:00,2,2,0,FMN GV 10 Beerse
39,Antwerpseweg 195,2020-03-12,21:00:00,2,1,1,FMN GV 10 Beerse
39,Antwerpseweg 195,2020-03-12,22:00:00,5,4,1,FMN GV 10 Beerse
39,Antwerpseweg 195,2020-03-12,23:00:00,3,3,0,FMN GV 10 Beerse
39,Antwerpseweg 195,2020-03-13,00:00:00,0,0,0,FMN GV 10 Beerse
39,Antwerpseweg 195,2020-03-13,01:00:00,0,0,0,FMN GV 10 Beerse
39,Antwerpseweg 195,2020-03-13,02:00:00,0,0,0,FMN GV 10 Beerse
39,Antwerpseweg 195,2020-03-13,03:00:00,0,0,0,FMN GV 10 Beerse
39,Antwerpseweg 195,2020-03-13,04:00:00,3,3,0,FMN GV 10 Beerse
39,Antwerpseweg 195,2020-03-13,05:00:00,8,8,0,FMN GV 10 Beerse
39,Antwerpseweg 195,2020-03-13,06:00:00,11,8,3,FMN GV 10 Beerse
39,Antwerpseweg 195,2020-03-13,07:00:00,29,24,5,FMN GV 10 Beerse
39,Antwerpseweg 195,2020-03-13,08:00:00,18,15,3,FMN GV 10 Beerse
39,Antwerpseweg 195,2020-03-13,09:00:00,6,5,1,FMN GV 10 Beerse
39,Antwerpseweg 195,2020-03-13,10:00:00,4,3,1,FMN GV 10 Beerse
39,Antwerpseweg 195,2020-03-13,11:00:00,8,4,4,FMN GV 10 Beerse
39,Antwerpseweg 195,2020-03-13,12:00:00,5,4,1,FMN GV 10 Beerse
39,Antwerpseweg 195,2020-03-13,13:00:00,9,4,5,FMN GV 10 Beerse
39,Antwerpseweg 195,2020-03-13,14:00:00,16,10,6,FMN GV 10 Beerse
39,Antwerpseweg 195,2020-03-13,15:00:00,15,10,5,FMN GV 10 Beerse
39,Antwerpseweg 195,2020-03-13,16:00:00,22,18,4,FMN GV 10 Beerse
39,Antwerpseweg 195,2020-03-13,17:00:00,17,12,5,FMN GV 10 Beerse
39,Antwerpseweg 195,2020-03-13,18:00:00,9,6,3,FMN GV 10 Beerse
39,Antwerpseweg 195,2020-03-13,19:00:00,3,1,2,FMN GV 10 Beerse
39,Antwerpseweg 195,2020-03-13,20:00:00,6,2,4,FMN GV 10 Beerse
39,Antwerpseweg 195,2020-03-13,21:00:00,3,1,2,FMN GV 10 Beerse
39,Antwerpseweg 195,2020-03-13,22:00:00,9,8,1,FMN GV 10 Beerse
39,Antwerpseweg 195,2020-03-13,23:00:00,3,2,1,FMN GV 10 Beerse
39,Antwerpseweg 195,2020-03-14,00:00:00,0,0,0,FMN GV 10 Beerse
39,Antwerpseweg 195,2020-03-14,01:00:00,1,1,0,FMN GV 10 Beerse
39,Antwerpseweg 195,2020-03-14,02:00:00,1,1,0,FMN GV 10 Beerse
39,Antwerpseweg 195,2020-03-14,03:00:00,1,1,0,FMN GV 10 Beerse
39,Antwerpseweg 195,2020-03-14,04:00:00,1,0,1,FMN GV 10 Beerse
39,Antwerpseweg 195,2020-03-14,05:00:00,1,1,0,FMN GV 10 Beerse
39,Antwerpseweg 195,2020-03-14,06:00:00,0,0,0,FMN GV 10 Beerse
39,Antwerpseweg 195,2020-03-14,07:00:00,0,0,0,FMN GV 10 Beerse
39,Antwerpseweg 195,2020-03-14,08:00:00,3,1,2,FMN GV 10 Beerse
39,Antwerpseweg 195,2020-03-14,09:00:00,10,5,5,FMN GV 10 Beerse
39,Antwerpseweg 195,2020-03-14,10:00:00,12,10,2,FMN GV 10 Beerse
39,Antwerpseweg 195,2020-03-14,11:00:00,11,8,3,FMN GV 10 Beerse
39,Antwerpseweg 195,2020-03-14,12:00:00,14,12,2,FMN GV 10 Beerse
39,Antwerpseweg 195,2020-03-14,13:00:00,15,7,8,FMN GV 10 Beerse
39,Antwerpseweg 195,2020-03-14,14:00:00,24,14,10,FMN GV 10 Beerse
39,Antwerpseweg 195,2020-03-14,15:00:00,21,14,7,FMN GV 10 Beerse
39,Antwerpseweg 195,2020-03-14,16:00:00,15,10,5,FMN GV 10 Beerse
39,Antwerpseweg 195,2020-03-14,17:00:00,6,2,4,FMN GV 10 Beerse
39,Antwerpseweg 195,2020-03-14,18:00:00,5,4,1,FMN GV 10 Beerse
39,Antwerpseweg 195,2020-03-14,19:00:00,4,2,2,FMN GV 10 Beerse
39,Antwerpseweg 195,2020-03-14,20:00:00,2,2,0,FMN GV 10 Beerse
39,Antwerpseweg 195,2020-03-14,21:00:00,0,0,0,FMN GV 10 Beerse
39,Antwerpseweg 195,2020-03-14,22:00:00,0,0,0,FMN GV 10 Beerse
39,Antwerpseweg 195,2020-03-14,23:00:00,2,1,1,FMN GV 10 Beerse
39,Antwerpseweg 195,2020-03-15,00:00:00,0,0,0,FMN GV 10 Beerse
39,Antwerpseweg 195,2020-03-15,01:00:00,2,2,0,FMN GV 10 Beerse
39,Antwerpseweg 195,2020-03-15,02:00:00,0,0,0,FMN GV 10 Beerse
39,Antwerpseweg 195,2020-03-15,03:00:00,0,0,0,FMN GV 10 Beerse
39,Antwerpseweg 195,2020-03-15,04:00:00,0,0,0,FMN GV 10 Beerse
39,Antwerpseweg 195,2020-03-15,05:00:00,4,4,0,FMN GV 10 Beerse
39,Antwerpseweg 195,2020-03-15,06:00:00,0,0,0,FMN GV 10 Beerse
39,Antwerpseweg 195,2020-03-15,07:00:00,1,1,0,FMN GV 10 Beerse
39,Antwerpseweg 195,2020-03-15,08:00:00,4,2,2,FMN GV 10 Beerse
39,Antwerpseweg 195,2020-03-15,09:00:00,19,19,0,FMN GV 10 Beerse
39,Antwerpseweg 195,2020-03-15,10:00:00,7,4,3,FMN GV 10 Beerse
39,Antwerpseweg 195,2020-03-15,11:00:00,32,23,9,FMN GV 10 Beerse
39,Antwerpseweg 195,2020-03-15,12:00:00,15,9,6,FMN GV 10 Beerse
39,Antwerpseweg 195,2020-03-15,13:00:00,28,18,10,FMN GV 10 Beerse
39,Antwerpseweg 195,2020-03-15,14:00:00,25,18,7,FMN GV 10 Beerse
39,Antwerpseweg 195,2020-03-15,15:00:00,29,16,13,FMN GV 10 Beerse
39,Antwerpseweg 195,2020-03-15,16:00:00,27,20,7,FMN GV 10 Beerse
39,Antwerpseweg 195,2020-03-15,17:00:00,10,6,4,FMN GV 10 Beerse
39,Antwerpseweg 195,2020-03-15,18:00:00,4,1,3,FMN GV 10 Beerse
39,Antwerpseweg 195,2020-03-15,19:00:00,1,0,1,FMN GV 10 Beerse
39,Antwerpseweg 195,2020-03-15,20:00:00,4,4,0,FMN GV 10 Beerse
39,Antwerpseweg 195,2020-03-15,21:00:00,1,0,1,FMN GV 10 Beerse
39,Antwerpseweg 195,2020-03-15,22:00:00,1,1,0,FMN GV 10 Beerse
39,Antwerpseweg 195,2020-03-15,23:00:00,0,0,0,FMN GV 10 Beerse
39,Antwerpseweg 195,2020-03-16,00:00:00,0,0,0,FMN GV 10 Beerse
39,Antwerpseweg 195,2020-03-16,01:00:00,1,1,0,FMN GV 10 Beerse
39,Antwerpseweg 195,2020-03-16,02:00:00,0,0,0,FMN GV 10 Beerse
39,Antwerpseweg 195,2020-03-16,03:00:00,0,0,0,FMN GV 10 Beerse
39,Antwerpseweg 195,2020-03-16,04:00:00,0,0,0,FMN GV 10 Beerse
39,Antwerpseweg 195,2020-03-16,05:00:00,7,7,0,FMN GV 10 Beerse
39,Antwerpseweg 195,2020-03-16,06:00:00,10,7,3,FMN GV 10 Beerse
39,Antwerpseweg 195,2020-03-16,07:00:00,40,35,5,FMN GV 10 Beerse
39,Antwerpseweg 195,2020-03-16,08:00:00,21,17,4,FMN GV 10 Beerse
39,Antwerpseweg 195,2020-03-16,09:00:00,10,7,3,FMN GV 10 Beerse
39,Antwerpseweg 195,2020-03-16,10:00:00,12,8,4,FMN GV 10 Beerse
39,Antwerpseweg 195,2020-03-16,11:00:00,18,10,8,FMN GV 10 Beerse
39,Antwerpseweg 195,2020-03-16,12:00:00,19,14,5,FMN GV 10 Beerse
39,Antwerpseweg 195,2020-03-16,13:00:00,27,21,6,FMN GV 10 Beerse
39,Antwerpseweg 195,2020-03-16,14:00:00,36,24,12,FMN GV 10 Beerse
39,Antwerpseweg 195,2020-03-16,15:00:00,51,34,17,FMN GV 10 Beerse
39,Antwerpseweg 195,2020-03-16,16:00:00,32,21,11,FMN GV 10 Beerse
39,Antwerpseweg 195,2020-03-16,17:00:00,35,24,11,FMN GV 10 Beerse
39,Antwerpseweg 195,2020-03-16,18:00:00,16,11,5,FMN GV 10 Beerse
39,Antwerpseweg 195,2020-03-16,19:00:00,10,9,1,FMN GV 10 Beerse
39,Antwerpseweg 195,2020-03-16,20:00:00,5,1,4,FMN GV 10 Beerse
39,Antwerpseweg 195,2020-03-16,21:00:00,4,4,0,FMN GV 10 Beerse
39,Antwerpseweg 195,2020-03-16,22:00:00,5,2,3,FMN GV 10 Beerse
39,Antwerpseweg 195,2020-03-16,23:00:00,0,0,0,FMN GV 10 Beerse
39,Antwerpseweg 195,2020-03-17,00:00:00,0,0,0,FMN GV 10 Beerse
39,Antwerpseweg 195,2020-03-17,01:00:00,0,0,0,FMN GV 10 Beerse
39,Antwerpseweg 195,2020-03-17,02:00:00,0,0,0,FMN GV 10 Beerse
39,Antwerpseweg 195,2020-03-17,03:00:00,0,0,0,FMN GV 10 Beerse
39,Antwerpseweg 195,2020-03-17,04:00:00,2,2,0,FMN GV 10 Beerse
39,Antwerpseweg 195,2020-03-17,05:00:00,8,7,1,FMN GV 10 Beerse
39,Antwerpseweg 195,2020-03-17,06:00:00,13,10,3,FMN GV 10 Beerse
39,Antwerpseweg 195,2020-03-17,07:00:00,19,15,4,FMN GV 10 Beerse
39,Antwerpseweg 195,2020-03-17,08:00:00,14,11,3,FMN GV 10 Beerse
39,Antwerpseweg 195,2020-03-17,09:00:00,13,9,4,FMN GV 10 Beerse
39,Antwerpseweg 195,2020-03-17,10:00:00,11,6,5,FMN GV 10 Beerse
39,Antwerpseweg 195,2020-03-17,11:00:00,12,11,1,FMN GV 10 Beerse
39,Antwerpseweg 195,2020-03-17,12:00:00,18,9,9,FMN GV 10 Beerse
39,Antwerpseweg 195,2020-03-17,13:00:00,30,20,10,FMN GV 10 Beerse
39,Antwerpseweg 195,2020-03-17,14:00:00,53,33,20,FMN GV 10 Beerse
39,Antwerpseweg 195,2020-03-17,15:00:00,28,18,10,FMN GV 10 Beerse
39,Antwerpseweg 195,2020-03-17,16:00:00,35,19,16,FMN GV 10 Beerse
39,Antwerpseweg 195,2020-03-17,17:00:00,37,31,6,FMN GV 10 Beerse
39,Antwerpseweg 195,2020-03-17,18:00:00,19,10,9,FMN GV 10 Beerse
39,Antwerpseweg 195,2020-03-17,19:00:00,8,5,3,FMN GV 10 Beerse
39,Antwerpseweg 195,2020-03-17,20:00:00,5,3,2,FMN GV 10 Beerse
39,Antwerpseweg 195,2020-03-17,21:00:00,4,4,0,FMN GV 10 Beerse
39,Antwerpseweg 195,2020-03-17,22:00:00,2,0,2,FMN GV 10 Beerse
39,Antwerpseweg 195,2020-03-17,23:00:00,1,1,0,FMN GV 10 Beerse
39,Antwerpseweg 195,2020-03-18,00:00:00,0,0,0,FMN GV 10 Beerse
39,Antwerpseweg 195,2020-03-18,01:00:00,0,0,0,FMN GV 10 Beerse
39,Antwerpseweg 195,2020-03-18,02:00:00,1,1,0,FMN GV 10 Beerse
39,Antwerpseweg 195,2020-03-18,03:00:00,1,1,0,FMN GV 10 Beerse
39,Antwerpseweg 195,2020-03-18,04:00:00,2,2,0,FMN GV 10 Beerse
39,Antwerpseweg 195,2020-03-18,05:00:00,5,4,1,FMN GV 10 Beerse
39,Antwerpseweg 195,2020-03-18,06:00:00,8,8,0,FMN GV 10 Beerse
39,Antwerpseweg 195,2020-03-18,07:00:00,16,15,1,FMN GV 10 Beerse
39,Antwerpseweg 195,2020-03-18,08:00:00,17,13,4,FMN GV 10 Beerse
39,Antwerpseweg 195,2020-03-18,09:00:00,6,3,3,FMN GV 10 Beerse
39,Antwerpseweg 195,2020-03-18,10:00:00,13,9,4,FMN GV 10 Beerse
39,Antwerpseweg 195,2020-03-18,11:00:00,16,10,6,FMN GV 10 Beerse
39,Antwerpseweg 195,2020-03-18,12:00:00,17,11,6,FMN GV 10 Beerse
39,Antwerpseweg 195,2020-03-18,13:00:00,37,31,6,FMN GV 10 Beerse
39,Antwerpseweg 195,2020-03-18,14:00:00,46,26,20,FMN GV 10 Beerse
39,Antwerpseweg 195,2020-03-18,15:00:00,52,33,19,FMN GV 10 Beerse
39,Antwerpseweg 195,2020-03-18,16:00:00,47,33,14,FMN GV 10 Beerse
39,Antwerpseweg 195,2020-03-18,17:00:00,25,20,5,FMN GV 10 Beerse
39,Antwerpseweg 195,2020-03-18,18:00:00,15,6,9,FMN GV 10 Beerse
39,Antwerpseweg 195,2020-03-18,19:00:00,3,3,0,FMN GV 10 Beerse
39,Antwerpseweg 195,2020-03-18,20:00:00,5,3,2,FMN GV 10 Beerse
39,Antwerpseweg 195,2020-03-18,21:00:00,4,3,1,FMN GV 10 Beerse
39,Antwerpseweg 195,2020-03-18,22:00:00,4,3,1,FMN GV 10 Beerse
39,Antwerpseweg 195,2020-03-18,23:00:00,0,0,0,FMN GV 10 Beerse
39,Antwerpseweg 195,2020-03-19,00:00:00,0,0,0,FMN GV 10 Beerse
39,Antwerpseweg 195,2020-03-19,01:00:00,0,0,0,FMN GV 10 Beerse
39,Antwerpseweg 195,2020-03-19,02:00:00,0,0,0,FMN GV 10 Beerse
39,Antwerpseweg 195,2020-03-19,03:00:00,0,0,0,FMN GV 10 Beerse
39,Antwerpseweg 195,2020-03-19,04:00:00,2,2,0,FMN GV 10 Beerse
39,Antwerpseweg 195,2020-03-19,05:00:00,5,5,0,FMN GV 10 Beerse
39,Antwerpseweg 195,2020-03-19,06:00:00,10,10,0,FMN GV 10 Beerse
39,Antwerpseweg 195,2020-03-19,07:00:00,19,18,1,FMN GV 10 Beerse
39,Antwerpseweg 195,2020-03-19,08:00:00,10,7,3,FMN GV 10 Beerse
39,Antwerpseweg 195,2020-03-19,09:00:00,5,4,1,FMN GV 10 Beerse
39,Antwerpseweg 195,2020-03-19,10:00:00,7,7,0,FMN GV 10 Beerse
39,Antwerpseweg 195,2020-03-19,11:00:00,17,11,6,FMN GV 10 Beerse
39,Antwerpseweg 195,2020-03-19,12:00:00,11,9,2,FMN GV 10 Beerse
39,Antwerpseweg 195,2020-03-19,13:00:00,36,30,6,FMN GV 10 Beerse
39,Antwerpseweg 195,2020-03-19,14:00:00,49,26,23,FMN GV 10 Beerse
39,Antwerpseweg 195,2020-03-19,15:00:00,40,29,11,FMN GV 10 Beerse
39,Antwerpseweg 195,2020-03-19,16:00:00,26,21,5,FMN GV 10 Beerse
39,Antwerpseweg 195,2020-03-19,17:00:00,25,22,3,FMN GV 10 Beerse
39,Antwerpseweg 195,2020-03-19,18:00:00,13,10,3,FMN GV 10 Beerse
39,Antwerpseweg 195,2020-03-19,19:00:00,8,4,4,FMN GV 10 Beerse
39,Antwerpseweg 195,2020-03-19,20:00:00,5,3,2,FMN GV 10 Beerse
39,Antwerpseweg 195,2020-03-19,21:00:00,4,4,0,FMN GV 10 Beerse
39,Antwerpseweg 195,2020-03-19,22:00:00,3,2,1,FMN GV 10 Beerse
39,Antwerpseweg 195,2020-03-19,23:00:00,1,1,0,FMN GV 10 Beerse
39,Antwerpseweg 195,2020-03-20,00:00:00,0,0,0,FMN GV 10 Beerse
39,Antwerpseweg 195,2020-03-20,01:00:00,0,0,0,FMN GV 10 Beerse
39,Antwerpseweg 195,2020-03-20,02:00:00,0,0,0,FMN GV 10 Beerse
39,Antwerpseweg 195,2020-03-20,03:00:00,0,0,0,FMN GV 10 Beerse
39,Antwerpseweg 195,2020-03-20,04:00:00,1,1,0,FMN GV 10 Beerse
39,Antwerpseweg 195,2020-03-20,05:00:00,2,2,0,FMN GV 10 Beerse
39,Antwerpseweg 195,2020-03-20,06:00:00,10,10,0,FMN GV 10 Beerse
39,Antwerpseweg 195,2020-03-20,07:00:00,13,12,1,FMN GV 10 Beerse
39,Antwerpseweg 195,2020-03-20,08:00:00,13,9,4,FMN GV 10 Beerse
39,Antwerpseweg 195,2020-03-20,09:00:00,5,3,2,FMN GV 10 Beerse
39,Antwerpseweg 195,2020-03-20,10:00:00,12,8,4,FMN GV 10 Beerse
39,Antwerpseweg 195,2020-03-20,11:00:00,13,11,2,FMN GV 10 Beerse
39,Antwerpseweg 195,2020-03-20,12:00:00,9,8,1,FMN GV 10 Beerse
39,Antwerpseweg 195,2020-03-20,13:00:00,17,12,5,FMN GV 10 Beerse
39,Antwerpseweg 195,2020-03-20,14:00:00,25,15,10,FMN GV 10 Beerse
39,Antwerpseweg 195,2020-03-20,15:00:00,14,8,6,FMN GV 10 Beerse
39,Antwerpseweg 195,2020-03-20,16:00:00,14,9,5,FMN GV 10 Beerse
39,Antwerpseweg 195,2020-03-20,17:00:00,16,12,4,FMN GV 10 Beerse
39,Antwerpseweg 195,2020-03-20,18:00:00,4,3,1,FMN GV 10 Beerse
39,Antwerpseweg 195,2020-03-20,19:00:00,3,2,1,FMN GV 10 Beerse
39,Antwerpseweg 195,2020-03-20,20:00:00,5,4,1,FMN GV 10 Beerse
39,Antwerpseweg 195,2020-03-20,21:00:00,1,1,0,FMN GV 10 Beerse
39,Antwerpseweg 195,2020-03-20,22:00:00,1,1,0,FMN GV 10 Beerse
39,Antwerpseweg 195,2020-03-20,23:00:00,0,0,0,FMN GV 10 Beerse
39,Antwerpseweg 195,2020-03-21,00:00:00,2,2,0,FMN GV 10 Beerse
39,Antwerpseweg 195,2020-03-21,01:00:00,1,1,0,FMN GV 10 Beerse
39,Antwerpseweg 195,2020-03-21,02:00:00,0,0,0,FMN GV 10 Beerse
39,Antwerpseweg 195,2020-03-21,03:00:00,0,0,0,FMN GV 10 Beerse
39,Antwerpseweg 195,2020-03-21,04:00:00,1,1,0,FMN GV 10 Beerse
39,Antwerpseweg 195,2020-03-21,05:00:00,0,0,0,FMN GV 10 Beerse
39,Antwerpseweg 195,2020-03-21,06:00:00,4,4,0,FMN GV 10 Beerse
39,Antwerpseweg 195,2020-03-21,07:00:00,1,1,0,FMN GV 10 Beerse
39,Antwerpseweg 195,2020-03-21,08:00:00,1,0,1,FMN GV 10 Beerse
39,Antwerpseweg 195,2020-03-21,09:00:00,15,9,6,FMN GV 10 Beerse
39,Antwerpseweg 195,2020-03-21,10:00:00,12,11,1,FMN GV 10 Beerse
39,Antwerpseweg 195,2020-03-21,11:00:00,30,18,12,FMN GV 10 Beerse
39,Antwerpseweg 195,2020-03-21,12:00:00,17,14,3,FMN GV 10 Beerse
39,Antwerpseweg 195,2020-03-21,13:00:00,23,17,6,FMN GV 10 Beerse
39,Antwerpseweg 195,2020-03-21,14:00:00,44,27,17,FMN GV 10 Beerse
39,Antwerpseweg 195,2020-03-21,15:00:00,37,23,14,FMN GV 10 Beerse
39,Antwerpseweg 195,2020-03-21,16:00:00,22,18,4,FMN GV 10 Beerse
39,Antwerpseweg 195,2020-03-21,17:00:00,15,13,2,FMN GV 10 Beerse
39,Antwerpseweg 195,2020-03-21,18:00:00,2,1,1,FMN GV 10 Beerse
39,Antwerpseweg 195,2020-03-21,19:00:00,3,2,1,FMN GV 10 Beerse
39,Antwerpseweg 195,2020-03-21,20:00:00,4,3,1,FMN GV 10 Beerse
39,Antwerpseweg 195,2020-03-21,21:00:00,1,1,0,FMN GV 10 Beerse
39,Antwerpseweg 195,2020-03-21,22:00:00,1,1,0,FMN GV 10 Beerse
39,Antwerpseweg 195,2020-03-21,23:00:00,1,1,0,FMN GV 10 Beerse
39,Antwerpseweg 195,2020-03-22,00:00:00,0,0,0,FMN GV 10 Beerse
39,Antwerpseweg 195,2020-03-22,01:00:00,0,0,0,FMN GV 10 Beerse
39,Antwerpseweg 195,2020-03-22,02:00:00,0,0,0,FMN GV 10 Beerse
39,Antwerpseweg 195,2020-03-22,03:00:00,1,0,1,FMN GV 10 Beerse
39,Antwerpseweg 195,2020-03-22,04:00:00,0,0,0,FMN GV 10 Beerse
39,Antwerpseweg 195,2020-03-22,05:00:00,0,0,0,FMN GV 10 Beerse
39,Antwerpseweg 195,2020-03-22,06:00:00,0,0,0,FMN GV 10 Beerse
39,Antwerpseweg 195,2020-03-22,07:00:00,2,2,0,FMN GV 10 Beerse
39,Antwerpseweg 195,2020-03-22,08:00:00,4,3,1,FMN GV 10 Beerse
39,Antwerpseweg 195,2020-03-22,09:00:00,21,14,7,FMN GV 10 Beerse
39,Antwerpseweg 195,2020-03-22,10:00:00,22,15,7,FMN GV 10 Beerse
39,Antwerpseweg 195,2020-03-22,11:00:00,30,24,6,FMN GV 10 Beerse
39,Antwerpseweg 195,2020-03-22,12:00:00,25,21,4,FMN GV 10 Beerse
39,Antwerpseweg 195,2020-03-22,13:00:00,34,17,17,FMN GV 10 Beerse
39,Antwerpseweg 195,2020-03-22,14:00:00,56,30,26,FMN GV 10 Beerse
39,Antwerpseweg 195,2020-03-22,15:00:00,76,49,27,FMN GV 10 Beerse
39,Antwerpseweg 195,2020-03-22,16:00:00,34,26,8,FMN GV 10 Beerse
39,Antwerpseweg 195,2020-03-22,17:00:00,17,5,12,FMN GV 10 Beerse
39,Antwerpseweg 195,2020-03-22,18:00:00,3,3,0,FMN GV 10 Beerse
39,Antwerpseweg 195,2020-03-22,19:00:00,3,3,0,FMN GV 10 Beerse
39,Antwerpseweg 195,2020-03-22,20:00:00,1,1,0,FMN GV 10 Beerse
39,Antwerpseweg 195,2020-03-22,21:00:00,0,0,0,FMN GV 10 Beerse
39,Antwerpseweg 195,2020-03-22,22:00:00,0,0,0,FMN GV 10 Beerse
39,Antwerpseweg 195,2020-03-22,23:00:00,2,2,0,FMN GV 10 Beerse
39,Antwerpseweg 195,2020-03-23,00:00:00,0,0,0,FMN GV 10 Beerse
39,Antwerpseweg 195,2020-03-23,01:00:00,0,0,0,FMN GV 10 Beerse
39,Antwerpseweg 195,2020-03-23,02:00:00,0,0,0,FMN GV 10 Beerse
39,Antwerpseweg 195,2020-03-23,03:00:00,0,0,0,FMN GV 10 Beerse
39,Antwerpseweg 195,2020-03-23,04:00:00,0,0,0,FMN GV 10 Beerse
39,Antwerpseweg 195,2020-03-23,05:00:00,9,8,1,FMN GV 10 Beerse
39,Antwerpseweg 195,2020-03-23,06:00:00,5,5,0,FMN GV 10 Beerse
39,Antwerpseweg 195,2020-03-23,07:00:00,21,19,2,FMN GV 10 Beerse
39,Antwerpseweg 195,2020-03-23,08:00:00,8,8,0,FMN GV 10 Beerse
39,Antwerpseweg 195,2020-03-23,09:00:00,3,1,2,FMN GV 10 Beerse
39,Antwerpseweg 195,2020-03-23,10:00:00,11,8,3,FMN GV 10 Beerse
39,Antwerpseweg 195,2020-03-23,11:00:00,13,11,2,FMN GV 10 Beerse
39,Antwerpseweg 195,2020-03-23,12:00:00,10,5,5,FMN GV 10 Beerse
39,Antwerpseweg 195,2020-03-23,13:00:00,24,21,3,FMN GV 10 Beerse
39,Antwerpseweg 195,2020-03-23,14:00:00,36,22,14,FMN GV 10 Beerse
39,Antwerpseweg 195,2020-03-23,15:00:00,42,30,12,FMN GV 10 Beerse
39,Antwerpseweg 195,2020-03-23,16:00:00,32,21,11,FMN GV 10 Beerse
39,Antwerpseweg 195,2020-03-23,17:00:00,33,29,4,FMN GV 10 Beerse
39,Antwerpseweg 195,2020-03-23,18:00:00,7,5,2,FMN GV 10 Beerse
39,Antwerpseweg 195,2020-03-23,19:00:00,2,2,0,FMN GV 10 Beerse
39,Antwerpseweg 195,2020-03-23,20:00:00,3,2,1,FMN GV 10 Beerse
39,Antwerpseweg 195,2020-03-23,21:00:00,5,4,1,FMN GV 10 Beerse
39,Antwerpseweg 195,2020-03-23,22:00:00,4,4,0,FMN GV 10 Beerse
39,Antwerpseweg 195,2020-03-23,23:00:00,0,0,0,FMN GV 10 Beerse
39,Antwerpseweg 195,2020-03-24,00:00:00,0,0,0,FMN GV 10 Beerse
39,Antwerpseweg 195,2020-03-24,01:00:00,0,0,0,FMN GV 10 Beerse
39,Antwerpseweg 195,2020-03-24,02:00:00,0,0,0,FMN GV 10 Beerse
39,Antwerpseweg 195,2020-03-24,03:00:00,0,0,0,FMN GV 10 Beerse
39,Antwerpseweg 195,2020-03-24,04:00:00,2,2,0,FMN GV 10 Beerse
39,Antwerpseweg 195,2020-03-24,05:00:00,7,7,0,FMN GV 10 Beerse
39,Antwerpseweg 195,2020-03-24,06:00:00,9,9,0,FMN GV 10 Beerse
39,Antwerpseweg 195,2020-03-24,07:00:00,11,10,1,FMN GV 10 Beerse
39,Antwerpseweg 195,2020-03-24,08:00:00,13,11,2,FMN GV 10 Beerse
39,Antwerpseweg 195,2020-03-24,09:00:00,3,2,1,FMN GV 10 Beerse
39,Antwerpseweg 195,2020-03-24,10:00:00,10,10,0,FMN GV 10 Beerse
39,Antwerpseweg 195,2020-03-24,11:00:00,22,13,9,FMN GV 10 Beerse
39,Antwerpseweg 195,2020-03-24,12:00:00,12,10,2,FMN GV 10 Beerse
39,Antwerpseweg 195,2020-03-24,13:00:00,44,38,6,FMN GV 10 Beerse
39,Antwerpseweg 195,2020-03-24,14:00:00,66,40,26,FMN GV 10 Beerse
39,Antwerpseweg 195,2020-03-24,15:00:00,76,54,22,FMN GV 10 Beerse
39,Antwerpseweg 195,2020-03-24,16:00:00,31,23,8,FMN GV 10 Beerse
39,Antwerpseweg 195,2020-03-24,17:00:00,38,29,9,FMN GV 10 Beerse
39,Antwerpseweg 195,2020-03-24,18:00:00,20,13,7,FMN GV 10 Beerse
39,Antwerpseweg 195,2020-03-24,19:00:00,2,2,0,FMN GV 10 Beerse
39,Antwerpseweg 195,2020-03-24,20:00:00,7,5,2,FMN GV 10 Beerse
39,Antwerpseweg 195,2020-03-24,21:00:00,2,1,1,FMN GV 10 Beerse
39,Antwerpseweg 195,2020-03-24,22:00:00,5,5,0,FMN GV 10 Beerse
39,Antwerpseweg 195,2020-03-24,23:00:00,0,0,0,FMN GV 10 Beerse
39,Antwerpseweg 195,2020-03-25,00:00:00,0,0,0,FMN GV 10 Beerse
39,Antwerpseweg 195,2020-03-25,01:00:00,0,0,0,FMN GV 10 Beerse
39,Antwerpseweg 195,2020-03-25,02:00:00,0,0,0,FMN GV 10 Beerse
39,Antwerpseweg 195,2020-03-25,03:00:00,0,0,0,FMN GV 10 Beerse
39,Antwerpseweg 195,2020-03-25,04:00:00,2,2,0,FMN GV 10 Beerse
39,Antwerpseweg 195,2020-03-25,05:00:00,6,6,0,FMN GV 10 Beerse
39,Antwerpseweg 195,2020-03-25,06:00:00,4,4,0,FMN GV 10 Beerse
39,Antwerpseweg 195,2020-03-25,07:00:00,18,14,4,FMN GV 10 Beerse
39,Antwerpseweg 195,2020-03-25,08:00:00,12,10,2,FMN GV 10 Beerse
39,Antwerpseweg 195,2020-03-25,09:00:00,10,7,3,FMN GV 10 Beerse
39,Antwerpseweg 195,2020-03-25,10:00:00,8,3,5,FMN GV 10 Beerse
39,Antwerpseweg 195,2020-03-25,11:00:00,16,9,7,FMN GV 10 Beerse
39,Antwerpseweg 195,2020-03-25,12:00:00,22,18,4,FMN GV 10 Beerse
39,Antwerpseweg 195,2020-03-25,13:00:00,45,30,15,FMN GV 10 Beerse
39,Antwerpseweg 195,2020-03-25,14:00:00,87,45,42,FMN GV 10 Beerse
39,Antwerpseweg 195,2020-03-25,15:00:00,60,39,21,FMN GV 10 Beerse
39,Antwerpseweg 195,2020-03-25,16:00:00,46,31,15,FMN GV 10 Beerse
39,Antwerpseweg 195,2020-03-25,17:00:00,35,24,11,FMN GV 10 Beerse
39,Antwerpseweg 195,2020-03-25,18:00:00,18,11,7,FMN GV 10 Beerse
39,Antwerpseweg 195,2020-03-25,19:00:00,9,8,1,FMN GV 10 Beerse
39,Antwerpseweg 195,2020-03-25,20:00:00,6,3,3,FMN GV 10 Beerse
39,Antwerpseweg 195,2020-03-25,21:00:00,4,3,1,FMN GV 10 Beerse
39,Antwerpseweg 195,2020-03-25,22:00:00,3,3,0,FMN GV 10 Beerse
39,Antwerpseweg 195,2020-03-25,23:00:00,1,1,0,FMN GV 10 Beerse
39,Antwerpseweg 195,2020-03-26,00:00:00,0,0,0,FMN GV 10 Beerse
39,Antwerpseweg 195,2020-03-26,01:00:00,0,0,0,FMN GV 10 Beerse
39,Antwerpseweg 195,2020-03-26,02:00:00,0,0,0,FMN GV 10 Beerse
39,Antwerpseweg 195,2020-03-26,03:00:00,0,0,0,FMN GV 10 Beerse
39,Antwerpseweg 195,2020-03-26,04:00:00,2,2,0,FMN GV 10 Beerse
39,Antwerpseweg 195,2020-03-26,05:00:00,7,6,1,FMN GV 10 Beerse
39,Antwerpseweg 195,2020-03-26,06:00:00,8,7,1,FMN GV 10 Beerse
39,Antwerpseweg 195,2020-03-26,07:00:00,15,14,1,FMN GV 10 Beerse
39,Antwerpseweg 195,2020-03-26,08:00:00,10,8,2,FMN GV 10 Beerse
39,Antwerpseweg 195,2020-03-26,09:00:00,3,2,1,FMN GV 10 Beerse
39,Antwerpseweg 195,2020-03-26,10:00:00,11,6,5,FMN GV 10 Beerse
39,Antwerpseweg 195,2020-03-26,11:00:00,18,13,5,FMN GV 10 Beerse
39,Antwerpseweg 195,2020-03-26,12:00:00,11,5,6,FMN GV 10 Beerse
39,Antwerpseweg 195,2020-03-26,13:00:00,26,23,3,FMN GV 10 Beerse
39,Antwerpseweg 195,2020-03-26,14:00:00,51,35,16,FMN GV 10 Beerse
39,Antwerpseweg 195,2020-03-26,15:00:00,31,23,8,FMN GV 10 Beerse
39,Antwerpseweg 195,2020-03-26,16:00:00,38,26,12,FMN GV 10 Beerse
39,Antwerpseweg 195,2020-03-26,17:00:00,28,22,6,FMN GV 10 Beerse
39,Antwerpseweg 195,2020-03-26,18:00:00,9,4,5,FMN GV 10 Beerse
39,Antwerpseweg 195,2020-03-26,19:00:00,4,3,1,FMN GV 10 Beerse
39,Antwerpseweg 195,2020-03-26,20:00:00,6,3,3,FMN GV 10 Beerse
39,Antwerpseweg 195,2020-03-26,21:00:00,4,3,1,FMN GV 10 Beerse
39,Antwerpseweg 195,2020-03-26,22:00:00,4,4,0,FMN GV 10 Beerse
39,Antwerpseweg 195,2020-03-26,23:00:00,2,2,0,FMN GV 10 Beerse
39,Antwerpseweg 195,2020-03-27,00:00:00,0,0,0,FMN GV 10 Beerse
39,Antwerpseweg 195,2020-03-27,01:00:00,0,0,0,FMN GV 10 Beerse
39,Antwerpseweg 195,2020-03-27,02:00:00,0,0,0,FMN GV 10 Beerse
39,Antwerpseweg 195,2020-03-27,03:00:00,0,0,0,FMN GV 10 Beerse
39,Antwerpseweg 195,2020-03-27,04:00:00,1,1,0,FMN GV 10 Beerse
39,Antwerpseweg 195,2020-03-27,05:00:00,7,7,0,FMN GV 10 Beerse
39,Antwerpseweg 195,2020-03-27,06:00:00,10,9,1,FMN GV 10 Beerse
39,Antwerpseweg 195,2020-03-27,07:00:00,12,8,4,FMN GV 10 Beerse
39,Antwerpseweg 195,2020-03-27,08:00:00,11,10,1,FMN GV 10 Beerse
39,Antwerpseweg 195,2020-03-27,09:00:00,14,12,2,FMN GV 10 Beerse
39,Antwerpseweg 195,2020-03-27,10:00:00,23,19,4,FMN GV 10 Beerse
39,Antwerpseweg 195,2020-03-27,11:00:00,15,11,4,FMN GV 10 Beerse
39,Antwerpseweg 195,2020-03-27,12:00:00,25,17,8,FMN GV 10 Beerse
39,Antwerpseweg 195,2020-03-27,13:00:00,39,22,17,FMN GV 10 Beerse
39,Antwerpseweg 195,2020-03-27,14:00:00,81,55,26,FMN GV 10 Beerse
39,Antwerpseweg 195,2020-03-27,15:00:00,62,39,23,FMN GV 10 Beerse
39,Antwerpseweg 195,2020-03-27,16:00:00,36,27,9,FMN GV 10 Beerse
39,Antwerpseweg 195,2020-03-27,17:00:00,23,18,5,FMN GV 10 Beerse
39,Antwerpseweg 195,2020-03-27,18:00:00,11,9,2,FMN GV 10 Beerse
39,Antwerpseweg 195,2020-03-27,19:00:00,7,4,3,FMN GV 10 Beerse
39,Antwerpseweg 195,2020-03-27,20:00:00,1,1,0,FMN GV 10 Beerse
39,Antwerpseweg 195,2020-03-27,21:00:00,2,1,1,FMN GV 10 Beerse
39,Antwerpseweg 195,2020-03-27,22:00:00,3,2,1,FMN GV 10 Beerse
39,Antwerpseweg 195,2020-03-27,23:00:00,0,0,0,FMN GV 10 Beerse
39,Antwerpseweg 195,2020-03-28,00:00:00,1,1,0,FMN GV 10 Beerse
39,Antwerpseweg 195,2020-03-28,01:00:00,1,0,1,FMN GV 10 Beerse
39,Antwerpseweg 195,2020-03-28,02:00:00,0,0,0,FMN GV 10 Beerse
39,Antwerpseweg 195,2020-03-28,03:00:00,0,0,0,FMN GV 10 Beerse
39,Antwerpseweg 195,2020-03-28,04:00:00,1,1,0,FMN GV 10 Beerse
39,Antwerpseweg 195,2020-03-28,05:00:00,1,1,0,FMN GV 10 Beerse
39,Antwerpseweg 195,2020-03-28,06:00:00,1,1,0,FMN GV 10 Beerse
39,Antwerpseweg 195,2020-03-28,07:00:00,2,1,1,FMN GV 10 Beerse
39,Antwerpseweg 195,2020-03-28,08:00:00,5,2,3,FMN GV 10 Beerse
39,Antwerpseweg 195,2020-03-28,09:00:00,7,4,3,FMN GV 10 Beerse
39,Antwerpseweg 195,2020-03-28,10:00:00,20,14,6,FMN GV 10 Beerse
39,Antwerpseweg 195,2020-03-28,11:00:00,15,10,5,FMN GV 10 Beerse
39,Antwerpseweg 195,2020-03-28,12:00:00,44,30,14,FMN GV 10 Beerse
39,Antwerpseweg 195,2020-03-28,13:00:00,54,35,19,FMN GV 10 Beerse
39,Antwerpseweg 195,2020-03-28,14:00:00,68,40,28,FMN GV 10 Beerse
39,Antwerpseweg 195,2020-03-28,15:00:00,56,37,19,FMN GV 10 Beerse
39,Antwerpseweg 195,2020-03-28,16:00:00,61,44,17,FMN GV 10 Beerse
39,Antwerpseweg 195,2020-03-28,17:00:00,24,13,11,FMN GV 10 Beerse
39,Antwerpseweg 195,2020-03-28,18:00:00,11,4,7,FMN GV 10 Beerse
39,Antwerpseweg 195,2020-03-28,19:00:00,3,0,3,FMN GV 10 Beerse
39,Antwerpseweg 195,2020-03-28,20:00:00,3,3,0,FMN GV 10 Beerse
39,Antwerpseweg 195,2020-03-28,21:00:00,1,1,0,FMN GV 10 Beerse
39,Antwerpseweg 195,2020-03-28,22:00:00,1,1,0,FMN GV 10 Beerse
39,Antwerpseweg 195,2020-03-28,23:00:00,0,0,0,FMN GV 10 Beerse
39,Antwerpseweg 195,2020-03-29,00:00:00,0,0,0,FMN GV 10 Beerse
39,Antwerpseweg 195,2020-03-29,01:00:00,0,0,0,FMN GV 10 Beerse
39,Antwerpseweg 195,2020-03-29,02:00:00,0,0,0,FMN GV 10 Beerse
39,Antwerpseweg 195,2020-03-29,03:00:00,0,0,0,FMN GV 10 Beerse
39,Antwerpseweg 195,2020-03-29,04:00:00,0,0,0,FMN GV 10 Beerse
39,Antwerpseweg 195,2020-03-29,05:00:00,1,1,0,FMN GV 10 Beerse
39,Antwerpseweg 195,2020-03-29,06:00:00,0,0,0,FMN GV 10 Beerse
39,Antwerpseweg 195,2020-03-29,07:00:00,0,0,0,FMN GV 10 Beerse
39,Antwerpseweg 195,2020-03-29,08:00:00,2,2,0,FMN GV 10 Beerse
39,Antwerpseweg 195,2020-03-29,09:00:00,10,9,1,FMN GV 10 Beerse
39,Antwerpseweg 195,2020-03-29,10:00:00,15,8,7,FMN GV 10 Beerse
39,Antwerpseweg 195,2020-03-29,11:00:00,18,16,2,FMN GV 10 Beerse
39,Antwerpseweg 195,2020-03-29,12:00:00,12,6,6,FMN GV 10 Beerse
39,Antwerpseweg 195,2020-03-29,13:00:00,7,2,5,FMN GV 10 Beerse
39,Antwerpseweg 195,2020-03-29,14:00:00,12,11,1,FMN GV 10 Beerse
39,Antwerpseweg 195,2020-03-29,15:00:00,10,7,3,FMN GV 10 Beerse
39,Antwerpseweg 195,2020-03-29,16:00:00,10,5,5,FMN GV 10 Beerse
39,Antwerpseweg 195,2020-03-29,17:00:00,3,3,0,FMN GV 10 Beerse
39,Antwerpseweg 195,2020-03-29,18:00:00,2,0,2,FMN GV 10 Beerse
39,Antwerpseweg 195,2020-03-29,19:00:00,2,1,1,FMN GV 10 Beerse
39,Antwerpseweg 195,2020-03-29,20:00:00,1,1,0,FMN GV 10 Beerse
39,Antwerpseweg 195,2020-03-29,21:00:00,4,3,1,FMN GV 10 Beerse
39,Antwerpseweg 195,2020-03-29,22:00:00,1,1,0,FMN GV 10 Beerse
39,Antwerpseweg 195,2020-03-29,23:00:00,0,0,0,FMN GV 10 Beerse
39,Antwerpseweg 195,2020-03-30,00:00:00,0,0,0,FMN GV 10 Beerse
39,Antwerpseweg 195,2020-03-30,01:00:00,0,0,0,FMN GV 10 Beerse
39,Antwerpseweg 195,2020-03-30,02:00:00,0,0,0,FMN GV 10 Beerse
39,Antwerpseweg 195,2020-03-30,03:00:00,0,0,0,FMN GV 10 Beerse
39,Antwerpseweg 195,2020-03-30,04:00:00,1,1,0,FMN GV 10 Beerse
39,Antwerpseweg 195,2020-03-30,05:00:00,7,7,0,FMN GV 10 Beerse
39,Antwerpseweg 195,2020-03-30,06:00:00,3,3,0,FMN GV 10 Beerse
39,Antwerpseweg 195,2020-03-30,07:00:00,8,5,3,FMN GV 10 Beerse
39,Antwerpseweg 195,2020-03-30,08:00:00,7,5,2,FMN GV 10 Beerse
39,Antwerpseweg 195,2020-03-30,09:00:00,4,4,0,FMN GV 10 Beerse
39,Antwerpseweg 195,2020-03-30,10:00:00,13,8,5,FMN GV 10 Beerse
39,Antwerpseweg 195,2020-03-30,11:00:00,13,10,3,FMN GV 10 Beerse
39,Antwerpseweg 195,2020-03-30,12:00:00,13,9,4,FMN GV 10 Beerse
39,Antwerpseweg 195,2020-03-30,13:00:00,25,17,8,FMN GV 10 Beerse
39,Antwerpseweg 195,2020-03-30,14:00:00,23,17,6,FMN GV 10 Beerse
39,Antwerpseweg 195,2020-03-30,15:00:00,17,9,8,FMN GV 10 Beerse
39,Antwerpseweg 195,2020-03-30,16:00:00,21,18,3,FMN GV 10 Beerse
39,Antwerpseweg 195,2020-03-30,17:00:00,28,19,9,FMN GV 10 Beerse
39,Antwerpseweg 195,2020-03-30,18:00:00,7,5,2,FMN GV 10 Beerse
39,Antwerpseweg 195,2020-03-30,19:00:00,6,5,1,FMN GV 10 Beerse
39,Antwerpseweg 195,2020-03-30,20:00:00,6,2,4,FMN GV 10 Beerse
39,Antwerpseweg 195,2020-03-30,21:00:00,1,1,0,FMN GV 10 Beerse
39,Antwerpseweg 195,2020-03-30,22:00:00,4,3,1,FMN GV 10 Beerse
39,Antwerpseweg 195,2020-03-30,23:00:00,1,1,0,FMN GV 10 Beerse
39,Antwerpseweg 195,2020-03-31,00:00:00,0,0,0,FMN GV 10 Beerse
39,Antwerpseweg 195,2020-03-31,01:00:00,0,0,0,FMN GV 10 Beerse
39,Antwerpseweg 195,2020-03-31,02:00:00,0,0,0,FMN GV 10 Beerse
39,Antwerpseweg 195,2020-03-31,03:00:00,0,0,0,FMN GV 10 Beerse
39,Antwerpseweg 195,2020-03-31,04:00:00,2,2,0,FMN GV 10 Beerse
39,Antwerpseweg 195,2020-03-31,05:00:00,6,6,0,FMN GV 10 Beerse
39,Antwerpseweg 195,2020-03-31,06:00:00,6,5,1,FMN GV 10 Beerse
39,Antwerpseweg 195,2020-03-31,07:00:00,10,7,3,FMN GV 10 Beerse
39,Antwerpseweg 195,2020-03-31,08:00:00,12,10,2,FMN GV 10 Beerse
39,Antwerpseweg 195,2020-03-31,09:00:00,5,4,1,FMN GV 10 Beerse
39,Antwerpseweg 195,2020-03-31,10:00:00,7,5,2,FMN GV 10 Beerse
39,Antwerpseweg 195,2020-03-31,11:00:00,5,4,1,FMN GV 10 Beerse
39,Antwerpseweg 195,2020-03-31,12:00:00,12,4,8,FMN GV 10 Beerse
39,Antwerpseweg 195,2020-03-31,13:00:00,36,27,9,FMN GV 10 Beerse
39,Antwerpseweg 195,2020-03-31,14:00:00,57,46,11,FMN GV 10 Beerse
39,Antwerpseweg 195,2020-03-31,15:00:00,45,22,23,FMN GV 10 Beerse
39,Antwerpseweg 195,2020-03-31,16:00:00,36,30,6,FMN GV 10 Beerse
39,Antwerpseweg 195,2020-03-31,17:00:00,37,30,7,FMN GV 10 Beerse
39,Antwerpseweg 195,2020-03-31,18:00:00,23,14,9,FMN GV 10 Beerse
39,Antwerpseweg 195,2020-03-31,19:00:00,13,10,3,FMN GV 10 Beerse
39,Antwerpseweg 195,2020-03-31,20:00:00,6,4,2,FMN GV 10 Beerse
39,Antwerpseweg 195,2020-03-31,21:00:00,7,4,3,FMN GV 10 Beerse
39,Antwerpseweg 195,2020-03-31,22:00:00,6,4,2,FMN GV 10 Beerse
39,Antwerpseweg 195,2020-03-31,23:00:00,0,0,0,FMN GV 10 Beerse
39,Antwerpseweg 195,2020-04-01,00:00:00,0,0,0,FMN GV 10 Beerse
39,Antwerpseweg 195,2020-04-01,01:00:00,1,1,0,FMN GV 10 Beerse
39,Antwerpseweg 195,2020-04-01,02:00:00,0,0,0,FMN GV 10 Beerse
39,Antwerpseweg 195,2020-04-01,03:00:00,0,0,0,FMN GV 10 Beerse
39,Antwerpseweg 195,2020-04-01,04:00:00,1,1,0,FMN GV 10 Beerse
39,Antwerpseweg 195,2020-04-01,05:00:00,4,4,0,FMN GV 10 Beerse
39,Antwerpseweg 195,2020-04-01,06:00:00,7,7,0,FMN GV 10 Beerse
39,Antwerpseweg 195,2020-04-01,07:00:00,16,11,5,FMN GV 10 Beerse
39,Antwerpseweg 195,2020-04-01,08:00:00,11,9,2,FMN GV 10 Beerse
39,Antwerpseweg 195,2020-04-01,09:00:00,10,6,4,FMN GV 10 Beerse
39,Antwerpseweg 195,2020-04-01,10:00:00,6,4,2,FMN GV 10 Beerse
39,Antwerpseweg 195,2020-04-01,11:00:00,15,10,5,FMN GV 10 Beerse
39,Antwerpseweg 195,2020-04-01,12:00:00,26,17,9,FMN GV 10 Beerse
39,Antwerpseweg 195,2020-04-01,13:00:00,38,33,5,FMN GV 10 Beerse
39,Antwerpseweg 195,2020-04-01,14:00:00,70,37,33,FMN GV 10 Beerse
39,Antwerpseweg 195,2020-04-01,15:00:00,60,39,21,FMN GV 10 Beerse
39,Antwerpseweg 195,2020-04-01,16:00:00,50,37,13,FMN GV 10 Beerse
39,Antwerpseweg 195,2020-04-01,17:00:00,40,30,10,FMN GV 10 Beerse
39,Antwerpseweg 195,2020-04-01,18:00:00,17,12,5,FMN GV 10 Beerse
39,Antwerpseweg 195,2020-04-01,19:00:00,9,7,2,FMN GV 10 Beerse
39,Antwerpseweg 195,2020-04-01,20:00:00,4,3,1,FMN GV 10 Beerse
39,Antwerpseweg 195,2020-04-01,21:00:00,3,2,1,FMN GV 10 Beerse
39,Antwerpseweg 195,2020-04-01,22:00:00,1,1,0,FMN GV 10 Beerse
39,Antwerpseweg 195,2020-04-01,23:00:00,0,0,0,FMN GV 10 Beerse
39,Antwerpseweg 195,2020-04-02,00:00:00,0,0,0,FMN GV 10 Beerse
39,Antwerpseweg 195,2020-04-02,01:00:00,0,0,0,FMN GV 10 Beerse
39,Antwerpseweg 195,2020-04-02,02:00:00,0,0,0,FMN GV 10 Beerse
39,Antwerpseweg 195,2020-04-02,03:00:00,0,0,0,FMN GV 10 Beerse
39,Antwerpseweg 195,2020-04-02,04:00:00,2,2,0,FMN GV 10 Beerse
39,Antwerpseweg 195,2020-04-02,05:00:00,7,6,1,FMN GV 10 Beerse
39,Antwerpseweg 195,2020-04-02,06:00:00,7,7,0,FMN GV 10 Beerse
39,Antwerpseweg 195,2020-04-02,07:00:00,12,11,1,FMN GV 10 Beerse
39,Antwerpseweg 195,2020-04-02,08:00:00,9,7,2,FMN GV 10 Beerse
39,Antwerpseweg 195,2020-04-02,09:00:00,3,2,1,FMN GV 10 Beerse
39,Antwerpseweg 195,2020-04-02,10:00:00,10,6,4,FMN GV 10 Beerse
39,Antwerpseweg 195,2020-04-02,11:00:00,10,7,3,FMN GV 10 Beerse
39,Antwerpseweg 195,2020-04-02,12:00:00,12,7,5,FMN GV 10 Beerse
39,Antwerpseweg 195,2020-04-02,13:00:00,20,16,4,FMN GV 10 Beerse
39,Antwerpseweg 195,2020-04-02,14:00:00,43,27,16,FMN GV 10 Beerse
39,Antwerpseweg 195,2020-04-02,15:00:00,35,32,3,FMN GV 10 Beerse
39,Antwerpseweg 195,2020-04-02,16:00:00,31,17,14,FMN GV 10 Beerse
39,Antwerpseweg 195,2020-04-02,17:00:00,27,18,9,FMN GV 10 Beerse
39,Antwerpseweg 195,2020-04-02,18:00:00,14,9,5,FMN GV 10 Beerse
39,Antwerpseweg 195,2020-04-02,19:00:00,7,5,2,FMN GV 10 Beerse
39,Antwerpseweg 195,2020-04-02,20:00:00,5,4,1,FMN GV 10 Beerse
39,Antwerpseweg 195,2020-04-02,21:00:00,6,5,1,FMN GV 10 Beerse
39,Antwerpseweg 195,2020-04-02,22:00:00,1,0,1,FMN GV 10 Beerse
39,Antwerpseweg 195,2020-04-02,23:00:00,1,1,0,FMN GV 10 Beerse
39,Antwerpseweg 195,2020-04-03,00:00:00,1,0,1,FMN GV 10 Beerse
39,Antwerpseweg 195,2020-04-03,01:00:00,0,0,0,FMN GV 10 Beerse
39,Antwerpseweg 195,2020-04-03,02:00:00,0,0,0,FMN GV 10 Beerse
39,Antwerpseweg 195,2020-04-03,03:00:00,0,0,0,FMN GV 10 Beerse
39,Antwerpseweg 195,2020-04-03,04:00:00,2,2,0,FMN GV 10 Beerse
39,Antwerpseweg 195,2020-04-03,05:00:00,7,7,0,FMN GV 10 Beerse
39,Antwerpseweg 195,2020-04-03,06:00:00,6,5,1,FMN GV 10 Beerse
39,Antwerpseweg 195,2020-04-03,07:00:00,16,14,2,FMN GV 10 Beerse
39,Antwerpseweg 195,2020-04-03,08:00:00,12,8,4,FMN GV 10 Beerse
39,Antwerpseweg 195,2020-04-03,09:00:00,10,6,4,FMN GV 10 Beerse
39,Antwerpseweg 195,2020-04-03,10:00:00,11,7,4,FMN GV 10 Beerse
39,Antwerpseweg 195,2020-04-03,11:00:00,12,9,3,FMN GV 10 Beerse
39,Antwerpseweg 195,2020-04-03,12:00:00,14,11,3,FMN GV 10 Beerse
39,Antwerpseweg 195,2020-04-03,13:00:00,9,5,4,FMN GV 10 Beerse
39,Antwerpseweg 195,2020-04-03,14:00:00,44,32,12,FMN GV 10 Beerse
39,Antwerpseweg 195,2020-04-03,15:00:00,38,30,8,FMN GV 10 Beerse
39,Antwerpseweg 195,2020-04-03,16:00:00,30,23,7,FMN GV 10 Beerse
39,Antwerpseweg 195,2020-04-03,17:00:00,19,14,5,FMN GV 10 Beerse
39,Antwerpseweg 195,2020-04-03,18:00:00,9,6,3,FMN GV 10 Beerse
39,Antwerpseweg 195,2020-04-03,19:00:00,4,2,2,FMN GV 10 Beerse
39,Antwerpseweg 195,2020-04-03,20:00:00,3,2,1,FMN GV 10 Beerse
39,Antwerpseweg 195,2020-04-03,21:00:00,2,2,0,FMN GV 10 Beerse
39,Antwerpseweg 195,2020-04-03,22:00:00,0,0,0,FMN GV 10 Beerse
39,Antwerpseweg 195,2020-04-03,23:00:00,0,0,0,FMN GV 10 Beerse
39,Antwerpseweg 195,2020-04-04,00:00:00,0,0,0,FMN GV 10 Beerse
39,Antwerpseweg 195,2020-04-04,01:00:00,0,0,0,FMN GV 10 Beerse
39,Antwerpseweg 195,2020-04-04,02:00:00,1,0,1,FMN GV 10 Beerse
39,Antwerpseweg 195,2020-04-04,03:00:00,0,0,0,FMN GV 10 Beerse
39,Antwerpseweg 195,2020-04-04,04:00:00,0,0,0,FMN GV 10 Beerse
39,Antwerpseweg 195,2020-04-04,05:00:00,2,2,0,FMN GV 10 Beerse
39,Antwerpseweg 195,2020-04-04,06:00:00,3,3,0,FMN GV 10 Beerse
39,Antwerpseweg 195,2020-04-04,07:00:00,1,1,0,FMN GV 10 Beerse
39,Antwerpseweg 195,2020-04-04,08:00:00,4,2,2,FMN GV 10 Beerse
39,Antwerpseweg 195,2020-04-04,09:00:00,5,2,3,FMN GV 10 Beerse
39,Antwerpseweg 195,2020-04-04,10:00:00,12,10,2,FMN GV 10 Beerse
39,Antwerpseweg 195,2020-04-04,11:00:00,14,11,3,FMN GV 10 Beerse
39,Antwerpseweg 195,2020-04-04,12:00:00,23,15,8,FMN GV 10 Beerse
39,Antwerpseweg 195,2020-04-04,13:00:00,53,28,25,FMN GV 10 Beerse
39,Antwerpseweg 195,2020-04-04,14:00:00,99,69,30,FMN GV 10 Beerse
39,Antwerpseweg 195,2020-04-04,15:00:00,107,72,35,FMN GV 10 Beerse
39,Antwerpseweg 195,2020-04-04,16:00:00,67,47,20,FMN GV 10 Beerse
39,Antwerpseweg 195,2020-04-04,17:00:00,41,25,16,FMN GV 10 Beerse
39,Antwerpseweg 195,2020-04-04,18:00:00,33,21,12,FMN GV 10 Beerse
39,Antwerpseweg 195,2020-04-04,19:00:00,9,8,1,FMN GV 10 Beerse
39,Antwerpseweg 195,2020-04-04,20:00:00,6,4,2,FMN GV 10 Beerse
39,Antwerpseweg 195,2020-04-04,21:00:00,3,2,1,FMN GV 10 Beerse
39,Antwerpseweg 195,2020-04-04,22:00:00,5,4,1,FMN GV 10 Beerse
39,Antwerpseweg 195,2020-04-04,23:00:00,0,0,0,FMN GV 10 Beerse
39,Antwerpseweg 195,2020-04-05,00:00:00,2,2,0,FMN GV 10 Beerse
39,Antwerpseweg 195,2020-04-05,01:00:00,0,0,0,FMN GV 10 Beerse
39,Antwerpseweg 195,2020-04-05,02:00:00,0,0,0,FMN GV 10 Beerse
39,Antwerpseweg 195,2020-04-05,03:00:00,1,0,1,FMN GV 10 Beerse
39,Antwerpseweg 195,2020-04-05,04:00:00,0,0,0,FMN GV 10 Beerse
39,Antwerpseweg 195,2020-04-05,05:00:00,0,0,0,FMN GV 10 Beerse
39,Antwerpseweg 195,2020-04-05,06:00:00,0,0,0,FMN GV 10 Beerse
39,Antwerpseweg 195,2020-04-05,07:00:00,1,1,0,FMN GV 10 Beerse
39,Antwerpseweg 195,2020-04-05,08:00:00,5,1,4,FMN GV 10 Beerse
39,Antwerpseweg 195,2020-04-05,09:00:00,19,11,8,FMN GV 10 Beerse
39,Antwerpseweg 195,2020-04-05,10:00:00,37,28,9,FMN GV 10 Beerse
39,Antwerpseweg 195,2020-04-05,11:00:00,67,57,10,FMN GV 10 Beerse
39,Antwerpseweg 195,2020-04-05,12:00:00,87,55,32,FMN GV 10 Beerse
39,Antwerpseweg 195,2020-04-05,13:00:00,153,103,50,FMN GV 10 Beerse
39,Antwerpseweg 195,2020-04-05,14:00:00,246,161,85,FMN GV 10 Beerse
39,Antwerpseweg 195,2020-04-05,15:00:00,158,119,39,FMN GV 10 Beerse
39,Antwerpseweg 195,2020-04-05,16:00:00,107,75,32,FMN GV 10 Beerse
39,Antwerpseweg 195,2020-04-05,17:00:00,30,20,10,FMN GV 10 Beerse
39,Antwerpseweg 195,2020-04-05,18:00:00,21,13,8,FMN GV 10 Beerse
39,Antwerpseweg 195,2020-04-05,19:00:00,6,4,2,FMN GV 10 Beerse
39,Antwerpseweg 195,2020-04-05,20:00:00,9,5,4,FMN GV 10 Beerse
39,Antwerpseweg 195,2020-04-05,21:00:00,4,2,2,FMN GV 10 Beerse
39,Antwerpseweg 195,2020-04-05,22:00:00,2,1,1,FMN GV 10 Beerse
39,Antwerpseweg 195,2020-04-05,23:00:00,0,0,0,FMN GV 10 Beerse
39,Antwerpseweg 195,2020-04-06,00:00:00,0,0,0,FMN GV 10 Beerse
39,Antwerpseweg 195,2020-04-06,01:00:00,0,0,0,FMN GV 10 Beerse
39,Antwerpseweg 195,2020-04-06,02:00:00,0,0,0,FMN GV 10 Beerse
39,Antwerpseweg 195,2020-04-06,03:00:00,0,0,0,FMN GV 10 Beerse
39,Antwerpseweg 195,2020-04-06,04:00:00,1,1,0,FMN GV 10 Beerse
39,Antwerpseweg 195,2020-04-06,05:00:00,7,7,0,FMN GV 10 Beerse
39,Antwerpseweg 195,2020-04-06,06:00:00,9,7,2,FMN GV 10 Beerse
39,Antwerpseweg 195,2020-04-06,07:00:00,21,19,2,FMN GV 10 Beerse
39,Antwerpseweg 195,2020-04-06,08:00:00,11,9,2,FMN GV 10 Beerse
39,Antwerpseweg 195,2020-04-06,09:00:00,6,4,2,FMN GV 10 Beerse
39,Antwerpseweg 195,2020-04-06,10:00:00,18,11,7,FMN GV 10 Beerse
39,Antwerpseweg 195,2020-04-06,11:00:00,16,12,4,FMN GV 10 Beerse
39,Antwerpseweg 195,2020-04-06,12:00:00,30,23,7,FMN GV 10 Beerse
39,Antwerpseweg 195,2020-04-06,13:00:00,44,25,19,FMN GV 10 Beerse
39,Antwerpseweg 195,2020-04-06,14:00:00,59,44,15,FMN GV 10 Beerse
39,Antwerpseweg 195,2020-04-06,15:00:00,74,53,21,FMN GV 10 Beerse
39,Antwerpseweg 195,2020-04-06,16:00:00,47,35,12,FMN GV 10 Beerse
39,Antwerpseweg 195,2020-04-06,17:00:00,44,28,16,FMN GV 10 Beerse
39,Antwerpseweg 195,2020-04-06,18:00:00,25,14,11,FMN GV 10 Beerse
39,Antwerpseweg 195,2020-04-06,19:00:00,4,4,0,FMN GV 10 Beerse
39,Antwerpseweg 195,2020-04-06,20:00:00,10,6,4,FMN GV 10 Beerse
39,Antwerpseweg 195,2020-04-06,21:00:00,7,5,2,FMN GV 10 Beerse
39,Antwerpseweg 195,2020-04-06,22:00:00,7,4,3,FMN GV 10 Beerse
39,Antwerpseweg 195,2020-04-06,23:00:00,0,0,0,FMN GV 10 Beerse
39,Antwerpseweg 195,2020-04-07,00:00:00,0,0,0,FMN GV 10 Beerse
39,Antwerpseweg 195,2020-04-07,01:00:00,0,0,0,FMN GV 10 Beerse
39,Antwerpseweg 195,2020-04-07,02:00:00,0,0,0,FMN GV 10 Beerse
39,Antwerpseweg 195,2020-04-07,03:00:00,1,1,0,FMN GV 10 Beerse
39,Antwerpseweg 195,2020-04-07,04:00:00,2,2,0,FMN GV 10 Beerse
39,Antwerpseweg 195,2020-04-07,05:00:00,9,9,0,FMN GV 10 Beerse
39,Antwerpseweg 195,2020-04-07,06:00:00,14,12,2,FMN GV 10 Beerse
39,Antwerpseweg 195,2020-04-07,07:00:00,22,18,4,FMN GV 10 Beerse
39,Antwerpseweg 195,2020-04-07,08:00:00,14,11,3,FMN GV 10 Beerse
39,Antwerpseweg 195,2020-04-07,09:00:00,9,5,4,FMN GV 10 Beerse
39,Antwerpseweg 195,2020-04-07,10:00:00,19,13,6,FMN GV 10 Beerse
39,Antwerpseweg 195,2020-04-07,11:00:00,14,7,7,FMN GV 10 Beerse
39,Antwerpseweg 195,2020-04-07,12:00:00,33,19,14,FMN GV 10 Beerse
39,Antwerpseweg 195,2020-04-07,13:00:00,60,47,13,FMN GV 10 Beerse
39,Antwerpseweg 195,2020-04-07,14:00:00,98,64,34,FMN GV 10 Beerse
39,Antwerpseweg 195,2020-04-07,15:00:00,78,58,20,FMN GV 10 Beerse
39,Antwerpseweg 195,2020-04-07,16:00:00,72,47,25,FMN GV 10 Beerse
39,Antwerpseweg 195,2020-04-07,17:00:00,52,35,17,FMN GV 10 Beerse
39,Antwerpseweg 195,2020-04-07,18:00:00,35,22,13,FMN GV 10 Beerse
39,Antwerpseweg 195,2020-04-07,19:00:00,14,14,0,FMN GV 10 Beerse
39,Antwerpseweg 195,2020-04-07,20:00:00,11,6,5,FMN GV 10 Beerse
39,Antwerpseweg 195,2020-04-07,21:00:00,7,4,3,FMN GV 10 Beerse
39,Antwerpseweg 195,2020-04-07,22:00:00,9,5,4,FMN GV 10 Beerse
39,Antwerpseweg 195,2020-04-07,23:00:00,1,1,0,FMN GV 10 Beerse
39,Antwerpseweg 195,2020-04-08,00:00:00,0,0,0,FMN GV 10 Beerse
39,Antwerpseweg 195,2020-04-08,01:00:00,1,1,0,FMN GV 10 Beerse
39,Antwerpseweg 195,2020-04-08,02:00:00,0,0,0,FMN GV 10 Beerse
39,Antwerpseweg 195,2020-04-08,03:00:00,0,0,0,FMN GV 10 Beerse
39,Antwerpseweg 195,2020-04-08,04:00:00,2,2,0,FMN GV 10 Beerse
39,Antwerpseweg 195,2020-04-08,05:00:00,10,10,0,FMN GV 10 Beerse
39,Antwerpseweg 195,2020-04-08,06:00:00,10,9,1,FMN GV 10 Beerse
39,Antwerpseweg 195,2020-04-08,07:00:00,24,20,4,FMN GV 10 Beerse
39,Antwerpseweg 195,2020-04-08,08:00:00,11,8,3,FMN GV 10 Beerse
39,Antwerpseweg 195,2020-04-08,09:00:00,18,11,7,FMN GV 10 Beerse
39,Antwerpseweg 195,2020-04-08,10:00:00,22,15,7,FMN GV 10 Beerse
39,Antwerpseweg 195,2020-04-08,11:00:00,28,17,11,FMN GV 10 Beerse
39,Antwerpseweg 195,2020-04-08,12:00:00,33,23,10,FMN GV 10 Beerse
39,Antwerpseweg 195,2020-04-08,13:00:00,103,58,45,FMN GV 10 Beerse
39,Antwerpseweg 195,2020-04-08,14:00:00,137,88,49,FMN GV 10 Beerse
39,Antwerpseweg 195,2020-04-08,15:00:00,145,103,42,FMN GV 10 Beerse
39,Antwerpseweg 195,2020-04-08,16:00:00,107,72,35,FMN GV 10 Beerse
39,Antwerpseweg 195,2020-04-08,17:00:00,59,37,22,FMN GV 10 Beerse
39,Antwerpseweg 195,2020-04-08,18:00:00,30,19,11,FMN GV 10 Beerse
39,Antwerpseweg 195,2020-04-08,19:00:00,35,19,16,FMN GV 10 Beerse
39,Antwerpseweg 195,2020-04-08,20:00:00,16,10,6,FMN GV 10 Beerse
39,Antwerpseweg 195,2020-04-08,21:00:00,3,3,0,FMN GV 10 Beerse
39,Antwerpseweg 195,2020-04-08,22:00:00,5,3,2,FMN GV 10 Beerse
39,Antwerpseweg 195,2020-04-08,23:00:00,3,3,0,FMN GV 10 Beerse
39,Antwerpseweg 195,2020-04-09,00:00:00,1,1,0,FMN GV 10 Beerse
39,Antwerpseweg 195,2020-04-09,01:00:00,0,0,0,FMN GV 10 Beerse
39,Antwerpseweg 195,2020-04-09,02:00:00,0,0,0,FMN GV 10 Beerse
39,Antwerpseweg 195,2020-04-09,03:00:00,0,0,0,FMN GV 10 Beerse
39,Antwerpseweg 195,2020-04-09,04:00:00,1,1,0,FMN GV 10 Beerse
39,Antwerpseweg 195,2020-04-09,05:00:00,5,5,0,FMN GV 10 Beerse
39,Antwerpseweg 195,2020-04-09,06:00:00,13,12,1,FMN GV 10 Beerse
39,Antwerpseweg 195,2020-04-09,07:00:00,17,16,1,FMN GV 10 Beerse
39,Antwerpseweg 195,2020-04-09,08:00:00,12,9,3,FMN GV 10 Beerse
39,Antwerpseweg 195,2020-04-09,09:00:00,19,11,8,FMN GV 10 Beerse
39,Antwerpseweg 195,2020-04-09,10:00:00,22,13,9,FMN GV 10 Beerse
39,Antwerpseweg 195,2020-04-09,11:00:00,23,15,8,FMN GV 10 Beerse
39,Antwerpseweg 195,2020-04-09,12:00:00,21,16,5,FMN GV 10 Beerse
39,Antwerpseweg 195,2020-04-09,13:00:00,72,49,23,FMN GV 10 Beerse
39,Antwerpseweg 195,2020-04-09,14:00:00,78,41,37,FMN GV 10 Beerse
39,Antwerpseweg 195,2020-04-09,15:00:00,76,54,22,FMN GV 10 Beerse
39,Antwerpseweg 195,2020-04-09,16:00:00,81,62,19,FMN GV 10 Beerse
39,Antwerpseweg 195,2020-04-09,17:00:00,58,45,13,FMN GV 10 Beerse
39,Antwerpseweg 195,2020-04-09,18:00:00,38,27,11,FMN GV 10 Beerse
39,Antwerpseweg 195,2020-04-09,19:00:00,29,23,6,FMN GV 10 Beerse
39,Antwerpseweg 195,2020-04-09,20:00:00,6,5,1,FMN GV 10 Beerse
39,Antwerpseweg 195,2020-04-09,21:00:00,3,2,1,FMN GV 10 Beerse
39,Antwerpseweg 195,2020-04-09,22:00:00,5,4,1,FMN GV 10 Beerse
39,Antwerpseweg 195,2020-04-09,23:00:00,1,1,0,FMN GV 10 Beerse
39,Antwerpseweg 195,2020-04-10,00:00:00,0,0,0,FMN GV 10 Beerse
39,Antwerpseweg 195,2020-04-10,01:00:00,0,0,0,FMN GV 10 Beerse
39,Antwerpseweg 195,2020-04-10,02:00:00,0,0,0,FMN GV 10 Beerse
39,Antwerpseweg 195,2020-04-10,03:00:00,0,0,0,FMN GV 10 Beerse
39,Antwerpseweg 195,2020-04-10,04:00:00,1,1,0,FMN GV 10 Beerse
39,Antwerpseweg 195,2020-04-10,05:00:00,4,4,0,FMN GV 10 Beerse
39,Antwerpseweg 195,2020-04-10,06:00:00,8,8,0,FMN GV 10 Beerse
39,Antwerpseweg 195,2020-04-10,07:00:00,16,14,2,FMN GV 10 Beerse
39,Antwerpseweg 195,2020-04-10,08:00:00,15,11,4,FMN GV 10 Beerse
39,Antwerpseweg 195,2020-04-10,09:00:00,14,12,2,FMN GV 10 Beerse
39,Antwerpseweg 195,2020-04-10,10:00:00,26,12,14,FMN GV 10 Beerse
39,Antwerpseweg 195,2020-04-10,11:00:00,35,24,11,FMN GV 10 Beerse
39,Antwerpseweg 195,2020-04-10,12:00:00,46,25,21,FMN GV 10 Beerse
39,Antwerpseweg 195,2020-04-10,13:00:00,54,38,16,FMN GV 10 Beerse
39,Antwerpseweg 195,2020-04-10,14:00:00,72,43,29,FMN GV 10 Beerse
39,Antwerpseweg 195,2020-04-10,15:00:00,102,76,26,FMN GV 10 Beerse
39,Antwerpseweg 195,2020-04-10,16:00:00,74,40,34,FMN GV 10 Beerse
39,Antwerpseweg 195,2020-04-10,17:00:00,28,25,3,FMN GV 10 Beerse
39,Antwerpseweg 195,2020-04-10,18:00:00,28,17,11,FMN GV 10 Beerse
39,Antwerpseweg 195,2020-04-10,19:00:00,22,13,9,FMN GV 10 Beerse
39,Antwerpseweg 195,2020-04-10,20:00:00,16,14,2,FMN GV 10 Beerse
39,Antwerpseweg 195,2020-04-10,21:00:00,5,4,1,FMN GV 10 Beerse
39,Antwerpseweg 195,2020-04-10,22:00:00,5,3,2,FMN GV 10 Beerse
39,Antwerpseweg 195,2020-04-10,23:00:00,1,1,0,FMN GV 10 Beerse
39,Antwerpseweg 195,2020-04-11,00:00:00,0,0,0,FMN GV 10 Beerse
39,Antwerpseweg 195,2020-04-11,01:00:00,0,0,0,FMN GV 10 Beerse
39,Antwerpseweg 195,2020-04-11,02:00:00,0,0,0,FMN GV 10 Beerse
39,Antwerpseweg 195,2020-04-11,03:00:00,0,0,0,FMN GV 10 Beerse
39,Antwerpseweg 195,2020-04-11,04:00:00,1,1,0,FMN GV 10 Beerse
39,Antwerpseweg 195,2020-04-11,05:00:00,2,2,0,FMN GV 10 Beerse
39,Antwerpseweg 195,2020-04-11,06:00:00,1,0,1,FMN GV 10 Beerse
39,Antwerpseweg 195,2020-04-11,07:00:00,2,2,0,FMN GV 10 Beerse
39,Antwerpseweg 195,2020-04-11,08:00:00,6,6,0,FMN GV 10 Beerse
39,Antwerpseweg 195,2020-04-11,09:00:00,15,14,1,FMN GV 10 Beerse
39,Antwerpseweg 195,2020-04-11,10:00:00,33,24,9,FMN GV 10 Beerse
39,Antwerpseweg 195,2020-04-11,11:00:00,50,28,22,FMN GV 10 Beerse
39,Antwerpseweg 195,2020-04-11,12:00:00,43,22,21,FMN GV 10 Beerse
39,Antwerpseweg 195,2020-04-11,13:00:00,86,59,27,FMN GV 10 Beerse
39,Antwerpseweg 195,2020-04-11,14:00:00,156,109,47,FMN GV 10 Beerse
39,Antwerpseweg 195,2020-04-11,15:00:00,149,94,55,FMN GV 10 Beerse
39,Antwerpseweg 195,2020-04-11,16:00:00,95,70,25,FMN GV 10 Beerse
39,Antwerpseweg 195,2020-04-11,17:00:00,42,32,10,FMN GV 10 Beerse
39,Antwerpseweg 195,2020-04-11,18:00:00,41,23,18,FMN GV 10 Beerse
39,Antwerpseweg 195,2020-04-11,19:00:00,29,17,12,FMN GV 10 Beerse
39,Antwerpseweg 195,2020-04-11,20:00:00,25,17,8,FMN GV 10 Beerse
39,Antwerpseweg 195,2020-04-11,21:00:00,9,7,2,FMN GV 10 Beerse
39,Antwerpseweg 195,2020-04-11,22:00:00,3,1,2,FMN GV 10 Beerse
39,Antwerpseweg 195,2020-04-11,23:00:00,2,2,0,FMN GV 10 Beerse
39,Antwerpseweg 195,2020-04-12,00:00:00,3,3,0,FMN GV 10 Beerse
39,Antwerpseweg 195,2020-04-12,01:00:00,2,2,0,FMN GV 10 Beerse
39,Antwerpseweg 195,2020-04-12,02:00:00,0,0,0,FMN GV 10 Beerse
39,Antwerpseweg 195,2020-04-12,03:00:00,0,0,0,FMN GV 10 Beerse
39,Antwerpseweg 195,2020-04-12,04:00:00,0,0,0,FMN GV 10 Beerse
39,Antwerpseweg 195,2020-04-12,05:00:00,0,0,0,FMN GV 10 Beerse
39,Antwerpseweg 195,2020-04-12,06:00:00,1,0,1,FMN GV 10 Beerse
39,Antwerpseweg 195,2020-04-12,07:00:00,4,2,2,FMN GV 10 Beerse
39,Antwerpseweg 195,2020-04-12,08:00:00,10,8,2,FMN GV 10 Beerse
39,Antwerpseweg 195,2020-04-12,09:00:00,25,12,13,FMN GV 10 Beerse
39,Antwerpseweg 195,2020-04-12,10:00:00,41,24,17,FMN GV 10 Beerse
39,Antwerpseweg 195,2020-04-12,11:00:00,68,47,21,FMN GV 10 Beerse
39,Antwerpseweg 195,2020-04-12,12:00:00,71,54,17,FMN GV 10 Beerse
39,Antwerpseweg 195,2020-04-12,13:00:00,107,70,37,FMN GV 10 Beerse
39,Antwerpseweg 195,2020-04-12,14:00:00,171,108,63,FMN GV 10 Beerse
39,Antwerpseweg 195,2020-04-12,15:00:00,151,95,56,FMN GV 10 Beerse
39,Antwerpseweg 195,2020-04-12,16:00:00,74,60,14,FMN GV 10 Beerse
39,Antwerpseweg 195,2020-04-12,17:00:00,49,27,22,FMN GV 10 Beerse
39,Antwerpseweg 195,2020-04-12,18:00:00,26,19,7,FMN GV 10 Beerse
39,Antwerpseweg 195,2020-04-12,19:00:00,14,7,7,FMN GV 10 Beerse
39,Antwerpseweg 195,2020-04-12,20:00:00,15,8,7,FMN GV 10 Beerse
39,Antwerpseweg 195,2020-04-12,21:00:00,5,3,2,FMN GV 10 Beerse
39,Antwerpseweg 195,2020-04-12,22:00:00,2,1,1,FMN GV 10 Beerse
39,Antwerpseweg 195,2020-04-12,23:00:00,3,0,3,FMN GV 10 Beerse
39,Antwerpseweg 195,2020-04-13,00:00:00,1,1,0,FMN GV 10 Beerse
39,Antwerpseweg 195,2020-04-13,01:00:00,2,0,2,FMN GV 10 Beerse
39,Antwerpseweg 195,2020-04-13,02:00:00,0,0,0,FMN GV 10 Beerse
39,Antwerpseweg 195,2020-04-13,03:00:00,1,1,0,FMN GV 10 Beerse
39,Antwerpseweg 195,2020-04-13,04:00:00,0,0,0,FMN GV 10 Beerse
39,Antwerpseweg 195,2020-04-13,05:00:00,0,0,0,FMN GV 10 Beerse
39,Antwerpseweg 195,2020-04-13,06:00:00,2,1,1,FMN GV 10 Beerse
39,Antwerpseweg 195,2020-04-13,07:00:00,0,0,0,FMN GV 10 Beerse
39,Antwerpseweg 195,2020-04-13,08:00:00,2,2,0,FMN GV 10 Beerse
39,Antwerpseweg 195,2020-04-13,09:00:00,1,1,0,FMN GV 10 Beerse
39,Antwerpseweg 195,2020-04-13,10:00:00,5,3,2,FMN GV 10 Beerse
39,Antwerpseweg 195,2020-04-13,11:00:00,6,6,0,FMN GV 10 Beerse
39,Antwerpseweg 195,2020-04-13,12:00:00,3,3,0,FMN GV 10 Beerse
39,Antwerpseweg 195,2020-04-13,13:00:00,17,12,5,FMN GV 10 Beerse
39,Antwerpseweg 195,2020-04-13,14:00:00,28,20,8,FMN GV 10 Beerse
39,Antwerpseweg 195,2020-04-13,15:00:00,27,18,9,FMN GV 10 Beerse
39,Antwerpseweg 195,2020-04-13,16:00:00,37,22,15,FMN GV 10 Beerse
39,Antwerpseweg 195,2020-04-13,17:00:00,27,16,11,FMN GV 10 Beerse
39,Antwerpseweg 195,2020-04-13,18:00:00,13,7,6,FMN GV 10 Beerse
39,Antwerpseweg 195,2020-04-13,19:00:00,7,3,4,FMN GV 10 Beerse
39,Antwerpseweg 195,2020-04-13,20:00:00,3,1,2,FMN GV 10 Beerse
39,Antwerpseweg 195,2020-04-13,21:00:00,3,2,1,FMN GV 10 Beerse
39,Antwerpseweg 195,2020-04-13,22:00:00,2,2,0,FMN GV 10 Beerse
39,Antwerpseweg 195,2020-04-13,23:00:00,1,1,0,FMN GV 10 Beerse
39,Antwerpseweg 195,2020-04-14,00:00:00,0,0,0,FMN GV 10 Beerse
39,Antwerpseweg 195,2020-04-14,01:00:00,0,0,0,FMN GV 10 Beerse
39,Antwerpseweg 195,2020-04-14,02:00:00,0,0,0,FMN GV 10 Beerse
39,Antwerpseweg 195,2020-04-14,03:00:00,0,0,0,FMN GV 10 Beerse
39,Antwerpseweg 195,2020-04-14,04:00:00,1,1,0,FMN GV 10 Beerse
39,Antwerpseweg 195,2020-04-14,05:00:00,3,2,1,FMN GV 10 Beerse
39,Antwerpseweg 195,2020-04-14,06:00:00,6,4,2,FMN GV 10 Beerse
39,Antwerpseweg 195,2020-04-14,07:00:00,4,3,1,FMN GV 10 Beerse
39,Antwerpseweg 195,2020-04-14,08:00:00,13,11,2,FMN GV 10 Beerse
39,Antwerpseweg 195,2020-04-14,09:00:00,4,3,1,FMN GV 10 Beerse
39,Antwerpseweg 195,2020-04-14,10:00:00,6,3,3,FMN GV 10 Beerse
39,Antwerpseweg 195,2020-04-14,11:00:00,13,9,4,FMN GV 10 Beerse
39,Antwerpseweg 195,2020-04-14,12:00:00,13,11,2,FMN GV 10 Beerse
39,Antwerpseweg 195,2020-04-14,13:00:00,31,24,7,FMN GV 10 Beerse
39,Antwerpseweg 195,2020-04-14,14:00:00,43,38,5,FMN GV 10 Beerse
39,Antwerpseweg 195,2020-04-14,15:00:00,28,20,8,FMN GV 10 Beerse
39,Antwerpseweg 195,2020-04-14,16:00:00,32,21,11,FMN GV 10 Beerse
39,Antwerpseweg 195,2020-04-14,17:00:00,26,20,6,FMN GV 10 Beerse
39,Antwerpseweg 195,2020-04-14,18:00:00,8,5,3,FMN GV 10 Beerse
39,Antwerpseweg 195,2020-04-14,19:00:00,10,6,4,FMN GV 10 Beerse
39,Antwerpseweg 195,2020-04-14,20:00:00,1,1,0,FMN GV 10 Beerse
39,Antwerpseweg 195,2020-04-14,21:00:00,1,0,1,FMN GV 10 Beerse
39,Antwerpseweg 195,2020-04-14,22:00:00,4,2,2,FMN GV 10 Beerse
39,Antwerpseweg 195,2020-04-14,23:00:00,1,1,0,FMN GV 10 Beerse
39,Antwerpseweg 195,2020-04-15,00:00:00,0,0,0,FMN GV 10 Beerse
39,Antwerpseweg 195,2020-04-15,01:00:00,0,0,0,FMN GV 10 Beerse
39,Antwerpseweg 195,2020-04-15,02:00:00,0,0,0,FMN GV 10 Beerse
39,Antwerpseweg 195,2020-04-15,03:00:00,1,1,0,FMN GV 10 Beerse
39,Antwerpseweg 195,2020-04-15,04:00:00,0,0,0,FMN GV 10 Beerse
39,Antwerpseweg 195,2020-04-15,05:00:00,1,1,0,FMN GV 10 Beerse
39,Antwerpseweg 195,2020-04-15,06:00:00,4,3,1,FMN GV 10 Beerse
39,Antwerpseweg 195,2020-04-15,07:00:00,13,12,1,FMN GV 10 Beerse
39,Antwerpseweg 195,2020-04-15,08:00:00,15,10,5,FMN GV 10 Beerse
39,Antwerpseweg 195,2020-04-15,09:00:00,5,4,1,FMN GV 10 Beerse
39,Antwerpseweg 195,2020-04-15,10:00:00,13,9,4,FMN GV 10 Beerse
39,Antwerpseweg 195,2020-04-15,11:00:00,21,19,2,FMN GV 10 Beerse
39,Antwerpseweg 195,2020-04-15,12:00:00,29,21,8,FMN GV 10 Beerse
39,Antwerpseweg 195,2020-04-15,13:00:00,47,33,14,FMN GV 10 Beerse
39,Antwerpseweg 195,2020-04-15,14:00:00,109,74,35,FMN GV 10 Beerse
39,Antwerpseweg 195,2020-04-15,15:00:00,97,60,37,FMN GV 10 Beerse
39,Antwerpseweg 195,2020-04-15,16:00:00,67,54,13,FMN GV 10 Beerse
39,Antwerpseweg 195,2020-04-15,17:00:00,52,41,11,FMN GV 10 Beerse
39,Antwerpseweg 195,2020-04-15,18:00:00,29,23,6,FMN GV 10 Beerse
39,Antwerpseweg 195,2020-04-15,19:00:00,17,12,5,FMN GV 10 Beerse
39,Antwerpseweg 195,2020-04-15,20:00:00,12,9,3,FMN GV 10 Beerse
39,Antwerpseweg 195,2020-04-15,21:00:00,3,1,2,FMN GV 10 Beerse
39,Antwerpseweg 195,2020-04-15,22:00:00,4,4,0,FMN GV 10 Beerse
39,Antwerpseweg 195,2020-04-15,23:00:00,1,1,0,FMN GV 10 Beerse
39,Antwerpseweg 195,2020-04-16,00:00:00,0,0,0,FMN GV 10 Beerse
39,Antwerpseweg 195,2020-04-16,01:00:00,0,0,0,FMN GV 10 Beerse
39,Antwerpseweg 195,2020-04-16,02:00:00,0,0,0,FMN GV 10 Beerse
39,Antwerpseweg 195,2020-04-16,03:00:00,0,0,0,FMN GV 10 Beerse
39,Antwerpseweg 195,2020-04-16,04:00:00,0,0,0,FMN GV 10 Beerse
39,Antwerpseweg 195,2020-04-16,05:00:00,5,5,0,FMN GV 10 Beerse
39,Antwerpseweg 195,2020-04-16,06:00:00,8,8,0,FMN GV 10 Beerse
39,Antwerpseweg 195,2020-04-16,07:00:00,15,13,2,FMN GV 10 Beerse
39,Antwerpseweg 195,2020-04-16,08:00:00,17,15,2,FMN GV 10 Beerse
39,Antwerpseweg 195,2020-04-16,09:00:00,18,13,5,FMN GV 10 Beerse
39,Antwerpseweg 195,2020-04-16,10:00:00,24,10,14,FMN GV 10 Beerse
39,Antwerpseweg 195,2020-04-16,11:00:00,29,13,16,FMN GV 10 Beerse
39,Antwerpseweg 195,2020-04-16,12:00:00,34,26,8,FMN GV 10 Beerse
39,Antwerpseweg 195,2020-04-16,13:00:00,111,76,35,FMN GV 10 Beerse
39,Antwerpseweg 195,2020-04-16,14:00:00,137,92,45,FMN GV 10 Beerse
39,Antwerpseweg 195,2020-04-16,15:00:00,123,93,30,FMN GV 10 Beerse
39,Antwerpseweg 195,2020-04-16,16:00:00,81,59,22,FMN GV 10 Beerse
39,Antwerpseweg 195,2020-04-16,17:00:00,65,42,23,FMN GV 10 Beerse
39,Antwerpseweg 195,2020-04-16,18:00:00,48,34,14,FMN GV 10 Beerse
39,Antwerpseweg 195,2020-04-16,19:00:00,24,18,6,FMN GV 10 Beerse
39,Antwerpseweg 195,2020-04-16,20:00:00,22,20,2,FMN GV 10 Beerse
39,Antwerpseweg 195,2020-04-16,21:00:00,9,6,3,FMN GV 10 Beerse
39,Antwerpseweg 195,2020-04-16,22:00:00,4,1,3,FMN GV 10 Beerse
39,Antwerpseweg 195,2020-04-16,23:00:00,1,1,0,FMN GV 10 Beerse
39,Antwerpseweg 195,2020-04-17,00:00:00,0,0,0,FMN GV 10 Beerse
39,Antwerpseweg 195,2020-04-17,01:00:00,0,0,0,FMN GV 10 Beerse
39,Antwerpseweg 195,2020-04-17,02:00:00,0,0,0,FMN GV 10 Beerse
39,Antwerpseweg 195,2020-04-17,03:00:00,0,0,0,FMN GV 10 Beerse
39,Antwerpseweg 195,2020-04-17,04:00:00,1,1,0,FMN GV 10 Beerse
39,Antwerpseweg 195,2020-04-17,05:00:00,7,5,2,FMN GV 10 Beerse
39,Antwerpseweg 195,2020-04-17,06:00:00,9,7,2,FMN GV 10 Beerse
39,Antwerpseweg 195,2020-04-17,07:00:00,21,16,5,FMN GV 10 Beerse
39,Antwerpseweg 195,2020-04-17,08:00:00,15,11,4,FMN GV 10 Beerse
39,Antwerpseweg 195,2020-04-17,09:00:00,10,10,0,FMN GV 10 Beerse
39,Antwerpseweg 195,2020-04-17,10:00:00,23,11,12,FMN GV 10 Beerse
39,Antwerpseweg 195,2020-04-17,11:00:00,19,14,5,FMN GV 10 Beerse
39,Antwerpseweg 195,2020-04-17,12:00:00,29,22,7,FMN GV 10 Beerse
39,Antwerpseweg 195,2020-04-17,13:00:00,58,49,9,FMN GV 10 Beerse
39,Antwerpseweg 195,2020-04-17,14:00:00,90,61,29,FMN GV 10 Beerse
39,Antwerpseweg 195,2020-04-17,15:00:00,93,66,27,FMN GV 10 Beerse
39,Antwerpseweg 195,2020-04-17,16:00:00,64,43,21,FMN GV 10 Beerse
39,Antwerpseweg 195,2020-04-17,17:00:00,58,39,19,FMN GV 10 Beerse
39,Antwerpseweg 195,2020-04-17,18:00:00,25,17,8,FMN GV 10 Beerse
39,Antwerpseweg 195,2020-04-17,19:00:00,13,7,6,FMN GV 10 Beerse
39,Antwerpseweg 195,2020-04-17,20:00:00,15,9,6,FMN GV 10 Beerse
39,Antwerpseweg 195,2020-04-17,21:00:00,4,4,0,FMN GV 10 Beerse
39,Antwerpseweg 195,2020-04-17,22:00:00,3,3,0,FMN GV 10 Beerse
39,Antwerpseweg 195,2020-04-17,23:00:00,1,0,1,FMN GV 10 Beerse
39,Antwerpseweg 195,2020-04-18,00:00:00,0,0,0,FMN GV 10 Beerse
39,Antwerpseweg 195,2020-04-18,01:00:00,0,0,0,FMN GV 10 Beerse
39,Antwerpseweg 195,2020-04-18,02:00:00,0,0,0,FMN GV 10 Beerse
39,Antwerpseweg 195,2020-04-18,03:00:00,1,1,0,FMN GV 10 Beerse
39,Antwerpseweg 195,2020-04-18,04:00:00,0,0,0,FMN GV 10 Beerse
39,Antwerpseweg 195,2020-04-18,05:00:00,3,3,0,FMN GV 10 Beerse
39,Antwerpseweg 195,2020-04-18,06:00:00,2,2,0,FMN GV 10 Beerse
39,Antwerpseweg 195,2020-04-18,07:00:00,4,3,1,FMN GV 10 Beerse
39,Antwerpseweg 195,2020-04-18,08:00:00,7,5,2,FMN GV 10 Beerse
39,Antwerpseweg 195,2020-04-18,09:00:00,9,5,4,FMN GV 10 Beerse
39,Antwerpseweg 195,2020-04-18,10:00:00,19,11,8,FMN GV 10 Beerse
39,Antwerpseweg 195,2020-04-18,11:00:00,11,6,5,FMN GV 10 Beerse
39,Antwerpseweg 195,2020-04-18,12:00:00,10,7,3,FMN GV 10 Beerse
39,Antwerpseweg 195,2020-04-18,13:00:00,5,1,4,FMN GV 10 Beerse
39,Antwerpseweg 195,2020-04-18,14:00:00,7,2,5,FMN GV 10 Beerse
39,Antwerpseweg 195,2020-04-18,15:00:00,15,11,4,FMN GV 10 Beerse
39,Antwerpseweg 195,2020-04-18,16:00:00,24,16,8,FMN GV 10 Beerse
39,Antwerpseweg 195,2020-04-18,17:00:00,9,5,4,FMN GV 10 Beerse
39,Antwerpseweg 195,2020-04-18,18:00:00,9,5,4,FMN GV 10 Beerse
39,Antwerpseweg 195,2020-04-18,19:00:00,5,4,1,FMN GV 10 Beerse
39,Antwerpseweg 195,2020-04-18,20:00:00,4,1,3,FMN GV 10 Beerse
39,Antwerpseweg 195,2020-04-18,21:00:00,2,2,0,FMN GV 10 Beerse
39,Antwerpseweg 195,2020-04-18,22:00:00,1,1,0,FMN GV 10 Beerse
39,Antwerpseweg 195,2020-04-18,23:00:00,0,0,0,FMN GV 10 Beerse
39,Antwerpseweg 195,2020-04-19,00:00:00,0,0,0,FMN GV 10 Beerse
39,Antwerpseweg 195,2020-04-19,01:00:00,0,0,0,FMN GV 10 Beerse
39,Antwerpseweg 195,2020-04-19,02:00:00,0,0,0,FMN GV 10 Beerse
39,Antwerpseweg 195,2020-04-19,03:00:00,0,0,0,FMN GV 10 Beerse
39,Antwerpseweg 195,2020-04-19,04:00:00,0,0,0,FMN GV 10 Beerse
39,Antwerpseweg 195,2020-04-19,05:00:00,0,0,0,FMN GV 10 Beerse
39,Antwerpseweg 195,2020-04-19,06:00:00,0,0,0,FMN GV 10 Beerse
39,Antwerpseweg 195,2020-04-19,07:00:00,4,2,2,FMN GV 10 Beerse
39,Antwerpseweg 195,2020-04-19,08:00:00,9,5,4,FMN GV 10 Beerse
39,Antwerpseweg 195,2020-04-19,09:00:00,18,15,3,FMN GV 10 Beerse
39,Antwerpseweg 195,2020-04-19,10:00:00,49,36,13,FMN GV 10 Beerse
39,Antwerpseweg 195,2020-04-19,11:00:00,52,30,22,FMN GV 10 Beerse
39,Antwerpseweg 195,2020-04-19,12:00:00,25,16,9,FMN GV 10 Beerse
39,Antwerpseweg 195,2020-04-19,13:00:00,73,48,25,FMN GV 10 Beerse
39,Antwerpseweg 195,2020-04-19,14:00:00,122,86,36,FMN GV 10 Beerse
39,Antwerpseweg 195,2020-04-19,15:00:00,154,89,65,FMN GV 10 Beerse
39,Antwerpseweg 195,2020-04-19,16:00:00,97,62,35,FMN GV 10 Beerse
39,Antwerpseweg 195,2020-04-19,17:00:00,49,37,12,FMN GV 10 Beerse
39,Antwerpseweg 195,2020-04-19,18:00:00,19,11,8,FMN GV 10 Beerse
39,Antwerpseweg 195,2020-04-19,19:00:00,18,9,9,FMN GV 10 Beerse
39,Antwerpseweg 195,2020-04-19,20:00:00,7,7,0,FMN GV 10 Beerse
39,Antwerpseweg 195,2020-04-19,21:00:00,8,6,2,FMN GV 10 Beerse
39,Antwerpseweg 195,2020-04-19,22:00:00,3,3,0,FMN GV 10 Beerse
39,Antwerpseweg 195,2020-04-19,23:00:00,2,2,0,FMN GV 10 Beerse
39,Antwerpseweg 195,2020-04-20,00:00:00,0,0,0,FMN GV 10 Beerse
39,Antwerpseweg 195,2020-04-20,01:00:00,0,0,0,FMN GV 10 Beerse
39,Antwerpseweg 195,2020-04-20,02:00:00,0,0,0,FMN GV 10 Beerse
39,Antwerpseweg 195,2020-04-20,03:00:00,0,0,0,FMN GV 10 Beerse
39,Antwerpseweg 195,2020-04-20,04:00:00,0,0,0,FMN GV 10 Beerse
39,Antwerpseweg 195,2020-04-20,05:00:00,7,6,1,FMN GV 10 Beerse
39,Antwerpseweg 195,2020-04-20,06:00:00,9,7,2,FMN GV 10 Beerse
39,Antwerpseweg 195,2020-04-20,07:00:00,21,19,2,FMN GV 10 Beerse
39,Antwerpseweg 195,2020-04-20,08:00:00,13,11,2,FMN GV 10 Beerse
39,Antwerpseweg 195,2020-04-20,09:00:00,9,6,3,FMN GV 10 Beerse
39,Antwerpseweg 195,2020-04-20,10:00:00,17,10,7,FMN GV 10 Beerse
39,Antwerpseweg 195,2020-04-20,11:00:00,28,13,15,FMN GV 10 Beerse
39,Antwerpseweg 195,2020-04-20,12:00:00,19,8,11,FMN GV 10 Beerse
39,Antwerpseweg 195,2020-04-20,13:00:00,41,33,8,FMN GV 10 Beerse
39,Antwerpseweg 195,2020-04-20,14:00:00,35,20,15,FMN GV 10 Beerse
39,Antwerpseweg 195,2020-04-20,15:00:00,43,25,18,FMN GV 10 Beerse
39,Antwerpseweg 195,2020-04-20,16:00:00,44,33,11,FMN GV 10 Beerse
39,Antwerpseweg 195,2020-04-20,17:00:00,30,21,9,FMN GV 10 Beerse
39,Antwerpseweg 195,2020-04-20,18:00:00,23,14,9,FMN GV 10 Beerse
39,Antwerpseweg 195,2020-04-20,19:00:00,6,4,2,FMN GV 10 Beerse
39,Antwerpseweg 195,2020-04-20,20:00:00,12,9,3,FMN GV 10 Beerse
39,Antwerpseweg 195,2020-04-20,21:00:00,6,5,1,FMN GV 10 Beerse
39,Antwerpseweg 195,2020-04-20,22:00:00,3,2,1,FMN GV 10 Beerse
39,Antwerpseweg 195,2020-04-20,23:00:00,3,3,0,FMN GV 10 Beerse
39,Antwerpseweg 195,2020-04-21,00:00:00,0,0,0,FMN GV 10 Beerse
39,Antwerpseweg 195,2020-04-21,01:00:00,0,0,0,FMN GV 10 Beerse
39,Antwerpseweg 195,2020-04-21,02:00:00,0,0,0,FMN GV 10 Beerse
39,Antwerpseweg 195,2020-04-21,03:00:00,0,0,0,FMN GV 10 Beerse
39,Antwerpseweg 195,2020-04-21,04:00:00,0,0,0,FMN GV 10 Beerse
39,Antwerpseweg 195,2020-04-21,05:00:00,8,8,0,FMN GV 10 Beerse
39,Antwerpseweg 195,2020-04-21,06:00:00,18,15,3,FMN GV 10 Beerse
39,Antwerpseweg 195,2020-04-21,07:00:00,23,19,4,FMN GV 10 Beerse
39,Antwerpseweg 195,2020-04-21,08:00:00,14,11,3,FMN GV 10 Beerse
39,Antwerpseweg 195,2020-04-21,09:00:00,8,5,3,FMN GV 10 Beerse
39,Antwerpseweg 195,2020-04-21,10:00:00,11,10,1,FMN GV 10 Beerse
39,Antwerpseweg 195,2020-04-21,11:00:00,25,18,7,FMN GV 10 Beerse
39,Antwerpseweg 195,2020-04-21,12:00:00,25,16,9,FMN GV 10 Beerse
39,Antwerpseweg 195,2020-04-21,13:00:00,54,41,13,FMN GV 10 Beerse
39,Antwerpseweg 195,2020-04-21,14:00:00,45,37,8,FMN GV 10 Beerse
39,Antwerpseweg 195,2020-04-21,15:00:00,52,36,16,FMN GV 10 Beerse
39,Antwerpseweg 195,2020-04-21,16:00:00,39,27,12,FMN GV 10 Beerse
39,Antwerpseweg 195,2020-04-21,17:00:00,50,36,14,FMN GV 10 Beerse
39,Antwerpseweg 195,2020-04-21,18:00:00,31,18,13,FMN GV 10 Beerse
39,Antwerpseweg 195,2020-04-21,19:00:00,17,10,7,FMN GV 10 Beerse
39,Antwerpseweg 195,2020-04-21,20:00:00,11,7,4,FMN GV 10 Beerse
39,Antwerpseweg 195,2020-04-21,21:00:00,3,2,1,FMN GV 10 Beerse
39,Antwerpseweg 195,2020-04-21,22:00:00,5,4,1,FMN GV 10 Beerse
39,Antwerpseweg 195,2020-04-21,23:00:00,1,1,0,FMN GV 10 Beerse
39,Antwerpseweg 195,2020-04-22,00:00:00,0,0,0,FMN GV 10 Beerse
39,Antwerpseweg 195,2020-04-22,01:00:00,0,0,0,FMN GV 10 Beerse
39,Antwerpseweg 195,2020-04-22,02:00:00,0,0,0,FMN GV 10 Beerse
39,Antwerpseweg 195,2020-04-22,03:00:00,1,1,0,FMN GV 10 Beerse
39,Antwerpseweg 195,2020-04-22,04:00:00,0,0,0,FMN GV 10 Beerse
39,Antwerpseweg 195,2020-04-22,05:00:00,11,10,1,FMN GV 10 Beerse
39,Antwerpseweg 195,2020-04-22,06:00:00,15,13,2,FMN GV 10 Beerse
39,Antwerpseweg 195,2020-04-22,07:00:00,24,21,3,FMN GV 10 Beerse
39,Antwerpseweg 195,2020-04-22,08:00:00,14,10,4,FMN GV 10 Beerse
39,Antwerpseweg 195,2020-04-22,09:00:00,11,8,3,FMN GV 10 Beerse
39,Antwerpseweg 195,2020-04-22,10:00:00,22,14,8,FMN GV 10 Beerse
39,Antwerpseweg 195,2020-04-22,11:00:00,40,24,16,FMN GV 10 Beerse
39,Antwerpseweg 195,2020-04-22,12:00:00,40,16,24,FMN GV 10 Beerse
39,Antwerpseweg 195,2020-04-22,13:00:00,65,51,14,FMN GV 10 Beerse
39,Antwerpseweg 195,2020-04-22,14:00:00,89,58,31,FMN GV 10 Beerse
39,Antwerpseweg 195,2020-04-22,15:00:00,67,40,27,FMN GV 10 Beerse
39,Antwerpseweg 195,2020-04-22,16:00:00,72,53,19,FMN GV 10 Beerse
39,Antwerpseweg 195,2020-04-22,17:00:00,80,61,19,FMN GV 10 Beerse
39,Antwerpseweg 195,2020-04-22,18:00:00,27,18,9,FMN GV 10 Beerse
39,Antwerpseweg 195,2020-04-22,19:00:00,30,20,10,FMN GV 10 Beerse
39,Antwerpseweg 195,2020-04-22,20:00:00,16,9,7,FMN GV 10 Beerse
39,Antwerpseweg 195,2020-04-22,21:00:00,11,7,4,FMN GV 10 Beerse
39,Antwerpseweg 195,2020-04-22,22:00:00,4,4,0,FMN GV 10 Beerse
39,Antwerpseweg 195,2020-04-22,23:00:00,1,1,0,FMN GV 10 Beerse
39,Antwerpseweg 195,2020-04-23,00:00:00,0,0,0,FMN GV 10 Beerse
39,Antwerpseweg 195,2020-04-23,01:00:00,0,0,0,FMN GV 10 Beerse
39,Antwerpseweg 195,2020-04-23,02:00:00,1,1,0,FMN GV 10 Beerse
39,Antwerpseweg 195,2020-04-23,03:00:00,0,0,0,FMN GV 10 Beerse
39,Antwerpseweg 195,2020-04-23,04:00:00,1,1,0,FMN GV 10 Beerse
39,Antwerpseweg 195,2020-04-23,05:00:00,8,8,0,FMN GV 10 Beerse
39,Antwerpseweg 195,2020-04-23,06:00:00,20,17,3,FMN GV 10 Beerse
39,Antwerpseweg 195,2020-04-23,07:00:00,24,18,6,FMN GV 10 Beerse
39,Antwerpseweg 195,2020-04-23,08:00:00,18,13,5,FMN GV 10 Beerse
39,Antwerpseweg 195,2020-04-23,09:00:00,15,11,4,FMN GV 10 Beerse
39,Antwerpseweg 195,2020-04-23,10:00:00,19,8,11,FMN GV 10 Beerse
39,Antwerpseweg 195,2020-04-23,11:00:00,24,19,5,FMN GV 10 Beerse
39,Antwerpseweg 195,2020-04-23,12:00:00,37,26,11,FMN GV 10 Beerse
39,Antwerpseweg 195,2020-04-23,13:00:00,68,53,15,FMN GV 10 Beerse
39,Antwerpseweg 195,2020-04-23,14:00:00,113,74,39,FMN GV 10 Beerse
39,Antwerpseweg 195,2020-04-23,15:00:00,118,74,44,FMN GV 10 Beerse
39,Antwerpseweg 195,2020-04-23,16:00:00,100,56,44,FMN GV 10 Beerse
39,Antwerpseweg 195,2020-04-23,17:00:00,73,55,18,FMN GV 10 Beerse
39,Antwerpseweg 195,2020-04-23,18:00:00,37,31,6,FMN GV 10 Beerse
39,Antwerpseweg 195,2020-04-23,19:00:00,28,20,8,FMN GV 10 Beerse
39,Antwerpseweg 195,2020-04-23,20:00:00,13,10,3,FMN GV 10 Beerse
39,Antwerpseweg 195,2020-04-23,21:00:00,11,6,5,FMN GV 10 Beerse
39,Antwerpseweg 195,2020-04-23,22:00:00,8,5,3,FMN GV 10 Beerse
39,Antwerpseweg 195,2020-04-23,23:00:00,1,1,0,FMN GV 10 Beerse
39,Antwerpseweg 195,2020-04-24,00:00:00,0,0,0,FMN GV 10 Beerse
39,Antwerpseweg 195,2020-04-24,01:00:00,0,0,0,FMN GV 10 Beerse
39,Antwerpseweg 195,2020-04-24,02:00:00,0,0,0,FMN GV 10 Beerse
39,Antwerpseweg 195,2020-04-24,03:00:00,0,0,0,FMN GV 10 Beerse
39,Antwerpseweg 195,2020-04-24,04:00:00,2,2,0,FMN GV 10 Beerse
39,Antwerpseweg 195,2020-04-24,05:00:00,8,8,0,FMN GV 10 Beerse
39,Antwerpseweg 195,2020-04-24,06:00:00,11,9,2,FMN GV 10 Beerse
39,Antwerpseweg 195,2020-04-24,07:00:00,29,21,8,FMN GV 10 Beerse
39,Antwerpseweg 195,2020-04-24,08:00:00,20,16,4,FMN GV 10 Beerse
39,Antwerpseweg 195,2020-04-24,09:00:00,11,9,2,FMN GV 10 Beerse
39,Antwerpseweg 195,2020-04-24,10:00:00,28,26,2,FMN GV 10 Beerse
39,Antwerpseweg 195,2020-04-24,11:00:00,22,18,4,FMN GV 10 Beerse
39,Antwerpseweg 195,2020-04-24,12:00:00,30,16,14,FMN GV 10 Beerse
39,Antwerpseweg 195,2020-04-24,13:00:00,55,38,17,FMN GV 10 Beerse
39,Antwerpseweg 195,2020-04-24,14:00:00,111,81,30,FMN GV 10 Beerse
39,Antwerpseweg 195,2020-04-24,15:00:00,91,67,24,FMN GV 10 Beerse
39,Antwerpseweg 195,2020-04-24,16:00:00,93,67,26,FMN GV 10 Beerse
39,Antwerpseweg 195,2020-04-24,17:00:00,76,55,21,FMN GV 10 Beerse
39,Antwerpseweg 195,2020-04-24,18:00:00,39,28,11,FMN GV 10 Beerse
39,Antwerpseweg 195,2020-04-24,19:00:00,13,8,5,FMN GV 10 Beerse
39,Antwerpseweg 195,2020-04-24,20:00:00,16,9,7,FMN GV 10 Beerse
39,Antwerpseweg 195,2020-04-24,21:00:00,6,3,3,FMN GV 10 Beerse
39,Antwerpseweg 195,2020-04-24,22:00:00,6,3,3,FMN GV 10 Beerse
39,Antwerpseweg 195,2020-04-24,23:00:00,1,0,1,FMN GV 10 Beerse
39,Antwerpseweg 195,2020-04-25,00:00:00,1,0,1,FMN GV 10 Beerse
39,Antwerpseweg 195,2020-04-25,01:00:00,0,0,0,FMN GV 10 Beerse
39,Antwerpseweg 195,2020-04-25,02:00:00,1,0,1,FMN GV 10 Beerse
39,Antwerpseweg 195,2020-04-25,03:00:00,0,0,0,FMN GV 10 Beerse
39,Antwerpseweg 195,2020-04-25,04:00:00,1,1,0,FMN GV 10 Beerse
39,Antwerpseweg 195,2020-04-25,05:00:00,2,2,0,FMN GV 10 Beerse
39,Antwerpseweg 195,2020-04-25,06:00:00,1,1,0,FMN GV 10 Beerse
39,Antwerpseweg 195,2020-04-25,07:00:00,6,3,3,FMN GV 10 Beerse
39,Antwerpseweg 195,2020-04-25,08:00:00,12,8,4,FMN GV 10 Beerse
39,Antwerpseweg 195,2020-04-25,09:00:00,9,4,5,FMN GV 10 Beerse
39,Antwerpseweg 195,2020-04-25,10:00:00,13,10,3,FMN GV 10 Beerse
39,Antwerpseweg 195,2020-04-25,11:00:00,27,20,7,FMN GV 10 Beerse
39,Antwerpseweg 195,2020-04-25,12:00:00,23,17,6,FMN GV 10 Beerse
39,Antwerpseweg 195,2020-04-25,13:00:00,33,25,8,FMN GV 10 Beerse
39,Antwerpseweg 195,2020-04-25,14:00:00,102,71,31,FMN GV 10 Beerse
39,Antwerpseweg 195,2020-04-25,15:00:00,113,83,30,FMN GV 10 Beerse
39,Antwerpseweg 195,2020-04-25,16:00:00,65,39,26,FMN GV 10 Beerse
39,Antwerpseweg 195,2020-04-25,17:00:00,56,31,25,FMN GV 10 Beerse
39,Antwerpseweg 195,2020-04-25,18:00:00,36,27,9,FMN GV 10 Beerse
39,Antwerpseweg 195,2020-04-25,19:00:00,20,14,6,FMN GV 10 Beerse
39,Antwerpseweg 195,2020-04-25,20:00:00,18,12,6,FMN GV 10 Beerse
39,Antwerpseweg 195,2020-04-25,21:00:00,7,4,3,FMN GV 10 Beerse
39,Antwerpseweg 195,2020-04-25,22:00:00,3,3,0,FMN GV 10 Beerse
39,Antwerpseweg 195,2020-04-25,23:00:00,1,1,0,FMN GV 10 Beerse
39,Antwerpseweg 195,2020-04-26,00:00:00,0,0,0,FMN GV 10 Beerse
39,Antwerpseweg 195,2020-04-26,01:00:00,0,0,0,FMN GV 10 Beerse
39,Antwerpseweg 195,2020-04-26,02:00:00,0,0,0,FMN GV 10 Beerse
39,Antwerpseweg 195,2020-04-26,03:00:00,0,0,0,FMN GV 10 Beerse
39,Antwerpseweg 195,2020-04-26,04:00:00,0,0,0,FMN GV 10 Beerse
39,Antwerpseweg 195,2020-04-26,05:00:00,2,2,0,FMN GV 10 Beerse
39,Antwerpseweg 195,2020-04-26,06:00:00,0,0,0,FMN GV 10 Beerse
39,Antwerpseweg 195,2020-04-26,07:00:00,1,1,0,FMN GV 10 Beerse
39,Antwerpseweg 195,2020-04-26,08:00:00,12,9,3,FMN GV 10 Beerse
39,Antwerpseweg 195,2020-04-26,09:00:00,21,15,6,FMN GV 10 Beerse
39,Antwerpseweg 195,2020-04-26,10:00:00,49,30,19,FMN GV 10 Beerse
39,Antwerpseweg 195,2020-04-26,11:00:00,71,45,26,FMN GV 10 Beerse
39,Antwerpseweg 195,2020-04-26,12:00:00,50,24,26,FMN GV 10 Beerse
39,Antwerpseweg 195,2020-04-26,13:00:00,107,76,31,FMN GV 10 Beerse
39,Antwerpseweg 195,2020-04-26,14:00:00,164,119,45,FMN GV 10 Beerse
39,Antwerpseweg 195,2020-04-26,15:00:00,238,163,75,FMN GV 10 Beerse
39,Antwerpseweg 195,2020-04-26,16:00:00,128,83,45,FMN GV 10 Beerse
39,Antwerpseweg 195,2020-04-26,17:00:00,70,48,22,FMN GV 10 Beerse
39,Antwerpseweg 195,2020-04-26,18:00:00,45,37,8,FMN GV 10 Beerse
39,Antwerpseweg 195,2020-04-26,19:00:00,21,18,3,FMN GV 10 Beerse
39,Antwerpseweg 195,2020-04-26,20:00:00,16,9,7,FMN GV 10 Beerse
39,Antwerpseweg 195,2020-04-26,21:00:00,7,3,4,FMN GV 10 Beerse
39,Antwerpseweg 195,2020-04-26,22:00:00,3,3,0,FMN GV 10 Beerse
39,Antwerpseweg 195,2020-04-26,23:00:00,0,0,0,FMN GV 10 Beerse
39,Antwerpseweg 195,2020-04-27,00:00:00,0,0,0,FMN GV 10 Beerse
39,Antwerpseweg 195,2020-04-27,01:00:00,0,0,0,FMN GV 10 Beerse
39,Antwerpseweg 195,2020-04-27,02:00:00,0,0,0,FMN GV 10 Beerse
39,Antwerpseweg 195,2020-04-27,03:00:00,0,0,0,FMN GV 10 Beerse
39,Antwerpseweg 195,2020-04-27,04:00:00,2,2,0,FMN GV 10 Beerse
39,Antwerpseweg 195,2020-04-27,05:00:00,9,9,0,FMN GV 10 Beerse
39,Antwerpseweg 195,2020-04-27,06:00:00,15,12,3,FMN GV 10 Beerse
39,Antwerpseweg 195,2020-04-27,07:00:00,25,17,8,FMN GV 10 Beerse
39,Antwerpseweg 195,2020-04-27,08:00:00,16,11,5,FMN GV 10 Beerse
39,Antwerpseweg 195,2020-04-27,09:00:00,15,13,2,FMN GV 10 Beerse
39,Antwerpseweg 195,2020-04-27,10:00:00,24,12,12,FMN GV 10 Beerse
39,Antwerpseweg 195,2020-04-27,11:00:00,22,16,6,FMN GV 10 Beerse
39,Antwerpseweg 195,2020-04-27,12:00:00,29,16,13,FMN GV 10 Beerse
39,Antwerpseweg 195,2020-04-27,13:00:00,87,55,32,FMN GV 10 Beerse
39,Antwerpseweg 195,2020-04-27,14:00:00,81,60,21,FMN GV 10 Beerse
39,Antwerpseweg 195,2020-04-27,15:00:00,74,51,23,FMN GV 10 Beerse
39,Antwerpseweg 195,2020-04-27,16:00:00,87,65,22,FMN GV 10 Beerse
39,Antwerpseweg 195,2020-04-27,17:00:00,60,45,15,FMN GV 10 Beerse
39,Antwerpseweg 195,2020-04-27,18:00:00,39,20,19,FMN GV 10 Beerse
39,Antwerpseweg 195,2020-04-27,19:00:00,26,20,6,FMN GV 10 Beerse
39,Antwerpseweg 195,2020-04-27,20:00:00,14,8,6,FMN GV 10 Beerse
39,Antwerpseweg 195,2020-04-27,21:00:00,14,11,3,FMN GV 10 Beerse
39,Antwerpseweg 195,2020-04-27,22:00:00,5,2,3,FMN GV 10 Beerse
39,Antwerpseweg 195,2020-04-27,23:00:00,1,1,0,FMN GV 10 Beerse
39,Antwerpseweg 195,2020-04-28,00:00:00,2,1,1,FMN GV 10 Beerse
39,Antwerpseweg 195,2020-04-28,01:00:00,0,0,0,FMN GV 10 Beerse
39,Antwerpseweg 195,2020-04-28,02:00:00,0,0,0,FMN GV 10 Beerse
39,Antwerpseweg 195,2020-04-28,03:00:00,0,0,0,FMN GV 10 Beerse
39,Antwerpseweg 195,2020-04-28,04:00:00,0,0,0,FMN GV 10 Beerse
39,Antwerpseweg 195,2020-04-28,05:00:00,4,3,1,FMN GV 10 Beerse
39,Antwerpseweg 195,2020-04-28,06:00:00,14,13,1,FMN GV 10 Beerse
39,Antwerpseweg 195,2020-04-28,07:00:00,18,16,2,FMN GV 10 Beerse
39,Antwerpseweg 195,2020-04-28,08:00:00,9,5,4,FMN GV 10 Beerse
39,Antwerpseweg 195,2020-04-28,09:00:00,3,2,1,FMN GV 10 Beerse
39,Antwerpseweg 195,2020-04-28,10:00:00,7,3,4,FMN GV 10 Beerse
39,Antwerpseweg 195,2020-04-28,11:00:00,8,5,3,FMN GV 10 Beerse
39,Antwerpseweg 195,2020-04-28,12:00:00,4,4,0,FMN GV 10 Beerse
39,Antwerpseweg 195,2020-04-28,13:00:00,7,5,2,FMN GV 10 Beerse
39,Antwerpseweg 195,2020-04-28,14:00:00,7,6,1,FMN GV 10 Beerse
39,Antwerpseweg 195,2020-04-28,15:00:00,7,5,2,FMN GV 10 Beerse
39,Antwerpseweg 195,2020-04-28,16:00:00,16,12,4,FMN GV 10 Beerse
39,Antwerpseweg 195,2020-04-28,17:00:00,18,14,4,FMN GV 10 Beerse
39,Antwerpseweg 195,2020-04-28,18:00:00,13,7,6,FMN GV 10 Beerse
39,Antwerpseweg 195,2020-04-28,19:00:00,9,5,4,FMN GV 10 Beerse
39,Antwerpseweg 195,2020-04-28,20:00:00,10,5,5,FMN GV 10 Beerse
39,Antwerpseweg 195,2020-04-28,21:00:00,2,2,0,FMN GV 10 Beerse
39,Antwerpseweg 195,2020-04-28,22:00:00,1,0,1,FMN GV 10 Beerse
39,Antwerpseweg 195,2020-04-28,23:00:00,0,0,0,FMN GV 10 Beerse
39,Antwerpseweg 195,2020-04-29,00:00:00,0,0,0,FMN GV 10 Beerse
39,Antwerpseweg 195,2020-04-29,01:00:00,0,0,0,FMN GV 10 Beerse
39,Antwerpseweg 195,2020-04-29,02:00:00,0,0,0,FMN GV 10 Beerse
39,Antwerpseweg 195,2020-04-29,03:00:00,0,0,0,FMN GV 10 Beerse
39,Antwerpseweg 195,2020-04-29,04:00:00,0,0,0,FMN GV 10 Beerse
39,Antwerpseweg 195,2020-04-29,05:00:00,5,4,1,FMN GV 10 Beerse
39,Antwerpseweg 195,2020-04-29,06:00:00,13,11,2,FMN GV 10 Beerse
39,Antwerpseweg 195,2020-04-29,07:00:00,19,16,3,FMN GV 10 Beerse
39,Antwerpseweg 195,2020-04-29,08:00:00,15,9,6,FMN GV 10 Beerse
39,Antwerpseweg 195,2020-04-29,09:00:00,8,5,3,FMN GV 10 Beerse
39,Antwerpseweg 195,2020-04-29,10:00:00,5,3,2,FMN GV 10 Beerse
39,Antwerpseweg 195,2020-04-29,11:00:00,7,5,2,FMN GV 10 Beerse
39,Antwerpseweg 195,2020-04-29,12:00:00,18,10,8,FMN GV 10 Beerse
39,Antwerpseweg 195,2020-04-29,13:00:00,20,16,4,FMN GV 10 Beerse
39,Antwerpseweg 195,2020-04-29,14:00:00,36,28,8,FMN GV 10 Beerse
39,Antwerpseweg 195,2020-04-29,15:00:00,48,27,21,FMN GV 10 Beerse
39,Antwerpseweg 195,2020-04-29,16:00:00,34,22,12,FMN GV 10 Beerse
39,Antwerpseweg 195,2020-04-29,17:00:00,21,16,5,FMN GV 10 Beerse
39,Antwerpseweg 195,2020-04-29,18:00:00,13,9,4,FMN GV 10 Beerse
39,Antwerpseweg 195,2020-04-29,19:00:00,15,12,3,FMN GV 10 Beerse
39,Antwerpseweg 195,2020-04-29,20:00:00,10,4,6,FMN GV 10 Beerse
39,Antwerpseweg 195,2020-04-29,21:00:00,3,2,1,FMN GV 10 Beerse
39,Antwerpseweg 195,2020-04-29,22:00:00,1,1,0,FMN GV 10 Beerse
39,Antwerpseweg 195,2020-04-29,23:00:00,2,2,0,FMN GV 10 Beerse
39,Antwerpseweg 195,2020-04-30,00:00:00,0,0,0,FMN GV 10 Beerse
39,Antwerpseweg 195,2020-04-30,01:00:00,0,0,0,FMN GV 10 Beerse
39,Antwerpseweg 195,2020-04-30,02:00:00,0,0,0,FMN GV 10 Beerse
39,Antwerpseweg 195,2020-04-30,03:00:00,0,0,0,FMN GV 10 Beerse
39,Antwerpseweg 195,2020-04-30,04:00:00,1,1,0,FMN GV 10 Beerse
39,Antwerpseweg 195,2020-04-30,05:00:00,3,3,0,FMN GV 10 Beerse
39,Antwerpseweg 195,2020-04-30,06:00:00,10,8,2,FMN GV 10 Beerse
39,Antwerpseweg 195,2020-04-30,07:00:00,11,9,2,FMN GV 10 Beerse
39,Antwerpseweg 195,2020-04-30,08:00:00,10,6,4,FMN GV 10 Beerse
39,Antwerpseweg 195,2020-04-30,09:00:00,8,5,3,FMN GV 10 Beerse
39,Antwerpseweg 195,2020-04-30,10:00:00,13,12,1,FMN GV 10 Beerse
39,Antwerpseweg 195,2020-04-30,11:00:00,8,5,3,FMN GV 10 Beerse
39,Antwerpseweg 195,2020-04-30,12:00:00,9,6,3,FMN GV 10 Beerse
39,Antwerpseweg 195,2020-04-30,13:00:00,18,10,8,FMN GV 10 Beerse
39,Antwerpseweg 195,2020-04-30,14:00:00,37,21,16,FMN GV 10 Beerse
39,Antwerpseweg 195,2020-04-30,15:00:00,30,21,9,FMN GV 10 Beerse
39,Antwerpseweg 195,2020-04-30,16:00:00,36,22,14,FMN GV 10 Beerse
39,Antwerpseweg 195,2020-04-30,17:00:00,29,21,8,FMN GV 10 Beerse
39,Antwerpseweg 195,2020-04-30,18:00:00,12,10,2,FMN GV 10 Beerse
39,Antwerpseweg 195,2020-04-30,19:00:00,11,7,4,FMN GV 10 Beerse
39,Antwerpseweg 195,2020-04-30,20:00:00,3,0,3,FMN GV 10 Beerse
39,Antwerpseweg 195,2020-04-30,21:00:00,4,2,2,FMN GV 10 Beerse
39,Antwerpseweg 195,2020-04-30,22:00:00,2,2,0,FMN GV 10 Beerse
39,Antwerpseweg 195,2020-04-30,23:00:00,2,2,0,FMN GV 10 Beerse
39,Antwerpseweg 195,2020-05-01,00:00:00,0,0,0,FMN GV 10 Beerse
39,Antwerpseweg 195,2020-05-01,01:00:00,1,1,0,FMN GV 10 Beerse
39,Antwerpseweg 195,2020-05-01,02:00:00,1,1,0,FMN GV 10 Beerse
39,Antwerpseweg 195,2020-05-01,03:00:00,0,0,0,FMN GV 10 Beerse
39,Antwerpseweg 195,2020-05-01,04:00:00,0,0,0,FMN GV 10 Beerse
39,Antwerpseweg 195,2020-05-01,05:00:00,0,0,0,FMN GV 10 Beerse
39,Antwerpseweg 195,2020-05-01,06:00:00,0,0,0,FMN GV 10 Beerse
39,Antwerpseweg 195,2020-05-01,07:00:00,1,1,0,FMN GV 10 Beerse
39,Antwerpseweg 195,2020-05-01,08:00:00,2,1,1,FMN GV 10 Beerse
39,Antwerpseweg 195,2020-05-01,09:00:00,10,3,7,FMN GV 10 Beerse
39,Antwerpseweg 195,2020-05-01,10:00:00,12,10,2,FMN GV 10 Beerse
39,Antwerpseweg 195,2020-05-01,11:00:00,20,14,6,FMN GV 10 Beerse
39,Antwerpseweg 195,2020-05-01,12:00:00,11,7,4,FMN GV 10 Beerse
39,Antwerpseweg 195,2020-05-01,13:00:00,13,5,8,FMN GV 10 Beerse
39,Antwerpseweg 195,2020-05-01,14:00:00,26,14,12,FMN GV 10 Beerse
39,Antwerpseweg 195,2020-05-01,15:00:00,11,9,2,FMN GV 10 Beerse
39,Antwerpseweg 195,2020-05-01,16:00:00,14,12,2,FMN GV 10 Beerse
39,Antwerpseweg 195,2020-05-01,17:00:00,4,3,1,FMN GV 10 Beerse
39,Antwerpseweg 195,2020-05-01,18:00:00,7,4,3,FMN GV 10 Beerse
39,Antwerpseweg 195,2020-05-01,19:00:00,4,3,1,FMN GV 10 Beerse
39,Antwerpseweg 195,2020-05-01,20:00:00,2,2,0,FMN GV 10 Beerse
39,Antwerpseweg 195,2020-05-01,21:00:00,1,0,1,FMN GV 10 Beerse
39,Antwerpseweg 195,2020-05-01,22:00:00,3,2,1,FMN GV 10 Beerse
39,Antwerpseweg 195,2020-05-01,23:00:00,0,0,0,FMN GV 10 Beerse
39,Antwerpseweg 195,2020-05-02,00:00:00,2,2,0,FMN GV 10 Beerse
39,Antwerpseweg 195,2020-05-02,01:00:00,0,0,0,FMN GV 10 Beerse
39,Antwerpseweg 195,2020-05-02,02:00:00,0,0,0,FMN GV 10 Beerse
39,Antwerpseweg 195,2020-05-02,03:00:00,0,0,0,FMN GV 10 Beerse
39,Antwerpseweg 195,2020-05-02,04:00:00,0,0,0,FMN GV 10 Beerse
39,Antwerpseweg 195,2020-05-02,05:00:00,2,2,0,FMN GV 10 Beerse
39,Antwerpseweg 195,2020-05-02,06:00:00,1,1,0,FMN GV 10 Beerse
39,Antwerpseweg 195,2020-05-02,07:00:00,3,2,1,FMN GV 10 Beerse
39,Antwerpseweg 195,2020-05-02,08:00:00,1,1,0,FMN GV 10 Beerse
39,Antwerpseweg 195,2020-05-02,09:00:00,0,0,0,FMN GV 10 Beerse
39,Antwerpseweg 195,2020-05-02,10:00:00,2,2,0,FMN GV 10 Beerse
39,Antwerpseweg 195,2020-05-02,11:00:00,7,4,3,FMN GV 10 Beerse
39,Antwerpseweg 195,2020-05-02,12:00:00,10,6,4,FMN GV 10 Beerse
39,Antwerpseweg 195,2020-05-02,13:00:00,13,9,4,FMN GV 10 Beerse
39,Antwerpseweg 195,2020-05-02,14:00:00,43,24,19,FMN GV 10 Beerse
39,Antwerpseweg 195,2020-05-02,15:00:00,47,32,15,FMN GV 10 Beerse
39,Antwerpseweg 195,2020-05-02,16:00:00,39,21,18,FMN GV 10 Beerse
39,Antwerpseweg 195,2020-05-02,17:00:00,34,26,8,FMN GV 10 Beerse
39,Antwerpseweg 195,2020-05-02,18:00:00,17,13,4,FMN GV 10 Beerse
39,Antwerpseweg 195,2020-05-02,19:00:00,10,9,1,FMN GV 10 Beerse
39,Antwerpseweg 195,2020-05-02,20:00:00,16,11,5,FMN GV 10 Beerse
39,Antwerpseweg 195,2020-05-02,21:00:00,3,3,0,FMN GV 10 Beerse
39,Antwerpseweg 195,2020-05-02,22:00:00,4,1,3,FMN GV 10 Beerse
39,Antwerpseweg 195,2020-05-02,23:00:00,1,1,0,FMN GV 10 Beerse
39,Antwerpseweg 195,2020-05-03,00:00:00,0,0,0,FMN GV 10 Beerse
39,Antwerpseweg 195,2020-05-03,01:00:00,0,0,0,FMN GV 10 Beerse
39,Antwerpseweg 195,2020-05-03,02:00:00,2,1,1,FMN GV 10 Beerse
39,Antwerpseweg 195,2020-05-03,03:00:00,1,1,0,FMN GV 10 Beerse
39,Antwerpseweg 195,2020-05-03,04:00:00,0,0,0,FMN GV 10 Beerse
39,Antwerpseweg 195,2020-05-03,05:00:00,1,1,0,FMN GV 10 Beerse
39,Antwerpseweg 195,2020-05-03,06:00:00,0,0,0,FMN GV 10 Beerse
39,Antwerpseweg 195,2020-05-03,07:00:00,4,1,3,FMN GV 10 Beerse
39,Antwerpseweg 195,2020-05-03,08:00:00,9,8,1,FMN GV 10 Beerse
39,Antwerpseweg 195,2020-05-03,09:00:00,33,16,17,FMN GV 10 Beerse
39,Antwerpseweg 195,2020-05-03,10:00:00,42,32,10,FMN GV 10 Beerse
39,Antwerpseweg 195,2020-05-03,11:00:00,73,48,25,FMN GV 10 Beerse
39,Antwerpseweg 195,2020-05-03,12:00:00,46,28,18,FMN GV 10 Beerse
39,Antwerpseweg 195,2020-05-03,13:00:00,100,45,55,FMN GV 10 Beerse
39,Antwerpseweg 195,2020-05-03,14:00:00,158,119,39,FMN GV 10 Beerse
39,Antwerpseweg 195,2020-05-03,15:00:00,148,88,60,FMN GV 10 Beerse
39,Antwerpseweg 195,2020-05-03,16:00:00,107,72,35,FMN GV 10 Beerse
39,Antwerpseweg 195,2020-05-03,17:00:00,50,20,30,FMN GV 10 Beerse
39,Antwerpseweg 195,2020-05-03,18:00:00,27,12,15,FMN GV 10 Beerse
39,Antwerpseweg 195,2020-05-03,19:00:00,18,13,5,FMN GV 10 Beerse
39,Antwerpseweg 195,2020-05-03,20:00:00,6,6,0,FMN GV 10 Beerse
39,Antwerpseweg 195,2020-05-03,21:00:00,3,3,0,FMN GV 10 Beerse
39,Antwerpseweg 195,2020-05-03,22:00:00,1,1,0,FMN GV 10 Beerse
39,Antwerpseweg 195,2020-05-03,23:00:00,4,2,2,FMN GV 10 Beerse
39,Antwerpseweg 195,2020-05-04,00:00:00,0,0,0,FMN GV 10 Beerse
39,Antwerpseweg 195,2020-05-04,01:00:00,0,0,0,FMN GV 10 Beerse
39,Antwerpseweg 195,2020-05-04,02:00:00,0,0,0,FMN GV 10 Beerse
39,Antwerpseweg 195,2020-05-04,03:00:00,0,0,0,FMN GV 10 Beerse
39,Antwerpseweg 195,2020-05-04,04:00:00,0,0,0,FMN GV 10 Beerse
39,Antwerpseweg 195,2020-05-04,05:00:00,10,10,0,FMN GV 10 Beerse
39,Antwerpseweg 195,2020-05-04,06:00:00,17,15,2,FMN GV 10 Beerse
39,Antwerpseweg 195,2020-05-04,07:00:00,29,25,4,FMN GV 10 Beerse
39,Antwerpseweg 195,2020-05-04,08:00:00,8,7,1,FMN GV 10 Beerse
39,Antwerpseweg 195,2020-05-04,09:00:00,2,2,0,FMN GV 10 Beerse
39,Antwerpseweg 195,2020-05-04,10:00:00,6,3,3,FMN GV 10 Beerse
39,Antwerpseweg 195,2020-05-04,11:00:00,9,7,2,FMN GV 10 Beerse
39,Antwerpseweg 195,2020-05-04,12:00:00,17,10,7,FMN GV 10 Beerse
39,Antwerpseweg 195,2020-05-04,13:00:00,44,33,11,FMN GV 10 Beerse
39,Antwerpseweg 195,2020-05-04,14:00:00,61,42,19,FMN GV 10 Beerse
39,Antwerpseweg 195,2020-05-04,15:00:00,48,31,17,FMN GV 10 Beerse
39,Antwerpseweg 195,2020-05-04,16:00:00,45,30,15,FMN GV 10 Beerse
39,Antwerpseweg 195,2020-05-04,17:00:00,38,26,12,FMN GV 10 Beerse
39,Antwerpseweg 195,2020-05-04,18:00:00,30,22,8,FMN GV 10 Beerse
39,Antwerpseweg 195,2020-05-04,19:00:00,10,4,6,FMN GV 10 Beerse
39,Antwerpseweg 195,2020-05-04,20:00:00,19,13,6,FMN GV 10 Beerse
39,Antwerpseweg 195,2020-05-04,21:00:00,10,8,2,FMN GV 10 Beerse
39,Antwerpseweg 195,2020-05-04,22:00:00,2,1,1,FMN GV 10 Beerse
39,Antwerpseweg 195,2020-05-04,23:00:00,0,0,0,FMN GV 10 Beerse
39,Antwerpseweg 195,2020-05-05,00:00:00,0,0,0,FMN GV 10 Beerse
39,Antwerpseweg 195,2020-05-05,01:00:00,0,0,0,FMN GV 10 Beerse
39,Antwerpseweg 195,2020-05-05,02:00:00,0,0,0,FMN GV 10 Beerse
39,Antwerpseweg 195,2020-05-05,03:00:00,0,0,0,FMN GV 10 Beerse
39,Antwerpseweg 195,2020-05-05,04:00:00,1,1,0,FMN GV 10 Beerse
39,Antwerpseweg 195,2020-05-05,05:00:00,9,9,0,FMN GV 10 Beerse
39,Antwerpseweg 195,2020-05-05,06:00:00,22,19,3,FMN GV 10 Beerse
39,Antwerpseweg 195,2020-05-05,07:00:00,31,27,4,FMN GV 10 Beerse
39,Antwerpseweg 195,2020-05-05,08:00:00,16,13,3,FMN GV 10 Beerse
39,Antwerpseweg 195,2020-05-05,09:00:00,10,8,2,FMN GV 10 Beerse
39,Antwerpseweg 195,2020-05-05,10:00:00,27,26,1,FMN GV 10 Beerse
39,Antwerpseweg 195,2020-05-05,11:00:00,19,12,7,FMN GV 10 Beerse
39,Antwerpseweg 195,2020-05-05,12:00:00,25,11,14,FMN GV 10 Beerse
39,Antwerpseweg 195,2020-05-05,13:00:00,42,29,13,FMN GV 10 Beerse
39,Antwerpseweg 195,2020-05-05,14:00:00,55,35,20,FMN GV 10 Beerse
39,Antwerpseweg 195,2020-05-05,15:00:00,63,39,24,FMN GV 10 Beerse
39,Antwerpseweg 195,2020-05-05,16:00:00,49,31,18,FMN GV 10 Beerse
39,Antwerpseweg 195,2020-05-05,17:00:00,52,40,12,FMN GV 10 Beerse
39,Antwerpseweg 195,2020-05-05,18:00:00,37,23,14,FMN GV 10 Beerse
39,Antwerpseweg 195,2020-05-05,19:00:00,14,8,6,FMN GV 10 Beerse
39,Antwerpseweg 195,2020-05-05,20:00:00,15,8,7,FMN GV 10 Beerse
39,Antwerpseweg 195,2020-05-05,21:00:00,5,2,3,FMN GV 10 Beerse
39,Antwerpseweg 195,2020-05-05,22:00:00,5,4,1,FMN GV 10 Beerse
39,Antwerpseweg 195,2020-05-05,23:00:00,3,3,0,FMN GV 10 Beerse
39,Antwerpseweg 195,2020-05-06,00:00:00,0,0,0,FMN GV 10 Beerse
39,Antwerpseweg 195,2020-05-06,01:00:00,0,0,0,FMN GV 10 Beerse
39,Antwerpseweg 195,2020-05-06,02:00:00,0,0,0,FMN GV 10 Beerse
39,Antwerpseweg 195,2020-05-06,03:00:00,1,1,0,FMN GV 10 Beerse
39,Antwerpseweg 195,2020-05-06,04:00:00,1,1,0,FMN GV 10 Beerse
39,Antwerpseweg 195,2020-05-06,05:00:00,8,8,0,FMN GV 10 Beerse
39,Antwerpseweg 195,2020-05-06,06:00:00,13,12,1,FMN GV 10 Beerse
39,Antwerpseweg 195,2020-05-06,07:00:00,30,25,5,FMN GV 10 Beerse
39,Antwerpseweg 195,2020-05-06,08:00:00,22,19,3,FMN GV 10 Beerse
39,Antwerpseweg 195,2020-05-06,09:00:00,10,8,2,FMN GV 10 Beerse
39,Antwerpseweg 195,2020-05-06,10:00:00,23,20,3,FMN GV 10 Beerse
39,Antwerpseweg 195,2020-05-06,11:00:00,24,8,16,FMN GV 10 Beerse
39,Antwerpseweg 195,2020-05-06,12:00:00,33,23,10,FMN GV 10 Beerse
39,Antwerpseweg 195,2020-05-06,13:00:00,55,30,25,FMN GV 10 Beerse
39,Antwerpseweg 195,2020-05-06,14:00:00,95,43,52,FMN GV 10 Beerse
39,Antwerpseweg 195,2020-05-06,15:00:00,80,51,29,FMN GV 10 Beerse
39,Antwerpseweg 195,2020-05-06,16:00:00,80,49,31,FMN GV 10 Beerse
39,Antwerpseweg 195,2020-05-06,17:00:00,67,51,16,FMN GV 10 Beerse
39,Antwerpseweg 195,2020-05-06,18:00:00,45,31,14,FMN GV 10 Beerse
39,Antwerpseweg 195,2020-05-06,19:00:00,22,18,4,FMN GV 10 Beerse
39,Antwerpseweg 195,2020-05-06,20:00:00,15,10,5,FMN GV 10 Beerse
39,Antwerpseweg 195,2020-05-06,21:00:00,3,2,1,FMN GV 10 Beerse
39,Antwerpseweg 195,2020-05-06,22:00:00,3,3,0,FMN GV 10 Beerse
39,Antwerpseweg 195,2020-05-06,23:00:00,1,1,0,FMN GV 10 Beerse
39,Antwerpseweg 195,2020-05-07,00:00:00,0,0,0,FMN GV 10 Beerse
39,Antwerpseweg 195,2020-05-07,01:00:00,0,0,0,FMN GV 10 Beerse
39,Antwerpseweg 195,2020-05-07,02:00:00,0,0,0,FMN GV 10 Beerse
39,Antwerpseweg 195,2020-05-07,03:00:00,0,0,0,FMN GV 10 Beerse
39,Antwerpseweg 195,2020-05-07,04:00:00,0,0,0,FMN GV 10 Beerse
39,Antwerpseweg 195,2020-05-07,05:00:00,5,5,0,FMN GV 10 Beerse
39,Antwerpseweg 195,2020-05-07,06:00:00,16,13,3,FMN GV 10 Beerse
39,Antwerpseweg 195,2020-05-07,07:00:00,23,21,2,FMN GV 10 Beerse
39,Antwerpseweg 195,2020-05-07,08:00:00,23,14,9,FMN GV 10 Beerse
39,Antwerpseweg 195,2020-05-07,09:00:00,11,8,3,FMN GV 10 Beerse
39,Antwerpseweg 195,2020-05-07,10:00:00,14,9,5,FMN GV 10 Beerse
39,Antwerpseweg 195,2020-05-07,11:00:00,34,18,16,FMN GV 10 Beerse
39,Antwerpseweg 195,2020-05-07,12:00:00,36,25,11,FMN GV 10 Beerse
39,Antwerpseweg 195,2020-05-07,13:00:00,49,24,25,FMN GV 10 Beerse
39,Antwerpseweg 195,2020-05-07,14:00:00,114,83,31,FMN GV 10 Beerse
39,Antwerpseweg 195,2020-05-07,15:00:00,107,80,27,FMN GV 10 Beerse
39,Antwerpseweg 195,2020-05-07,16:00:00,103,66,37,FMN GV 10 Beerse
39,Antwerpseweg 195,2020-05-07,17:00:00,74,56,18,FMN GV 10 Beerse
39,Antwerpseweg 195,2020-05-07,18:00:00,48,29,19,FMN GV 10 Beerse
39,Antwerpseweg 195,2020-05-07,19:00:00,20,13,7,FMN GV 10 Beerse
39,Antwerpseweg 195,2020-05-07,20:00:00,24,17,7,FMN GV 10 Beerse
39,Antwerpseweg 195,2020-05-07,21:00:00,11,7,4,FMN GV 10 Beerse
39,Antwerpseweg 195,2020-05-07,22:00:00,8,5,3,FMN GV 10 Beerse
39,Antwerpseweg 195,2020-05-07,23:00:00,1,0,1,FMN GV 10 Beerse
39,Antwerpseweg 195,2020-05-08,00:00:00,2,2,0,FMN GV 10 Beerse
39,Antwerpseweg 195,2020-05-08,01:00:00,1,1,0,FMN GV 10 Beerse
39,Antwerpseweg 195,2020-05-08,02:00:00,0,0,0,FMN GV 10 Beerse
39,Antwerpseweg 195,2020-05-08,03:00:00,0,0,0,FMN GV 10 Beerse
39,Antwerpseweg 195,2020-05-08,04:00:00,0,0,0,FMN GV 10 Beerse
39,Antwerpseweg 195,2020-05-08,05:00:00,7,7,0,FMN GV 10 Beerse
39,Antwerpseweg 195,2020-05-08,06:00:00,10,9,1,FMN GV 10 Beerse
39,Antwerpseweg 195,2020-05-08,07:00:00,31,25,6,FMN GV 10 Beerse
39,Antwerpseweg 195,2020-05-08,08:00:00,16,12,4,FMN GV 10 Beerse
39,Antwerpseweg 195,2020-05-08,09:00:00,19,12,7,FMN GV 10 Beerse
39,Antwerpseweg 195,2020-05-08,10:00:00,28,16,12,FMN GV 10 Beerse
39,Antwerpseweg 195,2020-05-08,11:00:00,34,25,9,FMN GV 10 Beerse
39,Antwerpseweg 195,2020-05-08,12:00:00,42,30,12,FMN GV 10 Beerse
39,Antwerpseweg 195,2020-05-08,13:00:00,84,44,40,FMN GV 10 Beerse
39,Antwerpseweg 195,2020-05-08,14:00:00,108,73,35,FMN GV 10 Beerse
39,Antwerpseweg 195,2020-05-08,15:00:00,95,60,35,FMN GV 10 Beerse
39,Antwerpseweg 195,2020-05-08,16:00:00,91,66,25,FMN GV 10 Beerse
39,Antwerpseweg 195,2020-05-08,17:00:00,45,30,15,FMN GV 10 Beerse
39,Antwerpseweg 195,2020-05-08,18:00:00,31,20,11,FMN GV 10 Beerse
39,Antwerpseweg 195,2020-05-08,19:00:00,24,16,8,FMN GV 10 Beerse
39,Antwerpseweg 195,2020-05-08,20:00:00,19,16,3,FMN GV 10 Beerse
39,Antwerpseweg 195,2020-05-08,21:00:00,10,5,5,FMN GV 10 Beerse
39,Antwerpseweg 195,2020-05-08,22:00:00,4,3,1,FMN GV 10 Beerse
39,Antwerpseweg 195,2020-05-08,23:00:00,4,4,0,FMN GV 10 Beerse
39,Antwerpseweg 195,2020-05-09,00:00:00,0,0,0,FMN GV 10 Beerse
39,Antwerpseweg 195,2020-05-09,01:00:00,0,0,0,FMN GV 10 Beerse
39,Antwerpseweg 195,2020-05-09,02:00:00,2,0,2,FMN GV 10 Beerse
39,Antwerpseweg 195,2020-05-09,03:00:00,0,0,0,FMN GV 10 Beerse
39,Antwerpseweg 195,2020-05-09,04:00:00,0,0,0,FMN GV 10 Beerse
39,Antwerpseweg 195,2020-05-09,05:00:00,3,3,0,FMN GV 10 Beerse
39,Antwerpseweg 195,2020-05-09,06:00:00,1,1,0,FMN GV 10 Beerse
39,Antwerpseweg 195,2020-05-09,07:00:00,1,0,1,FMN GV 10 Beerse
39,Antwerpseweg 195,2020-05-09,08:00:00,8,5,3,FMN GV 10 Beerse
39,Antwerpseweg 195,2020-05-09,09:00:00,20,14,6,FMN GV 10 Beerse
39,Antwerpseweg 195,2020-05-09,10:00:00,39,30,9,FMN GV 10 Beerse
39,Antwerpseweg 195,2020-05-09,11:00:00,54,42,12,FMN GV 10 Beerse
39,Antwerpseweg 195,2020-05-09,12:00:00,53,33,20,FMN GV 10 Beerse
39,Antwerpseweg 195,2020-05-09,13:00:00,83,52,31,FMN GV 10 Beerse
39,Antwerpseweg 195,2020-05-09,14:00:00,176,99,77,FMN GV 10 Beerse
39,Antwerpseweg 195,2020-05-09,15:00:00,140,83,57,FMN GV 10 Beerse
39,Antwerpseweg 195,2020-05-09,16:00:00,101,72,29,FMN GV 10 Beerse
39,Antwerpseweg 195,2020-05-09,17:00:00,72,59,13,FMN GV 10 Beerse
39,Antwerpseweg 195,2020-05-09,18:00:00,42,33,9,FMN GV 10 Beerse
39,Antwerpseweg 195,2020-05-09,19:00:00,29,18,11,FMN GV 10 Beerse
39,Antwerpseweg 195,2020-05-09,20:00:00,19,11,8,FMN GV 10 Beerse
39,Antwerpseweg 195,2020-05-09,21:00:00,13,9,4,FMN GV 10 Beerse
39,Antwerpseweg 195,2020-05-09,22:00:00,7,3,4,FMN GV 10 Beerse
39,Antwerpseweg 195,2020-05-09,23:00:00,1,1,0,FMN GV 10 Beerse
39,Antwerpseweg 195,2020-05-10,00:00:00,1,1,0,FMN GV 10 Beerse
39,Antwerpseweg 195,2020-05-10,01:00:00,0,0,0,FMN GV 10 Beerse
39,Antwerpseweg 195,2020-05-10,02:00:00,0,0,0,FMN GV 10 Beerse
39,Antwerpseweg 195,2020-05-10,03:00:00,1,0,1,FMN GV 10 Beerse
39,Antwerpseweg 195,2020-05-10,04:00:00,1,1,0,FMN GV 10 Beerse
39,Antwerpseweg 195,2020-05-10,05:00:00,0,0,0,FMN GV 10 Beerse
39,Antwerpseweg 195,2020-05-10,06:00:00,0,0,0,FMN GV 10 Beerse
39,Antwerpseweg 195,2020-05-10,07:00:00,8,4,4,FMN GV 10 Beerse
39,Antwerpseweg 195,2020-05-10,08:00:00,7,6,1,FMN GV 10 Beerse
39,Antwerpseweg 195,2020-05-10,09:00:00,20,11,9,FMN GV 10 Beerse
39,Antwerpseweg 195,2020-05-10,10:00:00,26,21,5,FMN GV 10 Beerse
39,Antwerpseweg 195,2020-05-10,11:00:00,46,21,25,FMN GV 10 Beerse
39,Antwerpseweg 195,2020-05-10,12:00:00,42,29,13,FMN GV 10 Beerse
39,Antwerpseweg 195,2020-05-10,13:00:00,73,56,17,FMN GV 10 Beerse
39,Antwerpseweg 195,2020-05-10,14:00:00,59,38,21,FMN GV 10 Beerse
39,Antwerpseweg 195,2020-05-10,15:00:00,42,22,20,FMN GV 10 Beerse
39,Antwerpseweg 195,2020-05-10,16:00:00,19,8,11,FMN GV 10 Beerse
39,Antwerpseweg 195,2020-05-10,17:00:00,8,5,3,FMN GV 10 Beerse
39,Antwerpseweg 195,2020-05-10,18:00:00,5,5,0,FMN GV 10 Beerse
39,Antwerpseweg 195,2020-05-10,19:00:00,6,3,3,FMN GV 10 Beerse
39,Antwerpseweg 195,2020-05-10,20:00:00,2,2,0,FMN GV 10 Beerse
39,Antwerpseweg 195,2020-05-10,21:00:00,2,2,0,FMN GV 10 Beerse
39,Antwerpseweg 195,2020-05-10,22:00:00,1,1,0,FMN GV 10 Beerse
39,Antwerpseweg 195,2020-05-10,23:00:00,0,0,0,FMN GV 10 Beerse
39,Antwerpseweg 195,2020-05-11,00:00:00,0,0,0,FMN GV 10 Beerse
39,Antwerpseweg 195,2020-05-11,01:00:00,2,1,1,FMN GV 10 Beerse
39,Antwerpseweg 195,2020-05-11,02:00:00,0,0,0,FMN GV 10 Beerse
39,Antwerpseweg 195,2020-05-11,03:00:00,0,0,0,FMN GV 10 Beerse
39,Antwerpseweg 195,2020-05-11,04:00:00,0,0,0,FMN GV 10 Beerse
39,Antwerpseweg 195,2020-05-11,05:00:00,6,6,0,FMN GV 10 Beerse
39,Antwerpseweg 195,2020-05-11,06:00:00,10,8,2,FMN GV 10 Beerse
39,Antwerpseweg 195,2020-05-11,07:00:00,28,24,4,FMN GV 10 Beerse
39,Antwerpseweg 195,2020-05-11,08:00:00,12,11,1,FMN GV 10 Beerse
39,Antwerpseweg 195,2020-05-11,09:00:00,4,2,2,FMN GV 10 Beerse
39,Antwerpseweg 195,2020-05-11,10:00:00,3,3,0,FMN GV 10 Beerse
39,Antwerpseweg 195,2020-05-11,11:00:00,7,4,3,FMN GV 10 Beerse
39,Antwerpseweg 195,2020-05-11,12:00:00,14,11,3,FMN GV 10 Beerse
39,Antwerpseweg 195,2020-05-11,13:00:00,20,18,2,FMN GV 10 Beerse
39,Antwerpseweg 195,2020-05-11,14:00:00,17,11,6,FMN GV 10 Beerse
39,Antwerpseweg 195,2020-05-11,15:00:00,12,5,7,FMN GV 10 Beerse
39,Antwerpseweg 195,2020-05-11,16:00:00,14,11,3,FMN GV 10 Beerse
39,Antwerpseweg 195,2020-05-11,17:00:00,19,16,3,FMN GV 10 Beerse
39,Antwerpseweg 195,2020-05-11,18:00:00,14,9,5,FMN GV 10 Beerse
39,Antwerpseweg 195,2020-05-11,19:00:00,8,6,2,FMN GV 10 Beerse
39,Antwerpseweg 195,2020-05-11,20:00:00,8,4,4,FMN GV 10 Beerse
39,Antwerpseweg 195,2020-05-11,21:00:00,5,4,1,FMN GV 10 Beerse
39,Antwerpseweg 195,2020-05-11,22:00:00,2,0,2,FMN GV 10 Beerse
39,Antwerpseweg 195,2020-05-11,23:00:00,0,0,0,FMN GV 10 Beerse
39,Antwerpseweg 195,2020-05-12,00:00:00,0,0,0,FMN GV 10 Beerse
39,Antwerpseweg 195,2020-05-12,01:00:00,0,0,0,FMN GV 10 Beerse
39,Antwerpseweg 195,2020-05-12,02:00:00,0,0,0,FMN GV 10 Beerse
39,Antwerpseweg 195,2020-05-12,03:00:00,0,0,0,FMN GV 10 Beerse
39,Antwerpseweg 195,2020-05-12,04:00:00,1,1,0,FMN GV 10 Beerse
39,Antwerpseweg 195,2020-05-12,05:00:00,3,3,0,FMN GV 10 Beerse
39,Antwerpseweg 195,2020-05-12,06:00:00,15,12,3,FMN GV 10 Beerse
39,Antwerpseweg 195,2020-05-12,07:00:00,26,21,5,FMN GV 10 Beerse
39,Antwerpseweg 195,2020-05-12,08:00:00,19,16,3,FMN GV 10 Beerse
39,Antwerpseweg 195,2020-05-12,09:00:00,4,2,2,FMN GV 10 Beerse
39,Antwerpseweg 195,2020-05-12,10:00:00,9,4,5,FMN GV 10 Beerse
39,Antwerpseweg 195,2020-05-12,11:00:00,18,14,4,FMN GV 10 Beerse
39,Antwerpseweg 195,2020-05-12,12:00:00,10,7,3,FMN GV 10 Beerse
39,Antwerpseweg 195,2020-05-12,13:00:00,29,17,12,FMN GV 10 Beerse
39,Antwerpseweg 195,2020-05-12,14:00:00,42,25,17,FMN GV 10 Beerse
39,Antwerpseweg 195,2020-05-12,15:00:00,53,31,22,FMN GV 10 Beerse
39,Antwerpseweg 195,2020-05-12,16:00:00,44,28,16,FMN GV 10 Beerse
39,Antwerpseweg 195,2020-05-12,17:00:00,31,20,11,FMN GV 10 Beerse
39,Antwerpseweg 195,2020-05-12,18:00:00,19,11,8,FMN GV 10 Beerse
39,Antwerpseweg 195,2020-05-12,19:00:00,14,12,2,FMN GV 10 Beerse
39,Antwerpseweg 195,2020-05-12,20:00:00,10,7,3,FMN GV 10 Beerse
39,Antwerpseweg 195,2020-05-12,21:00:00,3,3,0,FMN GV 10 Beerse
39,Antwerpseweg 195,2020-05-12,22:00:00,2,2,0,FMN GV 10 Beerse
39,Antwerpseweg 195,2020-05-12,23:00:00,0,0,0,FMN GV 10 Beerse
39,Antwerpseweg 195,2020-05-13,00:00:00,0,0,0,FMN GV 10 Beerse
39,Antwerpseweg 195,2020-05-13,01:00:00,0,0,0,FMN GV 10 Beerse
39,Antwerpseweg 195,2020-05-13,02:00:00,0,0,0,FMN GV 10 Beerse
39,Antwerpseweg 195,2020-05-13,03:00:00,0,0,0,FMN GV 10 Beerse
39,Antwerpseweg 195,2020-05-13,04:00:00,1,1,0,FMN GV 10 Beerse
39,Antwerpseweg 195,2020-05-13,05:00:00,4,4,0,FMN GV 10 Beerse
39,Antwerpseweg 195,2020-05-13,06:00:00,15,12,3,FMN GV 10 Beerse
39,Antwerpseweg 195,2020-05-13,07:00:00,26,24,2,FMN GV 10 Beerse
39,Antwerpseweg 195,2020-05-13,08:00:00,19,13,6,FMN GV 10 Beerse
39,Antwerpseweg 195,2020-05-13,09:00:00,9,8,1,FMN GV 10 Beerse
39,Antwerpseweg 195,2020-05-13,10:00:00,18,11,7,FMN GV 10 Beerse
39,Antwerpseweg 195,2020-05-13,11:00:00,16,10,6,FMN GV 10 Beerse
39,Antwerpseweg 195,2020-05-13,12:00:00,23,14,9,FMN GV 10 Beerse
39,Antwerpseweg 195,2020-05-13,13:00:00,20,13,7,FMN GV 10 Beerse
39,Antwerpseweg 195,2020-05-13,14:00:00,26,22,4,FMN GV 10 Beerse
39,Antwerpseweg 195,2020-05-13,15:00:00,21,9,12,FMN GV 10 Beerse
39,Antwerpseweg 195,2020-05-13,16:00:00,28,20,8,FMN GV 10 Beerse
39,Antwerpseweg 195,2020-05-13,17:00:00,25,18,7,FMN GV 10 Beerse
39,Antwerpseweg 195,2020-05-13,18:00:00,17,13,4,FMN GV 10 Beerse
39,Antwerpseweg 195,2020-05-13,19:00:00,10,8,2,FMN GV 10 Beerse
39,Antwerpseweg 195,2020-05-13,20:00:00,10,9,1,FMN GV 10 Beerse
39,Antwerpseweg 195,2020-05-13,21:00:00,11,7,4,FMN GV 10 Beerse
39,Antwerpseweg 195,2020-05-13,22:00:00,1,1,0,FMN GV 10 Beerse
39,Antwerpseweg 195,2020-05-13,23:00:00,0,0,0,FMN GV 10 Beerse
39,Antwerpseweg 195,2020-05-14,00:00:00,0,0,0,FMN GV 10 Beerse
39,Antwerpseweg 195,2020-05-14,01:00:00,0,0,0,FMN GV 10 Beerse
39,Antwerpseweg 195,2020-05-14,02:00:00,0,0,0,FMN GV 10 Beerse
39,Antwerpseweg 195,2020-05-14,03:00:00,0,0,0,FMN GV 10 Beerse
39,Antwerpseweg 195,2020-05-14,04:00:00,1,1,0,FMN GV 10 Beerse
39,Antwerpseweg 195,2020-05-14,05:00:00,5,5,0,FMN GV 10 Beerse
39,Antwerpseweg 195,2020-05-14,06:00:00,21,18,3,FMN GV 10 Beerse
39,Antwerpseweg 195,2020-05-14,07:00:00,35,31,4,FMN GV 10 Beerse
39,Antwerpseweg 195,2020-05-14,08:00:00,11,9,2,FMN GV 10 Beerse
39,Antwerpseweg 195,2020-05-14,09:00:00,8,8,0,FMN GV 10 Beerse
39,Antwerpseweg 195,2020-05-14,10:00:00,10,6,4,FMN GV 10 Beerse
39,Antwerpseweg 195,2020-05-14,11:00:00,18,12,6,FMN GV 10 Beerse
39,Antwerpseweg 195,2020-05-14,12:00:00,17,10,7,FMN GV 10 Beerse
39,Antwerpseweg 195,2020-05-14,13:00:00,38,24,14,FMN GV 10 Beerse
39,Antwerpseweg 195,2020-05-14,14:00:00,47,28,19,FMN GV 10 Beerse
39,Antwerpseweg 195,2020-05-14,15:00:00,50,34,16,FMN GV 10 Beerse
39,Antwerpseweg 195,2020-05-14,16:00:00,42,29,13,FMN GV 10 Beerse
39,Antwerpseweg 195,2020-05-14,17:00:00,52,34,18,FMN GV 10 Beerse
39,Antwerpseweg 195,2020-05-14,18:00:00,25,13,12,FMN GV 10 Beerse
39,Antwerpseweg 195,2020-05-14,19:00:00,21,20,1,FMN GV 10 Beerse
39,Antwerpseweg 195,2020-05-14,20:00:00,18,13,5,FMN GV 10 Beerse
39,Antwerpseweg 195,2020-05-14,21:00:00,6,3,3,FMN GV 10 Beerse
39,Antwerpseweg 195,2020-05-14,22:00:00,4,0,4,FMN GV 10 Beerse
39,Antwerpseweg 195,2020-05-14,23:00:00,0,0,0,FMN GV 10 Beerse
39,Antwerpseweg 195,2020-05-15,00:00:00,1,1,0,FMN GV 10 Beerse
39,Antwerpseweg 195,2020-05-15,01:00:00,0,0,0,FMN GV 10 Beerse
39,Antwerpseweg 195,2020-05-15,02:00:00,0,0,0,FMN GV 10 Beerse
39,Antwerpseweg 195,2020-05-15,03:00:00,0,0,0,FMN GV 10 Beerse
39,Antwerpseweg 195,2020-05-15,04:00:00,1,1,0,FMN GV 10 Beerse
39,Antwerpseweg 195,2020-05-15,05:00:00,10,10,0,FMN GV 10 Beerse
39,Antwerpseweg 195,2020-05-15,06:00:00,11,9,2,FMN GV 10 Beerse
39,Antwerpseweg 195,2020-05-15,07:00:00,35,24,11,FMN GV 10 Beerse
39,Antwerpseweg 195,2020-05-15,08:00:00,23,15,8,FMN GV 10 Beerse
39,Antwerpseweg 195,2020-05-15,09:00:00,11,11,0,FMN GV 10 Beerse
39,Antwerpseweg 195,2020-05-15,10:00:00,17,9,8,FMN GV 10 Beerse
39,Antwerpseweg 195,2020-05-15,11:00:00,19,15,4,FMN GV 10 Beerse
39,Antwerpseweg 195,2020-05-15,12:00:00,33,26,7,FMN GV 10 Beerse
39,Antwerpseweg 195,2020-05-15,13:00:00,40,27,13,FMN GV 10 Beerse
39,Antwerpseweg 195,2020-05-15,14:00:00,51,33,18,FMN GV 10 Beerse
39,Antwerpseweg 195,2020-05-15,15:00:00,56,33,23,FMN GV 10 Beerse
39,Antwerpseweg 195,2020-05-15,16:00:00,49,28,21,FMN GV 10 Beerse
39,Antwerpseweg 195,2020-05-15,17:00:00,43,29,14,FMN GV 10 Beerse
39,Antwerpseweg 195,2020-05-15,18:00:00,20,10,10,FMN GV 10 Beerse
39,Antwerpseweg 195,2020-05-15,19:00:00,13,8,5,FMN GV 10 Beerse
39,Antwerpseweg 195,2020-05-15,20:00:00,9,7,2,FMN GV 10 Beerse
39,Antwerpseweg 195,2020-05-15,21:00:00,3,3,0,FMN GV 10 Beerse
39,Antwerpseweg 195,2020-05-15,22:00:00,3,3,0,FMN GV 10 Beerse
39,Antwerpseweg 195,2020-05-15,23:00:00,0,0,0,FMN GV 10 Beerse
39,Antwerpseweg 195,2020-05-16,00:00:00,2,2,0,FMN GV 10 Beerse
39,Antwerpseweg 195,2020-05-16,01:00:00,0,0,0,FMN GV 10 Beerse
39,Antwerpseweg 195,2020-05-16,02:00:00,0,0,0,FMN GV 10 Beerse
39,Antwerpseweg 195,2020-05-16,03:00:00,0,0,0,FMN GV 10 Beerse
39,Antwerpseweg 195,2020-05-16,04:00:00,0,0,0,FMN GV 10 Beerse
39,Antwerpseweg 195,2020-05-16,05:00:00,0,0,0,FMN GV 10 Beerse
39,Antwerpseweg 195,2020-05-16,06:00:00,4,4,0,FMN GV 10 Beerse
39,Antwerpseweg 195,2020-05-16,07:00:00,4,3,1,FMN GV 10 Beerse
39,Antwerpseweg 195,2020-05-16,08:00:00,4,2,2,FMN GV 10 Beerse
39,Antwerpseweg 195,2020-05-16,09:00:00,17,8,9,FMN GV 10 Beerse
39,Antwerpseweg 195,2020-05-16,10:00:00,19,7,12,FMN GV 10 Beerse
39,Antwerpseweg 195,2020-05-16,11:00:00,32,22,10,FMN GV 10 Beerse
39,Antwerpseweg 195,2020-05-16,12:00:00,31,22,9,FMN GV 10 Beerse
39,Antwerpseweg 195,2020-05-16,13:00:00,44,26,18,FMN GV 10 Beerse
39,Antwerpseweg 195,2020-05-16,14:00:00,66,45,21,FMN GV 10 Beerse
39,Antwerpseweg 195,2020-05-16,15:00:00,81,55,26,FMN GV 10 Beerse
39,Antwerpseweg 195,2020-05-16,16:00:00,33,19,14,FMN GV 10 Beerse
39,Antwerpseweg 195,2020-05-16,17:00:00,26,19,7,FMN GV 10 Beerse
39,Antwerpseweg 195,2020-05-16,18:00:00,15,7,8,FMN GV 10 Beerse
39,Antwerpseweg 195,2020-05-16,19:00:00,6,2,4,FMN GV 10 Beerse
39,Antwerpseweg 195,2020-05-16,20:00:00,1,1,0,FMN GV 10 Beerse
39,Antwerpseweg 195,2020-05-16,21:00:00,2,1,1,FMN GV 10 Beerse
39,Antwerpseweg 195,2020-05-16,22:00:00,0,0,0,FMN GV 10 Beerse
39,Antwerpseweg 195,2020-05-16,23:00:00,7,3,4,FMN GV 10 Beerse
39,Antwerpseweg 195,2020-05-17,00:00:00,0,0,0,FMN GV 10 Beerse
39,Antwerpseweg 195,2020-05-17,01:00:00,0,0,0,FMN GV 10 Beerse
39,Antwerpseweg 195,2020-05-17,02:00:00,0,0,0,FMN GV 10 Beerse
39,Antwerpseweg 195,2020-05-17,03:00:00,0,0,0,FMN GV 10 Beerse
39,Antwerpseweg 195,2020-05-17,04:00:00,0,0,0,FMN GV 10 Beerse
39,Antwerpseweg 195,2020-05-17,05:00:00,1,1,0,FMN GV 10 Beerse
39,Antwerpseweg 195,2020-05-17,06:00:00,0,0,0,FMN GV 10 Beerse
39,Antwerpseweg 195,2020-05-17,07:00:00,2,2,0,FMN GV 10 Beerse
39,Antwerpseweg 195,2020-05-17,08:00:00,15,6,9,FMN GV 10 Beerse
39,Antwerpseweg 195,2020-05-17,09:00:00,37,26,11,FMN GV 10 Beerse
39,Antwerpseweg 195,2020-05-17,10:00:00,31,17,14,FMN GV 10 Beerse
39,Antwerpseweg 195,2020-05-17,11:00:00,59,50,9,FMN GV 10 Beerse
39,Antwerpseweg 195,2020-05-17,12:00:00,64,46,18,FMN GV 10 Beerse
39,Antwerpseweg 195,2020-05-17,13:00:00,108,76,32,FMN GV 10 Beerse
39,Antwerpseweg 195,2020-05-17,14:00:00,142,95,47,FMN GV 10 Beerse
39,Antwerpseweg 195,2020-05-17,15:00:00,131,99,32,FMN GV 10 Beerse
39,Antwerpseweg 195,2020-05-17,16:00:00,85,54,31,FMN GV 10 Beerse
39,Antwerpseweg 195,2020-05-17,17:00:00,57,39,18,FMN GV 10 Beerse
39,Antwerpseweg 195,2020-05-17,18:00:00,37,22,15,FMN GV 10 Beerse
39,Antwerpseweg 195,2020-05-17,19:00:00,18,10,8,FMN GV 10 Beerse
39,Antwerpseweg 195,2020-05-17,20:00:00,15,10,5,FMN GV 10 Beerse
39,Antwerpseweg 195,2020-05-17,21:00:00,6,4,2,FMN GV 10 Beerse
39,Antwerpseweg 195,2020-05-17,22:00:00,2,2,0,FMN GV 10 Beerse
39,Antwerpseweg 195,2020-05-17,23:00:00,0,0,0,FMN GV 10 Beerse
39,Antwerpseweg 195,2020-05-18,00:00:00,0,0,0,FMN GV 10 Beerse
39,Antwerpseweg 195,2020-05-18,01:00:00,0,0,0,FMN GV 10 Beerse
39,Antwerpseweg 195,2020-05-18,02:00:00,0,0,0,FMN GV 10 Beerse
39,Antwerpseweg 195,2020-05-18,03:00:00,0,0,0,FMN GV 10 Beerse
39,Antwerpseweg 195,2020-05-18,04:00:00,1,1,0,FMN GV 10 Beerse
39,Antwerpseweg 195,2020-05-18,05:00:00,8,8,0,FMN GV 10 Beerse
39,Antwerpseweg 195,2020-05-18,06:00:00,14,9,5,FMN GV 10 Beerse
39,Antwerpseweg 195,2020-05-18,07:00:00,36,32,4,FMN GV 10 Beerse
39,Antwerpseweg 195,2020-05-18,08:00:00,16,14,2,FMN GV 10 Beerse
39,Antwerpseweg 195,2020-05-18,09:00:00,16,10,6,FMN GV 10 Beerse
39,Antwerpseweg 195,2020-05-18,10:00:00,19,11,8,FMN GV 10 Beerse
39,Antwerpseweg 195,2020-05-18,11:00:00,24,21,3,FMN GV 10 Beerse
39,Antwerpseweg 195,2020-05-18,12:00:00,21,17,4,FMN GV 10 Beerse
39,Antwerpseweg 195,2020-05-18,13:00:00,50,29,21,FMN GV 10 Beerse
39,Antwerpseweg 195,2020-05-18,14:00:00,59,35,24,FMN GV 10 Beerse
39,Antwerpseweg 195,2020-05-18,15:00:00,70,40,30,FMN GV 10 Beerse
39,Antwerpseweg 195,2020-05-18,16:00:00,61,44,17,FMN GV 10 Beerse
39,Antwerpseweg 195,2020-05-18,17:00:00,53,37,16,FMN GV 10 Beerse
39,Antwerpseweg 195,2020-05-18,18:00:00,27,15,12,FMN GV 10 Beerse
39,Antwerpseweg 195,2020-05-18,19:00:00,15,10,5,FMN GV 10 Beerse
39,Antwerpseweg 195,2020-05-18,20:00:00,14,10,4,FMN GV 10 Beerse
39,Antwerpseweg 195,2020-05-18,21:00:00,8,5,3,FMN GV 10 Beerse
39,Antwerpseweg 195,2020-05-18,22:00:00,6,3,3,FMN GV 10 Beerse
39,Antwerpseweg 195,2020-05-18,23:00:00,1,1,0,FMN GV 10 Beerse
39,Antwerpseweg 195,2020-05-19,00:00:00,0,0,0,FMN GV 10 Beerse
39,Antwerpseweg 195,2020-05-19,01:00:00,0,0,0,FMN GV 10 Beerse
39,Antwerpseweg 195,2020-05-19,02:00:00,0,0,0,FMN GV 10 Beerse
39,Antwerpseweg 195,2020-05-19,03:00:00,0,0,0,FMN GV 10 Beerse
39,Antwerpseweg 195,2020-05-19,04:00:00,1,1,0,FMN GV 10 Beerse
39,Antwerpseweg 195,2020-05-19,05:00:00,5,5,0,FMN GV 10 Beerse
39,Antwerpseweg 195,2020-05-19,06:00:00,15,13,2,FMN GV 10 Beerse
39,Antwerpseweg 195,2020-05-19,07:00:00,32,27,5,FMN GV 10 Beerse
39,Antwerpseweg 195,2020-05-19,08:00:00,25,19,6,FMN GV 10 Beerse
39,Antwerpseweg 195,2020-05-19,09:00:00,13,11,2,FMN GV 10 Beerse
39,Antwerpseweg 195,2020-05-19,10:00:00,22,12,10,FMN GV 10 Beerse
39,Antwerpseweg 195,2020-05-19,11:00:00,22,17,5,FMN GV 10 Beerse
39,Antwerpseweg 195,2020-05-19,12:00:00,26,16,10,FMN GV 10 Beerse
39,Antwerpseweg 195,2020-05-19,13:00:00,50,36,14,FMN GV 10 Beerse
39,Antwerpseweg 195,2020-05-19,14:00:00,71,46,25,FMN GV 10 Beerse
39,Antwerpseweg 195,2020-05-19,15:00:00,61,37,24,FMN GV 10 Beerse
39,Antwerpseweg 195,2020-05-19,16:00:00,67,46,21,FMN GV 10 Beerse
39,Antwerpseweg 195,2020-05-19,17:00:00,52,36,16,FMN GV 10 Beerse
39,Antwerpseweg 195,2020-05-19,18:00:00,28,18,10,FMN GV 10 Beerse
39,Antwerpseweg 195,2020-05-19,19:00:00,32,22,10,FMN GV 10 Beerse
39,Antwerpseweg 195,2020-05-19,20:00:00,27,17,10,FMN GV 10 Beerse
39,Antwerpseweg 195,2020-05-19,21:00:00,8,6,2,FMN GV 10 Beerse
39,Antwerpseweg 195,2020-05-19,22:00:00,7,5,2,FMN GV 10 Beerse
39,Antwerpseweg 195,2020-05-19,23:00:00,0,0,0,FMN GV 10 Beerse
39,Antwerpseweg 195,2020-05-20,00:00:00,0,0,0,FMN GV 10 Beerse
39,Antwerpseweg 195,2020-05-20,01:00:00,0,0,0,FMN GV 10 Beerse
39,Antwerpseweg 195,2020-05-20,02:00:00,0,0,0,FMN GV 10 Beerse
39,Antwerpseweg 195,2020-05-20,03:00:00,1,1,0,FMN GV 10 Beerse
39,Antwerpseweg 195,2020-05-20,04:00:00,1,1,0,FMN GV 10 Beerse
39,Antwerpseweg 195,2020-05-20,05:00:00,8,7,1,FMN GV 10 Beerse
39,Antwerpseweg 195,2020-05-20,06:00:00,20,18,2,FMN GV 10 Beerse
39,Antwerpseweg 195,2020-05-20,07:00:00,34,28,6,FMN GV 10 Beerse
39,Antwerpseweg 195,2020-05-20,08:00:00,19,15,4,FMN GV 10 Beerse
39,Antwerpseweg 195,2020-05-20,09:00:00,21,13,8,FMN GV 10 Beerse
39,Antwerpseweg 195,2020-05-20,10:00:00,33,21,12,FMN GV 10 Beerse
39,Antwerpseweg 195,2020-05-20,11:00:00,31,15,16,FMN GV 10 Beerse
39,Antwerpseweg 195,2020-05-20,12:00:00,44,27,17,FMN GV 10 Beerse
39,Antwerpseweg 195,2020-05-20,13:00:00,37,25,12,FMN GV 10 Beerse
39,Antwerpseweg 195,2020-05-20,14:00:00,49,39,10,FMN GV 10 Beerse
39,Antwerpseweg 195,2020-05-20,15:00:00,54,37,17,FMN GV 10 Beerse
39,Antwerpseweg 195,2020-05-20,16:00:00,55,34,21,FMN GV 10 Beerse
39,Antwerpseweg 195,2020-05-20,17:00:00,61,51,10,FMN GV 10 Beerse
39,Antwerpseweg 195,2020-05-20,18:00:00,23,14,9,FMN GV 10 Beerse
39,Antwerpseweg 195,2020-05-20,19:00:00,21,15,6,FMN GV 10 Beerse
39,Antwerpseweg 195,2020-05-20,20:00:00,18,13,5,FMN GV 10 Beerse
39,Antwerpseweg 195,2020-05-20,21:00:00,17,16,1,FMN GV 10 Beerse
39,Antwerpseweg 195,2020-05-20,22:00:00,8,5,3,FMN GV 10 Beerse
39,Antwerpseweg 195,2020-05-20,23:00:00,2,1,1,FMN GV 10 Beerse
39,Antwerpseweg 195,2020-05-21,00:00:00,0,0,0,FMN GV 10 Beerse
39,Antwerpseweg 195,2020-05-21,01:00:00,0,0,0,FMN GV 10 Beerse
39,Antwerpseweg 195,2020-05-21,02:00:00,0,0,0,FMN GV 10 Beerse
39,Antwerpseweg 195,2020-05-21,03:00:00,1,0,1,FMN GV 10 Beerse
39,Antwerpseweg 195,2020-05-21,04:00:00,0,0,0,FMN GV 10 Beerse
39,Antwerpseweg 195,2020-05-21,05:00:00,1,1,0,FMN GV 10 Beerse
39,Antwerpseweg 195,2020-05-21,06:00:00,2,2,0,FMN GV 10 Beerse
39,Antwerpseweg 195,2020-05-21,07:00:00,11,9,2,FMN GV 10 Beerse
39,Antwerpseweg 195,2020-05-21,08:00:00,11,7,4,FMN GV 10 Beerse
39,Antwerpseweg 195,2020-05-21,09:00:00,38,22,16,FMN GV 10 Beerse
39,Antwerpseweg 195,2020-05-21,10:00:00,48,18,30,FMN GV 10 Beerse
39,Antwerpseweg 195,2020-05-21,11:00:00,72,54,18,FMN GV 10 Beerse
39,Antwerpseweg 195,2020-05-21,12:00:00,83,52,31,FMN GV 10 Beerse
39,Antwerpseweg 195,2020-05-21,13:00:00,116,71,45,FMN GV 10 Beerse
39,Antwerpseweg 195,2020-05-21,14:00:00,124,77,47,FMN GV 10 Beerse
39,Antwerpseweg 195,2020-05-21,15:00:00,130,88,42,FMN GV 10 Beerse
39,Antwerpseweg 195,2020-05-21,16:00:00,99,66,33,FMN GV 10 Beerse
39,Antwerpseweg 195,2020-05-21,17:00:00,43,32,11,FMN GV 10 Beerse
39,Antwerpseweg 195,2020-05-21,18:00:00,33,23,10,FMN GV 10 Beerse
39,Antwerpseweg 195,2020-05-21,19:00:00,37,29,8,FMN GV 10 Beerse
39,Antwerpseweg 195,2020-05-21,20:00:00,23,19,4,FMN GV 10 Beerse
39,Antwerpseweg 195,2020-05-21,21:00:00,25,16,9,FMN GV 10 Beerse
39,Antwerpseweg 195,2020-05-21,22:00:00,8,6,2,FMN GV 10 Beerse
39,Antwerpseweg 195,2020-05-21,23:00:00,1,0,1,FMN GV 10 Beerse
39,Antwerpseweg 195,2020-05-22,00:00:00,0,0,0,FMN GV 10 Beerse
39,Antwerpseweg 195,2020-05-22,01:00:00,3,3,0,FMN GV 10 Beerse
39,Antwerpseweg 195,2020-05-22,02:00:00,1,0,1,FMN GV 10 Beerse
39,Antwerpseweg 195,2020-05-22,03:00:00,0,0,0,FMN GV 10 Beerse
39,Antwerpseweg 195,2020-05-22,04:00:00,0,0,0,FMN GV 10 Beerse
39,Antwerpseweg 195,2020-05-22,05:00:00,3,3,0,FMN GV 10 Beerse
39,Antwerpseweg 195,2020-05-22,06:00:00,5,5,0,FMN GV 10 Beerse
39,Antwerpseweg 195,2020-05-22,07:00:00,12,10,2,FMN GV 10 Beerse
39,Antwerpseweg 195,2020-05-22,08:00:00,12,9,3,FMN GV 10 Beerse
39,Antwerpseweg 195,2020-05-22,09:00:00,11,9,2,FMN GV 10 Beerse
39,Antwerpseweg 195,2020-05-22,10:00:00,29,10,19,FMN GV 10 Beerse
39,Antwerpseweg 195,2020-05-22,11:00:00,25,23,2,FMN GV 10 Beerse
39,Antwerpseweg 195,2020-05-22,12:00:00,34,20,14,FMN GV 10 Beerse
39,Antwerpseweg 195,2020-05-22,13:00:00,45,31,14,FMN GV 10 Beerse
39,Antwerpseweg 195,2020-05-22,14:00:00,44,30,14,FMN GV 10 Beerse
39,Antwerpseweg 195,2020-05-22,15:00:00,37,17,20,FMN GV 10 Beerse
39,Antwerpseweg 195,2020-05-22,16:00:00,17,13,4,FMN GV 10 Beerse
39,Antwerpseweg 195,2020-05-22,17:00:00,22,16,6,FMN GV 10 Beerse
39,Antwerpseweg 195,2020-05-22,18:00:00,15,7,8,FMN GV 10 Beerse
39,Antwerpseweg 195,2020-05-22,19:00:00,22,17,5,FMN GV 10 Beerse
39,Antwerpseweg 195,2020-05-22,20:00:00,14,8,6,FMN GV 10 Beerse
39,Antwerpseweg 195,2020-05-22,21:00:00,8,6,2,FMN GV 10 Beerse
39,Antwerpseweg 195,2020-05-22,22:00:00,2,1,1,FMN GV 10 Beerse
39,Antwerpseweg 195,2020-05-22,23:00:00,1,1,0,FMN GV 10 Beerse
39,Antwerpseweg 195,2020-05-23,00:00:00,2,2,0,FMN GV 10 Beerse
39,Antwerpseweg 195,2020-05-23,01:00:00,1,0,1,FMN GV 10 Beerse
39,Antwerpseweg 195,2020-05-23,02:00:00,1,0,1,FMN GV 10 Beerse
39,Antwerpseweg 195,2020-05-23,03:00:00,0,0,0,FMN GV 10 Beerse
39,Antwerpseweg 195,2020-05-23,04:00:00,1,1,0,FMN GV 10 Beerse
39,Antwerpseweg 195,2020-05-23,05:00:00,0,0,0,FMN GV 10 Beerse
39,Antwerpseweg 195,2020-05-23,06:00:00,3,2,1,FMN GV 10 Beerse
39,Antwerpseweg 195,2020-05-23,07:00:00,6,5,1,FMN GV 10 Beerse
39,Antwerpseweg 195,2020-05-23,08:00:00,4,2,2,FMN GV 10 Beerse
39,Antwerpseweg 195,2020-05-23,09:00:00,9,7,2,FMN GV 10 Beerse
39,Antwerpseweg 195,2020-05-23,10:00:00,26,19,7,FMN GV 10 Beerse
39,Antwerpseweg 195,2020-05-23,11:00:00,18,12,6,FMN GV 10 Beerse
39,Antwerpseweg 195,2020-05-23,12:00:00,25,17,8,FMN GV 10 Beerse
39,Antwerpseweg 195,2020-05-23,13:00:00,36,19,17,FMN GV 10 Beerse
39,Antwerpseweg 195,2020-05-23,14:00:00,47,33,14,FMN GV 10 Beerse
39,Antwerpseweg 195,2020-05-23,15:00:00,39,32,7,FMN GV 10 Beerse
39,Antwerpseweg 195,2020-05-23,16:00:00,38,26,12,FMN GV 10 Beerse
39,Antwerpseweg 195,2020-05-23,17:00:00,29,17,12,FMN GV 10 Beerse
39,Antwerpseweg 195,2020-05-23,18:00:00,18,4,14,FMN GV 10 Beerse
39,Antwerpseweg 195,2020-05-23,19:00:00,10,5,5,FMN GV 10 Beerse
39,Antwerpseweg 195,2020-05-23,20:00:00,8,4,4,FMN GV 10 Beerse
39,Antwerpseweg 195,2020-05-23,21:00:00,1,0,1,FMN GV 10 Beerse
39,Antwerpseweg 195,2020-05-23,22:00:00,3,3,0,FMN GV 10 Beerse
39,Antwerpseweg 195,2020-05-23,23:00:00,2,2,0,FMN GV 10 Beerse
39,Antwerpseweg 195,2020-05-24,00:00:00,1,1,0,FMN GV 10 Beerse
39,Antwerpseweg 195,2020-05-24,01:00:00,1,1,0,FMN GV 10 Beerse
39,Antwerpseweg 195,2020-05-24,02:00:00,1,0,1,FMN GV 10 Beerse
39,Antwerpseweg 195,2020-05-24,03:00:00,0,0,0,FMN GV 10 Beerse
39,Antwerpseweg 195,2020-05-24,04:00:00,0,0,0,FMN GV 10 Beerse
39,Antwerpseweg 195,2020-05-24,05:00:00,1,1,0,FMN GV 10 Beerse
39,Antwerpseweg 195,2020-05-24,06:00:00,1,0,1,FMN GV 10 Beerse
39,Antwerpseweg 195,2020-05-24,07:00:00,7,6,1,FMN GV 10 Beerse
39,Antwerpseweg 195,2020-05-24,08:00:00,12,5,7,FMN GV 10 Beerse
39,Antwerpseweg 195,2020-05-24,09:00:00,25,17,8,FMN GV 10 Beerse
39,Antwerpseweg 195,2020-05-24,10:00:00,38,13,25,FMN GV 10 Beerse
39,Antwerpseweg 195,2020-05-24,11:00:00,57,31,26,FMN GV 10 Beerse
39,Antwerpseweg 195,2020-05-24,12:00:00,30,20,10,FMN GV 10 Beerse
39,Antwerpseweg 195,2020-05-24,13:00:00,21,12,9,FMN GV 10 Beerse
39,Antwerpseweg 195,2020-05-24,14:00:00,17,10,7,FMN GV 10 Beerse
39,Antwerpseweg 195,2020-05-24,15:00:00,32,19,13,FMN GV 10 Beerse
39,Antwerpseweg 195,2020-05-24,16:00:00,21,20,1,FMN GV 10 Beerse
39,Antwerpseweg 195,2020-05-24,17:00:00,15,9,6,FMN GV 10 Beerse
39,Antwerpseweg 195,2020-05-24,18:00:00,7,5,2,FMN GV 10 Beerse
39,Antwerpseweg 195,2020-05-24,19:00:00,7,5,2,FMN GV 10 Beerse
39,Antwerpseweg 195,2020-05-24,20:00:00,5,4,1,FMN GV 10 Beerse
39,Antwerpseweg 195,2020-05-24,21:00:00,6,2,4,FMN GV 10 Beerse
39,Antwerpseweg 195,2020-05-24,22:00:00,1,1,0,FMN GV 10 Beerse
39,Antwerpseweg 195,2020-05-24,23:00:00,0,0,0,FMN GV 10 Beerse
39,Antwerpseweg 195,2020-05-25,00:00:00,0,0,0,FMN GV 10 Beerse
39,Antwerpseweg 195,2020-05-25,01:00:00,0,0,0,FMN GV 10 Beerse
39,Antwerpseweg 195,2020-05-25,02:00:00,1,1,0,FMN GV 10 Beerse
39,Antwerpseweg 195,2020-05-25,03:00:00,0,0,0,FMN GV 10 Beerse
39,Antwerpseweg 195,2020-05-25,04:00:00,4,4,0,FMN GV 10 Beerse
39,Antwerpseweg 195,2020-05-25,05:00:00,7,4,3,FMN GV 10 Beerse
39,Antwerpseweg 195,2020-05-25,06:00:00,16,14,2,FMN GV 10 Beerse
39,Antwerpseweg 195,2020-05-25,07:00:00,35,29,6,FMN GV 10 Beerse
39,Antwerpseweg 195,2020-05-25,08:00:00,25,16,9,FMN GV 10 Beerse
39,Antwerpseweg 195,2020-05-25,09:00:00,16,9,7,FMN GV 10 Beerse
39,Antwerpseweg 195,2020-05-25,10:00:00,17,11,6,FMN GV 10 Beerse
39,Antwerpseweg 195,2020-05-25,11:00:00,21,15,6,FMN GV 10 Beerse
39,Antwerpseweg 195,2020-05-25,12:00:00,23,12,11,FMN GV 10 Beerse
39,Antwerpseweg 195,2020-05-25,13:00:00,48,33,15,FMN GV 10 Beerse
39,Antwerpseweg 195,2020-05-25,14:00:00,54,30,24,FMN GV 10 Beerse
39,Antwerpseweg 195,2020-05-25,15:00:00,78,49,29,FMN GV 10 Beerse
39,Antwerpseweg 195,2020-05-25,16:00:00,60,39,21,FMN GV 10 Beerse
39,Antwerpseweg 195,2020-05-25,17:00:00,52,35,17,FMN GV 10 Beerse
39,Antwerpseweg 195,2020-05-25,18:00:00,45,25,20,FMN GV 10 Beerse
39,Antwerpseweg 195,2020-05-25,19:00:00,25,11,14,FMN GV 10 Beerse
39,Antwerpseweg 195,2020-05-25,20:00:00,29,21,8,FMN GV 10 Beerse
39,Antwerpseweg 195,2020-05-25,21:00:00,19,9,10,FMN GV 10 Beerse
39,Antwerpseweg 195,2020-05-25,22:00:00,9,3,6,FMN GV 10 Beerse
39,Antwerpseweg 195,2020-05-25,23:00:00,2,2,0,FMN GV 10 Beerse
39,Antwerpseweg 195,2020-05-26,00:00:00,0,0,0,FMN GV 10 Beerse
39,Antwerpseweg 195,2020-05-26,01:00:00,0,0,0,FMN GV 10 Beerse
39,Antwerpseweg 195,2020-05-26,02:00:00,0,0,0,FMN GV 10 Beerse
39,Antwerpseweg 195,2020-05-26,03:00:00,0,0,0,FMN GV 10 Beerse
39,Antwerpseweg 195,2020-05-26,04:00:00,5,5,0,FMN GV 10 Beerse
39,Antwerpseweg 195,2020-05-26,05:00:00,9,8,1,FMN GV 10 Beerse
39,Antwerpseweg 195,2020-05-26,06:00:00,23,16,7,FMN GV 10 Beerse
39,Antwerpseweg 195,2020-05-26,07:00:00,34,28,6,FMN GV 10 Beerse
39,Antwerpseweg 195,2020-05-26,08:00:00,38,27,11,FMN GV 10 Beerse
39,Antwerpseweg 195,2020-05-26,09:00:00,20,16,4,FMN GV 10 Beerse
39,Antwerpseweg 195,2020-05-26,10:00:00,41,29,12,FMN GV 10 Beerse
39,Antwerpseweg 195,2020-05-26,11:00:00,28,22,6,FMN GV 10 Beerse
39,Antwerpseweg 195,2020-05-26,12:00:00,39,22,17,FMN GV 10 Beerse
39,Antwerpseweg 195,2020-05-26,13:00:00,77,48,29,FMN GV 10 Beerse
39,Antwerpseweg 195,2020-05-26,14:00:00,73,38,35,FMN GV 10 Beerse
39,Antwerpseweg 195,2020-05-26,15:00:00,79,60,19,FMN GV 10 Beerse
39,Antwerpseweg 195,2020-05-26,16:00:00,74,45,29,FMN GV 10 Beerse
39,Antwerpseweg 195,2020-05-26,17:00:00,68,45,23,FMN GV 10 Beerse
39,Antwerpseweg 195,2020-05-26,18:00:00,26,21,5,FMN GV 10 Beerse
39,Antwerpseweg 195,2020-05-26,19:00:00,26,18,8,FMN GV 10 Beerse
39,Antwerpseweg 195,2020-05-26,20:00:00,19,9,10,FMN GV 10 Beerse
39,Antwerpseweg 195,2020-05-26,21:00:00,15,10,5,FMN GV 10 Beerse
39,Antwerpseweg 195,2020-05-26,22:00:00,8,5,3,FMN GV 10 Beerse
39,Antwerpseweg 195,2020-05-26,23:00:00,0,0,0,FMN GV 10 Beerse
39,Antwerpseweg 195,2020-05-27,00:00:00,0,0,0,FMN GV 10 Beerse
39,Antwerpseweg 195,2020-05-27,01:00:00,0,0,0,FMN GV 10 Beerse
39,Antwerpseweg 195,2020-05-27,02:00:00,0,0,0,FMN GV 10 Beerse
39,Antwerpseweg 195,2020-05-27,03:00:00,1,1,0,FMN GV 10 Beerse
39,Antwerpseweg 195,2020-05-27,04:00:00,5,5,0,FMN GV 10 Beerse
39,Antwerpseweg 195,2020-05-27,05:00:00,5,4,1,FMN GV 10 Beerse
39,Antwerpseweg 195,2020-05-27,06:00:00,22,17,5,FMN GV 10 Beerse
39,Antwerpseweg 195,2020-05-27,07:00:00,32,31,1,FMN GV 10 Beerse
39,Antwerpseweg 195,2020-05-27,08:00:00,27,16,11,FMN GV 10 Beerse
39,Antwerpseweg 195,2020-05-27,09:00:00,32,20,12,FMN GV 10 Beerse
39,Antwerpseweg 195,2020-05-27,10:00:00,22,11,11,FMN GV 10 Beerse
39,Antwerpseweg 195,2020-05-27,11:00:00,40,26,14,FMN GV 10 Beerse
39,Antwerpseweg 195,2020-05-27,12:00:00,44,31,13,FMN GV 10 Beerse
39,Antwerpseweg 195,2020-05-27,13:00:00,66,38,28,FMN GV 10 Beerse
39,Antwerpseweg 195,2020-05-27,14:00:00,72,48,24,FMN GV 10 Beerse
39,Antwerpseweg 195,2020-05-27,15:00:00,63,34,29,FMN GV 10 Beerse
39,Antwerpseweg 195,2020-05-27,16:00:00,71,56,15,FMN GV 10 Beerse
39,Antwerpseweg 195,2020-05-27,17:00:00,66,48,18,FMN GV 10 Beerse
39,Antwerpseweg 195,2020-05-27,18:00:00,33,22,11,FMN GV 10 Beerse
39,Antwerpseweg 195,2020-05-27,19:00:00,24,10,14,FMN GV 10 Beerse
39,Antwerpseweg 195,2020-05-27,20:00:00,37,22,15,FMN GV 10 Beerse
39,Antwerpseweg 195,2020-05-27,21:00:00,7,5,2,FMN GV 10 Beerse
39,Antwerpseweg 195,2020-05-27,22:00:00,5,3,2,FMN GV 10 Beerse
39,Antwerpseweg 195,2020-05-27,23:00:00,2,2,0,FMN GV 10 Beerse
39,Antwerpseweg 195,2020-05-28,00:00:00,0,0,0,FMN GV 10 Beerse
39,Antwerpseweg 195,2020-05-28,01:00:00,0,0,0,FMN GV 10 Beerse
39,Antwerpseweg 195,2020-05-28,02:00:00,1,0,1,FMN GV 10 Beerse
39,Antwerpseweg 195,2020-05-28,03:00:00,1,1,0,FMN GV 10 Beerse
39,Antwerpseweg 195,2020-05-28,04:00:00,4,4,0,FMN GV 10 Beerse
39,Antwerpseweg 195,2020-05-28,05:00:00,8,7,1,FMN GV 10 Beerse
39,Antwerpseweg 195,2020-05-28,06:00:00,21,11,10,FMN GV 10 Beerse
39,Antwerpseweg 195,2020-05-28,07:00:00,39,34,5,FMN GV 10 Beerse
39,Antwerpseweg 195,2020-05-28,08:00:00,26,16,10,FMN GV 10 Beerse
39,Antwerpseweg 195,2020-05-28,09:00:00,20,13,7,FMN GV 10 Beerse
39,Antwerpseweg 195,2020-05-28,10:00:00,19,15,4,FMN GV 10 Beerse
39,Antwerpseweg 195,2020-05-28,11:00:00,29,21,8,FMN GV 10 Beerse
39,Antwerpseweg 195,2020-05-28,12:00:00,32,18,14,FMN GV 10 Beerse
39,Antwerpseweg 195,2020-05-28,13:00:00,40,23,17,FMN GV 10 Beerse
39,Antwerpseweg 195,2020-05-28,14:00:00,64,34,30,FMN GV 10 Beerse
39,Antwerpseweg 195,2020-05-28,15:00:00,50,29,21,FMN GV 10 Beerse
39,Antwerpseweg 195,2020-05-28,16:00:00,65,42,23,FMN GV 10 Beerse
39,Antwerpseweg 195,2020-05-28,17:00:00,62,47,15,FMN GV 10 Beerse
39,Antwerpseweg 195,2020-05-28,18:00:00,26,17,9,FMN GV 10 Beerse
39,Antwerpseweg 195,2020-05-28,19:00:00,43,21,22,FMN GV 10 Beerse
39,Antwerpseweg 195,2020-05-28,20:00:00,25,18,7,FMN GV 10 Beerse
39,Antwerpseweg 195,2020-05-28,21:00:00,12,10,2,FMN GV 10 Beerse
39,Antwerpseweg 195,2020-05-28,22:00:00,3,1,2,FMN GV 10 Beerse
39,Antwerpseweg 195,2020-05-28,23:00:00,3,3,0,FMN GV 10 Beerse
39,Antwerpseweg 195,2020-05-29,00:00:00,0,0,0,FMN GV 10 Beerse
39,Antwerpseweg 195,2020-05-29,01:00:00,0,0,0,FMN GV 10 Beerse
39,Antwerpseweg 195,2020-05-29,02:00:00,0,0,0,FMN GV 10 Beerse
39,Antwerpseweg 195,2020-05-29,03:00:00,0,0,0,FMN GV 10 Beerse
39,Antwerpseweg 195,2020-05-29,04:00:00,4,4,0,FMN GV 10 Beerse
39,Antwerpseweg 195,2020-05-29,05:00:00,7,6,1,FMN GV 10 Beerse
39,Antwerpseweg 195,2020-05-29,06:00:00,21,16,5,FMN GV 10 Beerse
39,Antwerpseweg 195,2020-05-29,07:00:00,41,33,8,FMN GV 10 Beerse
39,Antwerpseweg 195,2020-05-29,08:00:00,23,15,8,FMN GV 10 Beerse
39,Antwerpseweg 195,2020-05-29,09:00:00,18,14,4,FMN GV 10 Beerse
39,Antwerpseweg 195,2020-05-29,10:00:00,29,15,14,FMN GV 10 Beerse
39,Antwerpseweg 195,2020-05-29,11:00:00,18,15,3,FMN GV 10 Beerse
39,Antwerpseweg 195,2020-05-29,12:00:00,47,26,21,FMN GV 10 Beerse
39,Antwerpseweg 195,2020-05-29,13:00:00,60,38,22,FMN GV 10 Beerse
39,Antwerpseweg 195,2020-05-29,14:00:00,64,36,28,FMN GV 10 Beerse
39,Antwerpseweg 195,2020-05-29,15:00:00,92,58,34,FMN GV 10 Beerse
39,Antwerpseweg 195,2020-05-29,16:00:00,73,52,21,FMN GV 10 Beerse
39,Antwerpseweg 195,2020-05-29,17:00:00,55,41,14,FMN GV 10 Beerse
39,Antwerpseweg 195,2020-05-29,18:00:00,45,34,11,FMN GV 10 Beerse
39,Antwerpseweg 195,2020-05-29,19:00:00,31,22,9,FMN GV 10 Beerse
39,Antwerpseweg 195,2020-05-29,20:00:00,20,15,5,FMN GV 10 Beerse
39,Antwerpseweg 195,2020-05-29,21:00:00,11,7,4,FMN GV 10 Beerse
39,Antwerpseweg 195,2020-05-29,22:00:00,14,8,6,FMN GV 10 Beerse
39,Antwerpseweg 195,2020-05-29,23:00:00,3,2,1,FMN GV 10 Beerse
39,Antwerpseweg 195,2020-05-30,00:00:00,5,3,2,FMN GV 10 Beerse
39,Antwerpseweg 195,2020-05-30,01:00:00,0,0,0,FMN GV 10 Beerse
39,Antwerpseweg 195,2020-05-30,02:00:00,0,0,0,FMN GV 10 Beerse
39,Antwerpseweg 195,2020-05-30,03:00:00,0,0,0,FMN GV 10 Beerse
39,Antwerpseweg 195,2020-05-30,04:00:00,2,2,0,FMN GV 10 Beerse
39,Antwerpseweg 195,2020-05-30,05:00:00,2,2,0,FMN GV 10 Beerse
39,Antwerpseweg 195,2020-05-30,06:00:00,1,1,0,FMN GV 10 Beerse
39,Antwerpseweg 195,2020-05-30,07:00:00,2,1,1,FMN GV 10 Beerse
39,Antwerpseweg 195,2020-05-30,08:00:00,15,7,8,FMN GV 10 Beerse
39,Antwerpseweg 195,2020-05-30,09:00:00,40,33,7,FMN GV 10 Beerse
39,Antwerpseweg 195,2020-05-30,10:00:00,29,25,4,FMN GV 10 Beerse
39,Antwerpseweg 195,2020-05-30,11:00:00,40,29,11,FMN GV 10 Beerse
39,Antwerpseweg 195,2020-05-30,12:00:00,45,29,16,FMN GV 10 Beerse
39,Antwerpseweg 195,2020-05-30,13:00:00,69,43,26,FMN GV 10 Beerse
39,Antwerpseweg 195,2020-05-30,14:00:00,73,60,13,FMN GV 10 Beerse
39,Antwerpseweg 195,2020-05-30,15:00:00,98,68,30,FMN GV 10 Beerse
39,Antwerpseweg 195,2020-05-30,16:00:00,65,52,13,FMN GV 10 Beerse
39,Antwerpseweg 195,2020-05-30,17:00:00,47,41,6,FMN GV 10 Beerse
39,Antwerpseweg 195,2020-05-30,18:00:00,24,15,9,FMN GV 10 Beerse
39,Antwerpseweg 195,2020-05-30,19:00:00,23,17,6,FMN GV 10 Beerse
39,Antwerpseweg 195,2020-05-30,20:00:00,23,15,8,FMN GV 10 Beerse
39,Antwerpseweg 195,2020-05-30,21:00:00,12,9,3,FMN GV 10 Beerse
39,Antwerpseweg 195,2020-05-30,22:00:00,6,5,1,FMN GV 10 Beerse
39,Antwerpseweg 195,2020-05-30,23:00:00,3,3,0,FMN GV 10 Beerse
39,Antwerpseweg 195,2020-05-31,00:00:00,2,1,1,FMN GV 10 Beerse
39,Antwerpseweg 195,2020-05-31,01:00:00,6,3,3,FMN GV 10 Beerse
39,Antwerpseweg 195,2020-05-31,02:00:00,1,1,0,FMN GV 10 Beerse
39,Antwerpseweg 195,2020-05-31,03:00:00,0,0,0,FMN GV 10 Beerse
39,Antwerpseweg 195,2020-05-31,04:00:00,0,0,0,FMN GV 10 Beerse
39,Antwerpseweg 195,2020-05-31,05:00:00,2,2,0,FMN GV 10 Beerse
39,Antwerpseweg 195,2020-05-31,06:00:00,1,0,1,FMN GV 10 Beerse
39,Antwerpseweg 195,2020-05-31,07:00:00,3,3,0,FMN GV 10 Beerse
39,Antwerpseweg 195,2020-05-31,08:00:00,18,14,4,FMN GV 10 Beerse
39,Antwerpseweg 195,2020-05-31,09:00:00,32,18,14,FMN GV 10 Beerse
39,Antwerpseweg 195,2020-05-31,10:00:00,70,49,21,FMN GV 10 Beerse
39,Antwerpseweg 195,2020-05-31,11:00:00,77,58,19,FMN GV 10 Beerse
39,Antwerpseweg 195,2020-05-31,12:00:00,53,40,13,FMN GV 10 Beerse
39,Antwerpseweg 195,2020-05-31,13:00:00,93,60,33,FMN GV 10 Beerse
39,Antwerpseweg 195,2020-05-31,14:00:00,149,97,52,FMN GV 10 Beerse
39,Antwerpseweg 195,2020-05-31,15:00:00,87,55,32,FMN GV 10 Beerse
39,Antwerpseweg 195,2020-05-31,16:00:00,76,53,23,FMN GV 10 Beerse
39,Antwerpseweg 195,2020-05-31,17:00:00,72,49,23,FMN GV 10 Beerse
39,Antwerpseweg 195,2020-05-31,18:00:00,50,30,20,FMN GV 10 Beerse
39,Antwerpseweg 195,2020-05-31,19:00:00,18,13,5,FMN GV 10 Beerse
39,Antwerpseweg 195,2020-05-31,20:00:00,15,10,5,FMN GV 10 Beerse
39,Antwerpseweg 195,2020-05-31,21:00:00,14,12,2,FMN GV 10 Beerse
39,Antwerpseweg 195,2020-05-31,22:00:00,9,5,4,FMN GV 10 Beerse
39,Antwerpseweg 195,2020-05-31,23:00:00,0,0,0,FMN GV 10 Beerse
39,Antwerpseweg 195,2020-06-01,00:00:00,5,4,1,FMN GV 10 Beerse
39,Antwerpseweg 195,2020-06-01,01:00:00,0,0,0,FMN GV 10 Beerse
39,Antwerpseweg 195,2020-06-01,02:00:00,2,1,1,FMN GV 10 Beerse
39,Antwerpseweg 195,2020-06-01,03:00:00,1,0,1,FMN GV 10 Beerse
39,Antwerpseweg 195,2020-06-01,04:00:00,0,0,0,FMN GV 10 Beerse
39,Antwerpseweg 195,2020-06-01,05:00:00,0,0,0,FMN GV 10 Beerse
39,Antwerpseweg 195,2020-06-01,06:00:00,3,2,1,FMN GV 10 Beerse
39,Antwerpseweg 195,2020-06-01,07:00:00,6,5,1,FMN GV 10 Beerse
39,Antwerpseweg 195,2020-06-01,08:00:00,17,9,8,FMN GV 10 Beerse
39,Antwerpseweg 195,2020-06-01,09:00:00,32,21,11,FMN GV 10 Beerse
39,Antwerpseweg 195,2020-06-01,10:00:00,58,29,29,FMN GV 10 Beerse
39,Antwerpseweg 195,2020-06-01,11:00:00,70,46,24,FMN GV 10 Beerse
39,Antwerpseweg 195,2020-06-01,12:00:00,88,64,24,FMN GV 10 Beerse
39,Antwerpseweg 195,2020-06-01,13:00:00,77,50,27,FMN GV 10 Beerse
39,Antwerpseweg 195,2020-06-01,14:00:00,119,68,51,FMN GV 10 Beerse
39,Antwerpseweg 195,2020-06-01,15:00:00,115,88,27,FMN GV 10 Beerse
39,Antwerpseweg 195,2020-06-01,16:00:00,83,56,27,FMN GV 10 Beerse
39,Antwerpseweg 195,2020-06-01,17:00:00,80,52,28,FMN GV 10 Beerse
39,Antwerpseweg 195,2020-06-01,18:00:00,38,20,18,FMN GV 10 Beerse
39,Antwerpseweg 195,2020-06-01,19:00:00,23,12,11,FMN GV 10 Beerse
39,Antwerpseweg 195,2020-06-01,20:00:00,17,7,10,FMN GV 10 Beerse
39,Antwerpseweg 195,2020-06-01,21:00:00,15,14,1,FMN GV 10 Beerse
39,Antwerpseweg 195,2020-06-01,22:00:00,14,9,5,FMN GV 10 Beerse
39,Antwerpseweg 195,2020-06-01,23:00:00,0,0,0,FMN GV 10 Beerse
39,Antwerpseweg 195,2020-06-02,00:00:00,0,0,0,FMN GV 10 Beerse
39,Antwerpseweg 195,2020-06-02,01:00:00,0,0,0,FMN GV 10 Beerse
39,Antwerpseweg 195,2020-06-02,02:00:00,0,0,0,FMN GV 10 Beerse
39,Antwerpseweg 195,2020-06-02,03:00:00,0,0,0,FMN GV 10 Beerse
39,Antwerpseweg 195,2020-06-02,04:00:00,4,4,0,FMN GV 10 Beerse
39,Antwerpseweg 195,2020-06-02,05:00:00,9,8,1,FMN GV 10 Beerse
39,Antwerpseweg 195,2020-06-02,06:00:00,16,13,3,FMN GV 10 Beerse
39,Antwerpseweg 195,2020-06-02,07:00:00,47,40,7,FMN GV 10 Beerse
39,Antwerpseweg 195,2020-06-02,08:00:00,25,19,6,FMN GV 10 Beerse
39,Antwerpseweg 195,2020-06-02,09:00:00,27,21,6,FMN GV 10 Beerse
39,Antwerpseweg 195,2020-06-02,10:00:00,25,14,11,FMN GV 10 Beerse
39,Antwerpseweg 195,2020-06-02,11:00:00,29,22,7,FMN GV 10 Beerse
39,Antwerpseweg 195,2020-06-02,12:00:00,45,30,15,FMN GV 10 Beerse
39,Antwerpseweg 195,2020-06-02,13:00:00,51,36,15,FMN GV 10 Beerse
39,Antwerpseweg 195,2020-06-02,14:00:00,44,31,13,FMN GV 10 Beerse
39,Antwerpseweg 195,2020-06-02,15:00:00,89,65,24,FMN GV 10 Beerse
39,Antwerpseweg 195,2020-06-02,16:00:00,77,54,23,FMN GV 10 Beerse
39,Antwerpseweg 195,2020-06-02,17:00:00,67,55,12,FMN GV 10 Beerse
39,Antwerpseweg 195,2020-06-02,18:00:00,40,25,15,FMN GV 10 Beerse
39,Antwerpseweg 195,2020-06-02,19:00:00,33,28,5,FMN GV 10 Beerse
39,Antwerpseweg 195,2020-06-02,20:00:00,27,18,9,FMN GV 10 Beerse
39,Antwerpseweg 195,2020-06-02,21:00:00,11,7,4,FMN GV 10 Beerse
39,Antwerpseweg 195,2020-06-02,22:00:00,13,11,2,FMN GV 10 Beerse
39,Antwerpseweg 195,2020-06-02,23:00:00,2,2,0,FMN GV 10 Beerse
39,Antwerpseweg 195,2020-06-03,00:00:00,0,0,0,FMN GV 10 Beerse
39,Antwerpseweg 195,2020-06-03,01:00:00,0,0,0,FMN GV 10 Beerse
39,Antwerpseweg 195,2020-06-03,02:00:00,0,0,0,FMN GV 10 Beerse
39,Antwerpseweg 195,2020-06-03,03:00:00,0,0,0,FMN GV 10 Beerse
39,Antwerpseweg 195,2020-06-03,04:00:00,3,3,0,FMN GV 10 Beerse
39,Antwerpseweg 195,2020-06-03,05:00:00,9,8,1,FMN GV 10 Beerse
39,Antwerpseweg 195,2020-06-03,06:00:00,19,18,1,FMN GV 10 Beerse
39,Antwerpseweg 195,2020-06-03,07:00:00,37,36,1,FMN GV 10 Beerse
39,Antwerpseweg 195,2020-06-03,08:00:00,25,20,5,FMN GV 10 Beerse
39,Antwerpseweg 195,2020-06-03,09:00:00,30,26,4,FMN GV 10 Beerse
39,Antwerpseweg 195,2020-06-03,10:00:00,24,18,6,FMN GV 10 Beerse
39,Antwerpseweg 195,2020-06-03,11:00:00,33,22,11,FMN GV 10 Beerse
39,Antwerpseweg 195,2020-06-03,12:00:00,52,24,28,FMN GV 10 Beerse
39,Antwerpseweg 195,2020-06-03,13:00:00,62,39,23,FMN GV 10 Beerse
39,Antwerpseweg 195,2020-06-03,14:00:00,59,44,15,FMN GV 10 Beerse
39,Antwerpseweg 195,2020-06-03,15:00:00,64,43,21,FMN GV 10 Beerse
39,Antwerpseweg 195,2020-06-03,16:00:00,56,39,17,FMN GV 10 Beerse
39,Antwerpseweg 195,2020-06-03,17:00:00,63,47,16,FMN GV 10 Beerse
39,Antwerpseweg 195,2020-06-03,18:00:00,23,15,8,FMN GV 10 Beerse
39,Antwerpseweg 195,2020-06-03,19:00:00,41,19,22,FMN GV 10 Beerse
39,Antwerpseweg 195,2020-06-03,20:00:00,20,13,7,FMN GV 10 Beerse
39,Antwerpseweg 195,2020-06-03,21:00:00,8,4,4,FMN GV 10 Beerse
39,Antwerpseweg 195,2020-06-03,22:00:00,7,6,1,FMN GV 10 Beerse
39,Antwerpseweg 195,2020-06-03,23:00:00,2,0,2,FMN GV 10 Beerse
39,Antwerpseweg 195,2020-06-04,00:00:00,0,0,0,FMN GV 10 Beerse
39,Antwerpseweg 195,2020-06-04,01:00:00,0,0,0,FMN GV 10 Beerse
39,Antwerpseweg 195,2020-06-04,02:00:00,0,0,0,FMN GV 10 Beerse
39,Antwerpseweg 195,2020-06-04,03:00:00,0,0,0,FMN GV 10 Beerse
39,Antwerpseweg 195,2020-06-04,04:00:00,1,1,0,FMN GV 10 Beerse
39,Antwerpseweg 195,2020-06-04,05:00:00,8,8,0,FMN GV 10 Beerse
39,Antwerpseweg 195,2020-06-04,06:00:00,14,12,2,FMN GV 10 Beerse
39,Antwerpseweg 195,2020-06-04,07:00:00,32,26,6,FMN GV 10 Beerse
39,Antwerpseweg 195,2020-06-04,08:00:00,17,12,5,FMN GV 10 Beerse
39,Antwerpseweg 195,2020-06-04,09:00:00,11,8,3,FMN GV 10 Beerse
39,Antwerpseweg 195,2020-06-04,10:00:00,7,7,0,FMN GV 10 Beerse
39,Antwerpseweg 195,2020-06-04,11:00:00,13,13,0,FMN GV 10 Beerse
39,Antwerpseweg 195,2020-06-04,12:00:00,18,11,7,FMN GV 10 Beerse
39,Antwerpseweg 195,2020-06-04,13:00:00,9,8,1,FMN GV 10 Beerse
39,Antwerpseweg 195,2020-06-04,14:00:00,9,6,3,FMN GV 10 Beerse
39,Antwerpseweg 195,2020-06-04,15:00:00,24,17,7,FMN GV 10 Beerse
39,Antwerpseweg 195,2020-06-04,16:00:00,29,22,7,FMN GV 10 Beerse
39,Antwerpseweg 195,2020-06-04,17:00:00,28,21,7,FMN GV 10 Beerse
39,Antwerpseweg 195,2020-06-04,18:00:00,8,8,0,FMN GV 10 Beerse
39,Antwerpseweg 195,2020-06-04,19:00:00,5,2,3,FMN GV 10 Beerse
39,Antwerpseweg 195,2020-06-04,20:00:00,3,2,1,FMN GV 10 Beerse
39,Antwerpseweg 195,2020-06-04,21:00:00,6,6,0,FMN GV 10 Beerse
39,Antwerpseweg 195,2020-06-04,22:00:00,4,3,1,FMN GV 10 Beerse
39,Antwerpseweg 195,2020-06-04,23:00:00,1,1,0,FMN GV 10 Beerse
39,Antwerpseweg 195,2020-06-05,00:00:00,0,0,0,FMN GV 10 Beerse
39,Antwerpseweg 195,2020-06-05,01:00:00,0,0,0,FMN GV 10 Beerse
39,Antwerpseweg 195,2020-06-05,02:00:00,0,0,0,FMN GV 10 Beerse
39,Antwerpseweg 195,2020-06-05,03:00:00,0,0,0,FMN GV 10 Beerse
39,Antwerpseweg 195,2020-06-05,04:00:00,0,0,0,FMN GV 10 Beerse
39,Antwerpseweg 195,2020-06-05,05:00:00,5,5,0,FMN GV 10 Beerse
39,Antwerpseweg 195,2020-06-05,06:00:00,11,9,2,FMN GV 10 Beerse
39,Antwerpseweg 195,2020-06-05,07:00:00,22,17,5,FMN GV 10 Beerse
39,Antwerpseweg 195,2020-06-05,08:00:00,13,11,2,FMN GV 10 Beerse
39,Antwerpseweg 195,2020-06-05,09:00:00,5,3,2,FMN GV 10 Beerse
39,Antwerpseweg 195,2020-06-05,10:00:00,7,6,1,FMN GV 10 Beerse
39,Antwerpseweg 195,2020-06-05,11:00:00,4,4,0,FMN GV 10 Beerse
39,Antwerpseweg 195,2020-06-05,12:00:00,8,7,1,FMN GV 10 Beerse
39,Antwerpseweg 195,2020-06-05,13:00:00,9,7,2,FMN GV 10 Beerse
39,Antwerpseweg 195,2020-06-05,14:00:00,11,8,3,FMN GV 10 Beerse
39,Antwerpseweg 195,2020-06-05,15:00:00,8,4,4,FMN GV 10 Beerse
39,Antwerpseweg 195,2020-06-05,16:00:00,20,15,5,FMN GV 10 Beerse
39,Antwerpseweg 195,2020-06-05,17:00:00,16,12,4,FMN GV 10 Beerse
39,Antwerpseweg 195,2020-06-05,18:00:00,8,5,3,FMN GV 10 Beerse
39,Antwerpseweg 195,2020-06-05,19:00:00,5,3,2,FMN GV 10 Beerse
39,Antwerpseweg 195,2020-06-05,20:00:00,6,4,2,FMN GV 10 Beerse
39,Antwerpseweg 195,2020-06-05,21:00:00,2,2,0,FMN GV 10 Beerse
39,Antwerpseweg 195,2020-06-05,22:00:00,3,3,0,FMN GV 10 Beerse
39,Antwerpseweg 195,2020-06-05,23:00:00,0,0,0,FMN GV 10 Beerse
39,Antwerpseweg 195,2020-06-06,00:00:00,0,0,0,FMN GV 10 Beerse
39,Antwerpseweg 195,2020-06-06,01:00:00,1,0,1,FMN GV 10 Beerse
39,Antwerpseweg 195,2020-06-06,02:00:00,2,1,1,FMN GV 10 Beerse
39,Antwerpseweg 195,2020-06-06,03:00:00,0,0,0,FMN GV 10 Beerse
39,Antwerpseweg 195,2020-06-06,04:00:00,0,0,0,FMN GV 10 Beerse
39,Antwerpseweg 195,2020-06-06,05:00:00,1,1,0,FMN GV 10 Beerse
39,Antwerpseweg 195,2020-06-06,06:00:00,4,4,0,FMN GV 10 Beerse
39,Antwerpseweg 195,2020-06-06,07:00:00,2,1,1,FMN GV 10 Beerse
39,Antwerpseweg 195,2020-06-06,08:00:00,5,3,2,FMN GV 10 Beerse
39,Antwerpseweg 195,2020-06-06,09:00:00,8,4,4,FMN GV 10 Beerse
39,Antwerpseweg 195,2020-06-06,10:00:00,6,2,4,FMN GV 10 Beerse
39,Antwerpseweg 195,2020-06-06,11:00:00,14,7,7,FMN GV 10 Beerse
39,Antwerpseweg 195,2020-06-06,12:00:00,11,8,3,FMN GV 10 Beerse
39,Antwerpseweg 195,2020-06-06,13:00:00,27,18,9,FMN GV 10 Beerse
39,Antwerpseweg 195,2020-06-06,14:00:00,25,17,8,FMN GV 10 Beerse
39,Antwerpseweg 195,2020-06-06,15:00:00,28,19,9,FMN GV 10 Beerse
39,Antwerpseweg 195,2020-06-06,16:00:00,17,12,5,FMN GV 10 Beerse
39,Antwerpseweg 195,2020-06-06,17:00:00,14,10,4,FMN GV 10 Beerse
39,Antwerpseweg 195,2020-06-06,18:00:00,8,4,4,FMN GV 10 Beerse
39,Antwerpseweg 195,2020-06-06,19:00:00,4,3,1,FMN GV 10 Beerse
39,Antwerpseweg 195,2020-06-06,20:00:00,1,1,0,FMN GV 10 Beerse
39,Antwerpseweg 195,2020-06-06,21:00:00,4,3,1,FMN GV 10 Beerse
39,Antwerpseweg 195,2020-06-06,22:00:00,0,0,0,FMN GV 10 Beerse
39,Antwerpseweg 195,2020-06-06,23:00:00,1,1,0,FMN GV 10 Beerse
39,Antwerpseweg 195,2020-06-07,00:00:00,2,0,2,FMN GV 10 Beerse
39,Antwerpseweg 195,2020-06-07,01:00:00,1,1,0,FMN GV 10 Beerse
39,Antwerpseweg 195,2020-06-07,02:00:00,4,3,1,FMN GV 10 Beerse
39,Antwerpseweg 195,2020-06-07,03:00:00,0,0,0,FMN GV 10 Beerse
39,Antwerpseweg 195,2020-06-07,04:00:00,0,0,0,FMN GV 10 Beerse
39,Antwerpseweg 195,2020-06-07,05:00:00,2,2,0,FMN GV 10 Beerse
39,Antwerpseweg 195,2020-06-07,06:00:00,1,1,0,FMN GV 10 Beerse
39,Antwerpseweg 195,2020-06-07,07:00:00,1,1,0,FMN GV 10 Beerse
39,Antwerpseweg 195,2020-06-07,08:00:00,11,5,6,FMN GV 10 Beerse
39,Antwerpseweg 195,2020-06-07,09:00:00,7,3,4,FMN GV 10 Beerse
39,Antwerpseweg 195,2020-06-07,10:00:00,23,16,7,FMN GV 10 Beerse
39,Antwerpseweg 195,2020-06-07,11:00:00,30,25,5,FMN GV 10 Beerse
39,Antwerpseweg 195,2020-06-07,12:00:00,19,15,4,FMN GV 10 Beerse
39,Antwerpseweg 195,2020-06-07,13:00:00,27,14,13,FMN GV 10 Beerse
39,Antwerpseweg 195,2020-06-07,14:00:00,55,32,23,FMN GV 10 Beerse
39,Antwerpseweg 195,2020-06-07,15:00:00,50,26,24,FMN GV 10 Beerse
39,Antwerpseweg 195,2020-06-07,16:00:00,31,25,6,FMN GV 10 Beerse
39,Antwerpseweg 195,2020-06-07,17:00:00,28,15,13,FMN GV 10 Beerse
39,Antwerpseweg 195,2020-06-07,18:00:00,19,12,7,FMN GV 10 Beerse
39,Antwerpseweg 195,2020-06-07,19:00:00,8,4,4,FMN GV 10 Beerse
39,Antwerpseweg 195,2020-06-07,20:00:00,5,5,0,FMN GV 10 Beerse
39,Antwerpseweg 195,2020-06-07,21:00:00,3,3,0,FMN GV 10 Beerse
39,Antwerpseweg 195,2020-06-07,22:00:00,3,3,0,FMN GV 10 Beerse
39,Antwerpseweg 195,2020-06-07,23:00:00,1,1,0,FMN GV 10 Beerse
39,Antwerpseweg 195,2020-06-08,00:00:00,1,0,1,FMN GV 10 Beerse
39,Antwerpseweg 195,2020-06-08,01:00:00,1,0,1,FMN GV 10 Beerse
39,Antwerpseweg 195,2020-06-08,02:00:00,0,0,0,FMN GV 10 Beerse
39,Antwerpseweg 195,2020-06-08,03:00:00,1,1,0,FMN GV 10 Beerse
39,Antwerpseweg 195,2020-06-08,04:00:00,0,0,0,FMN GV 10 Beerse
39,Antwerpseweg 195,2020-06-08,05:00:00,8,7,1,FMN GV 10 Beerse
39,Antwerpseweg 195,2020-06-08,06:00:00,7,6,1,FMN GV 10 Beerse
39,Antwerpseweg 195,2020-06-08,07:00:00,26,22,4,FMN GV 10 Beerse
39,Antwerpseweg 195,2020-06-08,08:00:00,16,14,2,FMN GV 10 Beerse
39,Antwerpseweg 195,2020-06-08,09:00:00,6,5,1,FMN GV 10 Beerse
39,Antwerpseweg 195,2020-06-08,10:00:00,9,7,2,FMN GV 10 Beerse
39,Antwerpseweg 195,2020-06-08,11:00:00,13,9,4,FMN GV 10 Beerse
39,Antwerpseweg 195,2020-06-08,12:00:00,14,11,3,FMN GV 10 Beerse
39,Antwerpseweg 195,2020-06-08,13:00:00,9,9,0,FMN GV 10 Beerse
39,Antwerpseweg 195,2020-06-08,14:00:00,13,8,5,FMN GV 10 Beerse
39,Antwerpseweg 195,2020-06-08,15:00:00,8,6,2,FMN GV 10 Beerse
39,Antwerpseweg 195,2020-06-08,16:00:00,28,21,7,FMN GV 10 Beerse
39,Antwerpseweg 195,2020-06-08,17:00:00,20,13,7,FMN GV 10 Beerse
39,Antwerpseweg 195,2020-06-08,18:00:00,14,10,4,FMN GV 10 Beerse
39,Antwerpseweg 195,2020-06-08,19:00:00,8,5,3,FMN GV 10 Beerse
39,Antwerpseweg 195,2020-06-08,20:00:00,4,3,1,FMN GV 10 Beerse
39,Antwerpseweg 195,2020-06-08,21:00:00,3,2,1,FMN GV 10 Beerse
39,Antwerpseweg 195,2020-06-08,22:00:00,1,1,0,FMN GV 10 Beerse
39,Antwerpseweg 195,2020-06-08,23:00:00,0,0,0,FMN GV 10 Beerse
39,Antwerpseweg 195,2020-06-09,00:00:00,0,0,0,FMN GV 10 Beerse
39,Antwerpseweg 195,2020-06-09,01:00:00,0,0,0,FMN GV 10 Beerse
39,Antwerpseweg 195,2020-06-09,02:00:00,0,0,0,FMN GV 10 Beerse
39,Antwerpseweg 195,2020-06-09,03:00:00,0,0,0,FMN GV 10 Beerse
39,Antwerpseweg 195,2020-06-09,04:00:00,2,2,0,FMN GV 10 Beerse
39,Antwerpseweg 195,2020-06-09,05:00:00,9,9,0,FMN GV 10 Beerse
39,Antwerpseweg 195,2020-06-09,06:00:00,13,11,2,FMN GV 10 Beerse
39,Antwerpseweg 195,2020-06-09,07:00:00,30,27,3,FMN GV 10 Beerse
39,Antwerpseweg 195,2020-06-09,08:00:00,19,15,4,FMN GV 10 Beerse
39,Antwerpseweg 195,2020-06-09,09:00:00,7,4,3,FMN GV 10 Beerse
39,Antwerpseweg 195,2020-06-09,10:00:00,12,11,1,FMN GV 10 Beerse
39,Antwerpseweg 195,2020-06-09,11:00:00,13,10,3,FMN GV 10 Beerse
39,Antwerpseweg 195,2020-06-09,12:00:00,20,16,4,FMN GV 10 Beerse
39,Antwerpseweg 195,2020-06-09,13:00:00,31,27,4,FMN GV 10 Beerse
39,Antwerpseweg 195,2020-06-09,14:00:00,29,22,7,FMN GV 10 Beerse
39,Antwerpseweg 195,2020-06-09,15:00:00,30,20,10,FMN GV 10 Beerse
39,Antwerpseweg 195,2020-06-09,16:00:00,46,35,11,FMN GV 10 Beerse
39,Antwerpseweg 195,2020-06-09,17:00:00,36,26,10,FMN GV 10 Beerse
39,Antwerpseweg 195,2020-06-09,18:00:00,19,14,5,FMN GV 10 Beerse
39,Antwerpseweg 195,2020-06-09,19:00:00,26,22,4,FMN GV 10 Beerse
39,Antwerpseweg 195,2020-06-09,20:00:00,10,4,6,FMN GV 10 Beerse
39,Antwerpseweg 195,2020-06-09,21:00:00,4,2,2,FMN GV 10 Beerse
39,Antwerpseweg 195,2020-06-09,22:00:00,7,4,3,FMN GV 10 Beerse
39,Antwerpseweg 195,2020-06-09,23:00:00,2,2,0,FMN GV 10 Beerse
39,Antwerpseweg 195,2020-06-10,00:00:00,0,0,0,FMN GV 10 Beerse
39,Antwerpseweg 195,2020-06-10,01:00:00,0,0,0,FMN GV 10 Beerse
39,Antwerpseweg 195,2020-06-10,02:00:00,0,0,0,FMN GV 10 Beerse
39,Antwerpseweg 195,2020-06-10,03:00:00,1,1,0,FMN GV 10 Beerse
39,Antwerpseweg 195,2020-06-10,04:00:00,2,2,0,FMN GV 10 Beerse
39,Antwerpseweg 195,2020-06-10,05:00:00,8,7,1,FMN GV 10 Beerse
39,Antwerpseweg 195,2020-06-10,06:00:00,25,23,2,FMN GV 10 Beerse
39,Antwerpseweg 195,2020-06-10,07:00:00,36,34,2,FMN GV 10 Beerse
39,Antwerpseweg 195,2020-06-10,08:00:00,20,17,3,FMN GV 10 Beerse
39,Antwerpseweg 195,2020-06-10,09:00:00,8,6,2,FMN GV 10 Beerse
39,Antwerpseweg 195,2020-06-10,10:00:00,11,10,1,FMN GV 10 Beerse
39,Antwerpseweg 195,2020-06-10,11:00:00,25,17,8,FMN GV 10 Beerse
39,Antwerpseweg 195,2020-06-10,12:00:00,27,14,13,FMN GV 10 Beerse
39,Antwerpseweg 195,2020-06-10,13:00:00,28,20,8,FMN GV 10 Beerse
39,Antwerpseweg 195,2020-06-10,14:00:00,25,21,4,FMN GV 10 Beerse
39,Antwerpseweg 195,2020-06-10,15:00:00,36,24,12,FMN GV 10 Beerse
39,Antwerpseweg 195,2020-06-10,16:00:00,52,35,17,FMN GV 10 Beerse
39,Antwerpseweg 195,2020-06-10,17:00:00,37,29,8,FMN GV 10 Beerse
39,Antwerpseweg 195,2020-06-10,18:00:00,33,24,9,FMN GV 10 Beerse
39,Antwerpseweg 195,2020-06-10,19:00:00,11,5,6,FMN GV 10 Beerse
39,Antwerpseweg 195,2020-06-10,20:00:00,11,6,5,FMN GV 10 Beerse
39,Antwerpseweg 195,2020-06-10,21:00:00,2,1,1,FMN GV 10 Beerse
39,Antwerpseweg 195,2020-06-10,22:00:00,4,4,0,FMN GV 10 Beerse
39,Antwerpseweg 195,2020-06-10,23:00:00,0,0,0,FMN GV 10 Beerse
39,Antwerpseweg 195,2020-06-11,00:00:00,0,0,0,FMN GV 10 Beerse
39,Antwerpseweg 195,2020-06-11,01:00:00,0,0,0,FMN GV 10 Beerse
39,Antwerpseweg 195,2020-06-11,02:00:00,0,0,0,FMN GV 10 Beerse
39,Antwerpseweg 195,2020-06-11,03:00:00,0,0,0,FMN GV 10 Beerse
39,Antwerpseweg 195,2020-06-11,04:00:00,2,2,0,FMN GV 10 Beerse
39,Antwerpseweg 195,2020-06-11,05:00:00,9,9,0,FMN GV 10 Beerse
39,Antwerpseweg 195,2020-06-11,06:00:00,22,21,1,FMN GV 10 Beerse
39,Antwerpseweg 195,2020-06-11,07:00:00,34,29,5,FMN GV 10 Beerse
39,Antwerpseweg 195,2020-06-11,08:00:00,28,18,10,FMN GV 10 Beerse
39,Antwerpseweg 195,2020-06-11,09:00:00,16,13,3,FMN GV 10 Beerse
39,Antwerpseweg 195,2020-06-11,10:00:00,9,6,3,FMN GV 10 Beerse
39,Antwerpseweg 195,2020-06-11,11:00:00,29,25,4,FMN GV 10 Beerse
39,Antwerpseweg 195,2020-06-11,12:00:00,23,19,4,FMN GV 10 Beerse
39,Antwerpseweg 195,2020-06-11,13:00:00,43,31,12,FMN GV 10 Beerse
39,Antwerpseweg 195,2020-06-11,14:00:00,41,33,8,FMN GV 10 Beerse
39,Antwerpseweg 195,2020-06-11,15:00:00,49,31,18,FMN GV 10 Beerse
39,Antwerpseweg 195,2020-06-11,16:00:00,39,29,10,FMN GV 10 Beerse
39,Antwerpseweg 195,2020-06-11,17:00:00,47,33,14,FMN GV 10 Beerse
39,Antwerpseweg 195,2020-06-11,18:00:00,31,24,7,FMN GV 10 Beerse
39,Antwerpseweg 195,2020-06-11,19:00:00,12,9,3,FMN GV 10 Beerse
39,Antwerpseweg 195,2020-06-11,20:00:00,20,9,11,FMN GV 10 Beerse
39,Antwerpseweg 195,2020-06-11,21:00:00,11,6,5,FMN GV 10 Beerse
39,Antwerpseweg 195,2020-06-11,22:00:00,7,4,3,FMN GV 10 Beerse
39,Antwerpseweg 195,2020-06-11,23:00:00,3,3,0,FMN GV 10 Beerse
39,Antwerpseweg 195,2020-06-12,00:00:00,1,1,0,FMN GV 10 Beerse
39,Antwerpseweg 195,2020-06-12,01:00:00,0,0,0,FMN GV 10 Beerse
39,Antwerpseweg 195,2020-06-12,02:00:00,0,0,0,FMN GV 10 Beerse
39,Antwerpseweg 195,2020-06-12,03:00:00,1,1,0,FMN GV 10 Beerse
39,Antwerpseweg 195,2020-06-12,04:00:00,1,1,0,FMN GV 10 Beerse
39,Antwerpseweg 195,2020-06-12,05:00:00,6,6,0,FMN GV 10 Beerse
39,Antwerpseweg 195,2020-06-12,06:00:00,17,15,2,FMN GV 10 Beerse
39,Antwerpseweg 195,2020-06-12,07:00:00,41,34,7,FMN GV 10 Beerse
39,Antwerpseweg 195,2020-06-12,08:00:00,25,16,9,FMN GV 10 Beerse
39,Antwerpseweg 195,2020-06-12,09:00:00,21,19,2,FMN GV 10 Beerse
39,Antwerpseweg 195,2020-06-12,10:00:00,11,9,2,FMN GV 10 Beerse
39,Antwerpseweg 195,2020-06-12,11:00:00,31,28,3,FMN GV 10 Beerse
39,Antwerpseweg 195,2020-06-12,12:00:00,23,18,5,FMN GV 10 Beerse
39,Antwerpseweg 195,2020-06-12,13:00:00,47,29,18,FMN GV 10 Beerse
39,Antwerpseweg 195,2020-06-12,14:00:00,54,36,18,FMN GV 10 Beerse
39,Antwerpseweg 195,2020-06-12,15:00:00,56,46,10,FMN GV 10 Beerse
39,Antwerpseweg 195,2020-06-12,16:00:00,51,41,10,FMN GV 10 Beerse
39,Antwerpseweg 195,2020-06-12,17:00:00,32,20,12,FMN GV 10 Beerse
39,Antwerpseweg 195,2020-06-12,18:00:00,10,5,5,FMN GV 10 Beerse
39,Antwerpseweg 195,2020-06-12,19:00:00,28,19,9,FMN GV 10 Beerse
39,Antwerpseweg 195,2020-06-12,20:00:00,11,7,4,FMN GV 10 Beerse
39,Antwerpseweg 195,2020-06-12,21:00:00,3,1,2,FMN GV 10 Beerse
39,Antwerpseweg 195,2020-06-12,22:00:00,2,2,0,FMN GV 10 Beerse
39,Antwerpseweg 195,2020-06-12,23:00:00,1,1,0,FMN GV 10 Beerse
39,Antwerpseweg 195,2020-06-13,00:00:00,2,2,0,FMN GV 10 Beerse
39,Antwerpseweg 195,2020-06-13,01:00:00,1,0,1,FMN GV 10 Beerse
39,Antwerpseweg 195,2020-06-13,02:00:00,0,0,0,FMN GV 10 Beerse
39,Antwerpseweg 195,2020-06-13,03:00:00,1,1,0,FMN GV 10 Beerse
39,Antwerpseweg 195,2020-06-13,04:00:00,0,0,0,FMN GV 10 Beerse
39,Antwerpseweg 195,2020-06-13,05:00:00,1,1,0,FMN GV 10 Beerse
39,Antwerpseweg 195,2020-06-13,06:00:00,5,5,0,FMN GV 10 Beerse
39,Antwerpseweg 195,2020-06-13,07:00:00,2,0,2,FMN GV 10 Beerse
39,Antwerpseweg 195,2020-06-13,08:00:00,8,4,4,FMN GV 10 Beerse
39,Antwerpseweg 195,2020-06-13,09:00:00,23,15,8,FMN GV 10 Beerse
39,Antwerpseweg 195,2020-06-13,10:00:00,15,10,5,FMN GV 10 Beerse
39,Antwerpseweg 195,2020-06-13,11:00:00,37,23,14,FMN GV 10 Beerse
39,Antwerpseweg 195,2020-06-13,12:00:00,17,8,9,FMN GV 10 Beerse
39,Antwerpseweg 195,2020-06-13,13:00:00,50,30,20,FMN GV 10 Beerse
39,Antwerpseweg 195,2020-06-13,14:00:00,71,46,25,FMN GV 10 Beerse
39,Antwerpseweg 195,2020-06-13,15:00:00,68,42,26,FMN GV 10 Beerse
39,Antwerpseweg 195,2020-06-13,16:00:00,35,21,14,FMN GV 10 Beerse
39,Antwerpseweg 195,2020-06-13,17:00:00,29,19,10,FMN GV 10 Beerse
39,Antwerpseweg 195,2020-06-13,18:00:00,19,14,5,FMN GV 10 Beerse
39,Antwerpseweg 195,2020-06-13,19:00:00,13,4,9,FMN GV 10 Beerse
39,Antwerpseweg 195,2020-06-13,20:00:00,15,8,7,FMN GV 10 Beerse
39,Antwerpseweg 195,2020-06-13,21:00:00,10,6,4,FMN GV 10 Beerse
39,Antwerpseweg 195,2020-06-13,22:00:00,9,6,3,FMN GV 10 Beerse
39,Antwerpseweg 195,2020-06-13,23:00:00,6,6,0,FMN GV 10 Beerse
39,Antwerpseweg 195,2020-06-14,00:00:00,0,0,0,FMN GV 10 Beerse
39,Antwerpseweg 195,2020-06-14,01:00:00,3,2,1,FMN GV 10 Beerse
39,Antwerpseweg 195,2020-06-14,02:00:00,4,2,2,FMN GV 10 Beerse
39,Antwerpseweg 195,2020-06-14,03:00:00,0,0,0,FMN GV 10 Beerse
39,Antwerpseweg 195,2020-06-14,04:00:00,0,0,0,FMN GV 10 Beerse
39,Antwerpseweg 195,2020-06-14,05:00:00,0,0,0,FMN GV 10 Beerse
39,Antwerpseweg 195,2020-06-14,06:00:00,0,0,0,FMN GV 10 Beerse
39,Antwerpseweg 195,2020-06-14,07:00:00,4,3,1,FMN GV 10 Beerse
39,Antwerpseweg 195,2020-06-14,08:00:00,8,3,5,FMN GV 10 Beerse
39,Antwerpseweg 195,2020-06-14,09:00:00,39,29,10,FMN GV 10 Beerse
39,Antwerpseweg 195,2020-06-14,10:00:00,50,44,6,FMN GV 10 Beerse
39,Antwerpseweg 195,2020-06-14,11:00:00,45,29,16,FMN GV 10 Beerse
39,Antwerpseweg 195,2020-06-14,12:00:00,37,27,10,FMN GV 10 Beerse
39,Antwerpseweg 195,2020-06-14,13:00:00,109,73,36,FMN GV 10 Beerse
39,Antwerpseweg 195,2020-06-14,14:00:00,80,56,24,FMN GV 10 Beerse
39,Antwerpseweg 195,2020-06-14,15:00:00,74,41,33,FMN GV 10 Beerse
39,Antwerpseweg 195,2020-06-14,16:00:00,47,21,26,FMN GV 10 Beerse
39,Antwerpseweg 195,2020-06-14,17:00:00,45,27,18,FMN GV 10 Beerse
39,Antwerpseweg 195,2020-06-14,18:00:00,19,13,6,FMN GV 10 Beerse
39,Antwerpseweg 195,2020-06-14,19:00:00,21,13,8,FMN GV 10 Beerse
39,Antwerpseweg 195,2020-06-14,20:00:00,12,9,3,FMN GV 10 Beerse
39,Antwerpseweg 195,2020-06-14,21:00:00,10,10,0,FMN GV 10 Beerse
39,Antwerpseweg 195,2020-06-14,22:00:00,5,3,2,FMN GV 10 Beerse
39,Antwerpseweg 195,2020-06-14,23:00:00,3,2,1,FMN GV 10 Beerse
39,Antwerpseweg 195,2020-06-15,00:00:00,1,1,0,FMN GV 10 Beerse
39,Antwerpseweg 195,2020-06-15,01:00:00,0,0,0,FMN GV 10 Beerse
39,Antwerpseweg 195,2020-06-15,02:00:00,0,0,0,FMN GV 10 Beerse
39,Antwerpseweg 195,2020-06-15,03:00:00,0,0,0,FMN GV 10 Beerse
39,Antwerpseweg 195,2020-06-15,04:00:00,0,0,0,FMN GV 10 Beerse
39,Antwerpseweg 195,2020-06-15,05:00:00,7,7,0,FMN GV 10 Beerse
39,Antwerpseweg 195,2020-06-15,06:00:00,14,12,2,FMN GV 10 Beerse
39,Antwerpseweg 195,2020-06-15,07:00:00,37,31,6,FMN GV 10 Beerse
39,Antwerpseweg 195,2020-06-15,08:00:00,26,16,10,FMN GV 10 Beerse
39,Antwerpseweg 195,2020-06-15,09:00:00,17,15,2,FMN GV 10 Beerse
39,Antwerpseweg 195,2020-06-15,10:00:00,17,14,3,FMN GV 10 Beerse
39,Antwerpseweg 195,2020-06-15,11:00:00,20,14,6,FMN GV 10 Beerse
39,Antwerpseweg 195,2020-06-15,12:00:00,38,28,10,FMN GV 10 Beerse
39,Antwerpseweg 195,2020-06-15,13:00:00,30,26,4,FMN GV 10 Beerse
39,Antwerpseweg 195,2020-06-15,14:00:00,41,23,18,FMN GV 10 Beerse
39,Antwerpseweg 195,2020-06-15,15:00:00,52,39,13,FMN GV 10 Beerse
39,Antwerpseweg 195,2020-06-15,16:00:00,59,38,21,FMN GV 10 Beerse
39,Antwerpseweg 195,2020-06-15,17:00:00,39,28,11,FMN GV 10 Beerse
39,Antwerpseweg 195,2020-06-15,18:00:00,20,17,3,FMN GV 10 Beerse
39,Antwerpseweg 195,2020-06-15,19:00:00,21,13,8,FMN GV 10 Beerse
39,Antwerpseweg 195,2020-06-15,20:00:00,10,7,3,FMN GV 10 Beerse
39,Antwerpseweg 195,2020-06-15,21:00:00,8,4,4,FMN GV 10 Beerse
39,Antwerpseweg 195,2020-06-15,22:00:00,5,4,1,FMN GV 10 Beerse
39,Antwerpseweg 195,2020-06-15,23:00:00,0,0,0,FMN GV 10 Beerse
39,Antwerpseweg 195,2020-06-16,00:00:00,0,0,0,FMN GV 10 Beerse
39,Antwerpseweg 195,2020-06-16,01:00:00,0,0,0,FMN GV 10 Beerse
39,Antwerpseweg 195,2020-06-16,02:00:00,1,1,0,FMN GV 10 Beerse
39,Antwerpseweg 195,2020-06-16,03:00:00,0,0,0,FMN GV 10 Beerse
39,Antwerpseweg 195,2020-06-16,04:00:00,2,2,0,FMN GV 10 Beerse
39,Antwerpseweg 195,2020-06-16,05:00:00,11,10,1,FMN GV 10 Beerse
39,Antwerpseweg 195,2020-06-16,06:00:00,21,18,3,FMN GV 10 Beerse
39,Antwerpseweg 195,2020-06-16,07:00:00,34,28,6,FMN GV 10 Beerse
39,Antwerpseweg 195,2020-06-16,08:00:00,25,18,7,FMN GV 10 Beerse
39,Antwerpseweg 195,2020-06-16,09:00:00,26,18,8,FMN GV 10 Beerse
39,Antwerpseweg 195,2020-06-16,10:00:00,24,16,8,FMN GV 10 Beerse
39,Antwerpseweg 195,2020-06-16,11:00:00,27,19,8,FMN GV 10 Beerse
39,Antwerpseweg 195,2020-06-16,12:00:00,49,33,16,FMN GV 10 Beerse
39,Antwerpseweg 195,2020-06-16,13:00:00,34,25,9,FMN GV 10 Beerse
39,Antwerpseweg 195,2020-06-16,14:00:00,41,31,10,FMN GV 10 Beerse
39,Antwerpseweg 195,2020-06-16,15:00:00,44,30,14,FMN GV 10 Beerse
39,Antwerpseweg 195,2020-06-16,16:00:00,73,43,30,FMN GV 10 Beerse
39,Antwerpseweg 195,2020-06-16,17:00:00,36,27,9,FMN GV 10 Beerse
39,Antwerpseweg 195,2020-06-16,18:00:00,4,3,1,FMN GV 10 Beerse
39,Antwerpseweg 195,2020-06-16,19:00:00,6,5,1,FMN GV 10 Beerse
39,Antwerpseweg 195,2020-06-16,20:00:00,4,3,1,FMN GV 10 Beerse
39,Antwerpseweg 195,2020-06-16,21:00:00,5,3,2,FMN GV 10 Beerse
39,Antwerpseweg 195,2020-06-16,22:00:00,8,7,1,FMN GV 10 Beerse
39,Antwerpseweg 195,2020-06-16,23:00:00,1,1,0,FMN GV 10 Beerse
39,Antwerpseweg 195,2020-06-17,00:00:00,1,1,0,FMN GV 10 Beerse
39,Antwerpseweg 195,2020-06-17,01:00:00,0,0,0,FMN GV 10 Beerse
39,Antwerpseweg 195,2020-06-17,02:00:00,0,0,0,FMN GV 10 Beerse
39,Antwerpseweg 195,2020-06-17,03:00:00,1,1,0,FMN GV 10 Beerse
39,Antwerpseweg 195,2020-06-17,04:00:00,2,2,0,FMN GV 10 Beerse
39,Antwerpseweg 195,2020-06-17,05:00:00,9,9,0,FMN GV 10 Beerse
39,Antwerpseweg 195,2020-06-17,06:00:00,15,12,3,FMN GV 10 Beerse
39,Antwerpseweg 195,2020-06-17,07:00:00,25,20,5,FMN GV 10 Beerse
39,Antwerpseweg 195,2020-06-17,08:00:00,21,14,7,FMN GV 10 Beerse
39,Antwerpseweg 195,2020-06-17,09:00:00,15,11,4,FMN GV 10 Beerse
39,Antwerpseweg 195,2020-06-17,10:00:00,22,14,8,FMN GV 10 Beerse
39,Antwerpseweg 195,2020-06-17,11:00:00,23,16,7,FMN GV 10 Beerse
39,Antwerpseweg 195,2020-06-17,12:00:00,33,25,8,FMN GV 10 Beerse
39,Antwerpseweg 195,2020-06-17,13:00:00,16,12,4,FMN GV 10 Beerse
39,Antwerpseweg 195,2020-06-17,14:00:00,29,17,12,FMN GV 10 Beerse
39,Antwerpseweg 195,2020-06-17,15:00:00,24,15,9,FMN GV 10 Beerse
39,Antwerpseweg 195,2020-06-17,16:00:00,20,18,2,FMN GV 10 Beerse
39,Antwerpseweg 195,2020-06-17,17:00:00,13,11,2,FMN GV 10 Beerse
39,Antwerpseweg 195,2020-06-17,18:00:00,4,4,0,FMN GV 10 Beerse
39,Antwerpseweg 195,2020-06-17,19:00:00,4,1,3,FMN GV 10 Beerse
39,Antwerpseweg 195,2020-06-17,20:00:00,5,3,2,FMN GV 10 Beerse
39,Antwerpseweg 195,2020-06-17,21:00:00,1,0,1,FMN GV 10 Beerse
39,Antwerpseweg 195,2020-06-17,22:00:00,5,4,1,FMN GV 10 Beerse
39,Antwerpseweg 195,2020-06-17,23:00:00,1,1,0,FMN GV 10 Beerse
39,Antwerpseweg 195,2020-06-18,00:00:00,0,0,0,FMN GV 10 Beerse
39,Antwerpseweg 195,2020-06-18,01:00:00,0,0,0,FMN GV 10 Beerse
39,Antwerpseweg 195,2020-06-18,02:00:00,0,0,0,FMN GV 10 Beerse
39,Antwerpseweg 195,2020-06-18,03:00:00,0,0,0,FMN GV 10 Beerse
39,Antwerpseweg 195,2020-06-18,04:00:00,2,2,0,FMN GV 10 Beerse
39,Antwerpseweg 195,2020-06-18,05:00:00,7,5,2,FMN GV 10 Beerse
39,Antwerpseweg 195,2020-06-18,06:00:00,16,16,0,FMN GV 10 Beerse
39,Antwerpseweg 195,2020-06-18,07:00:00,29,24,5,FMN GV 10 Beerse
39,Antwerpseweg 195,2020-06-18,08:00:00,20,15,5,FMN GV 10 Beerse
39,Antwerpseweg 195,2020-06-18,09:00:00,11,6,5,FMN GV 10 Beerse
39,Antwerpseweg 195,2020-06-18,10:00:00,9,9,0,FMN GV 10 Beerse
39,Antwerpseweg 195,2020-06-18,11:00:00,18,15,3,FMN GV 10 Beerse
39,Antwerpseweg 195,2020-06-18,12:00:00,17,11,6,FMN GV 10 Beerse
39,Antwerpseweg 195,2020-06-18,13:00:00,23,18,5,FMN GV 10 Beerse
39,Antwerpseweg 195,2020-06-18,14:00:00,25,20,5,FMN GV 10 Beerse
39,Antwerpseweg 195,2020-06-18,15:00:00,26,17,9,FMN GV 10 Beerse
39,Antwerpseweg 195,2020-06-18,16:00:00,41,26,15,FMN GV 10 Beerse
39,Antwerpseweg 195,2020-06-18,17:00:00,32,24,8,FMN GV 10 Beerse
39,Antwerpseweg 195,2020-06-18,18:00:00,16,12,4,FMN GV 10 Beerse
39,Antwerpseweg 195,2020-06-18,19:00:00,5,3,2,FMN GV 10 Beerse
39,Antwerpseweg 195,2020-06-18,20:00:00,8,7,1,FMN GV 10 Beerse
39,Antwerpseweg 195,2020-06-18,21:00:00,6,4,2,FMN GV 10 Beerse
39,Antwerpseweg 195,2020-06-18,22:00:00,5,5,0,FMN GV 10 Beerse
39,Antwerpseweg 195,2020-06-18,23:00:00,0,0,0,FMN GV 10 Beerse
39,Antwerpseweg 195,2020-06-19,00:00:00,1,1,0,FMN GV 10 Beerse
39,Antwerpseweg 195,2020-06-19,01:00:00,0,0,0,FMN GV 10 Beerse
39,Antwerpseweg 195,2020-06-19,02:00:00,1,1,0,FMN GV 10 Beerse
39,Antwerpseweg 195,2020-06-19,03:00:00,1,1,0,FMN GV 10 Beerse
39,Antwerpseweg 195,2020-06-19,04:00:00,2,2,0,FMN GV 10 Beerse
39,Antwerpseweg 195,2020-06-19,05:00:00,9,8,1,FMN GV 10 Beerse
39,Antwerpseweg 195,2020-06-19,06:00:00,17,16,1,FMN GV 10 Beerse
39,Antwerpseweg 195,2020-06-19,07:00:00,36,29,7,FMN GV 10 Beerse
39,Antwerpseweg 195,2020-06-19,08:00:00,21,14,7,FMN GV 10 Beerse
39,Antwerpseweg 195,2020-06-19,09:00:00,21,15,6,FMN GV 10 Beerse
39,Antwerpseweg 195,2020-06-19,10:00:00,17,16,1,FMN GV 10 Beerse
39,Antwerpseweg 195,2020-06-19,11:00:00,24,18,6,FMN GV 10 Beerse
39,Antwerpseweg 195,2020-06-19,12:00:00,28,19,9,FMN GV 10 Beerse
39,Antwerpseweg 195,2020-06-19,13:00:00,25,13,12,FMN GV 10 Beerse
39,Antwerpseweg 195,2020-06-19,14:00:00,34,19,15,FMN GV 10 Beerse
39,Antwerpseweg 195,2020-06-19,15:00:00,50,26,24,FMN GV 10 Beerse
39,Antwerpseweg 195,2020-06-19,16:00:00,45,38,7,FMN GV 10 Beerse
39,Antwerpseweg 195,2020-06-19,17:00:00,28,20,8,FMN GV 10 Beerse
39,Antwerpseweg 195,2020-06-19,18:00:00,19,10,9,FMN GV 10 Beerse
39,Antwerpseweg 195,2020-06-19,19:00:00,16,10,6,FMN GV 10 Beerse
39,Antwerpseweg 195,2020-06-19,20:00:00,18,13,5,FMN GV 10 Beerse
39,Antwerpseweg 195,2020-06-19,21:00:00,5,3,2,FMN GV 10 Beerse
39,Antwerpseweg 195,2020-06-19,22:00:00,9,8,1,FMN GV 10 Beerse
39,Antwerpseweg 195,2020-06-19,23:00:00,5,3,2,FMN GV 10 Beerse
39,Antwerpseweg 195,2020-06-20,00:00:00,4,4,0,FMN GV 10 Beerse
39,Antwerpseweg 195,2020-06-20,01:00:00,10,5,5,FMN GV 10 Beerse
39,Antwerpseweg 195,2020-06-20,02:00:00,0,0,0,FMN GV 10 Beerse
39,Antwerpseweg 195,2020-06-20,03:00:00,1,1,0,FMN GV 10 Beerse
39,Antwerpseweg 195,2020-06-20,04:00:00,2,2,0,FMN GV 10 Beerse
39,Antwerpseweg 195,2020-06-20,05:00:00,2,2,0,FMN GV 10 Beerse
39,Antwerpseweg 195,2020-06-20,06:00:00,4,2,2,FMN GV 10 Beerse
39,Antwerpseweg 195,2020-06-20,07:00:00,5,3,2,FMN GV 10 Beerse
39,Antwerpseweg 195,2020-06-20,08:00:00,11,7,4,FMN GV 10 Beerse
39,Antwerpseweg 195,2020-06-20,09:00:00,14,11,3,FMN GV 10 Beerse
39,Antwerpseweg 195,2020-06-20,10:00:00,20,11,9,FMN GV 10 Beerse
39,Antwerpseweg 195,2020-06-20,11:00:00,23,13,10,FMN GV 10 Beerse
39,Antwerpseweg 195,2020-06-20,12:00:00,26,17,9,FMN GV 10 Beerse
39,Antwerpseweg 195,2020-06-20,13:00:00,37,27,10,FMN GV 10 Beerse
39,Antwerpseweg 195,2020-06-20,14:00:00,62,30,32,FMN GV 10 Beerse
39,Antwerpseweg 195,2020-06-20,15:00:00,52,39,13,FMN GV 10 Beerse
39,Antwerpseweg 195,2020-06-20,16:00:00,42,30,12,FMN GV 10 Beerse
39,Antwerpseweg 195,2020-06-20,17:00:00,38,24,14,FMN GV 10 Beerse
39,Antwerpseweg 195,2020-06-20,18:00:00,16,9,7,FMN GV 10 Beerse
39,Antwerpseweg 195,2020-06-20,19:00:00,29,20,9,FMN GV 10 Beerse
39,Antwerpseweg 195,2020-06-20,20:00:00,11,9,2,FMN GV 10 Beerse
39,Antwerpseweg 195,2020-06-20,21:00:00,7,4,3,FMN GV 10 Beerse
39,Antwerpseweg 195,2020-06-20,22:00:00,11,8,3,FMN GV 10 Beerse
39,Antwerpseweg 195,2020-06-20,23:00:00,4,4,0,FMN GV 10 Beerse
39,Antwerpseweg 195,2020-06-21,00:00:00,6,4,2,FMN GV 10 Beerse
39,Antwerpseweg 195,2020-06-21,01:00:00,3,2,1,FMN GV 10 Beerse
39,Antwerpseweg 195,2020-06-21,02:00:00,3,1,2,FMN GV 10 Beerse
39,Antwerpseweg 195,2020-06-21,03:00:00,1,1,0,FMN GV 10 Beerse
39,Antwerpseweg 195,2020-06-21,04:00:00,1,1,0,FMN GV 10 Beerse
39,Antwerpseweg 195,2020-06-21,05:00:00,2,2,0,FMN GV 10 Beerse
39,Antwerpseweg 195,2020-06-21,06:00:00,0,0,0,FMN GV 10 Beerse
39,Antwerpseweg 195,2020-06-21,07:00:00,9,7,2,FMN GV 10 Beerse
39,Antwerpseweg 195,2020-06-21,08:00:00,16,10,6,FMN GV 10 Beerse
39,Antwerpseweg 195,2020-06-21,09:00:00,19,14,5,FMN GV 10 Beerse
39,Antwerpseweg 195,2020-06-21,10:00:00,57,44,13,FMN GV 10 Beerse
39,Antwerpseweg 195,2020-06-21,11:00:00,54,39,15,FMN GV 10 Beerse
39,Antwerpseweg 195,2020-06-21,12:00:00,47,32,15,FMN GV 10 Beerse
39,Antwerpseweg 195,2020-06-21,13:00:00,62,42,20,FMN GV 10 Beerse
39,Antwerpseweg 195,2020-06-21,14:00:00,81,56,25,FMN GV 10 Beerse
39,Antwerpseweg 195,2020-06-21,15:00:00,86,52,34,FMN GV 10 Beerse
39,Antwerpseweg 195,2020-06-21,16:00:00,71,59,12,FMN GV 10 Beerse
39,Antwerpseweg 195,2020-06-21,17:00:00,39,18,21,FMN GV 10 Beerse
39,Antwerpseweg 195,2020-06-21,18:00:00,14,10,4,FMN GV 10 Beerse
39,Antwerpseweg 195,2020-06-21,19:00:00,28,19,9,FMN GV 10 Beerse
39,Antwerpseweg 195,2020-06-21,20:00:00,10,7,3,FMN GV 10 Beerse
39,Antwerpseweg 195,2020-06-21,21:00:00,2,2,0,FMN GV 10 Beerse
39,Antwerpseweg 195,2020-06-21,22:00:00,5,5,0,FMN GV 10 Beerse
39,Antwerpseweg 195,2020-06-21,23:00:00,1,1,0,FMN GV 10 Beerse
39,Antwerpseweg 195,2020-06-22,00:00:00,0,0,0,FMN GV 10 Beerse
39,Antwerpseweg 195,2020-06-22,01:00:00,1,1,0,FMN GV 10 Beerse
39,Antwerpseweg 195,2020-06-22,02:00:00,0,0,0,FMN GV 10 Beerse
39,Antwerpseweg 195,2020-06-22,03:00:00,0,0,0,FMN GV 10 Beerse
39,Antwerpseweg 195,2020-06-22,04:00:00,1,1,0,FMN GV 10 Beerse
39,Antwerpseweg 195,2020-06-22,05:00:00,16,15,1,FMN GV 10 Beerse
39,Antwerpseweg 195,2020-06-22,06:00:00,21,20,1,FMN GV 10 Beerse
39,Antwerpseweg 195,2020-06-22,07:00:00,41,33,8,FMN GV 10 Beerse
39,Antwerpseweg 195,2020-06-22,08:00:00,27,18,9,FMN GV 10 Beerse
39,Antwerpseweg 195,2020-06-22,09:00:00,25,20,5,FMN GV 10 Beerse
39,Antwerpseweg 195,2020-06-22,10:00:00,16,11,5,FMN GV 10 Beerse
39,Antwerpseweg 195,2020-06-22,11:00:00,19,15,4,FMN GV 10 Beerse
39,Antwerpseweg 195,2020-06-22,12:00:00,42,33,9,FMN GV 10 Beerse
39,Antwerpseweg 195,2020-06-22,13:00:00,48,35,13,FMN GV 10 Beerse
39,Antwerpseweg 195,2020-06-22,14:00:00,61,43,18,FMN GV 10 Beerse
39,Antwerpseweg 195,2020-06-22,15:00:00,59,44,15,FMN GV 10 Beerse
39,Antwerpseweg 195,2020-06-22,16:00:00,70,53,17,FMN GV 10 Beerse
39,Antwerpseweg 195,2020-06-22,17:00:00,58,41,17,FMN GV 10 Beerse
39,Antwerpseweg 195,2020-06-22,18:00:00,31,22,9,FMN GV 10 Beerse
39,Antwerpseweg 195,2020-06-22,19:00:00,25,14,11,FMN GV 10 Beerse
39,Antwerpseweg 195,2020-06-22,20:00:00,15,8,7,FMN GV 10 Beerse
39,Antwerpseweg 195,2020-06-22,21:00:00,12,11,1,FMN GV 10 Beerse
39,Antwerpseweg 195,2020-06-22,22:00:00,8,4,4,FMN GV 10 Beerse
39,Antwerpseweg 195,2020-06-22,23:00:00,1,1,0,FMN GV 10 Beerse
39,Antwerpseweg 195,2020-06-23,00:00:00,3,0,3,FMN GV 10 Beerse
39,Antwerpseweg 195,2020-06-23,01:00:00,1,1,0,FMN GV 10 Beerse
39,Antwerpseweg 195,2020-06-23,02:00:00,0,0,0,FMN GV 10 Beerse
39,Antwerpseweg 195,2020-06-23,03:00:00,0,0,0,FMN GV 10 Beerse
39,Antwerpseweg 195,2020-06-23,04:00:00,0,0,0,FMN GV 10 Beerse
39,Antwerpseweg 195,2020-06-23,05:00:00,15,14,1,FMN GV 10 Beerse
39,Antwerpseweg 195,2020-06-23,06:00:00,28,26,2,FMN GV 10 Beerse
39,Antwerpseweg 195,2020-06-23,07:00:00,34,29,5,FMN GV 10 Beerse
39,Antwerpseweg 195,2020-06-23,08:00:00,32,22,10,FMN GV 10 Beerse
39,Antwerpseweg 195,2020-06-23,09:00:00,16,8,8,FMN GV 10 Beerse
39,Antwerpseweg 195,2020-06-23,10:00:00,28,20,8,FMN GV 10 Beerse
39,Antwerpseweg 195,2020-06-23,11:00:00,19,12,7,FMN GV 10 Beerse
39,Antwerpseweg 195,2020-06-23,12:00:00,27,15,12,FMN GV 10 Beerse
39,Antwerpseweg 195,2020-06-23,13:00:00,48,36,12,FMN GV 10 Beerse
39,Antwerpseweg 195,2020-06-23,14:00:00,53,37,16,FMN GV 10 Beerse
39,Antwerpseweg 195,2020-06-23,15:00:00,63,42,21,FMN GV 10 Beerse
39,Antwerpseweg 195,2020-06-23,16:00:00,55,41,14,FMN GV 10 Beerse
39,Antwerpseweg 195,2020-06-23,17:00:00,74,52,22,FMN GV 10 Beerse
39,Antwerpseweg 195,2020-06-23,18:00:00,35,25,10,FMN GV 10 Beerse
39,Antwerpseweg 195,2020-06-23,19:00:00,30,24,6,FMN GV 10 Beerse
39,Antwerpseweg 195,2020-06-23,20:00:00,36,29,7,FMN GV 10 Beerse
39,Antwerpseweg 195,2020-06-23,21:00:00,17,10,7,FMN GV 10 Beerse
39,Antwerpseweg 195,2020-06-23,22:00:00,9,5,4,FMN GV 10 Beerse
39,Antwerpseweg 195,2020-06-23,23:00:00,2,2,0,FMN GV 10 Beerse
39,Antwerpseweg 195,2020-06-24,00:00:00,0,0,0,FMN GV 10 Beerse
39,Antwerpseweg 195,2020-06-24,01:00:00,4,4,0,FMN GV 10 Beerse
39,Antwerpseweg 195,2020-06-24,02:00:00,0,0,0,FMN GV 10 Beerse
39,Antwerpseweg 195,2020-06-24,03:00:00,1,1,0,FMN GV 10 Beerse
39,Antwerpseweg 195,2020-06-24,04:00:00,1,1,0,FMN GV 10 Beerse
39,Antwerpseweg 195,2020-06-24,05:00:00,14,12,2,FMN GV 10 Beerse
39,Antwerpseweg 195,2020-06-24,06:00:00,23,22,1,FMN GV 10 Beerse
39,Antwerpseweg 195,2020-06-24,07:00:00,46,39,7,FMN GV 10 Beerse
39,Antwerpseweg 195,2020-06-24,08:00:00,34,19,15,FMN GV 10 Beerse
39,Antwerpseweg 195,2020-06-24,09:00:00,42,32,10,FMN GV 10 Beerse
39,Antwerpseweg 195,2020-06-24,10:00:00,34,24,10,FMN GV 10 Beerse
39,Antwerpseweg 195,2020-06-24,11:00:00,24,11,13,FMN GV 10 Beerse
39,Antwerpseweg 195,2020-06-24,12:00:00,48,35,13,FMN GV 10 Beerse
39,Antwerpseweg 195,2020-06-24,13:00:00,63,46,17,FMN GV 10 Beerse
39,Antwerpseweg 195,2020-06-24,14:00:00,49,31,18,FMN GV 10 Beerse
39,Antwerpseweg 195,2020-06-24,15:00:00,37,31,6,FMN GV 10 Beerse
39,Antwerpseweg 195,2020-06-24,16:00:00,66,45,21,FMN GV 10 Beerse
39,Antwerpseweg 195,2020-06-24,17:00:00,55,40,15,FMN GV 10 Beerse
39,Antwerpseweg 195,2020-06-24,18:00:00,41,35,6,FMN GV 10 Beerse
39,Antwerpseweg 195,2020-06-24,19:00:00,33,21,12,FMN GV 10 Beerse
39,Antwerpseweg 195,2020-06-24,20:00:00,25,18,7,FMN GV 10 Beerse
39,Antwerpseweg 195,2020-06-24,21:00:00,12,11,1,FMN GV 10 Beerse
39,Antwerpseweg 195,2020-06-24,22:00:00,23,18,5,FMN GV 10 Beerse
39,Antwerpseweg 195,2020-06-24,23:00:00,1,0,1,FMN GV 10 Beerse
39,Antwerpseweg 195,2020-06-25,00:00:00,0,0,0,FMN GV 10 Beerse
39,Antwerpseweg 195,2020-06-25,01:00:00,0,0,0,FMN GV 10 Beerse
39,Antwerpseweg 195,2020-06-25,02:00:00,0,0,0,FMN GV 10 Beerse
39,Antwerpseweg 195,2020-06-25,03:00:00,0,0,0,FMN GV 10 Beerse
39,Antwerpseweg 195,2020-06-25,04:00:00,1,1,0,FMN GV 10 Beerse
39,Antwerpseweg 195,2020-06-25,05:00:00,14,13,1,FMN GV 10 Beerse
39,Antwerpseweg 195,2020-06-25,06:00:00,21,18,3,FMN GV 10 Beerse
39,Antwerpseweg 195,2020-06-25,07:00:00,46,32,14,FMN GV 10 Beerse
39,Antwerpseweg 195,2020-06-25,08:00:00,30,21,9,FMN GV 10 Beerse
39,Antwerpseweg 195,2020-06-25,09:00:00,35,21,14,FMN GV 10 Beerse
39,Antwerpseweg 195,2020-06-25,10:00:00,39,28,11,FMN GV 10 Beerse
39,Antwerpseweg 195,2020-06-25,11:00:00,36,24,12,FMN GV 10 Beerse
39,Antwerpseweg 195,2020-06-25,12:00:00,31,23,8,FMN GV 10 Beerse
39,Antwerpseweg 195,2020-06-25,13:00:00,49,39,10,FMN GV 10 Beerse
39,Antwerpseweg 195,2020-06-25,14:00:00,31,21,10,FMN GV 10 Beerse
39,Antwerpseweg 195,2020-06-25,15:00:00,54,34,20,FMN GV 10 Beerse
39,Antwerpseweg 195,2020-06-25,16:00:00,61,45,16,FMN GV 10 Beerse
39,Antwerpseweg 195,2020-06-25,17:00:00,48,40,8,FMN GV 10 Beerse
39,Antwerpseweg 195,2020-06-25,18:00:00,38,24,14,FMN GV 10 Beerse
39,Antwerpseweg 195,2020-06-25,19:00:00,33,22,11,FMN GV 10 Beerse
39,Antwerpseweg 195,2020-06-25,20:00:00,25,16,9,FMN GV 10 Beerse
39,Antwerpseweg 195,2020-06-25,21:00:00,17,12,5,FMN GV 10 Beerse
39,Antwerpseweg 195,2020-06-25,22:00:00,8,5,3,FMN GV 10 Beerse
39,Antwerpseweg 195,2020-06-25,23:00:00,4,2,2,FMN GV 10 Beerse
39,Antwerpseweg 195,2020-06-26,00:00:00,3,2,1,FMN GV 10 Beerse
39,Antwerpseweg 195,2020-06-26,01:00:00,1,1,0,FMN GV 10 Beerse
39,Antwerpseweg 195,2020-06-26,02:00:00,0,0,0,FMN GV 10 Beerse
39,Antwerpseweg 195,2020-06-26,03:00:00,0,0,0,FMN GV 10 Beerse
39,Antwerpseweg 195,2020-06-26,04:00:00,2,2,0,FMN GV 10 Beerse
39,Antwerpseweg 195,2020-06-26,05:00:00,18,16,2,FMN GV 10 Beerse
39,Antwerpseweg 195,2020-06-26,06:00:00,22,17,5,FMN GV 10 Beerse
39,Antwerpseweg 195,2020-06-26,07:00:00,38,31,7,FMN GV 10 Beerse
39,Antwerpseweg 195,2020-06-26,08:00:00,32,25,7,FMN GV 10 Beerse
39,Antwerpseweg 195,2020-06-26,09:00:00,25,15,10,FMN GV 10 Beerse
39,Antwerpseweg 195,2020-06-26,10:00:00,26,21,5,FMN GV 10 Beerse
39,Antwerpseweg 195,2020-06-26,11:00:00,34,23,11,FMN GV 10 Beerse
39,Antwerpseweg 195,2020-06-26,12:00:00,25,19,6,FMN GV 10 Beerse
39,Antwerpseweg 195,2020-06-26,13:00:00,30,20,10,FMN GV 10 Beerse
39,Antwerpseweg 195,2020-06-26,14:00:00,42,29,13,FMN GV 10 Beerse
39,Antwerpseweg 195,2020-06-26,15:00:00,31,18,13,FMN GV 10 Beerse
39,Antwerpseweg 195,2020-06-26,16:00:00,31,25,6,FMN GV 10 Beerse
39,Antwerpseweg 195,2020-06-26,17:00:00,35,22,13,FMN GV 10 Beerse
39,Antwerpseweg 195,2020-06-26,18:00:00,15,8,7,FMN GV 10 Beerse
39,Antwerpseweg 195,2020-06-26,19:00:00,16,13,3,FMN GV 10 Beerse
39,Antwerpseweg 195,2020-06-26,20:00:00,18,10,8,FMN GV 10 Beerse
39,Antwerpseweg 195,2020-06-26,21:00:00,12,8,4,FMN GV 10 Beerse
39,Antwerpseweg 195,2020-06-26,22:00:00,9,8,1,FMN GV 10 Beerse
39,Antwerpseweg 195,2020-06-26,23:00:00,5,3,2,FMN GV 10 Beerse
39,Antwerpseweg 195,2020-06-27,00:00:00,1,0,1,FMN GV 10 Beerse
39,Antwerpseweg 195,2020-06-27,01:00:00,6,6,0,FMN GV 10 Beerse
39,Antwerpseweg 195,2020-06-27,02:00:00,3,3,0,FMN GV 10 Beerse
39,Antwerpseweg 195,2020-06-27,03:00:00,0,0,0,FMN GV 10 Beerse
39,Antwerpseweg 195,2020-06-27,04:00:00,3,3,0,FMN GV 10 Beerse
39,Antwerpseweg 195,2020-06-27,05:00:00,0,0,0,FMN GV 10 Beerse
39,Antwerpseweg 195,2020-06-27,06:00:00,4,4,0,FMN GV 10 Beerse
39,Antwerpseweg 195,2020-06-27,07:00:00,2,1,1,FMN GV 10 Beerse
39,Antwerpseweg 195,2020-06-27,08:00:00,7,6,1,FMN GV 10 Beerse
39,Antwerpseweg 195,2020-06-27,09:00:00,14,10,4,FMN GV 10 Beerse
39,Antwerpseweg 195,2020-06-27,10:00:00,22,16,6,FMN GV 10 Beerse
39,Antwerpseweg 195,2020-06-27,11:00:00,17,12,5,FMN GV 10 Beerse
39,Antwerpseweg 195,2020-06-27,12:00:00,22,19,3,FMN GV 10 Beerse
39,Antwerpseweg 195,2020-06-27,13:00:00,35,26,9,FMN GV 10 Beerse
39,Antwerpseweg 195,2020-06-27,14:00:00,50,40,10,FMN GV 10 Beerse
39,Antwerpseweg 195,2020-06-27,15:00:00,17,9,8,FMN GV 10 Beerse
39,Antwerpseweg 195,2020-06-27,16:00:00,19,11,8,FMN GV 10 Beerse
39,Antwerpseweg 195,2020-06-27,17:00:00,24,14,10,FMN GV 10 Beerse
39,Antwerpseweg 195,2020-06-27,18:00:00,10,6,4,FMN GV 10 Beerse
39,Antwerpseweg 195,2020-06-27,19:00:00,3,1,2,FMN GV 10 Beerse
39,Antwerpseweg 195,2020-06-27,20:00:00,11,9,2,FMN GV 10 Beerse
39,Antwerpseweg 195,2020-06-27,21:00:00,9,5,4,FMN GV 10 Beerse
39,Antwerpseweg 195,2020-06-27,22:00:00,7,6,1,FMN GV 10 Beerse
39,Antwerpseweg 195,2020-06-27,23:00:00,1,1,0,FMN GV 10 Beerse
39,Antwerpseweg 195,2020-06-28,00:00:00,0,0,0,FMN GV 10 Beerse
39,Antwerpseweg 195,2020-06-28,01:00:00,1,1,0,FMN GV 10 Beerse
39,Antwerpseweg 195,2020-06-28,02:00:00,1,0,1,FMN GV 10 Beerse
39,Antwerpseweg 195,2020-06-28,03:00:00,3,1,2,FMN GV 10 Beerse
39,Antwerpseweg 195,2020-06-28,04:00:00,1,0,1,FMN GV 10 Beerse
39,Antwerpseweg 195,2020-06-28,05:00:00,1,1,0,FMN GV 10 Beerse
39,Antwerpseweg 195,2020-06-28,06:00:00,1,1,0,FMN GV 10 Beerse
39,Antwerpseweg 195,2020-06-28,07:00:00,3,2,1,FMN GV 10 Beerse
39,Antwerpseweg 195,2020-06-28,08:00:00,4,3,1,FMN GV 10 Beerse
39,Antwerpseweg 195,2020-06-28,09:00:00,11,7,4,FMN GV 10 Beerse
39,Antwerpseweg 195,2020-06-28,10:00:00,25,16,9,FMN GV 10 Beerse
39,Antwerpseweg 195,2020-06-28,11:00:00,47,34,13,FMN GV 10 Beerse
39,Antwerpseweg 195,2020-06-28,12:00:00,28,18,10,FMN GV 10 Beerse
39,Antwerpseweg 195,2020-06-28,13:00:00,31,21,10,FMN GV 10 Beerse
39,Antwerpseweg 195,2020-06-28,14:00:00,30,20,10,FMN GV 10 Beerse
39,Antwerpseweg 195,2020-06-28,15:00:00,42,22,20,FMN GV 10 Beerse
39,Antwerpseweg 195,2020-06-28,16:00:00,24,17,7,FMN GV 10 Beerse
39,Antwerpseweg 195,2020-06-28,17:00:00,14,12,2,FMN GV 10 Beerse
39,Antwerpseweg 195,2020-06-28,18:00:00,17,14,3,FMN GV 10 Beerse
39,Antwerpseweg 195,2020-06-28,19:00:00,20,14,6,FMN GV 10 Beerse
39,Antwerpseweg 195,2020-06-28,20:00:00,14,11,3,FMN GV 10 Beerse
39,Antwerpseweg 195,2020-06-28,21:00:00,4,4,0,FMN GV 10 Beerse
39,Antwerpseweg 195,2020-06-28,22:00:00,5,4,1,FMN GV 10 Beerse
39,Antwerpseweg 195,2020-06-28,23:00:00,4,2,2,FMN GV 10 Beerse
39,Antwerpseweg 195,2020-06-29,00:00:00,0,0,0,FMN GV 10 Beerse
39,Antwerpseweg 195,2020-06-29,01:00:00,0,0,0,FMN GV 10 Beerse
39,Antwerpseweg 195,2020-06-29,02:00:00,0,0,0,FMN GV 10 Beerse
39,Antwerpseweg 195,2020-06-29,03:00:00,0,0,0,FMN GV 10 Beerse
39,Antwerpseweg 195,2020-06-29,04:00:00,3,3,0,FMN GV 10 Beerse
39,Antwerpseweg 195,2020-06-29,05:00:00,12,10,2,FMN GV 10 Beerse
39,Antwerpseweg 195,2020-06-29,06:00:00,16,14,2,FMN GV 10 Beerse
39,Antwerpseweg 195,2020-06-29,07:00:00,34,31,3,FMN GV 10 Beerse
39,Antwerpseweg 195,2020-06-29,08:00:00,23,20,3,FMN GV 10 Beerse
39,Antwerpseweg 195,2020-06-29,09:00:00,20,15,5,FMN GV 10 Beerse
39,Antwerpseweg 195,2020-06-29,10:00:00,25,15,10,FMN GV 10 Beerse
39,Antwerpseweg 195,2020-06-29,11:00:00,28,21,7,FMN GV 10 Beerse
39,Antwerpseweg 195,2020-06-29,12:00:00,31,26,5,FMN GV 10 Beerse
39,Antwerpseweg 195,2020-06-29,13:00:00,36,28,8,FMN GV 10 Beerse
39,Antwerpseweg 195,2020-06-29,14:00:00,26,15,11,FMN GV 10 Beerse
39,Antwerpseweg 195,2020-06-29,15:00:00,45,37,8,FMN GV 10 Beerse
39,Antwerpseweg 195,2020-06-29,16:00:00,51,36,15,FMN GV 10 Beerse
39,Antwerpseweg 195,2020-06-29,17:00:00,23,15,8,FMN GV 10 Beerse
39,Antwerpseweg 195,2020-06-29,18:00:00,19,9,10,FMN GV 10 Beerse
39,Antwerpseweg 195,2020-06-29,19:00:00,6,3,3,FMN GV 10 Beerse
39,Antwerpseweg 195,2020-06-29,20:00:00,14,9,5,FMN GV 10 Beerse
39,Antwerpseweg 195,2020-06-29,21:00:00,13,10,3,FMN GV 10 Beerse
39,Antwerpseweg 195,2020-06-29,22:00:00,6,5,1,FMN GV 10 Beerse
39,Antwerpseweg 195,2020-06-29,23:00:00,3,2,1,FMN GV 10 Beerse
39,Antwerpseweg 195,2020-06-30,00:00:00,0,0,0,FMN GV 10 Beerse
39,Antwerpseweg 195,2020-06-30,01:00:00,0,0,0,FMN GV 10 Beerse
39,Antwerpseweg 195,2020-06-30,02:00:00,0,0,0,FMN GV 10 Beerse
39,Antwerpseweg 195,2020-06-30,03:00:00,0,0,0,FMN GV 10 Beerse
39,Antwerpseweg 195,2020-06-30,04:00:00,0,0,0,FMN GV 10 Beerse
39,Antwerpseweg 195,2020-06-30,05:00:00,12,12,0,FMN GV 10 Beerse
39,Antwerpseweg 195,2020-06-30,06:00:00,22,20,2,FMN GV 10 Beerse
39,Antwerpseweg 195,2020-06-30,07:00:00,24,20,4,FMN GV 10 Beerse
39,Antwerpseweg 195,2020-06-30,08:00:00,19,15,4,FMN GV 10 Beerse
39,Antwerpseweg 195,2020-06-30,09:00:00,11,7,4,FMN GV 10 Beerse
39,Antwerpseweg 195,2020-06-30,10:00:00,11,9,2,FMN GV 10 Beerse
39,Antwerpseweg 195,2020-06-30,11:00:00,19,10,9,FMN GV 10 Beerse
39,Antwerpseweg 195,2020-06-30,12:00:00,21,13,8,FMN GV 10 Beerse
39,Antwerpseweg 195,2020-06-30,13:00:00,33,23,10,FMN GV 10 Beerse
39,Antwerpseweg 195,2020-06-30,14:00:00,30,19,11,FMN GV 10 Beerse
39,Antwerpseweg 195,2020-06-30,15:00:00,37,35,2,FMN GV 10 Beerse
39,Antwerpseweg 195,2020-06-30,16:00:00,32,18,14,FMN GV 10 Beerse
39,Antwerpseweg 195,2020-06-30,17:00:00,15,12,3,FMN GV 10 Beerse
39,Antwerpseweg 195,2020-06-30,18:00:00,9,6,3,FMN GV 10 Beerse
39,Antwerpseweg 195,2020-06-30,19:00:00,6,4,2,FMN GV 10 Beerse
39,Antwerpseweg 195,2020-06-30,20:00:00,5,2,3,FMN GV 10 Beerse
39,Antwerpseweg 195,2020-06-30,21:00:00,5,2,3,FMN GV 10 Beerse
39,Antwerpseweg 195,2020-06-30,22:00:00,6,5,1,FMN GV 10 Beerse
39,Antwerpseweg 195,2020-06-30,23:00:00,1,1,0,FMN GV 10 Beerse
39,Antwerpseweg 195,2020-07-01,00:00:00,1,0,1,FMN GV 10 Beerse
39,Antwerpseweg 195,2020-07-01,01:00:00,0,0,0,FMN GV 10 Beerse
39,Antwerpseweg 195,2020-07-01,02:00:00,1,0,1,FMN GV 10 Beerse
39,Antwerpseweg 195,2020-07-01,03:00:00,0,0,0,FMN GV 10 Beerse
39,Antwerpseweg 195,2020-07-01,04:00:00,0,0,0,FMN GV 10 Beerse
39,Antwerpseweg 195,2020-07-01,05:00:00,6,6,0,FMN GV 10 Beerse
39,Antwerpseweg 195,2020-07-01,06:00:00,6,6,0,FMN GV 10 Beerse
39,Antwerpseweg 195,2020-07-01,07:00:00,6,4,2,FMN GV 10 Beerse
39,Antwerpseweg 195,2020-07-01,08:00:00,2,2,0,FMN GV 10 Beerse
39,Antwerpseweg 195,2020-07-01,09:00:00,2,2,0,FMN GV 10 Beerse
39,Antwerpseweg 195,2020-07-01,10:00:00,2,2,0,FMN GV 10 Beerse
39,Antwerpseweg 195,2020-07-01,11:00:00,1,0,1,FMN GV 10 Beerse
39,Antwerpseweg 195,2020-07-01,12:00:00,0,0,0,FMN GV 10 Beerse
39,Antwerpseweg 195,2020-07-01,13:00:00,7,4,3,FMN GV 10 Beerse
39,Antwerpseweg 195,2020-07-01,14:00:00,5,3,2,FMN GV 10 Beerse
39,Antwerpseweg 195,2020-07-01,15:00:00,10,6,4,FMN GV 10 Beerse
39,Antwerpseweg 195,2020-07-01,16:00:00,17,11,6,FMN GV 10 Beerse
39,Antwerpseweg 195,2020-07-01,17:00:00,16,11,5,FMN GV 10 Beerse
39,Antwerpseweg 195,2020-07-01,18:00:00,18,13,5,FMN GV 10 Beerse
39,Antwerpseweg 195,2020-07-01,19:00:00,16,10,6,FMN GV 10 Beerse
39,Antwerpseweg 195,2020-07-01,20:00:00,11,9,2,FMN GV 10 Beerse
39,Antwerpseweg 195,2020-07-01,21:00:00,13,11,2,FMN GV 10 Beerse
39,Antwerpseweg 195,2020-07-01,22:00:00,11,7,4,FMN GV 10 Beerse
39,Antwerpseweg 195,2020-07-01,23:00:00,0,0,0,FMN GV 10 Beerse
39,Antwerpseweg 195,2020-07-02,00:00:00,1,0,1,FMN GV 10 Beerse
39,Antwerpseweg 195,2020-07-02,01:00:00,0,0,0,FMN GV 10 Beerse
39,Antwerpseweg 195,2020-07-02,02:00:00,0,0,0,FMN GV 10 Beerse
39,Antwerpseweg 195,2020-07-02,03:00:00,0,0,0,FMN GV 10 Beerse
39,Antwerpseweg 195,2020-07-02,04:00:00,2,1,1,FMN GV 10 Beerse
39,Antwerpseweg 195,2020-07-02,05:00:00,8,8,0,FMN GV 10 Beerse
39,Antwerpseweg 195,2020-07-02,06:00:00,18,17,1,FMN GV 10 Beerse
39,Antwerpseweg 195,2020-07-02,07:00:00,23,21,2,FMN GV 10 Beerse
39,Antwerpseweg 195,2020-07-02,08:00:00,19,14,5,FMN GV 10 Beerse
39,Antwerpseweg 195,2020-07-02,09:00:00,13,7,6,FMN GV 10 Beerse
39,Antwerpseweg 195,2020-07-02,10:00:00,19,16,3,FMN GV 10 Beerse
39,Antwerpseweg 195,2020-07-02,11:00:00,4,1,3,FMN GV 10 Beerse
39,Antwerpseweg 195,2020-07-02,12:00:00,35,24,11,FMN GV 10 Beerse
39,Antwerpseweg 195,2020-07-02,13:00:00,24,18,6,FMN GV 10 Beerse
39,Antwerpseweg 195,2020-07-02,14:00:00,15,12,3,FMN GV 10 Beerse
39,Antwerpseweg 195,2020-07-02,15:00:00,40,33,7,FMN GV 10 Beerse
39,Antwerpseweg 195,2020-07-02,16:00:00,27,22,5,FMN GV 10 Beerse
39,Antwerpseweg 195,2020-07-02,17:00:00,32,26,6,FMN GV 10 Beerse
39,Antwerpseweg 195,2020-07-02,18:00:00,24,19,5,FMN GV 10 Beerse
39,Antwerpseweg 195,2020-07-02,19:00:00,11,7,4,FMN GV 10 Beerse
39,Antwerpseweg 195,2020-07-02,20:00:00,13,6,7,FMN GV 10 Beerse
39,Antwerpseweg 195,2020-07-02,21:00:00,3,3,0,FMN GV 10 Beerse
39,Antwerpseweg 195,2020-07-02,22:00:00,9,7,2,FMN GV 10 Beerse
39,Antwerpseweg 195,2020-07-02,23:00:00,4,3,1,FMN GV 10 Beerse
39,Antwerpseweg 195,2020-07-03,00:00:00,1,1,0,FMN GV 10 Beerse
39,Antwerpseweg 195,2020-07-03,01:00:00,2,2,0,FMN GV 10 Beerse
39,Antwerpseweg 195,2020-07-03,02:00:00,0,0,0,FMN GV 10 Beerse
39,Antwerpseweg 195,2020-07-03,03:00:00,0,0,0,FMN GV 10 Beerse
39,Antwerpseweg 195,2020-07-03,04:00:00,2,1,1,FMN GV 10 Beerse
39,Antwerpseweg 195,2020-07-03,05:00:00,11,10,1,FMN GV 10 Beerse
39,Antwerpseweg 195,2020-07-03,06:00:00,17,15,2,FMN GV 10 Beerse
39,Antwerpseweg 195,2020-07-03,07:00:00,24,20,4,FMN GV 10 Beerse
39,Antwerpseweg 195,2020-07-03,08:00:00,20,14,6,FMN GV 10 Beerse
39,Antwerpseweg 195,2020-07-03,09:00:00,9,7,2,FMN GV 10 Beerse
39,Antwerpseweg 195,2020-07-03,10:00:00,15,8,7,FMN GV 10 Beerse
39,Antwerpseweg 195,2020-07-03,11:00:00,23,16,7,FMN GV 10 Beerse
39,Antwerpseweg 195,2020-07-03,12:00:00,16,13,3,FMN GV 10 Beerse
39,Antwerpseweg 195,2020-07-03,13:00:00,24,20,4,FMN GV 10 Beerse
39,Antwerpseweg 195,2020-07-03,14:00:00,33,22,11,FMN GV 10 Beerse
39,Antwerpseweg 195,2020-07-03,15:00:00,44,23,21,FMN GV 10 Beerse
39,Antwerpseweg 195,2020-07-03,16:00:00,35,23,12,FMN GV 10 Beerse
39,Antwerpseweg 195,2020-07-03,17:00:00,30,21,9,FMN GV 10 Beerse
39,Antwerpseweg 195,2020-07-03,18:00:00,14,10,4,FMN GV 10 Beerse
39,Antwerpseweg 195,2020-07-03,19:00:00,16,9,7,FMN GV 10 Beerse
39,Antwerpseweg 195,2020-07-03,20:00:00,12,7,5,FMN GV 10 Beerse
39,Antwerpseweg 195,2020-07-03,21:00:00,7,3,4,FMN GV 10 Beerse
39,Antwerpseweg 195,2020-07-03,22:00:00,2,2,0,FMN GV 10 Beerse
39,Antwerpseweg 195,2020-07-03,23:00:00,7,3,4,FMN GV 10 Beerse
39,Antwerpseweg 195,2020-07-04,00:00:00,3,2,1,FMN GV 10 Beerse
39,Antwerpseweg 195,2020-07-04,01:00:00,2,2,0,FMN GV 10 Beerse
39,Antwerpseweg 195,2020-07-04,02:00:00,4,3,1,FMN GV 10 Beerse
39,Antwerpseweg 195,2020-07-04,03:00:00,4,3,1,FMN GV 10 Beerse
39,Antwerpseweg 195,2020-07-04,04:00:00,1,0,1,FMN GV 10 Beerse
39,Antwerpseweg 195,2020-07-04,05:00:00,0,0,0,FMN GV 10 Beerse
39,Antwerpseweg 195,2020-07-04,06:00:00,1,1,0,FMN GV 10 Beerse
39,Antwerpseweg 195,2020-07-04,07:00:00,4,3,1,FMN GV 10 Beerse
39,Antwerpseweg 195,2020-07-04,08:00:00,4,4,0,FMN GV 10 Beerse
39,Antwerpseweg 195,2020-07-04,09:00:00,15,13,2,FMN GV 10 Beerse
39,Antwerpseweg 195,2020-07-04,10:00:00,13,12,1,FMN GV 10 Beerse
39,Antwerpseweg 195,2020-07-04,11:00:00,8,5,3,FMN GV 10 Beerse
39,Antwerpseweg 195,2020-07-04,12:00:00,11,10,1,FMN GV 10 Beerse
39,Antwerpseweg 195,2020-07-04,13:00:00,8,6,2,FMN GV 10 Beerse
39,Antwerpseweg 195,2020-07-04,14:00:00,24,8,16,FMN GV 10 Beerse
39,Antwerpseweg 195,2020-07-04,15:00:00,12,8,4,FMN GV 10 Beerse
39,Antwerpseweg 195,2020-07-04,16:00:00,18,13,5,FMN GV 10 Beerse
39,Antwerpseweg 195,2020-07-04,17:00:00,9,8,1,FMN GV 10 Beerse
39,Antwerpseweg 195,2020-07-04,18:00:00,5,3,2,FMN GV 10 Beerse
39,Antwerpseweg 195,2020-07-04,19:00:00,2,1,1,FMN GV 10 Beerse
39,Antwerpseweg 195,2020-07-04,20:00:00,6,5,1,FMN GV 10 Beerse
39,Antwerpseweg 195,2020-07-04,21:00:00,2,2,0,FMN GV 10 Beerse
39,Antwerpseweg 195,2020-07-04,22:00:00,2,2,0,FMN GV 10 Beerse
39,Antwerpseweg 195,2020-07-04,23:00:00,0,0,0,FMN GV 10 Beerse
39,Antwerpseweg 195,2020-07-05,00:00:00,1,1,0,FMN GV 10 Beerse
39,Antwerpseweg 195,2020-07-05,01:00:00,3,3,0,FMN GV 10 Beerse
39,Antwerpseweg 195,2020-07-05,02:00:00,3,1,2,FMN GV 10 Beerse
39,Antwerpseweg 195,2020-07-05,03:00:00,1,1,0,FMN GV 10 Beerse
39,Antwerpseweg 195,2020-07-05,04:00:00,1,1,0,FMN GV 10 Beerse
39,Antwerpseweg 195,2020-07-05,05:00:00,2,2,0,FMN GV 10 Beerse
39,Antwerpseweg 195,2020-07-05,06:00:00,1,1,0,FMN GV 10 Beerse
39,Antwerpseweg 195,2020-07-05,07:00:00,2,0,2,FMN GV 10 Beerse
39,Antwerpseweg 195,2020-07-05,08:00:00,11,6,5,FMN GV 10 Beerse
39,Antwerpseweg 195,2020-07-05,09:00:00,4,2,2,FMN GV 10 Beerse
39,Antwerpseweg 195,2020-07-05,10:00:00,31,24,7,FMN GV 10 Beerse
39,Antwerpseweg 195,2020-07-05,11:00:00,13,9,4,FMN GV 10 Beerse
39,Antwerpseweg 195,2020-07-05,12:00:00,12,8,4,FMN GV 10 Beerse
39,Antwerpseweg 195,2020-07-05,13:00:00,7,4,3,FMN GV 10 Beerse
39,Antwerpseweg 195,2020-07-05,14:00:00,23,20,3,FMN GV 10 Beerse
39,Antwerpseweg 195,2020-07-05,15:00:00,26,19,7,FMN GV 10 Beerse
39,Antwerpseweg 195,2020-07-05,16:00:00,20,12,8,FMN GV 10 Beerse
39,Antwerpseweg 195,2020-07-05,17:00:00,18,14,4,FMN GV 10 Beerse
39,Antwerpseweg 195,2020-07-05,18:00:00,14,9,5,FMN GV 10 Beerse
39,Antwerpseweg 195,2020-07-05,19:00:00,6,5,1,FMN GV 10 Beerse
39,Antwerpseweg 195,2020-07-05,20:00:00,7,4,3,FMN GV 10 Beerse
39,Antwerpseweg 195,2020-07-05,21:00:00,4,4,0,FMN GV 10 Beerse
39,Antwerpseweg 195,2020-07-05,22:00:00,3,3,0,FMN GV 10 Beerse
39,Antwerpseweg 195,2020-07-05,23:00:00,0,0,0,FMN GV 10 Beerse
39,Antwerpseweg 195,2020-07-06,00:00:00,0,0,0,FMN GV 10 Beerse
39,Antwerpseweg 195,2020-07-06,01:00:00,0,0,0,FMN GV 10 Beerse
39,Antwerpseweg 195,2020-07-06,02:00:00,0,0,0,FMN GV 10 Beerse
39,Antwerpseweg 195,2020-07-06,03:00:00,0,0,0,FMN GV 10 Beerse
39,Antwerpseweg 195,2020-07-06,04:00:00,0,0,0,FMN GV 10 Beerse
39,Antwerpseweg 195,2020-07-06,05:00:00,9,8,1,FMN GV 10 Beerse
39,Antwerpseweg 195,2020-07-06,06:00:00,20,18,2,FMN GV 10 Beerse
39,Antwerpseweg 195,2020-07-06,07:00:00,24,22,2,FMN GV 10 Beerse
39,Antwerpseweg 195,2020-07-06,08:00:00,21,17,4,FMN GV 10 Beerse
39,Antwerpseweg 195,2020-07-06,09:00:00,18,17,1,FMN GV 10 Beerse
39,Antwerpseweg 195,2020-07-06,10:00:00,16,9,7,FMN GV 10 Beerse
39,Antwerpseweg 195,2020-07-06,11:00:00,15,12,3,FMN GV 10 Beerse
39,Antwerpseweg 195,2020-07-06,12:00:00,18,13,5,FMN GV 10 Beerse
39,Antwerpseweg 195,2020-07-06,13:00:00,31,25,6,FMN GV 10 Beerse
39,Antwerpseweg 195,2020-07-06,14:00:00,27,18,9,FMN GV 10 Beerse
39,Antwerpseweg 195,2020-07-06,15:00:00,24,12,12,FMN GV 10 Beerse
39,Antwerpseweg 195,2020-07-06,16:00:00,27,17,10,FMN GV 10 Beerse
39,Antwerpseweg 195,2020-07-06,17:00:00,23,17,6,FMN GV 10 Beerse
39,Antwerpseweg 195,2020-07-06,18:00:00,6,4,2,FMN GV 10 Beerse
39,Antwerpseweg 195,2020-07-06,19:00:00,8,7,1,FMN GV 10 Beerse
39,Antwerpseweg 195,2020-07-06,20:00:00,14,9,5,FMN GV 10 Beerse
39,Antwerpseweg 195,2020-07-06,21:00:00,12,7,5,FMN GV 10 Beerse
39,Antwerpseweg 195,2020-07-06,22:00:00,11,7,4,FMN GV 10 Beerse
39,Antwerpseweg 195,2020-07-06,23:00:00,1,1,0,FMN GV 10 Beerse
39,Antwerpseweg 195,2020-07-07,00:00:00,0,0,0,FMN GV 10 Beerse
39,Antwerpseweg 195,2020-07-07,01:00:00,0,0,0,FMN GV 10 Beerse
39,Antwerpseweg 195,2020-07-07,02:00:00,0,0,0,FMN GV 10 Beerse
39,Antwerpseweg 195,2020-07-07,03:00:00,0,0,0,FMN GV 10 Beerse
39,Antwerpseweg 195,2020-07-07,04:00:00,0,0,0,FMN GV 10 Beerse
39,Antwerpseweg 195,2020-07-07,05:00:00,7,7,0,FMN GV 10 Beerse
39,Antwerpseweg 195,2020-07-07,06:00:00,16,15,1,FMN GV 10 Beerse
39,Antwerpseweg 195,2020-07-07,07:00:00,24,23,1,FMN GV 10 Beerse
39,Antwerpseweg 195,2020-07-07,08:00:00,15,12,3,FMN GV 10 Beerse
39,Antwerpseweg 195,2020-07-07,09:00:00,13,8,5,FMN GV 10 Beerse
39,Antwerpseweg 195,2020-07-07,10:00:00,26,15,11,FMN GV 10 Beerse
39,Antwerpseweg 195,2020-07-07,11:00:00,20,13,7,FMN GV 10 Beerse
39,Antwerpseweg 195,2020-07-07,12:00:00,41,27,14,FMN GV 10 Beerse
39,Antwerpseweg 195,2020-07-07,13:00:00,61,45,16,FMN GV 10 Beerse
39,Antwerpseweg 195,2020-07-07,14:00:00,54,34,20,FMN GV 10 Beerse
39,Antwerpseweg 195,2020-07-07,15:00:00,42,32,10,FMN GV 10 Beerse
39,Antwerpseweg 195,2020-07-07,16:00:00,52,31,21,FMN GV 10 Beerse
39,Antwerpseweg 195,2020-07-07,17:00:00,38,30,8,FMN GV 10 Beerse
39,Antwerpseweg 195,2020-07-07,18:00:00,28,18,10,FMN GV 10 Beerse
39,Antwerpseweg 195,2020-07-07,19:00:00,19,14,5,FMN GV 10 Beerse
39,Antwerpseweg 195,2020-07-07,20:00:00,19,14,5,FMN GV 10 Beerse
39,Antwerpseweg 195,2020-07-07,21:00:00,7,6,1,FMN GV 10 Beerse
39,Antwerpseweg 195,2020-07-07,22:00:00,7,5,2,FMN GV 10 Beerse
39,Antwerpseweg 195,2020-07-07,23:00:00,1,1,0,FMN GV 10 Beerse
39,Antwerpseweg 195,2020-07-08,00:00:00,1,0,1,FMN GV 10 Beerse
39,Antwerpseweg 195,2020-07-08,01:00:00,0,0,0,FMN GV 10 Beerse
39,Antwerpseweg 195,2020-07-08,02:00:00,1,1,0,FMN GV 10 Beerse
39,Antwerpseweg 195,2020-07-08,03:00:00,0,0,0,FMN GV 10 Beerse
39,Antwerpseweg 195,2020-07-08,04:00:00,0,0,0,FMN GV 10 Beerse
39,Antwerpseweg 195,2020-07-08,05:00:00,4,4,0,FMN GV 10 Beerse
39,Antwerpseweg 195,2020-07-08,06:00:00,12,9,3,FMN GV 10 Beerse
39,Antwerpseweg 195,2020-07-08,07:00:00,10,8,2,FMN GV 10 Beerse
39,Antwerpseweg 195,2020-07-08,08:00:00,7,4,3,FMN GV 10 Beerse
39,Antwerpseweg 195,2020-07-08,09:00:00,6,2,4,FMN GV 10 Beerse
39,Antwerpseweg 195,2020-07-08,10:00:00,1,1,0,FMN GV 10 Beerse
39,Antwerpseweg 195,2020-07-08,11:00:00,3,2,1,FMN GV 10 Beerse
39,Antwerpseweg 195,2020-07-08,12:00:00,8,7,1,FMN GV 10 Beerse
39,Antwerpseweg 195,2020-07-08,13:00:00,11,10,1,FMN GV 10 Beerse
39,Antwerpseweg 195,2020-07-08,14:00:00,5,4,1,FMN GV 10 Beerse
39,Antwerpseweg 195,2020-07-08,15:00:00,9,3,6,FMN GV 10 Beerse
39,Antwerpseweg 195,2020-07-08,16:00:00,10,9,1,FMN GV 10 Beerse
39,Antwerpseweg 195,2020-07-08,17:00:00,13,11,2,FMN GV 10 Beerse
39,Antwerpseweg 195,2020-07-08,18:00:00,5,5,0,FMN GV 10 Beerse
39,Antwerpseweg 195,2020-07-08,19:00:00,6,6,0,FMN GV 10 Beerse
39,Antwerpseweg 195,2020-07-08,20:00:00,4,2,2,FMN GV 10 Beerse
39,Antwerpseweg 195,2020-07-08,21:00:00,3,3,0,FMN GV 10 Beerse
39,Antwerpseweg 195,2020-07-08,22:00:00,7,5,2,FMN GV 10 Beerse
39,Antwerpseweg 195,2020-07-08,23:00:00,0,0,0,FMN GV 10 Beerse
39,Antwerpseweg 195,2020-07-09,00:00:00,1,1,0,FMN GV 10 Beerse
39,Antwerpseweg 195,2020-07-09,01:00:00,0,0,0,FMN GV 10 Beerse
39,Antwerpseweg 195,2020-07-09,02:00:00,1,1,0,FMN GV 10 Beerse
39,Antwerpseweg 195,2020-07-09,03:00:00,0,0,0,FMN GV 10 Beerse
39,Antwerpseweg 195,2020-07-09,04:00:00,1,1,0,FMN GV 10 Beerse
39,Antwerpseweg 195,2020-07-09,05:00:00,4,3,1,FMN GV 10 Beerse
39,Antwerpseweg 195,2020-07-09,06:00:00,14,14,0,FMN GV 10 Beerse
39,Antwerpseweg 195,2020-07-09,07:00:00,12,11,1,FMN GV 10 Beerse
39,Antwerpseweg 195,2020-07-09,08:00:00,14,9,5,FMN GV 10 Beerse
39,Antwerpseweg 195,2020-07-09,09:00:00,4,0,4,FMN GV 10 Beerse
39,Antwerpseweg 195,2020-07-09,10:00:00,4,2,2,FMN GV 10 Beerse
39,Antwerpseweg 195,2020-07-09,11:00:00,7,7,0,FMN GV 10 Beerse
39,Antwerpseweg 195,2020-07-09,12:00:00,5,3,2,FMN GV 10 Beerse
39,Antwerpseweg 195,2020-07-09,13:00:00,16,13,3,FMN GV 10 Beerse
39,Antwerpseweg 195,2020-07-09,14:00:00,28,21,7,FMN GV 10 Beerse
39,Antwerpseweg 195,2020-07-09,15:00:00,40,25,15,FMN GV 10 Beerse
39,Antwerpseweg 195,2020-07-09,16:00:00,32,17,15,FMN GV 10 Beerse
39,Antwerpseweg 195,2020-07-09,17:00:00,18,15,3,FMN GV 10 Beerse
39,Antwerpseweg 195,2020-07-09,18:00:00,17,12,5,FMN GV 10 Beerse
39,Antwerpseweg 195,2020-07-09,19:00:00,25,20,5,FMN GV 10 Beerse
39,Antwerpseweg 195,2020-07-09,20:00:00,8,4,4,FMN GV 10 Beerse
39,Antwerpseweg 195,2020-07-09,21:00:00,6,6,0,FMN GV 10 Beerse
39,Antwerpseweg 195,2020-07-09,22:00:00,10,7,3,FMN GV 10 Beerse
39,Antwerpseweg 195,2020-07-09,23:00:00,2,2,0,FMN GV 10 Beerse
39,Antwerpseweg 195,2020-07-10,00:00:00,0,0,0,FMN GV 10 Beerse
39,Antwerpseweg 195,2020-07-10,01:00:00,2,2,0,FMN GV 10 Beerse
39,Antwerpseweg 195,2020-07-10,02:00:00,0,0,0,FMN GV 10 Beerse
39,Antwerpseweg 195,2020-07-10,03:00:00,0,0,0,FMN GV 10 Beerse
39,Antwerpseweg 195,2020-07-10,04:00:00,1,1,0,FMN GV 10 Beerse
39,Antwerpseweg 195,2020-07-10,05:00:00,10,8,2,FMN GV 10 Beerse
39,Antwerpseweg 195,2020-07-10,06:00:00,10,9,1,FMN GV 10 Beerse
39,Antwerpseweg 195,2020-07-10,07:00:00,18,16,2,FMN GV 10 Beerse
39,Antwerpseweg 195,2020-07-10,08:00:00,3,2,1,FMN GV 10 Beerse
39,Antwerpseweg 195,2020-07-10,09:00:00,7,7,0,FMN GV 10 Beerse
39,Antwerpseweg 195,2020-07-10,10:00:00,6,5,1,FMN GV 10 Beerse
39,Antwerpseweg 195,2020-07-10,11:00:00,13,5,8,FMN GV 10 Beerse
39,Antwerpseweg 195,2020-07-10,12:00:00,14,9,5,FMN GV 10 Beerse
39,Antwerpseweg 195,2020-07-10,13:00:00,7,6,1,FMN GV 10 Beerse
39,Antwerpseweg 195,2020-07-10,14:00:00,11,6,5,FMN GV 10 Beerse
39,Antwerpseweg 195,2020-07-10,15:00:00,23,15,8,FMN GV 10 Beerse
39,Antwerpseweg 195,2020-07-10,16:00:00,12,5,7,FMN GV 10 Beerse
39,Antwerpseweg 195,2020-07-10,17:00:00,19,14,5,FMN GV 10 Beerse
39,Antwerpseweg 195,2020-07-10,18:00:00,16,12,4,FMN GV 10 Beerse
39,Antwerpseweg 195,2020-07-10,19:00:00,7,4,3,FMN GV 10 Beerse
39,Antwerpseweg 195,2020-07-10,20:00:00,18,12,6,FMN GV 10 Beerse
39,Antwerpseweg 195,2020-07-10,21:00:00,4,1,3,FMN GV 10 Beerse
39,Antwerpseweg 195,2020-07-10,22:00:00,4,4,0,FMN GV 10 Beerse
39,Antwerpseweg 195,2020-07-10,23:00:00,4,4,0,FMN GV 10 Beerse
39,Antwerpseweg 195,2020-07-11,00:00:00,6,5,1,FMN GV 10 Beerse
39,Antwerpseweg 195,2020-07-11,01:00:00,3,2,1,FMN GV 10 Beerse
39,Antwerpseweg 195,2020-07-11,02:00:00,1,1,0,FMN GV 10 Beerse
39,Antwerpseweg 195,2020-07-11,03:00:00,0,0,0,FMN GV 10 Beerse
39,Antwerpseweg 195,2020-07-11,04:00:00,1,1,0,FMN GV 10 Beerse
39,Antwerpseweg 195,2020-07-11,05:00:00,1,1,0,FMN GV 10 Beerse
39,Antwerpseweg 195,2020-07-11,06:00:00,3,3,0,FMN GV 10 Beerse
39,Antwerpseweg 195,2020-07-11,07:00:00,4,0,4,FMN GV 10 Beerse
39,Antwerpseweg 195,2020-07-11,08:00:00,9,8,1,FMN GV 10 Beerse
39,Antwerpseweg 195,2020-07-11,09:00:00,19,12,7,FMN GV 10 Beerse
39,Antwerpseweg 195,2020-07-11,10:00:00,21,14,7,FMN GV 10 Beerse
39,Antwerpseweg 195,2020-07-11,11:00:00,21,16,5,FMN GV 10 Beerse
39,Antwerpseweg 195,2020-07-11,12:00:00,30,26,4,FMN GV 10 Beerse
39,Antwerpseweg 195,2020-07-11,13:00:00,33,25,8,FMN GV 10 Beerse
39,Antwerpseweg 195,2020-07-11,14:00:00,40,31,9,FMN GV 10 Beerse
39,Antwerpseweg 195,2020-07-11,15:00:00,42,27,15,FMN GV 10 Beerse
39,Antwerpseweg 195,2020-07-11,16:00:00,36,25,11,FMN GV 10 Beerse
39,Antwerpseweg 195,2020-07-11,17:00:00,25,12,13,FMN GV 10 Beerse
39,Antwerpseweg 195,2020-07-11,18:00:00,18,12,6,FMN GV 10 Beerse
39,Antwerpseweg 195,2020-07-11,19:00:00,7,5,2,FMN GV 10 Beerse
39,Antwerpseweg 195,2020-07-11,20:00:00,11,8,3,FMN GV 10 Beerse
39,Antwerpseweg 195,2020-07-11,21:00:00,4,3,1,FMN GV 10 Beerse
39,Antwerpseweg 195,2020-07-11,22:00:00,3,2,1,FMN GV 10 Beerse
39,Antwerpseweg 195,2020-07-11,23:00:00,1,1,0,FMN GV 10 Beerse
39,Antwerpseweg 195,2020-07-12,00:00:00,1,1,0,FMN GV 10 Beerse
39,Antwerpseweg 195,2020-07-12,01:00:00,7,4,3,FMN GV 10 Beerse
39,Antwerpseweg 195,2020-07-12,02:00:00,0,0,0,FMN GV 10 Beerse
39,Antwerpseweg 195,2020-07-12,03:00:00,1,1,0,FMN GV 10 Beerse
39,Antwerpseweg 195,2020-07-12,04:00:00,1,1,0,FMN GV 10 Beerse
39,Antwerpseweg 195,2020-07-12,05:00:00,2,2,0,FMN GV 10 Beerse
39,Antwerpseweg 195,2020-07-12,06:00:00,2,2,0,FMN GV 10 Beerse
39,Antwerpseweg 195,2020-07-12,07:00:00,1,1,0,FMN GV 10 Beerse
39,Antwerpseweg 195,2020-07-12,08:00:00,25,5,20,FMN GV 10 Beerse
39,Antwerpseweg 195,2020-07-12,09:00:00,26,22,4,FMN GV 10 Beerse
39,Antwerpseweg 195,2020-07-12,10:00:00,38,16,22,FMN GV 10 Beerse
39,Antwerpseweg 195,2020-07-12,11:00:00,26,16,10,FMN GV 10 Beerse
39,Antwerpseweg 195,2020-07-12,12:00:00,37,22,15,FMN GV 10 Beerse
39,Antwerpseweg 195,2020-07-12,13:00:00,65,40,25,FMN GV 10 Beerse
39,Antwerpseweg 195,2020-07-12,14:00:00,121,70,51,FMN GV 10 Beerse
39,Antwerpseweg 195,2020-07-12,15:00:00,77,47,30,FMN GV 10 Beerse
39,Antwerpseweg 195,2020-07-12,16:00:00,84,58,26,FMN GV 10 Beerse
39,Antwerpseweg 195,2020-07-12,17:00:00,35,27,8,FMN GV 10 Beerse
39,Antwerpseweg 195,2020-07-12,18:00:00,22,9,13,FMN GV 10 Beerse
39,Antwerpseweg 195,2020-07-12,19:00:00,23,10,13,FMN GV 10 Beerse
39,Antwerpseweg 195,2020-07-12,20:00:00,17,13,4,FMN GV 10 Beerse
39,Antwerpseweg 195,2020-07-12,21:00:00,9,6,3,FMN GV 10 Beerse
39,Antwerpseweg 195,2020-07-12,22:00:00,6,3,3,FMN GV 10 Beerse
39,Antwerpseweg 195,2020-07-12,23:00:00,3,2,1,FMN GV 10 Beerse
39,Antwerpseweg 195,2020-07-13,00:00:00,1,1,0,FMN GV 10 Beerse
39,Antwerpseweg 195,2020-07-13,01:00:00,0,0,0,FMN GV 10 Beerse
39,Antwerpseweg 195,2020-07-13,02:00:00,0,0,0,FMN GV 10 Beerse
39,Antwerpseweg 195,2020-07-13,03:00:00,0,0,0,FMN GV 10 Beerse
39,Antwerpseweg 195,2020-07-13,04:00:00,0,0,0,FMN GV 10 Beerse
39,Antwerpseweg 195,2020-07-13,05:00:00,5,4,1,FMN GV 10 Beerse
39,Antwerpseweg 195,2020-07-13,06:00:00,18,17,1,FMN GV 10 Beerse
39,Antwerpseweg 195,2020-07-13,07:00:00,27,25,2,FMN GV 10 Beerse
39,Antwerpseweg 195,2020-07-13,08:00:00,21,17,4,FMN GV 10 Beerse
39,Antwerpseweg 195,2020-07-13,09:00:00,17,13,4,FMN GV 10 Beerse
39,Antwerpseweg 195,2020-07-13,10:00:00,13,8,5,FMN GV 10 Beerse
39,Antwerpseweg 195,2020-07-13,11:00:00,31,21,10,FMN GV 10 Beerse
39,Antwerpseweg 195,2020-07-13,12:00:00,28,20,8,FMN GV 10 Beerse
39,Antwerpseweg 195,2020-07-13,13:00:00,26,21,5,FMN GV 10 Beerse
39,Antwerpseweg 195,2020-07-13,14:00:00,47,32,15,FMN GV 10 Beerse
39,Antwerpseweg 195,2020-07-13,15:00:00,48,23,25,FMN GV 10 Beerse
39,Antwerpseweg 195,2020-07-13,16:00:00,84,51,33,FMN GV 10 Beerse
39,Antwerpseweg 195,2020-07-13,17:00:00,57,43,14,FMN GV 10 Beerse
39,Antwerpseweg 195,2020-07-13,18:00:00,27,17,10,FMN GV 10 Beerse
39,Antwerpseweg 195,2020-07-13,19:00:00,16,12,4,FMN GV 10 Beerse
39,Antwerpseweg 195,2020-07-13,20:00:00,19,16,3,FMN GV 10 Beerse
39,Antwerpseweg 195,2020-07-13,21:00:00,12,7,5,FMN GV 10 Beerse
39,Antwerpseweg 195,2020-07-13,22:00:00,11,8,3,FMN GV 10 Beerse
39,Antwerpseweg 195,2020-07-13,23:00:00,0,0,0,FMN GV 10 Beerse
39,Antwerpseweg 195,2020-07-14,00:00:00,0,0,0,FMN GV 10 Beerse
39,Antwerpseweg 195,2020-07-14,01:00:00,1,1,0,FMN GV 10 Beerse
39,Antwerpseweg 195,2020-07-14,02:00:00,0,0,0,FMN GV 10 Beerse
39,Antwerpseweg 195,2020-07-14,03:00:00,1,1,0,FMN GV 10 Beerse
39,Antwerpseweg 195,2020-07-14,04:00:00,0,0,0,FMN GV 10 Beerse
39,Antwerpseweg 195,2020-07-14,05:00:00,6,5,1,FMN GV 10 Beerse
39,Antwerpseweg 195,2020-07-14,06:00:00,9,8,1,FMN GV 10 Beerse
39,Antwerpseweg 195,2020-07-14,07:00:00,16,15,1,FMN GV 10 Beerse
39,Antwerpseweg 195,2020-07-14,08:00:00,12,8,4,FMN GV 10 Beerse
39,Antwerpseweg 195,2020-07-14,09:00:00,10,9,1,FMN GV 10 Beerse
39,Antwerpseweg 195,2020-07-14,10:00:00,7,5,2,FMN GV 10 Beerse
39,Antwerpseweg 195,2020-07-14,11:00:00,5,3,2,FMN GV 10 Beerse
39,Antwerpseweg 195,2020-07-14,12:00:00,6,2,4,FMN GV 10 Beerse
39,Antwerpseweg 195,2020-07-14,13:00:00,13,10,3,FMN GV 10 Beerse
39,Antwerpseweg 195,2020-07-14,14:00:00,15,15,0,FMN GV 10 Beerse
39,Antwerpseweg 195,2020-07-14,15:00:00,8,7,1,FMN GV 10 Beerse
39,Antwerpseweg 195,2020-07-14,16:00:00,11,6,5,FMN GV 10 Beerse
39,Antwerpseweg 195,2020-07-14,17:00:00,16,11,5,FMN GV 10 Beerse
39,Antwerpseweg 195,2020-07-14,18:00:00,9,6,3,FMN GV 10 Beerse
39,Antwerpseweg 195,2020-07-14,19:00:00,6,4,2,FMN GV 10 Beerse
39,Antwerpseweg 195,2020-07-14,20:00:00,4,2,2,FMN GV 10 Beerse
39,Antwerpseweg 195,2020-07-14,21:00:00,5,4,1,FMN GV 10 Beerse
39,Antwerpseweg 195,2020-07-14,22:00:00,3,3,0,FMN GV 10 Beerse
39,Antwerpseweg 195,2020-07-14,23:00:00,1,0,1,FMN GV 10 Beerse
39,Antwerpseweg 195,2020-07-15,00:00:00,0,0,0,FMN GV 10 Beerse
39,Antwerpseweg 195,2020-07-15,01:00:00,1,1,0,FMN GV 10 Beerse
39,Antwerpseweg 195,2020-07-15,02:00:00,1,1,0,FMN GV 10 Beerse
39,Antwerpseweg 195,2020-07-15,03:00:00,1,1,0,FMN GV 10 Beerse
39,Antwerpseweg 195,2020-07-15,04:00:00,0,0,0,FMN GV 10 Beerse
39,Antwerpseweg 195,2020-07-15,05:00:00,9,7,2,FMN GV 10 Beerse
39,Antwerpseweg 195,2020-07-15,06:00:00,14,14,0,FMN GV 10 Beerse
39,Antwerpseweg 195,2020-07-15,07:00:00,16,11,5,FMN GV 10 Beerse
39,Antwerpseweg 195,2020-07-15,08:00:00,16,13,3,FMN GV 10 Beerse
39,Antwerpseweg 195,2020-07-15,09:00:00,9,7,2,FMN GV 10 Beerse
39,Antwerpseweg 195,2020-07-15,10:00:00,18,10,8,FMN GV 10 Beerse
39,Antwerpseweg 195,2020-07-15,11:00:00,21,12,9,FMN GV 10 Beerse
39,Antwerpseweg 195,2020-07-15,12:00:00,20,15,5,FMN GV 10 Beerse
39,Antwerpseweg 195,2020-07-15,13:00:00,21,15,6,FMN GV 10 Beerse
39,Antwerpseweg 195,2020-07-15,14:00:00,55,35,20,FMN GV 10 Beerse
39,Antwerpseweg 195,2020-07-15,15:00:00,43,22,21,FMN GV 10 Beerse
39,Antwerpseweg 195,2020-07-15,16:00:00,60,41,19,FMN GV 10 Beerse
39,Antwerpseweg 195,2020-07-15,17:00:00,33,24,9,FMN GV 10 Beerse
39,Antwerpseweg 195,2020-07-15,18:00:00,15,8,7,FMN GV 10 Beerse
39,Antwerpseweg 195,2020-07-15,19:00:00,15,6,9,FMN GV 10 Beerse
39,Antwerpseweg 195,2020-07-15,20:00:00,8,7,1,FMN GV 10 Beerse
39,Antwerpseweg 195,2020-07-15,21:00:00,3,3,0,FMN GV 10 Beerse
39,Antwerpseweg 195,2020-07-15,22:00:00,10,9,1,FMN GV 10 Beerse
39,Antwerpseweg 195,2020-07-15,23:00:00,0,0,0,FMN GV 10 Beerse
39,Antwerpseweg 195,2020-07-16,00:00:00,0,0,0,FMN GV 10 Beerse
39,Antwerpseweg 195,2020-07-16,01:00:00,0,0,0,FMN GV 10 Beerse
39,Antwerpseweg 195,2020-07-16,02:00:00,0,0,0,FMN GV 10 Beerse
39,Antwerpseweg 195,2020-07-16,03:00:00,0,0,0,FMN GV 10 Beerse
39,Antwerpseweg 195,2020-07-16,04:00:00,0,0,0,FMN GV 10 Beerse
39,Antwerpseweg 195,2020-07-16,05:00:00,6,6,0,FMN GV 10 Beerse
39,Antwerpseweg 195,2020-07-16,06:00:00,8,8,0,FMN GV 10 Beerse
39,Antwerpseweg 195,2020-07-16,07:00:00,17,14,3,FMN GV 10 Beerse
39,Antwerpseweg 195,2020-07-16,08:00:00,8,7,1,FMN GV 10 Beerse
39,Antwerpseweg 195,2020-07-16,09:00:00,3,3,0,FMN GV 10 Beerse
39,Antwerpseweg 195,2020-07-16,10:00:00,1,0,1,FMN GV 10 Beerse
39,Antwerpseweg 195,2020-07-16,11:00:00,5,5,0,FMN GV 10 Beerse
39,Antwerpseweg 195,2020-07-16,12:00:00,8,5,3,FMN GV 10 Beerse
39,Antwerpseweg 195,2020-07-16,13:00:00,16,13,3,FMN GV 10 Beerse
39,Antwerpseweg 195,2020-07-16,14:00:00,19,12,7,FMN GV 10 Beerse
39,Antwerpseweg 195,2020-07-16,15:00:00,13,9,4,FMN GV 10 Beerse
39,Antwerpseweg 195,2020-07-16,16:00:00,6,5,1,FMN GV 10 Beerse
39,Antwerpseweg 195,2020-07-16,17:00:00,19,11,8,FMN GV 10 Beerse
39,Antwerpseweg 195,2020-07-16,18:00:00,12,9,3,FMN GV 10 Beerse
39,Antwerpseweg 195,2020-07-16,19:00:00,4,4,0,FMN GV 10 Beerse
39,Antwerpseweg 195,2020-07-16,20:00:00,5,2,3,FMN GV 10 Beerse
39,Antwerpseweg 195,2020-07-16,21:00:00,12,5,7,FMN GV 10 Beerse
39,Antwerpseweg 195,2020-07-16,22:00:00,4,4,0,FMN GV 10 Beerse
39,Antwerpseweg 195,2020-07-16,23:00:00,0,0,0,FMN GV 10 Beerse
39,Antwerpseweg 195,2020-07-17,00:00:00,0,0,0,FMN GV 10 Beerse
39,Antwerpseweg 195,2020-07-17,01:00:00,0,0,0,FMN GV 10 Beerse
39,Antwerpseweg 195,2020-07-17,02:00:00,1,1,0,FMN GV 10 Beerse
39,Antwerpseweg 195,2020-07-17,03:00:00,0,0,0,FMN GV 10 Beerse
39,Antwerpseweg 195,2020-07-17,04:00:00,0,0,0,FMN GV 10 Beerse
39,Antwerpseweg 195,2020-07-17,05:00:00,10,9,1,FMN GV 10 Beerse
39,Antwerpseweg 195,2020-07-17,06:00:00,11,11,0,FMN GV 10 Beerse
39,Antwerpseweg 195,2020-07-17,07:00:00,15,10,5,FMN GV 10 Beerse
39,Antwerpseweg 195,2020-07-17,08:00:00,17,12,5,FMN GV 10 Beerse
39,Antwerpseweg 195,2020-07-17,09:00:00,10,6,4,FMN GV 10 Beerse
39,Antwerpseweg 195,2020-07-17,10:00:00,6,3,3,FMN GV 10 Beerse
39,Antwerpseweg 195,2020-07-17,11:00:00,21,14,7,FMN GV 10 Beerse
39,Antwerpseweg 195,2020-07-17,12:00:00,26,17,9,FMN GV 10 Beerse
39,Antwerpseweg 195,2020-07-17,13:00:00,44,24,20,FMN GV 10 Beerse
39,Antwerpseweg 195,2020-07-17,14:00:00,36,22,14,FMN GV 10 Beerse
39,Antwerpseweg 195,2020-07-17,15:00:00,46,24,22,FMN GV 10 Beerse
39,Antwerpseweg 195,2020-07-17,16:00:00,45,31,14,FMN GV 10 Beerse
39,Antwerpseweg 195,2020-07-17,17:00:00,35,24,11,FMN GV 10 Beerse
39,Antwerpseweg 195,2020-07-17,18:00:00,14,5,9,FMN GV 10 Beerse
39,Antwerpseweg 195,2020-07-17,19:00:00,20,16,4,FMN GV 10 Beerse
39,Antwerpseweg 195,2020-07-17,20:00:00,12,7,5,FMN GV 10 Beerse
39,Antwerpseweg 195,2020-07-17,21:00:00,7,3,4,FMN GV 10 Beerse
39,Antwerpseweg 195,2020-07-17,22:00:00,10,7,3,FMN GV 10 Beerse
39,Antwerpseweg 195,2020-07-17,23:00:00,2,2,0,FMN GV 10 Beerse
39,Antwerpseweg 195,2020-07-18,00:00:00,3,0,3,FMN GV 10 Beerse
39,Antwerpseweg 195,2020-07-18,01:00:00,4,3,1,FMN GV 10 Beerse
39,Antwerpseweg 195,2020-07-18,02:00:00,5,4,1,FMN GV 10 Beerse
39,Antwerpseweg 195,2020-07-18,03:00:00,0,0,0,FMN GV 10 Beerse
39,Antwerpseweg 195,2020-07-18,04:00:00,1,1,0,FMN GV 10 Beerse
39,Antwerpseweg 195,2020-07-18,05:00:00,2,2,0,FMN GV 10 Beerse
39,Antwerpseweg 195,2020-07-18,06:00:00,3,3,0,FMN GV 10 Beerse
39,Antwerpseweg 195,2020-07-18,07:00:00,4,3,1,FMN GV 10 Beerse
39,Antwerpseweg 195,2020-07-18,08:00:00,12,3,9,FMN GV 10 Beerse
39,Antwerpseweg 195,2020-07-18,09:00:00,17,14,3,FMN GV 10 Beerse
39,Antwerpseweg 195,2020-07-18,10:00:00,14,12,2,FMN GV 10 Beerse
39,Antwerpseweg 195,2020-07-18,11:00:00,28,12,16,FMN GV 10 Beerse
39,Antwerpseweg 195,2020-07-18,12:00:00,40,29,11,FMN GV 10 Beerse
39,Antwerpseweg 195,2020-07-18,13:00:00,73,43,30,FMN GV 10 Beerse
39,Antwerpseweg 195,2020-07-18,14:00:00,61,41,20,FMN GV 10 Beerse
39,Antwerpseweg 195,2020-07-18,15:00:00,68,39,29,FMN GV 10 Beerse
39,Antwerpseweg 195,2020-07-18,16:00:00,47,26,21,FMN GV 10 Beerse
39,Antwerpseweg 195,2020-07-18,17:00:00,37,26,11,FMN GV 10 Beerse
39,Antwerpseweg 195,2020-07-18,18:00:00,28,18,10,FMN GV 10 Beerse
39,Antwerpseweg 195,2020-07-18,19:00:00,26,14,12,FMN GV 10 Beerse
39,Antwerpseweg 195,2020-07-18,20:00:00,10,7,3,FMN GV 10 Beerse
39,Antwerpseweg 195,2020-07-18,21:00:00,15,13,2,FMN GV 10 Beerse
39,Antwerpseweg 195,2020-07-18,22:00:00,7,3,4,FMN GV 10 Beerse
39,Antwerpseweg 195,2020-07-18,23:00:00,4,1,3,FMN GV 10 Beerse
39,Antwerpseweg 195,2020-07-19,00:00:00,1,1,0,FMN GV 10 Beerse
39,Antwerpseweg 195,2020-07-19,01:00:00,3,3,0,FMN GV 10 Beerse
39,Antwerpseweg 195,2020-07-19,02:00:00,1,0,1,FMN GV 10 Beerse
39,Antwerpseweg 195,2020-07-19,03:00:00,1,1,0,FMN GV 10 Beerse
39,Antwerpseweg 195,2020-07-19,04:00:00,1,1,0,FMN GV 10 Beerse
39,Antwerpseweg 195,2020-07-19,05:00:00,1,0,1,FMN GV 10 Beerse
39,Antwerpseweg 195,2020-07-19,06:00:00,1,1,0,FMN GV 10 Beerse
39,Antwerpseweg 195,2020-07-19,07:00:00,4,3,1,FMN GV 10 Beerse
39,Antwerpseweg 195,2020-07-19,08:00:00,2,1,1,FMN GV 10 Beerse
39,Antwerpseweg 195,2020-07-19,09:00:00,17,10,7,FMN GV 10 Beerse
39,Antwerpseweg 195,2020-07-19,10:00:00,59,46,13,FMN GV 10 Beerse
39,Antwerpseweg 195,2020-07-19,11:00:00,44,18,26,FMN GV 10 Beerse
39,Antwerpseweg 195,2020-07-19,12:00:00,34,22,12,FMN GV 10 Beerse
39,Antwerpseweg 195,2020-07-19,13:00:00,36,27,9,FMN GV 10 Beerse
39,Antwerpseweg 195,2020-07-19,14:00:00,91,56,35,FMN GV 10 Beerse
39,Antwerpseweg 195,2020-07-19,15:00:00,89,45,44,FMN GV 10 Beerse
39,Antwerpseweg 195,2020-07-19,16:00:00,53,37,16,FMN GV 10 Beerse
39,Antwerpseweg 195,2020-07-19,17:00:00,56,35,21,FMN GV 10 Beerse
39,Antwerpseweg 195,2020-07-19,18:00:00,24,16,8,FMN GV 10 Beerse
39,Antwerpseweg 195,2020-07-19,19:00:00,26,17,9,FMN GV 10 Beerse
39,Antwerpseweg 195,2020-07-19,20:00:00,17,11,6,FMN GV 10 Beerse
39,Antwerpseweg 195,2020-07-19,21:00:00,6,4,2,FMN GV 10 Beerse
39,Antwerpseweg 195,2020-07-19,22:00:00,3,2,1,FMN GV 10 Beerse
39,Antwerpseweg 195,2020-07-19,23:00:00,1,1,0,FMN GV 10 Beerse
39,Antwerpseweg 195,2020-07-20,00:00:00,0,0,0,FMN GV 10 Beerse
39,Antwerpseweg 195,2020-07-20,01:00:00,0,0,0,FMN GV 10 Beerse
39,Antwerpseweg 195,2020-07-20,02:00:00,0,0,0,FMN GV 10 Beerse
39,Antwerpseweg 195,2020-07-20,03:00:00,0,0,0,FMN GV 10 Beerse
39,Antwerpseweg 195,2020-07-20,04:00:00,1,1,0,FMN GV 10 Beerse
39,Antwerpseweg 195,2020-07-20,05:00:00,6,5,1,FMN GV 10 Beerse
39,Antwerpseweg 195,2020-07-20,06:00:00,5,5,0,FMN GV 10 Beerse
39,Antwerpseweg 195,2020-07-20,07:00:00,12,12,0,FMN GV 10 Beerse
39,Antwerpseweg 195,2020-07-20,08:00:00,12,9,3,FMN GV 10 Beerse
39,Antwerpseweg 195,2020-07-20,09:00:00,8,8,0,FMN GV 10 Beerse
39,Antwerpseweg 195,2020-07-20,10:00:00,16,13,3,FMN GV 10 Beerse
39,Antwerpseweg 195,2020-07-20,11:00:00,9,5,4,FMN GV 10 Beerse
39,Antwerpseweg 195,2020-07-20,12:00:00,19,14,5,FMN GV 10 Beerse
39,Antwerpseweg 195,2020-07-20,13:00:00,31,25,6,FMN GV 10 Beerse
39,Antwerpseweg 195,2020-07-20,14:00:00,53,33,20,FMN GV 10 Beerse
39,Antwerpseweg 195,2020-07-20,15:00:00,46,28,18,FMN GV 10 Beerse
39,Antwerpseweg 195,2020-07-20,16:00:00,31,17,14,FMN GV 10 Beerse
39,Antwerpseweg 195,2020-07-20,17:00:00,33,25,8,FMN GV 10 Beerse
39,Antwerpseweg 195,2020-07-20,18:00:00,17,12,5,FMN GV 10 Beerse
39,Antwerpseweg 195,2020-07-20,19:00:00,20,12,8,FMN GV 10 Beerse
39,Antwerpseweg 195,2020-07-20,20:00:00,13,8,5,FMN GV 10 Beerse
39,Antwerpseweg 195,2020-07-20,21:00:00,4,4,0,FMN GV 10 Beerse
39,Antwerpseweg 195,2020-07-20,22:00:00,8,2,6,FMN GV 10 Beerse
39,Antwerpseweg 195,2020-07-20,23:00:00,0,0,0,FMN GV 10 Beerse
39,Antwerpseweg 195,2020-07-21,00:00:00,2,2,0,FMN GV 10 Beerse
39,Antwerpseweg 195,2020-07-21,01:00:00,3,2,1,FMN GV 10 Beerse
39,Antwerpseweg 195,2020-07-21,02:00:00,1,1,0,FMN GV 10 Beerse
39,Antwerpseweg 195,2020-07-21,03:00:00,0,0,0,FMN GV 10 Beerse
39,Antwerpseweg 195,2020-07-21,04:00:00,0,0,0,FMN GV 10 Beerse
39,Antwerpseweg 195,2020-07-21,05:00:00,1,1,0,FMN GV 10 Beerse
39,Antwerpseweg 195,2020-07-21,06:00:00,0,0,0,FMN GV 10 Beerse
39,Antwerpseweg 195,2020-07-21,07:00:00,3,2,1,FMN GV 10 Beerse
39,Antwerpseweg 195,2020-07-21,08:00:00,13,8,5,FMN GV 10 Beerse
39,Antwerpseweg 195,2020-07-21,09:00:00,24,18,6,FMN GV 10 Beerse
39,Antwerpseweg 195,2020-07-21,10:00:00,28,21,7,FMN GV 10 Beerse
39,Antwerpseweg 195,2020-07-21,11:00:00,45,28,17,FMN GV 10 Beerse
39,Antwerpseweg 195,2020-07-21,12:00:00,40,30,10,FMN GV 10 Beerse
39,Antwerpseweg 195,2020-07-21,13:00:00,60,36,24,FMN GV 10 Beerse
39,Antwerpseweg 195,2020-07-21,14:00:00,74,47,27,FMN GV 10 Beerse
39,Antwerpseweg 195,2020-07-21,15:00:00,93,61,32,FMN GV 10 Beerse
39,Antwerpseweg 195,2020-07-21,16:00:00,71,46,25,FMN GV 10 Beerse
39,Antwerpseweg 195,2020-07-21,17:00:00,65,47,18,FMN GV 10 Beerse
39,Antwerpseweg 195,2020-07-21,18:00:00,27,23,4,FMN GV 10 Beerse
39,Antwerpseweg 195,2020-07-21,19:00:00,21,13,8,FMN GV 10 Beerse
39,Antwerpseweg 195,2020-07-21,20:00:00,8,5,3,FMN GV 10 Beerse
39,Antwerpseweg 195,2020-07-21,21:00:00,7,4,3,FMN GV 10 Beerse
39,Antwerpseweg 195,2020-07-21,22:00:00,14,2,12,FMN GV 10 Beerse
39,Antwerpseweg 195,2020-07-21,23:00:00,3,3,0,FMN GV 10 Beerse
39,Antwerpseweg 195,2020-07-22,00:00:00,0,0,0,FMN GV 10 Beerse
39,Antwerpseweg 195,2020-07-22,01:00:00,0,0,0,FMN GV 10 Beerse
39,Antwerpseweg 195,2020-07-22,02:00:00,0,0,0,FMN GV 10 Beerse
39,Antwerpseweg 195,2020-07-22,03:00:00,0,0,0,FMN GV 10 Beerse
39,Antwerpseweg 195,2020-07-22,04:00:00,0,0,0,FMN GV 10 Beerse
39,Antwerpseweg 195,2020-07-22,05:00:00,10,9,1,FMN GV 10 Beerse
39,Antwerpseweg 195,2020-07-22,06:00:00,19,18,1,FMN GV 10 Beerse
39,Antwerpseweg 195,2020-07-22,07:00:00,16,15,1,FMN GV 10 Beerse
39,Antwerpseweg 195,2020-07-22,08:00:00,25,18,7,FMN GV 10 Beerse
39,Antwerpseweg 195,2020-07-22,09:00:00,13,11,2,FMN GV 10 Beerse
39,Antwerpseweg 195,2020-07-22,10:00:00,16,12,4,FMN GV 10 Beerse
39,Antwerpseweg 195,2020-07-22,11:00:00,37,24,13,FMN GV 10 Beerse
39,Antwerpseweg 195,2020-07-22,12:00:00,34,25,9,FMN GV 10 Beerse
39,Antwerpseweg 195,2020-07-22,13:00:00,36,16,20,FMN GV 10 Beerse
39,Antwerpseweg 195,2020-07-22,14:00:00,42,28,14,FMN GV 10 Beerse
39,Antwerpseweg 195,2020-07-22,15:00:00,32,15,17,FMN GV 10 Beerse
39,Antwerpseweg 195,2020-07-22,16:00:00,42,24,18,FMN GV 10 Beerse
39,Antwerpseweg 195,2020-07-22,17:00:00,42,25,17,FMN GV 10 Beerse
39,Antwerpseweg 195,2020-07-22,18:00:00,30,16,14,FMN GV 10 Beerse
39,Antwerpseweg 195,2020-07-22,19:00:00,34,22,12,FMN GV 10 Beerse
39,Antwerpseweg 195,2020-07-22,20:00:00,11,5,6,FMN GV 10 Beerse
39,Antwerpseweg 195,2020-07-22,21:00:00,7,6,1,FMN GV 10 Beerse
39,Antwerpseweg 195,2020-07-22,22:00:00,8,6,2,FMN GV 10 Beerse
39,Antwerpseweg 195,2020-07-22,23:00:00,2,1,1,FMN GV 10 Beerse
39,Antwerpseweg 195,2020-07-23,00:00:00,4,4,0,FMN GV 10 Beerse
39,Antwerpseweg 195,2020-07-23,01:00:00,1,1,0,FMN GV 10 Beerse
39,Antwerpseweg 195,2020-07-23,02:00:00,2,2,0,FMN GV 10 Beerse
39,Antwerpseweg 195,2020-07-23,03:00:00,0,0,0,FMN GV 10 Beerse
39,Antwerpseweg 195,2020-07-23,04:00:00,1,1,0,FMN GV 10 Beerse
39,Antwerpseweg 195,2020-07-23,05:00:00,7,6,1,FMN GV 10 Beerse
39,Antwerpseweg 195,2020-07-23,06:00:00,14,13,1,FMN GV 10 Beerse
39,Antwerpseweg 195,2020-07-23,07:00:00,21,20,1,FMN GV 10 Beerse
39,Antwerpseweg 195,2020-07-23,08:00:00,21,10,11,FMN GV 10 Beerse
39,Antwerpseweg 195,2020-07-23,09:00:00,7,6,1,FMN GV 10 Beerse
39,Antwerpseweg 195,2020-07-23,10:00:00,28,19,9,FMN GV 10 Beerse
39,Antwerpseweg 195,2020-07-23,11:00:00,34,19,15,FMN GV 10 Beerse
39,Antwerpseweg 195,2020-07-23,12:00:00,41,35,6,FMN GV 10 Beerse
39,Antwerpseweg 195,2020-07-23,13:00:00,61,28,33,FMN GV 10 Beerse
39,Antwerpseweg 195,2020-07-23,14:00:00,55,45,10,FMN GV 10 Beerse
39,Antwerpseweg 195,2020-07-23,15:00:00,54,41,13,FMN GV 10 Beerse
39,Antwerpseweg 195,2020-07-23,16:00:00,52,35,17,FMN GV 10 Beerse
39,Antwerpseweg 195,2020-07-23,17:00:00,47,40,7,FMN GV 10 Beerse
39,Antwerpseweg 195,2020-07-23,18:00:00,41,31,10,FMN GV 10 Beerse
39,Antwerpseweg 195,2020-07-23,19:00:00,27,16,11,FMN GV 10 Beerse
39,Antwerpseweg 195,2020-07-23,20:00:00,12,7,5,FMN GV 10 Beerse
39,Antwerpseweg 195,2020-07-23,21:00:00,12,8,4,FMN GV 10 Beerse
39,Antwerpseweg 195,2020-07-23,22:00:00,12,10,2,FMN GV 10 Beerse
39,Antwerpseweg 195,2020-07-23,23:00:00,4,1,3,FMN GV 10 Beerse
39,Antwerpseweg 195,2020-07-24,00:00:00,0,0,0,FMN GV 10 Beerse
39,Antwerpseweg 195,2020-07-24,01:00:00,1,1,0,FMN GV 10 Beerse
39,Antwerpseweg 195,2020-07-24,02:00:00,0,0,0,FMN GV 10 Beerse
39,Antwerpseweg 195,2020-07-24,03:00:00,0,0,0,FMN GV 10 Beerse
39,Antwerpseweg 195,2020-07-24,04:00:00,0,0,0,FMN GV 10 Beerse
39,Antwerpseweg 195,2020-07-24,05:00:00,7,6,1,FMN GV 10 Beerse
39,Antwerpseweg 195,2020-07-24,06:00:00,9,9,0,FMN GV 10 Beerse
39,Antwerpseweg 195,2020-07-24,07:00:00,12,11,1,FMN GV 10 Beerse
39,Antwerpseweg 195,2020-07-24,08:00:00,12,9,3,FMN GV 10 Beerse
39,Antwerpseweg 195,2020-07-24,09:00:00,3,2,1,FMN GV 10 Beerse
39,Antwerpseweg 195,2020-07-24,10:00:00,32,30,2,FMN GV 10 Beerse
39,Antwerpseweg 195,2020-07-24,11:00:00,20,14,6,FMN GV 10 Beerse
39,Antwerpseweg 195,2020-07-24,12:00:00,27,22,5,FMN GV 10 Beerse
39,Antwerpseweg 195,2020-07-24,13:00:00,14,12,2,FMN GV 10 Beerse
39,Antwerpseweg 195,2020-07-24,14:00:00,20,13,7,FMN GV 10 Beerse
39,Antwerpseweg 195,2020-07-24,15:00:00,31,21,10,FMN GV 10 Beerse
39,Antwerpseweg 195,2020-07-24,16:00:00,26,13,13,FMN GV 10 Beerse
39,Antwerpseweg 195,2020-07-24,17:00:00,15,9,6,FMN GV 10 Beerse
39,Antwerpseweg 195,2020-07-24,18:00:00,11,8,3,FMN GV 10 Beerse
39,Antwerpseweg 195,2020-07-24,19:00:00,11,6,5,FMN GV 10 Beerse
39,Antwerpseweg 195,2020-07-24,20:00:00,12,10,2,FMN GV 10 Beerse
39,Antwerpseweg 195,2020-07-24,21:00:00,8,4,4,FMN GV 10 Beerse
39,Antwerpseweg 195,2020-07-24,22:00:00,9,7,2,FMN GV 10 Beerse
39,Antwerpseweg 195,2020-07-24,23:00:00,2,2,0,FMN GV 10 Beerse
39,Antwerpseweg 195,2020-07-25,00:00:00,0,0,0,FMN GV 10 Beerse
39,Antwerpseweg 195,2020-07-25,01:00:00,3,2,1,FMN GV 10 Beerse
39,Antwerpseweg 195,2020-07-25,02:00:00,5,4,1,FMN GV 10 Beerse
39,Antwerpseweg 195,2020-07-25,03:00:00,3,1,2,FMN GV 10 Beerse
39,Antwerpseweg 195,2020-07-25,04:00:00,0,0,0,FMN GV 10 Beerse
39,Antwerpseweg 195,2020-07-25,05:00:00,2,2,0,FMN GV 10 Beerse
39,Antwerpseweg 195,2020-07-25,06:00:00,1,1,0,FMN GV 10 Beerse
39,Antwerpseweg 195,2020-07-25,07:00:00,3,2,1,FMN GV 10 Beerse
39,Antwerpseweg 195,2020-07-25,08:00:00,6,4,2,FMN GV 10 Beerse
39,Antwerpseweg 195,2020-07-25,09:00:00,18,11,7,FMN GV 10 Beerse
39,Antwerpseweg 195,2020-07-25,10:00:00,16,13,3,FMN GV 10 Beerse
39,Antwerpseweg 195,2020-07-25,11:00:00,8,6,2,FMN GV 10 Beerse
39,Antwerpseweg 195,2020-07-25,12:00:00,11,7,4,FMN GV 10 Beerse
39,Antwerpseweg 195,2020-07-25,13:00:00,9,5,4,FMN GV 10 Beerse
39,Antwerpseweg 195,2020-07-25,14:00:00,17,12,5,FMN GV 10 Beerse
39,Antwerpseweg 195,2020-07-25,15:00:00,26,16,10,FMN GV 10 Beerse
39,Antwerpseweg 195,2020-07-25,16:00:00,21,13,8,FMN GV 10 Beerse
39,Antwerpseweg 195,2020-07-25,17:00:00,18,10,8,FMN GV 10 Beerse
39,Antwerpseweg 195,2020-07-25,18:00:00,11,8,3,FMN GV 10 Beerse
39,Antwerpseweg 195,2020-07-25,19:00:00,15,13,2,FMN GV 10 Beerse
39,Antwerpseweg 195,2020-07-25,20:00:00,6,4,2,FMN GV 10 Beerse
39,Antwerpseweg 195,2020-07-25,21:00:00,3,2,1,FMN GV 10 Beerse
39,Antwerpseweg 195,2020-07-25,22:00:00,6,6,0,FMN GV 10 Beerse
39,Antwerpseweg 195,2020-07-25,23:00:00,4,3,1,FMN GV 10 Beerse
39,Antwerpseweg 195,2020-07-26,00:00:00,0,0,0,FMN GV 10 Beerse
39,Antwerpseweg 195,2020-07-26,01:00:00,5,2,3,FMN GV 10 Beerse
39,Antwerpseweg 195,2020-07-26,02:00:00,0,0,0,FMN GV 10 Beerse
39,Antwerpseweg 195,2020-07-26,03:00:00,1,1,0,FMN GV 10 Beerse
39,Antwerpseweg 195,2020-07-26,04:00:00,0,0,0,FMN GV 10 Beerse
39,Antwerpseweg 195,2020-07-26,05:00:00,1,1,0,FMN GV 10 Beerse
39,Antwerpseweg 195,2020-07-26,06:00:00,2,2,0,FMN GV 10 Beerse
39,Antwerpseweg 195,2020-07-26,07:00:00,1,1,0,FMN GV 10 Beerse
39,Antwerpseweg 195,2020-07-26,08:00:00,17,8,9,FMN GV 10 Beerse
39,Antwerpseweg 195,2020-07-26,09:00:00,22,9,13,FMN GV 10 Beerse
39,Antwerpseweg 195,2020-07-26,10:00:00,25,15,10,FMN GV 10 Beerse
39,Antwerpseweg 195,2020-07-26,11:00:00,53,24,29,FMN GV 10 Beerse
39,Antwerpseweg 195,2020-07-26,12:00:00,34,25,9,FMN GV 10 Beerse
39,Antwerpseweg 195,2020-07-26,13:00:00,35,27,8,FMN GV 10 Beerse
39,Antwerpseweg 195,2020-07-26,14:00:00,72,49,23,FMN GV 10 Beerse
39,Antwerpseweg 195,2020-07-26,15:00:00,75,41,34,FMN GV 10 Beerse
39,Antwerpseweg 195,2020-07-26,16:00:00,48,38,10,FMN GV 10 Beerse
39,Antwerpseweg 195,2020-07-26,17:00:00,46,28,18,FMN GV 10 Beerse
39,Antwerpseweg 195,2020-07-26,18:00:00,44,20,24,FMN GV 10 Beerse
39,Antwerpseweg 195,2020-07-26,19:00:00,12,9,3,FMN GV 10 Beerse
39,Antwerpseweg 195,2020-07-26,20:00:00,7,5,2,FMN GV 10 Beerse
39,Antwerpseweg 195,2020-07-26,21:00:00,12,5,7,FMN GV 10 Beerse
39,Antwerpseweg 195,2020-07-26,22:00:00,4,4,0,FMN GV 10 Beerse
39,Antwerpseweg 195,2020-07-26,23:00:00,2,2,0,FMN GV 10 Beerse
39,Antwerpseweg 195,2020-07-27,00:00:00,0,0,0,FMN GV 10 Beerse
39,Antwerpseweg 195,2020-07-27,01:00:00,5,5,0,FMN GV 10 Beerse
39,Antwerpseweg 195,2020-07-27,02:00:00,0,0,0,FMN GV 10 Beerse
39,Antwerpseweg 195,2020-07-27,03:00:00,0,0,0,FMN GV 10 Beerse
39,Antwerpseweg 195,2020-07-27,04:00:00,0,0,0,FMN GV 10 Beerse
39,Antwerpseweg 195,2020-07-27,05:00:00,13,12,1,FMN GV 10 Beerse
39,Antwerpseweg 195,2020-07-27,06:00:00,21,20,1,FMN GV 10 Beerse
39,Antwerpseweg 195,2020-07-27,07:00:00,15,14,1,FMN GV 10 Beerse
39,Antwerpseweg 195,2020-07-27,08:00:00,8,6,2,FMN GV 10 Beerse
39,Antwerpseweg 195,2020-07-27,09:00:00,4,3,1,FMN GV 10 Beerse
39,Antwerpseweg 195,2020-07-27,10:00:00,2,2,0,FMN GV 10 Beerse
39,Antwerpseweg 195,2020-07-27,11:00:00,8,6,2,FMN GV 10 Beerse
39,Antwerpseweg 195,2020-07-27,12:00:00,9,6,3,FMN GV 10 Beerse
39,Antwerpseweg 195,2020-07-27,13:00:00,21,19,2,FMN GV 10 Beerse
39,Antwerpseweg 195,2020-07-27,14:00:00,40,17,23,FMN GV 10 Beerse
39,Antwerpseweg 195,2020-07-27,15:00:00,34,23,11,FMN GV 10 Beerse
39,Antwerpseweg 195,2020-07-27,16:00:00,46,33,13,FMN GV 10 Beerse
39,Antwerpseweg 195,2020-07-27,17:00:00,35,22,13,FMN GV 10 Beerse
39,Antwerpseweg 195,2020-07-27,18:00:00,32,22,10,FMN GV 10 Beerse
39,Antwerpseweg 195,2020-07-27,19:00:00,32,20,12,FMN GV 10 Beerse
39,Antwerpseweg 195,2020-07-27,20:00:00,18,7,11,FMN GV 10 Beerse
39,Antwerpseweg 195,2020-07-27,21:00:00,5,4,1,FMN GV 10 Beerse
39,Antwerpseweg 195,2020-07-27,22:00:00,5,5,0,FMN GV 10 Beerse
39,Antwerpseweg 195,2020-07-27,23:00:00,4,4,0,FMN GV 10 Beerse
39,Antwerpseweg 195,2020-07-28,00:00:00,1,1,0,FMN GV 10 Beerse
39,Antwerpseweg 195,2020-07-28,01:00:00,1,1,0,FMN GV 10 Beerse
39,Antwerpseweg 195,2020-07-28,02:00:00,0,0,0,FMN GV 10 Beerse
39,Antwerpseweg 195,2020-07-28,03:00:00,0,0,0,FMN GV 10 Beerse
39,Antwerpseweg 195,2020-07-28,04:00:00,0,0,0,FMN GV 10 Beerse
39,Antwerpseweg 195,2020-07-28,05:00:00,10,9,1,FMN GV 10 Beerse
39,Antwerpseweg 195,2020-07-28,06:00:00,14,13,1,FMN GV 10 Beerse
39,Antwerpseweg 195,2020-07-28,07:00:00,12,11,1,FMN GV 10 Beerse
39,Antwerpseweg 195,2020-07-28,08:00:00,17,13,4,FMN GV 10 Beerse
39,Antwerpseweg 195,2020-07-28,09:00:00,21,14,7,FMN GV 10 Beerse
39,Antwerpseweg 195,2020-07-28,10:00:00,25,18,7,FMN GV 10 Beerse
39,Antwerpseweg 195,2020-07-28,11:00:00,18,10,8,FMN GV 10 Beerse
39,Antwerpseweg 195,2020-07-28,12:00:00,29,24,5,FMN GV 10 Beerse
39,Antwerpseweg 195,2020-07-28,13:00:00,52,32,20,FMN GV 10 Beerse
39,Antwerpseweg 195,2020-07-28,14:00:00,47,32,15,FMN GV 10 Beerse
39,Antwerpseweg 195,2020-07-28,15:00:00,61,47,14,FMN GV 10 Beerse
39,Antwerpseweg 195,2020-07-28,16:00:00,51,30,21,FMN GV 10 Beerse
39,Antwerpseweg 195,2020-07-28,17:00:00,29,19,10,FMN GV 10 Beerse
39,Antwerpseweg 195,2020-07-28,18:00:00,17,11,6,FMN GV 10 Beerse
39,Antwerpseweg 195,2020-07-28,19:00:00,12,11,1,FMN GV 10 Beerse
39,Antwerpseweg 195,2020-07-28,20:00:00,6,4,2,FMN GV 10 Beerse
39,Antwerpseweg 195,2020-07-28,21:00:00,3,2,1,FMN GV 10 Beerse
39,Antwerpseweg 195,2020-07-28,22:00:00,8,5,3,FMN GV 10 Beerse
39,Antwerpseweg 195,2020-07-28,23:00:00,1,1,0,FMN GV 10 Beerse
39,Antwerpseweg 195,2020-07-29,00:00:00,1,0,1,FMN GV 10 Beerse
39,Antwerpseweg 195,2020-07-29,01:00:00,0,0,0,FMN GV 10 Beerse
39,Antwerpseweg 195,2020-07-29,02:00:00,0,0,0,FMN GV 10 Beerse
39,Antwerpseweg 195,2020-07-29,03:00:00,0,0,0,FMN GV 10 Beerse
39,Antwerpseweg 195,2020-07-29,04:00:00,1,1,0,FMN GV 10 Beerse
39,Antwerpseweg 195,2020-07-29,05:00:00,11,11,0,FMN GV 10 Beerse
39,Antwerpseweg 195,2020-07-29,06:00:00,14,14,0,FMN GV 10 Beerse
39,Antwerpseweg 195,2020-07-29,07:00:00,14,12,2,FMN GV 10 Beerse
39,Antwerpseweg 195,2020-07-29,08:00:00,16,11,5,FMN GV 10 Beerse
39,Antwerpseweg 195,2020-07-29,09:00:00,17,14,3,FMN GV 10 Beerse
39,Antwerpseweg 195,2020-07-29,10:00:00,30,20,10,FMN GV 10 Beerse
39,Antwerpseweg 195,2020-07-29,11:00:00,18,11,7,FMN GV 10 Beerse
39,Antwerpseweg 195,2020-07-29,12:00:00,17,14,3,FMN GV 10 Beerse
39,Antwerpseweg 195,2020-07-29,13:00:00,50,33,17,FMN GV 10 Beerse
39,Antwerpseweg 195,2020-07-29,14:00:00,41,33,8,FMN GV 10 Beerse
39,Antwerpseweg 195,2020-07-29,15:00:00,56,31,25,FMN GV 10 Beerse
39,Antwerpseweg 195,2020-07-29,16:00:00,57,36,21,FMN GV 10 Beerse
39,Antwerpseweg 195,2020-07-29,17:00:00,33,26,7,FMN GV 10 Beerse
39,Antwerpseweg 195,2020-07-29,18:00:00,22,17,5,FMN GV 10 Beerse
39,Antwerpseweg 195,2020-07-29,19:00:00,17,8,9,FMN GV 10 Beerse
39,Antwerpseweg 195,2020-07-29,20:00:00,15,7,8,FMN GV 10 Beerse
39,Antwerpseweg 195,2020-07-29,21:00:00,10,9,1,FMN GV 10 Beerse
39,Antwerpseweg 195,2020-07-29,22:00:00,8,3,5,FMN GV 10 Beerse
39,Antwerpseweg 195,2020-07-29,23:00:00,0,0,0,FMN GV 10 Beerse
39,Antwerpseweg 195,2020-07-30,00:00:00,0,0,0,FMN GV 10 Beerse
39,Antwerpseweg 195,2020-07-30,01:00:00,1,1,0,FMN GV 10 Beerse
39,Antwerpseweg 195,2020-07-30,02:00:00,0,0,0,FMN GV 10 Beerse
39,Antwerpseweg 195,2020-07-30,03:00:00,0,0,0,FMN GV 10 Beerse
39,Antwerpseweg 195,2020-07-30,04:00:00,4,4,0,FMN GV 10 Beerse
39,Antwerpseweg 195,2020-07-30,05:00:00,7,6,1,FMN GV 10 Beerse
39,Antwerpseweg 195,2020-07-30,06:00:00,16,16,0,FMN GV 10 Beerse
39,Antwerpseweg 195,2020-07-30,07:00:00,19,18,1,FMN GV 10 Beerse
39,Antwerpseweg 195,2020-07-30,08:00:00,18,14,4,FMN GV 10 Beerse
39,Antwerpseweg 195,2020-07-30,09:00:00,26,14,12,FMN GV 10 Beerse
39,Antwerpseweg 195,2020-07-30,10:00:00,20,12,8,FMN GV 10 Beerse
39,Antwerpseweg 195,2020-07-30,11:00:00,17,10,7,FMN GV 10 Beerse
39,Antwerpseweg 195,2020-07-30,12:00:00,30,20,10,FMN GV 10 Beerse
39,Antwerpseweg 195,2020-07-30,13:00:00,53,36,17,FMN GV 10 Beerse
39,Antwerpseweg 195,2020-07-30,14:00:00,47,35,12,FMN GV 10 Beerse
39,Antwerpseweg 195,2020-07-30,15:00:00,57,38,19,FMN GV 10 Beerse
39,Antwerpseweg 195,2020-07-30,16:00:00,59,43,16,FMN GV 10 Beerse
39,Antwerpseweg 195,2020-07-30,17:00:00,34,26,8,FMN GV 10 Beerse
39,Antwerpseweg 195,2020-07-30,18:00:00,24,13,11,FMN GV 10 Beerse
39,Antwerpseweg 195,2020-07-30,19:00:00,30,24,6,FMN GV 10 Beerse
39,Antwerpseweg 195,2020-07-30,20:00:00,15,12,3,FMN GV 10 Beerse
39,Antwerpseweg 195,2020-07-30,21:00:00,13,9,4,FMN GV 10 Beerse
39,Antwerpseweg 195,2020-07-30,22:00:00,8,4,4,FMN GV 10 Beerse
39,Antwerpseweg 195,2020-07-30,23:00:00,2,2,0,FMN GV 10 Beerse
39,Antwerpseweg 195,2020-07-31,00:00:00,0,0,0,FMN GV 10 Beerse
39,Antwerpseweg 195,2020-07-31,01:00:00,0,0,0,FMN GV 10 Beerse
39,Antwerpseweg 195,2020-07-31,02:00:00,0,0,0,FMN GV 10 Beerse
39,Antwerpseweg 195,2020-07-31,03:00:00,0,0,0,FMN GV 10 Beerse
39,Antwerpseweg 195,2020-07-31,04:00:00,2,2,0,FMN GV 10 Beerse
39,Antwerpseweg 195,2020-07-31,05:00:00,7,7,0,FMN GV 10 Beerse
39,Antwerpseweg 195,2020-07-31,06:00:00,14,13,1,FMN GV 10 Beerse
39,Antwerpseweg 195,2020-07-31,07:00:00,16,15,1,FMN GV 10 Beerse
39,Antwerpseweg 195,2020-07-31,08:00:00,28,21,7,FMN GV 10 Beerse
39,Antwerpseweg 195,2020-07-31,09:00:00,24,15,9,FMN GV 10 Beerse
39,Antwerpseweg 195,2020-07-31,10:00:00,18,12,6,FMN GV 10 Beerse
39,Antwerpseweg 195,2020-07-31,11:00:00,27,17,10,FMN GV 10 Beerse
39,Antwerpseweg 195,2020-07-31,12:00:00,31,19,12,FMN GV 10 Beerse
39,Antwerpseweg 195,2020-07-31,13:00:00,25,14,11,FMN GV 10 Beerse
39,Antwerpseweg 195,2020-07-31,14:00:00,31,24,7,FMN GV 10 Beerse
39,Antwerpseweg 195,2020-07-31,15:00:00,27,20,7,FMN GV 10 Beerse
39,Antwerpseweg 195,2020-07-31,16:00:00,31,25,6,FMN GV 10 Beerse
39,Antwerpseweg 195,2020-07-31,17:00:00,20,15,5,FMN GV 10 Beerse
39,Antwerpseweg 195,2020-07-31,18:00:00,16,11,5,FMN GV 10 Beerse
39,Antwerpseweg 195,2020-07-31,19:00:00,13,9,4,FMN GV 10 Beerse
39,Antwerpseweg 195,2020-07-31,20:00:00,15,9,6,FMN GV 10 Beerse
39,Antwerpseweg 195,2020-07-31,21:00:00,6,4,2,FMN GV 10 Beerse
39,Antwerpseweg 195,2020-07-31,22:00:00,12,8,4,FMN GV 10 Beerse
39,Antwerpseweg 195,2020-07-31,23:00:00,7,6,1,FMN GV 10 Beerse
39,Antwerpseweg 195,2020-08-01,00:00:00,0,0,0,FMN GV 10 Beerse
39,Antwerpseweg 195,2020-08-01,01:00:00,0,0,0,FMN GV 10 Beerse
39,Antwerpseweg 195,2020-08-01,02:00:00,0,0,0,FMN GV 10 Beerse
39,Antwerpseweg 195,2020-08-01,03:00:00,0,0,0,FMN GV 10 Beerse
39,Antwerpseweg 195,2020-08-01,04:00:00,0,0,0,FMN GV 10 Beerse
39,Antwerpseweg 195,2020-08-01,05:00:00,2,2,0,FMN GV 10 Beerse
39,Antwerpseweg 195,2020-08-01,06:00:00,3,3,0,FMN GV 10 Beerse
39,Antwerpseweg 195,2020-08-01,07:00:00,3,0,3,FMN GV 10 Beerse
39,Antwerpseweg 195,2020-08-01,08:00:00,8,6,2,FMN GV 10 Beerse
39,Antwerpseweg 195,2020-08-01,09:00:00,18,13,5,FMN GV 10 Beerse
39,Antwerpseweg 195,2020-08-01,10:00:00,27,15,12,FMN GV 10 Beerse
39,Antwerpseweg 195,2020-08-01,11:00:00,23,16,7,FMN GV 10 Beerse
39,Antwerpseweg 195,2020-08-01,12:00:00,29,19,10,FMN GV 10 Beerse
39,Antwerpseweg 195,2020-08-01,13:00:00,29,23,6,FMN GV 10 Beerse
39,Antwerpseweg 195,2020-08-01,14:00:00,37,27,10,FMN GV 10 Beerse
39,Antwerpseweg 195,2020-08-01,15:00:00,63,36,27,FMN GV 10 Beerse
39,Antwerpseweg 195,2020-08-01,16:00:00,27,18,9,FMN GV 10 Beerse
39,Antwerpseweg 195,2020-08-01,17:00:00,45,24,21,FMN GV 10 Beerse
39,Antwerpseweg 195,2020-08-01,18:00:00,18,15,3,FMN GV 10 Beerse
39,Antwerpseweg 195,2020-08-01,19:00:00,19,9,10,FMN GV 10 Beerse
39,Antwerpseweg 195,2020-08-01,20:00:00,14,10,4,FMN GV 10 Beerse
39,Antwerpseweg 195,2020-08-01,21:00:00,10,9,1,FMN GV 10 Beerse
39,Antwerpseweg 195,2020-08-01,22:00:00,12,6,6,FMN GV 10 Beerse
39,Antwerpseweg 195,2020-08-01,23:00:00,2,2,0,FMN GV 10 Beerse
39,Antwerpseweg 195,2020-08-02,00:00:00,0,0,0,FMN GV 10 Beerse
39,Antwerpseweg 195,2020-08-02,01:00:00,0,0,0,FMN GV 10 Beerse
39,Antwerpseweg 195,2020-08-02,02:00:00,0,0,0,FMN GV 10 Beerse
39,Antwerpseweg 195,2020-08-02,03:00:00,0,0,0,FMN GV 10 Beerse
39,Antwerpseweg 195,2020-08-02,04:00:00,0,0,0,FMN GV 10 Beerse
39,Antwerpseweg 195,2020-08-02,05:00:00,1,1,0,FMN GV 10 Beerse
39,Antwerpseweg 195,2020-08-02,06:00:00,1,1,0,FMN GV 10 Beerse
39,Antwerpseweg 195,2020-08-02,07:00:00,2,2,0,FMN GV 10 Beerse
39,Antwerpseweg 195,2020-08-02,08:00:00,8,6,2,FMN GV 10 Beerse
39,Antwerpseweg 195,2020-08-02,09:00:00,13,8,5,FMN GV 10 Beerse
39,Antwerpseweg 195,2020-08-02,10:00:00,64,27,37,FMN GV 10 Beerse
39,Antwerpseweg 195,2020-08-02,11:00:00,50,35,15,FMN GV 10 Beerse
39,Antwerpseweg 195,2020-08-02,12:00:00,44,31,13,FMN GV 10 Beerse
39,Antwerpseweg 195,2020-08-02,13:00:00,48,22,26,FMN GV 10 Beerse
39,Antwerpseweg 195,2020-08-02,14:00:00,66,49,17,FMN GV 10 Beerse
39,Antwerpseweg 195,2020-08-02,15:00:00,72,51,21,FMN GV 10 Beerse
39,Antwerpseweg 195,2020-08-02,16:00:00,59,40,19,FMN GV 10 Beerse
39,Antwerpseweg 195,2020-08-02,17:00:00,29,20,9,FMN GV 10 Beerse
39,Antwerpseweg 195,2020-08-02,18:00:00,33,22,11,FMN GV 10 Beerse
39,Antwerpseweg 195,2020-08-02,19:00:00,15,7,8,FMN GV 10 Beerse
39,Antwerpseweg 195,2020-08-02,20:00:00,15,7,8,FMN GV 10 Beerse
39,Antwerpseweg 195,2020-08-02,21:00:00,18,8,10,FMN GV 10 Beerse
39,Antwerpseweg 195,2020-08-02,22:00:00,7,5,2,FMN GV 10 Beerse
39,Antwerpseweg 195,2020-08-02,23:00:00,1,1,0,FMN GV 10 Beerse
39,Antwerpseweg 195,2020-08-03,00:00:00,0,0,0,FMN GV 10 Beerse
39,Antwerpseweg 195,2020-08-03,01:00:00,0,0,0,FMN GV 10 Beerse
39,Antwerpseweg 195,2020-08-03,02:00:00,0,0,0,FMN GV 10 Beerse
39,Antwerpseweg 195,2020-08-03,03:00:00,0,0,0,FMN GV 10 Beerse
39,Antwerpseweg 195,2020-08-03,04:00:00,1,1,0,FMN GV 10 Beerse
39,Antwerpseweg 195,2020-08-03,05:00:00,13,13,0,FMN GV 10 Beerse
39,Antwerpseweg 195,2020-08-03,06:00:00,16,14,2,FMN GV 10 Beerse
39,Antwerpseweg 195,2020-08-03,07:00:00,21,17,4,FMN GV 10 Beerse
39,Antwerpseweg 195,2020-08-03,08:00:00,15,7,8,FMN GV 10 Beerse
39,Antwerpseweg 195,2020-08-03,09:00:00,7,5,2,FMN GV 10 Beerse
39,Antwerpseweg 195,2020-08-03,10:00:00,11,9,2,FMN GV 10 Beerse
39,Antwerpseweg 195,2020-08-03,11:00:00,14,12,2,FMN GV 10 Beerse
39,Antwerpseweg 195,2020-08-03,12:00:00,12,8,4,FMN GV 10 Beerse
39,Antwerpseweg 195,2020-08-03,13:00:00,46,29,17,FMN GV 10 Beerse
39,Antwerpseweg 195,2020-08-03,14:00:00,28,21,7,FMN GV 10 Beerse
39,Antwerpseweg 195,2020-08-03,15:00:00,47,30,17,FMN GV 10 Beerse
39,Antwerpseweg 195,2020-08-03,16:00:00,45,39,6,FMN GV 10 Beerse
39,Antwerpseweg 195,2020-08-03,17:00:00,25,17,8,FMN GV 10 Beerse
39,Antwerpseweg 195,2020-08-03,18:00:00,15,11,4,FMN GV 10 Beerse
39,Antwerpseweg 195,2020-08-03,19:00:00,3,1,2,FMN GV 10 Beerse
39,Antwerpseweg 195,2020-08-03,20:00:00,6,3,3,FMN GV 10 Beerse
39,Antwerpseweg 195,2020-08-03,21:00:00,3,2,1,FMN GV 10 Beerse
39,Antwerpseweg 195,2020-08-03,22:00:00,6,2,4,FMN GV 10 Beerse
39,Antwerpseweg 195,2020-08-03,23:00:00,3,3,0,FMN GV 10 Beerse
39,Antwerpseweg 195,2020-08-04,00:00:00,0,0,0,FMN GV 10 Beerse
39,Antwerpseweg 195,2020-08-04,01:00:00,0,0,0,FMN GV 10 Beerse
39,Antwerpseweg 195,2020-08-04,02:00:00,0,0,0,FMN GV 10 Beerse
39,Antwerpseweg 195,2020-08-04,03:00:00,0,0,0,FMN GV 10 Beerse
39,Antwerpseweg 195,2020-08-04,04:00:00,1,1,0,FMN GV 10 Beerse
39,Antwerpseweg 195,2020-08-04,05:00:00,14,12,2,FMN GV 10 Beerse
39,Antwerpseweg 195,2020-08-04,06:00:00,18,18,0,FMN GV 10 Beerse
39,Antwerpseweg 195,2020-08-04,07:00:00,25,22,3,FMN GV 10 Beerse
39,Antwerpseweg 195,2020-08-04,08:00:00,17,9,8,FMN GV 10 Beerse
39,Antwerpseweg 195,2020-08-04,09:00:00,17,11,6,FMN GV 10 Beerse
39,Antwerpseweg 195,2020-08-04,10:00:00,20,14,6,FMN GV 10 Beerse
39,Antwerpseweg 195,2020-08-04,11:00:00,32,22,10,FMN GV 10 Beerse
39,Antwerpseweg 195,2020-08-04,12:00:00,27,21,6,FMN GV 10 Beerse
39,Antwerpseweg 195,2020-08-04,13:00:00,54,34,20,FMN GV 10 Beerse
39,Antwerpseweg 195,2020-08-04,14:00:00,66,56,10,FMN GV 10 Beerse
39,Antwerpseweg 195,2020-08-04,15:00:00,44,33,11,FMN GV 10 Beerse
39,Antwerpseweg 195,2020-08-04,16:00:00,60,41,19,FMN GV 10 Beerse
39,Antwerpseweg 195,2020-08-04,17:00:00,40,32,8,FMN GV 10 Beerse
39,Antwerpseweg 195,2020-08-04,18:00:00,23,22,1,FMN GV 10 Beerse
39,Antwerpseweg 195,2020-08-04,19:00:00,24,17,7,FMN GV 10 Beerse
39,Antwerpseweg 195,2020-08-04,20:00:00,19,13,6,FMN GV 10 Beerse
39,Antwerpseweg 195,2020-08-04,21:00:00,12,7,5,FMN GV 10 Beerse
39,Antwerpseweg 195,2020-08-04,22:00:00,8,3,5,FMN GV 10 Beerse
39,Antwerpseweg 195,2020-08-04,23:00:00,0,0,0,FMN GV 10 Beerse
39,Antwerpseweg 195,2020-08-05,00:00:00,0,0,0,FMN GV 10 Beerse
39,Antwerpseweg 195,2020-08-05,01:00:00,0,0,0,FMN GV 10 Beerse
39,Antwerpseweg 195,2020-08-05,02:00:00,0,0,0,FMN GV 10 Beerse
39,Antwerpseweg 195,2020-08-05,03:00:00,0,0,0,FMN GV 10 Beerse
39,Antwerpseweg 195,2020-08-05,04:00:00,1,1,0,FMN GV 10 Beerse
39,Antwerpseweg 195,2020-08-05,05:00:00,16,15,1,FMN GV 10 Beerse
39,Antwerpseweg 195,2020-08-05,06:00:00,16,16,0,FMN GV 10 Beerse
39,Antwerpseweg 195,2020-08-05,07:00:00,24,20,4,FMN GV 10 Beerse
39,Antwerpseweg 195,2020-08-05,08:00:00,23,7,16,FMN GV 10 Beerse
39,Antwerpseweg 195,2020-08-05,09:00:00,39,24,15,FMN GV 10 Beerse
39,Antwerpseweg 195,2020-08-05,10:00:00,29,22,7,FMN GV 10 Beerse
39,Antwerpseweg 195,2020-08-05,11:00:00,21,12,9,FMN GV 10 Beerse
39,Antwerpseweg 195,2020-08-05,12:00:00,31,18,13,FMN GV 10 Beerse
39,Antwerpseweg 195,2020-08-05,13:00:00,45,30,15,FMN GV 10 Beerse
39,Antwerpseweg 195,2020-08-05,14:00:00,51,35,16,FMN GV 10 Beerse
39,Antwerpseweg 195,2020-08-05,15:00:00,53,39,14,FMN GV 10 Beerse
39,Antwerpseweg 195,2020-08-05,16:00:00,55,44,11,FMN GV 10 Beerse
39,Antwerpseweg 195,2020-08-05,17:00:00,34,25,9,FMN GV 10 Beerse
39,Antwerpseweg 195,2020-08-05,18:00:00,22,14,8,FMN GV 10 Beerse
39,Antwerpseweg 195,2020-08-05,19:00:00,31,19,12,FMN GV 10 Beerse
39,Antwerpseweg 195,2020-08-05,20:00:00,18,13,5,FMN GV 10 Beerse
39,Antwerpseweg 195,2020-08-05,21:00:00,9,9,0,FMN GV 10 Beerse
39,Antwerpseweg 195,2020-08-05,22:00:00,11,5,6,FMN GV 10 Beerse
39,Antwerpseweg 195,2020-08-05,23:00:00,2,1,1,FMN GV 10 Beerse
39,Antwerpseweg 195,2020-08-06,00:00:00,1,0,1,FMN GV 10 Beerse
39,Antwerpseweg 195,2020-08-06,01:00:00,0,0,0,FMN GV 10 Beerse
39,Antwerpseweg 195,2020-08-06,02:00:00,0,0,0,FMN GV 10 Beerse
39,Antwerpseweg 195,2020-08-06,03:00:00,1,1,0,FMN GV 10 Beerse
39,Antwerpseweg 195,2020-08-06,04:00:00,2,2,0,FMN GV 10 Beerse
39,Antwerpseweg 195,2020-08-06,05:00:00,11,9,2,FMN GV 10 Beerse
39,Antwerpseweg 195,2020-08-06,06:00:00,20,19,1,FMN GV 10 Beerse
39,Antwerpseweg 195,2020-08-06,07:00:00,27,25,2,FMN GV 10 Beerse
39,Antwerpseweg 195,2020-08-06,08:00:00,23,7,16,FMN GV 10 Beerse
39,Antwerpseweg 195,2020-08-06,09:00:00,20,13,7,FMN GV 10 Beerse
39,Antwerpseweg 195,2020-08-06,10:00:00,37,32,5,FMN GV 10 Beerse
39,Antwerpseweg 195,2020-08-06,11:00:00,42,28,14,FMN GV 10 Beerse
39,Antwerpseweg 195,2020-08-06,12:00:00,18,13,5,FMN GV 10 Beerse
39,Antwerpseweg 195,2020-08-06,13:00:00,40,21,19,FMN GV 10 Beerse
39,Antwerpseweg 195,2020-08-06,14:00:00,30,24,6,FMN GV 10 Beerse
39,Antwerpseweg 195,2020-08-06,15:00:00,19,9,10,FMN GV 10 Beerse
39,Antwerpseweg 195,2020-08-06,16:00:00,52,41,11,FMN GV 10 Beerse
39,Antwerpseweg 195,2020-08-06,17:00:00,26,19,7,FMN GV 10 Beerse
39,Antwerpseweg 195,2020-08-06,18:00:00,16,15,1,FMN GV 10 Beerse
39,Antwerpseweg 195,2020-08-06,19:00:00,28,17,11,FMN GV 10 Beerse
39,Antwerpseweg 195,2020-08-06,20:00:00,22,17,5,FMN GV 10 Beerse
39,Antwerpseweg 195,2020-08-06,21:00:00,9,6,3,FMN GV 10 Beerse
39,Antwerpseweg 195,2020-08-06,22:00:00,7,5,2,FMN GV 10 Beerse
39,Antwerpseweg 195,2020-08-06,23:00:00,4,1,3,FMN GV 10 Beerse
39,Antwerpseweg 195,2020-08-07,00:00:00,0,0,0,FMN GV 10 Beerse
39,Antwerpseweg 195,2020-08-07,01:00:00,0,0,0,FMN GV 10 Beerse
39,Antwerpseweg 195,2020-08-07,02:00:00,0,0,0,FMN GV 10 Beerse
39,Antwerpseweg 195,2020-08-07,03:00:00,0,0,0,FMN GV 10 Beerse
39,Antwerpseweg 195,2020-08-07,04:00:00,2,2,0,FMN GV 10 Beerse
39,Antwerpseweg 195,2020-08-07,05:00:00,10,9,1,FMN GV 10 Beerse
39,Antwerpseweg 195,2020-08-07,06:00:00,18,17,1,FMN GV 10 Beerse
39,Antwerpseweg 195,2020-08-07,07:00:00,23,18,5,FMN GV 10 Beerse
39,Antwerpseweg 195,2020-08-07,08:00:00,32,17,15,FMN GV 10 Beerse
39,Antwerpseweg 195,2020-08-07,09:00:00,22,13,9,FMN GV 10 Beerse
39,Antwerpseweg 195,2020-08-07,10:00:00,25,19,6,FMN GV 10 Beerse
39,Antwerpseweg 195,2020-08-07,11:00:00,20,11,9,FMN GV 10 Beerse
39,Antwerpseweg 195,2020-08-07,12:00:00,20,14,6,FMN GV 10 Beerse
39,Antwerpseweg 195,2020-08-07,13:00:00,12,8,4,FMN GV 10 Beerse
39,Antwerpseweg 195,2020-08-07,14:00:00,17,14,3,FMN GV 10 Beerse
39,Antwerpseweg 195,2020-08-07,15:00:00,12,8,4,FMN GV 10 Beerse
39,Antwerpseweg 195,2020-08-07,16:00:00,34,25,9,FMN GV 10 Beerse
39,Antwerpseweg 195,2020-08-07,17:00:00,20,15,5,FMN GV 10 Beerse
39,Antwerpseweg 195,2020-08-07,18:00:00,11,9,2,FMN GV 10 Beerse
39,Antwerpseweg 195,2020-08-07,19:00:00,9,8,1,FMN GV 10 Beerse
39,Antwerpseweg 195,2020-08-07,20:00:00,16,12,4,FMN GV 10 Beerse
39,Antwerpseweg 195,2020-08-07,21:00:00,14,7,7,FMN GV 10 Beerse
39,Antwerpseweg 195,2020-08-07,22:00:00,8,4,4,FMN GV 10 Beerse
39,Antwerpseweg 195,2020-08-07,23:00:00,7,7,0,FMN GV 10 Beerse
39,Antwerpseweg 195,2020-08-08,00:00:00,0,0,0,FMN GV 10 Beerse
39,Antwerpseweg 195,2020-08-08,01:00:00,2,0,2,FMN GV 10 Beerse
39,Antwerpseweg 195,2020-08-08,02:00:00,0,0,0,FMN GV 10 Beerse
39,Antwerpseweg 195,2020-08-08,03:00:00,1,1,0,FMN GV 10 Beerse
39,Antwerpseweg 195,2020-08-08,04:00:00,0,0,0,FMN GV 10 Beerse
39,Antwerpseweg 195,2020-08-08,05:00:00,2,2,0,FMN GV 10 Beerse
39,Antwerpseweg 195,2020-08-08,06:00:00,5,5,0,FMN GV 10 Beerse
39,Antwerpseweg 195,2020-08-08,07:00:00,11,7,4,FMN GV 10 Beerse
39,Antwerpseweg 195,2020-08-08,08:00:00,20,14,6,FMN GV 10 Beerse
39,Antwerpseweg 195,2020-08-08,09:00:00,21,11,10,FMN GV 10 Beerse
39,Antwerpseweg 195,2020-08-08,10:00:00,38,28,10,FMN GV 10 Beerse
39,Antwerpseweg 195,2020-08-08,11:00:00,34,30,4,FMN GV 10 Beerse
39,Antwerpseweg 195,2020-08-08,12:00:00,26,21,5,FMN GV 10 Beerse
39,Antwerpseweg 195,2020-08-08,13:00:00,9,5,4,FMN GV 10 Beerse
39,Antwerpseweg 195,2020-08-08,14:00:00,20,8,12,FMN GV 10 Beerse
39,Antwerpseweg 195,2020-08-08,15:00:00,5,3,2,FMN GV 10 Beerse
39,Antwerpseweg 195,2020-08-08,16:00:00,13,10,3,FMN GV 10 Beerse
39,Antwerpseweg 195,2020-08-08,17:00:00,7,7,0,FMN GV 10 Beerse
39,Antwerpseweg 195,2020-08-08,18:00:00,5,4,1,FMN GV 10 Beerse
39,Antwerpseweg 195,2020-08-08,19:00:00,9,7,2,FMN GV 10 Beerse
39,Antwerpseweg 195,2020-08-08,20:00:00,13,4,9,FMN GV 10 Beerse
39,Antwerpseweg 195,2020-08-08,21:00:00,14,7,7,FMN GV 10 Beerse
39,Antwerpseweg 195,2020-08-08,22:00:00,6,6,0,FMN GV 10 Beerse
39,Antwerpseweg 195,2020-08-08,23:00:00,5,4,1,FMN GV 10 Beerse
39,Antwerpseweg 195,2020-08-09,00:00:00,1,0,1,FMN GV 10 Beerse
39,Antwerpseweg 195,2020-08-09,01:00:00,3,2,1,FMN GV 10 Beerse
39,Antwerpseweg 195,2020-08-09,02:00:00,3,3,0,FMN GV 10 Beerse
39,Antwerpseweg 195,2020-08-09,03:00:00,1,1,0,FMN GV 10 Beerse
39,Antwerpseweg 195,2020-08-09,04:00:00,0,0,0,FMN GV 10 Beerse
39,Antwerpseweg 195,2020-08-09,05:00:00,1,1,0,FMN GV 10 Beerse
39,Antwerpseweg 195,2020-08-09,06:00:00,3,3,0,FMN GV 10 Beerse
39,Antwerpseweg 195,2020-08-09,07:00:00,14,11,3,FMN GV 10 Beerse
39,Antwerpseweg 195,2020-08-09,08:00:00,32,21,11,FMN GV 10 Beerse
39,Antwerpseweg 195,2020-08-09,09:00:00,64,39,25,FMN GV 10 Beerse
39,Antwerpseweg 195,2020-08-09,10:00:00,60,46,14,FMN GV 10 Beerse
39,Antwerpseweg 195,2020-08-09,11:00:00,48,33,15,FMN GV 10 Beerse
39,Antwerpseweg 195,2020-08-09,12:00:00,16,6,10,FMN GV 10 Beerse
39,Antwerpseweg 195,2020-08-09,13:00:00,22,15,7,FMN GV 10 Beerse
39,Antwerpseweg 195,2020-08-09,14:00:00,22,19,3,FMN GV 10 Beerse
39,Antwerpseweg 195,2020-08-09,15:00:00,12,10,2,FMN GV 10 Beerse
39,Antwerpseweg 195,2020-08-09,16:00:00,7,5,2,FMN GV 10 Beerse
39,Antwerpseweg 195,2020-08-09,17:00:00,11,7,4,FMN GV 10 Beerse
39,Antwerpseweg 195,2020-08-09,18:00:00,18,12,6,FMN GV 10 Beerse
39,Antwerpseweg 195,2020-08-09,19:00:00,10,5,5,FMN GV 10 Beerse
39,Antwerpseweg 195,2020-08-09,20:00:00,30,16,14,FMN GV 10 Beerse
39,Antwerpseweg 195,2020-08-09,21:00:00,8,7,1,FMN GV 10 Beerse
39,Antwerpseweg 195,2020-08-09,22:00:00,4,3,1,FMN GV 10 Beerse
39,Antwerpseweg 195,2020-08-09,23:00:00,4,1,3,FMN GV 10 Beerse
39,Antwerpseweg 195,2020-08-10,00:00:00,0,0,0,FMN GV 10 Beerse
39,Antwerpseweg 195,2020-08-10,01:00:00,0,0,0,FMN GV 10 Beerse
39,Antwerpseweg 195,2020-08-10,02:00:00,0,0,0,FMN GV 10 Beerse
39,Antwerpseweg 195,2020-08-10,03:00:00,0,0,0,FMN GV 10 Beerse
39,Antwerpseweg 195,2020-08-10,04:00:00,0,0,0,FMN GV 10 Beerse
39,Antwerpseweg 195,2020-08-10,05:00:00,10,8,2,FMN GV 10 Beerse
39,Antwerpseweg 195,2020-08-10,06:00:00,24,20,4,FMN GV 10 Beerse
39,Antwerpseweg 195,2020-08-10,07:00:00,29,27,2,FMN GV 10 Beerse
39,Antwerpseweg 195,2020-08-10,08:00:00,17,13,4,FMN GV 10 Beerse
39,Antwerpseweg 195,2020-08-10,09:00:00,29,23,6,FMN GV 10 Beerse
39,Antwerpseweg 195,2020-08-10,10:00:00,14,8,6,FMN GV 10 Beerse
39,Antwerpseweg 195,2020-08-10,11:00:00,14,10,4,FMN GV 10 Beerse
39,Antwerpseweg 195,2020-08-10,12:00:00,15,6,9,FMN GV 10 Beerse
39,Antwerpseweg 195,2020-08-10,13:00:00,15,13,2,FMN GV 10 Beerse
39,Antwerpseweg 195,2020-08-10,14:00:00,18,10,8,FMN GV 10 Beerse
39,Antwerpseweg 195,2020-08-10,15:00:00,23,9,14,FMN GV 10 Beerse
39,Antwerpseweg 195,2020-08-10,16:00:00,25,19,6,FMN GV 10 Beerse
39,Antwerpseweg 195,2020-08-10,17:00:00,28,20,8,FMN GV 10 Beerse
39,Antwerpseweg 195,2020-08-10,18:00:00,23,18,5,FMN GV 10 Beerse
39,Antwerpseweg 195,2020-08-10,19:00:00,33,20,13,FMN GV 10 Beerse
39,Antwerpseweg 195,2020-08-10,20:00:00,28,17,11,FMN GV 10 Beerse
39,Antwerpseweg 195,2020-08-10,21:00:00,18,9,9,FMN GV 10 Beerse
39,Antwerpseweg 195,2020-08-10,22:00:00,14,8,6,FMN GV 10 Beerse
39,Antwerpseweg 195,2020-08-10,23:00:00,5,4,1,FMN GV 10 Beerse
39,Antwerpseweg 195,2020-08-11,00:00:00,0,0,0,FMN GV 10 Beerse
39,Antwerpseweg 195,2020-08-11,01:00:00,0,0,0,FMN GV 10 Beerse
39,Antwerpseweg 195,2020-08-11,02:00:00,0,0,0,FMN GV 10 Beerse
39,Antwerpseweg 195,2020-08-11,03:00:00,0,0,0,FMN GV 10 Beerse
39,Antwerpseweg 195,2020-08-11,04:00:00,0,0,0,FMN GV 10 Beerse
39,Antwerpseweg 195,2020-08-11,05:00:00,9,6,3,FMN GV 10 Beerse
39,Antwerpseweg 195,2020-08-11,06:00:00,25,22,3,FMN GV 10 Beerse
39,Antwerpseweg 195,2020-08-11,07:00:00,19,19,0,FMN GV 10 Beerse
39,Antwerpseweg 195,2020-08-11,08:00:00,20,17,3,FMN GV 10 Beerse
39,Antwerpseweg 195,2020-08-11,09:00:00,36,28,8,FMN GV 10 Beerse
39,Antwerpseweg 195,2020-08-11,10:00:00,22,18,4,FMN GV 10 Beerse
39,Antwerpseweg 195,2020-08-11,11:00:00,16,12,4,FMN GV 10 Beerse
39,Antwerpseweg 195,2020-08-11,12:00:00,18,9,9,FMN GV 10 Beerse
39,Antwerpseweg 195,2020-08-11,13:00:00,13,8,5,FMN GV 10 Beerse
39,Antwerpseweg 195,2020-08-11,14:00:00,29,22,7,FMN GV 10 Beerse
39,Antwerpseweg 195,2020-08-11,15:00:00,32,19,13,FMN GV 10 Beerse
39,Antwerpseweg 195,2020-08-11,16:00:00,25,20,5,FMN GV 10 Beerse
39,Antwerpseweg 195,2020-08-11,17:00:00,31,18,13,FMN GV 10 Beerse
39,Antwerpseweg 195,2020-08-11,18:00:00,12,9,3,FMN GV 10 Beerse
39,Antwerpseweg 195,2020-08-11,19:00:00,4,3,1,FMN GV 10 Beerse
39,Antwerpseweg 195,2020-08-11,20:00:00,11,8,3,FMN GV 10 Beerse
39,Antwerpseweg 195,2020-08-11,21:00:00,5,4,1,FMN GV 10 Beerse
39,Antwerpseweg 195,2020-08-11,22:00:00,7,6,1,FMN GV 10 Beerse
39,Antwerpseweg 195,2020-08-11,23:00:00,0,0,0,FMN GV 10 Beerse
39,Antwerpseweg 195,2020-08-12,00:00:00,1,0,1,FMN GV 10 Beerse
39,Antwerpseweg 195,2020-08-12,01:00:00,0,0,0,FMN GV 10 Beerse
39,Antwerpseweg 195,2020-08-12,02:00:00,0,0,0,FMN GV 10 Beerse
39,Antwerpseweg 195,2020-08-12,03:00:00,0,0,0,FMN GV 10 Beerse
39,Antwerpseweg 195,2020-08-12,04:00:00,0,0,0,FMN GV 10 Beerse
39,Antwerpseweg 195,2020-08-12,05:00:00,11,10,1,FMN GV 10 Beerse
39,Antwerpseweg 195,2020-08-12,06:00:00,27,26,1,FMN GV 10 Beerse
39,Antwerpseweg 195,2020-08-12,07:00:00,24,20,4,FMN GV 10 Beerse
39,Antwerpseweg 195,2020-08-12,08:00:00,30,25,5,FMN GV 10 Beerse
39,Antwerpseweg 195,2020-08-12,09:00:00,32,24,8,FMN GV 10 Beerse
39,Antwerpseweg 195,2020-08-12,10:00:00,34,22,12,FMN GV 10 Beerse
39,Antwerpseweg 195,2020-08-12,11:00:00,29,18,11,FMN GV 10 Beerse
39,Antwerpseweg 195,2020-08-12,12:00:00,20,14,6,FMN GV 10 Beerse
39,Antwerpseweg 195,2020-08-12,13:00:00,17,15,2,FMN GV 10 Beerse
39,Antwerpseweg 195,2020-08-12,14:00:00,29,19,10,FMN GV 10 Beerse
39,Antwerpseweg 195,2020-08-12,15:00:00,25,17,8,FMN GV 10 Beerse
39,Antwerpseweg 195,2020-08-12,16:00:00,26,20,6,FMN GV 10 Beerse
39,Antwerpseweg 195,2020-08-12,17:00:00,33,28,5,FMN GV 10 Beerse
39,Antwerpseweg 195,2020-08-12,18:00:00,26,21,5,FMN GV 10 Beerse
39,Antwerpseweg 195,2020-08-12,19:00:00,27,15,12,FMN GV 10 Beerse
39,Antwerpseweg 195,2020-08-12,20:00:00,30,21,9,FMN GV 10 Beerse
39,Antwerpseweg 195,2020-08-12,21:00:00,7,3,4,FMN GV 10 Beerse
39,Antwerpseweg 195,2020-08-12,22:00:00,5,4,1,FMN GV 10 Beerse
39,Antwerpseweg 195,2020-08-12,23:00:00,1,1,0,FMN GV 10 Beerse
39,Antwerpseweg 195,2020-08-13,00:00:00,3,2,1,FMN GV 10 Beerse
39,Antwerpseweg 195,2020-08-13,01:00:00,0,0,0,FMN GV 10 Beerse
39,Antwerpseweg 195,2020-08-13,02:00:00,0,0,0,FMN GV 10 Beerse
39,Antwerpseweg 195,2020-08-13,03:00:00,0,0,0,FMN GV 10 Beerse
39,Antwerpseweg 195,2020-08-13,04:00:00,0,0,0,FMN GV 10 Beerse
39,Antwerpseweg 195,2020-08-13,05:00:00,10,8,2,FMN GV 10 Beerse
39,Antwerpseweg 195,2020-08-13,06:00:00,20,19,1,FMN GV 10 Beerse
39,Antwerpseweg 195,2020-08-13,07:00:00,18,15,3,FMN GV 10 Beerse
39,Antwerpseweg 195,2020-08-13,08:00:00,17,9,8,FMN GV 10 Beerse
39,Antwerpseweg 195,2020-08-13,09:00:00,28,19,9,FMN GV 10 Beerse
39,Antwerpseweg 195,2020-08-13,10:00:00,17,15,2,FMN GV 10 Beerse
39,Antwerpseweg 195,2020-08-13,11:00:00,15,13,2,FMN GV 10 Beerse
39,Antwerpseweg 195,2020-08-13,12:00:00,21,13,8,FMN GV 10 Beerse
39,Antwerpseweg 195,2020-08-13,13:00:00,17,11,6,FMN GV 10 Beerse
39,Antwerpseweg 195,2020-08-13,14:00:00,21,15,6,FMN GV 10 Beerse
39,Antwerpseweg 195,2020-08-13,15:00:00,25,12,13,FMN GV 10 Beerse
39,Antwerpseweg 195,2020-08-13,16:00:00,15,12,3,FMN GV 10 Beerse
39,Antwerpseweg 195,2020-08-13,17:00:00,23,18,5,FMN GV 10 Beerse
39,Antwerpseweg 195,2020-08-13,18:00:00,5,3,2,FMN GV 10 Beerse
39,Antwerpseweg 195,2020-08-13,19:00:00,3,2,1,FMN GV 10 Beerse
39,Antwerpseweg 195,2020-08-13,20:00:00,6,4,2,FMN GV 10 Beerse
39,Antwerpseweg 195,2020-08-13,21:00:00,3,2,1,FMN GV 10 Beerse
39,Antwerpseweg 195,2020-08-13,22:00:00,6,5,1,FMN GV 10 Beerse
39,Antwerpseweg 195,2020-08-13,23:00:00,1,1,0,FMN GV 10 Beerse
39,Antwerpseweg 195,2020-08-14,00:00:00,1,1,0,FMN GV 10 Beerse
39,Antwerpseweg 195,2020-08-14,01:00:00,0,0,0,FMN GV 10 Beerse
39,Antwerpseweg 195,2020-08-14,02:00:00,0,0,0,FMN GV 10 Beerse
39,Antwerpseweg 195,2020-08-14,03:00:00,0,0,0,FMN GV 10 Beerse
39,Antwerpseweg 195,2020-08-14,04:00:00,2,2,0,FMN GV 10 Beerse
39,Antwerpseweg 195,2020-08-14,05:00:00,8,6,2,FMN GV 10 Beerse
39,Antwerpseweg 195,2020-08-14,06:00:00,16,16,0,FMN GV 10 Beerse
39,Antwerpseweg 195,2020-08-14,07:00:00,15,15,0,FMN GV 10 Beerse
39,Antwerpseweg 195,2020-08-14,08:00:00,7,5,2,FMN GV 10 Beerse
39,Antwerpseweg 195,2020-08-14,09:00:00,20,17,3,FMN GV 10 Beerse
39,Antwerpseweg 195,2020-08-14,10:00:00,15,13,2,FMN GV 10 Beerse
39,Antwerpseweg 195,2020-08-14,11:00:00,26,20,6,FMN GV 10 Beerse
39,Antwerpseweg 195,2020-08-14,12:00:00,24,14,10,FMN GV 10 Beerse
39,Antwerpseweg 195,2020-08-14,13:00:00,11,8,3,FMN GV 10 Beerse
39,Antwerpseweg 195,2020-08-14,14:00:00,22,13,9,FMN GV 10 Beerse
39,Antwerpseweg 195,2020-08-14,15:00:00,26,18,8,FMN GV 10 Beerse
39,Antwerpseweg 195,2020-08-14,16:00:00,18,12,6,FMN GV 10 Beerse
39,Antwerpseweg 195,2020-08-14,17:00:00,17,14,3,FMN GV 10 Beerse
39,Antwerpseweg 195,2020-08-14,18:00:00,8,6,2,FMN GV 10 Beerse
39,Antwerpseweg 195,2020-08-14,19:00:00,12,8,4,FMN GV 10 Beerse
39,Antwerpseweg 195,2020-08-14,20:00:00,16,11,5,FMN GV 10 Beerse
39,Antwerpseweg 195,2020-08-14,21:00:00,7,4,3,FMN GV 10 Beerse
39,Antwerpseweg 195,2020-08-14,22:00:00,4,3,1,FMN GV 10 Beerse
39,Antwerpseweg 195,2020-08-14,23:00:00,8,1,7,FMN GV 10 Beerse
39,Antwerpseweg 195,2020-08-15,00:00:00,4,4,0,FMN GV 10 Beerse
39,Antwerpseweg 195,2020-08-15,01:00:00,1,1,0,FMN GV 10 Beerse
39,Antwerpseweg 195,2020-08-15,02:00:00,0,0,0,FMN GV 10 Beerse
39,Antwerpseweg 195,2020-08-15,03:00:00,1,1,0,FMN GV 10 Beerse
39,Antwerpseweg 195,2020-08-15,04:00:00,0,0,0,FMN GV 10 Beerse
39,Antwerpseweg 195,2020-08-15,05:00:00,3,3,0,FMN GV 10 Beerse
39,Antwerpseweg 195,2020-08-15,06:00:00,1,0,1,FMN GV 10 Beerse
39,Antwerpseweg 195,2020-08-15,07:00:00,6,3,3,FMN GV 10 Beerse
39,Antwerpseweg 195,2020-08-15,08:00:00,15,9,6,FMN GV 10 Beerse
39,Antwerpseweg 195,2020-08-15,09:00:00,21,12,9,FMN GV 10 Beerse
39,Antwerpseweg 195,2020-08-15,10:00:00,37,25,12,FMN GV 10 Beerse
39,Antwerpseweg 195,2020-08-15,11:00:00,27,23,4,FMN GV 10 Beerse
39,Antwerpseweg 195,2020-08-15,12:00:00,25,21,4,FMN GV 10 Beerse
39,Antwerpseweg 195,2020-08-15,13:00:00,36,25,11,FMN GV 10 Beerse
39,Antwerpseweg 195,2020-08-15,14:00:00,30,24,6,FMN GV 10 Beerse
39,Antwerpseweg 195,2020-08-15,15:00:00,33,13,20,FMN GV 10 Beerse
39,Antwerpseweg 195,2020-08-15,16:00:00,22,18,4,FMN GV 10 Beerse
39,Antwerpseweg 195,2020-08-15,17:00:00,30,21,9,FMN GV 10 Beerse
39,Antwerpseweg 195,2020-08-15,18:00:00,17,9,8,FMN GV 10 Beerse
39,Antwerpseweg 195,2020-08-15,19:00:00,7,5,2,FMN GV 10 Beerse
39,Antwerpseweg 195,2020-08-15,20:00:00,4,4,0,FMN GV 10 Beerse
39,Antwerpseweg 195,2020-08-15,21:00:00,7,5,2,FMN GV 10 Beerse
39,Antwerpseweg 195,2020-08-15,22:00:00,6,5,1,FMN GV 10 Beerse
39,Antwerpseweg 195,2020-08-15,23:00:00,5,5,0,FMN GV 10 Beerse
39,Antwerpseweg 195,2020-08-16,00:00:00,4,4,0,FMN GV 10 Beerse
39,Antwerpseweg 195,2020-08-16,01:00:00,6,4,2,FMN GV 10 Beerse
39,Antwerpseweg 195,2020-08-16,02:00:00,3,1,2,FMN GV 10 Beerse
39,Antwerpseweg 195,2020-08-16,03:00:00,1,1,0,FMN GV 10 Beerse
39,Antwerpseweg 195,2020-08-16,04:00:00,0,0,0,FMN GV 10 Beerse
39,Antwerpseweg 195,2020-08-16,05:00:00,1,1,0,FMN GV 10 Beerse
39,Antwerpseweg 195,2020-08-16,06:00:00,0,0,0,FMN GV 10 Beerse
39,Antwerpseweg 195,2020-08-16,07:00:00,4,2,2,FMN GV 10 Beerse
39,Antwerpseweg 195,2020-08-16,08:00:00,18,15,3,FMN GV 10 Beerse
39,Antwerpseweg 195,2020-08-16,09:00:00,32,25,7,FMN GV 10 Beerse
39,Antwerpseweg 195,2020-08-16,10:00:00,76,58,18,FMN GV 10 Beerse
39,Antwerpseweg 195,2020-08-16,11:00:00,56,40,16,FMN GV 10 Beerse
39,Antwerpseweg 195,2020-08-16,12:00:00,47,32,15,FMN GV 10 Beerse
39,Antwerpseweg 195,2020-08-16,13:00:00,41,30,11,FMN GV 10 Beerse
39,Antwerpseweg 195,2020-08-16,14:00:00,63,42,21,FMN GV 10 Beerse
39,Antwerpseweg 195,2020-08-16,15:00:00,61,38,23,FMN GV 10 Beerse
39,Antwerpseweg 195,2020-08-16,16:00:00,34,25,9,FMN GV 10 Beerse
39,Antwerpseweg 195,2020-08-16,17:00:00,19,12,7,FMN GV 10 Beerse
39,Antwerpseweg 195,2020-08-16,18:00:00,13,7,6,FMN GV 10 Beerse
39,Antwerpseweg 195,2020-08-16,19:00:00,7,6,1,FMN GV 10 Beerse
39,Antwerpseweg 195,2020-08-16,20:00:00,3,2,1,FMN GV 10 Beerse
39,Antwerpseweg 195,2020-08-16,21:00:00,2,2,0,FMN GV 10 Beerse
39,Antwerpseweg 195,2020-08-16,22:00:00,3,3,0,FMN GV 10 Beerse
39,Antwerpseweg 195,2020-08-16,23:00:00,0,0,0,FMN GV 10 Beerse
39,Antwerpseweg 195,2020-08-17,00:00:00,0,0,0,FMN GV 10 Beerse
39,Antwerpseweg 195,2020-08-17,01:00:00,1,1,0,FMN GV 10 Beerse
39,Antwerpseweg 195,2020-08-17,02:00:00,0,0,0,FMN GV 10 Beerse
39,Antwerpseweg 195,2020-08-17,03:00:00,1,0,1,FMN GV 10 Beerse
39,Antwerpseweg 195,2020-08-17,04:00:00,1,1,0,FMN GV 10 Beerse
39,Antwerpseweg 195,2020-08-17,05:00:00,7,6,1,FMN GV 10 Beerse
39,Antwerpseweg 195,2020-08-17,06:00:00,11,10,1,FMN GV 10 Beerse
39,Antwerpseweg 195,2020-08-17,07:00:00,21,17,4,FMN GV 10 Beerse
39,Antwerpseweg 195,2020-08-17,08:00:00,16,14,2,FMN GV 10 Beerse
39,Antwerpseweg 195,2020-08-17,09:00:00,11,9,2,FMN GV 10 Beerse
39,Antwerpseweg 195,2020-08-17,10:00:00,29,23,6,FMN GV 10 Beerse
39,Antwerpseweg 195,2020-08-17,11:00:00,20,14,6,FMN GV 10 Beerse
39,Antwerpseweg 195,2020-08-17,12:00:00,32,22,10,FMN GV 10 Beerse
39,Antwerpseweg 195,2020-08-17,13:00:00,19,17,2,FMN GV 10 Beerse
39,Antwerpseweg 195,2020-08-17,14:00:00,41,31,10,FMN GV 10 Beerse
39,Antwerpseweg 195,2020-08-17,15:00:00,43,29,14,FMN GV 10 Beerse
39,Antwerpseweg 195,2020-08-17,16:00:00,28,19,9,FMN GV 10 Beerse
39,Antwerpseweg 195,2020-08-17,17:00:00,38,21,17,FMN GV 10 Beerse
39,Antwerpseweg 195,2020-08-17,18:00:00,28,18,10,FMN GV 10 Beerse
39,Antwerpseweg 195,2020-08-17,19:00:00,19,14,5,FMN GV 10 Beerse
39,Antwerpseweg 195,2020-08-17,20:00:00,10,5,5,FMN GV 10 Beerse
39,Antwerpseweg 195,2020-08-17,21:00:00,5,5,0,FMN GV 10 Beerse
39,Antwerpseweg 195,2020-08-17,22:00:00,7,5,2,FMN GV 10 Beerse
39,Antwerpseweg 195,2020-08-17,23:00:00,0,0,0,FMN GV 10 Beerse
39,Antwerpseweg 195,2020-08-18,00:00:00,0,0,0,FMN GV 10 Beerse
39,Antwerpseweg 195,2020-08-18,01:00:00,1,0,1,FMN GV 10 Beerse
39,Antwerpseweg 195,2020-08-18,02:00:00,1,1,0,FMN GV 10 Beerse
39,Antwerpseweg 195,2020-08-18,03:00:00,0,0,0,FMN GV 10 Beerse
39,Antwerpseweg 195,2020-08-18,04:00:00,0,0,0,FMN GV 10 Beerse
39,Antwerpseweg 195,2020-08-18,05:00:00,12,8,4,FMN GV 10 Beerse
39,Antwerpseweg 195,2020-08-18,06:00:00,15,15,0,FMN GV 10 Beerse
39,Antwerpseweg 195,2020-08-18,07:00:00,28,23,5,FMN GV 10 Beerse
39,Antwerpseweg 195,2020-08-18,08:00:00,16,9,7,FMN GV 10 Beerse
39,Antwerpseweg 195,2020-08-18,09:00:00,17,13,4,FMN GV 10 Beerse
39,Antwerpseweg 195,2020-08-18,10:00:00,14,13,1,FMN GV 10 Beerse
39,Antwerpseweg 195,2020-08-18,11:00:00,14,9,5,FMN GV 10 Beerse
39,Antwerpseweg 195,2020-08-18,12:00:00,25,20,5,FMN GV 10 Beerse
39,Antwerpseweg 195,2020-08-18,13:00:00,35,22,13,FMN GV 10 Beerse
39,Antwerpseweg 195,2020-08-18,14:00:00,48,32,16,FMN GV 10 Beerse
39,Antwerpseweg 195,2020-08-18,15:00:00,47,30,17,FMN GV 10 Beerse
39,Antwerpseweg 195,2020-08-18,16:00:00,54,45,9,FMN GV 10 Beerse
39,Antwerpseweg 195,2020-08-18,17:00:00,34,28,6,FMN GV 10 Beerse
39,Antwerpseweg 195,2020-08-18,18:00:00,17,11,6,FMN GV 10 Beerse
39,Antwerpseweg 195,2020-08-18,19:00:00,19,11,8,FMN GV 10 Beerse
39,Antwerpseweg 195,2020-08-18,20:00:00,23,20,3,FMN GV 10 Beerse
39,Antwerpseweg 195,2020-08-18,21:00:00,8,5,3,FMN GV 10 Beerse
39,Antwerpseweg 195,2020-08-18,22:00:00,9,5,4,FMN GV 10 Beerse
39,Antwerpseweg 195,2020-08-18,23:00:00,1,1,0,FMN GV 10 Beerse
39,Antwerpseweg 195,2020-08-19,00:00:00,0,0,0,FMN GV 10 Beerse
39,Antwerpseweg 195,2020-08-19,01:00:00,1,0,1,FMN GV 10 Beerse
39,Antwerpseweg 195,2020-08-19,02:00:00,0,0,0,FMN GV 10 Beerse
39,Antwerpseweg 195,2020-08-19,03:00:00,0,0,0,FMN GV 10 Beerse
39,Antwerpseweg 195,2020-08-19,04:00:00,1,1,0,FMN GV 10 Beerse
39,Antwerpseweg 195,2020-08-19,05:00:00,13,11,2,FMN GV 10 Beerse
39,Antwerpseweg 195,2020-08-19,06:00:00,18,17,1,FMN GV 10 Beerse
39,Antwerpseweg 195,2020-08-19,07:00:00,23,21,2,FMN GV 10 Beerse
39,Antwerpseweg 195,2020-08-19,08:00:00,16,10,6,FMN GV 10 Beerse
39,Antwerpseweg 195,2020-08-19,09:00:00,13,10,3,FMN GV 10 Beerse
39,Antwerpseweg 195,2020-08-19,10:00:00,28,21,7,FMN GV 10 Beerse
39,Antwerpseweg 195,2020-08-19,11:00:00,28,15,13,FMN GV 10 Beerse
39,Antwerpseweg 195,2020-08-19,12:00:00,29,16,13,FMN GV 10 Beerse
39,Antwerpseweg 195,2020-08-19,13:00:00,45,31,14,FMN GV 10 Beerse
39,Antwerpseweg 195,2020-08-19,14:00:00,36,26,10,FMN GV 10 Beerse
39,Antwerpseweg 195,2020-08-19,15:00:00,41,15,26,FMN GV 10 Beerse
39,Antwerpseweg 195,2020-08-19,16:00:00,57,41,16,FMN GV 10 Beerse
39,Antwerpseweg 195,2020-08-19,17:00:00,43,34,9,FMN GV 10 Beerse
39,Antwerpseweg 195,2020-08-19,18:00:00,19,17,2,FMN GV 10 Beerse
39,Antwerpseweg 195,2020-08-19,19:00:00,14,9,5,FMN GV 10 Beerse
39,Antwerpseweg 195,2020-08-19,20:00:00,7,3,4,FMN GV 10 Beerse
39,Antwerpseweg 195,2020-08-19,21:00:00,2,2,0,FMN GV 10 Beerse
39,Antwerpseweg 195,2020-08-19,22:00:00,5,3,2,FMN GV 10 Beerse
39,Antwerpseweg 195,2020-08-19,23:00:00,0,0,0,FMN GV 10 Beerse
39,Antwerpseweg 195,2020-08-20,00:00:00,3,3,0,FMN GV 10 Beerse
39,Antwerpseweg 195,2020-08-20,01:00:00,0,0,0,FMN GV 10 Beerse
39,Antwerpseweg 195,2020-08-20,02:00:00,0,0,0,FMN GV 10 Beerse
39,Antwerpseweg 195,2020-08-20,03:00:00,0,0,0,FMN GV 10 Beerse
39,Antwerpseweg 195,2020-08-20,04:00:00,3,3,0,FMN GV 10 Beerse
39,Antwerpseweg 195,2020-08-20,05:00:00,11,9,2,FMN GV 10 Beerse
39,Antwerpseweg 195,2020-08-20,06:00:00,10,9,1,FMN GV 10 Beerse
39,Antwerpseweg 195,2020-08-20,07:00:00,31,28,3,FMN GV 10 Beerse
39,Antwerpseweg 195,2020-08-20,08:00:00,13,6,7,FMN GV 10 Beerse
39,Antwerpseweg 195,2020-08-20,09:00:00,16,8,8,FMN GV 10 Beerse
39,Antwerpseweg 195,2020-08-20,10:00:00,13,8,5,FMN GV 10 Beerse
39,Antwerpseweg 195,2020-08-20,11:00:00,22,15,7,FMN GV 10 Beerse
39,Antwerpseweg 195,2020-08-20,12:00:00,30,16,14,FMN GV 10 Beerse
39,Antwerpseweg 195,2020-08-20,13:00:00,39,28,11,FMN GV 10 Beerse
39,Antwerpseweg 195,2020-08-20,14:00:00,36,29,7,FMN GV 10 Beerse
39,Antwerpseweg 195,2020-08-20,15:00:00,45,19,26,FMN GV 10 Beerse
39,Antwerpseweg 195,2020-08-20,16:00:00,50,34,16,FMN GV 10 Beerse
39,Antwerpseweg 195,2020-08-20,17:00:00,49,32,17,FMN GV 10 Beerse
39,Antwerpseweg 195,2020-08-20,18:00:00,25,16,9,FMN GV 10 Beerse
39,Antwerpseweg 195,2020-08-20,19:00:00,26,16,10,FMN GV 10 Beerse
39,Antwerpseweg 195,2020-08-20,20:00:00,18,12,6,FMN GV 10 Beerse
39,Antwerpseweg 195,2020-08-20,21:00:00,14,9,5,FMN GV 10 Beerse
39,Antwerpseweg 195,2020-08-20,22:00:00,8,4,4,FMN GV 10 Beerse
39,Antwerpseweg 195,2020-08-20,23:00:00,0,0,0,FMN GV 10 Beerse
39,Antwerpseweg 195,2020-08-21,00:00:00,2,2,0,FMN GV 10 Beerse
39,Antwerpseweg 195,2020-08-21,01:00:00,0,0,0,FMN GV 10 Beerse
39,Antwerpseweg 195,2020-08-21,02:00:00,0,0,0,FMN GV 10 Beerse
39,Antwerpseweg 195,2020-08-21,03:00:00,0,0,0,FMN GV 10 Beerse
39,Antwerpseweg 195,2020-08-21,04:00:00,0,0,0,FMN GV 10 Beerse
39,Antwerpseweg 195,2020-08-21,05:00:00,12,9,3,FMN GV 10 Beerse
39,Antwerpseweg 195,2020-08-21,06:00:00,10,10,0,FMN GV 10 Beerse
39,Antwerpseweg 195,2020-08-21,07:00:00,10,9,1,FMN GV 10 Beerse
39,Antwerpseweg 195,2020-08-21,08:00:00,11,8,3,FMN GV 10 Beerse
39,Antwerpseweg 195,2020-08-21,09:00:00,11,8,3,FMN GV 10 Beerse
39,Antwerpseweg 195,2020-08-21,10:00:00,12,8,4,FMN GV 10 Beerse
39,Antwerpseweg 195,2020-08-21,11:00:00,18,11,7,FMN GV 10 Beerse
39,Antwerpseweg 195,2020-08-21,12:00:00,37,25,12,FMN GV 10 Beerse
39,Antwerpseweg 195,2020-08-21,13:00:00,27,11,16,FMN GV 10 Beerse
39,Antwerpseweg 195,2020-08-21,14:00:00,38,27,11,FMN GV 10 Beerse
39,Antwerpseweg 195,2020-08-21,15:00:00,27,17,10,FMN GV 10 Beerse
39,Antwerpseweg 195,2020-08-21,16:00:00,40,21,19,FMN GV 10 Beerse
39,Antwerpseweg 195,2020-08-21,17:00:00,29,17,12,FMN GV 10 Beerse
39,Antwerpseweg 195,2020-08-21,18:00:00,23,16,7,FMN GV 10 Beerse
39,Antwerpseweg 195,2020-08-21,19:00:00,11,7,4,FMN GV 10 Beerse
39,Antwerpseweg 195,2020-08-21,20:00:00,9,6,3,FMN GV 10 Beerse
39,Antwerpseweg 195,2020-08-21,21:00:00,7,7,0,FMN GV 10 Beerse
39,Antwerpseweg 195,2020-08-21,22:00:00,6,5,1,FMN GV 10 Beerse
39,Antwerpseweg 195,2020-08-21,23:00:00,3,0,3,FMN GV 10 Beerse
39,Antwerpseweg 195,2020-08-22,00:00:00,2,2,0,FMN GV 10 Beerse
39,Antwerpseweg 195,2020-08-22,01:00:00,6,6,0,FMN GV 10 Beerse
39,Antwerpseweg 195,2020-08-22,02:00:00,1,1,0,FMN GV 10 Beerse
39,Antwerpseweg 195,2020-08-22,03:00:00,1,1,0,FMN GV 10 Beerse
39,Antwerpseweg 195,2020-08-22,04:00:00,0,0,0,FMN GV 10 Beerse
39,Antwerpseweg 195,2020-08-22,05:00:00,0,0,0,FMN GV 10 Beerse
39,Antwerpseweg 195,2020-08-22,06:00:00,1,1,0,FMN GV 10 Beerse
39,Antwerpseweg 195,2020-08-22,07:00:00,7,5,2,FMN GV 10 Beerse
39,Antwerpseweg 195,2020-08-22,08:00:00,8,5,3,FMN GV 10 Beerse
39,Antwerpseweg 195,2020-08-22,09:00:00,16,7,9,FMN GV 10 Beerse
39,Antwerpseweg 195,2020-08-22,10:00:00,26,13,13,FMN GV 10 Beerse
39,Antwerpseweg 195,2020-08-22,11:00:00,20,18,2,FMN GV 10 Beerse
39,Antwerpseweg 195,2020-08-22,12:00:00,21,13,8,FMN GV 10 Beerse
39,Antwerpseweg 195,2020-08-22,13:00:00,23,20,3,FMN GV 10 Beerse
39,Antwerpseweg 195,2020-08-22,14:00:00,27,17,10,FMN GV 10 Beerse
39,Antwerpseweg 195,2020-08-22,15:00:00,15,11,4,FMN GV 10 Beerse
39,Antwerpseweg 195,2020-08-22,16:00:00,30,14,16,FMN GV 10 Beerse
39,Antwerpseweg 195,2020-08-22,17:00:00,30,19,11,FMN GV 10 Beerse
39,Antwerpseweg 195,2020-08-22,18:00:00,11,6,5,FMN GV 10 Beerse
39,Antwerpseweg 195,2020-08-22,19:00:00,7,4,3,FMN GV 10 Beerse
39,Antwerpseweg 195,2020-08-22,20:00:00,7,7,0,FMN GV 10 Beerse
39,Antwerpseweg 195,2020-08-22,21:00:00,3,2,1,FMN GV 10 Beerse
39,Antwerpseweg 195,2020-08-22,22:00:00,6,5,1,FMN GV 10 Beerse
39,Antwerpseweg 195,2020-08-22,23:00:00,0,0,0,FMN GV 10 Beerse
39,Antwerpseweg 195,2020-08-23,00:00:00,6,5,1,FMN GV 10 Beerse
39,Antwerpseweg 195,2020-08-23,01:00:00,2,1,1,FMN GV 10 Beerse
39,Antwerpseweg 195,2020-08-23,02:00:00,0,0,0,FMN GV 10 Beerse
39,Antwerpseweg 195,2020-08-23,03:00:00,1,1,0,FMN GV 10 Beerse
39,Antwerpseweg 195,2020-08-23,04:00:00,0,0,0,FMN GV 10 Beerse
39,Antwerpseweg 195,2020-08-23,05:00:00,1,1,0,FMN GV 10 Beerse
39,Antwerpseweg 195,2020-08-23,06:00:00,0,0,0,FMN GV 10 Beerse
39,Antwerpseweg 195,2020-08-23,07:00:00,3,2,1,FMN GV 10 Beerse
39,Antwerpseweg 195,2020-08-23,08:00:00,12,10,2,FMN GV 10 Beerse
39,Antwerpseweg 195,2020-08-23,09:00:00,17,16,1,FMN GV 10 Beerse
39,Antwerpseweg 195,2020-08-23,10:00:00,28,14,14,FMN GV 10 Beerse
39,Antwerpseweg 195,2020-08-23,11:00:00,36,21,15,FMN GV 10 Beerse
39,Antwerpseweg 195,2020-08-23,12:00:00,13,5,8,FMN GV 10 Beerse
39,Antwerpseweg 195,2020-08-23,13:00:00,12,12,0,FMN GV 10 Beerse
39,Antwerpseweg 195,2020-08-23,14:00:00,19,9,10,FMN GV 10 Beerse
39,Antwerpseweg 195,2020-08-23,15:00:00,35,20,15,FMN GV 10 Beerse
39,Antwerpseweg 195,2020-08-23,16:00:00,15,13,2,FMN GV 10 Beerse
39,Antwerpseweg 195,2020-08-23,17:00:00,13,9,4,FMN GV 10 Beerse
39,Antwerpseweg 195,2020-08-23,18:00:00,20,14,6,FMN GV 10 Beerse
39,Antwerpseweg 195,2020-08-23,19:00:00,13,8,5,FMN GV 10 Beerse
39,Antwerpseweg 195,2020-08-23,20:00:00,15,8,7,FMN GV 10 Beerse
39,Antwerpseweg 195,2020-08-23,21:00:00,5,3,2,FMN GV 10 Beerse
39,Antwerpseweg 195,2020-08-23,22:00:00,2,1,1,FMN GV 10 Beerse
39,Antwerpseweg 195,2020-08-23,23:00:00,3,3,0,FMN GV 10 Beerse
39,Antwerpseweg 195,2020-08-24,00:00:00,0,0,0,FMN GV 10 Beerse
39,Antwerpseweg 195,2020-08-24,01:00:00,0,0,0,FMN GV 10 Beerse
39,Antwerpseweg 195,2020-08-24,02:00:00,0,0,0,FMN GV 10 Beerse
39,Antwerpseweg 195,2020-08-24,03:00:00,0,0,0,FMN GV 10 Beerse
39,Antwerpseweg 195,2020-08-24,04:00:00,1,0,1,FMN GV 10 Beerse
39,Antwerpseweg 195,2020-08-24,05:00:00,9,9,0,FMN GV 10 Beerse
39,Antwerpseweg 195,2020-08-24,06:00:00,9,6,3,FMN GV 10 Beerse
39,Antwerpseweg 195,2020-08-24,07:00:00,27,20,7,FMN GV 10 Beerse
39,Antwerpseweg 195,2020-08-24,08:00:00,15,7,8,FMN GV 10 Beerse
39,Antwerpseweg 195,2020-08-24,09:00:00,5,4,1,FMN GV 10 Beerse
39,Antwerpseweg 195,2020-08-24,10:00:00,12,6,6,FMN GV 10 Beerse
39,Antwerpseweg 195,2020-08-24,11:00:00,15,12,3,FMN GV 10 Beerse
39,Antwerpseweg 195,2020-08-24,12:00:00,14,11,3,FMN GV 10 Beerse
39,Antwerpseweg 195,2020-08-24,13:00:00,25,21,4,FMN GV 10 Beerse
39,Antwerpseweg 195,2020-08-24,14:00:00,37,26,11,FMN GV 10 Beerse
39,Antwerpseweg 195,2020-08-24,15:00:00,26,12,14,FMN GV 10 Beerse
39,Antwerpseweg 195,2020-08-24,16:00:00,40,36,4,FMN GV 10 Beerse
39,Antwerpseweg 195,2020-08-24,17:00:00,22,17,5,FMN GV 10 Beerse
39,Antwerpseweg 195,2020-08-24,18:00:00,15,13,2,FMN GV 10 Beerse
39,Antwerpseweg 195,2020-08-24,19:00:00,16,12,4,FMN GV 10 Beerse
39,Antwerpseweg 195,2020-08-24,20:00:00,6,6,0,FMN GV 10 Beerse
39,Antwerpseweg 195,2020-08-24,21:00:00,2,2,0,FMN GV 10 Beerse
39,Antwerpseweg 195,2020-08-24,22:00:00,11,7,4,FMN GV 10 Beerse
39,Antwerpseweg 195,2020-08-24,23:00:00,1,1,0,FMN GV 10 Beerse
39,Antwerpseweg 195,2020-08-25,00:00:00,0,0,0,FMN GV 10 Beerse
39,Antwerpseweg 195,2020-08-25,01:00:00,1,1,0,FMN GV 10 Beerse
39,Antwerpseweg 195,2020-08-25,02:00:00,0,0,0,FMN GV 10 Beerse
39,Antwerpseweg 195,2020-08-25,03:00:00,0,0,0,FMN GV 10 Beerse
39,Antwerpseweg 195,2020-08-25,04:00:00,0,0,0,FMN GV 10 Beerse
39,Antwerpseweg 195,2020-08-25,05:00:00,10,10,0,FMN GV 10 Beerse
39,Antwerpseweg 195,2020-08-25,06:00:00,10,9,1,FMN GV 10 Beerse
39,Antwerpseweg 195,2020-08-25,07:00:00,13,12,1,FMN GV 10 Beerse
39,Antwerpseweg 195,2020-08-25,08:00:00,19,11,8,FMN GV 10 Beerse
39,Antwerpseweg 195,2020-08-25,09:00:00,12,11,1,FMN GV 10 Beerse
39,Antwerpseweg 195,2020-08-25,10:00:00,15,11,4,FMN GV 10 Beerse
39,Antwerpseweg 195,2020-08-25,11:00:00,13,7,6,FMN GV 10 Beerse
39,Antwerpseweg 195,2020-08-25,12:00:00,16,8,8,FMN GV 10 Beerse
39,Antwerpseweg 195,2020-08-25,13:00:00,11,8,3,FMN GV 10 Beerse
39,Antwerpseweg 195,2020-08-25,14:00:00,20,13,7,FMN GV 10 Beerse
39,Antwerpseweg 195,2020-08-25,15:00:00,21,15,6,FMN GV 10 Beerse
39,Antwerpseweg 195,2020-08-25,16:00:00,28,26,2,FMN GV 10 Beerse
39,Antwerpseweg 195,2020-08-25,17:00:00,30,23,7,FMN GV 10 Beerse
39,Antwerpseweg 195,2020-08-25,18:00:00,12,9,3,FMN GV 10 Beerse
39,Antwerpseweg 195,2020-08-25,19:00:00,15,12,3,FMN GV 10 Beerse
39,Antwerpseweg 195,2020-08-25,20:00:00,9,8,1,FMN GV 10 Beerse
39,Antwerpseweg 195,2020-08-25,21:00:00,6,3,3,FMN GV 10 Beerse
39,Antwerpseweg 195,2020-08-25,22:00:00,7,5,2,FMN GV 10 Beerse
39,Antwerpseweg 195,2020-08-25,23:00:00,0,0,0,FMN GV 10 Beerse
39,Antwerpseweg 195,2020-08-26,00:00:00,1,1,0,FMN GV 10 Beerse
39,Antwerpseweg 195,2020-08-26,01:00:00,0,0,0,FMN GV 10 Beerse
39,Antwerpseweg 195,2020-08-26,02:00:00,0,0,0,FMN GV 10 Beerse
39,Antwerpseweg 195,2020-08-26,03:00:00,0,0,0,FMN GV 10 Beerse
39,Antwerpseweg 195,2020-08-26,04:00:00,0,0,0,FMN GV 10 Beerse
39,Antwerpseweg 195,2020-08-26,05:00:00,9,8,1,FMN GV 10 Beerse
39,Antwerpseweg 195,2020-08-26,06:00:00,4,4,0,FMN GV 10 Beerse
39,Antwerpseweg 195,2020-08-26,07:00:00,9,7,2,FMN GV 10 Beerse
39,Antwerpseweg 195,2020-08-26,08:00:00,12,7,5,FMN GV 10 Beerse
39,Antwerpseweg 195,2020-08-26,09:00:00,1,1,0,FMN GV 10 Beerse
39,Antwerpseweg 195,2020-08-26,10:00:00,5,4,1,FMN GV 10 Beerse
39,Antwerpseweg 195,2020-08-26,11:00:00,5,4,1,FMN GV 10 Beerse
39,Antwerpseweg 195,2020-08-26,12:00:00,2,2,0,FMN GV 10 Beerse
39,Antwerpseweg 195,2020-08-26,13:00:00,15,13,2,FMN GV 10 Beerse
39,Antwerpseweg 195,2020-08-26,14:00:00,8,4,4,FMN GV 10 Beerse
39,Antwerpseweg 195,2020-08-26,15:00:00,8,4,4,FMN GV 10 Beerse
39,Antwerpseweg 195,2020-08-26,16:00:00,25,23,2,FMN GV 10 Beerse
39,Antwerpseweg 195,2020-08-26,17:00:00,10,8,2,FMN GV 10 Beerse
39,Antwerpseweg 195,2020-08-26,18:00:00,10,8,2,FMN GV 10 Beerse
39,Antwerpseweg 195,2020-08-26,19:00:00,6,3,3,FMN GV 10 Beerse
39,Antwerpseweg 195,2020-08-26,20:00:00,5,5,0,FMN GV 10 Beerse
39,Antwerpseweg 195,2020-08-26,21:00:00,6,5,1,FMN GV 10 Beerse
39,Antwerpseweg 195,2020-08-26,22:00:00,6,5,1,FMN GV 10 Beerse
39,Antwerpseweg 195,2020-08-26,23:00:00,4,1,3,FMN GV 10 Beerse
39,Antwerpseweg 195,2020-08-27,00:00:00,0,0,0,FMN GV 10 Beerse
39,Antwerpseweg 195,2020-08-27,01:00:00,0,0,0,FMN GV 10 Beerse
39,Antwerpseweg 195,2020-08-27,02:00:00,0,0,0,FMN GV 10 Beerse
39,Antwerpseweg 195,2020-08-27,03:00:00,0,0,0,FMN GV 10 Beerse
39,Antwerpseweg 195,2020-08-27,04:00:00,0,0,0,FMN GV 10 Beerse
39,Antwerpseweg 195,2020-08-27,05:00:00,11,11,0,FMN GV 10 Beerse
39,Antwerpseweg 195,2020-08-27,06:00:00,9,9,0,FMN GV 10 Beerse
39,Antwerpseweg 195,2020-08-27,07:00:00,27,24,3,FMN GV 10 Beerse
39,Antwerpseweg 195,2020-08-27,08:00:00,23,13,10,FMN GV 10 Beerse
39,Antwerpseweg 195,2020-08-27,09:00:00,12,8,4,FMN GV 10 Beerse
39,Antwerpseweg 195,2020-08-27,10:00:00,10,8,2,FMN GV 10 Beerse
39,Antwerpseweg 195,2020-08-27,11:00:00,20,13,7,FMN GV 10 Beerse
39,Antwerpseweg 195,2020-08-27,12:00:00,27,18,9,FMN GV 10 Beerse
39,Antwerpseweg 195,2020-08-27,13:00:00,48,31,17,FMN GV 10 Beerse
39,Antwerpseweg 195,2020-08-27,14:00:00,49,27,22,FMN GV 10 Beerse
39,Antwerpseweg 195,2020-08-27,15:00:00,36,24,12,FMN GV 10 Beerse
39,Antwerpseweg 195,2020-08-27,16:00:00,80,63,17,FMN GV 10 Beerse
39,Antwerpseweg 195,2020-08-27,17:00:00,36,21,15,FMN GV 10 Beerse
39,Antwerpseweg 195,2020-08-27,18:00:00,32,27,5,FMN GV 10 Beerse
39,Antwerpseweg 195,2020-08-27,19:00:00,8,6,2,FMN GV 10 Beerse
39,Antwerpseweg 195,2020-08-27,20:00:00,12,8,4,FMN GV 10 Beerse
39,Antwerpseweg 195,2020-08-27,21:00:00,5,4,1,FMN GV 10 Beerse
39,Antwerpseweg 195,2020-08-27,22:00:00,7,3,4,FMN GV 10 Beerse
39,Antwerpseweg 195,2020-08-27,23:00:00,2,2,0,FMN GV 10 Beerse
39,Antwerpseweg 195,2020-08-28,00:00:00,1,1,0,FMN GV 10 Beerse
39,Antwerpseweg 195,2020-08-28,01:00:00,0,0,0,FMN GV 10 Beerse
39,Antwerpseweg 195,2020-08-28,02:00:00,1,1,0,FMN GV 10 Beerse
39,Antwerpseweg 195,2020-08-28,03:00:00,0,0,0,FMN GV 10 Beerse
39,Antwerpseweg 195,2020-08-28,04:00:00,0,0,0,FMN GV 10 Beerse
39,Antwerpseweg 195,2020-08-28,05:00:00,12,11,1,FMN GV 10 Beerse
39,Antwerpseweg 195,2020-08-28,06:00:00,6,6,0,FMN GV 10 Beerse
39,Antwerpseweg 195,2020-08-28,07:00:00,12,10,2,FMN GV 10 Beerse
39,Antwerpseweg 195,2020-08-28,08:00:00,10,6,4,FMN GV 10 Beerse
39,Antwerpseweg 195,2020-08-28,09:00:00,9,7,2,FMN GV 10 Beerse
39,Antwerpseweg 195,2020-08-28,10:00:00,5,5,0,FMN GV 10 Beerse
39,Antwerpseweg 195,2020-08-28,11:00:00,6,5,1,FMN GV 10 Beerse
39,Antwerpseweg 195,2020-08-28,12:00:00,15,12,3,FMN GV 10 Beerse
39,Antwerpseweg 195,2020-08-28,13:00:00,16,14,2,FMN GV 10 Beerse
39,Antwerpseweg 195,2020-08-28,14:00:00,12,8,4,FMN GV 10 Beerse
39,Antwerpseweg 195,2020-08-28,15:00:00,13,9,4,FMN GV 10 Beerse
39,Antwerpseweg 195,2020-08-28,16:00:00,14,12,2,FMN GV 10 Beerse
39,Antwerpseweg 195,2020-08-28,17:00:00,9,7,2,FMN GV 10 Beerse
39,Antwerpseweg 195,2020-08-28,18:00:00,11,8,3,FMN GV 10 Beerse
39,Antwerpseweg 195,2020-08-28,19:00:00,10,1,9,FMN GV 10 Beerse
39,Antwerpseweg 195,2020-08-28,20:00:00,7,5,2,FMN GV 10 Beerse
39,Antwerpseweg 195,2020-08-28,21:00:00,2,0,2,FMN GV 10 Beerse
39,Antwerpseweg 195,2020-08-28,22:00:00,4,2,2,FMN GV 10 Beerse
39,Antwerpseweg 195,2020-08-28,23:00:00,2,2,0,FMN GV 10 Beerse
39,Antwerpseweg 195,2020-08-29,00:00:00,4,4,0,FMN GV 10 Beerse
39,Antwerpseweg 195,2020-08-29,01:00:00,3,3,0,FMN GV 10 Beerse
39,Antwerpseweg 195,2020-08-29,02:00:00,0,0,0,FMN GV 10 Beerse
39,Antwerpseweg 195,2020-08-29,03:00:00,0,0,0,FMN GV 10 Beerse
39,Antwerpseweg 195,2020-08-29,04:00:00,1,1,0,FMN GV 10 Beerse
39,Antwerpseweg 195,2020-08-29,05:00:00,1,1,0,FMN GV 10 Beerse
39,Antwerpseweg 195,2020-08-29,06:00:00,1,1,0,FMN GV 10 Beerse
39,Antwerpseweg 195,2020-08-29,07:00:00,4,1,3,FMN GV 10 Beerse
39,Antwerpseweg 195,2020-08-29,08:00:00,6,2,4,FMN GV 10 Beerse
39,Antwerpseweg 195,2020-08-29,09:00:00,9,2,7,FMN GV 10 Beerse
39,Antwerpseweg 195,2020-08-29,10:00:00,18,12,6,FMN GV 10 Beerse
39,Antwerpseweg 195,2020-08-29,11:00:00,22,20,2,FMN GV 10 Beerse
39,Antwerpseweg 195,2020-08-29,12:00:00,18,15,3,FMN GV 10 Beerse
39,Antwerpseweg 195,2020-08-29,13:00:00,11,9,2,FMN GV 10 Beerse
39,Antwerpseweg 195,2020-08-29,14:00:00,31,18,13,FMN GV 10 Beerse
39,Antwerpseweg 195,2020-08-29,15:00:00,28,17,11,FMN GV 10 Beerse
39,Antwerpseweg 195,2020-08-29,16:00:00,28,20,8,FMN GV 10 Beerse
39,Antwerpseweg 195,2020-08-29,17:00:00,13,9,4,FMN GV 10 Beerse
39,Antwerpseweg 195,2020-08-29,18:00:00,14,5,9,FMN GV 10 Beerse
39,Antwerpseweg 195,2020-08-29,19:00:00,3,1,2,FMN GV 10 Beerse
39,Antwerpseweg 195,2020-08-29,20:00:00,3,2,1,FMN GV 10 Beerse
39,Antwerpseweg 195,2020-08-29,21:00:00,4,4,0,FMN GV 10 Beerse
39,Antwerpseweg 195,2020-08-29,22:00:00,1,1,0,FMN GV 10 Beerse
39,Antwerpseweg 195,2020-08-29,23:00:00,6,3,3,FMN GV 10 Beerse
39,Antwerpseweg 195,2020-08-30,00:00:00,4,3,1,FMN GV 10 Beerse
39,Antwerpseweg 195,2020-08-30,01:00:00,4,4,0,FMN GV 10 Beerse
39,Antwerpseweg 195,2020-08-30,02:00:00,0,0,0,FMN GV 10 Beerse
39,Antwerpseweg 195,2020-08-30,03:00:00,1,1,0,FMN GV 10 Beerse
39,Antwerpseweg 195,2020-08-30,04:00:00,2,1,1,FMN GV 10 Beerse
39,Antwerpseweg 195,2020-08-30,05:00:00,0,0,0,FMN GV 10 Beerse
39,Antwerpseweg 195,2020-08-30,06:00:00,1,1,0,FMN GV 10 Beerse
39,Antwerpseweg 195,2020-08-30,07:00:00,2,2,0,FMN GV 10 Beerse
39,Antwerpseweg 195,2020-08-30,08:00:00,9,8,1,FMN GV 10 Beerse
39,Antwerpseweg 195,2020-08-30,09:00:00,30,27,3,FMN GV 10 Beerse
39,Antwerpseweg 195,2020-08-30,10:00:00,43,32,11,FMN GV 10 Beerse
39,Antwerpseweg 195,2020-08-30,11:00:00,39,21,18,FMN GV 10 Beerse
39,Antwerpseweg 195,2020-08-30,12:00:00,22,10,12,FMN GV 10 Beerse
39,Antwerpseweg 195,2020-08-30,13:00:00,7,3,4,FMN GV 10 Beerse
39,Antwerpseweg 195,2020-08-30,14:00:00,10,7,3,FMN GV 10 Beerse
39,Antwerpseweg 195,2020-08-30,15:00:00,12,4,8,FMN GV 10 Beerse
39,Antwerpseweg 195,2020-08-30,16:00:00,3,0,3,FMN GV 10 Beerse
39,Antwerpseweg 195,2020-08-30,17:00:00,9,5,4,FMN GV 10 Beerse
39,Antwerpseweg 195,2020-08-30,18:00:00,7,5,2,FMN GV 10 Beerse
39,Antwerpseweg 195,2020-08-30,19:00:00,1,0,1,FMN GV 10 Beerse
39,Antwerpseweg 195,2020-08-30,20:00:00,3,1,2,FMN GV 10 Beerse
39,Antwerpseweg 195,2020-08-30,21:00:00,4,2,2,FMN GV 10 Beerse
39,Antwerpseweg 195,2020-08-30,22:00:00,4,3,1,FMN GV 10 Beerse
39,Antwerpseweg 195,2020-08-30,23:00:00,2,2,0,FMN GV 10 Beerse
39,Antwerpseweg 195,2020-08-31,00:00:00,0,0,0,FMN GV 10 Beerse
39,Antwerpseweg 195,2020-08-31,01:00:00,1,1,0,FMN GV 10 Beerse
39,Antwerpseweg 195,2020-08-31,02:00:00,0,0,0,FMN GV 10 Beerse
39,Antwerpseweg 195,2020-08-31,03:00:00,0,0,0,FMN GV 10 Beerse
39,Antwerpseweg 195,2020-08-31,04:00:00,2,2,0,FMN GV 10 Beerse
39,Antwerpseweg 195,2020-08-31,05:00:00,16,15,1,FMN GV 10 Beerse
39,Antwerpseweg 195,2020-08-31,06:00:00,10,10,0,FMN GV 10 Beerse
39,Antwerpseweg 195,2020-08-31,07:00:00,32,29,3,FMN GV 10 Beerse
39,Antwerpseweg 195,2020-08-31,08:00:00,10,10,0,FMN GV 10 Beerse
39,Antwerpseweg 195,2020-08-31,09:00:00,14,9,5,FMN GV 10 Beerse
39,Antwerpseweg 195,2020-08-31,10:00:00,16,9,7,FMN GV 10 Beerse
39,Antwerpseweg 195,2020-08-31,11:00:00,14,11,3,FMN GV 10 Beerse
39,Antwerpseweg 195,2020-08-31,12:00:00,12,6,6,FMN GV 10 Beerse
39,Antwerpseweg 195,2020-08-31,13:00:00,29,26,3,FMN GV 10 Beerse
39,Antwerpseweg 195,2020-08-31,14:00:00,38,29,9,FMN GV 10 Beerse
39,Antwerpseweg 195,2020-08-31,15:00:00,34,21,13,FMN GV 10 Beerse
39,Antwerpseweg 195,2020-08-31,16:00:00,43,32,11,FMN GV 10 Beerse
39,Antwerpseweg 195,2020-08-31,17:00:00,26,20,6,FMN GV 10 Beerse
39,Antwerpseweg 195,2020-08-31,18:00:00,23,18,5,FMN GV 10 Beerse
39,Antwerpseweg 195,2020-08-31,19:00:00,16,12,4,FMN GV 10 Beerse
39,Antwerpseweg 195,2020-08-31,20:00:00,7,3,4,FMN GV 10 Beerse
39,Antwerpseweg 195,2020-08-31,21:00:00,4,3,1,FMN GV 10 Beerse
39,Antwerpseweg 195,2020-08-31,22:00:00,8,5,3,FMN GV 10 Beerse
39,Antwerpseweg 195,2020-08-31,23:00:00,2,1,1,FMN GV 10 Beerse
39,Antwerpseweg 195,2020-09-01,00:00:00,0,0,0,FMN GV 10 Beerse
39,Antwerpseweg 195,2020-09-01,01:00:00,0,0,0,FMN GV 10 Beerse
39,Antwerpseweg 195,2020-09-01,02:00:00,0,0,0,FMN GV 10 Beerse
39,Antwerpseweg 195,2020-09-01,03:00:00,0,0,0,FMN GV 10 Beerse
39,Antwerpseweg 195,2020-09-01,04:00:00,0,0,0,FMN GV 10 Beerse
39,Antwerpseweg 195,2020-09-01,05:00:00,10,10,0,FMN GV 10 Beerse
39,Antwerpseweg 195,2020-09-01,06:00:00,19,17,2,FMN GV 10 Beerse
39,Antwerpseweg 195,2020-09-01,07:00:00,40,32,8,FMN GV 10 Beerse
39,Antwerpseweg 195,2020-09-01,08:00:00,34,29,5,FMN GV 10 Beerse
39,Antwerpseweg 195,2020-09-01,09:00:00,25,14,11,FMN GV 10 Beerse
39,Antwerpseweg 195,2020-09-01,10:00:00,17,15,2,FMN GV 10 Beerse
39,Antwerpseweg 195,2020-09-01,11:00:00,18,14,4,FMN GV 10 Beerse
39,Antwerpseweg 195,2020-09-01,12:00:00,36,26,10,FMN GV 10 Beerse
39,Antwerpseweg 195,2020-09-01,13:00:00,30,17,13,FMN GV 10 Beerse
39,Antwerpseweg 195,2020-09-01,14:00:00,34,21,13,FMN GV 10 Beerse
39,Antwerpseweg 195,2020-09-01,15:00:00,44,33,11,FMN GV 10 Beerse
39,Antwerpseweg 195,2020-09-01,16:00:00,83,68,15,FMN GV 10 Beerse
39,Antwerpseweg 195,2020-09-01,17:00:00,43,31,12,FMN GV 10 Beerse
39,Antwerpseweg 195,2020-09-01,18:00:00,21,17,4,FMN GV 10 Beerse
39,Antwerpseweg 195,2020-09-01,19:00:00,12,10,2,FMN GV 10 Beerse
39,Antwerpseweg 195,2020-09-01,20:00:00,9,7,2,FMN GV 10 Beerse
39,Antwerpseweg 195,2020-09-01,21:00:00,7,4,3,FMN GV 10 Beerse
39,Antwerpseweg 195,2020-09-01,22:00:00,5,4,1,FMN GV 10 Beerse
39,Antwerpseweg 195,2020-09-01,23:00:00,1,1,0,FMN GV 10 Beerse
39,Antwerpseweg 195,2020-09-02,00:00:00,0,0,0,FMN GV 10 Beerse
39,Antwerpseweg 195,2020-09-02,01:00:00,0,0,0,FMN GV 10 Beerse
39,Antwerpseweg 195,2020-09-02,02:00:00,0,0,0,FMN GV 10 Beerse
39,Antwerpseweg 195,2020-09-02,03:00:00,0,0,0,FMN GV 10 Beerse
39,Antwerpseweg 195,2020-09-02,04:00:00,2,2,0,FMN GV 10 Beerse
39,Antwerpseweg 195,2020-09-02,05:00:00,16,15,1,FMN GV 10 Beerse
39,Antwerpseweg 195,2020-09-02,06:00:00,14,13,1,FMN GV 10 Beerse
39,Antwerpseweg 195,2020-09-02,07:00:00,54,46,8,FMN GV 10 Beerse
39,Antwerpseweg 195,2020-09-02,08:00:00,34,27,7,FMN GV 10 Beerse
39,Antwerpseweg 195,2020-09-02,09:00:00,27,25,2,FMN GV 10 Beerse
39,Antwerpseweg 195,2020-09-02,10:00:00,18,12,6,FMN GV 10 Beerse
39,Antwerpseweg 195,2020-09-02,11:00:00,30,15,15,FMN GV 10 Beerse
39,Antwerpseweg 195,2020-09-02,12:00:00,86,70,16,FMN GV 10 Beerse
39,Antwerpseweg 195,2020-09-02,13:00:00,79,59,20,FMN GV 10 Beerse
39,Antwerpseweg 195,2020-09-02,14:00:00,50,32,18,FMN GV 10 Beerse
39,Antwerpseweg 195,2020-09-02,15:00:00,38,20,18,FMN GV 10 Beerse
39,Antwerpseweg 195,2020-09-02,16:00:00,57,38,19,FMN GV 10 Beerse
39,Antwerpseweg 195,2020-09-02,17:00:00,54,34,20,FMN GV 10 Beerse
39,Antwerpseweg 195,2020-09-02,18:00:00,37,24,13,FMN GV 10 Beerse
39,Antwerpseweg 195,2020-09-02,19:00:00,31,23,8,FMN GV 10 Beerse
39,Antwerpseweg 195,2020-09-02,20:00:00,18,8,10,FMN GV 10 Beerse
39,Antwerpseweg 195,2020-09-02,21:00:00,7,5,2,FMN GV 10 Beerse
39,Antwerpseweg 195,2020-09-02,22:00:00,9,8,1,FMN GV 10 Beerse
39,Antwerpseweg 195,2020-09-02,23:00:00,3,2,1,FMN GV 10 Beerse
39,Antwerpseweg 195,2020-09-03,00:00:00,0,0,0,FMN GV 10 Beerse
39,Antwerpseweg 195,2020-09-03,01:00:00,0,0,0,FMN GV 10 Beerse
39,Antwerpseweg 195,2020-09-03,02:00:00,1,0,1,FMN GV 10 Beerse
39,Antwerpseweg 195,2020-09-03,03:00:00,0,0,0,FMN GV 10 Beerse
39,Antwerpseweg 195,2020-09-03,04:00:00,1,1,0,FMN GV 10 Beerse
39,Antwerpseweg 195,2020-09-03,05:00:00,8,8,0,FMN GV 10 Beerse
39,Antwerpseweg 195,2020-09-03,06:00:00,11,10,1,FMN GV 10 Beerse
39,Antwerpseweg 195,2020-09-03,07:00:00,41,32,9,FMN GV 10 Beerse
39,Antwerpseweg 195,2020-09-03,08:00:00,13,10,3,FMN GV 10 Beerse
39,Antwerpseweg 195,2020-09-03,09:00:00,3,2,1,FMN GV 10 Beerse
39,Antwerpseweg 195,2020-09-03,10:00:00,6,4,2,FMN GV 10 Beerse
39,Antwerpseweg 195,2020-09-03,11:00:00,5,4,1,FMN GV 10 Beerse
39,Antwerpseweg 195,2020-09-03,12:00:00,12,10,2,FMN GV 10 Beerse
39,Antwerpseweg 195,2020-09-03,13:00:00,18,11,7,FMN GV 10 Beerse
39,Antwerpseweg 195,2020-09-03,14:00:00,22,12,10,FMN GV 10 Beerse
39,Antwerpseweg 195,2020-09-03,15:00:00,35,27,8,FMN GV 10 Beerse
39,Antwerpseweg 195,2020-09-03,16:00:00,53,43,10,FMN GV 10 Beerse
39,Antwerpseweg 195,2020-09-03,17:00:00,36,28,8,FMN GV 10 Beerse
39,Antwerpseweg 195,2020-09-03,18:00:00,14,10,4,FMN GV 10 Beerse
39,Antwerpseweg 195,2020-09-03,19:00:00,20,14,6,FMN GV 10 Beerse
39,Antwerpseweg 195,2020-09-03,20:00:00,12,8,4,FMN GV 10 Beerse
39,Antwerpseweg 195,2020-09-03,21:00:00,9,6,3,FMN GV 10 Beerse
39,Antwerpseweg 195,2020-09-03,22:00:00,4,3,1,FMN GV 10 Beerse
39,Antwerpseweg 195,2020-09-03,23:00:00,1,1,0,FMN GV 10 Beerse
39,Antwerpseweg 195,2020-09-04,00:00:00,1,0,1,FMN GV 10 Beerse
39,Antwerpseweg 195,2020-09-04,01:00:00,0,0,0,FMN GV 10 Beerse
39,Antwerpseweg 195,2020-09-04,02:00:00,0,0,0,FMN GV 10 Beerse
39,Antwerpseweg 195,2020-09-04,03:00:00,0,0,0,FMN GV 10 Beerse
39,Antwerpseweg 195,2020-09-04,04:00:00,1,1,0,FMN GV 10 Beerse
39,Antwerpseweg 195,2020-09-04,05:00:00,11,11,0,FMN GV 10 Beerse
39,Antwerpseweg 195,2020-09-04,06:00:00,12,12,0,FMN GV 10 Beerse
39,Antwerpseweg 195,2020-09-04,07:00:00,45,36,9,FMN GV 10 Beerse
39,Antwerpseweg 195,2020-09-04,08:00:00,26,20,6,FMN GV 10 Beerse
39,Antwerpseweg 195,2020-09-04,09:00:00,4,4,0,FMN GV 10 Beerse
39,Antwerpseweg 195,2020-09-04,10:00:00,10,10,0,FMN GV 10 Beerse
39,Antwerpseweg 195,2020-09-04,11:00:00,15,9,6,FMN GV 10 Beerse
39,Antwerpseweg 195,2020-09-04,12:00:00,17,15,2,FMN GV 10 Beerse
39,Antwerpseweg 195,2020-09-04,13:00:00,36,23,13,FMN GV 10 Beerse
39,Antwerpseweg 195,2020-09-04,14:00:00,34,29,5,FMN GV 10 Beerse
39,Antwerpseweg 195,2020-09-04,15:00:00,61,41,20,FMN GV 10 Beerse
39,Antwerpseweg 195,2020-09-04,16:00:00,54,40,14,FMN GV 10 Beerse
39,Antwerpseweg 195,2020-09-04,17:00:00,43,36,7,FMN GV 10 Beerse
39,Antwerpseweg 195,2020-09-04,18:00:00,14,9,5,FMN GV 10 Beerse
39,Antwerpseweg 195,2020-09-04,19:00:00,14,12,2,FMN GV 10 Beerse
39,Antwerpseweg 195,2020-09-04,20:00:00,13,7,6,FMN GV 10 Beerse
39,Antwerpseweg 195,2020-09-04,21:00:00,6,3,3,FMN GV 10 Beerse
39,Antwerpseweg 195,2020-09-04,22:00:00,4,4,0,FMN GV 10 Beerse
39,Antwerpseweg 195,2020-09-04,23:00:00,3,0,3,FMN GV 10 Beerse
39,Antwerpseweg 195,2020-09-05,00:00:00,3,3,0,FMN GV 10 Beerse
39,Antwerpseweg 195,2020-09-05,01:00:00,13,11,2,FMN GV 10 Beerse
39,Antwerpseweg 195,2020-09-05,02:00:00,3,2,1,FMN GV 10 Beerse
39,Antwerpseweg 195,2020-09-05,03:00:00,0,0,0,FMN GV 10 Beerse
39,Antwerpseweg 195,2020-09-05,04:00:00,0,0,0,FMN GV 10 Beerse
39,Antwerpseweg 195,2020-09-05,05:00:00,1,1,0,FMN GV 10 Beerse
39,Antwerpseweg 195,2020-09-05,06:00:00,1,1,0,FMN GV 10 Beerse
39,Antwerpseweg 195,2020-09-05,07:00:00,5,3,2,FMN GV 10 Beerse
39,Antwerpseweg 195,2020-09-05,08:00:00,6,3,3,FMN GV 10 Beerse
39,Antwerpseweg 195,2020-09-05,09:00:00,7,2,5,FMN GV 10 Beerse
39,Antwerpseweg 195,2020-09-05,10:00:00,19,15,4,FMN GV 10 Beerse
39,Antwerpseweg 195,2020-09-05,11:00:00,29,20,9,FMN GV 10 Beerse
39,Antwerpseweg 195,2020-09-05,12:00:00,24,17,7,FMN GV 10 Beerse
39,Antwerpseweg 195,2020-09-05,13:00:00,33,20,13,FMN GV 10 Beerse
39,Antwerpseweg 195,2020-09-05,14:00:00,37,25,12,FMN GV 10 Beerse
39,Antwerpseweg 195,2020-09-05,15:00:00,26,15,11,FMN GV 10 Beerse
39,Antwerpseweg 195,2020-09-05,16:00:00,39,21,18,FMN GV 10 Beerse
39,Antwerpseweg 195,2020-09-05,17:00:00,26,18,8,FMN GV 10 Beerse
39,Antwerpseweg 195,2020-09-05,18:00:00,14,12,2,FMN GV 10 Beerse
39,Antwerpseweg 195,2020-09-05,19:00:00,15,8,7,FMN GV 10 Beerse
39,Antwerpseweg 195,2020-09-05,20:00:00,14,12,2,FMN GV 10 Beerse
39,Antwerpseweg 195,2020-09-05,21:00:00,4,2,2,FMN GV 10 Beerse
39,Antwerpseweg 195,2020-09-05,22:00:00,3,2,1,FMN GV 10 Beerse
39,Antwerpseweg 195,2020-09-05,23:00:00,1,1,0,FMN GV 10 Beerse
39,Antwerpseweg 195,2020-09-06,00:00:00,1,1,0,FMN GV 10 Beerse
39,Antwerpseweg 195,2020-09-06,01:00:00,5,4,1,FMN GV 10 Beerse
39,Antwerpseweg 195,2020-09-06,02:00:00,4,4,0,FMN GV 10 Beerse
39,Antwerpseweg 195,2020-09-06,03:00:00,3,2,1,FMN GV 10 Beerse
39,Antwerpseweg 195,2020-09-06,04:00:00,0,0,0,FMN GV 10 Beerse
39,Antwerpseweg 195,2020-09-06,05:00:00,1,1,0,FMN GV 10 Beerse
39,Antwerpseweg 195,2020-09-06,06:00:00,0,0,0,FMN GV 10 Beerse
39,Antwerpseweg 195,2020-09-06,07:00:00,3,2,1,FMN GV 10 Beerse
39,Antwerpseweg 195,2020-09-06,08:00:00,8,4,4,FMN GV 10 Beerse
39,Antwerpseweg 195,2020-09-06,09:00:00,12,6,6,FMN GV 10 Beerse
39,Antwerpseweg 195,2020-09-06,10:00:00,35,17,18,FMN GV 10 Beerse
39,Antwerpseweg 195,2020-09-06,11:00:00,40,33,7,FMN GV 10 Beerse
39,Antwerpseweg 195,2020-09-06,12:00:00,40,25,15,FMN GV 10 Beerse
39,Antwerpseweg 195,2020-09-06,13:00:00,57,46,11,FMN GV 10 Beerse
39,Antwerpseweg 195,2020-09-06,14:00:00,76,48,28,FMN GV 10 Beerse
39,Antwerpseweg 195,2020-09-06,15:00:00,56,30,26,FMN GV 10 Beerse
39,Antwerpseweg 195,2020-09-06,16:00:00,29,22,7,FMN GV 10 Beerse
39,Antwerpseweg 195,2020-09-06,17:00:00,28,17,11,FMN GV 10 Beerse
39,Antwerpseweg 195,2020-09-06,18:00:00,27,19,8,FMN GV 10 Beerse
39,Antwerpseweg 195,2020-09-06,19:00:00,11,7,4,FMN GV 10 Beerse
39,Antwerpseweg 195,2020-09-06,20:00:00,8,8,0,FMN GV 10 Beerse
39,Antwerpseweg 195,2020-09-06,21:00:00,6,4,2,FMN GV 10 Beerse
39,Antwerpseweg 195,2020-09-06,22:00:00,2,2,0,FMN GV 10 Beerse
39,Antwerpseweg 195,2020-09-06,23:00:00,1,0,1,FMN GV 10 Beerse
39,Antwerpseweg 195,2020-09-07,00:00:00,0,0,0,FMN GV 10 Beerse
39,Antwerpseweg 195,2020-09-07,01:00:00,0,0,0,FMN GV 10 Beerse
39,Antwerpseweg 195,2020-09-07,02:00:00,0,0,0,FMN GV 10 Beerse
39,Antwerpseweg 195,2020-09-07,03:00:00,0,0,0,FMN GV 10 Beerse
39,Antwerpseweg 195,2020-09-07,04:00:00,1,1,0,FMN GV 10 Beerse
39,Antwerpseweg 195,2020-09-07,05:00:00,10,10,0,FMN GV 10 Beerse
39,Antwerpseweg 195,2020-09-07,06:00:00,19,19,0,FMN GV 10 Beerse
39,Antwerpseweg 195,2020-09-07,07:00:00,37,31,6,FMN GV 10 Beerse
39,Antwerpseweg 195,2020-09-07,08:00:00,22,21,1,FMN GV 10 Beerse
39,Antwerpseweg 195,2020-09-07,09:00:00,20,17,3,FMN GV 10 Beerse
39,Antwerpseweg 195,2020-09-07,10:00:00,9,9,0,FMN GV 10 Beerse
39,Antwerpseweg 195,2020-09-07,11:00:00,21,16,5,FMN GV 10 Beerse
39,Antwerpseweg 195,2020-09-07,12:00:00,21,15,6,FMN GV 10 Beerse
39,Antwerpseweg 195,2020-09-07,13:00:00,41,31,10,FMN GV 10 Beerse
39,Antwerpseweg 195,2020-09-07,14:00:00,39,31,8,FMN GV 10 Beerse
39,Antwerpseweg 195,2020-09-07,15:00:00,53,38,15,FMN GV 10 Beerse
39,Antwerpseweg 195,2020-09-07,16:00:00,75,56,19,FMN GV 10 Beerse
39,Antwerpseweg 195,2020-09-07,17:00:00,48,33,15,FMN GV 10 Beerse
39,Antwerpseweg 195,2020-09-07,18:00:00,39,23,16,FMN GV 10 Beerse
39,Antwerpseweg 195,2020-09-07,19:00:00,17,11,6,FMN GV 10 Beerse
39,Antwerpseweg 195,2020-09-07,20:00:00,17,7,10,FMN GV 10 Beerse
39,Antwerpseweg 195,2020-09-07,21:00:00,8,6,2,FMN GV 10 Beerse
39,Antwerpseweg 195,2020-09-07,22:00:00,10,6,4,FMN GV 10 Beerse
39,Antwerpseweg 195,2020-09-07,23:00:00,1,1,0,FMN GV 10 Beerse
39,Antwerpseweg 195,2020-09-08,00:00:00,0,0,0,FMN GV 10 Beerse
39,Antwerpseweg 195,2020-09-08,01:00:00,0,0,0,FMN GV 10 Beerse
39,Antwerpseweg 195,2020-09-08,02:00:00,0,0,0,FMN GV 10 Beerse
39,Antwerpseweg 195,2020-09-08,03:00:00,0,0,0,FMN GV 10 Beerse
39,Antwerpseweg 195,2020-09-08,04:00:00,0,0,0,FMN GV 10 Beerse
39,Antwerpseweg 195,2020-09-08,05:00:00,12,12,0,FMN GV 10 Beerse
39,Antwerpseweg 195,2020-09-08,06:00:00,16,15,1,FMN GV 10 Beerse
39,Antwerpseweg 195,2020-09-08,07:00:00,43,35,8,FMN GV 10 Beerse
39,Antwerpseweg 195,2020-09-08,08:00:00,25,20,5,FMN GV 10 Beerse
39,Antwerpseweg 195,2020-09-08,09:00:00,10,7,3,FMN GV 10 Beerse
39,Antwerpseweg 195,2020-09-08,10:00:00,10,8,2,FMN GV 10 Beerse
39,Antwerpseweg 195,2020-09-08,11:00:00,18,13,5,FMN GV 10 Beerse
39,Antwerpseweg 195,2020-09-08,12:00:00,22,17,5,FMN GV 10 Beerse
39,Antwerpseweg 195,2020-09-08,13:00:00,31,19,12,FMN GV 10 Beerse
39,Antwerpseweg 195,2020-09-08,14:00:00,30,19,11,FMN GV 10 Beerse
39,Antwerpseweg 195,2020-09-08,15:00:00,36,25,11,FMN GV 10 Beerse
39,Antwerpseweg 195,2020-09-08,16:00:00,75,58,17,FMN GV 10 Beerse
39,Antwerpseweg 195,2020-09-08,17:00:00,40,31,9,FMN GV 10 Beerse
39,Antwerpseweg 195,2020-09-08,18:00:00,25,19,6,FMN GV 10 Beerse
39,Antwerpseweg 195,2020-09-08,19:00:00,12,5,7,FMN GV 10 Beerse
39,Antwerpseweg 195,2020-09-08,20:00:00,9,8,1,FMN GV 10 Beerse
39,Antwerpseweg 195,2020-09-08,21:00:00,5,4,1,FMN GV 10 Beerse
39,Antwerpseweg 195,2020-09-08,22:00:00,8,5,3,FMN GV 10 Beerse
39,Antwerpseweg 195,2020-09-08,23:00:00,1,1,0,FMN GV 10 Beerse
39,Antwerpseweg 195,2020-09-09,00:00:00,2,1,1,FMN GV 10 Beerse
39,Antwerpseweg 195,2020-09-09,01:00:00,0,0,0,FMN GV 10 Beerse
39,Antwerpseweg 195,2020-09-09,02:00:00,0,0,0,FMN GV 10 Beerse
39,Antwerpseweg 195,2020-09-09,03:00:00,0,0,0,FMN GV 10 Beerse
39,Antwerpseweg 195,2020-09-09,04:00:00,0,0,0,FMN GV 10 Beerse
39,Antwerpseweg 195,2020-09-09,05:00:00,13,13,0,FMN GV 10 Beerse
39,Antwerpseweg 195,2020-09-09,06:00:00,12,11,1,FMN GV 10 Beerse
39,Antwerpseweg 195,2020-09-09,07:00:00,49,40,9,FMN GV 10 Beerse
39,Antwerpseweg 195,2020-09-09,08:00:00,21,17,4,FMN GV 10 Beerse
39,Antwerpseweg 195,2020-09-09,09:00:00,17,10,7,FMN GV 10 Beerse
39,Antwerpseweg 195,2020-09-09,10:00:00,11,6,5,FMN GV 10 Beerse
39,Antwerpseweg 195,2020-09-09,11:00:00,13,7,6,FMN GV 10 Beerse
39,Antwerpseweg 195,2020-09-09,12:00:00,90,70,20,FMN GV 10 Beerse
39,Antwerpseweg 195,2020-09-09,13:00:00,28,20,8,FMN GV 10 Beerse
39,Antwerpseweg 195,2020-09-09,14:00:00,42,28,14,FMN GV 10 Beerse
39,Antwerpseweg 195,2020-09-09,15:00:00,45,28,17,FMN GV 10 Beerse
39,Antwerpseweg 195,2020-09-09,16:00:00,42,38,4,FMN GV 10 Beerse
39,Antwerpseweg 195,2020-09-09,17:00:00,35,20,15,FMN GV 10 Beerse
39,Antwerpseweg 195,2020-09-09,18:00:00,16,15,1,FMN GV 10 Beerse
39,Antwerpseweg 195,2020-09-09,19:00:00,10,6,4,FMN GV 10 Beerse
39,Antwerpseweg 195,2020-09-09,20:00:00,16,7,9,FMN GV 10 Beerse
39,Antwerpseweg 195,2020-09-09,21:00:00,6,5,1,FMN GV 10 Beerse
39,Antwerpseweg 195,2020-09-09,22:00:00,9,8,1,FMN GV 10 Beerse
39,Antwerpseweg 195,2020-09-09,23:00:00,1,1,0,FMN GV 10 Beerse
39,Antwerpseweg 195,2020-09-10,00:00:00,1,1,0,FMN GV 10 Beerse
39,Antwerpseweg 195,2020-09-10,01:00:00,0,0,0,FMN GV 10 Beerse
39,Antwerpseweg 195,2020-09-10,02:00:00,0,0,0,FMN GV 10 Beerse
39,Antwerpseweg 195,2020-09-10,03:00:00,0,0,0,FMN GV 10 Beerse
39,Antwerpseweg 195,2020-09-10,04:00:00,1,1,0,FMN GV 10 Beerse
39,Antwerpseweg 195,2020-09-10,05:00:00,10,10,0,FMN GV 10 Beerse
39,Antwerpseweg 195,2020-09-10,06:00:00,11,11,0,FMN GV 10 Beerse
39,Antwerpseweg 195,2020-09-10,07:00:00,49,41,8,FMN GV 10 Beerse
39,Antwerpseweg 195,2020-09-10,08:00:00,26,18,8,FMN GV 10 Beerse
39,Antwerpseweg 195,2020-09-10,09:00:00,17,11,6,FMN GV 10 Beerse
39,Antwerpseweg 195,2020-09-10,10:00:00,21,17,4,FMN GV 10 Beerse
39,Antwerpseweg 195,2020-09-10,11:00:00,16,11,5,FMN GV 10 Beerse
39,Antwerpseweg 195,2020-09-10,12:00:00,30,22,8,FMN GV 10 Beerse
39,Antwerpseweg 195,2020-09-10,13:00:00,41,30,11,FMN GV 10 Beerse
39,Antwerpseweg 195,2020-09-10,14:00:00,34,24,10,FMN GV 10 Beerse
39,Antwerpseweg 195,2020-09-10,15:00:00,69,46,23,FMN GV 10 Beerse
39,Antwerpseweg 195,2020-09-10,16:00:00,71,50,21,FMN GV 10 Beerse
39,Antwerpseweg 195,2020-09-10,17:00:00,47,36,11,FMN GV 10 Beerse
39,Antwerpseweg 195,2020-09-10,18:00:00,30,24,6,FMN GV 10 Beerse
39,Antwerpseweg 195,2020-09-10,19:00:00,33,19,14,FMN GV 10 Beerse
39,Antwerpseweg 195,2020-09-10,20:00:00,12,5,7,FMN GV 10 Beerse
39,Antwerpseweg 195,2020-09-10,21:00:00,6,4,2,FMN GV 10 Beerse
39,Antwerpseweg 195,2020-09-10,22:00:00,11,8,3,FMN GV 10 Beerse
39,Antwerpseweg 195,2020-09-10,23:00:00,1,1,0,FMN GV 10 Beerse
39,Antwerpseweg 195,2020-09-11,00:00:00,0,0,0,FMN GV 10 Beerse
39,Antwerpseweg 195,2020-09-11,01:00:00,0,0,0,FMN GV 10 Beerse
39,Antwerpseweg 195,2020-09-11,02:00:00,0,0,0,FMN GV 10 Beerse
39,Antwerpseweg 195,2020-09-11,03:00:00,0,0,0,FMN GV 10 Beerse
39,Antwerpseweg 195,2020-09-11,04:00:00,1,1,0,FMN GV 10 Beerse
39,Antwerpseweg 195,2020-09-11,05:00:00,14,13,1,FMN GV 10 Beerse
39,Antwerpseweg 195,2020-09-11,06:00:00,11,10,1,FMN GV 10 Beerse
39,Antwerpseweg 195,2020-09-11,07:00:00,49,40,9,FMN GV 10 Beerse
39,Antwerpseweg 195,2020-09-11,08:00:00,26,21,5,FMN GV 10 Beerse
39,Antwerpseweg 195,2020-09-11,09:00:00,12,5,7,FMN GV 10 Beerse
39,Antwerpseweg 195,2020-09-11,10:00:00,24,22,2,FMN GV 10 Beerse
39,Antwerpseweg 195,2020-09-11,11:00:00,19,16,3,FMN GV 10 Beerse
39,Antwerpseweg 195,2020-09-11,12:00:00,31,18,13,FMN GV 10 Beerse
39,Antwerpseweg 195,2020-09-11,13:00:00,39,22,17,FMN GV 10 Beerse
39,Antwerpseweg 195,2020-09-11,14:00:00,46,26,20,FMN GV 10 Beerse
39,Antwerpseweg 195,2020-09-11,15:00:00,55,44,11,FMN GV 10 Beerse
39,Antwerpseweg 195,2020-09-11,16:00:00,73,52,21,FMN GV 10 Beerse
39,Antwerpseweg 195,2020-09-11,17:00:00,35,27,8,FMN GV 10 Beerse
39,Antwerpseweg 195,2020-09-11,18:00:00,20,12,8,FMN GV 10 Beerse
39,Antwerpseweg 195,2020-09-11,19:00:00,15,11,4,FMN GV 10 Beerse
39,Antwerpseweg 195,2020-09-11,20:00:00,13,7,6,FMN GV 10 Beerse
39,Antwerpseweg 195,2020-09-11,21:00:00,4,1,3,FMN GV 10 Beerse
39,Antwerpseweg 195,2020-09-11,22:00:00,11,10,1,FMN GV 10 Beerse
39,Antwerpseweg 195,2020-09-11,23:00:00,3,2,1,FMN GV 10 Beerse
39,Antwerpseweg 195,2020-09-12,00:00:00,6,3,3,FMN GV 10 Beerse
39,Antwerpseweg 195,2020-09-12,01:00:00,6,3,3,FMN GV 10 Beerse
39,Antwerpseweg 195,2020-09-12,02:00:00,0,0,0,FMN GV 10 Beerse
39,Antwerpseweg 195,2020-09-12,03:00:00,1,1,0,FMN GV 10 Beerse
39,Antwerpseweg 195,2020-09-12,04:00:00,0,0,0,FMN GV 10 Beerse
39,Antwerpseweg 195,2020-09-12,05:00:00,3,3,0,FMN GV 10 Beerse
39,Antwerpseweg 195,2020-09-12,06:00:00,3,3,0,FMN GV 10 Beerse
39,Antwerpseweg 195,2020-09-12,07:00:00,1,0,1,FMN GV 10 Beerse
39,Antwerpseweg 195,2020-09-12,08:00:00,12,9,3,FMN GV 10 Beerse
39,Antwerpseweg 195,2020-09-12,09:00:00,12,8,4,FMN GV 10 Beerse
39,Antwerpseweg 195,2020-09-12,10:00:00,22,19,3,FMN GV 10 Beerse
39,Antwerpseweg 195,2020-09-12,11:00:00,22,17,5,FMN GV 10 Beerse
39,Antwerpseweg 195,2020-09-12,12:00:00,19,11,8,FMN GV 10 Beerse
39,Antwerpseweg 195,2020-09-12,13:00:00,36,24,12,FMN GV 10 Beerse
39,Antwerpseweg 195,2020-09-12,14:00:00,28,21,7,FMN GV 10 Beerse
39,Antwerpseweg 195,2020-09-12,15:00:00,33,19,14,FMN GV 10 Beerse
39,Antwerpseweg 195,2020-09-12,16:00:00,28,16,12,FMN GV 10 Beerse
39,Antwerpseweg 195,2020-09-12,17:00:00,30,21,9,FMN GV 10 Beerse
39,Antwerpseweg 195,2020-09-12,18:00:00,16,8,8,FMN GV 10 Beerse
39,Antwerpseweg 195,2020-09-12,19:00:00,12,7,5,FMN GV 10 Beerse
39,Antwerpseweg 195,2020-09-12,20:00:00,12,5,7,FMN GV 10 Beerse
39,Antwerpseweg 195,2020-09-12,21:00:00,7,5,2,FMN GV 10 Beerse
39,Antwerpseweg 195,2020-09-12,22:00:00,4,4,0,FMN GV 10 Beerse
39,Antwerpseweg 195,2020-09-12,23:00:00,8,7,1,FMN GV 10 Beerse
39,Antwerpseweg 195,2020-09-13,00:00:00,0,0,0,FMN GV 10 Beerse
39,Antwerpseweg 195,2020-09-13,01:00:00,14,13,1,FMN GV 10 Beerse
39,Antwerpseweg 195,2020-09-13,02:00:00,4,2,2,FMN GV 10 Beerse
39,Antwerpseweg 195,2020-09-13,03:00:00,1,0,1,FMN GV 10 Beerse
39,Antwerpseweg 195,2020-09-13,04:00:00,1,0,1,FMN GV 10 Beerse
39,Antwerpseweg 195,2020-09-13,05:00:00,1,1,0,FMN GV 10 Beerse
39,Antwerpseweg 195,2020-09-13,06:00:00,1,0,1,FMN GV 10 Beerse
39,Antwerpseweg 195,2020-09-13,07:00:00,1,0,1,FMN GV 10 Beerse
39,Antwerpseweg 195,2020-09-13,08:00:00,8,4,4,FMN GV 10 Beerse
39,Antwerpseweg 195,2020-09-13,09:00:00,28,17,11,FMN GV 10 Beerse
39,Antwerpseweg 195,2020-09-13,10:00:00,28,20,8,FMN GV 10 Beerse
39,Antwerpseweg 195,2020-09-13,11:00:00,42,39,3,FMN GV 10 Beerse
39,Antwerpseweg 195,2020-09-13,12:00:00,41,32,9,FMN GV 10 Beerse
39,Antwerpseweg 195,2020-09-13,13:00:00,84,46,38,FMN GV 10 Beerse
39,Antwerpseweg 195,2020-09-13,14:00:00,158,99,59,FMN GV 10 Beerse
39,Antwerpseweg 195,2020-09-13,15:00:00,81,45,36,FMN GV 10 Beerse
39,Antwerpseweg 195,2020-09-13,16:00:00,63,40,23,FMN GV 10 Beerse
39,Antwerpseweg 195,2020-09-13,17:00:00,42,28,14,FMN GV 10 Beerse
39,Antwerpseweg 195,2020-09-13,18:00:00,43,11,32,FMN GV 10 Beerse
39,Antwerpseweg 195,2020-09-13,19:00:00,19,6,13,FMN GV 10 Beerse
39,Antwerpseweg 195,2020-09-13,20:00:00,14,7,7,FMN GV 10 Beerse
39,Antwerpseweg 195,2020-09-13,21:00:00,5,4,1,FMN GV 10 Beerse
39,Antwerpseweg 195,2020-09-13,22:00:00,3,1,2,FMN GV 10 Beerse
39,Antwerpseweg 195,2020-09-13,23:00:00,3,3,0,FMN GV 10 Beerse
39,Antwerpseweg 195,2020-09-14,00:00:00,0,0,0,FMN GV 10 Beerse
39,Antwerpseweg 195,2020-09-14,01:00:00,0,0,0,FMN GV 10 Beerse
39,Antwerpseweg 195,2020-09-14,02:00:00,0,0,0,FMN GV 10 Beerse
39,Antwerpseweg 195,2020-09-14,03:00:00,0,0,0,FMN GV 10 Beerse
39,Antwerpseweg 195,2020-09-14,04:00:00,3,3,0,FMN GV 10 Beerse
39,Antwerpseweg 195,2020-09-14,05:00:00,13,13,0,FMN GV 10 Beerse
39,Antwerpseweg 195,2020-09-14,06:00:00,12,12,0,FMN GV 10 Beerse
39,Antwerpseweg 195,2020-09-14,07:00:00,49,43,6,FMN GV 10 Beerse
39,Antwerpseweg 195,2020-09-14,08:00:00,37,24,13,FMN GV 10 Beerse
39,Antwerpseweg 195,2020-09-14,09:00:00,13,10,3,FMN GV 10 Beerse
39,Antwerpseweg 195,2020-09-14,10:00:00,22,12,10,FMN GV 10 Beerse
39,Antwerpseweg 195,2020-09-14,11:00:00,10,8,2,FMN GV 10 Beerse
39,Antwerpseweg 195,2020-09-14,12:00:00,30,22,8,FMN GV 10 Beerse
39,Antwerpseweg 195,2020-09-14,13:00:00,40,34,6,FMN GV 10 Beerse
39,Antwerpseweg 195,2020-09-14,14:00:00,47,35,12,FMN GV 10 Beerse
39,Antwerpseweg 195,2020-09-14,15:00:00,60,43,17,FMN GV 10 Beerse
39,Antwerpseweg 195,2020-09-14,16:00:00,91,65,26,FMN GV 10 Beerse
39,Antwerpseweg 195,2020-09-14,17:00:00,54,42,12,FMN GV 10 Beerse
39,Antwerpseweg 195,2020-09-14,18:00:00,46,28,18,FMN GV 10 Beerse
39,Antwerpseweg 195,2020-09-14,19:00:00,21,16,5,FMN GV 10 Beerse
39,Antwerpseweg 195,2020-09-14,20:00:00,16,10,6,FMN GV 10 Beerse
39,Antwerpseweg 195,2020-09-14,21:00:00,13,13,0,FMN GV 10 Beerse
39,Antwerpseweg 195,2020-09-14,22:00:00,14,6,8,FMN GV 10 Beerse
39,Antwerpseweg 195,2020-09-14,23:00:00,0,0,0,FMN GV 10 Beerse
39,Antwerpseweg 195,2020-09-15,00:00:00,2,2,0,FMN GV 10 Beerse
39,Antwerpseweg 195,2020-09-15,01:00:00,1,1,0,FMN GV 10 Beerse
39,Antwerpseweg 195,2020-09-15,02:00:00,0,0,0,FMN GV 10 Beerse
39,Antwerpseweg 195,2020-09-15,03:00:00,0,0,0,FMN GV 10 Beerse
39,Antwerpseweg 195,2020-09-15,04:00:00,2,2,0,FMN GV 10 Beerse
39,Antwerpseweg 195,2020-09-15,05:00:00,13,13,0,FMN GV 10 Beerse
39,Antwerpseweg 195,2020-09-15,06:00:00,20,18,2,FMN GV 10 Beerse
39,Antwerpseweg 195,2020-09-15,07:00:00,54,48,6,FMN GV 10 Beerse
39,Antwerpseweg 195,2020-09-15,08:00:00,33,26,7,FMN GV 10 Beerse
39,Antwerpseweg 195,2020-09-15,09:00:00,29,18,11,FMN GV 10 Beerse
39,Antwerpseweg 195,2020-09-15,10:00:00,30,20,10,FMN GV 10 Beerse
39,Antwerpseweg 195,2020-09-15,11:00:00,36,24,12,FMN GV 10 Beerse
39,Antwerpseweg 195,2020-09-15,12:00:00,28,18,10,FMN GV 10 Beerse
39,Antwerpseweg 195,2020-09-15,13:00:00,41,24,17,FMN GV 10 Beerse
39,Antwerpseweg 195,2020-09-15,14:00:00,37,19,18,FMN GV 10 Beerse
39,Antwerpseweg 195,2020-09-15,15:00:00,54,37,17,FMN GV 10 Beerse
39,Antwerpseweg 195,2020-09-15,16:00:00,68,51,17,FMN GV 10 Beerse
39,Antwerpseweg 195,2020-09-15,17:00:00,65,44,21,FMN GV 10 Beerse
39,Antwerpseweg 195,2020-09-15,18:00:00,38,31,7,FMN GV 10 Beerse
39,Antwerpseweg 195,2020-09-15,19:00:00,35,25,10,FMN GV 10 Beerse
39,Antwerpseweg 195,2020-09-15,20:00:00,14,10,4,FMN GV 10 Beerse
39,Antwerpseweg 195,2020-09-15,21:00:00,5,4,1,FMN GV 10 Beerse
39,Antwerpseweg 195,2020-09-15,22:00:00,7,5,2,FMN GV 10 Beerse
39,Antwerpseweg 195,2020-09-15,23:00:00,3,1,2,FMN GV 10 Beerse
39,Antwerpseweg 195,2020-09-16,00:00:00,2,1,1,FMN GV 10 Beerse
39,Antwerpseweg 195,2020-09-16,01:00:00,2,0,2,FMN GV 10 Beerse
39,Antwerpseweg 195,2020-09-16,02:00:00,0,0,0,FMN GV 10 Beerse
39,Antwerpseweg 195,2020-09-16,03:00:00,0,0,0,FMN GV 10 Beerse
39,Antwerpseweg 195,2020-09-16,04:00:00,0,0,0,FMN GV 10 Beerse
39,Antwerpseweg 195,2020-09-16,05:00:00,13,13,0,FMN GV 10 Beerse
39,Antwerpseweg 195,2020-09-16,06:00:00,16,15,1,FMN GV 10 Beerse
39,Antwerpseweg 195,2020-09-16,07:00:00,57,46,11,FMN GV 10 Beerse
39,Antwerpseweg 195,2020-09-16,08:00:00,33,24,9,FMN GV 10 Beerse
39,Antwerpseweg 195,2020-09-16,09:00:00,20,20,0,FMN GV 10 Beerse
39,Antwerpseweg 195,2020-09-16,10:00:00,28,18,10,FMN GV 10 Beerse
39,Antwerpseweg 195,2020-09-16,11:00:00,22,15,7,FMN GV 10 Beerse
39,Antwerpseweg 195,2020-09-16,12:00:00,78,60,18,FMN GV 10 Beerse
39,Antwerpseweg 195,2020-09-16,13:00:00,52,37,15,FMN GV 10 Beerse
39,Antwerpseweg 195,2020-09-16,14:00:00,40,28,12,FMN GV 10 Beerse
39,Antwerpseweg 195,2020-09-16,15:00:00,29,22,7,FMN GV 10 Beerse
39,Antwerpseweg 195,2020-09-16,16:00:00,49,37,12,FMN GV 10 Beerse
39,Antwerpseweg 195,2020-09-16,17:00:00,31,25,6,FMN GV 10 Beerse
39,Antwerpseweg 195,2020-09-16,18:00:00,41,27,14,FMN GV 10 Beerse
39,Antwerpseweg 195,2020-09-16,19:00:00,17,10,7,FMN GV 10 Beerse
39,Antwerpseweg 195,2020-09-16,20:00:00,20,14,6,FMN GV 10 Beerse
39,Antwerpseweg 195,2020-09-16,21:00:00,6,5,1,FMN GV 10 Beerse
39,Antwerpseweg 195,2020-09-16,22:00:00,6,6,0,FMN GV 10 Beerse
39,Antwerpseweg 195,2020-09-16,23:00:00,1,1,0,FMN GV 10 Beerse
39,Antwerpseweg 195,2020-09-17,00:00:00,0,0,0,FMN GV 10 Beerse
39,Antwerpseweg 195,2020-09-17,01:00:00,1,1,0,FMN GV 10 Beerse
39,Antwerpseweg 195,2020-09-17,02:00:00,0,0,0,FMN GV 10 Beerse
39,Antwerpseweg 195,2020-09-17,03:00:00,0,0,0,FMN GV 10 Beerse
39,Antwerpseweg 195,2020-09-17,04:00:00,2,2,0,FMN GV 10 Beerse
39,Antwerpseweg 195,2020-09-17,05:00:00,12,12,0,FMN GV 10 Beerse
39,Antwerpseweg 195,2020-09-17,06:00:00,13,13,0,FMN GV 10 Beerse
39,Antwerpseweg 195,2020-09-17,07:00:00,50,40,10,FMN GV 10 Beerse
39,Antwerpseweg 195,2020-09-17,08:00:00,31,24,7,FMN GV 10 Beerse
39,Antwerpseweg 195,2020-09-17,09:00:00,15,10,5,FMN GV 10 Beerse
39,Antwerpseweg 195,2020-09-17,10:00:00,12,9,3,FMN GV 10 Beerse
39,Antwerpseweg 195,2020-09-17,11:00:00,33,15,18,FMN GV 10 Beerse
39,Antwerpseweg 195,2020-09-17,12:00:00,28,18,10,FMN GV 10 Beerse
39,Antwerpseweg 195,2020-09-17,13:00:00,32,25,7,FMN GV 10 Beerse
39,Antwerpseweg 195,2020-09-17,14:00:00,41,30,11,FMN GV 10 Beerse
39,Antwerpseweg 195,2020-09-17,15:00:00,48,39,9,FMN GV 10 Beerse
39,Antwerpseweg 195,2020-09-17,16:00:00,82,68,14,FMN GV 10 Beerse
39,Antwerpseweg 195,2020-09-17,17:00:00,40,30,10,FMN GV 10 Beerse
39,Antwerpseweg 195,2020-09-17,18:00:00,25,16,9,FMN GV 10 Beerse
39,Antwerpseweg 195,2020-09-17,19:00:00,20,9,11,FMN GV 10 Beerse
39,Antwerpseweg 195,2020-09-17,20:00:00,17,11,6,FMN GV 10 Beerse
39,Antwerpseweg 195,2020-09-17,21:00:00,17,12,5,FMN GV 10 Beerse
39,Antwerpseweg 195,2020-09-17,22:00:00,15,13,2,FMN GV 10 Beerse
39,Antwerpseweg 195,2020-09-17,23:00:00,1,1,0,FMN GV 10 Beerse
39,Antwerpseweg 195,2020-09-18,00:00:00,0,0,0,FMN GV 10 Beerse
39,Antwerpseweg 195,2020-09-18,01:00:00,2,2,0,FMN GV 10 Beerse
39,Antwerpseweg 195,2020-09-18,02:00:00,0,0,0,FMN GV 10 Beerse
39,Antwerpseweg 195,2020-09-18,03:00:00,0,0,0,FMN GV 10 Beerse
39,Antwerpseweg 195,2020-09-18,04:00:00,4,4,0,FMN GV 10 Beerse
39,Antwerpseweg 195,2020-09-18,05:00:00,5,5,0,FMN GV 10 Beerse
39,Antwerpseweg 195,2020-09-18,06:00:00,13,12,1,FMN GV 10 Beerse
39,Antwerpseweg 195,2020-09-18,07:00:00,39,30,9,FMN GV 10 Beerse
39,Antwerpseweg 195,2020-09-18,08:00:00,51,37,14,FMN GV 10 Beerse
39,Antwerpseweg 195,2020-09-18,09:00:00,17,13,4,FMN GV 10 Beerse
39,Antwerpseweg 195,2020-09-18,10:00:00,14,9,5,FMN GV 10 Beerse
39,Antwerpseweg 195,2020-09-18,11:00:00,20,14,6,FMN GV 10 Beerse
39,Antwerpseweg 195,2020-09-18,12:00:00,24,14,10,FMN GV 10 Beerse
39,Antwerpseweg 195,2020-09-18,13:00:00,43,29,14,FMN GV 10 Beerse
39,Antwerpseweg 195,2020-09-18,14:00:00,44,29,15,FMN GV 10 Beerse
39,Antwerpseweg 195,2020-09-18,15:00:00,67,54,13,FMN GV 10 Beerse
39,Antwerpseweg 195,2020-09-18,16:00:00,68,43,25,FMN GV 10 Beerse
39,Antwerpseweg 195,2020-09-18,17:00:00,38,29,9,FMN GV 10 Beerse
39,Antwerpseweg 195,2020-09-18,18:00:00,30,19,11,FMN GV 10 Beerse
39,Antwerpseweg 195,2020-09-18,19:00:00,24,15,9,FMN GV 10 Beerse
39,Antwerpseweg 195,2020-09-18,20:00:00,17,10,7,FMN GV 10 Beerse
39,Antwerpseweg 195,2020-09-18,21:00:00,10,8,2,FMN GV 10 Beerse
39,Antwerpseweg 195,2020-09-18,22:00:00,6,4,2,FMN GV 10 Beerse
39,Antwerpseweg 195,2020-09-18,23:00:00,3,3,0,FMN GV 10 Beerse
39,Antwerpseweg 195,2020-09-19,00:00:00,0,0,0,FMN GV 10 Beerse
39,Antwerpseweg 195,2020-09-19,01:00:00,4,1,3,FMN GV 10 Beerse
39,Antwerpseweg 195,2020-09-19,02:00:00,2,1,1,FMN GV 10 Beerse
39,Antwerpseweg 195,2020-09-19,03:00:00,0,0,0,FMN GV 10 Beerse
39,Antwerpseweg 195,2020-09-19,04:00:00,0,0,0,FMN GV 10 Beerse
39,Antwerpseweg 195,2020-09-19,05:00:00,1,1,0,FMN GV 10 Beerse
39,Antwerpseweg 195,2020-09-19,06:00:00,0,0,0,FMN GV 10 Beerse
39,Antwerpseweg 195,2020-09-19,07:00:00,4,3,1,FMN GV 10 Beerse
39,Antwerpseweg 195,2020-09-19,08:00:00,11,5,6,FMN GV 10 Beerse
39,Antwerpseweg 195,2020-09-19,09:00:00,20,11,9,FMN GV 10 Beerse
39,Antwerpseweg 195,2020-09-19,10:00:00,30,23,7,FMN GV 10 Beerse
39,Antwerpseweg 195,2020-09-19,11:00:00,29,20,9,FMN GV 10 Beerse
39,Antwerpseweg 195,2020-09-19,12:00:00,29,21,8,FMN GV 10 Beerse
39,Antwerpseweg 195,2020-09-19,13:00:00,41,32,9,FMN GV 10 Beerse
39,Antwerpseweg 195,2020-09-19,14:00:00,63,29,34,FMN GV 10 Beerse
39,Antwerpseweg 195,2020-09-19,15:00:00,50,30,20,FMN GV 10 Beerse
39,Antwerpseweg 195,2020-09-19,16:00:00,34,17,17,FMN GV 10 Beerse
39,Antwerpseweg 195,2020-09-19,17:00:00,34,21,13,FMN GV 10 Beerse
39,Antwerpseweg 195,2020-09-19,18:00:00,30,21,9,FMN GV 10 Beerse
39,Antwerpseweg 195,2020-09-19,19:00:00,15,13,2,FMN GV 10 Beerse
39,Antwerpseweg 195,2020-09-19,20:00:00,20,12,8,FMN GV 10 Beerse
39,Antwerpseweg 195,2020-09-19,21:00:00,6,5,1,FMN GV 10 Beerse
39,Antwerpseweg 195,2020-09-19,22:00:00,4,3,1,FMN GV 10 Beerse
39,Antwerpseweg 195,2020-09-19,23:00:00,2,1,1,FMN GV 10 Beerse
39,Antwerpseweg 195,2020-09-20,00:00:00,2,0,2,FMN GV 10 Beerse
39,Antwerpseweg 195,2020-09-20,01:00:00,7,6,1,FMN GV 10 Beerse
39,Antwerpseweg 195,2020-09-20,02:00:00,4,0,4,FMN GV 10 Beerse
39,Antwerpseweg 195,2020-09-20,03:00:00,1,1,0,FMN GV 10 Beerse
39,Antwerpseweg 195,2020-09-20,04:00:00,0,0,0,FMN GV 10 Beerse
39,Antwerpseweg 195,2020-09-20,05:00:00,1,1,0,FMN GV 10 Beerse
39,Antwerpseweg 195,2020-09-20,06:00:00,2,2,0,FMN GV 10 Beerse
39,Antwerpseweg 195,2020-09-20,07:00:00,1,1,0,FMN GV 10 Beerse
39,Antwerpseweg 195,2020-09-20,08:00:00,16,13,3,FMN GV 10 Beerse
39,Antwerpseweg 195,2020-09-20,09:00:00,34,28,6,FMN GV 10 Beerse
39,Antwerpseweg 195,2020-09-20,10:00:00,59,48,11,FMN GV 10 Beerse
39,Antwerpseweg 195,2020-09-20,11:00:00,43,25,18,FMN GV 10 Beerse
39,Antwerpseweg 195,2020-09-20,12:00:00,45,34,11,FMN GV 10 Beerse
39,Antwerpseweg 195,2020-09-20,13:00:00,95,56,39,FMN GV 10 Beerse
39,Antwerpseweg 195,2020-09-20,14:00:00,96,61,35,FMN GV 10 Beerse
39,Antwerpseweg 195,2020-09-20,15:00:00,89,48,41,FMN GV 10 Beerse
39,Antwerpseweg 195,2020-09-20,16:00:00,76,53,23,FMN GV 10 Beerse
39,Antwerpseweg 195,2020-09-20,17:00:00,49,42,7,FMN GV 10 Beerse
39,Antwerpseweg 195,2020-09-20,18:00:00,23,11,12,FMN GV 10 Beerse
39,Antwerpseweg 195,2020-09-20,19:00:00,16,10,6,FMN GV 10 Beerse
39,Antwerpseweg 195,2020-09-20,20:00:00,11,8,3,FMN GV 10 Beerse
39,Antwerpseweg 195,2020-09-20,21:00:00,8,3,5,FMN GV 10 Beerse
39,Antwerpseweg 195,2020-09-20,22:00:00,2,2,0,FMN GV 10 Beerse
39,Antwerpseweg 195,2020-09-20,23:00:00,2,2,0,FMN GV 10 Beerse
39,Antwerpseweg 195,2020-09-21,00:00:00,0,0,0,FMN GV 10 Beerse
39,Antwerpseweg 195,2020-09-21,01:00:00,0,0,0,FMN GV 10 Beerse
39,Antwerpseweg 195,2020-09-21,02:00:00,1,0,1,FMN GV 10 Beerse
39,Antwerpseweg 195,2020-09-21,03:00:00,0,0,0,FMN GV 10 Beerse
39,Antwerpseweg 195,2020-09-21,04:00:00,0,0,0,FMN GV 10 Beerse
39,Antwerpseweg 195,2020-09-21,05:00:00,15,15,0,FMN GV 10 Beerse
39,Antwerpseweg 195,2020-09-21,06:00:00,17,14,3,FMN GV 10 Beerse
39,Antwerpseweg 195,2020-09-21,07:00:00,41,36,5,FMN GV 10 Beerse
39,Antwerpseweg 195,2020-09-21,08:00:00,34,28,6,FMN GV 10 Beerse
39,Antwerpseweg 195,2020-09-21,09:00:00,15,11,4,FMN GV 10 Beerse
39,Antwerpseweg 195,2020-09-21,10:00:00,22,18,4,FMN GV 10 Beerse
39,Antwerpseweg 195,2020-09-21,11:00:00,22,20,2,FMN GV 10 Beerse
39,Antwerpseweg 195,2020-09-21,12:00:00,28,19,9,FMN GV 10 Beerse
39,Antwerpseweg 195,2020-09-21,13:00:00,45,34,11,FMN GV 10 Beerse
39,Antwerpseweg 195,2020-09-21,14:00:00,63,42,21,FMN GV 10 Beerse
39,Antwerpseweg 195,2020-09-21,15:00:00,70,50,20,FMN GV 10 Beerse
39,Antwerpseweg 195,2020-09-21,16:00:00,85,58,27,FMN GV 10 Beerse
39,Antwerpseweg 195,2020-09-21,17:00:00,48,32,16,FMN GV 10 Beerse
39,Antwerpseweg 195,2020-09-21,18:00:00,33,19,14,FMN GV 10 Beerse
39,Antwerpseweg 195,2020-09-21,19:00:00,24,17,7,FMN GV 10 Beerse
39,Antwerpseweg 195,2020-09-21,20:00:00,17,12,5,FMN GV 10 Beerse
39,Antwerpseweg 195,2020-09-21,21:00:00,5,3,2,FMN GV 10 Beerse
39,Antwerpseweg 195,2020-09-21,22:00:00,11,6,5,FMN GV 10 Beerse
39,Antwerpseweg 195,2020-09-21,23:00:00,1,1,0,FMN GV 10 Beerse
39,Antwerpseweg 195,2020-09-22,00:00:00,0,0,0,FMN GV 10 Beerse
39,Antwerpseweg 195,2020-09-22,01:00:00,0,0,0,FMN GV 10 Beerse
39,Antwerpseweg 195,2020-09-22,02:00:00,1,1,0,FMN GV 10 Beerse
39,Antwerpseweg 195,2020-09-22,03:00:00,0,0,0,FMN GV 10 Beerse
39,Antwerpseweg 195,2020-09-22,04:00:00,0,0,0,FMN GV 10 Beerse
39,Antwerpseweg 195,2020-09-22,05:00:00,15,15,0,FMN GV 10 Beerse
39,Antwerpseweg 195,2020-09-22,06:00:00,13,11,2,FMN GV 10 Beerse
39,Antwerpseweg 195,2020-09-22,07:00:00,47,37,10,FMN GV 10 Beerse
39,Antwerpseweg 195,2020-09-22,08:00:00,35,28,7,FMN GV 10 Beerse
39,Antwerpseweg 195,2020-09-22,09:00:00,12,10,2,FMN GV 10 Beerse
39,Antwerpseweg 195,2020-09-22,10:00:00,11,6,5,FMN GV 10 Beerse
39,Antwerpseweg 195,2020-09-22,11:00:00,24,19,5,FMN GV 10 Beerse
39,Antwerpseweg 195,2020-09-22,12:00:00,31,25,6,FMN GV 10 Beerse
39,Antwerpseweg 195,2020-09-22,13:00:00,50,36,14,FMN GV 10 Beerse
39,Antwerpseweg 195,2020-09-22,14:00:00,59,41,18,FMN GV 10 Beerse
39,Antwerpseweg 195,2020-09-22,15:00:00,86,58,28,FMN GV 10 Beerse
39,Antwerpseweg 195,2020-09-22,16:00:00,118,92,26,FMN GV 10 Beerse
39,Antwerpseweg 195,2020-09-22,17:00:00,55,42,13,FMN GV 10 Beerse
39,Antwerpseweg 195,2020-09-22,18:00:00,33,17,16,FMN GV 10 Beerse
39,Antwerpseweg 195,2020-09-22,19:00:00,27,13,14,FMN GV 10 Beerse
39,Antwerpseweg 195,2020-09-22,20:00:00,14,11,3,FMN GV 10 Beerse
39,Antwerpseweg 195,2020-09-22,21:00:00,5,5,0,FMN GV 10 Beerse
39,Antwerpseweg 195,2020-09-22,22:00:00,12,9,3,FMN GV 10 Beerse
39,Antwerpseweg 195,2020-09-22,23:00:00,1,1,0,FMN GV 10 Beerse
39,Antwerpseweg 195,2020-09-23,00:00:00,0,0,0,FMN GV 10 Beerse
39,Antwerpseweg 195,2020-09-23,01:00:00,0,0,0,FMN GV 10 Beerse
39,Antwerpseweg 195,2020-09-23,02:00:00,0,0,0,FMN GV 10 Beerse
39,Antwerpseweg 195,2020-09-23,03:00:00,1,1,0,FMN GV 10 Beerse
39,Antwerpseweg 195,2020-09-23,04:00:00,1,1,0,FMN GV 10 Beerse
39,Antwerpseweg 195,2020-09-23,05:00:00,14,14,0,FMN GV 10 Beerse
39,Antwerpseweg 195,2020-09-23,06:00:00,13,13,0,FMN GV 10 Beerse
39,Antwerpseweg 195,2020-09-23,07:00:00,39,28,11,FMN GV 10 Beerse
39,Antwerpseweg 195,2020-09-23,08:00:00,27,15,12,FMN GV 10 Beerse
39,Antwerpseweg 195,2020-09-23,09:00:00,11,7,4,FMN GV 10 Beerse
39,Antwerpseweg 195,2020-09-23,10:00:00,16,12,4,FMN GV 10 Beerse
39,Antwerpseweg 195,2020-09-23,11:00:00,25,10,15,FMN GV 10 Beerse
39,Antwerpseweg 195,2020-09-23,12:00:00,66,55,11,FMN GV 10 Beerse
39,Antwerpseweg 195,2020-09-23,13:00:00,38,26,12,FMN GV 10 Beerse
39,Antwerpseweg 195,2020-09-23,14:00:00,29,19,10,FMN GV 10 Beerse
39,Antwerpseweg 195,2020-09-23,15:00:00,23,9,14,FMN GV 10 Beerse
39,Antwerpseweg 195,2020-09-23,16:00:00,43,33,10,FMN GV 10 Beerse
39,Antwerpseweg 195,2020-09-23,17:00:00,29,19,10,FMN GV 10 Beerse
39,Antwerpseweg 195,2020-09-23,18:00:00,27,24,3,FMN GV 10 Beerse
39,Antwerpseweg 195,2020-09-23,19:00:00,8,5,3,FMN GV 10 Beerse
39,Antwerpseweg 195,2020-09-23,20:00:00,5,2,3,FMN GV 10 Beerse
39,Antwerpseweg 195,2020-09-23,21:00:00,7,6,1,FMN GV 10 Beerse
39,Antwerpseweg 195,2020-09-23,22:00:00,6,5,1,FMN GV 10 Beerse
39,Antwerpseweg 195,2020-09-23,23:00:00,0,0,0,FMN GV 10 Beerse
39,Antwerpseweg 195,2020-09-24,00:00:00,0,0,0,FMN GV 10 Beerse
39,Antwerpseweg 195,2020-09-24,01:00:00,0,0,0,FMN GV 10 Beerse
39,Antwerpseweg 195,2020-09-24,02:00:00,0,0,0,FMN GV 10 Beerse
39,Antwerpseweg 195,2020-09-24,03:00:00,0,0,0,FMN GV 10 Beerse
39,Antwerpseweg 195,2020-09-24,04:00:00,0,0,0,FMN GV 10 Beerse
39,Antwerpseweg 195,2020-09-24,05:00:00,12,12,0,FMN GV 10 Beerse
39,Antwerpseweg 195,2020-09-24,06:00:00,14,14,0,FMN GV 10 Beerse
39,Antwerpseweg 195,2020-09-24,07:00:00,38,30,8,FMN GV 10 Beerse
39,Antwerpseweg 195,2020-09-24,08:00:00,26,20,6,FMN GV 10 Beerse
39,Antwerpseweg 195,2020-09-24,09:00:00,15,13,2,FMN GV 10 Beerse
39,Antwerpseweg 195,2020-09-24,10:00:00,11,9,2,FMN GV 10 Beerse
39,Antwerpseweg 195,2020-09-24,11:00:00,10,7,3,FMN GV 10 Beerse
39,Antwerpseweg 195,2020-09-24,12:00:00,24,18,6,FMN GV 10 Beerse
39,Antwerpseweg 195,2020-09-24,13:00:00,27,16,11,FMN GV 10 Beerse
39,Antwerpseweg 195,2020-09-24,14:00:00,22,12,10,FMN GV 10 Beerse
39,Antwerpseweg 195,2020-09-24,15:00:00,54,39,15,FMN GV 10 Beerse
39,Antwerpseweg 195,2020-09-24,16:00:00,50,37,13,FMN GV 10 Beerse
39,Antwerpseweg 195,2020-09-24,17:00:00,25,16,9,FMN GV 10 Beerse
39,Antwerpseweg 195,2020-09-24,18:00:00,12,10,2,FMN GV 10 Beerse
39,Antwerpseweg 195,2020-09-24,19:00:00,4,1,3,FMN GV 10 Beerse
39,Antwerpseweg 195,2020-09-24,20:00:00,7,5,2,FMN GV 10 Beerse
39,Antwerpseweg 195,2020-09-24,21:00:00,4,3,1,FMN GV 10 Beerse
39,Antwerpseweg 195,2020-09-24,22:00:00,3,3,0,FMN GV 10 Beerse
39,Antwerpseweg 195,2020-09-24,23:00:00,1,1,0,FMN GV 10 Beerse
39,Antwerpseweg 195,2020-09-25,00:00:00,0,0,0,FMN GV 10 Beerse
39,Antwerpseweg 195,2020-09-25,01:00:00,0,0,0,FMN GV 10 Beerse
39,Antwerpseweg 195,2020-09-25,02:00:00,0,0,0,FMN GV 10 Beerse
39,Antwerpseweg 195,2020-09-25,03:00:00,0,0,0,FMN GV 10 Beerse
39,Antwerpseweg 195,2020-09-25,04:00:00,0,0,0,FMN GV 10 Beerse
39,Antwerpseweg 195,2020-09-25,05:00:00,7,7,0,FMN GV 10 Beerse
39,Antwerpseweg 195,2020-09-25,06:00:00,11,10,1,FMN GV 10 Beerse
39,Antwerpseweg 195,2020-09-25,07:00:00,36,31,5,FMN GV 10 Beerse
39,Antwerpseweg 195,2020-09-25,08:00:00,11,8,3,FMN GV 10 Beerse
39,Antwerpseweg 195,2020-09-25,09:00:00,8,4,4,FMN GV 10 Beerse
39,Antwerpseweg 195,2020-09-25,10:00:00,15,11,4,FMN GV 10 Beerse
39,Antwerpseweg 195,2020-09-25,11:00:00,12,8,4,FMN GV 10 Beerse
39,Antwerpseweg 195,2020-09-25,12:00:00,8,3,5,FMN GV 10 Beerse
39,Antwerpseweg 195,2020-09-25,13:00:00,9,6,3,FMN GV 10 Beerse
39,Antwerpseweg 195,2020-09-25,14:00:00,12,8,4,FMN GV 10 Beerse
39,Antwerpseweg 195,2020-09-25,15:00:00,31,28,3,FMN GV 10 Beerse
39,Antwerpseweg 195,2020-09-25,16:00:00,28,20,8,FMN GV 10 Beerse
39,Antwerpseweg 195,2020-09-25,17:00:00,10,8,2,FMN GV 10 Beerse
39,Antwerpseweg 195,2020-09-25,18:00:00,3,3,0,FMN GV 10 Beerse
39,Antwerpseweg 195,2020-09-25,19:00:00,3,2,1,FMN GV 10 Beerse
39,Antwerpseweg 195,2020-09-25,20:00:00,3,3,0,FMN GV 10 Beerse
39,Antwerpseweg 195,2020-09-25,21:00:00,2,1,1,FMN GV 10 Beerse
39,Antwerpseweg 195,2020-09-25,22:00:00,2,2,0,FMN GV 10 Beerse
39,Antwerpseweg 195,2020-09-25,23:00:00,2,2,0,FMN GV 10 Beerse
39,Antwerpseweg 195,2020-09-26,00:00:00,1,1,0,FMN GV 10 Beerse
39,Antwerpseweg 195,2020-09-26,01:00:00,1,1,0,FMN GV 10 Beerse
39,Antwerpseweg 195,2020-09-26,02:00:00,2,2,0,FMN GV 10 Beerse
39,Antwerpseweg 195,2020-09-26,03:00:00,0,0,0,FMN GV 10 Beerse
39,Antwerpseweg 195,2020-09-26,04:00:00,0,0,0,FMN GV 10 Beerse
39,Antwerpseweg 195,2020-09-26,05:00:00,1,1,0,FMN GV 10 Beerse
39,Antwerpseweg 195,2020-09-26,06:00:00,1,1,0,FMN GV 10 Beerse
39,Antwerpseweg 195,2020-09-26,07:00:00,0,0,0,FMN GV 10 Beerse
39,Antwerpseweg 195,2020-09-26,08:00:00,8,6,2,FMN GV 10 Beerse
39,Antwerpseweg 195,2020-09-26,09:00:00,5,3,2,FMN GV 10 Beerse
39,Antwerpseweg 195,2020-09-26,10:00:00,9,6,3,FMN GV 10 Beerse
39,Antwerpseweg 195,2020-09-26,11:00:00,18,12,6,FMN GV 10 Beerse
39,Antwerpseweg 195,2020-09-26,12:00:00,16,10,6,FMN GV 10 Beerse
39,Antwerpseweg 195,2020-09-26,13:00:00,13,9,4,FMN GV 10 Beerse
39,Antwerpseweg 195,2020-09-26,14:00:00,25,15,10,FMN GV 10 Beerse
39,Antwerpseweg 195,2020-09-26,15:00:00,13,5,8,FMN GV 10 Beerse
39,Antwerpseweg 195,2020-09-26,16:00:00,14,8,6,FMN GV 10 Beerse
39,Antwerpseweg 195,2020-09-26,17:00:00,12,9,3,FMN GV 10 Beerse
39,Antwerpseweg 195,2020-09-26,18:00:00,5,4,1,FMN GV 10 Beerse
39,Antwerpseweg 195,2020-09-26,19:00:00,4,0,4,FMN GV 10 Beerse
39,Antwerpseweg 195,2020-09-26,20:00:00,1,1,0,FMN GV 10 Beerse
39,Antwerpseweg 195,2020-09-26,21:00:00,3,3,0,FMN GV 10 Beerse
39,Antwerpseweg 195,2020-09-26,22:00:00,1,1,0,FMN GV 10 Beerse
39,Antwerpseweg 195,2020-09-26,23:00:00,2,1,1,FMN GV 10 Beerse
39,Antwerpseweg 195,2020-09-27,00:00:00,1,1,0,FMN GV 10 Beerse
39,Antwerpseweg 195,2020-09-27,01:00:00,0,0,0,FMN GV 10 Beerse
39,Antwerpseweg 195,2020-09-27,02:00:00,2,2,0,FMN GV 10 Beerse
39,Antwerpseweg 195,2020-09-27,03:00:00,1,1,0,FMN GV 10 Beerse
39,Antwerpseweg 195,2020-09-27,04:00:00,0,0,0,FMN GV 10 Beerse
39,Antwerpseweg 195,2020-09-27,05:00:00,1,1,0,FMN GV 10 Beerse
39,Antwerpseweg 195,2020-09-27,06:00:00,0,0,0,FMN GV 10 Beerse
39,Antwerpseweg 195,2020-09-27,07:00:00,3,1,2,FMN GV 10 Beerse
39,Antwerpseweg 195,2020-09-27,08:00:00,7,6,1,FMN GV 10 Beerse
39,Antwerpseweg 195,2020-09-27,09:00:00,17,13,4,FMN GV 10 Beerse
39,Antwerpseweg 195,2020-09-27,10:00:00,5,5,0,FMN GV 10 Beerse
39,Antwerpseweg 195,2020-09-27,11:00:00,19,9,10,FMN GV 10 Beerse
39,Antwerpseweg 195,2020-09-27,12:00:00,9,6,3,FMN GV 10 Beerse
39,Antwerpseweg 195,2020-09-27,13:00:00,13,6,7,FMN GV 10 Beerse
39,Antwerpseweg 195,2020-09-27,14:00:00,23,13,10,FMN GV 10 Beerse
39,Antwerpseweg 195,2020-09-27,15:00:00,10,3,7,FMN GV 10 Beerse
39,Antwerpseweg 195,2020-09-27,16:00:00,12,9,3,FMN GV 10 Beerse
39,Antwerpseweg 195,2020-09-27,17:00:00,9,9,0,FMN GV 10 Beerse
39,Antwerpseweg 195,2020-09-27,18:00:00,1,1,0,FMN GV 10 Beerse
39,Antwerpseweg 195,2020-09-27,19:00:00,7,6,1,FMN GV 10 Beerse
39,Antwerpseweg 195,2020-09-27,20:00:00,2,1,1,FMN GV 10 Beerse
39,Antwerpseweg 195,2020-09-27,21:00:00,2,2,0,FMN GV 10 Beerse
39,Antwerpseweg 195,2020-09-27,22:00:00,2,2,0,FMN GV 10 Beerse
39,Antwerpseweg 195,2020-09-27,23:00:00,0,0,0,FMN GV 10 Beerse
39,Antwerpseweg 195,2020-09-28,00:00:00,0,0,0,FMN GV 10 Beerse
39,Antwerpseweg 195,2020-09-28,01:00:00,0,0,0,FMN GV 10 Beerse
39,Antwerpseweg 195,2020-09-28,02:00:00,0,0,0,FMN GV 10 Beerse
39,Antwerpseweg 195,2020-09-28,03:00:00,0,0,0,FMN GV 10 Beerse
39,Antwerpseweg 195,2020-09-28,04:00:00,1,1,0,FMN GV 10 Beerse
39,Antwerpseweg 195,2020-09-28,05:00:00,8,8,0,FMN GV 10 Beerse
39,Antwerpseweg 195,2020-09-28,06:00:00,8,8,0,FMN GV 10 Beerse
39,Antwerpseweg 195,2020-09-28,07:00:00,20,16,4,FMN GV 10 Beerse
39,Antwerpseweg 195,2020-09-28,08:00:00,6,6,0,FMN GV 10 Beerse
39,Antwerpseweg 195,2020-09-28,09:00:00,3,3,0,FMN GV 10 Beerse
39,Antwerpseweg 195,2020-09-28,10:00:00,3,2,1,FMN GV 10 Beerse
39,Antwerpseweg 195,2020-09-28,11:00:00,7,7,0,FMN GV 10 Beerse
39,Antwerpseweg 195,2020-09-28,12:00:00,7,5,2,FMN GV 10 Beerse
39,Antwerpseweg 195,2020-09-28,13:00:00,9,9,0,FMN GV 10 Beerse
39,Antwerpseweg 195,2020-09-28,14:00:00,10,8,2,FMN GV 10 Beerse
39,Antwerpseweg 195,2020-09-28,15:00:00,18,13,5,FMN GV 10 Beerse
39,Antwerpseweg 195,2020-09-28,16:00:00,28,20,8,FMN GV 10 Beerse
39,Antwerpseweg 195,2020-09-28,17:00:00,14,14,0,FMN GV 10 Beerse
39,Antwerpseweg 195,2020-09-28,18:00:00,11,8,3,FMN GV 10 Beerse
39,Antwerpseweg 195,2020-09-28,19:00:00,3,2,1,FMN GV 10 Beerse
39,Antwerpseweg 195,2020-09-28,20:00:00,4,3,1,FMN GV 10 Beerse
39,Antwerpseweg 195,2020-09-28,21:00:00,4,3,1,FMN GV 10 Beerse
39,Antwerpseweg 195,2020-09-28,22:00:00,4,4,0,FMN GV 10 Beerse
39,Antwerpseweg 195,2020-09-28,23:00:00,0,0,0,FMN GV 10 Beerse
39,Antwerpseweg 195,2020-09-29,00:00:00,0,0,0,FMN GV 10 Beerse
39,Antwerpseweg 195,2020-09-29,01:00:00,0,0,0,FMN GV 10 Beerse
39,Antwerpseweg 195,2020-09-29,02:00:00,1,1,0,FMN GV 10 Beerse
39,Antwerpseweg 195,2020-09-29,03:00:00,0,0,0,FMN GV 10 Beerse
39,Antwerpseweg 195,2020-09-29,04:00:00,0,0,0,FMN GV 10 Beerse
39,Antwerpseweg 195,2020-09-29,05:00:00,8,8,0,FMN GV 10 Beerse
39,Antwerpseweg 195,2020-09-29,06:00:00,11,10,1,FMN GV 10 Beerse
39,Antwerpseweg 195,2020-09-29,07:00:00,37,33,4,FMN GV 10 Beerse
39,Antwerpseweg 195,2020-09-29,08:00:00,15,11,4,FMN GV 10 Beerse
39,Antwerpseweg 195,2020-09-29,09:00:00,15,11,4,FMN GV 10 Beerse
39,Antwerpseweg 195,2020-09-29,10:00:00,16,14,2,FMN GV 10 Beerse
39,Antwerpseweg 195,2020-09-29,11:00:00,13,9,4,FMN GV 10 Beerse
39,Antwerpseweg 195,2020-09-29,12:00:00,19,12,7,FMN GV 10 Beerse
39,Antwerpseweg 195,2020-09-29,13:00:00,29,16,13,FMN GV 10 Beerse
39,Antwerpseweg 195,2020-09-29,14:00:00,48,33,15,FMN GV 10 Beerse
39,Antwerpseweg 195,2020-09-29,15:00:00,56,38,18,FMN GV 10 Beerse
39,Antwerpseweg 195,2020-09-29,16:00:00,75,52,23,FMN GV 10 Beerse
39,Antwerpseweg 195,2020-09-29,17:00:00,41,31,10,FMN GV 10 Beerse
39,Antwerpseweg 195,2020-09-29,18:00:00,26,18,8,FMN GV 10 Beerse
39,Antwerpseweg 195,2020-09-29,19:00:00,7,4,3,FMN GV 10 Beerse
39,Antwerpseweg 195,2020-09-29,20:00:00,3,3,0,FMN GV 10 Beerse
39,Antwerpseweg 195,2020-09-29,21:00:00,2,1,1,FMN GV 10 Beerse
39,Antwerpseweg 195,2020-09-29,22:00:00,5,5,0,FMN GV 10 Beerse
39,Antwerpseweg 195,2020-09-29,23:00:00,0,0,0,FMN GV 10 Beerse
39,Antwerpseweg 195,2020-09-30,00:00:00,0,0,0,FMN GV 10 Beerse
39,Antwerpseweg 195,2020-09-30,01:00:00,0,0,0,FMN GV 10 Beerse
39,Antwerpseweg 195,2020-09-30,02:00:00,0,0,0,FMN GV 10 Beerse
39,Antwerpseweg 195,2020-09-30,03:00:00,0,0,0,FMN GV 10 Beerse
39,Antwerpseweg 195,2020-09-30,04:00:00,2,2,0,FMN GV 10 Beerse
39,Antwerpseweg 195,2020-09-30,05:00:00,9,9,0,FMN GV 10 Beerse
39,Antwerpseweg 195,2020-09-30,06:00:00,12,11,1,FMN GV 10 Beerse
39,Antwerpseweg 195,2020-09-30,07:00:00,42,35,7,FMN GV 10 Beerse
39,Antwerpseweg 195,2020-09-30,08:00:00,19,15,4,FMN GV 10 Beerse
39,Antwerpseweg 195,2020-09-30,09:00:00,16,13,3,FMN GV 10 Beerse
39,Antwerpseweg 195,2020-09-30,10:00:00,12,9,3,FMN GV 10 Beerse
39,Antwerpseweg 195,2020-09-30,11:00:00,8,4,4,FMN GV 10 Beerse
39,Antwerpseweg 195,2020-09-30,12:00:00,77,58,19,FMN GV 10 Beerse
39,Antwerpseweg 195,2020-09-30,13:00:00,31,22,9,FMN GV 10 Beerse
39,Antwerpseweg 195,2020-09-30,14:00:00,37,23,14,FMN GV 10 Beerse
39,Antwerpseweg 195,2020-09-30,15:00:00,40,23,17,FMN GV 10 Beerse
39,Antwerpseweg 195,2020-09-30,16:00:00,27,19,8,FMN GV 10 Beerse
39,Antwerpseweg 195,2020-09-30,17:00:00,24,18,6,FMN GV 10 Beerse
39,Antwerpseweg 195,2020-09-30,18:00:00,23,17,6,FMN GV 10 Beerse
39,Antwerpseweg 195,2020-09-30,19:00:00,14,7,7,FMN GV 10 Beerse
39,Antwerpseweg 195,2020-09-30,20:00:00,9,5,4,FMN GV 10 Beerse
39,Antwerpseweg 195,2020-09-30,21:00:00,4,4,0,FMN GV 10 Beerse
39,Antwerpseweg 195,2020-09-30,22:00:00,7,7,0,FMN GV 10 Beerse
39,Antwerpseweg 195,2020-09-30,23:00:00,0,0,0,FMN GV 10 Beerse
39,Antwerpseweg 195,2020-10-01,00:00:00,0,0,0,FMN GV 10 Beerse
39,Antwerpseweg 195,2020-10-01,01:00:00,1,1,0,FMN GV 10 Beerse
39,Antwerpseweg 195,2020-10-01,02:00:00,0,0,0,FMN GV 10 Beerse
39,Antwerpseweg 195,2020-10-01,03:00:00,0,0,0,FMN GV 10 Beerse
39,Antwerpseweg 195,2020-10-01,04:00:00,0,0,0,FMN GV 10 Beerse
39,Antwerpseweg 195,2020-10-01,05:00:00,4,4,0,FMN GV 10 Beerse
39,Antwerpseweg 195,2020-10-01,06:00:00,12,11,1,FMN GV 10 Beerse
39,Antwerpseweg 195,2020-10-01,07:00:00,27,23,4,FMN GV 10 Beerse
39,Antwerpseweg 195,2020-10-01,08:00:00,15,10,5,FMN GV 10 Beerse
39,Antwerpseweg 195,2020-10-01,09:00:00,2,2,0,FMN GV 10 Beerse
39,Antwerpseweg 195,2020-10-01,10:00:00,3,1,2,FMN GV 10 Beerse
39,Antwerpseweg 195,2020-10-01,11:00:00,6,5,1,FMN GV 10 Beerse
39,Antwerpseweg 195,2020-10-01,12:00:00,6,5,1,FMN GV 10 Beerse
39,Antwerpseweg 195,2020-10-01,13:00:00,9,8,1,FMN GV 10 Beerse
39,Antwerpseweg 195,2020-10-01,14:00:00,6,4,2,FMN GV 10 Beerse
39,Antwerpseweg 195,2020-10-01,15:00:00,27,18,9,FMN GV 10 Beerse
39,Antwerpseweg 195,2020-10-01,16:00:00,32,25,7,FMN GV 10 Beerse
39,Antwerpseweg 195,2020-10-01,17:00:00,17,12,5,FMN GV 10 Beerse
39,Antwerpseweg 195,2020-10-01,18:00:00,11,8,3,FMN GV 10 Beerse
39,Antwerpseweg 195,2020-10-01,19:00:00,5,4,1,FMN GV 10 Beerse
39,Antwerpseweg 195,2020-10-01,20:00:00,6,4,2,FMN GV 10 Beerse
39,Antwerpseweg 195,2020-10-01,21:00:00,1,1,0,FMN GV 10 Beerse
39,Antwerpseweg 195,2020-10-01,22:00:00,5,4,1,FMN GV 10 Beerse
39,Antwerpseweg 195,2020-10-01,23:00:00,3,3,0,FMN GV 10 Beerse
39,Antwerpseweg 195,2020-10-02,00:00:00,3,3,0,FMN GV 10 Beerse
39,Antwerpseweg 195,2020-10-02,01:00:00,0,0,0,FMN GV 10 Beerse
39,Antwerpseweg 195,2020-10-02,02:00:00,0,0,0,FMN GV 10 Beerse
39,Antwerpseweg 195,2020-10-02,03:00:00,0,0,0,FMN GV 10 Beerse
39,Antwerpseweg 195,2020-10-02,04:00:00,0,0,0,FMN GV 10 Beerse
39,Antwerpseweg 195,2020-10-02,05:00:00,7,7,0,FMN GV 10 Beerse
39,Antwerpseweg 195,2020-10-02,06:00:00,11,10,1,FMN GV 10 Beerse
39,Antwerpseweg 195,2020-10-02,07:00:00,25,20,5,FMN GV 10 Beerse
39,Antwerpseweg 195,2020-10-02,08:00:00,13,11,2,FMN GV 10 Beerse
39,Antwerpseweg 195,2020-10-02,09:00:00,8,7,1,FMN GV 10 Beerse
39,Antwerpseweg 195,2020-10-02,10:00:00,8,7,1,FMN GV 10 Beerse
39,Antwerpseweg 195,2020-10-02,11:00:00,14,10,4,FMN GV 10 Beerse
39,Antwerpseweg 195,2020-10-02,12:00:00,6,5,1,FMN GV 10 Beerse
39,Antwerpseweg 195,2020-10-02,13:00:00,10,4,6,FMN GV 10 Beerse
39,Antwerpseweg 195,2020-10-02,14:00:00,16,7,9,FMN GV 10 Beerse
39,Antwerpseweg 195,2020-10-02,15:00:00,15,11,4,FMN GV 10 Beerse
39,Antwerpseweg 195,2020-10-02,16:00:00,20,11,9,FMN GV 10 Beerse
39,Antwerpseweg 195,2020-10-02,17:00:00,14,12,2,FMN GV 10 Beerse
39,Antwerpseweg 195,2020-10-02,18:00:00,9,7,2,FMN GV 10 Beerse
39,Antwerpseweg 195,2020-10-02,19:00:00,4,2,2,FMN GV 10 Beerse
39,Antwerpseweg 195,2020-10-02,20:00:00,7,4,3,FMN GV 10 Beerse
39,Antwerpseweg 195,2020-10-02,21:00:00,3,2,1,FMN GV 10 Beerse
39,Antwerpseweg 195,2020-10-02,22:00:00,7,5,2,FMN GV 10 Beerse
39,Antwerpseweg 195,2020-10-02,23:00:00,4,1,3,FMN GV 10 Beerse
39,Antwerpseweg 195,2020-10-03,00:00:00,1,1,0,FMN GV 10 Beerse
39,Antwerpseweg 195,2020-10-03,01:00:00,2,2,0,FMN GV 10 Beerse
39,Antwerpseweg 195,2020-10-03,02:00:00,0,0,0,FMN GV 10 Beerse
39,Antwerpseweg 195,2020-10-03,03:00:00,1,1,0,FMN GV 10 Beerse
39,Antwerpseweg 195,2020-10-03,04:00:00,2,1,1,FMN GV 10 Beerse
39,Antwerpseweg 195,2020-10-03,05:00:00,2,2,0,FMN GV 10 Beerse
39,Antwerpseweg 195,2020-10-03,06:00:00,2,2,0,FMN GV 10 Beerse
39,Antwerpseweg 195,2020-10-03,07:00:00,1,1,0,FMN GV 10 Beerse
39,Antwerpseweg 195,2020-10-03,08:00:00,1,1,0,FMN GV 10 Beerse
39,Antwerpseweg 195,2020-10-03,09:00:00,5,3,2,FMN GV 10 Beerse
39,Antwerpseweg 195,2020-10-03,10:00:00,1,1,0,FMN GV 10 Beerse
39,Antwerpseweg 195,2020-10-03,11:00:00,3,2,1,FMN GV 10 Beerse
39,Antwerpseweg 195,2020-10-03,12:00:00,2,1,1,FMN GV 10 Beerse
39,Antwerpseweg 195,2020-10-03,13:00:00,7,5,2,FMN GV 10 Beerse
39,Antwerpseweg 195,2020-10-03,14:00:00,1,1,0,FMN GV 10 Beerse
39,Antwerpseweg 195,2020-10-03,15:00:00,14,8,6,FMN GV 10 Beerse
39,Antwerpseweg 195,2020-10-03,16:00:00,2,1,1,FMN GV 10 Beerse
39,Antwerpseweg 195,2020-10-03,17:00:00,13,11,2,FMN GV 10 Beerse
39,Antwerpseweg 195,2020-10-03,18:00:00,8,5,3,FMN GV 10 Beerse
39,Antwerpseweg 195,2020-10-03,19:00:00,8,5,3,FMN GV 10 Beerse
39,Antwerpseweg 195,2020-10-03,20:00:00,2,2,0,FMN GV 10 Beerse
39,Antwerpseweg 195,2020-10-03,21:00:00,2,0,2,FMN GV 10 Beerse
39,Antwerpseweg 195,2020-10-03,22:00:00,4,3,1,FMN GV 10 Beerse
39,Antwerpseweg 195,2020-10-03,23:00:00,4,2,2,FMN GV 10 Beerse
39,Antwerpseweg 195,2020-10-04,00:00:00,0,0,0,FMN GV 10 Beerse
39,Antwerpseweg 195,2020-10-04,01:00:00,4,3,1,FMN GV 10 Beerse
39,Antwerpseweg 195,2020-10-04,02:00:00,2,1,1,FMN GV 10 Beerse
39,Antwerpseweg 195,2020-10-04,03:00:00,0,0,0,FMN GV 10 Beerse
39,Antwerpseweg 195,2020-10-04,04:00:00,0,0,0,FMN GV 10 Beerse
39,Antwerpseweg 195,2020-10-04,05:00:00,1,1,0,FMN GV 10 Beerse
39,Antwerpseweg 195,2020-10-04,06:00:00,1,1,0,FMN GV 10 Beerse
39,Antwerpseweg 195,2020-10-04,07:00:00,1,1,0,FMN GV 10 Beerse
39,Antwerpseweg 195,2020-10-04,08:00:00,2,1,1,FMN GV 10 Beerse
39,Antwerpseweg 195,2020-10-04,09:00:00,4,1,3,FMN GV 10 Beerse
39,Antwerpseweg 195,2020-10-04,10:00:00,6,4,2,FMN GV 10 Beerse
39,Antwerpseweg 195,2020-10-04,11:00:00,22,14,8,FMN GV 10 Beerse
39,Antwerpseweg 195,2020-10-04,12:00:00,8,5,3,FMN GV 10 Beerse
39,Antwerpseweg 195,2020-10-04,13:00:00,16,11,5,FMN GV 10 Beerse
39,Antwerpseweg 195,2020-10-04,14:00:00,15,11,4,FMN GV 10 Beerse
39,Antwerpseweg 195,2020-10-04,15:00:00,6,2,4,FMN GV 10 Beerse
39,Antwerpseweg 195,2020-10-04,16:00:00,17,15,2,FMN GV 10 Beerse
39,Antwerpseweg 195,2020-10-04,17:00:00,12,9,3,FMN GV 10 Beerse
39,Antwerpseweg 195,2020-10-04,18:00:00,8,4,4,FMN GV 10 Beerse
39,Antwerpseweg 195,2020-10-04,19:00:00,5,4,1,FMN GV 10 Beerse
39,Antwerpseweg 195,2020-10-04,20:00:00,3,3,0,FMN GV 10 Beerse
39,Antwerpseweg 195,2020-10-04,21:00:00,0,0,0,FMN GV 10 Beerse
39,Antwerpseweg 195,2020-10-04,22:00:00,1,1,0,FMN GV 10 Beerse
39,Antwerpseweg 195,2020-10-04,23:00:00,0,0,0,FMN GV 10 Beerse
39,Antwerpseweg 195,2020-10-05,00:00:00,0,0,0,FMN GV 10 Beerse
39,Antwerpseweg 195,2020-10-05,01:00:00,0,0,0,FMN GV 10 Beerse
39,Antwerpseweg 195,2020-10-05,02:00:00,0,0,0,FMN GV 10 Beerse
39,Antwerpseweg 195,2020-10-05,03:00:00,0,0,0,FMN GV 10 Beerse
39,Antwerpseweg 195,2020-10-05,04:00:00,1,1,0,FMN GV 10 Beerse
39,Antwerpseweg 195,2020-10-05,05:00:00,9,9,0,FMN GV 10 Beerse
39,Antwerpseweg 195,2020-10-05,06:00:00,6,6,0,FMN GV 10 Beerse
39,Antwerpseweg 195,2020-10-05,07:00:00,18,16,2,FMN GV 10 Beerse
39,Antwerpseweg 195,2020-10-05,08:00:00,7,6,1,FMN GV 10 Beerse
39,Antwerpseweg 195,2020-10-05,09:00:00,4,4,0,FMN GV 10 Beerse
39,Antwerpseweg 195,2020-10-05,10:00:00,2,1,1,FMN GV 10 Beerse
39,Antwerpseweg 195,2020-10-05,11:00:00,7,6,1,FMN GV 10 Beerse
39,Antwerpseweg 195,2020-10-05,12:00:00,8,5,3,FMN GV 10 Beerse
39,Antwerpseweg 195,2020-10-05,13:00:00,15,14,1,FMN GV 10 Beerse
39,Antwerpseweg 195,2020-10-05,14:00:00,15,12,3,FMN GV 10 Beerse
39,Antwerpseweg 195,2020-10-05,15:00:00,20,15,5,FMN GV 10 Beerse
39,Antwerpseweg 195,2020-10-05,16:00:00,27,23,4,FMN GV 10 Beerse
39,Antwerpseweg 195,2020-10-05,17:00:00,14,9,5,FMN GV 10 Beerse
39,Antwerpseweg 195,2020-10-05,18:00:00,6,6,0,FMN GV 10 Beerse
39,Antwerpseweg 195,2020-10-05,19:00:00,5,3,2,FMN GV 10 Beerse
39,Antwerpseweg 195,2020-10-05,20:00:00,5,2,3,FMN GV 10 Beerse
39,Antwerpseweg 195,2020-10-05,21:00:00,2,2,0,FMN GV 10 Beerse
39,Antwerpseweg 195,2020-10-05,22:00:00,3,2,1,FMN GV 10 Beerse
39,Antwerpseweg 195,2020-10-05,23:00:00,1,1,0,FMN GV 10 Beerse
39,Antwerpseweg 195,2020-10-06,00:00:00,0,0,0,FMN GV 10 Beerse
39,Antwerpseweg 195,2020-10-06,01:00:00,1,1,0,FMN GV 10 Beerse
39,Antwerpseweg 195,2020-10-06,02:00:00,0,0,0,FMN GV 10 Beerse
39,Antwerpseweg 195,2020-10-06,03:00:00,0,0,0,FMN GV 10 Beerse
39,Antwerpseweg 195,2020-10-06,04:00:00,0,0,0,FMN GV 10 Beerse
39,Antwerpseweg 195,2020-10-06,05:00:00,7,7,0,FMN GV 10 Beerse
39,Antwerpseweg 195,2020-10-06,06:00:00,8,8,0,FMN GV 10 Beerse
39,Antwerpseweg 195,2020-10-06,07:00:00,27,22,5,FMN GV 10 Beerse
39,Antwerpseweg 195,2020-10-06,08:00:00,14,12,2,FMN GV 10 Beerse
39,Antwerpseweg 195,2020-10-06,09:00:00,5,4,1,FMN GV 10 Beerse
39,Antwerpseweg 195,2020-10-06,10:00:00,3,2,1,FMN GV 10 Beerse
39,Antwerpseweg 195,2020-10-06,11:00:00,10,4,6,FMN GV 10 Beerse
39,Antwerpseweg 195,2020-10-06,12:00:00,15,13,2,FMN GV 10 Beerse
39,Antwerpseweg 195,2020-10-06,13:00:00,19,12,7,FMN GV 10 Beerse
39,Antwerpseweg 195,2020-10-06,14:00:00,54,44,10,FMN GV 10 Beerse
39,Antwerpseweg 195,2020-10-06,15:00:00,36,23,13,FMN GV 10 Beerse
39,Antwerpseweg 195,2020-10-06,16:00:00,37,24,13,FMN GV 10 Beerse
39,Antwerpseweg 195,2020-10-06,17:00:00,22,16,6,FMN GV 10 Beerse
39,Antwerpseweg 195,2020-10-06,18:00:00,8,5,3,FMN GV 10 Beerse
39,Antwerpseweg 195,2020-10-06,19:00:00,4,1,3,FMN GV 10 Beerse
39,Antwerpseweg 195,2020-10-06,20:00:00,3,2,1,FMN GV 10 Beerse
39,Antwerpseweg 195,2020-10-06,21:00:00,3,3,0,FMN GV 10 Beerse
39,Antwerpseweg 195,2020-10-06,22:00:00,2,1,1,FMN GV 10 Beerse
39,Antwerpseweg 195,2020-10-06,23:00:00,0,0,0,FMN GV 10 Beerse
39,Antwerpseweg 195,2020-10-07,00:00:00,0,0,0,FMN GV 10 Beerse
39,Antwerpseweg 195,2020-10-07,01:00:00,0,0,0,FMN GV 10 Beerse
39,Antwerpseweg 195,2020-10-07,02:00:00,1,1,0,FMN GV 10 Beerse
39,Antwerpseweg 195,2020-10-07,03:00:00,0,0,0,FMN GV 10 Beerse
39,Antwerpseweg 195,2020-10-07,04:00:00,0,0,0,FMN GV 10 Beerse
39,Antwerpseweg 195,2020-10-07,05:00:00,8,8,0,FMN GV 10 Beerse
39,Antwerpseweg 195,2020-10-07,06:00:00,10,9,1,FMN GV 10 Beerse
39,Antwerpseweg 195,2020-10-07,07:00:00,33,27,6,FMN GV 10 Beerse
39,Antwerpseweg 195,2020-10-07,08:00:00,18,13,5,FMN GV 10 Beerse
39,Antwerpseweg 195,2020-10-07,09:00:00,6,4,2,FMN GV 10 Beerse
39,Antwerpseweg 195,2020-10-07,10:00:00,14,12,2,FMN GV 10 Beerse
39,Antwerpseweg 195,2020-10-07,11:00:00,12,8,4,FMN GV 10 Beerse
39,Antwerpseweg 195,2020-10-07,12:00:00,41,33,8,FMN GV 10 Beerse
39,Antwerpseweg 195,2020-10-07,13:00:00,16,10,6,FMN GV 10 Beerse
39,Antwerpseweg 195,2020-10-07,14:00:00,18,12,6,FMN GV 10 Beerse
39,Antwerpseweg 195,2020-10-07,15:00:00,27,20,7,FMN GV 10 Beerse
39,Antwerpseweg 195,2020-10-07,16:00:00,13,9,4,FMN GV 10 Beerse
39,Antwerpseweg 195,2020-10-07,17:00:00,20,13,7,FMN GV 10 Beerse
39,Antwerpseweg 195,2020-10-07,18:00:00,13,10,3,FMN GV 10 Beerse
39,Antwerpseweg 195,2020-10-07,19:00:00,12,6,6,FMN GV 10 Beerse
39,Antwerpseweg 195,2020-10-07,20:00:00,6,4,2,FMN GV 10 Beerse
39,Antwerpseweg 195,2020-10-07,21:00:00,6,5,1,FMN GV 10 Beerse
39,Antwerpseweg 195,2020-10-07,22:00:00,3,2,1,FMN GV 10 Beerse
39,Antwerpseweg 195,2020-10-07,23:00:00,0,0,0,FMN GV 10 Beerse
39,Antwerpseweg 195,2020-10-08,00:00:00,0,0,0,FMN GV 10 Beerse
39,Antwerpseweg 195,2020-10-08,01:00:00,1,1,0,FMN GV 10 Beerse
39,Antwerpseweg 195,2020-10-08,02:00:00,0,0,0,FMN GV 10 Beerse
39,Antwerpseweg 195,2020-10-08,03:00:00,0,0,0,FMN GV 10 Beerse
39,Antwerpseweg 195,2020-10-08,04:00:00,1,1,0,FMN GV 10 Beerse
39,Antwerpseweg 195,2020-10-08,05:00:00,11,11,0,FMN GV 10 Beerse
39,Antwerpseweg 195,2020-10-08,06:00:00,10,10,0,FMN GV 10 Beerse
39,Antwerpseweg 195,2020-10-08,07:00:00,27,24,3,FMN GV 10 Beerse
39,Antwerpseweg 195,2020-10-08,08:00:00,13,10,3,FMN GV 10 Beerse
39,Antwerpseweg 195,2020-10-08,09:00:00,7,6,1,FMN GV 10 Beerse
39,Antwerpseweg 195,2020-10-08,10:00:00,5,3,2,FMN GV 10 Beerse
39,Antwerpseweg 195,2020-10-08,11:00:00,5,3,2,FMN GV 10 Beerse
39,Antwerpseweg 195,2020-10-08,12:00:00,10,6,4,FMN GV 10 Beerse
39,Antwerpseweg 195,2020-10-08,13:00:00,26,24,2,FMN GV 10 Beerse
39,Antwerpseweg 195,2020-10-08,14:00:00,20,12,8,FMN GV 10 Beerse
39,Antwerpseweg 195,2020-10-08,15:00:00,29,21,8,FMN GV 10 Beerse
39,Antwerpseweg 195,2020-10-08,16:00:00,23,15,8,FMN GV 10 Beerse
39,Antwerpseweg 195,2020-10-08,17:00:00,17,12,5,FMN GV 10 Beerse
39,Antwerpseweg 195,2020-10-08,18:00:00,7,6,1,FMN GV 10 Beerse
39,Antwerpseweg 195,2020-10-08,19:00:00,3,1,2,FMN GV 10 Beerse
39,Antwerpseweg 195,2020-10-08,20:00:00,3,2,1,FMN GV 10 Beerse
39,Antwerpseweg 195,2020-10-08,21:00:00,1,0,1,FMN GV 10 Beerse
39,Antwerpseweg 195,2020-10-08,22:00:00,3,2,1,FMN GV 10 Beerse
39,Antwerpseweg 195,2020-10-08,23:00:00,2,2,0,FMN GV 10 Beerse
39,Antwerpseweg 195,2020-10-09,00:00:00,0,0,0,FMN GV 10 Beerse
39,Antwerpseweg 195,2020-10-09,01:00:00,1,1,0,FMN GV 10 Beerse
39,Antwerpseweg 195,2020-10-09,02:00:00,0,0,0,FMN GV 10 Beerse
39,Antwerpseweg 195,2020-10-09,03:00:00,0,0,0,FMN GV 10 Beerse
39,Antwerpseweg 195,2020-10-09,04:00:00,2,2,0,FMN GV 10 Beerse
39,Antwerpseweg 195,2020-10-09,05:00:00,11,11,0,FMN GV 10 Beerse
39,Antwerpseweg 195,2020-10-09,06:00:00,14,13,1,FMN GV 10 Beerse
39,Antwerpseweg 195,2020-10-09,07:00:00,39,31,8,FMN GV 10 Beerse
39,Antwerpseweg 195,2020-10-09,08:00:00,11,6,5,FMN GV 10 Beerse
39,Antwerpseweg 195,2020-10-09,09:00:00,13,11,2,FMN GV 10 Beerse
39,Antwerpseweg 195,2020-10-09,10:00:00,19,14,5,FMN GV 10 Beerse
39,Antwerpseweg 195,2020-10-09,11:00:00,10,9,1,FMN GV 10 Beerse
39,Antwerpseweg 195,2020-10-09,12:00:00,25,13,12,FMN GV 10 Beerse
39,Antwerpseweg 195,2020-10-09,13:00:00,31,22,9,FMN GV 10 Beerse
39,Antwerpseweg 195,2020-10-09,14:00:00,29,18,11,FMN GV 10 Beerse
39,Antwerpseweg 195,2020-10-09,15:00:00,40,28,12,FMN GV 10 Beerse
39,Antwerpseweg 195,2020-10-09,16:00:00,49,38,11,FMN GV 10 Beerse
39,Antwerpseweg 195,2020-10-09,17:00:00,28,20,8,FMN GV 10 Beerse
39,Antwerpseweg 195,2020-10-09,18:00:00,22,16,6,FMN GV 10 Beerse
39,Antwerpseweg 195,2020-10-09,19:00:00,5,5,0,FMN GV 10 Beerse
39,Antwerpseweg 195,2020-10-09,20:00:00,5,2,3,FMN GV 10 Beerse
39,Antwerpseweg 195,2020-10-09,21:00:00,2,1,1,FMN GV 10 Beerse
39,Antwerpseweg 195,2020-10-09,22:00:00,4,3,1,FMN GV 10 Beerse
39,Antwerpseweg 195,2020-10-09,23:00:00,4,4,0,FMN GV 10 Beerse
39,Antwerpseweg 195,2020-10-10,00:00:00,2,2,0,FMN GV 10 Beerse
39,Antwerpseweg 195,2020-10-10,01:00:00,1,1,0,FMN GV 10 Beerse
39,Antwerpseweg 195,2020-10-10,02:00:00,0,0,0,FMN GV 10 Beerse
39,Antwerpseweg 195,2020-10-10,03:00:00,0,0,0,FMN GV 10 Beerse
39,Antwerpseweg 195,2020-10-10,04:00:00,1,0,1,FMN GV 10 Beerse
39,Antwerpseweg 195,2020-10-10,05:00:00,3,3,0,FMN GV 10 Beerse
39,Antwerpseweg 195,2020-10-10,06:00:00,0,0,0,FMN GV 10 Beerse
39,Antwerpseweg 195,2020-10-10,07:00:00,0,0,0,FMN GV 10 Beerse
39,Antwerpseweg 195,2020-10-10,08:00:00,3,0,3,FMN GV 10 Beerse
39,Antwerpseweg 195,2020-10-10,09:00:00,11,6,5,FMN GV 10 Beerse
39,Antwerpseweg 195,2020-10-10,10:00:00,23,16,7,FMN GV 10 Beerse
39,Antwerpseweg 195,2020-10-10,11:00:00,23,14,9,FMN GV 10 Beerse
39,Antwerpseweg 195,2020-10-10,12:00:00,20,10,10,FMN GV 10 Beerse
39,Antwerpseweg 195,2020-10-10,13:00:00,19,13,6,FMN GV 10 Beerse
39,Antwerpseweg 195,2020-10-10,14:00:00,13,8,5,FMN GV 10 Beerse
39,Antwerpseweg 195,2020-10-10,15:00:00,14,12,2,FMN GV 10 Beerse
39,Antwerpseweg 195,2020-10-10,16:00:00,9,7,2,FMN GV 10 Beerse
39,Antwerpseweg 195,2020-10-10,17:00:00,4,1,3,FMN GV 10 Beerse
39,Antwerpseweg 195,2020-10-10,18:00:00,4,3,1,FMN GV 10 Beerse
39,Antwerpseweg 195,2020-10-10,19:00:00,4,3,1,FMN GV 10 Beerse
39,Antwerpseweg 195,2020-10-10,20:00:00,2,1,1,FMN GV 10 Beerse
39,Antwerpseweg 195,2020-10-10,21:00:00,1,0,1,FMN GV 10 Beerse
39,Antwerpseweg 195,2020-10-10,22:00:00,3,2,1,FMN GV 10 Beerse
39,Antwerpseweg 195,2020-10-10,23:00:00,4,4,0,FMN GV 10 Beerse
39,Antwerpseweg 195,2020-10-11,00:00:00,0,0,0,FMN GV 10 Beerse
39,Antwerpseweg 195,2020-10-11,01:00:00,1,1,0,FMN GV 10 Beerse
39,Antwerpseweg 195,2020-10-11,02:00:00,1,1,0,FMN GV 10 Beerse
39,Antwerpseweg 195,2020-10-11,03:00:00,0,0,0,FMN GV 10 Beerse
39,Antwerpseweg 195,2020-10-11,04:00:00,0,0,0,FMN GV 10 Beerse
39,Antwerpseweg 195,2020-10-11,05:00:00,1,1,0,FMN GV 10 Beerse
39,Antwerpseweg 195,2020-10-11,06:00:00,0,0,0,FMN GV 10 Beerse
39,Antwerpseweg 195,2020-10-11,07:00:00,1,1,0,FMN GV 10 Beerse
39,Antwerpseweg 195,2020-10-11,08:00:00,12,2,10,FMN GV 10 Beerse
39,Antwerpseweg 195,2020-10-11,09:00:00,6,1,5,FMN GV 10 Beerse
39,Antwerpseweg 195,2020-10-11,10:00:00,14,11,3,FMN GV 10 Beerse
39,Antwerpseweg 195,2020-10-11,11:00:00,13,8,5,FMN GV 10 Beerse
39,Antwerpseweg 195,2020-10-11,12:00:00,28,16,12,FMN GV 10 Beerse
39,Antwerpseweg 195,2020-10-11,13:00:00,37,19,18,FMN GV 10 Beerse
39,Antwerpseweg 195,2020-10-11,14:00:00,38,32,6,FMN GV 10 Beerse
39,Antwerpseweg 195,2020-10-11,15:00:00,27,16,11,FMN GV 10 Beerse
39,Antwerpseweg 195,2020-10-11,16:00:00,22,13,9,FMN GV 10 Beerse
39,Antwerpseweg 195,2020-10-11,17:00:00,9,3,6,FMN GV 10 Beerse
39,Antwerpseweg 195,2020-10-11,18:00:00,8,4,4,FMN GV 10 Beerse
39,Antwerpseweg 195,2020-10-11,19:00:00,2,2,0,FMN GV 10 Beerse
39,Antwerpseweg 195,2020-10-11,20:00:00,2,2,0,FMN GV 10 Beerse
39,Antwerpseweg 195,2020-10-11,21:00:00,3,3,0,FMN GV 10 Beerse
39,Antwerpseweg 195,2020-10-11,22:00:00,2,1,1,FMN GV 10 Beerse
39,Antwerpseweg 195,2020-10-11,23:00:00,1,1,0,FMN GV 10 Beerse
39,Antwerpseweg 195,2020-10-12,00:00:00,0,0,0,FMN GV 10 Beerse
39,Antwerpseweg 195,2020-10-12,01:00:00,0,0,0,FMN GV 10 Beerse
39,Antwerpseweg 195,2020-10-12,02:00:00,0,0,0,FMN GV 10 Beerse
39,Antwerpseweg 195,2020-10-12,03:00:00,0,0,0,FMN GV 10 Beerse
39,Antwerpseweg 195,2020-10-12,04:00:00,1,1,0,FMN GV 10 Beerse
39,Antwerpseweg 195,2020-10-12,05:00:00,12,12,0,FMN GV 10 Beerse
39,Antwerpseweg 195,2020-10-12,06:00:00,12,12,0,FMN GV 10 Beerse
39,Antwerpseweg 195,2020-10-12,07:00:00,30,27,3,FMN GV 10 Beerse
39,Antwerpseweg 195,2020-10-12,08:00:00,17,15,2,FMN GV 10 Beerse
39,Antwerpseweg 195,2020-10-12,09:00:00,9,8,1,FMN GV 10 Beerse
39,Antwerpseweg 195,2020-10-12,10:00:00,8,4,4,FMN GV 10 Beerse
39,Antwerpseweg 195,2020-10-12,11:00:00,6,2,4,FMN GV 10 Beerse
39,Antwerpseweg 195,2020-10-12,12:00:00,12,10,2,FMN GV 10 Beerse
39,Antwerpseweg 195,2020-10-12,13:00:00,32,26,6,FMN GV 10 Beerse
39,Antwerpseweg 195,2020-10-12,14:00:00,19,9,10,FMN GV 10 Beerse
39,Antwerpseweg 195,2020-10-12,15:00:00,49,29,20,FMN GV 10 Beerse
39,Antwerpseweg 195,2020-10-12,16:00:00,55,37,18,FMN GV 10 Beerse
39,Antwerpseweg 195,2020-10-12,17:00:00,27,18,9,FMN GV 10 Beerse
39,Antwerpseweg 195,2020-10-12,18:00:00,12,10,2,FMN GV 10 Beerse
39,Antwerpseweg 195,2020-10-12,19:00:00,9,8,1,FMN GV 10 Beerse
39,Antwerpseweg 195,2020-10-12,20:00:00,8,4,4,FMN GV 10 Beerse
39,Antwerpseweg 195,2020-10-12,21:00:00,0,0,0,FMN GV 10 Beerse
39,Antwerpseweg 195,2020-10-12,22:00:00,11,7,4,FMN GV 10 Beerse
39,Antwerpseweg 195,2020-10-12,23:00:00,2,2,0,FMN GV 10 Beerse
39,Antwerpseweg 195,2020-10-13,00:00:00,0,0,0,FMN GV 10 Beerse
39,Antwerpseweg 195,2020-10-13,01:00:00,0,0,0,FMN GV 10 Beerse
39,Antwerpseweg 195,2020-10-13,02:00:00,0,0,0,FMN GV 10 Beerse
39,Antwerpseweg 195,2020-10-13,03:00:00,0,0,0,FMN GV 10 Beerse
39,Antwerpseweg 195,2020-10-13,04:00:00,0,0,0,FMN GV 10 Beerse
39,Antwerpseweg 195,2020-10-13,05:00:00,9,9,0,FMN GV 10 Beerse
39,Antwerpseweg 195,2020-10-13,06:00:00,13,12,1,FMN GV 10 Beerse
39,Antwerpseweg 195,2020-10-13,07:00:00,41,33,8,FMN GV 10 Beerse
39,Antwerpseweg 195,2020-10-13,08:00:00,15,13,2,FMN GV 10 Beerse
39,Antwerpseweg 195,2020-10-13,09:00:00,11,9,2,FMN GV 10 Beerse
39,Antwerpseweg 195,2020-10-13,10:00:00,4,3,1,FMN GV 10 Beerse
39,Antwerpseweg 195,2020-10-13,11:00:00,5,1,4,FMN GV 10 Beerse
39,Antwerpseweg 195,2020-10-13,12:00:00,12,10,2,FMN GV 10 Beerse
39,Antwerpseweg 195,2020-10-13,13:00:00,42,32,10,FMN GV 10 Beerse
39,Antwerpseweg 195,2020-10-13,14:00:00,19,13,6,FMN GV 10 Beerse
39,Antwerpseweg 195,2020-10-13,15:00:00,47,36,11,FMN GV 10 Beerse
39,Antwerpseweg 195,2020-10-13,16:00:00,47,24,23,FMN GV 10 Beerse
39,Antwerpseweg 195,2020-10-13,17:00:00,32,25,7,FMN GV 10 Beerse
39,Antwerpseweg 195,2020-10-13,18:00:00,18,13,5,FMN GV 10 Beerse
39,Antwerpseweg 195,2020-10-13,19:00:00,7,6,1,FMN GV 10 Beerse
39,Antwerpseweg 195,2020-10-13,20:00:00,2,1,1,FMN GV 10 Beerse
39,Antwerpseweg 195,2020-10-13,21:00:00,3,3,0,FMN GV 10 Beerse
39,Antwerpseweg 195,2020-10-13,22:00:00,9,5,4,FMN GV 10 Beerse
39,Antwerpseweg 195,2020-10-13,23:00:00,1,1,0,FMN GV 10 Beerse
39,Antwerpseweg 195,2020-10-14,00:00:00,0,0,0,FMN GV 10 Beerse
39,Antwerpseweg 195,2020-10-14,01:00:00,0,0,0,FMN GV 10 Beerse
39,Antwerpseweg 195,2020-10-14,02:00:00,0,0,0,FMN GV 10 Beerse
39,Antwerpseweg 195,2020-10-14,03:00:00,0,0,0,FMN GV 10 Beerse
39,Antwerpseweg 195,2020-10-14,04:00:00,0,0,0,FMN GV 10 Beerse
39,Antwerpseweg 195,2020-10-14,05:00:00,7,7,0,FMN GV 10 Beerse
39,Antwerpseweg 195,2020-10-14,06:00:00,12,11,1,FMN GV 10 Beerse
39,Antwerpseweg 195,2020-10-14,07:00:00,38,34,4,FMN GV 10 Beerse
39,Antwerpseweg 195,2020-10-14,08:00:00,20,13,7,FMN GV 10 Beerse
39,Antwerpseweg 195,2020-10-14,09:00:00,9,4,5,FMN GV 10 Beerse
39,Antwerpseweg 195,2020-10-14,10:00:00,10,9,1,FMN GV 10 Beerse
39,Antwerpseweg 195,2020-10-14,11:00:00,13,6,7,FMN GV 10 Beerse
39,Antwerpseweg 195,2020-10-14,12:00:00,44,33,11,FMN GV 10 Beerse
39,Antwerpseweg 195,2020-10-14,13:00:00,20,13,7,FMN GV 10 Beerse
39,Antwerpseweg 195,2020-10-14,14:00:00,24,18,6,FMN GV 10 Beerse
39,Antwerpseweg 195,2020-10-14,15:00:00,29,21,8,FMN GV 10 Beerse
39,Antwerpseweg 195,2020-10-14,16:00:00,33,19,14,FMN GV 10 Beerse
39,Antwerpseweg 195,2020-10-14,17:00:00,33,25,8,FMN GV 10 Beerse
39,Antwerpseweg 195,2020-10-14,18:00:00,20,17,3,FMN GV 10 Beerse
39,Antwerpseweg 195,2020-10-14,19:00:00,11,5,6,FMN GV 10 Beerse
39,Antwerpseweg 195,2020-10-14,20:00:00,8,1,7,FMN GV 10 Beerse
39,Antwerpseweg 195,2020-10-14,21:00:00,1,0,1,FMN GV 10 Beerse
39,Antwerpseweg 195,2020-10-14,22:00:00,5,2,3,FMN GV 10 Beerse
39,Antwerpseweg 195,2020-10-14,23:00:00,1,1,0,FMN GV 10 Beerse
39,Antwerpseweg 195,2020-10-15,00:00:00,0,0,0,FMN GV 10 Beerse
39,Antwerpseweg 195,2020-10-15,01:00:00,0,0,0,FMN GV 10 Beerse
39,Antwerpseweg 195,2020-10-15,02:00:00,0,0,0,FMN GV 10 Beerse
39,Antwerpseweg 195,2020-10-15,03:00:00,1,1,0,FMN GV 10 Beerse
39,Antwerpseweg 195,2020-10-15,04:00:00,1,1,0,FMN GV 10 Beerse
39,Antwerpseweg 195,2020-10-15,05:00:00,9,9,0,FMN GV 10 Beerse
39,Antwerpseweg 195,2020-10-15,06:00:00,11,11,0,FMN GV 10 Beerse
39,Antwerpseweg 195,2020-10-15,07:00:00,41,37,4,FMN GV 10 Beerse
39,Antwerpseweg 195,2020-10-15,08:00:00,15,12,3,FMN GV 10 Beerse
39,Antwerpseweg 195,2020-10-15,09:00:00,16,8,8,FMN GV 10 Beerse
39,Antwerpseweg 195,2020-10-15,10:00:00,10,7,3,FMN GV 10 Beerse
39,Antwerpseweg 195,2020-10-15,11:00:00,8,6,2,FMN GV 10 Beerse
39,Antwerpseweg 195,2020-10-15,12:00:00,12,8,4,FMN GV 10 Beerse
39,Antwerpseweg 195,2020-10-15,13:00:00,21,17,4,FMN GV 10 Beerse
39,Antwerpseweg 195,2020-10-15,14:00:00,31,17,14,FMN GV 10 Beerse
39,Antwerpseweg 195,2020-10-15,15:00:00,40,35,5,FMN GV 10 Beerse
39,Antwerpseweg 195,2020-10-15,16:00:00,53,40,13,FMN GV 10 Beerse
39,Antwerpseweg 195,2020-10-15,17:00:00,33,26,7,FMN GV 10 Beerse
39,Antwerpseweg 195,2020-10-15,18:00:00,6,5,1,FMN GV 10 Beerse
39,Antwerpseweg 195,2020-10-15,19:00:00,13,10,3,FMN GV 10 Beerse
39,Antwerpseweg 195,2020-10-15,20:00:00,4,4,0,FMN GV 10 Beerse
39,Antwerpseweg 195,2020-10-15,21:00:00,2,2,0,FMN GV 10 Beerse
39,Antwerpseweg 195,2020-10-15,22:00:00,8,4,4,FMN GV 10 Beerse
39,Antwerpseweg 195,2020-10-15,23:00:00,1,1,0,FMN GV 10 Beerse
39,Antwerpseweg 195,2020-10-16,00:00:00,0,0,0,FMN GV 10 Beerse
39,Antwerpseweg 195,2020-10-16,01:00:00,0,0,0,FMN GV 10 Beerse
39,Antwerpseweg 195,2020-10-16,02:00:00,0,0,0,FMN GV 10 Beerse
39,Antwerpseweg 195,2020-10-16,03:00:00,0,0,0,FMN GV 10 Beerse
39,Antwerpseweg 195,2020-10-16,04:00:00,2,2,0,FMN GV 10 Beerse
39,Antwerpseweg 195,2020-10-16,05:00:00,7,7,0,FMN GV 10 Beerse
39,Antwerpseweg 195,2020-10-16,06:00:00,9,9,0,FMN GV 10 Beerse
39,Antwerpseweg 195,2020-10-16,07:00:00,35,30,5,FMN GV 10 Beerse
39,Antwerpseweg 195,2020-10-16,08:00:00,17,13,4,FMN GV 10 Beerse
39,Antwerpseweg 195,2020-10-16,09:00:00,9,8,1,FMN GV 10 Beerse
39,Antwerpseweg 195,2020-10-16,10:00:00,11,8,3,FMN GV 10 Beerse
39,Antwerpseweg 195,2020-10-16,11:00:00,19,13,6,FMN GV 10 Beerse
39,Antwerpseweg 195,2020-10-16,12:00:00,13,9,4,FMN GV 10 Beerse
39,Antwerpseweg 195,2020-10-16,13:00:00,16,11,5,FMN GV 10 Beerse
39,Antwerpseweg 195,2020-10-16,14:00:00,36,26,10,FMN GV 10 Beerse
39,Antwerpseweg 195,2020-10-16,15:00:00,34,30,4,FMN GV 10 Beerse
39,Antwerpseweg 195,2020-10-16,16:00:00,42,29,13,FMN GV 10 Beerse
39,Antwerpseweg 195,2020-10-16,17:00:00,36,26,10,FMN GV 10 Beerse
39,Antwerpseweg 195,2020-10-16,18:00:00,11,9,2,FMN GV 10 Beerse
39,Antwerpseweg 195,2020-10-16,19:00:00,5,3,2,FMN GV 10 Beerse
39,Antwerpseweg 195,2020-10-16,20:00:00,5,3,2,FMN GV 10 Beerse
39,Antwerpseweg 195,2020-10-16,21:00:00,3,3,0,FMN GV 10 Beerse
39,Antwerpseweg 195,2020-10-16,22:00:00,5,3,2,FMN GV 10 Beerse
39,Antwerpseweg 195,2020-10-16,23:00:00,3,3,0,FMN GV 10 Beerse
39,Antwerpseweg 195,2020-10-17,00:00:00,1,1,0,FMN GV 10 Beerse
39,Antwerpseweg 195,2020-10-17,01:00:00,1,1,0,FMN GV 10 Beerse
39,Antwerpseweg 195,2020-10-17,02:00:00,1,1,0,FMN GV 10 Beerse
39,Antwerpseweg 195,2020-10-17,03:00:00,0,0,0,FMN GV 10 Beerse
39,Antwerpseweg 195,2020-10-17,04:00:00,1,1,0,FMN GV 10 Beerse
39,Antwerpseweg 195,2020-10-17,05:00:00,5,5,0,FMN GV 10 Beerse
39,Antwerpseweg 195,2020-10-17,06:00:00,2,2,0,FMN GV 10 Beerse
39,Antwerpseweg 195,2020-10-17,07:00:00,2,2,0,FMN GV 10 Beerse
39,Antwerpseweg 195,2020-10-17,08:00:00,5,4,1,FMN GV 10 Beerse
39,Antwerpseweg 195,2020-10-17,09:00:00,19,5,14,FMN GV 10 Beerse
39,Antwerpseweg 195,2020-10-17,10:00:00,20,17,3,FMN GV 10 Beerse
39,Antwerpseweg 195,2020-10-17,11:00:00,24,17,7,FMN GV 10 Beerse
39,Antwerpseweg 195,2020-10-17,12:00:00,21,11,10,FMN GV 10 Beerse
39,Antwerpseweg 195,2020-10-17,13:00:00,42,24,18,FMN GV 10 Beerse
39,Antwerpseweg 195,2020-10-17,14:00:00,37,20,17,FMN GV 10 Beerse
39,Antwerpseweg 195,2020-10-17,15:00:00,56,40,16,FMN GV 10 Beerse
39,Antwerpseweg 195,2020-10-17,16:00:00,33,20,13,FMN GV 10 Beerse
39,Antwerpseweg 195,2020-10-17,17:00:00,19,15,4,FMN GV 10 Beerse
39,Antwerpseweg 195,2020-10-17,18:00:00,8,6,2,FMN GV 10 Beerse
39,Antwerpseweg 195,2020-10-17,19:00:00,3,1,2,FMN GV 10 Beerse
39,Antwerpseweg 195,2020-10-17,20:00:00,5,4,1,FMN GV 10 Beerse
39,Antwerpseweg 195,2020-10-17,21:00:00,1,1,0,FMN GV 10 Beerse
39,Antwerpseweg 195,2020-10-17,22:00:00,2,2,0,FMN GV 10 Beerse
39,Antwerpseweg 195,2020-10-17,23:00:00,5,3,2,FMN GV 10 Beerse
39,Antwerpseweg 195,2020-10-18,00:00:00,1,1,0,FMN GV 10 Beerse
39,Antwerpseweg 195,2020-10-18,01:00:00,0,0,0,FMN GV 10 Beerse
39,Antwerpseweg 195,2020-10-18,02:00:00,1,1,0,FMN GV 10 Beerse
39,Antwerpseweg 195,2020-10-18,03:00:00,1,0,1,FMN GV 10 Beerse
39,Antwerpseweg 195,2020-10-18,04:00:00,1,1,0,FMN GV 10 Beerse
39,Antwerpseweg 195,2020-10-18,05:00:00,2,2,0,FMN GV 10 Beerse
39,Antwerpseweg 195,2020-10-18,06:00:00,0,0,0,FMN GV 10 Beerse
39,Antwerpseweg 195,2020-10-18,07:00:00,1,1,0,FMN GV 10 Beerse
39,Antwerpseweg 195,2020-10-18,08:00:00,10,8,2,FMN GV 10 Beerse
39,Antwerpseweg 195,2020-10-18,09:00:00,14,9,5,FMN GV 10 Beerse
39,Antwerpseweg 195,2020-10-18,10:00:00,18,8,10,FMN GV 10 Beerse
39,Antwerpseweg 195,2020-10-18,11:00:00,22,14,8,FMN GV 10 Beerse
39,Antwerpseweg 195,2020-10-18,12:00:00,18,10,8,FMN GV 10 Beerse
39,Antwerpseweg 195,2020-10-18,13:00:00,27,11,16,FMN GV 10 Beerse
39,Antwerpseweg 195,2020-10-18,14:00:00,34,25,9,FMN GV 10 Beerse
39,Antwerpseweg 195,2020-10-18,15:00:00,14,7,7,FMN GV 10 Beerse
39,Antwerpseweg 195,2020-10-18,16:00:00,15,13,2,FMN GV 10 Beerse
39,Antwerpseweg 195,2020-10-18,17:00:00,13,7,6,FMN GV 10 Beerse
39,Antwerpseweg 195,2020-10-18,18:00:00,11,9,2,FMN GV 10 Beerse
39,Antwerpseweg 195,2020-10-18,19:00:00,6,2,4,FMN GV 10 Beerse
39,Antwerpseweg 195,2020-10-18,20:00:00,4,2,2,FMN GV 10 Beerse
39,Antwerpseweg 195,2020-10-18,21:00:00,1,1,0,FMN GV 10 Beerse
39,Antwerpseweg 195,2020-10-18,22:00:00,1,1,0,FMN GV 10 Beerse
39,Antwerpseweg 195,2020-10-18,23:00:00,0,0,0,FMN GV 10 Beerse
39,Antwerpseweg 195,2020-10-19,00:00:00,0,0,0,FMN GV 10 Beerse
39,Antwerpseweg 195,2020-10-19,01:00:00,0,0,0,FMN GV 10 Beerse
39,Antwerpseweg 195,2020-10-19,02:00:00,0,0,0,FMN GV 10 Beerse
39,Antwerpseweg 195,2020-10-19,03:00:00,0,0,0,FMN GV 10 Beerse
39,Antwerpseweg 195,2020-10-19,04:00:00,1,1,0,FMN GV 10 Beerse
39,Antwerpseweg 195,2020-10-19,05:00:00,12,11,1,FMN GV 10 Beerse
39,Antwerpseweg 195,2020-10-19,06:00:00,14,13,1,FMN GV 10 Beerse
39,Antwerpseweg 195,2020-10-19,07:00:00,38,32,6,FMN GV 10 Beerse
39,Antwerpseweg 195,2020-10-19,08:00:00,19,16,3,FMN GV 10 Beerse
39,Antwerpseweg 195,2020-10-19,09:00:00,18,13,5,FMN GV 10 Beerse
39,Antwerpseweg 195,2020-10-19,10:00:00,7,5,2,FMN GV 10 Beerse
39,Antwerpseweg 195,2020-10-19,11:00:00,10,8,2,FMN GV 10 Beerse
39,Antwerpseweg 195,2020-10-19,12:00:00,18,11,7,FMN GV 10 Beerse
39,Antwerpseweg 195,2020-10-19,13:00:00,25,15,10,FMN GV 10 Beerse
39,Antwerpseweg 195,2020-10-19,14:00:00,37,25,12,FMN GV 10 Beerse
39,Antwerpseweg 195,2020-10-19,15:00:00,56,37,19,FMN GV 10 Beerse
39,Antwerpseweg 195,2020-10-19,16:00:00,53,40,13,FMN GV 10 Beerse
39,Antwerpseweg 195,2020-10-19,17:00:00,31,22,9,FMN GV 10 Beerse
39,Antwerpseweg 195,2020-10-19,18:00:00,16,11,5,FMN GV 10 Beerse
39,Antwerpseweg 195,2020-10-19,19:00:00,5,5,0,FMN GV 10 Beerse
39,Antwerpseweg 195,2020-10-19,20:00:00,3,0,3,FMN GV 10 Beerse
39,Antwerpseweg 195,2020-10-19,21:00:00,3,3,0,FMN GV 10 Beerse
39,Antwerpseweg 195,2020-10-19,22:00:00,5,2,3,FMN GV 10 Beerse
39,Antwerpseweg 195,2020-10-19,23:00:00,1,1,0,FMN GV 10 Beerse
39,Antwerpseweg 195,2020-10-20,00:00:00,0,0,0,FMN GV 10 Beerse
39,Antwerpseweg 195,2020-10-20,01:00:00,0,0,0,FMN GV 10 Beerse
39,Antwerpseweg 195,2020-10-20,02:00:00,0,0,0,FMN GV 10 Beerse
39,Antwerpseweg 195,2020-10-20,03:00:00,0,0,0,FMN GV 10 Beerse
39,Antwerpseweg 195,2020-10-20,04:00:00,0,0,0,FMN GV 10 Beerse
39,Antwerpseweg 195,2020-10-20,05:00:00,9,9,0,FMN GV 10 Beerse
39,Antwerpseweg 195,2020-10-20,06:00:00,11,11,0,FMN GV 10 Beerse
39,Antwerpseweg 195,2020-10-20,07:00:00,43,37,6,FMN GV 10 Beerse
39,Antwerpseweg 195,2020-10-20,08:00:00,16,12,4,FMN GV 10 Beerse
39,Antwerpseweg 195,2020-10-20,09:00:00,9,5,4,FMN GV 10 Beerse
39,Antwerpseweg 195,2020-10-20,10:00:00,12,9,3,FMN GV 10 Beerse
39,Antwerpseweg 195,2020-10-20,11:00:00,11,9,2,FMN GV 10 Beerse
39,Antwerpseweg 195,2020-10-20,12:00:00,11,8,3,FMN GV 10 Beerse
39,Antwerpseweg 195,2020-10-20,13:00:00,15,10,5,FMN GV 10 Beerse
39,Antwerpseweg 195,2020-10-20,14:00:00,25,19,6,FMN GV 10 Beerse
39,Antwerpseweg 195,2020-10-20,15:00:00,28,19,9,FMN GV 10 Beerse
39,Antwerpseweg 195,2020-10-20,16:00:00,39,28,11,FMN GV 10 Beerse
39,Antwerpseweg 195,2020-10-20,17:00:00,30,20,10,FMN GV 10 Beerse
39,Antwerpseweg 195,2020-10-20,18:00:00,11,9,2,FMN GV 10 Beerse
39,Antwerpseweg 195,2020-10-20,19:00:00,6,6,0,FMN GV 10 Beerse
39,Antwerpseweg 195,2020-10-20,20:00:00,5,4,1,FMN GV 10 Beerse
39,Antwerpseweg 195,2020-10-20,21:00:00,3,3,0,FMN GV 10 Beerse
39,Antwerpseweg 195,2020-10-20,22:00:00,8,7,1,FMN GV 10 Beerse
39,Antwerpseweg 195,2020-10-20,23:00:00,0,0,0,FMN GV 10 Beerse
39,Antwerpseweg 195,2020-10-21,00:00:00,0,0,0,FMN GV 10 Beerse
39,Antwerpseweg 195,2020-10-21,01:00:00,0,0,0,FMN GV 10 Beerse
39,Antwerpseweg 195,2020-10-21,02:00:00,0,0,0,FMN GV 10 Beerse
39,Antwerpseweg 195,2020-10-21,03:00:00,1,1,0,FMN GV 10 Beerse
39,Antwerpseweg 195,2020-10-21,04:00:00,0,0,0,FMN GV 10 Beerse
39,Antwerpseweg 195,2020-10-21,05:00:00,7,7,0,FMN GV 10 Beerse
39,Antwerpseweg 195,2020-10-21,06:00:00,12,11,1,FMN GV 10 Beerse
39,Antwerpseweg 195,2020-10-21,07:00:00,26,22,4,FMN GV 10 Beerse
39,Antwerpseweg 195,2020-10-21,08:00:00,8,4,4,FMN GV 10 Beerse
39,Antwerpseweg 195,2020-10-21,09:00:00,1,1,0,FMN GV 10 Beerse
39,Antwerpseweg 195,2020-10-21,10:00:00,1,0,1,FMN GV 10 Beerse
39,Antwerpseweg 195,2020-10-21,11:00:00,4,4,0,FMN GV 10 Beerse
39,Antwerpseweg 195,2020-10-21,12:00:00,26,22,4,FMN GV 10 Beerse
39,Antwerpseweg 195,2020-10-21,13:00:00,23,18,5,FMN GV 10 Beerse
39,Antwerpseweg 195,2020-10-21,14:00:00,28,17,11,FMN GV 10 Beerse
39,Antwerpseweg 195,2020-10-21,15:00:00,9,5,4,FMN GV 10 Beerse
39,Antwerpseweg 195,2020-10-21,16:00:00,15,9,6,FMN GV 10 Beerse
39,Antwerpseweg 195,2020-10-21,17:00:00,13,11,2,FMN GV 10 Beerse
39,Antwerpseweg 195,2020-10-21,18:00:00,13,12,1,FMN GV 10 Beerse
39,Antwerpseweg 195,2020-10-21,19:00:00,6,2,4,FMN GV 10 Beerse
39,Antwerpseweg 195,2020-10-21,20:00:00,5,4,1,FMN GV 10 Beerse
39,Antwerpseweg 195,2020-10-21,21:00:00,3,2,1,FMN GV 10 Beerse
39,Antwerpseweg 195,2020-10-21,22:00:00,6,5,1,FMN GV 10 Beerse
39,Antwerpseweg 195,2020-10-21,23:00:00,1,1,0,FMN GV 10 Beerse
39,Antwerpseweg 195,2020-10-22,00:00:00,0,0,0,FMN GV 10 Beerse
39,Antwerpseweg 195,2020-10-22,01:00:00,0,0,0,FMN GV 10 Beerse
39,Antwerpseweg 195,2020-10-22,02:00:00,0,0,0,FMN GV 10 Beerse
39,Antwerpseweg 195,2020-10-22,03:00:00,0,0,0,FMN GV 10 Beerse
39,Antwerpseweg 195,2020-10-22,04:00:00,0,0,0,FMN GV 10 Beerse
39,Antwerpseweg 195,2020-10-22,05:00:00,13,13,0,FMN GV 10 Beerse
39,Antwerpseweg 195,2020-10-22,06:00:00,11,11,0,FMN GV 10 Beerse
39,Antwerpseweg 195,2020-10-22,07:00:00,32,25,7,FMN GV 10 Beerse
39,Antwerpseweg 195,2020-10-22,08:00:00,14,9,5,FMN GV 10 Beerse
39,Antwerpseweg 195,2020-10-22,09:00:00,12,7,5,FMN GV 10 Beerse
39,Antwerpseweg 195,2020-10-22,10:00:00,15,9,6,FMN GV 10 Beerse
39,Antwerpseweg 195,2020-10-22,11:00:00,23,9,14,FMN GV 10 Beerse
39,Antwerpseweg 195,2020-10-22,12:00:00,31,22,9,FMN GV 10 Beerse
39,Antwerpseweg 195,2020-10-22,13:00:00,33,22,11,FMN GV 10 Beerse
39,Antwerpseweg 195,2020-10-22,14:00:00,36,24,12,FMN GV 10 Beerse
39,Antwerpseweg 195,2020-10-22,15:00:00,32,21,11,FMN GV 10 Beerse
39,Antwerpseweg 195,2020-10-22,16:00:00,38,28,10,FMN GV 10 Beerse
39,Antwerpseweg 195,2020-10-22,17:00:00,36,26,10,FMN GV 10 Beerse
39,Antwerpseweg 195,2020-10-22,18:00:00,19,17,2,FMN GV 10 Beerse
39,Antwerpseweg 195,2020-10-22,19:00:00,5,3,2,FMN GV 10 Beerse
39,Antwerpseweg 195,2020-10-22,20:00:00,6,3,3,FMN GV 10 Beerse
39,Antwerpseweg 195,2020-10-22,21:00:00,4,4,0,FMN GV 10 Beerse
39,Antwerpseweg 195,2020-10-22,22:00:00,5,4,1,FMN GV 10 Beerse
39,Antwerpseweg 195,2020-10-22,23:00:00,0,0,0,FMN GV 10 Beerse
39,Antwerpseweg 195,2020-10-23,00:00:00,0,0,0,FMN GV 10 Beerse
39,Antwerpseweg 195,2020-10-23,01:00:00,0,0,0,FMN GV 10 Beerse
39,Antwerpseweg 195,2020-10-23,02:00:00,0,0,0,FMN GV 10 Beerse
39,Antwerpseweg 195,2020-10-23,03:00:00,0,0,0,FMN GV 10 Beerse
39,Antwerpseweg 195,2020-10-23,04:00:00,1,1,0,FMN GV 10 Beerse
39,Antwerpseweg 195,2020-10-23,05:00:00,15,15,0,FMN GV 10 Beerse
39,Antwerpseweg 195,2020-10-23,06:00:00,11,10,1,FMN GV 10 Beerse
39,Antwerpseweg 195,2020-10-23,07:00:00,41,31,10,FMN GV 10 Beerse
39,Antwerpseweg 195,2020-10-23,08:00:00,15,11,4,FMN GV 10 Beerse
39,Antwerpseweg 195,2020-10-23,09:00:00,5,4,1,FMN GV 10 Beerse
39,Antwerpseweg 195,2020-10-23,10:00:00,12,8,4,FMN GV 10 Beerse
39,Antwerpseweg 195,2020-10-23,11:00:00,10,9,1,FMN GV 10 Beerse
39,Antwerpseweg 195,2020-10-23,12:00:00,14,10,4,FMN GV 10 Beerse
39,Antwerpseweg 195,2020-10-23,13:00:00,26,23,3,FMN GV 10 Beerse
39,Antwerpseweg 195,2020-10-23,14:00:00,29,21,8,FMN GV 10 Beerse
39,Antwerpseweg 195,2020-10-23,15:00:00,54,37,17,FMN GV 10 Beerse
39,Antwerpseweg 195,2020-10-23,16:00:00,59,41,18,FMN GV 10 Beerse
39,Antwerpseweg 195,2020-10-23,17:00:00,31,24,7,FMN GV 10 Beerse
39,Antwerpseweg 195,2020-10-23,18:00:00,13,7,6,FMN GV 10 Beerse
39,Antwerpseweg 195,2020-10-23,19:00:00,3,3,0,FMN GV 10 Beerse
39,Antwerpseweg 195,2020-10-23,20:00:00,3,2,1,FMN GV 10 Beerse
39,Antwerpseweg 195,2020-10-23,21:00:00,2,2,0,FMN GV 10 Beerse
39,Antwerpseweg 195,2020-10-23,22:00:00,4,3,1,FMN GV 10 Beerse
39,Antwerpseweg 195,2020-10-23,23:00:00,8,7,1,FMN GV 10 Beerse
39,Antwerpseweg 195,2020-10-24,00:00:00,0,0,0,FMN GV 10 Beerse
39,Antwerpseweg 195,2020-10-24,01:00:00,0,0,0,FMN GV 10 Beerse
39,Antwerpseweg 195,2020-10-24,02:00:00,0,0,0,FMN GV 10 Beerse
39,Antwerpseweg 195,2020-10-24,03:00:00,0,0,0,FMN GV 10 Beerse
39,Antwerpseweg 195,2020-10-24,04:00:00,0,0,0,FMN GV 10 Beerse
39,Antwerpseweg 195,2020-10-24,05:00:00,3,3,0,FMN GV 10 Beerse
39,Antwerpseweg 195,2020-10-24,06:00:00,2,1,1,FMN GV 10 Beerse
39,Antwerpseweg 195,2020-10-24,07:00:00,0,0,0,FMN GV 10 Beerse
39,Antwerpseweg 195,2020-10-24,08:00:00,8,5,3,FMN GV 10 Beerse
39,Antwerpseweg 195,2020-10-24,09:00:00,8,4,4,FMN GV 10 Beerse
39,Antwerpseweg 195,2020-10-24,10:00:00,8,5,3,FMN GV 10 Beerse
39,Antwerpseweg 195,2020-10-24,11:00:00,13,8,5,FMN GV 10 Beerse
39,Antwerpseweg 195,2020-10-24,12:00:00,17,10,7,FMN GV 10 Beerse
39,Antwerpseweg 195,2020-10-24,13:00:00,18,9,9,FMN GV 10 Beerse
39,Antwerpseweg 195,2020-10-24,14:00:00,32,17,15,FMN GV 10 Beerse
39,Antwerpseweg 195,2020-10-24,15:00:00,11,9,2,FMN GV 10 Beerse
39,Antwerpseweg 195,2020-10-24,16:00:00,16,15,1,FMN GV 10 Beerse
39,Antwerpseweg 195,2020-10-24,17:00:00,9,6,3,FMN GV 10 Beerse
39,Antwerpseweg 195,2020-10-24,18:00:00,3,2,1,FMN GV 10 Beerse
39,Antwerpseweg 195,2020-10-24,19:00:00,2,0,2,FMN GV 10 Beerse
39,Antwerpseweg 195,2020-10-24,20:00:00,2,2,0,FMN GV 10 Beerse
39,Antwerpseweg 195,2020-10-24,21:00:00,2,2,0,FMN GV 10 Beerse
39,Antwerpseweg 195,2020-10-24,22:00:00,3,3,0,FMN GV 10 Beerse
39,Antwerpseweg 195,2020-10-24,23:00:00,0,0,0,FMN GV 10 Beerse
39,Antwerpseweg 195,2020-10-25,00:00:00,0,0,0,FMN GV 10 Beerse
39,Antwerpseweg 195,2020-10-25,01:00:00,0,0,0,FMN GV 10 Beerse
39,Antwerpseweg 195,2020-10-25,02:00:00,0,0,0,FMN GV 10 Beerse
39,Antwerpseweg 195,2020-10-25,03:00:00,0,0,0,FMN GV 10 Beerse
39,Antwerpseweg 195,2020-10-25,04:00:00,0,0,0,FMN GV 10 Beerse
39,Antwerpseweg 195,2020-10-25,05:00:00,0,0,0,FMN GV 10 Beerse
39,Antwerpseweg 195,2020-10-25,06:00:00,1,0,1,FMN GV 10 Beerse
39,Antwerpseweg 195,2020-10-25,07:00:00,2,2,0,FMN GV 10 Beerse
39,Antwerpseweg 195,2020-10-25,08:00:00,3,2,1,FMN GV 10 Beerse
39,Antwerpseweg 195,2020-10-25,09:00:00,4,1,3,FMN GV 10 Beerse
39,Antwerpseweg 195,2020-10-25,10:00:00,19,15,4,FMN GV 10 Beerse
39,Antwerpseweg 195,2020-10-25,11:00:00,13,5,8,FMN GV 10 Beerse
39,Antwerpseweg 195,2020-10-25,12:00:00,6,2,4,FMN GV 10 Beerse
39,Antwerpseweg 195,2020-10-25,13:00:00,8,4,4,FMN GV 10 Beerse
39,Antwerpseweg 195,2020-10-25,14:00:00,18,11,7,FMN GV 10 Beerse
39,Antwerpseweg 195,2020-10-25,15:00:00,14,10,4,FMN GV 10 Beerse
39,Antwerpseweg 195,2020-10-25,16:00:00,9,7,2,FMN GV 10 Beerse
39,Antwerpseweg 195,2020-10-25,17:00:00,5,1,4,FMN GV 10 Beerse
39,Antwerpseweg 195,2020-10-25,18:00:00,3,2,1,FMN GV 10 Beerse
39,Antwerpseweg 195,2020-10-25,19:00:00,1,1,0,FMN GV 10 Beerse
39,Antwerpseweg 195,2020-10-25,20:00:00,1,1,0,FMN GV 10 Beerse
39,Antwerpseweg 195,2020-10-25,21:00:00,3,3,0,FMN GV 10 Beerse
39,Antwerpseweg 195,2020-10-25,22:00:00,2,2,0,FMN GV 10 Beerse
39,Antwerpseweg 195,2020-10-25,23:00:00,0,0,0,FMN GV 10 Beerse
39,Antwerpseweg 195,2020-10-26,00:00:00,0,0,0,FMN GV 10 Beerse
39,Antwerpseweg 195,2020-10-26,01:00:00,0,0,0,FMN GV 10 Beerse
39,Antwerpseweg 195,2020-10-26,02:00:00,0,0,0,FMN GV 10 Beerse
39,Antwerpseweg 195,2020-10-26,03:00:00,0,0,0,FMN GV 10 Beerse
39,Antwerpseweg 195,2020-10-26,04:00:00,1,1,0,FMN GV 10 Beerse
39,Antwerpseweg 195,2020-10-26,05:00:00,9,9,0,FMN GV 10 Beerse
39,Antwerpseweg 195,2020-10-26,06:00:00,13,12,1,FMN GV 10 Beerse
39,Antwerpseweg 195,2020-10-26,07:00:00,34,30,4,FMN GV 10 Beerse
39,Antwerpseweg 195,2020-10-26,08:00:00,10,7,3,FMN GV 10 Beerse
39,Antwerpseweg 195,2020-10-26,09:00:00,16,10,6,FMN GV 10 Beerse
39,Antwerpseweg 195,2020-10-26,10:00:00,11,7,4,FMN GV 10 Beerse
39,Antwerpseweg 195,2020-10-26,11:00:00,10,8,2,FMN GV 10 Beerse
39,Antwerpseweg 195,2020-10-26,12:00:00,11,8,3,FMN GV 10 Beerse
39,Antwerpseweg 195,2020-10-26,13:00:00,27,24,3,FMN GV 10 Beerse
39,Antwerpseweg 195,2020-10-26,14:00:00,39,17,22,FMN GV 10 Beerse
39,Antwerpseweg 195,2020-10-26,15:00:00,50,35,15,FMN GV 10 Beerse
39,Antwerpseweg 195,2020-10-26,16:00:00,42,30,12,FMN GV 10 Beerse
39,Antwerpseweg 195,2020-10-26,17:00:00,28,23,5,FMN GV 10 Beerse
39,Antwerpseweg 195,2020-10-26,18:00:00,16,11,5,FMN GV 10 Beerse
39,Antwerpseweg 195,2020-10-26,19:00:00,5,3,2,FMN GV 10 Beerse
39,Antwerpseweg 195,2020-10-26,20:00:00,4,2,2,FMN GV 10 Beerse
39,Antwerpseweg 195,2020-10-26,21:00:00,1,1,0,FMN GV 10 Beerse
39,Antwerpseweg 195,2020-10-26,22:00:00,3,2,1,FMN GV 10 Beerse
39,Antwerpseweg 195,2020-10-26,23:00:00,0,0,0,FMN GV 10 Beerse
39,Antwerpseweg 195,2020-10-27,00:00:00,0,0,0,FMN GV 10 Beerse
39,Antwerpseweg 195,2020-10-27,01:00:00,0,0,0,FMN GV 10 Beerse
39,Antwerpseweg 195,2020-10-27,02:00:00,0,0,0,FMN GV 10 Beerse
39,Antwerpseweg 195,2020-10-27,03:00:00,0,0,0,FMN GV 10 Beerse
39,Antwerpseweg 195,2020-10-27,04:00:00,0,0,0,FMN GV 10 Beerse
39,Antwerpseweg 195,2020-10-27,05:00:00,11,11,0,FMN GV 10 Beerse
39,Antwerpseweg 195,2020-10-27,06:00:00,7,7,0,FMN GV 10 Beerse
39,Antwerpseweg 195,2020-10-27,07:00:00,32,24,8,FMN GV 10 Beerse
39,Antwerpseweg 195,2020-10-27,08:00:00,19,13,6,FMN GV 10 Beerse
39,Antwerpseweg 195,2020-10-27,09:00:00,11,7,4,FMN GV 10 Beerse
39,Antwerpseweg 195,2020-10-27,10:00:00,11,7,4,FMN GV 10 Beerse
39,Antwerpseweg 195,2020-10-27,11:00:00,6,3,3,FMN GV 10 Beerse
39,Antwerpseweg 195,2020-10-27,12:00:00,15,12,3,FMN GV 10 Beerse
39,Antwerpseweg 195,2020-10-27,13:00:00,21,14,7,FMN GV 10 Beerse
39,Antwerpseweg 195,2020-10-27,14:00:00,19,15,4,FMN GV 10 Beerse
39,Antwerpseweg 195,2020-10-27,15:00:00,42,33,9,FMN GV 10 Beerse
39,Antwerpseweg 195,2020-10-27,16:00:00,35,28,7,FMN GV 10 Beerse
39,Antwerpseweg 195,2020-10-27,17:00:00,32,25,7,FMN GV 10 Beerse
39,Antwerpseweg 195,2020-10-27,18:00:00,9,9,0,FMN GV 10 Beerse
39,Antwerpseweg 195,2020-10-27,19:00:00,2,1,1,FMN GV 10 Beerse
39,Antwerpseweg 195,2020-10-27,20:00:00,3,1,2,FMN GV 10 Beerse
39,Antwerpseweg 195,2020-10-27,21:00:00,2,2,0,FMN GV 10 Beerse
39,Antwerpseweg 195,2020-10-27,22:00:00,0,0,0,FMN GV 10 Beerse
39,Antwerpseweg 195,2020-10-27,23:00:00,0,0,0,FMN GV 10 Beerse
39,Antwerpseweg 195,2020-10-28,00:00:00,0,0,0,FMN GV 10 Beerse
39,Antwerpseweg 195,2020-10-28,01:00:00,0,0,0,FMN GV 10 Beerse
39,Antwerpseweg 195,2020-10-28,02:00:00,0,0,0,FMN GV 10 Beerse
39,Antwerpseweg 195,2020-10-28,03:00:00,0,0,0,FMN GV 10 Beerse
39,Antwerpseweg 195,2020-10-28,04:00:00,0,0,0,FMN GV 10 Beerse
39,Antwerpseweg 195,2020-10-28,05:00:00,10,10,0,FMN GV 10 Beerse
39,Antwerpseweg 195,2020-10-28,06:00:00,7,6,1,FMN GV 10 Beerse
39,Antwerpseweg 195,2020-10-28,07:00:00,28,22,6,FMN GV 10 Beerse
39,Antwerpseweg 195,2020-10-28,08:00:00,9,6,3,FMN GV 10 Beerse
39,Antwerpseweg 195,2020-10-28,09:00:00,4,4,0,FMN GV 10 Beerse
39,Antwerpseweg 195,2020-10-28,10:00:00,8,7,1,FMN GV 10 Beerse
39,Antwerpseweg 195,2020-10-28,11:00:00,18,13,5,FMN GV 10 Beerse
39,Antwerpseweg 195,2020-10-28,12:00:00,40,30,10,FMN GV 10 Beerse
39,Antwerpseweg 195,2020-10-28,13:00:00,21,13,8,FMN GV 10 Beerse
39,Antwerpseweg 195,2020-10-28,14:00:00,31,24,7,FMN GV 10 Beerse
39,Antwerpseweg 195,2020-10-28,15:00:00,28,14,14,FMN GV 10 Beerse
39,Antwerpseweg 195,2020-10-28,16:00:00,19,15,4,FMN GV 10 Beerse
39,Antwerpseweg 195,2020-10-28,17:00:00,17,13,4,FMN GV 10 Beerse
39,Antwerpseweg 195,2020-10-28,18:00:00,10,8,2,FMN GV 10 Beerse
39,Antwerpseweg 195,2020-10-28,19:00:00,1,1,0,FMN GV 10 Beerse
39,Antwerpseweg 195,2020-10-28,20:00:00,4,2,2,FMN GV 10 Beerse
39,Antwerpseweg 195,2020-10-28,21:00:00,2,2,0,FMN GV 10 Beerse
39,Antwerpseweg 195,2020-10-28,22:00:00,2,1,1,FMN GV 10 Beerse
39,Antwerpseweg 195,2020-10-28,23:00:00,1,1,0,FMN GV 10 Beerse
39,Antwerpseweg 195,2020-10-29,00:00:00,0,0,0,FMN GV 10 Beerse
39,Antwerpseweg 195,2020-10-29,01:00:00,0,0,0,FMN GV 10 Beerse
39,Antwerpseweg 195,2020-10-29,02:00:00,0,0,0,FMN GV 10 Beerse
39,Antwerpseweg 195,2020-10-29,03:00:00,0,0,0,FMN GV 10 Beerse
39,Antwerpseweg 195,2020-10-29,04:00:00,1,1,0,FMN GV 10 Beerse
39,Antwerpseweg 195,2020-10-29,05:00:00,9,9,0,FMN GV 10 Beerse
39,Antwerpseweg 195,2020-10-29,06:00:00,4,4,0,FMN GV 10 Beerse
39,Antwerpseweg 195,2020-10-29,07:00:00,36,28,8,FMN GV 10 Beerse
39,Antwerpseweg 195,2020-10-29,08:00:00,15,10,5,FMN GV 10 Beerse
39,Antwerpseweg 195,2020-10-29,09:00:00,10,7,3,FMN GV 10 Beerse
39,Antwerpseweg 195,2020-10-29,10:00:00,10,4,6,FMN GV 10 Beerse
39,Antwerpseweg 195,2020-10-29,11:00:00,12,8,4,FMN GV 10 Beerse
39,Antwerpseweg 195,2020-10-29,12:00:00,11,7,4,FMN GV 10 Beerse
39,Antwerpseweg 195,2020-10-29,13:00:00,18,15,3,FMN GV 10 Beerse
39,Antwerpseweg 195,2020-10-29,14:00:00,16,10,6,FMN GV 10 Beerse
39,Antwerpseweg 195,2020-10-29,15:00:00,33,30,3,FMN GV 10 Beerse
39,Antwerpseweg 195,2020-10-29,16:00:00,27,18,9,FMN GV 10 Beerse
39,Antwerpseweg 195,2020-10-29,17:00:00,18,16,2,FMN GV 10 Beerse
39,Antwerpseweg 195,2020-10-29,18:00:00,7,5,2,FMN GV 10 Beerse
39,Antwerpseweg 195,2020-10-29,19:00:00,2,1,1,FMN GV 10 Beerse
39,Antwerpseweg 195,2020-10-29,20:00:00,5,2,3,FMN GV 10 Beerse
39,Antwerpseweg 195,2020-10-29,21:00:00,2,2,0,FMN GV 10 Beerse
39,Antwerpseweg 195,2020-10-29,22:00:00,3,1,2,FMN GV 10 Beerse
39,Antwerpseweg 195,2020-10-29,23:00:00,1,1,0,FMN GV 10 Beerse
39,Antwerpseweg 195,2020-10-30,00:00:00,0,0,0,FMN GV 10 Beerse
39,Antwerpseweg 195,2020-10-30,01:00:00,0,0,0,FMN GV 10 Beerse
39,Antwerpseweg 195,2020-10-30,02:00:00,0,0,0,FMN GV 10 Beerse
39,Antwerpseweg 195,2020-10-30,03:00:00,0,0,0,FMN GV 10 Beerse
39,Antwerpseweg 195,2020-10-30,04:00:00,0,0,0,FMN GV 10 Beerse
39,Antwerpseweg 195,2020-10-30,05:00:00,10,10,0,FMN GV 10 Beerse
39,Antwerpseweg 195,2020-10-30,06:00:00,8,8,0,FMN GV 10 Beerse
39,Antwerpseweg 195,2020-10-30,07:00:00,28,25,3,FMN GV 10 Beerse
39,Antwerpseweg 195,2020-10-30,08:00:00,15,13,2,FMN GV 10 Beerse
39,Antwerpseweg 195,2020-10-30,09:00:00,4,3,1,FMN GV 10 Beerse
39,Antwerpseweg 195,2020-10-30,10:00:00,5,5,0,FMN GV 10 Beerse
39,Antwerpseweg 195,2020-10-30,11:00:00,11,6,5,FMN GV 10 Beerse
39,Antwerpseweg 195,2020-10-30,12:00:00,12,7,5,FMN GV 10 Beerse
39,Antwerpseweg 195,2020-10-30,13:00:00,9,5,4,FMN GV 10 Beerse
39,Antwerpseweg 195,2020-10-30,14:00:00,19,14,5,FMN GV 10 Beerse
39,Antwerpseweg 195,2020-10-30,15:00:00,36,26,10,FMN GV 10 Beerse
39,Antwerpseweg 195,2020-10-30,16:00:00,35,25,10,FMN GV 10 Beerse
39,Antwerpseweg 195,2020-10-30,17:00:00,16,13,3,FMN GV 10 Beerse
39,Antwerpseweg 195,2020-10-30,18:00:00,13,8,5,FMN GV 10 Beerse
39,Antwerpseweg 195,2020-10-30,19:00:00,3,2,1,FMN GV 10 Beerse
39,Antwerpseweg 195,2020-10-30,20:00:00,2,1,1,FMN GV 10 Beerse
39,Antwerpseweg 195,2020-10-30,21:00:00,1,1,0,FMN GV 10 Beerse
39,Antwerpseweg 195,2020-10-30,22:00:00,3,2,1,FMN GV 10 Beerse
39,Antwerpseweg 195,2020-10-30,23:00:00,0,0,0,FMN GV 10 Beerse
39,Antwerpseweg 195,2020-10-31,00:00:00,0,0,0,FMN GV 10 Beerse
39,Antwerpseweg 195,2020-10-31,01:00:00,1,1,0,FMN GV 10 Beerse
39,Antwerpseweg 195,2020-10-31,02:00:00,0,0,0,FMN GV 10 Beerse
39,Antwerpseweg 195,2020-10-31,03:00:00,0,0,0,FMN GV 10 Beerse
39,Antwerpseweg 195,2020-10-31,04:00:00,0,0,0,FMN GV 10 Beerse
39,Antwerpseweg 195,2020-10-31,05:00:00,2,2,0,FMN GV 10 Beerse
39,Antwerpseweg 195,2020-10-31,06:00:00,1,1,0,FMN GV 10 Beerse
39,Antwerpseweg 195,2020-10-31,07:00:00,1,0,1,FMN GV 10 Beerse
39,Antwerpseweg 195,2020-10-31,08:00:00,0,0,0,FMN GV 10 Beerse
39,Antwerpseweg 195,2020-10-31,09:00:00,11,9,2,FMN GV 10 Beerse
39,Antwerpseweg 195,2020-10-31,10:00:00,13,8,5,FMN GV 10 Beerse
39,Antwerpseweg 195,2020-10-31,11:00:00,29,18,11,FMN GV 10 Beerse
39,Antwerpseweg 195,2020-10-31,12:00:00,17,9,8,FMN GV 10 Beerse
39,Antwerpseweg 195,2020-10-31,13:00:00,49,29,20,FMN GV 10 Beerse
39,Antwerpseweg 195,2020-10-31,14:00:00,70,38,32,FMN GV 10 Beerse
39,Antwerpseweg 195,2020-10-31,15:00:00,54,33,21,FMN GV 10 Beerse
39,Antwerpseweg 195,2020-10-31,16:00:00,26,14,12,FMN GV 10 Beerse
39,Antwerpseweg 195,2020-10-31,17:00:00,7,7,0,FMN GV 10 Beerse
39,Antwerpseweg 195,2020-10-31,18:00:00,2,2,0,FMN GV 10 Beerse
39,Antwerpseweg 195,2020-10-31,19:00:00,3,2,1,FMN GV 10 Beerse
39,Antwerpseweg 195,2020-10-31,20:00:00,2,2,0,FMN GV 10 Beerse
39,Antwerpseweg 195,2020-10-31,21:00:00,1,1,0,FMN GV 10 Beerse
39,Antwerpseweg 195,2020-10-31,22:00:00,5,4,1,FMN GV 10 Beerse
39,Antwerpseweg 195,2020-10-31,23:00:00,0,0,0,FMN GV 10 Beerse
39,Antwerpseweg 195,2020-11-01,00:00:00,0,0,0,FMN GV 10 Beerse
39,Antwerpseweg 195,2020-11-01,01:00:00,0,0,0,FMN GV 10 Beerse
39,Antwerpseweg 195,2020-11-01,02:00:00,0,0,0,FMN GV 10 Beerse
39,Antwerpseweg 195,2020-11-01,03:00:00,0,0,0,FMN GV 10 Beerse
39,Antwerpseweg 195,2020-11-01,04:00:00,0,0,0,FMN GV 10 Beerse
39,Antwerpseweg 195,2020-11-01,05:00:00,1,1,0,FMN GV 10 Beerse
39,Antwerpseweg 195,2020-11-01,06:00:00,1,1,0,FMN GV 10 Beerse
39,Antwerpseweg 195,2020-11-01,07:00:00,0,0,0,FMN GV 10 Beerse
39,Antwerpseweg 195,2020-11-01,08:00:00,4,4,0,FMN GV 10 Beerse
39,Antwerpseweg 195,2020-11-01,09:00:00,12,10,2,FMN GV 10 Beerse
39,Antwerpseweg 195,2020-11-01,10:00:00,17,11,6,FMN GV 10 Beerse
39,Antwerpseweg 195,2020-11-01,11:00:00,19,16,3,FMN GV 10 Beerse
39,Antwerpseweg 195,2020-11-01,12:00:00,8,6,2,FMN GV 10 Beerse
39,Antwerpseweg 195,2020-11-01,13:00:00,6,3,3,FMN GV 10 Beerse
39,Antwerpseweg 195,2020-11-01,14:00:00,12,7,5,FMN GV 10 Beerse
39,Antwerpseweg 195,2020-11-01,15:00:00,3,3,0,FMN GV 10 Beerse
39,Antwerpseweg 195,2020-11-01,16:00:00,7,5,2,FMN GV 10 Beerse
39,Antwerpseweg 195,2020-11-01,17:00:00,2,2,0,FMN GV 10 Beerse
39,Antwerpseweg 195,2020-11-01,18:00:00,5,4,1,FMN GV 10 Beerse
39,Antwerpseweg 195,2020-11-01,19:00:00,0,0,0,FMN GV 10 Beerse
39,Antwerpseweg 195,2020-11-01,20:00:00,2,2,0,FMN GV 10 Beerse
39,Antwerpseweg 195,2020-11-01,21:00:00,0,0,0,FMN GV 10 Beerse
39,Antwerpseweg 195,2020-11-01,22:00:00,0,0,0,FMN GV 10 Beerse
39,Antwerpseweg 195,2020-11-01,23:00:00,0,0,0,FMN GV 10 Beerse
39,Antwerpseweg 195,2020-11-02,00:00:00,0,0,0,FMN GV 10 Beerse
39,Antwerpseweg 195,2020-11-02,01:00:00,0,0,0,FMN GV 10 Beerse
39,Antwerpseweg 195,2020-11-02,02:00:00,0,0,0,FMN GV 10 Beerse
39,Antwerpseweg 195,2020-11-02,03:00:00,0,0,0,FMN GV 10 Beerse
39,Antwerpseweg 195,2020-11-02,04:00:00,0,0,0,FMN GV 10 Beerse
39,Antwerpseweg 195,2020-11-02,05:00:00,8,8,0,FMN GV 10 Beerse
39,Antwerpseweg 195,2020-11-02,06:00:00,7,6,1,FMN GV 10 Beerse
39,Antwerpseweg 195,2020-11-02,07:00:00,7,5,2,FMN GV 10 Beerse
39,Antwerpseweg 195,2020-11-02,08:00:00,5,4,1,FMN GV 10 Beerse
39,Antwerpseweg 195,2020-11-02,09:00:00,7,6,1,FMN GV 10 Beerse
39,Antwerpseweg 195,2020-11-02,10:00:00,11,6,5,FMN GV 10 Beerse
39,Antwerpseweg 195,2020-11-02,11:00:00,12,8,4,FMN GV 10 Beerse
39,Antwerpseweg 195,2020-11-02,12:00:00,13,8,5,FMN GV 10 Beerse
39,Antwerpseweg 195,2020-11-02,13:00:00,15,10,5,FMN GV 10 Beerse
39,Antwerpseweg 195,2020-11-02,14:00:00,11,7,4,FMN GV 10 Beerse
39,Antwerpseweg 195,2020-11-02,15:00:00,6,4,2,FMN GV 10 Beerse
39,Antwerpseweg 195,2020-11-02,16:00:00,14,8,6,FMN GV 10 Beerse
39,Antwerpseweg 195,2020-11-02,17:00:00,7,5,2,FMN GV 10 Beerse
39,Antwerpseweg 195,2020-11-02,18:00:00,3,3,0,FMN GV 10 Beerse
39,Antwerpseweg 195,2020-11-02,19:00:00,0,0,0,FMN GV 10 Beerse
39,Antwerpseweg 195,2020-11-02,20:00:00,1,1,0,FMN GV 10 Beerse
39,Antwerpseweg 195,2020-11-02,21:00:00,1,1,0,FMN GV 10 Beerse
39,Antwerpseweg 195,2020-11-02,22:00:00,4,3,1,FMN GV 10 Beerse
39,Antwerpseweg 195,2020-11-02,23:00:00,0,0,0,FMN GV 10 Beerse
39,Antwerpseweg 195,2020-11-03,00:00:00,0,0,0,FMN GV 10 Beerse
39,Antwerpseweg 195,2020-11-03,01:00:00,0,0,0,FMN GV 10 Beerse
39,Antwerpseweg 195,2020-11-03,02:00:00,0,0,0,FMN GV 10 Beerse
39,Antwerpseweg 195,2020-11-03,03:00:00,0,0,0,FMN GV 10 Beerse
39,Antwerpseweg 195,2020-11-03,04:00:00,0,0,0,FMN GV 10 Beerse
39,Antwerpseweg 195,2020-11-03,05:00:00,4,4,0,FMN GV 10 Beerse
39,Antwerpseweg 195,2020-11-03,06:00:00,14,14,0,FMN GV 10 Beerse
39,Antwerpseweg 195,2020-11-03,07:00:00,17,15,2,FMN GV 10 Beerse
39,Antwerpseweg 195,2020-11-03,08:00:00,9,6,3,FMN GV 10 Beerse
39,Antwerpseweg 195,2020-11-03,09:00:00,11,8,3,FMN GV 10 Beerse
39,Antwerpseweg 195,2020-11-03,10:00:00,18,14,4,FMN GV 10 Beerse
39,Antwerpseweg 195,2020-11-03,11:00:00,14,10,4,FMN GV 10 Beerse
39,Antwerpseweg 195,2020-11-03,12:00:00,23,15,8,FMN GV 10 Beerse
39,Antwerpseweg 195,2020-11-03,13:00:00,31,20,11,FMN GV 10 Beerse
39,Antwerpseweg 195,2020-11-03,14:00:00,19,13,6,FMN GV 10 Beerse
39,Antwerpseweg 195,2020-11-03,15:00:00,30,19,11,FMN GV 10 Beerse
39,Antwerpseweg 195,2020-11-03,16:00:00,24,15,9,FMN GV 10 Beerse
39,Antwerpseweg 195,2020-11-03,17:00:00,22,15,7,FMN GV 10 Beerse
39,Antwerpseweg 195,2020-11-03,18:00:00,3,3,0,FMN GV 10 Beerse
39,Antwerpseweg 195,2020-11-03,19:00:00,1,1,0,FMN GV 10 Beerse
39,Antwerpseweg 195,2020-11-03,20:00:00,1,0,1,FMN GV 10 Beerse
39,Antwerpseweg 195,2020-11-03,21:00:00,3,3,0,FMN GV 10 Beerse
39,Antwerpseweg 195,2020-11-03,22:00:00,3,3,0,FMN GV 10 Beerse
39,Antwerpseweg 195,2020-11-03,23:00:00,0,0,0,FMN GV 10 Beerse
39,Antwerpseweg 195,2020-11-04,00:00:00,0,0,0,FMN GV 10 Beerse
39,Antwerpseweg 195,2020-11-04,01:00:00,0,0,0,FMN GV 10 Beerse
39,Antwerpseweg 195,2020-11-04,02:00:00,0,0,0,FMN GV 10 Beerse
39,Antwerpseweg 195,2020-11-04,03:00:00,0,0,0,FMN GV 10 Beerse
39,Antwerpseweg 195,2020-11-04,04:00:00,1,1,0,FMN GV 10 Beerse
39,Antwerpseweg 195,2020-11-04,05:00:00,9,9,0,FMN GV 10 Beerse
39,Antwerpseweg 195,2020-11-04,06:00:00,11,11,0,FMN GV 10 Beerse
39,Antwerpseweg 195,2020-11-04,07:00:00,24,21,3,FMN GV 10 Beerse
39,Antwerpseweg 195,2020-11-04,08:00:00,7,5,2,FMN GV 10 Beerse
39,Antwerpseweg 195,2020-11-04,09:00:00,8,5,3,FMN GV 10 Beerse
39,Antwerpseweg 195,2020-11-04,10:00:00,13,9,4,FMN GV 10 Beerse
39,Antwerpseweg 195,2020-11-04,11:00:00,15,8,7,FMN GV 10 Beerse
39,Antwerpseweg 195,2020-11-04,12:00:00,15,11,4,FMN GV 10 Beerse
39,Antwerpseweg 195,2020-11-04,13:00:00,38,24,14,FMN GV 10 Beerse
39,Antwerpseweg 195,2020-11-04,14:00:00,46,30,16,FMN GV 10 Beerse
39,Antwerpseweg 195,2020-11-04,15:00:00,46,25,21,FMN GV 10 Beerse
39,Antwerpseweg 195,2020-11-04,16:00:00,40,27,13,FMN GV 10 Beerse
39,Antwerpseweg 195,2020-11-04,17:00:00,24,18,6,FMN GV 10 Beerse
39,Antwerpseweg 195,2020-11-04,18:00:00,7,7,0,FMN GV 10 Beerse
39,Antwerpseweg 195,2020-11-04,19:00:00,4,1,3,FMN GV 10 Beerse
39,Antwerpseweg 195,2020-11-04,20:00:00,2,1,1,FMN GV 10 Beerse
39,Antwerpseweg 195,2020-11-04,21:00:00,0,0,0,FMN GV 10 Beerse
39,Antwerpseweg 195,2020-11-04,22:00:00,5,5,0,FMN GV 10 Beerse
39,Antwerpseweg 195,2020-11-04,23:00:00,1,1,0,FMN GV 10 Beerse
39,Antwerpseweg 195,2020-11-05,00:00:00,0,0,0,FMN GV 10 Beerse
39,Antwerpseweg 195,2020-11-05,01:00:00,0,0,0,FMN GV 10 Beerse
39,Antwerpseweg 195,2020-11-05,02:00:00,0,0,0,FMN GV 10 Beerse
39,Antwerpseweg 195,2020-11-05,03:00:00,0,0,0,FMN GV 10 Beerse
39,Antwerpseweg 195,2020-11-05,04:00:00,0,0,0,FMN GV 10 Beerse
39,Antwerpseweg 195,2020-11-05,05:00:00,11,11,0,FMN GV 10 Beerse
39,Antwerpseweg 195,2020-11-05,06:00:00,10,10,0,FMN GV 10 Beerse
39,Antwerpseweg 195,2020-11-05,07:00:00,14,13,1,FMN GV 10 Beerse
39,Antwerpseweg 195,2020-11-05,08:00:00,4,4,0,FMN GV 10 Beerse
39,Antwerpseweg 195,2020-11-05,09:00:00,4,4,0,FMN GV 10 Beerse
39,Antwerpseweg 195,2020-11-05,10:00:00,4,2,2,FMN GV 10 Beerse
39,Antwerpseweg 195,2020-11-05,11:00:00,13,10,3,FMN GV 10 Beerse
39,Antwerpseweg 195,2020-11-05,12:00:00,16,10,6,FMN GV 10 Beerse
39,Antwerpseweg 195,2020-11-05,13:00:00,34,27,7,FMN GV 10 Beerse
39,Antwerpseweg 195,2020-11-05,14:00:00,63,39,24,FMN GV 10 Beerse
39,Antwerpseweg 195,2020-11-05,15:00:00,60,46,14,FMN GV 10 Beerse
39,Antwerpseweg 195,2020-11-05,16:00:00,35,24,11,FMN GV 10 Beerse
39,Antwerpseweg 195,2020-11-05,17:00:00,15,12,3,FMN GV 10 Beerse
39,Antwerpseweg 195,2020-11-05,18:00:00,10,9,1,FMN GV 10 Beerse
39,Antwerpseweg 195,2020-11-05,19:00:00,4,3,1,FMN GV 10 Beerse
39,Antwerpseweg 195,2020-11-05,20:00:00,2,2,0,FMN GV 10 Beerse
39,Antwerpseweg 195,2020-11-05,21:00:00,3,3,0,FMN GV 10 Beerse
39,Antwerpseweg 195,2020-11-05,22:00:00,4,4,0,FMN GV 10 Beerse
39,Antwerpseweg 195,2020-11-05,23:00:00,0,0,0,FMN GV 10 Beerse
39,Antwerpseweg 195,2020-11-06,00:00:00,0,0,0,FMN GV 10 Beerse
39,Antwerpseweg 195,2020-11-06,01:00:00,0,0,0,FMN GV 10 Beerse
39,Antwerpseweg 195,2020-11-06,02:00:00,0,0,0,FMN GV 10 Beerse
39,Antwerpseweg 195,2020-11-06,03:00:00,0,0,0,FMN GV 10 Beerse
39,Antwerpseweg 195,2020-11-06,04:00:00,0,0,0,FMN GV 10 Beerse
39,Antwerpseweg 195,2020-11-06,05:00:00,8,8,0,FMN GV 10 Beerse
39,Antwerpseweg 195,2020-11-06,06:00:00,10,10,0,FMN GV 10 Beerse
39,Antwerpseweg 195,2020-11-06,07:00:00,15,15,0,FMN GV 10 Beerse
39,Antwerpseweg 195,2020-11-06,08:00:00,13,9,4,FMN GV 10 Beerse
39,Antwerpseweg 195,2020-11-06,09:00:00,16,10,6,FMN GV 10 Beerse
39,Antwerpseweg 195,2020-11-06,10:00:00,7,4,3,FMN GV 10 Beerse
39,Antwerpseweg 195,2020-11-06,11:00:00,19,11,8,FMN GV 10 Beerse
39,Antwerpseweg 195,2020-11-06,12:00:00,19,16,3,FMN GV 10 Beerse
39,Antwerpseweg 195,2020-11-06,13:00:00,40,28,12,FMN GV 10 Beerse
39,Antwerpseweg 195,2020-11-06,14:00:00,53,30,23,FMN GV 10 Beerse
39,Antwerpseweg 195,2020-11-06,15:00:00,55,50,5,FMN GV 10 Beerse
39,Antwerpseweg 195,2020-11-06,16:00:00,26,17,9,FMN GV 10 Beerse
39,Antwerpseweg 195,2020-11-06,17:00:00,19,15,4,FMN GV 10 Beerse
39,Antwerpseweg 195,2020-11-06,18:00:00,6,5,1,FMN GV 10 Beerse
39,Antwerpseweg 195,2020-11-06,19:00:00,4,2,2,FMN GV 10 Beerse
39,Antwerpseweg 195,2020-11-06,20:00:00,7,6,1,FMN GV 10 Beerse
39,Antwerpseweg 195,2020-11-06,21:00:00,3,3,0,FMN GV 10 Beerse
39,Antwerpseweg 195,2020-11-06,22:00:00,2,2,0,FMN GV 10 Beerse
39,Antwerpseweg 195,2020-11-06,23:00:00,0,0,0,FMN GV 10 Beerse
39,Antwerpseweg 195,2020-11-07,00:00:00,1,1,0,FMN GV 10 Beerse
39,Antwerpseweg 195,2020-11-07,01:00:00,0,0,0,FMN GV 10 Beerse
39,Antwerpseweg 195,2020-11-07,02:00:00,0,0,0,FMN GV 10 Beerse
39,Antwerpseweg 195,2020-11-07,03:00:00,0,0,0,FMN GV 10 Beerse
39,Antwerpseweg 195,2020-11-07,04:00:00,1,1,0,FMN GV 10 Beerse
39,Antwerpseweg 195,2020-11-07,05:00:00,4,3,1,FMN GV 10 Beerse
39,Antwerpseweg 195,2020-11-07,06:00:00,0,0,0,FMN GV 10 Beerse
39,Antwerpseweg 195,2020-11-07,07:00:00,0,0,0,FMN GV 10 Beerse
39,Antwerpseweg 195,2020-11-07,08:00:00,2,1,1,FMN GV 10 Beerse
39,Antwerpseweg 195,2020-11-07,09:00:00,14,6,8,FMN GV 10 Beerse
39,Antwerpseweg 195,2020-11-07,10:00:00,18,10,8,FMN GV 10 Beerse
39,Antwerpseweg 195,2020-11-07,11:00:00,26,11,15,FMN GV 10 Beerse
39,Antwerpseweg 195,2020-11-07,12:00:00,43,30,13,FMN GV 10 Beerse
39,Antwerpseweg 195,2020-11-07,13:00:00,62,38,24,FMN GV 10 Beerse
39,Antwerpseweg 195,2020-11-07,14:00:00,80,47,33,FMN GV 10 Beerse
39,Antwerpseweg 195,2020-11-07,15:00:00,82,48,34,FMN GV 10 Beerse
39,Antwerpseweg 195,2020-11-07,16:00:00,29,16,13,FMN GV 10 Beerse
39,Antwerpseweg 195,2020-11-07,17:00:00,13,8,5,FMN GV 10 Beerse
39,Antwerpseweg 195,2020-11-07,18:00:00,7,6,1,FMN GV 10 Beerse
39,Antwerpseweg 195,2020-11-07,19:00:00,4,3,1,FMN GV 10 Beerse
39,Antwerpseweg 195,2020-11-07,20:00:00,2,1,1,FMN GV 10 Beerse
39,Antwerpseweg 195,2020-11-07,21:00:00,2,2,0,FMN GV 10 Beerse
39,Antwerpseweg 195,2020-11-07,22:00:00,2,2,0,FMN GV 10 Beerse
39,Antwerpseweg 195,2020-11-07,23:00:00,0,0,0,FMN GV 10 Beerse
39,Antwerpseweg 195,2020-11-08,00:00:00,0,0,0,FMN GV 10 Beerse
39,Antwerpseweg 195,2020-11-08,01:00:00,0,0,0,FMN GV 10 Beerse
39,Antwerpseweg 195,2020-11-08,02:00:00,0,0,0,FMN GV 10 Beerse
39,Antwerpseweg 195,2020-11-08,03:00:00,0,0,0,FMN GV 10 Beerse
39,Antwerpseweg 195,2020-11-08,04:00:00,0,0,0,FMN GV 10 Beerse
39,Antwerpseweg 195,2020-11-08,05:00:00,0,0,0,FMN GV 10 Beerse
39,Antwerpseweg 195,2020-11-08,06:00:00,0,0,0,FMN GV 10 Beerse
39,Antwerpseweg 195,2020-11-08,07:00:00,1,1,0,FMN GV 10 Beerse
39,Antwerpseweg 195,2020-11-08,08:00:00,5,1,4,FMN GV 10 Beerse
39,Antwerpseweg 195,2020-11-08,09:00:00,13,6,7,FMN GV 10 Beerse
39,Antwerpseweg 195,2020-11-08,10:00:00,33,23,10,FMN GV 10 Beerse
39,Antwerpseweg 195,2020-11-08,11:00:00,50,28,22,FMN GV 10 Beerse
39,Antwerpseweg 195,2020-11-08,12:00:00,19,8,11,FMN GV 10 Beerse
39,Antwerpseweg 195,2020-11-08,13:00:00,46,25,21,FMN GV 10 Beerse
39,Antwerpseweg 195,2020-11-08,14:00:00,95,58,37,FMN GV 10 Beerse
39,Antwerpseweg 195,2020-11-08,15:00:00,54,39,15,FMN GV 10 Beerse
39,Antwerpseweg 195,2020-11-08,16:00:00,45,23,22,FMN GV 10 Beerse
39,Antwerpseweg 195,2020-11-08,17:00:00,12,9,3,FMN GV 10 Beerse
39,Antwerpseweg 195,2020-11-08,18:00:00,2,2,0,FMN GV 10 Beerse
39,Antwerpseweg 195,2020-11-08,19:00:00,1,1,0,FMN GV 10 Beerse
39,Antwerpseweg 195,2020-11-08,20:00:00,1,0,1,FMN GV 10 Beerse
39,Antwerpseweg 195,2020-11-08,21:00:00,3,3,0,FMN GV 10 Beerse
39,Antwerpseweg 195,2020-11-08,22:00:00,2,2,0,FMN GV 10 Beerse
39,Antwerpseweg 195,2020-11-08,23:00:00,1,1,0,FMN GV 10 Beerse
39,Antwerpseweg 195,2020-11-09,00:00:00,1,1,0,FMN GV 10 Beerse
39,Antwerpseweg 195,2020-11-09,01:00:00,0,0,0,FMN GV 10 Beerse
39,Antwerpseweg 195,2020-11-09,02:00:00,0,0,0,FMN GV 10 Beerse
39,Antwerpseweg 195,2020-11-09,03:00:00,0,0,0,FMN GV 10 Beerse
39,Antwerpseweg 195,2020-11-09,04:00:00,1,1,0,FMN GV 10 Beerse
39,Antwerpseweg 195,2020-11-09,05:00:00,10,10,0,FMN GV 10 Beerse
39,Antwerpseweg 195,2020-11-09,06:00:00,9,7,2,FMN GV 10 Beerse
39,Antwerpseweg 195,2020-11-09,07:00:00,23,21,2,FMN GV 10 Beerse
39,Antwerpseweg 195,2020-11-09,08:00:00,10,9,1,FMN GV 10 Beerse
39,Antwerpseweg 195,2020-11-09,09:00:00,10,8,2,FMN GV 10 Beerse
39,Antwerpseweg 195,2020-11-09,10:00:00,9,7,2,FMN GV 10 Beerse
39,Antwerpseweg 195,2020-11-09,11:00:00,12,9,3,FMN GV 10 Beerse
39,Antwerpseweg 195,2020-11-09,12:00:00,17,8,9,FMN GV 10 Beerse
39,Antwerpseweg 195,2020-11-09,13:00:00,58,39,19,FMN GV 10 Beerse
39,Antwerpseweg 195,2020-11-09,14:00:00,75,47,28,FMN GV 10 Beerse
39,Antwerpseweg 195,2020-11-09,15:00:00,64,45,19,FMN GV 10 Beerse
39,Antwerpseweg 195,2020-11-09,16:00:00,41,26,15,FMN GV 10 Beerse
39,Antwerpseweg 195,2020-11-09,17:00:00,27,22,5,FMN GV 10 Beerse
39,Antwerpseweg 195,2020-11-09,18:00:00,16,16,0,FMN GV 10 Beerse
39,Antwerpseweg 195,2020-11-09,19:00:00,5,2,3,FMN GV 10 Beerse
39,Antwerpseweg 195,2020-11-09,20:00:00,4,3,1,FMN GV 10 Beerse
39,Antwerpseweg 195,2020-11-09,21:00:00,4,4,0,FMN GV 10 Beerse
39,Antwerpseweg 195,2020-11-09,22:00:00,3,2,1,FMN GV 10 Beerse
39,Antwerpseweg 195,2020-11-09,23:00:00,0,0,0,FMN GV 10 Beerse
39,Antwerpseweg 195,2020-11-10,00:00:00,0,0,0,FMN GV 10 Beerse
39,Antwerpseweg 195,2020-11-10,01:00:00,0,0,0,FMN GV 10 Beerse
39,Antwerpseweg 195,2020-11-10,02:00:00,0,0,0,FMN GV 10 Beerse
39,Antwerpseweg 195,2020-11-10,03:00:00,0,0,0,FMN GV 10 Beerse
39,Antwerpseweg 195,2020-11-10,04:00:00,0,0,0,FMN GV 10 Beerse
39,Antwerpseweg 195,2020-11-10,05:00:00,10,10,0,FMN GV 10 Beerse
39,Antwerpseweg 195,2020-11-10,06:00:00,7,6,1,FMN GV 10 Beerse
39,Antwerpseweg 195,2020-11-10,07:00:00,21,18,3,FMN GV 10 Beerse
39,Antwerpseweg 195,2020-11-10,08:00:00,7,5,2,FMN GV 10 Beerse
39,Antwerpseweg 195,2020-11-10,09:00:00,6,4,2,FMN GV 10 Beerse
39,Antwerpseweg 195,2020-11-10,10:00:00,12,9,3,FMN GV 10 Beerse
39,Antwerpseweg 195,2020-11-10,11:00:00,14,13,1,FMN GV 10 Beerse
39,Antwerpseweg 195,2020-11-10,12:00:00,19,11,8,FMN GV 10 Beerse
39,Antwerpseweg 195,2020-11-10,13:00:00,37,26,11,FMN GV 10 Beerse
39,Antwerpseweg 195,2020-11-10,14:00:00,51,36,15,FMN GV 10 Beerse
39,Antwerpseweg 195,2020-11-10,15:00:00,33,25,8,FMN GV 10 Beerse
39,Antwerpseweg 195,2020-11-10,16:00:00,27,21,6,FMN GV 10 Beerse
39,Antwerpseweg 195,2020-11-10,17:00:00,21,16,5,FMN GV 10 Beerse
39,Antwerpseweg 195,2020-11-10,18:00:00,3,3,0,FMN GV 10 Beerse
39,Antwerpseweg 195,2020-11-10,19:00:00,4,3,1,FMN GV 10 Beerse
39,Antwerpseweg 195,2020-11-10,20:00:00,1,1,0,FMN GV 10 Beerse
39,Antwerpseweg 195,2020-11-10,21:00:00,4,4,0,FMN GV 10 Beerse
39,Antwerpseweg 195,2020-11-10,22:00:00,1,1,0,FMN GV 10 Beerse
39,Antwerpseweg 195,2020-11-10,23:00:00,0,0,0,FMN GV 10 Beerse
39,Antwerpseweg 195,2020-11-11,00:00:00,0,0,0,FMN GV 10 Beerse
39,Antwerpseweg 195,2020-11-11,01:00:00,0,0,0,FMN GV 10 Beerse
39,Antwerpseweg 195,2020-11-11,02:00:00,0,0,0,FMN GV 10 Beerse
39,Antwerpseweg 195,2020-11-11,03:00:00,0,0,0,FMN GV 10 Beerse
39,Antwerpseweg 195,2020-11-11,04:00:00,0,0,0,FMN GV 10 Beerse
39,Antwerpseweg 195,2020-11-11,05:00:00,0,0,0,FMN GV 10 Beerse
39,Antwerpseweg 195,2020-11-11,06:00:00,3,3,0,FMN GV 10 Beerse
39,Antwerpseweg 195,2020-11-11,07:00:00,2,2,0,FMN GV 10 Beerse
39,Antwerpseweg 195,2020-11-11,08:00:00,3,2,1,FMN GV 10 Beerse
39,Antwerpseweg 195,2020-11-11,09:00:00,10,9,1,FMN GV 10 Beerse
39,Antwerpseweg 195,2020-11-11,10:00:00,19,9,10,FMN GV 10 Beerse
39,Antwerpseweg 195,2020-11-11,11:00:00,24,16,8,FMN GV 10 Beerse
39,Antwerpseweg 195,2020-11-11,12:00:00,24,12,12,FMN GV 10 Beerse
39,Antwerpseweg 195,2020-11-11,13:00:00,28,15,13,FMN GV 10 Beerse
39,Antwerpseweg 195,2020-11-11,14:00:00,42,20,22,FMN GV 10 Beerse
39,Antwerpseweg 195,2020-11-11,15:00:00,33,20,13,FMN GV 10 Beerse
39,Antwerpseweg 195,2020-11-11,16:00:00,12,9,3,FMN GV 10 Beerse
39,Antwerpseweg 195,2020-11-11,17:00:00,10,8,2,FMN GV 10 Beerse
39,Antwerpseweg 195,2020-11-11,18:00:00,8,4,4,FMN GV 10 Beerse
39,Antwerpseweg 195,2020-11-11,19:00:00,6,4,2,FMN GV 10 Beerse
39,Antwerpseweg 195,2020-11-11,20:00:00,6,6,0,FMN GV 10 Beerse
39,Antwerpseweg 195,2020-11-11,21:00:00,4,4,0,FMN GV 10 Beerse
39,Antwerpseweg 195,2020-11-11,22:00:00,0,0,0,FMN GV 10 Beerse
39,Antwerpseweg 195,2020-11-11,23:00:00,0,0,0,FMN GV 10 Beerse
39,Antwerpseweg 195,2020-11-12,00:00:00,0,0,0,FMN GV 10 Beerse
39,Antwerpseweg 195,2020-11-12,01:00:00,0,0,0,FMN GV 10 Beerse
39,Antwerpseweg 195,2020-11-12,02:00:00,0,0,0,FMN GV 10 Beerse
39,Antwerpseweg 195,2020-11-12,03:00:00,0,0,0,FMN GV 10 Beerse
39,Antwerpseweg 195,2020-11-12,04:00:00,1,1,0,FMN GV 10 Beerse
39,Antwerpseweg 195,2020-11-12,05:00:00,10,10,0,FMN GV 10 Beerse
39,Antwerpseweg 195,2020-11-12,06:00:00,11,9,2,FMN GV 10 Beerse
39,Antwerpseweg 195,2020-11-12,07:00:00,12,11,1,FMN GV 10 Beerse
39,Antwerpseweg 195,2020-11-12,08:00:00,10,5,5,FMN GV 10 Beerse
39,Antwerpseweg 195,2020-11-12,09:00:00,9,7,2,FMN GV 10 Beerse
39,Antwerpseweg 195,2020-11-12,10:00:00,15,11,4,FMN GV 10 Beerse
39,Antwerpseweg 195,2020-11-12,11:00:00,10,7,3,FMN GV 10 Beerse
39,Antwerpseweg 195,2020-11-12,12:00:00,19,12,7,FMN GV 10 Beerse
39,Antwerpseweg 195,2020-11-12,13:00:00,22,22,0,FMN GV 10 Beerse
39,Antwerpseweg 195,2020-11-12,14:00:00,29,16,13,FMN GV 10 Beerse
39,Antwerpseweg 195,2020-11-12,15:00:00,25,19,6,FMN GV 10 Beerse
39,Antwerpseweg 195,2020-11-12,16:00:00,18,8,10,FMN GV 10 Beerse
39,Antwerpseweg 195,2020-11-12,17:00:00,24,17,7,FMN GV 10 Beerse
39,Antwerpseweg 195,2020-11-12,18:00:00,9,6,3,FMN GV 10 Beerse
39,Antwerpseweg 195,2020-11-12,19:00:00,3,2,1,FMN GV 10 Beerse
39,Antwerpseweg 195,2020-11-12,20:00:00,6,5,1,FMN GV 10 Beerse
39,Antwerpseweg 195,2020-11-12,21:00:00,2,2,0,FMN GV 10 Beerse
39,Antwerpseweg 195,2020-11-12,22:00:00,4,3,1,FMN GV 10 Beerse
39,Antwerpseweg 195,2020-11-12,23:00:00,0,0,0,FMN GV 10 Beerse
39,Antwerpseweg 195,2020-11-13,00:00:00,0,0,0,FMN GV 10 Beerse
39,Antwerpseweg 195,2020-11-13,01:00:00,0,0,0,FMN GV 10 Beerse
39,Antwerpseweg 195,2020-11-13,02:00:00,0,0,0,FMN GV 10 Beerse
39,Antwerpseweg 195,2020-11-13,03:00:00,0,0,0,FMN GV 10 Beerse
39,Antwerpseweg 195,2020-11-13,04:00:00,0,0,0,FMN GV 10 Beerse
39,Antwerpseweg 195,2020-11-13,05:00:00,11,11,0,FMN GV 10 Beerse
39,Antwerpseweg 195,2020-11-13,06:00:00,9,8,1,FMN GV 10 Beerse
39,Antwerpseweg 195,2020-11-13,07:00:00,19,16,3,FMN GV 10 Beerse
39,Antwerpseweg 195,2020-11-13,08:00:00,4,2,2,FMN GV 10 Beerse
39,Antwerpseweg 195,2020-11-13,09:00:00,10,8,2,FMN GV 10 Beerse
39,Antwerpseweg 195,2020-11-13,10:00:00,19,12,7,FMN GV 10 Beerse
39,Antwerpseweg 195,2020-11-13,11:00:00,19,11,8,FMN GV 10 Beerse
39,Antwerpseweg 195,2020-11-13,12:00:00,18,15,3,FMN GV 10 Beerse
39,Antwerpseweg 195,2020-11-13,13:00:00,21,15,6,FMN GV 10 Beerse
39,Antwerpseweg 195,2020-11-13,14:00:00,15,9,6,FMN GV 10 Beerse
39,Antwerpseweg 195,2020-11-13,15:00:00,21,12,9,FMN GV 10 Beerse
39,Antwerpseweg 195,2020-11-13,16:00:00,28,19,9,FMN GV 10 Beerse
39,Antwerpseweg 195,2020-11-13,17:00:00,15,12,3,FMN GV 10 Beerse
39,Antwerpseweg 195,2020-11-13,18:00:00,10,9,1,FMN GV 10 Beerse
39,Antwerpseweg 195,2020-11-13,19:00:00,1,1,0,FMN GV 10 Beerse
39,Antwerpseweg 195,2020-11-13,20:00:00,2,1,1,FMN GV 10 Beerse
39,Antwerpseweg 195,2020-11-13,21:00:00,4,4,0,FMN GV 10 Beerse
39,Antwerpseweg 195,2020-11-13,22:00:00,1,1,0,FMN GV 10 Beerse
39,Antwerpseweg 195,2020-11-13,23:00:00,0,0,0,FMN GV 10 Beerse
39,Antwerpseweg 195,2020-11-14,00:00:00,1,1,0,FMN GV 10 Beerse
39,Antwerpseweg 195,2020-11-14,01:00:00,0,0,0,FMN GV 10 Beerse
39,Antwerpseweg 195,2020-11-14,02:00:00,0,0,0,FMN GV 10 Beerse
39,Antwerpseweg 195,2020-11-14,03:00:00,1,1,0,FMN GV 10 Beerse
39,Antwerpseweg 195,2020-11-14,04:00:00,0,0,0,FMN GV 10 Beerse
39,Antwerpseweg 195,2020-11-14,05:00:00,3,3,0,FMN GV 10 Beerse
39,Antwerpseweg 195,2020-11-14,06:00:00,2,2,0,FMN GV 10 Beerse
39,Antwerpseweg 195,2020-11-14,07:00:00,0,0,0,FMN GV 10 Beerse
39,Antwerpseweg 195,2020-11-14,08:00:00,10,5,5,FMN GV 10 Beerse
39,Antwerpseweg 195,2020-11-14,09:00:00,15,12,3,FMN GV 10 Beerse
39,Antwerpseweg 195,2020-11-14,10:00:00,16,9,7,FMN GV 10 Beerse
39,Antwerpseweg 195,2020-11-14,11:00:00,18,15,3,FMN GV 10 Beerse
39,Antwerpseweg 195,2020-11-14,12:00:00,30,24,6,FMN GV 10 Beerse
39,Antwerpseweg 195,2020-11-14,13:00:00,46,28,18,FMN GV 10 Beerse
39,Antwerpseweg 195,2020-11-14,14:00:00,74,51,23,FMN GV 10 Beerse
39,Antwerpseweg 195,2020-11-14,15:00:00,65,41,24,FMN GV 10 Beerse
39,Antwerpseweg 195,2020-11-14,16:00:00,34,16,18,FMN GV 10 Beerse
39,Antwerpseweg 195,2020-11-14,17:00:00,10,7,3,FMN GV 10 Beerse
39,Antwerpseweg 195,2020-11-14,18:00:00,4,4,0,FMN GV 10 Beerse
39,Antwerpseweg 195,2020-11-14,19:00:00,0,0,0,FMN GV 10 Beerse
39,Antwerpseweg 195,2020-11-14,20:00:00,4,4,0,FMN GV 10 Beerse
39,Antwerpseweg 195,2020-11-14,21:00:00,1,1,0,FMN GV 10 Beerse
39,Antwerpseweg 195,2020-11-14,22:00:00,4,4,0,FMN GV 10 Beerse
39,Antwerpseweg 195,2020-11-14,23:00:00,1,1,0,FMN GV 10 Beerse
39,Antwerpseweg 195,2020-11-15,00:00:00,1,1,0,FMN GV 10 Beerse
39,Antwerpseweg 195,2020-11-15,01:00:00,1,0,1,FMN GV 10 Beerse
39,Antwerpseweg 195,2020-11-15,02:00:00,0,0,0,FMN GV 10 Beerse
39,Antwerpseweg 195,2020-11-15,03:00:00,0,0,0,FMN GV 10 Beerse
39,Antwerpseweg 195,2020-11-15,04:00:00,0,0,0,FMN GV 10 Beerse
39,Antwerpseweg 195,2020-11-15,05:00:00,1,1,0,FMN GV 10 Beerse
39,Antwerpseweg 195,2020-11-15,06:00:00,0,0,0,FMN GV 10 Beerse
39,Antwerpseweg 195,2020-11-15,07:00:00,2,1,1,FMN GV 10 Beerse
39,Antwerpseweg 195,2020-11-15,08:00:00,7,6,1,FMN GV 10 Beerse
39,Antwerpseweg 195,2020-11-15,09:00:00,11,8,3,FMN GV 10 Beerse
39,Antwerpseweg 195,2020-11-15,10:00:00,20,9,11,FMN GV 10 Beerse
39,Antwerpseweg 195,2020-11-15,11:00:00,43,22,21,FMN GV 10 Beerse
39,Antwerpseweg 195,2020-11-15,12:00:00,16,7,9,FMN GV 10 Beerse
39,Antwerpseweg 195,2020-11-15,13:00:00,5,2,3,FMN GV 10 Beerse
39,Antwerpseweg 195,2020-11-15,14:00:00,5,3,2,FMN GV 10 Beerse
39,Antwerpseweg 195,2020-11-15,15:00:00,1,1,0,FMN GV 10 Beerse
39,Antwerpseweg 195,2020-11-15,16:00:00,2,2,0,FMN GV 10 Beerse
39,Antwerpseweg 195,2020-11-15,17:00:00,2,0,2,FMN GV 10 Beerse
39,Antwerpseweg 195,2020-11-15,18:00:00,1,1,0,FMN GV 10 Beerse
39,Antwerpseweg 195,2020-11-15,19:00:00,4,3,1,FMN GV 10 Beerse
39,Antwerpseweg 195,2020-11-15,20:00:00,2,1,1,FMN GV 10 Beerse
39,Antwerpseweg 195,2020-11-15,21:00:00,2,2,0,FMN GV 10 Beerse
39,Antwerpseweg 195,2020-11-15,22:00:00,1,1,0,FMN GV 10 Beerse
39,Antwerpseweg 195,2020-11-15,23:00:00,0,0,0,FMN GV 10 Beerse
39,Antwerpseweg 195,2020-11-16,00:00:00,0,0,0,FMN GV 10 Beerse
39,Antwerpseweg 195,2020-11-16,01:00:00,0,0,0,FMN GV 10 Beerse
39,Antwerpseweg 195,2020-11-16,02:00:00,0,0,0,FMN GV 10 Beerse
39,Antwerpseweg 195,2020-11-16,03:00:00,0,0,0,FMN GV 10 Beerse
39,Antwerpseweg 195,2020-11-16,04:00:00,0,0,0,FMN GV 10 Beerse
39,Antwerpseweg 195,2020-11-16,05:00:00,13,12,1,FMN GV 10 Beerse
39,Antwerpseweg 195,2020-11-16,06:00:00,12,11,1,FMN GV 10 Beerse
39,Antwerpseweg 195,2020-11-16,07:00:00,34,27,7,FMN GV 10 Beerse
39,Antwerpseweg 195,2020-11-16,08:00:00,18,15,3,FMN GV 10 Beerse
39,Antwerpseweg 195,2020-11-16,09:00:00,6,4,2,FMN GV 10 Beerse
39,Antwerpseweg 195,2020-11-16,10:00:00,7,5,2,FMN GV 10 Beerse
39,Antwerpseweg 195,2020-11-16,11:00:00,10,9,1,FMN GV 10 Beerse
39,Antwerpseweg 195,2020-11-16,12:00:00,12,6,6,FMN GV 10 Beerse
39,Antwerpseweg 195,2020-11-16,13:00:00,21,14,7,FMN GV 10 Beerse
39,Antwerpseweg 195,2020-11-16,14:00:00,26,18,8,FMN GV 10 Beerse
39,Antwerpseweg 195,2020-11-16,15:00:00,33,21,12,FMN GV 10 Beerse
39,Antwerpseweg 195,2020-11-16,16:00:00,51,32,19,FMN GV 10 Beerse
39,Antwerpseweg 195,2020-11-16,17:00:00,26,21,5,FMN GV 10 Beerse
39,Antwerpseweg 195,2020-11-16,18:00:00,7,3,4,FMN GV 10 Beerse
39,Antwerpseweg 195,2020-11-16,19:00:00,3,2,1,FMN GV 10 Beerse
39,Antwerpseweg 195,2020-11-16,20:00:00,4,3,1,FMN GV 10 Beerse
39,Antwerpseweg 195,2020-11-16,21:00:00,4,3,1,FMN GV 10 Beerse
39,Antwerpseweg 195,2020-11-16,22:00:00,4,3,1,FMN GV 10 Beerse
39,Antwerpseweg 195,2020-11-16,23:00:00,0,0,0,FMN GV 10 Beerse
39,Antwerpseweg 195,2020-11-17,00:00:00,0,0,0,FMN GV 10 Beerse
39,Antwerpseweg 195,2020-11-17,01:00:00,0,0,0,FMN GV 10 Beerse
39,Antwerpseweg 195,2020-11-17,02:00:00,0,0,0,FMN GV 10 Beerse
39,Antwerpseweg 195,2020-11-17,03:00:00,0,0,0,FMN GV 10 Beerse
39,Antwerpseweg 195,2020-11-17,04:00:00,0,0,0,FMN GV 10 Beerse
39,Antwerpseweg 195,2020-11-17,05:00:00,15,14,1,FMN GV 10 Beerse
39,Antwerpseweg 195,2020-11-17,06:00:00,8,7,1,FMN GV 10 Beerse
39,Antwerpseweg 195,2020-11-17,07:00:00,40,32,8,FMN GV 10 Beerse
39,Antwerpseweg 195,2020-11-17,08:00:00,20,14,6,FMN GV 10 Beerse
39,Antwerpseweg 195,2020-11-17,09:00:00,7,4,3,FMN GV 10 Beerse
39,Antwerpseweg 195,2020-11-17,10:00:00,13,5,8,FMN GV 10 Beerse
39,Antwerpseweg 195,2020-11-17,11:00:00,10,7,3,FMN GV 10 Beerse
39,Antwerpseweg 195,2020-11-17,12:00:00,17,12,5,FMN GV 10 Beerse
39,Antwerpseweg 195,2020-11-17,13:00:00,32,21,11,FMN GV 10 Beerse
39,Antwerpseweg 195,2020-11-17,14:00:00,26,15,11,FMN GV 10 Beerse
39,Antwerpseweg 195,2020-11-17,15:00:00,31,20,11,FMN GV 10 Beerse
39,Antwerpseweg 195,2020-11-17,16:00:00,46,34,12,FMN GV 10 Beerse
39,Antwerpseweg 195,2020-11-17,17:00:00,33,27,6,FMN GV 10 Beerse
39,Antwerpseweg 195,2020-11-17,18:00:00,11,7,4,FMN GV 10 Beerse
39,Antwerpseweg 195,2020-11-17,19:00:00,8,4,4,FMN GV 10 Beerse
39,Antwerpseweg 195,2020-11-17,20:00:00,5,3,2,FMN GV 10 Beerse
39,Antwerpseweg 195,2020-11-17,21:00:00,2,2,0,FMN GV 10 Beerse
39,Antwerpseweg 195,2020-11-17,22:00:00,6,5,1,FMN GV 10 Beerse
39,Antwerpseweg 195,2020-11-17,23:00:00,0,0,0,FMN GV 10 Beerse
39,Antwerpseweg 195,2020-11-18,00:00:00,1,1,0,FMN GV 10 Beerse
39,Antwerpseweg 195,2020-11-18,01:00:00,0,0,0,FMN GV 10 Beerse
39,Antwerpseweg 195,2020-11-18,02:00:00,0,0,0,FMN GV 10 Beerse
39,Antwerpseweg 195,2020-11-18,03:00:00,0,0,0,FMN GV 10 Beerse
39,Antwerpseweg 195,2020-11-18,04:00:00,0,0,0,FMN GV 10 Beerse
39,Antwerpseweg 195,2020-11-18,05:00:00,13,13,0,FMN GV 10 Beerse
39,Antwerpseweg 195,2020-11-18,06:00:00,13,13,0,FMN GV 10 Beerse
39,Antwerpseweg 195,2020-11-18,07:00:00,42,37,5,FMN GV 10 Beerse
39,Antwerpseweg 195,2020-11-18,08:00:00,15,11,4,FMN GV 10 Beerse
39,Antwerpseweg 195,2020-11-18,09:00:00,12,10,2,FMN GV 10 Beerse
39,Antwerpseweg 195,2020-11-18,10:00:00,15,10,5,FMN GV 10 Beerse
39,Antwerpseweg 195,2020-11-18,11:00:00,28,19,9,FMN GV 10 Beerse
39,Antwerpseweg 195,2020-11-18,12:00:00,43,34,9,FMN GV 10 Beerse
39,Antwerpseweg 195,2020-11-18,13:00:00,70,53,17,FMN GV 10 Beerse
39,Antwerpseweg 195,2020-11-18,14:00:00,77,50,27,FMN GV 10 Beerse
39,Antwerpseweg 195,2020-11-18,15:00:00,64,38,26,FMN GV 10 Beerse
39,Antwerpseweg 195,2020-11-18,16:00:00,30,24,6,FMN GV 10 Beerse
39,Antwerpseweg 195,2020-11-18,17:00:00,31,23,8,FMN GV 10 Beerse
39,Antwerpseweg 195,2020-11-18,18:00:00,10,9,1,FMN GV 10 Beerse
39,Antwerpseweg 195,2020-11-18,19:00:00,3,3,0,FMN GV 10 Beerse
39,Antwerpseweg 195,2020-11-18,20:00:00,2,1,1,FMN GV 10 Beerse
39,Antwerpseweg 195,2020-11-18,21:00:00,3,2,1,FMN GV 10 Beerse
39,Antwerpseweg 195,2020-11-18,22:00:00,5,4,1,FMN GV 10 Beerse
39,Antwerpseweg 195,2020-11-18,23:00:00,0,0,0,FMN GV 10 Beerse
39,Antwerpseweg 195,2020-11-19,00:00:00,0,0,0,FMN GV 10 Beerse
39,Antwerpseweg 195,2020-11-19,01:00:00,0,0,0,FMN GV 10 Beerse
39,Antwerpseweg 195,2020-11-19,02:00:00,0,0,0,FMN GV 10 Beerse
39,Antwerpseweg 195,2020-11-19,03:00:00,0,0,0,FMN GV 10 Beerse
39,Antwerpseweg 195,2020-11-19,04:00:00,1,1,0,FMN GV 10 Beerse
39,Antwerpseweg 195,2020-11-19,05:00:00,10,10,0,FMN GV 10 Beerse
39,Antwerpseweg 195,2020-11-19,06:00:00,11,11,0,FMN GV 10 Beerse
39,Antwerpseweg 195,2020-11-19,07:00:00,31,24,7,FMN GV 10 Beerse
39,Antwerpseweg 195,2020-11-19,08:00:00,11,8,3,FMN GV 10 Beerse
39,Antwerpseweg 195,2020-11-19,09:00:00,3,2,1,FMN GV 10 Beerse
39,Antwerpseweg 195,2020-11-19,10:00:00,5,4,1,FMN GV 10 Beerse
39,Antwerpseweg 195,2020-11-19,11:00:00,4,4,0,FMN GV 10 Beerse
39,Antwerpseweg 195,2020-11-19,12:00:00,12,7,5,FMN GV 10 Beerse
39,Antwerpseweg 195,2020-11-19,13:00:00,13,9,4,FMN GV 10 Beerse
39,Antwerpseweg 195,2020-11-19,14:00:00,17,14,3,FMN GV 10 Beerse
39,Antwerpseweg 195,2020-11-19,15:00:00,32,22,10,FMN GV 10 Beerse
39,Antwerpseweg 195,2020-11-19,16:00:00,30,25,5,FMN GV 10 Beerse
39,Antwerpseweg 195,2020-11-19,17:00:00,23,19,4,FMN GV 10 Beerse
39,Antwerpseweg 195,2020-11-19,18:00:00,11,7,4,FMN GV 10 Beerse
39,Antwerpseweg 195,2020-11-19,19:00:00,2,2,0,FMN GV 10 Beerse
39,Antwerpseweg 195,2020-11-19,20:00:00,4,1,3,FMN GV 10 Beerse
39,Antwerpseweg 195,2020-11-19,21:00:00,2,2,0,FMN GV 10 Beerse
39,Antwerpseweg 195,2020-11-19,22:00:00,4,4,0,FMN GV 10 Beerse
39,Antwerpseweg 195,2020-11-19,23:00:00,0,0,0,FMN GV 10 Beerse
39,Antwerpseweg 195,2020-11-20,00:00:00,0,0,0,FMN GV 10 Beerse
39,Antwerpseweg 195,2020-11-20,01:00:00,0,0,0,FMN GV 10 Beerse
39,Antwerpseweg 195,2020-11-20,02:00:00,0,0,0,FMN GV 10 Beerse
39,Antwerpseweg 195,2020-11-20,03:00:00,0,0,0,FMN GV 10 Beerse
39,Antwerpseweg 195,2020-11-20,04:00:00,2,2,0,FMN GV 10 Beerse
39,Antwerpseweg 195,2020-11-20,05:00:00,12,11,1,FMN GV 10 Beerse
39,Antwerpseweg 195,2020-11-20,06:00:00,7,7,0,FMN GV 10 Beerse
39,Antwerpseweg 195,2020-11-20,07:00:00,32,26,6,FMN GV 10 Beerse
39,Antwerpseweg 195,2020-11-20,08:00:00,13,7,6,FMN GV 10 Beerse
39,Antwerpseweg 195,2020-11-20,09:00:00,4,3,1,FMN GV 10 Beerse
39,Antwerpseweg 195,2020-11-20,10:00:00,14,8,6,FMN GV 10 Beerse
39,Antwerpseweg 195,2020-11-20,11:00:00,15,14,1,FMN GV 10 Beerse
39,Antwerpseweg 195,2020-11-20,12:00:00,14,6,8,FMN GV 10 Beerse
39,Antwerpseweg 195,2020-11-20,13:00:00,33,17,16,FMN GV 10 Beerse
39,Antwerpseweg 195,2020-11-20,14:00:00,48,38,10,FMN GV 10 Beerse
39,Antwerpseweg 195,2020-11-20,15:00:00,43,29,14,FMN GV 10 Beerse
39,Antwerpseweg 195,2020-11-20,16:00:00,39,24,15,FMN GV 10 Beerse
39,Antwerpseweg 195,2020-11-20,17:00:00,16,13,3,FMN GV 10 Beerse
39,Antwerpseweg 195,2020-11-20,18:00:00,9,6,3,FMN GV 10 Beerse
39,Antwerpseweg 195,2020-11-20,19:00:00,0,0,0,FMN GV 10 Beerse
39,Antwerpseweg 195,2020-11-20,20:00:00,4,2,2,FMN GV 10 Beerse
39,Antwerpseweg 195,2020-11-20,21:00:00,2,1,1,FMN GV 10 Beerse
39,Antwerpseweg 195,2020-11-20,22:00:00,4,4,0,FMN GV 10 Beerse
39,Antwerpseweg 195,2020-11-20,23:00:00,1,1,0,FMN GV 10 Beerse
39,Antwerpseweg 195,2020-11-21,00:00:00,0,0,0,FMN GV 10 Beerse
39,Antwerpseweg 195,2020-11-21,01:00:00,0,0,0,FMN GV 10 Beerse
39,Antwerpseweg 195,2020-11-21,02:00:00,0,0,0,FMN GV 10 Beerse
39,Antwerpseweg 195,2020-11-21,03:00:00,0,0,0,FMN GV 10 Beerse
39,Antwerpseweg 195,2020-11-21,04:00:00,1,1,0,FMN GV 10 Beerse
39,Antwerpseweg 195,2020-11-21,05:00:00,2,2,0,FMN GV 10 Beerse
39,Antwerpseweg 195,2020-11-21,06:00:00,0,0,0,FMN GV 10 Beerse
39,Antwerpseweg 195,2020-11-21,07:00:00,1,1,0,FMN GV 10 Beerse
39,Antwerpseweg 195,2020-11-21,08:00:00,1,1,0,FMN GV 10 Beerse
39,Antwerpseweg 195,2020-11-21,09:00:00,3,0,3,FMN GV 10 Beerse
39,Antwerpseweg 195,2020-11-21,10:00:00,5,4,1,FMN GV 10 Beerse
39,Antwerpseweg 195,2020-11-21,11:00:00,16,15,1,FMN GV 10 Beerse
39,Antwerpseweg 195,2020-11-21,12:00:00,21,11,10,FMN GV 10 Beerse
39,Antwerpseweg 195,2020-11-21,13:00:00,23,11,12,FMN GV 10 Beerse
39,Antwerpseweg 195,2020-11-21,14:00:00,47,26,21,FMN GV 10 Beerse
39,Antwerpseweg 195,2020-11-21,15:00:00,25,18,7,FMN GV 10 Beerse
39,Antwerpseweg 195,2020-11-21,16:00:00,16,11,5,FMN GV 10 Beerse
39,Antwerpseweg 195,2020-11-21,17:00:00,8,5,3,FMN GV 10 Beerse
39,Antwerpseweg 195,2020-11-21,18:00:00,6,4,2,FMN GV 10 Beerse
39,Antwerpseweg 195,2020-11-21,19:00:00,9,6,3,FMN GV 10 Beerse
39,Antwerpseweg 195,2020-11-21,20:00:00,3,3,0,FMN GV 10 Beerse
39,Antwerpseweg 195,2020-11-21,21:00:00,1,1,0,FMN GV 10 Beerse
39,Antwerpseweg 195,2020-11-21,22:00:00,5,5,0,FMN GV 10 Beerse
39,Antwerpseweg 195,2020-11-21,23:00:00,2,0,2,FMN GV 10 Beerse
39,Antwerpseweg 195,2020-11-22,00:00:00,1,1,0,FMN GV 10 Beerse
39,Antwerpseweg 195,2020-11-22,01:00:00,0,0,0,FMN GV 10 Beerse
39,Antwerpseweg 195,2020-11-22,02:00:00,0,0,0,FMN GV 10 Beerse
39,Antwerpseweg 195,2020-11-22,03:00:00,0,0,0,FMN GV 10 Beerse
39,Antwerpseweg 195,2020-11-22,04:00:00,0,0,0,FMN GV 10 Beerse
39,Antwerpseweg 195,2020-11-22,05:00:00,1,1,0,FMN GV 10 Beerse
39,Antwerpseweg 195,2020-11-22,06:00:00,0,0,0,FMN GV 10 Beerse
39,Antwerpseweg 195,2020-11-22,07:00:00,1,1,0,FMN GV 10 Beerse
39,Antwerpseweg 195,2020-11-22,08:00:00,4,3,1,FMN GV 10 Beerse
39,Antwerpseweg 195,2020-11-22,09:00:00,5,4,1,FMN GV 10 Beerse
39,Antwerpseweg 195,2020-11-22,10:00:00,9,5,4,FMN GV 10 Beerse
39,Antwerpseweg 195,2020-11-22,11:00:00,13,12,1,FMN GV 10 Beerse
39,Antwerpseweg 195,2020-11-22,12:00:00,9,3,6,FMN GV 10 Beerse
39,Antwerpseweg 195,2020-11-22,13:00:00,4,2,2,FMN GV 10 Beerse
39,Antwerpseweg 195,2020-11-22,14:00:00,4,2,2,FMN GV 10 Beerse
39,Antwerpseweg 195,2020-11-22,15:00:00,9,6,3,FMN GV 10 Beerse
39,Antwerpseweg 195,2020-11-22,16:00:00,4,2,2,FMN GV 10 Beerse
39,Antwerpseweg 195,2020-11-22,17:00:00,3,2,1,FMN GV 10 Beerse
39,Antwerpseweg 195,2020-11-22,18:00:00,3,1,2,FMN GV 10 Beerse
39,Antwerpseweg 195,2020-11-22,19:00:00,1,1,0,FMN GV 10 Beerse
39,Antwerpseweg 195,2020-11-22,20:00:00,2,2,0,FMN GV 10 Beerse
39,Antwerpseweg 195,2020-11-22,21:00:00,2,2,0,FMN GV 10 Beerse
39,Antwerpseweg 195,2020-11-22,22:00:00,1,1,0,FMN GV 10 Beerse
39,Antwerpseweg 195,2020-11-22,23:00:00,0,0,0,FMN GV 10 Beerse
39,Antwerpseweg 195,2020-11-23,00:00:00,0,0,0,FMN GV 10 Beerse
39,Antwerpseweg 195,2020-11-23,01:00:00,0,0,0,FMN GV 10 Beerse
39,Antwerpseweg 195,2020-11-23,02:00:00,0,0,0,FMN GV 10 Beerse
39,Antwerpseweg 195,2020-11-23,03:00:00,0,0,0,FMN GV 10 Beerse
39,Antwerpseweg 195,2020-11-23,04:00:00,1,1,0,FMN GV 10 Beerse
39,Antwerpseweg 195,2020-11-23,05:00:00,12,10,2,FMN GV 10 Beerse
39,Antwerpseweg 195,2020-11-23,06:00:00,10,10,0,FMN GV 10 Beerse
39,Antwerpseweg 195,2020-11-23,07:00:00,35,28,7,FMN GV 10 Beerse
39,Antwerpseweg 195,2020-11-23,08:00:00,14,9,5,FMN GV 10 Beerse
39,Antwerpseweg 195,2020-11-23,09:00:00,10,8,2,FMN GV 10 Beerse
39,Antwerpseweg 195,2020-11-23,10:00:00,6,4,2,FMN GV 10 Beerse
39,Antwerpseweg 195,2020-11-23,11:00:00,7,7,0,FMN GV 10 Beerse
39,Antwerpseweg 195,2020-11-23,12:00:00,18,12,6,FMN GV 10 Beerse
39,Antwerpseweg 195,2020-11-23,13:00:00,39,27,12,FMN GV 10 Beerse
39,Antwerpseweg 195,2020-11-23,14:00:00,64,45,19,FMN GV 10 Beerse
39,Antwerpseweg 195,2020-11-23,15:00:00,45,32,13,FMN GV 10 Beerse
39,Antwerpseweg 195,2020-11-23,16:00:00,51,35,16,FMN GV 10 Beerse
39,Antwerpseweg 195,2020-11-23,17:00:00,34,27,7,FMN GV 10 Beerse
39,Antwerpseweg 195,2020-11-23,18:00:00,10,9,1,FMN GV 10 Beerse
39,Antwerpseweg 195,2020-11-23,19:00:00,6,4,2,FMN GV 10 Beerse
39,Antwerpseweg 195,2020-11-23,20:00:00,1,1,0,FMN GV 10 Beerse
39,Antwerpseweg 195,2020-11-23,21:00:00,1,1,0,FMN GV 10 Beerse
39,Antwerpseweg 195,2020-11-23,22:00:00,6,2,4,FMN GV 10 Beerse
39,Antwerpseweg 195,2020-11-23,23:00:00,0,0,0,FMN GV 10 Beerse
39,Antwerpseweg 195,2020-11-24,00:00:00,0,0,0,FMN GV 10 Beerse
39,Antwerpseweg 195,2020-11-24,01:00:00,0,0,0,FMN GV 10 Beerse
39,Antwerpseweg 195,2020-11-24,02:00:00,0,0,0,FMN GV 10 Beerse
39,Antwerpseweg 195,2020-11-24,03:00:00,0,0,0,FMN GV 10 Beerse
39,Antwerpseweg 195,2020-11-24,04:00:00,1,1,0,FMN GV 10 Beerse
39,Antwerpseweg 195,2020-11-24,05:00:00,12,11,1,FMN GV 10 Beerse
39,Antwerpseweg 195,2020-11-24,06:00:00,15,14,1,FMN GV 10 Beerse
39,Antwerpseweg 195,2020-11-24,07:00:00,43,38,5,FMN GV 10 Beerse
39,Antwerpseweg 195,2020-11-24,08:00:00,14,10,4,FMN GV 10 Beerse
39,Antwerpseweg 195,2020-11-24,09:00:00,13,10,3,FMN GV 10 Beerse
39,Antwerpseweg 195,2020-11-24,10:00:00,5,3,2,FMN GV 10 Beerse
39,Antwerpseweg 195,2020-11-24,11:00:00,12,8,4,FMN GV 10 Beerse
39,Antwerpseweg 195,2020-11-24,12:00:00,28,21,7,FMN GV 10 Beerse
39,Antwerpseweg 195,2020-11-24,13:00:00,40,23,17,FMN GV 10 Beerse
39,Antwerpseweg 195,2020-11-24,14:00:00,41,18,23,FMN GV 10 Beerse
39,Antwerpseweg 195,2020-11-24,15:00:00,58,41,17,FMN GV 10 Beerse
39,Antwerpseweg 195,2020-11-24,16:00:00,43,32,11,FMN GV 10 Beerse
39,Antwerpseweg 195,2020-11-24,17:00:00,37,26,11,FMN GV 10 Beerse
39,Antwerpseweg 195,2020-11-24,18:00:00,14,12,2,FMN GV 10 Beerse
39,Antwerpseweg 195,2020-11-24,19:00:00,4,3,1,FMN GV 10 Beerse
39,Antwerpseweg 195,2020-11-24,20:00:00,5,2,3,FMN GV 10 Beerse
39,Antwerpseweg 195,2020-11-24,21:00:00,6,6,0,FMN GV 10 Beerse
39,Antwerpseweg 195,2020-11-24,22:00:00,4,3,1,FMN GV 10 Beerse
39,Antwerpseweg 195,2020-11-24,23:00:00,0,0,0,FMN GV 10 Beerse
39,Antwerpseweg 195,2020-11-25,00:00:00,0,0,0,FMN GV 10 Beerse
39,Antwerpseweg 195,2020-11-25,01:00:00,0,0,0,FMN GV 10 Beerse
39,Antwerpseweg 195,2020-11-25,02:00:00,1,1,0,FMN GV 10 Beerse
39,Antwerpseweg 195,2020-11-25,03:00:00,0,0,0,FMN GV 10 Beerse
39,Antwerpseweg 195,2020-11-25,04:00:00,1,1,0,FMN GV 10 Beerse
39,Antwerpseweg 195,2020-11-25,05:00:00,8,8,0,FMN GV 10 Beerse
39,Antwerpseweg 195,2020-11-25,06:00:00,15,13,2,FMN GV 10 Beerse
39,Antwerpseweg 195,2020-11-25,07:00:00,34,28,6,FMN GV 10 Beerse
39,Antwerpseweg 195,2020-11-25,08:00:00,12,9,3,FMN GV 10 Beerse
39,Antwerpseweg 195,2020-11-25,09:00:00,13,9,4,FMN GV 10 Beerse
39,Antwerpseweg 195,2020-11-25,10:00:00,3,3,0,FMN GV 10 Beerse
39,Antwerpseweg 195,2020-11-25,11:00:00,13,5,8,FMN GV 10 Beerse
39,Antwerpseweg 195,2020-11-25,12:00:00,36,28,8,FMN GV 10 Beerse
39,Antwerpseweg 195,2020-11-25,13:00:00,25,21,4,FMN GV 10 Beerse
39,Antwerpseweg 195,2020-11-25,14:00:00,34,23,11,FMN GV 10 Beerse
39,Antwerpseweg 195,2020-11-25,15:00:00,48,32,16,FMN GV 10 Beerse
39,Antwerpseweg 195,2020-11-25,16:00:00,25,18,7,FMN GV 10 Beerse
39,Antwerpseweg 195,2020-11-25,17:00:00,20,11,9,FMN GV 10 Beerse
39,Antwerpseweg 195,2020-11-25,18:00:00,14,14,0,FMN GV 10 Beerse
39,Antwerpseweg 195,2020-11-25,19:00:00,9,4,5,FMN GV 10 Beerse
39,Antwerpseweg 195,2020-11-25,20:00:00,5,3,2,FMN GV 10 Beerse
39,Antwerpseweg 195,2020-11-25,21:00:00,2,2,0,FMN GV 10 Beerse
39,Antwerpseweg 195,2020-11-25,22:00:00,3,2,1,FMN GV 10 Beerse
39,Antwerpseweg 195,2020-11-25,23:00:00,0,0,0,FMN GV 10 Beerse
39,Antwerpseweg 195,2020-11-26,00:00:00,0,0,0,FMN GV 10 Beerse
39,Antwerpseweg 195,2020-11-26,01:00:00,0,0,0,FMN GV 10 Beerse
39,Antwerpseweg 195,2020-11-26,02:00:00,0,0,0,FMN GV 10 Beerse
39,Antwerpseweg 195,2020-11-26,03:00:00,0,0,0,FMN GV 10 Beerse
39,Antwerpseweg 195,2020-11-26,04:00:00,1,1,0,FMN GV 10 Beerse
39,Antwerpseweg 195,2020-11-26,05:00:00,11,10,1,FMN GV 10 Beerse
39,Antwerpseweg 195,2020-11-26,06:00:00,16,16,0,FMN GV 10 Beerse
39,Antwerpseweg 195,2020-11-26,07:00:00,37,31,6,FMN GV 10 Beerse
39,Antwerpseweg 195,2020-11-26,08:00:00,18,15,3,FMN GV 10 Beerse
39,Antwerpseweg 195,2020-11-26,09:00:00,6,4,2,FMN GV 10 Beerse
39,Antwerpseweg 195,2020-11-26,10:00:00,12,8,4,FMN GV 10 Beerse
39,Antwerpseweg 195,2020-11-26,11:00:00,14,11,3,FMN GV 10 Beerse
39,Antwerpseweg 195,2020-11-26,12:00:00,13,9,4,FMN GV 10 Beerse
39,Antwerpseweg 195,2020-11-26,13:00:00,23,14,9,FMN GV 10 Beerse
39,Antwerpseweg 195,2020-11-26,14:00:00,33,23,10,FMN GV 10 Beerse
39,Antwerpseweg 195,2020-11-26,15:00:00,32,20,12,FMN GV 10 Beerse
39,Antwerpseweg 195,2020-11-26,16:00:00,39,26,13,FMN GV 10 Beerse
39,Antwerpseweg 195,2020-11-26,17:00:00,25,19,6,FMN GV 10 Beerse
39,Antwerpseweg 195,2020-11-26,18:00:00,9,7,2,FMN GV 10 Beerse
39,Antwerpseweg 195,2020-11-26,19:00:00,1,1,0,FMN GV 10 Beerse
39,Antwerpseweg 195,2020-11-26,20:00:00,3,1,2,FMN GV 10 Beerse
39,Antwerpseweg 195,2020-11-26,21:00:00,1,1,0,FMN GV 10 Beerse
39,Antwerpseweg 195,2020-11-26,22:00:00,3,2,1,FMN GV 10 Beerse
39,Antwerpseweg 195,2020-11-26,23:00:00,0,0,0,FMN GV 10 Beerse
39,Antwerpseweg 195,2020-11-27,00:00:00,0,0,0,FMN GV 10 Beerse
39,Antwerpseweg 195,2020-11-27,01:00:00,0,0,0,FMN GV 10 Beerse
39,Antwerpseweg 195,2020-11-27,02:00:00,0,0,0,FMN GV 10 Beerse
39,Antwerpseweg 195,2020-11-27,03:00:00,0,0,0,FMN GV 10 Beerse
39,Antwerpseweg 195,2020-11-27,04:00:00,2,2,0,FMN GV 10 Beerse
39,Antwerpseweg 195,2020-11-27,05:00:00,9,9,0,FMN GV 10 Beerse
39,Antwerpseweg 195,2020-11-27,06:00:00,12,11,1,FMN GV 10 Beerse
39,Antwerpseweg 195,2020-11-27,07:00:00,26,22,4,FMN GV 10 Beerse
39,Antwerpseweg 195,2020-11-27,08:00:00,9,8,1,FMN GV 10 Beerse
39,Antwerpseweg 195,2020-11-27,09:00:00,5,5,0,FMN GV 10 Beerse
39,Antwerpseweg 195,2020-11-27,10:00:00,6,3,3,FMN GV 10 Beerse
39,Antwerpseweg 195,2020-11-27,11:00:00,9,6,3,FMN GV 10 Beerse
39,Antwerpseweg 195,2020-11-27,12:00:00,17,11,6,FMN GV 10 Beerse
39,Antwerpseweg 195,2020-11-27,13:00:00,9,4,5,FMN GV 10 Beerse
39,Antwerpseweg 195,2020-11-27,14:00:00,34,24,10,FMN GV 10 Beerse
39,Antwerpseweg 195,2020-11-27,15:00:00,28,18,10,FMN GV 10 Beerse
39,Antwerpseweg 195,2020-11-27,16:00:00,39,29,10,FMN GV 10 Beerse
39,Antwerpseweg 195,2020-11-27,17:00:00,12,8,4,FMN GV 10 Beerse
39,Antwerpseweg 195,2020-11-27,18:00:00,7,7,0,FMN GV 10 Beerse
39,Antwerpseweg 195,2020-11-27,19:00:00,3,3,0,FMN GV 10 Beerse
39,Antwerpseweg 195,2020-11-27,20:00:00,7,5,2,FMN GV 10 Beerse
39,Antwerpseweg 195,2020-11-27,21:00:00,2,0,2,FMN GV 10 Beerse
39,Antwerpseweg 195,2020-11-27,22:00:00,2,2,0,FMN GV 10 Beerse
39,Antwerpseweg 195,2020-11-27,23:00:00,7,2,5,FMN GV 10 Beerse
39,Antwerpseweg 195,2020-11-28,00:00:00,1,1,0,FMN GV 10 Beerse
39,Antwerpseweg 195,2020-11-28,01:00:00,0,0,0,FMN GV 10 Beerse
39,Antwerpseweg 195,2020-11-28,02:00:00,0,0,0,FMN GV 10 Beerse
39,Antwerpseweg 195,2020-11-28,03:00:00,0,0,0,FMN GV 10 Beerse
39,Antwerpseweg 195,2020-11-28,04:00:00,1,1,0,FMN GV 10 Beerse
39,Antwerpseweg 195,2020-11-28,05:00:00,3,3,0,FMN GV 10 Beerse
39,Antwerpseweg 195,2020-11-28,06:00:00,2,2,0,FMN GV 10 Beerse
39,Antwerpseweg 195,2020-11-28,07:00:00,3,3,0,FMN GV 10 Beerse
39,Antwerpseweg 195,2020-11-28,08:00:00,2,1,1,FMN GV 10 Beerse
39,Antwerpseweg 195,2020-11-28,09:00:00,4,2,2,FMN GV 10 Beerse
39,Antwerpseweg 195,2020-11-28,10:00:00,11,9,2,FMN GV 10 Beerse
39,Antwerpseweg 195,2020-11-28,11:00:00,21,14,7,FMN GV 10 Beerse
39,Antwerpseweg 195,2020-11-28,12:00:00,6,4,2,FMN GV 10 Beerse
39,Antwerpseweg 195,2020-11-28,13:00:00,39,22,17,FMN GV 10 Beerse
39,Antwerpseweg 195,2020-11-28,14:00:00,45,28,17,FMN GV 10 Beerse
39,Antwerpseweg 195,2020-11-28,15:00:00,56,40,16,FMN GV 10 Beerse
39,Antwerpseweg 195,2020-11-28,16:00:00,19,13,6,FMN GV 10 Beerse
39,Antwerpseweg 195,2020-11-28,17:00:00,5,5,0,FMN GV 10 Beerse
39,Antwerpseweg 195,2020-11-28,18:00:00,5,3,2,FMN GV 10 Beerse
39,Antwerpseweg 195,2020-11-28,19:00:00,2,2,0,FMN GV 10 Beerse
39,Antwerpseweg 195,2020-11-28,20:00:00,2,2,0,FMN GV 10 Beerse
39,Antwerpseweg 195,2020-11-28,21:00:00,2,1,1,FMN GV 10 Beerse
39,Antwerpseweg 195,2020-11-28,22:00:00,1,1,0,FMN GV 10 Beerse
39,Antwerpseweg 195,2020-11-28,23:00:00,2,2,0,FMN GV 10 Beerse
39,Antwerpseweg 195,2020-11-29,00:00:00,0,0,0,FMN GV 10 Beerse
39,Antwerpseweg 195,2020-11-29,01:00:00,0,0,0,FMN GV 10 Beerse
39,Antwerpseweg 195,2020-11-29,02:00:00,0,0,0,FMN GV 10 Beerse
39,Antwerpseweg 195,2020-11-29,03:00:00,0,0,0,FMN GV 10 Beerse
39,Antwerpseweg 195,2020-11-29,04:00:00,0,0,0,FMN GV 10 Beerse
39,Antwerpseweg 195,2020-11-29,05:00:00,0,0,0,FMN GV 10 Beerse
39,Antwerpseweg 195,2020-11-29,06:00:00,0,0,0,FMN GV 10 Beerse
39,Antwerpseweg 195,2020-11-29,07:00:00,0,0,0,FMN GV 10 Beerse
39,Antwerpseweg 195,2020-11-29,08:00:00,9,6,3,FMN GV 10 Beerse
39,Antwerpseweg 195,2020-11-29,09:00:00,23,17,6,FMN GV 10 Beerse
39,Antwerpseweg 195,2020-11-29,10:00:00,14,11,3,FMN GV 10 Beerse
39,Antwerpseweg 195,2020-11-29,11:00:00,19,9,10,FMN GV 10 Beerse
39,Antwerpseweg 195,2020-11-29,12:00:00,13,6,7,FMN GV 10 Beerse
39,Antwerpseweg 195,2020-11-29,13:00:00,18,15,3,FMN GV 10 Beerse
39,Antwerpseweg 195,2020-11-29,14:00:00,20,20,0,FMN GV 10 Beerse
39,Antwerpseweg 195,2020-11-29,15:00:00,8,6,2,FMN GV 10 Beerse
39,Antwerpseweg 195,2020-11-29,16:00:00,9,5,4,FMN GV 10 Beerse
39,Antwerpseweg 195,2020-11-29,17:00:00,8,7,1,FMN GV 10 Beerse
39,Antwerpseweg 195,2020-11-29,18:00:00,4,0,4,FMN GV 10 Beerse
39,Antwerpseweg 195,2020-11-29,19:00:00,4,3,1,FMN GV 10 Beerse
39,Antwerpseweg 195,2020-11-29,20:00:00,0,0,0,FMN GV 10 Beerse
39,Antwerpseweg 195,2020-11-29,21:00:00,4,4,0,FMN GV 10 Beerse
39,Antwerpseweg 195,2020-11-29,22:00:00,0,0,0,FMN GV 10 Beerse
39,Antwerpseweg 195,2020-11-29,23:00:00,1,1,0,FMN GV 10 Beerse
39,Antwerpseweg 195,2020-11-30,00:00:00,0,0,0,FMN GV 10 Beerse
39,Antwerpseweg 195,2020-11-30,01:00:00,0,0,0,FMN GV 10 Beerse
39,Antwerpseweg 195,2020-11-30,02:00:00,0,0,0,FMN GV 10 Beerse
39,Antwerpseweg 195,2020-11-30,03:00:00,0,0,0,FMN GV 10 Beerse
39,Antwerpseweg 195,2020-11-30,04:00:00,1,1,0,FMN GV 10 Beerse
39,Antwerpseweg 195,2020-11-30,05:00:00,10,9,1,FMN GV 10 Beerse
39,Antwerpseweg 195,2020-11-30,06:00:00,6,6,0,FMN GV 10 Beerse
39,Antwerpseweg 195,2020-11-30,07:00:00,29,24,5,FMN GV 10 Beerse
39,Antwerpseweg 195,2020-11-30,08:00:00,8,8,0,FMN GV 10 Beerse
39,Antwerpseweg 195,2020-11-30,09:00:00,8,5,3,FMN GV 10 Beerse
39,Antwerpseweg 195,2020-11-30,10:00:00,5,0,5,FMN GV 10 Beerse
39,Antwerpseweg 195,2020-11-30,11:00:00,2,2,0,FMN GV 10 Beerse
39,Antwerpseweg 195,2020-11-30,12:00:00,9,5,4,FMN GV 10 Beerse
39,Antwerpseweg 195,2020-11-30,13:00:00,8,7,1,FMN GV 10 Beerse
39,Antwerpseweg 195,2020-11-30,14:00:00,9,6,3,FMN GV 10 Beerse
39,Antwerpseweg 195,2020-11-30,15:00:00,24,16,8,FMN GV 10 Beerse
39,Antwerpseweg 195,2020-11-30,16:00:00,30,20,10,FMN GV 10 Beerse
39,Antwerpseweg 195,2020-11-30,17:00:00,12,10,2,FMN GV 10 Beerse
39,Antwerpseweg 195,2020-11-30,18:00:00,7,4,3,FMN GV 10 Beerse
39,Antwerpseweg 195,2020-11-30,19:00:00,2,2,0,FMN GV 10 Beerse
39,Antwerpseweg 195,2020-11-30,20:00:00,1,1,0,FMN GV 10 Beerse
39,Antwerpseweg 195,2020-11-30,21:00:00,3,3,0,FMN GV 10 Beerse
39,Antwerpseweg 195,2020-11-30,22:00:00,5,5,0,FMN GV 10 Beerse
39,Antwerpseweg 195,2020-11-30,23:00:00,0,0,0,FMN GV 10 Beerse
39,Antwerpseweg 195,2020-12-01,00:00:00,0,0,0,FMN GV 10 Beerse
39,Antwerpseweg 195,2020-12-01,01:00:00,0,0,0,FMN GV 10 Beerse
39,Antwerpseweg 195,2020-12-01,02:00:00,0,0,0,FMN GV 10 Beerse
39,Antwerpseweg 195,2020-12-01,03:00:00,0,0,0,FMN GV 10 Beerse
39,Antwerpseweg 195,2020-12-01,04:00:00,1,1,0,FMN GV 10 Beerse
39,Antwerpseweg 195,2020-12-01,05:00:00,9,9,0,FMN GV 10 Beerse
39,Antwerpseweg 195,2020-12-01,06:00:00,2,2,0,FMN GV 10 Beerse
39,Antwerpseweg 195,2020-12-01,07:00:00,18,17,1,FMN GV 10 Beerse
39,Antwerpseweg 195,2020-12-01,08:00:00,7,6,1,FMN GV 10 Beerse
39,Antwerpseweg 195,2020-12-01,09:00:00,1,1,0,FMN GV 10 Beerse
39,Antwerpseweg 195,2020-12-01,10:00:00,1,0,1,FMN GV 10 Beerse
39,Antwerpseweg 195,2020-12-01,11:00:00,2,2,0,FMN GV 10 Beerse
39,Antwerpseweg 195,2020-12-01,12:00:00,9,7,2,FMN GV 10 Beerse
39,Antwerpseweg 195,2020-12-01,13:00:00,17,11,6,FMN GV 10 Beerse
39,Antwerpseweg 195,2020-12-01,14:00:00,10,3,7,FMN GV 10 Beerse
39,Antwerpseweg 195,2020-12-01,15:00:00,18,12,6,FMN GV 10 Beerse
39,Antwerpseweg 195,2020-12-01,16:00:00,15,11,4,FMN GV 10 Beerse
39,Antwerpseweg 195,2020-12-01,17:00:00,23,19,4,FMN GV 10 Beerse
39,Antwerpseweg 195,2020-12-01,18:00:00,8,5,3,FMN GV 10 Beerse
39,Antwerpseweg 195,2020-12-01,19:00:00,6,5,1,FMN GV 10 Beerse
39,Antwerpseweg 195,2020-12-01,20:00:00,3,3,0,FMN GV 10 Beerse
39,Antwerpseweg 195,2020-12-01,21:00:00,4,4,0,FMN GV 10 Beerse
39,Antwerpseweg 195,2020-12-01,22:00:00,5,5,0,FMN GV 10 Beerse
39,Antwerpseweg 195,2020-12-01,23:00:00,2,1,1,FMN GV 10 Beerse
39,Antwerpseweg 195,2020-12-02,00:00:00,0,0,0,FMN GV 10 Beerse
39,Antwerpseweg 195,2020-12-02,01:00:00,0,0,0,FMN GV 10 Beerse
39,Antwerpseweg 195,2020-12-02,02:00:00,0,0,0,FMN GV 10 Beerse
39,Antwerpseweg 195,2020-12-02,03:00:00,0,0,0,FMN GV 10 Beerse
39,Antwerpseweg 195,2020-12-02,04:00:00,1,1,0,FMN GV 10 Beerse
39,Antwerpseweg 195,2020-12-02,05:00:00,11,10,1,FMN GV 10 Beerse
39,Antwerpseweg 195,2020-12-02,06:00:00,9,9,0,FMN GV 10 Beerse
39,Antwerpseweg 195,2020-12-02,07:00:00,29,28,1,FMN GV 10 Beerse
39,Antwerpseweg 195,2020-12-02,08:00:00,15,11,4,FMN GV 10 Beerse
39,Antwerpseweg 195,2020-12-02,09:00:00,13,7,6,FMN GV 10 Beerse
39,Antwerpseweg 195,2020-12-02,10:00:00,6,6,0,FMN GV 10 Beerse
39,Antwerpseweg 195,2020-12-02,11:00:00,10,5,5,FMN GV 10 Beerse
39,Antwerpseweg 195,2020-12-02,12:00:00,25,17,8,FMN GV 10 Beerse
39,Antwerpseweg 195,2020-12-02,13:00:00,31,19,12,FMN GV 10 Beerse
39,Antwerpseweg 195,2020-12-02,14:00:00,27,18,9,FMN GV 10 Beerse
39,Antwerpseweg 195,2020-12-02,15:00:00,32,23,9,FMN GV 10 Beerse
39,Antwerpseweg 195,2020-12-02,16:00:00,22,16,6,FMN GV 10 Beerse
39,Antwerpseweg 195,2020-12-02,17:00:00,20,17,3,FMN GV 10 Beerse
39,Antwerpseweg 195,2020-12-02,18:00:00,5,5,0,FMN GV 10 Beerse
39,Antwerpseweg 195,2020-12-02,19:00:00,6,5,1,FMN GV 10 Beerse
39,Antwerpseweg 195,2020-12-02,20:00:00,6,3,3,FMN GV 10 Beerse
39,Antwerpseweg 195,2020-12-02,21:00:00,2,2,0,FMN GV 10 Beerse
39,Antwerpseweg 195,2020-12-02,22:00:00,4,4,0,FMN GV 10 Beerse
39,Antwerpseweg 195,2020-12-02,23:00:00,1,1,0,FMN GV 10 Beerse
39,Antwerpseweg 195,2020-12-03,00:00:00,0,0,0,FMN GV 10 Beerse
39,Antwerpseweg 195,2020-12-03,01:00:00,0,0,0,FMN GV 10 Beerse
39,Antwerpseweg 195,2020-12-03,02:00:00,0,0,0,FMN GV 10 Beerse
39,Antwerpseweg 195,2020-12-03,03:00:00,1,1,0,FMN GV 10 Beerse
39,Antwerpseweg 195,2020-12-03,04:00:00,1,1,0,FMN GV 10 Beerse
39,Antwerpseweg 195,2020-12-03,05:00:00,9,9,0,FMN GV 10 Beerse
39,Antwerpseweg 195,2020-12-03,06:00:00,6,6,0,FMN GV 10 Beerse
39,Antwerpseweg 195,2020-12-03,07:00:00,23,20,3,FMN GV 10 Beerse
39,Antwerpseweg 195,2020-12-03,08:00:00,8,7,1,FMN GV 10 Beerse
39,Antwerpseweg 195,2020-12-03,09:00:00,6,2,4,FMN GV 10 Beerse
39,Antwerpseweg 195,2020-12-03,10:00:00,6,5,1,FMN GV 10 Beerse
39,Antwerpseweg 195,2020-12-03,11:00:00,5,5,0,FMN GV 10 Beerse
39,Antwerpseweg 195,2020-12-03,12:00:00,9,6,3,FMN GV 10 Beerse
39,Antwerpseweg 195,2020-12-03,13:00:00,7,4,3,FMN GV 10 Beerse
39,Antwerpseweg 195,2020-12-03,14:00:00,8,6,2,FMN GV 10 Beerse
39,Antwerpseweg 195,2020-12-03,15:00:00,18,13,5,FMN GV 10 Beerse
39,Antwerpseweg 195,2020-12-03,16:00:00,24,18,6,FMN GV 10 Beerse
39,Antwerpseweg 195,2020-12-03,17:00:00,14,11,3,FMN GV 10 Beerse
39,Antwerpseweg 195,2020-12-03,18:00:00,10,7,3,FMN GV 10 Beerse
39,Antwerpseweg 195,2020-12-03,19:00:00,1,1,0,FMN GV 10 Beerse
39,Antwerpseweg 195,2020-12-03,20:00:00,2,2,0,FMN GV 10 Beerse
39,Antwerpseweg 195,2020-12-03,21:00:00,2,2,0,FMN GV 10 Beerse
39,Antwerpseweg 195,2020-12-03,22:00:00,4,4,0,FMN GV 10 Beerse
39,Antwerpseweg 195,2020-12-03,23:00:00,0,0,0,FMN GV 10 Beerse
39,Antwerpseweg 195,2020-12-04,00:00:00,0,0,0,FMN GV 10 Beerse
39,Antwerpseweg 195,2020-12-04,01:00:00,0,0,0,FMN GV 10 Beerse
39,Antwerpseweg 195,2020-12-04,02:00:00,0,0,0,FMN GV 10 Beerse
39,Antwerpseweg 195,2020-12-04,03:00:00,0,0,0,FMN GV 10 Beerse
39,Antwerpseweg 195,2020-12-04,04:00:00,1,1,0,FMN GV 10 Beerse
39,Antwerpseweg 195,2020-12-04,05:00:00,8,8,0,FMN GV 10 Beerse
39,Antwerpseweg 195,2020-12-04,06:00:00,6,6,0,FMN GV 10 Beerse
39,Antwerpseweg 195,2020-12-04,07:00:00,19,16,3,FMN GV 10 Beerse
39,Antwerpseweg 195,2020-12-04,08:00:00,12,9,3,FMN GV 10 Beerse
39,Antwerpseweg 195,2020-12-04,09:00:00,7,5,2,FMN GV 10 Beerse
39,Antwerpseweg 195,2020-12-04,10:00:00,8,5,3,FMN GV 10 Beerse
39,Antwerpseweg 195,2020-12-04,11:00:00,4,3,1,FMN GV 10 Beerse
39,Antwerpseweg 195,2020-12-04,12:00:00,16,12,4,FMN GV 10 Beerse
39,Antwerpseweg 195,2020-12-04,13:00:00,21,13,8,FMN GV 10 Beerse
39,Antwerpseweg 195,2020-12-04,14:00:00,18,14,4,FMN GV 10 Beerse
39,Antwerpseweg 195,2020-12-04,15:00:00,24,17,7,FMN GV 10 Beerse
39,Antwerpseweg 195,2020-12-04,16:00:00,19,13,6,FMN GV 10 Beerse
39,Antwerpseweg 195,2020-12-04,17:00:00,10,8,2,FMN GV 10 Beerse
39,Antwerpseweg 195,2020-12-04,18:00:00,7,5,2,FMN GV 10 Beerse
39,Antwerpseweg 195,2020-12-04,19:00:00,2,2,0,FMN GV 10 Beerse
39,Antwerpseweg 195,2020-12-04,20:00:00,1,1,0,FMN GV 10 Beerse
39,Antwerpseweg 195,2020-12-04,21:00:00,0,0,0,FMN GV 10 Beerse
39,Antwerpseweg 195,2020-12-04,22:00:00,4,3,1,FMN GV 10 Beerse
39,Antwerpseweg 195,2020-12-04,23:00:00,1,1,0,FMN GV 10 Beerse
39,Antwerpseweg 195,2020-12-05,00:00:00,0,0,0,FMN GV 10 Beerse
39,Antwerpseweg 195,2020-12-05,01:00:00,0,0,0,FMN GV 10 Beerse
39,Antwerpseweg 195,2020-12-05,02:00:00,0,0,0,FMN GV 10 Beerse
39,Antwerpseweg 195,2020-12-05,03:00:00,0,0,0,FMN GV 10 Beerse
39,Antwerpseweg 195,2020-12-05,04:00:00,1,1,0,FMN GV 10 Beerse
39,Antwerpseweg 195,2020-12-05,05:00:00,3,3,0,FMN GV 10 Beerse
39,Antwerpseweg 195,2020-12-05,06:00:00,2,2,0,FMN GV 10 Beerse
39,Antwerpseweg 195,2020-12-05,07:00:00,1,1,0,FMN GV 10 Beerse
39,Antwerpseweg 195,2020-12-05,08:00:00,1,0,1,FMN GV 10 Beerse
39,Antwerpseweg 195,2020-12-05,09:00:00,11,6,5,FMN GV 10 Beerse
39,Antwerpseweg 195,2020-12-05,10:00:00,14,9,5,FMN GV 10 Beerse
39,Antwerpseweg 195,2020-12-05,11:00:00,9,6,3,FMN GV 10 Beerse
39,Antwerpseweg 195,2020-12-05,12:00:00,15,9,6,FMN GV 10 Beerse
39,Antwerpseweg 195,2020-12-05,13:00:00,21,19,2,FMN GV 10 Beerse
39,Antwerpseweg 195,2020-12-05,14:00:00,20,7,13,FMN GV 10 Beerse
39,Antwerpseweg 195,2020-12-05,15:00:00,26,18,8,FMN GV 10 Beerse
39,Antwerpseweg 195,2020-12-05,16:00:00,9,4,5,FMN GV 10 Beerse
39,Antwerpseweg 195,2020-12-05,17:00:00,2,0,2,FMN GV 10 Beerse
39,Antwerpseweg 195,2020-12-05,18:00:00,1,1,0,FMN GV 10 Beerse
39,Antwerpseweg 195,2020-12-05,19:00:00,2,0,2,FMN GV 10 Beerse
39,Antwerpseweg 195,2020-12-05,20:00:00,7,5,2,FMN GV 10 Beerse
39,Antwerpseweg 195,2020-12-05,21:00:00,3,3,0,FMN GV 10 Beerse
39,Antwerpseweg 195,2020-12-05,22:00:00,2,1,1,FMN GV 10 Beerse
39,Antwerpseweg 195,2020-12-05,23:00:00,2,0,2,FMN GV 10 Beerse
39,Antwerpseweg 195,2020-12-06,00:00:00,0,0,0,FMN GV 10 Beerse
39,Antwerpseweg 195,2020-12-06,01:00:00,0,0,0,FMN GV 10 Beerse
39,Antwerpseweg 195,2020-12-06,02:00:00,0,0,0,FMN GV 10 Beerse
39,Antwerpseweg 195,2020-12-06,03:00:00,1,1,0,FMN GV 10 Beerse
39,Antwerpseweg 195,2020-12-06,04:00:00,0,0,0,FMN GV 10 Beerse
39,Antwerpseweg 195,2020-12-06,05:00:00,0,0,0,FMN GV 10 Beerse
39,Antwerpseweg 195,2020-12-06,06:00:00,3,3,0,FMN GV 10 Beerse
39,Antwerpseweg 195,2020-12-06,07:00:00,3,2,1,FMN GV 10 Beerse
39,Antwerpseweg 195,2020-12-06,08:00:00,3,1,2,FMN GV 10 Beerse
39,Antwerpseweg 195,2020-12-06,09:00:00,6,2,4,FMN GV 10 Beerse
39,Antwerpseweg 195,2020-12-06,10:00:00,16,10,6,FMN GV 10 Beerse
39,Antwerpseweg 195,2020-12-06,11:00:00,17,12,5,FMN GV 10 Beerse
39,Antwerpseweg 195,2020-12-06,12:00:00,5,3,2,FMN GV 10 Beerse
39,Antwerpseweg 195,2020-12-06,13:00:00,3,1,2,FMN GV 10 Beerse
39,Antwerpseweg 195,2020-12-06,14:00:00,11,5,6,FMN GV 10 Beerse
39,Antwerpseweg 195,2020-12-06,15:00:00,15,9,6,FMN GV 10 Beerse
39,Antwerpseweg 195,2020-12-06,16:00:00,10,9,1,FMN GV 10 Beerse
39,Antwerpseweg 195,2020-12-06,17:00:00,3,2,1,FMN GV 10 Beerse
39,Antwerpseweg 195,2020-12-06,18:00:00,2,2,0,FMN GV 10 Beerse
39,Antwerpseweg 195,2020-12-06,19:00:00,1,0,1,FMN GV 10 Beerse
39,Antwerpseweg 195,2020-12-06,20:00:00,2,1,1,FMN GV 10 Beerse
39,Antwerpseweg 195,2020-12-06,21:00:00,1,1,0,FMN GV 10 Beerse
39,Antwerpseweg 195,2020-12-06,22:00:00,1,1,0,FMN GV 10 Beerse
39,Antwerpseweg 195,2020-12-06,23:00:00,0,0,0,FMN GV 10 Beerse
39,Antwerpseweg 195,2020-12-07,00:00:00,0,0,0,FMN GV 10 Beerse
39,Antwerpseweg 195,2020-12-07,01:00:00,0,0,0,FMN GV 10 Beerse
39,Antwerpseweg 195,2020-12-07,02:00:00,0,0,0,FMN GV 10 Beerse
39,Antwerpseweg 195,2020-12-07,03:00:00,0,0,0,FMN GV 10 Beerse
39,Antwerpseweg 195,2020-12-07,04:00:00,1,1,0,FMN GV 10 Beerse
39,Antwerpseweg 195,2020-12-07,05:00:00,9,9,0,FMN GV 10 Beerse
39,Antwerpseweg 195,2020-12-07,06:00:00,4,4,0,FMN GV 10 Beerse
39,Antwerpseweg 195,2020-12-07,07:00:00,21,19,2,FMN GV 10 Beerse
39,Antwerpseweg 195,2020-12-07,08:00:00,11,8,3,FMN GV 10 Beerse
39,Antwerpseweg 195,2020-12-07,09:00:00,0,0,0,FMN GV 10 Beerse
39,Antwerpseweg 195,2020-12-07,10:00:00,6,5,1,FMN GV 10 Beerse
39,Antwerpseweg 195,2020-12-07,11:00:00,2,2,0,FMN GV 10 Beerse
39,Antwerpseweg 195,2020-12-07,12:00:00,9,7,2,FMN GV 10 Beerse
39,Antwerpseweg 195,2020-12-07,13:00:00,10,8,2,FMN GV 10 Beerse
39,Antwerpseweg 195,2020-12-07,14:00:00,9,6,3,FMN GV 10 Beerse
39,Antwerpseweg 195,2020-12-07,15:00:00,10,8,2,FMN GV 10 Beerse
39,Antwerpseweg 195,2020-12-07,16:00:00,20,15,5,FMN GV 10 Beerse
39,Antwerpseweg 195,2020-12-07,17:00:00,15,11,4,FMN GV 10 Beerse
39,Antwerpseweg 195,2020-12-07,18:00:00,7,5,2,FMN GV 10 Beerse
39,Antwerpseweg 195,2020-12-07,19:00:00,2,2,0,FMN GV 10 Beerse
39,Antwerpseweg 195,2020-12-07,20:00:00,1,1,0,FMN GV 10 Beerse
39,Antwerpseweg 195,2020-12-07,21:00:00,1,1,0,FMN GV 10 Beerse
39,Antwerpseweg 195,2020-12-07,22:00:00,4,4,0,FMN GV 10 Beerse
39,Antwerpseweg 195,2020-12-07,23:00:00,0,0,0,FMN GV 10 Beerse
39,Antwerpseweg 195,2020-12-08,00:00:00,0,0,0,FMN GV 10 Beerse
39,Antwerpseweg 195,2020-12-08,01:00:00,0,0,0,FMN GV 10 Beerse
39,Antwerpseweg 195,2020-12-08,02:00:00,0,0,0,FMN GV 10 Beerse
39,Antwerpseweg 195,2020-12-08,03:00:00,0,0,0,FMN GV 10 Beerse
39,Antwerpseweg 195,2020-12-08,04:00:00,0,0,0,FMN GV 10 Beerse
39,Antwerpseweg 195,2020-12-08,05:00:00,8,8,0,FMN GV 10 Beerse
39,Antwerpseweg 195,2020-12-08,06:00:00,8,8,0,FMN GV 10 Beerse
39,Antwerpseweg 195,2020-12-08,07:00:00,23,20,3,FMN GV 10 Beerse
39,Antwerpseweg 195,2020-12-08,08:00:00,11,9,2,FMN GV 10 Beerse
39,Antwerpseweg 195,2020-12-08,09:00:00,3,0,3,FMN GV 10 Beerse
39,Antwerpseweg 195,2020-12-08,10:00:00,13,8,5,FMN GV 10 Beerse
39,Antwerpseweg 195,2020-12-08,11:00:00,8,7,1,FMN GV 10 Beerse
39,Antwerpseweg 195,2020-12-08,12:00:00,14,12,2,FMN GV 10 Beerse
39,Antwerpseweg 195,2020-12-08,13:00:00,18,11,7,FMN GV 10 Beerse
39,Antwerpseweg 195,2020-12-08,14:00:00,32,17,15,FMN GV 10 Beerse
39,Antwerpseweg 195,2020-12-08,15:00:00,21,16,5,FMN GV 10 Beerse
39,Antwerpseweg 195,2020-12-08,16:00:00,23,18,5,FMN GV 10 Beerse
39,Antwerpseweg 195,2020-12-08,17:00:00,28,21,7,FMN GV 10 Beerse
39,Antwerpseweg 195,2020-12-08,18:00:00,6,3,3,FMN GV 10 Beerse
39,Antwerpseweg 195,2020-12-08,19:00:00,1,1,0,FMN GV 10 Beerse
39,Antwerpseweg 195,2020-12-08,20:00:00,1,0,1,FMN GV 10 Beerse
39,Antwerpseweg 195,2020-12-08,21:00:00,2,1,1,FMN GV 10 Beerse
39,Antwerpseweg 195,2020-12-08,22:00:00,1,1,0,FMN GV 10 Beerse
39,Antwerpseweg 195,2020-12-08,23:00:00,0,0,0,FMN GV 10 Beerse
39,Antwerpseweg 195,2020-12-09,00:00:00,0,0,0,FMN GV 10 Beerse
39,Antwerpseweg 195,2020-12-09,01:00:00,0,0,0,FMN GV 10 Beerse
39,Antwerpseweg 195,2020-12-09,02:00:00,0,0,0,FMN GV 10 Beerse
39,Antwerpseweg 195,2020-12-09,03:00:00,0,0,0,FMN GV 10 Beerse
39,Antwerpseweg 195,2020-12-09,04:00:00,0,0,0,FMN GV 10 Beerse
39,Antwerpseweg 195,2020-12-09,05:00:00,8,7,1,FMN GV 10 Beerse
39,Antwerpseweg 195,2020-12-09,06:00:00,7,7,0,FMN GV 10 Beerse
39,Antwerpseweg 195,2020-12-09,07:00:00,20,18,2,FMN GV 10 Beerse
39,Antwerpseweg 195,2020-12-09,08:00:00,9,6,3,FMN GV 10 Beerse
39,Antwerpseweg 195,2020-12-09,09:00:00,5,4,1,FMN GV 10 Beerse
39,Antwerpseweg 195,2020-12-09,10:00:00,4,2,2,FMN GV 10 Beerse
39,Antwerpseweg 195,2020-12-09,11:00:00,12,8,4,FMN GV 10 Beerse
39,Antwerpseweg 195,2020-12-09,12:00:00,20,18,2,FMN GV 10 Beerse
39,Antwerpseweg 195,2020-12-09,13:00:00,17,12,5,FMN GV 10 Beerse
39,Antwerpseweg 195,2020-12-09,14:00:00,15,13,2,FMN GV 10 Beerse
39,Antwerpseweg 195,2020-12-09,15:00:00,5,3,2,FMN GV 10 Beerse
39,Antwerpseweg 195,2020-12-09,16:00:00,18,12,6,FMN GV 10 Beerse
39,Antwerpseweg 195,2020-12-09,17:00:00,14,10,4,FMN GV 10 Beerse
39,Antwerpseweg 195,2020-12-09,18:00:00,7,6,1,FMN GV 10 Beerse
39,Antwerpseweg 195,2020-12-09,19:00:00,5,2,3,FMN GV 10 Beerse
39,Antwerpseweg 195,2020-12-09,20:00:00,5,3,2,FMN GV 10 Beerse
39,Antwerpseweg 195,2020-12-09,21:00:00,1,1,0,FMN GV 10 Beerse
39,Antwerpseweg 195,2020-12-09,22:00:00,2,2,0,FMN GV 10 Beerse
39,Antwerpseweg 195,2020-12-09,23:00:00,2,2,0,FMN GV 10 Beerse
39,Antwerpseweg 195,2020-12-10,00:00:00,0,0,0,FMN GV 10 Beerse
39,Antwerpseweg 195,2020-12-10,01:00:00,0,0,0,FMN GV 10 Beerse
39,Antwerpseweg 195,2020-12-10,02:00:00,0,0,0,FMN GV 10 Beerse
39,Antwerpseweg 195,2020-12-10,03:00:00,0,0,0,FMN GV 10 Beerse
39,Antwerpseweg 195,2020-12-10,04:00:00,1,1,0,FMN GV 10 Beerse
39,Antwerpseweg 195,2020-12-10,05:00:00,9,9,0,FMN GV 10 Beerse
39,Antwerpseweg 195,2020-12-10,06:00:00,9,9,0,FMN GV 10 Beerse
39,Antwerpseweg 195,2020-12-10,07:00:00,24,21,3,FMN GV 10 Beerse
39,Antwerpseweg 195,2020-12-10,08:00:00,16,14,2,FMN GV 10 Beerse
39,Antwerpseweg 195,2020-12-10,09:00:00,6,4,2,FMN GV 10 Beerse
39,Antwerpseweg 195,2020-12-10,10:00:00,4,4,0,FMN GV 10 Beerse
39,Antwerpseweg 195,2020-12-10,11:00:00,12,8,4,FMN GV 10 Beerse
39,Antwerpseweg 195,2020-12-10,12:00:00,13,11,2,FMN GV 10 Beerse
39,Antwerpseweg 195,2020-12-10,13:00:00,25,15,10,FMN GV 10 Beerse
39,Antwerpseweg 195,2020-12-10,14:00:00,32,23,9,FMN GV 10 Beerse
39,Antwerpseweg 195,2020-12-10,15:00:00,22,14,8,FMN GV 10 Beerse
39,Antwerpseweg 195,2020-12-10,16:00:00,21,15,6,FMN GV 10 Beerse
39,Antwerpseweg 195,2020-12-10,17:00:00,15,10,5,FMN GV 10 Beerse
39,Antwerpseweg 195,2020-12-10,18:00:00,9,7,2,FMN GV 10 Beerse
39,Antwerpseweg 195,2020-12-10,19:00:00,5,3,2,FMN GV 10 Beerse
39,Antwerpseweg 195,2020-12-10,20:00:00,3,2,1,FMN GV 10 Beerse
39,Antwerpseweg 195,2020-12-10,21:00:00,1,1,0,FMN GV 10 Beerse
39,Antwerpseweg 195,2020-12-10,22:00:00,0,0,0,FMN GV 10 Beerse
39,Antwerpseweg 195,2020-12-10,23:00:00,1,1,0,FMN GV 10 Beerse
39,Antwerpseweg 195,2020-12-11,00:00:00,0,0,0,FMN GV 10 Beerse
39,Antwerpseweg 195,2020-12-11,01:00:00,0,0,0,FMN GV 10 Beerse
39,Antwerpseweg 195,2020-12-11,02:00:00,0,0,0,FMN GV 10 Beerse
39,Antwerpseweg 195,2020-12-11,03:00:00,0,0,0,FMN GV 10 Beerse
39,Antwerpseweg 195,2020-12-11,04:00:00,0,0,0,FMN GV 10 Beerse
39,Antwerpseweg 195,2020-12-11,05:00:00,7,7,0,FMN GV 10 Beerse
39,Antwerpseweg 195,2020-12-11,06:00:00,6,6,0,FMN GV 10 Beerse
39,Antwerpseweg 195,2020-12-11,07:00:00,18,16,2,FMN GV 10 Beerse
39,Antwerpseweg 195,2020-12-11,08:00:00,5,4,1,FMN GV 10 Beerse
39,Antwerpseweg 195,2020-12-11,09:00:00,6,6,0,FMN GV 10 Beerse
39,Antwerpseweg 195,2020-12-11,10:00:00,10,10,0,FMN GV 10 Beerse
39,Antwerpseweg 195,2020-12-11,11:00:00,4,4,0,FMN GV 10 Beerse
39,Antwerpseweg 195,2020-12-11,12:00:00,8,6,2,FMN GV 10 Beerse
39,Antwerpseweg 195,2020-12-11,13:00:00,3,2,1,FMN GV 10 Beerse
39,Antwerpseweg 195,2020-12-11,14:00:00,7,6,1,FMN GV 10 Beerse
39,Antwerpseweg 195,2020-12-11,15:00:00,11,7,4,FMN GV 10 Beerse
39,Antwerpseweg 195,2020-12-11,16:00:00,15,9,6,FMN GV 10 Beerse
39,Antwerpseweg 195,2020-12-11,17:00:00,12,7,5,FMN GV 10 Beerse
39,Antwerpseweg 195,2020-12-11,18:00:00,3,2,1,FMN GV 10 Beerse
39,Antwerpseweg 195,2020-12-11,19:00:00,1,1,0,FMN GV 10 Beerse
39,Antwerpseweg 195,2020-12-11,20:00:00,1,1,0,FMN GV 10 Beerse
39,Antwerpseweg 195,2020-12-11,21:00:00,0,0,0,FMN GV 10 Beerse
39,Antwerpseweg 195,2020-12-11,22:00:00,0,0,0,FMN GV 10 Beerse
39,Antwerpseweg 195,2020-12-11,23:00:00,0,0,0,FMN GV 10 Beerse
39,Antwerpseweg 195,2020-12-12,00:00:00,0,0,0,FMN GV 10 Beerse
39,Antwerpseweg 195,2020-12-12,01:00:00,0,0,0,FMN GV 10 Beerse
39,Antwerpseweg 195,2020-12-12,02:00:00,0,0,0,FMN GV 10 Beerse
39,Antwerpseweg 195,2020-12-12,03:00:00,0,0,0,FMN GV 10 Beerse
39,Antwerpseweg 195,2020-12-12,04:00:00,1,1,0,FMN GV 10 Beerse
39,Antwerpseweg 195,2020-12-12,05:00:00,2,2,0,FMN GV 10 Beerse
39,Antwerpseweg 195,2020-12-12,06:00:00,0,0,0,FMN GV 10 Beerse
39,Antwerpseweg 195,2020-12-12,07:00:00,0,0,0,FMN GV 10 Beerse
39,Antwerpseweg 195,2020-12-12,08:00:00,1,0,1,FMN GV 10 Beerse
39,Antwerpseweg 195,2020-12-12,09:00:00,3,2,1,FMN GV 10 Beerse
39,Antwerpseweg 195,2020-12-12,10:00:00,7,1,6,FMN GV 10 Beerse
39,Antwerpseweg 195,2020-12-12,11:00:00,7,6,1,FMN GV 10 Beerse
39,Antwerpseweg 195,2020-12-12,12:00:00,9,5,4,FMN GV 10 Beerse
39,Antwerpseweg 195,2020-12-12,13:00:00,9,4,5,FMN GV 10 Beerse
39,Antwerpseweg 195,2020-12-12,14:00:00,10,7,3,FMN GV 10 Beerse
39,Antwerpseweg 195,2020-12-12,15:00:00,18,13,5,FMN GV 10 Beerse
39,Antwerpseweg 195,2020-12-12,16:00:00,4,1,3,FMN GV 10 Beerse
39,Antwerpseweg 195,2020-12-12,17:00:00,3,3,0,FMN GV 10 Beerse
39,Antwerpseweg 195,2020-12-12,18:00:00,3,1,2,FMN GV 10 Beerse
39,Antwerpseweg 195,2020-12-12,19:00:00,0,0,0,FMN GV 10 Beerse
39,Antwerpseweg 195,2020-12-12,20:00:00,2,2,0,FMN GV 10 Beerse
39,Antwerpseweg 195,2020-12-12,21:00:00,1,1,0,FMN GV 10 Beerse
39,Antwerpseweg 195,2020-12-12,22:00:00,1,1,0,FMN GV 10 Beerse
39,Antwerpseweg 195,2020-12-12,23:00:00,2,1,1,FMN GV 10 Beerse
39,Antwerpseweg 195,2020-12-13,00:00:00,0,0,0,FMN GV 10 Beerse
39,Antwerpseweg 195,2020-12-13,01:00:00,0,0,0,FMN GV 10 Beerse
39,Antwerpseweg 195,2020-12-13,02:00:00,0,0,0,FMN GV 10 Beerse
39,Antwerpseweg 195,2020-12-13,03:00:00,0,0,0,FMN GV 10 Beerse
39,Antwerpseweg 195,2020-12-13,04:00:00,0,0,0,FMN GV 10 Beerse
39,Antwerpseweg 195,2020-12-13,05:00:00,1,1,0,FMN GV 10 Beerse
39,Antwerpseweg 195,2020-12-13,06:00:00,1,1,0,FMN GV 10 Beerse
39,Antwerpseweg 195,2020-12-13,07:00:00,0,0,0,FMN GV 10 Beerse
39,Antwerpseweg 195,2020-12-13,08:00:00,9,5,4,FMN GV 10 Beerse
39,Antwerpseweg 195,2020-12-13,09:00:00,8,6,2,FMN GV 10 Beerse
39,Antwerpseweg 195,2020-12-13,10:00:00,20,13,7,FMN GV 10 Beerse
39,Antwerpseweg 195,2020-12-13,11:00:00,23,17,6,FMN GV 10 Beerse
39,Antwerpseweg 195,2020-12-13,12:00:00,26,13,13,FMN GV 10 Beerse
39,Antwerpseweg 195,2020-12-13,13:00:00,29,15,14,FMN GV 10 Beerse
39,Antwerpseweg 195,2020-12-13,14:00:00,20,8,12,FMN GV 10 Beerse
39,Antwerpseweg 195,2020-12-13,15:00:00,7,5,2,FMN GV 10 Beerse
39,Antwerpseweg 195,2020-12-13,16:00:00,9,6,3,FMN GV 10 Beerse
39,Antwerpseweg 195,2020-12-13,17:00:00,10,6,4,FMN GV 10 Beerse
39,Antwerpseweg 195,2020-12-13,18:00:00,1,1,0,FMN GV 10 Beerse
39,Antwerpseweg 195,2020-12-13,19:00:00,0,0,0,FMN GV 10 Beerse
39,Antwerpseweg 195,2020-12-13,20:00:00,3,3,0,FMN GV 10 Beerse
39,Antwerpseweg 195,2020-12-13,21:00:00,2,2,0,FMN GV 10 Beerse
39,Antwerpseweg 195,2020-12-13,22:00:00,2,1,1,FMN GV 10 Beerse
39,Antwerpseweg 195,2020-12-13,23:00:00,1,1,0,FMN GV 10 Beerse
39,Antwerpseweg 195,2020-12-14,00:00:00,0,0,0,FMN GV 10 Beerse
39,Antwerpseweg 195,2020-12-14,01:00:00,0,0,0,FMN GV 10 Beerse
39,Antwerpseweg 195,2020-12-14,02:00:00,0,0,0,FMN GV 10 Beerse
39,Antwerpseweg 195,2020-12-14,03:00:00,0,0,0,FMN GV 10 Beerse
39,Antwerpseweg 195,2020-12-14,04:00:00,1,1,0,FMN GV 10 Beerse
39,Antwerpseweg 195,2020-12-14,05:00:00,8,8,0,FMN GV 10 Beerse
39,Antwerpseweg 195,2020-12-14,06:00:00,6,5,1,FMN GV 10 Beerse
39,Antwerpseweg 195,2020-12-14,07:00:00,19,16,3,FMN GV 10 Beerse
39,Antwerpseweg 195,2020-12-14,08:00:00,7,5,2,FMN GV 10 Beerse
39,Antwerpseweg 195,2020-12-14,09:00:00,5,4,1,FMN GV 10 Beerse
39,Antwerpseweg 195,2020-12-14,10:00:00,8,5,3,FMN GV 10 Beerse
39,Antwerpseweg 195,2020-12-14,11:00:00,13,9,4,FMN GV 10 Beerse
39,Antwerpseweg 195,2020-12-14,12:00:00,10,7,3,FMN GV 10 Beerse
39,Antwerpseweg 195,2020-12-14,13:00:00,32,21,11,FMN GV 10 Beerse
39,Antwerpseweg 195,2020-12-14,14:00:00,26,15,11,FMN GV 10 Beerse
39,Antwerpseweg 195,2020-12-14,15:00:00,9,7,2,FMN GV 10 Beerse
39,Antwerpseweg 195,2020-12-14,16:00:00,20,15,5,FMN GV 10 Beerse
39,Antwerpseweg 195,2020-12-14,17:00:00,10,7,3,FMN GV 10 Beerse
39,Antwerpseweg 195,2020-12-14,18:00:00,5,4,1,FMN GV 10 Beerse
39,Antwerpseweg 195,2020-12-14,19:00:00,5,5,0,FMN GV 10 Beerse
39,Antwerpseweg 195,2020-12-14,20:00:00,1,1,0,FMN GV 10 Beerse
39,Antwerpseweg 195,2020-12-14,21:00:00,3,3,0,FMN GV 10 Beerse
39,Antwerpseweg 195,2020-12-14,22:00:00,2,2,0,FMN GV 10 Beerse
39,Antwerpseweg 195,2020-12-14,23:00:00,0,0,0,FMN GV 10 Beerse
39,Antwerpseweg 195,2020-12-15,00:00:00,0,0,0,FMN GV 10 Beerse
39,Antwerpseweg 195,2020-12-15,01:00:00,0,0,0,FMN GV 10 Beerse
39,Antwerpseweg 195,2020-12-15,02:00:00,0,0,0,FMN GV 10 Beerse
39,Antwerpseweg 195,2020-12-15,03:00:00,0,0,0,FMN GV 10 Beerse
39,Antwerpseweg 195,2020-12-15,04:00:00,1,1,0,FMN GV 10 Beerse
39,Antwerpseweg 195,2020-12-15,05:00:00,11,11,0,FMN GV 10 Beerse
39,Antwerpseweg 195,2020-12-15,06:00:00,7,7,0,FMN GV 10 Beerse
39,Antwerpseweg 195,2020-12-15,07:00:00,20,18,2,FMN GV 10 Beerse
39,Antwerpseweg 195,2020-12-15,08:00:00,14,8,6,FMN GV 10 Beerse
39,Antwerpseweg 195,2020-12-15,09:00:00,5,4,1,FMN GV 10 Beerse
39,Antwerpseweg 195,2020-12-15,10:00:00,24,20,4,FMN GV 10 Beerse
39,Antwerpseweg 195,2020-12-15,11:00:00,5,4,1,FMN GV 10 Beerse
39,Antwerpseweg 195,2020-12-15,12:00:00,5,4,1,FMN GV 10 Beerse
39,Antwerpseweg 195,2020-12-15,13:00:00,6,3,3,FMN GV 10 Beerse
39,Antwerpseweg 195,2020-12-15,14:00:00,10,7,3,FMN GV 10 Beerse
39,Antwerpseweg 195,2020-12-15,15:00:00,16,8,8,FMN GV 10 Beerse
39,Antwerpseweg 195,2020-12-15,16:00:00,16,9,7,FMN GV 10 Beerse
39,Antwerpseweg 195,2020-12-15,17:00:00,20,16,4,FMN GV 10 Beerse
39,Antwerpseweg 195,2020-12-15,18:00:00,5,4,1,FMN GV 10 Beerse
39,Antwerpseweg 195,2020-12-15,19:00:00,4,3,1,FMN GV 10 Beerse
39,Antwerpseweg 195,2020-12-15,20:00:00,3,1,2,FMN GV 10 Beerse
39,Antwerpseweg 195,2020-12-15,21:00:00,0,0,0,FMN GV 10 Beerse
39,Antwerpseweg 195,2020-12-15,22:00:00,5,4,1,FMN GV 10 Beerse
39,Antwerpseweg 195,2020-12-15,23:00:00,1,0,1,FMN GV 10 Beerse
39,Antwerpseweg 195,2020-12-16,00:00:00,0,0,0,FMN GV 10 Beerse
39,Antwerpseweg 195,2020-12-16,01:00:00,0,0,0,FMN GV 10 Beerse
39,Antwerpseweg 195,2020-12-16,02:00:00,0,0,0,FMN GV 10 Beerse
39,Antwerpseweg 195,2020-12-16,03:00:00,0,0,0,FMN GV 10 Beerse
39,Antwerpseweg 195,2020-12-16,04:00:00,0,0,0,FMN GV 10 Beerse
39,Antwerpseweg 195,2020-12-16,05:00:00,11,11,0,FMN GV 10 Beerse
39,Antwerpseweg 195,2020-12-16,06:00:00,8,8,0,FMN GV 10 Beerse
39,Antwerpseweg 195,2020-12-16,07:00:00,28,26,2,FMN GV 10 Beerse
39,Antwerpseweg 195,2020-12-16,08:00:00,17,12,5,FMN GV 10 Beerse
39,Antwerpseweg 195,2020-12-16,09:00:00,10,7,3,FMN GV 10 Beerse
39,Antwerpseweg 195,2020-12-16,10:00:00,12,10,2,FMN GV 10 Beerse
39,Antwerpseweg 195,2020-12-16,11:00:00,24,7,17,FMN GV 10 Beerse
39,Antwerpseweg 195,2020-12-16,12:00:00,25,19,6,FMN GV 10 Beerse
39,Antwerpseweg 195,2020-12-16,13:00:00,33,26,7,FMN GV 10 Beerse
39,Antwerpseweg 195,2020-12-16,14:00:00,43,32,11,FMN GV 10 Beerse
39,Antwerpseweg 195,2020-12-16,15:00:00,40,16,24,FMN GV 10 Beerse
39,Antwerpseweg 195,2020-12-16,16:00:00,27,17,10,FMN GV 10 Beerse
39,Antwerpseweg 195,2020-12-16,17:00:00,15,11,4,FMN GV 10 Beerse
39,Antwerpseweg 195,2020-12-16,18:00:00,8,8,0,FMN GV 10 Beerse
39,Antwerpseweg 195,2020-12-16,19:00:00,2,1,1,FMN GV 10 Beerse
39,Antwerpseweg 195,2020-12-16,20:00:00,5,1,4,FMN GV 10 Beerse
39,Antwerpseweg 195,2020-12-16,21:00:00,2,2,0,FMN GV 10 Beerse
39,Antwerpseweg 195,2020-12-16,22:00:00,3,3,0,FMN GV 10 Beerse
39,Antwerpseweg 195,2020-12-16,23:00:00,2,2,0,FMN GV 10 Beerse
39,Antwerpseweg 195,2020-12-17,00:00:00,0,0,0,FMN GV 10 Beerse
39,Antwerpseweg 195,2020-12-17,01:00:00,0,0,0,FMN GV 10 Beerse
39,Antwerpseweg 195,2020-12-17,02:00:00,0,0,0,FMN GV 10 Beerse
39,Antwerpseweg 195,2020-12-17,03:00:00,0,0,0,FMN GV 10 Beerse
39,Antwerpseweg 195,2020-12-17,04:00:00,0,0,0,FMN GV 10 Beerse
39,Antwerpseweg 195,2020-12-17,05:00:00,9,8,1,FMN GV 10 Beerse
39,Antwerpseweg 195,2020-12-17,06:00:00,7,7,0,FMN GV 10 Beerse
39,Antwerpseweg 195,2020-12-17,07:00:00,25,24,1,FMN GV 10 Beerse
39,Antwerpseweg 195,2020-12-17,08:00:00,11,7,4,FMN GV 10 Beerse
39,Antwerpseweg 195,2020-12-17,09:00:00,7,6,1,FMN GV 10 Beerse
39,Antwerpseweg 195,2020-12-17,10:00:00,12,7,5,FMN GV 10 Beerse
39,Antwerpseweg 195,2020-12-17,11:00:00,17,9,8,FMN GV 10 Beerse
39,Antwerpseweg 195,2020-12-17,12:00:00,13,8,5,FMN GV 10 Beerse
39,Antwerpseweg 195,2020-12-17,13:00:00,32,22,10,FMN GV 10 Beerse
39,Antwerpseweg 195,2020-12-17,14:00:00,35,22,13,FMN GV 10 Beerse
39,Antwerpseweg 195,2020-12-17,15:00:00,38,23,15,FMN GV 10 Beerse
39,Antwerpseweg 195,2020-12-17,16:00:00,20,13,7,FMN GV 10 Beerse
39,Antwerpseweg 195,2020-12-17,17:00:00,16,13,3,FMN GV 10 Beerse
39,Antwerpseweg 195,2020-12-17,18:00:00,7,4,3,FMN GV 10 Beerse
39,Antwerpseweg 195,2020-12-17,19:00:00,6,6,0,FMN GV 10 Beerse
39,Antwerpseweg 195,2020-12-17,20:00:00,2,0,2,FMN GV 10 Beerse
39,Antwerpseweg 195,2020-12-17,21:00:00,2,2,0,FMN GV 10 Beerse
39,Antwerpseweg 195,2020-12-17,22:00:00,4,3,1,FMN GV 10 Beerse
39,Antwerpseweg 195,2020-12-17,23:00:00,2,2,0,FMN GV 10 Beerse
39,Antwerpseweg 195,2020-12-18,00:00:00,0,0,0,FMN GV 10 Beerse
39,Antwerpseweg 195,2020-12-18,01:00:00,0,0,0,FMN GV 10 Beerse
39,Antwerpseweg 195,2020-12-18,02:00:00,0,0,0,FMN GV 10 Beerse
39,Antwerpseweg 195,2020-12-18,03:00:00,0,0,0,FMN GV 10 Beerse
39,Antwerpseweg 195,2020-12-18,04:00:00,0,0,0,FMN GV 10 Beerse
39,Antwerpseweg 195,2020-12-18,05:00:00,14,14,0,FMN GV 10 Beerse
39,Antwerpseweg 195,2020-12-18,06:00:00,9,8,1,FMN GV 10 Beerse
39,Antwerpseweg 195,2020-12-18,07:00:00,24,22,2,FMN GV 10 Beerse
39,Antwerpseweg 195,2020-12-18,08:00:00,12,8,4,FMN GV 10 Beerse
39,Antwerpseweg 195,2020-12-18,09:00:00,13,9,4,FMN GV 10 Beerse
39,Antwerpseweg 195,2020-12-18,10:00:00,14,8,6,FMN GV 10 Beerse
39,Antwerpseweg 195,2020-12-18,11:00:00,22,17,5,FMN GV 10 Beerse
39,Antwerpseweg 195,2020-12-18,12:00:00,14,5,9,FMN GV 10 Beerse
39,Antwerpseweg 195,2020-12-18,13:00:00,31,25,6,FMN GV 10 Beerse
39,Antwerpseweg 195,2020-12-18,14:00:00,45,27,18,FMN GV 10 Beerse
39,Antwerpseweg 195,2020-12-18,15:00:00,45,28,17,FMN GV 10 Beerse
39,Antwerpseweg 195,2020-12-18,16:00:00,26,13,13,FMN GV 10 Beerse
39,Antwerpseweg 195,2020-12-18,17:00:00,12,9,3,FMN GV 10 Beerse
39,Antwerpseweg 195,2020-12-18,18:00:00,5,3,2,FMN GV 10 Beerse
39,Antwerpseweg 195,2020-12-18,19:00:00,4,2,2,FMN GV 10 Beerse
39,Antwerpseweg 195,2020-12-18,20:00:00,3,2,1,FMN GV 10 Beerse
39,Antwerpseweg 195,2020-12-18,21:00:00,3,3,0,FMN GV 10 Beerse
39,Antwerpseweg 195,2020-12-18,22:00:00,5,4,1,FMN GV 10 Beerse
39,Antwerpseweg 195,2020-12-18,23:00:00,1,0,1,FMN GV 10 Beerse
39,Antwerpseweg 195,2020-12-19,00:00:00,1,1,0,FMN GV 10 Beerse
39,Antwerpseweg 195,2020-12-19,01:00:00,0,0,0,FMN GV 10 Beerse
39,Antwerpseweg 195,2020-12-19,02:00:00,0,0,0,FMN GV 10 Beerse
39,Antwerpseweg 195,2020-12-19,03:00:00,0,0,0,FMN GV 10 Beerse
39,Antwerpseweg 195,2020-12-19,04:00:00,0,0,0,FMN GV 10 Beerse
39,Antwerpseweg 195,2020-12-19,05:00:00,3,3,0,FMN GV 10 Beerse
39,Antwerpseweg 195,2020-12-19,06:00:00,0,0,0,FMN GV 10 Beerse
39,Antwerpseweg 195,2020-12-19,07:00:00,1,1,0,FMN GV 10 Beerse
39,Antwerpseweg 195,2020-12-19,08:00:00,6,1,5,FMN GV 10 Beerse
39,Antwerpseweg 195,2020-12-19,09:00:00,3,2,1,FMN GV 10 Beerse
39,Antwerpseweg 195,2020-12-19,10:00:00,17,11,6,FMN GV 10 Beerse
39,Antwerpseweg 195,2020-12-19,11:00:00,17,12,5,FMN GV 10 Beerse
39,Antwerpseweg 195,2020-12-19,12:00:00,15,4,11,FMN GV 10 Beerse
39,Antwerpseweg 195,2020-12-19,13:00:00,12,8,4,FMN GV 10 Beerse
39,Antwerpseweg 195,2020-12-19,14:00:00,9,7,2,FMN GV 10 Beerse
39,Antwerpseweg 195,2020-12-19,15:00:00,10,5,5,FMN GV 10 Beerse
39,Antwerpseweg 195,2020-12-19,16:00:00,10,8,2,FMN GV 10 Beerse
39,Antwerpseweg 195,2020-12-19,17:00:00,5,4,1,FMN GV 10 Beerse
39,Antwerpseweg 195,2020-12-19,18:00:00,6,6,0,FMN GV 10 Beerse
39,Antwerpseweg 195,2020-12-19,19:00:00,3,2,1,FMN GV 10 Beerse
39,Antwerpseweg 195,2020-12-19,20:00:00,2,2,0,FMN GV 10 Beerse
39,Antwerpseweg 195,2020-12-19,21:00:00,1,1,0,FMN GV 10 Beerse
39,Antwerpseweg 195,2020-12-19,22:00:00,0,0,0,FMN GV 10 Beerse
39,Antwerpseweg 195,2020-12-19,23:00:00,0,0,0,FMN GV 10 Beerse
39,Antwerpseweg 195,2020-12-20,00:00:00,0,0,0,FMN GV 10 Beerse
39,Antwerpseweg 195,2020-12-20,01:00:00,0,0,0,FMN GV 10 Beerse
39,Antwerpseweg 195,2020-12-20,02:00:00,0,0,0,FMN GV 10 Beerse
39,Antwerpseweg 195,2020-12-20,03:00:00,0,0,0,FMN GV 10 Beerse
39,Antwerpseweg 195,2020-12-20,04:00:00,1,1,0,FMN GV 10 Beerse
39,Antwerpseweg 195,2020-12-20,05:00:00,0,0,0,FMN GV 10 Beerse
39,Antwerpseweg 195,2020-12-20,06:00:00,1,1,0,FMN GV 10 Beerse
39,Antwerpseweg 195,2020-12-20,07:00:00,1,0,1,FMN GV 10 Beerse
39,Antwerpseweg 195,2020-12-20,08:00:00,5,2,3,FMN GV 10 Beerse
39,Antwerpseweg 195,2020-12-20,09:00:00,20,13,7,FMN GV 10 Beerse
39,Antwerpseweg 195,2020-12-20,10:00:00,25,16,9,FMN GV 10 Beerse
39,Antwerpseweg 195,2020-12-20,11:00:00,22,10,12,FMN GV 10 Beerse
39,Antwerpseweg 195,2020-12-20,12:00:00,20,16,4,FMN GV 10 Beerse
39,Antwerpseweg 195,2020-12-20,13:00:00,33,21,12,FMN GV 10 Beerse
39,Antwerpseweg 195,2020-12-20,14:00:00,32,14,18,FMN GV 10 Beerse
39,Antwerpseweg 195,2020-12-20,15:00:00,27,21,6,FMN GV 10 Beerse
39,Antwerpseweg 195,2020-12-20,16:00:00,11,6,5,FMN GV 10 Beerse
39,Antwerpseweg 195,2020-12-20,17:00:00,1,0,1,FMN GV 10 Beerse
39,Antwerpseweg 195,2020-12-20,18:00:00,5,4,1,FMN GV 10 Beerse
39,Antwerpseweg 195,2020-12-20,19:00:00,7,3,4,FMN GV 10 Beerse
39,Antwerpseweg 195,2020-12-20,20:00:00,1,1,0,FMN GV 10 Beerse
39,Antwerpseweg 195,2020-12-20,21:00:00,2,2,0,FMN GV 10 Beerse
39,Antwerpseweg 195,2020-12-20,22:00:00,4,4,0,FMN GV 10 Beerse
39,Antwerpseweg 195,2020-12-20,23:00:00,0,0,0,FMN GV 10 Beerse
39,Antwerpseweg 195,2020-12-21,00:00:00,0,0,0,FMN GV 10 Beerse
39,Antwerpseweg 195,2020-12-21,01:00:00,0,0,0,FMN GV 10 Beerse
39,Antwerpseweg 195,2020-12-21,02:00:00,0,0,0,FMN GV 10 Beerse
39,Antwerpseweg 195,2020-12-21,03:00:00,0,0,0,FMN GV 10 Beerse
39,Antwerpseweg 195,2020-12-21,04:00:00,0,0,0,FMN GV 10 Beerse
39,Antwerpseweg 195,2020-12-21,05:00:00,6,6,0,FMN GV 10 Beerse
39,Antwerpseweg 195,2020-12-21,06:00:00,6,6,0,FMN GV 10 Beerse
39,Antwerpseweg 195,2020-12-21,07:00:00,12,11,1,FMN GV 10 Beerse
39,Antwerpseweg 195,2020-12-21,08:00:00,4,4,0,FMN GV 10 Beerse
39,Antwerpseweg 195,2020-12-21,09:00:00,1,1,0,FMN GV 10 Beerse
39,Antwerpseweg 195,2020-12-21,10:00:00,2,1,1,FMN GV 10 Beerse
39,Antwerpseweg 195,2020-12-21,11:00:00,0,0,0,FMN GV 10 Beerse
39,Antwerpseweg 195,2020-12-21,12:00:00,4,3,1,FMN GV 10 Beerse
39,Antwerpseweg 195,2020-12-21,13:00:00,7,6,1,FMN GV 10 Beerse
39,Antwerpseweg 195,2020-12-21,14:00:00,4,3,1,FMN GV 10 Beerse
39,Antwerpseweg 195,2020-12-21,15:00:00,6,4,2,FMN GV 10 Beerse
39,Antwerpseweg 195,2020-12-21,16:00:00,3,3,0,FMN GV 10 Beerse
39,Antwerpseweg 195,2020-12-21,17:00:00,10,7,3,FMN GV 10 Beerse
39,Antwerpseweg 195,2020-12-21,18:00:00,7,6,1,FMN GV 10 Beerse
39,Antwerpseweg 195,2020-12-21,19:00:00,1,1,0,FMN GV 10 Beerse
39,Antwerpseweg 195,2020-12-21,20:00:00,2,1,1,FMN GV 10 Beerse
39,Antwerpseweg 195,2020-12-21,21:00:00,1,1,0,FMN GV 10 Beerse
39,Antwerpseweg 195,2020-12-21,22:00:00,3,3,0,FMN GV 10 Beerse
39,Antwerpseweg 195,2020-12-21,23:00:00,2,1,1,FMN GV 10 Beerse
39,Antwerpseweg 195,2020-12-22,00:00:00,0,0,0,FMN GV 10 Beerse
39,Antwerpseweg 195,2020-12-22,01:00:00,0,0,0,FMN GV 10 Beerse
39,Antwerpseweg 195,2020-12-22,02:00:00,0,0,0,FMN GV 10 Beerse
39,Antwerpseweg 195,2020-12-22,03:00:00,0,0,0,FMN GV 10 Beerse
39,Antwerpseweg 195,2020-12-22,04:00:00,0,0,0,FMN GV 10 Beerse
39,Antwerpseweg 195,2020-12-22,05:00:00,3,3,0,FMN GV 10 Beerse
39,Antwerpseweg 195,2020-12-22,06:00:00,4,4,0,FMN GV 10 Beerse
39,Antwerpseweg 195,2020-12-22,07:00:00,8,7,1,FMN GV 10 Beerse
39,Antwerpseweg 195,2020-12-22,08:00:00,3,1,2,FMN GV 10 Beerse
39,Antwerpseweg 195,2020-12-22,09:00:00,3,3,0,FMN GV 10 Beerse
39,Antwerpseweg 195,2020-12-22,10:00:00,16,10,6,FMN GV 10 Beerse
39,Antwerpseweg 195,2020-12-22,11:00:00,7,4,3,FMN GV 10 Beerse
39,Antwerpseweg 195,2020-12-22,12:00:00,11,7,4,FMN GV 10 Beerse
39,Antwerpseweg 195,2020-12-22,13:00:00,25,17,8,FMN GV 10 Beerse
39,Antwerpseweg 195,2020-12-22,14:00:00,16,10,6,FMN GV 10 Beerse
39,Antwerpseweg 195,2020-12-22,15:00:00,11,9,2,FMN GV 10 Beerse
39,Antwerpseweg 195,2020-12-22,16:00:00,9,8,1,FMN GV 10 Beerse
39,Antwerpseweg 195,2020-12-22,17:00:00,16,13,3,FMN GV 10 Beerse
39,Antwerpseweg 195,2020-12-22,18:00:00,6,4,2,FMN GV 10 Beerse
39,Antwerpseweg 195,2020-12-22,19:00:00,4,3,1,FMN GV 10 Beerse
39,Antwerpseweg 195,2020-12-22,20:00:00,5,2,3,FMN GV 10 Beerse
39,Antwerpseweg 195,2020-12-22,21:00:00,3,3,0,FMN GV 10 Beerse
39,Antwerpseweg 195,2020-12-22,22:00:00,2,2,0,FMN GV 10 Beerse
39,Antwerpseweg 195,2020-12-22,23:00:00,0,0,0,FMN GV 10 Beerse
39,Antwerpseweg 195,2020-12-23,00:00:00,1,1,0,FMN GV 10 Beerse
39,Antwerpseweg 195,2020-12-23,01:00:00,0,0,0,FMN GV 10 Beerse
39,Antwerpseweg 195,2020-12-23,02:00:00,0,0,0,FMN GV 10 Beerse
39,Antwerpseweg 195,2020-12-23,03:00:00,0,0,0,FMN GV 10 Beerse
39,Antwerpseweg 195,2020-12-23,04:00:00,0,0,0,FMN GV 10 Beerse
39,Antwerpseweg 195,2020-12-23,05:00:00,4,4,0,FMN GV 10 Beerse
39,Antwerpseweg 195,2020-12-23,06:00:00,5,5,0,FMN GV 10 Beerse
39,Antwerpseweg 195,2020-12-23,07:00:00,10,9,1,FMN GV 10 Beerse
39,Antwerpseweg 195,2020-12-23,08:00:00,1,1,0,FMN GV 10 Beerse
39,Antwerpseweg 195,2020-12-23,09:00:00,7,5,2,FMN GV 10 Beerse
39,Antwerpseweg 195,2020-12-23,10:00:00,5,3,2,FMN GV 10 Beerse
39,Antwerpseweg 195,2020-12-23,11:00:00,4,2,2,FMN GV 10 Beerse
39,Antwerpseweg 195,2020-12-23,12:00:00,2,2,0,FMN GV 10 Beerse
39,Antwerpseweg 195,2020-12-23,13:00:00,5,4,1,FMN GV 10 Beerse
39,Antwerpseweg 195,2020-12-23,14:00:00,8,7,1,FMN GV 10 Beerse
39,Antwerpseweg 195,2020-12-23,15:00:00,5,5,0,FMN GV 10 Beerse
39,Antwerpseweg 195,2020-12-23,16:00:00,3,3,0,FMN GV 10 Beerse
39,Antwerpseweg 195,2020-12-23,17:00:00,11,6,5,FMN GV 10 Beerse
39,Antwerpseweg 195,2020-12-23,18:00:00,5,3,2,FMN GV 10 Beerse
39,Antwerpseweg 195,2020-12-23,19:00:00,3,2,1,FMN GV 10 Beerse
39,Antwerpseweg 195,2020-12-23,20:00:00,4,2,2,FMN GV 10 Beerse
39,Antwerpseweg 195,2020-12-23,21:00:00,2,2,0,FMN GV 10 Beerse
39,Antwerpseweg 195,2020-12-23,22:00:00,2,1,1,FMN GV 10 Beerse
39,Antwerpseweg 195,2020-12-23,23:00:00,2,2,0,FMN GV 10 Beerse
39,Antwerpseweg 195,2020-12-24,00:00:00,0,0,0,FMN GV 10 Beerse
39,Antwerpseweg 195,2020-12-24,01:00:00,0,0,0,FMN GV 10 Beerse
39,Antwerpseweg 195,2020-12-24,02:00:00,0,0,0,FMN GV 10 Beerse
39,Antwerpseweg 195,2020-12-24,03:00:00,0,0,0,FMN GV 10 Beerse
39,Antwerpseweg 195,2020-12-24,04:00:00,0,0,0,FMN GV 10 Beerse
39,Antwerpseweg 195,2020-12-24,05:00:00,2,2,0,FMN GV 10 Beerse
39,Antwerpseweg 195,2020-12-24,06:00:00,6,6,0,FMN GV 10 Beerse
39,Antwerpseweg 195,2020-12-24,07:00:00,13,9,4,FMN GV 10 Beerse
39,Antwerpseweg 195,2020-12-24,08:00:00,1,1,0,FMN GV 10 Beerse
39,Antwerpseweg 195,2020-12-24,09:00:00,1,1,0,FMN GV 10 Beerse
39,Antwerpseweg 195,2020-12-24,10:00:00,9,6,3,FMN GV 10 Beerse
39,Antwerpseweg 195,2020-12-24,11:00:00,3,0,3,FMN GV 10 Beerse
39,Antwerpseweg 195,2020-12-24,12:00:00,6,5,1,FMN GV 10 Beerse
39,Antwerpseweg 195,2020-12-24,13:00:00,11,8,3,FMN GV 10 Beerse
39,Antwerpseweg 195,2020-12-24,14:00:00,12,9,3,FMN GV 10 Beerse
39,Antwerpseweg 195,2020-12-24,15:00:00,14,9,5,FMN GV 10 Beerse
39,Antwerpseweg 195,2020-12-24,16:00:00,16,11,5,FMN GV 10 Beerse
39,Antwerpseweg 195,2020-12-24,17:00:00,5,4,1,FMN GV 10 Beerse
39,Antwerpseweg 195,2020-12-24,18:00:00,2,2,0,FMN GV 10 Beerse
39,Antwerpseweg 195,2020-12-24,19:00:00,1,1,0,FMN GV 10 Beerse
39,Antwerpseweg 195,2020-12-24,20:00:00,2,2,0,FMN GV 10 Beerse
39,Antwerpseweg 195,2020-12-24,21:00:00,0,0,0,FMN GV 10 Beerse
39,Antwerpseweg 195,2020-12-24,22:00:00,1,1,0,FMN GV 10 Beerse
39,Antwerpseweg 195,2020-12-24,23:00:00,0,0,0,FMN GV 10 Beerse
39,Antwerpseweg 195,2020-12-25,00:00:00,0,0,0,FMN GV 10 Beerse
39,Antwerpseweg 195,2020-12-25,01:00:00,0,0,0,FMN GV 10 Beerse
39,Antwerpseweg 195,2020-12-25,02:00:00,3,1,2,FMN GV 10 Beerse
39,Antwerpseweg 195,2020-12-25,03:00:00,0,0,0,FMN GV 10 Beerse
39,Antwerpseweg 195,2020-12-25,04:00:00,0,0,0,FMN GV 10 Beerse
39,Antwerpseweg 195,2020-12-25,05:00:00,0,0,0,FMN GV 10 Beerse
39,Antwerpseweg 195,2020-12-25,06:00:00,1,1,0,FMN GV 10 Beerse
39,Antwerpseweg 195,2020-12-25,07:00:00,1,0,1,FMN GV 10 Beerse
39,Antwerpseweg 195,2020-12-25,08:00:00,0,0,0,FMN GV 10 Beerse
39,Antwerpseweg 195,2020-12-25,09:00:00,4,1,3,FMN GV 10 Beerse
39,Antwerpseweg 195,2020-12-25,10:00:00,9,5,4,FMN GV 10 Beerse
39,Antwerpseweg 195,2020-12-25,11:00:00,22,14,8,FMN GV 10 Beerse
39,Antwerpseweg 195,2020-12-25,12:00:00,13,9,4,FMN GV 10 Beerse
39,Antwerpseweg 195,2020-12-25,13:00:00,16,13,3,FMN GV 10 Beerse
39,Antwerpseweg 195,2020-12-25,14:00:00,12,9,3,FMN GV 10 Beerse
39,Antwerpseweg 195,2020-12-25,15:00:00,16,13,3,FMN GV 10 Beerse
39,Antwerpseweg 195,2020-12-25,16:00:00,12,5,7,FMN GV 10 Beerse
39,Antwerpseweg 195,2020-12-25,17:00:00,6,3,3,FMN GV 10 Beerse
39,Antwerpseweg 195,2020-12-25,18:00:00,1,0,1,FMN GV 10 Beerse
39,Antwerpseweg 195,2020-12-25,19:00:00,0,0,0,FMN GV 10 Beerse
39,Antwerpseweg 195,2020-12-25,20:00:00,2,1,1,FMN GV 10 Beerse
39,Antwerpseweg 195,2020-12-25,21:00:00,2,1,1,FMN GV 10 Beerse
39,Antwerpseweg 195,2020-12-25,22:00:00,1,1,0,FMN GV 10 Beerse
39,Antwerpseweg 195,2020-12-25,23:00:00,1,1,0,FMN GV 10 Beerse
39,Antwerpseweg 195,2020-12-26,00:00:00,0,0,0,FMN GV 10 Beerse
39,Antwerpseweg 195,2020-12-26,01:00:00,0,0,0,FMN GV 10 Beerse
39,Antwerpseweg 195,2020-12-26,02:00:00,0,0,0,FMN GV 10 Beerse
39,Antwerpseweg 195,2020-12-26,03:00:00,0,0,0,FMN GV 10 Beerse
39,Antwerpseweg 195,2020-12-26,04:00:00,1,1,0,FMN GV 10 Beerse
39,Antwerpseweg 195,2020-12-26,05:00:00,3,3,0,FMN GV 10 Beerse
39,Antwerpseweg 195,2020-12-26,06:00:00,1,1,0,FMN GV 10 Beerse
39,Antwerpseweg 195,2020-12-26,07:00:00,1,0,1,FMN GV 10 Beerse
39,Antwerpseweg 195,2020-12-26,08:00:00,0,0,0,FMN GV 10 Beerse
39,Antwerpseweg 195,2020-12-26,09:00:00,2,1,1,FMN GV 10 Beerse
39,Antwerpseweg 195,2020-12-26,10:00:00,8,6,2,FMN GV 10 Beerse
39,Antwerpseweg 195,2020-12-26,11:00:00,18,6,12,FMN GV 10 Beerse
39,Antwerpseweg 195,2020-12-26,12:00:00,18,14,4,FMN GV 10 Beerse
39,Antwerpseweg 195,2020-12-26,13:00:00,10,4,6,FMN GV 10 Beerse
39,Antwerpseweg 195,2020-12-26,14:00:00,14,8,6,FMN GV 10 Beerse
39,Antwerpseweg 195,2020-12-26,15:00:00,4,3,1,FMN GV 10 Beerse
39,Antwerpseweg 195,2020-12-26,16:00:00,5,2,3,FMN GV 10 Beerse
39,Antwerpseweg 195,2020-12-26,17:00:00,3,2,1,FMN GV 10 Beerse
39,Antwerpseweg 195,2020-12-26,18:00:00,6,4,2,FMN GV 10 Beerse
39,Antwerpseweg 195,2020-12-26,19:00:00,2,2,0,FMN GV 10 Beerse
39,Antwerpseweg 195,2020-12-26,20:00:00,2,1,1,FMN GV 10 Beerse
39,Antwerpseweg 195,2020-12-26,21:00:00,0,0,0,FMN GV 10 Beerse
39,Antwerpseweg 195,2020-12-26,22:00:00,1,1,0,FMN GV 10 Beerse
39,Antwerpseweg 195,2020-12-26,23:00:00,0,0,0,FMN GV 10 Beerse
39,Antwerpseweg 195,2020-12-27,00:00:00,0,0,0,FMN GV 10 Beerse
39,Antwerpseweg 195,2020-12-27,01:00:00,1,0,1,FMN GV 10 Beerse
39,Antwerpseweg 195,2020-12-27,02:00:00,0,0,0,FMN GV 10 Beerse
39,Antwerpseweg 195,2020-12-27,03:00:00,0,0,0,FMN GV 10 Beerse
39,Antwerpseweg 195,2020-12-27,04:00:00,0,0,0,FMN GV 10 Beerse
39,Antwerpseweg 195,2020-12-27,05:00:00,0,0,0,FMN GV 10 Beerse
39,Antwerpseweg 195,2020-12-27,06:00:00,2,2,0,FMN GV 10 Beerse
39,Antwerpseweg 195,2020-12-27,07:00:00,2,0,2,FMN GV 10 Beerse
39,Antwerpseweg 195,2020-12-27,08:00:00,0,0,0,FMN GV 10 Beerse
39,Antwerpseweg 195,2020-12-27,09:00:00,0,0,0,FMN GV 10 Beerse
39,Antwerpseweg 195,2020-12-27,10:00:00,1,0,1,FMN GV 10 Beerse
39,Antwerpseweg 195,2020-12-27,11:00:00,2,1,1,FMN GV 10 Beerse
39,Antwerpseweg 195,2020-12-27,12:00:00,4,3,1,FMN GV 10 Beerse
39,Antwerpseweg 195,2020-12-27,13:00:00,0,0,0,FMN GV 10 Beerse
39,Antwerpseweg 195,2020-12-27,14:00:00,1,1,0,FMN GV 10 Beerse
39,Antwerpseweg 195,2020-12-27,15:00:00,1,1,0,FMN GV 10 Beerse
39,Antwerpseweg 195,2020-12-27,16:00:00,0,0,0,FMN GV 10 Beerse
39,Antwerpseweg 195,2020-12-27,17:00:00,2,2,0,FMN GV 10 Beerse
39,Antwerpseweg 195,2020-12-27,18:00:00,2,2,0,FMN GV 10 Beerse
39,Antwerpseweg 195,2020-12-27,19:00:00,0,0,0,FMN GV 10 Beerse
39,Antwerpseweg 195,2020-12-27,20:00:00,0,0,0,FMN GV 10 Beerse
39,Antwerpseweg 195,2020-12-27,21:00:00,0,0,0,FMN GV 10 Beerse
39,Antwerpseweg 195,2020-12-27,22:00:00,0,0,0,FMN GV 10 Beerse
39,Antwerpseweg 195,2020-12-27,23:00:00,0,0,0,FMN GV 10 Beerse
39,Antwerpseweg 195,2020-12-28,00:00:00,0,0,0,FMN GV 10 Beerse
39,Antwerpseweg 195,2020-12-28,01:00:00,0,0,0,FMN GV 10 Beerse
39,Antwerpseweg 195,2020-12-28,02:00:00,0,0,0,FMN GV 10 Beerse
39,Antwerpseweg 195,2020-12-28,03:00:00,0,0,0,FMN GV 10 Beerse
39,Antwerpseweg 195,2020-12-28,04:00:00,0,0,0,FMN GV 10 Beerse
39,Antwerpseweg 195,2020-12-28,05:00:00,6,6,0,FMN GV 10 Beerse
39,Antwerpseweg 195,2020-12-28,06:00:00,5,4,1,FMN GV 10 Beerse
39,Antwerpseweg 195,2020-12-28,07:00:00,6,4,2,FMN GV 10 Beerse
39,Antwerpseweg 195,2020-12-28,08:00:00,4,3,1,FMN GV 10 Beerse
39,Antwerpseweg 195,2020-12-28,09:00:00,7,6,1,FMN GV 10 Beerse
39,Antwerpseweg 195,2020-12-28,10:00:00,11,8,3,FMN GV 10 Beerse
39,Antwerpseweg 195,2020-12-28,11:00:00,8,4,4,FMN GV 10 Beerse
39,Antwerpseweg 195,2020-12-28,12:00:00,14,7,7,FMN GV 10 Beerse
39,Antwerpseweg 195,2020-12-28,13:00:00,12,7,5,FMN GV 10 Beerse
39,Antwerpseweg 195,2020-12-28,14:00:00,11,10,1,FMN GV 10 Beerse
39,Antwerpseweg 195,2020-12-28,15:00:00,17,9,8,FMN GV 10 Beerse
39,Antwerpseweg 195,2020-12-28,16:00:00,8,3,5,FMN GV 10 Beerse
39,Antwerpseweg 195,2020-12-28,17:00:00,15,12,3,FMN GV 10 Beerse
39,Antwerpseweg 195,2020-12-28,18:00:00,6,5,1,FMN GV 10 Beerse
39,Antwerpseweg 195,2020-12-28,19:00:00,4,2,2,FMN GV 10 Beerse
39,Antwerpseweg 195,2020-12-28,20:00:00,0,0,0,FMN GV 10 Beerse
39,Antwerpseweg 195,2020-12-28,21:00:00,0,0,0,FMN GV 10 Beerse
39,Antwerpseweg 195,2020-12-28,22:00:00,2,2,0,FMN GV 10 Beerse
39,Antwerpseweg 195,2020-12-28,23:00:00,2,2,0,FMN GV 10 Beerse
39,Antwerpseweg 195,2020-12-29,00:00:00,2,2,0,FMN GV 10 Beerse
39,Antwerpseweg 195,2020-12-29,01:00:00,0,0,0,FMN GV 10 Beerse
39,Antwerpseweg 195,2020-12-29,02:00:00,0,0,0,FMN GV 10 Beerse
39,Antwerpseweg 195,2020-12-29,03:00:00,0,0,0,FMN GV 10 Beerse
39,Antwerpseweg 195,2020-12-29,04:00:00,0,0,0,FMN GV 10 Beerse
39,Antwerpseweg 195,2020-12-29,05:00:00,3,3,0,FMN GV 10 Beerse
39,Antwerpseweg 195,2020-12-29,06:00:00,6,6,0,FMN GV 10 Beerse
39,Antwerpseweg 195,2020-12-29,07:00:00,7,4,3,FMN GV 10 Beerse
39,Antwerpseweg 195,2020-12-29,08:00:00,3,2,1,FMN GV 10 Beerse
39,Antwerpseweg 195,2020-12-29,09:00:00,4,2,2,FMN GV 10 Beerse
39,Antwerpseweg 195,2020-12-29,10:00:00,11,5,6,FMN GV 10 Beerse
39,Antwerpseweg 195,2020-12-29,11:00:00,3,1,2,FMN GV 10 Beerse
39,Antwerpseweg 195,2020-12-29,12:00:00,3,2,1,FMN GV 10 Beerse
39,Antwerpseweg 195,2020-12-29,13:00:00,13,9,4,FMN GV 10 Beerse
39,Antwerpseweg 195,2020-12-29,14:00:00,12,9,3,FMN GV 10 Beerse
39,Antwerpseweg 195,2020-12-29,15:00:00,20,15,5,FMN GV 10 Beerse
39,Antwerpseweg 195,2020-12-29,16:00:00,7,5,2,FMN GV 10 Beerse
39,Antwerpseweg 195,2020-12-29,17:00:00,11,11,0,FMN GV 10 Beerse
39,Antwerpseweg 195,2020-12-29,18:00:00,3,2,1,FMN GV 10 Beerse
39,Antwerpseweg 195,2020-12-29,19:00:00,3,3,0,FMN GV 10 Beerse
39,Antwerpseweg 195,2020-12-29,20:00:00,4,3,1,FMN GV 10 Beerse
39,Antwerpseweg 195,2020-12-29,21:00:00,2,1,1,FMN GV 10 Beerse
39,Antwerpseweg 195,2020-12-29,22:00:00,4,4,0,FMN GV 10 Beerse
39,Antwerpseweg 195,2020-12-29,23:00:00,0,0,0,FMN GV 10 Beerse
39,Antwerpseweg 195,2020-12-30,00:00:00,0,0,0,FMN GV 10 Beerse
39,Antwerpseweg 195,2020-12-30,01:00:00,0,0,0,FMN GV 10 Beerse
39,Antwerpseweg 195,2020-12-30,02:00:00,0,0,0,FMN GV 10 Beerse
39,Antwerpseweg 195,2020-12-30,03:00:00,0,0,0,FMN GV 10 Beerse
39,Antwerpseweg 195,2020-12-30,04:00:00,0,0,0,FMN GV 10 Beerse
39,Antwerpseweg 195,2020-12-30,05:00:00,4,4,0,FMN GV 10 Beerse
39,Antwerpseweg 195,2020-12-30,06:00:00,0,0,0,FMN GV 10 Beerse
39,Antwerpseweg 195,2020-12-30,07:00:00,7,5,2,FMN GV 10 Beerse
39,Antwerpseweg 195,2020-12-30,08:00:00,5,4,1,FMN GV 10 Beerse
39,Antwerpseweg 195,2020-12-30,09:00:00,4,2,2,FMN GV 10 Beerse
39,Antwerpseweg 195,2020-12-30,10:00:00,12,5,7,FMN GV 10 Beerse
39,Antwerpseweg 195,2020-12-30,11:00:00,6,5,1,FMN GV 10 Beerse
39,Antwerpseweg 195,2020-12-30,12:00:00,8,6,2,FMN GV 10 Beerse
39,Antwerpseweg 195,2020-12-30,13:00:00,10,7,3,FMN GV 10 Beerse
39,Antwerpseweg 195,2020-12-30,14:00:00,21,16,5,FMN GV 10 Beerse
39,Antwerpseweg 195,2020-12-30,15:00:00,11,8,3,FMN GV 10 Beerse
39,Antwerpseweg 195,2020-12-30,16:00:00,5,3,2,FMN GV 10 Beerse
39,Antwerpseweg 195,2020-12-30,17:00:00,9,6,3,FMN GV 10 Beerse
39,Antwerpseweg 195,2020-12-30,18:00:00,4,4,0,FMN GV 10 Beerse
39,Antwerpseweg 195,2020-12-30,19:00:00,1,1,0,FMN GV 10 Beerse
39,Antwerpseweg 195,2020-12-30,20:00:00,1,1,0,FMN GV 10 Beerse
39,Antwerpseweg 195,2020-12-30,21:00:00,1,1,0,FMN GV 10 Beerse
39,Antwerpseweg 195,2020-12-30,22:00:00,3,3,0,FMN GV 10 Beerse
39,Antwerpseweg 195,2020-12-30,23:00:00,0,0,0,FMN GV 10 Beerse
39,Antwerpseweg 195,2020-12-31,00:00:00,0,0,0,FMN GV 10 Beerse
39,Antwerpseweg 195,2020-12-31,01:00:00,0,0,0,FMN GV 10 Beerse
39,Antwerpseweg 195,2020-12-31,02:00:00,0,0,0,FMN GV 10 Beerse
39,Antwerpseweg 195,2020-12-31,03:00:00,0,0,0,FMN GV 10 Beerse
39,Antwerpseweg 195,2020-12-31,04:00:00,0,0,0,FMN GV 10 Beerse
39,Antwerpseweg 195,2020-12-31,05:00:00,2,2,0,FMN GV 10 Beerse
39,Antwerpseweg 195,2020-12-31,06:00:00,2,2,0,FMN GV 10 Beerse
39,Antwerpseweg 195,2020-12-31,07:00:00,6,5,1,FMN GV 10 Beerse
39,Antwerpseweg 195,2020-12-31,08:00:00,0,0,0,FMN GV 10 Beerse
39,Antwerpseweg 195,2020-12-31,09:00:00,3,2,1,FMN GV 10 Beerse
39,Antwerpseweg 195,2020-12-31,10:00:00,8,7,1,FMN GV 10 Beerse
39,Antwerpseweg 195,2020-12-31,11:00:00,5,2,3,FMN GV 10 Beerse
39,Antwerpseweg 195,2020-12-31,12:00:00,6,3,3,FMN GV 10 Beerse
39,Antwerpseweg 195,2020-12-31,13:00:00,18,13,5,FMN GV 10 Beerse
39,Antwerpseweg 195,2020-12-31,14:00:00,14,11,3,FMN GV 10 Beerse
39,Antwerpseweg 195,2020-12-31,15:00:00,15,9,6,FMN GV 10 Beerse
39,Antwerpseweg 195,2020-12-31,16:00:00,8,4,4,FMN GV 10 Beerse
39,Antwerpseweg 195,2020-12-31,17:00:00,3,1,2,FMN GV 10 Beerse
39,Antwerpseweg 195,2020-12-31,18:00:00,5,4,1,FMN GV 10 Beerse
39,Antwerpseweg 195,2020-12-31,19:00:00,0,0,0,FMN GV 10 Beerse
39,Antwerpseweg 195,2020-12-31,20:00:00,0,0,0,FMN GV 10 Beerse
39,Antwerpseweg 195,2020-12-31,21:00:00,1,1,0,FMN GV 10 Beerse
39,Antwerpseweg 195,2020-12-31,22:00:00,1,1,0,FMN GV 10 Beerse
39,Antwerpseweg 195,2020-12-31,23:00:00,3,2,1,FMN GV 10 Beerse
39,Antwerpseweg 195,2021-01-01,00:00:00,1,1,0,FMN GV 10 Beerse
39,Antwerpseweg 195,2021-01-01,01:00:00,0,0,0,FMN GV 10 Beerse
39,Antwerpseweg 195,2021-01-01,02:00:00,1,0,1,FMN GV 10 Beerse
39,Antwerpseweg 195,2021-01-01,03:00:00,0,0,0,FMN GV 10 Beerse
39,Antwerpseweg 195,2021-01-01,04:00:00,0,0,0,FMN GV 10 Beerse
39,Antwerpseweg 195,2021-01-01,05:00:00,0,0,0,FMN GV 10 Beerse
39,Antwerpseweg 195,2021-01-01,06:00:00,0,0,0,FMN GV 10 Beerse
39,Antwerpseweg 195,2021-01-01,07:00:00,0,0,0,FMN GV 10 Beerse
39,Antwerpseweg 195,2021-01-01,08:00:00,0,0,0,FMN GV 10 Beerse
39,Antwerpseweg 195,2021-01-01,09:00:00,1,0,1,FMN GV 10 Beerse
39,Antwerpseweg 195,2021-01-01,10:00:00,5,4,1,FMN GV 10 Beerse
39,Antwerpseweg 195,2021-01-01,11:00:00,7,3,4,FMN GV 10 Beerse
39,Antwerpseweg 195,2021-01-01,12:00:00,1,1,0,FMN GV 10 Beerse
39,Antwerpseweg 195,2021-01-01,13:00:00,15,9,6,FMN GV 10 Beerse
39,Antwerpseweg 195,2021-01-01,14:00:00,6,2,4,FMN GV 10 Beerse
39,Antwerpseweg 195,2021-01-01,15:00:00,8,6,2,FMN GV 10 Beerse
39,Antwerpseweg 195,2021-01-01,16:00:00,3,2,1,FMN GV 10 Beerse
39,Antwerpseweg 195,2021-01-01,17:00:00,6,4,2,FMN GV 10 Beerse
39,Antwerpseweg 195,2021-01-01,18:00:00,3,1,2,FMN GV 10 Beerse
39,Antwerpseweg 195,2021-01-01,19:00:00,1,1,0,FMN GV 10 Beerse
39,Antwerpseweg 195,2021-01-01,20:00:00,0,0,0,FMN GV 10 Beerse
39,Antwerpseweg 195,2021-01-01,21:00:00,4,1,3,FMN GV 10 Beerse
39,Antwerpseweg 195,2021-01-01,22:00:00,1,0,1,FMN GV 10 Beerse
39,Antwerpseweg 195,2021-01-01,23:00:00,1,1,0,FMN GV 10 Beerse
39,Antwerpseweg 195,2021-01-02,00:00:00,0,0,0,FMN GV 10 Beerse
39,Antwerpseweg 195,2021-01-02,01:00:00,0,0,0,FMN GV 10 Beerse
39,Antwerpseweg 195,2021-01-02,02:00:00,0,0,0,FMN GV 10 Beerse
39,Antwerpseweg 195,2021-01-02,03:00:00,0,0,0,FMN GV 10 Beerse
39,Antwerpseweg 195,2021-01-02,04:00:00,0,0,0,FMN GV 10 Beerse
39,Antwerpseweg 195,2021-01-02,05:00:00,0,0,0,FMN GV 10 Beerse
39,Antwerpseweg 195,2021-01-02,06:00:00,0,0,0,FMN GV 10 Beerse
39,Antwerpseweg 195,2021-01-02,07:00:00,2,0,2,FMN GV 10 Beerse
39,Antwerpseweg 195,2021-01-02,08:00:00,1,0,1,FMN GV 10 Beerse
39,Antwerpseweg 195,2021-01-02,09:00:00,3,1,2,FMN GV 10 Beerse
39,Antwerpseweg 195,2021-01-02,10:00:00,6,4,2,FMN GV 10 Beerse
39,Antwerpseweg 195,2021-01-02,11:00:00,6,3,3,FMN GV 10 Beerse
39,Antwerpseweg 195,2021-01-02,12:00:00,12,5,7,FMN GV 10 Beerse
39,Antwerpseweg 195,2021-01-02,13:00:00,10,8,2,FMN GV 10 Beerse
39,Antwerpseweg 195,2021-01-02,14:00:00,14,9,5,FMN GV 10 Beerse
39,Antwerpseweg 195,2021-01-02,15:00:00,12,10,2,FMN GV 10 Beerse
39,Antwerpseweg 195,2021-01-02,16:00:00,7,3,4,FMN GV 10 Beerse
39,Antwerpseweg 195,2021-01-02,17:00:00,5,3,2,FMN GV 10 Beerse
39,Antwerpseweg 195,2021-01-02,18:00:00,3,1,2,FMN GV 10 Beerse
39,Antwerpseweg 195,2021-01-02,19:00:00,0,0,0,FMN GV 10 Beerse
39,Antwerpseweg 195,2021-01-02,20:00:00,2,1,1,FMN GV 10 Beerse
39,Antwerpseweg 195,2021-01-02,21:00:00,3,3,0,FMN GV 10 Beerse
39,Antwerpseweg 195,2021-01-02,22:00:00,1,1,0,FMN GV 10 Beerse
39,Antwerpseweg 195,2021-01-02,23:00:00,0,0,0,FMN GV 10 Beerse
39,Antwerpseweg 195,2021-01-03,00:00:00,0,0,0,FMN GV 10 Beerse
39,Antwerpseweg 195,2021-01-03,01:00:00,0,0,0,FMN GV 10 Beerse
39,Antwerpseweg 195,2021-01-03,02:00:00,0,0,0,FMN GV 10 Beerse
39,Antwerpseweg 195,2021-01-03,03:00:00,0,0,0,FMN GV 10 Beerse
39,Antwerpseweg 195,2021-01-03,04:00:00,0,0,0,FMN GV 10 Beerse
39,Antwerpseweg 195,2021-01-03,05:00:00,1,1,0,FMN GV 10 Beerse
39,Antwerpseweg 195,2021-01-03,06:00:00,0,0,0,FMN GV 10 Beerse
39,Antwerpseweg 195,2021-01-03,07:00:00,2,0,2,FMN GV 10 Beerse
39,Antwerpseweg 195,2021-01-03,08:00:00,2,2,0,FMN GV 10 Beerse
39,Antwerpseweg 195,2021-01-03,09:00:00,7,5,2,FMN GV 10 Beerse
39,Antwerpseweg 195,2021-01-03,10:00:00,25,20,5,FMN GV 10 Beerse
39,Antwerpseweg 195,2021-01-03,11:00:00,19,13,6,FMN GV 10 Beerse
39,Antwerpseweg 195,2021-01-03,12:00:00,18,12,6,FMN GV 10 Beerse
39,Antwerpseweg 195,2021-01-03,13:00:00,20,12,8,FMN GV 10 Beerse
39,Antwerpseweg 195,2021-01-03,14:00:00,7,4,3,FMN GV 10 Beerse
39,Antwerpseweg 195,2021-01-03,15:00:00,7,5,2,FMN GV 10 Beerse
39,Antwerpseweg 195,2021-01-03,16:00:00,2,2,0,FMN GV 10 Beerse
39,Antwerpseweg 195,2021-01-03,17:00:00,2,1,1,FMN GV 10 Beerse
39,Antwerpseweg 195,2021-01-03,18:00:00,2,1,1,FMN GV 10 Beerse
39,Antwerpseweg 195,2021-01-03,19:00:00,1,1,0,FMN GV 10 Beerse
39,Antwerpseweg 195,2021-01-03,20:00:00,2,2,0,FMN GV 10 Beerse
39,Antwerpseweg 195,2021-01-03,21:00:00,2,1,1,FMN GV 10 Beerse
39,Antwerpseweg 195,2021-01-03,22:00:00,0,0,0,FMN GV 10 Beerse
39,Antwerpseweg 195,2021-01-03,23:00:00,0,0,0,FMN GV 10 Beerse
39,Antwerpseweg 195,2021-01-04,00:00:00,0,0,0,FMN GV 10 Beerse
39,Antwerpseweg 195,2021-01-04,01:00:00,0,0,0,FMN GV 10 Beerse
39,Antwerpseweg 195,2021-01-04,02:00:00,0,0,0,FMN GV 10 Beerse
39,Antwerpseweg 195,2021-01-04,03:00:00,0,0,0,FMN GV 10 Beerse
39,Antwerpseweg 195,2021-01-04,04:00:00,0,0,0,FMN GV 10 Beerse
39,Antwerpseweg 195,2021-01-04,05:00:00,4,3,1,FMN GV 10 Beerse
39,Antwerpseweg 195,2021-01-04,06:00:00,6,6,0,FMN GV 10 Beerse
39,Antwerpseweg 195,2021-01-04,07:00:00,26,22,4,FMN GV 10 Beerse
39,Antwerpseweg 195,2021-01-04,08:00:00,18,15,3,FMN GV 10 Beerse
39,Antwerpseweg 195,2021-01-04,09:00:00,4,4,0,FMN GV 10 Beerse
39,Antwerpseweg 195,2021-01-04,10:00:00,6,3,3,FMN GV 10 Beerse
39,Antwerpseweg 195,2021-01-04,11:00:00,3,3,0,FMN GV 10 Beerse
39,Antwerpseweg 195,2021-01-04,12:00:00,3,2,1,FMN GV 10 Beerse
39,Antwerpseweg 195,2021-01-04,13:00:00,14,12,2,FMN GV 10 Beerse
39,Antwerpseweg 195,2021-01-04,14:00:00,8,8,0,FMN GV 10 Beerse
39,Antwerpseweg 195,2021-01-04,15:00:00,16,10,6,FMN GV 10 Beerse
39,Antwerpseweg 195,2021-01-04,16:00:00,26,19,7,FMN GV 10 Beerse
39,Antwerpseweg 195,2021-01-04,17:00:00,17,12,5,FMN GV 10 Beerse
39,Antwerpseweg 195,2021-01-04,18:00:00,2,1,1,FMN GV 10 Beerse
39,Antwerpseweg 195,2021-01-04,19:00:00,2,1,1,FMN GV 10 Beerse
39,Antwerpseweg 195,2021-01-04,20:00:00,3,2,1,FMN GV 10 Beerse
39,Antwerpseweg 195,2021-01-04,21:00:00,2,2,0,FMN GV 10 Beerse
39,Antwerpseweg 195,2021-01-04,22:00:00,4,3,1,FMN GV 10 Beerse
39,Antwerpseweg 195,2021-01-04,23:00:00,0,0,0,FMN GV 10 Beerse
39,Antwerpseweg 195,2021-01-05,00:00:00,0,0,0,FMN GV 10 Beerse
39,Antwerpseweg 195,2021-01-05,01:00:00,0,0,0,FMN GV 10 Beerse
39,Antwerpseweg 195,2021-01-05,02:00:00,0,0,0,FMN GV 10 Beerse
39,Antwerpseweg 195,2021-01-05,03:00:00,0,0,0,FMN GV 10 Beerse
39,Antwerpseweg 195,2021-01-05,04:00:00,0,0,0,FMN GV 10 Beerse
39,Antwerpseweg 195,2021-01-05,05:00:00,4,4,0,FMN GV 10 Beerse
39,Antwerpseweg 195,2021-01-05,06:00:00,10,9,1,FMN GV 10 Beerse
39,Antwerpseweg 195,2021-01-05,07:00:00,34,28,6,FMN GV 10 Beerse
39,Antwerpseweg 195,2021-01-05,08:00:00,14,11,3,FMN GV 10 Beerse
39,Antwerpseweg 195,2021-01-05,09:00:00,6,4,2,FMN GV 10 Beerse
39,Antwerpseweg 195,2021-01-05,10:00:00,2,2,0,FMN GV 10 Beerse
39,Antwerpseweg 195,2021-01-05,11:00:00,8,6,2,FMN GV 10 Beerse
39,Antwerpseweg 195,2021-01-05,12:00:00,11,8,3,FMN GV 10 Beerse
39,Antwerpseweg 195,2021-01-05,13:00:00,22,16,6,FMN GV 10 Beerse
39,Antwerpseweg 195,2021-01-05,14:00:00,19,15,4,FMN GV 10 Beerse
39,Antwerpseweg 195,2021-01-05,15:00:00,11,6,5,FMN GV 10 Beerse
39,Antwerpseweg 195,2021-01-05,16:00:00,32,22,10,FMN GV 10 Beerse
39,Antwerpseweg 195,2021-01-05,17:00:00,30,22,8,FMN GV 10 Beerse
39,Antwerpseweg 195,2021-01-05,18:00:00,6,4,2,FMN GV 10 Beerse
39,Antwerpseweg 195,2021-01-05,19:00:00,2,2,0,FMN GV 10 Beerse
39,Antwerpseweg 195,2021-01-05,20:00:00,2,1,1,FMN GV 10 Beerse
39,Antwerpseweg 195,2021-01-05,21:00:00,2,2,0,FMN GV 10 Beerse
39,Antwerpseweg 195,2021-01-05,22:00:00,4,4,0,FMN GV 10 Beerse
39,Antwerpseweg 195,2021-01-05,23:00:00,1,1,0,FMN GV 10 Beerse
39,Antwerpseweg 195,2021-01-06,00:00:00,0,0,0,FMN GV 10 Beerse
39,Antwerpseweg 195,2021-01-06,01:00:00,0,0,0,FMN GV 10 Beerse
39,Antwerpseweg 195,2021-01-06,02:00:00,0,0,0,FMN GV 10 Beerse
39,Antwerpseweg 195,2021-01-06,03:00:00,1,1,0,FMN GV 10 Beerse
39,Antwerpseweg 195,2021-01-06,04:00:00,0,0,0,FMN GV 10 Beerse
39,Antwerpseweg 195,2021-01-06,05:00:00,9,8,1,FMN GV 10 Beerse
39,Antwerpseweg 195,2021-01-06,06:00:00,8,7,1,FMN GV 10 Beerse
39,Antwerpseweg 195,2021-01-06,07:00:00,28,25,3,FMN GV 10 Beerse
39,Antwerpseweg 195,2021-01-06,08:00:00,10,8,2,FMN GV 10 Beerse
39,Antwerpseweg 195,2021-01-06,09:00:00,2,2,0,FMN GV 10 Beerse
39,Antwerpseweg 195,2021-01-06,10:00:00,3,3,0,FMN GV 10 Beerse
39,Antwerpseweg 195,2021-01-06,11:00:00,2,0,2,FMN GV 10 Beerse
39,Antwerpseweg 195,2021-01-06,12:00:00,23,16,7,FMN GV 10 Beerse
39,Antwerpseweg 195,2021-01-06,13:00:00,20,16,4,FMN GV 10 Beerse
39,Antwerpseweg 195,2021-01-06,14:00:00,27,21,6,FMN GV 10 Beerse
39,Antwerpseweg 195,2021-01-06,15:00:00,15,9,6,FMN GV 10 Beerse
39,Antwerpseweg 195,2021-01-06,16:00:00,18,12,6,FMN GV 10 Beerse
39,Antwerpseweg 195,2021-01-06,17:00:00,21,14,7,FMN GV 10 Beerse
39,Antwerpseweg 195,2021-01-06,18:00:00,11,9,2,FMN GV 10 Beerse
39,Antwerpseweg 195,2021-01-06,19:00:00,1,1,0,FMN GV 10 Beerse
39,Antwerpseweg 195,2021-01-06,20:00:00,2,2,0,FMN GV 10 Beerse
39,Antwerpseweg 195,2021-01-06,21:00:00,1,1,0,FMN GV 10 Beerse
39,Antwerpseweg 195,2021-01-06,22:00:00,3,2,1,FMN GV 10 Beerse
39,Antwerpseweg 195,2021-01-06,23:00:00,0,0,0,FMN GV 10 Beerse
39,Antwerpseweg 195,2021-01-07,00:00:00,0,0,0,FMN GV 10 Beerse
39,Antwerpseweg 195,2021-01-07,01:00:00,0,0,0,FMN GV 10 Beerse
39,Antwerpseweg 195,2021-01-07,02:00:00,0,0,0,FMN GV 10 Beerse
39,Antwerpseweg 195,2021-01-07,03:00:00,0,0,0,FMN GV 10 Beerse
39,Antwerpseweg 195,2021-01-07,04:00:00,1,1,0,FMN GV 10 Beerse
39,Antwerpseweg 195,2021-01-07,05:00:00,6,6,0,FMN GV 10 Beerse
39,Antwerpseweg 195,2021-01-07,06:00:00,5,5,0,FMN GV 10 Beerse
39,Antwerpseweg 195,2021-01-07,07:00:00,18,15,3,FMN GV 10 Beerse
39,Antwerpseweg 195,2021-01-07,08:00:00,8,7,1,FMN GV 10 Beerse
39,Antwerpseweg 195,2021-01-07,09:00:00,5,4,1,FMN GV 10 Beerse
39,Antwerpseweg 195,2021-01-07,10:00:00,0,0,0,FMN GV 10 Beerse
39,Antwerpseweg 195,2021-01-07,11:00:00,1,1,0,FMN GV 10 Beerse
39,Antwerpseweg 195,2021-01-07,12:00:00,5,5,0,FMN GV 10 Beerse
39,Antwerpseweg 195,2021-01-07,13:00:00,7,5,2,FMN GV 10 Beerse
39,Antwerpseweg 195,2021-01-07,14:00:00,11,7,4,FMN GV 10 Beerse
39,Antwerpseweg 195,2021-01-07,15:00:00,15,11,4,FMN GV 10 Beerse
39,Antwerpseweg 195,2021-01-07,16:00:00,22,15,7,FMN GV 10 Beerse
39,Antwerpseweg 195,2021-01-07,17:00:00,16,6,10,FMN GV 10 Beerse
39,Antwerpseweg 195,2021-01-07,18:00:00,6,5,1,FMN GV 10 Beerse
39,Antwerpseweg 195,2021-01-07,19:00:00,4,2,2,FMN GV 10 Beerse
39,Antwerpseweg 195,2021-01-07,20:00:00,2,2,0,FMN GV 10 Beerse
39,Antwerpseweg 195,2021-01-07,21:00:00,3,3,0,FMN GV 10 Beerse
39,Antwerpseweg 195,2021-01-07,22:00:00,5,3,2,FMN GV 10 Beerse
39,Antwerpseweg 195,2021-01-07,23:00:00,0,0,0,FMN GV 10 Beerse
39,Antwerpseweg 195,2021-01-08,00:00:00,0,0,0,FMN GV 10 Beerse
39,Antwerpseweg 195,2021-01-08,01:00:00,0,0,0,FMN GV 10 Beerse
39,Antwerpseweg 195,2021-01-08,02:00:00,0,0,0,FMN GV 10 Beerse
39,Antwerpseweg 195,2021-01-08,03:00:00,0,0,0,FMN GV 10 Beerse
39,Antwerpseweg 195,2021-01-08,04:00:00,1,1,0,FMN GV 10 Beerse
39,Antwerpseweg 195,2021-01-08,05:00:00,6,5,1,FMN GV 10 Beerse
39,Antwerpseweg 195,2021-01-08,06:00:00,8,8,0,FMN GV 10 Beerse
39,Antwerpseweg 195,2021-01-08,07:00:00,23,20,3,FMN GV 10 Beerse
39,Antwerpseweg 195,2021-01-08,08:00:00,9,7,2,FMN GV 10 Beerse
39,Antwerpseweg 195,2021-01-08,09:00:00,5,4,1,FMN GV 10 Beerse
39,Antwerpseweg 195,2021-01-08,10:00:00,2,2,0,FMN GV 10 Beerse
39,Antwerpseweg 195,2021-01-08,11:00:00,9,9,0,FMN GV 10 Beerse
39,Antwerpseweg 195,2021-01-08,12:00:00,8,5,3,FMN GV 10 Beerse
39,Antwerpseweg 195,2021-01-08,13:00:00,9,6,3,FMN GV 10 Beerse
39,Antwerpseweg 195,2021-01-08,14:00:00,6,4,2,FMN GV 10 Beerse
39,Antwerpseweg 195,2021-01-08,15:00:00,16,12,4,FMN GV 10 Beerse
39,Antwerpseweg 195,2021-01-08,16:00:00,23,16,7,FMN GV 10 Beerse
39,Antwerpseweg 195,2021-01-08,17:00:00,17,13,4,FMN GV 10 Beerse
39,Antwerpseweg 195,2021-01-08,18:00:00,7,5,2,FMN GV 10 Beerse
39,Antwerpseweg 195,2021-01-08,19:00:00,1,0,1,FMN GV 10 Beerse
39,Antwerpseweg 195,2021-01-08,20:00:00,2,2,0,FMN GV 10 Beerse
39,Antwerpseweg 195,2021-01-08,21:00:00,2,2,0,FMN GV 10 Beerse
39,Antwerpseweg 195,2021-01-08,22:00:00,1,1,0,FMN GV 10 Beerse
39,Antwerpseweg 195,2021-01-08,23:00:00,0,0,0,FMN GV 10 Beerse
39,Antwerpseweg 195,2021-01-09,00:00:00,0,0,0,FMN GV 10 Beerse
39,Antwerpseweg 195,2021-01-09,01:00:00,0,0,0,FMN GV 10 Beerse
39,Antwerpseweg 195,2021-01-09,02:00:00,0,0,0,FMN GV 10 Beerse
39,Antwerpseweg 195,2021-01-09,03:00:00,0,0,0,FMN GV 10 Beerse
39,Antwerpseweg 195,2021-01-09,04:00:00,0,0,0,FMN GV 10 Beerse
39,Antwerpseweg 195,2021-01-09,05:00:00,2,2,0,FMN GV 10 Beerse
39,Antwerpseweg 195,2021-01-09,06:00:00,0,0,0,FMN GV 10 Beerse
39,Antwerpseweg 195,2021-01-09,07:00:00,1,1,0,FMN GV 10 Beerse
39,Antwerpseweg 195,2021-01-09,08:00:00,1,0,1,FMN GV 10 Beerse
39,Antwerpseweg 195,2021-01-09,09:00:00,4,2,2,FMN GV 10 Beerse
39,Antwerpseweg 195,2021-01-09,10:00:00,1,1,0,FMN GV 10 Beerse
39,Antwerpseweg 195,2021-01-09,11:00:00,5,3,2,FMN GV 10 Beerse
39,Antwerpseweg 195,2021-01-09,12:00:00,8,6,2,FMN GV 10 Beerse
39,Antwerpseweg 195,2021-01-09,13:00:00,27,20,7,FMN GV 10 Beerse
39,Antwerpseweg 195,2021-01-09,14:00:00,19,14,5,FMN GV 10 Beerse
39,Antwerpseweg 195,2021-01-09,15:00:00,10,4,6,FMN GV 10 Beerse
39,Antwerpseweg 195,2021-01-09,16:00:00,12,5,7,FMN GV 10 Beerse
39,Antwerpseweg 195,2021-01-09,17:00:00,10,8,2,FMN GV 10 Beerse
39,Antwerpseweg 195,2021-01-09,18:00:00,3,1,2,FMN GV 10 Beerse
39,Antwerpseweg 195,2021-01-09,19:00:00,1,1,0,FMN GV 10 Beerse
39,Antwerpseweg 195,2021-01-09,20:00:00,1,1,0,FMN GV 10 Beerse
39,Antwerpseweg 195,2021-01-09,21:00:00,2,2,0,FMN GV 10 Beerse
39,Antwerpseweg 195,2021-01-09,22:00:00,0,0,0,FMN GV 10 Beerse
39,Antwerpseweg 195,2021-01-09,23:00:00,0,0,0,FMN GV 10 Beerse
39,Antwerpseweg 195,2021-01-10,00:00:00,0,0,0,FMN GV 10 Beerse
39,Antwerpseweg 195,2021-01-10,01:00:00,0,0,0,FMN GV 10 Beerse
39,Antwerpseweg 195,2021-01-10,02:00:00,0,0,0,FMN GV 10 Beerse
39,Antwerpseweg 195,2021-01-10,03:00:00,0,0,0,FMN GV 10 Beerse
39,Antwerpseweg 195,2021-01-10,04:00:00,0,0,0,FMN GV 10 Beerse
39,Antwerpseweg 195,2021-01-10,05:00:00,0,0,0,FMN GV 10 Beerse
39,Antwerpseweg 195,2021-01-10,06:00:00,0,0,0,FMN GV 10 Beerse
39,Antwerpseweg 195,2021-01-10,07:00:00,1,1,0,FMN GV 10 Beerse
39,Antwerpseweg 195,2021-01-10,08:00:00,0,0,0,FMN GV 10 Beerse
39,Antwerpseweg 195,2021-01-10,09:00:00,4,3,1,FMN GV 10 Beerse
39,Antwerpseweg 195,2021-01-10,10:00:00,5,1,4,FMN GV 10 Beerse
39,Antwerpseweg 195,2021-01-10,11:00:00,4,2,2,FMN GV 10 Beerse
39,Antwerpseweg 195,2021-01-10,12:00:00,8,6,2,FMN GV 10 Beerse
39,Antwerpseweg 195,2021-01-10,13:00:00,14,7,7,FMN GV 10 Beerse
39,Antwerpseweg 195,2021-01-10,14:00:00,20,14,6,FMN GV 10 Beerse
39,Antwerpseweg 195,2021-01-10,15:00:00,12,4,8,FMN GV 10 Beerse
39,Antwerpseweg 195,2021-01-10,16:00:00,12,10,2,FMN GV 10 Beerse
39,Antwerpseweg 195,2021-01-10,17:00:00,2,1,1,FMN GV 10 Beerse
39,Antwerpseweg 195,2021-01-10,18:00:00,4,3,1,FMN GV 10 Beerse
39,Antwerpseweg 195,2021-01-10,19:00:00,0,0,0,FMN GV 10 Beerse
39,Antwerpseweg 195,2021-01-10,20:00:00,1,0,1,FMN GV 10 Beerse
39,Antwerpseweg 195,2021-01-10,21:00:00,4,2,2,FMN GV 10 Beerse
39,Antwerpseweg 195,2021-01-10,22:00:00,1,1,0,FMN GV 10 Beerse
39,Antwerpseweg 195,2021-01-10,23:00:00,0,0,0,FMN GV 10 Beerse
39,Antwerpseweg 195,2021-01-11,00:00:00,0,0,0,FMN GV 10 Beerse
39,Antwerpseweg 195,2021-01-11,01:00:00,0,0,0,FMN GV 10 Beerse
39,Antwerpseweg 195,2021-01-11,02:00:00,0,0,0,FMN GV 10 Beerse
39,Antwerpseweg 195,2021-01-11,03:00:00,0,0,0,FMN GV 10 Beerse
39,Antwerpseweg 195,2021-01-11,04:00:00,1,1,0,FMN GV 10 Beerse
39,Antwerpseweg 195,2021-01-11,05:00:00,8,7,1,FMN GV 10 Beerse
39,Antwerpseweg 195,2021-01-11,06:00:00,13,12,1,FMN GV 10 Beerse
39,Antwerpseweg 195,2021-01-11,07:00:00,29,26,3,FMN GV 10 Beerse
39,Antwerpseweg 195,2021-01-11,08:00:00,16,11,5,FMN GV 10 Beerse
39,Antwerpseweg 195,2021-01-11,09:00:00,2,1,1,FMN GV 10 Beerse
39,Antwerpseweg 195,2021-01-11,10:00:00,9,6,3,FMN GV 10 Beerse
39,Antwerpseweg 195,2021-01-11,11:00:00,11,7,4,FMN GV 10 Beerse
39,Antwerpseweg 195,2021-01-11,12:00:00,11,7,4,FMN GV 10 Beerse
39,Antwerpseweg 195,2021-01-11,13:00:00,14,8,6,FMN GV 10 Beerse
39,Antwerpseweg 195,2021-01-11,14:00:00,11,3,8,FMN GV 10 Beerse
39,Antwerpseweg 195,2021-01-11,15:00:00,15,9,6,FMN GV 10 Beerse
39,Antwerpseweg 195,2021-01-11,16:00:00,32,19,13,FMN GV 10 Beerse
39,Antwerpseweg 195,2021-01-11,17:00:00,25,18,7,FMN GV 10 Beerse
39,Antwerpseweg 195,2021-01-11,18:00:00,13,13,0,FMN GV 10 Beerse
39,Antwerpseweg 195,2021-01-11,19:00:00,3,2,1,FMN GV 10 Beerse
39,Antwerpseweg 195,2021-01-11,20:00:00,0,0,0,FMN GV 10 Beerse
39,Antwerpseweg 195,2021-01-11,21:00:00,2,2,0,FMN GV 10 Beerse
39,Antwerpseweg 195,2021-01-11,22:00:00,2,2,0,FMN GV 10 Beerse
39,Antwerpseweg 195,2021-01-11,23:00:00,1,1,0,FMN GV 10 Beerse
39,Antwerpseweg 195,2021-01-12,00:00:00,0,0,0,FMN GV 10 Beerse
39,Antwerpseweg 195,2021-01-12,01:00:00,0,0,0,FMN GV 10 Beerse
39,Antwerpseweg 195,2021-01-12,02:00:00,0,0,0,FMN GV 10 Beerse
39,Antwerpseweg 195,2021-01-12,03:00:00,0,0,0,FMN GV 10 Beerse
39,Antwerpseweg 195,2021-01-12,04:00:00,0,0,0,FMN GV 10 Beerse
39,Antwerpseweg 195,2021-01-12,05:00:00,7,7,0,FMN GV 10 Beerse
39,Antwerpseweg 195,2021-01-12,06:00:00,9,8,1,FMN GV 10 Beerse
39,Antwerpseweg 195,2021-01-12,07:00:00,13,10,3,FMN GV 10 Beerse
39,Antwerpseweg 195,2021-01-12,08:00:00,6,5,1,FMN GV 10 Beerse
39,Antwerpseweg 195,2021-01-12,09:00:00,1,0,1,FMN GV 10 Beerse
39,Antwerpseweg 195,2021-01-12,10:00:00,4,3,1,FMN GV 10 Beerse
39,Antwerpseweg 195,2021-01-12,11:00:00,5,4,1,FMN GV 10 Beerse
39,Antwerpseweg 195,2021-01-12,12:00:00,11,9,2,FMN GV 10 Beerse
39,Antwerpseweg 195,2021-01-12,13:00:00,18,9,9,FMN GV 10 Beerse
39,Antwerpseweg 195,2021-01-12,14:00:00,9,7,2,FMN GV 10 Beerse
39,Antwerpseweg 195,2021-01-12,15:00:00,21,13,8,FMN GV 10 Beerse
39,Antwerpseweg 195,2021-01-12,16:00:00,15,10,5,FMN GV 10 Beerse
39,Antwerpseweg 195,2021-01-12,17:00:00,15,8,7,FMN GV 10 Beerse
39,Antwerpseweg 195,2021-01-12,18:00:00,5,3,2,FMN GV 10 Beerse
39,Antwerpseweg 195,2021-01-12,19:00:00,2,2,0,FMN GV 10 Beerse
39,Antwerpseweg 195,2021-01-12,20:00:00,3,2,1,FMN GV 10 Beerse
39,Antwerpseweg 195,2021-01-12,21:00:00,4,4,0,FMN GV 10 Beerse
39,Antwerpseweg 195,2021-01-12,22:00:00,2,2,0,FMN GV 10 Beerse
39,Antwerpseweg 195,2021-01-12,23:00:00,1,0,1,FMN GV 10 Beerse
39,Antwerpseweg 195,2021-01-13,00:00:00,0,0,0,FMN GV 10 Beerse
39,Antwerpseweg 195,2021-01-13,01:00:00,0,0,0,FMN GV 10 Beerse
39,Antwerpseweg 195,2021-01-13,02:00:00,2,2,0,FMN GV 10 Beerse
39,Antwerpseweg 195,2021-01-13,03:00:00,0,0,0,FMN GV 10 Beerse
39,Antwerpseweg 195,2021-01-13,04:00:00,2,2,0,FMN GV 10 Beerse
39,Antwerpseweg 195,2021-01-13,05:00:00,11,10,1,FMN GV 10 Beerse
39,Antwerpseweg 195,2021-01-13,06:00:00,10,8,2,FMN GV 10 Beerse
39,Antwerpseweg 195,2021-01-13,07:00:00,28,24,4,FMN GV 10 Beerse
39,Antwerpseweg 195,2021-01-13,08:00:00,10,9,1,FMN GV 10 Beerse
39,Antwerpseweg 195,2021-01-13,09:00:00,9,4,5,FMN GV 10 Beerse
39,Antwerpseweg 195,2021-01-13,10:00:00,6,6,0,FMN GV 10 Beerse
39,Antwerpseweg 195,2021-01-13,11:00:00,5,4,1,FMN GV 10 Beerse
39,Antwerpseweg 195,2021-01-13,12:00:00,23,15,8,FMN GV 10 Beerse
39,Antwerpseweg 195,2021-01-13,13:00:00,24,19,5,FMN GV 10 Beerse
39,Antwerpseweg 195,2021-01-13,14:00:00,12,5,7,FMN GV 10 Beerse
39,Antwerpseweg 195,2021-01-13,15:00:00,22,11,11,FMN GV 10 Beerse
39,Antwerpseweg 195,2021-01-13,16:00:00,22,15,7,FMN GV 10 Beerse
39,Antwerpseweg 195,2021-01-13,17:00:00,17,12,5,FMN GV 10 Beerse
39,Antwerpseweg 195,2021-01-13,18:00:00,9,7,2,FMN GV 10 Beerse
39,Antwerpseweg 195,2021-01-13,19:00:00,2,2,0,FMN GV 10 Beerse
39,Antwerpseweg 195,2021-01-13,20:00:00,13,6,7,FMN GV 10 Beerse
39,Antwerpseweg 195,2021-01-13,21:00:00,2,2,0,FMN GV 10 Beerse
39,Antwerpseweg 195,2021-01-13,22:00:00,3,3,0,FMN GV 10 Beerse
39,Antwerpseweg 195,2021-01-13,23:00:00,0,0,0,FMN GV 10 Beerse
39,Antwerpseweg 195,2021-01-14,00:00:00,0,0,0,FMN GV 10 Beerse
39,Antwerpseweg 195,2021-01-14,01:00:00,0,0,0,FMN GV 10 Beerse
39,Antwerpseweg 195,2021-01-14,02:00:00,0,0,0,FMN GV 10 Beerse
39,Antwerpseweg 195,2021-01-14,03:00:00,0,0,0,FMN GV 10 Beerse
39,Antwerpseweg 195,2021-01-14,04:00:00,0,0,0,FMN GV 10 Beerse
39,Antwerpseweg 195,2021-01-14,05:00:00,8,8,0,FMN GV 10 Beerse
39,Antwerpseweg 195,2021-01-14,06:00:00,6,5,1,FMN GV 10 Beerse
39,Antwerpseweg 195,2021-01-14,07:00:00,21,18,3,FMN GV 10 Beerse
39,Antwerpseweg 195,2021-01-14,08:00:00,13,10,3,FMN GV 10 Beerse
39,Antwerpseweg 195,2021-01-14,09:00:00,3,2,1,FMN GV 10 Beerse
39,Antwerpseweg 195,2021-01-14,10:00:00,1,1,0,FMN GV 10 Beerse
39,Antwerpseweg 195,2021-01-14,11:00:00,9,7,2,FMN GV 10 Beerse
39,Antwerpseweg 195,2021-01-14,12:00:00,8,7,1,FMN GV 10 Beerse
39,Antwerpseweg 195,2021-01-14,13:00:00,13,8,5,FMN GV 10 Beerse
39,Antwerpseweg 195,2021-01-14,14:00:00,15,9,6,FMN GV 10 Beerse
39,Antwerpseweg 195,2021-01-14,15:00:00,18,15,3,FMN GV 10 Beerse
39,Antwerpseweg 195,2021-01-14,16:00:00,35,27,8,FMN GV 10 Beerse
39,Antwerpseweg 195,2021-01-14,17:00:00,13,9,4,FMN GV 10 Beerse
39,Antwerpseweg 195,2021-01-14,18:00:00,7,5,2,FMN GV 10 Beerse
39,Antwerpseweg 195,2021-01-14,19:00:00,2,2,0,FMN GV 10 Beerse
39,Antwerpseweg 195,2021-01-14,20:00:00,3,2,1,FMN GV 10 Beerse
39,Antwerpseweg 195,2021-01-14,21:00:00,4,4,0,FMN GV 10 Beerse
39,Antwerpseweg 195,2021-01-14,22:00:00,2,2,0,FMN GV 10 Beerse
39,Antwerpseweg 195,2021-01-14,23:00:00,0,0,0,FMN GV 10 Beerse
39,Antwerpseweg 195,2021-01-15,00:00:00,0,0,0,FMN GV 10 Beerse
39,Antwerpseweg 195,2021-01-15,01:00:00,0,0,0,FMN GV 10 Beerse
39,Antwerpseweg 195,2021-01-15,02:00:00,0,0,0,FMN GV 10 Beerse
39,Antwerpseweg 195,2021-01-15,03:00:00,0,0,0,FMN GV 10 Beerse
39,Antwerpseweg 195,2021-01-15,04:00:00,0,0,0,FMN GV 10 Beerse
39,Antwerpseweg 195,2021-01-15,05:00:00,7,7,0,FMN GV 10 Beerse
39,Antwerpseweg 195,2021-01-15,06:00:00,3,2,1,FMN GV 10 Beerse
39,Antwerpseweg 195,2021-01-15,07:00:00,22,17,5,FMN GV 10 Beerse
39,Antwerpseweg 195,2021-01-15,08:00:00,9,7,2,FMN GV 10 Beerse
39,Antwerpseweg 195,2021-01-15,09:00:00,4,4,0,FMN GV 10 Beerse
39,Antwerpseweg 195,2021-01-15,10:00:00,8,5,3,FMN GV 10 Beerse
39,Antwerpseweg 195,2021-01-15,11:00:00,11,7,4,FMN GV 10 Beerse
39,Antwerpseweg 195,2021-01-15,12:00:00,6,5,1,FMN GV 10 Beerse
39,Antwerpseweg 195,2021-01-15,13:00:00,13,8,5,FMN GV 10 Beerse
39,Antwerpseweg 195,2021-01-15,14:00:00,7,7,0,FMN GV 10 Beerse
39,Antwerpseweg 195,2021-01-15,15:00:00,15,12,3,FMN GV 10 Beerse
39,Antwerpseweg 195,2021-01-15,16:00:00,33,23,10,FMN GV 10 Beerse
39,Antwerpseweg 195,2021-01-15,17:00:00,8,5,3,FMN GV 10 Beerse
39,Antwerpseweg 195,2021-01-15,18:00:00,5,3,2,FMN GV 10 Beerse
39,Antwerpseweg 195,2021-01-15,19:00:00,4,2,2,FMN GV 10 Beerse
39,Antwerpseweg 195,2021-01-15,20:00:00,4,3,1,FMN GV 10 Beerse
39,Antwerpseweg 195,2021-01-15,21:00:00,1,1,0,FMN GV 10 Beerse
39,Antwerpseweg 195,2021-01-15,22:00:00,5,5,0,FMN GV 10 Beerse
39,Antwerpseweg 195,2021-01-15,23:00:00,1,1,0,FMN GV 10 Beerse
39,Antwerpseweg 195,2021-01-16,00:00:00,0,0,0,FMN GV 10 Beerse
39,Antwerpseweg 195,2021-01-16,01:00:00,0,0,0,FMN GV 10 Beerse
39,Antwerpseweg 195,2021-01-16,02:00:00,0,0,0,FMN GV 10 Beerse
39,Antwerpseweg 195,2021-01-16,03:00:00,0,0,0,FMN GV 10 Beerse
39,Antwerpseweg 195,2021-01-16,04:00:00,1,1,0,FMN GV 10 Beerse
39,Antwerpseweg 195,2021-01-16,05:00:00,3,3,0,FMN GV 10 Beerse
39,Antwerpseweg 195,2021-01-16,06:00:00,1,0,1,FMN GV 10 Beerse
39,Antwerpseweg 195,2021-01-16,07:00:00,2,2,0,FMN GV 10 Beerse
39,Antwerpseweg 195,2021-01-16,08:00:00,1,0,1,FMN GV 10 Beerse
39,Antwerpseweg 195,2021-01-16,09:00:00,1,0,1,FMN GV 10 Beerse
39,Antwerpseweg 195,2021-01-16,10:00:00,3,3,0,FMN GV 10 Beerse
39,Antwerpseweg 195,2021-01-16,11:00:00,7,2,5,FMN GV 10 Beerse
39,Antwerpseweg 195,2021-01-16,12:00:00,9,4,5,FMN GV 10 Beerse
39,Antwerpseweg 195,2021-01-16,13:00:00,8,4,4,FMN GV 10 Beerse
39,Antwerpseweg 195,2021-01-16,14:00:00,7,3,4,FMN GV 10 Beerse
39,Antwerpseweg 195,2021-01-16,15:00:00,3,3,0,FMN GV 10 Beerse
39,Antwerpseweg 195,2021-01-16,16:00:00,4,2,2,FMN GV 10 Beerse
39,Antwerpseweg 195,2021-01-16,17:00:00,2,2,0,FMN GV 10 Beerse
39,Antwerpseweg 195,2021-01-16,18:00:00,4,2,2,FMN GV 10 Beerse
39,Antwerpseweg 195,2021-01-16,19:00:00,4,3,1,FMN GV 10 Beerse
39,Antwerpseweg 195,2021-01-16,20:00:00,0,0,0,FMN GV 10 Beerse
39,Antwerpseweg 195,2021-01-16,21:00:00,0,0,0,FMN GV 10 Beerse
39,Antwerpseweg 195,2021-01-16,22:00:00,1,1,0,FMN GV 10 Beerse
39,Antwerpseweg 195,2021-01-16,23:00:00,3,2,1,FMN GV 10 Beerse
39,Antwerpseweg 195,2021-01-17,00:00:00,0,0,0,FMN GV 10 Beerse
39,Antwerpseweg 195,2021-01-17,01:00:00,0,0,0,FMN GV 10 Beerse
39,Antwerpseweg 195,2021-01-17,02:00:00,0,0,0,FMN GV 10 Beerse
39,Antwerpseweg 195,2021-01-17,03:00:00,0,0,0,FMN GV 10 Beerse
39,Antwerpseweg 195,2021-01-17,04:00:00,0,0,0,FMN GV 10 Beerse
39,Antwerpseweg 195,2021-01-17,05:00:00,0,0,0,FMN GV 10 Beerse
39,Antwerpseweg 195,2021-01-17,06:00:00,0,0,0,FMN GV 10 Beerse
39,Antwerpseweg 195,2021-01-17,07:00:00,2,0,2,FMN GV 10 Beerse
39,Antwerpseweg 195,2021-01-17,08:00:00,2,1,1,FMN GV 10 Beerse
39,Antwerpseweg 195,2021-01-17,09:00:00,5,4,1,FMN GV 10 Beerse
39,Antwerpseweg 195,2021-01-17,10:00:00,4,3,1,FMN GV 10 Beerse
39,Antwerpseweg 195,2021-01-17,11:00:00,7,4,3,FMN GV 10 Beerse
39,Antwerpseweg 195,2021-01-17,12:00:00,6,4,2,FMN GV 10 Beerse
39,Antwerpseweg 195,2021-01-17,13:00:00,6,3,3,FMN GV 10 Beerse
39,Antwerpseweg 195,2021-01-17,14:00:00,5,2,3,FMN GV 10 Beerse
39,Antwerpseweg 195,2021-01-17,15:00:00,5,4,1,FMN GV 10 Beerse
39,Antwerpseweg 195,2021-01-17,16:00:00,7,7,0,FMN GV 10 Beerse
39,Antwerpseweg 195,2021-01-17,17:00:00,5,5,0,FMN GV 10 Beerse
39,Antwerpseweg 195,2021-01-17,18:00:00,4,1,3,FMN GV 10 Beerse
39,Antwerpseweg 195,2021-01-17,19:00:00,1,1,0,FMN GV 10 Beerse
39,Antwerpseweg 195,2021-01-17,20:00:00,2,1,1,FMN GV 10 Beerse
39,Antwerpseweg 195,2021-01-17,21:00:00,5,5,0,FMN GV 10 Beerse
39,Antwerpseweg 195,2021-01-17,22:00:00,1,0,1,FMN GV 10 Beerse
39,Antwerpseweg 195,2021-01-17,23:00:00,0,0,0,FMN GV 10 Beerse
39,Antwerpseweg 195,2021-01-18,00:00:00,0,0,0,FMN GV 10 Beerse
39,Antwerpseweg 195,2021-01-18,01:00:00,0,0,0,FMN GV 10 Beerse
39,Antwerpseweg 195,2021-01-18,02:00:00,0,0,0,FMN GV 10 Beerse
39,Antwerpseweg 195,2021-01-18,03:00:00,0,0,0,FMN GV 10 Beerse
39,Antwerpseweg 195,2021-01-18,04:00:00,0,0,0,FMN GV 10 Beerse
39,Antwerpseweg 195,2021-01-18,05:00:00,7,7,0,FMN GV 10 Beerse
39,Antwerpseweg 195,2021-01-18,06:00:00,9,9,0,FMN GV 10 Beerse
39,Antwerpseweg 195,2021-01-18,07:00:00,31,27,4,FMN GV 10 Beerse
39,Antwerpseweg 195,2021-01-18,08:00:00,12,12,0,FMN GV 10 Beerse
39,Antwerpseweg 195,2021-01-18,09:00:00,11,9,2,FMN GV 10 Beerse
39,Antwerpseweg 195,2021-01-18,10:00:00,4,2,2,FMN GV 10 Beerse
39,Antwerpseweg 195,2021-01-18,11:00:00,8,7,1,FMN GV 10 Beerse
39,Antwerpseweg 195,2021-01-18,12:00:00,11,9,2,FMN GV 10 Beerse
39,Antwerpseweg 195,2021-01-18,13:00:00,22,18,4,FMN GV 10 Beerse
39,Antwerpseweg 195,2021-01-18,14:00:00,20,17,3,FMN GV 10 Beerse
39,Antwerpseweg 195,2021-01-18,15:00:00,32,19,13,FMN GV 10 Beerse
39,Antwerpseweg 195,2021-01-18,16:00:00,30,21,9,FMN GV 10 Beerse
39,Antwerpseweg 195,2021-01-18,17:00:00,18,13,5,FMN GV 10 Beerse
39,Antwerpseweg 195,2021-01-18,18:00:00,9,9,0,FMN GV 10 Beerse
39,Antwerpseweg 195,2021-01-18,19:00:00,5,4,1,FMN GV 10 Beerse
39,Antwerpseweg 195,2021-01-18,20:00:00,4,1,3,FMN GV 10 Beerse
39,Antwerpseweg 195,2021-01-18,21:00:00,2,2,0,FMN GV 10 Beerse
39,Antwerpseweg 195,2021-01-18,22:00:00,3,1,2,FMN GV 10 Beerse
39,Antwerpseweg 195,2021-01-18,23:00:00,0,0,0,FMN GV 10 Beerse
39,Antwerpseweg 195,2021-01-19,00:00:00,0,0,0,FMN GV 10 Beerse
39,Antwerpseweg 195,2021-01-19,01:00:00,0,0,0,FMN GV 10 Beerse
39,Antwerpseweg 195,2021-01-19,02:00:00,0,0,0,FMN GV 10 Beerse
39,Antwerpseweg 195,2021-01-19,03:00:00,0,0,0,FMN GV 10 Beerse
39,Antwerpseweg 195,2021-01-19,04:00:00,1,1,0,FMN GV 10 Beerse
39,Antwerpseweg 195,2021-01-19,05:00:00,5,5,0,FMN GV 10 Beerse
39,Antwerpseweg 195,2021-01-19,06:00:00,3,3,0,FMN GV 10 Beerse
39,Antwerpseweg 195,2021-01-19,07:00:00,15,12,3,FMN GV 10 Beerse
39,Antwerpseweg 195,2021-01-19,08:00:00,5,4,1,FMN GV 10 Beerse
39,Antwerpseweg 195,2021-01-19,09:00:00,1,0,1,FMN GV 10 Beerse
39,Antwerpseweg 195,2021-01-19,10:00:00,2,1,1,FMN GV 10 Beerse
39,Antwerpseweg 195,2021-01-19,11:00:00,1,0,1,FMN GV 10 Beerse
39,Antwerpseweg 195,2021-01-19,12:00:00,6,6,0,FMN GV 10 Beerse
39,Antwerpseweg 195,2021-01-19,13:00:00,8,7,1,FMN GV 10 Beerse
39,Antwerpseweg 195,2021-01-19,14:00:00,7,2,5,FMN GV 10 Beerse
39,Antwerpseweg 195,2021-01-19,15:00:00,15,11,4,FMN GV 10 Beerse
39,Antwerpseweg 195,2021-01-19,16:00:00,16,12,4,FMN GV 10 Beerse
39,Antwerpseweg 195,2021-01-19,17:00:00,17,12,5,FMN GV 10 Beerse
39,Antwerpseweg 195,2021-01-19,18:00:00,7,4,3,FMN GV 10 Beerse
39,Antwerpseweg 195,2021-01-19,19:00:00,1,1,0,FMN GV 10 Beerse
39,Antwerpseweg 195,2021-01-19,20:00:00,1,1,0,FMN GV 10 Beerse
39,Antwerpseweg 195,2021-01-19,21:00:00,1,1,0,FMN GV 10 Beerse
39,Antwerpseweg 195,2021-01-19,22:00:00,3,1,2,FMN GV 10 Beerse
39,Antwerpseweg 195,2021-01-19,23:00:00,0,0,0,FMN GV 10 Beerse
39,Antwerpseweg 195,2021-01-20,00:00:00,0,0,0,FMN GV 10 Beerse
39,Antwerpseweg 195,2021-01-20,01:00:00,0,0,0,FMN GV 10 Beerse
39,Antwerpseweg 195,2021-01-20,02:00:00,0,0,0,FMN GV 10 Beerse
39,Antwerpseweg 195,2021-01-20,03:00:00,0,0,0,FMN GV 10 Beerse
39,Antwerpseweg 195,2021-01-20,04:00:00,0,0,0,FMN GV 10 Beerse
39,Antwerpseweg 195,2021-01-20,05:00:00,5,5,0,FMN GV 10 Beerse
39,Antwerpseweg 195,2021-01-20,06:00:00,4,4,0,FMN GV 10 Beerse
39,Antwerpseweg 195,2021-01-20,07:00:00,28,26,2,FMN GV 10 Beerse
39,Antwerpseweg 195,2021-01-20,08:00:00,10,7,3,FMN GV 10 Beerse
39,Antwerpseweg 195,2021-01-20,09:00:00,6,4,2,FMN GV 10 Beerse
39,Antwerpseweg 195,2021-01-20,10:00:00,10,5,5,FMN GV 10 Beerse
39,Antwerpseweg 195,2021-01-20,11:00:00,8,6,2,FMN GV 10 Beerse
39,Antwerpseweg 195,2021-01-20,12:00:00,29,21,8,FMN GV 10 Beerse
39,Antwerpseweg 195,2021-01-20,13:00:00,20,12,8,FMN GV 10 Beerse
39,Antwerpseweg 195,2021-01-20,14:00:00,22,19,3,FMN GV 10 Beerse
39,Antwerpseweg 195,2021-01-20,15:00:00,13,10,3,FMN GV 10 Beerse
39,Antwerpseweg 195,2021-01-20,16:00:00,17,7,10,FMN GV 10 Beerse
39,Antwerpseweg 195,2021-01-20,17:00:00,22,17,5,FMN GV 10 Beerse
39,Antwerpseweg 195,2021-01-20,18:00:00,5,5,0,FMN GV 10 Beerse
39,Antwerpseweg 195,2021-01-20,19:00:00,7,5,2,FMN GV 10 Beerse
39,Antwerpseweg 195,2021-01-20,20:00:00,6,3,3,FMN GV 10 Beerse
39,Antwerpseweg 195,2021-01-20,21:00:00,3,2,1,FMN GV 10 Beerse
39,Antwerpseweg 195,2021-01-20,22:00:00,4,1,3,FMN GV 10 Beerse
39,Antwerpseweg 195,2021-01-20,23:00:00,0,0,0,FMN GV 10 Beerse
39,Antwerpseweg 195,2021-01-21,00:00:00,0,0,0,FMN GV 10 Beerse
39,Antwerpseweg 195,2021-01-21,01:00:00,0,0,0,FMN GV 10 Beerse
39,Antwerpseweg 195,2021-01-21,02:00:00,0,0,0,FMN GV 10 Beerse
39,Antwerpseweg 195,2021-01-21,03:00:00,0,0,0,FMN GV 10 Beerse
39,Antwerpseweg 195,2021-01-21,04:00:00,1,1,0,FMN GV 10 Beerse
39,Antwerpseweg 195,2021-01-21,05:00:00,7,7,0,FMN GV 10 Beerse
39,Antwerpseweg 195,2021-01-21,06:00:00,2,2,0,FMN GV 10 Beerse
39,Antwerpseweg 195,2021-01-21,07:00:00,26,25,1,FMN GV 10 Beerse
39,Antwerpseweg 195,2021-01-21,08:00:00,12,10,2,FMN GV 10 Beerse
39,Antwerpseweg 195,2021-01-21,09:00:00,8,7,1,FMN GV 10 Beerse
39,Antwerpseweg 195,2021-01-21,10:00:00,9,4,5,FMN GV 10 Beerse
39,Antwerpseweg 195,2021-01-21,11:00:00,8,7,1,FMN GV 10 Beerse
39,Antwerpseweg 195,2021-01-21,12:00:00,5,2,3,FMN GV 10 Beerse
39,Antwerpseweg 195,2021-01-21,13:00:00,17,15,2,FMN GV 10 Beerse
39,Antwerpseweg 195,2021-01-21,14:00:00,15,9,6,FMN GV 10 Beerse
39,Antwerpseweg 195,2021-01-21,15:00:00,18,7,11,FMN GV 10 Beerse
39,Antwerpseweg 195,2021-01-21,16:00:00,18,12,6,FMN GV 10 Beerse
39,Antwerpseweg 195,2021-01-21,17:00:00,17,14,3,FMN GV 10 Beerse
39,Antwerpseweg 195,2021-01-21,18:00:00,5,4,1,FMN GV 10 Beerse
39,Antwerpseweg 195,2021-01-21,19:00:00,2,1,1,FMN GV 10 Beerse
39,Antwerpseweg 195,2021-01-21,20:00:00,2,2,0,FMN GV 10 Beerse
39,Antwerpseweg 195,2021-01-21,21:00:00,4,3,1,FMN GV 10 Beerse
39,Antwerpseweg 195,2021-01-21,22:00:00,4,1,3,FMN GV 10 Beerse
39,Antwerpseweg 195,2021-01-21,23:00:00,1,1,0,FMN GV 10 Beerse
39,Antwerpseweg 195,2021-01-22,00:00:00,0,0,0,FMN GV 10 Beerse
39,Antwerpseweg 195,2021-01-22,01:00:00,0,0,0,FMN GV 10 Beerse
39,Antwerpseweg 195,2021-01-22,02:00:00,0,0,0,FMN GV 10 Beerse
39,Antwerpseweg 195,2021-01-22,03:00:00,0,0,0,FMN GV 10 Beerse
39,Antwerpseweg 195,2021-01-22,04:00:00,0,0,0,FMN GV 10 Beerse
39,Antwerpseweg 195,2021-01-22,05:00:00,7,7,0,FMN GV 10 Beerse
39,Antwerpseweg 195,2021-01-22,06:00:00,7,7,0,FMN GV 10 Beerse
39,Antwerpseweg 195,2021-01-22,07:00:00,28,25,3,FMN GV 10 Beerse
39,Antwerpseweg 195,2021-01-22,08:00:00,10,8,2,FMN GV 10 Beerse
39,Antwerpseweg 195,2021-01-22,09:00:00,4,3,1,FMN GV 10 Beerse
39,Antwerpseweg 195,2021-01-22,10:00:00,7,4,3,FMN GV 10 Beerse
39,Antwerpseweg 195,2021-01-22,11:00:00,14,9,5,FMN GV 10 Beerse
39,Antwerpseweg 195,2021-01-22,12:00:00,15,9,6,FMN GV 10 Beerse
39,Antwerpseweg 195,2021-01-22,13:00:00,14,10,4,FMN GV 10 Beerse
39,Antwerpseweg 195,2021-01-22,14:00:00,42,26,16,FMN GV 10 Beerse
39,Antwerpseweg 195,2021-01-22,15:00:00,47,30,17,FMN GV 10 Beerse
39,Antwerpseweg 195,2021-01-22,16:00:00,32,18,14,FMN GV 10 Beerse
39,Antwerpseweg 195,2021-01-22,17:00:00,15,11,4,FMN GV 10 Beerse
39,Antwerpseweg 195,2021-01-22,18:00:00,8,5,3,FMN GV 10 Beerse
39,Antwerpseweg 195,2021-01-22,19:00:00,5,4,1,FMN GV 10 Beerse
39,Antwerpseweg 195,2021-01-22,20:00:00,3,1,2,FMN GV 10 Beerse
39,Antwerpseweg 195,2021-01-22,21:00:00,1,1,0,FMN GV 10 Beerse
39,Antwerpseweg 195,2021-01-22,22:00:00,1,1,0,FMN GV 10 Beerse
39,Antwerpseweg 195,2021-01-22,23:00:00,1,1,0,FMN GV 10 Beerse
39,Antwerpseweg 195,2021-01-23,00:00:00,1,0,1,FMN GV 10 Beerse
39,Antwerpseweg 195,2021-01-23,01:00:00,0,0,0,FMN GV 10 Beerse
39,Antwerpseweg 195,2021-01-23,02:00:00,1,0,1,FMN GV 10 Beerse
39,Antwerpseweg 195,2021-01-23,03:00:00,0,0,0,FMN GV 10 Beerse
39,Antwerpseweg 195,2021-01-23,04:00:00,0,0,0,FMN GV 10 Beerse
39,Antwerpseweg 195,2021-01-23,05:00:00,1,1,0,FMN GV 10 Beerse
39,Antwerpseweg 195,2021-01-23,06:00:00,1,1,0,FMN GV 10 Beerse
39,Antwerpseweg 195,2021-01-23,07:00:00,2,2,0,FMN GV 10 Beerse
39,Antwerpseweg 195,2021-01-23,08:00:00,4,3,1,FMN GV 10 Beerse
39,Antwerpseweg 195,2021-01-23,09:00:00,9,4,5,FMN GV 10 Beerse
39,Antwerpseweg 195,2021-01-23,10:00:00,5,4,1,FMN GV 10 Beerse
39,Antwerpseweg 195,2021-01-23,11:00:00,13,6,7,FMN GV 10 Beerse
39,Antwerpseweg 195,2021-01-23,12:00:00,8,7,1,FMN GV 10 Beerse
39,Antwerpseweg 195,2021-01-23,13:00:00,3,2,1,FMN GV 10 Beerse
39,Antwerpseweg 195,2021-01-23,14:00:00,5,4,1,FMN GV 10 Beerse
39,Antwerpseweg 195,2021-01-23,15:00:00,5,4,1,FMN GV 10 Beerse
39,Antwerpseweg 195,2021-01-23,16:00:00,5,3,2,FMN GV 10 Beerse
39,Antwerpseweg 195,2021-01-23,17:00:00,3,3,0,FMN GV 10 Beerse
39,Antwerpseweg 195,2021-01-23,18:00:00,3,3,0,FMN GV 10 Beerse
39,Antwerpseweg 195,2021-01-23,19:00:00,2,0,2,FMN GV 10 Beerse
39,Antwerpseweg 195,2021-01-23,20:00:00,0,0,0,FMN GV 10 Beerse
39,Antwerpseweg 195,2021-01-23,21:00:00,1,1,0,FMN GV 10 Beerse
39,Antwerpseweg 195,2021-01-23,22:00:00,1,1,0,FMN GV 10 Beerse
39,Antwerpseweg 195,2021-01-23,23:00:00,5,5,0,FMN GV 10 Beerse
39,Antwerpseweg 195,2021-01-24,00:00:00,0,0,0,FMN GV 10 Beerse
39,Antwerpseweg 195,2021-01-24,01:00:00,0,0,0,FMN GV 10 Beerse
39,Antwerpseweg 195,2021-01-24,02:00:00,2,1,1,FMN GV 10 Beerse
39,Antwerpseweg 195,2021-01-24,03:00:00,0,0,0,FMN GV 10 Beerse
39,Antwerpseweg 195,2021-01-24,04:00:00,0,0,0,FMN GV 10 Beerse
39,Antwerpseweg 195,2021-01-24,05:00:00,0,0,0,FMN GV 10 Beerse
39,Antwerpseweg 195,2021-01-24,06:00:00,2,2,0,FMN GV 10 Beerse
39,Antwerpseweg 195,2021-01-24,07:00:00,0,0,0,FMN GV 10 Beerse
39,Antwerpseweg 195,2021-01-24,08:00:00,2,0,2,FMN GV 10 Beerse
39,Antwerpseweg 195,2021-01-24,09:00:00,2,1,1,FMN GV 10 Beerse
39,Antwerpseweg 195,2021-01-24,10:00:00,4,2,2,FMN GV 10 Beerse
39,Antwerpseweg 195,2021-01-24,11:00:00,12,8,4,FMN GV 10 Beerse
39,Antwerpseweg 195,2021-01-24,12:00:00,7,5,2,FMN GV 10 Beerse
39,Antwerpseweg 195,2021-01-24,13:00:00,22,14,8,FMN GV 10 Beerse
39,Antwerpseweg 195,2021-01-24,14:00:00,18,5,13,FMN GV 10 Beerse
39,Antwerpseweg 195,2021-01-24,15:00:00,7,5,2,FMN GV 10 Beerse
39,Antwerpseweg 195,2021-01-24,16:00:00,6,6,0,FMN GV 10 Beerse
39,Antwerpseweg 195,2021-01-24,17:00:00,8,8,0,FMN GV 10 Beerse
39,Antwerpseweg 195,2021-01-24,18:00:00,6,4,2,FMN GV 10 Beerse
39,Antwerpseweg 195,2021-01-24,19:00:00,1,1,0,FMN GV 10 Beerse
39,Antwerpseweg 195,2021-01-24,20:00:00,2,1,1,FMN GV 10 Beerse
39,Antwerpseweg 195,2021-01-24,21:00:00,1,1,0,FMN GV 10 Beerse
39,Antwerpseweg 195,2021-01-24,22:00:00,0,0,0,FMN GV 10 Beerse
39,Antwerpseweg 195,2021-01-24,23:00:00,1,1,0,FMN GV 10 Beerse
39,Antwerpseweg 195,2021-01-25,00:00:00,0,0,0,FMN GV 10 Beerse
39,Antwerpseweg 195,2021-01-25,01:00:00,0,0,0,FMN GV 10 Beerse
39,Antwerpseweg 195,2021-01-25,02:00:00,1,0,1,FMN GV 10 Beerse
39,Antwerpseweg 195,2021-01-25,03:00:00,0,0,0,FMN GV 10 Beerse
39,Antwerpseweg 195,2021-01-25,04:00:00,2,2,0,FMN GV 10 Beerse
39,Antwerpseweg 195,2021-01-25,05:00:00,7,7,0,FMN GV 10 Beerse
39,Antwerpseweg 195,2021-01-25,06:00:00,9,9,0,FMN GV 10 Beerse
39,Antwerpseweg 195,2021-01-25,07:00:00,20,18,2,FMN GV 10 Beerse
39,Antwerpseweg 195,2021-01-25,08:00:00,9,8,1,FMN GV 10 Beerse
39,Antwerpseweg 195,2021-01-25,09:00:00,5,4,1,FMN GV 10 Beerse
39,Antwerpseweg 195,2021-01-25,10:00:00,2,1,1,FMN GV 10 Beerse
39,Antwerpseweg 195,2021-01-25,11:00:00,7,5,2,FMN GV 10 Beerse
39,Antwerpseweg 195,2021-01-25,12:00:00,17,9,8,FMN GV 10 Beerse
39,Antwerpseweg 195,2021-01-25,13:00:00,14,8,6,FMN GV 10 Beerse
39,Antwerpseweg 195,2021-01-25,14:00:00,25,13,12,FMN GV 10 Beerse
39,Antwerpseweg 195,2021-01-25,15:00:00,18,13,5,FMN GV 10 Beerse
39,Antwerpseweg 195,2021-01-25,16:00:00,22,15,7,FMN GV 10 Beerse
39,Antwerpseweg 195,2021-01-25,17:00:00,16,14,2,FMN GV 10 Beerse
39,Antwerpseweg 195,2021-01-25,18:00:00,6,4,2,FMN GV 10 Beerse
39,Antwerpseweg 195,2021-01-25,19:00:00,5,4,1,FMN GV 10 Beerse
39,Antwerpseweg 195,2021-01-25,20:00:00,3,1,2,FMN GV 10 Beerse
39,Antwerpseweg 195,2021-01-25,21:00:00,1,1,0,FMN GV 10 Beerse
39,Antwerpseweg 195,2021-01-25,22:00:00,1,0,1,FMN GV 10 Beerse
39,Antwerpseweg 195,2021-01-25,23:00:00,1,1,0,FMN GV 10 Beerse
39,Antwerpseweg 195,2021-01-26,00:00:00,0,0,0,FMN GV 10 Beerse
39,Antwerpseweg 195,2021-01-26,01:00:00,0,0,0,FMN GV 10 Beerse
39,Antwerpseweg 195,2021-01-26,02:00:00,0,0,0,FMN GV 10 Beerse
39,Antwerpseweg 195,2021-01-26,03:00:00,0,0,0,FMN GV 10 Beerse
39,Antwerpseweg 195,2021-01-26,04:00:00,0,0,0,FMN GV 10 Beerse
39,Antwerpseweg 195,2021-01-26,05:00:00,7,7,0,FMN GV 10 Beerse
39,Antwerpseweg 195,2021-01-26,06:00:00,7,7,0,FMN GV 10 Beerse
39,Antwerpseweg 195,2021-01-26,07:00:00,23,20,3,FMN GV 10 Beerse
39,Antwerpseweg 195,2021-01-26,08:00:00,14,12,2,FMN GV 10 Beerse
39,Antwerpseweg 195,2021-01-26,09:00:00,5,3,2,FMN GV 10 Beerse
39,Antwerpseweg 195,2021-01-26,10:00:00,8,4,4,FMN GV 10 Beerse
39,Antwerpseweg 195,2021-01-26,11:00:00,9,7,2,FMN GV 10 Beerse
39,Antwerpseweg 195,2021-01-26,12:00:00,15,13,2,FMN GV 10 Beerse
39,Antwerpseweg 195,2021-01-26,13:00:00,20,13,7,FMN GV 10 Beerse
39,Antwerpseweg 195,2021-01-26,14:00:00,44,32,12,FMN GV 10 Beerse
39,Antwerpseweg 195,2021-01-26,15:00:00,30,15,15,FMN GV 10 Beerse
39,Antwerpseweg 195,2021-01-26,16:00:00,37,24,13,FMN GV 10 Beerse
39,Antwerpseweg 195,2021-01-26,17:00:00,16,11,5,FMN GV 10 Beerse
39,Antwerpseweg 195,2021-01-26,18:00:00,6,5,1,FMN GV 10 Beerse
39,Antwerpseweg 195,2021-01-26,19:00:00,0,0,0,FMN GV 10 Beerse
39,Antwerpseweg 195,2021-01-26,20:00:00,3,3,0,FMN GV 10 Beerse
39,Antwerpseweg 195,2021-01-26,21:00:00,2,1,1,FMN GV 10 Beerse
39,Antwerpseweg 195,2021-01-26,22:00:00,4,2,2,FMN GV 10 Beerse
39,Antwerpseweg 195,2021-01-26,23:00:00,2,2,0,FMN GV 10 Beerse
39,Antwerpseweg 195,2021-01-27,00:00:00,0,0,0,FMN GV 10 Beerse
39,Antwerpseweg 195,2021-01-27,01:00:00,0,0,0,FMN GV 10 Beerse
39,Antwerpseweg 195,2021-01-27,02:00:00,0,0,0,FMN GV 10 Beerse
39,Antwerpseweg 195,2021-01-27,03:00:00,0,0,0,FMN GV 10 Beerse
39,Antwerpseweg 195,2021-01-27,04:00:00,0,0,0,FMN GV 10 Beerse
39,Antwerpseweg 195,2021-01-27,05:00:00,8,8,0,FMN GV 10 Beerse
39,Antwerpseweg 195,2021-01-27,06:00:00,3,3,0,FMN GV 10 Beerse
39,Antwerpseweg 195,2021-01-27,07:00:00,19,18,1,FMN GV 10 Beerse
39,Antwerpseweg 195,2021-01-27,08:00:00,10,7,3,FMN GV 10 Beerse
39,Antwerpseweg 195,2021-01-27,09:00:00,3,1,2,FMN GV 10 Beerse
39,Antwerpseweg 195,2021-01-27,10:00:00,4,2,2,FMN GV 10 Beerse
39,Antwerpseweg 195,2021-01-27,11:00:00,5,3,2,FMN GV 10 Beerse
39,Antwerpseweg 195,2021-01-27,12:00:00,18,10,8,FMN GV 10 Beerse
39,Antwerpseweg 195,2021-01-27,13:00:00,6,5,1,FMN GV 10 Beerse
39,Antwerpseweg 195,2021-01-27,14:00:00,7,6,1,FMN GV 10 Beerse
39,Antwerpseweg 195,2021-01-27,15:00:00,11,10,1,FMN GV 10 Beerse
39,Antwerpseweg 195,2021-01-27,16:00:00,14,11,3,FMN GV 10 Beerse
39,Antwerpseweg 195,2021-01-27,17:00:00,16,10,6,FMN GV 10 Beerse
39,Antwerpseweg 195,2021-01-27,18:00:00,8,8,0,FMN GV 10 Beerse
39,Antwerpseweg 195,2021-01-27,19:00:00,1,0,1,FMN GV 10 Beerse
39,Antwerpseweg 195,2021-01-27,20:00:00,2,1,1,FMN GV 10 Beerse
39,Antwerpseweg 195,2021-01-27,21:00:00,1,1,0,FMN GV 10 Beerse
39,Antwerpseweg 195,2021-01-27,22:00:00,4,3,1,FMN GV 10 Beerse
39,Antwerpseweg 195,2021-01-27,23:00:00,2,2,0,FMN GV 10 Beerse
39,Antwerpseweg 195,2021-01-28,00:00:00,0,0,0,FMN GV 10 Beerse
39,Antwerpseweg 195,2021-01-28,01:00:00,0,0,0,FMN GV 10 Beerse
39,Antwerpseweg 195,2021-01-28,02:00:00,0,0,0,FMN GV 10 Beerse
39,Antwerpseweg 195,2021-01-28,03:00:00,0,0,0,FMN GV 10 Beerse
39,Antwerpseweg 195,2021-01-28,04:00:00,0,0,0,FMN GV 10 Beerse
39,Antwerpseweg 195,2021-01-28,05:00:00,7,7,0,FMN GV 10 Beerse
39,Antwerpseweg 195,2021-01-28,06:00:00,4,4,0,FMN GV 10 Beerse
39,Antwerpseweg 195,2021-01-28,07:00:00,12,9,3,FMN GV 10 Beerse
39,Antwerpseweg 195,2021-01-28,08:00:00,6,5,1,FMN GV 10 Beerse
39,Antwerpseweg 195,2021-01-28,09:00:00,0,0,0,FMN GV 10 Beerse
39,Antwerpseweg 195,2021-01-28,10:00:00,1,1,0,FMN GV 10 Beerse
39,Antwerpseweg 195,2021-01-28,11:00:00,2,1,1,FMN GV 10 Beerse
39,Antwerpseweg 195,2021-01-28,12:00:00,7,4,3,FMN GV 10 Beerse
39,Antwerpseweg 195,2021-01-28,13:00:00,3,2,1,FMN GV 10 Beerse
39,Antwerpseweg 195,2021-01-28,14:00:00,6,3,3,FMN GV 10 Beerse
39,Antwerpseweg 195,2021-01-28,15:00:00,12,8,4,FMN GV 10 Beerse
39,Antwerpseweg 195,2021-01-28,16:00:00,20,14,6,FMN GV 10 Beerse
39,Antwerpseweg 195,2021-01-28,17:00:00,7,6,1,FMN GV 10 Beerse
39,Antwerpseweg 195,2021-01-28,18:00:00,7,6,1,FMN GV 10 Beerse
39,Antwerpseweg 195,2021-01-28,19:00:00,2,1,1,FMN GV 10 Beerse
39,Antwerpseweg 195,2021-01-28,20:00:00,3,3,0,FMN GV 10 Beerse
39,Antwerpseweg 195,2021-01-28,21:00:00,1,1,0,FMN GV 10 Beerse
39,Antwerpseweg 195,2021-01-28,22:00:00,4,4,0,FMN GV 10 Beerse
39,Antwerpseweg 195,2021-01-28,23:00:00,0,0,0,FMN GV 10 Beerse
39,Antwerpseweg 195,2021-01-29,00:00:00,0,0,0,FMN GV 10 Beerse
39,Antwerpseweg 195,2021-01-29,01:00:00,0,0,0,FMN GV 10 Beerse
39,Antwerpseweg 195,2021-01-29,02:00:00,0,0,0,FMN GV 10 Beerse
39,Antwerpseweg 195,2021-01-29,03:00:00,0,0,0,FMN GV 10 Beerse
39,Antwerpseweg 195,2021-01-29,04:00:00,0,0,0,FMN GV 10 Beerse
39,Antwerpseweg 195,2021-01-29,05:00:00,5,5,0,FMN GV 10 Beerse
39,Antwerpseweg 195,2021-01-29,06:00:00,5,5,0,FMN GV 10 Beerse
39,Antwerpseweg 195,2021-01-29,07:00:00,17,15,2,FMN GV 10 Beerse
39,Antwerpseweg 195,2021-01-29,08:00:00,5,4,1,FMN GV 10 Beerse
39,Antwerpseweg 195,2021-01-29,09:00:00,3,1,2,FMN GV 10 Beerse
39,Antwerpseweg 195,2021-01-29,10:00:00,11,5,6,FMN GV 10 Beerse
39,Antwerpseweg 195,2021-01-29,11:00:00,9,5,4,FMN GV 10 Beerse
39,Antwerpseweg 195,2021-01-29,12:00:00,5,2,3,FMN GV 10 Beerse
39,Antwerpseweg 195,2021-01-29,13:00:00,8,7,1,FMN GV 10 Beerse
39,Antwerpseweg 195,2021-01-29,14:00:00,8,6,2,FMN GV 10 Beerse
39,Antwerpseweg 195,2021-01-29,15:00:00,14,10,4,FMN GV 10 Beerse
39,Antwerpseweg 195,2021-01-29,16:00:00,22,15,7,FMN GV 10 Beerse
39,Antwerpseweg 195,2021-01-29,17:00:00,9,5,4,FMN GV 10 Beerse
39,Antwerpseweg 195,2021-01-29,18:00:00,9,6,3,FMN GV 10 Beerse
39,Antwerpseweg 195,2021-01-29,19:00:00,4,2,2,FMN GV 10 Beerse
39,Antwerpseweg 195,2021-01-29,20:00:00,2,2,0,FMN GV 10 Beerse
39,Antwerpseweg 195,2021-01-29,21:00:00,2,1,1,FMN GV 10 Beerse
39,Antwerpseweg 195,2021-01-29,22:00:00,1,1,0,FMN GV 10 Beerse
39,Antwerpseweg 195,2021-01-29,23:00:00,4,4,0,FMN GV 10 Beerse
39,Antwerpseweg 195,2021-01-30,00:00:00,0,0,0,FMN GV 10 Beerse
39,Antwerpseweg 195,2021-01-30,01:00:00,0,0,0,FMN GV 10 Beerse
39,Antwerpseweg 195,2021-01-30,02:00:00,0,0,0,FMN GV 10 Beerse
39,Antwerpseweg 195,2021-01-30,03:00:00,0,0,0,FMN GV 10 Beerse
39,Antwerpseweg 195,2021-01-30,04:00:00,0,0,0,FMN GV 10 Beerse
39,Antwerpseweg 195,2021-01-30,05:00:00,1,1,0,FMN GV 10 Beerse
39,Antwerpseweg 195,2021-01-30,06:00:00,0,0,0,FMN GV 10 Beerse
39,Antwerpseweg 195,2021-01-30,07:00:00,2,1,1,FMN GV 10 Beerse
39,Antwerpseweg 195,2021-01-30,08:00:00,2,1,1,FMN GV 10 Beerse
39,Antwerpseweg 195,2021-01-30,09:00:00,0,0,0,FMN GV 10 Beerse
39,Antwerpseweg 195,2021-01-30,10:00:00,1,0,1,FMN GV 10 Beerse
39,Antwerpseweg 195,2021-01-30,11:00:00,0,0,0,FMN GV 10 Beerse
39,Antwerpseweg 195,2021-01-30,12:00:00,2,1,1,FMN GV 10 Beerse
39,Antwerpseweg 195,2021-01-30,13:00:00,4,1,3,FMN GV 10 Beerse
39,Antwerpseweg 195,2021-01-30,14:00:00,10,7,3,FMN GV 10 Beerse
39,Antwerpseweg 195,2021-01-30,15:00:00,5,4,1,FMN GV 10 Beerse
39,Antwerpseweg 195,2021-01-30,16:00:00,3,2,1,FMN GV 10 Beerse
39,Antwerpseweg 195,2021-01-30,17:00:00,6,1,5,FMN GV 10 Beerse
39,Antwerpseweg 195,2021-01-30,18:00:00,2,1,1,FMN GV 10 Beerse
39,Antwerpseweg 195,2021-01-30,19:00:00,4,4,0,FMN GV 10 Beerse
39,Antwerpseweg 195,2021-01-30,20:00:00,1,1,0,FMN GV 10 Beerse
39,Antwerpseweg 195,2021-01-30,21:00:00,0,0,0,FMN GV 10 Beerse
39,Antwerpseweg 195,2021-01-30,22:00:00,2,1,1,FMN GV 10 Beerse
39,Antwerpseweg 195,2021-01-30,23:00:00,7,6,1,FMN GV 10 Beerse
39,Antwerpseweg 195,2021-01-31,00:00:00,1,1,0,FMN GV 10 Beerse
39,Antwerpseweg 195,2021-01-31,01:00:00,0,0,0,FMN GV 10 Beerse
39,Antwerpseweg 195,2021-01-31,02:00:00,0,0,0,FMN GV 10 Beerse
39,Antwerpseweg 195,2021-01-31,03:00:00,0,0,0,FMN GV 10 Beerse
39,Antwerpseweg 195,2021-01-31,04:00:00,0,0,0,FMN GV 10 Beerse
39,Antwerpseweg 195,2021-01-31,05:00:00,0,0,0,FMN GV 10 Beerse
39,Antwerpseweg 195,2021-01-31,06:00:00,0,0,0,FMN GV 10 Beerse
39,Antwerpseweg 195,2021-01-31,07:00:00,1,0,1,FMN GV 10 Beerse
39,Antwerpseweg 195,2021-01-31,08:00:00,0,0,0,FMN GV 10 Beerse
39,Antwerpseweg 195,2021-01-31,09:00:00,2,2,0,FMN GV 10 Beerse
39,Antwerpseweg 195,2021-01-31,10:00:00,9,6,3,FMN GV 10 Beerse
39,Antwerpseweg 195,2021-01-31,11:00:00,15,12,3,FMN GV 10 Beerse
39,Antwerpseweg 195,2021-01-31,12:00:00,15,9,6,FMN GV 10 Beerse
39,Antwerpseweg 195,2021-01-31,13:00:00,15,10,5,FMN GV 10 Beerse
39,Antwerpseweg 195,2021-01-31,14:00:00,18,10,8,FMN GV 10 Beerse
39,Antwerpseweg 195,2021-01-31,15:00:00,13,10,3,FMN GV 10 Beerse
39,Antwerpseweg 195,2021-01-31,16:00:00,3,3,0,FMN GV 10 Beerse
39,Antwerpseweg 195,2021-01-31,17:00:00,7,2,5,FMN GV 10 Beerse
39,Antwerpseweg 195,2021-01-31,18:00:00,3,2,1,FMN GV 10 Beerse
39,Antwerpseweg 195,2021-01-31,19:00:00,2,0,2,FMN GV 10 Beerse
39,Antwerpseweg 195,2021-01-31,20:00:00,1,0,1,FMN GV 10 Beerse
39,Antwerpseweg 195,2021-01-31,21:00:00,1,1,0,FMN GV 10 Beerse
39,Antwerpseweg 195,2021-01-31,22:00:00,2,2,0,FMN GV 10 Beerse
39,Antwerpseweg 195,2021-01-31,23:00:00,1,1,0,FMN GV 10 Beerse
39,Antwerpseweg 195,2021-02-01,00:00:00,0,0,0,FMN GV 10 Beerse
39,Antwerpseweg 195,2021-02-01,01:00:00,0,0,0,FMN GV 10 Beerse
39,Antwerpseweg 195,2021-02-01,02:00:00,0,0,0,FMN GV 10 Beerse
39,Antwerpseweg 195,2021-02-01,03:00:00,0,0,0,FMN GV 10 Beerse
39,Antwerpseweg 195,2021-02-01,04:00:00,0,0,0,FMN GV 10 Beerse
39,Antwerpseweg 195,2021-02-01,05:00:00,4,4,0,FMN GV 10 Beerse
39,Antwerpseweg 195,2021-02-01,06:00:00,8,8,0,FMN GV 10 Beerse
39,Antwerpseweg 195,2021-02-01,07:00:00,17,14,3,FMN GV 10 Beerse
39,Antwerpseweg 195,2021-02-01,08:00:00,13,11,2,FMN GV 10 Beerse
39,Antwerpseweg 195,2021-02-01,09:00:00,6,5,1,FMN GV 10 Beerse
39,Antwerpseweg 195,2021-02-01,10:00:00,8,3,5,FMN GV 10 Beerse
39,Antwerpseweg 195,2021-02-01,11:00:00,11,9,2,FMN GV 10 Beerse
39,Antwerpseweg 195,2021-02-01,12:00:00,18,15,3,FMN GV 10 Beerse
39,Antwerpseweg 195,2021-02-01,13:00:00,8,7,1,FMN GV 10 Beerse
39,Antwerpseweg 195,2021-02-01,14:00:00,14,9,5,FMN GV 10 Beerse
39,Antwerpseweg 195,2021-02-01,15:00:00,23,16,7,FMN GV 10 Beerse
39,Antwerpseweg 195,2021-02-01,16:00:00,28,15,13,FMN GV 10 Beerse
39,Antwerpseweg 195,2021-02-01,17:00:00,17,13,4,FMN GV 10 Beerse
39,Antwerpseweg 195,2021-02-01,18:00:00,7,6,1,FMN GV 10 Beerse
39,Antwerpseweg 195,2021-02-01,19:00:00,4,4,0,FMN GV 10 Beerse
39,Antwerpseweg 195,2021-02-01,20:00:00,1,0,1,FMN GV 10 Beerse
39,Antwerpseweg 195,2021-02-01,21:00:00,1,0,1,FMN GV 10 Beerse
39,Antwerpseweg 195,2021-02-01,22:00:00,7,4,3,FMN GV 10 Beerse
39,Antwerpseweg 195,2021-02-01,23:00:00,0,0,0,FMN GV 10 Beerse
39,Antwerpseweg 195,2021-02-02,00:00:00,0,0,0,FMN GV 10 Beerse
39,Antwerpseweg 195,2021-02-02,01:00:00,0,0,0,FMN GV 10 Beerse
39,Antwerpseweg 195,2021-02-02,02:00:00,0,0,0,FMN GV 10 Beerse
39,Antwerpseweg 195,2021-02-02,03:00:00,0,0,0,FMN GV 10 Beerse
39,Antwerpseweg 195,2021-02-02,04:00:00,0,0,0,FMN GV 10 Beerse
39,Antwerpseweg 195,2021-02-02,05:00:00,6,5,1,FMN GV 10 Beerse
39,Antwerpseweg 195,2021-02-02,06:00:00,7,5,2,FMN GV 10 Beerse
39,Antwerpseweg 195,2021-02-02,07:00:00,16,12,4,FMN GV 10 Beerse
39,Antwerpseweg 195,2021-02-02,08:00:00,5,5,0,FMN GV 10 Beerse
39,Antwerpseweg 195,2021-02-02,09:00:00,3,3,0,FMN GV 10 Beerse
39,Antwerpseweg 195,2021-02-02,10:00:00,2,1,1,FMN GV 10 Beerse
39,Antwerpseweg 195,2021-02-02,11:00:00,1,0,1,FMN GV 10 Beerse
39,Antwerpseweg 195,2021-02-02,12:00:00,5,2,3,FMN GV 10 Beerse
39,Antwerpseweg 195,2021-02-02,13:00:00,9,8,1,FMN GV 10 Beerse
39,Antwerpseweg 195,2021-02-02,14:00:00,7,3,4,FMN GV 10 Beerse
39,Antwerpseweg 195,2021-02-02,15:00:00,12,9,3,FMN GV 10 Beerse
39,Antwerpseweg 195,2021-02-02,16:00:00,20,16,4,FMN GV 10 Beerse
39,Antwerpseweg 195,2021-02-02,17:00:00,16,11,5,FMN GV 10 Beerse
39,Antwerpseweg 195,2021-02-02,18:00:00,2,2,0,FMN GV 10 Beerse
39,Antwerpseweg 195,2021-02-02,19:00:00,3,2,1,FMN GV 10 Beerse
39,Antwerpseweg 195,2021-02-02,20:00:00,4,3,1,FMN GV 10 Beerse
39,Antwerpseweg 195,2021-02-02,21:00:00,2,2,0,FMN GV 10 Beerse
39,Antwerpseweg 195,2021-02-02,22:00:00,7,5,2,FMN GV 10 Beerse
39,Antwerpseweg 195,2021-02-02,23:00:00,0,0,0,FMN GV 10 Beerse
39,Antwerpseweg 195,2021-02-03,00:00:00,0,0,0,FMN GV 10 Beerse
39,Antwerpseweg 195,2021-02-03,01:00:00,0,0,0,FMN GV 10 Beerse
39,Antwerpseweg 195,2021-02-03,02:00:00,0,0,0,FMN GV 10 Beerse
39,Antwerpseweg 195,2021-02-03,03:00:00,0,0,0,FMN GV 10 Beerse
39,Antwerpseweg 195,2021-02-03,04:00:00,0,0,0,FMN GV 10 Beerse
39,Antwerpseweg 195,2021-02-03,05:00:00,5,5,0,FMN GV 10 Beerse
39,Antwerpseweg 195,2021-02-03,06:00:00,5,5,0,FMN GV 10 Beerse
39,Antwerpseweg 195,2021-02-03,07:00:00,22,18,4,FMN GV 10 Beerse
39,Antwerpseweg 195,2021-02-03,08:00:00,8,7,1,FMN GV 10 Beerse
39,Antwerpseweg 195,2021-02-03,09:00:00,2,2,0,FMN GV 10 Beerse
39,Antwerpseweg 195,2021-02-03,10:00:00,1,0,1,FMN GV 10 Beerse
39,Antwerpseweg 195,2021-02-03,11:00:00,2,2,0,FMN GV 10 Beerse
39,Antwerpseweg 195,2021-02-03,12:00:00,16,13,3,FMN GV 10 Beerse
39,Antwerpseweg 195,2021-02-03,13:00:00,13,9,4,FMN GV 10 Beerse
39,Antwerpseweg 195,2021-02-03,14:00:00,5,4,1,FMN GV 10 Beerse
39,Antwerpseweg 195,2021-02-03,15:00:00,5,3,2,FMN GV 10 Beerse
39,Antwerpseweg 195,2021-02-03,16:00:00,9,5,4,FMN GV 10 Beerse
39,Antwerpseweg 195,2021-02-03,17:00:00,14,13,1,FMN GV 10 Beerse
39,Antwerpseweg 195,2021-02-03,18:00:00,7,6,1,FMN GV 10 Beerse
39,Antwerpseweg 195,2021-02-03,19:00:00,1,1,0,FMN GV 10 Beerse
39,Antwerpseweg 195,2021-02-03,20:00:00,2,2,0,FMN GV 10 Beerse
39,Antwerpseweg 195,2021-02-03,21:00:00,2,1,1,FMN GV 10 Beerse
39,Antwerpseweg 195,2021-02-03,22:00:00,3,3,0,FMN GV 10 Beerse
39,Antwerpseweg 195,2021-02-03,23:00:00,1,1,0,FMN GV 10 Beerse
39,Antwerpseweg 195,2021-02-04,00:00:00,0,0,0,FMN GV 10 Beerse
39,Antwerpseweg 195,2021-02-04,01:00:00,0,0,0,FMN GV 10 Beerse
39,Antwerpseweg 195,2021-02-04,02:00:00,0,0,0,FMN GV 10 Beerse
39,Antwerpseweg 195,2021-02-04,03:00:00,1,0,1,FMN GV 10 Beerse
39,Antwerpseweg 195,2021-02-04,04:00:00,1,1,0,FMN GV 10 Beerse
39,Antwerpseweg 195,2021-02-04,05:00:00,6,6,0,FMN GV 10 Beerse
39,Antwerpseweg 195,2021-02-04,06:00:00,12,11,1,FMN GV 10 Beerse
39,Antwerpseweg 195,2021-02-04,07:00:00,28,24,4,FMN GV 10 Beerse
39,Antwerpseweg 195,2021-02-04,08:00:00,13,10,3,FMN GV 10 Beerse
39,Antwerpseweg 195,2021-02-04,09:00:00,10,6,4,FMN GV 10 Beerse
39,Antwerpseweg 195,2021-02-04,10:00:00,7,5,2,FMN GV 10 Beerse
39,Antwerpseweg 195,2021-02-04,11:00:00,13,6,7,FMN GV 10 Beerse
39,Antwerpseweg 195,2021-02-04,12:00:00,24,10,14,FMN GV 10 Beerse
39,Antwerpseweg 195,2021-02-04,13:00:00,35,16,19,FMN GV 10 Beerse
39,Antwerpseweg 195,2021-02-04,14:00:00,32,21,11,FMN GV 10 Beerse
39,Antwerpseweg 195,2021-02-04,15:00:00,38,20,18,FMN GV 10 Beerse
39,Antwerpseweg 195,2021-02-04,16:00:00,40,23,17,FMN GV 10 Beerse
39,Antwerpseweg 195,2021-02-04,17:00:00,25,21,4,FMN GV 10 Beerse
39,Antwerpseweg 195,2021-02-04,18:00:00,6,6,0,FMN GV 10 Beerse
39,Antwerpseweg 195,2021-02-04,19:00:00,1,1,0,FMN GV 10 Beerse
39,Antwerpseweg 195,2021-02-04,20:00:00,11,6,5,FMN GV 10 Beerse
39,Antwerpseweg 195,2021-02-04,21:00:00,1,1,0,FMN GV 10 Beerse
39,Antwerpseweg 195,2021-02-04,22:00:00,4,3,1,FMN GV 10 Beerse
39,Antwerpseweg 195,2021-02-04,23:00:00,1,0,1,FMN GV 10 Beerse
39,Antwerpseweg 195,2021-02-05,00:00:00,0,0,0,FMN GV 10 Beerse
39,Antwerpseweg 195,2021-02-05,01:00:00,0,0,0,FMN GV 10 Beerse
39,Antwerpseweg 195,2021-02-05,02:00:00,0,0,0,FMN GV 10 Beerse
39,Antwerpseweg 195,2021-02-05,03:00:00,0,0,0,FMN GV 10 Beerse
39,Antwerpseweg 195,2021-02-05,04:00:00,1,1,0,FMN GV 10 Beerse
39,Antwerpseweg 195,2021-02-05,05:00:00,8,8,0,FMN GV 10 Beerse
39,Antwerpseweg 195,2021-02-05,06:00:00,6,6,0,FMN GV 10 Beerse
39,Antwerpseweg 195,2021-02-05,07:00:00,26,19,7,FMN GV 10 Beerse
39,Antwerpseweg 195,2021-02-05,08:00:00,8,8,0,FMN GV 10 Beerse
39,Antwerpseweg 195,2021-02-05,09:00:00,7,5,2,FMN GV 10 Beerse
39,Antwerpseweg 195,2021-02-05,10:00:00,6,2,4,FMN GV 10 Beerse
39,Antwerpseweg 195,2021-02-05,11:00:00,16,15,1,FMN GV 10 Beerse
39,Antwerpseweg 195,2021-02-05,12:00:00,24,12,12,FMN GV 10 Beerse
39,Antwerpseweg 195,2021-02-05,13:00:00,25,16,9,FMN GV 10 Beerse
39,Antwerpseweg 195,2021-02-05,14:00:00,46,33,13,FMN GV 10 Beerse
39,Antwerpseweg 195,2021-02-05,15:00:00,37,24,13,FMN GV 10 Beerse
39,Antwerpseweg 195,2021-02-05,16:00:00,36,24,12,FMN GV 10 Beerse
39,Antwerpseweg 195,2021-02-05,17:00:00,18,14,4,FMN GV 10 Beerse
39,Antwerpseweg 195,2021-02-05,18:00:00,11,7,4,FMN GV 10 Beerse
39,Antwerpseweg 195,2021-02-05,19:00:00,2,2,0,FMN GV 10 Beerse
39,Antwerpseweg 195,2021-02-05,20:00:00,4,2,2,FMN GV 10 Beerse
39,Antwerpseweg 195,2021-02-05,21:00:00,2,2,0,FMN GV 10 Beerse
39,Antwerpseweg 195,2021-02-05,22:00:00,4,3,1,FMN GV 10 Beerse
39,Antwerpseweg 195,2021-02-05,23:00:00,3,3,0,FMN GV 10 Beerse
39,Antwerpseweg 195,2021-02-06,00:00:00,0,0,0,FMN GV 10 Beerse
39,Antwerpseweg 195,2021-02-06,01:00:00,0,0,0,FMN GV 10 Beerse
39,Antwerpseweg 195,2021-02-06,02:00:00,0,0,0,FMN GV 10 Beerse
39,Antwerpseweg 195,2021-02-06,03:00:00,0,0,0,FMN GV 10 Beerse
39,Antwerpseweg 195,2021-02-06,04:00:00,1,1,0,FMN GV 10 Beerse
39,Antwerpseweg 195,2021-02-06,05:00:00,3,3,0,FMN GV 10 Beerse
39,Antwerpseweg 195,2021-02-06,06:00:00,1,1,0,FMN GV 10 Beerse
39,Antwerpseweg 195,2021-02-06,07:00:00,3,2,1,FMN GV 10 Beerse
39,Antwerpseweg 195,2021-02-06,08:00:00,1,1,0,FMN GV 10 Beerse
39,Antwerpseweg 195,2021-02-06,09:00:00,3,2,1,FMN GV 10 Beerse
39,Antwerpseweg 195,2021-02-06,10:00:00,8,5,3,FMN GV 10 Beerse
39,Antwerpseweg 195,2021-02-06,11:00:00,12,4,8,FMN GV 10 Beerse
39,Antwerpseweg 195,2021-02-06,12:00:00,12,2,10,FMN GV 10 Beerse
39,Antwerpseweg 195,2021-02-06,13:00:00,12,9,3,FMN GV 10 Beerse
39,Antwerpseweg 195,2021-02-06,14:00:00,3,2,1,FMN GV 10 Beerse
39,Antwerpseweg 195,2021-02-06,15:00:00,8,8,0,FMN GV 10 Beerse
39,Antwerpseweg 195,2021-02-06,16:00:00,7,4,3,FMN GV 10 Beerse
39,Antwerpseweg 195,2021-02-06,17:00:00,3,2,1,FMN GV 10 Beerse
39,Antwerpseweg 195,2021-02-06,18:00:00,1,1,0,FMN GV 10 Beerse
39,Antwerpseweg 195,2021-02-06,19:00:00,2,1,1,FMN GV 10 Beerse
39,Antwerpseweg 195,2021-02-06,20:00:00,0,0,0,FMN GV 10 Beerse
39,Antwerpseweg 195,2021-02-06,21:00:00,0,0,0,FMN GV 10 Beerse
39,Antwerpseweg 195,2021-02-06,22:00:00,0,0,0,FMN GV 10 Beerse
39,Antwerpseweg 195,2021-02-06,23:00:00,1,1,0,FMN GV 10 Beerse
39,Antwerpseweg 195,2021-02-07,00:00:00,0,0,0,FMN GV 10 Beerse
39,Antwerpseweg 195,2021-02-07,01:00:00,0,0,0,FMN GV 10 Beerse
39,Antwerpseweg 195,2021-02-07,02:00:00,0,0,0,FMN GV 10 Beerse
39,Antwerpseweg 195,2021-02-07,03:00:00,0,0,0,FMN GV 10 Beerse
39,Antwerpseweg 195,2021-02-07,04:00:00,3,3,0,FMN GV 10 Beerse
39,Antwerpseweg 195,2021-02-07,05:00:00,0,0,0,FMN GV 10 Beerse
39,Antwerpseweg 195,2021-02-07,06:00:00,0,0,0,FMN GV 10 Beerse
39,Antwerpseweg 195,2021-02-07,07:00:00,0,0,0,FMN GV 10 Beerse
39,Antwerpseweg 195,2021-02-07,08:00:00,0,0,0,FMN GV 10 Beerse
39,Antwerpseweg 195,2021-02-07,09:00:00,1,1,0,FMN GV 10 Beerse
39,Antwerpseweg 195,2021-02-07,10:00:00,4,3,1,FMN GV 10 Beerse
39,Antwerpseweg 195,2021-02-07,11:00:00,2,0,2,FMN GV 10 Beerse
39,Antwerpseweg 195,2021-02-07,12:00:00,1,1,0,FMN GV 10 Beerse
39,Antwerpseweg 195,2021-02-07,13:00:00,3,0,3,FMN GV 10 Beerse
39,Antwerpseweg 195,2021-02-07,14:00:00,0,0,0,FMN GV 10 Beerse
39,Antwerpseweg 195,2021-02-07,15:00:00,0,0,0,FMN GV 10 Beerse
39,Antwerpseweg 195,2021-02-07,16:00:00,0,0,0,FMN GV 10 Beerse
39,Antwerpseweg 195,2021-02-07,17:00:00,2,2,0,FMN GV 10 Beerse
39,Antwerpseweg 195,2021-02-07,18:00:00,0,0,0,FMN GV 10 Beerse
39,Antwerpseweg 195,2021-02-07,19:00:00,0,0,0,FMN GV 10 Beerse
39,Antwerpseweg 195,2021-02-07,20:00:00,0,0,0,FMN GV 10 Beerse
39,Antwerpseweg 195,2021-02-07,21:00:00,0,0,0,FMN GV 10 Beerse
39,Antwerpseweg 195,2021-02-07,22:00:00,0,0,0,FMN GV 10 Beerse
39,Antwerpseweg 195,2021-02-07,23:00:00,0,0,0,FMN GV 10 Beerse
39,Antwerpseweg 195,2021-02-08,00:00:00,0,0,0,FMN GV 10 Beerse
39,Antwerpseweg 195,2021-02-08,01:00:00,0,0,0,FMN GV 10 Beerse
39,Antwerpseweg 195,2021-02-08,02:00:00,0,0,0,FMN GV 10 Beerse
39,Antwerpseweg 195,2021-02-08,03:00:00,0,0,0,FMN GV 10 Beerse
39,Antwerpseweg 195,2021-02-08,04:00:00,2,2,0,FMN GV 10 Beerse
39,Antwerpseweg 195,2021-02-08,05:00:00,0,0,0,FMN GV 10 Beerse
39,Antwerpseweg 195,2021-02-08,06:00:00,0,0,0,FMN GV 10 Beerse
39,Antwerpseweg 195,2021-02-08,07:00:00,0,0,0,FMN GV 10 Beerse
39,Antwerpseweg 195,2021-02-08,08:00:00,0,0,0,FMN GV 10 Beerse
39,Antwerpseweg 195,2021-02-08,09:00:00,0,0,0,FMN GV 10 Beerse
39,Antwerpseweg 195,2021-02-08,10:00:00,0,0,0,FMN GV 10 Beerse
39,Antwerpseweg 195,2021-02-08,11:00:00,0,0,0,FMN GV 10 Beerse
39,Antwerpseweg 195,2021-02-08,12:00:00,0,0,0,FMN GV 10 Beerse
39,Antwerpseweg 195,2021-02-08,13:00:00,0,0,0,FMN GV 10 Beerse
39,Antwerpseweg 195,2021-02-08,14:00:00,0,0,0,FMN GV 10 Beerse
39,Antwerpseweg 195,2021-02-08,15:00:00,0,0,0,FMN GV 10 Beerse
39,Antwerpseweg 195,2021-02-08,16:00:00,0,0,0,FMN GV 10 Beerse
39,Antwerpseweg 195,2021-02-08,17:00:00,0,0,0,FMN GV 10 Beerse
39,Antwerpseweg 195,2021-02-08,18:00:00,0,0,0,FMN GV 10 Beerse
39,Antwerpseweg 195,2021-02-08,19:00:00,0,0,0,FMN GV 10 Beerse
39,Antwerpseweg 195,2021-02-08,20:00:00,0,0,0,FMN GV 10 Beerse
39,Antwerpseweg 195,2021-02-08,21:00:00,0,0,0,FMN GV 10 Beerse
39,Antwerpseweg 195,2021-02-08,22:00:00,3,3,0,FMN GV 10 Beerse
39,Antwerpseweg 195,2021-02-08,23:00:00,0,0,0,FMN GV 10 Beerse
39,Antwerpseweg 195,2021-02-09,00:00:00,0,0,0,FMN GV 10 Beerse
39,Antwerpseweg 195,2021-02-09,01:00:00,0,0,0,FMN GV 10 Beerse
39,Antwerpseweg 195,2021-02-09,02:00:00,0,0,0,FMN GV 10 Beerse
39,Antwerpseweg 195,2021-02-09,03:00:00,0,0,0,FMN GV 10 Beerse
39,Antwerpseweg 195,2021-02-09,04:00:00,0,0,0,FMN GV 10 Beerse
39,Antwerpseweg 195,2021-02-09,05:00:00,0,0,0,FMN GV 10 Beerse
39,Antwerpseweg 195,2021-02-09,06:00:00,0,0,0,FMN GV 10 Beerse
39,Antwerpseweg 195,2021-02-09,07:00:00,0,0,0,FMN GV 10 Beerse
39,Antwerpseweg 195,2021-02-09,08:00:00,0,0,0,FMN GV 10 Beerse
39,Antwerpseweg 195,2021-02-09,09:00:00,0,0,0,FMN GV 10 Beerse
39,Antwerpseweg 195,2021-02-09,10:00:00,0,0,0,FMN GV 10 Beerse
39,Antwerpseweg 195,2021-02-09,11:00:00,2,1,1,FMN GV 10 Beerse
39,Antwerpseweg 195,2021-02-09,12:00:00,0,0,0,FMN GV 10 Beerse
39,Antwerpseweg 195,2021-02-09,13:00:00,3,3,0,FMN GV 10 Beerse
39,Antwerpseweg 195,2021-02-09,14:00:00,0,0,0,FMN GV 10 Beerse
39,Antwerpseweg 195,2021-02-09,15:00:00,0,0,0,FMN GV 10 Beerse
39,Antwerpseweg 195,2021-02-09,16:00:00,0,0,0,FMN GV 10 Beerse
39,Antwerpseweg 195,2021-02-09,17:00:00,0,0,0,FMN GV 10 Beerse
39,Antwerpseweg 195,2021-02-09,18:00:00,0,0,0,FMN GV 10 Beerse
39,Antwerpseweg 195,2021-02-09,19:00:00,0,0,0,FMN GV 10 Beerse
39,Antwerpseweg 195,2021-02-09,20:00:00,0,0,0,FMN GV 10 Beerse
39,Antwerpseweg 195,2021-02-09,21:00:00,0,0,0,FMN GV 10 Beerse
39,Antwerpseweg 195,2021-02-09,22:00:00,0,0,0,FMN GV 10 Beerse
39,Antwerpseweg 195,2021-02-09,23:00:00,0,0,0,FMN GV 10 Beerse
39,Antwerpseweg 195,2021-02-10,00:00:00,0,0,0,FMN GV 10 Beerse
39,Antwerpseweg 195,2021-02-10,01:00:00,0,0,0,FMN GV 10 Beerse
39,Antwerpseweg 195,2021-02-10,02:00:00,0,0,0,FMN GV 10 Beerse
39,Antwerpseweg 195,2021-02-10,03:00:00,0,0,0,FMN GV 10 Beerse
39,Antwerpseweg 195,2021-02-10,04:00:00,0,0,0,FMN GV 10 Beerse
39,Antwerpseweg 195,2021-02-10,05:00:00,0,0,0,FMN GV 10 Beerse
39,Antwerpseweg 195,2021-02-10,06:00:00,0,0,0,FMN GV 10 Beerse
39,Antwerpseweg 195,2021-02-10,07:00:00,0,0,0,FMN GV 10 Beerse
39,Antwerpseweg 195,2021-02-10,08:00:00,0,0,0,FMN GV 10 Beerse
39,Antwerpseweg 195,2021-02-10,09:00:00,0,0,0,FMN GV 10 Beerse
39,Antwerpseweg 195,2021-02-10,10:00:00,0,0,0,FMN GV 10 Beerse
39,Antwerpseweg 195,2021-02-10,11:00:00,0,0,0,FMN GV 10 Beerse
39,Antwerpseweg 195,2021-02-10,12:00:00,3,3,0,FMN GV 10 Beerse
39,Antwerpseweg 195,2021-02-10,13:00:00,1,1,0,FMN GV 10 Beerse
39,Antwerpseweg 195,2021-02-10,14:00:00,0,0,0,FMN GV 10 Beerse
39,Antwerpseweg 195,2021-02-10,15:00:00,1,1,0,FMN GV 10 Beerse
39,Antwerpseweg 195,2021-02-10,16:00:00,6,4,2,FMN GV 10 Beerse
39,Antwerpseweg 195,2021-02-10,17:00:00,6,3,3,FMN GV 10 Beerse
39,Antwerpseweg 195,2021-02-10,18:00:00,2,1,1,FMN GV 10 Beerse
39,Antwerpseweg 195,2021-02-10,19:00:00,0,0,0,FMN GV 10 Beerse
39,Antwerpseweg 195,2021-02-10,20:00:00,0,0,0,FMN GV 10 Beerse
39,Antwerpseweg 195,2021-02-10,21:00:00,1,1,0,FMN GV 10 Beerse
39,Antwerpseweg 195,2021-02-10,22:00:00,0,0,0,FMN GV 10 Beerse
39,Antwerpseweg 195,2021-02-10,23:00:00,0,0,0,FMN GV 10 Beerse
39,Antwerpseweg 195,2021-02-11,00:00:00,0,0,0,FMN GV 10 Beerse
39,Antwerpseweg 195,2021-02-11,01:00:00,0,0,0,FMN GV 10 Beerse
39,Antwerpseweg 195,2021-02-11,02:00:00,0,0,0,FMN GV 10 Beerse
39,Antwerpseweg 195,2021-02-11,03:00:00,0,0,0,FMN GV 10 Beerse
39,Antwerpseweg 195,2021-02-11,04:00:00,0,0,0,FMN GV 10 Beerse
39,Antwerpseweg 195,2021-02-11,05:00:00,0,0,0,FMN GV 10 Beerse
39,Antwerpseweg 195,2021-02-11,06:00:00,1,1,0,FMN GV 10 Beerse
39,Antwerpseweg 195,2021-02-11,07:00:00,1,1,0,FMN GV 10 Beerse
39,Antwerpseweg 195,2021-02-11,08:00:00,1,0,1,FMN GV 10 Beerse
39,Antwerpseweg 195,2021-02-11,09:00:00,1,1,0,FMN GV 10 Beerse
39,Antwerpseweg 195,2021-02-11,10:00:00,1,1,0,FMN GV 10 Beerse
39,Antwerpseweg 195,2021-02-11,11:00:00,1,1,0,FMN GV 10 Beerse
39,Antwerpseweg 195,2021-02-11,12:00:00,4,4,0,FMN GV 10 Beerse
39,Antwerpseweg 195,2021-02-11,13:00:00,6,3,3,FMN GV 10 Beerse
39,Antwerpseweg 195,2021-02-11,14:00:00,3,3,0,FMN GV 10 Beerse
39,Antwerpseweg 195,2021-02-11,15:00:00,2,2,0,FMN GV 10 Beerse
39,Antwerpseweg 195,2021-02-11,16:00:00,4,2,2,FMN GV 10 Beerse
39,Antwerpseweg 195,2021-02-11,17:00:00,4,4,0,FMN GV 10 Beerse
39,Antwerpseweg 195,2021-02-11,18:00:00,3,3,0,FMN GV 10 Beerse
39,Antwerpseweg 195,2021-02-11,19:00:00,0,0,0,FMN GV 10 Beerse
39,Antwerpseweg 195,2021-02-11,20:00:00,0,0,0,FMN GV 10 Beerse
39,Antwerpseweg 195,2021-02-11,21:00:00,0,0,0,FMN GV 10 Beerse
39,Antwerpseweg 195,2021-02-11,22:00:00,0,0,0,FMN GV 10 Beerse
39,Antwerpseweg 195,2021-02-11,23:00:00,0,0,0,FMN GV 10 Beerse
39,Antwerpseweg 195,2021-02-12,00:00:00,0,0,0,FMN GV 10 Beerse
39,Antwerpseweg 195,2021-02-12,01:00:00,0,0,0,FMN GV 10 Beerse
39,Antwerpseweg 195,2021-02-12,02:00:00,0,0,0,FMN GV 10 Beerse
39,Antwerpseweg 195,2021-02-12,03:00:00,0,0,0,FMN GV 10 Beerse
39,Antwerpseweg 195,2021-02-12,04:00:00,0,0,0,FMN GV 10 Beerse
39,Antwerpseweg 195,2021-02-12,05:00:00,2,2,0,FMN GV 10 Beerse
39,Antwerpseweg 195,2021-02-12,06:00:00,0,0,0,FMN GV 10 Beerse
39,Antwerpseweg 195,2021-02-12,07:00:00,3,3,0,FMN GV 10 Beerse
39,Antwerpseweg 195,2021-02-12,08:00:00,0,0,0,FMN GV 10 Beerse
39,Antwerpseweg 195,2021-02-12,09:00:00,0,0,0,FMN GV 10 Beerse
39,Antwerpseweg 195,2021-02-12,10:00:00,1,1,0,FMN GV 10 Beerse
39,Antwerpseweg 195,2021-02-12,11:00:00,3,1,2,FMN GV 10 Beerse
39,Antwerpseweg 195,2021-02-12,12:00:00,1,1,0,FMN GV 10 Beerse
39,Antwerpseweg 195,2021-02-12,13:00:00,9,6,3,FMN GV 10 Beerse
39,Antwerpseweg 195,2021-02-12,14:00:00,7,6,1,FMN GV 10 Beerse
39,Antwerpseweg 195,2021-02-12,15:00:00,2,2,0,FMN GV 10 Beerse
39,Antwerpseweg 195,2021-02-12,16:00:00,6,3,3,FMN GV 10 Beerse
39,Antwerpseweg 195,2021-02-12,17:00:00,8,7,1,FMN GV 10 Beerse
39,Antwerpseweg 195,2021-02-12,18:00:00,0,0,0,FMN GV 10 Beerse
39,Antwerpseweg 195,2021-02-12,19:00:00,2,0,2,FMN GV 10 Beerse
39,Antwerpseweg 195,2021-02-12,20:00:00,0,0,0,FMN GV 10 Beerse
39,Antwerpseweg 195,2021-02-12,21:00:00,0,0,0,FMN GV 10 Beerse
39,Antwerpseweg 195,2021-02-12,22:00:00,0,0,0,FMN GV 10 Beerse
39,Antwerpseweg 195,2021-02-12,23:00:00,1,0,1,FMN GV 10 Beerse
39,Antwerpseweg 195,2021-02-13,00:00:00,0,0,0,FMN GV 10 Beerse
39,Antwerpseweg 195,2021-02-13,01:00:00,0,0,0,FMN GV 10 Beerse
39,Antwerpseweg 195,2021-02-13,02:00:00,0,0,0,FMN GV 10 Beerse
39,Antwerpseweg 195,2021-02-13,03:00:00,0,0,0,FMN GV 10 Beerse
39,Antwerpseweg 195,2021-02-13,04:00:00,0,0,0,FMN GV 10 Beerse
39,Antwerpseweg 195,2021-02-13,05:00:00,0,0,0,FMN GV 10 Beerse
39,Antwerpseweg 195,2021-02-13,06:00:00,0,0,0,FMN GV 10 Beerse
39,Antwerpseweg 195,2021-02-13,07:00:00,0,0,0,FMN GV 10 Beerse
39,Antwerpseweg 195,2021-02-13,08:00:00,0,0,0,FMN GV 10 Beerse
39,Antwerpseweg 195,2021-02-13,09:00:00,0,0,0,FMN GV 10 Beerse
39,Antwerpseweg 195,2021-02-13,10:00:00,1,1,0,FMN GV 10 Beerse
39,Antwerpseweg 195,2021-02-13,11:00:00,0,0,0,FMN GV 10 Beerse
39,Antwerpseweg 195,2021-02-13,12:00:00,2,2,0,FMN GV 10 Beerse
39,Antwerpseweg 195,2021-02-13,13:00:00,7,4,3,FMN GV 10 Beerse
39,Antwerpseweg 195,2021-02-13,14:00:00,6,6,0,FMN GV 10 Beerse
39,Antwerpseweg 195,2021-02-13,15:00:00,3,3,0,FMN GV 10 Beerse
39,Antwerpseweg 195,2021-02-13,16:00:00,0,0,0,FMN GV 10 Beerse
39,Antwerpseweg 195,2021-02-13,17:00:00,2,1,1,FMN GV 10 Beerse
39,Antwerpseweg 195,2021-02-13,18:00:00,2,2,0,FMN GV 10 Beerse
39,Antwerpseweg 195,2021-02-13,19:00:00,0,0,0,FMN GV 10 Beerse
39,Antwerpseweg 195,2021-02-13,20:00:00,1,1,0,FMN GV 10 Beerse
39,Antwerpseweg 195,2021-02-13,21:00:00,0,0,0,FMN GV 10 Beerse
39,Antwerpseweg 195,2021-02-13,22:00:00,0,0,0,FMN GV 10 Beerse
39,Antwerpseweg 195,2021-02-13,23:00:00,0,0,0,FMN GV 10 Beerse
39,Antwerpseweg 195,2021-02-14,00:00:00,0,0,0,FMN GV 10 Beerse
39,Antwerpseweg 195,2021-02-14,01:00:00,0,0,0,FMN GV 10 Beerse
39,Antwerpseweg 195,2021-02-14,02:00:00,0,0,0,FMN GV 10 Beerse
39,Antwerpseweg 195,2021-02-14,03:00:00,0,0,0,FMN GV 10 Beerse
39,Antwerpseweg 195,2021-02-14,04:00:00,0,0,0,FMN GV 10 Beerse
39,Antwerpseweg 195,2021-02-14,05:00:00,0,0,0,FMN GV 10 Beerse
39,Antwerpseweg 195,2021-02-14,06:00:00,0,0,0,FMN GV 10 Beerse
39,Antwerpseweg 195,2021-02-14,07:00:00,0,0,0,FMN GV 10 Beerse
39,Antwerpseweg 195,2021-02-14,08:00:00,0,0,0,FMN GV 10 Beerse
39,Antwerpseweg 195,2021-02-14,09:00:00,1,1,0,FMN GV 10 Beerse
39,Antwerpseweg 195,2021-02-14,10:00:00,0,0,0,FMN GV 10 Beerse
39,Antwerpseweg 195,2021-02-14,11:00:00,1,1,0,FMN GV 10 Beerse
39,Antwerpseweg 195,2021-02-14,12:00:00,1,1,0,FMN GV 10 Beerse
39,Antwerpseweg 195,2021-02-14,13:00:00,9,6,3,FMN GV 10 Beerse
39,Antwerpseweg 195,2021-02-14,14:00:00,4,2,2,FMN GV 10 Beerse
39,Antwerpseweg 195,2021-02-14,15:00:00,4,4,0,FMN GV 10 Beerse
39,Antwerpseweg 195,2021-02-14,16:00:00,6,4,2,FMN GV 10 Beerse
39,Antwerpseweg 195,2021-02-14,17:00:00,3,3,0,FMN GV 10 Beerse
39,Antwerpseweg 195,2021-02-14,18:00:00,2,1,1,FMN GV 10 Beerse
39,Antwerpseweg 195,2021-02-14,19:00:00,0,0,0,FMN GV 10 Beerse
39,Antwerpseweg 195,2021-02-14,20:00:00,2,2,0,FMN GV 10 Beerse
39,Antwerpseweg 195,2021-02-14,21:00:00,0,0,0,FMN GV 10 Beerse
39,Antwerpseweg 195,2021-02-14,22:00:00,0,0,0,FMN GV 10 Beerse
39,Antwerpseweg 195,2021-02-14,23:00:00,2,2,0,FMN GV 10 Beerse
39,Antwerpseweg 195,2021-02-15,00:00:00,0,0,0,FMN GV 10 Beerse
39,Antwerpseweg 195,2021-02-15,01:00:00,0,0,0,FMN GV 10 Beerse
39,Antwerpseweg 195,2021-02-15,02:00:00,0,0,0,FMN GV 10 Beerse
39,Antwerpseweg 195,2021-02-15,03:00:00,0,0,0,FMN GV 10 Beerse
39,Antwerpseweg 195,2021-02-15,04:00:00,0,0,0,FMN GV 10 Beerse
39,Antwerpseweg 195,2021-02-15,05:00:00,0,0,0,FMN GV 10 Beerse
39,Antwerpseweg 195,2021-02-15,06:00:00,8,8,0,FMN GV 10 Beerse
39,Antwerpseweg 195,2021-02-15,07:00:00,4,4,0,FMN GV 10 Beerse
39,Antwerpseweg 195,2021-02-15,08:00:00,3,3,0,FMN GV 10 Beerse
39,Antwerpseweg 195,2021-02-15,09:00:00,2,2,0,FMN GV 10 Beerse
39,Antwerpseweg 195,2021-02-15,10:00:00,0,0,0,FMN GV 10 Beerse
39,Antwerpseweg 195,2021-02-15,11:00:00,0,0,0,FMN GV 10 Beerse
39,Antwerpseweg 195,2021-02-15,12:00:00,2,2,0,FMN GV 10 Beerse
39,Antwerpseweg 195,2021-02-15,13:00:00,7,5,2,FMN GV 10 Beerse
39,Antwerpseweg 195,2021-02-15,14:00:00,2,2,0,FMN GV 10 Beerse
39,Antwerpseweg 195,2021-02-15,15:00:00,6,2,4,FMN GV 10 Beerse
39,Antwerpseweg 195,2021-02-15,16:00:00,7,5,2,FMN GV 10 Beerse
39,Antwerpseweg 195,2021-02-15,17:00:00,12,10,2,FMN GV 10 Beerse
39,Antwerpseweg 195,2021-02-15,18:00:00,1,1,0,FMN GV 10 Beerse
39,Antwerpseweg 195,2021-02-15,19:00:00,1,1,0,FMN GV 10 Beerse
39,Antwerpseweg 195,2021-02-15,20:00:00,1,1,0,FMN GV 10 Beerse
39,Antwerpseweg 195,2021-02-15,21:00:00,1,1,0,FMN GV 10 Beerse
39,Antwerpseweg 195,2021-02-15,22:00:00,3,0,3,FMN GV 10 Beerse
39,Antwerpseweg 195,2021-02-15,23:00:00,1,1,0,FMN GV 10 Beerse
39,Antwerpseweg 195,2021-02-16,00:00:00,0,0,0,FMN GV 10 Beerse
39,Antwerpseweg 195,2021-02-16,01:00:00,0,0,0,FMN GV 10 Beerse
39,Antwerpseweg 195,2021-02-16,02:00:00,0,0,0,FMN GV 10 Beerse
39,Antwerpseweg 195,2021-02-16,03:00:00,0,0,0,FMN GV 10 Beerse
39,Antwerpseweg 195,2021-02-16,04:00:00,0,0,0,FMN GV 10 Beerse
39,Antwerpseweg 195,2021-02-16,05:00:00,4,4,0,FMN GV 10 Beerse
39,Antwerpseweg 195,2021-02-16,06:00:00,9,9,0,FMN GV 10 Beerse
39,Antwerpseweg 195,2021-02-16,07:00:00,12,11,1,FMN GV 10 Beerse
39,Antwerpseweg 195,2021-02-16,08:00:00,6,5,1,FMN GV 10 Beerse
39,Antwerpseweg 195,2021-02-16,09:00:00,6,2,4,FMN GV 10 Beerse
39,Antwerpseweg 195,2021-02-16,10:00:00,3,3,0,FMN GV 10 Beerse
39,Antwerpseweg 195,2021-02-16,11:00:00,8,8,0,FMN GV 10 Beerse
39,Antwerpseweg 195,2021-02-16,12:00:00,12,10,2,FMN GV 10 Beerse
39,Antwerpseweg 195,2021-02-16,13:00:00,15,9,6,FMN GV 10 Beerse
39,Antwerpseweg 195,2021-02-16,14:00:00,22,16,6,FMN GV 10 Beerse
39,Antwerpseweg 195,2021-02-16,15:00:00,23,14,9,FMN GV 10 Beerse
39,Antwerpseweg 195,2021-02-16,16:00:00,19,10,9,FMN GV 10 Beerse
39,Antwerpseweg 195,2021-02-16,17:00:00,17,14,3,FMN GV 10 Beerse
39,Antwerpseweg 195,2021-02-16,18:00:00,5,4,1,FMN GV 10 Beerse
39,Antwerpseweg 195,2021-02-16,19:00:00,0,0,0,FMN GV 10 Beerse
39,Antwerpseweg 195,2021-02-16,20:00:00,1,1,0,FMN GV 10 Beerse
39,Antwerpseweg 195,2021-02-16,21:00:00,5,5,0,FMN GV 10 Beerse
39,Antwerpseweg 195,2021-02-16,22:00:00,6,2,4,FMN GV 10 Beerse
39,Antwerpseweg 195,2021-02-16,23:00:00,0,0,0,FMN GV 10 Beerse
39,Antwerpseweg 195,2021-02-17,00:00:00,0,0,0,FMN GV 10 Beerse
39,Antwerpseweg 195,2021-02-17,01:00:00,0,0,0,FMN GV 10 Beerse
39,Antwerpseweg 195,2021-02-17,02:00:00,0,0,0,FMN GV 10 Beerse
39,Antwerpseweg 195,2021-02-17,03:00:00,0,0,0,FMN GV 10 Beerse
39,Antwerpseweg 195,2021-02-17,04:00:00,0,0,0,FMN GV 10 Beerse
39,Antwerpseweg 195,2021-02-17,05:00:00,6,6,0,FMN GV 10 Beerse
39,Antwerpseweg 195,2021-02-17,06:00:00,10,10,0,FMN GV 10 Beerse
39,Antwerpseweg 195,2021-02-17,07:00:00,19,17,2,FMN GV 10 Beerse
39,Antwerpseweg 195,2021-02-17,08:00:00,5,4,1,FMN GV 10 Beerse
39,Antwerpseweg 195,2021-02-17,09:00:00,10,6,4,FMN GV 10 Beerse
39,Antwerpseweg 195,2021-02-17,10:00:00,12,8,4,FMN GV 10 Beerse
39,Antwerpseweg 195,2021-02-17,11:00:00,10,6,4,FMN GV 10 Beerse
39,Antwerpseweg 195,2021-02-17,12:00:00,15,7,8,FMN GV 10 Beerse
39,Antwerpseweg 195,2021-02-17,13:00:00,23,19,4,FMN GV 10 Beerse
39,Antwerpseweg 195,2021-02-17,14:00:00,34,24,10,FMN GV 10 Beerse
39,Antwerpseweg 195,2021-02-17,15:00:00,19,14,5,FMN GV 10 Beerse
39,Antwerpseweg 195,2021-02-17,16:00:00,16,12,4,FMN GV 10 Beerse
39,Antwerpseweg 195,2021-02-17,17:00:00,23,16,7,FMN GV 10 Beerse
39,Antwerpseweg 195,2021-02-17,18:00:00,12,12,0,FMN GV 10 Beerse
39,Antwerpseweg 195,2021-02-17,19:00:00,4,2,2,FMN GV 10 Beerse
39,Antwerpseweg 195,2021-02-17,20:00:00,3,3,0,FMN GV 10 Beerse
39,Antwerpseweg 195,2021-02-17,21:00:00,2,2,0,FMN GV 10 Beerse
39,Antwerpseweg 195,2021-02-17,22:00:00,5,2,3,FMN GV 10 Beerse
39,Antwerpseweg 195,2021-02-17,23:00:00,0,0,0,FMN GV 10 Beerse
39,Antwerpseweg 195,2021-02-18,00:00:00,0,0,0,FMN GV 10 Beerse
39,Antwerpseweg 195,2021-02-18,01:00:00,0,0,0,FMN GV 10 Beerse
39,Antwerpseweg 195,2021-02-18,02:00:00,0,0,0,FMN GV 10 Beerse
39,Antwerpseweg 195,2021-02-18,03:00:00,0,0,0,FMN GV 10 Beerse
39,Antwerpseweg 195,2021-02-18,04:00:00,0,0,0,FMN GV 10 Beerse
39,Antwerpseweg 195,2021-02-18,05:00:00,9,9,0,FMN GV 10 Beerse
39,Antwerpseweg 195,2021-02-18,06:00:00,4,4,0,FMN GV 10 Beerse
39,Antwerpseweg 195,2021-02-18,07:00:00,19,15,4,FMN GV 10 Beerse
39,Antwerpseweg 195,2021-02-18,08:00:00,4,4,0,FMN GV 10 Beerse
39,Antwerpseweg 195,2021-02-18,09:00:00,6,5,1,FMN GV 10 Beerse
39,Antwerpseweg 195,2021-02-18,10:00:00,9,3,6,FMN GV 10 Beerse
39,Antwerpseweg 195,2021-02-18,11:00:00,6,5,1,FMN GV 10 Beerse
39,Antwerpseweg 195,2021-02-18,12:00:00,12,8,4,FMN GV 10 Beerse
39,Antwerpseweg 195,2021-02-18,13:00:00,17,13,4,FMN GV 10 Beerse
39,Antwerpseweg 195,2021-02-18,14:00:00,10,5,5,FMN GV 10 Beerse
39,Antwerpseweg 195,2021-02-18,15:00:00,12,6,6,FMN GV 10 Beerse
39,Antwerpseweg 195,2021-02-18,16:00:00,10,7,3,FMN GV 10 Beerse
39,Antwerpseweg 195,2021-02-18,17:00:00,15,11,4,FMN GV 10 Beerse
39,Antwerpseweg 195,2021-02-18,18:00:00,4,4,0,FMN GV 10 Beerse
39,Antwerpseweg 195,2021-02-18,19:00:00,2,2,0,FMN GV 10 Beerse
39,Antwerpseweg 195,2021-02-18,20:00:00,1,0,1,FMN GV 10 Beerse
39,Antwerpseweg 195,2021-02-18,21:00:00,2,2,0,FMN GV 10 Beerse
39,Antwerpseweg 195,2021-02-18,22:00:00,5,4,1,FMN GV 10 Beerse
39,Antwerpseweg 195,2021-02-18,23:00:00,0,0,0,FMN GV 10 Beerse
39,Antwerpseweg 195,2021-02-19,00:00:00,0,0,0,FMN GV 10 Beerse
39,Antwerpseweg 195,2021-02-19,01:00:00,0,0,0,FMN GV 10 Beerse
39,Antwerpseweg 195,2021-02-19,02:00:00,0,0,0,FMN GV 10 Beerse
39,Antwerpseweg 195,2021-02-19,03:00:00,0,0,0,FMN GV 10 Beerse
39,Antwerpseweg 195,2021-02-19,04:00:00,1,1,0,FMN GV 10 Beerse
39,Antwerpseweg 195,2021-02-19,05:00:00,4,4,0,FMN GV 10 Beerse
39,Antwerpseweg 195,2021-02-19,06:00:00,5,4,1,FMN GV 10 Beerse
39,Antwerpseweg 195,2021-02-19,07:00:00,12,6,6,FMN GV 10 Beerse
39,Antwerpseweg 195,2021-02-19,08:00:00,9,8,1,FMN GV 10 Beerse
39,Antwerpseweg 195,2021-02-19,09:00:00,10,7,3,FMN GV 10 Beerse
39,Antwerpseweg 195,2021-02-19,10:00:00,16,9,7,FMN GV 10 Beerse
39,Antwerpseweg 195,2021-02-19,11:00:00,18,13,5,FMN GV 10 Beerse
39,Antwerpseweg 195,2021-02-19,12:00:00,17,7,10,FMN GV 10 Beerse
39,Antwerpseweg 195,2021-02-19,13:00:00,17,11,6,FMN GV 10 Beerse
39,Antwerpseweg 195,2021-02-19,14:00:00,29,18,11,FMN GV 10 Beerse
39,Antwerpseweg 195,2021-02-19,15:00:00,32,21,11,FMN GV 10 Beerse
39,Antwerpseweg 195,2021-02-19,16:00:00,26,19,7,FMN GV 10 Beerse
39,Antwerpseweg 195,2021-02-19,17:00:00,9,8,1,FMN GV 10 Beerse
39,Antwerpseweg 195,2021-02-19,18:00:00,11,7,4,FMN GV 10 Beerse
39,Antwerpseweg 195,2021-02-19,19:00:00,1,1,0,FMN GV 10 Beerse
39,Antwerpseweg 195,2021-02-19,20:00:00,3,1,2,FMN GV 10 Beerse
39,Antwerpseweg 195,2021-02-19,21:00:00,2,1,1,FMN GV 10 Beerse
39,Antwerpseweg 195,2021-02-19,22:00:00,1,1,0,FMN GV 10 Beerse
39,Antwerpseweg 195,2021-02-19,23:00:00,2,2,0,FMN GV 10 Beerse
39,Antwerpseweg 195,2021-02-20,00:00:00,0,0,0,FMN GV 10 Beerse
39,Antwerpseweg 195,2021-02-20,01:00:00,0,0,0,FMN GV 10 Beerse
39,Antwerpseweg 195,2021-02-20,02:00:00,0,0,0,FMN GV 10 Beerse
39,Antwerpseweg 195,2021-02-20,03:00:00,0,0,0,FMN GV 10 Beerse
39,Antwerpseweg 195,2021-02-20,04:00:00,0,0,0,FMN GV 10 Beerse
39,Antwerpseweg 195,2021-02-20,05:00:00,4,4,0,FMN GV 10 Beerse
39,Antwerpseweg 195,2021-02-20,06:00:00,1,1,0,FMN GV 10 Beerse
39,Antwerpseweg 195,2021-02-20,07:00:00,1,1,0,FMN GV 10 Beerse
39,Antwerpseweg 195,2021-02-20,08:00:00,11,3,8,FMN GV 10 Beerse
39,Antwerpseweg 195,2021-02-20,09:00:00,4,3,1,FMN GV 10 Beerse
39,Antwerpseweg 195,2021-02-20,10:00:00,16,9,7,FMN GV 10 Beerse
39,Antwerpseweg 195,2021-02-20,11:00:00,18,15,3,FMN GV 10 Beerse
39,Antwerpseweg 195,2021-02-20,12:00:00,26,18,8,FMN GV 10 Beerse
39,Antwerpseweg 195,2021-02-20,13:00:00,67,51,16,FMN GV 10 Beerse
39,Antwerpseweg 195,2021-02-20,14:00:00,78,37,41,FMN GV 10 Beerse
39,Antwerpseweg 195,2021-02-20,15:00:00,52,37,15,FMN GV 10 Beerse
39,Antwerpseweg 195,2021-02-20,16:00:00,34,26,8,FMN GV 10 Beerse
39,Antwerpseweg 195,2021-02-20,17:00:00,27,16,11,FMN GV 10 Beerse
39,Antwerpseweg 195,2021-02-20,18:00:00,9,7,2,FMN GV 10 Beerse
39,Antwerpseweg 195,2021-02-20,19:00:00,2,1,1,FMN GV 10 Beerse
39,Antwerpseweg 195,2021-02-20,20:00:00,4,4,0,FMN GV 10 Beerse
39,Antwerpseweg 195,2021-02-20,21:00:00,0,0,0,FMN GV 10 Beerse
39,Antwerpseweg 195,2021-02-20,22:00:00,2,1,1,FMN GV 10 Beerse
39,Antwerpseweg 195,2021-02-20,23:00:00,11,7,4,FMN GV 10 Beerse
39,Antwerpseweg 195,2021-02-21,00:00:00,3,3,0,FMN GV 10 Beerse
39,Antwerpseweg 195,2021-02-21,01:00:00,0,0,0,FMN GV 10 Beerse
39,Antwerpseweg 195,2021-02-21,02:00:00,0,0,0,FMN GV 10 Beerse
39,Antwerpseweg 195,2021-02-21,03:00:00,0,0,0,FMN GV 10 Beerse
39,Antwerpseweg 195,2021-02-21,04:00:00,0,0,0,FMN GV 10 Beerse
39,Antwerpseweg 195,2021-02-21,05:00:00,1,1,0,FMN GV 10 Beerse
39,Antwerpseweg 195,2021-02-21,06:00:00,2,2,0,FMN GV 10 Beerse
39,Antwerpseweg 195,2021-02-21,07:00:00,3,1,2,FMN GV 10 Beerse
39,Antwerpseweg 195,2021-02-21,08:00:00,11,4,7,FMN GV 10 Beerse
39,Antwerpseweg 195,2021-02-21,09:00:00,28,17,11,FMN GV 10 Beerse
39,Antwerpseweg 195,2021-02-21,10:00:00,34,29,5,FMN GV 10 Beerse
39,Antwerpseweg 195,2021-02-21,11:00:00,68,45,23,FMN GV 10 Beerse
39,Antwerpseweg 195,2021-02-21,12:00:00,46,27,19,FMN GV 10 Beerse
39,Antwerpseweg 195,2021-02-21,13:00:00,123,57,66,FMN GV 10 Beerse
39,Antwerpseweg 195,2021-02-21,14:00:00,151,82,69,FMN GV 10 Beerse
39,Antwerpseweg 195,2021-02-21,15:00:00,121,75,46,FMN GV 10 Beerse
39,Antwerpseweg 195,2021-02-21,16:00:00,90,63,27,FMN GV 10 Beerse
39,Antwerpseweg 195,2021-02-21,17:00:00,37,29,8,FMN GV 10 Beerse
39,Antwerpseweg 195,2021-02-21,18:00:00,10,9,1,FMN GV 10 Beerse
39,Antwerpseweg 195,2021-02-21,19:00:00,7,4,3,FMN GV 10 Beerse
39,Antwerpseweg 195,2021-02-21,20:00:00,5,5,0,FMN GV 10 Beerse
39,Antwerpseweg 195,2021-02-21,21:00:00,6,5,1,FMN GV 10 Beerse
39,Antwerpseweg 195,2021-02-21,22:00:00,2,1,1,FMN GV 10 Beerse
39,Antwerpseweg 195,2021-02-21,23:00:00,0,0,0,FMN GV 10 Beerse
39,Antwerpseweg 195,2021-02-22,00:00:00,0,0,0,FMN GV 10 Beerse
39,Antwerpseweg 195,2021-02-22,01:00:00,0,0,0,FMN GV 10 Beerse
39,Antwerpseweg 195,2021-02-22,02:00:00,0,0,0,FMN GV 10 Beerse
39,Antwerpseweg 195,2021-02-22,03:00:00,0,0,0,FMN GV 10 Beerse
39,Antwerpseweg 195,2021-02-22,04:00:00,0,0,0,FMN GV 10 Beerse
39,Antwerpseweg 195,2021-02-22,05:00:00,10,10,0,FMN GV 10 Beerse
39,Antwerpseweg 195,2021-02-22,06:00:00,13,11,2,FMN GV 10 Beerse
39,Antwerpseweg 195,2021-02-22,07:00:00,44,38,6,FMN GV 10 Beerse
39,Antwerpseweg 195,2021-02-22,08:00:00,27,19,8,FMN GV 10 Beerse
39,Antwerpseweg 195,2021-02-22,09:00:00,13,10,3,FMN GV 10 Beerse
39,Antwerpseweg 195,2021-02-22,10:00:00,7,4,3,FMN GV 10 Beerse
39,Antwerpseweg 195,2021-02-22,11:00:00,28,16,12,FMN GV 10 Beerse
39,Antwerpseweg 195,2021-02-22,12:00:00,47,31,16,FMN GV 10 Beerse
39,Antwerpseweg 195,2021-02-22,13:00:00,53,32,21,FMN GV 10 Beerse
39,Antwerpseweg 195,2021-02-22,14:00:00,43,34,9,FMN GV 10 Beerse
39,Antwerpseweg 195,2021-02-22,15:00:00,48,33,15,FMN GV 10 Beerse
39,Antwerpseweg 195,2021-02-22,16:00:00,58,39,19,FMN GV 10 Beerse
39,Antwerpseweg 195,2021-02-22,17:00:00,33,27,6,FMN GV 10 Beerse
39,Antwerpseweg 195,2021-02-22,18:00:00,15,12,3,FMN GV 10 Beerse
39,Antwerpseweg 195,2021-02-22,19:00:00,10,10,0,FMN GV 10 Beerse
39,Antwerpseweg 195,2021-02-22,20:00:00,4,3,1,FMN GV 10 Beerse
39,Antwerpseweg 195,2021-02-22,21:00:00,3,3,0,FMN GV 10 Beerse
39,Antwerpseweg 195,2021-02-22,22:00:00,3,2,1,FMN GV 10 Beerse
39,Antwerpseweg 195,2021-02-22,23:00:00,0,0,0,FMN GV 10 Beerse
39,Antwerpseweg 195,2021-02-23,00:00:00,0,0,0,FMN GV 10 Beerse
39,Antwerpseweg 195,2021-02-23,01:00:00,0,0,0,FMN GV 10 Beerse
39,Antwerpseweg 195,2021-02-23,02:00:00,0,0,0,FMN GV 10 Beerse
39,Antwerpseweg 195,2021-02-23,03:00:00,0,0,0,FMN GV 10 Beerse
39,Antwerpseweg 195,2021-02-23,04:00:00,1,0,1,FMN GV 10 Beerse
39,Antwerpseweg 195,2021-02-23,05:00:00,11,10,1,FMN GV 10 Beerse
39,Antwerpseweg 195,2021-02-23,06:00:00,19,18,1,FMN GV 10 Beerse
39,Antwerpseweg 195,2021-02-23,07:00:00,41,35,6,FMN GV 10 Beerse
39,Antwerpseweg 195,2021-02-23,08:00:00,17,14,3,FMN GV 10 Beerse
39,Antwerpseweg 195,2021-02-23,09:00:00,9,6,3,FMN GV 10 Beerse
39,Antwerpseweg 195,2021-02-23,10:00:00,15,11,4,FMN GV 10 Beerse
39,Antwerpseweg 195,2021-02-23,11:00:00,10,5,5,FMN GV 10 Beerse
39,Antwerpseweg 195,2021-02-23,12:00:00,35,22,13,FMN GV 10 Beerse
39,Antwerpseweg 195,2021-02-23,13:00:00,58,33,25,FMN GV 10 Beerse
39,Antwerpseweg 195,2021-02-23,14:00:00,61,36,25,FMN GV 10 Beerse
39,Antwerpseweg 195,2021-02-23,15:00:00,71,53,18,FMN GV 10 Beerse
39,Antwerpseweg 195,2021-02-23,16:00:00,71,54,17,FMN GV 10 Beerse
39,Antwerpseweg 195,2021-02-23,17:00:00,41,34,7,FMN GV 10 Beerse
39,Antwerpseweg 195,2021-02-23,18:00:00,15,7,8,FMN GV 10 Beerse
39,Antwerpseweg 195,2021-02-23,19:00:00,4,2,2,FMN GV 10 Beerse
39,Antwerpseweg 195,2021-02-23,20:00:00,4,3,1,FMN GV 10 Beerse
39,Antwerpseweg 195,2021-02-23,21:00:00,3,3,0,FMN GV 10 Beerse
39,Antwerpseweg 195,2021-02-23,22:00:00,4,4,0,FMN GV 10 Beerse
39,Antwerpseweg 195,2021-02-23,23:00:00,1,1,0,FMN GV 10 Beerse
39,Antwerpseweg 195,2021-02-24,00:00:00,0,0,0,FMN GV 10 Beerse
39,Antwerpseweg 195,2021-02-24,01:00:00,0,0,0,FMN GV 10 Beerse
39,Antwerpseweg 195,2021-02-24,02:00:00,0,0,0,FMN GV 10 Beerse
39,Antwerpseweg 195,2021-02-24,03:00:00,0,0,0,FMN GV 10 Beerse
39,Antwerpseweg 195,2021-02-24,04:00:00,0,0,0,FMN GV 10 Beerse
39,Antwerpseweg 195,2021-02-24,05:00:00,15,15,0,FMN GV 10 Beerse
39,Antwerpseweg 195,2021-02-24,06:00:00,10,9,1,FMN GV 10 Beerse
39,Antwerpseweg 195,2021-02-24,07:00:00,47,40,7,FMN GV 10 Beerse
39,Antwerpseweg 195,2021-02-24,08:00:00,24,18,6,FMN GV 10 Beerse
39,Antwerpseweg 195,2021-02-24,09:00:00,14,12,2,FMN GV 10 Beerse
39,Antwerpseweg 195,2021-02-24,10:00:00,31,21,10,FMN GV 10 Beerse
39,Antwerpseweg 195,2021-02-24,11:00:00,24,11,13,FMN GV 10 Beerse
39,Antwerpseweg 195,2021-02-24,12:00:00,53,33,20,FMN GV 10 Beerse
39,Antwerpseweg 195,2021-02-24,13:00:00,74,50,24,FMN GV 10 Beerse
39,Antwerpseweg 195,2021-02-24,14:00:00,97,58,39,FMN GV 10 Beerse
39,Antwerpseweg 195,2021-02-24,15:00:00,80,57,23,FMN GV 10 Beerse
39,Antwerpseweg 195,2021-02-24,16:00:00,70,52,18,FMN GV 10 Beerse
39,Antwerpseweg 195,2021-02-24,17:00:00,46,37,9,FMN GV 10 Beerse
39,Antwerpseweg 195,2021-02-24,18:00:00,24,17,7,FMN GV 10 Beerse
39,Antwerpseweg 195,2021-02-24,19:00:00,8,7,1,FMN GV 10 Beerse
39,Antwerpseweg 195,2021-02-24,20:00:00,8,6,2,FMN GV 10 Beerse
39,Antwerpseweg 195,2021-02-24,21:00:00,5,5,0,FMN GV 10 Beerse
39,Antwerpseweg 195,2021-02-24,22:00:00,5,5,0,FMN GV 10 Beerse
39,Antwerpseweg 195,2021-02-24,23:00:00,0,0,0,FMN GV 10 Beerse
39,Antwerpseweg 195,2021-02-25,00:00:00,0,0,0,FMN GV 10 Beerse
39,Antwerpseweg 195,2021-02-25,01:00:00,0,0,0,FMN GV 10 Beerse
39,Antwerpseweg 195,2021-02-25,02:00:00,0,0,0,FMN GV 10 Beerse
39,Antwerpseweg 195,2021-02-25,03:00:00,0,0,0,FMN GV 10 Beerse
39,Antwerpseweg 195,2021-02-25,04:00:00,0,0,0,FMN GV 10 Beerse
39,Antwerpseweg 195,2021-02-25,05:00:00,10,9,1,FMN GV 10 Beerse
39,Antwerpseweg 195,2021-02-25,06:00:00,12,11,1,FMN GV 10 Beerse
39,Antwerpseweg 195,2021-02-25,07:00:00,33,29,4,FMN GV 10 Beerse
39,Antwerpseweg 195,2021-02-25,08:00:00,24,22,2,FMN GV 10 Beerse
39,Antwerpseweg 195,2021-02-25,09:00:00,12,9,3,FMN GV 10 Beerse
39,Antwerpseweg 195,2021-02-25,10:00:00,10,3,7,FMN GV 10 Beerse
39,Antwerpseweg 195,2021-02-25,11:00:00,16,11,5,FMN GV 10 Beerse
39,Antwerpseweg 195,2021-02-25,12:00:00,34,29,5,FMN GV 10 Beerse
39,Antwerpseweg 195,2021-02-25,13:00:00,39,25,14,FMN GV 10 Beerse
39,Antwerpseweg 195,2021-02-25,14:00:00,39,22,17,FMN GV 10 Beerse
39,Antwerpseweg 195,2021-02-25,15:00:00,77,59,18,FMN GV 10 Beerse
39,Antwerpseweg 195,2021-02-25,16:00:00,50,34,16,FMN GV 10 Beerse
39,Antwerpseweg 195,2021-02-25,17:00:00,18,13,5,FMN GV 10 Beerse
39,Antwerpseweg 195,2021-02-25,18:00:00,11,8,3,FMN GV 10 Beerse
39,Antwerpseweg 195,2021-02-25,19:00:00,2,1,1,FMN GV 10 Beerse
39,Antwerpseweg 195,2021-02-25,20:00:00,3,1,2,FMN GV 10 Beerse
39,Antwerpseweg 195,2021-02-25,21:00:00,3,3,0,FMN GV 10 Beerse
39,Antwerpseweg 195,2021-02-25,22:00:00,2,1,1,FMN GV 10 Beerse
39,Antwerpseweg 195,2021-02-25,23:00:00,1,1,0,FMN GV 10 Beerse
39,Antwerpseweg 195,2021-02-26,00:00:00,0,0,0,FMN GV 10 Beerse
39,Antwerpseweg 195,2021-02-26,01:00:00,0,0,0,FMN GV 10 Beerse
39,Antwerpseweg 195,2021-02-26,02:00:00,0,0,0,FMN GV 10 Beerse
39,Antwerpseweg 195,2021-02-26,03:00:00,0,0,0,FMN GV 10 Beerse
39,Antwerpseweg 195,2021-02-26,04:00:00,0,0,0,FMN GV 10 Beerse
39,Antwerpseweg 195,2021-02-26,05:00:00,8,8,0,FMN GV 10 Beerse
39,Antwerpseweg 195,2021-02-26,06:00:00,14,13,1,FMN GV 10 Beerse
39,Antwerpseweg 195,2021-02-26,07:00:00,38,32,6,FMN GV 10 Beerse
39,Antwerpseweg 195,2021-02-26,08:00:00,18,13,5,FMN GV 10 Beerse
39,Antwerpseweg 195,2021-02-26,09:00:00,6,5,1,FMN GV 10 Beerse
39,Antwerpseweg 195,2021-02-26,10:00:00,15,7,8,FMN GV 10 Beerse
39,Antwerpseweg 195,2021-02-26,11:00:00,16,15,1,FMN GV 10 Beerse
39,Antwerpseweg 195,2021-02-26,12:00:00,23,17,6,FMN GV 10 Beerse
39,Antwerpseweg 195,2021-02-26,13:00:00,35,25,10,FMN GV 10 Beerse
39,Antwerpseweg 195,2021-02-26,14:00:00,45,25,20,FMN GV 10 Beerse
39,Antwerpseweg 195,2021-02-26,15:00:00,51,34,17,FMN GV 10 Beerse
39,Antwerpseweg 195,2021-02-26,16:00:00,33,22,11,FMN GV 10 Beerse
39,Antwerpseweg 195,2021-02-26,17:00:00,32,22,10,FMN GV 10 Beerse
39,Antwerpseweg 195,2021-02-26,18:00:00,11,10,1,FMN GV 10 Beerse
39,Antwerpseweg 195,2021-02-26,19:00:00,5,2,3,FMN GV 10 Beerse
39,Antwerpseweg 195,2021-02-26,20:00:00,2,2,0,FMN GV 10 Beerse
39,Antwerpseweg 195,2021-02-26,21:00:00,1,1,0,FMN GV 10 Beerse
39,Antwerpseweg 195,2021-02-26,22:00:00,4,4,0,FMN GV 10 Beerse
39,Antwerpseweg 195,2021-02-26,23:00:00,2,2,0,FMN GV 10 Beerse
39,Antwerpseweg 195,2021-02-27,00:00:00,1,1,0,FMN GV 10 Beerse
39,Antwerpseweg 195,2021-02-27,01:00:00,0,0,0,FMN GV 10 Beerse
39,Antwerpseweg 195,2021-02-27,02:00:00,0,0,0,FMN GV 10 Beerse
39,Antwerpseweg 195,2021-02-27,03:00:00,0,0,0,FMN GV 10 Beerse
39,Antwerpseweg 195,2021-02-27,04:00:00,0,0,0,FMN GV 10 Beerse
39,Antwerpseweg 195,2021-02-27,05:00:00,3,3,0,FMN GV 10 Beerse
39,Antwerpseweg 195,2021-02-27,06:00:00,1,1,0,FMN GV 10 Beerse
39,Antwerpseweg 195,2021-02-27,07:00:00,1,1,0,FMN GV 10 Beerse
39,Antwerpseweg 195,2021-02-27,08:00:00,5,4,1,FMN GV 10 Beerse
39,Antwerpseweg 195,2021-02-27,09:00:00,7,3,4,FMN GV 10 Beerse
39,Antwerpseweg 195,2021-02-27,10:00:00,10,7,3,FMN GV 10 Beerse
39,Antwerpseweg 195,2021-02-27,11:00:00,16,10,6,FMN GV 10 Beerse
39,Antwerpseweg 195,2021-02-27,12:00:00,20,14,6,FMN GV 10 Beerse
39,Antwerpseweg 195,2021-02-27,13:00:00,14,9,5,FMN GV 10 Beerse
39,Antwerpseweg 195,2021-02-27,14:00:00,35,29,6,FMN GV 10 Beerse
39,Antwerpseweg 195,2021-02-27,15:00:00,31,16,15,FMN GV 10 Beerse
39,Antwerpseweg 195,2021-02-27,16:00:00,25,13,12,FMN GV 10 Beerse
39,Antwerpseweg 195,2021-02-27,17:00:00,25,19,6,FMN GV 10 Beerse
39,Antwerpseweg 195,2021-02-27,18:00:00,10,6,4,FMN GV 10 Beerse
39,Antwerpseweg 195,2021-02-27,19:00:00,3,3,0,FMN GV 10 Beerse
39,Antwerpseweg 195,2021-02-27,20:00:00,8,4,4,FMN GV 10 Beerse
39,Antwerpseweg 195,2021-02-27,21:00:00,1,1,0,FMN GV 10 Beerse
39,Antwerpseweg 195,2021-02-27,22:00:00,2,2,0,FMN GV 10 Beerse
39,Antwerpseweg 195,2021-02-27,23:00:00,5,2,3,FMN GV 10 Beerse
39,Antwerpseweg 195,2021-02-28,00:00:00,1,1,0,FMN GV 10 Beerse
39,Antwerpseweg 195,2021-02-28,01:00:00,0,0,0,FMN GV 10 Beerse
39,Antwerpseweg 195,2021-02-28,02:00:00,0,0,0,FMN GV 10 Beerse
39,Antwerpseweg 195,2021-02-28,03:00:00,0,0,0,FMN GV 10 Beerse
39,Antwerpseweg 195,2021-02-28,04:00:00,0,0,0,FMN GV 10 Beerse
39,Antwerpseweg 195,2021-02-28,05:00:00,0,0,0,FMN GV 10 Beerse
39,Antwerpseweg 195,2021-02-28,06:00:00,0,0,0,FMN GV 10 Beerse
39,Antwerpseweg 195,2021-02-28,07:00:00,2,2,0,FMN GV 10 Beerse
39,Antwerpseweg 195,2021-02-28,08:00:00,5,4,1,FMN GV 10 Beerse
39,Antwerpseweg 195,2021-02-28,09:00:00,8,4,4,FMN GV 10 Beerse
39,Antwerpseweg 195,2021-02-28,10:00:00,28,14,14,FMN GV 10 Beerse
39,Antwerpseweg 195,2021-02-28,11:00:00,44,29,15,FMN GV 10 Beerse
39,Antwerpseweg 195,2021-02-28,12:00:00,24,16,8,FMN GV 10 Beerse
39,Antwerpseweg 195,2021-02-28,13:00:00,36,24,12,FMN GV 10 Beerse
39,Antwerpseweg 195,2021-02-28,14:00:00,73,45,28,FMN GV 10 Beerse
39,Antwerpseweg 195,2021-02-28,15:00:00,54,42,12,FMN GV 10 Beerse
39,Antwerpseweg 195,2021-02-28,16:00:00,32,26,6,FMN GV 10 Beerse
39,Antwerpseweg 195,2021-02-28,17:00:00,12,5,7,FMN GV 10 Beerse
39,Antwerpseweg 195,2021-02-28,18:00:00,6,6,0,FMN GV 10 Beerse
39,Antwerpseweg 195,2021-02-28,19:00:00,2,1,1,FMN GV 10 Beerse
39,Antwerpseweg 195,2021-02-28,20:00:00,2,2,0,FMN GV 10 Beerse
39,Antwerpseweg 195,2021-02-28,21:00:00,3,3,0,FMN GV 10 Beerse
39,Antwerpseweg 195,2021-02-28,22:00:00,1,1,0,FMN GV 10 Beerse
39,Antwerpseweg 195,2021-02-28,23:00:00,0,0,0,FMN GV 10 Beerse
39,Antwerpseweg 195,2021-03-01,00:00:00,0,0,0,FMN GV 10 Beerse
39,Antwerpseweg 195,2021-03-01,01:00:00,0,0,0,FMN GV 10 Beerse
39,Antwerpseweg 195,2021-03-01,02:00:00,0,0,0,FMN GV 10 Beerse
39,Antwerpseweg 195,2021-03-01,03:00:00,0,0,0,FMN GV 10 Beerse
39,Antwerpseweg 195,2021-03-01,04:00:00,2,2,0,FMN GV 10 Beerse
39,Antwerpseweg 195,2021-03-01,05:00:00,10,9,1,FMN GV 10 Beerse
39,Antwerpseweg 195,2021-03-01,06:00:00,8,8,0,FMN GV 10 Beerse
39,Antwerpseweg 195,2021-03-01,07:00:00,40,32,8,FMN GV 10 Beerse
39,Antwerpseweg 195,2021-03-01,08:00:00,18,14,4,FMN GV 10 Beerse
39,Antwerpseweg 195,2021-03-01,09:00:00,9,7,2,FMN GV 10 Beerse
39,Antwerpseweg 195,2021-03-01,10:00:00,10,6,4,FMN GV 10 Beerse
39,Antwerpseweg 195,2021-03-01,11:00:00,7,6,1,FMN GV 10 Beerse
39,Antwerpseweg 195,2021-03-01,12:00:00,10,7,3,FMN GV 10 Beerse
39,Antwerpseweg 195,2021-03-01,13:00:00,23,17,6,FMN GV 10 Beerse
39,Antwerpseweg 195,2021-03-01,14:00:00,27,21,6,FMN GV 10 Beerse
39,Antwerpseweg 195,2021-03-01,15:00:00,36,22,14,FMN GV 10 Beerse
39,Antwerpseweg 195,2021-03-01,16:00:00,60,43,17,FMN GV 10 Beerse
39,Antwerpseweg 195,2021-03-01,17:00:00,38,24,14,FMN GV 10 Beerse
39,Antwerpseweg 195,2021-03-01,18:00:00,10,8,2,FMN GV 10 Beerse
39,Antwerpseweg 195,2021-03-01,19:00:00,8,8,0,FMN GV 10 Beerse
39,Antwerpseweg 195,2021-03-01,20:00:00,5,3,2,FMN GV 10 Beerse
39,Antwerpseweg 195,2021-03-01,21:00:00,2,2,0,FMN GV 10 Beerse
39,Antwerpseweg 195,2021-03-01,22:00:00,5,2,3,FMN GV 10 Beerse
39,Antwerpseweg 195,2021-03-01,23:00:00,0,0,0,FMN GV 10 Beerse
39,Antwerpseweg 195,2021-03-02,00:00:00,0,0,0,FMN GV 10 Beerse
39,Antwerpseweg 195,2021-03-02,01:00:00,0,0,0,FMN GV 10 Beerse
39,Antwerpseweg 195,2021-03-02,02:00:00,0,0,0,FMN GV 10 Beerse
39,Antwerpseweg 195,2021-03-02,03:00:00,0,0,0,FMN GV 10 Beerse
39,Antwerpseweg 195,2021-03-02,04:00:00,0,0,0,FMN GV 10 Beerse
39,Antwerpseweg 195,2021-03-02,05:00:00,9,9,0,FMN GV 10 Beerse
39,Antwerpseweg 195,2021-03-02,06:00:00,14,12,2,FMN GV 10 Beerse
39,Antwerpseweg 195,2021-03-02,07:00:00,35,28,7,FMN GV 10 Beerse
39,Antwerpseweg 195,2021-03-02,08:00:00,22,18,4,FMN GV 10 Beerse
39,Antwerpseweg 195,2021-03-02,09:00:00,10,5,5,FMN GV 10 Beerse
39,Antwerpseweg 195,2021-03-02,10:00:00,19,15,4,FMN GV 10 Beerse
39,Antwerpseweg 195,2021-03-02,11:00:00,14,12,2,FMN GV 10 Beerse
39,Antwerpseweg 195,2021-03-02,12:00:00,37,26,11,FMN GV 10 Beerse
39,Antwerpseweg 195,2021-03-02,13:00:00,61,32,29,FMN GV 10 Beerse
39,Antwerpseweg 195,2021-03-02,14:00:00,70,43,27,FMN GV 10 Beerse
39,Antwerpseweg 195,2021-03-02,15:00:00,75,55,20,FMN GV 10 Beerse
39,Antwerpseweg 195,2021-03-02,16:00:00,83,55,28,FMN GV 10 Beerse
39,Antwerpseweg 195,2021-03-02,17:00:00,30,22,8,FMN GV 10 Beerse
39,Antwerpseweg 195,2021-03-02,18:00:00,10,7,3,FMN GV 10 Beerse
39,Antwerpseweg 195,2021-03-02,19:00:00,4,1,3,FMN GV 10 Beerse
39,Antwerpseweg 195,2021-03-02,20:00:00,2,2,0,FMN GV 10 Beerse
39,Antwerpseweg 195,2021-03-02,21:00:00,1,1,0,FMN GV 10 Beerse
39,Antwerpseweg 195,2021-03-02,22:00:00,7,5,2,FMN GV 10 Beerse
39,Antwerpseweg 195,2021-03-02,23:00:00,1,1,0,FMN GV 10 Beerse
39,Antwerpseweg 195,2021-03-03,00:00:00,0,0,0,FMN GV 10 Beerse
39,Antwerpseweg 195,2021-03-03,01:00:00,0,0,0,FMN GV 10 Beerse
39,Antwerpseweg 195,2021-03-03,02:00:00,0,0,0,FMN GV 10 Beerse
39,Antwerpseweg 195,2021-03-03,03:00:00,0,0,0,FMN GV 10 Beerse
39,Antwerpseweg 195,2021-03-03,04:00:00,0,0,0,FMN GV 10 Beerse
39,Antwerpseweg 195,2021-03-03,05:00:00,9,9,0,FMN GV 10 Beerse
39,Antwerpseweg 195,2021-03-03,06:00:00,11,9,2,FMN GV 10 Beerse
39,Antwerpseweg 195,2021-03-03,07:00:00,37,30,7,FMN GV 10 Beerse
39,Antwerpseweg 195,2021-03-03,08:00:00,20,16,4,FMN GV 10 Beerse
39,Antwerpseweg 195,2021-03-03,09:00:00,12,6,6,FMN GV 10 Beerse
39,Antwerpseweg 195,2021-03-03,10:00:00,15,10,5,FMN GV 10 Beerse
39,Antwerpseweg 195,2021-03-03,11:00:00,22,14,8,FMN GV 10 Beerse
39,Antwerpseweg 195,2021-03-03,12:00:00,50,41,9,FMN GV 10 Beerse
39,Antwerpseweg 195,2021-03-03,13:00:00,60,37,23,FMN GV 10 Beerse
39,Antwerpseweg 195,2021-03-03,14:00:00,65,47,18,FMN GV 10 Beerse
39,Antwerpseweg 195,2021-03-03,15:00:00,67,44,23,FMN GV 10 Beerse
39,Antwerpseweg 195,2021-03-03,16:00:00,80,44,36,FMN GV 10 Beerse
39,Antwerpseweg 195,2021-03-03,17:00:00,39,32,7,FMN GV 10 Beerse
39,Antwerpseweg 195,2021-03-03,18:00:00,22,19,3,FMN GV 10 Beerse
39,Antwerpseweg 195,2021-03-03,19:00:00,4,3,1,FMN GV 10 Beerse
39,Antwerpseweg 195,2021-03-03,20:00:00,3,1,2,FMN GV 10 Beerse
39,Antwerpseweg 195,2021-03-03,21:00:00,3,3,0,FMN GV 10 Beerse
39,Antwerpseweg 195,2021-03-03,22:00:00,3,1,2,FMN GV 10 Beerse
39,Antwerpseweg 195,2021-03-03,23:00:00,0,0,0,FMN GV 10 Beerse
39,Antwerpseweg 195,2021-03-04,00:00:00,0,0,0,FMN GV 10 Beerse
39,Antwerpseweg 195,2021-03-04,01:00:00,0,0,0,FMN GV 10 Beerse
39,Antwerpseweg 195,2021-03-04,02:00:00,0,0,0,FMN GV 10 Beerse
39,Antwerpseweg 195,2021-03-04,03:00:00,0,0,0,FMN GV 10 Beerse
39,Antwerpseweg 195,2021-03-04,04:00:00,0,0,0,FMN GV 10 Beerse
39,Antwerpseweg 195,2021-03-04,05:00:00,9,9,0,FMN GV 10 Beerse
39,Antwerpseweg 195,2021-03-04,06:00:00,5,5,0,FMN GV 10 Beerse
39,Antwerpseweg 195,2021-03-04,07:00:00,28,23,5,FMN GV 10 Beerse
39,Antwerpseweg 195,2021-03-04,08:00:00,6,4,2,FMN GV 10 Beerse
39,Antwerpseweg 195,2021-03-04,09:00:00,1,1,0,FMN GV 10 Beerse
39,Antwerpseweg 195,2021-03-04,10:00:00,7,6,1,FMN GV 10 Beerse
39,Antwerpseweg 195,2021-03-04,11:00:00,4,4,0,FMN GV 10 Beerse
39,Antwerpseweg 195,2021-03-04,12:00:00,6,3,3,FMN GV 10 Beerse
39,Antwerpseweg 195,2021-03-04,13:00:00,8,5,3,FMN GV 10 Beerse
39,Antwerpseweg 195,2021-03-04,14:00:00,9,5,4,FMN GV 10 Beerse
39,Antwerpseweg 195,2021-03-04,15:00:00,20,12,8,FMN GV 10 Beerse
39,Antwerpseweg 195,2021-03-04,16:00:00,30,24,6,FMN GV 10 Beerse
39,Antwerpseweg 195,2021-03-04,17:00:00,8,7,1,FMN GV 10 Beerse
39,Antwerpseweg 195,2021-03-04,18:00:00,11,7,4,FMN GV 10 Beerse
39,Antwerpseweg 195,2021-03-04,19:00:00,3,2,1,FMN GV 10 Beerse
39,Antwerpseweg 195,2021-03-04,20:00:00,3,1,2,FMN GV 10 Beerse
39,Antwerpseweg 195,2021-03-04,21:00:00,2,1,1,FMN GV 10 Beerse
39,Antwerpseweg 195,2021-03-04,22:00:00,5,4,1,FMN GV 10 Beerse
39,Antwerpseweg 195,2021-03-04,23:00:00,0,0,0,FMN GV 10 Beerse
39,Antwerpseweg 195,2021-03-05,00:00:00,0,0,0,FMN GV 10 Beerse
39,Antwerpseweg 195,2021-03-05,01:00:00,0,0,0,FMN GV 10 Beerse
39,Antwerpseweg 195,2021-03-05,02:00:00,0,0,0,FMN GV 10 Beerse
39,Antwerpseweg 195,2021-03-05,03:00:00,0,0,0,FMN GV 10 Beerse
39,Antwerpseweg 195,2021-03-05,04:00:00,2,2,0,FMN GV 10 Beerse
39,Antwerpseweg 195,2021-03-05,05:00:00,6,6,0,FMN GV 10 Beerse
39,Antwerpseweg 195,2021-03-05,06:00:00,13,13,0,FMN GV 10 Beerse
39,Antwerpseweg 195,2021-03-05,07:00:00,26,19,7,FMN GV 10 Beerse
39,Antwerpseweg 195,2021-03-05,08:00:00,19,16,3,FMN GV 10 Beerse
39,Antwerpseweg 195,2021-03-05,09:00:00,6,5,1,FMN GV 10 Beerse
39,Antwerpseweg 195,2021-03-05,10:00:00,11,7,4,FMN GV 10 Beerse
39,Antwerpseweg 195,2021-03-05,11:00:00,17,12,5,FMN GV 10 Beerse
39,Antwerpseweg 195,2021-03-05,12:00:00,16,11,5,FMN GV 10 Beerse
39,Antwerpseweg 195,2021-03-05,13:00:00,22,17,5,FMN GV 10 Beerse
39,Antwerpseweg 195,2021-03-05,14:00:00,30,26,4,FMN GV 10 Beerse
39,Antwerpseweg 195,2021-03-05,15:00:00,38,28,10,FMN GV 10 Beerse
39,Antwerpseweg 195,2021-03-05,16:00:00,38,26,12,FMN GV 10 Beerse
39,Antwerpseweg 195,2021-03-05,17:00:00,17,11,6,FMN GV 10 Beerse
39,Antwerpseweg 195,2021-03-05,18:00:00,13,9,4,FMN GV 10 Beerse
39,Antwerpseweg 195,2021-03-05,19:00:00,6,5,1,FMN GV 10 Beerse
39,Antwerpseweg 195,2021-03-05,20:00:00,3,1,2,FMN GV 10 Beerse
39,Antwerpseweg 195,2021-03-05,21:00:00,3,3,0,FMN GV 10 Beerse
39,Antwerpseweg 195,2021-03-05,22:00:00,3,3,0,FMN GV 10 Beerse
39,Antwerpseweg 195,2021-03-05,23:00:00,2,2,0,FMN GV 10 Beerse
39,Antwerpseweg 195,2021-03-06,00:00:00,0,0,0,FMN GV 10 Beerse
39,Antwerpseweg 195,2021-03-06,01:00:00,0,0,0,FMN GV 10 Beerse
39,Antwerpseweg 195,2021-03-06,02:00:00,0,0,0,FMN GV 10 Beerse
39,Antwerpseweg 195,2021-03-06,03:00:00,0,0,0,FMN GV 10 Beerse
39,Antwerpseweg 195,2021-03-06,04:00:00,0,0,0,FMN GV 10 Beerse
39,Antwerpseweg 195,2021-03-06,05:00:00,0,0,0,FMN GV 10 Beerse
39,Antwerpseweg 195,2021-03-06,06:00:00,1,1,0,FMN GV 10 Beerse
39,Antwerpseweg 195,2021-03-06,07:00:00,2,2,0,FMN GV 10 Beerse
39,Antwerpseweg 195,2021-03-06,08:00:00,4,3,1,FMN GV 10 Beerse
39,Antwerpseweg 195,2021-03-06,09:00:00,9,6,3,FMN GV 10 Beerse
39,Antwerpseweg 195,2021-03-06,10:00:00,18,11,7,FMN GV 10 Beerse
39,Antwerpseweg 195,2021-03-06,11:00:00,21,14,7,FMN GV 10 Beerse
39,Antwerpseweg 195,2021-03-06,12:00:00,18,13,5,FMN GV 10 Beerse
39,Antwerpseweg 195,2021-03-06,13:00:00,22,20,2,FMN GV 10 Beerse
39,Antwerpseweg 195,2021-03-06,14:00:00,31,24,7,FMN GV 10 Beerse
39,Antwerpseweg 195,2021-03-06,15:00:00,31,25,6,FMN GV 10 Beerse
39,Antwerpseweg 195,2021-03-06,16:00:00,21,11,10,FMN GV 10 Beerse
39,Antwerpseweg 195,2021-03-06,17:00:00,8,5,3,FMN GV 10 Beerse
39,Antwerpseweg 195,2021-03-06,18:00:00,6,3,3,FMN GV 10 Beerse
39,Antwerpseweg 195,2021-03-06,19:00:00,8,6,2,FMN GV 10 Beerse
39,Antwerpseweg 195,2021-03-06,20:00:00,2,2,0,FMN GV 10 Beerse
39,Antwerpseweg 195,2021-03-06,21:00:00,3,3,0,FMN GV 10 Beerse
39,Antwerpseweg 195,2021-03-06,22:00:00,2,1,1,FMN GV 10 Beerse
39,Antwerpseweg 195,2021-03-06,23:00:00,6,1,5,FMN GV 10 Beerse
39,Antwerpseweg 195,2021-03-07,00:00:00,1,1,0,FMN GV 10 Beerse
39,Antwerpseweg 195,2021-03-07,01:00:00,0,0,0,FMN GV 10 Beerse
39,Antwerpseweg 195,2021-03-07,02:00:00,1,0,1,FMN GV 10 Beerse
39,Antwerpseweg 195,2021-03-07,03:00:00,0,0,0,FMN GV 10 Beerse
39,Antwerpseweg 195,2021-03-07,04:00:00,0,0,0,FMN GV 10 Beerse
39,Antwerpseweg 195,2021-03-07,05:00:00,1,1,0,FMN GV 10 Beerse
39,Antwerpseweg 195,2021-03-07,06:00:00,1,1,0,FMN GV 10 Beerse
39,Antwerpseweg 195,2021-03-07,07:00:00,2,1,1,FMN GV 10 Beerse
39,Antwerpseweg 195,2021-03-07,08:00:00,3,1,2,FMN GV 10 Beerse
39,Antwerpseweg 195,2021-03-07,09:00:00,14,10,4,FMN GV 10 Beerse
39,Antwerpseweg 195,2021-03-07,10:00:00,45,26,19,FMN GV 10 Beerse
39,Antwerpseweg 195,2021-03-07,11:00:00,22,16,6,FMN GV 10 Beerse
39,Antwerpseweg 195,2021-03-07,12:00:00,24,12,12,FMN GV 10 Beerse
39,Antwerpseweg 195,2021-03-07,13:00:00,33,18,15,FMN GV 10 Beerse
39,Antwerpseweg 195,2021-03-07,14:00:00,44,30,14,FMN GV 10 Beerse
39,Antwerpseweg 195,2021-03-07,15:00:00,32,20,12,FMN GV 10 Beerse
39,Antwerpseweg 195,2021-03-07,16:00:00,28,19,9,FMN GV 10 Beerse
39,Antwerpseweg 195,2021-03-07,17:00:00,20,16,4,FMN GV 10 Beerse
39,Antwerpseweg 195,2021-03-07,18:00:00,4,3,1,FMN GV 10 Beerse
39,Antwerpseweg 195,2021-03-07,19:00:00,3,2,1,FMN GV 10 Beerse
39,Antwerpseweg 195,2021-03-07,20:00:00,5,5,0,FMN GV 10 Beerse
39,Antwerpseweg 195,2021-03-07,21:00:00,4,4,0,FMN GV 10 Beerse
39,Antwerpseweg 195,2021-03-07,22:00:00,2,2,0,FMN GV 10 Beerse
39,Antwerpseweg 195,2021-03-07,23:00:00,0,0,0,FMN GV 10 Beerse
39,Antwerpseweg 195,2021-03-08,00:00:00,0,0,0,FMN GV 10 Beerse
39,Antwerpseweg 195,2021-03-08,01:00:00,0,0,0,FMN GV 10 Beerse
39,Antwerpseweg 195,2021-03-08,02:00:00,0,0,0,FMN GV 10 Beerse
39,Antwerpseweg 195,2021-03-08,03:00:00,0,0,0,FMN GV 10 Beerse
39,Antwerpseweg 195,2021-03-08,04:00:00,0,0,0,FMN GV 10 Beerse
39,Antwerpseweg 195,2021-03-08,05:00:00,14,14,0,FMN GV 10 Beerse
39,Antwerpseweg 195,2021-03-08,06:00:00,10,10,0,FMN GV 10 Beerse
39,Antwerpseweg 195,2021-03-08,07:00:00,36,32,4,FMN GV 10 Beerse
39,Antwerpseweg 195,2021-03-08,08:00:00,14,12,2,FMN GV 10 Beerse
39,Antwerpseweg 195,2021-03-08,09:00:00,11,10,1,FMN GV 10 Beerse
39,Antwerpseweg 195,2021-03-08,10:00:00,7,5,2,FMN GV 10 Beerse
39,Antwerpseweg 195,2021-03-08,11:00:00,15,10,5,FMN GV 10 Beerse
39,Antwerpseweg 195,2021-03-08,12:00:00,12,9,3,FMN GV 10 Beerse
39,Antwerpseweg 195,2021-03-08,13:00:00,33,24,9,FMN GV 10 Beerse
39,Antwerpseweg 195,2021-03-08,14:00:00,30,23,7,FMN GV 10 Beerse
39,Antwerpseweg 195,2021-03-08,15:00:00,52,45,7,FMN GV 10 Beerse
39,Antwerpseweg 195,2021-03-08,16:00:00,56,32,24,FMN GV 10 Beerse
39,Antwerpseweg 195,2021-03-08,17:00:00,26,16,10,FMN GV 10 Beerse
39,Antwerpseweg 195,2021-03-08,18:00:00,11,6,5,FMN GV 10 Beerse
39,Antwerpseweg 195,2021-03-08,19:00:00,5,4,1,FMN GV 10 Beerse
39,Antwerpseweg 195,2021-03-08,20:00:00,2,2,0,FMN GV 10 Beerse
39,Antwerpseweg 195,2021-03-08,21:00:00,1,1,0,FMN GV 10 Beerse
39,Antwerpseweg 195,2021-03-08,22:00:00,2,1,1,FMN GV 10 Beerse
39,Antwerpseweg 195,2021-03-08,23:00:00,1,1,0,FMN GV 10 Beerse
39,Antwerpseweg 195,2021-03-09,00:00:00,0,0,0,FMN GV 10 Beerse
39,Antwerpseweg 195,2021-03-09,01:00:00,0,0,0,FMN GV 10 Beerse
39,Antwerpseweg 195,2021-03-09,02:00:00,0,0,0,FMN GV 10 Beerse
39,Antwerpseweg 195,2021-03-09,03:00:00,0,0,0,FMN GV 10 Beerse
39,Antwerpseweg 195,2021-03-09,04:00:00,2,1,1,FMN GV 10 Beerse
39,Antwerpseweg 195,2021-03-09,05:00:00,9,9,0,FMN GV 10 Beerse
39,Antwerpseweg 195,2021-03-09,06:00:00,6,6,0,FMN GV 10 Beerse
39,Antwerpseweg 195,2021-03-09,07:00:00,26,22,4,FMN GV 10 Beerse
39,Antwerpseweg 195,2021-03-09,08:00:00,9,8,1,FMN GV 10 Beerse
39,Antwerpseweg 195,2021-03-09,09:00:00,3,2,1,FMN GV 10 Beerse
39,Antwerpseweg 195,2021-03-09,10:00:00,3,3,0,FMN GV 10 Beerse
39,Antwerpseweg 195,2021-03-09,11:00:00,9,6,3,FMN GV 10 Beerse
39,Antwerpseweg 195,2021-03-09,12:00:00,17,12,5,FMN GV 10 Beerse
39,Antwerpseweg 195,2021-03-09,13:00:00,13,8,5,FMN GV 10 Beerse
39,Antwerpseweg 195,2021-03-09,14:00:00,10,7,3,FMN GV 10 Beerse
39,Antwerpseweg 195,2021-03-09,15:00:00,19,14,5,FMN GV 10 Beerse
39,Antwerpseweg 195,2021-03-09,16:00:00,38,26,12,FMN GV 10 Beerse
39,Antwerpseweg 195,2021-03-09,17:00:00,19,13,6,FMN GV 10 Beerse
39,Antwerpseweg 195,2021-03-09,18:00:00,8,5,3,FMN GV 10 Beerse
39,Antwerpseweg 195,2021-03-09,19:00:00,5,5,0,FMN GV 10 Beerse
39,Antwerpseweg 195,2021-03-09,20:00:00,1,1,0,FMN GV 10 Beerse
39,Antwerpseweg 195,2021-03-09,21:00:00,3,3,0,FMN GV 10 Beerse
39,Antwerpseweg 195,2021-03-09,22:00:00,6,5,1,FMN GV 10 Beerse
39,Antwerpseweg 195,2021-03-09,23:00:00,0,0,0,FMN GV 10 Beerse
39,Antwerpseweg 195,2021-03-10,00:00:00,0,0,0,FMN GV 10 Beerse
39,Antwerpseweg 195,2021-03-10,01:00:00,0,0,0,FMN GV 10 Beerse
39,Antwerpseweg 195,2021-03-10,02:00:00,0,0,0,FMN GV 10 Beerse
39,Antwerpseweg 195,2021-03-10,03:00:00,0,0,0,FMN GV 10 Beerse
39,Antwerpseweg 195,2021-03-10,04:00:00,1,0,1,FMN GV 10 Beerse
39,Antwerpseweg 195,2021-03-10,05:00:00,11,11,0,FMN GV 10 Beerse
39,Antwerpseweg 195,2021-03-10,06:00:00,9,9,0,FMN GV 10 Beerse
39,Antwerpseweg 195,2021-03-10,07:00:00,31,28,3,FMN GV 10 Beerse
39,Antwerpseweg 195,2021-03-10,08:00:00,12,8,4,FMN GV 10 Beerse
39,Antwerpseweg 195,2021-03-10,09:00:00,3,2,1,FMN GV 10 Beerse
39,Antwerpseweg 195,2021-03-10,10:00:00,6,5,1,FMN GV 10 Beerse
39,Antwerpseweg 195,2021-03-10,11:00:00,14,12,2,FMN GV 10 Beerse
39,Antwerpseweg 195,2021-03-10,12:00:00,29,21,8,FMN GV 10 Beerse
39,Antwerpseweg 195,2021-03-10,13:00:00,24,16,8,FMN GV 10 Beerse
39,Antwerpseweg 195,2021-03-10,14:00:00,21,14,7,FMN GV 10 Beerse
39,Antwerpseweg 195,2021-03-10,15:00:00,18,11,7,FMN GV 10 Beerse
39,Antwerpseweg 195,2021-03-10,16:00:00,23,16,7,FMN GV 10 Beerse
39,Antwerpseweg 195,2021-03-10,17:00:00,16,11,5,FMN GV 10 Beerse
39,Antwerpseweg 195,2021-03-10,18:00:00,12,9,3,FMN GV 10 Beerse
39,Antwerpseweg 195,2021-03-10,19:00:00,1,1,0,FMN GV 10 Beerse
39,Antwerpseweg 195,2021-03-10,20:00:00,2,1,1,FMN GV 10 Beerse
39,Antwerpseweg 195,2021-03-10,21:00:00,3,3,0,FMN GV 10 Beerse
39,Antwerpseweg 195,2021-03-10,22:00:00,2,1,1,FMN GV 10 Beerse
39,Antwerpseweg 195,2021-03-10,23:00:00,0,0,0,FMN GV 10 Beerse
39,Antwerpseweg 195,2021-03-11,00:00:00,0,0,0,FMN GV 10 Beerse
39,Antwerpseweg 195,2021-03-11,01:00:00,0,0,0,FMN GV 10 Beerse
39,Antwerpseweg 195,2021-03-11,02:00:00,0,0,0,FMN GV 10 Beerse
39,Antwerpseweg 195,2021-03-11,03:00:00,0,0,0,FMN GV 10 Beerse
39,Antwerpseweg 195,2021-03-11,04:00:00,2,1,1,FMN GV 10 Beerse
39,Antwerpseweg 195,2021-03-11,05:00:00,8,7,1,FMN GV 10 Beerse
39,Antwerpseweg 195,2021-03-11,06:00:00,6,6,0,FMN GV 10 Beerse
39,Antwerpseweg 195,2021-03-11,07:00:00,17,14,3,FMN GV 10 Beerse
39,Antwerpseweg 195,2021-03-11,08:00:00,1,1,0,FMN GV 10 Beerse
39,Antwerpseweg 195,2021-03-11,09:00:00,2,2,0,FMN GV 10 Beerse
39,Antwerpseweg 195,2021-03-11,10:00:00,4,1,3,FMN GV 10 Beerse
39,Antwerpseweg 195,2021-03-11,11:00:00,7,6,1,FMN GV 10 Beerse
39,Antwerpseweg 195,2021-03-11,12:00:00,6,6,0,FMN GV 10 Beerse
39,Antwerpseweg 195,2021-03-11,13:00:00,7,4,3,FMN GV 10 Beerse
39,Antwerpseweg 195,2021-03-11,14:00:00,11,7,4,FMN GV 10 Beerse
39,Antwerpseweg 195,2021-03-11,15:00:00,17,8,9,FMN GV 10 Beerse
39,Antwerpseweg 195,2021-03-11,16:00:00,14,10,4,FMN GV 10 Beerse
39,Antwerpseweg 195,2021-03-11,17:00:00,15,13,2,FMN GV 10 Beerse
39,Antwerpseweg 195,2021-03-11,18:00:00,10,8,2,FMN GV 10 Beerse
39,Antwerpseweg 195,2021-03-11,19:00:00,4,3,1,FMN GV 10 Beerse
39,Antwerpseweg 195,2021-03-11,20:00:00,3,3,0,FMN GV 10 Beerse
39,Antwerpseweg 195,2021-03-11,21:00:00,3,3,0,FMN GV 10 Beerse
39,Antwerpseweg 195,2021-03-11,22:00:00,2,1,1,FMN GV 10 Beerse
39,Antwerpseweg 195,2021-03-11,23:00:00,0,0,0,FMN GV 10 Beerse
39,Antwerpseweg 195,2021-03-12,00:00:00,0,0,0,FMN GV 10 Beerse
39,Antwerpseweg 195,2021-03-12,01:00:00,0,0,0,FMN GV 10 Beerse
39,Antwerpseweg 195,2021-03-12,02:00:00,0,0,0,FMN GV 10 Beerse
39,Antwerpseweg 195,2021-03-12,03:00:00,0,0,0,FMN GV 10 Beerse
39,Antwerpseweg 195,2021-03-12,04:00:00,1,0,1,FMN GV 10 Beerse
39,Antwerpseweg 195,2021-03-12,05:00:00,11,11,0,FMN GV 10 Beerse
39,Antwerpseweg 195,2021-03-12,06:00:00,6,6,0,FMN GV 10 Beerse
39,Antwerpseweg 195,2021-03-12,07:00:00,26,22,4,FMN GV 10 Beerse
39,Antwerpseweg 195,2021-03-12,08:00:00,8,7,1,FMN GV 10 Beerse
39,Antwerpseweg 195,2021-03-12,09:00:00,5,2,3,FMN GV 10 Beerse
39,Antwerpseweg 195,2021-03-12,10:00:00,8,3,5,FMN GV 10 Beerse
39,Antwerpseweg 195,2021-03-12,11:00:00,11,10,1,FMN GV 10 Beerse
39,Antwerpseweg 195,2021-03-12,12:00:00,10,6,4,FMN GV 10 Beerse
39,Antwerpseweg 195,2021-03-12,13:00:00,7,5,2,FMN GV 10 Beerse
39,Antwerpseweg 195,2021-03-12,14:00:00,1,1,0,FMN GV 10 Beerse
39,Antwerpseweg 195,2021-03-12,15:00:00,15,10,5,FMN GV 10 Beerse
39,Antwerpseweg 195,2021-03-12,16:00:00,14,11,3,FMN GV 10 Beerse
39,Antwerpseweg 195,2021-03-12,17:00:00,11,7,4,FMN GV 10 Beerse
39,Antwerpseweg 195,2021-03-12,18:00:00,4,3,1,FMN GV 10 Beerse
39,Antwerpseweg 195,2021-03-12,19:00:00,4,4,0,FMN GV 10 Beerse
39,Antwerpseweg 195,2021-03-12,20:00:00,9,7,2,FMN GV 10 Beerse
39,Antwerpseweg 195,2021-03-12,21:00:00,5,2,3,FMN GV 10 Beerse
39,Antwerpseweg 195,2021-03-12,22:00:00,3,1,2,FMN GV 10 Beerse
39,Antwerpseweg 195,2021-03-12,23:00:00,0,0,0,FMN GV 10 Beerse
39,Antwerpseweg 195,2021-03-13,00:00:00,2,1,1,FMN GV 10 Beerse
39,Antwerpseweg 195,2021-03-13,01:00:00,0,0,0,FMN GV 10 Beerse
39,Antwerpseweg 195,2021-03-13,02:00:00,0,0,0,FMN GV 10 Beerse
39,Antwerpseweg 195,2021-03-13,03:00:00,0,0,0,FMN GV 10 Beerse
39,Antwerpseweg 195,2021-03-13,04:00:00,1,1,0,FMN GV 10 Beerse
39,Antwerpseweg 195,2021-03-13,05:00:00,1,1,0,FMN GV 10 Beerse
39,Antwerpseweg 195,2021-03-13,06:00:00,0,0,0,FMN GV 10 Beerse
39,Antwerpseweg 195,2021-03-13,07:00:00,2,2,0,FMN GV 10 Beerse
39,Antwerpseweg 195,2021-03-13,08:00:00,1,1,0,FMN GV 10 Beerse
39,Antwerpseweg 195,2021-03-13,09:00:00,3,2,1,FMN GV 10 Beerse
39,Antwerpseweg 195,2021-03-13,10:00:00,3,1,2,FMN GV 10 Beerse
39,Antwerpseweg 195,2021-03-13,11:00:00,3,0,3,FMN GV 10 Beerse
39,Antwerpseweg 195,2021-03-13,12:00:00,4,1,3,FMN GV 10 Beerse
39,Antwerpseweg 195,2021-03-13,13:00:00,5,5,0,FMN GV 10 Beerse
39,Antwerpseweg 195,2021-03-13,14:00:00,2,1,1,FMN GV 10 Beerse
39,Antwerpseweg 195,2021-03-13,15:00:00,30,22,8,FMN GV 10 Beerse
39,Antwerpseweg 195,2021-03-13,16:00:00,3,1,2,FMN GV 10 Beerse
39,Antwerpseweg 195,2021-03-13,17:00:00,3,3,0,FMN GV 10 Beerse
39,Antwerpseweg 195,2021-03-13,18:00:00,5,3,2,FMN GV 10 Beerse
39,Antwerpseweg 195,2021-03-13,19:00:00,1,1,0,FMN GV 10 Beerse
39,Antwerpseweg 195,2021-03-13,20:00:00,2,2,0,FMN GV 10 Beerse
39,Antwerpseweg 195,2021-03-13,21:00:00,0,0,0,FMN GV 10 Beerse
39,Antwerpseweg 195,2021-03-13,22:00:00,0,0,0,FMN GV 10 Beerse
39,Antwerpseweg 195,2021-03-13,23:00:00,2,1,1,FMN GV 10 Beerse
39,Antwerpseweg 195,2021-03-14,00:00:00,2,0,2,FMN GV 10 Beerse
39,Antwerpseweg 195,2021-03-14,01:00:00,1,1,0,FMN GV 10 Beerse
39,Antwerpseweg 195,2021-03-14,02:00:00,1,0,1,FMN GV 10 Beerse
39,Antwerpseweg 195,2021-03-14,03:00:00,1,1,0,FMN GV 10 Beerse
39,Antwerpseweg 195,2021-03-14,04:00:00,0,0,0,FMN GV 10 Beerse
39,Antwerpseweg 195,2021-03-14,05:00:00,1,1,0,FMN GV 10 Beerse
39,Antwerpseweg 195,2021-03-14,06:00:00,0,0,0,FMN GV 10 Beerse
39,Antwerpseweg 195,2021-03-14,07:00:00,1,0,1,FMN GV 10 Beerse
39,Antwerpseweg 195,2021-03-14,08:00:00,3,1,2,FMN GV 10 Beerse
39,Antwerpseweg 195,2021-03-14,09:00:00,8,5,3,FMN GV 10 Beerse
39,Antwerpseweg 195,2021-03-14,10:00:00,15,6,9,FMN GV 10 Beerse
39,Antwerpseweg 195,2021-03-14,11:00:00,26,15,11,FMN GV 10 Beerse
39,Antwerpseweg 195,2021-03-14,12:00:00,7,4,3,FMN GV 10 Beerse
39,Antwerpseweg 195,2021-03-14,13:00:00,8,3,5,FMN GV 10 Beerse
39,Antwerpseweg 195,2021-03-14,14:00:00,10,7,3,FMN GV 10 Beerse
39,Antwerpseweg 195,2021-03-14,15:00:00,11,6,5,FMN GV 10 Beerse
39,Antwerpseweg 195,2021-03-14,16:00:00,10,7,3,FMN GV 10 Beerse
39,Antwerpseweg 195,2021-03-14,17:00:00,5,2,3,FMN GV 10 Beerse
39,Antwerpseweg 195,2021-03-14,18:00:00,6,3,3,FMN GV 10 Beerse
39,Antwerpseweg 195,2021-03-14,19:00:00,1,1,0,FMN GV 10 Beerse
39,Antwerpseweg 195,2021-03-14,20:00:00,1,1,0,FMN GV 10 Beerse
39,Antwerpseweg 195,2021-03-14,21:00:00,2,2,0,FMN GV 10 Beerse
39,Antwerpseweg 195,2021-03-14,22:00:00,2,2,0,FMN GV 10 Beerse
39,Antwerpseweg 195,2021-03-14,23:00:00,0,0,0,FMN GV 10 Beerse
39,Antwerpseweg 195,2021-03-15,00:00:00,0,0,0,FMN GV 10 Beerse
39,Antwerpseweg 195,2021-03-15,01:00:00,0,0,0,FMN GV 10 Beerse
39,Antwerpseweg 195,2021-03-15,02:00:00,0,0,0,FMN GV 10 Beerse
39,Antwerpseweg 195,2021-03-15,03:00:00,0,0,0,FMN GV 10 Beerse
39,Antwerpseweg 195,2021-03-15,04:00:00,0,0,0,FMN GV 10 Beerse
39,Antwerpseweg 195,2021-03-15,05:00:00,7,7,0,FMN GV 10 Beerse
39,Antwerpseweg 195,2021-03-15,06:00:00,6,6,0,FMN GV 10 Beerse
39,Antwerpseweg 195,2021-03-15,07:00:00,26,23,3,FMN GV 10 Beerse
39,Antwerpseweg 195,2021-03-15,08:00:00,9,6,3,FMN GV 10 Beerse
39,Antwerpseweg 195,2021-03-15,09:00:00,3,2,1,FMN GV 10 Beerse
39,Antwerpseweg 195,2021-03-15,10:00:00,9,7,2,FMN GV 10 Beerse
39,Antwerpseweg 195,2021-03-15,11:00:00,10,8,2,FMN GV 10 Beerse
39,Antwerpseweg 195,2021-03-15,12:00:00,7,5,2,FMN GV 10 Beerse
39,Antwerpseweg 195,2021-03-15,13:00:00,11,8,3,FMN GV 10 Beerse
39,Antwerpseweg 195,2021-03-15,14:00:00,13,11,2,FMN GV 10 Beerse
39,Antwerpseweg 195,2021-03-15,15:00:00,20,15,5,FMN GV 10 Beerse
39,Antwerpseweg 195,2021-03-15,16:00:00,30,21,9,FMN GV 10 Beerse
39,Antwerpseweg 195,2021-03-15,17:00:00,27,22,5,FMN GV 10 Beerse
39,Antwerpseweg 195,2021-03-15,18:00:00,4,3,1,FMN GV 10 Beerse
39,Antwerpseweg 195,2021-03-15,19:00:00,3,2,1,FMN GV 10 Beerse
39,Antwerpseweg 195,2021-03-15,20:00:00,1,1,0,FMN GV 10 Beerse
39,Antwerpseweg 195,2021-03-15,21:00:00,1,1,0,FMN GV 10 Beerse
39,Antwerpseweg 195,2021-03-15,22:00:00,3,3,0,FMN GV 10 Beerse
39,Antwerpseweg 195,2021-03-15,23:00:00,0,0,0,FMN GV 10 Beerse
39,Antwerpseweg 195,2021-03-16,00:00:00,0,0,0,FMN GV 10 Beerse
39,Antwerpseweg 195,2021-03-16,01:00:00,0,0,0,FMN GV 10 Beerse
39,Antwerpseweg 195,2021-03-16,02:00:00,0,0,0,FMN GV 10 Beerse
39,Antwerpseweg 195,2021-03-16,03:00:00,0,0,0,FMN GV 10 Beerse
39,Antwerpseweg 195,2021-03-16,04:00:00,0,0,0,FMN GV 10 Beerse
39,Antwerpseweg 195,2021-03-16,05:00:00,10,9,1,FMN GV 10 Beerse
39,Antwerpseweg 195,2021-03-16,06:00:00,9,9,0,FMN GV 10 Beerse
39,Antwerpseweg 195,2021-03-16,07:00:00,21,19,2,FMN GV 10 Beerse
39,Antwerpseweg 195,2021-03-16,08:00:00,8,8,0,FMN GV 10 Beerse
39,Antwerpseweg 195,2021-03-16,09:00:00,0,0,0,FMN GV 10 Beerse
39,Antwerpseweg 195,2021-03-16,10:00:00,2,2,0,FMN GV 10 Beerse
39,Antwerpseweg 195,2021-03-16,11:00:00,2,1,1,FMN GV 10 Beerse
39,Antwerpseweg 195,2021-03-16,12:00:00,7,7,0,FMN GV 10 Beerse
39,Antwerpseweg 195,2021-03-16,13:00:00,7,6,1,FMN GV 10 Beerse
39,Antwerpseweg 195,2021-03-16,14:00:00,11,8,3,FMN GV 10 Beerse
39,Antwerpseweg 195,2021-03-16,15:00:00,10,10,0,FMN GV 10 Beerse
39,Antwerpseweg 195,2021-03-16,16:00:00,27,18,9,FMN GV 10 Beerse
39,Antwerpseweg 195,2021-03-16,17:00:00,20,12,8,FMN GV 10 Beerse
39,Antwerpseweg 195,2021-03-16,18:00:00,3,3,0,FMN GV 10 Beerse
39,Antwerpseweg 195,2021-03-16,19:00:00,3,1,2,FMN GV 10 Beerse
39,Antwerpseweg 195,2021-03-16,20:00:00,1,1,0,FMN GV 10 Beerse
39,Antwerpseweg 195,2021-03-16,21:00:00,3,2,1,FMN GV 10 Beerse
39,Antwerpseweg 195,2021-03-16,22:00:00,3,2,1,FMN GV 10 Beerse
39,Antwerpseweg 195,2021-03-16,23:00:00,0,0,0,FMN GV 10 Beerse
39,Antwerpseweg 195,2021-03-17,00:00:00,0,0,0,FMN GV 10 Beerse
39,Antwerpseweg 195,2021-03-17,01:00:00,0,0,0,FMN GV 10 Beerse
39,Antwerpseweg 195,2021-03-17,02:00:00,0,0,0,FMN GV 10 Beerse
39,Antwerpseweg 195,2021-03-17,03:00:00,0,0,0,FMN GV 10 Beerse
39,Antwerpseweg 195,2021-03-17,04:00:00,1,0,1,FMN GV 10 Beerse
39,Antwerpseweg 195,2021-03-17,05:00:00,7,7,0,FMN GV 10 Beerse
39,Antwerpseweg 195,2021-03-17,06:00:00,8,7,1,FMN GV 10 Beerse
39,Antwerpseweg 195,2021-03-17,07:00:00,29,23,6,FMN GV 10 Beerse
39,Antwerpseweg 195,2021-03-17,08:00:00,10,9,1,FMN GV 10 Beerse
39,Antwerpseweg 195,2021-03-17,09:00:00,4,2,2,FMN GV 10 Beerse
39,Antwerpseweg 195,2021-03-17,10:00:00,4,1,3,FMN GV 10 Beerse
39,Antwerpseweg 195,2021-03-17,11:00:00,9,3,6,FMN GV 10 Beerse
39,Antwerpseweg 195,2021-03-17,12:00:00,29,20,9,FMN GV 10 Beerse
39,Antwerpseweg 195,2021-03-17,13:00:00,15,14,1,FMN GV 10 Beerse
39,Antwerpseweg 195,2021-03-17,14:00:00,17,13,4,FMN GV 10 Beerse
39,Antwerpseweg 195,2021-03-17,15:00:00,16,8,8,FMN GV 10 Beerse
39,Antwerpseweg 195,2021-03-17,16:00:00,23,16,7,FMN GV 10 Beerse
39,Antwerpseweg 195,2021-03-17,17:00:00,14,13,1,FMN GV 10 Beerse
39,Antwerpseweg 195,2021-03-17,18:00:00,7,6,1,FMN GV 10 Beerse
39,Antwerpseweg 195,2021-03-17,19:00:00,1,0,1,FMN GV 10 Beerse
39,Antwerpseweg 195,2021-03-17,20:00:00,7,3,4,FMN GV 10 Beerse
39,Antwerpseweg 195,2021-03-17,21:00:00,0,0,0,FMN GV 10 Beerse
39,Antwerpseweg 195,2021-03-17,22:00:00,4,3,1,FMN GV 10 Beerse
39,Antwerpseweg 195,2021-03-17,23:00:00,0,0,0,FMN GV 10 Beerse
39,Antwerpseweg 195,2021-03-18,00:00:00,0,0,0,FMN GV 10 Beerse
39,Antwerpseweg 195,2021-03-18,01:00:00,0,0,0,FMN GV 10 Beerse
39,Antwerpseweg 195,2021-03-18,02:00:00,0,0,0,FMN GV 10 Beerse
39,Antwerpseweg 195,2021-03-18,03:00:00,0,0,0,FMN GV 10 Beerse
39,Antwerpseweg 195,2021-03-18,04:00:00,2,2,0,FMN GV 10 Beerse
39,Antwerpseweg 195,2021-03-18,05:00:00,4,4,0,FMN GV 10 Beerse
39,Antwerpseweg 195,2021-03-18,06:00:00,11,11,0,FMN GV 10 Beerse
39,Antwerpseweg 195,2021-03-18,07:00:00,32,27,5,FMN GV 10 Beerse
39,Antwerpseweg 195,2021-03-18,08:00:00,10,10,0,FMN GV 10 Beerse
39,Antwerpseweg 195,2021-03-18,09:00:00,2,0,2,FMN GV 10 Beerse
39,Antwerpseweg 195,2021-03-18,10:00:00,4,4,0,FMN GV 10 Beerse
39,Antwerpseweg 195,2021-03-18,11:00:00,9,6,3,FMN GV 10 Beerse
39,Antwerpseweg 195,2021-03-18,12:00:00,12,7,5,FMN GV 10 Beerse
39,Antwerpseweg 195,2021-03-18,13:00:00,10,8,2,FMN GV 10 Beerse
39,Antwerpseweg 195,2021-03-18,14:00:00,21,13,8,FMN GV 10 Beerse
39,Antwerpseweg 195,2021-03-18,15:00:00,20,11,9,FMN GV 10 Beerse
39,Antwerpseweg 195,2021-03-18,16:00:00,31,25,6,FMN GV 10 Beerse
39,Antwerpseweg 195,2021-03-18,17:00:00,11,8,3,FMN GV 10 Beerse
39,Antwerpseweg 195,2021-03-18,18:00:00,11,8,3,FMN GV 10 Beerse
39,Antwerpseweg 195,2021-03-18,19:00:00,3,3,0,FMN GV 10 Beerse
39,Antwerpseweg 195,2021-03-18,20:00:00,5,4,1,FMN GV 10 Beerse
39,Antwerpseweg 195,2021-03-18,21:00:00,2,2,0,FMN GV 10 Beerse
39,Antwerpseweg 195,2021-03-18,22:00:00,4,3,1,FMN GV 10 Beerse
39,Antwerpseweg 195,2021-03-18,23:00:00,1,1,0,FMN GV 10 Beerse
39,Antwerpseweg 195,2021-03-19,00:00:00,0,0,0,FMN GV 10 Beerse
39,Antwerpseweg 195,2021-03-19,01:00:00,0,0,0,FMN GV 10 Beerse
39,Antwerpseweg 195,2021-03-19,02:00:00,0,0,0,FMN GV 10 Beerse
39,Antwerpseweg 195,2021-03-19,03:00:00,2,2,0,FMN GV 10 Beerse
39,Antwerpseweg 195,2021-03-19,04:00:00,2,1,1,FMN GV 10 Beerse
39,Antwerpseweg 195,2021-03-19,05:00:00,5,5,0,FMN GV 10 Beerse
39,Antwerpseweg 195,2021-03-19,06:00:00,8,8,0,FMN GV 10 Beerse
39,Antwerpseweg 195,2021-03-19,07:00:00,24,16,8,FMN GV 10 Beerse
39,Antwerpseweg 195,2021-03-19,08:00:00,10,7,3,FMN GV 10 Beerse
39,Antwerpseweg 195,2021-03-19,09:00:00,9,6,3,FMN GV 10 Beerse
39,Antwerpseweg 195,2021-03-19,10:00:00,16,8,8,FMN GV 10 Beerse
39,Antwerpseweg 195,2021-03-19,11:00:00,17,14,3,FMN GV 10 Beerse
39,Antwerpseweg 195,2021-03-19,12:00:00,17,12,5,FMN GV 10 Beerse
39,Antwerpseweg 195,2021-03-19,13:00:00,31,22,9,FMN GV 10 Beerse
39,Antwerpseweg 195,2021-03-19,14:00:00,24,18,6,FMN GV 10 Beerse
39,Antwerpseweg 195,2021-03-19,15:00:00,32,20,12,FMN GV 10 Beerse
39,Antwerpseweg 195,2021-03-19,16:00:00,44,30,14,FMN GV 10 Beerse
39,Antwerpseweg 195,2021-03-19,17:00:00,22,17,5,FMN GV 10 Beerse
39,Antwerpseweg 195,2021-03-19,18:00:00,14,9,5,FMN GV 10 Beerse
39,Antwerpseweg 195,2021-03-19,19:00:00,11,5,6,FMN GV 10 Beerse
39,Antwerpseweg 195,2021-03-19,20:00:00,1,1,0,FMN GV 10 Beerse
39,Antwerpseweg 195,2021-03-19,21:00:00,3,2,1,FMN GV 10 Beerse
39,Antwerpseweg 195,2021-03-19,22:00:00,3,2,1,FMN GV 10 Beerse
39,Antwerpseweg 195,2021-03-19,23:00:00,3,3,0,FMN GV 10 Beerse
39,Antwerpseweg 195,2021-03-20,00:00:00,1,0,1,FMN GV 10 Beerse
39,Antwerpseweg 195,2021-03-20,01:00:00,0,0,0,FMN GV 10 Beerse
39,Antwerpseweg 195,2021-03-20,02:00:00,0,0,0,FMN GV 10 Beerse
39,Antwerpseweg 195,2021-03-20,03:00:00,0,0,0,FMN GV 10 Beerse
39,Antwerpseweg 195,2021-03-20,04:00:00,0,0,0,FMN GV 10 Beerse
39,Antwerpseweg 195,2021-03-20,05:00:00,1,1,0,FMN GV 10 Beerse
39,Antwerpseweg 195,2021-03-20,06:00:00,0,0,0,FMN GV 10 Beerse
39,Antwerpseweg 195,2021-03-20,07:00:00,5,4,1,FMN GV 10 Beerse
39,Antwerpseweg 195,2021-03-20,08:00:00,7,6,1,FMN GV 10 Beerse
39,Antwerpseweg 195,2021-03-20,09:00:00,10,6,4,FMN GV 10 Beerse
39,Antwerpseweg 195,2021-03-20,10:00:00,7,6,1,FMN GV 10 Beerse
39,Antwerpseweg 195,2021-03-20,11:00:00,14,11,3,FMN GV 10 Beerse
39,Antwerpseweg 195,2021-03-20,12:00:00,17,14,3,FMN GV 10 Beerse
39,Antwerpseweg 195,2021-03-20,13:00:00,47,29,18,FMN GV 10 Beerse
39,Antwerpseweg 195,2021-03-20,14:00:00,40,26,14,FMN GV 10 Beerse
39,Antwerpseweg 195,2021-03-20,15:00:00,26,14,12,FMN GV 10 Beerse
39,Antwerpseweg 195,2021-03-20,16:00:00,16,13,3,FMN GV 10 Beerse
39,Antwerpseweg 195,2021-03-20,17:00:00,13,10,3,FMN GV 10 Beerse
39,Antwerpseweg 195,2021-03-20,18:00:00,7,4,3,FMN GV 10 Beerse
39,Antwerpseweg 195,2021-03-20,19:00:00,4,4,0,FMN GV 10 Beerse
39,Antwerpseweg 195,2021-03-20,20:00:00,8,7,1,FMN GV 10 Beerse
39,Antwerpseweg 195,2021-03-20,21:00:00,3,1,2,FMN GV 10 Beerse
39,Antwerpseweg 195,2021-03-20,22:00:00,3,1,2,FMN GV 10 Beerse
39,Antwerpseweg 195,2021-03-20,23:00:00,2,2,0,FMN GV 10 Beerse
39,Antwerpseweg 195,2021-03-21,00:00:00,0,0,0,FMN GV 10 Beerse
39,Antwerpseweg 195,2021-03-21,01:00:00,0,0,0,FMN GV 10 Beerse
39,Antwerpseweg 195,2021-03-21,02:00:00,0,0,0,FMN GV 10 Beerse
39,Antwerpseweg 195,2021-03-21,03:00:00,0,0,0,FMN GV 10 Beerse
39,Antwerpseweg 195,2021-03-21,04:00:00,0,0,0,FMN GV 10 Beerse
39,Antwerpseweg 195,2021-03-21,05:00:00,0,0,0,FMN GV 10 Beerse
39,Antwerpseweg 195,2021-03-21,06:00:00,0,0,0,FMN GV 10 Beerse
39,Antwerpseweg 195,2021-03-21,07:00:00,0,0,0,FMN GV 10 Beerse
39,Antwerpseweg 195,2021-03-21,08:00:00,6,5,1,FMN GV 10 Beerse
39,Antwerpseweg 195,2021-03-21,09:00:00,14,9,5,FMN GV 10 Beerse
39,Antwerpseweg 195,2021-03-21,10:00:00,23,19,4,FMN GV 10 Beerse
39,Antwerpseweg 195,2021-03-21,11:00:00,19,15,4,FMN GV 10 Beerse
39,Antwerpseweg 195,2021-03-21,12:00:00,26,18,8,FMN GV 10 Beerse
39,Antwerpseweg 195,2021-03-21,13:00:00,20,8,12,FMN GV 10 Beerse
39,Antwerpseweg 195,2021-03-21,14:00:00,25,18,7,FMN GV 10 Beerse
39,Antwerpseweg 195,2021-03-21,15:00:00,11,7,4,FMN GV 10 Beerse
39,Antwerpseweg 195,2021-03-21,16:00:00,14,9,5,FMN GV 10 Beerse
39,Antwerpseweg 195,2021-03-21,17:00:00,12,12,0,FMN GV 10 Beerse
39,Antwerpseweg 195,2021-03-21,18:00:00,2,1,1,FMN GV 10 Beerse
39,Antwerpseweg 195,2021-03-21,19:00:00,2,2,0,FMN GV 10 Beerse
39,Antwerpseweg 195,2021-03-21,20:00:00,2,2,0,FMN GV 10 Beerse
39,Antwerpseweg 195,2021-03-21,21:00:00,2,2,0,FMN GV 10 Beerse
39,Antwerpseweg 195,2021-03-21,22:00:00,0,0,0,FMN GV 10 Beerse
39,Antwerpseweg 195,2021-03-21,23:00:00,0,0,0,FMN GV 10 Beerse
39,Antwerpseweg 195,2021-03-22,00:00:00,0,0,0,FMN GV 10 Beerse
39,Antwerpseweg 195,2021-03-22,01:00:00,0,0,0,FMN GV 10 Beerse
39,Antwerpseweg 195,2021-03-22,02:00:00,0,0,0,FMN GV 10 Beerse
39,Antwerpseweg 195,2021-03-22,03:00:00,0,0,0,FMN GV 10 Beerse
39,Antwerpseweg 195,2021-03-22,04:00:00,2,1,1,FMN GV 10 Beerse
39,Antwerpseweg 195,2021-03-22,05:00:00,8,8,0,FMN GV 10 Beerse
39,Antwerpseweg 195,2021-03-22,06:00:00,17,16,1,FMN GV 10 Beerse
39,Antwerpseweg 195,2021-03-22,07:00:00,33,26,7,FMN GV 10 Beerse
39,Antwerpseweg 195,2021-03-22,08:00:00,16,12,4,FMN GV 10 Beerse
39,Antwerpseweg 195,2021-03-22,09:00:00,12,10,2,FMN GV 10 Beerse
39,Antwerpseweg 195,2021-03-22,10:00:00,13,9,4,FMN GV 10 Beerse
39,Antwerpseweg 195,2021-03-22,11:00:00,14,11,3,FMN GV 10 Beerse
39,Antwerpseweg 195,2021-03-22,12:00:00,13,7,6,FMN GV 10 Beerse
39,Antwerpseweg 195,2021-03-22,13:00:00,23,17,6,FMN GV 10 Beerse
39,Antwerpseweg 195,2021-03-22,14:00:00,23,14,9,FMN GV 10 Beerse
39,Antwerpseweg 195,2021-03-22,15:00:00,42,34,8,FMN GV 10 Beerse
39,Antwerpseweg 195,2021-03-22,16:00:00,42,34,8,FMN GV 10 Beerse
39,Antwerpseweg 195,2021-03-22,17:00:00,22,15,7,FMN GV 10 Beerse
39,Antwerpseweg 195,2021-03-22,18:00:00,14,9,5,FMN GV 10 Beerse
39,Antwerpseweg 195,2021-03-22,19:00:00,3,3,0,FMN GV 10 Beerse
39,Antwerpseweg 195,2021-03-22,20:00:00,0,0,0,FMN GV 10 Beerse
39,Antwerpseweg 195,2021-03-22,21:00:00,3,3,0,FMN GV 10 Beerse
39,Antwerpseweg 195,2021-03-22,22:00:00,1,1,0,FMN GV 10 Beerse
39,Antwerpseweg 195,2021-03-22,23:00:00,0,0,0,FMN GV 10 Beerse
39,Antwerpseweg 195,2021-03-23,00:00:00,0,0,0,FMN GV 10 Beerse
39,Antwerpseweg 195,2021-03-23,01:00:00,0,0,0,FMN GV 10 Beerse
39,Antwerpseweg 195,2021-03-23,02:00:00,0,0,0,FMN GV 10 Beerse
39,Antwerpseweg 195,2021-03-23,03:00:00,0,0,0,FMN GV 10 Beerse
39,Antwerpseweg 195,2021-03-23,04:00:00,2,1,1,FMN GV 10 Beerse
39,Antwerpseweg 195,2021-03-23,05:00:00,13,13,0,FMN GV 10 Beerse
39,Antwerpseweg 195,2021-03-23,06:00:00,17,15,2,FMN GV 10 Beerse
39,Antwerpseweg 195,2021-03-23,07:00:00,27,21,6,FMN GV 10 Beerse
39,Antwerpseweg 195,2021-03-23,08:00:00,11,9,2,FMN GV 10 Beerse
39,Antwerpseweg 195,2021-03-23,09:00:00,12,6,6,FMN GV 10 Beerse
39,Antwerpseweg 195,2021-03-23,10:00:00,15,14,1,FMN GV 10 Beerse
39,Antwerpseweg 195,2021-03-23,11:00:00,8,8,0,FMN GV 10 Beerse
39,Antwerpseweg 195,2021-03-23,12:00:00,30,21,9,FMN GV 10 Beerse
39,Antwerpseweg 195,2021-03-23,13:00:00,34,21,13,FMN GV 10 Beerse
39,Antwerpseweg 195,2021-03-23,14:00:00,39,22,17,FMN GV 10 Beerse
39,Antwerpseweg 195,2021-03-23,15:00:00,70,56,14,FMN GV 10 Beerse
39,Antwerpseweg 195,2021-03-23,16:00:00,53,33,20,FMN GV 10 Beerse
39,Antwerpseweg 195,2021-03-23,17:00:00,29,22,7,FMN GV 10 Beerse
39,Antwerpseweg 195,2021-03-23,18:00:00,12,8,4,FMN GV 10 Beerse
39,Antwerpseweg 195,2021-03-23,19:00:00,12,11,1,FMN GV 10 Beerse
39,Antwerpseweg 195,2021-03-23,20:00:00,5,5,0,FMN GV 10 Beerse
39,Antwerpseweg 195,2021-03-23,21:00:00,4,3,1,FMN GV 10 Beerse
39,Antwerpseweg 195,2021-03-23,22:00:00,2,1,1,FMN GV 10 Beerse
39,Antwerpseweg 195,2021-03-23,23:00:00,0,0,0,FMN GV 10 Beerse
39,Antwerpseweg 195,2021-03-24,00:00:00,0,0,0,FMN GV 10 Beerse
39,Antwerpseweg 195,2021-03-24,01:00:00,0,0,0,FMN GV 10 Beerse
39,Antwerpseweg 195,2021-03-24,02:00:00,0,0,0,FMN GV 10 Beerse
39,Antwerpseweg 195,2021-03-24,03:00:00,0,0,0,FMN GV 10 Beerse
39,Antwerpseweg 195,2021-03-24,04:00:00,2,1,1,FMN GV 10 Beerse
39,Antwerpseweg 195,2021-03-24,05:00:00,14,14,0,FMN GV 10 Beerse
39,Antwerpseweg 195,2021-03-24,06:00:00,17,14,3,FMN GV 10 Beerse
39,Antwerpseweg 195,2021-03-24,07:00:00,38,29,9,FMN GV 10 Beerse
39,Antwerpseweg 195,2021-03-24,08:00:00,17,13,4,FMN GV 10 Beerse
39,Antwerpseweg 195,2021-03-24,09:00:00,11,8,3,FMN GV 10 Beerse
39,Antwerpseweg 195,2021-03-24,10:00:00,13,9,4,FMN GV 10 Beerse
39,Antwerpseweg 195,2021-03-24,11:00:00,18,11,7,FMN GV 10 Beerse
39,Antwerpseweg 195,2021-03-24,12:00:00,34,27,7,FMN GV 10 Beerse
39,Antwerpseweg 195,2021-03-24,13:00:00,49,28,21,FMN GV 10 Beerse
39,Antwerpseweg 195,2021-03-24,14:00:00,61,38,23,FMN GV 10 Beerse
39,Antwerpseweg 195,2021-03-24,15:00:00,57,38,19,FMN GV 10 Beerse
39,Antwerpseweg 195,2021-03-24,16:00:00,57,38,19,FMN GV 10 Beerse
39,Antwerpseweg 195,2021-03-24,17:00:00,38,23,15,FMN GV 10 Beerse
39,Antwerpseweg 195,2021-03-24,18:00:00,21,15,6,FMN GV 10 Beerse
39,Antwerpseweg 195,2021-03-24,19:00:00,1,0,1,FMN GV 10 Beerse
39,Antwerpseweg 195,2021-03-24,20:00:00,2,2,0,FMN GV 10 Beerse
39,Antwerpseweg 195,2021-03-24,21:00:00,4,4,0,FMN GV 10 Beerse
39,Antwerpseweg 195,2021-03-24,22:00:00,1,1,0,FMN GV 10 Beerse
39,Antwerpseweg 195,2021-03-24,23:00:00,1,1,0,FMN GV 10 Beerse
39,Antwerpseweg 195,2021-03-25,00:00:00,0,0,0,FMN GV 10 Beerse
39,Antwerpseweg 195,2021-03-25,01:00:00,0,0,0,FMN GV 10 Beerse
39,Antwerpseweg 195,2021-03-25,02:00:00,0,0,0,FMN GV 10 Beerse
39,Antwerpseweg 195,2021-03-25,03:00:00,0,0,0,FMN GV 10 Beerse
39,Antwerpseweg 195,2021-03-25,04:00:00,2,1,1,FMN GV 10 Beerse
39,Antwerpseweg 195,2021-03-25,05:00:00,12,12,0,FMN GV 10 Beerse
39,Antwerpseweg 195,2021-03-25,06:00:00,11,10,1,FMN GV 10 Beerse
39,Antwerpseweg 195,2021-03-25,07:00:00,36,26,10,FMN GV 10 Beerse
39,Antwerpseweg 195,2021-03-25,08:00:00,21,16,5,FMN GV 10 Beerse
39,Antwerpseweg 195,2021-03-25,09:00:00,6,4,2,FMN GV 10 Beerse
39,Antwerpseweg 195,2021-03-25,10:00:00,12,10,2,FMN GV 10 Beerse
39,Antwerpseweg 195,2021-03-25,11:00:00,16,10,6,FMN GV 10 Beerse
39,Antwerpseweg 195,2021-03-25,12:00:00,19,13,6,FMN GV 10 Beerse
39,Antwerpseweg 195,2021-03-25,13:00:00,22,18,4,FMN GV 10 Beerse
39,Antwerpseweg 195,2021-03-25,14:00:00,28,18,10,FMN GV 10 Beerse
39,Antwerpseweg 195,2021-03-25,15:00:00,39,26,13,FMN GV 10 Beerse
39,Antwerpseweg 195,2021-03-25,16:00:00,28,16,12,FMN GV 10 Beerse
39,Antwerpseweg 195,2021-03-25,17:00:00,24,17,7,FMN GV 10 Beerse
39,Antwerpseweg 195,2021-03-25,18:00:00,15,12,3,FMN GV 10 Beerse
39,Antwerpseweg 195,2021-03-25,19:00:00,6,5,1,FMN GV 10 Beerse
39,Antwerpseweg 195,2021-03-25,20:00:00,4,4,0,FMN GV 10 Beerse
39,Antwerpseweg 195,2021-03-25,21:00:00,5,5,0,FMN GV 10 Beerse
39,Antwerpseweg 195,2021-03-25,22:00:00,0,0,0,FMN GV 10 Beerse
39,Antwerpseweg 195,2021-03-25,23:00:00,0,0,0,FMN GV 10 Beerse
39,Antwerpseweg 195,2021-03-26,00:00:00,0,0,0,FMN GV 10 Beerse
39,Antwerpseweg 195,2021-03-26,01:00:00,0,0,0,FMN GV 10 Beerse
39,Antwerpseweg 195,2021-03-26,02:00:00,0,0,0,FMN GV 10 Beerse
39,Antwerpseweg 195,2021-03-26,03:00:00,0,0,0,FMN GV 10 Beerse
39,Antwerpseweg 195,2021-03-26,04:00:00,3,2,1,FMN GV 10 Beerse
39,Antwerpseweg 195,2021-03-26,05:00:00,14,14,0,FMN GV 10 Beerse
39,Antwerpseweg 195,2021-03-26,06:00:00,12,11,1,FMN GV 10 Beerse
39,Antwerpseweg 195,2021-03-26,07:00:00,29,22,7,FMN GV 10 Beerse
39,Antwerpseweg 195,2021-03-26,08:00:00,15,12,3,FMN GV 10 Beerse
39,Antwerpseweg 195,2021-03-26,09:00:00,8,5,3,FMN GV 10 Beerse
39,Antwerpseweg 195,2021-03-26,10:00:00,20,13,7,FMN GV 10 Beerse
39,Antwerpseweg 195,2021-03-26,11:00:00,22,16,6,FMN GV 10 Beerse
39,Antwerpseweg 195,2021-03-26,12:00:00,22,14,8,FMN GV 10 Beerse
39,Antwerpseweg 195,2021-03-26,13:00:00,18,12,6,FMN GV 10 Beerse
39,Antwerpseweg 195,2021-03-26,14:00:00,36,22,14,FMN GV 10 Beerse
39,Antwerpseweg 195,2021-03-26,15:00:00,26,20,6,FMN GV 10 Beerse
39,Antwerpseweg 195,2021-03-26,16:00:00,31,20,11,FMN GV 10 Beerse
39,Antwerpseweg 195,2021-03-26,17:00:00,22,14,8,FMN GV 10 Beerse
39,Antwerpseweg 195,2021-03-26,18:00:00,16,15,1,FMN GV 10 Beerse
39,Antwerpseweg 195,2021-03-26,19:00:00,4,3,1,FMN GV 10 Beerse
39,Antwerpseweg 195,2021-03-26,20:00:00,2,0,2,FMN GV 10 Beerse
39,Antwerpseweg 195,2021-03-26,21:00:00,2,2,0,FMN GV 10 Beerse
39,Antwerpseweg 195,2021-03-26,22:00:00,2,2,0,FMN GV 10 Beerse
39,Antwerpseweg 195,2021-03-26,23:00:00,0,0,0,FMN GV 10 Beerse
39,Antwerpseweg 195,2021-03-27,00:00:00,3,0,3,FMN GV 10 Beerse
39,Antwerpseweg 195,2021-03-27,01:00:00,2,0,2,FMN GV 10 Beerse
39,Antwerpseweg 195,2021-03-27,02:00:00,0,0,0,FMN GV 10 Beerse
39,Antwerpseweg 195,2021-03-27,03:00:00,0,0,0,FMN GV 10 Beerse
39,Antwerpseweg 195,2021-03-27,04:00:00,1,1,0,FMN GV 10 Beerse
39,Antwerpseweg 195,2021-03-27,05:00:00,2,2,0,FMN GV 10 Beerse
39,Antwerpseweg 195,2021-03-27,06:00:00,2,2,0,FMN GV 10 Beerse
39,Antwerpseweg 195,2021-03-27,07:00:00,1,1,0,FMN GV 10 Beerse
39,Antwerpseweg 195,2021-03-27,08:00:00,2,1,1,FMN GV 10 Beerse
39,Antwerpseweg 195,2021-03-27,09:00:00,7,4,3,FMN GV 10 Beerse
39,Antwerpseweg 195,2021-03-27,10:00:00,13,9,4,FMN GV 10 Beerse
39,Antwerpseweg 195,2021-03-27,11:00:00,16,15,1,FMN GV 10 Beerse
39,Antwerpseweg 195,2021-03-27,12:00:00,6,3,3,FMN GV 10 Beerse
39,Antwerpseweg 195,2021-03-27,13:00:00,8,5,3,FMN GV 10 Beerse
39,Antwerpseweg 195,2021-03-27,14:00:00,11,7,4,FMN GV 10 Beerse
39,Antwerpseweg 195,2021-03-27,15:00:00,24,20,4,FMN GV 10 Beerse
39,Antwerpseweg 195,2021-03-27,16:00:00,14,8,6,FMN GV 10 Beerse
39,Antwerpseweg 195,2021-03-27,17:00:00,15,9,6,FMN GV 10 Beerse
39,Antwerpseweg 195,2021-03-27,18:00:00,5,4,1,FMN GV 10 Beerse
39,Antwerpseweg 195,2021-03-27,19:00:00,5,3,2,FMN GV 10 Beerse
39,Antwerpseweg 195,2021-03-27,20:00:00,1,1,0,FMN GV 10 Beerse
39,Antwerpseweg 195,2021-03-27,21:00:00,1,1,0,FMN GV 10 Beerse
39,Antwerpseweg 195,2021-03-27,22:00:00,1,1,0,FMN GV 10 Beerse
39,Antwerpseweg 195,2021-03-27,23:00:00,3,2,1,FMN GV 10 Beerse
39,Antwerpseweg 195,2021-03-28,00:00:00,1,1,0,FMN GV 10 Beerse
39,Antwerpseweg 195,2021-03-28,01:00:00,0,0,0,FMN GV 10 Beerse
39,Antwerpseweg 195,2021-03-28,02:00:00,0,0,0,FMN GV 10 Beerse
39,Antwerpseweg 195,2021-03-28,03:00:00,0,0,0,FMN GV 10 Beerse
39,Antwerpseweg 195,2021-03-28,04:00:00,0,0,0,FMN GV 10 Beerse
39,Antwerpseweg 195,2021-03-28,05:00:00,1,1,0,FMN GV 10 Beerse
39,Antwerpseweg 195,2021-03-28,06:00:00,1,1,0,FMN GV 10 Beerse
39,Antwerpseweg 195,2021-03-28,07:00:00,0,0,0,FMN GV 10 Beerse
39,Antwerpseweg 195,2021-03-28,08:00:00,14,5,9,FMN GV 10 Beerse
39,Antwerpseweg 195,2021-03-28,09:00:00,34,14,20,FMN GV 10 Beerse
39,Antwerpseweg 195,2021-03-28,10:00:00,22,12,10,FMN GV 10 Beerse
39,Antwerpseweg 195,2021-03-28,11:00:00,36,26,10,FMN GV 10 Beerse
39,Antwerpseweg 195,2021-03-28,12:00:00,31,27,4,FMN GV 10 Beerse
39,Antwerpseweg 195,2021-03-28,13:00:00,43,30,13,FMN GV 10 Beerse
39,Antwerpseweg 195,2021-03-28,14:00:00,55,37,18,FMN GV 10 Beerse
39,Antwerpseweg 195,2021-03-28,15:00:00,57,36,21,FMN GV 10 Beerse
39,Antwerpseweg 195,2021-03-28,16:00:00,32,22,10,FMN GV 10 Beerse
39,Antwerpseweg 195,2021-03-28,17:00:00,27,12,15,FMN GV 10 Beerse
39,Antwerpseweg 195,2021-03-28,18:00:00,13,12,1,FMN GV 10 Beerse
39,Antwerpseweg 195,2021-03-28,19:00:00,8,6,2,FMN GV 10 Beerse
39,Antwerpseweg 195,2021-03-28,20:00:00,6,5,1,FMN GV 10 Beerse
39,Antwerpseweg 195,2021-03-28,21:00:00,4,3,1,FMN GV 10 Beerse
39,Antwerpseweg 195,2021-03-28,22:00:00,0,0,0,FMN GV 10 Beerse
39,Antwerpseweg 195,2021-03-28,23:00:00,0,0,0,FMN GV 10 Beerse
39,Antwerpseweg 195,2021-03-29,00:00:00,0,0,0,FMN GV 10 Beerse
39,Antwerpseweg 195,2021-03-29,01:00:00,0,0,0,FMN GV 10 Beerse
39,Antwerpseweg 195,2021-03-29,02:00:00,0,0,0,FMN GV 10 Beerse
39,Antwerpseweg 195,2021-03-29,03:00:00,0,0,0,FMN GV 10 Beerse
39,Antwerpseweg 195,2021-03-29,04:00:00,0,0,0,FMN GV 10 Beerse
39,Antwerpseweg 195,2021-03-29,05:00:00,7,7,0,FMN GV 10 Beerse
39,Antwerpseweg 195,2021-03-29,06:00:00,17,16,1,FMN GV 10 Beerse
39,Antwerpseweg 195,2021-03-29,07:00:00,26,22,4,FMN GV 10 Beerse
39,Antwerpseweg 195,2021-03-29,08:00:00,12,11,1,FMN GV 10 Beerse
39,Antwerpseweg 195,2021-03-29,09:00:00,11,9,2,FMN GV 10 Beerse
39,Antwerpseweg 195,2021-03-29,10:00:00,20,12,8,FMN GV 10 Beerse
39,Antwerpseweg 195,2021-03-29,11:00:00,23,19,4,FMN GV 10 Beerse
39,Antwerpseweg 195,2021-03-29,12:00:00,33,23,10,FMN GV 10 Beerse
39,Antwerpseweg 195,2021-03-29,13:00:00,55,39,16,FMN GV 10 Beerse
39,Antwerpseweg 195,2021-03-29,14:00:00,66,44,22,FMN GV 10 Beerse
39,Antwerpseweg 195,2021-03-29,15:00:00,57,32,25,FMN GV 10 Beerse
39,Antwerpseweg 195,2021-03-29,16:00:00,53,35,18,FMN GV 10 Beerse
39,Antwerpseweg 195,2021-03-29,17:00:00,38,25,13,FMN GV 10 Beerse
39,Antwerpseweg 195,2021-03-29,18:00:00,35,19,16,FMN GV 10 Beerse
39,Antwerpseweg 195,2021-03-29,19:00:00,15,13,2,FMN GV 10 Beerse
39,Antwerpseweg 195,2021-03-29,20:00:00,12,8,4,FMN GV 10 Beerse
39,Antwerpseweg 195,2021-03-29,21:00:00,6,6,0,FMN GV 10 Beerse
39,Antwerpseweg 195,2021-03-29,22:00:00,10,9,1,FMN GV 10 Beerse
39,Antwerpseweg 195,2021-03-29,23:00:00,2,2,0,FMN GV 10 Beerse
39,Antwerpseweg 195,2021-03-30,00:00:00,0,0,0,FMN GV 10 Beerse
39,Antwerpseweg 195,2021-03-30,01:00:00,0,0,0,FMN GV 10 Beerse
39,Antwerpseweg 195,2021-03-30,02:00:00,0,0,0,FMN GV 10 Beerse
39,Antwerpseweg 195,2021-03-30,03:00:00,0,0,0,FMN GV 10 Beerse
39,Antwerpseweg 195,2021-03-30,04:00:00,2,1,1,FMN GV 10 Beerse
39,Antwerpseweg 195,2021-03-30,05:00:00,12,11,1,FMN GV 10 Beerse
39,Antwerpseweg 195,2021-03-30,06:00:00,15,13,2,FMN GV 10 Beerse
39,Antwerpseweg 195,2021-03-30,07:00:00,30,28,2,FMN GV 10 Beerse
39,Antwerpseweg 195,2021-03-30,08:00:00,13,10,3,FMN GV 10 Beerse
39,Antwerpseweg 195,2021-03-30,09:00:00,10,8,2,FMN GV 10 Beerse
39,Antwerpseweg 195,2021-03-30,10:00:00,37,24,13,FMN GV 10 Beerse
39,Antwerpseweg 195,2021-03-30,11:00:00,34,25,9,FMN GV 10 Beerse
39,Antwerpseweg 195,2021-03-30,12:00:00,37,27,10,FMN GV 10 Beerse
39,Antwerpseweg 195,2021-03-30,13:00:00,108,59,49,FMN GV 10 Beerse
39,Antwerpseweg 195,2021-03-30,14:00:00,101,70,31,FMN GV 10 Beerse
39,Antwerpseweg 195,2021-03-30,15:00:00,109,66,43,FMN GV 10 Beerse
39,Antwerpseweg 195,2021-03-30,16:00:00,85,65,20,FMN GV 10 Beerse
39,Antwerpseweg 195,2021-03-30,17:00:00,64,47,17,FMN GV 10 Beerse
39,Antwerpseweg 195,2021-03-30,18:00:00,29,15,14,FMN GV 10 Beerse
39,Antwerpseweg 195,2021-03-30,19:00:00,15,8,7,FMN GV 10 Beerse
39,Antwerpseweg 195,2021-03-30,20:00:00,15,11,4,FMN GV 10 Beerse
39,Antwerpseweg 195,2021-03-30,21:00:00,5,5,0,FMN GV 10 Beerse
39,Antwerpseweg 195,2021-03-30,22:00:00,7,5,2,FMN GV 10 Beerse
39,Antwerpseweg 195,2021-03-30,23:00:00,1,1,0,FMN GV 10 Beerse
39,Antwerpseweg 195,2021-03-31,00:00:00,0,0,0,FMN GV 10 Beerse
39,Antwerpseweg 195,2021-03-31,01:00:00,0,0,0,FMN GV 10 Beerse
39,Antwerpseweg 195,2021-03-31,02:00:00,0,0,0,FMN GV 10 Beerse
39,Antwerpseweg 195,2021-03-31,03:00:00,0,0,0,FMN GV 10 Beerse
39,Antwerpseweg 195,2021-03-31,04:00:00,1,0,1,FMN GV 10 Beerse
39,Antwerpseweg 195,2021-03-31,05:00:00,14,14,0,FMN GV 10 Beerse
39,Antwerpseweg 195,2021-03-31,06:00:00,14,13,1,FMN GV 10 Beerse
39,Antwerpseweg 195,2021-03-31,07:00:00,30,26,4,FMN GV 10 Beerse
39,Antwerpseweg 195,2021-03-31,08:00:00,15,11,4,FMN GV 10 Beerse
39,Antwerpseweg 195,2021-03-31,09:00:00,25,18,7,FMN GV 10 Beerse
39,Antwerpseweg 195,2021-03-31,10:00:00,35,30,5,FMN GV 10 Beerse
39,Antwerpseweg 195,2021-03-31,11:00:00,29,18,11,FMN GV 10 Beerse
39,Antwerpseweg 195,2021-03-31,12:00:00,46,33,13,FMN GV 10 Beerse
39,Antwerpseweg 195,2021-03-31,13:00:00,76,46,30,FMN GV 10 Beerse
39,Antwerpseweg 195,2021-03-31,14:00:00,127,74,53,FMN GV 10 Beerse
39,Antwerpseweg 195,2021-03-31,15:00:00,121,74,47,FMN GV 10 Beerse
39,Antwerpseweg 195,2021-03-31,16:00:00,79,61,18,FMN GV 10 Beerse
39,Antwerpseweg 195,2021-03-31,17:00:00,81,53,28,FMN GV 10 Beerse
39,Antwerpseweg 195,2021-03-31,18:00:00,58,39,19,FMN GV 10 Beerse
39,Antwerpseweg 195,2021-03-31,19:00:00,48,28,20,FMN GV 10 Beerse
39,Antwerpseweg 195,2021-03-31,20:00:00,23,8,15,FMN GV 10 Beerse
39,Antwerpseweg 195,2021-03-31,21:00:00,4,3,1,FMN GV 10 Beerse
39,Antwerpseweg 195,2021-03-31,22:00:00,4,3,1,FMN GV 10 Beerse
39,Antwerpseweg 195,2021-03-31,23:00:00,1,1,0,FMN GV 10 Beerse
39,Antwerpseweg 195,2021-04-01,00:00:00,0,0,0,FMN GV 10 Beerse
39,Antwerpseweg 195,2021-04-01,01:00:00,1,1,0,FMN GV 10 Beerse
39,Antwerpseweg 195,2021-04-01,02:00:00,0,0,0,FMN GV 10 Beerse
39,Antwerpseweg 195,2021-04-01,03:00:00,0,0,0,FMN GV 10 Beerse
39,Antwerpseweg 195,2021-04-01,04:00:00,1,0,1,FMN GV 10 Beerse
39,Antwerpseweg 195,2021-04-01,05:00:00,10,10,0,FMN GV 10 Beerse
39,Antwerpseweg 195,2021-04-01,06:00:00,20,18,2,FMN GV 10 Beerse
39,Antwerpseweg 195,2021-04-01,07:00:00,28,24,4,FMN GV 10 Beerse
39,Antwerpseweg 195,2021-04-01,08:00:00,19,14,5,FMN GV 10 Beerse
39,Antwerpseweg 195,2021-04-01,09:00:00,9,7,2,FMN GV 10 Beerse
39,Antwerpseweg 195,2021-04-01,10:00:00,13,10,3,FMN GV 10 Beerse
39,Antwerpseweg 195,2021-04-01,11:00:00,27,19,8,FMN GV 10 Beerse
39,Antwerpseweg 195,2021-04-01,12:00:00,33,21,12,FMN GV 10 Beerse
39,Antwerpseweg 195,2021-04-01,13:00:00,52,23,29,FMN GV 10 Beerse
39,Antwerpseweg 195,2021-04-01,14:00:00,70,40,30,FMN GV 10 Beerse
39,Antwerpseweg 195,2021-04-01,15:00:00,83,60,23,FMN GV 10 Beerse
39,Antwerpseweg 195,2021-04-01,16:00:00,68,42,26,FMN GV 10 Beerse
39,Antwerpseweg 195,2021-04-01,17:00:00,41,27,14,FMN GV 10 Beerse
39,Antwerpseweg 195,2021-04-01,18:00:00,28,21,7,FMN GV 10 Beerse
39,Antwerpseweg 195,2021-04-01,19:00:00,20,12,8,FMN GV 10 Beerse
39,Antwerpseweg 195,2021-04-01,20:00:00,10,7,3,FMN GV 10 Beerse
39,Antwerpseweg 195,2021-04-01,21:00:00,10,8,2,FMN GV 10 Beerse
39,Antwerpseweg 195,2021-04-01,22:00:00,6,4,2,FMN GV 10 Beerse
39,Antwerpseweg 195,2021-04-01,23:00:00,1,1,0,FMN GV 10 Beerse
39,Antwerpseweg 195,2021-04-02,00:00:00,0,0,0,FMN GV 10 Beerse
39,Antwerpseweg 195,2021-04-02,01:00:00,0,0,0,FMN GV 10 Beerse
39,Antwerpseweg 195,2021-04-02,02:00:00,0,0,0,FMN GV 10 Beerse
39,Antwerpseweg 195,2021-04-02,03:00:00,0,0,0,FMN GV 10 Beerse
39,Antwerpseweg 195,2021-04-02,04:00:00,0,0,0,FMN GV 10 Beerse
39,Antwerpseweg 195,2021-04-02,05:00:00,9,9,0,FMN GV 10 Beerse
39,Antwerpseweg 195,2021-04-02,06:00:00,18,15,3,FMN GV 10 Beerse
39,Antwerpseweg 195,2021-04-02,07:00:00,19,17,2,FMN GV 10 Beerse
39,Antwerpseweg 195,2021-04-02,08:00:00,12,8,4,FMN GV 10 Beerse
39,Antwerpseweg 195,2021-04-02,09:00:00,7,4,3,FMN GV 10 Beerse
39,Antwerpseweg 195,2021-04-02,10:00:00,15,10,5,FMN GV 10 Beerse
39,Antwerpseweg 195,2021-04-02,11:00:00,17,14,3,FMN GV 10 Beerse
39,Antwerpseweg 195,2021-04-02,12:00:00,13,5,8,FMN GV 10 Beerse
39,Antwerpseweg 195,2021-04-02,13:00:00,16,11,5,FMN GV 10 Beerse
39,Antwerpseweg 195,2021-04-02,14:00:00,25,19,6,FMN GV 10 Beerse
39,Antwerpseweg 195,2021-04-02,15:00:00,33,27,6,FMN GV 10 Beerse
39,Antwerpseweg 195,2021-04-02,16:00:00,20,13,7,FMN GV 10 Beerse
39,Antwerpseweg 195,2021-04-02,17:00:00,18,14,4,FMN GV 10 Beerse
39,Antwerpseweg 195,2021-04-02,18:00:00,11,6,5,FMN GV 10 Beerse
39,Antwerpseweg 195,2021-04-02,19:00:00,9,5,4,FMN GV 10 Beerse
39,Antwerpseweg 195,2021-04-02,20:00:00,4,2,2,FMN GV 10 Beerse
39,Antwerpseweg 195,2021-04-02,21:00:00,1,1,0,FMN GV 10 Beerse
39,Antwerpseweg 195,2021-04-02,22:00:00,2,1,1,FMN GV 10 Beerse
39,Antwerpseweg 195,2021-04-02,23:00:00,1,1,0,FMN GV 10 Beerse
39,Antwerpseweg 195,2021-04-03,00:00:00,2,2,0,FMN GV 10 Beerse
39,Antwerpseweg 195,2021-04-03,01:00:00,0,0,0,FMN GV 10 Beerse
39,Antwerpseweg 195,2021-04-03,02:00:00,0,0,0,FMN GV 10 Beerse
39,Antwerpseweg 195,2021-04-03,03:00:00,0,0,0,FMN GV 10 Beerse
39,Antwerpseweg 195,2021-04-03,04:00:00,1,1,0,FMN GV 10 Beerse
39,Antwerpseweg 195,2021-04-03,05:00:00,3,3,0,FMN GV 10 Beerse
39,Antwerpseweg 195,2021-04-03,06:00:00,2,1,1,FMN GV 10 Beerse
39,Antwerpseweg 195,2021-04-03,07:00:00,2,1,1,FMN GV 10 Beerse
39,Antwerpseweg 195,2021-04-03,08:00:00,10,8,2,FMN GV 10 Beerse
39,Antwerpseweg 195,2021-04-03,09:00:00,9,7,2,FMN GV 10 Beerse
39,Antwerpseweg 195,2021-04-03,10:00:00,10,4,6,FMN GV 10 Beerse
39,Antwerpseweg 195,2021-04-03,11:00:00,9,5,4,FMN GV 10 Beerse
39,Antwerpseweg 195,2021-04-03,12:00:00,17,9,8,FMN GV 10 Beerse
39,Antwerpseweg 195,2021-04-03,13:00:00,36,26,10,FMN GV 10 Beerse
39,Antwerpseweg 195,2021-04-03,14:00:00,40,24,16,FMN GV 10 Beerse
39,Antwerpseweg 195,2021-04-03,15:00:00,29,15,14,FMN GV 10 Beerse
39,Antwerpseweg 195,2021-04-03,16:00:00,28,8,20,FMN GV 10 Beerse
39,Antwerpseweg 195,2021-04-03,17:00:00,9,6,3,FMN GV 10 Beerse
39,Antwerpseweg 195,2021-04-03,18:00:00,19,12,7,FMN GV 10 Beerse
39,Antwerpseweg 195,2021-04-03,19:00:00,8,6,2,FMN GV 10 Beerse
39,Antwerpseweg 195,2021-04-03,20:00:00,5,5,0,FMN GV 10 Beerse
39,Antwerpseweg 195,2021-04-03,21:00:00,5,3,2,FMN GV 10 Beerse
39,Antwerpseweg 195,2021-04-03,22:00:00,6,2,4,FMN GV 10 Beerse
39,Antwerpseweg 195,2021-04-03,23:00:00,0,0,0,FMN GV 10 Beerse
39,Antwerpseweg 195,2021-04-04,00:00:00,1,1,0,FMN GV 10 Beerse
39,Antwerpseweg 195,2021-04-04,01:00:00,0,0,0,FMN GV 10 Beerse
39,Antwerpseweg 195,2021-04-04,02:00:00,1,1,0,FMN GV 10 Beerse
39,Antwerpseweg 195,2021-04-04,03:00:00,0,0,0,FMN GV 10 Beerse
39,Antwerpseweg 195,2021-04-04,04:00:00,1,1,0,FMN GV 10 Beerse
39,Antwerpseweg 195,2021-04-04,05:00:00,0,0,0,FMN GV 10 Beerse
39,Antwerpseweg 195,2021-04-04,06:00:00,0,0,0,FMN GV 10 Beerse
39,Antwerpseweg 195,2021-04-04,07:00:00,3,3,0,FMN GV 10 Beerse
39,Antwerpseweg 195,2021-04-04,08:00:00,8,4,4,FMN GV 10 Beerse
39,Antwerpseweg 195,2021-04-04,09:00:00,13,9,4,FMN GV 10 Beerse
39,Antwerpseweg 195,2021-04-04,10:00:00,20,13,7,FMN GV 10 Beerse
39,Antwerpseweg 195,2021-04-04,11:00:00,28,22,6,FMN GV 10 Beerse
39,Antwerpseweg 195,2021-04-04,12:00:00,19,13,6,FMN GV 10 Beerse
39,Antwerpseweg 195,2021-04-04,13:00:00,19,13,6,FMN GV 10 Beerse
39,Antwerpseweg 195,2021-04-04,14:00:00,15,12,3,FMN GV 10 Beerse
39,Antwerpseweg 195,2021-04-04,15:00:00,7,4,3,FMN GV 10 Beerse
39,Antwerpseweg 195,2021-04-04,16:00:00,13,10,3,FMN GV 10 Beerse
39,Antwerpseweg 195,2021-04-04,17:00:00,15,9,6,FMN GV 10 Beerse
39,Antwerpseweg 195,2021-04-04,18:00:00,10,9,1,FMN GV 10 Beerse
39,Antwerpseweg 195,2021-04-04,19:00:00,9,4,5,FMN GV 10 Beerse
39,Antwerpseweg 195,2021-04-04,20:00:00,4,3,1,FMN GV 10 Beerse
39,Antwerpseweg 195,2021-04-04,21:00:00,7,4,3,FMN GV 10 Beerse
39,Antwerpseweg 195,2021-04-04,22:00:00,1,1,0,FMN GV 10 Beerse
39,Antwerpseweg 195,2021-04-04,23:00:00,1,1,0,FMN GV 10 Beerse
39,Antwerpseweg 195,2021-04-05,00:00:00,0,0,0,FMN GV 10 Beerse
39,Antwerpseweg 195,2021-04-05,01:00:00,0,0,0,FMN GV 10 Beerse
39,Antwerpseweg 195,2021-04-05,02:00:00,0,0,0,FMN GV 10 Beerse
39,Antwerpseweg 195,2021-04-05,03:00:00,0,0,0,FMN GV 10 Beerse
39,Antwerpseweg 195,2021-04-05,04:00:00,0,0,0,FMN GV 10 Beerse
39,Antwerpseweg 195,2021-04-05,05:00:00,0,0,0,FMN GV 10 Beerse
39,Antwerpseweg 195,2021-04-05,06:00:00,0,0,0,FMN GV 10 Beerse
39,Antwerpseweg 195,2021-04-05,07:00:00,2,2,0,FMN GV 10 Beerse
39,Antwerpseweg 195,2021-04-05,08:00:00,1,1,0,FMN GV 10 Beerse
39,Antwerpseweg 195,2021-04-05,09:00:00,2,2,0,FMN GV 10 Beerse
39,Antwerpseweg 195,2021-04-05,10:00:00,1,1,0,FMN GV 10 Beerse
39,Antwerpseweg 195,2021-04-05,11:00:00,1,0,1,FMN GV 10 Beerse
39,Antwerpseweg 195,2021-04-05,12:00:00,1,0,1,FMN GV 10 Beerse
39,Antwerpseweg 195,2021-04-05,13:00:00,5,3,2,FMN GV 10 Beerse
39,Antwerpseweg 195,2021-04-05,14:00:00,9,4,5,FMN GV 10 Beerse
39,Antwerpseweg 195,2021-04-05,15:00:00,5,4,1,FMN GV 10 Beerse
39,Antwerpseweg 195,2021-04-05,16:00:00,4,2,2,FMN GV 10 Beerse
39,Antwerpseweg 195,2021-04-05,17:00:00,4,2,2,FMN GV 10 Beerse
39,Antwerpseweg 195,2021-04-05,18:00:00,3,3,0,FMN GV 10 Beerse
39,Antwerpseweg 195,2021-04-05,19:00:00,2,1,1,FMN GV 10 Beerse
39,Antwerpseweg 195,2021-04-05,20:00:00,2,2,0,FMN GV 10 Beerse
39,Antwerpseweg 195,2021-04-05,21:00:00,0,0,0,FMN GV 10 Beerse
39,Antwerpseweg 195,2021-04-05,22:00:00,0,0,0,FMN GV 10 Beerse
39,Antwerpseweg 195,2021-04-05,23:00:00,1,0,1,FMN GV 10 Beerse
39,Antwerpseweg 195,2021-04-06,00:00:00,0,0,0,FMN GV 10 Beerse
39,Antwerpseweg 195,2021-04-06,01:00:00,0,0,0,FMN GV 10 Beerse
39,Antwerpseweg 195,2021-04-06,02:00:00,0,0,0,FMN GV 10 Beerse
39,Antwerpseweg 195,2021-04-06,03:00:00,0,0,0,FMN GV 10 Beerse
39,Antwerpseweg 195,2021-04-06,04:00:00,0,0,0,FMN GV 10 Beerse
39,Antwerpseweg 195,2021-04-06,05:00:00,11,10,1,FMN GV 10 Beerse
39,Antwerpseweg 195,2021-04-06,06:00:00,3,3,0,FMN GV 10 Beerse
39,Antwerpseweg 195,2021-04-06,07:00:00,8,6,2,FMN GV 10 Beerse
39,Antwerpseweg 195,2021-04-06,08:00:00,1,1,0,FMN GV 10 Beerse
39,Antwerpseweg 195,2021-04-06,09:00:00,1,0,1,FMN GV 10 Beerse
39,Antwerpseweg 195,2021-04-06,10:00:00,0,0,0,FMN GV 10 Beerse
39,Antwerpseweg 195,2021-04-06,11:00:00,3,1,2,FMN GV 10 Beerse
39,Antwerpseweg 195,2021-04-06,12:00:00,3,3,0,FMN GV 10 Beerse
39,Antwerpseweg 195,2021-04-06,13:00:00,3,3,0,FMN GV 10 Beerse
39,Antwerpseweg 195,2021-04-06,14:00:00,9,5,4,FMN GV 10 Beerse
39,Antwerpseweg 195,2021-04-06,15:00:00,9,5,4,FMN GV 10 Beerse
39,Antwerpseweg 195,2021-04-06,16:00:00,6,3,3,FMN GV 10 Beerse
39,Antwerpseweg 195,2021-04-06,17:00:00,4,3,1,FMN GV 10 Beerse
39,Antwerpseweg 195,2021-04-06,18:00:00,4,4,0,FMN GV 10 Beerse
39,Antwerpseweg 195,2021-04-06,19:00:00,3,1,2,FMN GV 10 Beerse
39,Antwerpseweg 195,2021-04-06,20:00:00,2,1,1,FMN GV 10 Beerse
39,Antwerpseweg 195,2021-04-06,21:00:00,1,0,1,FMN GV 10 Beerse
39,Antwerpseweg 195,2021-04-06,22:00:00,2,1,1,FMN GV 10 Beerse
39,Antwerpseweg 195,2021-04-06,23:00:00,0,0,0,FMN GV 10 Beerse
39,Antwerpseweg 195,2021-04-07,00:00:00,2,2,0,FMN GV 10 Beerse
39,Antwerpseweg 195,2021-04-07,01:00:00,0,0,0,FMN GV 10 Beerse
39,Antwerpseweg 195,2021-04-07,02:00:00,0,0,0,FMN GV 10 Beerse
39,Antwerpseweg 195,2021-04-07,03:00:00,0,0,0,FMN GV 10 Beerse
39,Antwerpseweg 195,2021-04-07,04:00:00,0,0,0,FMN GV 10 Beerse
39,Antwerpseweg 195,2021-04-07,05:00:00,7,7,0,FMN GV 10 Beerse
39,Antwerpseweg 195,2021-04-07,06:00:00,3,3,0,FMN GV 10 Beerse
39,Antwerpseweg 195,2021-04-07,07:00:00,4,2,2,FMN GV 10 Beerse
39,Antwerpseweg 195,2021-04-07,08:00:00,2,1,1,FMN GV 10 Beerse
39,Antwerpseweg 195,2021-04-07,09:00:00,1,0,1,FMN GV 10 Beerse
39,Antwerpseweg 195,2021-04-07,10:00:00,2,1,1,FMN GV 10 Beerse
39,Antwerpseweg 195,2021-04-07,11:00:00,2,2,0,FMN GV 10 Beerse
39,Antwerpseweg 195,2021-04-07,12:00:00,7,7,0,FMN GV 10 Beerse
39,Antwerpseweg 195,2021-04-07,13:00:00,4,2,2,FMN GV 10 Beerse
39,Antwerpseweg 195,2021-04-07,14:00:00,3,1,2,FMN GV 10 Beerse
39,Antwerpseweg 195,2021-04-07,15:00:00,3,1,2,FMN GV 10 Beerse
39,Antwerpseweg 195,2021-04-07,16:00:00,9,5,4,FMN GV 10 Beerse
39,Antwerpseweg 195,2021-04-07,17:00:00,4,1,3,FMN GV 10 Beerse
39,Antwerpseweg 195,2021-04-07,18:00:00,3,3,0,FMN GV 10 Beerse
39,Antwerpseweg 195,2021-04-07,19:00:00,6,4,2,FMN GV 10 Beerse
39,Antwerpseweg 195,2021-04-07,20:00:00,2,1,1,FMN GV 10 Beerse
39,Antwerpseweg 195,2021-04-07,21:00:00,2,2,0,FMN GV 10 Beerse
39,Antwerpseweg 195,2021-04-07,22:00:00,2,1,1,FMN GV 10 Beerse
39,Antwerpseweg 195,2021-04-07,23:00:00,0,0,0,FMN GV 10 Beerse
39,Antwerpseweg 195,2021-04-08,00:00:00,0,0,0,FMN GV 10 Beerse
39,Antwerpseweg 195,2021-04-08,01:00:00,2,2,0,FMN GV 10 Beerse
39,Antwerpseweg 195,2021-04-08,02:00:00,0,0,0,FMN GV 10 Beerse
39,Antwerpseweg 195,2021-04-08,03:00:00,0,0,0,FMN GV 10 Beerse
39,Antwerpseweg 195,2021-04-08,04:00:00,1,1,0,FMN GV 10 Beerse
39,Antwerpseweg 195,2021-04-08,05:00:00,7,7,0,FMN GV 10 Beerse
39,Antwerpseweg 195,2021-04-08,06:00:00,6,6,0,FMN GV 10 Beerse
39,Antwerpseweg 195,2021-04-08,07:00:00,18,14,4,FMN GV 10 Beerse
39,Antwerpseweg 195,2021-04-08,08:00:00,8,5,3,FMN GV 10 Beerse
39,Antwerpseweg 195,2021-04-08,09:00:00,7,2,5,FMN GV 10 Beerse
39,Antwerpseweg 195,2021-04-08,10:00:00,12,7,5,FMN GV 10 Beerse
39,Antwerpseweg 195,2021-04-08,11:00:00,11,8,3,FMN GV 10 Beerse
39,Antwerpseweg 195,2021-04-08,12:00:00,20,15,5,FMN GV 10 Beerse
39,Antwerpseweg 195,2021-04-08,13:00:00,30,16,14,FMN GV 10 Beerse
39,Antwerpseweg 195,2021-04-08,14:00:00,33,25,8,FMN GV 10 Beerse
39,Antwerpseweg 195,2021-04-08,15:00:00,27,19,8,FMN GV 10 Beerse
39,Antwerpseweg 195,2021-04-08,16:00:00,27,20,7,FMN GV 10 Beerse
39,Antwerpseweg 195,2021-04-08,17:00:00,27,16,11,FMN GV 10 Beerse
39,Antwerpseweg 195,2021-04-08,18:00:00,13,8,5,FMN GV 10 Beerse
39,Antwerpseweg 195,2021-04-08,19:00:00,11,6,5,FMN GV 10 Beerse
39,Antwerpseweg 195,2021-04-08,20:00:00,4,3,1,FMN GV 10 Beerse
39,Antwerpseweg 195,2021-04-08,21:00:00,2,2,0,FMN GV 10 Beerse
39,Antwerpseweg 195,2021-04-08,22:00:00,2,2,0,FMN GV 10 Beerse
39,Antwerpseweg 195,2021-04-08,23:00:00,0,0,0,FMN GV 10 Beerse
39,Antwerpseweg 195,2021-04-09,00:00:00,1,1,0,FMN GV 10 Beerse
39,Antwerpseweg 195,2021-04-09,01:00:00,0,0,0,FMN GV 10 Beerse
39,Antwerpseweg 195,2021-04-09,02:00:00,0,0,0,FMN GV 10 Beerse
39,Antwerpseweg 195,2021-04-09,03:00:00,0,0,0,FMN GV 10 Beerse
39,Antwerpseweg 195,2021-04-09,04:00:00,0,0,0,FMN GV 10 Beerse
39,Antwerpseweg 195,2021-04-09,05:00:00,9,9,0,FMN GV 10 Beerse
39,Antwerpseweg 195,2021-04-09,06:00:00,7,5,2,FMN GV 10 Beerse
39,Antwerpseweg 195,2021-04-09,07:00:00,13,11,2,FMN GV 10 Beerse
39,Antwerpseweg 195,2021-04-09,08:00:00,9,7,2,FMN GV 10 Beerse
39,Antwerpseweg 195,2021-04-09,09:00:00,4,3,1,FMN GV 10 Beerse
39,Antwerpseweg 195,2021-04-09,10:00:00,20,17,3,FMN GV 10 Beerse
39,Antwerpseweg 195,2021-04-09,11:00:00,16,13,3,FMN GV 10 Beerse
39,Antwerpseweg 195,2021-04-09,12:00:00,20,14,6,FMN GV 10 Beerse
39,Antwerpseweg 195,2021-04-09,13:00:00,39,26,13,FMN GV 10 Beerse
39,Antwerpseweg 195,2021-04-09,14:00:00,51,35,16,FMN GV 10 Beerse
39,Antwerpseweg 195,2021-04-09,15:00:00,44,27,17,FMN GV 10 Beerse
39,Antwerpseweg 195,2021-04-09,16:00:00,32,17,15,FMN GV 10 Beerse
39,Antwerpseweg 195,2021-04-09,17:00:00,27,13,14,FMN GV 10 Beerse
39,Antwerpseweg 195,2021-04-09,18:00:00,22,15,7,FMN GV 10 Beerse
39,Antwerpseweg 195,2021-04-09,19:00:00,21,14,7,FMN GV 10 Beerse
39,Antwerpseweg 195,2021-04-09,20:00:00,6,4,2,FMN GV 10 Beerse
39,Antwerpseweg 195,2021-04-09,21:00:00,3,2,1,FMN GV 10 Beerse
39,Antwerpseweg 195,2021-04-09,22:00:00,2,2,0,FMN GV 10 Beerse
39,Antwerpseweg 195,2021-04-09,23:00:00,1,1,0,FMN GV 10 Beerse
39,Antwerpseweg 195,2021-04-10,00:00:00,2,2,0,FMN GV 10 Beerse
39,Antwerpseweg 195,2021-04-10,01:00:00,1,1,0,FMN GV 10 Beerse
39,Antwerpseweg 195,2021-04-10,02:00:00,0,0,0,FMN GV 10 Beerse
39,Antwerpseweg 195,2021-04-10,03:00:00,0,0,0,FMN GV 10 Beerse
39,Antwerpseweg 195,2021-04-10,04:00:00,0,0,0,FMN GV 10 Beerse
39,Antwerpseweg 195,2021-04-10,05:00:00,2,2,0,FMN GV 10 Beerse
39,Antwerpseweg 195,2021-04-10,06:00:00,0,0,0,FMN GV 10 Beerse
39,Antwerpseweg 195,2021-04-10,07:00:00,1,1,0,FMN GV 10 Beerse
39,Antwerpseweg 195,2021-04-10,08:00:00,2,1,1,FMN GV 10 Beerse
39,Antwerpseweg 195,2021-04-10,09:00:00,7,5,2,FMN GV 10 Beerse
39,Antwerpseweg 195,2021-04-10,10:00:00,10,9,1,FMN GV 10 Beerse
39,Antwerpseweg 195,2021-04-10,11:00:00,2,2,0,FMN GV 10 Beerse
39,Antwerpseweg 195,2021-04-10,12:00:00,3,2,1,FMN GV 10 Beerse
39,Antwerpseweg 195,2021-04-10,13:00:00,2,2,0,FMN GV 10 Beerse
39,Antwerpseweg 195,2021-04-10,14:00:00,2,2,0,FMN GV 10 Beerse
39,Antwerpseweg 195,2021-04-10,15:00:00,2,2,0,FMN GV 10 Beerse
39,Antwerpseweg 195,2021-04-10,16:00:00,0,0,0,FMN GV 10 Beerse
39,Antwerpseweg 195,2021-04-10,17:00:00,2,1,1,FMN GV 10 Beerse
39,Antwerpseweg 195,2021-04-10,18:00:00,1,0,1,FMN GV 10 Beerse
39,Antwerpseweg 195,2021-04-10,19:00:00,1,0,1,FMN GV 10 Beerse
39,Antwerpseweg 195,2021-04-10,20:00:00,1,0,1,FMN GV 10 Beerse
39,Antwerpseweg 195,2021-04-10,21:00:00,1,1,0,FMN GV 10 Beerse
39,Antwerpseweg 195,2021-04-10,22:00:00,0,0,0,FMN GV 10 Beerse
39,Antwerpseweg 195,2021-04-10,23:00:00,0,0,0,FMN GV 10 Beerse
39,Antwerpseweg 195,2021-04-11,00:00:00,1,1,0,FMN GV 10 Beerse
39,Antwerpseweg 195,2021-04-11,01:00:00,1,1,0,FMN GV 10 Beerse
39,Antwerpseweg 195,2021-04-11,02:00:00,0,0,0,FMN GV 10 Beerse
39,Antwerpseweg 195,2021-04-11,03:00:00,0,0,0,FMN GV 10 Beerse
39,Antwerpseweg 195,2021-04-11,04:00:00,0,0,0,FMN GV 10 Beerse
39,Antwerpseweg 195,2021-04-11,05:00:00,0,0,0,FMN GV 10 Beerse
39,Antwerpseweg 195,2021-04-11,06:00:00,0,0,0,FMN GV 10 Beerse
39,Antwerpseweg 195,2021-04-11,07:00:00,1,1,0,FMN GV 10 Beerse
39,Antwerpseweg 195,2021-04-11,08:00:00,3,2,1,FMN GV 10 Beerse
39,Antwerpseweg 195,2021-04-11,09:00:00,13,8,5,FMN GV 10 Beerse
39,Antwerpseweg 195,2021-04-11,10:00:00,15,10,5,FMN GV 10 Beerse
39,Antwerpseweg 195,2021-04-11,11:00:00,20,7,13,FMN GV 10 Beerse
39,Antwerpseweg 195,2021-04-11,12:00:00,18,10,8,FMN GV 10 Beerse
39,Antwerpseweg 195,2021-04-11,13:00:00,23,17,6,FMN GV 10 Beerse
39,Antwerpseweg 195,2021-04-11,14:00:00,26,19,7,FMN GV 10 Beerse
39,Antwerpseweg 195,2021-04-11,15:00:00,26,12,14,FMN GV 10 Beerse
39,Antwerpseweg 195,2021-04-11,16:00:00,15,10,5,FMN GV 10 Beerse
39,Antwerpseweg 195,2021-04-11,17:00:00,14,8,6,FMN GV 10 Beerse
39,Antwerpseweg 195,2021-04-11,18:00:00,9,6,3,FMN GV 10 Beerse
39,Antwerpseweg 195,2021-04-11,19:00:00,11,5,6,FMN GV 10 Beerse
39,Antwerpseweg 195,2021-04-11,20:00:00,4,1,3,FMN GV 10 Beerse
39,Antwerpseweg 195,2021-04-11,21:00:00,4,3,1,FMN GV 10 Beerse
39,Antwerpseweg 195,2021-04-11,22:00:00,1,1,0,FMN GV 10 Beerse
39,Antwerpseweg 195,2021-04-11,23:00:00,2,1,1,FMN GV 10 Beerse
39,Antwerpseweg 195,2021-04-12,00:00:00,0,0,0,FMN GV 10 Beerse
39,Antwerpseweg 195,2021-04-12,01:00:00,0,0,0,FMN GV 10 Beerse
39,Antwerpseweg 195,2021-04-12,02:00:00,0,0,0,FMN GV 10 Beerse
39,Antwerpseweg 195,2021-04-12,03:00:00,1,0,1,FMN GV 10 Beerse
39,Antwerpseweg 195,2021-04-12,04:00:00,1,1,0,FMN GV 10 Beerse
39,Antwerpseweg 195,2021-04-12,05:00:00,6,6,0,FMN GV 10 Beerse
39,Antwerpseweg 195,2021-04-12,06:00:00,7,7,0,FMN GV 10 Beerse
39,Antwerpseweg 195,2021-04-12,07:00:00,18,16,2,FMN GV 10 Beerse
39,Antwerpseweg 195,2021-04-12,08:00:00,4,3,1,FMN GV 10 Beerse
39,Antwerpseweg 195,2021-04-12,09:00:00,4,3,1,FMN GV 10 Beerse
39,Antwerpseweg 195,2021-04-12,10:00:00,9,4,5,FMN GV 10 Beerse
39,Antwerpseweg 195,2021-04-12,11:00:00,3,2,1,FMN GV 10 Beerse
39,Antwerpseweg 195,2021-04-12,12:00:00,9,6,3,FMN GV 10 Beerse
39,Antwerpseweg 195,2021-04-12,13:00:00,17,14,3,FMN GV 10 Beerse
39,Antwerpseweg 195,2021-04-12,14:00:00,13,8,5,FMN GV 10 Beerse
39,Antwerpseweg 195,2021-04-12,15:00:00,18,8,10,FMN GV 10 Beerse
39,Antwerpseweg 195,2021-04-12,16:00:00,22,14,8,FMN GV 10 Beerse
39,Antwerpseweg 195,2021-04-12,17:00:00,32,20,12,FMN GV 10 Beerse
39,Antwerpseweg 195,2021-04-12,18:00:00,14,10,4,FMN GV 10 Beerse
39,Antwerpseweg 195,2021-04-12,19:00:00,10,8,2,FMN GV 10 Beerse
39,Antwerpseweg 195,2021-04-12,20:00:00,7,4,3,FMN GV 10 Beerse
39,Antwerpseweg 195,2021-04-12,21:00:00,3,3,0,FMN GV 10 Beerse
39,Antwerpseweg 195,2021-04-12,22:00:00,3,2,1,FMN GV 10 Beerse
39,Antwerpseweg 195,2021-04-12,23:00:00,0,0,0,FMN GV 10 Beerse
39,Antwerpseweg 195,2021-04-13,00:00:00,1,1,0,FMN GV 10 Beerse
39,Antwerpseweg 195,2021-04-13,01:00:00,0,0,0,FMN GV 10 Beerse
39,Antwerpseweg 195,2021-04-13,02:00:00,0,0,0,FMN GV 10 Beerse
39,Antwerpseweg 195,2021-04-13,03:00:00,0,0,0,FMN GV 10 Beerse
39,Antwerpseweg 195,2021-04-13,04:00:00,2,1,1,FMN GV 10 Beerse
39,Antwerpseweg 195,2021-04-13,05:00:00,8,7,1,FMN GV 10 Beerse
39,Antwerpseweg 195,2021-04-13,06:00:00,12,11,1,FMN GV 10 Beerse
39,Antwerpseweg 195,2021-04-13,07:00:00,21,19,2,FMN GV 10 Beerse
39,Antwerpseweg 195,2021-04-13,08:00:00,9,7,2,FMN GV 10 Beerse
39,Antwerpseweg 195,2021-04-13,09:00:00,5,3,2,FMN GV 10 Beerse
39,Antwerpseweg 195,2021-04-13,10:00:00,12,8,4,FMN GV 10 Beerse
39,Antwerpseweg 195,2021-04-13,11:00:00,6,4,2,FMN GV 10 Beerse
39,Antwerpseweg 195,2021-04-13,12:00:00,15,7,8,FMN GV 10 Beerse
39,Antwerpseweg 195,2021-04-13,13:00:00,40,30,10,FMN GV 10 Beerse
39,Antwerpseweg 195,2021-04-13,14:00:00,49,28,21,FMN GV 10 Beerse
39,Antwerpseweg 195,2021-04-13,15:00:00,40,24,16,FMN GV 10 Beerse
39,Antwerpseweg 195,2021-04-13,16:00:00,42,32,10,FMN GV 10 Beerse
39,Antwerpseweg 195,2021-04-13,17:00:00,26,19,7,FMN GV 10 Beerse
39,Antwerpseweg 195,2021-04-13,18:00:00,13,11,2,FMN GV 10 Beerse
39,Antwerpseweg 195,2021-04-13,19:00:00,12,10,2,FMN GV 10 Beerse
39,Antwerpseweg 195,2021-04-13,20:00:00,9,5,4,FMN GV 10 Beerse
39,Antwerpseweg 195,2021-04-13,21:00:00,3,3,0,FMN GV 10 Beerse
39,Antwerpseweg 195,2021-04-13,22:00:00,4,3,1,FMN GV 10 Beerse
39,Antwerpseweg 195,2021-04-13,23:00:00,1,1,0,FMN GV 10 Beerse
39,Antwerpseweg 195,2021-04-14,00:00:00,1,0,1,FMN GV 10 Beerse
39,Antwerpseweg 195,2021-04-14,01:00:00,1,1,0,FMN GV 10 Beerse
39,Antwerpseweg 195,2021-04-14,02:00:00,0,0,0,FMN GV 10 Beerse
39,Antwerpseweg 195,2021-04-14,03:00:00,0,0,0,FMN GV 10 Beerse
39,Antwerpseweg 195,2021-04-14,04:00:00,0,0,0,FMN GV 10 Beerse
39,Antwerpseweg 195,2021-04-14,05:00:00,9,9,0,FMN GV 10 Beerse
39,Antwerpseweg 195,2021-04-14,06:00:00,10,10,0,FMN GV 10 Beerse
39,Antwerpseweg 195,2021-04-14,07:00:00,19,15,4,FMN GV 10 Beerse
39,Antwerpseweg 195,2021-04-14,08:00:00,9,5,4,FMN GV 10 Beerse
39,Antwerpseweg 195,2021-04-14,09:00:00,9,7,2,FMN GV 10 Beerse
39,Antwerpseweg 195,2021-04-14,10:00:00,7,2,5,FMN GV 10 Beerse
39,Antwerpseweg 195,2021-04-14,11:00:00,7,4,3,FMN GV 10 Beerse
39,Antwerpseweg 195,2021-04-14,12:00:00,16,11,5,FMN GV 10 Beerse
39,Antwerpseweg 195,2021-04-14,13:00:00,30,20,10,FMN GV 10 Beerse
39,Antwerpseweg 195,2021-04-14,14:00:00,22,13,9,FMN GV 10 Beerse
39,Antwerpseweg 195,2021-04-14,15:00:00,18,13,5,FMN GV 10 Beerse
39,Antwerpseweg 195,2021-04-14,16:00:00,29,22,7,FMN GV 10 Beerse
39,Antwerpseweg 195,2021-04-14,17:00:00,29,24,5,FMN GV 10 Beerse
39,Antwerpseweg 195,2021-04-14,18:00:00,23,14,9,FMN GV 10 Beerse
39,Antwerpseweg 195,2021-04-14,19:00:00,18,10,8,FMN GV 10 Beerse
39,Antwerpseweg 195,2021-04-14,20:00:00,9,1,8,FMN GV 10 Beerse
39,Antwerpseweg 195,2021-04-14,21:00:00,2,2,0,FMN GV 10 Beerse
39,Antwerpseweg 195,2021-04-14,22:00:00,2,2,0,FMN GV 10 Beerse
39,Antwerpseweg 195,2021-04-14,23:00:00,0,0,0,FMN GV 10 Beerse
39,Antwerpseweg 195,2021-04-15,00:00:00,0,0,0,FMN GV 10 Beerse
39,Antwerpseweg 195,2021-04-15,01:00:00,0,0,0,FMN GV 10 Beerse
39,Antwerpseweg 195,2021-04-15,02:00:00,0,0,0,FMN GV 10 Beerse
39,Antwerpseweg 195,2021-04-15,03:00:00,0,0,0,FMN GV 10 Beerse
39,Antwerpseweg 195,2021-04-15,04:00:00,1,1,0,FMN GV 10 Beerse
39,Antwerpseweg 195,2021-04-15,05:00:00,9,9,0,FMN GV 10 Beerse
39,Antwerpseweg 195,2021-04-15,06:00:00,16,13,3,FMN GV 10 Beerse
39,Antwerpseweg 195,2021-04-15,07:00:00,1,1,0,FMN GV 10 Beerse
39,Antwerpseweg 195,2021-04-15,08:00:00,0,0,0,FMN GV 10 Beerse
39,Antwerpseweg 195,2021-04-15,09:00:00,0,0,0,FMN GV 10 Beerse
39,Antwerpseweg 195,2021-04-15,10:00:00,0,0,0,FMN GV 10 Beerse
39,Antwerpseweg 195,2021-04-15,11:00:00,0,0,0,FMN GV 10 Beerse
39,Antwerpseweg 195,2021-04-15,12:00:00,0,0,0,FMN GV 10 Beerse
39,Antwerpseweg 195,2021-04-15,13:00:00,0,0,0,FMN GV 10 Beerse
39,Antwerpseweg 195,2021-04-15,14:00:00,0,0,0,FMN GV 10 Beerse
39,Antwerpseweg 195,2021-04-15,15:00:00,0,0,0,FMN GV 10 Beerse
39,Antwerpseweg 195,2021-04-15,16:00:00,0,0,0,FMN GV 10 Beerse
39,Antwerpseweg 195,2021-04-15,17:00:00,0,0,0,FMN GV 10 Beerse
39,Antwerpseweg 195,2021-04-15,18:00:00,0,0,0,FMN GV 10 Beerse
39,Antwerpseweg 195,2021-04-15,19:00:00,0,0,0,FMN GV 10 Beerse
39,Antwerpseweg 195,2021-04-15,20:00:00,0,0,0,FMN GV 10 Beerse
39,Antwerpseweg 195,2021-04-15,21:00:00,0,0,0,FMN GV 10 Beerse
39,Antwerpseweg 195,2021-04-15,22:00:00,0,0,0,FMN GV 10 Beerse
39,Antwerpseweg 195,2021-04-15,23:00:00,0,0,0,FMN GV 10 Beerse
39,Antwerpseweg 195,2021-08-05,00:00:00,0,0,0,FMN GV 10 Beerse
39,Antwerpseweg 195,2021-08-05,01:00:00,0,0,0,FMN GV 10 Beerse
39,Antwerpseweg 195,2021-08-05,02:00:00,0,0,0,FMN GV 10 Beerse
39,Antwerpseweg 195,2021-08-05,03:00:00,0,0,0,FMN GV 10 Beerse
39,Antwerpseweg 195,2021-08-05,04:00:00,0,0,0,FMN GV 10 Beerse
39,Antwerpseweg 195,2021-08-05,05:00:00,0,0,0,FMN GV 10 Beerse
39,Antwerpseweg 195,2021-08-05,06:00:00,0,0,0,FMN GV 10 Beerse
39,Antwerpseweg 195,2021-08-05,07:00:00,0,0,0,FMN GV 10 Beerse
39,Antwerpseweg 195,2021-08-05,08:00:00,0,0,0,FMN GV 10 Beerse
39,Antwerpseweg 195,2021-08-05,09:00:00,0,0,0,FMN GV 10 Beerse
39,Antwerpseweg 195,2021-08-05,10:00:00,0,0,0,FMN GV 10 Beerse
39,Antwerpseweg 195,2021-08-05,11:00:00,0,0,0,FMN GV 10 Beerse
39,Antwerpseweg 195,2021-08-05,12:00:00,0,0,0,FMN GV 10 Beerse
39,Antwerpseweg 195,2021-08-05,13:00:00,0,0,0,FMN GV 10 Beerse
39,Antwerpseweg 195,2021-08-05,14:00:00,0,0,0,FMN GV 10 Beerse
39,Antwerpseweg 195,2021-08-05,15:00:00,14,9,5,FMN GV 10 Beerse
39,Antwerpseweg 195,2021-08-05,16:00:00,45,27,18,FMN GV 10 Beerse
39,Antwerpseweg 195,2021-08-05,17:00:00,28,19,9,FMN GV 10 Beerse
39,Antwerpseweg 195,2021-08-05,18:00:00,31,22,9,FMN GV 10 Beerse
39,Antwerpseweg 195,2021-08-05,19:00:00,44,32,12,FMN GV 10 Beerse
39,Antwerpseweg 195,2021-08-05,20:00:00,14,10,4,FMN GV 10 Beerse
39,Antwerpseweg 195,2021-08-05,21:00:00,10,3,7,FMN GV 10 Beerse
39,Antwerpseweg 195,2021-08-05,22:00:00,13,7,6,FMN GV 10 Beerse
39,Antwerpseweg 195,2021-08-05,23:00:00,2,0,2,FMN GV 10 Beerse
39,Antwerpseweg 195,2021-08-06,00:00:00,1,0,1,FMN GV 10 Beerse
39,Antwerpseweg 195,2021-08-06,01:00:00,0,0,0,FMN GV 10 Beerse
39,Antwerpseweg 195,2021-08-06,02:00:00,1,1,0,FMN GV 10 Beerse
39,Antwerpseweg 195,2021-08-06,03:00:00,0,0,0,FMN GV 10 Beerse
39,Antwerpseweg 195,2021-08-06,04:00:00,1,0,1,FMN GV 10 Beerse
39,Antwerpseweg 195,2021-08-06,05:00:00,9,8,1,FMN GV 10 Beerse
39,Antwerpseweg 195,2021-08-06,06:00:00,8,8,0,FMN GV 10 Beerse
39,Antwerpseweg 195,2021-08-06,07:00:00,19,16,3,FMN GV 10 Beerse
39,Antwerpseweg 195,2021-08-06,08:00:00,8,7,1,FMN GV 10 Beerse
39,Antwerpseweg 195,2021-08-06,09:00:00,8,5,3,FMN GV 10 Beerse
39,Antwerpseweg 195,2021-08-06,10:00:00,15,9,6,FMN GV 10 Beerse
39,Antwerpseweg 195,2021-08-06,11:00:00,15,13,2,FMN GV 10 Beerse
39,Antwerpseweg 195,2021-08-06,12:00:00,13,7,6,FMN GV 10 Beerse
39,Antwerpseweg 195,2021-08-06,13:00:00,25,23,2,FMN GV 10 Beerse
39,Antwerpseweg 195,2021-08-06,14:00:00,14,8,6,FMN GV 10 Beerse
39,Antwerpseweg 195,2021-08-06,15:00:00,17,13,4,FMN GV 10 Beerse
39,Antwerpseweg 195,2021-08-06,16:00:00,21,9,12,FMN GV 10 Beerse
39,Antwerpseweg 195,2021-08-06,17:00:00,13,13,0,FMN GV 10 Beerse
39,Antwerpseweg 195,2021-08-06,18:00:00,21,17,4,FMN GV 10 Beerse
39,Antwerpseweg 195,2021-08-06,19:00:00,17,8,9,FMN GV 10 Beerse
39,Antwerpseweg 195,2021-08-06,20:00:00,11,5,6,FMN GV 10 Beerse
39,Antwerpseweg 195,2021-08-06,21:00:00,7,6,1,FMN GV 10 Beerse
39,Antwerpseweg 195,2021-08-06,22:00:00,7,2,5,FMN GV 10 Beerse
39,Antwerpseweg 195,2021-08-06,23:00:00,5,5,0,FMN GV 10 Beerse
39,Antwerpseweg 195,2021-08-07,00:00:00,2,1,1,FMN GV 10 Beerse
39,Antwerpseweg 195,2021-08-07,01:00:00,5,5,0,FMN GV 10 Beerse
39,Antwerpseweg 195,2021-08-07,02:00:00,1,1,0,FMN GV 10 Beerse
39,Antwerpseweg 195,2021-08-07,03:00:00,3,1,2,FMN GV 10 Beerse
39,Antwerpseweg 195,2021-08-07,04:00:00,1,1,0,FMN GV 10 Beerse
39,Antwerpseweg 195,2021-08-07,05:00:00,2,2,0,FMN GV 10 Beerse
39,Antwerpseweg 195,2021-08-07,06:00:00,2,1,1,FMN GV 10 Beerse
39,Antwerpseweg 195,2021-08-07,07:00:00,2,2,0,FMN GV 10 Beerse
39,Antwerpseweg 195,2021-08-07,08:00:00,3,3,0,FMN GV 10 Beerse
39,Antwerpseweg 195,2021-08-07,09:00:00,10,7,3,FMN GV 10 Beerse
39,Antwerpseweg 195,2021-08-07,10:00:00,19,14,5,FMN GV 10 Beerse
39,Antwerpseweg 195,2021-08-07,11:00:00,17,7,10,FMN GV 10 Beerse
39,Antwerpseweg 195,2021-08-07,12:00:00,24,21,3,FMN GV 10 Beerse
39,Antwerpseweg 195,2021-08-07,13:00:00,31,21,10,FMN GV 10 Beerse
39,Antwerpseweg 195,2021-08-07,14:00:00,24,15,9,FMN GV 10 Beerse
39,Antwerpseweg 195,2021-08-07,15:00:00,31,23,8,FMN GV 10 Beerse
39,Antwerpseweg 195,2021-08-07,16:00:00,20,10,10,FMN GV 10 Beerse
39,Antwerpseweg 195,2021-08-07,17:00:00,16,9,7,FMN GV 10 Beerse
39,Antwerpseweg 195,2021-08-07,18:00:00,3,2,1,FMN GV 10 Beerse
39,Antwerpseweg 195,2021-08-07,19:00:00,5,3,2,FMN GV 10 Beerse
39,Antwerpseweg 195,2021-08-07,20:00:00,5,2,3,FMN GV 10 Beerse
39,Antwerpseweg 195,2021-08-07,21:00:00,5,5,0,FMN GV 10 Beerse
39,Antwerpseweg 195,2021-08-07,22:00:00,4,4,0,FMN GV 10 Beerse
39,Antwerpseweg 195,2021-08-07,23:00:00,1,1,0,FMN GV 10 Beerse
39,Antwerpseweg 195,2021-08-08,00:00:00,1,0,1,FMN GV 10 Beerse
39,Antwerpseweg 195,2021-08-08,01:00:00,5,4,1,FMN GV 10 Beerse
39,Antwerpseweg 195,2021-08-08,02:00:00,1,1,0,FMN GV 10 Beerse
39,Antwerpseweg 195,2021-08-08,03:00:00,3,2,1,FMN GV 10 Beerse
39,Antwerpseweg 195,2021-08-08,04:00:00,0,0,0,FMN GV 10 Beerse
39,Antwerpseweg 195,2021-08-08,05:00:00,3,3,0,FMN GV 10 Beerse
39,Antwerpseweg 195,2021-08-08,06:00:00,2,2,0,FMN GV 10 Beerse
39,Antwerpseweg 195,2021-08-08,07:00:00,1,1,0,FMN GV 10 Beerse
39,Antwerpseweg 195,2021-08-08,08:00:00,2,2,0,FMN GV 10 Beerse
39,Antwerpseweg 195,2021-08-08,09:00:00,10,4,6,FMN GV 10 Beerse
39,Antwerpseweg 195,2021-08-08,10:00:00,23,15,8,FMN GV 10 Beerse
39,Antwerpseweg 195,2021-08-08,11:00:00,46,20,26,FMN GV 10 Beerse
39,Antwerpseweg 195,2021-08-08,12:00:00,26,25,1,FMN GV 10 Beerse
39,Antwerpseweg 195,2021-08-08,13:00:00,42,21,21,FMN GV 10 Beerse
39,Antwerpseweg 195,2021-08-08,14:00:00,21,13,8,FMN GV 10 Beerse
39,Antwerpseweg 195,2021-08-08,15:00:00,11,7,4,FMN GV 10 Beerse
39,Antwerpseweg 195,2021-08-08,16:00:00,17,10,7,FMN GV 10 Beerse
39,Antwerpseweg 195,2021-08-08,17:00:00,27,25,2,FMN GV 10 Beerse
39,Antwerpseweg 195,2021-08-08,18:00:00,17,12,5,FMN GV 10 Beerse
39,Antwerpseweg 195,2021-08-08,19:00:00,8,3,5,FMN GV 10 Beerse
39,Antwerpseweg 195,2021-08-08,20:00:00,5,3,2,FMN GV 10 Beerse
39,Antwerpseweg 195,2021-08-08,21:00:00,4,3,1,FMN GV 10 Beerse
39,Antwerpseweg 195,2021-08-08,22:00:00,2,2,0,FMN GV 10 Beerse
39,Antwerpseweg 195,2021-08-08,23:00:00,2,2,0,FMN GV 10 Beerse
39,Antwerpseweg 195,2021-08-09,00:00:00,2,2,0,FMN GV 10 Beerse
39,Antwerpseweg 195,2021-08-09,01:00:00,0,0,0,FMN GV 10 Beerse
39,Antwerpseweg 195,2021-08-09,02:00:00,0,0,0,FMN GV 10 Beerse
39,Antwerpseweg 195,2021-08-09,03:00:00,0,0,0,FMN GV 10 Beerse
39,Antwerpseweg 195,2021-08-09,04:00:00,0,0,0,FMN GV 10 Beerse
39,Antwerpseweg 195,2021-08-09,05:00:00,17,15,2,FMN GV 10 Beerse
39,Antwerpseweg 195,2021-08-09,06:00:00,9,8,1,FMN GV 10 Beerse
39,Antwerpseweg 195,2021-08-09,07:00:00,23,19,4,FMN GV 10 Beerse
39,Antwerpseweg 195,2021-08-09,08:00:00,16,12,4,FMN GV 10 Beerse
39,Antwerpseweg 195,2021-08-09,09:00:00,8,8,0,FMN GV 10 Beerse
39,Antwerpseweg 195,2021-08-09,10:00:00,11,9,2,FMN GV 10 Beerse
39,Antwerpseweg 195,2021-08-09,11:00:00,7,4,3,FMN GV 10 Beerse
39,Antwerpseweg 195,2021-08-09,12:00:00,15,11,4,FMN GV 10 Beerse
39,Antwerpseweg 195,2021-08-09,13:00:00,22,19,3,FMN GV 10 Beerse
39,Antwerpseweg 195,2021-08-09,14:00:00,18,14,4,FMN GV 10 Beerse
39,Antwerpseweg 195,2021-08-09,15:00:00,8,8,0,FMN GV 10 Beerse
39,Antwerpseweg 195,2021-08-09,16:00:00,26,19,7,FMN GV 10 Beerse
39,Antwerpseweg 195,2021-08-09,17:00:00,27,18,9,FMN GV 10 Beerse
39,Antwerpseweg 195,2021-08-09,18:00:00,22,19,3,FMN GV 10 Beerse
39,Antwerpseweg 195,2021-08-09,19:00:00,10,7,3,FMN GV 10 Beerse
39,Antwerpseweg 195,2021-08-09,20:00:00,7,6,1,FMN GV 10 Beerse
39,Antwerpseweg 195,2021-08-09,21:00:00,12,7,5,FMN GV 10 Beerse
39,Antwerpseweg 195,2021-08-09,22:00:00,4,2,2,FMN GV 10 Beerse
39,Antwerpseweg 195,2021-08-09,23:00:00,4,1,3,FMN GV 10 Beerse
39,Antwerpseweg 195,2021-08-10,00:00:00,1,1,0,FMN GV 10 Beerse
39,Antwerpseweg 195,2021-08-10,01:00:00,0,0,0,FMN GV 10 Beerse
39,Antwerpseweg 195,2021-08-10,02:00:00,0,0,0,FMN GV 10 Beerse
39,Antwerpseweg 195,2021-08-10,03:00:00,0,0,0,FMN GV 10 Beerse
39,Antwerpseweg 195,2021-08-10,04:00:00,1,1,0,FMN GV 10 Beerse
39,Antwerpseweg 195,2021-08-10,05:00:00,15,14,1,FMN GV 10 Beerse
39,Antwerpseweg 195,2021-08-10,06:00:00,11,9,2,FMN GV 10 Beerse
39,Antwerpseweg 195,2021-08-10,07:00:00,17,15,2,FMN GV 10 Beerse
39,Antwerpseweg 195,2021-08-10,08:00:00,11,10,1,FMN GV 10 Beerse
39,Antwerpseweg 195,2021-08-10,09:00:00,6,4,2,FMN GV 10 Beerse
39,Antwerpseweg 195,2021-08-10,10:00:00,3,3,0,FMN GV 10 Beerse
39,Antwerpseweg 195,2021-08-10,11:00:00,19,14,5,FMN GV 10 Beerse
39,Antwerpseweg 195,2021-08-10,12:00:00,14,11,3,FMN GV 10 Beerse
39,Antwerpseweg 195,2021-08-10,13:00:00,12,6,6,FMN GV 10 Beerse
39,Antwerpseweg 195,2021-08-10,14:00:00,19,6,13,FMN GV 10 Beerse
39,Antwerpseweg 195,2021-08-10,15:00:00,15,7,8,FMN GV 10 Beerse
39,Antwerpseweg 195,2021-08-10,16:00:00,24,16,8,FMN GV 10 Beerse
39,Antwerpseweg 195,2021-08-10,17:00:00,32,28,4,FMN GV 10 Beerse
39,Antwerpseweg 195,2021-08-10,18:00:00,15,9,6,FMN GV 10 Beerse
39,Antwerpseweg 195,2021-08-10,19:00:00,19,10,9,FMN GV 10 Beerse
39,Antwerpseweg 195,2021-08-10,20:00:00,9,6,3,FMN GV 10 Beerse
39,Antwerpseweg 195,2021-08-10,21:00:00,10,8,2,FMN GV 10 Beerse
39,Antwerpseweg 195,2021-08-10,22:00:00,14,9,5,FMN GV 10 Beerse
39,Antwerpseweg 195,2021-08-10,23:00:00,0,0,0,FMN GV 10 Beerse
39,Antwerpseweg 195,2021-08-11,00:00:00,2,1,1,FMN GV 10 Beerse
39,Antwerpseweg 195,2021-08-11,01:00:00,1,0,1,FMN GV 10 Beerse
39,Antwerpseweg 195,2021-08-11,02:00:00,0,0,0,FMN GV 10 Beerse
39,Antwerpseweg 195,2021-08-11,03:00:00,0,0,0,FMN GV 10 Beerse
39,Antwerpseweg 195,2021-08-11,04:00:00,0,0,0,FMN GV 10 Beerse
39,Antwerpseweg 195,2021-08-11,05:00:00,12,12,0,FMN GV 10 Beerse
39,Antwerpseweg 195,2021-08-11,06:00:00,13,11,2,FMN GV 10 Beerse
39,Antwerpseweg 195,2021-08-11,07:00:00,29,24,5,FMN GV 10 Beerse
39,Antwerpseweg 195,2021-08-11,08:00:00,26,19,7,FMN GV 10 Beerse
39,Antwerpseweg 195,2021-08-11,09:00:00,22,19,3,FMN GV 10 Beerse
39,Antwerpseweg 195,2021-08-11,10:00:00,27,21,6,FMN GV 10 Beerse
39,Antwerpseweg 195,2021-08-11,11:00:00,67,55,12,FMN GV 10 Beerse
39,Antwerpseweg 195,2021-08-11,12:00:00,35,19,16,FMN GV 10 Beerse
39,Antwerpseweg 195,2021-08-11,13:00:00,65,46,19,FMN GV 10 Beerse
39,Antwerpseweg 195,2021-08-11,14:00:00,78,43,35,FMN GV 10 Beerse
39,Antwerpseweg 195,2021-08-11,15:00:00,71,44,27,FMN GV 10 Beerse
39,Antwerpseweg 195,2021-08-11,16:00:00,98,83,15,FMN GV 10 Beerse
39,Antwerpseweg 195,2021-08-11,17:00:00,64,51,13,FMN GV 10 Beerse
39,Antwerpseweg 195,2021-08-11,18:00:00,33,22,11,FMN GV 10 Beerse
39,Antwerpseweg 195,2021-08-11,19:00:00,52,44,8,FMN GV 10 Beerse
39,Antwerpseweg 195,2021-08-11,20:00:00,18,6,12,FMN GV 10 Beerse
39,Antwerpseweg 195,2021-08-11,21:00:00,26,16,10,FMN GV 10 Beerse
39,Antwerpseweg 195,2021-08-11,22:00:00,7,5,2,FMN GV 10 Beerse
39,Antwerpseweg 195,2021-08-11,23:00:00,3,2,1,FMN GV 10 Beerse
39,Antwerpseweg 195,2021-08-12,00:00:00,2,2,0,FMN GV 10 Beerse
39,Antwerpseweg 195,2021-08-12,01:00:00,1,1,0,FMN GV 10 Beerse
39,Antwerpseweg 195,2021-08-12,02:00:00,0,0,0,FMN GV 10 Beerse
39,Antwerpseweg 195,2021-08-12,03:00:00,0,0,0,FMN GV 10 Beerse
39,Antwerpseweg 195,2021-08-12,04:00:00,0,0,0,FMN GV 10 Beerse
39,Antwerpseweg 195,2021-08-12,05:00:00,21,19,2,FMN GV 10 Beerse
39,Antwerpseweg 195,2021-08-12,06:00:00,14,11,3,FMN GV 10 Beerse
39,Antwerpseweg 195,2021-08-12,07:00:00,33,29,4,FMN GV 10 Beerse
39,Antwerpseweg 195,2021-08-12,08:00:00,23,20,3,FMN GV 10 Beerse
39,Antwerpseweg 195,2021-08-12,09:00:00,23,14,9,FMN GV 10 Beerse
39,Antwerpseweg 195,2021-08-12,10:00:00,19,12,7,FMN GV 10 Beerse
39,Antwerpseweg 195,2021-08-12,11:00:00,29,24,5,FMN GV 10 Beerse
39,Antwerpseweg 195,2021-08-12,12:00:00,42,24,18,FMN GV 10 Beerse
39,Antwerpseweg 195,2021-08-12,13:00:00,70,52,18,FMN GV 10 Beerse
39,Antwerpseweg 195,2021-08-12,14:00:00,97,55,42,FMN GV 10 Beerse
39,Antwerpseweg 195,2021-08-12,15:00:00,56,36,20,FMN GV 10 Beerse
39,Antwerpseweg 195,2021-08-12,16:00:00,65,39,26,FMN GV 10 Beerse
39,Antwerpseweg 195,2021-08-12,17:00:00,51,39,12,FMN GV 10 Beerse
39,Antwerpseweg 195,2021-08-12,18:00:00,35,20,15,FMN GV 10 Beerse
39,Antwerpseweg 195,2021-08-12,19:00:00,32,27,5,FMN GV 10 Beerse
39,Antwerpseweg 195,2021-08-12,20:00:00,18,10,8,FMN GV 10 Beerse
39,Antwerpseweg 195,2021-08-12,21:00:00,16,11,5,FMN GV 10 Beerse
39,Antwerpseweg 195,2021-08-12,22:00:00,16,10,6,FMN GV 10 Beerse
39,Antwerpseweg 195,2021-08-12,23:00:00,4,3,1,FMN GV 10 Beerse
39,Antwerpseweg 195,2021-08-13,00:00:00,3,3,0,FMN GV 10 Beerse
39,Antwerpseweg 195,2021-08-13,01:00:00,1,1,0,FMN GV 10 Beerse
39,Antwerpseweg 195,2021-08-13,02:00:00,0,0,0,FMN GV 10 Beerse
39,Antwerpseweg 195,2021-08-13,03:00:00,2,1,1,FMN GV 10 Beerse
39,Antwerpseweg 195,2021-08-13,04:00:00,1,1,0,FMN GV 10 Beerse
39,Antwerpseweg 195,2021-08-13,05:00:00,14,14,0,FMN GV 10 Beerse
39,Antwerpseweg 195,2021-08-13,06:00:00,8,6,2,FMN GV 10 Beerse
39,Antwerpseweg 195,2021-08-13,07:00:00,22,19,3,FMN GV 10 Beerse
39,Antwerpseweg 195,2021-08-13,08:00:00,19,15,4,FMN GV 10 Beerse
39,Antwerpseweg 195,2021-08-13,09:00:00,22,17,5,FMN GV 10 Beerse
39,Antwerpseweg 195,2021-08-13,10:00:00,22,13,9,FMN GV 10 Beerse
39,Antwerpseweg 195,2021-08-13,11:00:00,21,15,6,FMN GV 10 Beerse
39,Antwerpseweg 195,2021-08-13,12:00:00,26,17,9,FMN GV 10 Beerse
39,Antwerpseweg 195,2021-08-13,13:00:00,40,27,13,FMN GV 10 Beerse
39,Antwerpseweg 195,2021-08-13,14:00:00,45,31,14,FMN GV 10 Beerse
39,Antwerpseweg 195,2021-08-13,15:00:00,63,50,13,FMN GV 10 Beerse
39,Antwerpseweg 195,2021-08-13,16:00:00,54,39,15,FMN GV 10 Beerse
39,Antwerpseweg 195,2021-08-13,17:00:00,41,27,14,FMN GV 10 Beerse
39,Antwerpseweg 195,2021-08-13,18:00:00,23,20,3,FMN GV 10 Beerse
39,Antwerpseweg 195,2021-08-13,19:00:00,26,21,5,FMN GV 10 Beerse
39,Antwerpseweg 195,2021-08-13,20:00:00,10,3,7,FMN GV 10 Beerse
39,Antwerpseweg 195,2021-08-13,21:00:00,5,4,1,FMN GV 10 Beerse
39,Antwerpseweg 195,2021-08-13,22:00:00,7,3,4,FMN GV 10 Beerse
39,Antwerpseweg 195,2021-08-13,23:00:00,3,2,1,FMN GV 10 Beerse
39,Antwerpseweg 195,2021-08-14,00:00:00,3,1,2,FMN GV 10 Beerse
39,Antwerpseweg 195,2021-08-14,01:00:00,13,7,6,FMN GV 10 Beerse
39,Antwerpseweg 195,2021-08-14,02:00:00,0,0,0,FMN GV 10 Beerse
39,Antwerpseweg 195,2021-08-14,03:00:00,0,0,0,FMN GV 10 Beerse
39,Antwerpseweg 195,2021-08-14,04:00:00,0,0,0,FMN GV 10 Beerse
39,Antwerpseweg 195,2021-08-14,05:00:00,3,3,0,FMN GV 10 Beerse
39,Antwerpseweg 195,2021-08-14,06:00:00,1,1,0,FMN GV 10 Beerse
39,Antwerpseweg 195,2021-08-14,07:00:00,6,4,2,FMN GV 10 Beerse
39,Antwerpseweg 195,2021-08-14,08:00:00,7,4,3,FMN GV 10 Beerse
39,Antwerpseweg 195,2021-08-14,09:00:00,17,13,4,FMN GV 10 Beerse
39,Antwerpseweg 195,2021-08-14,10:00:00,13,10,3,FMN GV 10 Beerse
39,Antwerpseweg 195,2021-08-14,11:00:00,31,22,9,FMN GV 10 Beerse
39,Antwerpseweg 195,2021-08-14,12:00:00,28,20,8,FMN GV 10 Beerse
39,Antwerpseweg 195,2021-08-14,13:00:00,50,37,13,FMN GV 10 Beerse
39,Antwerpseweg 195,2021-08-14,14:00:00,63,42,21,FMN GV 10 Beerse
39,Antwerpseweg 195,2021-08-14,15:00:00,70,56,14,FMN GV 10 Beerse
39,Antwerpseweg 195,2021-08-14,16:00:00,49,37,12,FMN GV 10 Beerse
39,Antwerpseweg 195,2021-08-14,17:00:00,37,23,14,FMN GV 10 Beerse
39,Antwerpseweg 195,2021-08-14,18:00:00,36,21,15,FMN GV 10 Beerse
39,Antwerpseweg 195,2021-08-14,19:00:00,25,15,10,FMN GV 10 Beerse
39,Antwerpseweg 195,2021-08-14,20:00:00,35,19,16,FMN GV 10 Beerse
39,Antwerpseweg 195,2021-08-14,21:00:00,28,9,19,FMN GV 10 Beerse
39,Antwerpseweg 195,2021-08-14,22:00:00,5,2,3,FMN GV 10 Beerse
39,Antwerpseweg 195,2021-08-14,23:00:00,5,4,1,FMN GV 10 Beerse
39,Antwerpseweg 195,2021-08-15,00:00:00,6,5,1,FMN GV 10 Beerse
39,Antwerpseweg 195,2021-08-15,01:00:00,3,3,0,FMN GV 10 Beerse
39,Antwerpseweg 195,2021-08-15,02:00:00,4,2,2,FMN GV 10 Beerse
39,Antwerpseweg 195,2021-08-15,03:00:00,0,0,0,FMN GV 10 Beerse
39,Antwerpseweg 195,2021-08-15,04:00:00,0,0,0,FMN GV 10 Beerse
39,Antwerpseweg 195,2021-08-15,05:00:00,1,1,0,FMN GV 10 Beerse
39,Antwerpseweg 195,2021-08-15,06:00:00,0,0,0,FMN GV 10 Beerse
39,Antwerpseweg 195,2021-08-15,07:00:00,4,3,1,FMN GV 10 Beerse
39,Antwerpseweg 195,2021-08-15,08:00:00,17,14,3,FMN GV 10 Beerse
39,Antwerpseweg 195,2021-08-15,09:00:00,10,9,1,FMN GV 10 Beerse
39,Antwerpseweg 195,2021-08-15,10:00:00,33,25,8,FMN GV 10 Beerse
39,Antwerpseweg 195,2021-08-15,11:00:00,35,20,15,FMN GV 10 Beerse
39,Antwerpseweg 195,2021-08-15,12:00:00,42,20,22,FMN GV 10 Beerse
39,Antwerpseweg 195,2021-08-15,13:00:00,59,38,21,FMN GV 10 Beerse
39,Antwerpseweg 195,2021-08-15,14:00:00,77,42,35,FMN GV 10 Beerse
39,Antwerpseweg 195,2021-08-15,15:00:00,68,45,23,FMN GV 10 Beerse
39,Antwerpseweg 195,2021-08-15,16:00:00,60,35,25,FMN GV 10 Beerse
39,Antwerpseweg 195,2021-08-15,17:00:00,46,23,23,FMN GV 10 Beerse
39,Antwerpseweg 195,2021-08-15,18:00:00,34,27,7,FMN GV 10 Beerse
39,Antwerpseweg 195,2021-08-15,19:00:00,42,24,18,FMN GV 10 Beerse
39,Antwerpseweg 195,2021-08-15,20:00:00,22,12,10,FMN GV 10 Beerse
39,Antwerpseweg 195,2021-08-15,21:00:00,11,10,1,FMN GV 10 Beerse
39,Antwerpseweg 195,2021-08-15,22:00:00,9,1,8,FMN GV 10 Beerse
39,Antwerpseweg 195,2021-08-15,23:00:00,2,0,2,FMN GV 10 Beerse
39,Antwerpseweg 195,2021-08-16,00:00:00,2,1,1,FMN GV 10 Beerse
39,Antwerpseweg 195,2021-08-16,01:00:00,0,0,0,FMN GV 10 Beerse
39,Antwerpseweg 195,2021-08-16,02:00:00,0,0,0,FMN GV 10 Beerse
39,Antwerpseweg 195,2021-08-16,03:00:00,0,0,0,FMN GV 10 Beerse
39,Antwerpseweg 195,2021-08-16,04:00:00,1,1,0,FMN GV 10 Beerse
39,Antwerpseweg 195,2021-08-16,05:00:00,10,9,1,FMN GV 10 Beerse
39,Antwerpseweg 195,2021-08-16,06:00:00,11,9,2,FMN GV 10 Beerse
39,Antwerpseweg 195,2021-08-16,07:00:00,22,20,2,FMN GV 10 Beerse
39,Antwerpseweg 195,2021-08-16,08:00:00,16,13,3,FMN GV 10 Beerse
39,Antwerpseweg 195,2021-08-16,09:00:00,3,3,0,FMN GV 10 Beerse
39,Antwerpseweg 195,2021-08-16,10:00:00,9,8,1,FMN GV 10 Beerse
39,Antwerpseweg 195,2021-08-16,11:00:00,2,2,0,FMN GV 10 Beerse
39,Antwerpseweg 195,2021-08-16,12:00:00,11,9,2,FMN GV 10 Beerse
39,Antwerpseweg 195,2021-08-16,13:00:00,10,8,2,FMN GV 10 Beerse
39,Antwerpseweg 195,2021-08-16,14:00:00,17,4,13,FMN GV 10 Beerse
39,Antwerpseweg 195,2021-08-16,15:00:00,15,9,6,FMN GV 10 Beerse
39,Antwerpseweg 195,2021-08-16,16:00:00,18,12,6,FMN GV 10 Beerse
39,Antwerpseweg 195,2021-08-16,17:00:00,15,11,4,FMN GV 10 Beerse
39,Antwerpseweg 195,2021-08-16,18:00:00,9,6,3,FMN GV 10 Beerse
39,Antwerpseweg 195,2021-08-16,19:00:00,12,9,3,FMN GV 10 Beerse
39,Antwerpseweg 195,2021-08-16,20:00:00,13,8,5,FMN GV 10 Beerse
39,Antwerpseweg 195,2021-08-16,21:00:00,7,7,0,FMN GV 10 Beerse
39,Antwerpseweg 195,2021-08-16,22:00:00,1,0,1,FMN GV 10 Beerse
39,Antwerpseweg 195,2021-08-16,23:00:00,1,1,0,FMN GV 10 Beerse
39,Antwerpseweg 195,2021-08-17,00:00:00,0,0,0,FMN GV 10 Beerse
39,Antwerpseweg 195,2021-08-17,01:00:00,0,0,0,FMN GV 10 Beerse
39,Antwerpseweg 195,2021-08-17,02:00:00,1,0,1,FMN GV 10 Beerse
39,Antwerpseweg 195,2021-08-17,03:00:00,1,0,1,FMN GV 10 Beerse
39,Antwerpseweg 195,2021-08-17,04:00:00,0,0,0,FMN GV 10 Beerse
39,Antwerpseweg 195,2021-08-17,05:00:00,12,10,2,FMN GV 10 Beerse
39,Antwerpseweg 195,2021-08-17,06:00:00,8,5,3,FMN GV 10 Beerse
39,Antwerpseweg 195,2021-08-17,07:00:00,25,22,3,FMN GV 10 Beerse
39,Antwerpseweg 195,2021-08-17,08:00:00,14,13,1,FMN GV 10 Beerse
39,Antwerpseweg 195,2021-08-17,09:00:00,20,14,6,FMN GV 10 Beerse
39,Antwerpseweg 195,2021-08-17,10:00:00,29,12,17,FMN GV 10 Beerse
39,Antwerpseweg 195,2021-08-17,11:00:00,21,13,8,FMN GV 10 Beerse
39,Antwerpseweg 195,2021-08-17,12:00:00,16,9,7,FMN GV 10 Beerse
39,Antwerpseweg 195,2021-08-17,13:00:00,6,4,2,FMN GV 10 Beerse
39,Antwerpseweg 195,2021-08-17,14:00:00,9,4,5,FMN GV 10 Beerse
39,Antwerpseweg 195,2021-08-17,15:00:00,6,5,1,FMN GV 10 Beerse
39,Antwerpseweg 195,2021-08-17,16:00:00,16,14,2,FMN GV 10 Beerse
39,Antwerpseweg 195,2021-08-17,17:00:00,17,11,6,FMN GV 10 Beerse
39,Antwerpseweg 195,2021-08-17,18:00:00,8,7,1,FMN GV 10 Beerse
39,Antwerpseweg 195,2021-08-17,19:00:00,10,8,2,FMN GV 10 Beerse
39,Antwerpseweg 195,2021-08-17,20:00:00,3,0,3,FMN GV 10 Beerse
39,Antwerpseweg 195,2021-08-17,21:00:00,6,5,1,FMN GV 10 Beerse
39,Antwerpseweg 195,2021-08-17,22:00:00,3,2,1,FMN GV 10 Beerse
39,Antwerpseweg 195,2021-08-17,23:00:00,2,2,0,FMN GV 10 Beerse
39,Antwerpseweg 195,2021-08-18,00:00:00,0,0,0,FMN GV 10 Beerse
39,Antwerpseweg 195,2021-08-18,01:00:00,2,2,0,FMN GV 10 Beerse
39,Antwerpseweg 195,2021-08-18,02:00:00,0,0,0,FMN GV 10 Beerse
39,Antwerpseweg 195,2021-08-18,03:00:00,0,0,0,FMN GV 10 Beerse
39,Antwerpseweg 195,2021-08-18,04:00:00,1,1,0,FMN GV 10 Beerse
39,Antwerpseweg 195,2021-08-18,05:00:00,9,9,0,FMN GV 10 Beerse
39,Antwerpseweg 195,2021-08-18,06:00:00,10,7,3,FMN GV 10 Beerse
39,Antwerpseweg 195,2021-08-18,07:00:00,18,14,4,FMN GV 10 Beerse
39,Antwerpseweg 195,2021-08-18,08:00:00,11,11,0,FMN GV 10 Beerse
39,Antwerpseweg 195,2021-08-18,09:00:00,4,4,0,FMN GV 10 Beerse
39,Antwerpseweg 195,2021-08-18,10:00:00,11,9,2,FMN GV 10 Beerse
39,Antwerpseweg 195,2021-08-18,11:00:00,15,8,7,FMN GV 10 Beerse
39,Antwerpseweg 195,2021-08-18,12:00:00,14,8,6,FMN GV 10 Beerse
39,Antwerpseweg 195,2021-08-18,13:00:00,26,15,11,FMN GV 10 Beerse
39,Antwerpseweg 195,2021-08-18,14:00:00,28,17,11,FMN GV 10 Beerse
39,Antwerpseweg 195,2021-08-18,15:00:00,20,16,4,FMN GV 10 Beerse
39,Antwerpseweg 195,2021-08-18,16:00:00,19,14,5,FMN GV 10 Beerse
39,Antwerpseweg 195,2021-08-18,17:00:00,23,17,6,FMN GV 10 Beerse
39,Antwerpseweg 195,2021-08-18,18:00:00,47,20,27,FMN GV 10 Beerse
39,Antwerpseweg 195,2021-08-18,19:00:00,24,6,18,FMN GV 10 Beerse
39,Antwerpseweg 195,2021-08-18,20:00:00,17,10,7,FMN GV 10 Beerse
39,Antwerpseweg 195,2021-08-18,21:00:00,10,6,4,FMN GV 10 Beerse
39,Antwerpseweg 195,2021-08-18,22:00:00,5,5,0,FMN GV 10 Beerse
39,Antwerpseweg 195,2021-08-18,23:00:00,3,2,1,FMN GV 10 Beerse
39,Antwerpseweg 195,2021-08-19,00:00:00,4,4,0,FMN GV 10 Beerse
39,Antwerpseweg 195,2021-08-19,01:00:00,1,1,0,FMN GV 10 Beerse
39,Antwerpseweg 195,2021-08-19,02:00:00,0,0,0,FMN GV 10 Beerse
39,Antwerpseweg 195,2021-08-19,03:00:00,0,0,0,FMN GV 10 Beerse
39,Antwerpseweg 195,2021-08-19,04:00:00,2,1,1,FMN GV 10 Beerse
39,Antwerpseweg 195,2021-08-19,05:00:00,12,11,1,FMN GV 10 Beerse
39,Antwerpseweg 195,2021-08-19,06:00:00,10,8,2,FMN GV 10 Beerse
39,Antwerpseweg 195,2021-08-19,07:00:00,24,21,3,FMN GV 10 Beerse
39,Antwerpseweg 195,2021-08-19,08:00:00,20,16,4,FMN GV 10 Beerse
39,Antwerpseweg 195,2021-08-19,09:00:00,7,4,3,FMN GV 10 Beerse
39,Antwerpseweg 195,2021-08-19,10:00:00,12,9,3,FMN GV 10 Beerse
39,Antwerpseweg 195,2021-08-19,11:00:00,25,19,6,FMN GV 10 Beerse
39,Antwerpseweg 195,2021-08-19,12:00:00,24,16,8,FMN GV 10 Beerse
39,Antwerpseweg 195,2021-08-19,13:00:00,20,14,6,FMN GV 10 Beerse
39,Antwerpseweg 195,2021-08-19,14:00:00,25,19,6,FMN GV 10 Beerse
39,Antwerpseweg 195,2021-08-19,15:00:00,24,11,13,FMN GV 10 Beerse
39,Antwerpseweg 195,2021-08-19,16:00:00,45,33,12,FMN GV 10 Beerse
39,Antwerpseweg 195,2021-08-19,17:00:00,25,15,10,FMN GV 10 Beerse
39,Antwerpseweg 195,2021-08-19,18:00:00,18,11,7,FMN GV 10 Beerse
39,Antwerpseweg 195,2021-08-19,19:00:00,12,9,3,FMN GV 10 Beerse
39,Antwerpseweg 195,2021-08-19,20:00:00,18,11,7,FMN GV 10 Beerse
39,Antwerpseweg 195,2021-08-19,21:00:00,10,8,2,FMN GV 10 Beerse
39,Antwerpseweg 195,2021-08-19,22:00:00,11,8,3,FMN GV 10 Beerse
39,Antwerpseweg 195,2021-08-19,23:00:00,13,12,1,FMN GV 10 Beerse
39,Antwerpseweg 195,2021-08-20,00:00:00,0,0,0,FMN GV 10 Beerse
39,Antwerpseweg 195,2021-08-20,01:00:00,0,0,0,FMN GV 10 Beerse
39,Antwerpseweg 195,2021-08-20,02:00:00,0,0,0,FMN GV 10 Beerse
39,Antwerpseweg 195,2021-08-20,03:00:00,0,0,0,FMN GV 10 Beerse
39,Antwerpseweg 195,2021-08-20,04:00:00,3,3,0,FMN GV 10 Beerse
39,Antwerpseweg 195,2021-08-20,05:00:00,10,8,2,FMN GV 10 Beerse
39,Antwerpseweg 195,2021-08-20,06:00:00,8,6,2,FMN GV 10 Beerse
39,Antwerpseweg 195,2021-08-20,07:00:00,21,16,5,FMN GV 10 Beerse
39,Antwerpseweg 195,2021-08-20,08:00:00,11,9,2,FMN GV 10 Beerse
39,Antwerpseweg 195,2021-08-20,09:00:00,10,9,1,FMN GV 10 Beerse
39,Antwerpseweg 195,2021-08-20,10:00:00,7,5,2,FMN GV 10 Beerse
39,Antwerpseweg 195,2021-08-20,11:00:00,11,9,2,FMN GV 10 Beerse
39,Antwerpseweg 195,2021-08-20,12:00:00,26,19,7,FMN GV 10 Beerse
39,Antwerpseweg 195,2021-08-20,13:00:00,23,15,8,FMN GV 10 Beerse
39,Antwerpseweg 195,2021-08-20,14:00:00,23,16,7,FMN GV 10 Beerse
39,Antwerpseweg 195,2021-08-20,15:00:00,27,17,10,FMN GV 10 Beerse
39,Antwerpseweg 195,2021-08-20,16:00:00,49,26,23,FMN GV 10 Beerse
39,Antwerpseweg 195,2021-08-20,17:00:00,36,13,23,FMN GV 10 Beerse
39,Antwerpseweg 195,2021-08-20,18:00:00,44,20,24,FMN GV 10 Beerse
39,Antwerpseweg 195,2021-08-20,19:00:00,35,12,23,FMN GV 10 Beerse
39,Antwerpseweg 195,2021-08-20,20:00:00,22,7,15,FMN GV 10 Beerse
39,Antwerpseweg 195,2021-08-20,21:00:00,10,5,5,FMN GV 10 Beerse
39,Antwerpseweg 195,2021-08-20,22:00:00,5,4,1,FMN GV 10 Beerse
39,Antwerpseweg 195,2021-08-20,23:00:00,4,4,0,FMN GV 10 Beerse
39,Antwerpseweg 195,2021-08-21,00:00:00,4,3,1,FMN GV 10 Beerse
39,Antwerpseweg 195,2021-08-21,01:00:00,75,69,6,FMN GV 10 Beerse
39,Antwerpseweg 195,2021-08-21,02:00:00,3,3,0,FMN GV 10 Beerse
39,Antwerpseweg 195,2021-08-21,03:00:00,5,4,1,FMN GV 10 Beerse
39,Antwerpseweg 195,2021-08-21,04:00:00,2,2,0,FMN GV 10 Beerse
39,Antwerpseweg 195,2021-08-21,05:00:00,1,1,0,FMN GV 10 Beerse
39,Antwerpseweg 195,2021-08-21,06:00:00,0,0,0,FMN GV 10 Beerse
39,Antwerpseweg 195,2021-08-21,07:00:00,3,3,0,FMN GV 10 Beerse
39,Antwerpseweg 195,2021-08-21,08:00:00,9,6,3,FMN GV 10 Beerse
39,Antwerpseweg 195,2021-08-21,09:00:00,19,12,7,FMN GV 10 Beerse
39,Antwerpseweg 195,2021-08-21,10:00:00,53,33,20,FMN GV 10 Beerse
39,Antwerpseweg 195,2021-08-21,11:00:00,55,31,24,FMN GV 10 Beerse
39,Antwerpseweg 195,2021-08-21,12:00:00,83,31,52,FMN GV 10 Beerse
39,Antwerpseweg 195,2021-08-21,13:00:00,61,34,27,FMN GV 10 Beerse
39,Antwerpseweg 195,2021-08-21,14:00:00,76,49,27,FMN GV 10 Beerse
39,Antwerpseweg 195,2021-08-21,15:00:00,78,52,26,FMN GV 10 Beerse
39,Antwerpseweg 195,2021-08-21,16:00:00,79,48,31,FMN GV 10 Beerse
39,Antwerpseweg 195,2021-08-21,17:00:00,63,43,20,FMN GV 10 Beerse
39,Antwerpseweg 195,2021-08-21,18:00:00,53,33,20,FMN GV 10 Beerse
39,Antwerpseweg 195,2021-08-21,19:00:00,39,24,15,FMN GV 10 Beerse
39,Antwerpseweg 195,2021-08-21,20:00:00,54,9,45,FMN GV 10 Beerse
39,Antwerpseweg 195,2021-08-21,21:00:00,14,8,6,FMN GV 10 Beerse
39,Antwerpseweg 195,2021-08-21,22:00:00,2,2,0,FMN GV 10 Beerse
39,Antwerpseweg 195,2021-08-21,23:00:00,9,9,0,FMN GV 10 Beerse
39,Antwerpseweg 195,2021-08-22,00:00:00,9,9,0,FMN GV 10 Beerse
39,Antwerpseweg 195,2021-08-22,01:00:00,71,69,2,FMN GV 10 Beerse
39,Antwerpseweg 195,2021-08-22,02:00:00,10,10,0,FMN GV 10 Beerse
39,Antwerpseweg 195,2021-08-22,03:00:00,2,1,1,FMN GV 10 Beerse
39,Antwerpseweg 195,2021-08-22,04:00:00,3,1,2,FMN GV 10 Beerse
39,Antwerpseweg 195,2021-08-22,05:00:00,1,1,0,FMN GV 10 Beerse
39,Antwerpseweg 195,2021-08-22,06:00:00,1,0,1,FMN GV 10 Beerse
39,Antwerpseweg 195,2021-08-22,07:00:00,3,3,0,FMN GV 10 Beerse
39,Antwerpseweg 195,2021-08-22,08:00:00,4,1,3,FMN GV 10 Beerse
39,Antwerpseweg 195,2021-08-22,09:00:00,6,1,5,FMN GV 10 Beerse
39,Antwerpseweg 195,2021-08-22,10:00:00,23,9,14,FMN GV 10 Beerse
39,Antwerpseweg 195,2021-08-22,11:00:00,7,6,1,FMN GV 10 Beerse
39,Antwerpseweg 195,2021-08-22,12:00:00,11,7,4,FMN GV 10 Beerse
39,Antwerpseweg 195,2021-08-22,13:00:00,26,11,15,FMN GV 10 Beerse
39,Antwerpseweg 195,2021-08-22,14:00:00,23,11,12,FMN GV 10 Beerse
39,Antwerpseweg 195,2021-08-22,15:00:00,21,14,7,FMN GV 10 Beerse
39,Antwerpseweg 195,2021-08-22,16:00:00,17,5,12,FMN GV 10 Beerse
39,Antwerpseweg 195,2021-08-22,17:00:00,22,5,17,FMN GV 10 Beerse
39,Antwerpseweg 195,2021-08-22,18:00:00,33,10,23,FMN GV 10 Beerse
39,Antwerpseweg 195,2021-08-22,19:00:00,21,12,9,FMN GV 10 Beerse
39,Antwerpseweg 195,2021-08-22,20:00:00,12,6,6,FMN GV 10 Beerse
39,Antwerpseweg 195,2021-08-22,21:00:00,7,6,1,FMN GV 10 Beerse
39,Antwerpseweg 195,2021-08-22,22:00:00,4,4,0,FMN GV 10 Beerse
39,Antwerpseweg 195,2021-08-22,23:00:00,12,12,0,FMN GV 10 Beerse
39,Antwerpseweg 195,2021-08-23,00:00:00,21,20,1,FMN GV 10 Beerse
39,Antwerpseweg 195,2021-08-23,01:00:00,47,43,4,FMN GV 10 Beerse
39,Antwerpseweg 195,2021-08-23,02:00:00,6,6,0,FMN GV 10 Beerse
39,Antwerpseweg 195,2021-08-23,03:00:00,3,3,0,FMN GV 10 Beerse
39,Antwerpseweg 195,2021-08-23,04:00:00,1,1,0,FMN GV 10 Beerse
39,Antwerpseweg 195,2021-08-23,05:00:00,10,9,1,FMN GV 10 Beerse
39,Antwerpseweg 195,2021-08-23,06:00:00,11,7,4,FMN GV 10 Beerse
39,Antwerpseweg 195,2021-08-23,07:00:00,19,17,2,FMN GV 10 Beerse
39,Antwerpseweg 195,2021-08-23,08:00:00,20,13,7,FMN GV 10 Beerse
39,Antwerpseweg 195,2021-08-23,09:00:00,6,6,0,FMN GV 10 Beerse
39,Antwerpseweg 195,2021-08-23,10:00:00,6,6,0,FMN GV 10 Beerse
39,Antwerpseweg 195,2021-08-23,11:00:00,12,9,3,FMN GV 10 Beerse
39,Antwerpseweg 195,2021-08-23,12:00:00,15,10,5,FMN GV 10 Beerse
39,Antwerpseweg 195,2021-08-23,13:00:00,19,16,3,FMN GV 10 Beerse
39,Antwerpseweg 195,2021-08-23,14:00:00,38,22,16,FMN GV 10 Beerse
39,Antwerpseweg 195,2021-08-23,15:00:00,35,25,10,FMN GV 10 Beerse
39,Antwerpseweg 195,2021-08-23,16:00:00,35,28,7,FMN GV 10 Beerse
39,Antwerpseweg 195,2021-08-23,17:00:00,30,24,6,FMN GV 10 Beerse
39,Antwerpseweg 195,2021-08-23,18:00:00,17,12,5,FMN GV 10 Beerse
39,Antwerpseweg 195,2021-08-23,19:00:00,15,9,6,FMN GV 10 Beerse
39,Antwerpseweg 195,2021-08-23,20:00:00,5,5,0,FMN GV 10 Beerse
39,Antwerpseweg 195,2021-08-23,21:00:00,8,7,1,FMN GV 10 Beerse
39,Antwerpseweg 195,2021-08-23,22:00:00,4,4,0,FMN GV 10 Beerse
39,Antwerpseweg 195,2021-08-23,23:00:00,1,1,0,FMN GV 10 Beerse
39,Antwerpseweg 195,2021-08-24,00:00:00,0,0,0,FMN GV 10 Beerse
39,Antwerpseweg 195,2021-08-24,01:00:00,0,0,0,FMN GV 10 Beerse
39,Antwerpseweg 195,2021-08-24,02:00:00,1,0,1,FMN GV 10 Beerse
39,Antwerpseweg 195,2021-08-24,03:00:00,0,0,0,FMN GV 10 Beerse
39,Antwerpseweg 195,2021-08-24,04:00:00,1,0,1,FMN GV 10 Beerse
39,Antwerpseweg 195,2021-08-24,05:00:00,16,15,1,FMN GV 10 Beerse
39,Antwerpseweg 195,2021-08-24,06:00:00,15,10,5,FMN GV 10 Beerse
39,Antwerpseweg 195,2021-08-24,07:00:00,30,27,3,FMN GV 10 Beerse
39,Antwerpseweg 195,2021-08-24,08:00:00,31,18,13,FMN GV 10 Beerse
39,Antwerpseweg 195,2021-08-24,09:00:00,24,19,5,FMN GV 10 Beerse
39,Antwerpseweg 195,2021-08-24,10:00:00,28,21,7,FMN GV 10 Beerse
39,Antwerpseweg 195,2021-08-24,11:00:00,28,26,2,FMN GV 10 Beerse
39,Antwerpseweg 195,2021-08-24,12:00:00,34,23,11,FMN GV 10 Beerse
39,Antwerpseweg 195,2021-08-24,13:00:00,40,26,14,FMN GV 10 Beerse
39,Antwerpseweg 195,2021-08-24,14:00:00,51,35,16,FMN GV 10 Beerse
39,Antwerpseweg 195,2021-08-24,15:00:00,64,47,17,FMN GV 10 Beerse
39,Antwerpseweg 195,2021-08-24,16:00:00,104,67,37,FMN GV 10 Beerse
39,Antwerpseweg 195,2021-08-24,17:00:00,36,28,8,FMN GV 10 Beerse
39,Antwerpseweg 195,2021-08-24,18:00:00,34,24,10,FMN GV 10 Beerse
39,Antwerpseweg 195,2021-08-24,19:00:00,19,12,7,FMN GV 10 Beerse
39,Antwerpseweg 195,2021-08-24,20:00:00,17,6,11,FMN GV 10 Beerse
39,Antwerpseweg 195,2021-08-24,21:00:00,19,18,1,FMN GV 10 Beerse
39,Antwerpseweg 195,2021-08-24,22:00:00,8,8,0,FMN GV 10 Beerse
39,Antwerpseweg 195,2021-08-24,23:00:00,4,3,1,FMN GV 10 Beerse
39,Antwerpseweg 195,2021-08-25,00:00:00,1,1,0,FMN GV 10 Beerse
39,Antwerpseweg 195,2021-08-25,01:00:00,0,0,0,FMN GV 10 Beerse
39,Antwerpseweg 195,2021-08-25,02:00:00,0,0,0,FMN GV 10 Beerse
39,Antwerpseweg 195,2021-08-25,03:00:00,0,0,0,FMN GV 10 Beerse
39,Antwerpseweg 195,2021-08-25,04:00:00,0,0,0,FMN GV 10 Beerse
39,Antwerpseweg 195,2021-08-25,05:00:00,16,14,2,FMN GV 10 Beerse
39,Antwerpseweg 195,2021-08-25,06:00:00,12,9,3,FMN GV 10 Beerse
39,Antwerpseweg 195,2021-08-25,07:00:00,27,22,5,FMN GV 10 Beerse
39,Antwerpseweg 195,2021-08-25,08:00:00,38,26,12,FMN GV 10 Beerse
39,Antwerpseweg 195,2021-08-25,09:00:00,19,15,4,FMN GV 10 Beerse
39,Antwerpseweg 195,2021-08-25,10:00:00,29,17,12,FMN GV 10 Beerse
39,Antwerpseweg 195,2021-08-25,11:00:00,29,17,12,FMN GV 10 Beerse
39,Antwerpseweg 195,2021-08-25,12:00:00,35,26,9,FMN GV 10 Beerse
39,Antwerpseweg 195,2021-08-25,13:00:00,69,43,26,FMN GV 10 Beerse
39,Antwerpseweg 195,2021-08-25,14:00:00,85,58,27,FMN GV 10 Beerse
39,Antwerpseweg 195,2021-08-25,15:00:00,55,35,20,FMN GV 10 Beerse
39,Antwerpseweg 195,2021-08-25,16:00:00,68,51,17,FMN GV 10 Beerse
39,Antwerpseweg 195,2021-08-25,17:00:00,74,53,21,FMN GV 10 Beerse
39,Antwerpseweg 195,2021-08-25,18:00:00,35,26,9,FMN GV 10 Beerse
39,Antwerpseweg 195,2021-08-25,19:00:00,12,7,5,FMN GV 10 Beerse
39,Antwerpseweg 195,2021-08-25,20:00:00,14,10,4,FMN GV 10 Beerse
39,Antwerpseweg 195,2021-08-25,21:00:00,16,8,8,FMN GV 10 Beerse
39,Antwerpseweg 195,2021-08-25,22:00:00,9,7,2,FMN GV 10 Beerse
39,Antwerpseweg 195,2021-08-25,23:00:00,4,1,3,FMN GV 10 Beerse
39,Antwerpseweg 195,2021-08-26,00:00:00,1,0,1,FMN GV 10 Beerse
39,Antwerpseweg 195,2021-08-26,01:00:00,2,1,1,FMN GV 10 Beerse
39,Antwerpseweg 195,2021-08-26,02:00:00,0,0,0,FMN GV 10 Beerse
39,Antwerpseweg 195,2021-08-26,03:00:00,0,0,0,FMN GV 10 Beerse
39,Antwerpseweg 195,2021-08-26,04:00:00,2,2,0,FMN GV 10 Beerse
39,Antwerpseweg 195,2021-08-26,05:00:00,13,12,1,FMN GV 10 Beerse
39,Antwerpseweg 195,2021-08-26,06:00:00,13,10,3,FMN GV 10 Beerse
39,Antwerpseweg 195,2021-08-26,07:00:00,23,21,2,FMN GV 10 Beerse
39,Antwerpseweg 195,2021-08-26,08:00:00,29,21,8,FMN GV 10 Beerse
39,Antwerpseweg 195,2021-08-26,09:00:00,17,13,4,FMN GV 10 Beerse
39,Antwerpseweg 195,2021-08-26,10:00:00,13,12,1,FMN GV 10 Beerse
39,Antwerpseweg 195,2021-08-26,11:00:00,24,9,15,FMN GV 10 Beerse
39,Antwerpseweg 195,2021-08-26,12:00:00,18,13,5,FMN GV 10 Beerse
39,Antwerpseweg 195,2021-08-26,13:00:00,16,12,4,FMN GV 10 Beerse
39,Antwerpseweg 195,2021-08-26,14:00:00,21,15,6,FMN GV 10 Beerse
39,Antwerpseweg 195,2021-08-26,15:00:00,25,19,6,FMN GV 10 Beerse
39,Antwerpseweg 195,2021-08-26,16:00:00,28,19,9,FMN GV 10 Beerse
39,Antwerpseweg 195,2021-08-26,17:00:00,33,23,10,FMN GV 10 Beerse
39,Antwerpseweg 195,2021-08-26,18:00:00,19,15,4,FMN GV 10 Beerse
39,Antwerpseweg 195,2021-08-26,19:00:00,16,11,5,FMN GV 10 Beerse
39,Antwerpseweg 195,2021-08-26,20:00:00,9,2,7,FMN GV 10 Beerse
39,Antwerpseweg 195,2021-08-26,21:00:00,10,10,0,FMN GV 10 Beerse
39,Antwerpseweg 195,2021-08-26,22:00:00,8,5,3,FMN GV 10 Beerse
39,Antwerpseweg 195,2021-08-26,23:00:00,1,0,1,FMN GV 10 Beerse
39,Antwerpseweg 195,2021-08-27,00:00:00,3,2,1,FMN GV 10 Beerse
39,Antwerpseweg 195,2021-08-27,01:00:00,1,0,1,FMN GV 10 Beerse
39,Antwerpseweg 195,2021-08-27,02:00:00,0,0,0,FMN GV 10 Beerse
39,Antwerpseweg 195,2021-08-27,03:00:00,0,0,0,FMN GV 10 Beerse
39,Antwerpseweg 195,2021-08-27,04:00:00,3,3,0,FMN GV 10 Beerse
39,Antwerpseweg 195,2021-08-27,05:00:00,14,12,2,FMN GV 10 Beerse
39,Antwerpseweg 195,2021-08-27,06:00:00,10,9,1,FMN GV 10 Beerse
39,Antwerpseweg 195,2021-08-27,07:00:00,23,18,5,FMN GV 10 Beerse
39,Antwerpseweg 195,2021-08-27,08:00:00,21,11,10,FMN GV 10 Beerse
39,Antwerpseweg 195,2021-08-27,09:00:00,10,6,4,FMN GV 10 Beerse
39,Antwerpseweg 195,2021-08-27,10:00:00,30,25,5,FMN GV 10 Beerse
39,Antwerpseweg 195,2021-08-27,11:00:00,30,18,12,FMN GV 10 Beerse
39,Antwerpseweg 195,2021-08-27,12:00:00,19,13,6,FMN GV 10 Beerse
39,Antwerpseweg 195,2021-08-27,13:00:00,21,10,11,FMN GV 10 Beerse
39,Antwerpseweg 195,2021-08-27,14:00:00,30,21,9,FMN GV 10 Beerse
39,Antwerpseweg 195,2021-08-27,15:00:00,31,14,17,FMN GV 10 Beerse
39,Antwerpseweg 195,2021-08-27,16:00:00,36,26,10,FMN GV 10 Beerse
39,Antwerpseweg 195,2021-08-27,17:00:00,17,10,7,FMN GV 10 Beerse
39,Antwerpseweg 195,2021-08-27,18:00:00,17,15,2,FMN GV 10 Beerse
39,Antwerpseweg 195,2021-08-27,19:00:00,9,6,3,FMN GV 10 Beerse
39,Antwerpseweg 195,2021-08-27,20:00:00,10,4,6,FMN GV 10 Beerse
39,Antwerpseweg 195,2021-08-27,21:00:00,7,6,1,FMN GV 10 Beerse
39,Antwerpseweg 195,2021-08-27,22:00:00,5,5,0,FMN GV 10 Beerse
39,Antwerpseweg 195,2021-08-27,23:00:00,3,2,1,FMN GV 10 Beerse
39,Antwerpseweg 195,2021-08-28,00:00:00,3,0,3,FMN GV 10 Beerse
39,Antwerpseweg 195,2021-08-28,01:00:00,10,9,1,FMN GV 10 Beerse
39,Antwerpseweg 195,2021-08-28,02:00:00,2,2,0,FMN GV 10 Beerse
39,Antwerpseweg 195,2021-08-28,03:00:00,4,2,2,FMN GV 10 Beerse
39,Antwerpseweg 195,2021-08-28,04:00:00,1,1,0,FMN GV 10 Beerse
39,Antwerpseweg 195,2021-08-28,05:00:00,4,4,0,FMN GV 10 Beerse
39,Antwerpseweg 195,2021-08-28,06:00:00,3,2,1,FMN GV 10 Beerse
39,Antwerpseweg 195,2021-08-28,07:00:00,2,1,1,FMN GV 10 Beerse
39,Antwerpseweg 195,2021-08-28,08:00:00,4,3,1,FMN GV 10 Beerse
39,Antwerpseweg 195,2021-08-28,09:00:00,14,9,5,FMN GV 10 Beerse
39,Antwerpseweg 195,2021-08-28,10:00:00,17,10,7,FMN GV 10 Beerse
39,Antwerpseweg 195,2021-08-28,11:00:00,15,12,3,FMN GV 10 Beerse
39,Antwerpseweg 195,2021-08-28,12:00:00,15,9,6,FMN GV 10 Beerse
39,Antwerpseweg 195,2021-08-28,13:00:00,19,14,5,FMN GV 10 Beerse
39,Antwerpseweg 195,2021-08-28,14:00:00,19,14,5,FMN GV 10 Beerse
39,Antwerpseweg 195,2021-08-28,15:00:00,30,24,6,FMN GV 10 Beerse
39,Antwerpseweg 195,2021-08-28,16:00:00,11,11,0,FMN GV 10 Beerse
39,Antwerpseweg 195,2021-08-28,17:00:00,16,8,8,FMN GV 10 Beerse
39,Antwerpseweg 195,2021-08-28,18:00:00,12,7,5,FMN GV 10 Beerse
39,Antwerpseweg 195,2021-08-28,19:00:00,11,4,7,FMN GV 10 Beerse
39,Antwerpseweg 195,2021-08-28,20:00:00,11,8,3,FMN GV 10 Beerse
39,Antwerpseweg 195,2021-08-28,21:00:00,2,1,1,FMN GV 10 Beerse
39,Antwerpseweg 195,2021-08-28,22:00:00,3,3,0,FMN GV 10 Beerse
39,Antwerpseweg 195,2021-08-28,23:00:00,5,2,3,FMN GV 10 Beerse
39,Antwerpseweg 195,2021-08-29,00:00:00,7,3,4,FMN GV 10 Beerse
39,Antwerpseweg 195,2021-08-29,01:00:00,1,0,1,FMN GV 10 Beerse
39,Antwerpseweg 195,2021-08-29,02:00:00,1,1,0,FMN GV 10 Beerse
39,Antwerpseweg 195,2021-08-29,03:00:00,0,0,0,FMN GV 10 Beerse
39,Antwerpseweg 195,2021-08-29,04:00:00,0,0,0,FMN GV 10 Beerse
39,Antwerpseweg 195,2021-08-29,05:00:00,2,2,0,FMN GV 10 Beerse
39,Antwerpseweg 195,2021-08-29,06:00:00,1,1,0,FMN GV 10 Beerse
39,Antwerpseweg 195,2021-08-29,07:00:00,1,1,0,FMN GV 10 Beerse
39,Antwerpseweg 195,2021-08-29,08:00:00,12,7,5,FMN GV 10 Beerse
39,Antwerpseweg 195,2021-08-29,09:00:00,12,9,3,FMN GV 10 Beerse
39,Antwerpseweg 195,2021-08-29,10:00:00,30,21,9,FMN GV 10 Beerse
39,Antwerpseweg 195,2021-08-29,11:00:00,20,14,6,FMN GV 10 Beerse
39,Antwerpseweg 195,2021-08-29,12:00:00,28,11,17,FMN GV 10 Beerse
39,Antwerpseweg 195,2021-08-29,13:00:00,6,6,0,FMN GV 10 Beerse
39,Antwerpseweg 195,2021-08-29,14:00:00,9,7,2,FMN GV 10 Beerse
39,Antwerpseweg 195,2021-08-29,15:00:00,20,16,4,FMN GV 10 Beerse
39,Antwerpseweg 195,2021-08-29,16:00:00,3,1,2,FMN GV 10 Beerse
39,Antwerpseweg 195,2021-08-29,17:00:00,9,3,6,FMN GV 10 Beerse
39,Antwerpseweg 195,2021-08-29,18:00:00,5,4,1,FMN GV 10 Beerse
39,Antwerpseweg 195,2021-08-29,19:00:00,3,1,2,FMN GV 10 Beerse
39,Antwerpseweg 195,2021-08-29,20:00:00,3,1,2,FMN GV 10 Beerse
39,Antwerpseweg 195,2021-08-29,21:00:00,5,4,1,FMN GV 10 Beerse
39,Antwerpseweg 195,2021-08-29,22:00:00,5,5,0,FMN GV 10 Beerse
39,Antwerpseweg 195,2021-08-29,23:00:00,1,1,0,FMN GV 10 Beerse
39,Antwerpseweg 195,2021-08-30,00:00:00,0,0,0,FMN GV 10 Beerse
39,Antwerpseweg 195,2021-08-30,01:00:00,3,3,0,FMN GV 10 Beerse
39,Antwerpseweg 195,2021-08-30,02:00:00,0,0,0,FMN GV 10 Beerse
39,Antwerpseweg 195,2021-08-30,03:00:00,0,0,0,FMN GV 10 Beerse
39,Antwerpseweg 195,2021-08-30,04:00:00,1,0,1,FMN GV 10 Beerse
39,Antwerpseweg 195,2021-08-30,05:00:00,11,11,0,FMN GV 10 Beerse
39,Antwerpseweg 195,2021-08-30,06:00:00,11,8,3,FMN GV 10 Beerse
39,Antwerpseweg 195,2021-08-30,07:00:00,23,20,3,FMN GV 10 Beerse
39,Antwerpseweg 195,2021-08-30,08:00:00,18,15,3,FMN GV 10 Beerse
39,Antwerpseweg 195,2021-08-30,09:00:00,7,6,1,FMN GV 10 Beerse
39,Antwerpseweg 195,2021-08-30,10:00:00,15,13,2,FMN GV 10 Beerse
39,Antwerpseweg 195,2021-08-30,11:00:00,9,7,2,FMN GV 10 Beerse
39,Antwerpseweg 195,2021-08-30,12:00:00,20,14,6,FMN GV 10 Beerse
39,Antwerpseweg 195,2021-08-30,13:00:00,26,16,10,FMN GV 10 Beerse
39,Antwerpseweg 195,2021-08-30,14:00:00,45,35,10,FMN GV 10 Beerse
39,Antwerpseweg 195,2021-08-30,15:00:00,34,21,13,FMN GV 10 Beerse
39,Antwerpseweg 195,2021-08-30,16:00:00,35,29,6,FMN GV 10 Beerse
39,Antwerpseweg 195,2021-08-30,17:00:00,25,13,12,FMN GV 10 Beerse
39,Antwerpseweg 195,2021-08-30,18:00:00,22,18,4,FMN GV 10 Beerse
39,Antwerpseweg 195,2021-08-30,19:00:00,11,10,1,FMN GV 10 Beerse
39,Antwerpseweg 195,2021-08-30,20:00:00,4,3,1,FMN GV 10 Beerse
39,Antwerpseweg 195,2021-08-30,21:00:00,6,6,0,FMN GV 10 Beerse
39,Antwerpseweg 195,2021-08-30,22:00:00,10,7,3,FMN GV 10 Beerse
39,Antwerpseweg 195,2021-08-30,23:00:00,3,3,0,FMN GV 10 Beerse
39,Antwerpseweg 195,2021-08-31,00:00:00,1,1,0,FMN GV 10 Beerse
39,Antwerpseweg 195,2021-08-31,01:00:00,0,0,0,FMN GV 10 Beerse
39,Antwerpseweg 195,2021-08-31,02:00:00,0,0,0,FMN GV 10 Beerse
39,Antwerpseweg 195,2021-08-31,03:00:00,0,0,0,FMN GV 10 Beerse
39,Antwerpseweg 195,2021-08-31,04:00:00,1,1,0,FMN GV 10 Beerse
39,Antwerpseweg 195,2021-08-31,05:00:00,11,10,1,FMN GV 10 Beerse
39,Antwerpseweg 195,2021-08-31,06:00:00,12,11,1,FMN GV 10 Beerse
39,Antwerpseweg 195,2021-08-31,07:00:00,35,30,5,FMN GV 10 Beerse
39,Antwerpseweg 195,2021-08-31,08:00:00,24,21,3,FMN GV 10 Beerse
39,Antwerpseweg 195,2021-08-31,09:00:00,11,9,2,FMN GV 10 Beerse
39,Antwerpseweg 195,2021-08-31,10:00:00,21,20,1,FMN GV 10 Beerse
39,Antwerpseweg 195,2021-08-31,11:00:00,26,19,7,FMN GV 10 Beerse
39,Antwerpseweg 195,2021-08-31,12:00:00,27,21,6,FMN GV 10 Beerse
39,Antwerpseweg 195,2021-08-31,13:00:00,51,22,29,FMN GV 10 Beerse
39,Antwerpseweg 195,2021-08-31,14:00:00,45,23,22,FMN GV 10 Beerse
39,Antwerpseweg 195,2021-08-31,15:00:00,37,27,10,FMN GV 10 Beerse
39,Antwerpseweg 195,2021-08-31,16:00:00,54,33,21,FMN GV 10 Beerse
39,Antwerpseweg 195,2021-08-31,17:00:00,46,36,10,FMN GV 10 Beerse
39,Antwerpseweg 195,2021-08-31,18:00:00,28,21,7,FMN GV 10 Beerse
39,Antwerpseweg 195,2021-08-31,19:00:00,18,11,7,FMN GV 10 Beerse
39,Antwerpseweg 195,2021-08-31,20:00:00,15,8,7,FMN GV 10 Beerse
39,Antwerpseweg 195,2021-08-31,21:00:00,8,8,0,FMN GV 10 Beerse
39,Antwerpseweg 195,2021-08-31,22:00:00,9,8,1,FMN GV 10 Beerse
39,Antwerpseweg 195,2021-08-31,23:00:00,0,0,0,FMN GV 10 Beerse
39,Antwerpseweg 195,2021-09-01,00:00:00,0,0,0,FMN GV 10 Beerse
39,Antwerpseweg 195,2021-09-01,01:00:00,0,0,0,FMN GV 10 Beerse
39,Antwerpseweg 195,2021-09-01,02:00:00,0,0,0,FMN GV 10 Beerse
39,Antwerpseweg 195,2021-09-01,03:00:00,1,1,0,FMN GV 10 Beerse
39,Antwerpseweg 195,2021-09-01,04:00:00,2,2,0,FMN GV 10 Beerse
39,Antwerpseweg 195,2021-09-01,05:00:00,12,12,0,FMN GV 10 Beerse
39,Antwerpseweg 195,2021-09-01,06:00:00,10,9,1,FMN GV 10 Beerse
39,Antwerpseweg 195,2021-09-01,07:00:00,52,45,7,FMN GV 10 Beerse
39,Antwerpseweg 195,2021-09-01,08:00:00,43,39,4,FMN GV 10 Beerse
39,Antwerpseweg 195,2021-09-01,09:00:00,25,16,9,FMN GV 10 Beerse
39,Antwerpseweg 195,2021-09-01,10:00:00,20,16,4,FMN GV 10 Beerse
39,Antwerpseweg 195,2021-09-01,11:00:00,20,10,10,FMN GV 10 Beerse
39,Antwerpseweg 195,2021-09-01,12:00:00,77,57,20,FMN GV 10 Beerse
39,Antwerpseweg 195,2021-09-01,13:00:00,41,30,11,FMN GV 10 Beerse
39,Antwerpseweg 195,2021-09-01,14:00:00,45,34,11,FMN GV 10 Beerse
39,Antwerpseweg 195,2021-09-01,15:00:00,29,18,11,FMN GV 10 Beerse
39,Antwerpseweg 195,2021-09-01,16:00:00,34,21,13,FMN GV 10 Beerse
39,Antwerpseweg 195,2021-09-01,17:00:00,46,35,11,FMN GV 10 Beerse
39,Antwerpseweg 195,2021-09-01,18:00:00,26,15,11,FMN GV 10 Beerse
39,Antwerpseweg 195,2021-09-01,19:00:00,15,14,1,FMN GV 10 Beerse
39,Antwerpseweg 195,2021-09-01,20:00:00,19,14,5,FMN GV 10 Beerse
39,Antwerpseweg 195,2021-09-01,21:00:00,11,11,0,FMN GV 10 Beerse
39,Antwerpseweg 195,2021-09-01,22:00:00,10,7,3,FMN GV 10 Beerse
39,Antwerpseweg 195,2021-09-01,23:00:00,1,0,1,FMN GV 10 Beerse
39,Antwerpseweg 195,2021-09-02,00:00:00,0,0,0,FMN GV 10 Beerse
39,Antwerpseweg 195,2021-09-02,01:00:00,0,0,0,FMN GV 10 Beerse
39,Antwerpseweg 195,2021-09-02,02:00:00,0,0,0,FMN GV 10 Beerse
39,Antwerpseweg 195,2021-09-02,03:00:00,0,0,0,FMN GV 10 Beerse
39,Antwerpseweg 195,2021-09-02,04:00:00,2,1,1,FMN GV 10 Beerse
39,Antwerpseweg 195,2021-09-02,05:00:00,13,11,2,FMN GV 10 Beerse
39,Antwerpseweg 195,2021-09-02,06:00:00,10,9,1,FMN GV 10 Beerse
39,Antwerpseweg 195,2021-09-02,07:00:00,64,54,10,FMN GV 10 Beerse
39,Antwerpseweg 195,2021-09-02,08:00:00,30,23,7,FMN GV 10 Beerse
39,Antwerpseweg 195,2021-09-02,09:00:00,43,32,11,FMN GV 10 Beerse
39,Antwerpseweg 195,2021-09-02,10:00:00,14,8,6,FMN GV 10 Beerse
39,Antwerpseweg 195,2021-09-02,11:00:00,23,20,3,FMN GV 10 Beerse
39,Antwerpseweg 195,2021-09-02,12:00:00,26,19,7,FMN GV 10 Beerse
39,Antwerpseweg 195,2021-09-02,13:00:00,39,31,8,FMN GV 10 Beerse
39,Antwerpseweg 195,2021-09-02,14:00:00,46,25,21,FMN GV 10 Beerse
39,Antwerpseweg 195,2021-09-02,15:00:00,77,60,17,FMN GV 10 Beerse
39,Antwerpseweg 195,2021-09-02,16:00:00,107,81,26,FMN GV 10 Beerse
39,Antwerpseweg 195,2021-09-02,17:00:00,46,33,13,FMN GV 10 Beerse
39,Antwerpseweg 195,2021-09-02,18:00:00,46,27,19,FMN GV 10 Beerse
39,Antwerpseweg 195,2021-09-02,19:00:00,23,10,13,FMN GV 10 Beerse
39,Antwerpseweg 195,2021-09-02,20:00:00,24,15,9,FMN GV 10 Beerse
39,Antwerpseweg 195,2021-09-02,21:00:00,14,10,4,FMN GV 10 Beerse
39,Antwerpseweg 195,2021-09-02,22:00:00,7,5,2,FMN GV 10 Beerse
39,Antwerpseweg 195,2021-09-02,23:00:00,1,1,0,FMN GV 10 Beerse
39,Antwerpseweg 195,2021-09-03,00:00:00,1,0,1,FMN GV 10 Beerse
39,Antwerpseweg 195,2021-09-03,01:00:00,0,0,0,FMN GV 10 Beerse
39,Antwerpseweg 195,2021-09-03,02:00:00,2,2,0,FMN GV 10 Beerse
39,Antwerpseweg 195,2021-09-03,03:00:00,0,0,0,FMN GV 10 Beerse
39,Antwerpseweg 195,2021-09-03,04:00:00,1,0,1,FMN GV 10 Beerse
39,Antwerpseweg 195,2021-09-03,05:00:00,13,13,0,FMN GV 10 Beerse
39,Antwerpseweg 195,2021-09-03,06:00:00,10,8,2,FMN GV 10 Beerse
39,Antwerpseweg 195,2021-09-03,07:00:00,48,36,12,FMN GV 10 Beerse
39,Antwerpseweg 195,2021-09-03,08:00:00,26,18,8,FMN GV 10 Beerse
39,Antwerpseweg 195,2021-09-03,09:00:00,12,10,2,FMN GV 10 Beerse
39,Antwerpseweg 195,2021-09-03,10:00:00,10,9,1,FMN GV 10 Beerse
39,Antwerpseweg 195,2021-09-03,11:00:00,17,15,2,FMN GV 10 Beerse
39,Antwerpseweg 195,2021-09-03,12:00:00,20,13,7,FMN GV 10 Beerse
39,Antwerpseweg 195,2021-09-03,13:00:00,45,31,14,FMN GV 10 Beerse
39,Antwerpseweg 195,2021-09-03,14:00:00,70,47,23,FMN GV 10 Beerse
39,Antwerpseweg 195,2021-09-03,15:00:00,83,55,28,FMN GV 10 Beerse
39,Antwerpseweg 195,2021-09-03,16:00:00,112,78,34,FMN GV 10 Beerse
39,Antwerpseweg 195,2021-09-03,17:00:00,55,37,18,FMN GV 10 Beerse
39,Antwerpseweg 195,2021-09-03,18:00:00,34,25,9,FMN GV 10 Beerse
39,Antwerpseweg 195,2021-09-03,19:00:00,23,11,12,FMN GV 10 Beerse
39,Antwerpseweg 195,2021-09-03,20:00:00,14,6,8,FMN GV 10 Beerse
39,Antwerpseweg 195,2021-09-03,21:00:00,17,11,6,FMN GV 10 Beerse
39,Antwerpseweg 195,2021-09-03,22:00:00,14,8,6,FMN GV 10 Beerse
39,Antwerpseweg 195,2021-09-03,23:00:00,5,4,1,FMN GV 10 Beerse
39,Antwerpseweg 195,2021-09-04,00:00:00,1,1,0,FMN GV 10 Beerse
39,Antwerpseweg 195,2021-09-04,01:00:00,1,0,1,FMN GV 10 Beerse
39,Antwerpseweg 195,2021-09-04,02:00:00,3,2,1,FMN GV 10 Beerse
39,Antwerpseweg 195,2021-09-04,03:00:00,3,3,0,FMN GV 10 Beerse
39,Antwerpseweg 195,2021-09-04,04:00:00,2,2,0,FMN GV 10 Beerse
39,Antwerpseweg 195,2021-09-04,05:00:00,2,2,0,FMN GV 10 Beerse
39,Antwerpseweg 195,2021-09-04,06:00:00,5,3,2,FMN GV 10 Beerse
39,Antwerpseweg 195,2021-09-04,07:00:00,4,3,1,FMN GV 10 Beerse
39,Antwerpseweg 195,2021-09-04,08:00:00,13,8,5,FMN GV 10 Beerse
39,Antwerpseweg 195,2021-09-04,09:00:00,15,10,5,FMN GV 10 Beerse
39,Antwerpseweg 195,2021-09-04,10:00:00,16,13,3,FMN GV 10 Beerse
39,Antwerpseweg 195,2021-09-04,11:00:00,15,11,4,FMN GV 10 Beerse
39,Antwerpseweg 195,2021-09-04,12:00:00,18,7,11,FMN GV 10 Beerse
39,Antwerpseweg 195,2021-09-04,13:00:00,26,18,8,FMN GV 10 Beerse
39,Antwerpseweg 195,2021-09-04,14:00:00,28,26,2,FMN GV 10 Beerse
39,Antwerpseweg 195,2021-09-04,15:00:00,58,32,26,FMN GV 10 Beerse
39,Antwerpseweg 195,2021-09-04,16:00:00,36,24,12,FMN GV 10 Beerse
39,Antwerpseweg 195,2021-09-04,17:00:00,33,23,10,FMN GV 10 Beerse
39,Antwerpseweg 195,2021-09-04,18:00:00,15,13,2,FMN GV 10 Beerse
39,Antwerpseweg 195,2021-09-04,19:00:00,25,13,12,FMN GV 10 Beerse
39,Antwerpseweg 195,2021-09-04,20:00:00,13,7,6,FMN GV 10 Beerse
39,Antwerpseweg 195,2021-09-04,21:00:00,8,6,2,FMN GV 10 Beerse
39,Antwerpseweg 195,2021-09-04,22:00:00,28,23,5,FMN GV 10 Beerse
39,Antwerpseweg 195,2021-09-04,23:00:00,4,3,1,FMN GV 10 Beerse
39,Antwerpseweg 195,2021-09-05,00:00:00,12,8,4,FMN GV 10 Beerse
39,Antwerpseweg 195,2021-09-05,01:00:00,5,2,3,FMN GV 10 Beerse
39,Antwerpseweg 195,2021-09-05,02:00:00,1,0,1,FMN GV 10 Beerse
39,Antwerpseweg 195,2021-09-05,03:00:00,7,2,5,FMN GV 10 Beerse
39,Antwerpseweg 195,2021-09-05,04:00:00,5,5,0,FMN GV 10 Beerse
39,Antwerpseweg 195,2021-09-05,05:00:00,1,1,0,FMN GV 10 Beerse
39,Antwerpseweg 195,2021-09-05,06:00:00,2,2,0,FMN GV 10 Beerse
39,Antwerpseweg 195,2021-09-05,07:00:00,2,2,0,FMN GV 10 Beerse
39,Antwerpseweg 195,2021-09-05,08:00:00,14,10,4,FMN GV 10 Beerse
39,Antwerpseweg 195,2021-09-05,09:00:00,22,13,9,FMN GV 10 Beerse
39,Antwerpseweg 195,2021-09-05,10:00:00,61,47,14,FMN GV 10 Beerse
39,Antwerpseweg 195,2021-09-05,11:00:00,47,32,15,FMN GV 10 Beerse
39,Antwerpseweg 195,2021-09-05,12:00:00,50,35,15,FMN GV 10 Beerse
39,Antwerpseweg 195,2021-09-05,13:00:00,107,71,36,FMN GV 10 Beerse
39,Antwerpseweg 195,2021-09-05,14:00:00,88,66,22,FMN GV 10 Beerse
39,Antwerpseweg 195,2021-09-05,15:00:00,114,79,35,FMN GV 10 Beerse
39,Antwerpseweg 195,2021-09-05,16:00:00,83,53,30,FMN GV 10 Beerse
39,Antwerpseweg 195,2021-09-05,17:00:00,60,35,25,FMN GV 10 Beerse
39,Antwerpseweg 195,2021-09-05,18:00:00,50,29,21,FMN GV 10 Beerse
39,Antwerpseweg 195,2021-09-05,19:00:00,23,15,8,FMN GV 10 Beerse
39,Antwerpseweg 195,2021-09-05,20:00:00,27,12,15,FMN GV 10 Beerse
39,Antwerpseweg 195,2021-09-05,21:00:00,12,8,4,FMN GV 10 Beerse
39,Antwerpseweg 195,2021-09-05,22:00:00,8,8,0,FMN GV 10 Beerse
39,Antwerpseweg 195,2021-09-05,23:00:00,5,2,3,FMN GV 10 Beerse
39,Antwerpseweg 195,2021-09-06,00:00:00,1,0,1,FMN GV 10 Beerse
39,Antwerpseweg 195,2021-09-06,01:00:00,1,1,0,FMN GV 10 Beerse
39,Antwerpseweg 195,2021-09-06,02:00:00,0,0,0,FMN GV 10 Beerse
39,Antwerpseweg 195,2021-09-06,03:00:00,1,1,0,FMN GV 10 Beerse
39,Antwerpseweg 195,2021-09-06,04:00:00,0,0,0,FMN GV 10 Beerse
39,Antwerpseweg 195,2021-09-06,05:00:00,17,16,1,FMN GV 10 Beerse
39,Antwerpseweg 195,2021-09-06,06:00:00,13,10,3,FMN GV 10 Beerse
39,Antwerpseweg 195,2021-09-06,07:00:00,61,52,9,FMN GV 10 Beerse
39,Antwerpseweg 195,2021-09-06,08:00:00,34,25,9,FMN GV 10 Beerse
39,Antwerpseweg 195,2021-09-06,09:00:00,12,9,3,FMN GV 10 Beerse
39,Antwerpseweg 195,2021-09-06,10:00:00,19,14,5,FMN GV 10 Beerse
39,Antwerpseweg 195,2021-09-06,11:00:00,17,9,8,FMN GV 10 Beerse
39,Antwerpseweg 195,2021-09-06,12:00:00,34,24,10,FMN GV 10 Beerse
39,Antwerpseweg 195,2021-09-06,13:00:00,46,26,20,FMN GV 10 Beerse
39,Antwerpseweg 195,2021-09-06,14:00:00,55,37,18,FMN GV 10 Beerse
39,Antwerpseweg 195,2021-09-06,15:00:00,74,55,19,FMN GV 10 Beerse
39,Antwerpseweg 195,2021-09-06,16:00:00,107,88,19,FMN GV 10 Beerse
39,Antwerpseweg 195,2021-09-06,17:00:00,45,30,15,FMN GV 10 Beerse
39,Antwerpseweg 195,2021-09-06,18:00:00,26,18,8,FMN GV 10 Beerse
39,Antwerpseweg 195,2021-09-06,19:00:00,23,22,1,FMN GV 10 Beerse
39,Antwerpseweg 195,2021-09-06,20:00:00,10,4,6,FMN GV 10 Beerse
39,Antwerpseweg 195,2021-09-06,21:00:00,9,9,0,FMN GV 10 Beerse
39,Antwerpseweg 195,2021-09-06,22:00:00,12,7,5,FMN GV 10 Beerse
39,Antwerpseweg 195,2021-09-06,23:00:00,1,0,1,FMN GV 10 Beerse
39,Antwerpseweg 195,2021-09-07,00:00:00,0,0,0,FMN GV 10 Beerse
39,Antwerpseweg 195,2021-09-07,01:00:00,0,0,0,FMN GV 10 Beerse
39,Antwerpseweg 195,2021-09-07,02:00:00,0,0,0,FMN GV 10 Beerse
39,Antwerpseweg 195,2021-09-07,03:00:00,0,0,0,FMN GV 10 Beerse
39,Antwerpseweg 195,2021-09-07,04:00:00,0,0,0,FMN GV 10 Beerse
39,Antwerpseweg 195,2021-09-07,05:00:00,19,18,1,FMN GV 10 Beerse
39,Antwerpseweg 195,2021-09-07,06:00:00,17,13,4,FMN GV 10 Beerse
39,Antwerpseweg 195,2021-09-07,07:00:00,69,56,13,FMN GV 10 Beerse
39,Antwerpseweg 195,2021-09-07,08:00:00,34,27,7,FMN GV 10 Beerse
39,Antwerpseweg 195,2021-09-07,09:00:00,37,30,7,FMN GV 10 Beerse
39,Antwerpseweg 195,2021-09-07,10:00:00,23,15,8,FMN GV 10 Beerse
39,Antwerpseweg 195,2021-09-07,11:00:00,21,17,4,FMN GV 10 Beerse
39,Antwerpseweg 195,2021-09-07,12:00:00,45,31,14,FMN GV 10 Beerse
39,Antwerpseweg 195,2021-09-07,13:00:00,44,25,19,FMN GV 10 Beerse
39,Antwerpseweg 195,2021-09-07,14:00:00,49,30,19,FMN GV 10 Beerse
39,Antwerpseweg 195,2021-09-07,15:00:00,74,55,19,FMN GV 10 Beerse
39,Antwerpseweg 195,2021-09-07,16:00:00,99,78,21,FMN GV 10 Beerse
39,Antwerpseweg 195,2021-09-07,17:00:00,64,49,15,FMN GV 10 Beerse
39,Antwerpseweg 195,2021-09-07,18:00:00,47,37,10,FMN GV 10 Beerse
39,Antwerpseweg 195,2021-09-07,19:00:00,36,22,14,FMN GV 10 Beerse
39,Antwerpseweg 195,2021-09-07,20:00:00,15,10,5,FMN GV 10 Beerse
39,Antwerpseweg 195,2021-09-07,21:00:00,15,12,3,FMN GV 10 Beerse
39,Antwerpseweg 195,2021-09-07,22:00:00,7,5,2,FMN GV 10 Beerse
39,Antwerpseweg 195,2021-09-07,23:00:00,2,1,1,FMN GV 10 Beerse
39,Antwerpseweg 195,2021-09-08,00:00:00,2,1,1,FMN GV 10 Beerse
39,Antwerpseweg 195,2021-09-08,01:00:00,0,0,0,FMN GV 10 Beerse
39,Antwerpseweg 195,2021-09-08,02:00:00,1,0,1,FMN GV 10 Beerse
39,Antwerpseweg 195,2021-09-08,03:00:00,0,0,0,FMN GV 10 Beerse
39,Antwerpseweg 195,2021-09-08,04:00:00,1,1,0,FMN GV 10 Beerse
39,Antwerpseweg 195,2021-09-08,05:00:00,16,15,1,FMN GV 10 Beerse
39,Antwerpseweg 195,2021-09-08,06:00:00,10,8,2,FMN GV 10 Beerse
39,Antwerpseweg 195,2021-09-08,07:00:00,63,54,9,FMN GV 10 Beerse
39,Antwerpseweg 195,2021-09-08,08:00:00,32,29,3,FMN GV 10 Beerse
39,Antwerpseweg 195,2021-09-08,09:00:00,29,24,5,FMN GV 10 Beerse
39,Antwerpseweg 195,2021-09-08,10:00:00,27,18,9,FMN GV 10 Beerse
39,Antwerpseweg 195,2021-09-08,11:00:00,30,18,12,FMN GV 10 Beerse
39,Antwerpseweg 195,2021-09-08,12:00:00,92,83,9,FMN GV 10 Beerse
39,Antwerpseweg 195,2021-09-08,13:00:00,57,38,19,FMN GV 10 Beerse
39,Antwerpseweg 195,2021-09-08,14:00:00,54,32,22,FMN GV 10 Beerse
39,Antwerpseweg 195,2021-09-08,15:00:00,77,59,18,FMN GV 10 Beerse
39,Antwerpseweg 195,2021-09-08,16:00:00,74,46,28,FMN GV 10 Beerse
39,Antwerpseweg 195,2021-09-08,17:00:00,54,37,17,FMN GV 10 Beerse
39,Antwerpseweg 195,2021-09-08,18:00:00,46,33,13,FMN GV 10 Beerse
39,Antwerpseweg 195,2021-09-08,19:00:00,33,23,10,FMN GV 10 Beerse
39,Antwerpseweg 195,2021-09-08,20:00:00,31,15,16,FMN GV 10 Beerse
39,Antwerpseweg 195,2021-09-08,21:00:00,9,9,0,FMN GV 10 Beerse
39,Antwerpseweg 195,2021-09-08,22:00:00,8,4,4,FMN GV 10 Beerse
39,Antwerpseweg 195,2021-09-08,23:00:00,4,4,0,FMN GV 10 Beerse
39,Antwerpseweg 195,2021-09-09,00:00:00,2,0,2,FMN GV 10 Beerse
39,Antwerpseweg 195,2021-09-09,01:00:00,1,1,0,FMN GV 10 Beerse
39,Antwerpseweg 195,2021-09-09,02:00:00,1,1,0,FMN GV 10 Beerse
39,Antwerpseweg 195,2021-09-09,03:00:00,0,0,0,FMN GV 10 Beerse
39,Antwerpseweg 195,2021-09-09,04:00:00,0,0,0,FMN GV 10 Beerse
39,Antwerpseweg 195,2021-09-09,05:00:00,12,12,0,FMN GV 10 Beerse
39,Antwerpseweg 195,2021-09-09,06:00:00,16,14,2,FMN GV 10 Beerse
39,Antwerpseweg 195,2021-09-09,07:00:00,57,48,9,FMN GV 10 Beerse
39,Antwerpseweg 195,2021-09-09,08:00:00,31,22,9,FMN GV 10 Beerse
39,Antwerpseweg 195,2021-09-09,09:00:00,27,19,8,FMN GV 10 Beerse
39,Antwerpseweg 195,2021-09-09,10:00:00,20,16,4,FMN GV 10 Beerse
39,Antwerpseweg 195,2021-09-09,11:00:00,24,16,8,FMN GV 10 Beerse
39,Antwerpseweg 195,2021-09-09,12:00:00,23,15,8,FMN GV 10 Beerse
39,Antwerpseweg 195,2021-09-09,13:00:00,40,25,15,FMN GV 10 Beerse
39,Antwerpseweg 195,2021-09-09,14:00:00,31,22,9,FMN GV 10 Beerse
39,Antwerpseweg 195,2021-09-09,15:00:00,48,38,10,FMN GV 10 Beerse
39,Antwerpseweg 195,2021-09-09,16:00:00,106,84,22,FMN GV 10 Beerse
39,Antwerpseweg 195,2021-09-09,17:00:00,39,23,16,FMN GV 10 Beerse
39,Antwerpseweg 195,2021-09-09,18:00:00,21,13,8,FMN GV 10 Beerse
39,Antwerpseweg 195,2021-09-09,19:00:00,7,6,1,FMN GV 10 Beerse
39,Antwerpseweg 195,2021-09-09,20:00:00,8,5,3,FMN GV 10 Beerse
39,Antwerpseweg 195,2021-09-09,21:00:00,6,3,3,FMN GV 10 Beerse
39,Antwerpseweg 195,2021-09-09,22:00:00,8,4,4,FMN GV 10 Beerse
39,Antwerpseweg 195,2021-09-09,23:00:00,3,3,0,FMN GV 10 Beerse
39,Antwerpseweg 195,2021-09-10,00:00:00,2,1,1,FMN GV 10 Beerse
39,Antwerpseweg 195,2021-09-10,01:00:00,1,0,1,FMN GV 10 Beerse
39,Antwerpseweg 195,2021-09-10,02:00:00,1,1,0,FMN GV 10 Beerse
39,Antwerpseweg 195,2021-09-10,03:00:00,0,0,0,FMN GV 10 Beerse
39,Antwerpseweg 195,2021-09-10,04:00:00,0,0,0,FMN GV 10 Beerse
39,Antwerpseweg 195,2021-09-10,05:00:00,11,11,0,FMN GV 10 Beerse
39,Antwerpseweg 195,2021-09-10,06:00:00,12,9,3,FMN GV 10 Beerse
39,Antwerpseweg 195,2021-09-10,07:00:00,42,34,8,FMN GV 10 Beerse
39,Antwerpseweg 195,2021-09-10,08:00:00,22,15,7,FMN GV 10 Beerse
39,Antwerpseweg 195,2021-09-10,09:00:00,12,10,2,FMN GV 10 Beerse
39,Antwerpseweg 195,2021-09-10,10:00:00,18,13,5,FMN GV 10 Beerse
39,Antwerpseweg 195,2021-09-10,11:00:00,13,9,4,FMN GV 10 Beerse
39,Antwerpseweg 195,2021-09-10,12:00:00,13,9,4,FMN GV 10 Beerse
39,Antwerpseweg 195,2021-09-10,13:00:00,8,5,3,FMN GV 10 Beerse
39,Antwerpseweg 195,2021-09-10,14:00:00,17,12,5,FMN GV 10 Beerse
39,Antwerpseweg 195,2021-09-10,15:00:00,46,41,5,FMN GV 10 Beerse
39,Antwerpseweg 195,2021-09-10,16:00:00,58,35,23,FMN GV 10 Beerse
39,Antwerpseweg 195,2021-09-10,17:00:00,28,19,9,FMN GV 10 Beerse
39,Antwerpseweg 195,2021-09-10,18:00:00,25,17,8,FMN GV 10 Beerse
39,Antwerpseweg 195,2021-09-10,19:00:00,20,12,8,FMN GV 10 Beerse
39,Antwerpseweg 195,2021-09-10,20:00:00,10,7,3,FMN GV 10 Beerse
39,Antwerpseweg 195,2021-09-10,21:00:00,3,3,0,FMN GV 10 Beerse
39,Antwerpseweg 195,2021-09-10,22:00:00,7,5,2,FMN GV 10 Beerse
39,Antwerpseweg 195,2021-09-10,23:00:00,5,3,2,FMN GV 10 Beerse
39,Antwerpseweg 195,2021-09-11,00:00:00,2,0,2,FMN GV 10 Beerse
39,Antwerpseweg 195,2021-09-11,01:00:00,3,2,1,FMN GV 10 Beerse
39,Antwerpseweg 195,2021-09-11,02:00:00,2,1,1,FMN GV 10 Beerse
39,Antwerpseweg 195,2021-09-11,03:00:00,7,5,2,FMN GV 10 Beerse
39,Antwerpseweg 195,2021-09-11,04:00:00,2,2,0,FMN GV 10 Beerse
39,Antwerpseweg 195,2021-09-11,05:00:00,3,3,0,FMN GV 10 Beerse
39,Antwerpseweg 195,2021-09-11,06:00:00,1,1,0,FMN GV 10 Beerse
39,Antwerpseweg 195,2021-09-11,07:00:00,7,5,2,FMN GV 10 Beerse
39,Antwerpseweg 195,2021-09-11,08:00:00,5,2,3,FMN GV 10 Beerse
39,Antwerpseweg 195,2021-09-11,09:00:00,14,13,1,FMN GV 10 Beerse
39,Antwerpseweg 195,2021-09-11,10:00:00,21,14,7,FMN GV 10 Beerse
39,Antwerpseweg 195,2021-09-11,11:00:00,14,10,4,FMN GV 10 Beerse
39,Antwerpseweg 195,2021-09-11,12:00:00,16,11,5,FMN GV 10 Beerse
39,Antwerpseweg 195,2021-09-11,13:00:00,29,24,5,FMN GV 10 Beerse
39,Antwerpseweg 195,2021-09-11,14:00:00,21,17,4,FMN GV 10 Beerse
39,Antwerpseweg 195,2021-09-11,15:00:00,13,11,2,FMN GV 10 Beerse
39,Antwerpseweg 195,2021-09-11,16:00:00,13,9,4,FMN GV 10 Beerse
39,Antwerpseweg 195,2021-09-11,17:00:00,12,8,4,FMN GV 10 Beerse
39,Antwerpseweg 195,2021-09-11,18:00:00,9,6,3,FMN GV 10 Beerse
39,Antwerpseweg 195,2021-09-11,19:00:00,12,7,5,FMN GV 10 Beerse
39,Antwerpseweg 195,2021-09-11,20:00:00,4,4,0,FMN GV 10 Beerse
39,Antwerpseweg 195,2021-09-11,21:00:00,6,4,2,FMN GV 10 Beerse
39,Antwerpseweg 195,2021-09-11,22:00:00,25,21,4,FMN GV 10 Beerse
39,Antwerpseweg 195,2021-09-11,23:00:00,3,2,1,FMN GV 10 Beerse
39,Antwerpseweg 195,2021-09-12,00:00:00,6,3,3,FMN GV 10 Beerse
39,Antwerpseweg 195,2021-09-12,01:00:00,3,1,2,FMN GV 10 Beerse
39,Antwerpseweg 195,2021-09-12,02:00:00,3,1,2,FMN GV 10 Beerse
39,Antwerpseweg 195,2021-09-12,03:00:00,18,4,14,FMN GV 10 Beerse
39,Antwerpseweg 195,2021-09-12,04:00:00,0,0,0,FMN GV 10 Beerse
39,Antwerpseweg 195,2021-09-12,05:00:00,2,1,1,FMN GV 10 Beerse
39,Antwerpseweg 195,2021-09-12,06:00:00,2,2,0,FMN GV 10 Beerse
39,Antwerpseweg 195,2021-09-12,07:00:00,4,4,0,FMN GV 10 Beerse
39,Antwerpseweg 195,2021-09-12,08:00:00,9,4,5,FMN GV 10 Beerse
39,Antwerpseweg 195,2021-09-12,09:00:00,22,18,4,FMN GV 10 Beerse
39,Antwerpseweg 195,2021-09-12,10:00:00,23,14,9,FMN GV 10 Beerse
39,Antwerpseweg 195,2021-09-12,11:00:00,41,24,17,FMN GV 10 Beerse
39,Antwerpseweg 195,2021-09-12,12:00:00,22,15,7,FMN GV 10 Beerse
39,Antwerpseweg 195,2021-09-12,13:00:00,41,28,13,FMN GV 10 Beerse
39,Antwerpseweg 195,2021-09-12,14:00:00,76,47,29,FMN GV 10 Beerse
39,Antwerpseweg 195,2021-09-12,15:00:00,59,47,12,FMN GV 10 Beerse
39,Antwerpseweg 195,2021-09-12,16:00:00,57,40,17,FMN GV 10 Beerse
39,Antwerpseweg 195,2021-09-12,17:00:00,28,15,13,FMN GV 10 Beerse
39,Antwerpseweg 195,2021-09-12,18:00:00,8,6,2,FMN GV 10 Beerse
39,Antwerpseweg 195,2021-09-12,19:00:00,12,8,4,FMN GV 10 Beerse
39,Antwerpseweg 195,2021-09-12,20:00:00,7,5,2,FMN GV 10 Beerse
39,Antwerpseweg 195,2021-09-12,21:00:00,4,4,0,FMN GV 10 Beerse
39,Antwerpseweg 195,2021-09-12,22:00:00,2,1,1,FMN GV 10 Beerse
39,Antwerpseweg 195,2021-09-12,23:00:00,0,0,0,FMN GV 10 Beerse
39,Antwerpseweg 195,2021-09-13,00:00:00,0,0,0,FMN GV 10 Beerse
39,Antwerpseweg 195,2021-09-13,01:00:00,0,0,0,FMN GV 10 Beerse
39,Antwerpseweg 195,2021-09-13,02:00:00,0,0,0,FMN GV 10 Beerse
39,Antwerpseweg 195,2021-09-13,03:00:00,0,0,0,FMN GV 10 Beerse
39,Antwerpseweg 195,2021-09-13,04:00:00,1,0,1,FMN GV 10 Beerse
39,Antwerpseweg 195,2021-09-13,05:00:00,8,8,0,FMN GV 10 Beerse
39,Antwerpseweg 195,2021-09-13,06:00:00,16,14,2,FMN GV 10 Beerse
39,Antwerpseweg 195,2021-09-13,07:00:00,56,48,8,FMN GV 10 Beerse
39,Antwerpseweg 195,2021-09-13,08:00:00,24,21,3,FMN GV 10 Beerse
39,Antwerpseweg 195,2021-09-13,09:00:00,7,6,1,FMN GV 10 Beerse
39,Antwerpseweg 195,2021-09-13,10:00:00,16,16,0,FMN GV 10 Beerse
39,Antwerpseweg 195,2021-09-13,11:00:00,18,12,6,FMN GV 10 Beerse
39,Antwerpseweg 195,2021-09-13,12:00:00,31,20,11,FMN GV 10 Beerse
39,Antwerpseweg 195,2021-09-13,13:00:00,60,47,13,FMN GV 10 Beerse
39,Antwerpseweg 195,2021-09-13,14:00:00,31,23,8,FMN GV 10 Beerse
39,Antwerpseweg 195,2021-09-13,15:00:00,75,47,28,FMN GV 10 Beerse
39,Antwerpseweg 195,2021-09-13,16:00:00,102,83,19,FMN GV 10 Beerse
39,Antwerpseweg 195,2021-09-13,17:00:00,57,42,15,FMN GV 10 Beerse
39,Antwerpseweg 195,2021-09-13,18:00:00,34,22,12,FMN GV 10 Beerse
39,Antwerpseweg 195,2021-09-13,19:00:00,16,10,6,FMN GV 10 Beerse
39,Antwerpseweg 195,2021-09-13,20:00:00,15,5,10,FMN GV 10 Beerse
39,Antwerpseweg 195,2021-09-13,21:00:00,6,6,0,FMN GV 10 Beerse
39,Antwerpseweg 195,2021-09-13,22:00:00,10,7,3,FMN GV 10 Beerse
39,Antwerpseweg 195,2021-09-13,23:00:00,3,3,0,FMN GV 10 Beerse
39,Antwerpseweg 195,2021-09-14,00:00:00,2,1,1,FMN GV 10 Beerse
39,Antwerpseweg 195,2021-09-14,01:00:00,0,0,0,FMN GV 10 Beerse
39,Antwerpseweg 195,2021-09-14,02:00:00,0,0,0,FMN GV 10 Beerse
39,Antwerpseweg 195,2021-09-14,03:00:00,0,0,0,FMN GV 10 Beerse
39,Antwerpseweg 195,2021-09-14,04:00:00,2,1,1,FMN GV 10 Beerse
39,Antwerpseweg 195,2021-09-14,05:00:00,14,14,0,FMN GV 10 Beerse
39,Antwerpseweg 195,2021-09-14,06:00:00,11,8,3,FMN GV 10 Beerse
39,Antwerpseweg 195,2021-09-14,07:00:00,56,49,7,FMN GV 10 Beerse
39,Antwerpseweg 195,2021-09-14,08:00:00,25,19,6,FMN GV 10 Beerse
39,Antwerpseweg 195,2021-09-14,09:00:00,8,7,1,FMN GV 10 Beerse
39,Antwerpseweg 195,2021-09-14,10:00:00,26,20,6,FMN GV 10 Beerse
39,Antwerpseweg 195,2021-09-14,11:00:00,14,11,3,FMN GV 10 Beerse
39,Antwerpseweg 195,2021-09-14,12:00:00,21,12,9,FMN GV 10 Beerse
39,Antwerpseweg 195,2021-09-14,13:00:00,44,26,18,FMN GV 10 Beerse
39,Antwerpseweg 195,2021-09-14,14:00:00,24,13,11,FMN GV 10 Beerse
39,Antwerpseweg 195,2021-09-14,15:00:00,52,41,11,FMN GV 10 Beerse
39,Antwerpseweg 195,2021-09-14,16:00:00,90,74,16,FMN GV 10 Beerse
39,Antwerpseweg 195,2021-09-14,17:00:00,35,19,16,FMN GV 10 Beerse
39,Antwerpseweg 195,2021-09-14,18:00:00,24,15,9,FMN GV 10 Beerse
39,Antwerpseweg 195,2021-09-14,19:00:00,14,4,10,FMN GV 10 Beerse
39,Antwerpseweg 195,2021-09-14,20:00:00,9,4,5,FMN GV 10 Beerse
39,Antwerpseweg 195,2021-09-14,21:00:00,6,6,0,FMN GV 10 Beerse
39,Antwerpseweg 195,2021-09-14,22:00:00,12,7,5,FMN GV 10 Beerse
39,Antwerpseweg 195,2021-09-14,23:00:00,1,1,0,FMN GV 10 Beerse
39,Antwerpseweg 195,2021-09-15,00:00:00,0,0,0,FMN GV 10 Beerse
39,Antwerpseweg 195,2021-09-15,01:00:00,1,1,0,FMN GV 10 Beerse
39,Antwerpseweg 195,2021-09-15,02:00:00,2,2,0,FMN GV 10 Beerse
39,Antwerpseweg 195,2021-09-15,03:00:00,0,0,0,FMN GV 10 Beerse
39,Antwerpseweg 195,2021-09-15,04:00:00,2,1,1,FMN GV 10 Beerse
39,Antwerpseweg 195,2021-09-15,05:00:00,15,15,0,FMN GV 10 Beerse
39,Antwerpseweg 195,2021-09-15,06:00:00,8,7,1,FMN GV 10 Beerse
39,Antwerpseweg 195,2021-09-15,07:00:00,49,43,6,FMN GV 10 Beerse
39,Antwerpseweg 195,2021-09-15,08:00:00,32,26,6,FMN GV 10 Beerse
39,Antwerpseweg 195,2021-09-15,09:00:00,9,9,0,FMN GV 10 Beerse
39,Antwerpseweg 195,2021-09-15,10:00:00,8,4,4,FMN GV 10 Beerse
39,Antwerpseweg 195,2021-09-15,11:00:00,14,7,7,FMN GV 10 Beerse
39,Antwerpseweg 195,2021-09-15,12:00:00,69,52,17,FMN GV 10 Beerse
39,Antwerpseweg 195,2021-09-15,13:00:00,39,32,7,FMN GV 10 Beerse
39,Antwerpseweg 195,2021-09-15,14:00:00,38,24,14,FMN GV 10 Beerse
39,Antwerpseweg 195,2021-09-15,15:00:00,33,23,10,FMN GV 10 Beerse
39,Antwerpseweg 195,2021-09-15,16:00:00,39,22,17,FMN GV 10 Beerse
39,Antwerpseweg 195,2021-09-15,17:00:00,27,19,8,FMN GV 10 Beerse
39,Antwerpseweg 195,2021-09-15,18:00:00,35,28,7,FMN GV 10 Beerse
39,Antwerpseweg 195,2021-09-15,19:00:00,17,11,6,FMN GV 10 Beerse
39,Antwerpseweg 195,2021-09-15,20:00:00,6,3,3,FMN GV 10 Beerse
39,Antwerpseweg 195,2021-09-15,21:00:00,6,6,0,FMN GV 10 Beerse
39,Antwerpseweg 195,2021-09-15,22:00:00,9,6,3,FMN GV 10 Beerse
39,Antwerpseweg 195,2021-09-15,23:00:00,1,1,0,FMN GV 10 Beerse
39,Antwerpseweg 195,2021-09-16,00:00:00,2,1,1,FMN GV 10 Beerse
39,Antwerpseweg 195,2021-09-16,01:00:00,1,1,0,FMN GV 10 Beerse
39,Antwerpseweg 195,2021-09-16,02:00:00,1,1,0,FMN GV 10 Beerse
39,Antwerpseweg 195,2021-09-16,03:00:00,0,0,0,FMN GV 10 Beerse
39,Antwerpseweg 195,2021-09-16,04:00:00,3,2,1,FMN GV 10 Beerse
39,Antwerpseweg 195,2021-09-16,05:00:00,13,12,1,FMN GV 10 Beerse
39,Antwerpseweg 195,2021-09-16,06:00:00,11,9,2,FMN GV 10 Beerse
39,Antwerpseweg 195,2021-09-16,07:00:00,59,56,3,FMN GV 10 Beerse
39,Antwerpseweg 195,2021-09-16,08:00:00,34,27,7,FMN GV 10 Beerse
39,Antwerpseweg 195,2021-09-16,09:00:00,23,15,8,FMN GV 10 Beerse
39,Antwerpseweg 195,2021-09-16,10:00:00,18,17,1,FMN GV 10 Beerse
39,Antwerpseweg 195,2021-09-16,11:00:00,21,11,10,FMN GV 10 Beerse
39,Antwerpseweg 195,2021-09-16,12:00:00,36,21,15,FMN GV 10 Beerse
39,Antwerpseweg 195,2021-09-16,13:00:00,57,32,25,FMN GV 10 Beerse
39,Antwerpseweg 195,2021-09-16,14:00:00,56,37,19,FMN GV 10 Beerse
39,Antwerpseweg 195,2021-09-16,15:00:00,74,56,18,FMN GV 10 Beerse
39,Antwerpseweg 195,2021-09-16,16:00:00,97,75,22,FMN GV 10 Beerse
39,Antwerpseweg 195,2021-09-16,17:00:00,41,34,7,FMN GV 10 Beerse
39,Antwerpseweg 195,2021-09-16,18:00:00,34,25,9,FMN GV 10 Beerse
39,Antwerpseweg 195,2021-09-16,19:00:00,17,8,9,FMN GV 10 Beerse
39,Antwerpseweg 195,2021-09-16,20:00:00,8,2,6,FMN GV 10 Beerse
39,Antwerpseweg 195,2021-09-16,21:00:00,7,3,4,FMN GV 10 Beerse
39,Antwerpseweg 195,2021-09-16,22:00:00,17,15,2,FMN GV 10 Beerse
39,Antwerpseweg 195,2021-09-16,23:00:00,3,3,0,FMN GV 10 Beerse
39,Antwerpseweg 195,2021-09-17,00:00:00,2,2,0,FMN GV 10 Beerse
39,Antwerpseweg 195,2021-09-17,01:00:00,1,0,1,FMN GV 10 Beerse
39,Antwerpseweg 195,2021-09-17,02:00:00,1,1,0,FMN GV 10 Beerse
39,Antwerpseweg 195,2021-09-17,03:00:00,0,0,0,FMN GV 10 Beerse
39,Antwerpseweg 195,2021-09-17,04:00:00,1,1,0,FMN GV 10 Beerse
39,Antwerpseweg 195,2021-09-17,05:00:00,11,10,1,FMN GV 10 Beerse
39,Antwerpseweg 195,2021-09-17,06:00:00,12,10,2,FMN GV 10 Beerse
39,Antwerpseweg 195,2021-09-17,07:00:00,51,41,10,FMN GV 10 Beerse
39,Antwerpseweg 195,2021-09-17,08:00:00,30,23,7,FMN GV 10 Beerse
39,Antwerpseweg 195,2021-09-17,09:00:00,7,5,2,FMN GV 10 Beerse
39,Antwerpseweg 195,2021-09-17,10:00:00,15,13,2,FMN GV 10 Beerse
39,Antwerpseweg 195,2021-09-17,11:00:00,22,19,3,FMN GV 10 Beerse
39,Antwerpseweg 195,2021-09-17,12:00:00,19,13,6,FMN GV 10 Beerse
39,Antwerpseweg 195,2021-09-17,13:00:00,33,20,13,FMN GV 10 Beerse
39,Antwerpseweg 195,2021-09-17,14:00:00,39,27,12,FMN GV 10 Beerse
39,Antwerpseweg 195,2021-09-17,15:00:00,65,41,24,FMN GV 10 Beerse
39,Antwerpseweg 195,2021-09-17,16:00:00,72,54,18,FMN GV 10 Beerse
39,Antwerpseweg 195,2021-09-17,17:00:00,53,38,15,FMN GV 10 Beerse
39,Antwerpseweg 195,2021-09-17,18:00:00,24,18,6,FMN GV 10 Beerse
39,Antwerpseweg 195,2021-09-17,19:00:00,24,12,12,FMN GV 10 Beerse
39,Antwerpseweg 195,2021-09-17,20:00:00,12,4,8,FMN GV 10 Beerse
39,Antwerpseweg 195,2021-09-17,21:00:00,10,4,6,FMN GV 10 Beerse
39,Antwerpseweg 195,2021-09-17,22:00:00,20,17,3,FMN GV 10 Beerse
39,Antwerpseweg 195,2021-09-17,23:00:00,5,4,1,FMN GV 10 Beerse
39,Antwerpseweg 195,2021-09-18,00:00:00,2,2,0,FMN GV 10 Beerse
39,Antwerpseweg 195,2021-09-18,01:00:00,0,0,0,FMN GV 10 Beerse
39,Antwerpseweg 195,2021-09-18,02:00:00,3,0,3,FMN GV 10 Beerse
39,Antwerpseweg 195,2021-09-18,03:00:00,10,2,8,FMN GV 10 Beerse
39,Antwerpseweg 195,2021-09-18,04:00:00,2,2,0,FMN GV 10 Beerse
39,Antwerpseweg 195,2021-09-18,05:00:00,2,2,0,FMN GV 10 Beerse
39,Antwerpseweg 195,2021-09-18,06:00:00,3,3,0,FMN GV 10 Beerse
39,Antwerpseweg 195,2021-09-18,07:00:00,3,2,1,FMN GV 10 Beerse
39,Antwerpseweg 195,2021-09-18,08:00:00,6,4,2,FMN GV 10 Beerse
39,Antwerpseweg 195,2021-09-18,09:00:00,13,8,5,FMN GV 10 Beerse
39,Antwerpseweg 195,2021-09-18,10:00:00,25,15,10,FMN GV 10 Beerse
39,Antwerpseweg 195,2021-09-18,11:00:00,33,20,13,FMN GV 10 Beerse
39,Antwerpseweg 195,2021-09-18,12:00:00,32,20,12,FMN GV 10 Beerse
39,Antwerpseweg 195,2021-09-18,13:00:00,39,28,11,FMN GV 10 Beerse
39,Antwerpseweg 195,2021-09-18,14:00:00,44,26,18,FMN GV 10 Beerse
39,Antwerpseweg 195,2021-09-18,15:00:00,57,45,12,FMN GV 10 Beerse
39,Antwerpseweg 195,2021-09-18,16:00:00,42,25,17,FMN GV 10 Beerse
39,Antwerpseweg 195,2021-09-18,17:00:00,49,38,11,FMN GV 10 Beerse
39,Antwerpseweg 195,2021-09-18,18:00:00,28,17,11,FMN GV 10 Beerse
39,Antwerpseweg 195,2021-09-18,19:00:00,20,13,7,FMN GV 10 Beerse
39,Antwerpseweg 195,2021-09-18,20:00:00,10,4,6,FMN GV 10 Beerse
39,Antwerpseweg 195,2021-09-18,21:00:00,14,6,8,FMN GV 10 Beerse
39,Antwerpseweg 195,2021-09-18,22:00:00,11,11,0,FMN GV 10 Beerse
39,Antwerpseweg 195,2021-09-18,23:00:00,10,10,0,FMN GV 10 Beerse
39,Antwerpseweg 195,2021-09-19,00:00:00,3,3,0,FMN GV 10 Beerse
39,Antwerpseweg 195,2021-09-19,01:00:00,8,2,6,FMN GV 10 Beerse
39,Antwerpseweg 195,2021-09-19,02:00:00,3,2,1,FMN GV 10 Beerse
39,Antwerpseweg 195,2021-09-19,03:00:00,4,0,4,FMN GV 10 Beerse
39,Antwerpseweg 195,2021-09-19,04:00:00,11,1,10,FMN GV 10 Beerse
39,Antwerpseweg 195,2021-09-19,05:00:00,3,2,1,FMN GV 10 Beerse
39,Antwerpseweg 195,2021-09-19,06:00:00,1,1,0,FMN GV 10 Beerse
39,Antwerpseweg 195,2021-09-19,07:00:00,3,0,3,FMN GV 10 Beerse
39,Antwerpseweg 195,2021-09-19,08:00:00,7,6,1,FMN GV 10 Beerse
39,Antwerpseweg 195,2021-09-19,09:00:00,10,5,5,FMN GV 10 Beerse
39,Antwerpseweg 195,2021-09-19,10:00:00,21,17,4,FMN GV 10 Beerse
39,Antwerpseweg 195,2021-09-19,11:00:00,47,18,29,FMN GV 10 Beerse
39,Antwerpseweg 195,2021-09-19,12:00:00,49,32,17,FMN GV 10 Beerse
39,Antwerpseweg 195,2021-09-19,13:00:00,52,35,17,FMN GV 10 Beerse
39,Antwerpseweg 195,2021-09-19,14:00:00,70,45,25,FMN GV 10 Beerse
39,Antwerpseweg 195,2021-09-19,15:00:00,60,42,18,FMN GV 10 Beerse
39,Antwerpseweg 195,2021-09-19,16:00:00,45,33,12,FMN GV 10 Beerse
39,Antwerpseweg 195,2021-09-19,17:00:00,43,28,15,FMN GV 10 Beerse
39,Antwerpseweg 195,2021-09-19,18:00:00,15,7,8,FMN GV 10 Beerse
39,Antwerpseweg 195,2021-09-19,19:00:00,15,7,8,FMN GV 10 Beerse
39,Antwerpseweg 195,2021-09-19,20:00:00,8,3,5,FMN GV 10 Beerse
39,Antwerpseweg 195,2021-09-19,21:00:00,4,2,2,FMN GV 10 Beerse
39,Antwerpseweg 195,2021-09-19,22:00:00,2,2,0,FMN GV 10 Beerse
39,Antwerpseweg 195,2021-09-19,23:00:00,0,0,0,FMN GV 10 Beerse
39,Antwerpseweg 195,2021-09-20,00:00:00,0,0,0,FMN GV 10 Beerse
39,Antwerpseweg 195,2021-09-20,01:00:00,0,0,0,FMN GV 10 Beerse
39,Antwerpseweg 195,2021-09-20,02:00:00,1,1,0,FMN GV 10 Beerse
39,Antwerpseweg 195,2021-09-20,03:00:00,1,0,1,FMN GV 10 Beerse
39,Antwerpseweg 195,2021-09-20,04:00:00,0,0,0,FMN GV 10 Beerse
39,Antwerpseweg 195,2021-09-20,05:00:00,16,16,0,FMN GV 10 Beerse
39,Antwerpseweg 195,2021-09-20,06:00:00,15,13,2,FMN GV 10 Beerse
39,Antwerpseweg 195,2021-09-20,07:00:00,60,48,12,FMN GV 10 Beerse
39,Antwerpseweg 195,2021-09-20,08:00:00,23,19,4,FMN GV 10 Beerse
39,Antwerpseweg 195,2021-09-20,09:00:00,13,11,2,FMN GV 10 Beerse
39,Antwerpseweg 195,2021-09-20,10:00:00,8,7,1,FMN GV 10 Beerse
39,Antwerpseweg 195,2021-09-20,11:00:00,15,15,0,FMN GV 10 Beerse
39,Antwerpseweg 195,2021-09-20,12:00:00,21,15,6,FMN GV 10 Beerse
39,Antwerpseweg 195,2021-09-20,13:00:00,29,14,15,FMN GV 10 Beerse
39,Antwerpseweg 195,2021-09-20,14:00:00,50,32,18,FMN GV 10 Beerse
39,Antwerpseweg 195,2021-09-20,15:00:00,51,37,14,FMN GV 10 Beerse
39,Antwerpseweg 195,2021-09-20,16:00:00,136,110,26,FMN GV 10 Beerse
39,Antwerpseweg 195,2021-09-20,17:00:00,30,24,6,FMN GV 10 Beerse
39,Antwerpseweg 195,2021-09-20,18:00:00,39,25,14,FMN GV 10 Beerse
39,Antwerpseweg 195,2021-09-20,19:00:00,11,5,6,FMN GV 10 Beerse
39,Antwerpseweg 195,2021-09-20,20:00:00,5,3,2,FMN GV 10 Beerse
39,Antwerpseweg 195,2021-09-20,21:00:00,8,6,2,FMN GV 10 Beerse
39,Antwerpseweg 195,2021-09-20,22:00:00,10,4,6,FMN GV 10 Beerse
39,Antwerpseweg 195,2021-09-20,23:00:00,0,0,0,FMN GV 10 Beerse
39,Antwerpseweg 195,2021-09-21,00:00:00,0,0,0,FMN GV 10 Beerse
39,Antwerpseweg 195,2021-09-21,01:00:00,0,0,0,FMN GV 10 Beerse
39,Antwerpseweg 195,2021-09-21,02:00:00,0,0,0,FMN GV 10 Beerse
39,Antwerpseweg 195,2021-09-21,03:00:00,0,0,0,FMN GV 10 Beerse
39,Antwerpseweg 195,2021-09-21,04:00:00,1,1,0,FMN GV 10 Beerse
39,Antwerpseweg 195,2021-09-21,05:00:00,12,11,1,FMN GV 10 Beerse
39,Antwerpseweg 195,2021-09-21,06:00:00,17,16,1,FMN GV 10 Beerse
39,Antwerpseweg 195,2021-09-21,07:00:00,66,55,11,FMN GV 10 Beerse
39,Antwerpseweg 195,2021-09-21,08:00:00,25,19,6,FMN GV 10 Beerse
39,Antwerpseweg 195,2021-09-21,09:00:00,14,11,3,FMN GV 10 Beerse
39,Antwerpseweg 195,2021-09-21,10:00:00,21,12,9,FMN GV 10 Beerse
39,Antwerpseweg 195,2021-09-21,11:00:00,18,11,7,FMN GV 10 Beerse
39,Antwerpseweg 195,2021-09-21,12:00:00,22,17,5,FMN GV 10 Beerse
39,Antwerpseweg 195,2021-09-21,13:00:00,65,48,17,FMN GV 10 Beerse
39,Antwerpseweg 195,2021-09-21,14:00:00,45,27,18,FMN GV 10 Beerse
39,Antwerpseweg 195,2021-09-21,15:00:00,62,40,22,FMN GV 10 Beerse
39,Antwerpseweg 195,2021-09-21,16:00:00,145,118,27,FMN GV 10 Beerse
39,Antwerpseweg 195,2021-09-21,17:00:00,56,35,21,FMN GV 10 Beerse
39,Antwerpseweg 195,2021-09-21,18:00:00,33,27,6,FMN GV 10 Beerse
39,Antwerpseweg 195,2021-09-21,19:00:00,16,12,4,FMN GV 10 Beerse
39,Antwerpseweg 195,2021-09-21,20:00:00,11,7,4,FMN GV 10 Beerse
39,Antwerpseweg 195,2021-09-21,21:00:00,10,8,2,FMN GV 10 Beerse
39,Antwerpseweg 195,2021-09-21,22:00:00,6,4,2,FMN GV 10 Beerse
39,Antwerpseweg 195,2021-09-21,23:00:00,0,0,0,FMN GV 10 Beerse
39,Antwerpseweg 195,2021-09-22,00:00:00,0,0,0,FMN GV 10 Beerse
39,Antwerpseweg 195,2021-09-22,01:00:00,0,0,0,FMN GV 10 Beerse
39,Antwerpseweg 195,2021-09-22,02:00:00,1,1,0,FMN GV 10 Beerse
39,Antwerpseweg 195,2021-09-22,03:00:00,0,0,0,FMN GV 10 Beerse
39,Antwerpseweg 195,2021-09-22,04:00:00,0,0,0,FMN GV 10 Beerse
39,Antwerpseweg 195,2021-09-22,05:00:00,16,15,1,FMN GV 10 Beerse
39,Antwerpseweg 195,2021-09-22,06:00:00,10,9,1,FMN GV 10 Beerse
39,Antwerpseweg 195,2021-09-22,07:00:00,51,45,6,FMN GV 10 Beerse
39,Antwerpseweg 195,2021-09-22,08:00:00,23,19,4,FMN GV 10 Beerse
39,Antwerpseweg 195,2021-09-22,09:00:00,33,21,12,FMN GV 10 Beerse
39,Antwerpseweg 195,2021-09-22,10:00:00,14,12,2,FMN GV 10 Beerse
39,Antwerpseweg 195,2021-09-22,11:00:00,24,16,8,FMN GV 10 Beerse
39,Antwerpseweg 195,2021-09-22,12:00:00,90,69,21,FMN GV 10 Beerse
39,Antwerpseweg 195,2021-09-22,13:00:00,47,28,19,FMN GV 10 Beerse
39,Antwerpseweg 195,2021-09-22,14:00:00,60,41,19,FMN GV 10 Beerse
39,Antwerpseweg 195,2021-09-22,15:00:00,38,23,15,FMN GV 10 Beerse
39,Antwerpseweg 195,2021-09-22,16:00:00,62,46,16,FMN GV 10 Beerse
39,Antwerpseweg 195,2021-09-22,17:00:00,42,27,15,FMN GV 10 Beerse
39,Antwerpseweg 195,2021-09-22,18:00:00,25,19,6,FMN GV 10 Beerse
39,Antwerpseweg 195,2021-09-22,19:00:00,14,10,4,FMN GV 10 Beerse
39,Antwerpseweg 195,2021-09-22,20:00:00,8,1,7,FMN GV 10 Beerse
39,Antwerpseweg 195,2021-09-22,21:00:00,4,4,0,FMN GV 10 Beerse
39,Antwerpseweg 195,2021-09-22,22:00:00,3,3,0,FMN GV 10 Beerse
39,Antwerpseweg 195,2021-09-22,23:00:00,3,2,1,FMN GV 10 Beerse
39,Antwerpseweg 195,2021-09-23,00:00:00,0,0,0,FMN GV 10 Beerse
39,Antwerpseweg 195,2021-09-23,01:00:00,0,0,0,FMN GV 10 Beerse
39,Antwerpseweg 195,2021-09-23,02:00:00,0,0,0,FMN GV 10 Beerse
39,Antwerpseweg 195,2021-09-23,03:00:00,0,0,0,FMN GV 10 Beerse
39,Antwerpseweg 195,2021-09-23,04:00:00,1,1,0,FMN GV 10 Beerse
39,Antwerpseweg 195,2021-09-23,05:00:00,8,8,0,FMN GV 10 Beerse
39,Antwerpseweg 195,2021-09-23,06:00:00,12,10,2,FMN GV 10 Beerse
39,Antwerpseweg 195,2021-09-23,07:00:00,58,51,7,FMN GV 10 Beerse
39,Antwerpseweg 195,2021-09-23,08:00:00,30,24,6,FMN GV 10 Beerse
39,Antwerpseweg 195,2021-09-23,09:00:00,26,19,7,FMN GV 10 Beerse
39,Antwerpseweg 195,2021-09-23,10:00:00,10,6,4,FMN GV 10 Beerse
39,Antwerpseweg 195,2021-09-23,11:00:00,16,11,5,FMN GV 10 Beerse
39,Antwerpseweg 195,2021-09-23,12:00:00,20,9,11,FMN GV 10 Beerse
39,Antwerpseweg 195,2021-09-23,13:00:00,32,21,11,FMN GV 10 Beerse
39,Antwerpseweg 195,2021-09-23,14:00:00,42,26,16,FMN GV 10 Beerse
39,Antwerpseweg 195,2021-09-23,15:00:00,53,38,15,FMN GV 10 Beerse
39,Antwerpseweg 195,2021-09-23,16:00:00,73,54,19,FMN GV 10 Beerse
39,Antwerpseweg 195,2021-09-23,17:00:00,35,26,9,FMN GV 10 Beerse
39,Antwerpseweg 195,2021-09-23,18:00:00,20,15,5,FMN GV 10 Beerse
39,Antwerpseweg 195,2021-09-23,19:00:00,10,9,1,FMN GV 10 Beerse
39,Antwerpseweg 195,2021-09-23,20:00:00,7,4,3,FMN GV 10 Beerse
39,Antwerpseweg 195,2021-09-23,21:00:00,10,8,2,FMN GV 10 Beerse
39,Antwerpseweg 195,2021-09-23,22:00:00,6,5,1,FMN GV 10 Beerse
39,Antwerpseweg 195,2021-09-23,23:00:00,2,1,1,FMN GV 10 Beerse
39,Antwerpseweg 195,2021-09-24,00:00:00,0,0,0,FMN GV 10 Beerse
39,Antwerpseweg 195,2021-09-24,01:00:00,0,0,0,FMN GV 10 Beerse
39,Antwerpseweg 195,2021-09-24,02:00:00,0,0,0,FMN GV 10 Beerse
39,Antwerpseweg 195,2021-09-24,03:00:00,0,0,0,FMN GV 10 Beerse
39,Antwerpseweg 195,2021-09-24,04:00:00,0,0,0,FMN GV 10 Beerse
39,Antwerpseweg 195,2021-09-24,05:00:00,14,14,0,FMN GV 10 Beerse
39,Antwerpseweg 195,2021-09-24,06:00:00,17,15,2,FMN GV 10 Beerse
39,Antwerpseweg 195,2021-09-24,07:00:00,53,42,11,FMN GV 10 Beerse
39,Antwerpseweg 195,2021-09-24,08:00:00,24,20,4,FMN GV 10 Beerse
39,Antwerpseweg 195,2021-09-24,09:00:00,15,13,2,FMN GV 10 Beerse
39,Antwerpseweg 195,2021-09-24,10:00:00,12,7,5,FMN GV 10 Beerse
39,Antwerpseweg 195,2021-09-24,11:00:00,15,11,4,FMN GV 10 Beerse
39,Antwerpseweg 195,2021-09-24,12:00:00,18,10,8,FMN GV 10 Beerse
39,Antwerpseweg 195,2021-09-24,13:00:00,33,17,16,FMN GV 10 Beerse
39,Antwerpseweg 195,2021-09-24,14:00:00,38,28,10,FMN GV 10 Beerse
39,Antwerpseweg 195,2021-09-24,15:00:00,53,39,14,FMN GV 10 Beerse
39,Antwerpseweg 195,2021-09-24,16:00:00,69,49,20,FMN GV 10 Beerse
39,Antwerpseweg 195,2021-09-24,17:00:00,37,28,9,FMN GV 10 Beerse
39,Antwerpseweg 195,2021-09-24,18:00:00,16,11,5,FMN GV 10 Beerse
39,Antwerpseweg 195,2021-09-24,19:00:00,18,12,6,FMN GV 10 Beerse
39,Antwerpseweg 195,2021-09-24,20:00:00,16,7,9,FMN GV 10 Beerse
39,Antwerpseweg 195,2021-09-24,21:00:00,6,3,3,FMN GV 10 Beerse
39,Antwerpseweg 195,2021-09-24,22:00:00,3,2,1,FMN GV 10 Beerse
39,Antwerpseweg 195,2021-09-24,23:00:00,2,2,0,FMN GV 10 Beerse
39,Antwerpseweg 195,2021-09-25,00:00:00,1,1,0,FMN GV 10 Beerse
39,Antwerpseweg 195,2021-09-25,01:00:00,7,6,1,FMN GV 10 Beerse
39,Antwerpseweg 195,2021-09-25,02:00:00,6,5,1,FMN GV 10 Beerse
39,Antwerpseweg 195,2021-09-25,03:00:00,4,4,0,FMN GV 10 Beerse
39,Antwerpseweg 195,2021-09-25,04:00:00,2,2,0,FMN GV 10 Beerse
39,Antwerpseweg 195,2021-09-25,05:00:00,4,4,0,FMN GV 10 Beerse
39,Antwerpseweg 195,2021-09-25,06:00:00,5,5,0,FMN GV 10 Beerse
39,Antwerpseweg 195,2021-09-25,07:00:00,2,2,0,FMN GV 10 Beerse
39,Antwerpseweg 195,2021-09-25,08:00:00,16,12,4,FMN GV 10 Beerse
39,Antwerpseweg 195,2021-09-25,09:00:00,26,15,11,FMN GV 10 Beerse
39,Antwerpseweg 195,2021-09-25,10:00:00,16,12,4,FMN GV 10 Beerse
39,Antwerpseweg 195,2021-09-25,11:00:00,27,17,10,FMN GV 10 Beerse
39,Antwerpseweg 195,2021-09-25,12:00:00,43,20,23,FMN GV 10 Beerse
39,Antwerpseweg 195,2021-09-25,13:00:00,30,19,11,FMN GV 10 Beerse
39,Antwerpseweg 195,2021-09-25,14:00:00,53,41,12,FMN GV 10 Beerse
39,Antwerpseweg 195,2021-09-25,15:00:00,40,28,12,FMN GV 10 Beerse
39,Antwerpseweg 195,2021-09-25,16:00:00,41,28,13,FMN GV 10 Beerse
39,Antwerpseweg 195,2021-09-25,17:00:00,40,23,17,FMN GV 10 Beerse
39,Antwerpseweg 195,2021-09-25,18:00:00,25,15,10,FMN GV 10 Beerse
39,Antwerpseweg 195,2021-09-25,19:00:00,28,10,18,FMN GV 10 Beerse
39,Antwerpseweg 195,2021-09-25,20:00:00,9,6,3,FMN GV 10 Beerse
39,Antwerpseweg 195,2021-09-25,21:00:00,7,7,0,FMN GV 10 Beerse
39,Antwerpseweg 195,2021-09-25,22:00:00,5,4,1,FMN GV 10 Beerse
39,Antwerpseweg 195,2021-09-25,23:00:00,5,4,1,FMN GV 10 Beerse
39,Antwerpseweg 195,2021-09-26,00:00:00,4,2,2,FMN GV 10 Beerse
39,Antwerpseweg 195,2021-09-26,01:00:00,2,1,1,FMN GV 10 Beerse
39,Antwerpseweg 195,2021-09-26,02:00:00,1,1,0,FMN GV 10 Beerse
39,Antwerpseweg 195,2021-09-26,03:00:00,2,2,0,FMN GV 10 Beerse
39,Antwerpseweg 195,2021-09-26,04:00:00,2,1,1,FMN GV 10 Beerse
39,Antwerpseweg 195,2021-09-26,05:00:00,1,1,0,FMN GV 10 Beerse
39,Antwerpseweg 195,2021-09-26,06:00:00,1,1,0,FMN GV 10 Beerse
39,Antwerpseweg 195,2021-09-26,07:00:00,3,3,0,FMN GV 10 Beerse
39,Antwerpseweg 195,2021-09-26,08:00:00,6,4,2,FMN GV 10 Beerse
39,Antwerpseweg 195,2021-09-26,09:00:00,26,10,16,FMN GV 10 Beerse
39,Antwerpseweg 195,2021-09-26,10:00:00,30,19,11,FMN GV 10 Beerse
39,Antwerpseweg 195,2021-09-26,11:00:00,45,32,13,FMN GV 10 Beerse
39,Antwerpseweg 195,2021-09-26,12:00:00,33,21,12,FMN GV 10 Beerse
39,Antwerpseweg 195,2021-09-26,13:00:00,41,21,20,FMN GV 10 Beerse
39,Antwerpseweg 195,2021-09-26,14:00:00,42,27,15,FMN GV 10 Beerse
39,Antwerpseweg 195,2021-09-26,15:00:00,53,43,10,FMN GV 10 Beerse
39,Antwerpseweg 195,2021-09-26,16:00:00,19,16,3,FMN GV 10 Beerse
39,Antwerpseweg 195,2021-09-26,17:00:00,25,19,6,FMN GV 10 Beerse
39,Antwerpseweg 195,2021-09-26,18:00:00,8,7,1,FMN GV 10 Beerse
39,Antwerpseweg 195,2021-09-26,19:00:00,15,7,8,FMN GV 10 Beerse
39,Antwerpseweg 195,2021-09-26,20:00:00,1,1,0,FMN GV 10 Beerse
39,Antwerpseweg 195,2021-09-26,21:00:00,6,4,2,FMN GV 10 Beerse
39,Antwerpseweg 195,2021-09-26,22:00:00,2,1,1,FMN GV 10 Beerse
39,Antwerpseweg 195,2021-09-26,23:00:00,1,1,0,FMN GV 10 Beerse
39,Antwerpseweg 195,2021-09-27,00:00:00,1,1,0,FMN GV 10 Beerse
39,Antwerpseweg 195,2021-09-27,01:00:00,1,1,0,FMN GV 10 Beerse
39,Antwerpseweg 195,2021-09-27,02:00:00,0,0,0,FMN GV 10 Beerse
39,Antwerpseweg 195,2021-09-27,03:00:00,0,0,0,FMN GV 10 Beerse
39,Antwerpseweg 195,2021-09-27,04:00:00,0,0,0,FMN GV 10 Beerse
39,Antwerpseweg 195,2021-09-27,05:00:00,14,14,0,FMN GV 10 Beerse
39,Antwerpseweg 195,2021-09-27,06:00:00,18,18,0,FMN GV 10 Beerse
39,Antwerpseweg 195,2021-09-27,07:00:00,53,45,8,FMN GV 10 Beerse
39,Antwerpseweg 195,2021-09-27,08:00:00,18,17,1,FMN GV 10 Beerse
39,Antwerpseweg 195,2021-09-27,09:00:00,11,10,1,FMN GV 10 Beerse
39,Antwerpseweg 195,2021-09-27,10:00:00,10,5,5,FMN GV 10 Beerse
39,Antwerpseweg 195,2021-09-27,11:00:00,5,5,0,FMN GV 10 Beerse
39,Antwerpseweg 195,2021-09-27,12:00:00,11,9,2,FMN GV 10 Beerse
39,Antwerpseweg 195,2021-09-27,13:00:00,24,14,10,FMN GV 10 Beerse
39,Antwerpseweg 195,2021-09-27,14:00:00,7,6,1,FMN GV 10 Beerse
39,Antwerpseweg 195,2021-09-27,15:00:00,32,15,17,FMN GV 10 Beerse
39,Antwerpseweg 195,2021-09-27,16:00:00,61,42,19,FMN GV 10 Beerse
39,Antwerpseweg 195,2021-09-27,17:00:00,34,19,15,FMN GV 10 Beerse
39,Antwerpseweg 195,2021-09-27,18:00:00,12,10,2,FMN GV 10 Beerse
39,Antwerpseweg 195,2021-09-27,19:00:00,6,5,1,FMN GV 10 Beerse
39,Antwerpseweg 195,2021-09-27,20:00:00,4,1,3,FMN GV 10 Beerse
39,Antwerpseweg 195,2021-09-27,21:00:00,4,1,3,FMN GV 10 Beerse
39,Antwerpseweg 195,2021-09-27,22:00:00,5,3,2,FMN GV 10 Beerse
39,Antwerpseweg 195,2021-09-27,23:00:00,0,0,0,FMN GV 10 Beerse
39,Antwerpseweg 195,2021-09-28,00:00:00,0,0,0,FMN GV 10 Beerse
39,Antwerpseweg 195,2021-09-28,01:00:00,0,0,0,FMN GV 10 Beerse
39,Antwerpseweg 195,2021-09-28,02:00:00,0,0,0,FMN GV 10 Beerse
39,Antwerpseweg 195,2021-09-28,03:00:00,0,0,0,FMN GV 10 Beerse
39,Antwerpseweg 195,2021-09-28,04:00:00,1,1,0,FMN GV 10 Beerse
39,Antwerpseweg 195,2021-09-28,05:00:00,13,13,0,FMN GV 10 Beerse
39,Antwerpseweg 195,2021-09-28,06:00:00,16,13,3,FMN GV 10 Beerse
39,Antwerpseweg 195,2021-09-28,07:00:00,60,51,9,FMN GV 10 Beerse
39,Antwerpseweg 195,2021-09-28,08:00:00,29,27,2,FMN GV 10 Beerse
39,Antwerpseweg 195,2021-09-28,09:00:00,20,15,5,FMN GV 10 Beerse
39,Antwerpseweg 195,2021-09-28,10:00:00,15,14,1,FMN GV 10 Beerse
39,Antwerpseweg 195,2021-09-28,11:00:00,14,11,3,FMN GV 10 Beerse
39,Antwerpseweg 195,2021-09-28,12:00:00,22,14,8,FMN GV 10 Beerse
39,Antwerpseweg 195,2021-09-28,13:00:00,51,37,14,FMN GV 10 Beerse
39,Antwerpseweg 195,2021-09-28,14:00:00,39,25,14,FMN GV 10 Beerse
39,Antwerpseweg 195,2021-09-28,15:00:00,50,31,19,FMN GV 10 Beerse
39,Antwerpseweg 195,2021-09-28,16:00:00,119,90,29,FMN GV 10 Beerse
39,Antwerpseweg 195,2021-09-28,17:00:00,47,33,14,FMN GV 10 Beerse
39,Antwerpseweg 195,2021-09-28,18:00:00,34,24,10,FMN GV 10 Beerse
39,Antwerpseweg 195,2021-09-28,19:00:00,18,9,9,FMN GV 10 Beerse
39,Antwerpseweg 195,2021-09-28,20:00:00,2,2,0,FMN GV 10 Beerse
39,Antwerpseweg 195,2021-09-28,21:00:00,0,0,0,FMN GV 10 Beerse
39,Antwerpseweg 195,2021-09-28,22:00:00,8,5,3,FMN GV 10 Beerse
39,Antwerpseweg 195,2021-09-28,23:00:00,1,1,0,FMN GV 10 Beerse
39,Antwerpseweg 195,2021-09-29,00:00:00,0,0,0,FMN GV 10 Beerse
39,Antwerpseweg 195,2021-09-29,01:00:00,0,0,0,FMN GV 10 Beerse
39,Antwerpseweg 195,2021-09-29,02:00:00,1,1,0,FMN GV 10 Beerse
39,Antwerpseweg 195,2021-09-29,03:00:00,0,0,0,FMN GV 10 Beerse
39,Antwerpseweg 195,2021-09-29,04:00:00,0,0,0,FMN GV 10 Beerse
39,Antwerpseweg 195,2021-09-29,05:00:00,10,9,1,FMN GV 10 Beerse
39,Antwerpseweg 195,2021-09-29,06:00:00,13,13,0,FMN GV 10 Beerse
39,Antwerpseweg 195,2021-09-29,07:00:00,29,26,3,FMN GV 10 Beerse
39,Antwerpseweg 195,2021-09-29,08:00:00,20,13,7,FMN GV 10 Beerse
39,Antwerpseweg 195,2021-09-29,09:00:00,5,5,0,FMN GV 10 Beerse
39,Antwerpseweg 195,2021-09-29,10:00:00,4,2,2,FMN GV 10 Beerse
39,Antwerpseweg 195,2021-09-29,11:00:00,10,6,4,FMN GV 10 Beerse
39,Antwerpseweg 195,2021-09-29,12:00:00,26,17,9,FMN GV 10 Beerse
39,Antwerpseweg 195,2021-09-29,13:00:00,10,9,1,FMN GV 10 Beerse
39,Antwerpseweg 195,2021-09-29,14:00:00,10,8,2,FMN GV 10 Beerse
39,Antwerpseweg 195,2021-09-29,15:00:00,15,7,8,FMN GV 10 Beerse
39,Antwerpseweg 195,2021-09-29,16:00:00,20,9,11,FMN GV 10 Beerse
39,Antwerpseweg 195,2021-09-29,17:00:00,16,9,7,FMN GV 10 Beerse
39,Antwerpseweg 195,2021-09-29,18:00:00,9,6,3,FMN GV 10 Beerse
39,Antwerpseweg 195,2021-09-29,19:00:00,6,6,0,FMN GV 10 Beerse
39,Antwerpseweg 195,2021-09-29,20:00:00,5,3,2,FMN GV 10 Beerse
39,Antwerpseweg 195,2021-09-29,21:00:00,0,0,0,FMN GV 10 Beerse
39,Antwerpseweg 195,2021-09-29,22:00:00,4,3,1,FMN GV 10 Beerse
39,Antwerpseweg 195,2021-09-29,23:00:00,0,0,0,FMN GV 10 Beerse
39,Antwerpseweg 195,2021-09-30,00:00:00,0,0,0,FMN GV 10 Beerse
39,Antwerpseweg 195,2021-09-30,01:00:00,0,0,0,FMN GV 10 Beerse
39,Antwerpseweg 195,2021-09-30,02:00:00,0,0,0,FMN GV 10 Beerse
39,Antwerpseweg 195,2021-09-30,03:00:00,0,0,0,FMN GV 10 Beerse
39,Antwerpseweg 195,2021-09-30,04:00:00,1,1,0,FMN GV 10 Beerse
39,Antwerpseweg 195,2021-09-30,05:00:00,8,7,1,FMN GV 10 Beerse
39,Antwerpseweg 195,2021-09-30,06:00:00,14,12,2,FMN GV 10 Beerse
39,Antwerpseweg 195,2021-09-30,07:00:00,53,45,8,FMN GV 10 Beerse
39,Antwerpseweg 195,2021-09-30,08:00:00,25,21,4,FMN GV 10 Beerse
39,Antwerpseweg 195,2021-09-30,09:00:00,16,10,6,FMN GV 10 Beerse
39,Antwerpseweg 195,2021-09-30,10:00:00,10,7,3,FMN GV 10 Beerse
39,Antwerpseweg 195,2021-09-30,11:00:00,11,9,2,FMN GV 10 Beerse
39,Antwerpseweg 195,2021-09-30,12:00:00,23,16,7,FMN GV 10 Beerse
39,Antwerpseweg 195,2021-09-30,13:00:00,25,15,10,FMN GV 10 Beerse
39,Antwerpseweg 195,2021-09-30,14:00:00,21,13,8,FMN GV 10 Beerse
39,Antwerpseweg 195,2021-09-30,15:00:00,53,43,10,FMN GV 10 Beerse
39,Antwerpseweg 195,2021-09-30,16:00:00,41,30,11,FMN GV 10 Beerse
39,Antwerpseweg 195,2021-09-30,17:00:00,30,20,10,FMN GV 10 Beerse
39,Antwerpseweg 195,2021-09-30,18:00:00,27,15,12,FMN GV 10 Beerse
39,Antwerpseweg 195,2021-09-30,19:00:00,7,5,2,FMN GV 10 Beerse
39,Antwerpseweg 195,2021-09-30,20:00:00,4,1,3,FMN GV 10 Beerse
39,Antwerpseweg 195,2021-09-30,21:00:00,2,2,0,FMN GV 10 Beerse
39,Antwerpseweg 195,2021-09-30,22:00:00,9,6,3,FMN GV 10 Beerse
39,Antwerpseweg 195,2021-09-30,23:00:00,0,0,0,FMN GV 10 Beerse
39,Antwerpseweg 195,2021-10-01,00:00:00,2,2,0,FMN GV 10 Beerse
39,Antwerpseweg 195,2021-10-01,01:00:00,0,0,0,FMN GV 10 Beerse
39,Antwerpseweg 195,2021-10-01,02:00:00,0,0,0,FMN GV 10 Beerse
39,Antwerpseweg 195,2021-10-01,03:00:00,0,0,0,FMN GV 10 Beerse
39,Antwerpseweg 195,2021-10-01,04:00:00,1,1,0,FMN GV 10 Beerse
39,Antwerpseweg 195,2021-10-01,05:00:00,12,11,1,FMN GV 10 Beerse
39,Antwerpseweg 195,2021-10-01,06:00:00,7,7,0,FMN GV 10 Beerse
39,Antwerpseweg 195,2021-10-01,07:00:00,30,21,9,FMN GV 10 Beerse
39,Antwerpseweg 195,2021-10-01,08:00:00,17,16,1,FMN GV 10 Beerse
39,Antwerpseweg 195,2021-10-01,09:00:00,8,4,4,FMN GV 10 Beerse
39,Antwerpseweg 195,2021-10-01,10:00:00,4,4,0,FMN GV 10 Beerse
39,Antwerpseweg 195,2021-10-01,11:00:00,11,10,1,FMN GV 10 Beerse
39,Antwerpseweg 195,2021-10-01,12:00:00,17,14,3,FMN GV 10 Beerse
39,Antwerpseweg 195,2021-10-01,13:00:00,17,15,2,FMN GV 10 Beerse
39,Antwerpseweg 195,2021-10-01,14:00:00,22,14,8,FMN GV 10 Beerse
39,Antwerpseweg 195,2021-10-01,15:00:00,31,19,12,FMN GV 10 Beerse
39,Antwerpseweg 195,2021-10-01,16:00:00,32,18,14,FMN GV 10 Beerse
39,Antwerpseweg 195,2021-10-01,17:00:00,14,13,1,FMN GV 10 Beerse
39,Antwerpseweg 195,2021-10-01,18:00:00,6,6,0,FMN GV 10 Beerse
39,Antwerpseweg 195,2021-10-01,19:00:00,14,5,9,FMN GV 10 Beerse
39,Antwerpseweg 195,2021-10-01,20:00:00,2,0,2,FMN GV 10 Beerse
39,Antwerpseweg 195,2021-10-01,21:00:00,4,3,1,FMN GV 10 Beerse
39,Antwerpseweg 195,2021-10-01,22:00:00,6,3,3,FMN GV 10 Beerse
39,Antwerpseweg 195,2021-10-01,23:00:00,3,2,1,FMN GV 10 Beerse
39,Antwerpseweg 195,2021-10-02,00:00:00,1,0,1,FMN GV 10 Beerse
39,Antwerpseweg 195,2021-10-02,01:00:00,1,0,1,FMN GV 10 Beerse
39,Antwerpseweg 195,2021-10-02,02:00:00,1,1,0,FMN GV 10 Beerse
39,Antwerpseweg 195,2021-10-02,03:00:00,1,0,1,FMN GV 10 Beerse
39,Antwerpseweg 195,2021-10-02,04:00:00,5,3,2,FMN GV 10 Beerse
39,Antwerpseweg 195,2021-10-02,05:00:00,4,4,0,FMN GV 10 Beerse
39,Antwerpseweg 195,2021-10-02,06:00:00,5,3,2,FMN GV 10 Beerse
39,Antwerpseweg 195,2021-10-02,07:00:00,0,0,0,FMN GV 10 Beerse
39,Antwerpseweg 195,2021-10-02,08:00:00,4,2,2,FMN GV 10 Beerse
39,Antwerpseweg 195,2021-10-02,09:00:00,6,2,4,FMN GV 10 Beerse
39,Antwerpseweg 195,2021-10-02,10:00:00,15,9,6,FMN GV 10 Beerse
39,Antwerpseweg 195,2021-10-02,11:00:00,11,7,4,FMN GV 10 Beerse
39,Antwerpseweg 195,2021-10-02,12:00:00,15,11,4,FMN GV 10 Beerse
39,Antwerpseweg 195,2021-10-02,13:00:00,20,11,9,FMN GV 10 Beerse
39,Antwerpseweg 195,2021-10-02,14:00:00,13,9,4,FMN GV 10 Beerse
39,Antwerpseweg 195,2021-10-02,15:00:00,11,8,3,FMN GV 10 Beerse
39,Antwerpseweg 195,2021-10-02,16:00:00,14,9,5,FMN GV 10 Beerse
39,Antwerpseweg 195,2021-10-02,17:00:00,10,9,1,FMN GV 10 Beerse
39,Antwerpseweg 195,2021-10-02,18:00:00,3,0,3,FMN GV 10 Beerse
39,Antwerpseweg 195,2021-10-02,19:00:00,1,1,0,FMN GV 10 Beerse
39,Antwerpseweg 195,2021-10-02,20:00:00,5,0,5,FMN GV 10 Beerse
39,Antwerpseweg 195,2021-10-02,21:00:00,2,2,0,FMN GV 10 Beerse
39,Antwerpseweg 195,2021-10-02,22:00:00,3,2,1,FMN GV 10 Beerse
39,Antwerpseweg 195,2021-10-02,23:00:00,3,3,0,FMN GV 10 Beerse
39,Antwerpseweg 195,2021-10-03,00:00:00,0,0,0,FMN GV 10 Beerse
39,Antwerpseweg 195,2021-10-03,01:00:00,0,0,0,FMN GV 10 Beerse
39,Antwerpseweg 195,2021-10-03,02:00:00,2,0,2,FMN GV 10 Beerse
39,Antwerpseweg 195,2021-10-03,03:00:00,1,0,1,FMN GV 10 Beerse
39,Antwerpseweg 195,2021-10-03,04:00:00,1,1,0,FMN GV 10 Beerse
39,Antwerpseweg 195,2021-10-03,05:00:00,0,0,0,FMN GV 10 Beerse
39,Antwerpseweg 195,2021-10-03,06:00:00,1,1,0,FMN GV 10 Beerse
39,Antwerpseweg 195,2021-10-03,07:00:00,1,0,1,FMN GV 10 Beerse
39,Antwerpseweg 195,2021-10-03,08:00:00,1,1,0,FMN GV 10 Beerse
39,Antwerpseweg 195,2021-10-03,09:00:00,3,0,3,FMN GV 10 Beerse
39,Antwerpseweg 195,2021-10-03,10:00:00,1,1,0,FMN GV 10 Beerse
39,Antwerpseweg 195,2021-10-03,11:00:00,1,1,0,FMN GV 10 Beerse
39,Antwerpseweg 195,2021-10-03,12:00:00,3,3,0,FMN GV 10 Beerse
39,Antwerpseweg 195,2021-10-03,13:00:00,3,1,2,FMN GV 10 Beerse
39,Antwerpseweg 195,2021-10-03,14:00:00,4,3,1,FMN GV 10 Beerse
39,Antwerpseweg 195,2021-10-03,15:00:00,2,1,1,FMN GV 10 Beerse
39,Antwerpseweg 195,2021-10-03,16:00:00,11,7,4,FMN GV 10 Beerse
39,Antwerpseweg 195,2021-10-03,17:00:00,6,4,2,FMN GV 10 Beerse
39,Antwerpseweg 195,2021-10-03,18:00:00,6,4,2,FMN GV 10 Beerse
39,Antwerpseweg 195,2021-10-03,19:00:00,8,4,4,FMN GV 10 Beerse
39,Antwerpseweg 195,2021-10-03,20:00:00,1,1,0,FMN GV 10 Beerse
39,Antwerpseweg 195,2021-10-03,21:00:00,1,1,0,FMN GV 10 Beerse
39,Antwerpseweg 195,2021-10-03,22:00:00,0,0,0,FMN GV 10 Beerse
39,Antwerpseweg 195,2021-10-03,23:00:00,0,0,0,FMN GV 10 Beerse
39,Antwerpseweg 195,2021-10-04,00:00:00,0,0,0,FMN GV 10 Beerse
39,Antwerpseweg 195,2021-10-04,01:00:00,0,0,0,FMN GV 10 Beerse
39,Antwerpseweg 195,2021-10-04,02:00:00,0,0,0,FMN GV 10 Beerse
39,Antwerpseweg 195,2021-10-04,03:00:00,0,0,0,FMN GV 10 Beerse
39,Antwerpseweg 195,2021-10-04,04:00:00,0,0,0,FMN GV 10 Beerse
39,Antwerpseweg 195,2021-10-04,05:00:00,10,10,0,FMN GV 10 Beerse
39,Antwerpseweg 195,2021-10-04,06:00:00,17,15,2,FMN GV 10 Beerse
39,Antwerpseweg 195,2021-10-04,07:00:00,54,45,9,FMN GV 10 Beerse
39,Antwerpseweg 195,2021-10-04,08:00:00,16,13,3,FMN GV 10 Beerse
39,Antwerpseweg 195,2021-10-04,09:00:00,9,8,1,FMN GV 10 Beerse
39,Antwerpseweg 195,2021-10-04,10:00:00,5,5,0,FMN GV 10 Beerse
39,Antwerpseweg 195,2021-10-04,11:00:00,14,11,3,FMN GV 10 Beerse
39,Antwerpseweg 195,2021-10-04,12:00:00,16,8,8,FMN GV 10 Beerse
39,Antwerpseweg 195,2021-10-04,13:00:00,25,15,10,FMN GV 10 Beerse
39,Antwerpseweg 195,2021-10-04,14:00:00,30,20,10,FMN GV 10 Beerse
39,Antwerpseweg 195,2021-10-04,15:00:00,43,33,10,FMN GV 10 Beerse
39,Antwerpseweg 195,2021-10-04,16:00:00,71,51,20,FMN GV 10 Beerse
39,Antwerpseweg 195,2021-10-04,17:00:00,41,27,14,FMN GV 10 Beerse
39,Antwerpseweg 195,2021-10-04,18:00:00,22,16,6,FMN GV 10 Beerse
39,Antwerpseweg 195,2021-10-04,19:00:00,12,8,4,FMN GV 10 Beerse
39,Antwerpseweg 195,2021-10-04,20:00:00,10,5,5,FMN GV 10 Beerse
39,Antwerpseweg 195,2021-10-04,21:00:00,0,0,0,FMN GV 10 Beerse
39,Antwerpseweg 195,2021-10-04,22:00:00,7,4,3,FMN GV 10 Beerse
39,Antwerpseweg 195,2021-10-04,23:00:00,1,1,0,FMN GV 10 Beerse
39,Antwerpseweg 195,2021-10-05,00:00:00,0,0,0,FMN GV 10 Beerse
39,Antwerpseweg 195,2021-10-05,01:00:00,0,0,0,FMN GV 10 Beerse
39,Antwerpseweg 195,2021-10-05,02:00:00,1,1,0,FMN GV 10 Beerse
39,Antwerpseweg 195,2021-10-05,03:00:00,0,0,0,FMN GV 10 Beerse
39,Antwerpseweg 195,2021-10-05,04:00:00,1,1,0,FMN GV 10 Beerse
39,Antwerpseweg 195,2021-10-05,05:00:00,18,18,0,FMN GV 10 Beerse
39,Antwerpseweg 195,2021-10-05,06:00:00,9,9,0,FMN GV 10 Beerse
39,Antwerpseweg 195,2021-10-05,07:00:00,41,33,8,FMN GV 10 Beerse
39,Antwerpseweg 195,2021-10-05,08:00:00,18,16,2,FMN GV 10 Beerse
39,Antwerpseweg 195,2021-10-05,09:00:00,13,12,1,FMN GV 10 Beerse
39,Antwerpseweg 195,2021-10-05,10:00:00,20,14,6,FMN GV 10 Beerse
39,Antwerpseweg 195,2021-10-05,11:00:00,9,7,2,FMN GV 10 Beerse
39,Antwerpseweg 195,2021-10-05,12:00:00,13,8,5,FMN GV 10 Beerse
39,Antwerpseweg 195,2021-10-05,13:00:00,12,7,5,FMN GV 10 Beerse
39,Antwerpseweg 195,2021-10-05,14:00:00,16,8,8,FMN GV 10 Beerse
39,Antwerpseweg 195,2021-10-05,15:00:00,24,20,4,FMN GV 10 Beerse
39,Antwerpseweg 195,2021-10-05,16:00:00,54,41,13,FMN GV 10 Beerse
39,Antwerpseweg 195,2021-10-05,17:00:00,24,18,6,FMN GV 10 Beerse
39,Antwerpseweg 195,2021-10-05,18:00:00,19,12,7,FMN GV 10 Beerse
39,Antwerpseweg 195,2021-10-05,19:00:00,10,4,6,FMN GV 10 Beerse
39,Antwerpseweg 195,2021-10-05,20:00:00,4,2,2,FMN GV 10 Beerse
39,Antwerpseweg 195,2021-10-05,21:00:00,4,3,1,FMN GV 10 Beerse
39,Antwerpseweg 195,2021-10-05,22:00:00,2,2,0,FMN GV 10 Beerse
39,Antwerpseweg 195,2021-10-05,23:00:00,0,0,0,FMN GV 10 Beerse
39,Antwerpseweg 195,2021-10-06,00:00:00,0,0,0,FMN GV 10 Beerse
39,Antwerpseweg 195,2021-10-06,01:00:00,0,0,0,FMN GV 10 Beerse
39,Antwerpseweg 195,2021-10-06,02:00:00,0,0,0,FMN GV 10 Beerse
39,Antwerpseweg 195,2021-10-06,03:00:00,0,0,0,FMN GV 10 Beerse
39,Antwerpseweg 195,2021-10-06,04:00:00,0,0,0,FMN GV 10 Beerse
39,Antwerpseweg 195,2021-10-06,05:00:00,13,12,1,FMN GV 10 Beerse
39,Antwerpseweg 195,2021-10-06,06:00:00,7,7,0,FMN GV 10 Beerse
39,Antwerpseweg 195,2021-10-06,07:00:00,19,16,3,FMN GV 10 Beerse
39,Antwerpseweg 195,2021-10-06,08:00:00,11,10,1,FMN GV 10 Beerse
39,Antwerpseweg 195,2021-10-06,09:00:00,3,2,1,FMN GV 10 Beerse
39,Antwerpseweg 195,2021-10-06,10:00:00,6,3,3,FMN GV 10 Beerse
39,Antwerpseweg 195,2021-10-06,11:00:00,4,1,3,FMN GV 10 Beerse
39,Antwerpseweg 195,2021-10-06,12:00:00,18,13,5,FMN GV 10 Beerse
39,Antwerpseweg 195,2021-10-06,13:00:00,10,7,3,FMN GV 10 Beerse
39,Antwerpseweg 195,2021-10-06,14:00:00,7,3,4,FMN GV 10 Beerse
39,Antwerpseweg 195,2021-10-06,15:00:00,13,6,7,FMN GV 10 Beerse
39,Antwerpseweg 195,2021-10-06,16:00:00,15,11,4,FMN GV 10 Beerse
39,Antwerpseweg 195,2021-10-06,17:00:00,11,6,5,FMN GV 10 Beerse
39,Antwerpseweg 195,2021-10-06,18:00:00,12,11,1,FMN GV 10 Beerse
39,Antwerpseweg 195,2021-10-06,19:00:00,4,3,1,FMN GV 10 Beerse
39,Antwerpseweg 195,2021-10-06,20:00:00,5,2,3,FMN GV 10 Beerse
39,Antwerpseweg 195,2021-10-06,21:00:00,3,2,1,FMN GV 10 Beerse
39,Antwerpseweg 195,2021-10-06,22:00:00,2,1,1,FMN GV 10 Beerse
39,Antwerpseweg 195,2021-10-06,23:00:00,0,0,0,FMN GV 10 Beerse
39,Antwerpseweg 195,2021-10-07,00:00:00,1,1,0,FMN GV 10 Beerse
39,Antwerpseweg 195,2021-10-07,01:00:00,0,0,0,FMN GV 10 Beerse
39,Antwerpseweg 195,2021-10-07,02:00:00,0,0,0,FMN GV 10 Beerse
39,Antwerpseweg 195,2021-10-07,03:00:00,0,0,0,FMN GV 10 Beerse
39,Antwerpseweg 195,2021-10-07,04:00:00,2,2,0,FMN GV 10 Beerse
39,Antwerpseweg 195,2021-10-07,05:00:00,12,12,0,FMN GV 10 Beerse
39,Antwerpseweg 195,2021-10-07,06:00:00,13,12,1,FMN GV 10 Beerse
39,Antwerpseweg 195,2021-10-07,07:00:00,49,41,8,FMN GV 10 Beerse
39,Antwerpseweg 195,2021-10-07,08:00:00,20,16,4,FMN GV 10 Beerse
39,Antwerpseweg 195,2021-10-07,09:00:00,44,38,6,FMN GV 10 Beerse
39,Antwerpseweg 195,2021-10-07,10:00:00,10,5,5,FMN GV 10 Beerse
39,Antwerpseweg 195,2021-10-07,11:00:00,10,8,2,FMN GV 10 Beerse
39,Antwerpseweg 195,2021-10-07,12:00:00,20,14,6,FMN GV 10 Beerse
39,Antwerpseweg 195,2021-10-07,13:00:00,36,19,17,FMN GV 10 Beerse
39,Antwerpseweg 195,2021-10-07,14:00:00,42,30,12,FMN GV 10 Beerse
39,Antwerpseweg 195,2021-10-07,15:00:00,32,22,10,FMN GV 10 Beerse
39,Antwerpseweg 195,2021-10-07,16:00:00,95,75,20,FMN GV 10 Beerse
39,Antwerpseweg 195,2021-10-07,17:00:00,29,22,7,FMN GV 10 Beerse
39,Antwerpseweg 195,2021-10-07,18:00:00,17,12,5,FMN GV 10 Beerse
39,Antwerpseweg 195,2021-10-07,19:00:00,14,10,4,FMN GV 10 Beerse
39,Antwerpseweg 195,2021-10-07,20:00:00,8,4,4,FMN GV 10 Beerse
39,Antwerpseweg 195,2021-10-07,21:00:00,4,3,1,FMN GV 10 Beerse
39,Antwerpseweg 195,2021-10-07,22:00:00,13,12,1,FMN GV 10 Beerse
39,Antwerpseweg 195,2021-10-07,23:00:00,6,4,2,FMN GV 10 Beerse
39,Antwerpseweg 195,2021-10-08,00:00:00,0,0,0,FMN GV 10 Beerse
39,Antwerpseweg 195,2021-10-08,01:00:00,1,1,0,FMN GV 10 Beerse
39,Antwerpseweg 195,2021-10-08,02:00:00,1,1,0,FMN GV 10 Beerse
39,Antwerpseweg 195,2021-10-08,03:00:00,0,0,0,FMN GV 10 Beerse
39,Antwerpseweg 195,2021-10-08,04:00:00,0,0,0,FMN GV 10 Beerse
39,Antwerpseweg 195,2021-10-08,05:00:00,13,12,1,FMN GV 10 Beerse
39,Antwerpseweg 195,2021-10-08,06:00:00,14,13,1,FMN GV 10 Beerse
39,Antwerpseweg 195,2021-10-08,07:00:00,50,38,12,FMN GV 10 Beerse
39,Antwerpseweg 195,2021-10-08,08:00:00,24,21,3,FMN GV 10 Beerse
39,Antwerpseweg 195,2021-10-08,09:00:00,10,8,2,FMN GV 10 Beerse
39,Antwerpseweg 195,2021-10-08,10:00:00,6,2,4,FMN GV 10 Beerse
39,Antwerpseweg 195,2021-10-08,11:00:00,12,8,4,FMN GV 10 Beerse
39,Antwerpseweg 195,2021-10-08,12:00:00,14,10,4,FMN GV 10 Beerse
39,Antwerpseweg 195,2021-10-08,13:00:00,36,23,13,FMN GV 10 Beerse
39,Antwerpseweg 195,2021-10-08,14:00:00,39,22,17,FMN GV 10 Beerse
39,Antwerpseweg 195,2021-10-08,15:00:00,67,52,15,FMN GV 10 Beerse
39,Antwerpseweg 195,2021-10-08,16:00:00,67,48,19,FMN GV 10 Beerse
39,Antwerpseweg 195,2021-10-08,17:00:00,40,24,16,FMN GV 10 Beerse
39,Antwerpseweg 195,2021-10-08,18:00:00,20,14,6,FMN GV 10 Beerse
39,Antwerpseweg 195,2021-10-08,19:00:00,7,3,4,FMN GV 10 Beerse
39,Antwerpseweg 195,2021-10-08,20:00:00,10,5,5,FMN GV 10 Beerse
39,Antwerpseweg 195,2021-10-08,21:00:00,3,2,1,FMN GV 10 Beerse
39,Antwerpseweg 195,2021-10-08,22:00:00,6,6,0,FMN GV 10 Beerse
39,Antwerpseweg 195,2021-10-08,23:00:00,2,1,1,FMN GV 10 Beerse
39,Antwerpseweg 195,2021-10-09,00:00:00,1,1,0,FMN GV 10 Beerse
39,Antwerpseweg 195,2021-10-09,01:00:00,1,0,1,FMN GV 10 Beerse
39,Antwerpseweg 195,2021-10-09,02:00:00,1,1,0,FMN GV 10 Beerse
39,Antwerpseweg 195,2021-10-09,03:00:00,1,1,0,FMN GV 10 Beerse
39,Antwerpseweg 195,2021-10-09,04:00:00,1,0,1,FMN GV 10 Beerse
39,Antwerpseweg 195,2021-10-09,05:00:00,5,5,0,FMN GV 10 Beerse
39,Antwerpseweg 195,2021-10-09,06:00:00,2,2,0,FMN GV 10 Beerse
39,Antwerpseweg 195,2021-10-09,07:00:00,3,1,2,FMN GV 10 Beerse
39,Antwerpseweg 195,2021-10-09,08:00:00,3,3,0,FMN GV 10 Beerse
39,Antwerpseweg 195,2021-10-09,09:00:00,11,4,7,FMN GV 10 Beerse
39,Antwerpseweg 195,2021-10-09,10:00:00,17,14,3,FMN GV 10 Beerse
39,Antwerpseweg 195,2021-10-09,11:00:00,26,17,9,FMN GV 10 Beerse
39,Antwerpseweg 195,2021-10-09,12:00:00,15,12,3,FMN GV 10 Beerse
39,Antwerpseweg 195,2021-10-09,13:00:00,39,32,7,FMN GV 10 Beerse
39,Antwerpseweg 195,2021-10-09,14:00:00,52,33,19,FMN GV 10 Beerse
39,Antwerpseweg 195,2021-10-09,15:00:00,40,33,7,FMN GV 10 Beerse
39,Antwerpseweg 195,2021-10-09,16:00:00,43,29,14,FMN GV 10 Beerse
39,Antwerpseweg 195,2021-10-09,17:00:00,27,16,11,FMN GV 10 Beerse
39,Antwerpseweg 195,2021-10-09,18:00:00,12,7,5,FMN GV 10 Beerse
39,Antwerpseweg 195,2021-10-09,19:00:00,19,14,5,FMN GV 10 Beerse
39,Antwerpseweg 195,2021-10-09,20:00:00,8,5,3,FMN GV 10 Beerse
39,Antwerpseweg 195,2021-10-09,21:00:00,2,1,1,FMN GV 10 Beerse
39,Antwerpseweg 195,2021-10-09,22:00:00,4,4,0,FMN GV 10 Beerse
39,Antwerpseweg 195,2021-10-09,23:00:00,16,1,15,FMN GV 10 Beerse
39,Antwerpseweg 195,2021-10-10,00:00:00,5,3,2,FMN GV 10 Beerse
39,Antwerpseweg 195,2021-10-10,01:00:00,1,1,0,FMN GV 10 Beerse
39,Antwerpseweg 195,2021-10-10,02:00:00,5,4,1,FMN GV 10 Beerse
39,Antwerpseweg 195,2021-10-10,03:00:00,2,2,0,FMN GV 10 Beerse
39,Antwerpseweg 195,2021-10-10,04:00:00,3,3,0,FMN GV 10 Beerse
39,Antwerpseweg 195,2021-10-10,05:00:00,1,1,0,FMN GV 10 Beerse
39,Antwerpseweg 195,2021-10-10,06:00:00,1,1,0,FMN GV 10 Beerse
39,Antwerpseweg 195,2021-10-10,07:00:00,1,0,1,FMN GV 10 Beerse
39,Antwerpseweg 195,2021-10-10,08:00:00,10,10,0,FMN GV 10 Beerse
39,Antwerpseweg 195,2021-10-10,09:00:00,8,5,3,FMN GV 10 Beerse
39,Antwerpseweg 195,2021-10-10,10:00:00,15,7,8,FMN GV 10 Beerse
39,Antwerpseweg 195,2021-10-10,11:00:00,14,11,3,FMN GV 10 Beerse
39,Antwerpseweg 195,2021-10-10,12:00:00,18,11,7,FMN GV 10 Beerse
39,Antwerpseweg 195,2021-10-10,13:00:00,56,28,28,FMN GV 10 Beerse
39,Antwerpseweg 195,2021-10-10,14:00:00,67,40,27,FMN GV 10 Beerse
39,Antwerpseweg 195,2021-10-10,15:00:00,81,57,24,FMN GV 10 Beerse
39,Antwerpseweg 195,2021-10-10,16:00:00,73,45,28,FMN GV 10 Beerse
39,Antwerpseweg 195,2021-10-10,17:00:00,26,11,15,FMN GV 10 Beerse
39,Antwerpseweg 195,2021-10-10,18:00:00,16,7,9,FMN GV 10 Beerse
39,Antwerpseweg 195,2021-10-10,19:00:00,3,3,0,FMN GV 10 Beerse
39,Antwerpseweg 195,2021-10-10,20:00:00,3,2,1,FMN GV 10 Beerse
39,Antwerpseweg 195,2021-10-10,21:00:00,5,3,2,FMN GV 10 Beerse
39,Antwerpseweg 195,2021-10-10,22:00:00,1,1,0,FMN GV 10 Beerse
39,Antwerpseweg 195,2021-10-10,23:00:00,0,0,0,FMN GV 10 Beerse
39,Antwerpseweg 195,2021-10-11,00:00:00,0,0,0,FMN GV 10 Beerse
39,Antwerpseweg 195,2021-10-11,01:00:00,0,0,0,FMN GV 10 Beerse
39,Antwerpseweg 195,2021-10-11,02:00:00,0,0,0,FMN GV 10 Beerse
39,Antwerpseweg 195,2021-10-11,03:00:00,0,0,0,FMN GV 10 Beerse
39,Antwerpseweg 195,2021-10-11,04:00:00,0,0,0,FMN GV 10 Beerse
39,Antwerpseweg 195,2021-10-11,05:00:00,10,9,1,FMN GV 10 Beerse
39,Antwerpseweg 195,2021-10-11,06:00:00,14,11,3,FMN GV 10 Beerse
39,Antwerpseweg 195,2021-10-11,07:00:00,57,48,9,FMN GV 10 Beerse
39,Antwerpseweg 195,2021-10-11,08:00:00,23,21,2,FMN GV 10 Beerse
39,Antwerpseweg 195,2021-10-11,09:00:00,7,6,1,FMN GV 10 Beerse
39,Antwerpseweg 195,2021-10-11,10:00:00,6,4,2,FMN GV 10 Beerse
39,Antwerpseweg 195,2021-10-11,11:00:00,8,7,1,FMN GV 10 Beerse
39,Antwerpseweg 195,2021-10-11,12:00:00,16,12,4,FMN GV 10 Beerse
39,Antwerpseweg 195,2021-10-11,13:00:00,37,30,7,FMN GV 10 Beerse
39,Antwerpseweg 195,2021-10-11,14:00:00,32,24,8,FMN GV 10 Beerse
39,Antwerpseweg 195,2021-10-11,15:00:00,17,14,3,FMN GV 10 Beerse
39,Antwerpseweg 195,2021-10-11,16:00:00,70,53,17,FMN GV 10 Beerse
39,Antwerpseweg 195,2021-10-11,17:00:00,43,22,21,FMN GV 10 Beerse
39,Antwerpseweg 195,2021-10-11,18:00:00,12,8,4,FMN GV 10 Beerse
39,Antwerpseweg 195,2021-10-11,19:00:00,19,17,2,FMN GV 10 Beerse
39,Antwerpseweg 195,2021-10-11,20:00:00,4,3,1,FMN GV 10 Beerse
39,Antwerpseweg 195,2021-10-11,21:00:00,4,4,0,FMN GV 10 Beerse
39,Antwerpseweg 195,2021-10-11,22:00:00,11,7,4,FMN GV 10 Beerse
39,Antwerpseweg 195,2021-10-11,23:00:00,0,0,0,FMN GV 10 Beerse
39,Antwerpseweg 195,2021-10-12,00:00:00,0,0,0,FMN GV 10 Beerse
39,Antwerpseweg 195,2021-10-12,01:00:00,0,0,0,FMN GV 10 Beerse
39,Antwerpseweg 195,2021-10-12,02:00:00,0,0,0,FMN GV 10 Beerse
39,Antwerpseweg 195,2021-10-12,03:00:00,0,0,0,FMN GV 10 Beerse
39,Antwerpseweg 195,2021-10-12,04:00:00,1,1,0,FMN GV 10 Beerse
39,Antwerpseweg 195,2021-10-12,05:00:00,11,10,1,FMN GV 10 Beerse
39,Antwerpseweg 195,2021-10-12,06:00:00,13,11,2,FMN GV 10 Beerse
39,Antwerpseweg 195,2021-10-12,07:00:00,43,36,7,FMN GV 10 Beerse
39,Antwerpseweg 195,2021-10-12,08:00:00,14,13,1,FMN GV 10 Beerse
39,Antwerpseweg 195,2021-10-12,09:00:00,7,6,1,FMN GV 10 Beerse
39,Antwerpseweg 195,2021-10-12,10:00:00,6,5,1,FMN GV 10 Beerse
39,Antwerpseweg 195,2021-10-12,11:00:00,5,4,1,FMN GV 10 Beerse
39,Antwerpseweg 195,2021-10-12,12:00:00,4,4,0,FMN GV 10 Beerse
39,Antwerpseweg 195,2021-10-12,13:00:00,13,9,4,FMN GV 10 Beerse
39,Antwerpseweg 195,2021-10-12,14:00:00,9,8,1,FMN GV 10 Beerse
39,Antwerpseweg 195,2021-10-12,15:00:00,10,6,4,FMN GV 10 Beerse
39,Antwerpseweg 195,2021-10-12,16:00:00,60,46,14,FMN GV 10 Beerse
39,Antwerpseweg 195,2021-10-12,17:00:00,24,19,5,FMN GV 10 Beerse
39,Antwerpseweg 195,2021-10-12,18:00:00,18,9,9,FMN GV 10 Beerse
39,Antwerpseweg 195,2021-10-12,19:00:00,6,3,3,FMN GV 10 Beerse
39,Antwerpseweg 195,2021-10-12,20:00:00,4,3,1,FMN GV 10 Beerse
39,Antwerpseweg 195,2021-10-12,21:00:00,3,3,0,FMN GV 10 Beerse
39,Antwerpseweg 195,2021-10-12,22:00:00,3,2,1,FMN GV 10 Beerse
39,Antwerpseweg 195,2021-10-12,23:00:00,0,0,0,FMN GV 10 Beerse
39,Antwerpseweg 195,2021-10-13,00:00:00,0,0,0,FMN GV 10 Beerse
39,Antwerpseweg 195,2021-10-13,01:00:00,0,0,0,FMN GV 10 Beerse
39,Antwerpseweg 195,2021-10-13,02:00:00,0,0,0,FMN GV 10 Beerse
39,Antwerpseweg 195,2021-10-13,03:00:00,0,0,0,FMN GV 10 Beerse
39,Antwerpseweg 195,2021-10-13,04:00:00,1,1,0,FMN GV 10 Beerse
39,Antwerpseweg 195,2021-10-13,05:00:00,10,9,1,FMN GV 10 Beerse
39,Antwerpseweg 195,2021-10-13,06:00:00,14,13,1,FMN GV 10 Beerse
39,Antwerpseweg 195,2021-10-13,07:00:00,43,36,7,FMN GV 10 Beerse
39,Antwerpseweg 195,2021-10-13,08:00:00,25,19,6,FMN GV 10 Beerse
39,Antwerpseweg 195,2021-10-13,09:00:00,12,10,2,FMN GV 10 Beerse
39,Antwerpseweg 195,2021-10-13,10:00:00,10,5,5,FMN GV 10 Beerse
39,Antwerpseweg 195,2021-10-13,11:00:00,8,5,3,FMN GV 10 Beerse
39,Antwerpseweg 195,2021-10-13,12:00:00,47,41,6,FMN GV 10 Beerse
39,Antwerpseweg 195,2021-10-13,13:00:00,29,23,6,FMN GV 10 Beerse
39,Antwerpseweg 195,2021-10-13,14:00:00,23,18,5,FMN GV 10 Beerse
39,Antwerpseweg 195,2021-10-13,15:00:00,28,17,11,FMN GV 10 Beerse
39,Antwerpseweg 195,2021-10-13,16:00:00,32,23,9,FMN GV 10 Beerse
39,Antwerpseweg 195,2021-10-13,17:00:00,25,13,12,FMN GV 10 Beerse
39,Antwerpseweg 195,2021-10-13,18:00:00,10,7,3,FMN GV 10 Beerse
39,Antwerpseweg 195,2021-10-13,19:00:00,13,11,2,FMN GV 10 Beerse
39,Antwerpseweg 195,2021-10-13,20:00:00,10,6,4,FMN GV 10 Beerse
39,Antwerpseweg 195,2021-10-13,21:00:00,3,3,0,FMN GV 10 Beerse
39,Antwerpseweg 195,2021-10-13,22:00:00,4,3,1,FMN GV 10 Beerse
39,Antwerpseweg 195,2021-10-13,23:00:00,0,0,0,FMN GV 10 Beerse
39,Antwerpseweg 195,2021-10-14,00:00:00,0,0,0,FMN GV 10 Beerse
39,Antwerpseweg 195,2021-10-14,01:00:00,0,0,0,FMN GV 10 Beerse
39,Antwerpseweg 195,2021-10-14,02:00:00,0,0,0,FMN GV 10 Beerse
39,Antwerpseweg 195,2021-10-14,03:00:00,0,0,0,FMN GV 10 Beerse
39,Antwerpseweg 195,2021-10-14,04:00:00,2,2,0,FMN GV 10 Beerse
39,Antwerpseweg 195,2021-10-14,05:00:00,12,11,1,FMN GV 10 Beerse
39,Antwerpseweg 195,2021-10-14,06:00:00,14,13,1,FMN GV 10 Beerse
39,Antwerpseweg 195,2021-10-14,07:00:00,49,43,6,FMN GV 10 Beerse
39,Antwerpseweg 195,2021-10-14,08:00:00,28,22,6,FMN GV 10 Beerse
39,Antwerpseweg 195,2021-10-14,09:00:00,9,8,1,FMN GV 10 Beerse
39,Antwerpseweg 195,2021-10-14,10:00:00,5,3,2,FMN GV 10 Beerse
39,Antwerpseweg 195,2021-10-14,11:00:00,20,12,8,FMN GV 10 Beerse
39,Antwerpseweg 195,2021-10-14,12:00:00,18,13,5,FMN GV 10 Beerse
39,Antwerpseweg 195,2021-10-14,13:00:00,39,29,10,FMN GV 10 Beerse
39,Antwerpseweg 195,2021-10-14,14:00:00,24,18,6,FMN GV 10 Beerse
39,Antwerpseweg 195,2021-10-14,15:00:00,45,32,13,FMN GV 10 Beerse
39,Antwerpseweg 195,2021-10-14,16:00:00,78,61,17,FMN GV 10 Beerse
39,Antwerpseweg 195,2021-10-14,17:00:00,27,15,12,FMN GV 10 Beerse
39,Antwerpseweg 195,2021-10-14,18:00:00,28,18,10,FMN GV 10 Beerse
39,Antwerpseweg 195,2021-10-14,19:00:00,11,8,3,FMN GV 10 Beerse
39,Antwerpseweg 195,2021-10-14,20:00:00,7,6,1,FMN GV 10 Beerse
39,Antwerpseweg 195,2021-10-14,21:00:00,7,4,3,FMN GV 10 Beerse
39,Antwerpseweg 195,2021-10-14,22:00:00,6,4,2,FMN GV 10 Beerse
39,Antwerpseweg 195,2021-10-14,23:00:00,1,1,0,FMN GV 10 Beerse
39,Antwerpseweg 195,2021-10-15,00:00:00,1,1,0,FMN GV 10 Beerse
39,Antwerpseweg 195,2021-10-15,01:00:00,0,0,0,FMN GV 10 Beerse
39,Antwerpseweg 195,2021-10-15,02:00:00,0,0,0,FMN GV 10 Beerse
39,Antwerpseweg 195,2021-10-15,03:00:00,0,0,0,FMN GV 10 Beerse
39,Antwerpseweg 195,2021-10-15,04:00:00,1,1,0,FMN GV 10 Beerse
39,Antwerpseweg 195,2021-10-15,05:00:00,10,10,0,FMN GV 10 Beerse
39,Antwerpseweg 195,2021-10-15,06:00:00,14,11,3,FMN GV 10 Beerse
39,Antwerpseweg 195,2021-10-15,07:00:00,40,33,7,FMN GV 10 Beerse
39,Antwerpseweg 195,2021-10-15,08:00:00,17,11,6,FMN GV 10 Beerse
39,Antwerpseweg 195,2021-10-15,09:00:00,17,14,3,FMN GV 10 Beerse
39,Antwerpseweg 195,2021-10-15,10:00:00,7,4,3,FMN GV 10 Beerse
39,Antwerpseweg 195,2021-10-15,11:00:00,7,5,2,FMN GV 10 Beerse
39,Antwerpseweg 195,2021-10-15,12:00:00,7,5,2,FMN GV 10 Beerse
39,Antwerpseweg 195,2021-10-15,13:00:00,24,20,4,FMN GV 10 Beerse
39,Antwerpseweg 195,2021-10-15,14:00:00,22,17,5,FMN GV 10 Beerse
39,Antwerpseweg 195,2021-10-15,15:00:00,47,35,12,FMN GV 10 Beerse
39,Antwerpseweg 195,2021-10-15,16:00:00,53,40,13,FMN GV 10 Beerse
39,Antwerpseweg 195,2021-10-15,17:00:00,34,22,12,FMN GV 10 Beerse
39,Antwerpseweg 195,2021-10-15,18:00:00,9,7,2,FMN GV 10 Beerse
39,Antwerpseweg 195,2021-10-15,19:00:00,6,3,3,FMN GV 10 Beerse
39,Antwerpseweg 195,2021-10-15,20:00:00,9,5,4,FMN GV 10 Beerse
39,Antwerpseweg 195,2021-10-15,21:00:00,1,1,0,FMN GV 10 Beerse
39,Antwerpseweg 195,2021-10-15,22:00:00,5,3,2,FMN GV 10 Beerse
39,Antwerpseweg 195,2021-10-15,23:00:00,2,1,1,FMN GV 10 Beerse
39,Antwerpseweg 195,2021-10-16,00:00:00,1,0,1,FMN GV 10 Beerse
39,Antwerpseweg 195,2021-10-16,01:00:00,1,1,0,FMN GV 10 Beerse
39,Antwerpseweg 195,2021-10-16,02:00:00,3,2,1,FMN GV 10 Beerse
39,Antwerpseweg 195,2021-10-16,03:00:00,3,3,0,FMN GV 10 Beerse
39,Antwerpseweg 195,2021-10-16,04:00:00,1,1,0,FMN GV 10 Beerse
39,Antwerpseweg 195,2021-10-16,05:00:00,3,3,0,FMN GV 10 Beerse
39,Antwerpseweg 195,2021-10-16,06:00:00,0,0,0,FMN GV 10 Beerse
39,Antwerpseweg 195,2021-10-16,07:00:00,4,3,1,FMN GV 10 Beerse
39,Antwerpseweg 195,2021-10-16,08:00:00,8,7,1,FMN GV 10 Beerse
39,Antwerpseweg 195,2021-10-16,09:00:00,16,6,10,FMN GV 10 Beerse
39,Antwerpseweg 195,2021-10-16,10:00:00,20,14,6,FMN GV 10 Beerse
39,Antwerpseweg 195,2021-10-16,11:00:00,7,6,1,FMN GV 10 Beerse
39,Antwerpseweg 195,2021-10-16,12:00:00,16,13,3,FMN GV 10 Beerse
39,Antwerpseweg 195,2021-10-16,13:00:00,34,18,16,FMN GV 10 Beerse
39,Antwerpseweg 195,2021-10-16,14:00:00,36,22,14,FMN GV 10 Beerse
39,Antwerpseweg 195,2021-10-16,15:00:00,34,19,15,FMN GV 10 Beerse
39,Antwerpseweg 195,2021-10-16,16:00:00,28,18,10,FMN GV 10 Beerse
39,Antwerpseweg 195,2021-10-16,17:00:00,21,15,6,FMN GV 10 Beerse
39,Antwerpseweg 195,2021-10-16,18:00:00,15,12,3,FMN GV 10 Beerse
39,Antwerpseweg 195,2021-10-16,19:00:00,5,4,1,FMN GV 10 Beerse
39,Antwerpseweg 195,2021-10-16,20:00:00,2,2,0,FMN GV 10 Beerse
39,Antwerpseweg 195,2021-10-16,21:00:00,0,0,0,FMN GV 10 Beerse
39,Antwerpseweg 195,2021-10-16,22:00:00,3,3,0,FMN GV 10 Beerse
39,Antwerpseweg 195,2021-10-16,23:00:00,5,3,2,FMN GV 10 Beerse
39,Antwerpseweg 195,2021-10-17,00:00:00,2,1,1,FMN GV 10 Beerse
39,Antwerpseweg 195,2021-10-17,01:00:00,0,0,0,FMN GV 10 Beerse
39,Antwerpseweg 195,2021-10-17,02:00:00,5,3,2,FMN GV 10 Beerse
39,Antwerpseweg 195,2021-10-17,03:00:00,5,4,1,FMN GV 10 Beerse
39,Antwerpseweg 195,2021-10-17,04:00:00,2,2,0,FMN GV 10 Beerse
39,Antwerpseweg 195,2021-10-17,05:00:00,2,2,0,FMN GV 10 Beerse
39,Antwerpseweg 195,2021-10-17,06:00:00,1,1,0,FMN GV 10 Beerse
39,Antwerpseweg 195,2021-10-17,07:00:00,8,4,4,FMN GV 10 Beerse
39,Antwerpseweg 195,2021-10-17,08:00:00,14,8,6,FMN GV 10 Beerse
39,Antwerpseweg 195,2021-10-17,09:00:00,22,20,2,FMN GV 10 Beerse
39,Antwerpseweg 195,2021-10-17,10:00:00,24,14,10,FMN GV 10 Beerse
39,Antwerpseweg 195,2021-10-17,11:00:00,23,11,12,FMN GV 10 Beerse
39,Antwerpseweg 195,2021-10-17,12:00:00,18,14,4,FMN GV 10 Beerse
39,Antwerpseweg 195,2021-10-17,13:00:00,38,20,18,FMN GV 10 Beerse
39,Antwerpseweg 195,2021-10-17,14:00:00,65,37,28,FMN GV 10 Beerse
39,Antwerpseweg 195,2021-10-17,15:00:00,50,29,21,FMN GV 10 Beerse
39,Antwerpseweg 195,2021-10-17,16:00:00,41,25,16,FMN GV 10 Beerse
39,Antwerpseweg 195,2021-10-17,17:00:00,16,10,6,FMN GV 10 Beerse
39,Antwerpseweg 195,2021-10-17,18:00:00,13,9,4,FMN GV 10 Beerse
39,Antwerpseweg 195,2021-10-17,19:00:00,5,3,2,FMN GV 10 Beerse
39,Antwerpseweg 195,2021-10-17,20:00:00,2,1,1,FMN GV 10 Beerse
39,Antwerpseweg 195,2021-10-17,21:00:00,3,2,1,FMN GV 10 Beerse
39,Antwerpseweg 195,2021-10-17,22:00:00,4,4,0,FMN GV 10 Beerse
39,Antwerpseweg 195,2021-10-17,23:00:00,0,0,0,FMN GV 10 Beerse
39,Antwerpseweg 195,2021-10-18,00:00:00,0,0,0,FMN GV 10 Beerse
39,Antwerpseweg 195,2021-10-18,01:00:00,0,0,0,FMN GV 10 Beerse
39,Antwerpseweg 195,2021-10-18,02:00:00,0,0,0,FMN GV 10 Beerse
39,Antwerpseweg 195,2021-10-18,03:00:00,0,0,0,FMN GV 10 Beerse
39,Antwerpseweg 195,2021-10-18,04:00:00,0,0,0,FMN GV 10 Beerse
39,Antwerpseweg 195,2021-10-18,05:00:00,13,12,1,FMN GV 10 Beerse
39,Antwerpseweg 195,2021-10-18,06:00:00,13,12,1,FMN GV 10 Beerse
39,Antwerpseweg 195,2021-10-18,07:00:00,43,36,7,FMN GV 10 Beerse
39,Antwerpseweg 195,2021-10-18,08:00:00,27,22,5,FMN GV 10 Beerse
39,Antwerpseweg 195,2021-10-18,09:00:00,5,4,1,FMN GV 10 Beerse
39,Antwerpseweg 195,2021-10-18,10:00:00,9,4,5,FMN GV 10 Beerse
39,Antwerpseweg 195,2021-10-18,11:00:00,10,6,4,FMN GV 10 Beerse
39,Antwerpseweg 195,2021-10-18,12:00:00,19,10,9,FMN GV 10 Beerse
39,Antwerpseweg 195,2021-10-18,13:00:00,34,28,6,FMN GV 10 Beerse
39,Antwerpseweg 195,2021-10-18,14:00:00,36,18,18,FMN GV 10 Beerse
39,Antwerpseweg 195,2021-10-18,15:00:00,30,23,7,FMN GV 10 Beerse
39,Antwerpseweg 195,2021-10-18,16:00:00,90,59,31,FMN GV 10 Beerse
39,Antwerpseweg 195,2021-10-18,17:00:00,44,31,13,FMN GV 10 Beerse
39,Antwerpseweg 195,2021-10-18,18:00:00,14,10,4,FMN GV 10 Beerse
39,Antwerpseweg 195,2021-10-18,19:00:00,18,14,4,FMN GV 10 Beerse
39,Antwerpseweg 195,2021-10-18,20:00:00,4,1,3,FMN GV 10 Beerse
39,Antwerpseweg 195,2021-10-18,21:00:00,2,2,0,FMN GV 10 Beerse
39,Antwerpseweg 195,2021-10-18,22:00:00,6,3,3,FMN GV 10 Beerse
39,Antwerpseweg 195,2021-10-18,23:00:00,0,0,0,FMN GV 10 Beerse
39,Antwerpseweg 195,2021-10-19,00:00:00,0,0,0,FMN GV 10 Beerse
39,Antwerpseweg 195,2021-10-19,01:00:00,0,0,0,FMN GV 10 Beerse
39,Antwerpseweg 195,2021-10-19,02:00:00,0,0,0,FMN GV 10 Beerse
39,Antwerpseweg 195,2021-10-19,03:00:00,0,0,0,FMN GV 10 Beerse
39,Antwerpseweg 195,2021-10-19,04:00:00,1,1,0,FMN GV 10 Beerse
39,Antwerpseweg 195,2021-10-19,05:00:00,17,17,0,FMN GV 10 Beerse
39,Antwerpseweg 195,2021-10-19,06:00:00,9,8,1,FMN GV 10 Beerse
39,Antwerpseweg 195,2021-10-19,07:00:00,47,43,4,FMN GV 10 Beerse
39,Antwerpseweg 195,2021-10-19,08:00:00,14,12,2,FMN GV 10 Beerse
39,Antwerpseweg 195,2021-10-19,09:00:00,6,3,3,FMN GV 10 Beerse
39,Antwerpseweg 195,2021-10-19,10:00:00,2,1,1,FMN GV 10 Beerse
39,Antwerpseweg 195,2021-10-19,11:00:00,3,1,2,FMN GV 10 Beerse
39,Antwerpseweg 195,2021-10-19,12:00:00,19,15,4,FMN GV 10 Beerse
39,Antwerpseweg 195,2021-10-19,13:00:00,16,13,3,FMN GV 10 Beerse
39,Antwerpseweg 195,2021-10-19,14:00:00,20,13,7,FMN GV 10 Beerse
39,Antwerpseweg 195,2021-10-19,15:00:00,21,15,6,FMN GV 10 Beerse
39,Antwerpseweg 195,2021-10-19,16:00:00,60,40,20,FMN GV 10 Beerse
39,Antwerpseweg 195,2021-10-19,17:00:00,21,14,7,FMN GV 10 Beerse
39,Antwerpseweg 195,2021-10-19,18:00:00,14,11,3,FMN GV 10 Beerse
39,Antwerpseweg 195,2021-10-19,19:00:00,11,6,5,FMN GV 10 Beerse
39,Antwerpseweg 195,2021-10-19,20:00:00,1,1,0,FMN GV 10 Beerse
39,Antwerpseweg 195,2021-10-19,21:00:00,6,5,1,FMN GV 10 Beerse
39,Antwerpseweg 195,2021-10-19,22:00:00,6,4,2,FMN GV 10 Beerse
39,Antwerpseweg 195,2021-10-19,23:00:00,2,0,2,FMN GV 10 Beerse
39,Antwerpseweg 195,2021-10-20,00:00:00,0,0,0,FMN GV 10 Beerse
39,Antwerpseweg 195,2021-10-20,01:00:00,0,0,0,FMN GV 10 Beerse
39,Antwerpseweg 195,2021-10-20,02:00:00,0,0,0,FMN GV 10 Beerse
39,Antwerpseweg 195,2021-10-20,03:00:00,0,0,0,FMN GV 10 Beerse
39,Antwerpseweg 195,2021-10-20,04:00:00,1,1,0,FMN GV 10 Beerse
39,Antwerpseweg 195,2021-10-20,05:00:00,12,11,1,FMN GV 10 Beerse
39,Antwerpseweg 195,2021-10-20,06:00:00,14,13,1,FMN GV 10 Beerse
39,Antwerpseweg 195,2021-10-20,07:00:00,35,31,4,FMN GV 10 Beerse
39,Antwerpseweg 195,2021-10-20,08:00:00,17,14,3,FMN GV 10 Beerse
39,Antwerpseweg 195,2021-10-20,09:00:00,1,1,0,FMN GV 10 Beerse
39,Antwerpseweg 195,2021-10-20,10:00:00,7,6,1,FMN GV 10 Beerse
39,Antwerpseweg 195,2021-10-20,11:00:00,12,9,3,FMN GV 10 Beerse
39,Antwerpseweg 195,2021-10-20,12:00:00,36,31,5,FMN GV 10 Beerse
39,Antwerpseweg 195,2021-10-20,13:00:00,15,10,5,FMN GV 10 Beerse
39,Antwerpseweg 195,2021-10-20,14:00:00,13,10,3,FMN GV 10 Beerse
39,Antwerpseweg 195,2021-10-20,15:00:00,16,12,4,FMN GV 10 Beerse
39,Antwerpseweg 195,2021-10-20,16:00:00,25,14,11,FMN GV 10 Beerse
39,Antwerpseweg 195,2021-10-20,17:00:00,17,12,5,FMN GV 10 Beerse
39,Antwerpseweg 195,2021-10-20,18:00:00,10,6,4,FMN GV 10 Beerse
39,Antwerpseweg 195,2021-10-20,19:00:00,14,9,5,FMN GV 10 Beerse
39,Antwerpseweg 195,2021-10-20,20:00:00,6,5,1,FMN GV 10 Beerse
39,Antwerpseweg 195,2021-10-20,21:00:00,2,2,0,FMN GV 10 Beerse
39,Antwerpseweg 195,2021-10-20,22:00:00,4,3,1,FMN GV 10 Beerse
39,Antwerpseweg 195,2021-10-20,23:00:00,2,1,1,FMN GV 10 Beerse
39,Antwerpseweg 195,2021-10-21,00:00:00,0,0,0,FMN GV 10 Beerse
39,Antwerpseweg 195,2021-10-21,01:00:00,0,0,0,FMN GV 10 Beerse
39,Antwerpseweg 195,2021-10-21,02:00:00,1,1,0,FMN GV 10 Beerse
39,Antwerpseweg 195,2021-10-21,03:00:00,0,0,0,FMN GV 10 Beerse
39,Antwerpseweg 195,2021-10-21,04:00:00,0,0,0,FMN GV 10 Beerse
39,Antwerpseweg 195,2021-10-21,05:00:00,14,13,1,FMN GV 10 Beerse
39,Antwerpseweg 195,2021-10-21,06:00:00,5,5,0,FMN GV 10 Beerse
39,Antwerpseweg 195,2021-10-21,07:00:00,12,12,0,FMN GV 10 Beerse
39,Antwerpseweg 195,2021-10-21,08:00:00,5,4,1,FMN GV 10 Beerse
39,Antwerpseweg 195,2021-10-21,09:00:00,6,6,0,FMN GV 10 Beerse
39,Antwerpseweg 195,2021-10-21,10:00:00,4,2,2,FMN GV 10 Beerse
39,Antwerpseweg 195,2021-10-21,11:00:00,2,2,0,FMN GV 10 Beerse
39,Antwerpseweg 195,2021-10-21,12:00:00,8,5,3,FMN GV 10 Beerse
39,Antwerpseweg 195,2021-10-21,13:00:00,5,5,0,FMN GV 10 Beerse
39,Antwerpseweg 195,2021-10-21,14:00:00,9,3,6,FMN GV 10 Beerse
39,Antwerpseweg 195,2021-10-21,15:00:00,9,5,4,FMN GV 10 Beerse
39,Antwerpseweg 195,2021-10-21,16:00:00,15,8,7,FMN GV 10 Beerse
39,Antwerpseweg 195,2021-10-21,17:00:00,11,8,3,FMN GV 10 Beerse
39,Antwerpseweg 195,2021-10-21,18:00:00,9,5,4,FMN GV 10 Beerse
39,Antwerpseweg 195,2021-10-21,19:00:00,6,4,2,FMN GV 10 Beerse
39,Antwerpseweg 195,2021-10-21,20:00:00,2,0,2,FMN GV 10 Beerse
39,Antwerpseweg 195,2021-10-21,21:00:00,1,1,0,FMN GV 10 Beerse
39,Antwerpseweg 195,2021-10-21,22:00:00,3,3,0,FMN GV 10 Beerse
39,Antwerpseweg 195,2021-10-21,23:00:00,0,0,0,FMN GV 10 Beerse
39,Antwerpseweg 195,2021-10-22,00:00:00,0,0,0,FMN GV 10 Beerse
39,Antwerpseweg 195,2021-10-22,01:00:00,0,0,0,FMN GV 10 Beerse
39,Antwerpseweg 195,2021-10-22,02:00:00,0,0,0,FMN GV 10 Beerse
39,Antwerpseweg 195,2021-10-22,03:00:00,0,0,0,FMN GV 10 Beerse
39,Antwerpseweg 195,2021-10-22,04:00:00,0,0,0,FMN GV 10 Beerse
39,Antwerpseweg 195,2021-10-22,05:00:00,17,15,2,FMN GV 10 Beerse
39,Antwerpseweg 195,2021-10-22,06:00:00,8,8,0,FMN GV 10 Beerse
39,Antwerpseweg 195,2021-10-22,07:00:00,30,26,4,FMN GV 10 Beerse
39,Antwerpseweg 195,2021-10-22,08:00:00,12,10,2,FMN GV 10 Beerse
39,Antwerpseweg 195,2021-10-22,09:00:00,5,4,1,FMN GV 10 Beerse
39,Antwerpseweg 195,2021-10-22,10:00:00,7,7,0,FMN GV 10 Beerse
39,Antwerpseweg 195,2021-10-22,11:00:00,19,15,4,FMN GV 10 Beerse
39,Antwerpseweg 195,2021-10-22,12:00:00,15,7,8,FMN GV 10 Beerse
39,Antwerpseweg 195,2021-10-22,13:00:00,16,8,8,FMN GV 10 Beerse
39,Antwerpseweg 195,2021-10-22,14:00:00,21,15,6,FMN GV 10 Beerse
39,Antwerpseweg 195,2021-10-22,15:00:00,27,19,8,FMN GV 10 Beerse
39,Antwerpseweg 195,2021-10-22,16:00:00,37,29,8,FMN GV 10 Beerse
39,Antwerpseweg 195,2021-10-22,17:00:00,20,16,4,FMN GV 10 Beerse
39,Antwerpseweg 195,2021-10-22,18:00:00,11,7,4,FMN GV 10 Beerse
39,Antwerpseweg 195,2021-10-22,19:00:00,3,2,1,FMN GV 10 Beerse
39,Antwerpseweg 195,2021-10-22,20:00:00,1,0,1,FMN GV 10 Beerse
39,Antwerpseweg 195,2021-10-22,21:00:00,3,2,1,FMN GV 10 Beerse
39,Antwerpseweg 195,2021-10-22,22:00:00,3,2,1,FMN GV 10 Beerse
39,Antwerpseweg 195,2021-10-22,23:00:00,0,0,0,FMN GV 10 Beerse
39,Antwerpseweg 195,2021-10-23,00:00:00,2,1,1,FMN GV 10 Beerse
39,Antwerpseweg 195,2021-10-23,01:00:00,0,0,0,FMN GV 10 Beerse
39,Antwerpseweg 195,2021-10-23,02:00:00,0,0,0,FMN GV 10 Beerse
39,Antwerpseweg 195,2021-10-23,03:00:00,1,1,0,FMN GV 10 Beerse
39,Antwerpseweg 195,2021-10-23,04:00:00,0,0,0,FMN GV 10 Beerse
39,Antwerpseweg 195,2021-10-23,05:00:00,3,3,0,FMN GV 10 Beerse
39,Antwerpseweg 195,2021-10-23,06:00:00,2,2,0,FMN GV 10 Beerse
39,Antwerpseweg 195,2021-10-23,07:00:00,1,1,0,FMN GV 10 Beerse
39,Antwerpseweg 195,2021-10-23,08:00:00,7,5,2,FMN GV 10 Beerse
39,Antwerpseweg 195,2021-10-23,09:00:00,16,11,5,FMN GV 10 Beerse
39,Antwerpseweg 195,2021-10-23,10:00:00,21,16,5,FMN GV 10 Beerse
39,Antwerpseweg 195,2021-10-23,11:00:00,20,13,7,FMN GV 10 Beerse
39,Antwerpseweg 195,2021-10-23,12:00:00,9,8,1,FMN GV 10 Beerse
39,Antwerpseweg 195,2021-10-23,13:00:00,26,20,6,FMN GV 10 Beerse
39,Antwerpseweg 195,2021-10-23,14:00:00,34,22,12,FMN GV 10 Beerse
39,Antwerpseweg 195,2021-10-23,15:00:00,30,17,13,FMN GV 10 Beerse
39,Antwerpseweg 195,2021-10-23,16:00:00,14,12,2,FMN GV 10 Beerse
39,Antwerpseweg 195,2021-10-23,17:00:00,13,7,6,FMN GV 10 Beerse
39,Antwerpseweg 195,2021-10-23,18:00:00,10,10,0,FMN GV 10 Beerse
39,Antwerpseweg 195,2021-10-23,19:00:00,2,2,0,FMN GV 10 Beerse
39,Antwerpseweg 195,2021-10-23,20:00:00,10,10,0,FMN GV 10 Beerse
39,Antwerpseweg 195,2021-10-23,21:00:00,1,1,0,FMN GV 10 Beerse
39,Antwerpseweg 195,2021-10-23,22:00:00,5,5,0,FMN GV 10 Beerse
39,Antwerpseweg 195,2021-10-23,23:00:00,0,0,0,FMN GV 10 Beerse
39,Antwerpseweg 195,2021-10-24,00:00:00,3,1,2,FMN GV 10 Beerse
39,Antwerpseweg 195,2021-10-24,01:00:00,6,2,4,FMN GV 10 Beerse
39,Antwerpseweg 195,2021-10-24,02:00:00,6,0,6,FMN GV 10 Beerse
39,Antwerpseweg 195,2021-10-24,03:00:00,0,0,0,FMN GV 10 Beerse
39,Antwerpseweg 195,2021-10-24,04:00:00,1,1,0,FMN GV 10 Beerse
39,Antwerpseweg 195,2021-10-24,05:00:00,0,0,0,FMN GV 10 Beerse
39,Antwerpseweg 195,2021-10-24,06:00:00,1,1,0,FMN GV 10 Beerse
39,Antwerpseweg 195,2021-10-24,07:00:00,3,2,1,FMN GV 10 Beerse
39,Antwerpseweg 195,2021-10-24,08:00:00,5,3,2,FMN GV 10 Beerse
39,Antwerpseweg 195,2021-10-24,09:00:00,9,7,2,FMN GV 10 Beerse
39,Antwerpseweg 195,2021-10-24,10:00:00,27,16,11,FMN GV 10 Beerse
39,Antwerpseweg 195,2021-10-24,11:00:00,17,12,5,FMN GV 10 Beerse
39,Antwerpseweg 195,2021-10-24,12:00:00,19,13,6,FMN GV 10 Beerse
39,Antwerpseweg 195,2021-10-24,13:00:00,25,18,7,FMN GV 10 Beerse
39,Antwerpseweg 195,2021-10-24,14:00:00,39,21,18,FMN GV 10 Beerse
39,Antwerpseweg 195,2021-10-24,15:00:00,64,43,21,FMN GV 10 Beerse
39,Antwerpseweg 195,2021-10-24,16:00:00,40,27,13,FMN GV 10 Beerse
39,Antwerpseweg 195,2021-10-24,17:00:00,25,18,7,FMN GV 10 Beerse
39,Antwerpseweg 195,2021-10-24,18:00:00,8,8,0,FMN GV 10 Beerse
39,Antwerpseweg 195,2021-10-24,19:00:00,6,4,2,FMN GV 10 Beerse
39,Antwerpseweg 195,2021-10-24,20:00:00,5,3,2,FMN GV 10 Beerse
39,Antwerpseweg 195,2021-10-24,21:00:00,4,2,2,FMN GV 10 Beerse
39,Antwerpseweg 195,2021-10-24,22:00:00,3,3,0,FMN GV 10 Beerse
39,Antwerpseweg 195,2021-10-24,23:00:00,1,1,0,FMN GV 10 Beerse
39,Antwerpseweg 195,2021-10-25,00:00:00,0,0,0,FMN GV 10 Beerse
39,Antwerpseweg 195,2021-10-25,01:00:00,0,0,0,FMN GV 10 Beerse
39,Antwerpseweg 195,2021-10-25,02:00:00,0,0,0,FMN GV 10 Beerse
39,Antwerpseweg 195,2021-10-25,03:00:00,0,0,0,FMN GV 10 Beerse
39,Antwerpseweg 195,2021-10-25,04:00:00,1,1,0,FMN GV 10 Beerse
39,Antwerpseweg 195,2021-10-25,05:00:00,8,8,0,FMN GV 10 Beerse
39,Antwerpseweg 195,2021-10-25,06:00:00,10,10,0,FMN GV 10 Beerse
39,Antwerpseweg 195,2021-10-25,07:00:00,41,34,7,FMN GV 10 Beerse
39,Antwerpseweg 195,2021-10-25,08:00:00,21,19,2,FMN GV 10 Beerse
39,Antwerpseweg 195,2021-10-25,09:00:00,1,0,1,FMN GV 10 Beerse
39,Antwerpseweg 195,2021-10-25,10:00:00,4,4,0,FMN GV 10 Beerse
39,Antwerpseweg 195,2021-10-25,11:00:00,7,5,2,FMN GV 10 Beerse
39,Antwerpseweg 195,2021-10-25,12:00:00,15,9,6,FMN GV 10 Beerse
39,Antwerpseweg 195,2021-10-25,13:00:00,32,23,9,FMN GV 10 Beerse
39,Antwerpseweg 195,2021-10-25,14:00:00,20,11,9,FMN GV 10 Beerse
39,Antwerpseweg 195,2021-10-25,15:00:00,28,16,12,FMN GV 10 Beerse
39,Antwerpseweg 195,2021-10-25,16:00:00,57,39,18,FMN GV 10 Beerse
39,Antwerpseweg 195,2021-10-25,17:00:00,29,17,12,FMN GV 10 Beerse
39,Antwerpseweg 195,2021-10-25,18:00:00,15,11,4,FMN GV 10 Beerse
39,Antwerpseweg 195,2021-10-25,19:00:00,6,5,1,FMN GV 10 Beerse
39,Antwerpseweg 195,2021-10-25,20:00:00,5,2,3,FMN GV 10 Beerse
39,Antwerpseweg 195,2021-10-25,21:00:00,9,9,0,FMN GV 10 Beerse
39,Antwerpseweg 195,2021-10-25,22:00:00,6,4,2,FMN GV 10 Beerse
39,Antwerpseweg 195,2021-10-25,23:00:00,0,0,0,FMN GV 10 Beerse
39,Antwerpseweg 195,2021-10-26,00:00:00,1,1,0,FMN GV 10 Beerse
39,Antwerpseweg 195,2021-10-26,01:00:00,0,0,0,FMN GV 10 Beerse
39,Antwerpseweg 195,2021-10-26,02:00:00,0,0,0,FMN GV 10 Beerse
39,Antwerpseweg 195,2021-10-26,03:00:00,0,0,0,FMN GV 10 Beerse
39,Antwerpseweg 195,2021-10-26,04:00:00,2,2,0,FMN GV 10 Beerse
39,Antwerpseweg 195,2021-10-26,05:00:00,13,12,1,FMN GV 10 Beerse
39,Antwerpseweg 195,2021-10-26,06:00:00,14,12,2,FMN GV 10 Beerse
39,Antwerpseweg 195,2021-10-26,07:00:00,46,35,11,FMN GV 10 Beerse
39,Antwerpseweg 195,2021-10-26,08:00:00,22,20,2,FMN GV 10 Beerse
39,Antwerpseweg 195,2021-10-26,09:00:00,7,7,0,FMN GV 10 Beerse
39,Antwerpseweg 195,2021-10-26,10:00:00,9,7,2,FMN GV 10 Beerse
39,Antwerpseweg 195,2021-10-26,11:00:00,11,7,4,FMN GV 10 Beerse
39,Antwerpseweg 195,2021-10-26,12:00:00,19,13,6,FMN GV 10 Beerse
39,Antwerpseweg 195,2021-10-26,13:00:00,37,24,13,FMN GV 10 Beerse
39,Antwerpseweg 195,2021-10-26,14:00:00,33,23,10,FMN GV 10 Beerse
39,Antwerpseweg 195,2021-10-26,15:00:00,31,20,11,FMN GV 10 Beerse
39,Antwerpseweg 195,2021-10-26,16:00:00,53,35,18,FMN GV 10 Beerse
39,Antwerpseweg 195,2021-10-26,17:00:00,30,15,15,FMN GV 10 Beerse
39,Antwerpseweg 195,2021-10-26,18:00:00,19,15,4,FMN GV 10 Beerse
39,Antwerpseweg 195,2021-10-26,19:00:00,13,9,4,FMN GV 10 Beerse
39,Antwerpseweg 195,2021-10-26,20:00:00,8,4,4,FMN GV 10 Beerse
39,Antwerpseweg 195,2021-10-26,21:00:00,8,8,0,FMN GV 10 Beerse
39,Antwerpseweg 195,2021-10-26,22:00:00,5,3,2,FMN GV 10 Beerse
39,Antwerpseweg 195,2021-10-26,23:00:00,0,0,0,FMN GV 10 Beerse
39,Antwerpseweg 195,2021-10-27,00:00:00,1,1,0,FMN GV 10 Beerse
39,Antwerpseweg 195,2021-10-27,01:00:00,1,1,0,FMN GV 10 Beerse
39,Antwerpseweg 195,2021-10-27,02:00:00,0,0,0,FMN GV 10 Beerse
39,Antwerpseweg 195,2021-10-27,03:00:00,0,0,0,FMN GV 10 Beerse
39,Antwerpseweg 195,2021-10-27,04:00:00,1,1,0,FMN GV 10 Beerse
39,Antwerpseweg 195,2021-10-27,05:00:00,9,7,2,FMN GV 10 Beerse
39,Antwerpseweg 195,2021-10-27,06:00:00,11,8,3,FMN GV 10 Beerse
39,Antwerpseweg 195,2021-10-27,07:00:00,48,42,6,FMN GV 10 Beerse
39,Antwerpseweg 195,2021-10-27,08:00:00,20,17,3,FMN GV 10 Beerse
39,Antwerpseweg 195,2021-10-27,09:00:00,10,6,4,FMN GV 10 Beerse
39,Antwerpseweg 195,2021-10-27,10:00:00,16,8,8,FMN GV 10 Beerse
39,Antwerpseweg 195,2021-10-27,11:00:00,18,18,0,FMN GV 10 Beerse
39,Antwerpseweg 195,2021-10-27,12:00:00,54,38,16,FMN GV 10 Beerse
39,Antwerpseweg 195,2021-10-27,13:00:00,31,25,6,FMN GV 10 Beerse
39,Antwerpseweg 195,2021-10-27,14:00:00,23,15,8,FMN GV 10 Beerse
39,Antwerpseweg 195,2021-10-27,15:00:00,64,44,20,FMN GV 10 Beerse
39,Antwerpseweg 195,2021-10-27,16:00:00,48,36,12,FMN GV 10 Beerse
39,Antwerpseweg 195,2021-10-27,17:00:00,33,17,16,FMN GV 10 Beerse
39,Antwerpseweg 195,2021-10-27,18:00:00,22,13,9,FMN GV 10 Beerse
39,Antwerpseweg 195,2021-10-27,19:00:00,5,3,2,FMN GV 10 Beerse
39,Antwerpseweg 195,2021-10-27,20:00:00,6,5,1,FMN GV 10 Beerse
39,Antwerpseweg 195,2021-10-27,21:00:00,4,3,1,FMN GV 10 Beerse
39,Antwerpseweg 195,2021-10-27,22:00:00,6,4,2,FMN GV 10 Beerse
39,Antwerpseweg 195,2021-10-27,23:00:00,1,1,0,FMN GV 10 Beerse
39,Antwerpseweg 195,2021-10-28,00:00:00,0,0,0,FMN GV 10 Beerse
39,Antwerpseweg 195,2021-10-28,01:00:00,0,0,0,FMN GV 10 Beerse
39,Antwerpseweg 195,2021-10-28,02:00:00,0,0,0,FMN GV 10 Beerse
39,Antwerpseweg 195,2021-10-28,03:00:00,0,0,0,FMN GV 10 Beerse
39,Antwerpseweg 195,2021-10-28,04:00:00,3,3,0,FMN GV 10 Beerse
39,Antwerpseweg 195,2021-10-28,05:00:00,7,6,1,FMN GV 10 Beerse
39,Antwerpseweg 195,2021-10-28,06:00:00,13,12,1,FMN GV 10 Beerse
39,Antwerpseweg 195,2021-10-28,07:00:00,58,53,5,FMN GV 10 Beerse
39,Antwerpseweg 195,2021-10-28,08:00:00,22,17,5,FMN GV 10 Beerse
39,Antwerpseweg 195,2021-10-28,09:00:00,9,6,3,FMN GV 10 Beerse
39,Antwerpseweg 195,2021-10-28,10:00:00,7,6,1,FMN GV 10 Beerse
39,Antwerpseweg 195,2021-10-28,11:00:00,6,5,1,FMN GV 10 Beerse
39,Antwerpseweg 195,2021-10-28,12:00:00,27,16,11,FMN GV 10 Beerse
39,Antwerpseweg 195,2021-10-28,13:00:00,27,23,4,FMN GV 10 Beerse
39,Antwerpseweg 195,2021-10-28,14:00:00,33,23,10,FMN GV 10 Beerse
39,Antwerpseweg 195,2021-10-28,15:00:00,48,34,14,FMN GV 10 Beerse
39,Antwerpseweg 195,2021-10-28,16:00:00,72,59,13,FMN GV 10 Beerse
39,Antwerpseweg 195,2021-10-28,17:00:00,34,14,20,FMN GV 10 Beerse
39,Antwerpseweg 195,2021-10-28,18:00:00,13,7,6,FMN GV 10 Beerse
39,Antwerpseweg 195,2021-10-28,19:00:00,8,6,2,FMN GV 10 Beerse
39,Antwerpseweg 195,2021-10-28,20:00:00,4,3,1,FMN GV 10 Beerse
39,Antwerpseweg 195,2021-10-28,21:00:00,5,4,1,FMN GV 10 Beerse
39,Antwerpseweg 195,2021-10-28,22:00:00,5,3,2,FMN GV 10 Beerse
39,Antwerpseweg 195,2021-10-28,23:00:00,2,2,0,FMN GV 10 Beerse
39,Antwerpseweg 195,2021-10-29,00:00:00,0,0,0,FMN GV 10 Beerse
39,Antwerpseweg 195,2021-10-29,01:00:00,1,1,0,FMN GV 10 Beerse
39,Antwerpseweg 195,2021-10-29,02:00:00,0,0,0,FMN GV 10 Beerse
39,Antwerpseweg 195,2021-10-29,03:00:00,0,0,0,FMN GV 10 Beerse
39,Antwerpseweg 195,2021-10-29,04:00:00,0,0,0,FMN GV 10 Beerse
39,Antwerpseweg 195,2021-10-29,05:00:00,12,12,0,FMN GV 10 Beerse
39,Antwerpseweg 195,2021-10-29,06:00:00,12,10,2,FMN GV 10 Beerse
39,Antwerpseweg 195,2021-10-29,07:00:00,38,32,6,FMN GV 10 Beerse
39,Antwerpseweg 195,2021-10-29,08:00:00,14,11,3,FMN GV 10 Beerse
39,Antwerpseweg 195,2021-10-29,09:00:00,10,10,0,FMN GV 10 Beerse
39,Antwerpseweg 195,2021-10-29,10:00:00,20,15,5,FMN GV 10 Beerse
39,Antwerpseweg 195,2021-10-29,11:00:00,13,12,1,FMN GV 10 Beerse
39,Antwerpseweg 195,2021-10-29,12:00:00,12,11,1,FMN GV 10 Beerse
39,Antwerpseweg 195,2021-10-29,13:00:00,31,24,7,FMN GV 10 Beerse
39,Antwerpseweg 195,2021-10-29,14:00:00,24,20,4,FMN GV 10 Beerse
39,Antwerpseweg 195,2021-10-29,15:00:00,40,30,10,FMN GV 10 Beerse
39,Antwerpseweg 195,2021-10-29,16:00:00,48,27,21,FMN GV 10 Beerse
39,Antwerpseweg 195,2021-10-29,17:00:00,20,16,4,FMN GV 10 Beerse
39,Antwerpseweg 195,2021-10-29,18:00:00,18,13,5,FMN GV 10 Beerse
39,Antwerpseweg 195,2021-10-29,19:00:00,5,4,1,FMN GV 10 Beerse
39,Antwerpseweg 195,2021-10-29,20:00:00,6,4,2,FMN GV 10 Beerse
39,Antwerpseweg 195,2021-10-29,21:00:00,2,1,1,FMN GV 10 Beerse
39,Antwerpseweg 195,2021-10-29,22:00:00,3,2,1,FMN GV 10 Beerse
39,Antwerpseweg 195,2021-10-29,23:00:00,2,2,0,FMN GV 10 Beerse
39,Antwerpseweg 195,2021-10-30,00:00:00,1,1,0,FMN GV 10 Beerse
39,Antwerpseweg 195,2021-10-30,01:00:00,1,1,0,FMN GV 10 Beerse
39,Antwerpseweg 195,2021-10-30,02:00:00,1,0,1,FMN GV 10 Beerse
39,Antwerpseweg 195,2021-10-30,03:00:00,1,0,1,FMN GV 10 Beerse
39,Antwerpseweg 195,2021-10-30,04:00:00,4,2,2,FMN GV 10 Beerse
39,Antwerpseweg 195,2021-10-30,05:00:00,0,0,0,FMN GV 10 Beerse
39,Antwerpseweg 195,2021-10-30,06:00:00,1,1,0,FMN GV 10 Beerse
39,Antwerpseweg 195,2021-10-30,07:00:00,1,1,0,FMN GV 10 Beerse
39,Antwerpseweg 195,2021-10-30,08:00:00,1,1,0,FMN GV 10 Beerse
39,Antwerpseweg 195,2021-10-30,09:00:00,1,0,1,FMN GV 10 Beerse
39,Antwerpseweg 195,2021-10-30,10:00:00,3,3,0,FMN GV 10 Beerse
39,Antwerpseweg 195,2021-10-30,11:00:00,0,0,0,FMN GV 10 Beerse
39,Antwerpseweg 195,2021-10-30,12:00:00,4,3,1,FMN GV 10 Beerse
39,Antwerpseweg 195,2021-10-30,13:00:00,6,5,1,FMN GV 10 Beerse
39,Antwerpseweg 195,2021-10-30,14:00:00,6,3,3,FMN GV 10 Beerse
39,Antwerpseweg 195,2021-10-30,15:00:00,3,2,1,FMN GV 10 Beerse
39,Antwerpseweg 195,2021-10-30,16:00:00,0,0,0,FMN GV 10 Beerse
39,Antwerpseweg 195,2021-10-30,17:00:00,9,6,3,FMN GV 10 Beerse
39,Antwerpseweg 195,2021-10-30,18:00:00,5,5,0,FMN GV 10 Beerse
39,Antwerpseweg 195,2021-10-30,19:00:00,4,2,2,FMN GV 10 Beerse
39,Antwerpseweg 195,2021-10-30,20:00:00,6,4,2,FMN GV 10 Beerse
39,Antwerpseweg 195,2021-10-30,21:00:00,1,0,1,FMN GV 10 Beerse
39,Antwerpseweg 195,2021-10-30,22:00:00,1,1,0,FMN GV 10 Beerse
39,Antwerpseweg 195,2021-10-30,23:00:00,0,0,0,FMN GV 10 Beerse
39,Antwerpseweg 195,2021-10-31,00:00:00,0,0,0,FMN GV 10 Beerse
39,Antwerpseweg 195,2021-10-31,01:00:00,3,1,2,FMN GV 10 Beerse
39,Antwerpseweg 195,2021-10-31,02:00:00,4,3,1,FMN GV 10 Beerse
39,Antwerpseweg 195,2021-10-31,03:00:00,2,2,0,FMN GV 10 Beerse
39,Antwerpseweg 195,2021-10-31,04:00:00,1,1,0,FMN GV 10 Beerse
39,Antwerpseweg 195,2021-10-31,05:00:00,0,0,0,FMN GV 10 Beerse
39,Antwerpseweg 195,2021-10-31,06:00:00,2,2,0,FMN GV 10 Beerse
39,Antwerpseweg 195,2021-10-31,07:00:00,2,1,1,FMN GV 10 Beerse
39,Antwerpseweg 195,2021-10-31,08:00:00,4,3,1,FMN GV 10 Beerse
39,Antwerpseweg 195,2021-10-31,09:00:00,14,11,3,FMN GV 10 Beerse
39,Antwerpseweg 195,2021-10-31,10:00:00,33,24,9,FMN GV 10 Beerse
39,Antwerpseweg 195,2021-10-31,11:00:00,25,7,18,FMN GV 10 Beerse
39,Antwerpseweg 195,2021-10-31,12:00:00,13,6,7,FMN GV 10 Beerse
39,Antwerpseweg 195,2021-10-31,13:00:00,8,7,1,FMN GV 10 Beerse
39,Antwerpseweg 195,2021-10-31,14:00:00,10,7,3,FMN GV 10 Beerse
39,Antwerpseweg 195,2021-10-31,15:00:00,7,3,4,FMN GV 10 Beerse
39,Antwerpseweg 195,2021-10-31,16:00:00,4,2,2,FMN GV 10 Beerse
39,Antwerpseweg 195,2021-10-31,17:00:00,1,1,0,FMN GV 10 Beerse
39,Antwerpseweg 195,2021-10-31,18:00:00,4,3,1,FMN GV 10 Beerse
39,Antwerpseweg 195,2021-10-31,19:00:00,1,1,0,FMN GV 10 Beerse
39,Antwerpseweg 195,2021-10-31,20:00:00,0,0,0,FMN GV 10 Beerse
39,Antwerpseweg 195,2021-10-31,21:00:00,1,1,0,FMN GV 10 Beerse
39,Antwerpseweg 195,2021-10-31,22:00:00,1,1,0,FMN GV 10 Beerse
39,Antwerpseweg 195,2021-10-31,23:00:00,0,0,0,FMN GV 10 Beerse
39,Antwerpseweg 195,2021-11-01,00:00:00,0,0,0,FMN GV 10 Beerse
39,Antwerpseweg 195,2021-11-01,01:00:00,1,1,0,FMN GV 10 Beerse
39,Antwerpseweg 195,2021-11-01,02:00:00,0,0,0,FMN GV 10 Beerse
39,Antwerpseweg 195,2021-11-01,03:00:00,0,0,0,FMN GV 10 Beerse
39,Antwerpseweg 195,2021-11-01,04:00:00,0,0,0,FMN GV 10 Beerse
39,Antwerpseweg 195,2021-11-01,05:00:00,2,2,0,FMN GV 10 Beerse
39,Antwerpseweg 195,2021-11-01,06:00:00,0,0,0,FMN GV 10 Beerse
39,Antwerpseweg 195,2021-11-01,07:00:00,2,2,0,FMN GV 10 Beerse
39,Antwerpseweg 195,2021-11-01,08:00:00,3,1,2,FMN GV 10 Beerse
39,Antwerpseweg 195,2021-11-01,09:00:00,5,3,2,FMN GV 10 Beerse
39,Antwerpseweg 195,2021-11-01,10:00:00,22,16,6,FMN GV 10 Beerse
39,Antwerpseweg 195,2021-11-01,11:00:00,7,3,4,FMN GV 10 Beerse
39,Antwerpseweg 195,2021-11-01,12:00:00,4,3,1,FMN GV 10 Beerse
39,Antwerpseweg 195,2021-11-01,13:00:00,10,5,5,FMN GV 10 Beerse
39,Antwerpseweg 195,2021-11-01,14:00:00,6,5,1,FMN GV 10 Beerse
39,Antwerpseweg 195,2021-11-01,15:00:00,11,9,2,FMN GV 10 Beerse
39,Antwerpseweg 195,2021-11-01,16:00:00,5,2,3,FMN GV 10 Beerse
39,Antwerpseweg 195,2021-11-01,17:00:00,4,2,2,FMN GV 10 Beerse
39,Antwerpseweg 195,2021-11-01,18:00:00,3,2,1,FMN GV 10 Beerse
39,Antwerpseweg 195,2021-11-01,19:00:00,2,2,0,FMN GV 10 Beerse
39,Antwerpseweg 195,2021-11-01,20:00:00,3,3,0,FMN GV 10 Beerse
39,Antwerpseweg 195,2021-11-01,21:00:00,4,4,0,FMN GV 10 Beerse
39,Antwerpseweg 195,2021-11-01,22:00:00,0,0,0,FMN GV 10 Beerse
39,Antwerpseweg 195,2021-11-01,23:00:00,2,1,1,FMN GV 10 Beerse
39,Antwerpseweg 195,2021-11-02,00:00:00,2,0,2,FMN GV 10 Beerse
39,Antwerpseweg 195,2021-11-02,01:00:00,0,0,0,FMN GV 10 Beerse
39,Antwerpseweg 195,2021-11-02,02:00:00,2,1,1,FMN GV 10 Beerse
39,Antwerpseweg 195,2021-11-02,03:00:00,1,0,1,FMN GV 10 Beerse
39,Antwerpseweg 195,2021-11-02,04:00:00,2,2,0,FMN GV 10 Beerse
39,Antwerpseweg 195,2021-11-02,05:00:00,9,9,0,FMN GV 10 Beerse
39,Antwerpseweg 195,2021-11-02,06:00:00,8,7,1,FMN GV 10 Beerse
39,Antwerpseweg 195,2021-11-02,07:00:00,16,13,3,FMN GV 10 Beerse
39,Antwerpseweg 195,2021-11-02,08:00:00,5,4,1,FMN GV 10 Beerse
39,Antwerpseweg 195,2021-11-02,09:00:00,2,2,0,FMN GV 10 Beerse
39,Antwerpseweg 195,2021-11-02,10:00:00,4,3,1,FMN GV 10 Beerse
39,Antwerpseweg 195,2021-11-02,11:00:00,4,4,0,FMN GV 10 Beerse
39,Antwerpseweg 195,2021-11-02,12:00:00,10,7,3,FMN GV 10 Beerse
39,Antwerpseweg 195,2021-11-02,13:00:00,14,5,9,FMN GV 10 Beerse
39,Antwerpseweg 195,2021-11-02,14:00:00,12,5,7,FMN GV 10 Beerse
39,Antwerpseweg 195,2021-11-02,15:00:00,9,3,6,FMN GV 10 Beerse
39,Antwerpseweg 195,2021-11-02,16:00:00,17,11,6,FMN GV 10 Beerse
39,Antwerpseweg 195,2021-11-02,17:00:00,20,14,6,FMN GV 10 Beerse
39,Antwerpseweg 195,2021-11-02,18:00:00,8,4,4,FMN GV 10 Beerse
39,Antwerpseweg 195,2021-11-02,19:00:00,3,1,2,FMN GV 10 Beerse
39,Antwerpseweg 195,2021-11-02,20:00:00,4,3,1,FMN GV 10 Beerse
39,Antwerpseweg 195,2021-11-02,21:00:00,4,2,2,FMN GV 10 Beerse
39,Antwerpseweg 195,2021-11-02,22:00:00,4,3,1,FMN GV 10 Beerse
39,Antwerpseweg 195,2021-11-02,23:00:00,0,0,0,FMN GV 10 Beerse
39,Antwerpseweg 195,2021-11-03,00:00:00,0,0,0,FMN GV 10 Beerse
39,Antwerpseweg 195,2021-11-03,01:00:00,0,0,0,FMN GV 10 Beerse
39,Antwerpseweg 195,2021-11-03,02:00:00,0,0,0,FMN GV 10 Beerse
39,Antwerpseweg 195,2021-11-03,03:00:00,0,0,0,FMN GV 10 Beerse
39,Antwerpseweg 195,2021-11-03,04:00:00,0,0,0,FMN GV 10 Beerse
39,Antwerpseweg 195,2021-11-03,05:00:00,7,6,1,FMN GV 10 Beerse
39,Antwerpseweg 195,2021-11-03,06:00:00,8,7,1,FMN GV 10 Beerse
39,Antwerpseweg 195,2021-11-03,07:00:00,15,13,2,FMN GV 10 Beerse
39,Antwerpseweg 195,2021-11-03,08:00:00,5,3,2,FMN GV 10 Beerse
39,Antwerpseweg 195,2021-11-03,09:00:00,7,6,1,FMN GV 10 Beerse
39,Antwerpseweg 195,2021-11-03,10:00:00,13,10,3,FMN GV 10 Beerse
39,Antwerpseweg 195,2021-11-03,11:00:00,10,4,6,FMN GV 10 Beerse
39,Antwerpseweg 195,2021-11-03,12:00:00,19,12,7,FMN GV 10 Beerse
39,Antwerpseweg 195,2021-11-03,13:00:00,38,29,9,FMN GV 10 Beerse
39,Antwerpseweg 195,2021-11-03,14:00:00,22,16,6,FMN GV 10 Beerse
39,Antwerpseweg 195,2021-11-03,15:00:00,19,12,7,FMN GV 10 Beerse
39,Antwerpseweg 195,2021-11-03,16:00:00,21,14,7,FMN GV 10 Beerse
39,Antwerpseweg 195,2021-11-03,17:00:00,17,10,7,FMN GV 10 Beerse
39,Antwerpseweg 195,2021-11-03,18:00:00,12,12,0,FMN GV 10 Beerse
39,Antwerpseweg 195,2021-11-03,19:00:00,5,5,0,FMN GV 10 Beerse
39,Antwerpseweg 195,2021-11-03,20:00:00,3,1,2,FMN GV 10 Beerse
39,Antwerpseweg 195,2021-11-03,21:00:00,2,2,0,FMN GV 10 Beerse
39,Antwerpseweg 195,2021-11-03,22:00:00,3,3,0,FMN GV 10 Beerse
39,Antwerpseweg 195,2021-11-03,23:00:00,1,1,0,FMN GV 10 Beerse
39,Antwerpseweg 195,2021-11-04,00:00:00,3,1,2,FMN GV 10 Beerse
39,Antwerpseweg 195,2021-11-04,01:00:00,1,1,0,FMN GV 10 Beerse
39,Antwerpseweg 195,2021-11-04,02:00:00,0,0,0,FMN GV 10 Beerse
39,Antwerpseweg 195,2021-11-04,03:00:00,0,0,0,FMN GV 10 Beerse
39,Antwerpseweg 195,2021-11-04,04:00:00,1,1,0,FMN GV 10 Beerse
39,Antwerpseweg 195,2021-11-04,05:00:00,11,10,1,FMN GV 10 Beerse
39,Antwerpseweg 195,2021-11-04,06:00:00,10,10,0,FMN GV 10 Beerse
39,Antwerpseweg 195,2021-11-04,07:00:00,22,19,3,FMN GV 10 Beerse
39,Antwerpseweg 195,2021-11-04,08:00:00,7,7,0,FMN GV 10 Beerse
39,Antwerpseweg 195,2021-11-04,09:00:00,5,5,0,FMN GV 10 Beerse
39,Antwerpseweg 195,2021-11-04,10:00:00,7,5,2,FMN GV 10 Beerse
39,Antwerpseweg 195,2021-11-04,11:00:00,4,2,2,FMN GV 10 Beerse
39,Antwerpseweg 195,2021-11-04,12:00:00,19,12,7,FMN GV 10 Beerse
39,Antwerpseweg 195,2021-11-04,13:00:00,19,17,2,FMN GV 10 Beerse
39,Antwerpseweg 195,2021-11-04,14:00:00,12,8,4,FMN GV 10 Beerse
39,Antwerpseweg 195,2021-11-04,15:00:00,9,4,5,FMN GV 10 Beerse
39,Antwerpseweg 195,2021-11-04,16:00:00,20,10,10,FMN GV 10 Beerse
39,Antwerpseweg 195,2021-11-04,17:00:00,17,10,7,FMN GV 10 Beerse
39,Antwerpseweg 195,2021-11-04,18:00:00,14,11,3,FMN GV 10 Beerse
39,Antwerpseweg 195,2021-11-04,19:00:00,6,4,2,FMN GV 10 Beerse
39,Antwerpseweg 195,2021-11-04,20:00:00,8,4,4,FMN GV 10 Beerse
39,Antwerpseweg 195,2021-11-04,21:00:00,2,2,0,FMN GV 10 Beerse
39,Antwerpseweg 195,2021-11-04,22:00:00,1,1,0,FMN GV 10 Beerse
39,Antwerpseweg 195,2021-11-04,23:00:00,2,1,1,FMN GV 10 Beerse
39,Antwerpseweg 195,2021-11-05,00:00:00,0,0,0,FMN GV 10 Beerse
39,Antwerpseweg 195,2021-11-05,01:00:00,0,0,0,FMN GV 10 Beerse
39,Antwerpseweg 195,2021-11-05,02:00:00,0,0,0,FMN GV 10 Beerse
39,Antwerpseweg 195,2021-11-05,03:00:00,0,0,0,FMN GV 10 Beerse
39,Antwerpseweg 195,2021-11-05,04:00:00,1,1,0,FMN GV 10 Beerse
39,Antwerpseweg 195,2021-11-05,05:00:00,12,11,1,FMN GV 10 Beerse
39,Antwerpseweg 195,2021-11-05,06:00:00,7,7,0,FMN GV 10 Beerse
39,Antwerpseweg 195,2021-11-05,07:00:00,20,15,5,FMN GV 10 Beerse
39,Antwerpseweg 195,2021-11-05,08:00:00,3,3,0,FMN GV 10 Beerse
39,Antwerpseweg 195,2021-11-05,09:00:00,10,7,3,FMN GV 10 Beerse
39,Antwerpseweg 195,2021-11-05,10:00:00,18,11,7,FMN GV 10 Beerse
39,Antwerpseweg 195,2021-11-05,11:00:00,5,5,0,FMN GV 10 Beerse
39,Antwerpseweg 195,2021-11-05,12:00:00,12,6,6,FMN GV 10 Beerse
39,Antwerpseweg 195,2021-11-05,13:00:00,24,13,11,FMN GV 10 Beerse
39,Antwerpseweg 195,2021-11-05,14:00:00,31,16,15,FMN GV 10 Beerse
39,Antwerpseweg 195,2021-11-05,15:00:00,19,11,8,FMN GV 10 Beerse
39,Antwerpseweg 195,2021-11-05,16:00:00,22,14,8,FMN GV 10 Beerse
39,Antwerpseweg 195,2021-11-05,17:00:00,13,9,4,FMN GV 10 Beerse
39,Antwerpseweg 195,2021-11-05,18:00:00,10,10,0,FMN GV 10 Beerse
39,Antwerpseweg 195,2021-11-05,19:00:00,6,4,2,FMN GV 10 Beerse
39,Antwerpseweg 195,2021-11-05,20:00:00,4,3,1,FMN GV 10 Beerse
39,Antwerpseweg 195,2021-11-05,21:00:00,1,1,0,FMN GV 10 Beerse
39,Antwerpseweg 195,2021-11-05,22:00:00,6,3,3,FMN GV 10 Beerse
39,Antwerpseweg 195,2021-11-05,23:00:00,1,0,1,FMN GV 10 Beerse
39,Antwerpseweg 195,2021-11-06,00:00:00,2,1,1,FMN GV 10 Beerse
39,Antwerpseweg 195,2021-11-06,01:00:00,2,2,0,FMN GV 10 Beerse
39,Antwerpseweg 195,2021-11-06,02:00:00,1,1,0,FMN GV 10 Beerse
39,Antwerpseweg 195,2021-11-06,03:00:00,4,3,1,FMN GV 10 Beerse
39,Antwerpseweg 195,2021-11-06,04:00:00,2,2,0,FMN GV 10 Beerse
39,Antwerpseweg 195,2021-11-06,05:00:00,4,4,0,FMN GV 10 Beerse
39,Antwerpseweg 195,2021-11-06,06:00:00,2,2,0,FMN GV 10 Beerse
39,Antwerpseweg 195,2021-11-06,07:00:00,2,1,1,FMN GV 10 Beerse
39,Antwerpseweg 195,2021-11-06,08:00:00,5,2,3,FMN GV 10 Beerse
39,Antwerpseweg 195,2021-11-06,09:00:00,4,2,2,FMN GV 10 Beerse
39,Antwerpseweg 195,2021-11-06,10:00:00,11,9,2,FMN GV 10 Beerse
39,Antwerpseweg 195,2021-11-06,11:00:00,16,13,3,FMN GV 10 Beerse
39,Antwerpseweg 195,2021-11-06,12:00:00,13,8,5,FMN GV 10 Beerse
39,Antwerpseweg 195,2021-11-06,13:00:00,36,24,12,FMN GV 10 Beerse
39,Antwerpseweg 195,2021-11-06,14:00:00,21,14,7,FMN GV 10 Beerse
39,Antwerpseweg 195,2021-11-06,15:00:00,16,11,5,FMN GV 10 Beerse
39,Antwerpseweg 195,2021-11-06,16:00:00,6,4,2,FMN GV 10 Beerse
39,Antwerpseweg 195,2021-11-06,17:00:00,11,8,3,FMN GV 10 Beerse
39,Antwerpseweg 195,2021-11-06,18:00:00,3,3,0,FMN GV 10 Beerse
39,Antwerpseweg 195,2021-11-06,19:00:00,3,1,2,FMN GV 10 Beerse
39,Antwerpseweg 195,2021-11-06,20:00:00,8,4,4,FMN GV 10 Beerse
39,Antwerpseweg 195,2021-11-06,21:00:00,2,1,1,FMN GV 10 Beerse
39,Antwerpseweg 195,2021-11-06,22:00:00,3,3,0,FMN GV 10 Beerse
39,Antwerpseweg 195,2021-11-06,23:00:00,2,1,1,FMN GV 10 Beerse
39,Antwerpseweg 195,2021-11-07,00:00:00,0,0,0,FMN GV 10 Beerse
39,Antwerpseweg 195,2021-11-07,01:00:00,1,0,1,FMN GV 10 Beerse
39,Antwerpseweg 195,2021-11-07,02:00:00,1,1,0,FMN GV 10 Beerse
39,Antwerpseweg 195,2021-11-07,03:00:00,1,0,1,FMN GV 10 Beerse
39,Antwerpseweg 195,2021-11-07,04:00:00,3,2,1,FMN GV 10 Beerse
39,Antwerpseweg 195,2021-11-07,05:00:00,1,1,0,FMN GV 10 Beerse
39,Antwerpseweg 195,2021-11-07,06:00:00,1,1,0,FMN GV 10 Beerse
39,Antwerpseweg 195,2021-11-07,07:00:00,3,2,1,FMN GV 10 Beerse
39,Antwerpseweg 195,2021-11-07,08:00:00,4,2,2,FMN GV 10 Beerse
39,Antwerpseweg 195,2021-11-07,09:00:00,5,2,3,FMN GV 10 Beerse
39,Antwerpseweg 195,2021-11-07,10:00:00,10,7,3,FMN GV 10 Beerse
39,Antwerpseweg 195,2021-11-07,11:00:00,12,6,6,FMN GV 10 Beerse
39,Antwerpseweg 195,2021-11-07,12:00:00,18,6,12,FMN GV 10 Beerse
39,Antwerpseweg 195,2021-11-07,13:00:00,13,8,5,FMN GV 10 Beerse
39,Antwerpseweg 195,2021-11-07,14:00:00,16,12,4,FMN GV 10 Beerse
39,Antwerpseweg 195,2021-11-07,15:00:00,10,7,3,FMN GV 10 Beerse
39,Antwerpseweg 195,2021-11-07,16:00:00,20,11,9,FMN GV 10 Beerse
39,Antwerpseweg 195,2021-11-07,17:00:00,6,4,2,FMN GV 10 Beerse
39,Antwerpseweg 195,2021-11-07,18:00:00,5,3,2,FMN GV 10 Beerse
39,Antwerpseweg 195,2021-11-07,19:00:00,2,1,1,FMN GV 10 Beerse
39,Antwerpseweg 195,2021-11-07,20:00:00,6,5,1,FMN GV 10 Beerse
39,Antwerpseweg 195,2021-11-07,21:00:00,0,0,0,FMN GV 10 Beerse
39,Antwerpseweg 195,2021-11-07,22:00:00,0,0,0,FMN GV 10 Beerse
39,Antwerpseweg 195,2021-11-07,23:00:00,1,1,0,FMN GV 10 Beerse
39,Antwerpseweg 195,2021-11-08,00:00:00,0,0,0,FMN GV 10 Beerse
39,Antwerpseweg 195,2021-11-08,01:00:00,0,0,0,FMN GV 10 Beerse
39,Antwerpseweg 195,2021-11-08,02:00:00,0,0,0,FMN GV 10 Beerse
39,Antwerpseweg 195,2021-11-08,03:00:00,0,0,0,FMN GV 10 Beerse
39,Antwerpseweg 195,2021-11-08,04:00:00,1,1,0,FMN GV 10 Beerse
39,Antwerpseweg 195,2021-11-08,05:00:00,6,6,0,FMN GV 10 Beerse
39,Antwerpseweg 195,2021-11-08,06:00:00,12,12,0,FMN GV 10 Beerse
39,Antwerpseweg 195,2021-11-08,07:00:00,46,37,9,FMN GV 10 Beerse
39,Antwerpseweg 195,2021-11-08,08:00:00,18,16,2,FMN GV 10 Beerse
39,Antwerpseweg 195,2021-11-08,09:00:00,8,7,1,FMN GV 10 Beerse
39,Antwerpseweg 195,2021-11-08,10:00:00,10,8,2,FMN GV 10 Beerse
39,Antwerpseweg 195,2021-11-08,11:00:00,10,7,3,FMN GV 10 Beerse
39,Antwerpseweg 195,2021-11-08,12:00:00,10,6,4,FMN GV 10 Beerse
39,Antwerpseweg 195,2021-11-08,13:00:00,26,18,8,FMN GV 10 Beerse
39,Antwerpseweg 195,2021-11-08,14:00:00,27,17,10,FMN GV 10 Beerse
39,Antwerpseweg 195,2021-11-08,15:00:00,32,20,12,FMN GV 10 Beerse
39,Antwerpseweg 195,2021-11-08,16:00:00,72,53,19,FMN GV 10 Beerse
39,Antwerpseweg 195,2021-11-08,17:00:00,33,25,8,FMN GV 10 Beerse
39,Antwerpseweg 195,2021-11-08,18:00:00,16,10,6,FMN GV 10 Beerse
39,Antwerpseweg 195,2021-11-08,19:00:00,5,4,1,FMN GV 10 Beerse
39,Antwerpseweg 195,2021-11-08,20:00:00,5,2,3,FMN GV 10 Beerse
39,Antwerpseweg 195,2021-11-08,21:00:00,3,3,0,FMN GV 10 Beerse
39,Antwerpseweg 195,2021-11-08,22:00:00,6,3,3,FMN GV 10 Beerse
39,Antwerpseweg 195,2021-11-08,23:00:00,1,1,0,FMN GV 10 Beerse
39,Antwerpseweg 195,2021-11-09,00:00:00,0,0,0,FMN GV 10 Beerse
39,Antwerpseweg 195,2021-11-09,01:00:00,0,0,0,FMN GV 10 Beerse
39,Antwerpseweg 195,2021-11-09,02:00:00,1,1,0,FMN GV 10 Beerse
39,Antwerpseweg 195,2021-11-09,03:00:00,0,0,0,FMN GV 10 Beerse
39,Antwerpseweg 195,2021-11-09,04:00:00,0,0,0,FMN GV 10 Beerse
39,Antwerpseweg 195,2021-11-09,05:00:00,14,13,1,FMN GV 10 Beerse
39,Antwerpseweg 195,2021-11-09,06:00:00,11,11,0,FMN GV 10 Beerse
39,Antwerpseweg 195,2021-11-09,07:00:00,47,39,8,FMN GV 10 Beerse
39,Antwerpseweg 195,2021-11-09,08:00:00,14,13,1,FMN GV 10 Beerse
39,Antwerpseweg 195,2021-11-09,09:00:00,12,10,2,FMN GV 10 Beerse
39,Antwerpseweg 195,2021-11-09,10:00:00,15,11,4,FMN GV 10 Beerse
39,Antwerpseweg 195,2021-11-09,11:00:00,13,8,5,FMN GV 10 Beerse
39,Antwerpseweg 195,2021-11-09,12:00:00,20,15,5,FMN GV 10 Beerse
39,Antwerpseweg 195,2021-11-09,13:00:00,40,27,13,FMN GV 10 Beerse
39,Antwerpseweg 195,2021-11-09,14:00:00,36,22,14,FMN GV 10 Beerse
39,Antwerpseweg 195,2021-11-09,15:00:00,35,27,8,FMN GV 10 Beerse
39,Antwerpseweg 195,2021-11-09,16:00:00,67,41,26,FMN GV 10 Beerse
39,Antwerpseweg 195,2021-11-09,17:00:00,22,15,7,FMN GV 10 Beerse
39,Antwerpseweg 195,2021-11-09,18:00:00,16,12,4,FMN GV 10 Beerse
39,Antwerpseweg 195,2021-11-09,19:00:00,11,5,6,FMN GV 10 Beerse
39,Antwerpseweg 195,2021-11-09,20:00:00,4,2,2,FMN GV 10 Beerse
39,Antwerpseweg 195,2021-11-09,21:00:00,4,4,0,FMN GV 10 Beerse
39,Antwerpseweg 195,2021-11-09,22:00:00,4,2,2,FMN GV 10 Beerse
39,Antwerpseweg 195,2021-11-09,23:00:00,1,1,0,FMN GV 10 Beerse
39,Antwerpseweg 195,2021-11-10,00:00:00,0,0,0,FMN GV 10 Beerse
39,Antwerpseweg 195,2021-11-10,01:00:00,0,0,0,FMN GV 10 Beerse
39,Antwerpseweg 195,2021-11-10,02:00:00,0,0,0,FMN GV 10 Beerse
39,Antwerpseweg 195,2021-11-10,03:00:00,0,0,0,FMN GV 10 Beerse
39,Antwerpseweg 195,2021-11-10,04:00:00,0,0,0,FMN GV 10 Beerse
39,Antwerpseweg 195,2021-11-10,05:00:00,12,12,0,FMN GV 10 Beerse
39,Antwerpseweg 195,2021-11-10,06:00:00,14,13,1,FMN GV 10 Beerse
39,Antwerpseweg 195,2021-11-10,07:00:00,40,33,7,FMN GV 10 Beerse
39,Antwerpseweg 195,2021-11-10,08:00:00,18,16,2,FMN GV 10 Beerse
39,Antwerpseweg 195,2021-11-10,09:00:00,9,8,1,FMN GV 10 Beerse
39,Antwerpseweg 195,2021-11-10,10:00:00,9,8,1,FMN GV 10 Beerse
39,Antwerpseweg 195,2021-11-10,11:00:00,10,4,6,FMN GV 10 Beerse
39,Antwerpseweg 195,2021-11-10,12:00:00,51,41,10,FMN GV 10 Beerse
39,Antwerpseweg 195,2021-11-10,13:00:00,44,26,18,FMN GV 10 Beerse
39,Antwerpseweg 195,2021-11-10,14:00:00,27,20,7,FMN GV 10 Beerse
39,Antwerpseweg 195,2021-11-10,15:00:00,14,13,1,FMN GV 10 Beerse
39,Antwerpseweg 195,2021-11-10,16:00:00,34,21,13,FMN GV 10 Beerse
39,Antwerpseweg 195,2021-11-10,17:00:00,30,21,9,FMN GV 10 Beerse
39,Antwerpseweg 195,2021-11-10,18:00:00,8,5,3,FMN GV 10 Beerse
39,Antwerpseweg 195,2021-11-10,19:00:00,7,5,2,FMN GV 10 Beerse
39,Antwerpseweg 195,2021-11-10,20:00:00,6,3,3,FMN GV 10 Beerse
39,Antwerpseweg 195,2021-11-10,21:00:00,7,4,3,FMN GV 10 Beerse
39,Antwerpseweg 195,2021-11-10,22:00:00,6,6,0,FMN GV 10 Beerse
39,Antwerpseweg 195,2021-11-10,23:00:00,1,1,0,FMN GV 10 Beerse
39,Antwerpseweg 195,2021-11-11,00:00:00,2,2,0,FMN GV 10 Beerse
39,Antwerpseweg 195,2021-11-11,01:00:00,0,0,0,FMN GV 10 Beerse
39,Antwerpseweg 195,2021-11-11,02:00:00,1,1,0,FMN GV 10 Beerse
39,Antwerpseweg 195,2021-11-11,03:00:00,1,0,1,FMN GV 10 Beerse
39,Antwerpseweg 195,2021-11-11,04:00:00,0,0,0,FMN GV 10 Beerse
39,Antwerpseweg 195,2021-11-11,05:00:00,1,0,1,FMN GV 10 Beerse
39,Antwerpseweg 195,2021-11-11,06:00:00,0,0,0,FMN GV 10 Beerse
39,Antwerpseweg 195,2021-11-11,07:00:00,4,2,2,FMN GV 10 Beerse
39,Antwerpseweg 195,2021-11-11,08:00:00,7,4,3,FMN GV 10 Beerse
39,Antwerpseweg 195,2021-11-11,09:00:00,9,5,4,FMN GV 10 Beerse
39,Antwerpseweg 195,2021-11-11,10:00:00,32,16,16,FMN GV 10 Beerse
39,Antwerpseweg 195,2021-11-11,11:00:00,9,6,3,FMN GV 10 Beerse
39,Antwerpseweg 195,2021-11-11,12:00:00,10,6,4,FMN GV 10 Beerse
39,Antwerpseweg 195,2021-11-11,13:00:00,18,10,8,FMN GV 10 Beerse
39,Antwerpseweg 195,2021-11-11,14:00:00,14,9,5,FMN GV 10 Beerse
39,Antwerpseweg 195,2021-11-11,15:00:00,17,15,2,FMN GV 10 Beerse
39,Antwerpseweg 195,2021-11-11,16:00:00,34,26,8,FMN GV 10 Beerse
39,Antwerpseweg 195,2021-11-11,17:00:00,8,6,2,FMN GV 10 Beerse
39,Antwerpseweg 195,2021-11-11,18:00:00,3,2,1,FMN GV 10 Beerse
39,Antwerpseweg 195,2021-11-11,19:00:00,2,2,0,FMN GV 10 Beerse
39,Antwerpseweg 195,2021-11-11,20:00:00,7,6,1,FMN GV 10 Beerse
39,Antwerpseweg 195,2021-11-11,21:00:00,2,2,0,FMN GV 10 Beerse
39,Antwerpseweg 195,2021-11-11,22:00:00,3,3,0,FMN GV 10 Beerse
39,Antwerpseweg 195,2021-11-11,23:00:00,1,1,0,FMN GV 10 Beerse
39,Antwerpseweg 195,2021-11-12,00:00:00,1,1,0,FMN GV 10 Beerse
39,Antwerpseweg 195,2021-11-12,01:00:00,0,0,0,FMN GV 10 Beerse
39,Antwerpseweg 195,2021-11-12,02:00:00,0,0,0,FMN GV 10 Beerse
39,Antwerpseweg 195,2021-11-12,03:00:00,0,0,0,FMN GV 10 Beerse
39,Antwerpseweg 195,2021-11-12,04:00:00,1,1,0,FMN GV 10 Beerse
39,Antwerpseweg 195,2021-11-12,05:00:00,4,3,1,FMN GV 10 Beerse
39,Antwerpseweg 195,2021-11-12,06:00:00,8,8,0,FMN GV 10 Beerse
39,Antwerpseweg 195,2021-11-12,07:00:00,21,18,3,FMN GV 10 Beerse
39,Antwerpseweg 195,2021-11-12,08:00:00,12,9,3,FMN GV 10 Beerse
39,Antwerpseweg 195,2021-11-12,09:00:00,5,5,0,FMN GV 10 Beerse
39,Antwerpseweg 195,2021-11-12,10:00:00,8,5,3,FMN GV 10 Beerse
39,Antwerpseweg 195,2021-11-12,11:00:00,13,8,5,FMN GV 10 Beerse
39,Antwerpseweg 195,2021-11-12,12:00:00,24,17,7,FMN GV 10 Beerse
39,Antwerpseweg 195,2021-11-12,13:00:00,29,19,10,FMN GV 10 Beerse
39,Antwerpseweg 195,2021-11-12,14:00:00,17,7,10,FMN GV 10 Beerse
39,Antwerpseweg 195,2021-11-12,15:00:00,33,21,12,FMN GV 10 Beerse
39,Antwerpseweg 195,2021-11-12,16:00:00,45,28,17,FMN GV 10 Beerse
39,Antwerpseweg 195,2021-11-12,17:00:00,16,11,5,FMN GV 10 Beerse
39,Antwerpseweg 195,2021-11-12,18:00:00,12,10,2,FMN GV 10 Beerse
39,Antwerpseweg 195,2021-11-12,19:00:00,4,3,1,FMN GV 10 Beerse
39,Antwerpseweg 195,2021-11-12,20:00:00,3,2,1,FMN GV 10 Beerse
39,Antwerpseweg 195,2021-11-12,21:00:00,5,3,2,FMN GV 10 Beerse
39,Antwerpseweg 195,2021-11-12,22:00:00,8,4,4,FMN GV 10 Beerse
39,Antwerpseweg 195,2021-11-12,23:00:00,4,4,0,FMN GV 10 Beerse
39,Antwerpseweg 195,2021-11-13,00:00:00,0,0,0,FMN GV 10 Beerse
39,Antwerpseweg 195,2021-11-13,01:00:00,0,0,0,FMN GV 10 Beerse
39,Antwerpseweg 195,2021-11-13,02:00:00,1,1,0,FMN GV 10 Beerse
39,Antwerpseweg 195,2021-11-13,03:00:00,5,3,2,FMN GV 10 Beerse
39,Antwerpseweg 195,2021-11-13,04:00:00,1,1,0,FMN GV 10 Beerse
39,Antwerpseweg 195,2021-11-13,05:00:00,1,1,0,FMN GV 10 Beerse
39,Antwerpseweg 195,2021-11-13,06:00:00,3,3,0,FMN GV 10 Beerse
39,Antwerpseweg 195,2021-11-13,07:00:00,1,1,0,FMN GV 10 Beerse
39,Antwerpseweg 195,2021-11-13,08:00:00,1,1,0,FMN GV 10 Beerse
39,Antwerpseweg 195,2021-11-13,09:00:00,1,1,0,FMN GV 10 Beerse
39,Antwerpseweg 195,2021-11-13,10:00:00,4,1,3,FMN GV 10 Beerse
39,Antwerpseweg 195,2021-11-13,11:00:00,9,5,4,FMN GV 10 Beerse
39,Antwerpseweg 195,2021-11-13,12:00:00,9,7,2,FMN GV 10 Beerse
39,Antwerpseweg 195,2021-11-13,13:00:00,18,11,7,FMN GV 10 Beerse
39,Antwerpseweg 195,2021-11-13,14:00:00,9,5,4,FMN GV 10 Beerse
39,Antwerpseweg 195,2021-11-13,15:00:00,5,4,1,FMN GV 10 Beerse
39,Antwerpseweg 195,2021-11-13,16:00:00,18,15,3,FMN GV 10 Beerse
39,Antwerpseweg 195,2021-11-13,17:00:00,14,7,7,FMN GV 10 Beerse
39,Antwerpseweg 195,2021-11-13,18:00:00,1,0,1,FMN GV 10 Beerse
39,Antwerpseweg 195,2021-11-13,19:00:00,1,1,0,FMN GV 10 Beerse
39,Antwerpseweg 195,2021-11-13,20:00:00,6,3,3,FMN GV 10 Beerse
39,Antwerpseweg 195,2021-11-13,21:00:00,0,0,0,FMN GV 10 Beerse
39,Antwerpseweg 195,2021-11-13,22:00:00,0,0,0,FMN GV 10 Beerse
39,Antwerpseweg 195,2021-11-13,23:00:00,1,1,0,FMN GV 10 Beerse
39,Antwerpseweg 195,2021-11-14,00:00:00,7,6,1,FMN GV 10 Beerse
39,Antwerpseweg 195,2021-11-14,01:00:00,1,0,1,FMN GV 10 Beerse
39,Antwerpseweg 195,2021-11-14,02:00:00,5,4,1,FMN GV 10 Beerse
39,Antwerpseweg 195,2021-11-14,03:00:00,3,2,1,FMN GV 10 Beerse
39,Antwerpseweg 195,2021-11-14,04:00:00,0,0,0,FMN GV 10 Beerse
39,Antwerpseweg 195,2021-11-14,05:00:00,3,3,0,FMN GV 10 Beerse
39,Antwerpseweg 195,2021-11-14,06:00:00,1,1,0,FMN GV 10 Beerse
39,Antwerpseweg 195,2021-11-14,07:00:00,1,1,0,FMN GV 10 Beerse
39,Antwerpseweg 195,2021-11-14,08:00:00,17,16,1,FMN GV 10 Beerse
39,Antwerpseweg 195,2021-11-14,09:00:00,13,4,9,FMN GV 10 Beerse
39,Antwerpseweg 195,2021-11-14,10:00:00,10,7,3,FMN GV 10 Beerse
39,Antwerpseweg 195,2021-11-14,11:00:00,22,7,15,FMN GV 10 Beerse
39,Antwerpseweg 195,2021-11-14,12:00:00,16,14,2,FMN GV 10 Beerse
39,Antwerpseweg 195,2021-11-14,13:00:00,22,10,12,FMN GV 10 Beerse
39,Antwerpseweg 195,2021-11-14,14:00:00,29,22,7,FMN GV 10 Beerse
39,Antwerpseweg 195,2021-11-14,15:00:00,30,16,14,FMN GV 10 Beerse
39,Antwerpseweg 195,2021-11-14,16:00:00,16,7,9,FMN GV 10 Beerse
39,Antwerpseweg 195,2021-11-14,17:00:00,6,4,2,FMN GV 10 Beerse
39,Antwerpseweg 195,2021-11-14,18:00:00,2,2,0,FMN GV 10 Beerse
39,Antwerpseweg 195,2021-11-14,19:00:00,2,2,0,FMN GV 10 Beerse
39,Antwerpseweg 195,2021-11-14,20:00:00,2,1,1,FMN GV 10 Beerse
39,Antwerpseweg 195,2021-11-14,21:00:00,3,3,0,FMN GV 10 Beerse
39,Antwerpseweg 195,2021-11-14,22:00:00,0,0,0,FMN GV 10 Beerse
39,Antwerpseweg 195,2021-11-14,23:00:00,1,1,0,FMN GV 10 Beerse
39,Antwerpseweg 195,2021-11-15,00:00:00,0,0,0,FMN GV 10 Beerse
39,Antwerpseweg 195,2021-11-15,01:00:00,0,0,0,FMN GV 10 Beerse
39,Antwerpseweg 195,2021-11-15,02:00:00,0,0,0,FMN GV 10 Beerse
39,Antwerpseweg 195,2021-11-15,03:00:00,0,0,0,FMN GV 10 Beerse
39,Antwerpseweg 195,2021-11-15,04:00:00,0,0,0,FMN GV 10 Beerse
39,Antwerpseweg 195,2021-11-15,05:00:00,19,19,0,FMN GV 10 Beerse
39,Antwerpseweg 195,2021-11-15,06:00:00,7,7,0,FMN GV 10 Beerse
39,Antwerpseweg 195,2021-11-15,07:00:00,57,47,10,FMN GV 10 Beerse
39,Antwerpseweg 195,2021-11-15,08:00:00,19,17,2,FMN GV 10 Beerse
39,Antwerpseweg 195,2021-11-15,09:00:00,11,9,2,FMN GV 10 Beerse
39,Antwerpseweg 195,2021-11-15,10:00:00,8,4,4,FMN GV 10 Beerse
39,Antwerpseweg 195,2021-11-15,11:00:00,6,4,2,FMN GV 10 Beerse
39,Antwerpseweg 195,2021-11-15,12:00:00,21,14,7,FMN GV 10 Beerse
39,Antwerpseweg 195,2021-11-15,13:00:00,17,11,6,FMN GV 10 Beerse
39,Antwerpseweg 195,2021-11-15,14:00:00,20,14,6,FMN GV 10 Beerse
39,Antwerpseweg 195,2021-11-15,15:00:00,38,25,13,FMN GV 10 Beerse
39,Antwerpseweg 195,2021-11-15,16:00:00,68,48,20,FMN GV 10 Beerse
39,Antwerpseweg 195,2021-11-15,17:00:00,31,21,10,FMN GV 10 Beerse
39,Antwerpseweg 195,2021-11-15,18:00:00,11,6,5,FMN GV 10 Beerse
39,Antwerpseweg 195,2021-11-15,19:00:00,9,6,3,FMN GV 10 Beerse
39,Antwerpseweg 195,2021-11-15,20:00:00,5,1,4,FMN GV 10 Beerse
39,Antwerpseweg 195,2021-11-15,21:00:00,5,4,1,FMN GV 10 Beerse
39,Antwerpseweg 195,2021-11-15,22:00:00,3,1,2,FMN GV 10 Beerse
39,Antwerpseweg 195,2021-11-15,23:00:00,0,0,0,FMN GV 10 Beerse
39,Antwerpseweg 195,2021-11-16,00:00:00,0,0,0,FMN GV 10 Beerse
39,Antwerpseweg 195,2021-11-16,01:00:00,0,0,0,FMN GV 10 Beerse
39,Antwerpseweg 195,2021-11-16,02:00:00,0,0,0,FMN GV 10 Beerse
39,Antwerpseweg 195,2021-11-16,03:00:00,1,0,1,FMN GV 10 Beerse
39,Antwerpseweg 195,2021-11-16,04:00:00,2,2,0,FMN GV 10 Beerse
39,Antwerpseweg 195,2021-11-16,05:00:00,20,20,0,FMN GV 10 Beerse
39,Antwerpseweg 195,2021-11-16,06:00:00,13,12,1,FMN GV 10 Beerse
39,Antwerpseweg 195,2021-11-16,07:00:00,55,47,8,FMN GV 10 Beerse
39,Antwerpseweg 195,2021-11-16,08:00:00,11,9,2,FMN GV 10 Beerse
39,Antwerpseweg 195,2021-11-16,09:00:00,7,5,2,FMN GV 10 Beerse
39,Antwerpseweg 195,2021-11-16,10:00:00,7,7,0,FMN GV 10 Beerse
39,Antwerpseweg 195,2021-11-16,11:00:00,9,8,1,FMN GV 10 Beerse
39,Antwerpseweg 195,2021-11-16,12:00:00,11,8,3,FMN GV 10 Beerse
39,Antwerpseweg 195,2021-11-16,13:00:00,21,17,4,FMN GV 10 Beerse
39,Antwerpseweg 195,2021-11-16,14:00:00,18,9,9,FMN GV 10 Beerse
39,Antwerpseweg 195,2021-11-16,15:00:00,46,19,27,FMN GV 10 Beerse
39,Antwerpseweg 195,2021-11-16,16:00:00,64,46,18,FMN GV 10 Beerse
39,Antwerpseweg 195,2021-11-16,17:00:00,19,15,4,FMN GV 10 Beerse
39,Antwerpseweg 195,2021-11-16,18:00:00,20,14,6,FMN GV 10 Beerse
39,Antwerpseweg 195,2021-11-16,19:00:00,8,3,5,FMN GV 10 Beerse
39,Antwerpseweg 195,2021-11-16,20:00:00,7,6,1,FMN GV 10 Beerse
39,Antwerpseweg 195,2021-11-16,21:00:00,7,4,3,FMN GV 10 Beerse
39,Antwerpseweg 195,2021-11-16,22:00:00,4,2,2,FMN GV 10 Beerse
39,Antwerpseweg 195,2021-11-16,23:00:00,1,1,0,FMN GV 10 Beerse
39,Antwerpseweg 195,2021-11-17,00:00:00,0,0,0,FMN GV 10 Beerse
39,Antwerpseweg 195,2021-11-17,01:00:00,0,0,0,FMN GV 10 Beerse
39,Antwerpseweg 195,2021-11-17,02:00:00,0,0,0,FMN GV 10 Beerse
39,Antwerpseweg 195,2021-11-17,03:00:00,0,0,0,FMN GV 10 Beerse
39,Antwerpseweg 195,2021-11-17,04:00:00,0,0,0,FMN GV 10 Beerse
39,Antwerpseweg 195,2021-11-17,05:00:00,14,14,0,FMN GV 10 Beerse
39,Antwerpseweg 195,2021-11-17,06:00:00,14,14,0,FMN GV 10 Beerse
39,Antwerpseweg 195,2021-11-17,07:00:00,36,33,3,FMN GV 10 Beerse
39,Antwerpseweg 195,2021-11-17,08:00:00,14,11,3,FMN GV 10 Beerse
39,Antwerpseweg 195,2021-11-17,09:00:00,4,4,0,FMN GV 10 Beerse
39,Antwerpseweg 195,2021-11-17,10:00:00,4,4,0,FMN GV 10 Beerse
39,Antwerpseweg 195,2021-11-17,11:00:00,7,4,3,FMN GV 10 Beerse
39,Antwerpseweg 195,2021-11-17,12:00:00,47,34,13,FMN GV 10 Beerse
39,Antwerpseweg 195,2021-11-17,13:00:00,19,14,5,FMN GV 10 Beerse
39,Antwerpseweg 195,2021-11-17,14:00:00,32,24,8,FMN GV 10 Beerse
39,Antwerpseweg 195,2021-11-17,15:00:00,20,9,11,FMN GV 10 Beerse
39,Antwerpseweg 195,2021-11-17,16:00:00,28,16,12,FMN GV 10 Beerse
39,Antwerpseweg 195,2021-11-17,17:00:00,20,15,5,FMN GV 10 Beerse
39,Antwerpseweg 195,2021-11-17,18:00:00,6,3,3,FMN GV 10 Beerse
39,Antwerpseweg 195,2021-11-17,19:00:00,8,5,3,FMN GV 10 Beerse
39,Antwerpseweg 195,2021-11-17,20:00:00,3,1,2,FMN GV 10 Beerse
39,Antwerpseweg 195,2021-11-17,21:00:00,2,1,1,FMN GV 10 Beerse
39,Antwerpseweg 195,2021-11-17,22:00:00,1,0,1,FMN GV 10 Beerse
39,Antwerpseweg 195,2021-11-17,23:00:00,0,0,0,FMN GV 10 Beerse
39,Antwerpseweg 195,2021-11-18,00:00:00,0,0,0,FMN GV 10 Beerse
39,Antwerpseweg 195,2021-11-18,01:00:00,0,0,0,FMN GV 10 Beerse
39,Antwerpseweg 195,2021-11-18,02:00:00,0,0,0,FMN GV 10 Beerse
39,Antwerpseweg 195,2021-11-18,03:00:00,0,0,0,FMN GV 10 Beerse
39,Antwerpseweg 195,2021-11-18,04:00:00,1,1,0,FMN GV 10 Beerse
39,Antwerpseweg 195,2021-11-18,05:00:00,17,16,1,FMN GV 10 Beerse
39,Antwerpseweg 195,2021-11-18,06:00:00,15,15,0,FMN GV 10 Beerse
39,Antwerpseweg 195,2021-11-18,07:00:00,48,44,4,FMN GV 10 Beerse
39,Antwerpseweg 195,2021-11-18,08:00:00,8,8,0,FMN GV 10 Beerse
39,Antwerpseweg 195,2021-11-18,09:00:00,12,8,4,FMN GV 10 Beerse
39,Antwerpseweg 195,2021-11-18,10:00:00,4,4,0,FMN GV 10 Beerse
39,Antwerpseweg 195,2021-11-18,11:00:00,11,7,4,FMN GV 10 Beerse
39,Antwerpseweg 195,2021-11-18,12:00:00,12,6,6,FMN GV 10 Beerse
39,Antwerpseweg 195,2021-11-18,13:00:00,29,21,8,FMN GV 10 Beerse
39,Antwerpseweg 195,2021-11-18,14:00:00,19,15,4,FMN GV 10 Beerse
39,Antwerpseweg 195,2021-11-18,15:00:00,40,27,13,FMN GV 10 Beerse
39,Antwerpseweg 195,2021-11-18,16:00:00,51,33,18,FMN GV 10 Beerse
39,Antwerpseweg 195,2021-11-18,17:00:00,22,14,8,FMN GV 10 Beerse
39,Antwerpseweg 195,2021-11-18,18:00:00,18,13,5,FMN GV 10 Beerse
39,Antwerpseweg 195,2021-11-18,19:00:00,6,4,2,FMN GV 10 Beerse
39,Antwerpseweg 195,2021-11-18,20:00:00,2,1,1,FMN GV 10 Beerse
39,Antwerpseweg 195,2021-11-18,21:00:00,6,4,2,FMN GV 10 Beerse
39,Antwerpseweg 195,2021-11-18,22:00:00,6,4,2,FMN GV 10 Beerse
39,Antwerpseweg 195,2021-11-18,23:00:00,3,2,1,FMN GV 10 Beerse
39,Antwerpseweg 195,2021-11-19,00:00:00,0,0,0,FMN GV 10 Beerse
39,Antwerpseweg 195,2021-11-19,01:00:00,0,0,0,FMN GV 10 Beerse
39,Antwerpseweg 195,2021-11-19,02:00:00,0,0,0,FMN GV 10 Beerse
39,Antwerpseweg 195,2021-11-19,03:00:00,1,1,0,FMN GV 10 Beerse
39,Antwerpseweg 195,2021-11-19,04:00:00,3,3,0,FMN GV 10 Beerse
39,Antwerpseweg 195,2021-11-19,05:00:00,12,11,1,FMN GV 10 Beerse
39,Antwerpseweg 195,2021-11-19,06:00:00,10,9,1,FMN GV 10 Beerse
39,Antwerpseweg 195,2021-11-19,07:00:00,37,30,7,FMN GV 10 Beerse
39,Antwerpseweg 195,2021-11-19,08:00:00,9,8,1,FMN GV 10 Beerse
39,Antwerpseweg 195,2021-11-19,09:00:00,9,7,2,FMN GV 10 Beerse
39,Antwerpseweg 195,2021-11-19,10:00:00,4,3,1,FMN GV 10 Beerse
39,Antwerpseweg 195,2021-11-19,11:00:00,8,7,1,FMN GV 10 Beerse
39,Antwerpseweg 195,2021-11-19,12:00:00,11,7,4,FMN GV 10 Beerse
39,Antwerpseweg 195,2021-11-19,13:00:00,25,18,7,FMN GV 10 Beerse
39,Antwerpseweg 195,2021-11-19,14:00:00,29,19,10,FMN GV 10 Beerse
39,Antwerpseweg 195,2021-11-19,15:00:00,28,21,7,FMN GV 10 Beerse
39,Antwerpseweg 195,2021-11-19,16:00:00,49,34,15,FMN GV 10 Beerse
39,Antwerpseweg 195,2021-11-19,17:00:00,20,14,6,FMN GV 10 Beerse
39,Antwerpseweg 195,2021-11-19,18:00:00,15,13,2,FMN GV 10 Beerse
39,Antwerpseweg 195,2021-11-19,19:00:00,2,2,0,FMN GV 10 Beerse
39,Antwerpseweg 195,2021-11-19,20:00:00,7,3,4,FMN GV 10 Beerse
39,Antwerpseweg 195,2021-11-19,21:00:00,6,4,2,FMN GV 10 Beerse
39,Antwerpseweg 195,2021-11-19,22:00:00,3,2,1,FMN GV 10 Beerse
39,Antwerpseweg 195,2021-11-19,23:00:00,2,1,1,FMN GV 10 Beerse
39,Antwerpseweg 195,2021-11-20,00:00:00,1,1,0,FMN GV 10 Beerse
39,Antwerpseweg 195,2021-11-20,01:00:00,1,1,0,FMN GV 10 Beerse
39,Antwerpseweg 195,2021-11-20,02:00:00,0,0,0,FMN GV 10 Beerse
39,Antwerpseweg 195,2021-11-20,03:00:00,2,0,2,FMN GV 10 Beerse
39,Antwerpseweg 195,2021-11-20,04:00:00,0,0,0,FMN GV 10 Beerse
39,Antwerpseweg 195,2021-11-20,05:00:00,3,3,0,FMN GV 10 Beerse
39,Antwerpseweg 195,2021-11-20,06:00:00,0,0,0,FMN GV 10 Beerse
39,Antwerpseweg 195,2021-11-20,07:00:00,6,4,2,FMN GV 10 Beerse
39,Antwerpseweg 195,2021-11-20,08:00:00,1,1,0,FMN GV 10 Beerse
39,Antwerpseweg 195,2021-11-20,09:00:00,5,3,2,FMN GV 10 Beerse
39,Antwerpseweg 195,2021-11-20,10:00:00,7,5,2,FMN GV 10 Beerse
39,Antwerpseweg 195,2021-11-20,11:00:00,13,8,5,FMN GV 10 Beerse
39,Antwerpseweg 195,2021-11-20,12:00:00,18,12,6,FMN GV 10 Beerse
39,Antwerpseweg 195,2021-11-20,13:00:00,12,9,3,FMN GV 10 Beerse
39,Antwerpseweg 195,2021-11-20,14:00:00,16,8,8,FMN GV 10 Beerse
39,Antwerpseweg 195,2021-11-20,15:00:00,20,9,11,FMN GV 10 Beerse
39,Antwerpseweg 195,2021-11-20,16:00:00,14,7,7,FMN GV 10 Beerse
39,Antwerpseweg 195,2021-11-20,17:00:00,8,8,0,FMN GV 10 Beerse
39,Antwerpseweg 195,2021-11-20,18:00:00,4,3,1,FMN GV 10 Beerse
39,Antwerpseweg 195,2021-11-20,19:00:00,6,3,3,FMN GV 10 Beerse
39,Antwerpseweg 195,2021-11-20,20:00:00,3,3,0,FMN GV 10 Beerse
39,Antwerpseweg 195,2021-11-20,21:00:00,2,2,0,FMN GV 10 Beerse
39,Antwerpseweg 195,2021-11-20,22:00:00,4,3,1,FMN GV 10 Beerse
39,Antwerpseweg 195,2021-11-20,23:00:00,2,1,1,FMN GV 10 Beerse
39,Antwerpseweg 195,2021-11-21,00:00:00,2,1,1,FMN GV 10 Beerse
39,Antwerpseweg 195,2021-11-21,01:00:00,1,0,1,FMN GV 10 Beerse
39,Antwerpseweg 195,2021-11-21,02:00:00,1,1,0,FMN GV 10 Beerse
39,Antwerpseweg 195,2021-11-21,03:00:00,2,1,1,FMN GV 10 Beerse
39,Antwerpseweg 195,2021-11-21,04:00:00,1,1,0,FMN GV 10 Beerse
39,Antwerpseweg 195,2021-11-21,05:00:00,1,1,0,FMN GV 10 Beerse
39,Antwerpseweg 195,2021-11-21,06:00:00,3,3,0,FMN GV 10 Beerse
39,Antwerpseweg 195,2021-11-21,07:00:00,3,0,3,FMN GV 10 Beerse
39,Antwerpseweg 195,2021-11-21,08:00:00,1,0,1,FMN GV 10 Beerse
39,Antwerpseweg 195,2021-11-21,09:00:00,3,2,1,FMN GV 10 Beerse
39,Antwerpseweg 195,2021-11-21,10:00:00,1,0,1,FMN GV 10 Beerse
39,Antwerpseweg 195,2021-11-21,11:00:00,11,6,5,FMN GV 10 Beerse
39,Antwerpseweg 195,2021-11-21,12:00:00,5,2,3,FMN GV 10 Beerse
39,Antwerpseweg 195,2021-11-21,13:00:00,16,12,4,FMN GV 10 Beerse
39,Antwerpseweg 195,2021-11-21,14:00:00,19,12,7,FMN GV 10 Beerse
39,Antwerpseweg 195,2021-11-21,15:00:00,13,10,3,FMN GV 10 Beerse
39,Antwerpseweg 195,2021-11-21,16:00:00,11,5,6,FMN GV 10 Beerse
39,Antwerpseweg 195,2021-11-21,17:00:00,4,3,1,FMN GV 10 Beerse
39,Antwerpseweg 195,2021-11-21,18:00:00,12,11,1,FMN GV 10 Beerse
39,Antwerpseweg 195,2021-11-21,19:00:00,3,2,1,FMN GV 10 Beerse
39,Antwerpseweg 195,2021-11-21,20:00:00,3,3,0,FMN GV 10 Beerse
39,Antwerpseweg 195,2021-11-21,21:00:00,3,2,1,FMN GV 10 Beerse
39,Antwerpseweg 195,2021-11-21,22:00:00,2,2,0,FMN GV 10 Beerse
39,Antwerpseweg 195,2021-11-21,23:00:00,0,0,0,FMN GV 10 Beerse
39,Antwerpseweg 195,2021-11-22,00:00:00,0,0,0,FMN GV 10 Beerse
39,Antwerpseweg 195,2021-11-22,01:00:00,0,0,0,FMN GV 10 Beerse
39,Antwerpseweg 195,2021-11-22,02:00:00,0,0,0,FMN GV 10 Beerse
39,Antwerpseweg 195,2021-11-22,03:00:00,0,0,0,FMN GV 10 Beerse
39,Antwerpseweg 195,2021-11-22,04:00:00,3,3,0,FMN GV 10 Beerse
39,Antwerpseweg 195,2021-11-22,05:00:00,7,7,0,FMN GV 10 Beerse
39,Antwerpseweg 195,2021-11-22,06:00:00,9,9,0,FMN GV 10 Beerse
39,Antwerpseweg 195,2021-11-22,07:00:00,36,28,8,FMN GV 10 Beerse
39,Antwerpseweg 195,2021-11-22,08:00:00,16,14,2,FMN GV 10 Beerse
39,Antwerpseweg 195,2021-11-22,09:00:00,9,6,3,FMN GV 10 Beerse
39,Antwerpseweg 195,2021-11-22,10:00:00,7,5,2,FMN GV 10 Beerse
39,Antwerpseweg 195,2021-11-22,11:00:00,19,11,8,FMN GV 10 Beerse
39,Antwerpseweg 195,2021-11-22,12:00:00,20,11,9,FMN GV 10 Beerse
39,Antwerpseweg 195,2021-11-22,13:00:00,17,15,2,FMN GV 10 Beerse
39,Antwerpseweg 195,2021-11-22,14:00:00,31,23,8,FMN GV 10 Beerse
39,Antwerpseweg 195,2021-11-22,15:00:00,25,18,7,FMN GV 10 Beerse
39,Antwerpseweg 195,2021-11-22,16:00:00,53,37,16,FMN GV 10 Beerse
39,Antwerpseweg 195,2021-11-22,17:00:00,28,20,8,FMN GV 10 Beerse
39,Antwerpseweg 195,2021-11-22,18:00:00,10,8,2,FMN GV 10 Beerse
39,Antwerpseweg 195,2021-11-22,19:00:00,5,3,2,FMN GV 10 Beerse
39,Antwerpseweg 195,2021-11-22,20:00:00,3,1,2,FMN GV 10 Beerse
39,Antwerpseweg 195,2021-11-22,21:00:00,3,3,0,FMN GV 10 Beerse
39,Antwerpseweg 195,2021-11-22,22:00:00,7,3,4,FMN GV 10 Beerse
39,Antwerpseweg 195,2021-11-22,23:00:00,0,0,0,FMN GV 10 Beerse
39,Antwerpseweg 195,2021-11-23,00:00:00,0,0,0,FMN GV 10 Beerse
39,Antwerpseweg 195,2021-11-23,01:00:00,0,0,0,FMN GV 10 Beerse
39,Antwerpseweg 195,2021-11-23,02:00:00,1,1,0,FMN GV 10 Beerse
39,Antwerpseweg 195,2021-11-23,03:00:00,1,1,0,FMN GV 10 Beerse
39,Antwerpseweg 195,2021-11-23,04:00:00,1,1,0,FMN GV 10 Beerse
39,Antwerpseweg 195,2021-11-23,05:00:00,9,9,0,FMN GV 10 Beerse
39,Antwerpseweg 195,2021-11-23,06:00:00,9,9,0,FMN GV 10 Beerse
39,Antwerpseweg 195,2021-11-23,07:00:00,40,31,9,FMN GV 10 Beerse
39,Antwerpseweg 195,2021-11-23,08:00:00,9,8,1,FMN GV 10 Beerse
39,Antwerpseweg 195,2021-11-23,09:00:00,5,3,2,FMN GV 10 Beerse
39,Antwerpseweg 195,2021-11-23,10:00:00,1,0,1,FMN GV 10 Beerse
39,Antwerpseweg 195,2021-11-23,11:00:00,5,3,2,FMN GV 10 Beerse
39,Antwerpseweg 195,2021-11-23,12:00:00,26,19,7,FMN GV 10 Beerse
39,Antwerpseweg 195,2021-11-23,13:00:00,18,12,6,FMN GV 10 Beerse
39,Antwerpseweg 195,2021-11-23,14:00:00,22,19,3,FMN GV 10 Beerse
39,Antwerpseweg 195,2021-11-23,15:00:00,31,15,16,FMN GV 10 Beerse
39,Antwerpseweg 195,2021-11-23,16:00:00,57,41,16,FMN GV 10 Beerse
39,Antwerpseweg 195,2021-11-23,17:00:00,22,16,6,FMN GV 10 Beerse
39,Antwerpseweg 195,2021-11-23,18:00:00,11,10,1,FMN GV 10 Beerse
39,Antwerpseweg 195,2021-11-23,19:00:00,7,3,4,FMN GV 10 Beerse
39,Antwerpseweg 195,2021-11-23,20:00:00,4,2,2,FMN GV 10 Beerse
39,Antwerpseweg 195,2021-11-23,21:00:00,5,4,1,FMN GV 10 Beerse
39,Antwerpseweg 195,2021-11-23,22:00:00,6,4,2,FMN GV 10 Beerse
39,Antwerpseweg 195,2021-11-23,23:00:00,0,0,0,FMN GV 10 Beerse
39,Antwerpseweg 195,2021-11-24,00:00:00,0,0,0,FMN GV 10 Beerse
39,Antwerpseweg 195,2021-11-24,01:00:00,0,0,0,FMN GV 10 Beerse
39,Antwerpseweg 195,2021-11-24,02:00:00,0,0,0,FMN GV 10 Beerse
39,Antwerpseweg 195,2021-11-24,03:00:00,0,0,0,FMN GV 10 Beerse
39,Antwerpseweg 195,2021-11-24,04:00:00,1,1,0,FMN GV 10 Beerse
39,Antwerpseweg 195,2021-11-24,05:00:00,13,13,0,FMN GV 10 Beerse
39,Antwerpseweg 195,2021-11-24,06:00:00,9,8,1,FMN GV 10 Beerse
39,Antwerpseweg 195,2021-11-24,07:00:00,27,21,6,FMN GV 10 Beerse
39,Antwerpseweg 195,2021-11-24,08:00:00,17,12,5,FMN GV 10 Beerse
39,Antwerpseweg 195,2021-11-24,09:00:00,6,5,1,FMN GV 10 Beerse
39,Antwerpseweg 195,2021-11-24,10:00:00,1,1,0,FMN GV 10 Beerse
39,Antwerpseweg 195,2021-11-24,11:00:00,14,12,2,FMN GV 10 Beerse
39,Antwerpseweg 195,2021-11-24,12:00:00,41,30,11,FMN GV 10 Beerse
39,Antwerpseweg 195,2021-11-24,13:00:00,26,21,5,FMN GV 10 Beerse
39,Antwerpseweg 195,2021-11-24,14:00:00,19,13,6,FMN GV 10 Beerse
39,Antwerpseweg 195,2021-11-24,15:00:00,15,9,6,FMN GV 10 Beerse
39,Antwerpseweg 195,2021-11-24,16:00:00,23,12,11,FMN GV 10 Beerse
39,Antwerpseweg 195,2021-11-24,17:00:00,12,9,3,FMN GV 10 Beerse
39,Antwerpseweg 195,2021-11-24,18:00:00,7,6,1,FMN GV 10 Beerse
39,Antwerpseweg 195,2021-11-24,19:00:00,2,2,0,FMN GV 10 Beerse
39,Antwerpseweg 195,2021-11-24,20:00:00,4,2,2,FMN GV 10 Beerse
39,Antwerpseweg 195,2021-11-24,21:00:00,4,4,0,FMN GV 10 Beerse
39,Antwerpseweg 195,2021-11-24,22:00:00,2,2,0,FMN GV 10 Beerse
39,Antwerpseweg 195,2021-11-24,23:00:00,0,0,0,FMN GV 10 Beerse
39,Antwerpseweg 195,2021-11-25,00:00:00,1,1,0,FMN GV 10 Beerse
39,Antwerpseweg 195,2021-11-25,01:00:00,0,0,0,FMN GV 10 Beerse
39,Antwerpseweg 195,2021-11-25,02:00:00,0,0,0,FMN GV 10 Beerse
39,Antwerpseweg 195,2021-11-25,03:00:00,0,0,0,FMN GV 10 Beerse
39,Antwerpseweg 195,2021-11-25,04:00:00,1,1,0,FMN GV 10 Beerse
39,Antwerpseweg 195,2021-11-25,05:00:00,13,12,1,FMN GV 10 Beerse
39,Antwerpseweg 195,2021-11-25,06:00:00,10,8,2,FMN GV 10 Beerse
39,Antwerpseweg 195,2021-11-25,07:00:00,29,25,4,FMN GV 10 Beerse
39,Antwerpseweg 195,2021-11-25,08:00:00,10,8,2,FMN GV 10 Beerse
39,Antwerpseweg 195,2021-11-25,09:00:00,3,2,1,FMN GV 10 Beerse
39,Antwerpseweg 195,2021-11-25,10:00:00,5,5,0,FMN GV 10 Beerse
39,Antwerpseweg 195,2021-11-25,11:00:00,5,4,1,FMN GV 10 Beerse
39,Antwerpseweg 195,2021-11-25,12:00:00,8,5,3,FMN GV 10 Beerse
39,Antwerpseweg 195,2021-11-25,13:00:00,14,13,1,FMN GV 10 Beerse
39,Antwerpseweg 195,2021-11-25,14:00:00,17,8,9,FMN GV 10 Beerse
39,Antwerpseweg 195,2021-11-25,15:00:00,18,13,5,FMN GV 10 Beerse
39,Antwerpseweg 195,2021-11-25,16:00:00,42,32,10,FMN GV 10 Beerse
39,Antwerpseweg 195,2021-11-25,17:00:00,17,11,6,FMN GV 10 Beerse
39,Antwerpseweg 195,2021-11-25,18:00:00,10,9,1,FMN GV 10 Beerse
39,Antwerpseweg 195,2021-11-25,19:00:00,5,5,0,FMN GV 10 Beerse
39,Antwerpseweg 195,2021-11-25,20:00:00,5,2,3,FMN GV 10 Beerse
39,Antwerpseweg 195,2021-11-25,21:00:00,3,2,1,FMN GV 10 Beerse
39,Antwerpseweg 195,2021-11-25,22:00:00,6,3,3,FMN GV 10 Beerse
39,Antwerpseweg 195,2021-11-25,23:00:00,1,1,0,FMN GV 10 Beerse
39,Antwerpseweg 195,2021-11-26,00:00:00,1,1,0,FMN GV 10 Beerse
39,Antwerpseweg 195,2021-11-26,01:00:00,0,0,0,FMN GV 10 Beerse
39,Antwerpseweg 195,2021-11-26,02:00:00,0,0,0,FMN GV 10 Beerse
39,Antwerpseweg 195,2021-11-26,03:00:00,0,0,0,FMN GV 10 Beerse
39,Antwerpseweg 195,2021-11-26,04:00:00,1,1,0,FMN GV 10 Beerse
39,Antwerpseweg 195,2021-11-26,05:00:00,9,8,1,FMN GV 10 Beerse
39,Antwerpseweg 195,2021-11-26,06:00:00,8,8,0,FMN GV 10 Beerse
39,Antwerpseweg 195,2021-11-26,07:00:00,25,19,6,FMN GV 10 Beerse
39,Antwerpseweg 195,2021-11-26,08:00:00,7,6,1,FMN GV 10 Beerse
39,Antwerpseweg 195,2021-11-26,09:00:00,3,2,1,FMN GV 10 Beerse
39,Antwerpseweg 195,2021-11-26,10:00:00,5,5,0,FMN GV 10 Beerse
39,Antwerpseweg 195,2021-11-26,11:00:00,8,5,3,FMN GV 10 Beerse
39,Antwerpseweg 195,2021-11-26,12:00:00,6,6,0,FMN GV 10 Beerse
39,Antwerpseweg 195,2021-11-26,13:00:00,11,7,4,FMN GV 10 Beerse
39,Antwerpseweg 195,2021-11-26,14:00:00,7,5,2,FMN GV 10 Beerse
39,Antwerpseweg 195,2021-11-26,15:00:00,20,16,4,FMN GV 10 Beerse
39,Antwerpseweg 195,2021-11-26,16:00:00,17,13,4,FMN GV 10 Beerse
39,Antwerpseweg 195,2021-11-26,17:00:00,9,9,0,FMN GV 10 Beerse
39,Antwerpseweg 195,2021-11-26,18:00:00,3,2,1,FMN GV 10 Beerse
39,Antwerpseweg 195,2021-11-26,19:00:00,2,0,2,FMN GV 10 Beerse
39,Antwerpseweg 195,2021-11-26,20:00:00,6,2,4,FMN GV 10 Beerse
39,Antwerpseweg 195,2021-11-26,21:00:00,0,0,0,FMN GV 10 Beerse
39,Antwerpseweg 195,2021-11-26,22:00:00,0,0,0,FMN GV 10 Beerse
39,Antwerpseweg 195,2021-11-26,23:00:00,1,1,0,FMN GV 10 Beerse
39,Antwerpseweg 195,2021-11-27,00:00:00,2,1,1,FMN GV 10 Beerse
39,Antwerpseweg 195,2021-11-27,01:00:00,1,1,0,FMN GV 10 Beerse
39,Antwerpseweg 195,2021-11-27,02:00:00,0,0,0,FMN GV 10 Beerse
39,Antwerpseweg 195,2021-11-27,03:00:00,1,0,1,FMN GV 10 Beerse
39,Antwerpseweg 195,2021-11-27,04:00:00,3,3,0,FMN GV 10 Beerse
39,Antwerpseweg 195,2021-11-27,05:00:00,1,1,0,FMN GV 10 Beerse
39,Antwerpseweg 195,2021-11-27,06:00:00,0,0,0,FMN GV 10 Beerse
39,Antwerpseweg 195,2021-11-27,07:00:00,2,2,0,FMN GV 10 Beerse
39,Antwerpseweg 195,2021-11-27,08:00:00,0,0,0,FMN GV 10 Beerse
39,Antwerpseweg 195,2021-11-27,09:00:00,6,3,3,FMN GV 10 Beerse
39,Antwerpseweg 195,2021-11-27,10:00:00,2,2,0,FMN GV 10 Beerse
39,Antwerpseweg 195,2021-11-27,11:00:00,10,7,3,FMN GV 10 Beerse
39,Antwerpseweg 195,2021-11-27,12:00:00,10,7,3,FMN GV 10 Beerse
39,Antwerpseweg 195,2021-11-27,13:00:00,18,10,8,FMN GV 10 Beerse
39,Antwerpseweg 195,2021-11-27,14:00:00,10,8,2,FMN GV 10 Beerse
39,Antwerpseweg 195,2021-11-27,15:00:00,10,8,2,FMN GV 10 Beerse
39,Antwerpseweg 195,2021-11-27,16:00:00,9,7,2,FMN GV 10 Beerse
39,Antwerpseweg 195,2021-11-27,17:00:00,3,2,1,FMN GV 10 Beerse
39,Antwerpseweg 195,2021-11-27,18:00:00,9,7,2,FMN GV 10 Beerse
39,Antwerpseweg 195,2021-11-27,19:00:00,5,4,1,FMN GV 10 Beerse
39,Antwerpseweg 195,2021-11-27,20:00:00,3,2,1,FMN GV 10 Beerse
39,Antwerpseweg 195,2021-11-27,21:00:00,0,0,0,FMN GV 10 Beerse
39,Antwerpseweg 195,2021-11-27,22:00:00,8,2,6,FMN GV 10 Beerse
39,Antwerpseweg 195,2021-11-27,23:00:00,1,1,0,FMN GV 10 Beerse
39,Antwerpseweg 195,2021-11-28,00:00:00,0,0,0,FMN GV 10 Beerse
39,Antwerpseweg 195,2021-11-28,01:00:00,0,0,0,FMN GV 10 Beerse
39,Antwerpseweg 195,2021-11-28,02:00:00,1,1,0,FMN GV 10 Beerse
39,Antwerpseweg 195,2021-11-28,03:00:00,1,0,1,FMN GV 10 Beerse
39,Antwerpseweg 195,2021-11-28,04:00:00,0,0,0,FMN GV 10 Beerse
39,Antwerpseweg 195,2021-11-28,05:00:00,1,1,0,FMN GV 10 Beerse
39,Antwerpseweg 195,2021-11-28,06:00:00,1,1,0,FMN GV 10 Beerse
39,Antwerpseweg 195,2021-11-28,07:00:00,2,1,1,FMN GV 10 Beerse
39,Antwerpseweg 195,2021-11-28,08:00:00,0,0,0,FMN GV 10 Beerse
39,Antwerpseweg 195,2021-11-28,09:00:00,6,5,1,FMN GV 10 Beerse
39,Antwerpseweg 195,2021-11-28,10:00:00,20,14,6,FMN GV 10 Beerse
39,Antwerpseweg 195,2021-11-28,11:00:00,11,6,5,FMN GV 10 Beerse
39,Antwerpseweg 195,2021-11-28,12:00:00,11,7,4,FMN GV 10 Beerse
39,Antwerpseweg 195,2021-11-28,13:00:00,2,2,0,FMN GV 10 Beerse
39,Antwerpseweg 195,2021-11-28,14:00:00,2,2,0,FMN GV 10 Beerse
39,Antwerpseweg 195,2021-11-28,15:00:00,2,2,0,FMN GV 10 Beerse
39,Antwerpseweg 195,2021-11-28,16:00:00,7,3,4,FMN GV 10 Beerse
39,Antwerpseweg 195,2021-11-28,17:00:00,4,4,0,FMN GV 10 Beerse
39,Antwerpseweg 195,2021-11-28,18:00:00,1,1,0,FMN GV 10 Beerse
39,Antwerpseweg 195,2021-11-28,19:00:00,1,0,1,FMN GV 10 Beerse
39,Antwerpseweg 195,2021-11-28,20:00:00,3,3,0,FMN GV 10 Beerse
39,Antwerpseweg 195,2021-11-28,21:00:00,3,2,1,FMN GV 10 Beerse
39,Antwerpseweg 195,2021-11-28,22:00:00,1,1,0,FMN GV 10 Beerse
39,Antwerpseweg 195,2021-11-28,23:00:00,1,1,0,FMN GV 10 Beerse
39,Antwerpseweg 195,2021-11-29,00:00:00,0,0,0,FMN GV 10 Beerse
39,Antwerpseweg 195,2021-11-29,01:00:00,0,0,0,FMN GV 10 Beerse
39,Antwerpseweg 195,2021-11-29,02:00:00,0,0,0,FMN GV 10 Beerse
39,Antwerpseweg 195,2021-11-29,03:00:00,0,0,0,FMN GV 10 Beerse
39,Antwerpseweg 195,2021-11-29,04:00:00,1,1,0,FMN GV 10 Beerse
39,Antwerpseweg 195,2021-11-29,05:00:00,13,13,0,FMN GV 10 Beerse
39,Antwerpseweg 195,2021-11-29,06:00:00,5,5,0,FMN GV 10 Beerse
39,Antwerpseweg 195,2021-11-29,07:00:00,23,17,6,FMN GV 10 Beerse
39,Antwerpseweg 195,2021-11-29,08:00:00,9,8,1,FMN GV 10 Beerse
39,Antwerpseweg 195,2021-11-29,09:00:00,4,4,0,FMN GV 10 Beerse
39,Antwerpseweg 195,2021-11-29,10:00:00,3,2,1,FMN GV 10 Beerse
39,Antwerpseweg 195,2021-11-29,11:00:00,6,5,1,FMN GV 10 Beerse
39,Antwerpseweg 195,2021-11-29,12:00:00,11,8,3,FMN GV 10 Beerse
39,Antwerpseweg 195,2021-11-29,13:00:00,9,7,2,FMN GV 10 Beerse
39,Antwerpseweg 195,2021-11-29,14:00:00,10,7,3,FMN GV 10 Beerse
39,Antwerpseweg 195,2021-11-29,15:00:00,17,13,4,FMN GV 10 Beerse
39,Antwerpseweg 195,2021-11-29,16:00:00,39,27,12,FMN GV 10 Beerse
39,Antwerpseweg 195,2021-11-29,17:00:00,19,12,7,FMN GV 10 Beerse
39,Antwerpseweg 195,2021-11-29,18:00:00,8,5,3,FMN GV 10 Beerse
39,Antwerpseweg 195,2021-11-29,19:00:00,4,3,1,FMN GV 10 Beerse
39,Antwerpseweg 195,2021-11-29,20:00:00,4,1,3,FMN GV 10 Beerse
39,Antwerpseweg 195,2021-11-29,21:00:00,3,3,0,FMN GV 10 Beerse
39,Antwerpseweg 195,2021-11-29,22:00:00,0,0,0,FMN GV 10 Beerse
39,Antwerpseweg 195,2021-11-29,23:00:00,1,1,0,FMN GV 10 Beerse
39,Antwerpseweg 195,2021-11-30,00:00:00,0,0,0,FMN GV 10 Beerse
39,Antwerpseweg 195,2021-11-30,01:00:00,0,0,0,FMN GV 10 Beerse
39,Antwerpseweg 195,2021-11-30,02:00:00,0,0,0,FMN GV 10 Beerse
39,Antwerpseweg 195,2021-11-30,03:00:00,0,0,0,FMN GV 10 Beerse
39,Antwerpseweg 195,2021-11-30,04:00:00,1,1,0,FMN GV 10 Beerse
39,Antwerpseweg 195,2021-11-30,05:00:00,11,11,0,FMN GV 10 Beerse
39,Antwerpseweg 195,2021-11-30,06:00:00,8,8,0,FMN GV 10 Beerse
39,Antwerpseweg 195,2021-11-30,07:00:00,22,18,4,FMN GV 10 Beerse
39,Antwerpseweg 195,2021-11-30,08:00:00,6,6,0,FMN GV 10 Beerse
39,Antwerpseweg 195,2021-11-30,09:00:00,1,1,0,FMN GV 10 Beerse
39,Antwerpseweg 195,2021-11-30,10:00:00,1,1,0,FMN GV 10 Beerse
39,Antwerpseweg 195,2021-11-30,11:00:00,1,1,0,FMN GV 10 Beerse
39,Antwerpseweg 195,2021-11-30,12:00:00,2,1,1,FMN GV 10 Beerse
39,Antwerpseweg 195,2021-11-30,13:00:00,6,4,2,FMN GV 10 Beerse
39,Antwerpseweg 195,2021-11-30,14:00:00,8,4,4,FMN GV 10 Beerse
39,Antwerpseweg 195,2021-11-30,15:00:00,7,4,3,FMN GV 10 Beerse
39,Antwerpseweg 195,2021-11-30,16:00:00,13,10,3,FMN GV 10 Beerse
39,Antwerpseweg 195,2021-11-30,17:00:00,12,11,1,FMN GV 10 Beerse
39,Antwerpseweg 195,2021-11-30,18:00:00,5,2,3,FMN GV 10 Beerse
39,Antwerpseweg 195,2021-11-30,19:00:00,5,3,2,FMN GV 10 Beerse
39,Antwerpseweg 195,2021-11-30,20:00:00,2,0,2,FMN GV 10 Beerse
39,Antwerpseweg 195,2021-11-30,21:00:00,2,2,0,FMN GV 10 Beerse
39,Antwerpseweg 195,2021-11-30,22:00:00,0,0,0,FMN GV 10 Beerse
39,Antwerpseweg 195,2021-11-30,23:00:00,1,1,0,FMN GV 10 Beerse
39,Antwerpseweg 195,2021-12-01,00:00:00,0,0,0,FMN GV 10 Beerse
39,Antwerpseweg 195,2021-12-01,01:00:00,0,0,0,FMN GV 10 Beerse
39,Antwerpseweg 195,2021-12-01,02:00:00,0,0,0,FMN GV 10 Beerse
39,Antwerpseweg 195,2021-12-01,03:00:00,0,0,0,FMN GV 10 Beerse
39,Antwerpseweg 195,2021-12-01,04:00:00,0,0,0,FMN GV 10 Beerse
39,Antwerpseweg 195,2021-12-01,05:00:00,14,13,1,FMN GV 10 Beerse
39,Antwerpseweg 195,2021-12-01,06:00:00,9,9,0,FMN GV 10 Beerse
39,Antwerpseweg 195,2021-12-01,07:00:00,24,19,5,FMN GV 10 Beerse
39,Antwerpseweg 195,2021-12-01,08:00:00,7,6,1,FMN GV 10 Beerse
39,Antwerpseweg 195,2021-12-01,09:00:00,1,1,0,FMN GV 10 Beerse
39,Antwerpseweg 195,2021-12-01,10:00:00,2,1,1,FMN GV 10 Beerse
39,Antwerpseweg 195,2021-12-01,11:00:00,5,5,0,FMN GV 10 Beerse
39,Antwerpseweg 195,2021-12-01,12:00:00,14,11,3,FMN GV 10 Beerse
39,Antwerpseweg 195,2021-12-01,13:00:00,5,4,1,FMN GV 10 Beerse
39,Antwerpseweg 195,2021-12-01,14:00:00,12,5,7,FMN GV 10 Beerse
39,Antwerpseweg 195,2021-12-01,15:00:00,8,3,5,FMN GV 10 Beerse
39,Antwerpseweg 195,2021-12-01,16:00:00,9,6,3,FMN GV 10 Beerse
39,Antwerpseweg 195,2021-12-01,17:00:00,8,4,4,FMN GV 10 Beerse
39,Antwerpseweg 195,2021-12-01,18:00:00,4,4,0,FMN GV 10 Beerse
39,Antwerpseweg 195,2021-12-01,19:00:00,1,1,0,FMN GV 10 Beerse
39,Antwerpseweg 195,2021-12-01,20:00:00,2,1,1,FMN GV 10 Beerse
39,Antwerpseweg 195,2021-12-01,21:00:00,2,2,0,FMN GV 10 Beerse
39,Antwerpseweg 195,2021-12-01,22:00:00,3,2,1,FMN GV 10 Beerse
39,Antwerpseweg 195,2021-12-01,23:00:00,0,0,0,FMN GV 10 Beerse
39,Antwerpseweg 195,2021-12-02,00:00:00,0,0,0,FMN GV 10 Beerse
39,Antwerpseweg 195,2021-12-02,01:00:00,0,0,0,FMN GV 10 Beerse
39,Antwerpseweg 195,2021-12-02,02:00:00,0,0,0,FMN GV 10 Beerse
39,Antwerpseweg 195,2021-12-02,03:00:00,0,0,0,FMN GV 10 Beerse
39,Antwerpseweg 195,2021-12-02,04:00:00,0,0,0,FMN GV 10 Beerse
39,Antwerpseweg 195,2021-12-02,05:00:00,11,10,1,FMN GV 10 Beerse
39,Antwerpseweg 195,2021-12-02,06:00:00,8,7,1,FMN GV 10 Beerse
39,Antwerpseweg 195,2021-12-02,07:00:00,27,22,5,FMN GV 10 Beerse
39,Antwerpseweg 195,2021-12-02,08:00:00,7,6,1,FMN GV 10 Beerse
39,Antwerpseweg 195,2021-12-02,09:00:00,0,0,0,FMN GV 10 Beerse
39,Antwerpseweg 195,2021-12-02,10:00:00,6,4,2,FMN GV 10 Beerse
39,Antwerpseweg 195,2021-12-02,11:00:00,1,1,0,FMN GV 10 Beerse
39,Antwerpseweg 195,2021-12-02,12:00:00,12,8,4,FMN GV 10 Beerse
39,Antwerpseweg 195,2021-12-02,13:00:00,8,5,3,FMN GV 10 Beerse
39,Antwerpseweg 195,2021-12-02,14:00:00,5,3,2,FMN GV 10 Beerse
39,Antwerpseweg 195,2021-12-02,15:00:00,15,10,5,FMN GV 10 Beerse
39,Antwerpseweg 195,2021-12-02,16:00:00,22,12,10,FMN GV 10 Beerse
39,Antwerpseweg 195,2021-12-02,17:00:00,10,4,6,FMN GV 10 Beerse
39,Antwerpseweg 195,2021-12-02,18:00:00,9,5,4,FMN GV 10 Beerse
39,Antwerpseweg 195,2021-12-02,19:00:00,0,0,0,FMN GV 10 Beerse
39,Antwerpseweg 195,2021-12-02,20:00:00,2,1,1,FMN GV 10 Beerse
39,Antwerpseweg 195,2021-12-02,21:00:00,3,3,0,FMN GV 10 Beerse
39,Antwerpseweg 195,2021-12-02,22:00:00,5,3,2,FMN GV 10 Beerse
39,Antwerpseweg 195,2021-12-02,23:00:00,0,0,0,FMN GV 10 Beerse
39,Antwerpseweg 195,2021-12-03,00:00:00,0,0,0,FMN GV 10 Beerse
39,Antwerpseweg 195,2021-12-03,01:00:00,0,0,0,FMN GV 10 Beerse
39,Antwerpseweg 195,2021-12-03,02:00:00,0,0,0,FMN GV 10 Beerse
39,Antwerpseweg 195,2021-12-03,03:00:00,0,0,0,FMN GV 10 Beerse
39,Antwerpseweg 195,2021-12-03,04:00:00,0,0,0,FMN GV 10 Beerse
39,Antwerpseweg 195,2021-12-03,05:00:00,15,14,1,FMN GV 10 Beerse
39,Antwerpseweg 195,2021-12-03,06:00:00,5,5,0,FMN GV 10 Beerse
39,Antwerpseweg 195,2021-12-03,07:00:00,19,16,3,FMN GV 10 Beerse
39,Antwerpseweg 195,2021-12-03,08:00:00,7,5,2,FMN GV 10 Beerse
39,Antwerpseweg 195,2021-12-03,09:00:00,6,3,3,FMN GV 10 Beerse
39,Antwerpseweg 195,2021-12-03,10:00:00,6,6,0,FMN GV 10 Beerse
39,Antwerpseweg 195,2021-12-03,11:00:00,4,4,0,FMN GV 10 Beerse
39,Antwerpseweg 195,2021-12-03,12:00:00,9,5,4,FMN GV 10 Beerse
39,Antwerpseweg 195,2021-12-03,13:00:00,9,5,4,FMN GV 10 Beerse
39,Antwerpseweg 195,2021-12-03,14:00:00,8,5,3,FMN GV 10 Beerse
39,Antwerpseweg 195,2021-12-03,15:00:00,13,11,2,FMN GV 10 Beerse
39,Antwerpseweg 195,2021-12-03,16:00:00,25,21,4,FMN GV 10 Beerse
39,Antwerpseweg 195,2021-12-03,17:00:00,8,4,4,FMN GV 10 Beerse
39,Antwerpseweg 195,2021-12-03,18:00:00,2,1,1,FMN GV 10 Beerse
39,Antwerpseweg 195,2021-12-03,19:00:00,4,2,2,FMN GV 10 Beerse
39,Antwerpseweg 195,2021-12-03,20:00:00,3,1,2,FMN GV 10 Beerse
39,Antwerpseweg 195,2021-12-03,21:00:00,2,2,0,FMN GV 10 Beerse
39,Antwerpseweg 195,2021-12-03,22:00:00,3,3,0,FMN GV 10 Beerse
39,Antwerpseweg 195,2021-12-03,23:00:00,0,0,0,FMN GV 10 Beerse
39,Antwerpseweg 195,2021-12-04,00:00:00,2,2,0,FMN GV 10 Beerse
39,Antwerpseweg 195,2021-12-04,01:00:00,0,0,0,FMN GV 10 Beerse
39,Antwerpseweg 195,2021-12-04,02:00:00,1,1,0,FMN GV 10 Beerse
39,Antwerpseweg 195,2021-12-04,03:00:00,2,0,2,FMN GV 10 Beerse
39,Antwerpseweg 195,2021-12-04,04:00:00,0,0,0,FMN GV 10 Beerse
39,Antwerpseweg 195,2021-12-04,05:00:00,2,2,0,FMN GV 10 Beerse
39,Antwerpseweg 195,2021-12-04,06:00:00,1,1,0,FMN GV 10 Beerse
39,Antwerpseweg 195,2021-12-04,07:00:00,1,1,0,FMN GV 10 Beerse
39,Antwerpseweg 195,2021-12-04,08:00:00,3,3,0,FMN GV 10 Beerse
39,Antwerpseweg 195,2021-12-04,09:00:00,9,5,4,FMN GV 10 Beerse
39,Antwerpseweg 195,2021-12-04,10:00:00,6,3,3,FMN GV 10 Beerse
39,Antwerpseweg 195,2021-12-04,11:00:00,3,3,0,FMN GV 10 Beerse
39,Antwerpseweg 195,2021-12-04,12:00:00,10,7,3,FMN GV 10 Beerse
39,Antwerpseweg 195,2021-12-04,13:00:00,5,5,0,FMN GV 10 Beerse
39,Antwerpseweg 195,2021-12-04,14:00:00,3,0,3,FMN GV 10 Beerse
39,Antwerpseweg 195,2021-12-04,15:00:00,2,2,0,FMN GV 10 Beerse
39,Antwerpseweg 195,2021-12-04,16:00:00,4,1,3,FMN GV 10 Beerse
39,Antwerpseweg 195,2021-12-04,17:00:00,3,2,1,FMN GV 10 Beerse
39,Antwerpseweg 195,2021-12-04,18:00:00,5,2,3,FMN GV 10 Beerse
39,Antwerpseweg 195,2021-12-04,19:00:00,2,2,0,FMN GV 10 Beerse
39,Antwerpseweg 195,2021-12-04,20:00:00,4,3,1,FMN GV 10 Beerse
39,Antwerpseweg 195,2021-12-04,21:00:00,3,3,0,FMN GV 10 Beerse
39,Antwerpseweg 195,2021-12-04,22:00:00,2,2,0,FMN GV 10 Beerse
39,Antwerpseweg 195,2021-12-04,23:00:00,0,0,0,FMN GV 10 Beerse
39,Antwerpseweg 195,2021-12-05,00:00:00,1,0,1,FMN GV 10 Beerse
39,Antwerpseweg 195,2021-12-05,01:00:00,0,0,0,FMN GV 10 Beerse
39,Antwerpseweg 195,2021-12-05,02:00:00,0,0,0,FMN GV 10 Beerse
39,Antwerpseweg 195,2021-12-05,03:00:00,2,1,1,FMN GV 10 Beerse
39,Antwerpseweg 195,2021-12-05,04:00:00,0,0,0,FMN GV 10 Beerse
39,Antwerpseweg 195,2021-12-05,05:00:00,0,0,0,FMN GV 10 Beerse
39,Antwerpseweg 195,2021-12-05,06:00:00,2,2,0,FMN GV 10 Beerse
39,Antwerpseweg 195,2021-12-05,07:00:00,1,0,1,FMN GV 10 Beerse
39,Antwerpseweg 195,2021-12-05,08:00:00,0,0,0,FMN GV 10 Beerse
39,Antwerpseweg 195,2021-12-05,09:00:00,3,2,1,FMN GV 10 Beerse
39,Antwerpseweg 195,2021-12-05,10:00:00,5,3,2,FMN GV 10 Beerse
39,Antwerpseweg 195,2021-12-05,11:00:00,1,1,0,FMN GV 10 Beerse
39,Antwerpseweg 195,2021-12-05,12:00:00,7,5,2,FMN GV 10 Beerse
39,Antwerpseweg 195,2021-12-05,13:00:00,9,6,3,FMN GV 10 Beerse
39,Antwerpseweg 195,2021-12-05,14:00:00,8,3,5,FMN GV 10 Beerse
39,Antwerpseweg 195,2021-12-05,15:00:00,7,5,2,FMN GV 10 Beerse
39,Antwerpseweg 195,2021-12-05,16:00:00,12,8,4,FMN GV 10 Beerse
39,Antwerpseweg 195,2021-12-05,17:00:00,4,2,2,FMN GV 10 Beerse
39,Antwerpseweg 195,2021-12-05,18:00:00,6,3,3,FMN GV 10 Beerse
39,Antwerpseweg 195,2021-12-05,19:00:00,1,1,0,FMN GV 10 Beerse
39,Antwerpseweg 195,2021-12-05,20:00:00,0,0,0,FMN GV 10 Beerse
39,Antwerpseweg 195,2021-12-05,21:00:00,2,2,0,FMN GV 10 Beerse
39,Antwerpseweg 195,2021-12-05,22:00:00,3,2,1,FMN GV 10 Beerse
39,Antwerpseweg 195,2021-12-05,23:00:00,0,0,0,FMN GV 10 Beerse
39,Antwerpseweg 195,2021-12-06,00:00:00,0,0,0,FMN GV 10 Beerse
39,Antwerpseweg 195,2021-12-06,01:00:00,0,0,0,FMN GV 10 Beerse
39,Antwerpseweg 195,2021-12-06,02:00:00,2,2,0,FMN GV 10 Beerse
39,Antwerpseweg 195,2021-12-06,03:00:00,0,0,0,FMN GV 10 Beerse
39,Antwerpseweg 195,2021-12-06,04:00:00,0,0,0,FMN GV 10 Beerse
39,Antwerpseweg 195,2021-12-06,05:00:00,9,9,0,FMN GV 10 Beerse
39,Antwerpseweg 195,2021-12-06,06:00:00,10,10,0,FMN GV 10 Beerse
39,Antwerpseweg 195,2021-12-06,07:00:00,31,26,5,FMN GV 10 Beerse
39,Antwerpseweg 195,2021-12-06,08:00:00,10,8,2,FMN GV 10 Beerse
39,Antwerpseweg 195,2021-12-06,09:00:00,4,3,1,FMN GV 10 Beerse
39,Antwerpseweg 195,2021-12-06,10:00:00,5,4,1,FMN GV 10 Beerse
39,Antwerpseweg 195,2021-12-06,11:00:00,7,5,2,FMN GV 10 Beerse
39,Antwerpseweg 195,2021-12-06,12:00:00,9,7,2,FMN GV 10 Beerse
39,Antwerpseweg 195,2021-12-06,13:00:00,20,17,3,FMN GV 10 Beerse
39,Antwerpseweg 195,2021-12-06,14:00:00,16,12,4,FMN GV 10 Beerse
39,Antwerpseweg 195,2021-12-06,15:00:00,26,14,12,FMN GV 10 Beerse
39,Antwerpseweg 195,2021-12-06,16:00:00,36,28,8,FMN GV 10 Beerse
39,Antwerpseweg 195,2021-12-06,17:00:00,17,13,4,FMN GV 10 Beerse
39,Antwerpseweg 195,2021-12-06,18:00:00,5,4,1,FMN GV 10 Beerse
39,Antwerpseweg 195,2021-12-06,19:00:00,3,1,2,FMN GV 10 Beerse
39,Antwerpseweg 195,2021-12-06,20:00:00,1,1,0,FMN GV 10 Beerse
39,Antwerpseweg 195,2021-12-06,21:00:00,0,0,0,FMN GV 10 Beerse
39,Antwerpseweg 195,2021-12-06,22:00:00,2,1,1,FMN GV 10 Beerse
39,Antwerpseweg 195,2021-12-06,23:00:00,1,1,0,FMN GV 10 Beerse
39,Antwerpseweg 195,2021-12-07,00:00:00,2,2,0,FMN GV 10 Beerse
39,Antwerpseweg 195,2021-12-07,01:00:00,0,0,0,FMN GV 10 Beerse
39,Antwerpseweg 195,2021-12-07,02:00:00,0,0,0,FMN GV 10 Beerse
39,Antwerpseweg 195,2021-12-07,03:00:00,1,1,0,FMN GV 10 Beerse
39,Antwerpseweg 195,2021-12-07,04:00:00,0,0,0,FMN GV 10 Beerse
39,Antwerpseweg 195,2021-12-07,05:00:00,8,8,0,FMN GV 10 Beerse
39,Antwerpseweg 195,2021-12-07,06:00:00,18,18,0,FMN GV 10 Beerse
39,Antwerpseweg 195,2021-12-07,07:00:00,32,25,7,FMN GV 10 Beerse
39,Antwerpseweg 195,2021-12-07,08:00:00,7,7,0,FMN GV 10 Beerse
39,Antwerpseweg 195,2021-12-07,09:00:00,9,5,4,FMN GV 10 Beerse
39,Antwerpseweg 195,2021-12-07,10:00:00,8,5,3,FMN GV 10 Beerse
39,Antwerpseweg 195,2021-12-07,11:00:00,6,3,3,FMN GV 10 Beerse
39,Antwerpseweg 195,2021-12-07,12:00:00,12,8,4,FMN GV 10 Beerse
39,Antwerpseweg 195,2021-12-07,13:00:00,42,32,10,FMN GV 10 Beerse
39,Antwerpseweg 195,2021-12-07,14:00:00,13,7,6,FMN GV 10 Beerse
39,Antwerpseweg 195,2021-12-07,15:00:00,15,8,7,FMN GV 10 Beerse
39,Antwerpseweg 195,2021-12-07,16:00:00,49,29,20,FMN GV 10 Beerse
39,Antwerpseweg 195,2021-12-07,17:00:00,13,7,6,FMN GV 10 Beerse
39,Antwerpseweg 195,2021-12-07,18:00:00,7,6,1,FMN GV 10 Beerse
39,Antwerpseweg 195,2021-12-07,19:00:00,2,2,0,FMN GV 10 Beerse
39,Antwerpseweg 195,2021-12-07,20:00:00,5,3,2,FMN GV 10 Beerse
39,Antwerpseweg 195,2021-12-07,21:00:00,3,2,1,FMN GV 10 Beerse
39,Antwerpseweg 195,2021-12-07,22:00:00,4,1,3,FMN GV 10 Beerse
39,Antwerpseweg 195,2021-12-07,23:00:00,1,1,0,FMN GV 10 Beerse
39,Antwerpseweg 195,2021-12-08,00:00:00,1,1,0,FMN GV 10 Beerse
39,Antwerpseweg 195,2021-12-08,01:00:00,0,0,0,FMN GV 10 Beerse
39,Antwerpseweg 195,2021-12-08,02:00:00,0,0,0,FMN GV 10 Beerse
39,Antwerpseweg 195,2021-12-08,03:00:00,0,0,0,FMN GV 10 Beerse
39,Antwerpseweg 195,2021-12-08,04:00:00,0,0,0,FMN GV 10 Beerse
39,Antwerpseweg 195,2021-12-08,05:00:00,17,17,0,FMN GV 10 Beerse
39,Antwerpseweg 195,2021-12-08,06:00:00,10,10,0,FMN GV 10 Beerse
39,Antwerpseweg 195,2021-12-08,07:00:00,31,26,5,FMN GV 10 Beerse
39,Antwerpseweg 195,2021-12-08,08:00:00,10,8,2,FMN GV 10 Beerse
39,Antwerpseweg 195,2021-12-08,09:00:00,8,8,0,FMN GV 10 Beerse
39,Antwerpseweg 195,2021-12-08,10:00:00,8,7,1,FMN GV 10 Beerse
39,Antwerpseweg 195,2021-12-08,11:00:00,6,4,2,FMN GV 10 Beerse
39,Antwerpseweg 195,2021-12-08,12:00:00,25,16,9,FMN GV 10 Beerse
39,Antwerpseweg 195,2021-12-08,13:00:00,18,12,6,FMN GV 10 Beerse
39,Antwerpseweg 195,2021-12-08,14:00:00,10,9,1,FMN GV 10 Beerse
39,Antwerpseweg 195,2021-12-08,15:00:00,12,6,6,FMN GV 10 Beerse
39,Antwerpseweg 195,2021-12-08,16:00:00,20,9,11,FMN GV 10 Beerse
39,Antwerpseweg 195,2021-12-08,17:00:00,15,12,3,FMN GV 10 Beerse
39,Antwerpseweg 195,2021-12-08,18:00:00,9,7,2,FMN GV 10 Beerse
39,Antwerpseweg 195,2021-12-08,19:00:00,2,2,0,FMN GV 10 Beerse
39,Antwerpseweg 195,2021-12-08,20:00:00,2,0,2,FMN GV 10 Beerse
39,Antwerpseweg 195,2021-12-08,21:00:00,2,1,1,FMN GV 10 Beerse
39,Antwerpseweg 195,2021-12-08,22:00:00,4,4,0,FMN GV 10 Beerse
39,Antwerpseweg 195,2021-12-08,23:00:00,0,0,0,FMN GV 10 Beerse
39,Antwerpseweg 195,2021-12-09,00:00:00,1,0,1,FMN GV 10 Beerse
39,Antwerpseweg 195,2021-12-09,01:00:00,0,0,0,FMN GV 10 Beerse
39,Antwerpseweg 195,2021-12-09,02:00:00,2,2,0,FMN GV 10 Beerse
39,Antwerpseweg 195,2021-12-09,03:00:00,0,0,0,FMN GV 10 Beerse
39,Antwerpseweg 195,2021-12-09,04:00:00,1,1,0,FMN GV 10 Beerse
39,Antwerpseweg 195,2021-12-09,05:00:00,6,6,0,FMN GV 10 Beerse
39,Antwerpseweg 195,2021-12-09,06:00:00,10,10,0,FMN GV 10 Beerse
39,Antwerpseweg 195,2021-12-09,07:00:00,25,20,5,FMN GV 10 Beerse
39,Antwerpseweg 195,2021-12-09,08:00:00,10,9,1,FMN GV 10 Beerse
39,Antwerpseweg 195,2021-12-09,09:00:00,4,3,1,FMN GV 10 Beerse
39,Antwerpseweg 195,2021-12-09,10:00:00,9,8,1,FMN GV 10 Beerse
39,Antwerpseweg 195,2021-12-09,11:00:00,6,5,1,FMN GV 10 Beerse
39,Antwerpseweg 195,2021-12-09,12:00:00,14,12,2,FMN GV 10 Beerse
39,Antwerpseweg 195,2021-12-09,13:00:00,13,7,6,FMN GV 10 Beerse
39,Antwerpseweg 195,2021-12-09,14:00:00,9,7,2,FMN GV 10 Beerse
39,Antwerpseweg 195,2021-12-09,15:00:00,30,24,6,FMN GV 10 Beerse
39,Antwerpseweg 195,2021-12-09,16:00:00,29,19,10,FMN GV 10 Beerse
39,Antwerpseweg 195,2021-12-09,17:00:00,18,11,7,FMN GV 10 Beerse
39,Antwerpseweg 195,2021-12-09,18:00:00,6,5,1,FMN GV 10 Beerse
39,Antwerpseweg 195,2021-12-09,19:00:00,3,3,0,FMN GV 10 Beerse
39,Antwerpseweg 195,2021-12-09,20:00:00,2,1,1,FMN GV 10 Beerse
39,Antwerpseweg 195,2021-12-09,21:00:00,2,2,0,FMN GV 10 Beerse
39,Antwerpseweg 195,2021-12-09,22:00:00,3,1,2,FMN GV 10 Beerse
39,Antwerpseweg 195,2021-12-09,23:00:00,0,0,0,FMN GV 10 Beerse
39,Antwerpseweg 195,2021-12-10,00:00:00,0,0,0,FMN GV 10 Beerse
39,Antwerpseweg 195,2021-12-10,01:00:00,0,0,0,FMN GV 10 Beerse
39,Antwerpseweg 195,2021-12-10,02:00:00,0,0,0,FMN GV 10 Beerse
39,Antwerpseweg 195,2021-12-10,03:00:00,0,0,0,FMN GV 10 Beerse
39,Antwerpseweg 195,2021-12-10,04:00:00,1,1,0,FMN GV 10 Beerse
39,Antwerpseweg 195,2021-12-10,05:00:00,8,8,0,FMN GV 10 Beerse
39,Antwerpseweg 195,2021-12-10,06:00:00,10,10,0,FMN GV 10 Beerse
39,Antwerpseweg 195,2021-12-10,07:00:00,13,9,4,FMN GV 10 Beerse
39,Antwerpseweg 195,2021-12-10,08:00:00,8,8,0,FMN GV 10 Beerse
39,Antwerpseweg 195,2021-12-10,09:00:00,2,1,1,FMN GV 10 Beerse
39,Antwerpseweg 195,2021-12-10,10:00:00,6,6,0,FMN GV 10 Beerse
39,Antwerpseweg 195,2021-12-10,11:00:00,5,4,1,FMN GV 10 Beerse
39,Antwerpseweg 195,2021-12-10,12:00:00,11,8,3,FMN GV 10 Beerse
39,Antwerpseweg 195,2021-12-10,13:00:00,4,1,3,FMN GV 10 Beerse
39,Antwerpseweg 195,2021-12-10,14:00:00,3,2,1,FMN GV 10 Beerse
39,Antwerpseweg 195,2021-12-10,15:00:00,6,5,1,FMN GV 10 Beerse
39,Antwerpseweg 195,2021-12-10,16:00:00,16,14,2,FMN GV 10 Beerse
39,Antwerpseweg 195,2021-12-10,17:00:00,6,5,1,FMN GV 10 Beerse
39,Antwerpseweg 195,2021-12-10,18:00:00,5,3,2,FMN GV 10 Beerse
39,Antwerpseweg 195,2021-12-10,19:00:00,2,1,1,FMN GV 10 Beerse
39,Antwerpseweg 195,2021-12-10,20:00:00,4,2,2,FMN GV 10 Beerse
39,Antwerpseweg 195,2021-12-10,21:00:00,1,1,0,FMN GV 10 Beerse
39,Antwerpseweg 195,2021-12-10,22:00:00,3,2,1,FMN GV 10 Beerse
39,Antwerpseweg 195,2021-12-10,23:00:00,3,3,0,FMN GV 10 Beerse
39,Antwerpseweg 195,2021-12-11,00:00:00,0,0,0,FMN GV 10 Beerse
39,Antwerpseweg 195,2021-12-11,01:00:00,1,0,1,FMN GV 10 Beerse
39,Antwerpseweg 195,2021-12-11,02:00:00,1,0,1,FMN GV 10 Beerse
39,Antwerpseweg 195,2021-12-11,03:00:00,1,0,1,FMN GV 10 Beerse
39,Antwerpseweg 195,2021-12-11,04:00:00,0,0,0,FMN GV 10 Beerse
39,Antwerpseweg 195,2021-12-11,05:00:00,3,3,0,FMN GV 10 Beerse
39,Antwerpseweg 195,2021-12-11,06:00:00,0,0,0,FMN GV 10 Beerse
39,Antwerpseweg 195,2021-12-11,07:00:00,1,1,0,FMN GV 10 Beerse
39,Antwerpseweg 195,2021-12-11,08:00:00,2,2,0,FMN GV 10 Beerse
39,Antwerpseweg 195,2021-12-11,09:00:00,7,2,5,FMN GV 10 Beerse
39,Antwerpseweg 195,2021-12-11,10:00:00,4,2,2,FMN GV 10 Beerse
39,Antwerpseweg 195,2021-12-11,11:00:00,9,7,2,FMN GV 10 Beerse
39,Antwerpseweg 195,2021-12-11,12:00:00,10,9,1,FMN GV 10 Beerse
39,Antwerpseweg 195,2021-12-11,13:00:00,17,9,8,FMN GV 10 Beerse
39,Antwerpseweg 195,2021-12-11,14:00:00,12,9,3,FMN GV 10 Beerse
39,Antwerpseweg 195,2021-12-11,15:00:00,16,12,4,FMN GV 10 Beerse
39,Antwerpseweg 195,2021-12-11,16:00:00,2,1,1,FMN GV 10 Beerse
39,Antwerpseweg 195,2021-12-11,17:00:00,10,5,5,FMN GV 10 Beerse
39,Antwerpseweg 195,2021-12-11,18:00:00,4,2,2,FMN GV 10 Beerse
39,Antwerpseweg 195,2021-12-11,19:00:00,3,2,1,FMN GV 10 Beerse
39,Antwerpseweg 195,2021-12-11,20:00:00,3,2,1,FMN GV 10 Beerse
39,Antwerpseweg 195,2021-12-11,21:00:00,0,0,0,FMN GV 10 Beerse
39,Antwerpseweg 195,2021-12-11,22:00:00,1,1,0,FMN GV 10 Beerse
39,Antwerpseweg 195,2021-12-11,23:00:00,5,2,3,FMN GV 10 Beerse
39,Antwerpseweg 195,2021-12-12,00:00:00,3,1,2,FMN GV 10 Beerse
39,Antwerpseweg 195,2021-12-12,01:00:00,1,1,0,FMN GV 10 Beerse
39,Antwerpseweg 195,2021-12-12,02:00:00,0,0,0,FMN GV 10 Beerse
39,Antwerpseweg 195,2021-12-12,03:00:00,1,1,0,FMN GV 10 Beerse
39,Antwerpseweg 195,2021-12-12,04:00:00,0,0,0,FMN GV 10 Beerse
39,Antwerpseweg 195,2021-12-12,05:00:00,1,1,0,FMN GV 10 Beerse
39,Antwerpseweg 195,2021-12-12,06:00:00,1,1,0,FMN GV 10 Beerse
39,Antwerpseweg 195,2021-12-12,07:00:00,1,0,1,FMN GV 10 Beerse
39,Antwerpseweg 195,2021-12-12,08:00:00,1,1,0,FMN GV 10 Beerse
39,Antwerpseweg 195,2021-12-12,09:00:00,5,5,0,FMN GV 10 Beerse
39,Antwerpseweg 195,2021-12-12,10:00:00,4,2,2,FMN GV 10 Beerse
39,Antwerpseweg 195,2021-12-12,11:00:00,9,6,3,FMN GV 10 Beerse
39,Antwerpseweg 195,2021-12-12,12:00:00,4,2,2,FMN GV 10 Beerse
39,Antwerpseweg 195,2021-12-12,13:00:00,4,3,1,FMN GV 10 Beerse
39,Antwerpseweg 195,2021-12-12,14:00:00,6,5,1,FMN GV 10 Beerse
39,Antwerpseweg 195,2021-12-12,15:00:00,2,2,0,FMN GV 10 Beerse
39,Antwerpseweg 195,2021-12-12,16:00:00,3,3,0,FMN GV 10 Beerse
39,Antwerpseweg 195,2021-12-12,17:00:00,1,1,0,FMN GV 10 Beerse
39,Antwerpseweg 195,2021-12-12,18:00:00,2,2,0,FMN GV 10 Beerse
39,Antwerpseweg 195,2021-12-12,19:00:00,2,2,0,FMN GV 10 Beerse
39,Antwerpseweg 195,2021-12-12,20:00:00,1,0,1,FMN GV 10 Beerse
39,Antwerpseweg 195,2021-12-12,21:00:00,1,1,0,FMN GV 10 Beerse
39,Antwerpseweg 195,2021-12-12,22:00:00,0,0,0,FMN GV 10 Beerse
39,Antwerpseweg 195,2021-12-12,23:00:00,1,1,0,FMN GV 10 Beerse
39,Antwerpseweg 195,2021-12-13,00:00:00,0,0,0,FMN GV 10 Beerse
39,Antwerpseweg 195,2021-12-13,01:00:00,0,0,0,FMN GV 10 Beerse
39,Antwerpseweg 195,2021-12-13,02:00:00,0,0,0,FMN GV 10 Beerse
39,Antwerpseweg 195,2021-12-13,03:00:00,1,1,0,FMN GV 10 Beerse
39,Antwerpseweg 195,2021-12-13,04:00:00,0,0,0,FMN GV 10 Beerse
39,Antwerpseweg 195,2021-12-13,05:00:00,13,13,0,FMN GV 10 Beerse
39,Antwerpseweg 195,2021-12-13,06:00:00,9,9,0,FMN GV 10 Beerse
39,Antwerpseweg 195,2021-12-13,07:00:00,36,29,7,FMN GV 10 Beerse
39,Antwerpseweg 195,2021-12-13,08:00:00,13,12,1,FMN GV 10 Beerse
39,Antwerpseweg 195,2021-12-13,09:00:00,7,5,2,FMN GV 10 Beerse
39,Antwerpseweg 195,2021-12-13,10:00:00,12,8,4,FMN GV 10 Beerse
39,Antwerpseweg 195,2021-12-13,11:00:00,14,8,6,FMN GV 10 Beerse
39,Antwerpseweg 195,2021-12-13,12:00:00,29,25,4,FMN GV 10 Beerse
39,Antwerpseweg 195,2021-12-13,13:00:00,22,14,8,FMN GV 10 Beerse
39,Antwerpseweg 195,2021-12-13,14:00:00,16,11,5,FMN GV 10 Beerse
39,Antwerpseweg 195,2021-12-13,15:00:00,21,9,12,FMN GV 10 Beerse
39,Antwerpseweg 195,2021-12-13,16:00:00,35,23,12,FMN GV 10 Beerse
39,Antwerpseweg 195,2021-12-13,17:00:00,20,14,6,FMN GV 10 Beerse
39,Antwerpseweg 195,2021-12-13,18:00:00,11,7,4,FMN GV 10 Beerse
39,Antwerpseweg 195,2021-12-13,19:00:00,5,4,1,FMN GV 10 Beerse
39,Antwerpseweg 195,2021-12-13,20:00:00,4,3,1,FMN GV 10 Beerse
39,Antwerpseweg 195,2021-12-13,21:00:00,5,5,0,FMN GV 10 Beerse
39,Antwerpseweg 195,2021-12-13,22:00:00,3,2,1,FMN GV 10 Beerse
39,Antwerpseweg 195,2021-12-13,23:00:00,1,0,1,FMN GV 10 Beerse
39,Antwerpseweg 195,2021-12-14,00:00:00,0,0,0,FMN GV 10 Beerse
39,Antwerpseweg 195,2021-12-14,01:00:00,0,0,0,FMN GV 10 Beerse
39,Antwerpseweg 195,2021-12-14,02:00:00,1,1,0,FMN GV 10 Beerse
39,Antwerpseweg 195,2021-12-14,03:00:00,0,0,0,FMN GV 10 Beerse
39,Antwerpseweg 195,2021-12-14,04:00:00,0,0,0,FMN GV 10 Beerse
39,Antwerpseweg 195,2021-12-14,05:00:00,13,13,0,FMN GV 10 Beerse
39,Antwerpseweg 195,2021-12-14,06:00:00,11,10,1,FMN GV 10 Beerse
39,Antwerpseweg 195,2021-12-14,07:00:00,32,27,5,FMN GV 10 Beerse
39,Antwerpseweg 195,2021-12-14,08:00:00,9,9,0,FMN GV 10 Beerse
39,Antwerpseweg 195,2021-12-14,09:00:00,14,9,5,FMN GV 10 Beerse
39,Antwerpseweg 195,2021-12-14,10:00:00,13,11,2,FMN GV 10 Beerse
39,Antwerpseweg 195,2021-12-14,11:00:00,10,7,3,FMN GV 10 Beerse
39,Antwerpseweg 195,2021-12-14,12:00:00,27,20,7,FMN GV 10 Beerse
39,Antwerpseweg 195,2021-12-14,13:00:00,28,22,6,FMN GV 10 Beerse
39,Antwerpseweg 195,2021-12-14,14:00:00,20,13,7,FMN GV 10 Beerse
39,Antwerpseweg 195,2021-12-14,15:00:00,21,13,8,FMN GV 10 Beerse
39,Antwerpseweg 195,2021-12-14,16:00:00,31,15,16,FMN GV 10 Beerse
39,Antwerpseweg 195,2021-12-14,17:00:00,26,19,7,FMN GV 10 Beerse
39,Antwerpseweg 195,2021-12-14,18:00:00,12,8,4,FMN GV 10 Beerse
39,Antwerpseweg 195,2021-12-14,19:00:00,5,2,3,FMN GV 10 Beerse
39,Antwerpseweg 195,2021-12-14,20:00:00,8,7,1,FMN GV 10 Beerse
39,Antwerpseweg 195,2021-12-14,21:00:00,5,4,1,FMN GV 10 Beerse
39,Antwerpseweg 195,2021-12-14,22:00:00,4,4,0,FMN GV 10 Beerse
39,Antwerpseweg 195,2021-12-14,23:00:00,2,2,0,FMN GV 10 Beerse
39,Antwerpseweg 195,2021-12-15,00:00:00,0,0,0,FMN GV 10 Beerse
39,Antwerpseweg 195,2021-12-15,01:00:00,0,0,0,FMN GV 10 Beerse
39,Antwerpseweg 195,2021-12-15,02:00:00,1,1,0,FMN GV 10 Beerse
39,Antwerpseweg 195,2021-12-15,03:00:00,0,0,0,FMN GV 10 Beerse
39,Antwerpseweg 195,2021-12-15,04:00:00,0,0,0,FMN GV 10 Beerse
39,Antwerpseweg 195,2021-12-15,05:00:00,14,13,1,FMN GV 10 Beerse
39,Antwerpseweg 195,2021-12-15,06:00:00,10,10,0,FMN GV 10 Beerse
39,Antwerpseweg 195,2021-12-15,07:00:00,33,28,5,FMN GV 10 Beerse
39,Antwerpseweg 195,2021-12-15,08:00:00,13,10,3,FMN GV 10 Beerse
39,Antwerpseweg 195,2021-12-15,09:00:00,13,5,8,FMN GV 10 Beerse
39,Antwerpseweg 195,2021-12-15,10:00:00,18,14,4,FMN GV 10 Beerse
39,Antwerpseweg 195,2021-12-15,11:00:00,20,18,2,FMN GV 10 Beerse
39,Antwerpseweg 195,2021-12-15,12:00:00,22,14,8,FMN GV 10 Beerse
39,Antwerpseweg 195,2021-12-15,13:00:00,22,15,7,FMN GV 10 Beerse
39,Antwerpseweg 195,2021-12-15,14:00:00,23,13,10,FMN GV 10 Beerse
39,Antwerpseweg 195,2021-12-15,15:00:00,21,11,10,FMN GV 10 Beerse
39,Antwerpseweg 195,2021-12-15,16:00:00,21,12,9,FMN GV 10 Beerse
39,Antwerpseweg 195,2021-12-15,17:00:00,20,15,5,FMN GV 10 Beerse
39,Antwerpseweg 195,2021-12-15,18:00:00,7,5,2,FMN GV 10 Beerse
39,Antwerpseweg 195,2021-12-15,19:00:00,7,6,1,FMN GV 10 Beerse
39,Antwerpseweg 195,2021-12-15,20:00:00,2,2,0,FMN GV 10 Beerse
39,Antwerpseweg 195,2021-12-15,21:00:00,1,1,0,FMN GV 10 Beerse
39,Antwerpseweg 195,2021-12-15,22:00:00,4,4,0,FMN GV 10 Beerse
39,Antwerpseweg 195,2021-12-15,23:00:00,0,0,0,FMN GV 10 Beerse
39,Antwerpseweg 195,2021-12-16,00:00:00,0,0,0,FMN GV 10 Beerse
39,Antwerpseweg 195,2021-12-16,01:00:00,0,0,0,FMN GV 10 Beerse
39,Antwerpseweg 195,2021-12-16,02:00:00,0,0,0,FMN GV 10 Beerse
39,Antwerpseweg 195,2021-12-16,03:00:00,0,0,0,FMN GV 10 Beerse
39,Antwerpseweg 195,2021-12-16,04:00:00,1,1,0,FMN GV 10 Beerse
39,Antwerpseweg 195,2021-12-16,05:00:00,10,10,0,FMN GV 10 Beerse
39,Antwerpseweg 195,2021-12-16,06:00:00,11,10,1,FMN GV 10 Beerse
39,Antwerpseweg 195,2021-12-16,07:00:00,35,28,7,FMN GV 10 Beerse
39,Antwerpseweg 195,2021-12-16,08:00:00,14,13,1,FMN GV 10 Beerse
39,Antwerpseweg 195,2021-12-16,09:00:00,14,10,4,FMN GV 10 Beerse
39,Antwerpseweg 195,2021-12-16,10:00:00,19,19,0,FMN GV 10 Beerse
39,Antwerpseweg 195,2021-12-16,11:00:00,25,14,11,FMN GV 10 Beerse
39,Antwerpseweg 195,2021-12-16,12:00:00,19,14,5,FMN GV 10 Beerse
39,Antwerpseweg 195,2021-12-16,13:00:00,22,15,7,FMN GV 10 Beerse
39,Antwerpseweg 195,2021-12-16,14:00:00,27,17,10,FMN GV 10 Beerse
39,Antwerpseweg 195,2021-12-16,15:00:00,61,43,18,FMN GV 10 Beerse
39,Antwerpseweg 195,2021-12-16,16:00:00,40,25,15,FMN GV 10 Beerse
39,Antwerpseweg 195,2021-12-16,17:00:00,16,10,6,FMN GV 10 Beerse
39,Antwerpseweg 195,2021-12-16,18:00:00,8,6,2,FMN GV 10 Beerse
39,Antwerpseweg 195,2021-12-16,19:00:00,7,3,4,FMN GV 10 Beerse
39,Antwerpseweg 195,2021-12-16,20:00:00,6,5,1,FMN GV 10 Beerse
39,Antwerpseweg 195,2021-12-16,21:00:00,8,5,3,FMN GV 10 Beerse
39,Antwerpseweg 195,2021-12-16,22:00:00,2,2,0,FMN GV 10 Beerse
39,Antwerpseweg 195,2021-12-16,23:00:00,3,2,1,FMN GV 10 Beerse
39,Antwerpseweg 195,2021-12-17,00:00:00,0,0,0,FMN GV 10 Beerse
39,Antwerpseweg 195,2021-12-17,01:00:00,0,0,0,FMN GV 10 Beerse
39,Antwerpseweg 195,2021-12-17,02:00:00,0,0,0,FMN GV 10 Beerse
39,Antwerpseweg 195,2021-12-17,03:00:00,0,0,0,FMN GV 10 Beerse
39,Antwerpseweg 195,2021-12-17,04:00:00,1,1,0,FMN GV 10 Beerse
39,Antwerpseweg 195,2021-12-17,05:00:00,9,9,0,FMN GV 10 Beerse
39,Antwerpseweg 195,2021-12-17,06:00:00,11,9,2,FMN GV 10 Beerse
39,Antwerpseweg 195,2021-12-17,07:00:00,30,21,9,FMN GV 10 Beerse
39,Antwerpseweg 195,2021-12-17,08:00:00,8,7,1,FMN GV 10 Beerse
39,Antwerpseweg 195,2021-12-17,09:00:00,13,8,5,FMN GV 10 Beerse
39,Antwerpseweg 195,2021-12-17,10:00:00,34,30,4,FMN GV 10 Beerse
39,Antwerpseweg 195,2021-12-17,11:00:00,14,9,5,FMN GV 10 Beerse
39,Antwerpseweg 195,2021-12-17,12:00:00,11,6,5,FMN GV 10 Beerse
39,Antwerpseweg 195,2021-12-17,13:00:00,14,12,2,FMN GV 10 Beerse
39,Antwerpseweg 195,2021-12-17,14:00:00,23,13,10,FMN GV 10 Beerse
39,Antwerpseweg 195,2021-12-17,15:00:00,18,14,4,FMN GV 10 Beerse
39,Antwerpseweg 195,2021-12-17,16:00:00,22,17,5,FMN GV 10 Beerse
39,Antwerpseweg 195,2021-12-17,17:00:00,15,10,5,FMN GV 10 Beerse
39,Antwerpseweg 195,2021-12-17,18:00:00,11,9,2,FMN GV 10 Beerse
39,Antwerpseweg 195,2021-12-17,19:00:00,3,1,2,FMN GV 10 Beerse
39,Antwerpseweg 195,2021-12-17,20:00:00,6,2,4,FMN GV 10 Beerse
39,Antwerpseweg 195,2021-12-17,21:00:00,6,5,1,FMN GV 10 Beerse
39,Antwerpseweg 195,2021-12-17,22:00:00,3,3,0,FMN GV 10 Beerse
39,Antwerpseweg 195,2021-12-17,23:00:00,10,8,2,FMN GV 10 Beerse
39,Antwerpseweg 195,2021-12-18,00:00:00,1,0,1,FMN GV 10 Beerse
39,Antwerpseweg 195,2021-12-18,01:00:00,0,0,0,FMN GV 10 Beerse
39,Antwerpseweg 195,2021-12-18,02:00:00,0,0,0,FMN GV 10 Beerse
39,Antwerpseweg 195,2021-12-18,03:00:00,1,0,1,FMN GV 10 Beerse
39,Antwerpseweg 195,2021-12-18,04:00:00,1,0,1,FMN GV 10 Beerse
39,Antwerpseweg 195,2021-12-18,05:00:00,2,2,0,FMN GV 10 Beerse
39,Antwerpseweg 195,2021-12-18,06:00:00,3,3,0,FMN GV 10 Beerse
39,Antwerpseweg 195,2021-12-18,07:00:00,1,1,0,FMN GV 10 Beerse
39,Antwerpseweg 195,2021-12-18,08:00:00,7,4,3,FMN GV 10 Beerse
39,Antwerpseweg 195,2021-12-18,09:00:00,12,6,6,FMN GV 10 Beerse
39,Antwerpseweg 195,2021-12-18,10:00:00,8,5,3,FMN GV 10 Beerse
39,Antwerpseweg 195,2021-12-18,11:00:00,9,8,1,FMN GV 10 Beerse
39,Antwerpseweg 195,2021-12-18,12:00:00,13,12,1,FMN GV 10 Beerse
39,Antwerpseweg 195,2021-12-18,13:00:00,11,8,3,FMN GV 10 Beerse
39,Antwerpseweg 195,2021-12-18,14:00:00,20,15,5,FMN GV 10 Beerse
39,Antwerpseweg 195,2021-12-18,15:00:00,19,13,6,FMN GV 10 Beerse
39,Antwerpseweg 195,2021-12-18,16:00:00,12,4,8,FMN GV 10 Beerse
39,Antwerpseweg 195,2021-12-18,17:00:00,13,10,3,FMN GV 10 Beerse
39,Antwerpseweg 195,2021-12-18,18:00:00,6,4,2,FMN GV 10 Beerse
39,Antwerpseweg 195,2021-12-18,19:00:00,4,3,1,FMN GV 10 Beerse
39,Antwerpseweg 195,2021-12-18,20:00:00,5,3,2,FMN GV 10 Beerse
39,Antwerpseweg 195,2021-12-18,21:00:00,2,2,0,FMN GV 10 Beerse
39,Antwerpseweg 195,2021-12-18,22:00:00,4,4,0,FMN GV 10 Beerse
39,Antwerpseweg 195,2021-12-18,23:00:00,1,1,0,FMN GV 10 Beerse
39,Antwerpseweg 195,2021-12-19,00:00:00,1,0,1,FMN GV 10 Beerse
39,Antwerpseweg 195,2021-12-19,01:00:00,0,0,0,FMN GV 10 Beerse
39,Antwerpseweg 195,2021-12-19,02:00:00,1,1,0,FMN GV 10 Beerse
39,Antwerpseweg 195,2021-12-19,03:00:00,0,0,0,FMN GV 10 Beerse
39,Antwerpseweg 195,2021-12-19,04:00:00,0,0,0,FMN GV 10 Beerse
39,Antwerpseweg 195,2021-12-19,05:00:00,2,1,1,FMN GV 10 Beerse
39,Antwerpseweg 195,2021-12-19,06:00:00,2,2,0,FMN GV 10 Beerse
39,Antwerpseweg 195,2021-12-19,07:00:00,2,2,0,FMN GV 10 Beerse
39,Antwerpseweg 195,2021-12-19,08:00:00,2,2,0,FMN GV 10 Beerse
39,Antwerpseweg 195,2021-12-19,09:00:00,7,3,4,FMN GV 10 Beerse
39,Antwerpseweg 195,2021-12-19,10:00:00,5,1,4,FMN GV 10 Beerse
39,Antwerpseweg 195,2021-12-19,11:00:00,19,11,8,FMN GV 10 Beerse
39,Antwerpseweg 195,2021-12-19,12:00:00,10,5,5,FMN GV 10 Beerse
39,Antwerpseweg 195,2021-12-19,13:00:00,7,3,4,FMN GV 10 Beerse
39,Antwerpseweg 195,2021-12-19,14:00:00,8,5,3,FMN GV 10 Beerse
39,Antwerpseweg 195,2021-12-19,15:00:00,12,4,8,FMN GV 10 Beerse
39,Antwerpseweg 195,2021-12-19,16:00:00,8,5,3,FMN GV 10 Beerse
39,Antwerpseweg 195,2021-12-19,17:00:00,4,2,2,FMN GV 10 Beerse
39,Antwerpseweg 195,2021-12-19,18:00:00,3,2,1,FMN GV 10 Beerse
39,Antwerpseweg 195,2021-12-19,19:00:00,8,5,3,FMN GV 10 Beerse
39,Antwerpseweg 195,2021-12-19,20:00:00,1,1,0,FMN GV 10 Beerse
39,Antwerpseweg 195,2021-12-19,21:00:00,5,5,0,FMN GV 10 Beerse
39,Antwerpseweg 195,2021-12-19,22:00:00,4,4,0,FMN GV 10 Beerse
39,Antwerpseweg 195,2021-12-19,23:00:00,0,0,0,FMN GV 10 Beerse
39,Antwerpseweg 195,2021-12-20,00:00:00,0,0,0,FMN GV 10 Beerse
39,Antwerpseweg 195,2021-12-20,01:00:00,0,0,0,FMN GV 10 Beerse
39,Antwerpseweg 195,2021-12-20,02:00:00,0,0,0,FMN GV 10 Beerse
39,Antwerpseweg 195,2021-12-20,03:00:00,0,0,0,FMN GV 10 Beerse
39,Antwerpseweg 195,2021-12-20,04:00:00,2,2,0,FMN GV 10 Beerse
39,Antwerpseweg 195,2021-12-20,05:00:00,10,9,1,FMN GV 10 Beerse
39,Antwerpseweg 195,2021-12-20,06:00:00,11,10,1,FMN GV 10 Beerse
39,Antwerpseweg 195,2021-12-20,07:00:00,22,17,5,FMN GV 10 Beerse
39,Antwerpseweg 195,2021-12-20,08:00:00,11,9,2,FMN GV 10 Beerse
39,Antwerpseweg 195,2021-12-20,09:00:00,7,6,1,FMN GV 10 Beerse
39,Antwerpseweg 195,2021-12-20,10:00:00,15,12,3,FMN GV 10 Beerse
39,Antwerpseweg 195,2021-12-20,11:00:00,14,8,6,FMN GV 10 Beerse
39,Antwerpseweg 195,2021-12-20,12:00:00,30,23,7,FMN GV 10 Beerse
39,Antwerpseweg 195,2021-12-20,13:00:00,19,13,6,FMN GV 10 Beerse
39,Antwerpseweg 195,2021-12-20,14:00:00,20,14,6,FMN GV 10 Beerse
39,Antwerpseweg 195,2021-12-20,15:00:00,25,11,14,FMN GV 10 Beerse
39,Antwerpseweg 195,2021-12-20,16:00:00,22,17,5,FMN GV 10 Beerse
39,Antwerpseweg 195,2021-12-20,17:00:00,21,13,8,FMN GV 10 Beerse
39,Antwerpseweg 195,2021-12-20,18:00:00,15,10,5,FMN GV 10 Beerse
39,Antwerpseweg 195,2021-12-20,19:00:00,7,6,1,FMN GV 10 Beerse
39,Antwerpseweg 195,2021-12-20,20:00:00,2,0,2,FMN GV 10 Beerse
39,Antwerpseweg 195,2021-12-20,21:00:00,3,3,0,FMN GV 10 Beerse
39,Antwerpseweg 195,2021-12-20,22:00:00,4,4,0,FMN GV 10 Beerse
39,Antwerpseweg 195,2021-12-20,23:00:00,1,1,0,FMN GV 10 Beerse
39,Antwerpseweg 195,2021-12-21,00:00:00,0,0,0,FMN GV 10 Beerse
39,Antwerpseweg 195,2021-12-21,01:00:00,0,0,0,FMN GV 10 Beerse
39,Antwerpseweg 195,2021-12-21,02:00:00,0,0,0,FMN GV 10 Beerse
39,Antwerpseweg 195,2021-12-21,03:00:00,0,0,0,FMN GV 10 Beerse
39,Antwerpseweg 195,2021-12-21,04:00:00,3,3,0,FMN GV 10 Beerse
39,Antwerpseweg 195,2021-12-21,05:00:00,8,8,0,FMN GV 10 Beerse
39,Antwerpseweg 195,2021-12-21,06:00:00,8,7,1,FMN GV 10 Beerse
39,Antwerpseweg 195,2021-12-21,07:00:00,18,14,4,FMN GV 10 Beerse
39,Antwerpseweg 195,2021-12-21,08:00:00,7,5,2,FMN GV 10 Beerse
39,Antwerpseweg 195,2021-12-21,09:00:00,6,4,2,FMN GV 10 Beerse
39,Antwerpseweg 195,2021-12-21,10:00:00,7,5,2,FMN GV 10 Beerse
39,Antwerpseweg 195,2021-12-21,11:00:00,7,3,4,FMN GV 10 Beerse
39,Antwerpseweg 195,2021-12-21,12:00:00,8,7,1,FMN GV 10 Beerse
39,Antwerpseweg 195,2021-12-21,13:00:00,30,16,14,FMN GV 10 Beerse
39,Antwerpseweg 195,2021-12-21,14:00:00,16,12,4,FMN GV 10 Beerse
39,Antwerpseweg 195,2021-12-21,15:00:00,5,4,1,FMN GV 10 Beerse
39,Antwerpseweg 195,2021-12-21,16:00:00,22,15,7,FMN GV 10 Beerse
39,Antwerpseweg 195,2021-12-21,17:00:00,18,15,3,FMN GV 10 Beerse
39,Antwerpseweg 195,2021-12-21,18:00:00,8,5,3,FMN GV 10 Beerse
39,Antwerpseweg 195,2021-12-21,19:00:00,3,2,1,FMN GV 10 Beerse
39,Antwerpseweg 195,2021-12-21,20:00:00,1,1,0,FMN GV 10 Beerse
39,Antwerpseweg 195,2021-12-21,21:00:00,1,1,0,FMN GV 10 Beerse
39,Antwerpseweg 195,2021-12-21,22:00:00,6,4,2,FMN GV 10 Beerse
39,Antwerpseweg 195,2021-12-21,23:00:00,4,4,0,FMN GV 10 Beerse
39,Antwerpseweg 195,2021-12-22,00:00:00,0,0,0,FMN GV 10 Beerse
39,Antwerpseweg 195,2021-12-22,01:00:00,0,0,0,FMN GV 10 Beerse
39,Antwerpseweg 195,2021-12-22,02:00:00,0,0,0,FMN GV 10 Beerse
39,Antwerpseweg 195,2021-12-22,03:00:00,1,1,0,FMN GV 10 Beerse
39,Antwerpseweg 195,2021-12-22,04:00:00,1,1,0,FMN GV 10 Beerse
39,Antwerpseweg 195,2021-12-22,05:00:00,6,6,0,FMN GV 10 Beerse
39,Antwerpseweg 195,2021-12-22,06:00:00,4,4,0,FMN GV 10 Beerse
39,Antwerpseweg 195,2021-12-22,07:00:00,14,14,0,FMN GV 10 Beerse
39,Antwerpseweg 195,2021-12-22,08:00:00,7,3,4,FMN GV 10 Beerse
39,Antwerpseweg 195,2021-12-22,09:00:00,4,4,0,FMN GV 10 Beerse
39,Antwerpseweg 195,2021-12-22,10:00:00,5,4,1,FMN GV 10 Beerse
39,Antwerpseweg 195,2021-12-22,11:00:00,7,3,4,FMN GV 10 Beerse
39,Antwerpseweg 195,2021-12-22,12:00:00,10,6,4,FMN GV 10 Beerse
39,Antwerpseweg 195,2021-12-22,13:00:00,14,7,7,FMN GV 10 Beerse
39,Antwerpseweg 195,2021-12-22,14:00:00,9,7,2,FMN GV 10 Beerse
39,Antwerpseweg 195,2021-12-22,15:00:00,14,13,1,FMN GV 10 Beerse
39,Antwerpseweg 195,2021-12-22,16:00:00,16,6,10,FMN GV 10 Beerse
39,Antwerpseweg 195,2021-12-22,17:00:00,12,7,5,FMN GV 10 Beerse
39,Antwerpseweg 195,2021-12-22,18:00:00,5,5,0,FMN GV 10 Beerse
39,Antwerpseweg 195,2021-12-22,19:00:00,4,2,2,FMN GV 10 Beerse
39,Antwerpseweg 195,2021-12-22,20:00:00,2,1,1,FMN GV 10 Beerse
39,Antwerpseweg 195,2021-12-22,21:00:00,1,0,1,FMN GV 10 Beerse
39,Antwerpseweg 195,2021-12-22,22:00:00,5,4,1,FMN GV 10 Beerse
39,Antwerpseweg 195,2021-12-22,23:00:00,2,2,0,FMN GV 10 Beerse
39,Antwerpseweg 195,2021-12-23,00:00:00,1,1,0,FMN GV 10 Beerse
39,Antwerpseweg 195,2021-12-23,01:00:00,0,0,0,FMN GV 10 Beerse
39,Antwerpseweg 195,2021-12-23,02:00:00,0,0,0,FMN GV 10 Beerse
39,Antwerpseweg 195,2021-12-23,03:00:00,0,0,0,FMN GV 10 Beerse
39,Antwerpseweg 195,2021-12-23,04:00:00,0,0,0,FMN GV 10 Beerse
39,Antwerpseweg 195,2021-12-23,05:00:00,6,6,0,FMN GV 10 Beerse
39,Antwerpseweg 195,2021-12-23,06:00:00,4,4,0,FMN GV 10 Beerse
39,Antwerpseweg 195,2021-12-23,07:00:00,10,10,0,FMN GV 10 Beerse
39,Antwerpseweg 195,2021-12-23,08:00:00,4,3,1,FMN GV 10 Beerse
39,Antwerpseweg 195,2021-12-23,09:00:00,5,4,1,FMN GV 10 Beerse
39,Antwerpseweg 195,2021-12-23,10:00:00,2,2,0,FMN GV 10 Beerse
39,Antwerpseweg 195,2021-12-23,11:00:00,11,10,1,FMN GV 10 Beerse
39,Antwerpseweg 195,2021-12-23,12:00:00,20,14,6,FMN GV 10 Beerse
39,Antwerpseweg 195,2021-12-23,13:00:00,10,8,2,FMN GV 10 Beerse
39,Antwerpseweg 195,2021-12-23,14:00:00,11,7,4,FMN GV 10 Beerse
39,Antwerpseweg 195,2021-12-23,15:00:00,12,10,2,FMN GV 10 Beerse
39,Antwerpseweg 195,2021-12-23,16:00:00,13,8,5,FMN GV 10 Beerse
39,Antwerpseweg 195,2021-12-23,17:00:00,14,9,5,FMN GV 10 Beerse
39,Antwerpseweg 195,2021-12-23,18:00:00,12,7,5,FMN GV 10 Beerse
39,Antwerpseweg 195,2021-12-23,19:00:00,7,4,3,FMN GV 10 Beerse
39,Antwerpseweg 195,2021-12-23,20:00:00,1,0,1,FMN GV 10 Beerse
39,Antwerpseweg 195,2021-12-23,21:00:00,3,3,0,FMN GV 10 Beerse
39,Antwerpseweg 195,2021-12-23,22:00:00,6,6,0,FMN GV 10 Beerse
39,Antwerpseweg 195,2021-12-23,23:00:00,2,1,1,FMN GV 10 Beerse
39,Antwerpseweg 195,2021-12-24,00:00:00,0,0,0,FMN GV 10 Beerse
39,Antwerpseweg 195,2021-12-24,01:00:00,0,0,0,FMN GV 10 Beerse
39,Antwerpseweg 195,2021-12-24,02:00:00,0,0,0,FMN GV 10 Beerse
39,Antwerpseweg 195,2021-12-24,03:00:00,0,0,0,FMN GV 10 Beerse
39,Antwerpseweg 195,2021-12-24,04:00:00,0,0,0,FMN GV 10 Beerse
39,Antwerpseweg 195,2021-12-24,05:00:00,3,3,0,FMN GV 10 Beerse
39,Antwerpseweg 195,2021-12-24,06:00:00,5,5,0,FMN GV 10 Beerse
39,Antwerpseweg 195,2021-12-24,07:00:00,13,11,2,FMN GV 10 Beerse
39,Antwerpseweg 195,2021-12-24,08:00:00,6,5,1,FMN GV 10 Beerse
39,Antwerpseweg 195,2021-12-24,09:00:00,5,3,2,FMN GV 10 Beerse
39,Antwerpseweg 195,2021-12-24,10:00:00,2,1,1,FMN GV 10 Beerse
39,Antwerpseweg 195,2021-12-24,11:00:00,10,7,3,FMN GV 10 Beerse
39,Antwerpseweg 195,2021-12-24,12:00:00,6,3,3,FMN GV 10 Beerse
39,Antwerpseweg 195,2021-12-24,13:00:00,9,9,0,FMN GV 10 Beerse
39,Antwerpseweg 195,2021-12-24,14:00:00,4,2,2,FMN GV 10 Beerse
39,Antwerpseweg 195,2021-12-24,15:00:00,9,5,4,FMN GV 10 Beerse
39,Antwerpseweg 195,2021-12-24,16:00:00,8,5,3,FMN GV 10 Beerse
39,Antwerpseweg 195,2021-12-24,17:00:00,5,3,2,FMN GV 10 Beerse
39,Antwerpseweg 195,2021-12-24,18:00:00,0,0,0,FMN GV 10 Beerse
39,Antwerpseweg 195,2021-12-24,19:00:00,2,2,0,FMN GV 10 Beerse
39,Antwerpseweg 195,2021-12-24,20:00:00,1,1,0,FMN GV 10 Beerse
39,Antwerpseweg 195,2021-12-24,21:00:00,1,1,0,FMN GV 10 Beerse
39,Antwerpseweg 195,2021-12-24,22:00:00,2,2,0,FMN GV 10 Beerse
39,Antwerpseweg 195,2021-12-24,23:00:00,3,3,0,FMN GV 10 Beerse
39,Antwerpseweg 195,2021-12-25,00:00:00,0,0,0,FMN GV 10 Beerse
39,Antwerpseweg 195,2021-12-25,01:00:00,0,0,0,FMN GV 10 Beerse
39,Antwerpseweg 195,2021-12-25,02:00:00,0,0,0,FMN GV 10 Beerse
39,Antwerpseweg 195,2021-12-25,03:00:00,0,0,0,FMN GV 10 Beerse
39,Antwerpseweg 195,2021-12-25,04:00:00,0,0,0,FMN GV 10 Beerse
39,Antwerpseweg 195,2021-12-25,05:00:00,0,0,0,FMN GV 10 Beerse
39,Antwerpseweg 195,2021-12-25,06:00:00,1,1,0,FMN GV 10 Beerse
39,Antwerpseweg 195,2021-12-25,07:00:00,0,0,0,FMN GV 10 Beerse
39,Antwerpseweg 195,2021-12-25,08:00:00,1,0,1,FMN GV 10 Beerse
39,Antwerpseweg 195,2021-12-25,09:00:00,1,1,0,FMN GV 10 Beerse
39,Antwerpseweg 195,2021-12-25,10:00:00,1,1,0,FMN GV 10 Beerse
39,Antwerpseweg 195,2021-12-25,11:00:00,3,2,1,FMN GV 10 Beerse
39,Antwerpseweg 195,2021-12-25,12:00:00,12,9,3,FMN GV 10 Beerse
39,Antwerpseweg 195,2021-12-25,13:00:00,2,1,1,FMN GV 10 Beerse
39,Antwerpseweg 195,2021-12-25,14:00:00,9,8,1,FMN GV 10 Beerse
39,Antwerpseweg 195,2021-12-25,15:00:00,5,3,2,FMN GV 10 Beerse
39,Antwerpseweg 195,2021-12-25,16:00:00,0,0,0,FMN GV 10 Beerse
39,Antwerpseweg 195,2021-12-25,17:00:00,0,0,0,FMN GV 10 Beerse
39,Antwerpseweg 195,2021-12-25,18:00:00,2,0,2,FMN GV 10 Beerse
39,Antwerpseweg 195,2021-12-25,19:00:00,2,2,0,FMN GV 10 Beerse
39,Antwerpseweg 195,2021-12-25,20:00:00,2,1,1,FMN GV 10 Beerse
39,Antwerpseweg 195,2021-12-25,21:00:00,1,0,1,FMN GV 10 Beerse
39,Antwerpseweg 195,2021-12-25,22:00:00,3,2,1,FMN GV 10 Beerse
39,Antwerpseweg 195,2021-12-25,23:00:00,1,0,1,FMN GV 10 Beerse
39,Antwerpseweg 195,2021-12-26,00:00:00,3,2,1,FMN GV 10 Beerse
39,Antwerpseweg 195,2021-12-26,01:00:00,1,1,0,FMN GV 10 Beerse
39,Antwerpseweg 195,2021-12-26,02:00:00,0,0,0,FMN GV 10 Beerse
39,Antwerpseweg 195,2021-12-26,03:00:00,0,0,0,FMN GV 10 Beerse
39,Antwerpseweg 195,2021-12-26,04:00:00,0,0,0,FMN GV 10 Beerse
39,Antwerpseweg 195,2021-12-26,05:00:00,0,0,0,FMN GV 10 Beerse
39,Antwerpseweg 195,2021-12-26,06:00:00,0,0,0,FMN GV 10 Beerse
39,Antwerpseweg 195,2021-12-26,07:00:00,0,0,0,FMN GV 10 Beerse
39,Antwerpseweg 195,2021-12-26,08:00:00,1,0,1,FMN GV 10 Beerse
39,Antwerpseweg 195,2021-12-26,09:00:00,4,1,3,FMN GV 10 Beerse
39,Antwerpseweg 195,2021-12-26,10:00:00,3,2,1,FMN GV 10 Beerse
39,Antwerpseweg 195,2021-12-26,11:00:00,18,15,3,FMN GV 10 Beerse
39,Antwerpseweg 195,2021-12-26,12:00:00,4,3,1,FMN GV 10 Beerse
39,Antwerpseweg 195,2021-12-26,13:00:00,8,7,1,FMN GV 10 Beerse
39,Antwerpseweg 195,2021-12-26,14:00:00,12,8,4,FMN GV 10 Beerse
39,Antwerpseweg 195,2021-12-26,15:00:00,9,6,3,FMN GV 10 Beerse
39,Antwerpseweg 195,2021-12-26,16:00:00,2,2,0,FMN GV 10 Beerse
39,Antwerpseweg 195,2021-12-26,17:00:00,4,4,0,FMN GV 10 Beerse
39,Antwerpseweg 195,2021-12-26,18:00:00,3,2,1,FMN GV 10 Beerse
39,Antwerpseweg 195,2021-12-26,19:00:00,1,0,1,FMN GV 10 Beerse
39,Antwerpseweg 195,2021-12-26,20:00:00,4,3,1,FMN GV 10 Beerse
39,Antwerpseweg 195,2021-12-26,21:00:00,0,0,0,FMN GV 10 Beerse
39,Antwerpseweg 195,2021-12-26,22:00:00,0,0,0,FMN GV 10 Beerse
39,Antwerpseweg 195,2021-12-26,23:00:00,0,0,0,FMN GV 10 Beerse
39,Antwerpseweg 195,2021-12-27,00:00:00,2,1,1,FMN GV 10 Beerse
39,Antwerpseweg 195,2021-12-27,01:00:00,0,0,0,FMN GV 10 Beerse
39,Antwerpseweg 195,2021-12-27,02:00:00,0,0,0,FMN GV 10 Beerse
39,Antwerpseweg 195,2021-12-27,03:00:00,0,0,0,FMN GV 10 Beerse
39,Antwerpseweg 195,2021-12-27,04:00:00,0,0,0,FMN GV 10 Beerse
39,Antwerpseweg 195,2021-12-27,05:00:00,5,5,0,FMN GV 10 Beerse
39,Antwerpseweg 195,2021-12-27,06:00:00,4,4,0,FMN GV 10 Beerse
39,Antwerpseweg 195,2021-12-27,07:00:00,6,5,1,FMN GV 10 Beerse
39,Antwerpseweg 195,2021-12-27,08:00:00,0,0,0,FMN GV 10 Beerse
39,Antwerpseweg 195,2021-12-27,09:00:00,5,2,3,FMN GV 10 Beerse
39,Antwerpseweg 195,2021-12-27,10:00:00,8,6,2,FMN GV 10 Beerse
39,Antwerpseweg 195,2021-12-27,11:00:00,12,8,4,FMN GV 10 Beerse
39,Antwerpseweg 195,2021-12-27,12:00:00,22,11,11,FMN GV 10 Beerse
39,Antwerpseweg 195,2021-12-27,13:00:00,23,18,5,FMN GV 10 Beerse
39,Antwerpseweg 195,2021-12-27,14:00:00,9,6,3,FMN GV 10 Beerse
39,Antwerpseweg 195,2021-12-27,15:00:00,8,7,1,FMN GV 10 Beerse
39,Antwerpseweg 195,2021-12-27,16:00:00,11,8,3,FMN GV 10 Beerse
39,Antwerpseweg 195,2021-12-27,17:00:00,9,7,2,FMN GV 10 Beerse
39,Antwerpseweg 195,2021-12-27,18:00:00,2,1,1,FMN GV 10 Beerse
39,Antwerpseweg 195,2021-12-27,19:00:00,1,0,1,FMN GV 10 Beerse
39,Antwerpseweg 195,2021-12-27,20:00:00,6,4,2,FMN GV 10 Beerse
39,Antwerpseweg 195,2021-12-27,21:00:00,0,0,0,FMN GV 10 Beerse
39,Antwerpseweg 195,2021-12-27,22:00:00,1,1,0,FMN GV 10 Beerse
39,Antwerpseweg 195,2021-12-27,23:00:00,1,0,1,FMN GV 10 Beerse
39,Antwerpseweg 195,2021-12-28,00:00:00,0,0,0,FMN GV 10 Beerse
39,Antwerpseweg 195,2021-12-28,01:00:00,0,0,0,FMN GV 10 Beerse
39,Antwerpseweg 195,2021-12-28,02:00:00,1,0,1,FMN GV 10 Beerse
39,Antwerpseweg 195,2021-12-28,03:00:00,0,0,0,FMN GV 10 Beerse
39,Antwerpseweg 195,2021-12-28,04:00:00,0,0,0,FMN GV 10 Beerse
39,Antwerpseweg 195,2021-12-28,05:00:00,6,5,1,FMN GV 10 Beerse
39,Antwerpseweg 195,2021-12-28,06:00:00,5,5,0,FMN GV 10 Beerse
39,Antwerpseweg 195,2021-12-28,07:00:00,9,9,0,FMN GV 10 Beerse
39,Antwerpseweg 195,2021-12-28,08:00:00,4,2,2,FMN GV 10 Beerse
39,Antwerpseweg 195,2021-12-28,09:00:00,2,0,2,FMN GV 10 Beerse
39,Antwerpseweg 195,2021-12-28,10:00:00,9,7,2,FMN GV 10 Beerse
39,Antwerpseweg 195,2021-12-28,11:00:00,4,3,1,FMN GV 10 Beerse
39,Antwerpseweg 195,2021-12-28,12:00:00,6,6,0,FMN GV 10 Beerse
39,Antwerpseweg 195,2021-12-28,13:00:00,9,6,3,FMN GV 10 Beerse
39,Antwerpseweg 195,2021-12-28,14:00:00,12,7,5,FMN GV 10 Beerse
39,Antwerpseweg 195,2021-12-28,15:00:00,3,3,0,FMN GV 10 Beerse
39,Antwerpseweg 195,2021-12-28,16:00:00,5,2,3,FMN GV 10 Beerse
39,Antwerpseweg 195,2021-12-28,17:00:00,7,5,2,FMN GV 10 Beerse
39,Antwerpseweg 195,2021-12-28,18:00:00,5,2,3,FMN GV 10 Beerse
39,Antwerpseweg 195,2021-12-28,19:00:00,4,3,1,FMN GV 10 Beerse
39,Antwerpseweg 195,2021-12-28,20:00:00,1,0,1,FMN GV 10 Beerse
39,Antwerpseweg 195,2021-12-28,21:00:00,0,0,0,FMN GV 10 Beerse
39,Antwerpseweg 195,2021-12-28,22:00:00,0,0,0,FMN GV 10 Beerse
39,Antwerpseweg 195,2021-12-28,23:00:00,1,1,0,FMN GV 10 Beerse
39,Antwerpseweg 195,2021-12-29,00:00:00,1,0,1,FMN GV 10 Beerse
39,Antwerpseweg 195,2021-12-29,01:00:00,0,0,0,FMN GV 10 Beerse
39,Antwerpseweg 195,2021-12-29,02:00:00,0,0,0,FMN GV 10 Beerse
39,Antwerpseweg 195,2021-12-29,03:00:00,0,0,0,FMN GV 10 Beerse
39,Antwerpseweg 195,2021-12-29,04:00:00,2,2,0,FMN GV 10 Beerse
39,Antwerpseweg 195,2021-12-29,05:00:00,7,7,0,FMN GV 10 Beerse
39,Antwerpseweg 195,2021-12-29,06:00:00,2,2,0,FMN GV 10 Beerse
39,Antwerpseweg 195,2021-12-29,07:00:00,5,4,1,FMN GV 10 Beerse
39,Antwerpseweg 195,2021-12-29,08:00:00,5,4,1,FMN GV 10 Beerse
39,Antwerpseweg 195,2021-12-29,09:00:00,2,0,2,FMN GV 10 Beerse
39,Antwerpseweg 195,2021-12-29,10:00:00,1,1,0,FMN GV 10 Beerse
39,Antwerpseweg 195,2021-12-29,11:00:00,7,7,0,FMN GV 10 Beerse
39,Antwerpseweg 195,2021-12-29,12:00:00,7,6,1,FMN GV 10 Beerse
39,Antwerpseweg 195,2021-12-29,13:00:00,10,6,4,FMN GV 10 Beerse
39,Antwerpseweg 195,2021-12-29,14:00:00,9,7,2,FMN GV 10 Beerse
39,Antwerpseweg 195,2021-12-29,15:00:00,10,10,0,FMN GV 10 Beerse
39,Antwerpseweg 195,2021-12-29,16:00:00,3,2,1,FMN GV 10 Beerse
39,Antwerpseweg 195,2021-12-29,17:00:00,6,4,2,FMN GV 10 Beerse
39,Antwerpseweg 195,2021-12-29,18:00:00,6,6,0,FMN GV 10 Beerse
39,Antwerpseweg 195,2021-12-29,19:00:00,2,1,1,FMN GV 10 Beerse
39,Antwerpseweg 195,2021-12-29,20:00:00,2,1,1,FMN GV 10 Beerse
39,Antwerpseweg 195,2021-12-29,21:00:00,0,0,0,FMN GV 10 Beerse
39,Antwerpseweg 195,2021-12-29,22:00:00,3,3,0,FMN GV 10 Beerse
39,Antwerpseweg 195,2021-12-29,23:00:00,2,2,0,FMN GV 10 Beerse
39,Antwerpseweg 195,2021-12-30,00:00:00,2,1,1,FMN GV 10 Beerse
39,Antwerpseweg 195,2021-12-30,01:00:00,0,0,0,FMN GV 10 Beerse
39,Antwerpseweg 195,2021-12-30,02:00:00,0,0,0,FMN GV 10 Beerse
39,Antwerpseweg 195,2021-12-30,03:00:00,0,0,0,FMN GV 10 Beerse
39,Antwerpseweg 195,2021-12-30,04:00:00,0,0,0,FMN GV 10 Beerse
39,Antwerpseweg 195,2021-12-30,05:00:00,5,5,0,FMN GV 10 Beerse
39,Antwerpseweg 195,2021-12-30,06:00:00,3,3,0,FMN GV 10 Beerse
39,Antwerpseweg 195,2021-12-30,07:00:00,6,5,1,FMN GV 10 Beerse
39,Antwerpseweg 195,2021-12-30,08:00:00,7,7,0,FMN GV 10 Beerse
39,Antwerpseweg 195,2021-12-30,09:00:00,11,3,8,FMN GV 10 Beerse
39,Antwerpseweg 195,2021-12-30,10:00:00,14,7,7,FMN GV 10 Beerse
39,Antwerpseweg 195,2021-12-30,11:00:00,11,8,3,FMN GV 10 Beerse
39,Antwerpseweg 195,2021-12-30,12:00:00,13,8,5,FMN GV 10 Beerse
39,Antwerpseweg 195,2021-12-30,13:00:00,13,7,6,FMN GV 10 Beerse
39,Antwerpseweg 195,2021-12-30,14:00:00,16,10,6,FMN GV 10 Beerse
39,Antwerpseweg 195,2021-12-30,15:00:00,14,11,3,FMN GV 10 Beerse
39,Antwerpseweg 195,2021-12-30,16:00:00,14,9,5,FMN GV 10 Beerse
39,Antwerpseweg 195,2021-12-30,17:00:00,10,6,4,FMN GV 10 Beerse
39,Antwerpseweg 195,2021-12-30,18:00:00,8,5,3,FMN GV 10 Beerse
39,Antwerpseweg 195,2021-12-30,19:00:00,3,3,0,FMN GV 10 Beerse
39,Antwerpseweg 195,2021-12-30,20:00:00,6,2,4,FMN GV 10 Beerse
39,Antwerpseweg 195,2021-12-30,21:00:00,1,1,0,FMN GV 10 Beerse
39,Antwerpseweg 195,2021-12-30,22:00:00,1,1,0,FMN GV 10 Beerse
39,Antwerpseweg 195,2021-12-30,23:00:00,3,3,0,FMN GV 10 Beerse
39,Antwerpseweg 195,2021-12-31,00:00:00,2,2,0,FMN GV 10 Beerse
39,Antwerpseweg 195,2021-12-31,01:00:00,0,0,0,FMN GV 10 Beerse
39,Antwerpseweg 195,2021-12-31,02:00:00,0,0,0,FMN GV 10 Beerse
39,Antwerpseweg 195,2021-12-31,03:00:00,0,0,0,FMN GV 10 Beerse
39,Antwerpseweg 195,2021-12-31,04:00:00,1,1,0,FMN GV 10 Beerse
39,Antwerpseweg 195,2021-12-31,05:00:00,3,3,0,FMN GV 10 Beerse
39,Antwerpseweg 195,2021-12-31,06:00:00,3,3,0,FMN GV 10 Beerse
39,Antwerpseweg 195,2021-12-31,07:00:00,6,4,2,FMN GV 10 Beerse
39,Antwerpseweg 195,2021-12-31,08:00:00,3,1,2,FMN GV 10 Beerse
39,Antwerpseweg 195,2021-12-31,09:00:00,5,2,3,FMN GV 10 Beerse
39,Antwerpseweg 195,2021-12-31,10:00:00,5,4,1,FMN GV 10 Beerse
39,Antwerpseweg 195,2021-12-31,11:00:00,12,10,2,FMN GV 10 Beerse
39,Antwerpseweg 195,2021-12-31,12:00:00,12,9,3,FMN GV 10 Beerse
39,Antwerpseweg 195,2021-12-31,13:00:00,22,18,4,FMN GV 10 Beerse
39,Antwerpseweg 195,2021-12-31,14:00:00,15,8,7,FMN GV 10 Beerse
39,Antwerpseweg 195,2021-12-31,15:00:00,25,18,7,FMN GV 10 Beerse
39,Antwerpseweg 195,2021-12-31,16:00:00,6,3,3,FMN GV 10 Beerse
39,Antwerpseweg 195,2021-12-31,17:00:00,7,4,3,FMN GV 10 Beerse
39,Antwerpseweg 195,2021-12-31,18:00:00,2,1,1,FMN GV 10 Beerse
39,Antwerpseweg 195,2021-12-31,19:00:00,2,2,0,FMN GV 10 Beerse
39,Antwerpseweg 195,2021-12-31,20:00:00,3,2,1,FMN GV 10 Beerse
39,Antwerpseweg 195,2021-12-31,21:00:00,1,0,1,FMN GV 10 Beerse
39,Antwerpseweg 195,2021-12-31,22:00:00,2,0,2,FMN GV 10 Beerse
39,Antwerpseweg 195,2021-12-31,23:00:00,0,0,0,FMN GV 10 Beerse
39,Antwerpseweg 195,2022-01-01,00:00:00,1,1,0,FMN GV 10 Beerse
39,Antwerpseweg 195,2022-01-01,01:00:00,8,4,4,FMN GV 10 Beerse
39,Antwerpseweg 195,2022-01-01,02:00:00,2,2,0,FMN GV 10 Beerse
39,Antwerpseweg 195,2022-01-01,03:00:00,2,1,1,FMN GV 10 Beerse
39,Antwerpseweg 195,2022-01-01,04:00:00,2,2,0,FMN GV 10 Beerse
39,Antwerpseweg 195,2022-01-01,05:00:00,5,1,4,FMN GV 10 Beerse
39,Antwerpseweg 195,2022-01-01,06:00:00,1,1,0,FMN GV 10 Beerse
39,Antwerpseweg 195,2022-01-01,07:00:00,3,3,0,FMN GV 10 Beerse
39,Antwerpseweg 195,2022-01-01,08:00:00,4,4,0,FMN GV 10 Beerse
39,Antwerpseweg 195,2022-01-01,09:00:00,7,5,2,FMN GV 10 Beerse
39,Antwerpseweg 195,2022-01-01,10:00:00,13,8,5,FMN GV 10 Beerse
39,Antwerpseweg 195,2022-01-01,11:00:00,12,10,2,FMN GV 10 Beerse
39,Antwerpseweg 195,2022-01-01,12:00:00,15,9,6,FMN GV 10 Beerse
39,Antwerpseweg 195,2022-01-01,13:00:00,38,27,11,FMN GV 10 Beerse
39,Antwerpseweg 195,2022-01-01,14:00:00,23,13,10,FMN GV 10 Beerse
39,Antwerpseweg 195,2022-01-01,15:00:00,16,8,8,FMN GV 10 Beerse
39,Antwerpseweg 195,2022-01-01,16:00:00,7,3,4,FMN GV 10 Beerse
39,Antwerpseweg 195,2022-01-01,17:00:00,6,3,3,FMN GV 10 Beerse
39,Antwerpseweg 195,2022-01-01,18:00:00,3,1,2,FMN GV 10 Beerse
39,Antwerpseweg 195,2022-01-01,19:00:00,2,1,1,FMN GV 10 Beerse
39,Antwerpseweg 195,2022-01-01,20:00:00,3,2,1,FMN GV 10 Beerse
39,Antwerpseweg 195,2022-01-01,21:00:00,0,0,0,FMN GV 10 Beerse
39,Antwerpseweg 195,2022-01-01,22:00:00,2,2,0,FMN GV 10 Beerse
39,Antwerpseweg 195,2022-01-01,23:00:00,3,3,0,FMN GV 10 Beerse
39,Antwerpseweg 195,2022-01-02,00:00:00,1,0,1,FMN GV 10 Beerse
39,Antwerpseweg 195,2022-01-02,01:00:00,0,0,0,FMN GV 10 Beerse
39,Antwerpseweg 195,2022-01-02,02:00:00,0,0,0,FMN GV 10 Beerse
39,Antwerpseweg 195,2022-01-02,03:00:00,0,0,0,FMN GV 10 Beerse
39,Antwerpseweg 195,2022-01-02,04:00:00,0,0,0,FMN GV 10 Beerse
39,Antwerpseweg 195,2022-01-02,05:00:00,1,1,0,FMN GV 10 Beerse
39,Antwerpseweg 195,2022-01-02,06:00:00,2,2,0,FMN GV 10 Beerse
39,Antwerpseweg 195,2022-01-02,07:00:00,2,0,2,FMN GV 10 Beerse
39,Antwerpseweg 195,2022-01-02,08:00:00,2,1,1,FMN GV 10 Beerse
39,Antwerpseweg 195,2022-01-02,09:00:00,6,4,2,FMN GV 10 Beerse
39,Antwerpseweg 195,2022-01-02,10:00:00,19,11,8,FMN GV 10 Beerse
39,Antwerpseweg 195,2022-01-02,11:00:00,22,13,9,FMN GV 10 Beerse
39,Antwerpseweg 195,2022-01-02,12:00:00,14,12,2,FMN GV 10 Beerse
39,Antwerpseweg 195,2022-01-02,13:00:00,17,15,2,FMN GV 10 Beerse
39,Antwerpseweg 195,2022-01-02,14:00:00,13,7,6,FMN GV 10 Beerse
39,Antwerpseweg 195,2022-01-02,15:00:00,13,8,5,FMN GV 10 Beerse
39,Antwerpseweg 195,2022-01-02,16:00:00,14,10,4,FMN GV 10 Beerse
39,Antwerpseweg 195,2022-01-02,17:00:00,5,4,1,FMN GV 10 Beerse
39,Antwerpseweg 195,2022-01-02,18:00:00,0,0,0,FMN GV 10 Beerse
39,Antwerpseweg 195,2022-01-02,19:00:00,4,2,2,FMN GV 10 Beerse
39,Antwerpseweg 195,2022-01-02,20:00:00,4,4,0,FMN GV 10 Beerse
39,Antwerpseweg 195,2022-01-02,21:00:00,3,3,0,FMN GV 10 Beerse
39,Antwerpseweg 195,2022-01-02,22:00:00,6,6,0,FMN GV 10 Beerse
39,Antwerpseweg 195,2022-01-02,23:00:00,3,2,1,FMN GV 10 Beerse
39,Antwerpseweg 195,2022-01-03,00:00:00,0,0,0,FMN GV 10 Beerse
39,Antwerpseweg 195,2022-01-03,01:00:00,1,1,0,FMN GV 10 Beerse
39,Antwerpseweg 195,2022-01-03,02:00:00,0,0,0,FMN GV 10 Beerse
39,Antwerpseweg 195,2022-01-03,03:00:00,0,0,0,FMN GV 10 Beerse
39,Antwerpseweg 195,2022-01-03,04:00:00,0,0,0,FMN GV 10 Beerse
39,Antwerpseweg 195,2022-01-03,05:00:00,8,8,0,FMN GV 10 Beerse
39,Antwerpseweg 195,2022-01-03,06:00:00,7,7,0,FMN GV 10 Beerse
39,Antwerpseweg 195,2022-01-03,07:00:00,16,15,1,FMN GV 10 Beerse
39,Antwerpseweg 195,2022-01-03,08:00:00,12,7,5,FMN GV 10 Beerse
39,Antwerpseweg 195,2022-01-03,09:00:00,5,4,1,FMN GV 10 Beerse
39,Antwerpseweg 195,2022-01-03,10:00:00,13,9,4,FMN GV 10 Beerse
39,Antwerpseweg 195,2022-01-03,11:00:00,2,1,1,FMN GV 10 Beerse
39,Antwerpseweg 195,2022-01-03,12:00:00,17,6,11,FMN GV 10 Beerse
39,Antwerpseweg 195,2022-01-03,13:00:00,15,13,2,FMN GV 10 Beerse
39,Antwerpseweg 195,2022-01-03,14:00:00,14,9,5,FMN GV 10 Beerse
39,Antwerpseweg 195,2022-01-03,15:00:00,13,9,4,FMN GV 10 Beerse
39,Antwerpseweg 195,2022-01-03,16:00:00,21,12,9,FMN GV 10 Beerse
39,Antwerpseweg 195,2022-01-03,17:00:00,16,11,5,FMN GV 10 Beerse
39,Antwerpseweg 195,2022-01-03,18:00:00,9,6,3,FMN GV 10 Beerse
39,Antwerpseweg 195,2022-01-03,19:00:00,1,1,0,FMN GV 10 Beerse
39,Antwerpseweg 195,2022-01-03,20:00:00,3,1,2,FMN GV 10 Beerse
39,Antwerpseweg 195,2022-01-03,21:00:00,5,4,1,FMN GV 10 Beerse
39,Antwerpseweg 195,2022-01-03,22:00:00,1,1,0,FMN GV 10 Beerse
39,Antwerpseweg 195,2022-01-03,23:00:00,0,0,0,FMN GV 10 Beerse
39,Antwerpseweg 195,2022-01-04,00:00:00,1,1,0,FMN GV 10 Beerse
39,Antwerpseweg 195,2022-01-04,01:00:00,0,0,0,FMN GV 10 Beerse
39,Antwerpseweg 195,2022-01-04,02:00:00,6,4,2,FMN GV 10 Beerse
39,Antwerpseweg 195,2022-01-04,03:00:00,0,0,0,FMN GV 10 Beerse
39,Antwerpseweg 195,2022-01-04,04:00:00,0,0,0,FMN GV 10 Beerse
39,Antwerpseweg 195,2022-01-04,05:00:00,7,6,1,FMN GV 10 Beerse
39,Antwerpseweg 195,2022-01-04,06:00:00,5,4,1,FMN GV 10 Beerse
39,Antwerpseweg 195,2022-01-04,07:00:00,19,10,9,FMN GV 10 Beerse
39,Antwerpseweg 195,2022-01-04,08:00:00,8,4,4,FMN GV 10 Beerse
39,Antwerpseweg 195,2022-01-04,09:00:00,17,5,12,FMN GV 10 Beerse
39,Antwerpseweg 195,2022-01-04,10:00:00,5,1,4,FMN GV 10 Beerse
39,Antwerpseweg 195,2022-01-04,11:00:00,4,2,2,FMN GV 10 Beerse
39,Antwerpseweg 195,2022-01-04,12:00:00,6,0,6,FMN GV 10 Beerse
39,Antwerpseweg 195,2022-01-04,13:00:00,8,4,4,FMN GV 10 Beerse
39,Antwerpseweg 195,2022-01-04,14:00:00,5,1,4,FMN GV 10 Beerse
39,Antwerpseweg 195,2022-01-04,15:00:00,7,1,6,FMN GV 10 Beerse
39,Antwerpseweg 195,2022-01-04,16:00:00,10,6,4,FMN GV 10 Beerse
39,Antwerpseweg 195,2022-01-04,17:00:00,12,4,8,FMN GV 10 Beerse
39,Antwerpseweg 195,2022-01-04,18:00:00,19,14,5,FMN GV 10 Beerse
39,Antwerpseweg 195,2022-01-04,19:00:00,37,13,24,FMN GV 10 Beerse
39,Antwerpseweg 195,2022-01-04,20:00:00,0,0,0,FMN GV 10 Beerse
39,Antwerpseweg 195,2022-01-04,21:00:00,0,0,0,FMN GV 10 Beerse
39,Antwerpseweg 195,2022-01-04,22:00:00,0,0,0,FMN GV 10 Beerse
39,Antwerpseweg 195,2022-01-04,23:00:00,0,0,0,FMN GV 10 Beerse
39,Antwerpseweg 195,2022-08-04,00:00:00,1,1,0,FMN GV 10 Beerse
39,Antwerpseweg 195,2022-08-04,01:00:00,0,0,0,FMN GV 10 Beerse
39,Antwerpseweg 195,2022-08-04,02:00:00,0,0,0,FMN GV 10 Beerse
39,Antwerpseweg 195,2022-08-04,03:00:00,0,0,0,FMN GV 10 Beerse
39,Antwerpseweg 195,2022-08-04,04:00:00,2,2,0,FMN GV 10 Beerse
39,Antwerpseweg 195,2022-08-04,05:00:00,7,7,0,FMN GV 10 Beerse
39,Antwerpseweg 195,2022-08-04,06:00:00,13,11,2,FMN GV 10 Beerse
39,Antwerpseweg 195,2022-08-04,07:00:00,43,37,6,FMN GV 10 Beerse
39,Antwerpseweg 195,2022-08-04,08:00:00,25,19,6,FMN GV 10 Beerse
39,Antwerpseweg 195,2022-08-04,09:00:00,16,7,9,FMN GV 10 Beerse
39,Antwerpseweg 195,2022-08-04,10:00:00,11,8,3,FMN GV 10 Beerse
39,Antwerpseweg 195,2022-08-04,11:00:00,18,9,9,FMN GV 10 Beerse
39,Antwerpseweg 195,2022-08-04,12:00:00,25,19,6,FMN GV 10 Beerse
39,Antwerpseweg 195,2022-08-04,13:00:00,32,24,8,FMN GV 10 Beerse
39,Antwerpseweg 195,2022-08-04,14:00:00,45,31,14,FMN GV 10 Beerse
39,Antwerpseweg 195,2022-08-04,15:00:00,43,32,11,FMN GV 10 Beerse
39,Antwerpseweg 195,2022-08-04,16:00:00,58,46,12,FMN GV 10 Beerse
39,Antwerpseweg 195,2022-08-04,17:00:00,41,29,12,FMN GV 10 Beerse
39,Antwerpseweg 195,2022-08-04,18:00:00,26,14,12,FMN GV 10 Beerse
39,Antwerpseweg 195,2022-08-04,19:00:00,17,11,6,FMN GV 10 Beerse
39,Antwerpseweg 195,2022-08-04,20:00:00,4,3,1,FMN GV 10 Beerse
39,Antwerpseweg 195,2022-08-04,21:00:00,8,4,4,FMN GV 10 Beerse
39,Antwerpseweg 195,2022-08-04,22:00:00,9,5,4,FMN GV 10 Beerse
39,Antwerpseweg 195,2022-08-04,23:00:00,2,2,0,FMN GV 10 Beerse
39,Antwerpseweg 195,2022-08-05,00:00:00,1,1,0,FMN GV 10 Beerse
39,Antwerpseweg 195,2022-08-05,01:00:00,1,1,0,FMN GV 10 Beerse
39,Antwerpseweg 195,2022-08-05,02:00:00,1,0,1,FMN GV 10 Beerse
39,Antwerpseweg 195,2022-08-05,03:00:00,0,0,0,FMN GV 10 Beerse
39,Antwerpseweg 195,2022-08-05,04:00:00,2,2,0,FMN GV 10 Beerse
39,Antwerpseweg 195,2022-08-05,05:00:00,9,9,0,FMN GV 10 Beerse
39,Antwerpseweg 195,2022-08-05,06:00:00,13,13,0,FMN GV 10 Beerse
39,Antwerpseweg 195,2022-08-05,07:00:00,40,34,6,FMN GV 10 Beerse
39,Antwerpseweg 195,2022-08-05,08:00:00,32,23,9,FMN GV 10 Beerse
39,Antwerpseweg 195,2022-08-05,09:00:00,21,16,5,FMN GV 10 Beerse
39,Antwerpseweg 195,2022-08-05,10:00:00,21,18,3,FMN GV 10 Beerse
39,Antwerpseweg 195,2022-08-05,11:00:00,22,15,7,FMN GV 10 Beerse
39,Antwerpseweg 195,2022-08-05,12:00:00,18,11,7,FMN GV 10 Beerse
39,Antwerpseweg 195,2022-08-05,13:00:00,28,19,9,FMN GV 10 Beerse
39,Antwerpseweg 195,2022-08-05,14:00:00,37,27,10,FMN GV 10 Beerse
39,Antwerpseweg 195,2022-08-05,15:00:00,47,35,12,FMN GV 10 Beerse
39,Antwerpseweg 195,2022-08-05,16:00:00,37,26,11,FMN GV 10 Beerse
39,Antwerpseweg 195,2022-08-05,17:00:00,36,27,9,FMN GV 10 Beerse
39,Antwerpseweg 195,2022-08-05,18:00:00,12,8,4,FMN GV 10 Beerse
39,Antwerpseweg 195,2022-08-05,19:00:00,13,10,3,FMN GV 10 Beerse
39,Antwerpseweg 195,2022-08-05,20:00:00,7,4,3,FMN GV 10 Beerse
39,Antwerpseweg 195,2022-08-05,21:00:00,6,2,4,FMN GV 10 Beerse
39,Antwerpseweg 195,2022-08-05,22:00:00,8,7,1,FMN GV 10 Beerse
39,Antwerpseweg 195,2022-08-05,23:00:00,1,0,1,FMN GV 10 Beerse
39,Antwerpseweg 195,2022-08-06,00:00:00,1,1,0,FMN GV 10 Beerse
39,Antwerpseweg 195,2022-08-06,01:00:00,2,1,1,FMN GV 10 Beerse
39,Antwerpseweg 195,2022-08-06,02:00:00,1,0,1,FMN GV 10 Beerse
39,Antwerpseweg 195,2022-08-06,03:00:00,5,2,3,FMN GV 10 Beerse
39,Antwerpseweg 195,2022-08-06,04:00:00,1,1,0,FMN GV 10 Beerse
39,Antwerpseweg 195,2022-08-06,05:00:00,5,5,0,FMN GV 10 Beerse
39,Antwerpseweg 195,2022-08-06,06:00:00,6,6,0,FMN GV 10 Beerse
39,Antwerpseweg 195,2022-08-06,07:00:00,7,2,5,FMN GV 10 Beerse
39,Antwerpseweg 195,2022-08-06,08:00:00,6,4,2,FMN GV 10 Beerse
39,Antwerpseweg 195,2022-08-06,09:00:00,21,13,8,FMN GV 10 Beerse
39,Antwerpseweg 195,2022-08-06,10:00:00,21,14,7,FMN GV 10 Beerse
39,Antwerpseweg 195,2022-08-06,11:00:00,26,17,9,FMN GV 10 Beerse
39,Antwerpseweg 195,2022-08-06,12:00:00,32,22,10,FMN GV 10 Beerse
39,Antwerpseweg 195,2022-08-06,13:00:00,51,36,15,FMN GV 10 Beerse
39,Antwerpseweg 195,2022-08-06,14:00:00,63,42,21,FMN GV 10 Beerse
39,Antwerpseweg 195,2022-08-06,15:00:00,48,40,8,FMN GV 10 Beerse
39,Antwerpseweg 195,2022-08-06,16:00:00,41,33,8,FMN GV 10 Beerse
39,Antwerpseweg 195,2022-08-06,17:00:00,28,15,13,FMN GV 10 Beerse
39,Antwerpseweg 195,2022-08-06,18:00:00,20,14,6,FMN GV 10 Beerse
39,Antwerpseweg 195,2022-08-06,19:00:00,14,6,8,FMN GV 10 Beerse
39,Antwerpseweg 195,2022-08-06,20:00:00,14,9,5,FMN GV 10 Beerse
39,Antwerpseweg 195,2022-08-06,21:00:00,6,2,4,FMN GV 10 Beerse
39,Antwerpseweg 195,2022-08-06,22:00:00,7,2,5,FMN GV 10 Beerse
39,Antwerpseweg 195,2022-08-06,23:00:00,4,2,2,FMN GV 10 Beerse
39,Antwerpseweg 195,2022-08-07,00:00:00,1,1,0,FMN GV 10 Beerse
39,Antwerpseweg 195,2022-08-07,01:00:00,6,3,3,FMN GV 10 Beerse
39,Antwerpseweg 195,2022-08-07,02:00:00,1,1,0,FMN GV 10 Beerse
39,Antwerpseweg 195,2022-08-07,03:00:00,4,3,1,FMN GV 10 Beerse
39,Antwerpseweg 195,2022-08-07,04:00:00,2,2,0,FMN GV 10 Beerse
39,Antwerpseweg 195,2022-08-07,05:00:00,3,2,1,FMN GV 10 Beerse
39,Antwerpseweg 195,2022-08-07,06:00:00,1,1,0,FMN GV 10 Beerse
39,Antwerpseweg 195,2022-08-07,07:00:00,5,3,2,FMN GV 10 Beerse
39,Antwerpseweg 195,2022-08-07,08:00:00,14,8,6,FMN GV 10 Beerse
39,Antwerpseweg 195,2022-08-07,09:00:00,22,14,8,FMN GV 10 Beerse
39,Antwerpseweg 195,2022-08-07,10:00:00,46,32,14,FMN GV 10 Beerse
39,Antwerpseweg 195,2022-08-07,11:00:00,54,29,25,FMN GV 10 Beerse
39,Antwerpseweg 195,2022-08-07,12:00:00,35,23,12,FMN GV 10 Beerse
39,Antwerpseweg 195,2022-08-07,13:00:00,53,32,21,FMN GV 10 Beerse
39,Antwerpseweg 195,2022-08-07,14:00:00,67,41,26,FMN GV 10 Beerse
39,Antwerpseweg 195,2022-08-07,15:00:00,67,41,26,FMN GV 10 Beerse
39,Antwerpseweg 195,2022-08-07,16:00:00,49,34,15,FMN GV 10 Beerse
39,Antwerpseweg 195,2022-08-07,17:00:00,33,23,10,FMN GV 10 Beerse
39,Antwerpseweg 195,2022-08-07,18:00:00,24,10,14,FMN GV 10 Beerse
39,Antwerpseweg 195,2022-08-07,19:00:00,15,9,6,FMN GV 10 Beerse
39,Antwerpseweg 195,2022-08-07,20:00:00,19,8,11,FMN GV 10 Beerse
39,Antwerpseweg 195,2022-08-07,21:00:00,10,8,2,FMN GV 10 Beerse
39,Antwerpseweg 195,2022-08-07,22:00:00,5,4,1,FMN GV 10 Beerse
39,Antwerpseweg 195,2022-08-07,23:00:00,1,1,0,FMN GV 10 Beerse
39,Antwerpseweg 195,2022-08-08,00:00:00,1,1,0,FMN GV 10 Beerse
39,Antwerpseweg 195,2022-08-08,01:00:00,1,1,0,FMN GV 10 Beerse
39,Antwerpseweg 195,2022-08-08,02:00:00,2,2,0,FMN GV 10 Beerse
39,Antwerpseweg 195,2022-08-08,03:00:00,0,0,0,FMN GV 10 Beerse
39,Antwerpseweg 195,2022-08-08,04:00:00,1,1,0,FMN GV 10 Beerse
39,Antwerpseweg 195,2022-08-08,05:00:00,8,8,0,FMN GV 10 Beerse
39,Antwerpseweg 195,2022-08-08,06:00:00,14,14,0,FMN GV 10 Beerse
39,Antwerpseweg 195,2022-08-08,07:00:00,44,30,14,FMN GV 10 Beerse
39,Antwerpseweg 195,2022-08-08,08:00:00,25,21,4,FMN GV 10 Beerse
39,Antwerpseweg 195,2022-08-08,09:00:00,15,14,1,FMN GV 10 Beerse
39,Antwerpseweg 195,2022-08-08,10:00:00,8,6,2,FMN GV 10 Beerse
39,Antwerpseweg 195,2022-08-08,11:00:00,20,13,7,FMN GV 10 Beerse
39,Antwerpseweg 195,2022-08-08,12:00:00,23,16,7,FMN GV 10 Beerse
39,Antwerpseweg 195,2022-08-08,13:00:00,27,15,12,FMN GV 10 Beerse
39,Antwerpseweg 195,2022-08-08,14:00:00,39,22,17,FMN GV 10 Beerse
39,Antwerpseweg 195,2022-08-08,15:00:00,40,26,14,FMN GV 10 Beerse
39,Antwerpseweg 195,2022-08-08,16:00:00,64,51,13,FMN GV 10 Beerse
39,Antwerpseweg 195,2022-08-08,17:00:00,52,35,17,FMN GV 10 Beerse
39,Antwerpseweg 195,2022-08-08,18:00:00,16,8,8,FMN GV 10 Beerse
39,Antwerpseweg 195,2022-08-08,19:00:00,12,9,3,FMN GV 10 Beerse
39,Antwerpseweg 195,2022-08-08,20:00:00,9,5,4,FMN GV 10 Beerse
39,Antwerpseweg 195,2022-08-08,21:00:00,6,4,2,FMN GV 10 Beerse
39,Antwerpseweg 195,2022-08-08,22:00:00,13,9,4,FMN GV 10 Beerse
39,Antwerpseweg 195,2022-08-08,23:00:00,3,2,1,FMN GV 10 Beerse
39,Antwerpseweg 195,2022-08-09,00:00:00,1,1,0,FMN GV 10 Beerse
39,Antwerpseweg 195,2022-08-09,01:00:00,0,0,0,FMN GV 10 Beerse
39,Antwerpseweg 195,2022-08-09,02:00:00,0,0,0,FMN GV 10 Beerse
39,Antwerpseweg 195,2022-08-09,03:00:00,0,0,0,FMN GV 10 Beerse
39,Antwerpseweg 195,2022-08-09,04:00:00,2,2,0,FMN GV 10 Beerse
39,Antwerpseweg 195,2022-08-09,05:00:00,14,13,1,FMN GV 10 Beerse
39,Antwerpseweg 195,2022-08-09,06:00:00,11,11,0,FMN GV 10 Beerse
39,Antwerpseweg 195,2022-08-09,07:00:00,53,47,6,FMN GV 10 Beerse
39,Antwerpseweg 195,2022-08-09,08:00:00,33,29,4,FMN GV 10 Beerse
39,Antwerpseweg 195,2022-08-09,09:00:00,16,11,5,FMN GV 10 Beerse
39,Antwerpseweg 195,2022-08-09,10:00:00,12,8,4,FMN GV 10 Beerse
39,Antwerpseweg 195,2022-08-09,11:00:00,25,15,10,FMN GV 10 Beerse
39,Antwerpseweg 195,2022-08-09,12:00:00,26,18,8,FMN GV 10 Beerse
39,Antwerpseweg 195,2022-08-09,13:00:00,47,29,18,FMN GV 10 Beerse
39,Antwerpseweg 195,2022-08-09,14:00:00,42,29,13,FMN GV 10 Beerse
39,Antwerpseweg 195,2022-08-09,15:00:00,50,32,18,FMN GV 10 Beerse
39,Antwerpseweg 195,2022-08-09,16:00:00,74,50,24,FMN GV 10 Beerse
39,Antwerpseweg 195,2022-08-09,17:00:00,47,34,13,FMN GV 10 Beerse
39,Antwerpseweg 195,2022-08-09,18:00:00,21,15,6,FMN GV 10 Beerse
39,Antwerpseweg 195,2022-08-09,19:00:00,21,13,8,FMN GV 10 Beerse
39,Antwerpseweg 195,2022-08-09,20:00:00,14,9,5,FMN GV 10 Beerse
39,Antwerpseweg 195,2022-08-09,21:00:00,8,8,0,FMN GV 10 Beerse
39,Antwerpseweg 195,2022-08-09,22:00:00,9,7,2,FMN GV 10 Beerse
39,Antwerpseweg 195,2022-08-09,23:00:00,1,1,0,FMN GV 10 Beerse
39,Antwerpseweg 195,2022-08-10,00:00:00,0,0,0,FMN GV 10 Beerse
39,Antwerpseweg 195,2022-08-10,01:00:00,0,0,0,FMN GV 10 Beerse
39,Antwerpseweg 195,2022-08-10,02:00:00,0,0,0,FMN GV 10 Beerse
39,Antwerpseweg 195,2022-08-10,03:00:00,1,1,0,FMN GV 10 Beerse
39,Antwerpseweg 195,2022-08-10,04:00:00,2,2,0,FMN GV 10 Beerse
39,Antwerpseweg 195,2022-08-10,05:00:00,13,11,2,FMN GV 10 Beerse
39,Antwerpseweg 195,2022-08-10,06:00:00,12,9,3,FMN GV 10 Beerse
39,Antwerpseweg 195,2022-08-10,07:00:00,55,45,10,FMN GV 10 Beerse
39,Antwerpseweg 195,2022-08-10,08:00:00,34,28,6,FMN GV 10 Beerse
39,Antwerpseweg 195,2022-08-10,09:00:00,19,12,7,FMN GV 10 Beerse
39,Antwerpseweg 195,2022-08-10,10:00:00,14,9,5,FMN GV 10 Beerse
39,Antwerpseweg 195,2022-08-10,11:00:00,24,13,11,FMN GV 10 Beerse
39,Antwerpseweg 195,2022-08-10,12:00:00,46,35,11,FMN GV 10 Beerse
39,Antwerpseweg 195,2022-08-10,13:00:00,41,30,11,FMN GV 10 Beerse
39,Antwerpseweg 195,2022-08-10,14:00:00,34,21,13,FMN GV 10 Beerse
39,Antwerpseweg 195,2022-08-10,15:00:00,40,28,12,FMN GV 10 Beerse
39,Antwerpseweg 195,2022-08-10,16:00:00,46,35,11,FMN GV 10 Beerse
39,Antwerpseweg 195,2022-08-10,17:00:00,45,34,11,FMN GV 10 Beerse
39,Antwerpseweg 195,2022-08-10,18:00:00,27,20,7,FMN GV 10 Beerse
39,Antwerpseweg 195,2022-08-10,19:00:00,19,14,5,FMN GV 10 Beerse
39,Antwerpseweg 195,2022-08-10,20:00:00,11,7,4,FMN GV 10 Beerse
39,Antwerpseweg 195,2022-08-10,21:00:00,6,3,3,FMN GV 10 Beerse
39,Antwerpseweg 195,2022-08-10,22:00:00,5,3,2,FMN GV 10 Beerse
39,Antwerpseweg 195,2022-08-10,23:00:00,0,0,0,FMN GV 10 Beerse
39,Antwerpseweg 195,2022-08-11,00:00:00,0,0,0,FMN GV 10 Beerse
39,Antwerpseweg 195,2022-08-11,01:00:00,0,0,0,FMN GV 10 Beerse
39,Antwerpseweg 195,2022-08-11,02:00:00,0,0,0,FMN GV 10 Beerse
39,Antwerpseweg 195,2022-08-11,03:00:00,0,0,0,FMN GV 10 Beerse
39,Antwerpseweg 195,2022-08-11,04:00:00,1,1,0,FMN GV 10 Beerse
39,Antwerpseweg 195,2022-08-11,05:00:00,12,10,2,FMN GV 10 Beerse
39,Antwerpseweg 195,2022-08-11,06:00:00,17,15,2,FMN GV 10 Beerse
39,Antwerpseweg 195,2022-08-11,07:00:00,49,41,8,FMN GV 10 Beerse
39,Antwerpseweg 195,2022-08-11,08:00:00,22,18,4,FMN GV 10 Beerse
39,Antwerpseweg 195,2022-08-11,09:00:00,17,12,5,FMN GV 10 Beerse
39,Antwerpseweg 195,2022-08-11,10:00:00,10,7,3,FMN GV 10 Beerse
39,Antwerpseweg 195,2022-08-11,11:00:00,19,14,5,FMN GV 10 Beerse
39,Antwerpseweg 195,2022-08-11,12:00:00,26,18,8,FMN GV 10 Beerse
39,Antwerpseweg 195,2022-08-11,13:00:00,41,25,16,FMN GV 10 Beerse
39,Antwerpseweg 195,2022-08-11,14:00:00,34,21,13,FMN GV 10 Beerse
39,Antwerpseweg 195,2022-08-11,15:00:00,55,37,18,FMN GV 10 Beerse
39,Antwerpseweg 195,2022-08-11,16:00:00,55,39,16,FMN GV 10 Beerse
39,Antwerpseweg 195,2022-08-11,17:00:00,47,35,12,FMN GV 10 Beerse
39,Antwerpseweg 195,2022-08-11,18:00:00,20,14,6,FMN GV 10 Beerse
39,Antwerpseweg 195,2022-08-11,19:00:00,13,6,7,FMN GV 10 Beerse
39,Antwerpseweg 195,2022-08-11,20:00:00,14,8,6,FMN GV 10 Beerse
39,Antwerpseweg 195,2022-08-11,21:00:00,13,11,2,FMN GV 10 Beerse
39,Antwerpseweg 195,2022-08-11,22:00:00,3,3,0,FMN GV 10 Beerse
39,Antwerpseweg 195,2022-08-11,23:00:00,0,0,0,FMN GV 10 Beerse
39,Antwerpseweg 195,2022-08-12,00:00:00,1,0,1,FMN GV 10 Beerse
39,Antwerpseweg 195,2022-08-12,01:00:00,0,0,0,FMN GV 10 Beerse
39,Antwerpseweg 195,2022-08-12,02:00:00,0,0,0,FMN GV 10 Beerse
39,Antwerpseweg 195,2022-08-12,03:00:00,0,0,0,FMN GV 10 Beerse
39,Antwerpseweg 195,2022-08-12,04:00:00,3,3,0,FMN GV 10 Beerse
39,Antwerpseweg 195,2022-08-12,05:00:00,11,11,0,FMN GV 10 Beerse
39,Antwerpseweg 195,2022-08-12,06:00:00,14,12,2,FMN GV 10 Beerse
39,Antwerpseweg 195,2022-08-12,07:00:00,37,33,4,FMN GV 10 Beerse
39,Antwerpseweg 195,2022-08-12,08:00:00,26,20,6,FMN GV 10 Beerse
39,Antwerpseweg 195,2022-08-12,09:00:00,18,16,2,FMN GV 10 Beerse
39,Antwerpseweg 195,2022-08-12,10:00:00,16,10,6,FMN GV 10 Beerse
39,Antwerpseweg 195,2022-08-12,11:00:00,23,17,6,FMN GV 10 Beerse
39,Antwerpseweg 195,2022-08-12,12:00:00,30,18,12,FMN GV 10 Beerse
39,Antwerpseweg 195,2022-08-12,13:00:00,32,19,13,FMN GV 10 Beerse
39,Antwerpseweg 195,2022-08-12,14:00:00,29,17,12,FMN GV 10 Beerse
39,Antwerpseweg 195,2022-08-12,15:00:00,41,33,8,FMN GV 10 Beerse
39,Antwerpseweg 195,2022-08-12,16:00:00,56,39,17,FMN GV 10 Beerse
39,Antwerpseweg 195,2022-08-12,17:00:00,32,25,7,FMN GV 10 Beerse
39,Antwerpseweg 195,2022-08-12,18:00:00,20,12,8,FMN GV 10 Beerse
39,Antwerpseweg 195,2022-08-12,19:00:00,17,9,8,FMN GV 10 Beerse
39,Antwerpseweg 195,2022-08-12,20:00:00,14,9,5,FMN GV 10 Beerse
39,Antwerpseweg 195,2022-08-12,21:00:00,8,5,3,FMN GV 10 Beerse
39,Antwerpseweg 195,2022-08-12,22:00:00,8,5,3,FMN GV 10 Beerse
39,Antwerpseweg 195,2022-08-12,23:00:00,3,3,0,FMN GV 10 Beerse
39,Antwerpseweg 195,2022-08-13,00:00:00,4,1,3,FMN GV 10 Beerse
39,Antwerpseweg 195,2022-08-13,01:00:00,4,2,2,FMN GV 10 Beerse
39,Antwerpseweg 195,2022-08-13,02:00:00,2,2,0,FMN GV 10 Beerse
39,Antwerpseweg 195,2022-08-13,03:00:00,0,0,0,FMN GV 10 Beerse
39,Antwerpseweg 195,2022-08-13,04:00:00,3,3,0,FMN GV 10 Beerse
39,Antwerpseweg 195,2022-08-13,05:00:00,2,2,0,FMN GV 10 Beerse
39,Antwerpseweg 195,2022-08-13,06:00:00,4,3,1,FMN GV 10 Beerse
39,Antwerpseweg 195,2022-08-13,07:00:00,6,5,1,FMN GV 10 Beerse
39,Antwerpseweg 195,2022-08-13,08:00:00,6,3,3,FMN GV 10 Beerse
39,Antwerpseweg 195,2022-08-13,09:00:00,17,10,7,FMN GV 10 Beerse
39,Antwerpseweg 195,2022-08-13,10:00:00,24,15,9,FMN GV 10 Beerse
39,Antwerpseweg 195,2022-08-13,11:00:00,30,23,7,FMN GV 10 Beerse
39,Antwerpseweg 195,2022-08-13,12:00:00,29,23,6,FMN GV 10 Beerse
39,Antwerpseweg 195,2022-08-13,13:00:00,40,24,16,FMN GV 10 Beerse
39,Antwerpseweg 195,2022-08-13,14:00:00,56,39,17,FMN GV 10 Beerse
39,Antwerpseweg 195,2022-08-13,15:00:00,54,41,13,FMN GV 10 Beerse
39,Antwerpseweg 195,2022-08-13,16:00:00,41,27,14,FMN GV 10 Beerse
39,Antwerpseweg 195,2022-08-13,17:00:00,16,11,5,FMN GV 10 Beerse
39,Antwerpseweg 195,2022-08-13,18:00:00,21,17,4,FMN GV 10 Beerse
39,Antwerpseweg 195,2022-08-13,19:00:00,10,8,2,FMN GV 10 Beerse
39,Antwerpseweg 195,2022-08-13,20:00:00,14,11,3,FMN GV 10 Beerse
39,Antwerpseweg 195,2022-08-13,21:00:00,2,2,0,FMN GV 10 Beerse
39,Antwerpseweg 195,2022-08-13,22:00:00,3,2,1,FMN GV 10 Beerse
39,Antwerpseweg 195,2022-08-13,23:00:00,10,6,4,FMN GV 10 Beerse
39,Antwerpseweg 195,2022-08-14,00:00:00,1,0,1,FMN GV 10 Beerse
39,Antwerpseweg 195,2022-08-14,01:00:00,8,5,3,FMN GV 10 Beerse
39,Antwerpseweg 195,2022-08-14,02:00:00,2,0,2,FMN GV 10 Beerse
39,Antwerpseweg 195,2022-08-14,03:00:00,2,1,1,FMN GV 10 Beerse
39,Antwerpseweg 195,2022-08-14,04:00:00,1,1,0,FMN GV 10 Beerse
39,Antwerpseweg 195,2022-08-14,05:00:00,3,2,1,FMN GV 10 Beerse
39,Antwerpseweg 195,2022-08-14,06:00:00,2,2,0,FMN GV 10 Beerse
39,Antwerpseweg 195,2022-08-14,07:00:00,2,1,1,FMN GV 10 Beerse
39,Antwerpseweg 195,2022-08-14,08:00:00,6,3,3,FMN GV 10 Beerse
39,Antwerpseweg 195,2022-08-14,09:00:00,22,18,4,FMN GV 10 Beerse
39,Antwerpseweg 195,2022-08-14,10:00:00,30,22,8,FMN GV 10 Beerse
39,Antwerpseweg 195,2022-08-14,11:00:00,34,21,13,FMN GV 10 Beerse
39,Antwerpseweg 195,2022-08-14,12:00:00,35,23,12,FMN GV 10 Beerse
39,Antwerpseweg 195,2022-08-14,13:00:00,41,25,16,FMN GV 10 Beerse
39,Antwerpseweg 195,2022-08-14,14:00:00,57,32,25,FMN GV 10 Beerse
39,Antwerpseweg 195,2022-08-14,15:00:00,53,29,24,FMN GV 10 Beerse
39,Antwerpseweg 195,2022-08-14,16:00:00,40,28,12,FMN GV 10 Beerse
39,Antwerpseweg 195,2022-08-14,17:00:00,29,17,12,FMN GV 10 Beerse
39,Antwerpseweg 195,2022-08-14,18:00:00,12,8,4,FMN GV 10 Beerse
39,Antwerpseweg 195,2022-08-14,19:00:00,12,6,6,FMN GV 10 Beerse
39,Antwerpseweg 195,2022-08-14,20:00:00,11,7,4,FMN GV 10 Beerse
39,Antwerpseweg 195,2022-08-14,21:00:00,7,5,2,FMN GV 10 Beerse
39,Antwerpseweg 195,2022-08-14,22:00:00,2,1,1,FMN GV 10 Beerse
39,Antwerpseweg 195,2022-08-14,23:00:00,0,0,0,FMN GV 10 Beerse
39,Antwerpseweg 195,2022-08-15,00:00:00,0,0,0,FMN GV 10 Beerse
39,Antwerpseweg 195,2022-08-15,01:00:00,1,1,0,FMN GV 10 Beerse
39,Antwerpseweg 195,2022-08-15,02:00:00,0,0,0,FMN GV 10 Beerse
39,Antwerpseweg 195,2022-08-15,03:00:00,0,0,0,FMN GV 10 Beerse
39,Antwerpseweg 195,2022-08-15,04:00:00,0,0,0,FMN GV 10 Beerse
39,Antwerpseweg 195,2022-08-15,05:00:00,7,7,0,FMN GV 10 Beerse
39,Antwerpseweg 195,2022-08-15,06:00:00,8,7,1,FMN GV 10 Beerse
39,Antwerpseweg 195,2022-08-15,07:00:00,31,24,7,FMN GV 10 Beerse
39,Antwerpseweg 195,2022-08-15,08:00:00,14,12,2,FMN GV 10 Beerse
39,Antwerpseweg 195,2022-08-15,09:00:00,8,6,2,FMN GV 10 Beerse
39,Antwerpseweg 195,2022-08-15,10:00:00,8,6,2,FMN GV 10 Beerse
39,Antwerpseweg 195,2022-08-15,11:00:00,14,11,3,FMN GV 10 Beerse
39,Antwerpseweg 195,2022-08-15,12:00:00,15,7,8,FMN GV 10 Beerse
39,Antwerpseweg 195,2022-08-15,13:00:00,18,11,7,FMN GV 10 Beerse
39,Antwerpseweg 195,2022-08-15,14:00:00,20,9,11,FMN GV 10 Beerse
39,Antwerpseweg 195,2022-08-15,15:00:00,29,14,15,FMN GV 10 Beerse
39,Antwerpseweg 195,2022-08-15,16:00:00,40,28,12,FMN GV 10 Beerse
39,Antwerpseweg 195,2022-08-15,17:00:00,22,19,3,FMN GV 10 Beerse
39,Antwerpseweg 195,2022-08-15,18:00:00,21,15,6,FMN GV 10 Beerse
39,Antwerpseweg 195,2022-08-15,19:00:00,10,8,2,FMN GV 10 Beerse
39,Antwerpseweg 195,2022-08-15,20:00:00,6,4,2,FMN GV 10 Beerse
39,Antwerpseweg 195,2022-08-15,21:00:00,6,3,3,FMN GV 10 Beerse
39,Antwerpseweg 195,2022-08-15,22:00:00,4,3,1,FMN GV 10 Beerse
39,Antwerpseweg 195,2022-08-15,23:00:00,1,1,0,FMN GV 10 Beerse
39,Antwerpseweg 195,2022-08-16,00:00:00,1,0,1,FMN GV 10 Beerse
39,Antwerpseweg 195,2022-08-16,01:00:00,1,1,0,FMN GV 10 Beerse
39,Antwerpseweg 195,2022-08-16,02:00:00,0,0,0,FMN GV 10 Beerse
39,Antwerpseweg 195,2022-08-16,03:00:00,0,0,0,FMN GV 10 Beerse
39,Antwerpseweg 195,2022-08-16,04:00:00,3,3,0,FMN GV 10 Beerse
39,Antwerpseweg 195,2022-08-16,05:00:00,13,13,0,FMN GV 10 Beerse
39,Antwerpseweg 195,2022-08-16,06:00:00,13,13,0,FMN GV 10 Beerse
39,Antwerpseweg 195,2022-08-16,07:00:00,42,38,4,FMN GV 10 Beerse
39,Antwerpseweg 195,2022-08-16,08:00:00,28,24,4,FMN GV 10 Beerse
39,Antwerpseweg 195,2022-08-16,09:00:00,12,8,4,FMN GV 10 Beerse
39,Antwerpseweg 195,2022-08-16,10:00:00,13,8,5,FMN GV 10 Beerse
39,Antwerpseweg 195,2022-08-16,11:00:00,22,14,8,FMN GV 10 Beerse
39,Antwerpseweg 195,2022-08-16,12:00:00,29,22,7,FMN GV 10 Beerse
39,Antwerpseweg 195,2022-08-16,13:00:00,50,33,17,FMN GV 10 Beerse
39,Antwerpseweg 195,2022-08-16,14:00:00,38,22,16,FMN GV 10 Beerse
39,Antwerpseweg 195,2022-08-16,15:00:00,49,39,10,FMN GV 10 Beerse
39,Antwerpseweg 195,2022-08-16,16:00:00,65,49,16,FMN GV 10 Beerse
39,Antwerpseweg 195,2022-08-16,17:00:00,42,32,10,FMN GV 10 Beerse
39,Antwerpseweg 195,2022-08-16,18:00:00,26,17,9,FMN GV 10 Beerse
39,Antwerpseweg 195,2022-08-16,19:00:00,18,13,5,FMN GV 10 Beerse
39,Antwerpseweg 195,2022-08-16,20:00:00,11,6,5,FMN GV 10 Beerse
39,Antwerpseweg 195,2022-08-16,21:00:00,6,5,1,FMN GV 10 Beerse
39,Antwerpseweg 195,2022-08-16,22:00:00,8,6,2,FMN GV 10 Beerse
39,Antwerpseweg 195,2022-08-16,23:00:00,0,0,0,FMN GV 10 Beerse
39,Antwerpseweg 195,2022-08-17,00:00:00,0,0,0,FMN GV 10 Beerse
39,Antwerpseweg 195,2022-08-17,01:00:00,0,0,0,FMN GV 10 Beerse
39,Antwerpseweg 195,2022-08-17,02:00:00,0,0,0,FMN GV 10 Beerse
39,Antwerpseweg 195,2022-08-17,03:00:00,0,0,0,FMN GV 10 Beerse
39,Antwerpseweg 195,2022-08-17,04:00:00,2,2,0,FMN GV 10 Beerse
39,Antwerpseweg 195,2022-08-17,05:00:00,8,8,0,FMN GV 10 Beerse
39,Antwerpseweg 195,2022-08-17,06:00:00,9,9,0,FMN GV 10 Beerse
39,Antwerpseweg 195,2022-08-17,07:00:00,22,17,5,FMN GV 10 Beerse
39,Antwerpseweg 195,2022-08-17,08:00:00,14,12,2,FMN GV 10 Beerse
39,Antwerpseweg 195,2022-08-17,09:00:00,8,5,3,FMN GV 10 Beerse
39,Antwerpseweg 195,2022-08-17,10:00:00,3,3,0,FMN GV 10 Beerse
39,Antwerpseweg 195,2022-08-17,11:00:00,10,5,5,FMN GV 10 Beerse
39,Antwerpseweg 195,2022-08-17,12:00:00,17,14,3,FMN GV 10 Beerse
39,Antwerpseweg 195,2022-08-17,13:00:00,25,17,8,FMN GV 10 Beerse
39,Antwerpseweg 195,2022-08-17,14:00:00,17,9,8,FMN GV 10 Beerse
39,Antwerpseweg 195,2022-08-17,15:00:00,26,18,8,FMN GV 10 Beerse
39,Antwerpseweg 195,2022-08-17,16:00:00,21,14,7,FMN GV 10 Beerse
39,Antwerpseweg 195,2022-08-17,17:00:00,26,19,7,FMN GV 10 Beerse
39,Antwerpseweg 195,2022-08-17,18:00:00,12,11,1,FMN GV 10 Beerse
39,Antwerpseweg 195,2022-08-17,19:00:00,9,7,2,FMN GV 10 Beerse
39,Antwerpseweg 195,2022-08-17,20:00:00,6,3,3,FMN GV 10 Beerse
39,Antwerpseweg 195,2022-08-17,21:00:00,1,1,0,FMN GV 10 Beerse
39,Antwerpseweg 195,2022-08-17,22:00:00,5,4,1,FMN GV 10 Beerse
39,Antwerpseweg 195,2022-08-17,23:00:00,0,0,0,FMN GV 10 Beerse
39,Antwerpseweg 195,2022-08-18,00:00:00,1,1,0,FMN GV 10 Beerse
39,Antwerpseweg 195,2022-08-18,01:00:00,2,2,0,FMN GV 10 Beerse
39,Antwerpseweg 195,2022-08-18,02:00:00,1,1,0,FMN GV 10 Beerse
39,Antwerpseweg 195,2022-08-18,03:00:00,0,0,0,FMN GV 10 Beerse
39,Antwerpseweg 195,2022-08-18,04:00:00,3,3,0,FMN GV 10 Beerse
39,Antwerpseweg 195,2022-08-18,05:00:00,13,13,0,FMN GV 10 Beerse
39,Antwerpseweg 195,2022-08-18,06:00:00,19,17,2,FMN GV 10 Beerse
39,Antwerpseweg 195,2022-08-18,07:00:00,42,38,4,FMN GV 10 Beerse
39,Antwerpseweg 195,2022-08-18,08:00:00,25,20,5,FMN GV 10 Beerse
39,Antwerpseweg 195,2022-08-18,09:00:00,18,8,10,FMN GV 10 Beerse
39,Antwerpseweg 195,2022-08-18,10:00:00,14,8,6,FMN GV 10 Beerse
39,Antwerpseweg 195,2022-08-18,11:00:00,20,13,7,FMN GV 10 Beerse
39,Antwerpseweg 195,2022-08-18,12:00:00,21,15,6,FMN GV 10 Beerse
39,Antwerpseweg 195,2022-08-18,13:00:00,38,23,15,FMN GV 10 Beerse
39,Antwerpseweg 195,2022-08-18,14:00:00,41,27,14,FMN GV 10 Beerse
39,Antwerpseweg 195,2022-08-18,15:00:00,47,30,17,FMN GV 10 Beerse
39,Antwerpseweg 195,2022-08-18,16:00:00,62,44,18,FMN GV 10 Beerse
39,Antwerpseweg 195,2022-08-18,17:00:00,40,28,12,FMN GV 10 Beerse
39,Antwerpseweg 195,2022-08-18,18:00:00,30,19,11,FMN GV 10 Beerse
39,Antwerpseweg 195,2022-08-18,19:00:00,22,13,9,FMN GV 10 Beerse
39,Antwerpseweg 195,2022-08-18,20:00:00,12,7,5,FMN GV 10 Beerse
39,Antwerpseweg 195,2022-08-18,21:00:00,7,6,1,FMN GV 10 Beerse
39,Antwerpseweg 195,2022-08-18,22:00:00,11,9,2,FMN GV 10 Beerse
39,Antwerpseweg 195,2022-08-18,23:00:00,3,2,1,FMN GV 10 Beerse
39,Antwerpseweg 195,2022-08-19,00:00:00,2,2,0,FMN GV 10 Beerse
39,Antwerpseweg 195,2022-08-19,01:00:00,0,0,0,FMN GV 10 Beerse
39,Antwerpseweg 195,2022-08-19,02:00:00,0,0,0,FMN GV 10 Beerse
39,Antwerpseweg 195,2022-08-19,03:00:00,0,0,0,FMN GV 10 Beerse
39,Antwerpseweg 195,2022-08-19,04:00:00,1,1,0,FMN GV 10 Beerse
39,Antwerpseweg 195,2022-08-19,05:00:00,9,9,0,FMN GV 10 Beerse
39,Antwerpseweg 195,2022-08-19,06:00:00,10,10,0,FMN GV 10 Beerse
39,Antwerpseweg 195,2022-08-19,07:00:00,29,27,2,FMN GV 10 Beerse
39,Antwerpseweg 195,2022-08-19,08:00:00,18,13,5,FMN GV 10 Beerse
39,Antwerpseweg 195,2022-08-19,09:00:00,9,7,2,FMN GV 10 Beerse
39,Antwerpseweg 195,2022-08-19,10:00:00,16,11,5,FMN GV 10 Beerse
39,Antwerpseweg 195,2022-08-19,11:00:00,10,6,4,FMN GV 10 Beerse
39,Antwerpseweg 195,2022-08-19,12:00:00,18,14,4,FMN GV 10 Beerse
39,Antwerpseweg 195,2022-08-19,13:00:00,22,14,8,FMN GV 10 Beerse
39,Antwerpseweg 195,2022-08-19,14:00:00,21,13,8,FMN GV 10 Beerse
39,Antwerpseweg 195,2022-08-19,15:00:00,39,24,15,FMN GV 10 Beerse
39,Antwerpseweg 195,2022-08-19,16:00:00,38,25,13,FMN GV 10 Beerse
39,Antwerpseweg 195,2022-08-19,17:00:00,22,12,10,FMN GV 10 Beerse
39,Antwerpseweg 195,2022-08-19,18:00:00,9,8,1,FMN GV 10 Beerse
39,Antwerpseweg 195,2022-08-19,19:00:00,11,7,4,FMN GV 10 Beerse
39,Antwerpseweg 195,2022-08-19,20:00:00,7,3,4,FMN GV 10 Beerse
39,Antwerpseweg 195,2022-08-19,21:00:00,5,3,2,FMN GV 10 Beerse
39,Antwerpseweg 195,2022-08-19,22:00:00,5,4,1,FMN GV 10 Beerse
39,Antwerpseweg 195,2022-08-19,23:00:00,3,2,1,FMN GV 10 Beerse
39,Antwerpseweg 195,2022-08-20,00:00:00,4,2,2,FMN GV 10 Beerse
39,Antwerpseweg 195,2022-08-20,01:00:00,2,2,0,FMN GV 10 Beerse
39,Antwerpseweg 195,2022-08-20,02:00:00,1,0,1,FMN GV 10 Beerse
39,Antwerpseweg 195,2022-08-20,03:00:00,7,6,1,FMN GV 10 Beerse
39,Antwerpseweg 195,2022-08-20,04:00:00,5,5,0,FMN GV 10 Beerse
39,Antwerpseweg 195,2022-08-20,05:00:00,6,6,0,FMN GV 10 Beerse
39,Antwerpseweg 195,2022-08-20,06:00:00,3,1,2,FMN GV 10 Beerse
39,Antwerpseweg 195,2022-08-20,07:00:00,3,2,1,FMN GV 10 Beerse
39,Antwerpseweg 195,2022-08-20,08:00:00,9,6,3,FMN GV 10 Beerse
39,Antwerpseweg 195,2022-08-20,09:00:00,20,8,12,FMN GV 10 Beerse
39,Antwerpseweg 195,2022-08-20,10:00:00,34,23,11,FMN GV 10 Beerse
39,Antwerpseweg 195,2022-08-20,11:00:00,30,21,9,FMN GV 10 Beerse
39,Antwerpseweg 195,2022-08-20,12:00:00,38,28,10,FMN GV 10 Beerse
39,Antwerpseweg 195,2022-08-20,13:00:00,39,26,13,FMN GV 10 Beerse
39,Antwerpseweg 195,2022-08-20,14:00:00,51,37,14,FMN GV 10 Beerse
39,Antwerpseweg 195,2022-08-20,15:00:00,51,36,15,FMN GV 10 Beerse
39,Antwerpseweg 195,2022-08-20,16:00:00,39,25,14,FMN GV 10 Beerse
39,Antwerpseweg 195,2022-08-20,17:00:00,28,19,9,FMN GV 10 Beerse
39,Antwerpseweg 195,2022-08-20,18:00:00,16,12,4,FMN GV 10 Beerse
39,Antwerpseweg 195,2022-08-20,19:00:00,20,9,11,FMN GV 10 Beerse
39,Antwerpseweg 195,2022-08-20,20:00:00,15,9,6,FMN GV 10 Beerse
39,Antwerpseweg 195,2022-08-20,21:00:00,8,6,2,FMN GV 10 Beerse
39,Antwerpseweg 195,2022-08-20,22:00:00,4,2,2,FMN GV 10 Beerse
39,Antwerpseweg 195,2022-08-20,23:00:00,3,1,2,FMN GV 10 Beerse
39,Antwerpseweg 195,2022-08-21,00:00:00,4,3,1,FMN GV 10 Beerse
39,Antwerpseweg 195,2022-08-21,01:00:00,4,3,1,FMN GV 10 Beerse
39,Antwerpseweg 195,2022-08-21,02:00:00,6,4,2,FMN GV 10 Beerse
39,Antwerpseweg 195,2022-08-21,03:00:00,7,4,3,FMN GV 10 Beerse
39,Antwerpseweg 195,2022-08-21,04:00:00,0,0,0,FMN GV 10 Beerse
39,Antwerpseweg 195,2022-08-21,05:00:00,1,1,0,FMN GV 10 Beerse
39,Antwerpseweg 195,2022-08-21,06:00:00,0,0,0,FMN GV 10 Beerse
39,Antwerpseweg 195,2022-08-21,07:00:00,4,4,0,FMN GV 10 Beerse
39,Antwerpseweg 195,2022-08-21,08:00:00,11,9,2,FMN GV 10 Beerse
39,Antwerpseweg 195,2022-08-21,09:00:00,20,13,7,FMN GV 10 Beerse
39,Antwerpseweg 195,2022-08-21,10:00:00,45,30,15,FMN GV 10 Beerse
39,Antwerpseweg 195,2022-08-21,11:00:00,60,37,23,FMN GV 10 Beerse
39,Antwerpseweg 195,2022-08-21,12:00:00,37,22,15,FMN GV 10 Beerse
39,Antwerpseweg 195,2022-08-21,13:00:00,57,42,15,FMN GV 10 Beerse
39,Antwerpseweg 195,2022-08-21,14:00:00,62,38,24,FMN GV 10 Beerse
39,Antwerpseweg 195,2022-08-21,15:00:00,57,40,17,FMN GV 10 Beerse
39,Antwerpseweg 195,2022-08-21,16:00:00,39,26,13,FMN GV 10 Beerse
39,Antwerpseweg 195,2022-08-21,17:00:00,36,23,13,FMN GV 10 Beerse
39,Antwerpseweg 195,2022-08-21,18:00:00,21,15,6,FMN GV 10 Beerse
39,Antwerpseweg 195,2022-08-21,19:00:00,11,8,3,FMN GV 10 Beerse
39,Antwerpseweg 195,2022-08-21,20:00:00,12,8,4,FMN GV 10 Beerse
39,Antwerpseweg 195,2022-08-21,21:00:00,7,4,3,FMN GV 10 Beerse
39,Antwerpseweg 195,2022-08-21,22:00:00,5,5,0,FMN GV 10 Beerse
39,Antwerpseweg 195,2022-08-21,23:00:00,1,0,1,FMN GV 10 Beerse
39,Antwerpseweg 195,2022-08-22,00:00:00,0,0,0,FMN GV 10 Beerse
39,Antwerpseweg 195,2022-08-22,01:00:00,1,1,0,FMN GV 10 Beerse
39,Antwerpseweg 195,2022-08-22,02:00:00,0,0,0,FMN GV 10 Beerse
39,Antwerpseweg 195,2022-08-22,03:00:00,1,1,0,FMN GV 10 Beerse
39,Antwerpseweg 195,2022-08-22,04:00:00,1,1,0,FMN GV 10 Beerse
39,Antwerpseweg 195,2022-08-22,05:00:00,11,10,1,FMN GV 10 Beerse
39,Antwerpseweg 195,2022-08-22,06:00:00,12,11,1,FMN GV 10 Beerse
39,Antwerpseweg 195,2022-08-22,07:00:00,45,39,6,FMN GV 10 Beerse
39,Antwerpseweg 195,2022-08-22,08:00:00,29,25,4,FMN GV 10 Beerse
39,Antwerpseweg 195,2022-08-22,09:00:00,10,9,1,FMN GV 10 Beerse
39,Antwerpseweg 195,2022-08-22,10:00:00,13,11,2,FMN GV 10 Beerse
39,Antwerpseweg 195,2022-08-22,11:00:00,21,13,8,FMN GV 10 Beerse
39,Antwerpseweg 195,2022-08-22,12:00:00,20,12,8,FMN GV 10 Beerse
39,Antwerpseweg 195,2022-08-22,13:00:00,36,26,10,FMN GV 10 Beerse
39,Antwerpseweg 195,2022-08-22,14:00:00,37,20,17,FMN GV 10 Beerse
39,Antwerpseweg 195,2022-08-22,15:00:00,50,36,14,FMN GV 10 Beerse
39,Antwerpseweg 195,2022-08-22,16:00:00,49,33,16,FMN GV 10 Beerse
39,Antwerpseweg 195,2022-08-22,17:00:00,41,31,10,FMN GV 10 Beerse
39,Antwerpseweg 195,2022-08-22,18:00:00,15,10,5,FMN GV 10 Beerse
39,Antwerpseweg 195,2022-08-22,19:00:00,16,12,4,FMN GV 10 Beerse
39,Antwerpseweg 195,2022-08-22,20:00:00,9,5,4,FMN GV 10 Beerse
39,Antwerpseweg 195,2022-08-22,21:00:00,9,8,1,FMN GV 10 Beerse
39,Antwerpseweg 195,2022-08-22,22:00:00,9,4,5,FMN GV 10 Beerse
39,Antwerpseweg 195,2022-08-22,23:00:00,1,1,0,FMN GV 10 Beerse
39,Antwerpseweg 195,2022-08-23,00:00:00,0,0,0,FMN GV 10 Beerse
39,Antwerpseweg 195,2022-08-23,01:00:00,1,1,0,FMN GV 10 Beerse
39,Antwerpseweg 195,2022-08-23,02:00:00,0,0,0,FMN GV 10 Beerse
39,Antwerpseweg 195,2022-08-23,03:00:00,0,0,0,FMN GV 10 Beerse
39,Antwerpseweg 195,2022-08-23,04:00:00,4,3,1,FMN GV 10 Beerse
39,Antwerpseweg 195,2022-08-23,05:00:00,12,11,1,FMN GV 10 Beerse
39,Antwerpseweg 195,2022-08-23,06:00:00,17,16,1,FMN GV 10 Beerse
39,Antwerpseweg 195,2022-08-23,07:00:00,53,43,10,FMN GV 10 Beerse
39,Antwerpseweg 195,2022-08-23,08:00:00,41,32,9,FMN GV 10 Beerse
39,Antwerpseweg 195,2022-08-23,09:00:00,23,18,5,FMN GV 10 Beerse
39,Antwerpseweg 195,2022-08-23,10:00:00,18,12,6,FMN GV 10 Beerse
39,Antwerpseweg 195,2022-08-23,11:00:00,17,11,6,FMN GV 10 Beerse
39,Antwerpseweg 195,2022-08-23,12:00:00,34,23,11,FMN GV 10 Beerse
39,Antwerpseweg 195,2022-08-23,13:00:00,42,23,19,FMN GV 10 Beerse
39,Antwerpseweg 195,2022-08-23,14:00:00,47,28,19,FMN GV 10 Beerse
39,Antwerpseweg 195,2022-08-23,15:00:00,57,39,18,FMN GV 10 Beerse
39,Antwerpseweg 195,2022-08-23,16:00:00,75,51,24,FMN GV 10 Beerse
39,Antwerpseweg 195,2022-08-23,17:00:00,36,24,12,FMN GV 10 Beerse
39,Antwerpseweg 195,2022-08-23,18:00:00,20,11,9,FMN GV 10 Beerse
39,Antwerpseweg 195,2022-08-23,19:00:00,19,12,7,FMN GV 10 Beerse
39,Antwerpseweg 195,2022-08-23,20:00:00,11,6,5,FMN GV 10 Beerse
39,Antwerpseweg 195,2022-08-23,21:00:00,10,5,5,FMN GV 10 Beerse
39,Antwerpseweg 195,2022-08-23,22:00:00,10,6,4,FMN GV 10 Beerse
39,Antwerpseweg 195,2022-08-23,23:00:00,0,0,0,FMN GV 10 Beerse
39,Antwerpseweg 195,2022-08-24,00:00:00,0,0,0,FMN GV 10 Beerse
39,Antwerpseweg 195,2022-08-24,01:00:00,0,0,0,FMN GV 10 Beerse
39,Antwerpseweg 195,2022-08-24,02:00:00,0,0,0,FMN GV 10 Beerse
39,Antwerpseweg 195,2022-08-24,03:00:00,1,1,0,FMN GV 10 Beerse
39,Antwerpseweg 195,2022-08-24,04:00:00,3,3,0,FMN GV 10 Beerse
39,Antwerpseweg 195,2022-08-24,05:00:00,14,14,0,FMN GV 10 Beerse
39,Antwerpseweg 195,2022-08-24,06:00:00,12,11,1,FMN GV 10 Beerse
39,Antwerpseweg 195,2022-08-24,07:00:00,48,39,9,FMN GV 10 Beerse
39,Antwerpseweg 195,2022-08-24,08:00:00,27,24,3,FMN GV 10 Beerse
39,Antwerpseweg 195,2022-08-24,09:00:00,24,16,8,FMN GV 10 Beerse
39,Antwerpseweg 195,2022-08-24,10:00:00,18,13,5,FMN GV 10 Beerse
39,Antwerpseweg 195,2022-08-24,11:00:00,27,16,11,FMN GV 10 Beerse
39,Antwerpseweg 195,2022-08-24,12:00:00,39,29,10,FMN GV 10 Beerse
39,Antwerpseweg 195,2022-08-24,13:00:00,55,35,20,FMN GV 10 Beerse
39,Antwerpseweg 195,2022-08-24,14:00:00,54,42,12,FMN GV 10 Beerse
39,Antwerpseweg 195,2022-08-24,15:00:00,41,22,19,FMN GV 10 Beerse
39,Antwerpseweg 195,2022-08-24,16:00:00,64,42,22,FMN GV 10 Beerse
39,Antwerpseweg 195,2022-08-24,17:00:00,47,29,18,FMN GV 10 Beerse
39,Antwerpseweg 195,2022-08-24,18:00:00,27,21,6,FMN GV 10 Beerse
39,Antwerpseweg 195,2022-08-24,19:00:00,19,10,9,FMN GV 10 Beerse
39,Antwerpseweg 195,2022-08-24,20:00:00,15,9,6,FMN GV 10 Beerse
39,Antwerpseweg 195,2022-08-24,21:00:00,4,4,0,FMN GV 10 Beerse
39,Antwerpseweg 195,2022-08-24,22:00:00,7,6,1,FMN GV 10 Beerse
39,Antwerpseweg 195,2022-08-24,23:00:00,4,3,1,FMN GV 10 Beerse
39,Antwerpseweg 195,2022-08-25,00:00:00,0,0,0,FMN GV 10 Beerse
39,Antwerpseweg 195,2022-08-25,01:00:00,1,1,0,FMN GV 10 Beerse
39,Antwerpseweg 195,2022-08-25,02:00:00,0,0,0,FMN GV 10 Beerse
39,Antwerpseweg 195,2022-08-25,03:00:00,0,0,0,FMN GV 10 Beerse
39,Antwerpseweg 195,2022-08-25,04:00:00,1,1,0,FMN GV 10 Beerse
39,Antwerpseweg 195,2022-08-25,05:00:00,11,11,0,FMN GV 10 Beerse
39,Antwerpseweg 195,2022-08-25,06:00:00,13,11,2,FMN GV 10 Beerse
39,Antwerpseweg 195,2022-08-25,07:00:00,47,40,7,FMN GV 10 Beerse
39,Antwerpseweg 195,2022-08-25,08:00:00,39,29,10,FMN GV 10 Beerse
39,Antwerpseweg 195,2022-08-25,09:00:00,10,8,2,FMN GV 10 Beerse
39,Antwerpseweg 195,2022-08-25,10:00:00,21,16,5,FMN GV 10 Beerse
39,Antwerpseweg 195,2022-08-25,11:00:00,26,19,7,FMN GV 10 Beerse
39,Antwerpseweg 195,2022-08-25,12:00:00,29,17,12,FMN GV 10 Beerse
39,Antwerpseweg 195,2022-08-25,13:00:00,33,27,6,FMN GV 10 Beerse
39,Antwerpseweg 195,2022-08-25,14:00:00,30,23,7,FMN GV 10 Beerse
39,Antwerpseweg 195,2022-08-25,15:00:00,53,36,17,FMN GV 10 Beerse
39,Antwerpseweg 195,2022-08-25,16:00:00,67,46,21,FMN GV 10 Beerse
39,Antwerpseweg 195,2022-08-25,17:00:00,42,26,16,FMN GV 10 Beerse
39,Antwerpseweg 195,2022-08-25,18:00:00,34,18,16,FMN GV 10 Beerse
39,Antwerpseweg 195,2022-08-25,19:00:00,22,12,10,FMN GV 10 Beerse
39,Antwerpseweg 195,2022-08-25,20:00:00,6,4,2,FMN GV 10 Beerse
39,Antwerpseweg 195,2022-08-25,21:00:00,11,8,3,FMN GV 10 Beerse
39,Antwerpseweg 195,2022-08-25,22:00:00,11,9,2,FMN GV 10 Beerse
39,Antwerpseweg 195,2022-08-25,23:00:00,2,1,1,FMN GV 10 Beerse
39,Antwerpseweg 195,2022-08-26,00:00:00,1,1,0,FMN GV 10 Beerse
39,Antwerpseweg 195,2022-08-26,01:00:00,0,0,0,FMN GV 10 Beerse
39,Antwerpseweg 195,2022-08-26,02:00:00,0,0,0,FMN GV 10 Beerse
39,Antwerpseweg 195,2022-08-26,03:00:00,0,0,0,FMN GV 10 Beerse
39,Antwerpseweg 195,2022-08-26,04:00:00,3,3,0,FMN GV 10 Beerse
39,Antwerpseweg 195,2022-08-26,05:00:00,12,12,0,FMN GV 10 Beerse
39,Antwerpseweg 195,2022-08-26,06:00:00,9,8,1,FMN GV 10 Beerse
39,Antwerpseweg 195,2022-08-26,07:00:00,36,32,4,FMN GV 10 Beerse
39,Antwerpseweg 195,2022-08-26,08:00:00,22,15,7,FMN GV 10 Beerse
39,Antwerpseweg 195,2022-08-26,09:00:00,15,10,5,FMN GV 10 Beerse
39,Antwerpseweg 195,2022-08-26,10:00:00,20,15,5,FMN GV 10 Beerse
39,Antwerpseweg 195,2022-08-26,11:00:00,24,18,6,FMN GV 10 Beerse
39,Antwerpseweg 195,2022-08-26,12:00:00,20,16,4,FMN GV 10 Beerse
39,Antwerpseweg 195,2022-08-26,13:00:00,34,20,14,FMN GV 10 Beerse
39,Antwerpseweg 195,2022-08-26,14:00:00,32,19,13,FMN GV 10 Beerse
39,Antwerpseweg 195,2022-08-26,15:00:00,40,28,12,FMN GV 10 Beerse
39,Antwerpseweg 195,2022-08-26,16:00:00,41,28,13,FMN GV 10 Beerse
39,Antwerpseweg 195,2022-08-26,17:00:00,27,20,7,FMN GV 10 Beerse
39,Antwerpseweg 195,2022-08-26,18:00:00,17,13,4,FMN GV 10 Beerse
39,Antwerpseweg 195,2022-08-26,19:00:00,18,13,5,FMN GV 10 Beerse
39,Antwerpseweg 195,2022-08-26,20:00:00,9,5,4,FMN GV 10 Beerse
39,Antwerpseweg 195,2022-08-26,21:00:00,6,5,1,FMN GV 10 Beerse
39,Antwerpseweg 195,2022-08-26,22:00:00,5,3,2,FMN GV 10 Beerse
39,Antwerpseweg 195,2022-08-26,23:00:00,1,1,0,FMN GV 10 Beerse
39,Antwerpseweg 195,2022-08-27,00:00:00,1,0,1,FMN GV 10 Beerse
39,Antwerpseweg 195,2022-08-27,01:00:00,2,0,2,FMN GV 10 Beerse
39,Antwerpseweg 195,2022-08-27,02:00:00,2,2,0,FMN GV 10 Beerse
39,Antwerpseweg 195,2022-08-27,03:00:00,2,2,0,FMN GV 10 Beerse
39,Antwerpseweg 195,2022-08-27,04:00:00,4,3,1,FMN GV 10 Beerse
39,Antwerpseweg 195,2022-08-27,05:00:00,2,2,0,FMN GV 10 Beerse
39,Antwerpseweg 195,2022-08-27,06:00:00,4,4,0,FMN GV 10 Beerse
39,Antwerpseweg 195,2022-08-27,07:00:00,3,2,1,FMN GV 10 Beerse
39,Antwerpseweg 195,2022-08-27,08:00:00,9,6,3,FMN GV 10 Beerse
39,Antwerpseweg 195,2022-08-27,09:00:00,16,6,10,FMN GV 10 Beerse
39,Antwerpseweg 195,2022-08-27,10:00:00,24,18,6,FMN GV 10 Beerse
39,Antwerpseweg 195,2022-08-27,11:00:00,23,17,6,FMN GV 10 Beerse
39,Antwerpseweg 195,2022-08-27,12:00:00,33,23,10,FMN GV 10 Beerse
39,Antwerpseweg 195,2022-08-27,13:00:00,45,28,17,FMN GV 10 Beerse
39,Antwerpseweg 195,2022-08-27,14:00:00,47,30,17,FMN GV 10 Beerse
39,Antwerpseweg 195,2022-08-27,15:00:00,56,41,15,FMN GV 10 Beerse
39,Antwerpseweg 195,2022-08-27,16:00:00,40,22,18,FMN GV 10 Beerse
39,Antwerpseweg 195,2022-08-27,17:00:00,25,15,10,FMN GV 10 Beerse
39,Antwerpseweg 195,2022-08-27,18:00:00,17,11,6,FMN GV 10 Beerse
39,Antwerpseweg 195,2022-08-27,19:00:00,18,7,11,FMN GV 10 Beerse
39,Antwerpseweg 195,2022-08-27,20:00:00,11,6,5,FMN GV 10 Beerse
39,Antwerpseweg 195,2022-08-27,21:00:00,7,4,3,FMN GV 10 Beerse
39,Antwerpseweg 195,2022-08-27,22:00:00,7,6,1,FMN GV 10 Beerse
39,Antwerpseweg 195,2022-08-27,23:00:00,5,2,3,FMN GV 10 Beerse
39,Antwerpseweg 195,2022-08-28,00:00:00,0,0,0,FMN GV 10 Beerse
39,Antwerpseweg 195,2022-08-28,01:00:00,5,4,1,FMN GV 10 Beerse
39,Antwerpseweg 195,2022-08-28,02:00:00,4,2,2,FMN GV 10 Beerse
39,Antwerpseweg 195,2022-08-28,03:00:00,5,4,1,FMN GV 10 Beerse
39,Antwerpseweg 195,2022-08-28,04:00:00,3,2,1,FMN GV 10 Beerse
39,Antwerpseweg 195,2022-08-28,05:00:00,2,2,0,FMN GV 10 Beerse
39,Antwerpseweg 195,2022-08-28,06:00:00,1,1,0,FMN GV 10 Beerse
39,Antwerpseweg 195,2022-08-28,07:00:00,6,4,2,FMN GV 10 Beerse
39,Antwerpseweg 195,2022-08-28,08:00:00,14,8,6,FMN GV 10 Beerse
39,Antwerpseweg 195,2022-08-28,09:00:00,24,16,8,FMN GV 10 Beerse
39,Antwerpseweg 195,2022-08-28,10:00:00,41,31,10,FMN GV 10 Beerse
39,Antwerpseweg 195,2022-08-28,11:00:00,43,24,19,FMN GV 10 Beerse
39,Antwerpseweg 195,2022-08-28,12:00:00,42,29,13,FMN GV 10 Beerse
39,Antwerpseweg 195,2022-08-28,13:00:00,55,38,17,FMN GV 10 Beerse
39,Antwerpseweg 195,2022-08-28,14:00:00,60,40,20,FMN GV 10 Beerse
39,Antwerpseweg 195,2022-08-28,15:00:00,49,32,17,FMN GV 10 Beerse
39,Antwerpseweg 195,2022-08-28,16:00:00,44,30,14,FMN GV 10 Beerse
39,Antwerpseweg 195,2022-08-28,17:00:00,32,26,6,FMN GV 10 Beerse
39,Antwerpseweg 195,2022-08-28,18:00:00,23,11,12,FMN GV 10 Beerse
39,Antwerpseweg 195,2022-08-28,19:00:00,20,16,4,FMN GV 10 Beerse
39,Antwerpseweg 195,2022-08-28,20:00:00,14,8,6,FMN GV 10 Beerse
39,Antwerpseweg 195,2022-08-28,21:00:00,7,5,2,FMN GV 10 Beerse
39,Antwerpseweg 195,2022-08-28,22:00:00,2,1,1,FMN GV 10 Beerse
39,Antwerpseweg 195,2022-08-28,23:00:00,3,0,3,FMN GV 10 Beerse
39,Antwerpseweg 195,2022-08-29,00:00:00,1,1,0,FMN GV 10 Beerse
39,Antwerpseweg 195,2022-08-29,01:00:00,1,1,0,FMN GV 10 Beerse
39,Antwerpseweg 195,2022-08-29,02:00:00,0,0,0,FMN GV 10 Beerse
39,Antwerpseweg 195,2022-08-29,03:00:00,0,0,0,FMN GV 10 Beerse
39,Antwerpseweg 195,2022-08-29,04:00:00,3,2,1,FMN GV 10 Beerse
39,Antwerpseweg 195,2022-08-29,05:00:00,18,18,0,FMN GV 10 Beerse
39,Antwerpseweg 195,2022-08-29,06:00:00,18,18,0,FMN GV 10 Beerse
39,Antwerpseweg 195,2022-08-29,07:00:00,51,44,7,FMN GV 10 Beerse
39,Antwerpseweg 195,2022-08-29,08:00:00,29,24,5,FMN GV 10 Beerse
39,Antwerpseweg 195,2022-08-29,09:00:00,7,6,1,FMN GV 10 Beerse
39,Antwerpseweg 195,2022-08-29,10:00:00,15,8,7,FMN GV 10 Beerse
39,Antwerpseweg 195,2022-08-29,11:00:00,19,13,6,FMN GV 10 Beerse
39,Antwerpseweg 195,2022-08-29,12:00:00,21,16,5,FMN GV 10 Beerse
39,Antwerpseweg 195,2022-08-29,13:00:00,44,36,8,FMN GV 10 Beerse
39,Antwerpseweg 195,2022-08-29,14:00:00,33,21,12,FMN GV 10 Beerse
39,Antwerpseweg 195,2022-08-29,15:00:00,51,30,21,FMN GV 10 Beerse
39,Antwerpseweg 195,2022-08-29,16:00:00,70,47,23,FMN GV 10 Beerse
39,Antwerpseweg 195,2022-08-29,17:00:00,47,31,16,FMN GV 10 Beerse
39,Antwerpseweg 195,2022-08-29,18:00:00,20,14,6,FMN GV 10 Beerse
39,Antwerpseweg 195,2022-08-29,19:00:00,14,8,6,FMN GV 10 Beerse
39,Antwerpseweg 195,2022-08-29,20:00:00,8,4,4,FMN GV 10 Beerse
39,Antwerpseweg 195,2022-08-29,21:00:00,7,4,3,FMN GV 10 Beerse
39,Antwerpseweg 195,2022-08-29,22:00:00,6,2,4,FMN GV 10 Beerse
39,Antwerpseweg 195,2022-08-29,23:00:00,1,1,0,FMN GV 10 Beerse
39,Antwerpseweg 195,2022-08-30,00:00:00,3,2,1,FMN GV 10 Beerse
39,Antwerpseweg 195,2022-08-30,01:00:00,1,1,0,FMN GV 10 Beerse
39,Antwerpseweg 195,2022-08-30,02:00:00,0,0,0,FMN GV 10 Beerse
39,Antwerpseweg 195,2022-08-30,03:00:00,0,0,0,FMN GV 10 Beerse
39,Antwerpseweg 195,2022-08-30,04:00:00,2,2,0,FMN GV 10 Beerse
39,Antwerpseweg 195,2022-08-30,05:00:00,11,10,1,FMN GV 10 Beerse
39,Antwerpseweg 195,2022-08-30,06:00:00,17,15,2,FMN GV 10 Beerse
39,Antwerpseweg 195,2022-08-30,07:00:00,47,41,6,FMN GV 10 Beerse
39,Antwerpseweg 195,2022-08-30,08:00:00,27,24,3,FMN GV 10 Beerse
39,Antwerpseweg 195,2022-08-30,09:00:00,21,14,7,FMN GV 10 Beerse
39,Antwerpseweg 195,2022-08-30,10:00:00,20,12,8,FMN GV 10 Beerse
39,Antwerpseweg 195,2022-08-30,11:00:00,18,12,6,FMN GV 10 Beerse
39,Antwerpseweg 195,2022-08-30,12:00:00,25,17,8,FMN GV 10 Beerse
39,Antwerpseweg 195,2022-08-30,13:00:00,35,21,14,FMN GV 10 Beerse
39,Antwerpseweg 195,2022-08-30,14:00:00,51,36,15,FMN GV 10 Beerse
39,Antwerpseweg 195,2022-08-30,15:00:00,56,34,22,FMN GV 10 Beerse
39,Antwerpseweg 195,2022-08-30,16:00:00,81,55,26,FMN GV 10 Beerse
39,Antwerpseweg 195,2022-08-30,17:00:00,54,37,17,FMN GV 10 Beerse
39,Antwerpseweg 195,2022-08-30,18:00:00,33,17,16,FMN GV 10 Beerse
39,Antwerpseweg 195,2022-08-30,19:00:00,19,13,6,FMN GV 10 Beerse
39,Antwerpseweg 195,2022-08-30,20:00:00,14,10,4,FMN GV 10 Beerse
39,Antwerpseweg 195,2022-08-30,21:00:00,11,10,1,FMN GV 10 Beerse
39,Antwerpseweg 195,2022-08-30,22:00:00,7,6,1,FMN GV 10 Beerse
39,Antwerpseweg 195,2022-08-30,23:00:00,0,0,0,FMN GV 10 Beerse
39,Antwerpseweg 195,2022-08-31,00:00:00,1,1,0,FMN GV 10 Beerse
39,Antwerpseweg 195,2022-08-31,01:00:00,0,0,0,FMN GV 10 Beerse
39,Antwerpseweg 195,2022-08-31,02:00:00,0,0,0,FMN GV 10 Beerse
39,Antwerpseweg 195,2022-08-31,03:00:00,0,0,0,FMN GV 10 Beerse
39,Antwerpseweg 195,2022-08-31,04:00:00,0,0,0,FMN GV 10 Beerse
39,Antwerpseweg 195,2022-08-31,05:00:00,12,12,0,FMN GV 10 Beerse
39,Antwerpseweg 195,2022-08-31,06:00:00,20,16,4,FMN GV 10 Beerse
39,Antwerpseweg 195,2022-08-31,07:00:00,63,54,9,FMN GV 10 Beerse
39,Antwerpseweg 195,2022-08-31,08:00:00,36,29,7,FMN GV 10 Beerse
39,Antwerpseweg 195,2022-08-31,09:00:00,16,12,4,FMN GV 10 Beerse
39,Antwerpseweg 195,2022-08-31,10:00:00,12,7,5,FMN GV 10 Beerse
39,Antwerpseweg 195,2022-08-31,11:00:00,29,20,9,FMN GV 10 Beerse
39,Antwerpseweg 195,2022-08-31,12:00:00,46,35,11,FMN GV 10 Beerse
39,Antwerpseweg 195,2022-08-31,13:00:00,53,37,16,FMN GV 10 Beerse
39,Antwerpseweg 195,2022-08-31,14:00:00,44,28,16,FMN GV 10 Beerse
39,Antwerpseweg 195,2022-08-31,15:00:00,40,29,11,FMN GV 10 Beerse
39,Antwerpseweg 195,2022-08-31,16:00:00,47,32,15,FMN GV 10 Beerse
39,Antwerpseweg 195,2022-08-31,17:00:00,46,30,16,FMN GV 10 Beerse
39,Antwerpseweg 195,2022-08-31,18:00:00,28,21,7,FMN GV 10 Beerse
39,Antwerpseweg 195,2022-08-31,19:00:00,23,13,10,FMN GV 10 Beerse
39,Antwerpseweg 195,2022-08-31,20:00:00,7,4,3,FMN GV 10 Beerse
39,Antwerpseweg 195,2022-08-31,21:00:00,6,6,0,FMN GV 10 Beerse
39,Antwerpseweg 195,2022-08-31,22:00:00,7,4,3,FMN GV 10 Beerse
39,Antwerpseweg 195,2022-08-31,23:00:00,1,1,0,FMN GV 10 Beerse
39,Antwerpseweg 195,2022-09-01,00:00:00,3,3,0,FMN GV 10 Beerse
39,Antwerpseweg 195,2022-09-01,01:00:00,0,0,0,FMN GV 10 Beerse
39,Antwerpseweg 195,2022-09-01,02:00:00,1,1,0,FMN GV 10 Beerse
39,Antwerpseweg 195,2022-09-01,03:00:00,1,1,0,FMN GV 10 Beerse
39,Antwerpseweg 195,2022-09-01,04:00:00,2,1,1,FMN GV 10 Beerse
39,Antwerpseweg 195,2022-09-01,05:00:00,21,20,1,FMN GV 10 Beerse
39,Antwerpseweg 195,2022-09-01,06:00:00,18,14,4,FMN GV 10 Beerse
39,Antwerpseweg 195,2022-09-01,07:00:00,53,45,8,FMN GV 10 Beerse
39,Antwerpseweg 195,2022-09-01,08:00:00,36,25,11,FMN GV 10 Beerse
39,Antwerpseweg 195,2022-09-01,09:00:00,16,14,2,FMN GV 10 Beerse
39,Antwerpseweg 195,2022-09-01,10:00:00,17,12,5,FMN GV 10 Beerse
39,Antwerpseweg 195,2022-09-01,11:00:00,29,22,7,FMN GV 10 Beerse
39,Antwerpseweg 195,2022-09-01,12:00:00,41,31,10,FMN GV 10 Beerse
39,Antwerpseweg 195,2022-09-01,13:00:00,47,29,18,FMN GV 10 Beerse
39,Antwerpseweg 195,2022-09-01,14:00:00,62,48,14,FMN GV 10 Beerse
39,Antwerpseweg 195,2022-09-01,15:00:00,68,48,20,FMN GV 10 Beerse
39,Antwerpseweg 195,2022-09-01,16:00:00,83,55,28,FMN GV 10 Beerse
39,Antwerpseweg 195,2022-09-01,17:00:00,58,40,18,FMN GV 10 Beerse
39,Antwerpseweg 195,2022-09-01,18:00:00,31,21,10,FMN GV 10 Beerse
39,Antwerpseweg 195,2022-09-01,19:00:00,26,15,11,FMN GV 10 Beerse
39,Antwerpseweg 195,2022-09-01,20:00:00,17,10,7,FMN GV 10 Beerse
39,Antwerpseweg 195,2022-09-01,21:00:00,9,6,3,FMN GV 10 Beerse
39,Antwerpseweg 195,2022-09-01,22:00:00,16,14,2,FMN GV 10 Beerse
39,Antwerpseweg 195,2022-09-01,23:00:00,1,1,0,FMN GV 10 Beerse
39,Antwerpseweg 195,2022-09-02,00:00:00,1,1,0,FMN GV 10 Beerse
39,Antwerpseweg 195,2022-09-02,01:00:00,4,3,1,FMN GV 10 Beerse
39,Antwerpseweg 195,2022-09-02,02:00:00,0,0,0,FMN GV 10 Beerse
39,Antwerpseweg 195,2022-09-02,03:00:00,0,0,0,FMN GV 10 Beerse
39,Antwerpseweg 195,2022-09-02,04:00:00,1,1,0,FMN GV 10 Beerse
39,Antwerpseweg 195,2022-09-02,05:00:00,16,14,2,FMN GV 10 Beerse
39,Antwerpseweg 195,2022-09-02,06:00:00,22,18,4,FMN GV 10 Beerse
39,Antwerpseweg 195,2022-09-02,07:00:00,64,50,14,FMN GV 10 Beerse
39,Antwerpseweg 195,2022-09-02,08:00:00,41,32,9,FMN GV 10 Beerse
39,Antwerpseweg 195,2022-09-02,09:00:00,25,14,11,FMN GV 10 Beerse
39,Antwerpseweg 195,2022-09-02,10:00:00,19,15,4,FMN GV 10 Beerse
39,Antwerpseweg 195,2022-09-02,11:00:00,25,21,4,FMN GV 10 Beerse
39,Antwerpseweg 195,2022-09-02,12:00:00,34,25,9,FMN GV 10 Beerse
39,Antwerpseweg 195,2022-09-02,13:00:00,41,24,17,FMN GV 10 Beerse
39,Antwerpseweg 195,2022-09-02,14:00:00,54,31,23,FMN GV 10 Beerse
39,Antwerpseweg 195,2022-09-02,15:00:00,62,48,14,FMN GV 10 Beerse
39,Antwerpseweg 195,2022-09-02,16:00:00,75,52,23,FMN GV 10 Beerse
39,Antwerpseweg 195,2022-09-02,17:00:00,35,28,7,FMN GV 10 Beerse
39,Antwerpseweg 195,2022-09-02,18:00:00,27,18,9,FMN GV 10 Beerse
39,Antwerpseweg 195,2022-09-02,19:00:00,15,10,5,FMN GV 10 Beerse
39,Antwerpseweg 195,2022-09-02,20:00:00,15,8,7,FMN GV 10 Beerse
39,Antwerpseweg 195,2022-09-02,21:00:00,8,5,3,FMN GV 10 Beerse
39,Antwerpseweg 195,2022-09-02,22:00:00,6,4,2,FMN GV 10 Beerse
39,Antwerpseweg 195,2022-09-02,23:00:00,3,2,1,FMN GV 10 Beerse
39,Antwerpseweg 195,2022-09-03,00:00:00,4,3,1,FMN GV 10 Beerse
39,Antwerpseweg 195,2022-09-03,01:00:00,1,1,0,FMN GV 10 Beerse
39,Antwerpseweg 195,2022-09-03,02:00:00,2,1,1,FMN GV 10 Beerse
39,Antwerpseweg 195,2022-09-03,03:00:00,1,0,1,FMN GV 10 Beerse
39,Antwerpseweg 195,2022-09-03,04:00:00,2,2,0,FMN GV 10 Beerse
39,Antwerpseweg 195,2022-09-03,05:00:00,0,0,0,FMN GV 10 Beerse
39,Antwerpseweg 195,2022-09-03,06:00:00,1,1,0,FMN GV 10 Beerse
39,Antwerpseweg 195,2022-09-03,07:00:00,3,2,1,FMN GV 10 Beerse
39,Antwerpseweg 195,2022-09-03,08:00:00,5,2,3,FMN GV 10 Beerse
39,Antwerpseweg 195,2022-09-03,09:00:00,17,11,6,FMN GV 10 Beerse
39,Antwerpseweg 195,2022-09-03,10:00:00,18,11,7,FMN GV 10 Beerse
39,Antwerpseweg 195,2022-09-03,11:00:00,20,14,6,FMN GV 10 Beerse
39,Antwerpseweg 195,2022-09-03,12:00:00,31,20,11,FMN GV 10 Beerse
39,Antwerpseweg 195,2022-09-03,13:00:00,36,25,11,FMN GV 10 Beerse
39,Antwerpseweg 195,2022-09-03,14:00:00,45,29,16,FMN GV 10 Beerse
39,Antwerpseweg 195,2022-09-03,15:00:00,50,32,18,FMN GV 10 Beerse
39,Antwerpseweg 195,2022-09-03,16:00:00,24,14,10,FMN GV 10 Beerse
39,Antwerpseweg 195,2022-09-03,17:00:00,21,15,6,FMN GV 10 Beerse
39,Antwerpseweg 195,2022-09-03,18:00:00,21,12,9,FMN GV 10 Beerse
39,Antwerpseweg 195,2022-09-03,19:00:00,16,11,5,FMN GV 10 Beerse
39,Antwerpseweg 195,2022-09-03,20:00:00,12,7,5,FMN GV 10 Beerse
39,Antwerpseweg 195,2022-09-03,21:00:00,12,7,5,FMN GV 10 Beerse
39,Antwerpseweg 195,2022-09-03,22:00:00,5,2,3,FMN GV 10 Beerse
39,Antwerpseweg 195,2022-09-03,23:00:00,3,1,2,FMN GV 10 Beerse
39,Antwerpseweg 195,2022-09-04,00:00:00,2,1,1,FMN GV 10 Beerse
39,Antwerpseweg 195,2022-09-04,01:00:00,6,5,1,FMN GV 10 Beerse
39,Antwerpseweg 195,2022-09-04,02:00:00,4,4,0,FMN GV 10 Beerse
39,Antwerpseweg 195,2022-09-04,03:00:00,7,5,2,FMN GV 10 Beerse
39,Antwerpseweg 195,2022-09-04,04:00:00,2,2,0,FMN GV 10 Beerse
39,Antwerpseweg 195,2022-09-04,05:00:00,3,2,1,FMN GV 10 Beerse
39,Antwerpseweg 195,2022-09-04,06:00:00,1,1,0,FMN GV 10 Beerse
39,Antwerpseweg 195,2022-09-04,07:00:00,2,1,1,FMN GV 10 Beerse
39,Antwerpseweg 195,2022-09-04,08:00:00,11,8,3,FMN GV 10 Beerse
39,Antwerpseweg 195,2022-09-04,09:00:00,28,16,12,FMN GV 10 Beerse
39,Antwerpseweg 195,2022-09-04,10:00:00,31,23,8,FMN GV 10 Beerse
39,Antwerpseweg 195,2022-09-04,11:00:00,39,30,9,FMN GV 10 Beerse
39,Antwerpseweg 195,2022-09-04,12:00:00,35,25,10,FMN GV 10 Beerse
39,Antwerpseweg 195,2022-09-04,13:00:00,57,36,21,FMN GV 10 Beerse
39,Antwerpseweg 195,2022-09-04,14:00:00,65,43,22,FMN GV 10 Beerse
39,Antwerpseweg 195,2022-09-04,15:00:00,71,48,23,FMN GV 10 Beerse
39,Antwerpseweg 195,2022-09-04,16:00:00,45,25,20,FMN GV 10 Beerse
39,Antwerpseweg 195,2022-09-04,17:00:00,28,19,9,FMN GV 10 Beerse
39,Antwerpseweg 195,2022-09-04,18:00:00,24,18,6,FMN GV 10 Beerse
39,Antwerpseweg 195,2022-09-04,19:00:00,11,6,5,FMN GV 10 Beerse
39,Antwerpseweg 195,2022-09-04,20:00:00,11,9,2,FMN GV 10 Beerse
39,Antwerpseweg 195,2022-09-04,21:00:00,10,6,4,FMN GV 10 Beerse
39,Antwerpseweg 195,2022-09-04,22:00:00,8,6,2,FMN GV 10 Beerse
39,Antwerpseweg 195,2022-09-04,23:00:00,1,1,0,FMN GV 10 Beerse
39,Antwerpseweg 195,2022-09-05,00:00:00,0,0,0,FMN GV 10 Beerse
39,Antwerpseweg 195,2022-09-05,01:00:00,0,0,0,FMN GV 10 Beerse
39,Antwerpseweg 195,2022-09-05,02:00:00,0,0,0,FMN GV 10 Beerse
39,Antwerpseweg 195,2022-09-05,03:00:00,0,0,0,FMN GV 10 Beerse
39,Antwerpseweg 195,2022-09-05,04:00:00,0,0,0,FMN GV 10 Beerse
39,Antwerpseweg 195,2022-09-05,05:00:00,11,11,0,FMN GV 10 Beerse
39,Antwerpseweg 195,2022-09-05,06:00:00,21,18,3,FMN GV 10 Beerse
39,Antwerpseweg 195,2022-09-05,07:00:00,48,40,8,FMN GV 10 Beerse
39,Antwerpseweg 195,2022-09-05,08:00:00,37,35,2,FMN GV 10 Beerse
39,Antwerpseweg 195,2022-09-05,09:00:00,15,9,6,FMN GV 10 Beerse
39,Antwerpseweg 195,2022-09-05,10:00:00,12,9,3,FMN GV 10 Beerse
39,Antwerpseweg 195,2022-09-05,11:00:00,20,14,6,FMN GV 10 Beerse
39,Antwerpseweg 195,2022-09-05,12:00:00,21,18,3,FMN GV 10 Beerse
39,Antwerpseweg 195,2022-09-05,13:00:00,49,40,9,FMN GV 10 Beerse
39,Antwerpseweg 195,2022-09-05,14:00:00,38,24,14,FMN GV 10 Beerse
39,Antwerpseweg 195,2022-09-05,15:00:00,58,43,15,FMN GV 10 Beerse
39,Antwerpseweg 195,2022-09-05,16:00:00,78,52,26,FMN GV 10 Beerse
39,Antwerpseweg 195,2022-09-05,17:00:00,53,35,18,FMN GV 10 Beerse
39,Antwerpseweg 195,2022-09-05,18:00:00,26,17,9,FMN GV 10 Beerse
39,Antwerpseweg 195,2022-09-05,19:00:00,13,11,2,FMN GV 10 Beerse
39,Antwerpseweg 195,2022-09-05,20:00:00,18,12,6,FMN GV 10 Beerse
39,Antwerpseweg 195,2022-09-05,21:00:00,7,6,1,FMN GV 10 Beerse
39,Antwerpseweg 195,2022-09-05,22:00:00,12,8,4,FMN GV 10 Beerse
39,Antwerpseweg 195,2022-09-05,23:00:00,0,0,0,FMN GV 10 Beerse
39,Antwerpseweg 195,2022-09-06,00:00:00,1,1,0,FMN GV 10 Beerse
39,Antwerpseweg 195,2022-09-06,01:00:00,0,0,0,FMN GV 10 Beerse
39,Antwerpseweg 195,2022-09-06,02:00:00,0,0,0,FMN GV 10 Beerse
39,Antwerpseweg 195,2022-09-06,03:00:00,1,1,0,FMN GV 10 Beerse
39,Antwerpseweg 195,2022-09-06,04:00:00,1,1,0,FMN GV 10 Beerse
39,Antwerpseweg 195,2022-09-06,05:00:00,16,14,2,FMN GV 10 Beerse
39,Antwerpseweg 195,2022-09-06,06:00:00,14,12,2,FMN GV 10 Beerse
39,Antwerpseweg 195,2022-09-06,07:00:00,44,41,3,FMN GV 10 Beerse
39,Antwerpseweg 195,2022-09-06,08:00:00,30,22,8,FMN GV 10 Beerse
39,Antwerpseweg 195,2022-09-06,09:00:00,23,16,7,FMN GV 10 Beerse
39,Antwerpseweg 195,2022-09-06,10:00:00,23,16,7,FMN GV 10 Beerse
39,Antwerpseweg 195,2022-09-06,11:00:00,19,14,5,FMN GV 10 Beerse
39,Antwerpseweg 195,2022-09-06,12:00:00,38,28,10,FMN GV 10 Beerse
39,Antwerpseweg 195,2022-09-06,13:00:00,54,34,20,FMN GV 10 Beerse
39,Antwerpseweg 195,2022-09-06,14:00:00,57,33,24,FMN GV 10 Beerse
39,Antwerpseweg 195,2022-09-06,15:00:00,51,31,20,FMN GV 10 Beerse
39,Antwerpseweg 195,2022-09-06,16:00:00,81,61,20,FMN GV 10 Beerse
39,Antwerpseweg 195,2022-09-06,17:00:00,53,36,17,FMN GV 10 Beerse
39,Antwerpseweg 195,2022-09-06,18:00:00,32,21,11,FMN GV 10 Beerse
39,Antwerpseweg 195,2022-09-06,19:00:00,19,13,6,FMN GV 10 Beerse
39,Antwerpseweg 195,2022-09-06,20:00:00,8,3,5,FMN GV 10 Beerse
39,Antwerpseweg 195,2022-09-06,21:00:00,12,10,2,FMN GV 10 Beerse
39,Antwerpseweg 195,2022-09-06,22:00:00,7,3,4,FMN GV 10 Beerse
39,Antwerpseweg 195,2022-09-06,23:00:00,0,0,0,FMN GV 10 Beerse
39,Antwerpseweg 195,2022-09-07,00:00:00,0,0,0,FMN GV 10 Beerse
39,Antwerpseweg 195,2022-09-07,01:00:00,1,1,0,FMN GV 10 Beerse
39,Antwerpseweg 195,2022-09-07,02:00:00,0,0,0,FMN GV 10 Beerse
39,Antwerpseweg 195,2022-09-07,03:00:00,1,1,0,FMN GV 10 Beerse
39,Antwerpseweg 195,2022-09-07,04:00:00,3,3,0,FMN GV 10 Beerse
39,Antwerpseweg 195,2022-09-07,05:00:00,15,14,1,FMN GV 10 Beerse
39,Antwerpseweg 195,2022-09-07,06:00:00,17,15,2,FMN GV 10 Beerse
39,Antwerpseweg 195,2022-09-07,07:00:00,55,52,3,FMN GV 10 Beerse
39,Antwerpseweg 195,2022-09-07,08:00:00,34,30,4,FMN GV 10 Beerse
39,Antwerpseweg 195,2022-09-07,09:00:00,21,16,5,FMN GV 10 Beerse
39,Antwerpseweg 195,2022-09-07,10:00:00,17,12,5,FMN GV 10 Beerse
39,Antwerpseweg 195,2022-09-07,11:00:00,15,11,4,FMN GV 10 Beerse
39,Antwerpseweg 195,2022-09-07,12:00:00,66,46,20,FMN GV 10 Beerse
39,Antwerpseweg 195,2022-09-07,13:00:00,50,32,18,FMN GV 10 Beerse
39,Antwerpseweg 195,2022-09-07,14:00:00,50,33,17,FMN GV 10 Beerse
39,Antwerpseweg 195,2022-09-07,15:00:00,46,29,17,FMN GV 10 Beerse
39,Antwerpseweg 195,2022-09-07,16:00:00,47,30,17,FMN GV 10 Beerse
39,Antwerpseweg 195,2022-09-07,17:00:00,50,40,10,FMN GV 10 Beerse
39,Antwerpseweg 195,2022-09-07,18:00:00,23,13,10,FMN GV 10 Beerse
39,Antwerpseweg 195,2022-09-07,19:00:00,17,13,4,FMN GV 10 Beerse
39,Antwerpseweg 195,2022-09-07,20:00:00,21,14,7,FMN GV 10 Beerse
39,Antwerpseweg 195,2022-09-07,21:00:00,7,3,4,FMN GV 10 Beerse
39,Antwerpseweg 195,2022-09-07,22:00:00,8,4,4,FMN GV 10 Beerse
39,Antwerpseweg 195,2022-09-07,23:00:00,2,2,0,FMN GV 10 Beerse
39,Antwerpseweg 195,2022-09-08,00:00:00,0,0,0,FMN GV 10 Beerse
39,Antwerpseweg 195,2022-09-08,01:00:00,0,0,0,FMN GV 10 Beerse
39,Antwerpseweg 195,2022-09-08,02:00:00,0,0,0,FMN GV 10 Beerse
39,Antwerpseweg 195,2022-09-08,03:00:00,0,0,0,FMN GV 10 Beerse
39,Antwerpseweg 195,2022-09-08,04:00:00,2,0,2,FMN GV 10 Beerse
39,Antwerpseweg 195,2022-09-08,05:00:00,9,8,1,FMN GV 10 Beerse
39,Antwerpseweg 195,2022-09-08,06:00:00,12,12,0,FMN GV 10 Beerse
39,Antwerpseweg 195,2022-09-08,07:00:00,40,34,6,FMN GV 10 Beerse
39,Antwerpseweg 195,2022-09-08,08:00:00,14,10,4,FMN GV 10 Beerse
39,Antwerpseweg 195,2022-09-08,09:00:00,13,8,5,FMN GV 10 Beerse
39,Antwerpseweg 195,2022-09-08,10:00:00,11,7,4,FMN GV 10 Beerse
39,Antwerpseweg 195,2022-09-08,11:00:00,18,12,6,FMN GV 10 Beerse
39,Antwerpseweg 195,2022-09-08,12:00:00,17,10,7,FMN GV 10 Beerse
39,Antwerpseweg 195,2022-09-08,13:00:00,29,21,8,FMN GV 10 Beerse
39,Antwerpseweg 195,2022-09-08,14:00:00,28,22,6,FMN GV 10 Beerse
39,Antwerpseweg 195,2022-09-08,15:00:00,37,24,13,FMN GV 10 Beerse
39,Antwerpseweg 195,2022-09-08,16:00:00,49,32,17,FMN GV 10 Beerse
39,Antwerpseweg 195,2022-09-08,17:00:00,50,35,15,FMN GV 10 Beerse
39,Antwerpseweg 195,2022-09-08,18:00:00,18,11,7,FMN GV 10 Beerse
39,Antwerpseweg 195,2022-09-08,19:00:00,11,4,7,FMN GV 10 Beerse
39,Antwerpseweg 195,2022-09-08,20:00:00,6,4,2,FMN GV 10 Beerse
39,Antwerpseweg 195,2022-09-08,21:00:00,14,10,4,FMN GV 10 Beerse
39,Antwerpseweg 195,2022-09-08,22:00:00,6,5,1,FMN GV 10 Beerse
39,Antwerpseweg 195,2022-09-08,23:00:00,1,1,0,FMN GV 10 Beerse
39,Antwerpseweg 195,2022-09-09,00:00:00,2,1,1,FMN GV 10 Beerse
39,Antwerpseweg 195,2022-09-09,01:00:00,0,0,0,FMN GV 10 Beerse
39,Antwerpseweg 195,2022-09-09,02:00:00,0,0,0,FMN GV 10 Beerse
39,Antwerpseweg 195,2022-09-09,03:00:00,1,0,1,FMN GV 10 Beerse
39,Antwerpseweg 195,2022-09-09,04:00:00,1,1,0,FMN GV 10 Beerse
39,Antwerpseweg 195,2022-09-09,05:00:00,8,8,0,FMN GV 10 Beerse
39,Antwerpseweg 195,2022-09-09,06:00:00,11,10,1,FMN GV 10 Beerse
39,Antwerpseweg 195,2022-09-09,07:00:00,31,25,6,FMN GV 10 Beerse
39,Antwerpseweg 195,2022-09-09,08:00:00,12,10,2,FMN GV 10 Beerse
39,Antwerpseweg 195,2022-09-09,09:00:00,15,11,4,FMN GV 10 Beerse
39,Antwerpseweg 195,2022-09-09,10:00:00,17,14,3,FMN GV 10 Beerse
39,Antwerpseweg 195,2022-09-09,11:00:00,15,14,1,FMN GV 10 Beerse
39,Antwerpseweg 195,2022-09-09,12:00:00,15,11,4,FMN GV 10 Beerse
39,Antwerpseweg 195,2022-09-09,13:00:00,20,14,6,FMN GV 10 Beerse
39,Antwerpseweg 195,2022-09-09,14:00:00,28,20,8,FMN GV 10 Beerse
39,Antwerpseweg 195,2022-09-09,15:00:00,38,24,14,FMN GV 10 Beerse
39,Antwerpseweg 195,2022-09-09,16:00:00,33,20,13,FMN GV 10 Beerse
39,Antwerpseweg 195,2022-09-09,17:00:00,30,25,5,FMN GV 10 Beerse
39,Antwerpseweg 195,2022-09-09,18:00:00,11,3,8,FMN GV 10 Beerse
39,Antwerpseweg 195,2022-09-09,19:00:00,8,4,4,FMN GV 10 Beerse
39,Antwerpseweg 195,2022-09-09,20:00:00,5,2,3,FMN GV 10 Beerse
39,Antwerpseweg 195,2022-09-09,21:00:00,1,0,1,FMN GV 10 Beerse
39,Antwerpseweg 195,2022-09-09,22:00:00,5,5,0,FMN GV 10 Beerse
39,Antwerpseweg 195,2022-09-09,23:00:00,5,5,0,FMN GV 10 Beerse
39,Antwerpseweg 195,2022-09-10,00:00:00,0,0,0,FMN GV 10 Beerse
39,Antwerpseweg 195,2022-09-10,01:00:00,2,2,0,FMN GV 10 Beerse
39,Antwerpseweg 195,2022-09-10,02:00:00,0,0,0,FMN GV 10 Beerse
39,Antwerpseweg 195,2022-09-10,03:00:00,1,0,1,FMN GV 10 Beerse
39,Antwerpseweg 195,2022-09-10,04:00:00,0,0,0,FMN GV 10 Beerse
39,Antwerpseweg 195,2022-09-10,05:00:00,0,0,0,FMN GV 10 Beerse
39,Antwerpseweg 195,2022-09-10,06:00:00,0,0,0,FMN GV 10 Beerse
39,Antwerpseweg 195,2022-09-10,07:00:00,0,0,0,FMN GV 10 Beerse
39,Antwerpseweg 195,2022-09-10,08:00:00,3,2,1,FMN GV 10 Beerse
39,Antwerpseweg 195,2022-09-10,09:00:00,4,2,2,FMN GV 10 Beerse
39,Antwerpseweg 195,2022-09-10,10:00:00,8,6,2,FMN GV 10 Beerse
39,Antwerpseweg 195,2022-09-10,11:00:00,12,10,2,FMN GV 10 Beerse
39,Antwerpseweg 195,2022-09-10,12:00:00,12,9,3,FMN GV 10 Beerse
39,Antwerpseweg 195,2022-09-10,13:00:00,12,11,1,FMN GV 10 Beerse
39,Antwerpseweg 195,2022-09-10,14:00:00,18,11,7,FMN GV 10 Beerse
39,Antwerpseweg 195,2022-09-10,15:00:00,15,10,5,FMN GV 10 Beerse
39,Antwerpseweg 195,2022-09-10,16:00:00,12,7,5,FMN GV 10 Beerse
39,Antwerpseweg 195,2022-09-10,17:00:00,11,7,4,FMN GV 10 Beerse
39,Antwerpseweg 195,2022-09-10,18:00:00,3,3,0,FMN GV 10 Beerse
39,Antwerpseweg 195,2022-09-10,19:00:00,2,1,1,FMN GV 10 Beerse
39,Antwerpseweg 195,2022-09-10,20:00:00,5,2,3,FMN GV 10 Beerse
39,Antwerpseweg 195,2022-09-10,21:00:00,2,2,0,FMN GV 10 Beerse
39,Antwerpseweg 195,2022-09-10,22:00:00,2,1,1,FMN GV 10 Beerse
39,Antwerpseweg 195,2022-09-10,23:00:00,2,2,0,FMN GV 10 Beerse
39,Antwerpseweg 195,2022-09-11,00:00:00,4,3,1,FMN GV 10 Beerse
39,Antwerpseweg 195,2022-09-11,01:00:00,2,2,0,FMN GV 10 Beerse
39,Antwerpseweg 195,2022-09-11,02:00:00,8,6,2,FMN GV 10 Beerse
39,Antwerpseweg 195,2022-09-11,03:00:00,4,2,2,FMN GV 10 Beerse
39,Antwerpseweg 195,2022-09-11,04:00:00,4,4,0,FMN GV 10 Beerse
39,Antwerpseweg 195,2022-09-11,05:00:00,5,3,2,FMN GV 10 Beerse
39,Antwerpseweg 195,2022-09-11,06:00:00,0,0,0,FMN GV 10 Beerse
39,Antwerpseweg 195,2022-09-11,07:00:00,3,0,3,FMN GV 10 Beerse
39,Antwerpseweg 195,2022-09-11,08:00:00,14,6,8,FMN GV 10 Beerse
39,Antwerpseweg 195,2022-09-11,09:00:00,20,11,9,FMN GV 10 Beerse
39,Antwerpseweg 195,2022-09-11,10:00:00,38,26,12,FMN GV 10 Beerse
39,Antwerpseweg 195,2022-09-11,11:00:00,39,26,13,FMN GV 10 Beerse
39,Antwerpseweg 195,2022-09-11,12:00:00,41,27,14,FMN GV 10 Beerse
39,Antwerpseweg 195,2022-09-11,13:00:00,49,31,18,FMN GV 10 Beerse
39,Antwerpseweg 195,2022-09-11,14:00:00,70,47,23,FMN GV 10 Beerse
39,Antwerpseweg 195,2022-09-11,15:00:00,58,35,23,FMN GV 10 Beerse
39,Antwerpseweg 195,2022-09-11,16:00:00,38,27,11,FMN GV 10 Beerse
39,Antwerpseweg 195,2022-09-11,17:00:00,22,12,10,FMN GV 10 Beerse
39,Antwerpseweg 195,2022-09-11,18:00:00,16,14,2,FMN GV 10 Beerse
39,Antwerpseweg 195,2022-09-11,19:00:00,16,12,4,FMN GV 10 Beerse
39,Antwerpseweg 195,2022-09-11,20:00:00,12,10,2,FMN GV 10 Beerse
39,Antwerpseweg 195,2022-09-11,21:00:00,5,4,1,FMN GV 10 Beerse
39,Antwerpseweg 195,2022-09-11,22:00:00,3,3,0,FMN GV 10 Beerse
39,Antwerpseweg 195,2022-09-11,23:00:00,3,3,0,FMN GV 10 Beerse
39,Antwerpseweg 195,2022-09-12,00:00:00,0,0,0,FMN GV 10 Beerse
39,Antwerpseweg 195,2022-09-12,01:00:00,1,1,0,FMN GV 10 Beerse
39,Antwerpseweg 195,2022-09-12,02:00:00,0,0,0,FMN GV 10 Beerse
39,Antwerpseweg 195,2022-09-12,03:00:00,2,2,0,FMN GV 10 Beerse
39,Antwerpseweg 195,2022-09-12,04:00:00,2,2,0,FMN GV 10 Beerse
39,Antwerpseweg 195,2022-09-12,05:00:00,18,17,1,FMN GV 10 Beerse
39,Antwerpseweg 195,2022-09-12,06:00:00,22,18,4,FMN GV 10 Beerse
39,Antwerpseweg 195,2022-09-12,07:00:00,65,55,10,FMN GV 10 Beerse
39,Antwerpseweg 195,2022-09-12,08:00:00,41,34,7,FMN GV 10 Beerse
39,Antwerpseweg 195,2022-09-12,09:00:00,20,14,6,FMN GV 10 Beerse
39,Antwerpseweg 195,2022-09-12,10:00:00,19,12,7,FMN GV 10 Beerse
39,Antwerpseweg 195,2022-09-12,11:00:00,12,8,4,FMN GV 10 Beerse
39,Antwerpseweg 195,2022-09-12,12:00:00,32,23,9,FMN GV 10 Beerse
39,Antwerpseweg 195,2022-09-12,13:00:00,48,38,10,FMN GV 10 Beerse
39,Antwerpseweg 195,2022-09-12,14:00:00,50,37,13,FMN GV 10 Beerse
39,Antwerpseweg 195,2022-09-12,15:00:00,51,30,21,FMN GV 10 Beerse
39,Antwerpseweg 195,2022-09-12,16:00:00,83,60,23,FMN GV 10 Beerse
39,Antwerpseweg 195,2022-09-12,17:00:00,57,47,10,FMN GV 10 Beerse
39,Antwerpseweg 195,2022-09-12,18:00:00,31,23,8,FMN GV 10 Beerse
39,Antwerpseweg 195,2022-09-12,19:00:00,15,11,4,FMN GV 10 Beerse
39,Antwerpseweg 195,2022-09-12,20:00:00,14,8,6,FMN GV 10 Beerse
39,Antwerpseweg 195,2022-09-12,21:00:00,7,5,2,FMN GV 10 Beerse
39,Antwerpseweg 195,2022-09-12,22:00:00,11,8,3,FMN GV 10 Beerse
39,Antwerpseweg 195,2022-09-12,23:00:00,2,2,0,FMN GV 10 Beerse
39,Antwerpseweg 195,2022-09-13,00:00:00,0,0,0,FMN GV 10 Beerse
39,Antwerpseweg 195,2022-09-13,01:00:00,1,0,1,FMN GV 10 Beerse
39,Antwerpseweg 195,2022-09-13,02:00:00,0,0,0,FMN GV 10 Beerse
39,Antwerpseweg 195,2022-09-13,03:00:00,0,0,0,FMN GV 10 Beerse
39,Antwerpseweg 195,2022-09-13,04:00:00,4,2,2,FMN GV 10 Beerse
39,Antwerpseweg 195,2022-09-13,05:00:00,12,10,2,FMN GV 10 Beerse
39,Antwerpseweg 195,2022-09-13,06:00:00,8,6,2,FMN GV 10 Beerse
39,Antwerpseweg 195,2022-09-13,07:00:00,40,32,8,FMN GV 10 Beerse
39,Antwerpseweg 195,2022-09-13,08:00:00,34,26,8,FMN GV 10 Beerse
39,Antwerpseweg 195,2022-09-13,09:00:00,12,5,7,FMN GV 10 Beerse
39,Antwerpseweg 195,2022-09-13,10:00:00,13,12,1,FMN GV 10 Beerse
39,Antwerpseweg 195,2022-09-13,11:00:00,22,16,6,FMN GV 10 Beerse
39,Antwerpseweg 195,2022-09-13,12:00:00,27,17,10,FMN GV 10 Beerse
39,Antwerpseweg 195,2022-09-13,13:00:00,39,29,10,FMN GV 10 Beerse
39,Antwerpseweg 195,2022-09-13,14:00:00,32,26,6,FMN GV 10 Beerse
39,Antwerpseweg 195,2022-09-13,15:00:00,45,34,11,FMN GV 10 Beerse
39,Antwerpseweg 195,2022-09-13,16:00:00,61,44,17,FMN GV 10 Beerse
39,Antwerpseweg 195,2022-09-13,17:00:00,37,27,10,FMN GV 10 Beerse
39,Antwerpseweg 195,2022-09-13,18:00:00,23,14,9,FMN GV 10 Beerse
39,Antwerpseweg 195,2022-09-13,19:00:00,14,12,2,FMN GV 10 Beerse
39,Antwerpseweg 195,2022-09-13,20:00:00,13,8,5,FMN GV 10 Beerse
39,Antwerpseweg 195,2022-09-13,21:00:00,8,4,4,FMN GV 10 Beerse
39,Antwerpseweg 195,2022-09-13,22:00:00,8,5,3,FMN GV 10 Beerse
39,Antwerpseweg 195,2022-09-13,23:00:00,0,0,0,FMN GV 10 Beerse
39,Antwerpseweg 195,2022-09-14,00:00:00,0,0,0,FMN GV 10 Beerse
39,Antwerpseweg 195,2022-09-14,01:00:00,0,0,0,FMN GV 10 Beerse
39,Antwerpseweg 195,2022-09-14,02:00:00,0,0,0,FMN GV 10 Beerse
39,Antwerpseweg 195,2022-09-14,03:00:00,1,1,0,FMN GV 10 Beerse
39,Antwerpseweg 195,2022-09-14,04:00:00,0,0,0,FMN GV 10 Beerse
39,Antwerpseweg 195,2022-09-14,05:00:00,3,3,0,FMN GV 10 Beerse
39,Antwerpseweg 195,2022-09-14,06:00:00,6,5,1,FMN GV 10 Beerse
39,Antwerpseweg 195,2022-09-14,07:00:00,20,18,2,FMN GV 10 Beerse
39,Antwerpseweg 195,2022-09-14,08:00:00,15,14,1,FMN GV 10 Beerse
39,Antwerpseweg 195,2022-09-14,09:00:00,10,9,1,FMN GV 10 Beerse
39,Antwerpseweg 195,2022-09-14,10:00:00,6,3,3,FMN GV 10 Beerse
39,Antwerpseweg 195,2022-09-14,11:00:00,10,6,4,FMN GV 10 Beerse
39,Antwerpseweg 195,2022-09-14,12:00:00,12,7,5,FMN GV 10 Beerse
39,Antwerpseweg 195,2022-09-14,13:00:00,11,6,5,FMN GV 10 Beerse
39,Antwerpseweg 195,2022-09-14,14:00:00,21,14,7,FMN GV 10 Beerse
39,Antwerpseweg 195,2022-09-14,15:00:00,12,9,3,FMN GV 10 Beerse
39,Antwerpseweg 195,2022-09-14,16:00:00,21,16,5,FMN GV 10 Beerse
39,Antwerpseweg 195,2022-09-14,17:00:00,16,9,7,FMN GV 10 Beerse
39,Antwerpseweg 195,2022-09-14,18:00:00,16,11,5,FMN GV 10 Beerse
39,Antwerpseweg 195,2022-09-14,19:00:00,4,1,3,FMN GV 10 Beerse
39,Antwerpseweg 195,2022-09-14,20:00:00,3,3,0,FMN GV 10 Beerse
39,Antwerpseweg 195,2022-09-14,21:00:00,3,2,1,FMN GV 10 Beerse
39,Antwerpseweg 195,2022-09-14,22:00:00,3,2,1,FMN GV 10 Beerse
39,Antwerpseweg 195,2022-09-14,23:00:00,0,0,0,FMN GV 10 Beerse
39,Antwerpseweg 195,2022-09-15,00:00:00,0,0,0,FMN GV 10 Beerse
39,Antwerpseweg 195,2022-09-15,01:00:00,1,1,0,FMN GV 10 Beerse
39,Antwerpseweg 195,2022-09-15,02:00:00,1,1,0,FMN GV 10 Beerse
39,Antwerpseweg 195,2022-09-15,03:00:00,1,0,1,FMN GV 10 Beerse
39,Antwerpseweg 195,2022-09-15,04:00:00,4,4,0,FMN GV 10 Beerse
39,Antwerpseweg 195,2022-09-15,05:00:00,10,10,0,FMN GV 10 Beerse
39,Antwerpseweg 195,2022-09-15,06:00:00,14,11,3,FMN GV 10 Beerse
39,Antwerpseweg 195,2022-09-15,07:00:00,31,30,1,FMN GV 10 Beerse
39,Antwerpseweg 195,2022-09-15,08:00:00,26,25,1,FMN GV 10 Beerse
39,Antwerpseweg 195,2022-09-15,09:00:00,16,9,7,FMN GV 10 Beerse
39,Antwerpseweg 195,2022-09-15,10:00:00,8,5,3,FMN GV 10 Beerse
39,Antwerpseweg 195,2022-09-15,11:00:00,14,8,6,FMN GV 10 Beerse
39,Antwerpseweg 195,2022-09-15,12:00:00,23,17,6,FMN GV 10 Beerse
39,Antwerpseweg 195,2022-09-15,13:00:00,34,25,9,FMN GV 10 Beerse
39,Antwerpseweg 195,2022-09-15,14:00:00,39,25,14,FMN GV 10 Beerse
39,Antwerpseweg 195,2022-09-15,15:00:00,44,31,13,FMN GV 10 Beerse
39,Antwerpseweg 195,2022-09-15,16:00:00,46,35,11,FMN GV 10 Beerse
39,Antwerpseweg 195,2022-09-15,17:00:00,45,24,21,FMN GV 10 Beerse
39,Antwerpseweg 195,2022-09-15,18:00:00,20,16,4,FMN GV 10 Beerse
39,Antwerpseweg 195,2022-09-15,19:00:00,17,14,3,FMN GV 10 Beerse
39,Antwerpseweg 195,2022-09-15,20:00:00,7,5,2,FMN GV 10 Beerse
39,Antwerpseweg 195,2022-09-15,21:00:00,7,4,3,FMN GV 10 Beerse
39,Antwerpseweg 195,2022-09-15,22:00:00,9,7,2,FMN GV 10 Beerse
39,Antwerpseweg 195,2022-09-15,23:00:00,2,1,1,FMN GV 10 Beerse
39,Antwerpseweg 195,2022-09-16,00:00:00,0,0,0,FMN GV 10 Beerse
39,Antwerpseweg 195,2022-09-16,01:00:00,0,0,0,FMN GV 10 Beerse
39,Antwerpseweg 195,2022-09-16,02:00:00,0,0,0,FMN GV 10 Beerse
39,Antwerpseweg 195,2022-09-16,03:00:00,0,0,0,FMN GV 10 Beerse
39,Antwerpseweg 195,2022-09-16,04:00:00,0,0,0,FMN GV 10 Beerse
39,Antwerpseweg 195,2022-09-16,05:00:00,4,4,0,FMN GV 10 Beerse
39,Antwerpseweg 195,2022-09-16,06:00:00,10,9,1,FMN GV 10 Beerse
39,Antwerpseweg 195,2022-09-16,07:00:00,29,26,3,FMN GV 10 Beerse
39,Antwerpseweg 195,2022-09-16,08:00:00,18,15,3,FMN GV 10 Beerse
39,Antwerpseweg 195,2022-09-16,09:00:00,6,4,2,FMN GV 10 Beerse
39,Antwerpseweg 195,2022-09-16,10:00:00,7,6,1,FMN GV 10 Beerse
39,Antwerpseweg 195,2022-09-16,11:00:00,10,9,1,FMN GV 10 Beerse
39,Antwerpseweg 195,2022-09-16,12:00:00,10,6,4,FMN GV 10 Beerse
39,Antwerpseweg 195,2022-09-16,13:00:00,16,11,5,FMN GV 10 Beerse
39,Antwerpseweg 195,2022-09-16,14:00:00,17,14,3,FMN GV 10 Beerse
39,Antwerpseweg 195,2022-09-16,15:00:00,28,20,8,FMN GV 10 Beerse
39,Antwerpseweg 195,2022-09-16,16:00:00,27,16,11,FMN GV 10 Beerse
39,Antwerpseweg 195,2022-09-16,17:00:00,21,18,3,FMN GV 10 Beerse
39,Antwerpseweg 195,2022-09-16,18:00:00,4,4,0,FMN GV 10 Beerse
39,Antwerpseweg 195,2022-09-16,19:00:00,8,5,3,FMN GV 10 Beerse
39,Antwerpseweg 195,2022-09-16,20:00:00,7,5,2,FMN GV 10 Beerse
39,Antwerpseweg 195,2022-09-16,21:00:00,6,4,2,FMN GV 10 Beerse
39,Antwerpseweg 195,2022-09-16,22:00:00,3,2,1,FMN GV 10 Beerse
39,Antwerpseweg 195,2022-09-16,23:00:00,4,2,2,FMN GV 10 Beerse
39,Antwerpseweg 195,2022-09-17,00:00:00,0,0,0,FMN GV 10 Beerse
39,Antwerpseweg 195,2022-09-17,01:00:00,2,2,0,FMN GV 10 Beerse
39,Antwerpseweg 195,2022-09-17,02:00:00,1,1,0,FMN GV 10 Beerse
39,Antwerpseweg 195,2022-09-17,03:00:00,0,0,0,FMN GV 10 Beerse
39,Antwerpseweg 195,2022-09-17,04:00:00,1,1,0,FMN GV 10 Beerse
39,Antwerpseweg 195,2022-09-17,05:00:00,0,0,0,FMN GV 10 Beerse
39,Antwerpseweg 195,2022-09-17,06:00:00,0,0,0,FMN GV 10 Beerse
39,Antwerpseweg 195,2022-09-17,07:00:00,2,2,0,FMN GV 10 Beerse
39,Antwerpseweg 195,2022-09-17,08:00:00,2,2,0,FMN GV 10 Beerse
39,Antwerpseweg 195,2022-09-17,09:00:00,6,4,2,FMN GV 10 Beerse
39,Antwerpseweg 195,2022-09-17,10:00:00,6,6,0,FMN GV 10 Beerse
39,Antwerpseweg 195,2022-09-17,11:00:00,4,2,2,FMN GV 10 Beerse
39,Antwerpseweg 195,2022-09-17,12:00:00,6,3,3,FMN GV 10 Beerse
39,Antwerpseweg 195,2022-09-17,13:00:00,15,7,8,FMN GV 10 Beerse
39,Antwerpseweg 195,2022-09-17,14:00:00,9,6,3,FMN GV 10 Beerse
39,Antwerpseweg 195,2022-09-17,15:00:00,15,12,3,FMN GV 10 Beerse
39,Antwerpseweg 195,2022-09-17,16:00:00,13,5,8,FMN GV 10 Beerse
39,Antwerpseweg 195,2022-09-17,17:00:00,8,4,4,FMN GV 10 Beerse
39,Antwerpseweg 195,2022-09-17,18:00:00,6,3,3,FMN GV 10 Beerse
39,Antwerpseweg 195,2022-09-17,19:00:00,8,4,4,FMN GV 10 Beerse
39,Antwerpseweg 195,2022-09-17,20:00:00,3,2,1,FMN GV 10 Beerse
39,Antwerpseweg 195,2022-09-17,21:00:00,0,0,0,FMN GV 10 Beerse
39,Antwerpseweg 195,2022-09-17,22:00:00,0,0,0,FMN GV 10 Beerse
39,Antwerpseweg 195,2022-09-17,23:00:00,3,3,0,FMN GV 10 Beerse
39,Antwerpseweg 195,2022-09-18,00:00:00,0,0,0,FMN GV 10 Beerse
39,Antwerpseweg 195,2022-09-18,01:00:00,2,2,0,FMN GV 10 Beerse
39,Antwerpseweg 195,2022-09-18,02:00:00,1,0,1,FMN GV 10 Beerse
39,Antwerpseweg 195,2022-09-18,03:00:00,0,0,0,FMN GV 10 Beerse
39,Antwerpseweg 195,2022-09-18,04:00:00,1,1,0,FMN GV 10 Beerse
39,Antwerpseweg 195,2022-09-18,05:00:00,1,1,0,FMN GV 10 Beerse
39,Antwerpseweg 195,2022-09-18,06:00:00,1,1,0,FMN GV 10 Beerse
39,Antwerpseweg 195,2022-09-18,07:00:00,0,0,0,FMN GV 10 Beerse
39,Antwerpseweg 195,2022-09-18,08:00:00,3,1,2,FMN GV 10 Beerse
39,Antwerpseweg 195,2022-09-18,09:00:00,4,3,1,FMN GV 10 Beerse
39,Antwerpseweg 195,2022-09-18,10:00:00,9,6,3,FMN GV 10 Beerse
39,Antwerpseweg 195,2022-09-18,11:00:00,10,9,1,FMN GV 10 Beerse
39,Antwerpseweg 195,2022-09-18,12:00:00,11,7,4,FMN GV 10 Beerse
39,Antwerpseweg 195,2022-09-18,13:00:00,16,12,4,FMN GV 10 Beerse
39,Antwerpseweg 195,2022-09-18,14:00:00,20,17,3,FMN GV 10 Beerse
39,Antwerpseweg 195,2022-09-18,15:00:00,12,9,3,FMN GV 10 Beerse
39,Antwerpseweg 195,2022-09-18,16:00:00,12,8,4,FMN GV 10 Beerse
39,Antwerpseweg 195,2022-09-18,17:00:00,1,1,0,FMN GV 10 Beerse
39,Antwerpseweg 195,2022-09-18,18:00:00,7,2,5,FMN GV 10 Beerse
39,Antwerpseweg 195,2022-09-18,19:00:00,3,2,1,FMN GV 10 Beerse
39,Antwerpseweg 195,2022-09-18,20:00:00,2,1,1,FMN GV 10 Beerse
39,Antwerpseweg 195,2022-09-18,21:00:00,2,2,0,FMN GV 10 Beerse
39,Antwerpseweg 195,2022-09-18,22:00:00,0,0,0,FMN GV 10 Beerse
39,Antwerpseweg 195,2022-09-18,23:00:00,1,0,1,FMN GV 10 Beerse
39,Antwerpseweg 195,2022-09-19,00:00:00,0,0,0,FMN GV 10 Beerse
39,Antwerpseweg 195,2022-09-19,01:00:00,0,0,0,FMN GV 10 Beerse
39,Antwerpseweg 195,2022-09-19,02:00:00,0,0,0,FMN GV 10 Beerse
39,Antwerpseweg 195,2022-09-19,03:00:00,0,0,0,FMN GV 10 Beerse
39,Antwerpseweg 195,2022-09-19,04:00:00,1,1,0,FMN GV 10 Beerse
39,Antwerpseweg 195,2022-09-19,05:00:00,8,7,1,FMN GV 10 Beerse
39,Antwerpseweg 195,2022-09-19,06:00:00,13,10,3,FMN GV 10 Beerse
39,Antwerpseweg 195,2022-09-19,07:00:00,40,32,8,FMN GV 10 Beerse
39,Antwerpseweg 195,2022-09-19,08:00:00,27,24,3,FMN GV 10 Beerse
39,Antwerpseweg 195,2022-09-19,09:00:00,15,10,5,FMN GV 10 Beerse
39,Antwerpseweg 195,2022-09-19,10:00:00,13,11,2,FMN GV 10 Beerse
39,Antwerpseweg 195,2022-09-19,11:00:00,12,9,3,FMN GV 10 Beerse
39,Antwerpseweg 195,2022-09-19,12:00:00,22,13,9,FMN GV 10 Beerse
39,Antwerpseweg 195,2022-09-19,13:00:00,34,22,12,FMN GV 10 Beerse
39,Antwerpseweg 195,2022-09-19,14:00:00,39,29,10,FMN GV 10 Beerse
39,Antwerpseweg 195,2022-09-19,15:00:00,27,13,14,FMN GV 10 Beerse
39,Antwerpseweg 195,2022-09-19,16:00:00,60,44,16,FMN GV 10 Beerse
39,Antwerpseweg 195,2022-09-19,17:00:00,42,28,14,FMN GV 10 Beerse
39,Antwerpseweg 195,2022-09-19,18:00:00,16,12,4,FMN GV 10 Beerse
39,Antwerpseweg 195,2022-09-19,19:00:00,11,8,3,FMN GV 10 Beerse
39,Antwerpseweg 195,2022-09-19,20:00:00,6,5,1,FMN GV 10 Beerse
39,Antwerpseweg 195,2022-09-19,21:00:00,5,3,2,FMN GV 10 Beerse
39,Antwerpseweg 195,2022-09-19,22:00:00,9,6,3,FMN GV 10 Beerse
39,Antwerpseweg 195,2022-09-19,23:00:00,0,0,0,FMN GV 10 Beerse
39,Antwerpseweg 195,2022-09-20,00:00:00,0,0,0,FMN GV 10 Beerse
39,Antwerpseweg 195,2022-09-20,01:00:00,0,0,0,FMN GV 10 Beerse
39,Antwerpseweg 195,2022-09-20,02:00:00,0,0,0,FMN GV 10 Beerse
39,Antwerpseweg 195,2022-09-20,03:00:00,0,0,0,FMN GV 10 Beerse
39,Antwerpseweg 195,2022-09-20,04:00:00,2,2,0,FMN GV 10 Beerse
39,Antwerpseweg 195,2022-09-20,05:00:00,12,12,0,FMN GV 10 Beerse
39,Antwerpseweg 195,2022-09-20,06:00:00,10,10,0,FMN GV 10 Beerse
39,Antwerpseweg 195,2022-09-20,07:00:00,35,29,6,FMN GV 10 Beerse
39,Antwerpseweg 195,2022-09-20,08:00:00,32,26,6,FMN GV 10 Beerse
39,Antwerpseweg 195,2022-09-20,09:00:00,15,13,2,FMN GV 10 Beerse
39,Antwerpseweg 195,2022-09-20,10:00:00,13,6,7,FMN GV 10 Beerse
39,Antwerpseweg 195,2022-09-20,11:00:00,15,10,5,FMN GV 10 Beerse
39,Antwerpseweg 195,2022-09-20,12:00:00,29,18,11,FMN GV 10 Beerse
39,Antwerpseweg 195,2022-09-20,13:00:00,40,25,15,FMN GV 10 Beerse
39,Antwerpseweg 195,2022-09-20,14:00:00,33,24,9,FMN GV 10 Beerse
39,Antwerpseweg 195,2022-09-20,15:00:00,39,25,14,FMN GV 10 Beerse
39,Antwerpseweg 195,2022-09-20,16:00:00,68,52,16,FMN GV 10 Beerse
39,Antwerpseweg 195,2022-09-20,17:00:00,38,27,11,FMN GV 10 Beerse
39,Antwerpseweg 195,2022-09-20,18:00:00,23,16,7,FMN GV 10 Beerse
39,Antwerpseweg 195,2022-09-20,19:00:00,19,14,5,FMN GV 10 Beerse
39,Antwerpseweg 195,2022-09-20,20:00:00,9,8,1,FMN GV 10 Beerse
39,Antwerpseweg 195,2022-09-20,21:00:00,7,5,2,FMN GV 10 Beerse
39,Antwerpseweg 195,2022-09-20,22:00:00,9,6,3,FMN GV 10 Beerse
39,Antwerpseweg 195,2022-09-20,23:00:00,2,1,1,FMN GV 10 Beerse
39,Antwerpseweg 195,2022-09-21,00:00:00,0,0,0,FMN GV 10 Beerse
39,Antwerpseweg 195,2022-09-21,01:00:00,0,0,0,FMN GV 10 Beerse
39,Antwerpseweg 195,2022-09-21,02:00:00,1,0,1,FMN GV 10 Beerse
39,Antwerpseweg 195,2022-09-21,03:00:00,1,1,0,FMN GV 10 Beerse
39,Antwerpseweg 195,2022-09-21,04:00:00,3,1,2,FMN GV 10 Beerse
39,Antwerpseweg 195,2022-09-21,05:00:00,9,8,1,FMN GV 10 Beerse
39,Antwerpseweg 195,2022-09-21,06:00:00,11,10,1,FMN GV 10 Beerse
39,Antwerpseweg 195,2022-09-21,07:00:00,51,48,3,FMN GV 10 Beerse
39,Antwerpseweg 195,2022-09-21,08:00:00,36,29,7,FMN GV 10 Beerse
39,Antwerpseweg 195,2022-09-21,09:00:00,20,17,3,FMN GV 10 Beerse
39,Antwerpseweg 195,2022-09-21,10:00:00,15,9,6,FMN GV 10 Beerse
39,Antwerpseweg 195,2022-09-21,11:00:00,23,18,5,FMN GV 10 Beerse
39,Antwerpseweg 195,2022-09-21,12:00:00,44,27,17,FMN GV 10 Beerse
39,Antwerpseweg 195,2022-09-21,13:00:00,46,34,12,FMN GV 10 Beerse
39,Antwerpseweg 195,2022-09-21,14:00:00,47,27,20,FMN GV 10 Beerse
39,Antwerpseweg 195,2022-09-21,15:00:00,43,26,17,FMN GV 10 Beerse
39,Antwerpseweg 195,2022-09-21,16:00:00,47,32,15,FMN GV 10 Beerse
39,Antwerpseweg 195,2022-09-21,17:00:00,42,32,10,FMN GV 10 Beerse
39,Antwerpseweg 195,2022-09-21,18:00:00,26,15,11,FMN GV 10 Beerse
39,Antwerpseweg 195,2022-09-21,19:00:00,17,11,6,FMN GV 10 Beerse
39,Antwerpseweg 195,2022-09-21,20:00:00,7,4,3,FMN GV 10 Beerse
39,Antwerpseweg 195,2022-09-21,21:00:00,7,5,2,FMN GV 10 Beerse
39,Antwerpseweg 195,2022-09-21,22:00:00,3,3,0,FMN GV 10 Beerse
39,Antwerpseweg 195,2022-09-21,23:00:00,1,1,0,FMN GV 10 Beerse
39,Antwerpseweg 195,2022-09-22,00:00:00,0,0,0,FMN GV 10 Beerse
39,Antwerpseweg 195,2022-09-22,01:00:00,0,0,0,FMN GV 10 Beerse
39,Antwerpseweg 195,2022-09-22,02:00:00,0,0,0,FMN GV 10 Beerse
39,Antwerpseweg 195,2022-09-22,03:00:00,0,0,0,FMN GV 10 Beerse
39,Antwerpseweg 195,2022-09-22,04:00:00,3,3,0,FMN GV 10 Beerse
39,Antwerpseweg 195,2022-09-22,05:00:00,14,14,0,FMN GV 10 Beerse
39,Antwerpseweg 195,2022-09-22,06:00:00,13,13,0,FMN GV 10 Beerse
39,Antwerpseweg 195,2022-09-22,07:00:00,48,43,5,FMN GV 10 Beerse
39,Antwerpseweg 195,2022-09-22,08:00:00,32,26,6,FMN GV 10 Beerse
39,Antwerpseweg 195,2022-09-22,09:00:00,20,15,5,FMN GV 10 Beerse
39,Antwerpseweg 195,2022-09-22,10:00:00,17,11,6,FMN GV 10 Beerse
39,Antwerpseweg 195,2022-09-22,11:00:00,20,16,4,FMN GV 10 Beerse
39,Antwerpseweg 195,2022-09-22,12:00:00,30,17,13,FMN GV 10 Beerse
39,Antwerpseweg 195,2022-09-22,13:00:00,38,27,11,FMN GV 10 Beerse
39,Antwerpseweg 195,2022-09-22,14:00:00,46,30,16,FMN GV 10 Beerse
39,Antwerpseweg 195,2022-09-22,15:00:00,57,43,14,FMN GV 10 Beerse
39,Antwerpseweg 195,2022-09-22,16:00:00,77,49,28,FMN GV 10 Beerse
39,Antwerpseweg 195,2022-09-22,17:00:00,42,31,11,FMN GV 10 Beerse
39,Antwerpseweg 195,2022-09-22,18:00:00,24,19,5,FMN GV 10 Beerse
39,Antwerpseweg 195,2022-09-22,19:00:00,18,13,5,FMN GV 10 Beerse
39,Antwerpseweg 195,2022-09-22,20:00:00,23,12,11,FMN GV 10 Beerse
39,Antwerpseweg 195,2022-09-22,21:00:00,7,4,3,FMN GV 10 Beerse
39,Antwerpseweg 195,2022-09-22,22:00:00,8,6,2,FMN GV 10 Beerse
39,Antwerpseweg 195,2022-09-22,23:00:00,2,2,0,FMN GV 10 Beerse
39,Antwerpseweg 195,2022-09-23,00:00:00,1,1,0,FMN GV 10 Beerse
39,Antwerpseweg 195,2022-09-23,01:00:00,1,0,1,FMN GV 10 Beerse
39,Antwerpseweg 195,2022-09-23,02:00:00,1,1,0,FMN GV 10 Beerse
39,Antwerpseweg 195,2022-09-23,03:00:00,1,1,0,FMN GV 10 Beerse
39,Antwerpseweg 195,2022-09-23,04:00:00,3,3,0,FMN GV 10 Beerse
39,Antwerpseweg 195,2022-09-23,05:00:00,11,11,0,FMN GV 10 Beerse
39,Antwerpseweg 195,2022-09-23,06:00:00,14,11,3,FMN GV 10 Beerse
39,Antwerpseweg 195,2022-09-23,07:00:00,34,29,5,FMN GV 10 Beerse
39,Antwerpseweg 195,2022-09-23,08:00:00,20,19,1,FMN GV 10 Beerse
39,Antwerpseweg 195,2022-09-23,09:00:00,17,15,2,FMN GV 10 Beerse
39,Antwerpseweg 195,2022-09-23,10:00:00,14,11,3,FMN GV 10 Beerse
39,Antwerpseweg 195,2022-09-23,11:00:00,17,11,6,FMN GV 10 Beerse
39,Antwerpseweg 195,2022-09-23,12:00:00,22,13,9,FMN GV 10 Beerse
39,Antwerpseweg 195,2022-09-23,13:00:00,32,18,14,FMN GV 10 Beerse
39,Antwerpseweg 195,2022-09-23,14:00:00,46,31,15,FMN GV 10 Beerse
39,Antwerpseweg 195,2022-09-23,15:00:00,37,23,14,FMN GV 10 Beerse
39,Antwerpseweg 195,2022-09-23,16:00:00,49,34,15,FMN GV 10 Beerse
39,Antwerpseweg 195,2022-09-23,17:00:00,39,25,14,FMN GV 10 Beerse
39,Antwerpseweg 195,2022-09-23,18:00:00,22,16,6,FMN GV 10 Beerse
39,Antwerpseweg 195,2022-09-23,19:00:00,6,2,4,FMN GV 10 Beerse
39,Antwerpseweg 195,2022-09-23,20:00:00,12,5,7,FMN GV 10 Beerse
39,Antwerpseweg 195,2022-09-23,21:00:00,6,5,1,FMN GV 10 Beerse
39,Antwerpseweg 195,2022-09-23,22:00:00,10,9,1,FMN GV 10 Beerse
39,Antwerpseweg 195,2022-09-23,23:00:00,6,6,0,FMN GV 10 Beerse
39,Antwerpseweg 195,2022-09-24,00:00:00,1,1,0,FMN GV 10 Beerse
39,Antwerpseweg 195,2022-09-24,01:00:00,0,0,0,FMN GV 10 Beerse
39,Antwerpseweg 195,2022-09-24,02:00:00,1,0,1,FMN GV 10 Beerse
39,Antwerpseweg 195,2022-09-24,03:00:00,0,0,0,FMN GV 10 Beerse
39,Antwerpseweg 195,2022-09-24,04:00:00,0,0,0,FMN GV 10 Beerse
39,Antwerpseweg 195,2022-09-24,05:00:00,3,3,0,FMN GV 10 Beerse
39,Antwerpseweg 195,2022-09-24,06:00:00,1,1,0,FMN GV 10 Beerse
39,Antwerpseweg 195,2022-09-24,07:00:00,1,1,0,FMN GV 10 Beerse
39,Antwerpseweg 195,2022-09-24,08:00:00,0,0,0,FMN GV 10 Beerse
39,Antwerpseweg 195,2022-09-24,09:00:00,4,3,1,FMN GV 10 Beerse
39,Antwerpseweg 195,2022-09-24,10:00:00,6,4,2,FMN GV 10 Beerse
39,Antwerpseweg 195,2022-09-24,11:00:00,11,5,6,FMN GV 10 Beerse
39,Antwerpseweg 195,2022-09-24,12:00:00,10,8,2,FMN GV 10 Beerse
39,Antwerpseweg 195,2022-09-24,13:00:00,13,8,5,FMN GV 10 Beerse
39,Antwerpseweg 195,2022-09-24,14:00:00,15,11,4,FMN GV 10 Beerse
39,Antwerpseweg 195,2022-09-24,15:00:00,15,10,5,FMN GV 10 Beerse
39,Antwerpseweg 195,2022-09-24,16:00:00,11,6,5,FMN GV 10 Beerse
39,Antwerpseweg 195,2022-09-24,17:00:00,5,3,2,FMN GV 10 Beerse
39,Antwerpseweg 195,2022-09-24,18:00:00,3,1,2,FMN GV 10 Beerse
39,Antwerpseweg 195,2022-09-24,19:00:00,2,0,2,FMN GV 10 Beerse
39,Antwerpseweg 195,2022-09-24,20:00:00,1,1,0,FMN GV 10 Beerse
39,Antwerpseweg 195,2022-09-24,21:00:00,1,1,0,FMN GV 10 Beerse
39,Antwerpseweg 195,2022-09-24,22:00:00,3,3,0,FMN GV 10 Beerse
39,Antwerpseweg 195,2022-09-24,23:00:00,1,0,1,FMN GV 10 Beerse
39,Antwerpseweg 195,2022-09-25,00:00:00,6,4,2,FMN GV 10 Beerse
39,Antwerpseweg 195,2022-09-25,01:00:00,3,3,0,FMN GV 10 Beerse
39,Antwerpseweg 195,2022-09-25,02:00:00,3,2,1,FMN GV 10 Beerse
39,Antwerpseweg 195,2022-09-25,03:00:00,1,0,1,FMN GV 10 Beerse
39,Antwerpseweg 195,2022-09-25,04:00:00,2,2,0,FMN GV 10 Beerse
39,Antwerpseweg 195,2022-09-25,05:00:00,1,1,0,FMN GV 10 Beerse
39,Antwerpseweg 195,2022-09-25,06:00:00,1,1,0,FMN GV 10 Beerse
39,Antwerpseweg 195,2022-09-25,07:00:00,2,1,1,FMN GV 10 Beerse
39,Antwerpseweg 195,2022-09-25,08:00:00,6,2,4,FMN GV 10 Beerse
39,Antwerpseweg 195,2022-09-25,09:00:00,14,8,6,FMN GV 10 Beerse
39,Antwerpseweg 195,2022-09-25,10:00:00,25,18,7,FMN GV 10 Beerse
39,Antwerpseweg 195,2022-09-25,11:00:00,25,11,14,FMN GV 10 Beerse
39,Antwerpseweg 195,2022-09-25,12:00:00,21,14,7,FMN GV 10 Beerse
39,Antwerpseweg 195,2022-09-25,13:00:00,41,24,17,FMN GV 10 Beerse
39,Antwerpseweg 195,2022-09-25,14:00:00,44,29,15,FMN GV 10 Beerse
39,Antwerpseweg 195,2022-09-25,15:00:00,39,30,9,FMN GV 10 Beerse
39,Antwerpseweg 195,2022-09-25,16:00:00,29,21,8,FMN GV 10 Beerse
39,Antwerpseweg 195,2022-09-25,17:00:00,18,11,7,FMN GV 10 Beerse
39,Antwerpseweg 195,2022-09-25,18:00:00,14,9,5,FMN GV 10 Beerse
39,Antwerpseweg 195,2022-09-25,19:00:00,13,10,3,FMN GV 10 Beerse
39,Antwerpseweg 195,2022-09-25,20:00:00,11,7,4,FMN GV 10 Beerse
39,Antwerpseweg 195,2022-09-25,21:00:00,6,3,3,FMN GV 10 Beerse
39,Antwerpseweg 195,2022-09-25,22:00:00,1,0,1,FMN GV 10 Beerse
39,Antwerpseweg 195,2022-09-25,23:00:00,0,0,0,FMN GV 10 Beerse
39,Antwerpseweg 195,2022-09-26,00:00:00,0,0,0,FMN GV 10 Beerse
39,Antwerpseweg 195,2022-09-26,01:00:00,1,1,0,FMN GV 10 Beerse
39,Antwerpseweg 195,2022-09-26,02:00:00,0,0,0,FMN GV 10 Beerse
39,Antwerpseweg 195,2022-09-26,03:00:00,0,0,0,FMN GV 10 Beerse
39,Antwerpseweg 195,2022-09-26,04:00:00,1,1,0,FMN GV 10 Beerse
39,Antwerpseweg 195,2022-09-26,05:00:00,10,10,0,FMN GV 10 Beerse
39,Antwerpseweg 195,2022-09-26,06:00:00,8,6,2,FMN GV 10 Beerse
39,Antwerpseweg 195,2022-09-26,07:00:00,22,21,1,FMN GV 10 Beerse
39,Antwerpseweg 195,2022-09-26,08:00:00,17,15,2,FMN GV 10 Beerse
39,Antwerpseweg 195,2022-09-26,09:00:00,8,7,1,FMN GV 10 Beerse
39,Antwerpseweg 195,2022-09-26,10:00:00,12,11,1,FMN GV 10 Beerse
39,Antwerpseweg 195,2022-09-26,11:00:00,11,6,5,FMN GV 10 Beerse
39,Antwerpseweg 195,2022-09-26,12:00:00,8,6,2,FMN GV 10 Beerse
39,Antwerpseweg 195,2022-09-26,13:00:00,25,20,5,FMN GV 10 Beerse
39,Antwerpseweg 195,2022-09-26,14:00:00,27,14,13,FMN GV 10 Beerse
39,Antwerpseweg 195,2022-09-26,15:00:00,14,12,2,FMN GV 10 Beerse
39,Antwerpseweg 195,2022-09-26,16:00:00,25,17,8,FMN GV 10 Beerse
39,Antwerpseweg 195,2022-09-26,17:00:00,19,12,7,FMN GV 10 Beerse
39,Antwerpseweg 195,2022-09-26,18:00:00,11,7,4,FMN GV 10 Beerse
39,Antwerpseweg 195,2022-09-26,19:00:00,8,6,2,FMN GV 10 Beerse
39,Antwerpseweg 195,2022-09-26,20:00:00,5,1,4,FMN GV 10 Beerse
39,Antwerpseweg 195,2022-09-26,21:00:00,4,2,2,FMN GV 10 Beerse
39,Antwerpseweg 195,2022-09-26,22:00:00,0,0,0,FMN GV 10 Beerse
39,Antwerpseweg 195,2022-09-26,23:00:00,1,1,0,FMN GV 10 Beerse
39,Antwerpseweg 195,2022-09-27,00:00:00,0,0,0,FMN GV 10 Beerse
39,Antwerpseweg 195,2022-09-27,01:00:00,0,0,0,FMN GV 10 Beerse
39,Antwerpseweg 195,2022-09-27,02:00:00,0,0,0,FMN GV 10 Beerse
39,Antwerpseweg 195,2022-09-27,03:00:00,0,0,0,FMN GV 10 Beerse
39,Antwerpseweg 195,2022-09-27,04:00:00,2,2,0,FMN GV 10 Beerse
39,Antwerpseweg 195,2022-09-27,05:00:00,3,3,0,FMN GV 10 Beerse
39,Antwerpseweg 195,2022-09-27,06:00:00,10,10,0,FMN GV 10 Beerse
39,Antwerpseweg 195,2022-09-27,07:00:00,21,15,6,FMN GV 10 Beerse
39,Antwerpseweg 195,2022-09-27,08:00:00,17,15,2,FMN GV 10 Beerse
39,Antwerpseweg 195,2022-09-27,09:00:00,8,7,1,FMN GV 10 Beerse
39,Antwerpseweg 195,2022-09-27,10:00:00,9,7,2,FMN GV 10 Beerse
39,Antwerpseweg 195,2022-09-27,11:00:00,6,5,1,FMN GV 10 Beerse
39,Antwerpseweg 195,2022-09-27,12:00:00,10,4,6,FMN GV 10 Beerse
39,Antwerpseweg 195,2022-09-27,13:00:00,21,15,6,FMN GV 10 Beerse
39,Antwerpseweg 195,2022-09-27,14:00:00,17,13,4,FMN GV 10 Beerse
39,Antwerpseweg 195,2022-09-27,15:00:00,28,17,11,FMN GV 10 Beerse
39,Antwerpseweg 195,2022-09-27,16:00:00,27,18,9,FMN GV 10 Beerse
39,Antwerpseweg 195,2022-09-27,17:00:00,21,12,9,FMN GV 10 Beerse
39,Antwerpseweg 195,2022-09-27,18:00:00,14,12,2,FMN GV 10 Beerse
39,Antwerpseweg 195,2022-09-27,19:00:00,4,4,0,FMN GV 10 Beerse
39,Antwerpseweg 195,2022-09-27,20:00:00,2,2,0,FMN GV 10 Beerse
39,Antwerpseweg 195,2022-09-27,21:00:00,5,3,2,FMN GV 10 Beerse
39,Antwerpseweg 195,2022-09-27,22:00:00,6,4,2,FMN GV 10 Beerse
39,Antwerpseweg 195,2022-09-27,23:00:00,1,1,0,FMN GV 10 Beerse
39,Antwerpseweg 195,2022-09-28,00:00:00,0,0,0,FMN GV 10 Beerse
39,Antwerpseweg 195,2022-09-28,01:00:00,0,0,0,FMN GV 10 Beerse
39,Antwerpseweg 195,2022-09-28,02:00:00,0,0,0,FMN GV 10 Beerse
39,Antwerpseweg 195,2022-09-28,03:00:00,0,0,0,FMN GV 10 Beerse
39,Antwerpseweg 195,2022-09-28,04:00:00,0,0,0,FMN GV 10 Beerse
39,Antwerpseweg 195,2022-09-28,05:00:00,11,9,2,FMN GV 10 Beerse
39,Antwerpseweg 195,2022-09-28,06:00:00,15,12,3,FMN GV 10 Beerse
39,Antwerpseweg 195,2022-09-28,07:00:00,26,21,5,FMN GV 10 Beerse
39,Antwerpseweg 195,2022-09-28,08:00:00,19,15,4,FMN GV 10 Beerse
39,Antwerpseweg 195,2022-09-28,09:00:00,12,10,2,FMN GV 10 Beerse
39,Antwerpseweg 195,2022-09-28,10:00:00,15,10,5,FMN GV 10 Beerse
39,Antwerpseweg 195,2022-09-28,11:00:00,11,7,4,FMN GV 10 Beerse
39,Antwerpseweg 195,2022-09-28,12:00:00,30,26,4,FMN GV 10 Beerse
39,Antwerpseweg 195,2022-09-28,13:00:00,20,15,5,FMN GV 10 Beerse
39,Antwerpseweg 195,2022-09-28,14:00:00,34,22,12,FMN GV 10 Beerse
39,Antwerpseweg 195,2022-09-28,15:00:00,36,28,8,FMN GV 10 Beerse
39,Antwerpseweg 195,2022-09-28,16:00:00,23,17,6,FMN GV 10 Beerse
39,Antwerpseweg 195,2022-09-28,17:00:00,27,18,9,FMN GV 10 Beerse
39,Antwerpseweg 195,2022-09-28,18:00:00,22,13,9,FMN GV 10 Beerse
39,Antwerpseweg 195,2022-09-28,19:00:00,16,10,6,FMN GV 10 Beerse
39,Antwerpseweg 195,2022-09-28,20:00:00,4,3,1,FMN GV 10 Beerse
39,Antwerpseweg 195,2022-09-28,21:00:00,7,6,1,FMN GV 10 Beerse
39,Antwerpseweg 195,2022-09-28,22:00:00,4,2,2,FMN GV 10 Beerse
39,Antwerpseweg 195,2022-09-28,23:00:00,2,2,0,FMN GV 10 Beerse
39,Antwerpseweg 195,2022-09-29,00:00:00,2,1,1,FMN GV 10 Beerse
39,Antwerpseweg 195,2022-09-29,01:00:00,0,0,0,FMN GV 10 Beerse
39,Antwerpseweg 195,2022-09-29,02:00:00,0,0,0,FMN GV 10 Beerse
39,Antwerpseweg 195,2022-09-29,03:00:00,0,0,0,FMN GV 10 Beerse
39,Antwerpseweg 195,2022-09-29,04:00:00,3,3,0,FMN GV 10 Beerse
39,Antwerpseweg 195,2022-09-29,05:00:00,7,6,1,FMN GV 10 Beerse
39,Antwerpseweg 195,2022-09-29,06:00:00,16,15,1,FMN GV 10 Beerse
39,Antwerpseweg 195,2022-09-29,07:00:00,48,41,7,FMN GV 10 Beerse
39,Antwerpseweg 195,2022-09-29,08:00:00,29,20,9,FMN GV 10 Beerse
39,Antwerpseweg 195,2022-09-29,09:00:00,13,10,3,FMN GV 10 Beerse
39,Antwerpseweg 195,2022-09-29,10:00:00,20,17,3,FMN GV 10 Beerse
39,Antwerpseweg 195,2022-09-29,11:00:00,18,13,5,FMN GV 10 Beerse
39,Antwerpseweg 195,2022-09-29,12:00:00,30,25,5,FMN GV 10 Beerse
39,Antwerpseweg 195,2022-09-29,13:00:00,33,25,8,FMN GV 10 Beerse
39,Antwerpseweg 195,2022-09-29,14:00:00,31,18,13,FMN GV 10 Beerse
39,Antwerpseweg 195,2022-09-29,15:00:00,41,25,16,FMN GV 10 Beerse
39,Antwerpseweg 195,2022-09-29,16:00:00,47,31,16,FMN GV 10 Beerse
39,Antwerpseweg 195,2022-09-29,17:00:00,25,15,10,FMN GV 10 Beerse
39,Antwerpseweg 195,2022-09-29,18:00:00,24,18,6,FMN GV 10 Beerse
39,Antwerpseweg 195,2022-09-29,19:00:00,7,6,1,FMN GV 10 Beerse
39,Antwerpseweg 195,2022-09-29,20:00:00,14,10,4,FMN GV 10 Beerse
39,Antwerpseweg 195,2022-09-29,21:00:00,5,5,0,FMN GV 10 Beerse
39,Antwerpseweg 195,2022-09-29,22:00:00,9,6,3,FMN GV 10 Beerse
39,Antwerpseweg 195,2022-09-29,23:00:00,2,1,1,FMN GV 10 Beerse
39,Antwerpseweg 195,2022-09-30,00:00:00,1,1,0,FMN GV 10 Beerse
39,Antwerpseweg 195,2022-09-30,01:00:00,2,2,0,FMN GV 10 Beerse
39,Antwerpseweg 195,2022-09-30,02:00:00,0,0,0,FMN GV 10 Beerse
39,Antwerpseweg 195,2022-09-30,03:00:00,0,0,0,FMN GV 10 Beerse
39,Antwerpseweg 195,2022-09-30,04:00:00,0,0,0,FMN GV 10 Beerse
39,Antwerpseweg 195,2022-09-30,05:00:00,12,11,1,FMN GV 10 Beerse
39,Antwerpseweg 195,2022-09-30,06:00:00,19,18,1,FMN GV 10 Beerse
39,Antwerpseweg 195,2022-09-30,07:00:00,40,32,8,FMN GV 10 Beerse
39,Antwerpseweg 195,2022-09-30,08:00:00,27,19,8,FMN GV 10 Beerse
39,Antwerpseweg 195,2022-09-30,09:00:00,13,11,2,FMN GV 10 Beerse
39,Antwerpseweg 195,2022-09-30,10:00:00,15,12,3,FMN GV 10 Beerse
39,Antwerpseweg 195,2022-09-30,11:00:00,19,16,3,FMN GV 10 Beerse
39,Antwerpseweg 195,2022-09-30,12:00:00,27,17,10,FMN GV 10 Beerse
39,Antwerpseweg 195,2022-09-30,13:00:00,42,26,16,FMN GV 10 Beerse
39,Antwerpseweg 195,2022-09-30,14:00:00,47,33,14,FMN GV 10 Beerse
39,Antwerpseweg 195,2022-09-30,15:00:00,41,31,10,FMN GV 10 Beerse
39,Antwerpseweg 195,2022-09-30,16:00:00,41,25,16,FMN GV 10 Beerse
39,Antwerpseweg 195,2022-09-30,17:00:00,32,20,12,FMN GV 10 Beerse
39,Antwerpseweg 195,2022-09-30,18:00:00,16,11,5,FMN GV 10 Beerse
39,Antwerpseweg 195,2022-09-30,19:00:00,18,11,7,FMN GV 10 Beerse
39,Antwerpseweg 195,2022-09-30,20:00:00,15,6,9,FMN GV 10 Beerse
39,Antwerpseweg 195,2022-09-30,21:00:00,6,3,3,FMN GV 10 Beerse
39,Antwerpseweg 195,2022-09-30,22:00:00,5,4,1,FMN GV 10 Beerse
39,Antwerpseweg 195,2022-09-30,23:00:00,3,1,2,FMN GV 10 Beerse
39,Antwerpseweg 195,2022-10-01,00:00:00,3,1,2,FMN GV 10 Beerse
39,Antwerpseweg 195,2022-10-01,01:00:00,1,1,0,FMN GV 10 Beerse
39,Antwerpseweg 195,2022-10-01,02:00:00,1,1,0,FMN GV 10 Beerse
39,Antwerpseweg 195,2022-10-01,03:00:00,1,1,0,FMN GV 10 Beerse
39,Antwerpseweg 195,2022-10-01,04:00:00,0,0,0,FMN GV 10 Beerse
39,Antwerpseweg 195,2022-10-01,05:00:00,2,2,0,FMN GV 10 Beerse
39,Antwerpseweg 195,2022-10-01,06:00:00,1,1,0,FMN GV 10 Beerse
39,Antwerpseweg 195,2022-10-01,07:00:00,1,1,0,FMN GV 10 Beerse
39,Antwerpseweg 195,2022-10-01,08:00:00,3,2,1,FMN GV 10 Beerse
39,Antwerpseweg 195,2022-10-01,09:00:00,5,5,0,FMN GV 10 Beerse
39,Antwerpseweg 195,2022-10-01,10:00:00,9,6,3,FMN GV 10 Beerse
39,Antwerpseweg 195,2022-10-01,11:00:00,18,16,2,FMN GV 10 Beerse
39,Antwerpseweg 195,2022-10-01,12:00:00,15,13,2,FMN GV 10 Beerse
39,Antwerpseweg 195,2022-10-01,13:00:00,22,12,10,FMN GV 10 Beerse
39,Antwerpseweg 195,2022-10-01,14:00:00,26,19,7,FMN GV 10 Beerse
39,Antwerpseweg 195,2022-10-01,15:00:00,24,12,12,FMN GV 10 Beerse
39,Antwerpseweg 195,2022-10-01,16:00:00,18,15,3,FMN GV 10 Beerse
39,Antwerpseweg 195,2022-10-01,17:00:00,11,6,5,FMN GV 10 Beerse
39,Antwerpseweg 195,2022-10-01,18:00:00,10,9,1,FMN GV 10 Beerse
39,Antwerpseweg 195,2022-10-01,19:00:00,8,3,5,FMN GV 10 Beerse
39,Antwerpseweg 195,2022-10-01,20:00:00,6,4,2,FMN GV 10 Beerse
39,Antwerpseweg 195,2022-10-01,21:00:00,2,1,1,FMN GV 10 Beerse
39,Antwerpseweg 195,2022-10-01,22:00:00,1,1,0,FMN GV 10 Beerse
39,Antwerpseweg 195,2022-10-01,23:00:00,3,2,1,FMN GV 10 Beerse
39,Antwerpseweg 195,2022-10-02,00:00:00,0,0,0,FMN GV 10 Beerse
39,Antwerpseweg 195,2022-10-02,01:00:00,0,0,0,FMN GV 10 Beerse
39,Antwerpseweg 195,2022-10-02,02:00:00,0,0,0,FMN GV 10 Beerse
39,Antwerpseweg 195,2022-10-02,03:00:00,4,3,1,FMN GV 10 Beerse
39,Antwerpseweg 195,2022-10-02,04:00:00,0,0,0,FMN GV 10 Beerse
39,Antwerpseweg 195,2022-10-02,05:00:00,1,1,0,FMN GV 10 Beerse
39,Antwerpseweg 195,2022-10-02,06:00:00,0,0,0,FMN GV 10 Beerse
39,Antwerpseweg 195,2022-10-02,07:00:00,1,1,0,FMN GV 10 Beerse
39,Antwerpseweg 195,2022-10-02,08:00:00,2,2,0,FMN GV 10 Beerse
39,Antwerpseweg 195,2022-10-02,09:00:00,9,7,2,FMN GV 10 Beerse
39,Antwerpseweg 195,2022-10-02,10:00:00,17,9,8,FMN GV 10 Beerse
39,Antwerpseweg 195,2022-10-02,11:00:00,22,15,7,FMN GV 10 Beerse
39,Antwerpseweg 195,2022-10-02,12:00:00,13,7,6,FMN GV 10 Beerse
39,Antwerpseweg 195,2022-10-02,13:00:00,15,11,4,FMN GV 10 Beerse
39,Antwerpseweg 195,2022-10-02,14:00:00,25,11,14,FMN GV 10 Beerse
39,Antwerpseweg 195,2022-10-02,15:00:00,29,19,10,FMN GV 10 Beerse
39,Antwerpseweg 195,2022-10-02,16:00:00,17,10,7,FMN GV 10 Beerse
39,Antwerpseweg 195,2022-10-02,17:00:00,13,10,3,FMN GV 10 Beerse
39,Antwerpseweg 195,2022-10-02,18:00:00,9,8,1,FMN GV 10 Beerse
39,Antwerpseweg 195,2022-10-02,19:00:00,9,7,2,FMN GV 10 Beerse
39,Antwerpseweg 195,2022-10-02,20:00:00,7,5,2,FMN GV 10 Beerse
39,Antwerpseweg 195,2022-10-02,21:00:00,0,0,0,FMN GV 10 Beerse
39,Antwerpseweg 195,2022-10-02,22:00:00,1,1,0,FMN GV 10 Beerse
39,Antwerpseweg 195,2022-10-02,23:00:00,1,1,0,FMN GV 10 Beerse
39,Antwerpseweg 195,2022-10-03,00:00:00,0,0,0,FMN GV 10 Beerse
39,Antwerpseweg 195,2022-10-03,01:00:00,1,0,1,FMN GV 10 Beerse
39,Antwerpseweg 195,2022-10-03,02:00:00,0,0,0,FMN GV 10 Beerse
39,Antwerpseweg 195,2022-10-03,03:00:00,1,1,0,FMN GV 10 Beerse
39,Antwerpseweg 195,2022-10-03,04:00:00,0,0,0,FMN GV 10 Beerse
39,Antwerpseweg 195,2022-10-03,05:00:00,14,13,1,FMN GV 10 Beerse
39,Antwerpseweg 195,2022-10-03,06:00:00,12,11,1,FMN GV 10 Beerse
39,Antwerpseweg 195,2022-10-03,07:00:00,38,34,4,FMN GV 10 Beerse
39,Antwerpseweg 195,2022-10-03,08:00:00,26,24,2,FMN GV 10 Beerse
39,Antwerpseweg 195,2022-10-03,09:00:00,11,8,3,FMN GV 10 Beerse
39,Antwerpseweg 195,2022-10-03,10:00:00,17,11,6,FMN GV 10 Beerse
39,Antwerpseweg 195,2022-10-03,11:00:00,13,7,6,FMN GV 10 Beerse
39,Antwerpseweg 195,2022-10-03,12:00:00,28,21,7,FMN GV 10 Beerse
39,Antwerpseweg 195,2022-10-03,13:00:00,39,29,10,FMN GV 10 Beerse
39,Antwerpseweg 195,2022-10-03,14:00:00,40,24,16,FMN GV 10 Beerse
39,Antwerpseweg 195,2022-10-03,15:00:00,36,20,16,FMN GV 10 Beerse
39,Antwerpseweg 195,2022-10-03,16:00:00,59,39,20,FMN GV 10 Beerse
39,Antwerpseweg 195,2022-10-03,17:00:00,44,31,13,FMN GV 10 Beerse
39,Antwerpseweg 195,2022-10-03,18:00:00,25,15,10,FMN GV 10 Beerse
39,Antwerpseweg 195,2022-10-03,19:00:00,13,8,5,FMN GV 10 Beerse
39,Antwerpseweg 195,2022-10-03,20:00:00,9,6,3,FMN GV 10 Beerse
39,Antwerpseweg 195,2022-10-03,21:00:00,8,5,3,FMN GV 10 Beerse
39,Antwerpseweg 195,2022-10-03,22:00:00,12,6,6,FMN GV 10 Beerse
39,Antwerpseweg 195,2022-10-03,23:00:00,0,0,0,FMN GV 10 Beerse
39,Antwerpseweg 195,2022-10-04,00:00:00,0,0,0,FMN GV 10 Beerse
39,Antwerpseweg 195,2022-10-04,01:00:00,0,0,0,FMN GV 10 Beerse
39,Antwerpseweg 195,2022-10-04,02:00:00,1,1,0,FMN GV 10 Beerse
39,Antwerpseweg 195,2022-10-04,03:00:00,0,0,0,FMN GV 10 Beerse
39,Antwerpseweg 195,2022-10-04,04:00:00,1,1,0,FMN GV 10 Beerse
39,Antwerpseweg 195,2022-10-04,05:00:00,16,14,2,FMN GV 10 Beerse
39,Antwerpseweg 195,2022-10-04,06:00:00,18,16,2,FMN GV 10 Beerse
39,Antwerpseweg 195,2022-10-04,07:00:00,46,41,5,FMN GV 10 Beerse
39,Antwerpseweg 195,2022-10-04,08:00:00,36,29,7,FMN GV 10 Beerse
39,Antwerpseweg 195,2022-10-04,09:00:00,25,18,7,FMN GV 10 Beerse
39,Antwerpseweg 195,2022-10-04,10:00:00,11,8,3,FMN GV 10 Beerse
39,Antwerpseweg 195,2022-10-04,11:00:00,18,16,2,FMN GV 10 Beerse
39,Antwerpseweg 195,2022-10-04,12:00:00,33,24,9,FMN GV 10 Beerse
39,Antwerpseweg 195,2022-10-04,13:00:00,42,28,14,FMN GV 10 Beerse
39,Antwerpseweg 195,2022-10-04,14:00:00,51,33,18,FMN GV 10 Beerse
39,Antwerpseweg 195,2022-10-04,15:00:00,36,23,13,FMN GV 10 Beerse
39,Antwerpseweg 195,2022-10-04,16:00:00,81,54,27,FMN GV 10 Beerse
39,Antwerpseweg 195,2022-10-04,17:00:00,51,35,16,FMN GV 10 Beerse
39,Antwerpseweg 195,2022-10-04,18:00:00,25,15,10,FMN GV 10 Beerse
39,Antwerpseweg 195,2022-10-04,19:00:00,19,15,4,FMN GV 10 Beerse
39,Antwerpseweg 195,2022-10-04,20:00:00,10,8,2,FMN GV 10 Beerse
39,Antwerpseweg 195,2022-10-04,21:00:00,6,4,2,FMN GV 10 Beerse
39,Antwerpseweg 195,2022-10-04,22:00:00,11,6,5,FMN GV 10 Beerse
39,Antwerpseweg 195,2022-10-04,23:00:00,0,0,0,FMN GV 10 Beerse
39,Antwerpseweg 195,2022-10-05,00:00:00,1,1,0,FMN GV 10 Beerse
39,Antwerpseweg 195,2022-10-05,01:00:00,0,0,0,FMN GV 10 Beerse
39,Antwerpseweg 195,2022-10-05,02:00:00,0,0,0,FMN GV 10 Beerse
39,Antwerpseweg 195,2022-10-05,03:00:00,1,1,0,FMN GV 10 Beerse
39,Antwerpseweg 195,2022-10-05,04:00:00,3,3,0,FMN GV 10 Beerse
39,Antwerpseweg 195,2022-10-05,05:00:00,17,16,1,FMN GV 10 Beerse
39,Antwerpseweg 195,2022-10-05,06:00:00,9,4,5,FMN GV 10 Beerse
39,Antwerpseweg 195,2022-10-05,07:00:00,39,37,2,FMN GV 10 Beerse
39,Antwerpseweg 195,2022-10-05,08:00:00,26,19,7,FMN GV 10 Beerse
39,Antwerpseweg 195,2022-10-05,09:00:00,22,19,3,FMN GV 10 Beerse
39,Antwerpseweg 195,2022-10-05,10:00:00,17,12,5,FMN GV 10 Beerse
39,Antwerpseweg 195,2022-10-05,11:00:00,18,13,5,FMN GV 10 Beerse
39,Antwerpseweg 195,2022-10-05,12:00:00,47,35,12,FMN GV 10 Beerse
39,Antwerpseweg 195,2022-10-05,13:00:00,46,34,12,FMN GV 10 Beerse
39,Antwerpseweg 195,2022-10-05,14:00:00,44,29,15,FMN GV 10 Beerse
39,Antwerpseweg 195,2022-10-05,15:00:00,34,26,8,FMN GV 10 Beerse
39,Antwerpseweg 195,2022-10-05,16:00:00,52,37,15,FMN GV 10 Beerse
39,Antwerpseweg 195,2022-10-05,17:00:00,35,27,8,FMN GV 10 Beerse
39,Antwerpseweg 195,2022-10-05,18:00:00,20,16,4,FMN GV 10 Beerse
39,Antwerpseweg 195,2022-10-05,19:00:00,15,11,4,FMN GV 10 Beerse
39,Antwerpseweg 195,2022-10-05,20:00:00,9,7,2,FMN GV 10 Beerse
39,Antwerpseweg 195,2022-10-05,21:00:00,7,7,0,FMN GV 10 Beerse
39,Antwerpseweg 195,2022-10-05,22:00:00,11,5,6,FMN GV 10 Beerse
39,Antwerpseweg 195,2022-10-05,23:00:00,2,2,0,FMN GV 10 Beerse
39,Antwerpseweg 195,2022-10-06,00:00:00,0,0,0,FMN GV 10 Beerse
39,Antwerpseweg 195,2022-10-06,01:00:00,1,1,0,FMN GV 10 Beerse
39,Antwerpseweg 195,2022-10-06,02:00:00,0,0,0,FMN GV 10 Beerse
39,Antwerpseweg 195,2022-10-06,03:00:00,0,0,0,FMN GV 10 Beerse
39,Antwerpseweg 195,2022-10-06,04:00:00,1,1,0,FMN GV 10 Beerse
39,Antwerpseweg 195,2022-10-06,05:00:00,10,9,1,FMN GV 10 Beerse
39,Antwerpseweg 195,2022-10-06,06:00:00,21,17,4,FMN GV 10 Beerse
39,Antwerpseweg 195,2022-10-06,07:00:00,51,41,10,FMN GV 10 Beerse
39,Antwerpseweg 195,2022-10-06,08:00:00,30,22,8,FMN GV 10 Beerse
39,Antwerpseweg 195,2022-10-06,09:00:00,12,4,8,FMN GV 10 Beerse
39,Antwerpseweg 195,2022-10-06,10:00:00,14,10,4,FMN GV 10 Beerse
39,Antwerpseweg 195,2022-10-06,11:00:00,24,17,7,FMN GV 10 Beerse
39,Antwerpseweg 195,2022-10-06,12:00:00,26,20,6,FMN GV 10 Beerse
39,Antwerpseweg 195,2022-10-06,13:00:00,40,28,12,FMN GV 10 Beerse
39,Antwerpseweg 195,2022-10-06,14:00:00,56,32,24,FMN GV 10 Beerse
39,Antwerpseweg 195,2022-10-06,15:00:00,51,38,13,FMN GV 10 Beerse
39,Antwerpseweg 195,2022-10-06,16:00:00,63,45,18,FMN GV 10 Beerse
39,Antwerpseweg 195,2022-10-06,17:00:00,40,27,13,FMN GV 10 Beerse
39,Antwerpseweg 195,2022-10-06,18:00:00,19,15,4,FMN GV 10 Beerse
39,Antwerpseweg 195,2022-10-06,19:00:00,24,16,8,FMN GV 10 Beerse
39,Antwerpseweg 195,2022-10-06,20:00:00,12,6,6,FMN GV 10 Beerse
39,Antwerpseweg 195,2022-10-06,21:00:00,9,6,3,FMN GV 10 Beerse
39,Antwerpseweg 195,2022-10-06,22:00:00,12,7,5,FMN GV 10 Beerse
39,Antwerpseweg 195,2022-10-06,23:00:00,5,3,2,FMN GV 10 Beerse
39,Antwerpseweg 195,2022-10-07,00:00:00,0,0,0,FMN GV 10 Beerse
39,Antwerpseweg 195,2022-10-07,01:00:00,0,0,0,FMN GV 10 Beerse
39,Antwerpseweg 195,2022-10-07,02:00:00,0,0,0,FMN GV 10 Beerse
39,Antwerpseweg 195,2022-10-07,03:00:00,2,2,0,FMN GV 10 Beerse
39,Antwerpseweg 195,2022-10-07,04:00:00,1,1,0,FMN GV 10 Beerse
39,Antwerpseweg 195,2022-10-07,05:00:00,18,18,0,FMN GV 10 Beerse
39,Antwerpseweg 195,2022-10-07,06:00:00,19,17,2,FMN GV 10 Beerse
39,Antwerpseweg 195,2022-10-07,07:00:00,49,39,10,FMN GV 10 Beerse
39,Antwerpseweg 195,2022-10-07,08:00:00,34,24,10,FMN GV 10 Beerse
39,Antwerpseweg 195,2022-10-07,09:00:00,15,13,2,FMN GV 10 Beerse
39,Antwerpseweg 195,2022-10-07,10:00:00,23,19,4,FMN GV 10 Beerse
39,Antwerpseweg 195,2022-10-07,11:00:00,20,14,6,FMN GV 10 Beerse
39,Antwerpseweg 195,2022-10-07,12:00:00,25,20,5,FMN GV 10 Beerse
39,Antwerpseweg 195,2022-10-07,13:00:00,29,20,9,FMN GV 10 Beerse
39,Antwerpseweg 195,2022-10-07,14:00:00,46,31,15,FMN GV 10 Beerse
39,Antwerpseweg 195,2022-10-07,15:00:00,41,29,12,FMN GV 10 Beerse
39,Antwerpseweg 195,2022-10-07,16:00:00,51,38,13,FMN GV 10 Beerse
39,Antwerpseweg 195,2022-10-07,17:00:00,47,30,17,FMN GV 10 Beerse
39,Antwerpseweg 195,2022-10-07,18:00:00,15,8,7,FMN GV 10 Beerse
39,Antwerpseweg 195,2022-10-07,19:00:00,9,4,5,FMN GV 10 Beerse
39,Antwerpseweg 195,2022-10-07,20:00:00,17,11,6,FMN GV 10 Beerse
39,Antwerpseweg 195,2022-10-07,21:00:00,6,4,2,FMN GV 10 Beerse
39,Antwerpseweg 195,2022-10-07,22:00:00,6,5,1,FMN GV 10 Beerse
39,Antwerpseweg 195,2022-10-07,23:00:00,5,4,1,FMN GV 10 Beerse
39,Antwerpseweg 195,2022-10-08,00:00:00,4,2,2,FMN GV 10 Beerse
39,Antwerpseweg 195,2022-10-08,01:00:00,0,0,0,FMN GV 10 Beerse
39,Antwerpseweg 195,2022-10-08,02:00:00,3,2,1,FMN GV 10 Beerse
39,Antwerpseweg 195,2022-10-08,03:00:00,3,2,1,FMN GV 10 Beerse
39,Antwerpseweg 195,2022-10-08,04:00:00,2,2,0,FMN GV 10 Beerse
39,Antwerpseweg 195,2022-10-08,05:00:00,3,3,0,FMN GV 10 Beerse
39,Antwerpseweg 195,2022-10-08,06:00:00,2,2,0,FMN GV 10 Beerse
39,Antwerpseweg 195,2022-10-08,07:00:00,0,0,0,FMN GV 10 Beerse
39,Antwerpseweg 195,2022-10-08,08:00:00,3,3,0,FMN GV 10 Beerse
39,Antwerpseweg 195,2022-10-08,09:00:00,12,8,4,FMN GV 10 Beerse
39,Antwerpseweg 195,2022-10-08,10:00:00,18,12,6,FMN GV 10 Beerse
39,Antwerpseweg 195,2022-10-08,11:00:00,22,18,4,FMN GV 10 Beerse
39,Antwerpseweg 195,2022-10-08,12:00:00,23,15,8,FMN GV 10 Beerse
39,Antwerpseweg 195,2022-10-08,13:00:00,35,21,14,FMN GV 10 Beerse
39,Antwerpseweg 195,2022-10-08,14:00:00,43,30,13,FMN GV 10 Beerse
39,Antwerpseweg 195,2022-10-08,15:00:00,28,19,9,FMN GV 10 Beerse
39,Antwerpseweg 195,2022-10-08,16:00:00,29,18,11,FMN GV 10 Beerse
39,Antwerpseweg 195,2022-10-08,17:00:00,16,10,6,FMN GV 10 Beerse
39,Antwerpseweg 195,2022-10-08,18:00:00,8,3,5,FMN GV 10 Beerse
39,Antwerpseweg 195,2022-10-08,19:00:00,3,2,1,FMN GV 10 Beerse
39,Antwerpseweg 195,2022-10-08,20:00:00,7,4,3,FMN GV 10 Beerse
39,Antwerpseweg 195,2022-10-08,21:00:00,3,2,1,FMN GV 10 Beerse
39,Antwerpseweg 195,2022-10-08,22:00:00,7,4,3,FMN GV 10 Beerse
39,Antwerpseweg 195,2022-10-08,23:00:00,4,3,1,FMN GV 10 Beerse
39,Antwerpseweg 195,2022-10-09,00:00:00,2,1,1,FMN GV 10 Beerse
39,Antwerpseweg 195,2022-10-09,01:00:00,8,6,2,FMN GV 10 Beerse
39,Antwerpseweg 195,2022-10-09,02:00:00,0,0,0,FMN GV 10 Beerse
39,Antwerpseweg 195,2022-10-09,03:00:00,5,4,1,FMN GV 10 Beerse
39,Antwerpseweg 195,2022-10-09,04:00:00,1,0,1,FMN GV 10 Beerse
39,Antwerpseweg 195,2022-10-09,05:00:00,2,2,0,FMN GV 10 Beerse
39,Antwerpseweg 195,2022-10-09,06:00:00,0,0,0,FMN GV 10 Beerse
39,Antwerpseweg 195,2022-10-09,07:00:00,1,0,1,FMN GV 10 Beerse
39,Antwerpseweg 195,2022-10-09,08:00:00,5,4,1,FMN GV 10 Beerse
39,Antwerpseweg 195,2022-10-09,09:00:00,27,19,8,FMN GV 10 Beerse
39,Antwerpseweg 195,2022-10-09,10:00:00,34,20,14,FMN GV 10 Beerse
39,Antwerpseweg 195,2022-10-09,11:00:00,36,24,12,FMN GV 10 Beerse
39,Antwerpseweg 195,2022-10-09,12:00:00,28,19,9,FMN GV 10 Beerse
39,Antwerpseweg 195,2022-10-09,13:00:00,43,27,16,FMN GV 10 Beerse
39,Antwerpseweg 195,2022-10-09,14:00:00,56,37,19,FMN GV 10 Beerse
39,Antwerpseweg 195,2022-10-09,15:00:00,43,31,12,FMN GV 10 Beerse
39,Antwerpseweg 195,2022-10-09,16:00:00,45,28,17,FMN GV 10 Beerse
39,Antwerpseweg 195,2022-10-09,17:00:00,27,20,7,FMN GV 10 Beerse
39,Antwerpseweg 195,2022-10-09,18:00:00,25,19,6,FMN GV 10 Beerse
39,Antwerpseweg 195,2022-10-09,19:00:00,9,4,5,FMN GV 10 Beerse
39,Antwerpseweg 195,2022-10-09,20:00:00,10,6,4,FMN GV 10 Beerse
39,Antwerpseweg 195,2022-10-09,21:00:00,14,10,4,FMN GV 10 Beerse
39,Antwerpseweg 195,2022-10-09,22:00:00,2,2,0,FMN GV 10 Beerse
39,Antwerpseweg 195,2022-10-09,23:00:00,1,1,0,FMN GV 10 Beerse
39,Antwerpseweg 195,2022-10-10,00:00:00,1,1,0,FMN GV 10 Beerse
39,Antwerpseweg 195,2022-10-10,01:00:00,2,1,1,FMN GV 10 Beerse
39,Antwerpseweg 195,2022-10-10,02:00:00,0,0,0,FMN GV 10 Beerse
39,Antwerpseweg 195,2022-10-10,03:00:00,0,0,0,FMN GV 10 Beerse
39,Antwerpseweg 195,2022-10-10,04:00:00,1,1,0,FMN GV 10 Beerse
39,Antwerpseweg 195,2022-10-10,05:00:00,13,13,0,FMN GV 10 Beerse
39,Antwerpseweg 195,2022-10-10,06:00:00,19,17,2,FMN GV 10 Beerse
39,Antwerpseweg 195,2022-10-10,07:00:00,41,35,6,FMN GV 10 Beerse
39,Antwerpseweg 195,2022-10-10,08:00:00,29,24,5,FMN GV 10 Beerse
39,Antwerpseweg 195,2022-10-10,09:00:00,11,8,3,FMN GV 10 Beerse
39,Antwerpseweg 195,2022-10-10,10:00:00,6,2,4,FMN GV 10 Beerse
39,Antwerpseweg 195,2022-10-10,11:00:00,16,9,7,FMN GV 10 Beerse
39,Antwerpseweg 195,2022-10-10,12:00:00,20,14,6,FMN GV 10 Beerse
39,Antwerpseweg 195,2022-10-10,13:00:00,31,23,8,FMN GV 10 Beerse
39,Antwerpseweg 195,2022-10-10,14:00:00,28,18,10,FMN GV 10 Beerse
39,Antwerpseweg 195,2022-10-10,15:00:00,38,24,14,FMN GV 10 Beerse
39,Antwerpseweg 195,2022-10-10,16:00:00,51,35,16,FMN GV 10 Beerse
39,Antwerpseweg 195,2022-10-10,17:00:00,44,27,17,FMN GV 10 Beerse
39,Antwerpseweg 195,2022-10-10,18:00:00,19,14,5,FMN GV 10 Beerse
39,Antwerpseweg 195,2022-10-10,19:00:00,9,7,2,FMN GV 10 Beerse
39,Antwerpseweg 195,2022-10-10,20:00:00,8,3,5,FMN GV 10 Beerse
39,Antwerpseweg 195,2022-10-10,21:00:00,6,6,0,FMN GV 10 Beerse
39,Antwerpseweg 195,2022-10-10,22:00:00,7,4,3,FMN GV 10 Beerse
39,Antwerpseweg 195,2022-10-10,23:00:00,1,1,0,FMN GV 10 Beerse
39,Antwerpseweg 195,2022-10-11,00:00:00,0,0,0,FMN GV 10 Beerse
39,Antwerpseweg 195,2022-10-11,01:00:00,0,0,0,FMN GV 10 Beerse
39,Antwerpseweg 195,2022-10-11,02:00:00,0,0,0,FMN GV 10 Beerse
39,Antwerpseweg 195,2022-10-11,03:00:00,0,0,0,FMN GV 10 Beerse
39,Antwerpseweg 195,2022-10-11,04:00:00,2,2,0,FMN GV 10 Beerse
39,Antwerpseweg 195,2022-10-11,05:00:00,11,11,0,FMN GV 10 Beerse
39,Antwerpseweg 195,2022-10-11,06:00:00,15,14,1,FMN GV 10 Beerse
39,Antwerpseweg 195,2022-10-11,07:00:00,50,42,8,FMN GV 10 Beerse
39,Antwerpseweg 195,2022-10-11,08:00:00,29,25,4,FMN GV 10 Beerse
39,Antwerpseweg 195,2022-10-11,09:00:00,24,16,8,FMN GV 10 Beerse
39,Antwerpseweg 195,2022-10-11,10:00:00,20,11,9,FMN GV 10 Beerse
39,Antwerpseweg 195,2022-10-11,11:00:00,21,13,8,FMN GV 10 Beerse
39,Antwerpseweg 195,2022-10-11,12:00:00,29,19,10,FMN GV 10 Beerse
39,Antwerpseweg 195,2022-10-11,13:00:00,35,24,11,FMN GV 10 Beerse
39,Antwerpseweg 195,2022-10-11,14:00:00,42,30,12,FMN GV 10 Beerse
39,Antwerpseweg 195,2022-10-11,15:00:00,46,31,15,FMN GV 10 Beerse
39,Antwerpseweg 195,2022-10-11,16:00:00,59,38,21,FMN GV 10 Beerse
39,Antwerpseweg 195,2022-10-11,17:00:00,46,32,14,FMN GV 10 Beerse
39,Antwerpseweg 195,2022-10-11,18:00:00,32,21,11,FMN GV 10 Beerse
39,Antwerpseweg 195,2022-10-11,19:00:00,18,12,6,FMN GV 10 Beerse
39,Antwerpseweg 195,2022-10-11,20:00:00,14,10,4,FMN GV 10 Beerse
39,Antwerpseweg 195,2022-10-11,21:00:00,2,2,0,FMN GV 10 Beerse
39,Antwerpseweg 195,2022-10-11,22:00:00,7,4,3,FMN GV 10 Beerse
39,Antwerpseweg 195,2022-10-11,23:00:00,2,2,0,FMN GV 10 Beerse
39,Antwerpseweg 195,2022-10-12,00:00:00,0,0,0,FMN GV 10 Beerse
39,Antwerpseweg 195,2022-10-12,01:00:00,0,0,0,FMN GV 10 Beerse
39,Antwerpseweg 195,2022-10-12,02:00:00,1,0,1,FMN GV 10 Beerse
39,Antwerpseweg 195,2022-10-12,03:00:00,0,0,0,FMN GV 10 Beerse
39,Antwerpseweg 195,2022-10-12,04:00:00,3,3,0,FMN GV 10 Beerse
39,Antwerpseweg 195,2022-10-12,05:00:00,12,11,1,FMN GV 10 Beerse
39,Antwerpseweg 195,2022-10-12,06:00:00,12,10,2,FMN GV 10 Beerse
39,Antwerpseweg 195,2022-10-12,07:00:00,46,40,6,FMN GV 10 Beerse
39,Antwerpseweg 195,2022-10-12,08:00:00,27,21,6,FMN GV 10 Beerse
39,Antwerpseweg 195,2022-10-12,09:00:00,12,7,5,FMN GV 10 Beerse
39,Antwerpseweg 195,2022-10-12,10:00:00,17,12,5,FMN GV 10 Beerse
39,Antwerpseweg 195,2022-10-12,11:00:00,22,12,10,FMN GV 10 Beerse
39,Antwerpseweg 195,2022-10-12,12:00:00,43,32,11,FMN GV 10 Beerse
39,Antwerpseweg 195,2022-10-12,13:00:00,41,23,18,FMN GV 10 Beerse
39,Antwerpseweg 195,2022-10-12,14:00:00,37,26,11,FMN GV 10 Beerse
39,Antwerpseweg 195,2022-10-12,15:00:00,42,28,14,FMN GV 10 Beerse
39,Antwerpseweg 195,2022-10-12,16:00:00,49,28,21,FMN GV 10 Beerse
39,Antwerpseweg 195,2022-10-12,17:00:00,31,22,9,FMN GV 10 Beerse
39,Antwerpseweg 195,2022-10-12,18:00:00,31,23,8,FMN GV 10 Beerse
39,Antwerpseweg 195,2022-10-12,19:00:00,24,17,7,FMN GV 10 Beerse
39,Antwerpseweg 195,2022-10-12,20:00:00,9,4,5,FMN GV 10 Beerse
39,Antwerpseweg 195,2022-10-12,21:00:00,8,8,0,FMN GV 10 Beerse
39,Antwerpseweg 195,2022-10-12,22:00:00,5,3,2,FMN GV 10 Beerse
39,Antwerpseweg 195,2022-10-12,23:00:00,0,0,0,FMN GV 10 Beerse
39,Antwerpseweg 195,2022-10-13,00:00:00,0,0,0,FMN GV 10 Beerse
39,Antwerpseweg 195,2022-10-13,01:00:00,1,1,0,FMN GV 10 Beerse
39,Antwerpseweg 195,2022-10-13,02:00:00,1,0,1,FMN GV 10 Beerse
39,Antwerpseweg 195,2022-10-13,03:00:00,0,0,0,FMN GV 10 Beerse
39,Antwerpseweg 195,2022-10-13,04:00:00,0,0,0,FMN GV 10 Beerse
39,Antwerpseweg 195,2022-10-13,05:00:00,12,12,0,FMN GV 10 Beerse
39,Antwerpseweg 195,2022-10-13,06:00:00,10,10,0,FMN GV 10 Beerse
39,Antwerpseweg 195,2022-10-13,07:00:00,33,31,2,FMN GV 10 Beerse
39,Antwerpseweg 195,2022-10-13,08:00:00,16,14,2,FMN GV 10 Beerse
39,Antwerpseweg 195,2022-10-13,09:00:00,9,5,4,FMN GV 10 Beerse
39,Antwerpseweg 195,2022-10-13,10:00:00,12,10,2,FMN GV 10 Beerse
39,Antwerpseweg 195,2022-10-13,11:00:00,7,6,1,FMN GV 10 Beerse
39,Antwerpseweg 195,2022-10-13,12:00:00,25,14,11,FMN GV 10 Beerse
39,Antwerpseweg 195,2022-10-13,13:00:00,22,15,7,FMN GV 10 Beerse
39,Antwerpseweg 195,2022-10-13,14:00:00,27,19,8,FMN GV 10 Beerse
39,Antwerpseweg 195,2022-10-13,15:00:00,44,29,15,FMN GV 10 Beerse
39,Antwerpseweg 195,2022-10-13,16:00:00,52,39,13,FMN GV 10 Beerse
39,Antwerpseweg 195,2022-10-13,17:00:00,28,22,6,FMN GV 10 Beerse
39,Antwerpseweg 195,2022-10-13,18:00:00,18,15,3,FMN GV 10 Beerse
39,Antwerpseweg 195,2022-10-13,19:00:00,13,7,6,FMN GV 10 Beerse
39,Antwerpseweg 195,2022-10-13,20:00:00,8,4,4,FMN GV 10 Beerse
39,Antwerpseweg 195,2022-10-13,21:00:00,5,5,0,FMN GV 10 Beerse
39,Antwerpseweg 195,2022-10-13,22:00:00,6,6,0,FMN GV 10 Beerse
39,Antwerpseweg 195,2022-10-13,23:00:00,0,0,0,FMN GV 10 Beerse
39,Antwerpseweg 195,2022-10-14,00:00:00,0,0,0,FMN GV 10 Beerse
39,Antwerpseweg 195,2022-10-14,01:00:00,1,1,0,FMN GV 10 Beerse
39,Antwerpseweg 195,2022-10-14,02:00:00,0,0,0,FMN GV 10 Beerse
39,Antwerpseweg 195,2022-10-14,03:00:00,0,0,0,FMN GV 10 Beerse
39,Antwerpseweg 195,2022-10-14,04:00:00,1,1,0,FMN GV 10 Beerse
39,Antwerpseweg 195,2022-10-14,05:00:00,11,11,0,FMN GV 10 Beerse
39,Antwerpseweg 195,2022-10-14,06:00:00,9,9,0,FMN GV 10 Beerse
39,Antwerpseweg 195,2022-10-14,07:00:00,30,25,5,FMN GV 10 Beerse
39,Antwerpseweg 195,2022-10-14,08:00:00,18,14,4,FMN GV 10 Beerse
39,Antwerpseweg 195,2022-10-14,09:00:00,11,10,1,FMN GV 10 Beerse
39,Antwerpseweg 195,2022-10-14,10:00:00,16,9,7,FMN GV 10 Beerse
39,Antwerpseweg 195,2022-10-14,11:00:00,18,16,2,FMN GV 10 Beerse
39,Antwerpseweg 195,2022-10-14,12:00:00,14,10,4,FMN GV 10 Beerse
39,Antwerpseweg 195,2022-10-14,13:00:00,23,10,13,FMN GV 10 Beerse
39,Antwerpseweg 195,2022-10-14,14:00:00,30,22,8,FMN GV 10 Beerse
39,Antwerpseweg 195,2022-10-14,15:00:00,31,19,12,FMN GV 10 Beerse
39,Antwerpseweg 195,2022-10-14,16:00:00,35,23,12,FMN GV 10 Beerse
39,Antwerpseweg 195,2022-10-14,17:00:00,17,10,7,FMN GV 10 Beerse
39,Antwerpseweg 195,2022-10-14,18:00:00,13,9,4,FMN GV 10 Beerse
39,Antwerpseweg 195,2022-10-14,19:00:00,11,5,6,FMN GV 10 Beerse
39,Antwerpseweg 195,2022-10-14,20:00:00,12,5,7,FMN GV 10 Beerse
39,Antwerpseweg 195,2022-10-14,21:00:00,11,5,6,FMN GV 10 Beerse
39,Antwerpseweg 195,2022-10-14,22:00:00,5,4,1,FMN GV 10 Beerse
39,Antwerpseweg 195,2022-10-14,23:00:00,2,1,1,FMN GV 10 Beerse
39,Antwerpseweg 195,2022-10-15,00:00:00,3,1,2,FMN GV 10 Beerse
39,Antwerpseweg 195,2022-10-15,01:00:00,3,3,0,FMN GV 10 Beerse
39,Antwerpseweg 195,2022-10-15,02:00:00,2,2,0,FMN GV 10 Beerse
39,Antwerpseweg 195,2022-10-15,03:00:00,1,1,0,FMN GV 10 Beerse
39,Antwerpseweg 195,2022-10-15,04:00:00,1,1,0,FMN GV 10 Beerse
39,Antwerpseweg 195,2022-10-15,05:00:00,2,2,0,FMN GV 10 Beerse
39,Antwerpseweg 195,2022-10-15,06:00:00,2,2,0,FMN GV 10 Beerse
39,Antwerpseweg 195,2022-10-15,07:00:00,4,3,1,FMN GV 10 Beerse
39,Antwerpseweg 195,2022-10-15,08:00:00,8,6,2,FMN GV 10 Beerse
39,Antwerpseweg 195,2022-10-15,09:00:00,9,7,2,FMN GV 10 Beerse
39,Antwerpseweg 195,2022-10-15,10:00:00,13,11,2,FMN GV 10 Beerse
39,Antwerpseweg 195,2022-10-15,11:00:00,13,10,3,FMN GV 10 Beerse
39,Antwerpseweg 195,2022-10-15,12:00:00,9,5,4,FMN GV 10 Beerse
39,Antwerpseweg 195,2022-10-15,13:00:00,25,19,6,FMN GV 10 Beerse
39,Antwerpseweg 195,2022-10-15,14:00:00,25,15,10,FMN GV 10 Beerse
39,Antwerpseweg 195,2022-10-15,15:00:00,25,18,7,FMN GV 10 Beerse
39,Antwerpseweg 195,2022-10-15,16:00:00,15,8,7,FMN GV 10 Beerse
39,Antwerpseweg 195,2022-10-15,17:00:00,14,7,7,FMN GV 10 Beerse
39,Antwerpseweg 195,2022-10-15,18:00:00,7,3,4,FMN GV 10 Beerse
39,Antwerpseweg 195,2022-10-15,19:00:00,5,2,3,FMN GV 10 Beerse
39,Antwerpseweg 195,2022-10-15,20:00:00,2,2,0,FMN GV 10 Beerse
39,Antwerpseweg 195,2022-10-15,21:00:00,1,0,1,FMN GV 10 Beerse
39,Antwerpseweg 195,2022-10-15,22:00:00,3,2,1,FMN GV 10 Beerse
39,Antwerpseweg 195,2022-10-15,23:00:00,3,2,1,FMN GV 10 Beerse
39,Antwerpseweg 195,2022-10-16,00:00:00,2,1,1,FMN GV 10 Beerse
39,Antwerpseweg 195,2022-10-16,01:00:00,3,3,0,FMN GV 10 Beerse
39,Antwerpseweg 195,2022-10-16,02:00:00,2,1,1,FMN GV 10 Beerse
39,Antwerpseweg 195,2022-10-16,03:00:00,3,3,0,FMN GV 10 Beerse
39,Antwerpseweg 195,2022-10-16,04:00:00,3,3,0,FMN GV 10 Beerse
39,Antwerpseweg 195,2022-10-16,05:00:00,2,1,1,FMN GV 10 Beerse
39,Antwerpseweg 195,2022-10-16,06:00:00,2,2,0,FMN GV 10 Beerse
39,Antwerpseweg 195,2022-10-16,07:00:00,0,0,0,FMN GV 10 Beerse
39,Antwerpseweg 195,2022-10-16,08:00:00,7,4,3,FMN GV 10 Beerse
39,Antwerpseweg 195,2022-10-16,09:00:00,13,7,6,FMN GV 10 Beerse
39,Antwerpseweg 195,2022-10-16,10:00:00,28,17,11,FMN GV 10 Beerse
39,Antwerpseweg 195,2022-10-16,11:00:00,27,14,13,FMN GV 10 Beerse
39,Antwerpseweg 195,2022-10-16,12:00:00,21,14,7,FMN GV 10 Beerse
39,Antwerpseweg 195,2022-10-16,13:00:00,45,30,15,FMN GV 10 Beerse
39,Antwerpseweg 195,2022-10-16,14:00:00,48,29,19,FMN GV 10 Beerse
39,Antwerpseweg 195,2022-10-16,15:00:00,42,27,15,FMN GV 10 Beerse
39,Antwerpseweg 195,2022-10-16,16:00:00,31,21,10,FMN GV 10 Beerse
39,Antwerpseweg 195,2022-10-16,17:00:00,14,9,5,FMN GV 10 Beerse
39,Antwerpseweg 195,2022-10-16,18:00:00,16,10,6,FMN GV 10 Beerse
39,Antwerpseweg 195,2022-10-16,19:00:00,6,4,2,FMN GV 10 Beerse
39,Antwerpseweg 195,2022-10-16,20:00:00,8,7,1,FMN GV 10 Beerse
39,Antwerpseweg 195,2022-10-16,21:00:00,6,3,3,FMN GV 10 Beerse
39,Antwerpseweg 195,2022-10-16,22:00:00,0,0,0,FMN GV 10 Beerse
39,Antwerpseweg 195,2022-10-16,23:00:00,2,2,0,FMN GV 10 Beerse
39,Antwerpseweg 195,2022-10-17,00:00:00,0,0,0,FMN GV 10 Beerse
39,Antwerpseweg 195,2022-10-17,01:00:00,1,1,0,FMN GV 10 Beerse
39,Antwerpseweg 195,2022-10-17,02:00:00,0,0,0,FMN GV 10 Beerse
39,Antwerpseweg 195,2022-10-17,03:00:00,1,1,0,FMN GV 10 Beerse
39,Antwerpseweg 195,2022-10-17,04:00:00,1,1,0,FMN GV 10 Beerse
39,Antwerpseweg 195,2022-10-17,05:00:00,12,11,1,FMN GV 10 Beerse
39,Antwerpseweg 195,2022-10-17,06:00:00,7,5,2,FMN GV 10 Beerse
39,Antwerpseweg 195,2022-10-17,07:00:00,36,32,4,FMN GV 10 Beerse
39,Antwerpseweg 195,2022-10-17,08:00:00,20,18,2,FMN GV 10 Beerse
39,Antwerpseweg 195,2022-10-17,09:00:00,9,7,2,FMN GV 10 Beerse
39,Antwerpseweg 195,2022-10-17,10:00:00,10,8,2,FMN GV 10 Beerse
39,Antwerpseweg 195,2022-10-17,11:00:00,10,6,4,FMN GV 10 Beerse
39,Antwerpseweg 195,2022-10-17,12:00:00,16,12,4,FMN GV 10 Beerse
39,Antwerpseweg 195,2022-10-17,13:00:00,29,21,8,FMN GV 10 Beerse
39,Antwerpseweg 195,2022-10-17,14:00:00,17,15,2,FMN GV 10 Beerse
39,Antwerpseweg 195,2022-10-17,15:00:00,23,17,6,FMN GV 10 Beerse
39,Antwerpseweg 195,2022-10-17,16:00:00,41,28,13,FMN GV 10 Beerse
39,Antwerpseweg 195,2022-10-17,17:00:00,28,18,10,FMN GV 10 Beerse
39,Antwerpseweg 195,2022-10-17,18:00:00,13,9,4,FMN GV 10 Beerse
39,Antwerpseweg 195,2022-10-17,19:00:00,10,8,2,FMN GV 10 Beerse
39,Antwerpseweg 195,2022-10-17,20:00:00,5,3,2,FMN GV 10 Beerse
39,Antwerpseweg 195,2022-10-17,21:00:00,5,5,0,FMN GV 10 Beerse
39,Antwerpseweg 195,2022-10-17,22:00:00,2,2,0,FMN GV 10 Beerse
39,Antwerpseweg 195,2022-10-17,23:00:00,1,1,0,FMN GV 10 Beerse
39,Antwerpseweg 195,2022-10-18,00:00:00,0,0,0,FMN GV 10 Beerse
39,Antwerpseweg 195,2022-10-18,01:00:00,0,0,0,FMN GV 10 Beerse
39,Antwerpseweg 195,2022-10-18,02:00:00,0,0,0,FMN GV 10 Beerse
39,Antwerpseweg 195,2022-10-18,03:00:00,1,1,0,FMN GV 10 Beerse
39,Antwerpseweg 195,2022-10-18,04:00:00,0,0,0,FMN GV 10 Beerse
39,Antwerpseweg 195,2022-10-18,05:00:00,15,15,0,FMN GV 10 Beerse
39,Antwerpseweg 195,2022-10-18,06:00:00,17,15,2,FMN GV 10 Beerse
39,Antwerpseweg 195,2022-10-18,07:00:00,45,43,2,FMN GV 10 Beerse
39,Antwerpseweg 195,2022-10-18,08:00:00,32,24,8,FMN GV 10 Beerse
39,Antwerpseweg 195,2022-10-18,09:00:00,14,9,5,FMN GV 10 Beerse
39,Antwerpseweg 195,2022-10-18,10:00:00,20,10,10,FMN GV 10 Beerse
39,Antwerpseweg 195,2022-10-18,11:00:00,26,21,5,FMN GV 10 Beerse
39,Antwerpseweg 195,2022-10-18,12:00:00,36,23,13,FMN GV 10 Beerse
39,Antwerpseweg 195,2022-10-18,13:00:00,44,29,15,FMN GV 10 Beerse
39,Antwerpseweg 195,2022-10-18,14:00:00,46,29,17,FMN GV 10 Beerse
39,Antwerpseweg 195,2022-10-18,15:00:00,50,36,14,FMN GV 10 Beerse
39,Antwerpseweg 195,2022-10-18,16:00:00,74,44,30,FMN GV 10 Beerse
39,Antwerpseweg 195,2022-10-18,17:00:00,51,37,14,FMN GV 10 Beerse
39,Antwerpseweg 195,2022-10-18,18:00:00,26,18,8,FMN GV 10 Beerse
39,Antwerpseweg 195,2022-10-18,19:00:00,17,11,6,FMN GV 10 Beerse
39,Antwerpseweg 195,2022-10-18,20:00:00,10,8,2,FMN GV 10 Beerse
39,Antwerpseweg 195,2022-10-18,21:00:00,6,5,1,FMN GV 10 Beerse
39,Antwerpseweg 195,2022-10-18,22:00:00,12,10,2,FMN GV 10 Beerse
39,Antwerpseweg 195,2022-10-18,23:00:00,1,1,0,FMN GV 10 Beerse
39,Antwerpseweg 195,2022-10-19,00:00:00,2,1,1,FMN GV 10 Beerse
39,Antwerpseweg 195,2022-10-19,01:00:00,0,0,0,FMN GV 10 Beerse
39,Antwerpseweg 195,2022-10-19,02:00:00,1,1,0,FMN GV 10 Beerse
39,Antwerpseweg 195,2022-10-19,03:00:00,1,1,0,FMN GV 10 Beerse
39,Antwerpseweg 195,2022-10-19,04:00:00,1,1,0,FMN GV 10 Beerse
39,Antwerpseweg 195,2022-10-19,05:00:00,11,11,0,FMN GV 10 Beerse
39,Antwerpseweg 195,2022-10-19,06:00:00,16,13,3,FMN GV 10 Beerse
39,Antwerpseweg 195,2022-10-19,07:00:00,47,38,9,FMN GV 10 Beerse
39,Antwerpseweg 195,2022-10-19,08:00:00,26,18,8,FMN GV 10 Beerse
39,Antwerpseweg 195,2022-10-19,09:00:00,9,8,1,FMN GV 10 Beerse
39,Antwerpseweg 195,2022-10-19,10:00:00,27,19,8,FMN GV 10 Beerse
39,Antwerpseweg 195,2022-10-19,11:00:00,22,15,7,FMN GV 10 Beerse
39,Antwerpseweg 195,2022-10-19,12:00:00,44,32,12,FMN GV 10 Beerse
39,Antwerpseweg 195,2022-10-19,13:00:00,37,26,11,FMN GV 10 Beerse
39,Antwerpseweg 195,2022-10-19,14:00:00,46,26,20,FMN GV 10 Beerse
39,Antwerpseweg 195,2022-10-19,15:00:00,48,33,15,FMN GV 10 Beerse
39,Antwerpseweg 195,2022-10-19,16:00:00,55,39,16,FMN GV 10 Beerse
39,Antwerpseweg 195,2022-10-19,17:00:00,31,20,11,FMN GV 10 Beerse
39,Antwerpseweg 195,2022-10-19,18:00:00,29,17,12,FMN GV 10 Beerse
39,Antwerpseweg 195,2022-10-19,19:00:00,22,12,10,FMN GV 10 Beerse
39,Antwerpseweg 195,2022-10-19,20:00:00,17,11,6,FMN GV 10 Beerse
39,Antwerpseweg 195,2022-10-19,21:00:00,10,6,4,FMN GV 10 Beerse
39,Antwerpseweg 195,2022-10-19,22:00:00,6,5,1,FMN GV 10 Beerse
39,Antwerpseweg 195,2022-10-19,23:00:00,1,1,0,FMN GV 10 Beerse
39,Antwerpseweg 195,2022-10-20,00:00:00,0,0,0,FMN GV 10 Beerse
39,Antwerpseweg 195,2022-10-20,01:00:00,0,0,0,FMN GV 10 Beerse
39,Antwerpseweg 195,2022-10-20,02:00:00,0,0,0,FMN GV 10 Beerse
39,Antwerpseweg 195,2022-10-20,03:00:00,0,0,0,FMN GV 10 Beerse
39,Antwerpseweg 195,2022-10-20,04:00:00,2,2,0,FMN GV 10 Beerse
39,Antwerpseweg 195,2022-10-20,05:00:00,4,4,0,FMN GV 10 Beerse
39,Antwerpseweg 195,2022-10-20,06:00:00,13,12,1,FMN GV 10 Beerse
39,Antwerpseweg 195,2022-10-20,07:00:00,27,25,2,FMN GV 10 Beerse
39,Antwerpseweg 195,2022-10-20,08:00:00,23,21,2,FMN GV 10 Beerse
39,Antwerpseweg 195,2022-10-20,09:00:00,16,13,3,FMN GV 10 Beerse
39,Antwerpseweg 195,2022-10-20,10:00:00,20,12,8,FMN GV 10 Beerse
39,Antwerpseweg 195,2022-10-20,11:00:00,22,12,10,FMN GV 10 Beerse
39,Antwerpseweg 195,2022-10-20,12:00:00,16,11,5,FMN GV 10 Beerse
39,Antwerpseweg 195,2022-10-20,13:00:00,32,22,10,FMN GV 10 Beerse
39,Antwerpseweg 195,2022-10-20,14:00:00,30,18,12,FMN GV 10 Beerse
39,Antwerpseweg 195,2022-10-20,15:00:00,36,22,14,FMN GV 10 Beerse
39,Antwerpseweg 195,2022-10-20,16:00:00,51,34,17,FMN GV 10 Beerse
39,Antwerpseweg 195,2022-10-20,17:00:00,30,21,9,FMN GV 10 Beerse
39,Antwerpseweg 195,2022-10-20,18:00:00,13,8,5,FMN GV 10 Beerse
39,Antwerpseweg 195,2022-10-20,19:00:00,12,4,8,FMN GV 10 Beerse
39,Antwerpseweg 195,2022-10-20,20:00:00,15,10,5,FMN GV 10 Beerse
39,Antwerpseweg 195,2022-10-20,21:00:00,12,9,3,FMN GV 10 Beerse
39,Antwerpseweg 195,2022-10-20,22:00:00,8,7,1,FMN GV 10 Beerse
39,Antwerpseweg 195,2022-10-20,23:00:00,2,2,0,FMN GV 10 Beerse
39,Antwerpseweg 195,2022-10-21,00:00:00,0,0,0,FMN GV 10 Beerse
39,Antwerpseweg 195,2022-10-21,01:00:00,0,0,0,FMN GV 10 Beerse
39,Antwerpseweg 195,2022-10-21,02:00:00,0,0,0,FMN GV 10 Beerse
39,Antwerpseweg 195,2022-10-21,03:00:00,0,0,0,FMN GV 10 Beerse
39,Antwerpseweg 195,2022-10-21,04:00:00,1,1,0,FMN GV 10 Beerse
39,Antwerpseweg 195,2022-10-21,05:00:00,5,5,0,FMN GV 10 Beerse
39,Antwerpseweg 195,2022-10-21,06:00:00,7,6,1,FMN GV 10 Beerse
39,Antwerpseweg 195,2022-10-21,07:00:00,39,31,8,FMN GV 10 Beerse
39,Antwerpseweg 195,2022-10-21,08:00:00,25,19,6,FMN GV 10 Beerse
39,Antwerpseweg 195,2022-10-21,09:00:00,25,19,6,FMN GV 10 Beerse
39,Antwerpseweg 195,2022-10-21,10:00:00,21,11,10,FMN GV 10 Beerse
39,Antwerpseweg 195,2022-10-21,11:00:00,21,18,3,FMN GV 10 Beerse
39,Antwerpseweg 195,2022-10-21,12:00:00,23,16,7,FMN GV 10 Beerse
39,Antwerpseweg 195,2022-10-21,13:00:00,42,27,15,FMN GV 10 Beerse
39,Antwerpseweg 195,2022-10-21,14:00:00,33,27,6,FMN GV 10 Beerse
39,Antwerpseweg 195,2022-10-21,15:00:00,48,30,18,FMN GV 10 Beerse
39,Antwerpseweg 195,2022-10-21,16:00:00,51,35,16,FMN GV 10 Beerse
39,Antwerpseweg 195,2022-10-21,17:00:00,39,26,13,FMN GV 10 Beerse
39,Antwerpseweg 195,2022-10-21,18:00:00,15,9,6,FMN GV 10 Beerse
39,Antwerpseweg 195,2022-10-21,19:00:00,14,6,8,FMN GV 10 Beerse
39,Antwerpseweg 195,2022-10-21,20:00:00,13,7,6,FMN GV 10 Beerse
39,Antwerpseweg 195,2022-10-21,21:00:00,4,2,2,FMN GV 10 Beerse
39,Antwerpseweg 195,2022-10-21,22:00:00,6,3,3,FMN GV 10 Beerse
39,Antwerpseweg 195,2022-10-21,23:00:00,2,2,0,FMN GV 10 Beerse
39,Antwerpseweg 195,2022-10-22,00:00:00,0,0,0,FMN GV 10 Beerse
39,Antwerpseweg 195,2022-10-22,01:00:00,3,3,0,FMN GV 10 Beerse
39,Antwerpseweg 195,2022-10-22,02:00:00,3,3,0,FMN GV 10 Beerse
39,Antwerpseweg 195,2022-10-22,03:00:00,4,2,2,FMN GV 10 Beerse
39,Antwerpseweg 195,2022-10-22,04:00:00,1,1,0,FMN GV 10 Beerse
39,Antwerpseweg 195,2022-10-22,05:00:00,1,1,0,FMN GV 10 Beerse
39,Antwerpseweg 195,2022-10-22,06:00:00,3,3,0,FMN GV 10 Beerse
39,Antwerpseweg 195,2022-10-22,07:00:00,5,3,2,FMN GV 10 Beerse
39,Antwerpseweg 195,2022-10-22,08:00:00,11,8,3,FMN GV 10 Beerse
39,Antwerpseweg 195,2022-10-22,09:00:00,10,5,5,FMN GV 10 Beerse
39,Antwerpseweg 195,2022-10-22,10:00:00,13,9,4,FMN GV 10 Beerse
39,Antwerpseweg 195,2022-10-22,11:00:00,24,14,10,FMN GV 10 Beerse
39,Antwerpseweg 195,2022-10-22,12:00:00,27,18,9,FMN GV 10 Beerse
39,Antwerpseweg 195,2022-10-22,13:00:00,35,19,16,FMN GV 10 Beerse
39,Antwerpseweg 195,2022-10-22,14:00:00,37,25,12,FMN GV 10 Beerse
39,Antwerpseweg 195,2022-10-22,15:00:00,41,21,20,FMN GV 10 Beerse
39,Antwerpseweg 195,2022-10-22,16:00:00,25,17,8,FMN GV 10 Beerse
39,Antwerpseweg 195,2022-10-22,17:00:00,22,17,5,FMN GV 10 Beerse
39,Antwerpseweg 195,2022-10-22,18:00:00,12,9,3,FMN GV 10 Beerse
39,Antwerpseweg 195,2022-10-22,19:00:00,7,5,2,FMN GV 10 Beerse
39,Antwerpseweg 195,2022-10-22,20:00:00,8,6,2,FMN GV 10 Beerse
39,Antwerpseweg 195,2022-10-22,21:00:00,6,5,1,FMN GV 10 Beerse
39,Antwerpseweg 195,2022-10-22,22:00:00,6,3,3,FMN GV 10 Beerse
39,Antwerpseweg 195,2022-10-22,23:00:00,5,2,3,FMN GV 10 Beerse
39,Antwerpseweg 195,2022-10-23,00:00:00,1,1,0,FMN GV 10 Beerse
39,Antwerpseweg 195,2022-10-23,01:00:00,2,2,0,FMN GV 10 Beerse
39,Antwerpseweg 195,2022-10-23,02:00:00,0,0,0,FMN GV 10 Beerse
39,Antwerpseweg 195,2022-10-23,03:00:00,2,2,0,FMN GV 10 Beerse
39,Antwerpseweg 195,2022-10-23,04:00:00,0,0,0,FMN GV 10 Beerse
39,Antwerpseweg 195,2022-10-23,05:00:00,0,0,0,FMN GV 10 Beerse
39,Antwerpseweg 195,2022-10-23,06:00:00,0,0,0,FMN GV 10 Beerse
39,Antwerpseweg 195,2022-10-23,07:00:00,3,2,1,FMN GV 10 Beerse
39,Antwerpseweg 195,2022-10-23,08:00:00,8,6,2,FMN GV 10 Beerse
39,Antwerpseweg 195,2022-10-23,09:00:00,13,7,6,FMN GV 10 Beerse
39,Antwerpseweg 195,2022-10-23,10:00:00,18,12,6,FMN GV 10 Beerse
39,Antwerpseweg 195,2022-10-23,11:00:00,32,23,9,FMN GV 10 Beerse
39,Antwerpseweg 195,2022-10-23,12:00:00,17,11,6,FMN GV 10 Beerse
39,Antwerpseweg 195,2022-10-23,13:00:00,27,21,6,FMN GV 10 Beerse
39,Antwerpseweg 195,2022-10-23,14:00:00,40,25,15,FMN GV 10 Beerse
39,Antwerpseweg 195,2022-10-23,15:00:00,31,20,11,FMN GV 10 Beerse
39,Antwerpseweg 195,2022-10-23,16:00:00,29,25,4,FMN GV 10 Beerse
39,Antwerpseweg 195,2022-10-23,17:00:00,19,13,6,FMN GV 10 Beerse
39,Antwerpseweg 195,2022-10-23,18:00:00,7,3,4,FMN GV 10 Beerse
39,Antwerpseweg 195,2022-10-23,19:00:00,8,6,2,FMN GV 10 Beerse
39,Antwerpseweg 195,2022-10-23,20:00:00,4,2,2,FMN GV 10 Beerse
39,Antwerpseweg 195,2022-10-23,21:00:00,5,5,0,FMN GV 10 Beerse
39,Antwerpseweg 195,2022-10-23,22:00:00,2,2,0,FMN GV 10 Beerse
39,Antwerpseweg 195,2022-10-23,23:00:00,4,4,0,FMN GV 10 Beerse
39,Antwerpseweg 195,2022-10-24,00:00:00,0,0,0,FMN GV 10 Beerse
39,Antwerpseweg 195,2022-10-24,01:00:00,1,1,0,FMN GV 10 Beerse
39,Antwerpseweg 195,2022-10-24,02:00:00,0,0,0,FMN GV 10 Beerse
39,Antwerpseweg 195,2022-10-24,03:00:00,0,0,0,FMN GV 10 Beerse
39,Antwerpseweg 195,2022-10-24,04:00:00,0,0,0,FMN GV 10 Beerse
39,Antwerpseweg 195,2022-10-24,05:00:00,9,9,0,FMN GV 10 Beerse
39,Antwerpseweg 195,2022-10-24,06:00:00,5,3,2,FMN GV 10 Beerse
39,Antwerpseweg 195,2022-10-24,07:00:00,30,24,6,FMN GV 10 Beerse
39,Antwerpseweg 195,2022-10-24,08:00:00,28,24,4,FMN GV 10 Beerse
39,Antwerpseweg 195,2022-10-24,09:00:00,14,9,5,FMN GV 10 Beerse
39,Antwerpseweg 195,2022-10-24,10:00:00,15,8,7,FMN GV 10 Beerse
39,Antwerpseweg 195,2022-10-24,11:00:00,7,5,2,FMN GV 10 Beerse
39,Antwerpseweg 195,2022-10-24,12:00:00,19,14,5,FMN GV 10 Beerse
39,Antwerpseweg 195,2022-10-24,13:00:00,25,22,3,FMN GV 10 Beerse
39,Antwerpseweg 195,2022-10-24,14:00:00,21,14,7,FMN GV 10 Beerse
39,Antwerpseweg 195,2022-10-24,15:00:00,27,19,8,FMN GV 10 Beerse
39,Antwerpseweg 195,2022-10-24,16:00:00,45,29,16,FMN GV 10 Beerse
39,Antwerpseweg 195,2022-10-24,17:00:00,22,13,9,FMN GV 10 Beerse
39,Antwerpseweg 195,2022-10-24,18:00:00,11,8,3,FMN GV 10 Beerse
39,Antwerpseweg 195,2022-10-24,19:00:00,8,6,2,FMN GV 10 Beerse
39,Antwerpseweg 195,2022-10-24,20:00:00,7,3,4,FMN GV 10 Beerse
39,Antwerpseweg 195,2022-10-24,21:00:00,5,5,0,FMN GV 10 Beerse
39,Antwerpseweg 195,2022-10-24,22:00:00,10,8,2,FMN GV 10 Beerse
39,Antwerpseweg 195,2022-10-24,23:00:00,1,1,0,FMN GV 10 Beerse
39,Antwerpseweg 195,2022-10-25,00:00:00,0,0,0,FMN GV 10 Beerse
39,Antwerpseweg 195,2022-10-25,01:00:00,0,0,0,FMN GV 10 Beerse
39,Antwerpseweg 195,2022-10-25,02:00:00,0,0,0,FMN GV 10 Beerse
39,Antwerpseweg 195,2022-10-25,03:00:00,0,0,0,FMN GV 10 Beerse
39,Antwerpseweg 195,2022-10-25,04:00:00,2,2,0,FMN GV 10 Beerse
39,Antwerpseweg 195,2022-10-25,05:00:00,8,8,0,FMN GV 10 Beerse
39,Antwerpseweg 195,2022-10-25,06:00:00,10,9,1,FMN GV 10 Beerse
39,Antwerpseweg 195,2022-10-25,07:00:00,50,42,8,FMN GV 10 Beerse
39,Antwerpseweg 195,2022-10-25,08:00:00,29,25,4,FMN GV 10 Beerse
39,Antwerpseweg 195,2022-10-25,09:00:00,15,10,5,FMN GV 10 Beerse
39,Antwerpseweg 195,2022-10-25,10:00:00,17,12,5,FMN GV 10 Beerse
39,Antwerpseweg 195,2022-10-25,11:00:00,24,17,7,FMN GV 10 Beerse
39,Antwerpseweg 195,2022-10-25,12:00:00,25,17,8,FMN GV 10 Beerse
39,Antwerpseweg 195,2022-10-25,13:00:00,46,26,20,FMN GV 10 Beerse
39,Antwerpseweg 195,2022-10-25,14:00:00,42,22,20,FMN GV 10 Beerse
39,Antwerpseweg 195,2022-10-25,15:00:00,31,26,5,FMN GV 10 Beerse
39,Antwerpseweg 195,2022-10-25,16:00:00,63,46,17,FMN GV 10 Beerse
39,Antwerpseweg 195,2022-10-25,17:00:00,49,35,14,FMN GV 10 Beerse
39,Antwerpseweg 195,2022-10-25,18:00:00,28,16,12,FMN GV 10 Beerse
39,Antwerpseweg 195,2022-10-25,19:00:00,13,9,4,FMN GV 10 Beerse
39,Antwerpseweg 195,2022-10-25,20:00:00,4,3,1,FMN GV 10 Beerse
39,Antwerpseweg 195,2022-10-25,21:00:00,3,1,2,FMN GV 10 Beerse
39,Antwerpseweg 195,2022-10-25,22:00:00,9,5,4,FMN GV 10 Beerse
39,Antwerpseweg 195,2022-10-25,23:00:00,0,0,0,FMN GV 10 Beerse
39,Antwerpseweg 195,2022-10-26,00:00:00,1,1,0,FMN GV 10 Beerse
39,Antwerpseweg 195,2022-10-26,01:00:00,1,1,0,FMN GV 10 Beerse
39,Antwerpseweg 195,2022-10-26,02:00:00,0,0,0,FMN GV 10 Beerse
39,Antwerpseweg 195,2022-10-26,03:00:00,1,1,0,FMN GV 10 Beerse
39,Antwerpseweg 195,2022-10-26,04:00:00,0,0,0,FMN GV 10 Beerse
39,Antwerpseweg 195,2022-10-26,05:00:00,15,13,2,FMN GV 10 Beerse
39,Antwerpseweg 195,2022-10-26,06:00:00,19,15,4,FMN GV 10 Beerse
39,Antwerpseweg 195,2022-10-26,07:00:00,58,46,12,FMN GV 10 Beerse
39,Antwerpseweg 195,2022-10-26,08:00:00,36,31,5,FMN GV 10 Beerse
39,Antwerpseweg 195,2022-10-26,09:00:00,14,11,3,FMN GV 10 Beerse
39,Antwerpseweg 195,2022-10-26,10:00:00,25,19,6,FMN GV 10 Beerse
39,Antwerpseweg 195,2022-10-26,11:00:00,14,8,6,FMN GV 10 Beerse
39,Antwerpseweg 195,2022-10-26,12:00:00,49,40,9,FMN GV 10 Beerse
39,Antwerpseweg 195,2022-10-26,13:00:00,49,33,16,FMN GV 10 Beerse
39,Antwerpseweg 195,2022-10-26,14:00:00,38,22,16,FMN GV 10 Beerse
39,Antwerpseweg 195,2022-10-26,15:00:00,40,22,18,FMN GV 10 Beerse
39,Antwerpseweg 195,2022-10-26,16:00:00,43,28,15,FMN GV 10 Beerse
39,Antwerpseweg 195,2022-10-26,17:00:00,48,32,16,FMN GV 10 Beerse
39,Antwerpseweg 195,2022-10-26,18:00:00,20,13,7,FMN GV 10 Beerse
39,Antwerpseweg 195,2022-10-26,19:00:00,10,4,6,FMN GV 10 Beerse
39,Antwerpseweg 195,2022-10-26,20:00:00,12,9,3,FMN GV 10 Beerse
39,Antwerpseweg 195,2022-10-26,21:00:00,7,6,1,FMN GV 10 Beerse
39,Antwerpseweg 195,2022-10-26,22:00:00,6,5,1,FMN GV 10 Beerse
39,Antwerpseweg 195,2022-10-26,23:00:00,1,1,0,FMN GV 10 Beerse
39,Antwerpseweg 195,2022-10-27,00:00:00,1,1,0,FMN GV 10 Beerse
39,Antwerpseweg 195,2022-10-27,01:00:00,0,0,0,FMN GV 10 Beerse
39,Antwerpseweg 195,2022-10-27,02:00:00,0,0,0,FMN GV 10 Beerse
39,Antwerpseweg 195,2022-10-27,03:00:00,0,0,0,FMN GV 10 Beerse
39,Antwerpseweg 195,2022-10-27,04:00:00,3,3,0,FMN GV 10 Beerse
39,Antwerpseweg 195,2022-10-27,05:00:00,3,3,0,FMN GV 10 Beerse
39,Antwerpseweg 195,2022-10-27,06:00:00,19,18,1,FMN GV 10 Beerse
39,Antwerpseweg 195,2022-10-27,07:00:00,48,45,3,FMN GV 10 Beerse
39,Antwerpseweg 195,2022-10-27,08:00:00,34,26,8,FMN GV 10 Beerse
39,Antwerpseweg 195,2022-10-27,09:00:00,15,12,3,FMN GV 10 Beerse
39,Antwerpseweg 195,2022-10-27,10:00:00,15,9,6,FMN GV 10 Beerse
39,Antwerpseweg 195,2022-10-27,11:00:00,22,17,5,FMN GV 10 Beerse
39,Antwerpseweg 195,2022-10-27,12:00:00,28,19,9,FMN GV 10 Beerse
39,Antwerpseweg 195,2022-10-27,13:00:00,31,21,10,FMN GV 10 Beerse
39,Antwerpseweg 195,2022-10-27,14:00:00,43,28,15,FMN GV 10 Beerse
39,Antwerpseweg 195,2022-10-27,15:00:00,63,42,21,FMN GV 10 Beerse
39,Antwerpseweg 195,2022-10-27,16:00:00,58,41,17,FMN GV 10 Beerse
39,Antwerpseweg 195,2022-10-27,17:00:00,33,19,14,FMN GV 10 Beerse
39,Antwerpseweg 195,2022-10-27,18:00:00,34,23,11,FMN GV 10 Beerse
39,Antwerpseweg 195,2022-10-27,19:00:00,16,12,4,FMN GV 10 Beerse
39,Antwerpseweg 195,2022-10-27,20:00:00,20,11,9,FMN GV 10 Beerse
39,Antwerpseweg 195,2022-10-27,21:00:00,9,6,3,FMN GV 10 Beerse
39,Antwerpseweg 195,2022-10-27,22:00:00,10,8,2,FMN GV 10 Beerse
39,Antwerpseweg 195,2022-10-27,23:00:00,0,0,0,FMN GV 10 Beerse
39,Antwerpseweg 195,2022-10-28,00:00:00,0,0,0,FMN GV 10 Beerse
39,Antwerpseweg 195,2022-10-28,01:00:00,0,0,0,FMN GV 10 Beerse
39,Antwerpseweg 195,2022-10-28,02:00:00,2,2,0,FMN GV 10 Beerse
39,Antwerpseweg 195,2022-10-28,03:00:00,1,0,1,FMN GV 10 Beerse
39,Antwerpseweg 195,2022-10-28,04:00:00,3,2,1,FMN GV 10 Beerse
39,Antwerpseweg 195,2022-10-28,05:00:00,11,11,0,FMN GV 10 Beerse
39,Antwerpseweg 195,2022-10-28,06:00:00,10,10,0,FMN GV 10 Beerse
39,Antwerpseweg 195,2022-10-28,07:00:00,45,39,6,FMN GV 10 Beerse
39,Antwerpseweg 195,2022-10-28,08:00:00,28,22,6,FMN GV 10 Beerse
39,Antwerpseweg 195,2022-10-28,09:00:00,20,15,5,FMN GV 10 Beerse
39,Antwerpseweg 195,2022-10-28,10:00:00,18,11,7,FMN GV 10 Beerse
39,Antwerpseweg 195,2022-10-28,11:00:00,25,19,6,FMN GV 10 Beerse
39,Antwerpseweg 195,2022-10-28,12:00:00,27,16,11,FMN GV 10 Beerse
39,Antwerpseweg 195,2022-10-28,13:00:00,37,25,12,FMN GV 10 Beerse
39,Antwerpseweg 195,2022-10-28,14:00:00,47,30,17,FMN GV 10 Beerse
39,Antwerpseweg 195,2022-10-28,15:00:00,59,41,18,FMN GV 10 Beerse
39,Antwerpseweg 195,2022-10-28,16:00:00,52,38,14,FMN GV 10 Beerse
39,Antwerpseweg 195,2022-10-28,17:00:00,41,23,18,FMN GV 10 Beerse
39,Antwerpseweg 195,2022-10-28,18:00:00,25,16,9,FMN GV 10 Beerse
39,Antwerpseweg 195,2022-10-28,19:00:00,19,11,8,FMN GV 10 Beerse
39,Antwerpseweg 195,2022-10-28,20:00:00,19,15,4,FMN GV 10 Beerse
39,Antwerpseweg 195,2022-10-28,21:00:00,8,5,3,FMN GV 10 Beerse
39,Antwerpseweg 195,2022-10-28,22:00:00,11,9,2,FMN GV 10 Beerse
39,Antwerpseweg 195,2022-10-28,23:00:00,2,2,0,FMN GV 10 Beerse
39,Antwerpseweg 195,2022-10-29,00:00:00,3,1,2,FMN GV 10 Beerse
39,Antwerpseweg 195,2022-10-29,01:00:00,2,1,1,FMN GV 10 Beerse
39,Antwerpseweg 195,2022-10-29,02:00:00,5,4,1,FMN GV 10 Beerse
39,Antwerpseweg 195,2022-10-29,03:00:00,2,1,1,FMN GV 10 Beerse
39,Antwerpseweg 195,2022-10-29,04:00:00,1,1,0,FMN GV 10 Beerse
39,Antwerpseweg 195,2022-10-29,05:00:00,0,0,0,FMN GV 10 Beerse
39,Antwerpseweg 195,2022-10-29,06:00:00,0,0,0,FMN GV 10 Beerse
39,Antwerpseweg 195,2022-10-29,07:00:00,2,2,0,FMN GV 10 Beerse
39,Antwerpseweg 195,2022-10-29,08:00:00,8,3,5,FMN GV 10 Beerse
39,Antwerpseweg 195,2022-10-29,09:00:00,14,6,8,FMN GV 10 Beerse
39,Antwerpseweg 195,2022-10-29,10:00:00,15,11,4,FMN GV 10 Beerse
39,Antwerpseweg 195,2022-10-29,11:00:00,26,22,4,FMN GV 10 Beerse
39,Antwerpseweg 195,2022-10-29,12:00:00,43,28,15,FMN GV 10 Beerse
39,Antwerpseweg 195,2022-10-29,13:00:00,45,25,20,FMN GV 10 Beerse
39,Antwerpseweg 195,2022-10-29,14:00:00,56,42,14,FMN GV 10 Beerse
39,Antwerpseweg 195,2022-10-29,15:00:00,43,34,9,FMN GV 10 Beerse
39,Antwerpseweg 195,2022-10-29,16:00:00,36,21,15,FMN GV 10 Beerse
39,Antwerpseweg 195,2022-10-29,17:00:00,24,16,8,FMN GV 10 Beerse
39,Antwerpseweg 195,2022-10-29,18:00:00,18,12,6,FMN GV 10 Beerse
39,Antwerpseweg 195,2022-10-29,19:00:00,4,4,0,FMN GV 10 Beerse
39,Antwerpseweg 195,2022-10-29,20:00:00,8,4,4,FMN GV 10 Beerse
39,Antwerpseweg 195,2022-10-29,21:00:00,1,1,0,FMN GV 10 Beerse
39,Antwerpseweg 195,2022-10-29,22:00:00,6,3,3,FMN GV 10 Beerse
39,Antwerpseweg 195,2022-10-29,23:00:00,5,4,1,FMN GV 10 Beerse
39,Antwerpseweg 195,2022-10-30,00:00:00,2,2,0,FMN GV 10 Beerse
39,Antwerpseweg 195,2022-10-30,01:00:00,1,1,0,FMN GV 10 Beerse
39,Antwerpseweg 195,2022-10-30,02:00:00,1,1,0,FMN GV 10 Beerse
39,Antwerpseweg 195,2022-10-30,03:00:00,2,1,1,FMN GV 10 Beerse
39,Antwerpseweg 195,2022-10-30,04:00:00,2,1,1,FMN GV 10 Beerse
39,Antwerpseweg 195,2022-10-30,05:00:00,1,1,0,FMN GV 10 Beerse
39,Antwerpseweg 195,2022-10-30,06:00:00,0,0,0,FMN GV 10 Beerse
39,Antwerpseweg 195,2022-10-30,07:00:00,3,2,1,FMN GV 10 Beerse
39,Antwerpseweg 195,2022-10-30,08:00:00,7,5,2,FMN GV 10 Beerse
39,Antwerpseweg 195,2022-10-30,09:00:00,26,15,11,FMN GV 10 Beerse
39,Antwerpseweg 195,2022-10-30,10:00:00,29,19,10,FMN GV 10 Beerse
39,Antwerpseweg 195,2022-10-30,11:00:00,35,24,11,FMN GV 10 Beerse
39,Antwerpseweg 195,2022-10-30,12:00:00,24,17,7,FMN GV 10 Beerse
39,Antwerpseweg 195,2022-10-30,13:00:00,31,22,9,FMN GV 10 Beerse
39,Antwerpseweg 195,2022-10-30,14:00:00,51,31,20,FMN GV 10 Beerse
39,Antwerpseweg 195,2022-10-30,15:00:00,50,32,18,FMN GV 10 Beerse
39,Antwerpseweg 195,2022-10-30,16:00:00,42,27,15,FMN GV 10 Beerse
39,Antwerpseweg 195,2022-10-30,17:00:00,23,13,10,FMN GV 10 Beerse
39,Antwerpseweg 195,2022-10-30,18:00:00,14,7,7,FMN GV 10 Beerse
39,Antwerpseweg 195,2022-10-30,19:00:00,15,11,4,FMN GV 10 Beerse
39,Antwerpseweg 195,2022-10-30,20:00:00,6,3,3,FMN GV 10 Beerse
39,Antwerpseweg 195,2022-10-30,21:00:00,4,3,1,FMN GV 10 Beerse
39,Antwerpseweg 195,2022-10-30,22:00:00,4,3,1,FMN GV 10 Beerse
39,Antwerpseweg 195,2022-10-30,23:00:00,1,1,0,FMN GV 10 Beerse
39,Antwerpseweg 195,2022-10-31,00:00:00,0,0,0,FMN GV 10 Beerse
39,Antwerpseweg 195,2022-10-31,01:00:00,0,0,0,FMN GV 10 Beerse
39,Antwerpseweg 195,2022-10-31,02:00:00,0,0,0,FMN GV 10 Beerse
39,Antwerpseweg 195,2022-10-31,03:00:00,0,0,0,FMN GV 10 Beerse
39,Antwerpseweg 195,2022-10-31,04:00:00,0,0,0,FMN GV 10 Beerse
39,Antwerpseweg 195,2022-10-31,05:00:00,4,4,0,FMN GV 10 Beerse
39,Antwerpseweg 195,2022-10-31,06:00:00,7,7,0,FMN GV 10 Beerse
39,Antwerpseweg 195,2022-10-31,07:00:00,23,22,1,FMN GV 10 Beerse
39,Antwerpseweg 195,2022-10-31,08:00:00,10,8,2,FMN GV 10 Beerse
39,Antwerpseweg 195,2022-10-31,09:00:00,4,3,1,FMN GV 10 Beerse
39,Antwerpseweg 195,2022-10-31,10:00:00,11,9,2,FMN GV 10 Beerse
39,Antwerpseweg 195,2022-10-31,11:00:00,7,5,2,FMN GV 10 Beerse
39,Antwerpseweg 195,2022-10-31,12:00:00,12,7,5,FMN GV 10 Beerse
39,Antwerpseweg 195,2022-10-31,13:00:00,25,22,3,FMN GV 10 Beerse
39,Antwerpseweg 195,2022-10-31,14:00:00,21,12,9,FMN GV 10 Beerse
39,Antwerpseweg 195,2022-10-31,15:00:00,35,23,12,FMN GV 10 Beerse
39,Antwerpseweg 195,2022-10-31,16:00:00,28,16,12,FMN GV 10 Beerse
39,Antwerpseweg 195,2022-10-31,17:00:00,25,18,7,FMN GV 10 Beerse
39,Antwerpseweg 195,2022-10-31,18:00:00,12,8,4,FMN GV 10 Beerse
39,Antwerpseweg 195,2022-10-31,19:00:00,9,6,3,FMN GV 10 Beerse
39,Antwerpseweg 195,2022-10-31,20:00:00,7,4,3,FMN GV 10 Beerse
39,Antwerpseweg 195,2022-10-31,21:00:00,2,2,0,FMN GV 10 Beerse
39,Antwerpseweg 195,2022-10-31,22:00:00,3,0,3,FMN GV 10 Beerse
39,Antwerpseweg 195,2022-10-31,23:00:00,0,0,0,FMN GV 10 Beerse
39,Antwerpseweg 195,2022-11-01,00:00:00,0,0,0,FMN GV 10 Beerse
39,Antwerpseweg 195,2022-11-01,01:00:00,0,0,0,FMN GV 10 Beerse
39,Antwerpseweg 195,2022-11-01,02:00:00,1,0,1,FMN GV 10 Beerse
39,Antwerpseweg 195,2022-11-01,03:00:00,0,0,0,FMN GV 10 Beerse
39,Antwerpseweg 195,2022-11-01,04:00:00,0,0,0,FMN GV 10 Beerse
39,Antwerpseweg 195,2022-11-01,05:00:00,5,5,0,FMN GV 10 Beerse
39,Antwerpseweg 195,2022-11-01,06:00:00,7,7,0,FMN GV 10 Beerse
39,Antwerpseweg 195,2022-11-01,07:00:00,11,9,2,FMN GV 10 Beerse
39,Antwerpseweg 195,2022-11-01,08:00:00,16,13,3,FMN GV 10 Beerse
39,Antwerpseweg 195,2022-11-01,09:00:00,10,6,4,FMN GV 10 Beerse
39,Antwerpseweg 195,2022-11-01,10:00:00,4,3,1,FMN GV 10 Beerse
39,Antwerpseweg 195,2022-11-01,11:00:00,5,5,0,FMN GV 10 Beerse
39,Antwerpseweg 195,2022-11-01,12:00:00,3,1,2,FMN GV 10 Beerse
39,Antwerpseweg 195,2022-11-01,13:00:00,13,9,4,FMN GV 10 Beerse
39,Antwerpseweg 195,2022-11-01,14:00:00,16,9,7,FMN GV 10 Beerse
39,Antwerpseweg 195,2022-11-01,15:00:00,16,14,2,FMN GV 10 Beerse
39,Antwerpseweg 195,2022-11-01,16:00:00,22,16,6,FMN GV 10 Beerse
39,Antwerpseweg 195,2022-11-01,17:00:00,28,19,9,FMN GV 10 Beerse
39,Antwerpseweg 195,2022-11-01,18:00:00,10,8,2,FMN GV 10 Beerse
39,Antwerpseweg 195,2022-11-01,19:00:00,8,3,5,FMN GV 10 Beerse
39,Antwerpseweg 195,2022-11-01,20:00:00,2,1,1,FMN GV 10 Beerse
39,Antwerpseweg 195,2022-11-01,21:00:00,2,2,0,FMN GV 10 Beerse
39,Antwerpseweg 195,2022-11-01,22:00:00,5,3,2,FMN GV 10 Beerse
39,Antwerpseweg 195,2022-11-01,23:00:00,0,0,0,FMN GV 10 Beerse
39,Antwerpseweg 195,2022-11-02,00:00:00,0,0,0,FMN GV 10 Beerse
39,Antwerpseweg 195,2022-11-02,01:00:00,0,0,0,FMN GV 10 Beerse
39,Antwerpseweg 195,2022-11-02,02:00:00,0,0,0,FMN GV 10 Beerse
39,Antwerpseweg 195,2022-11-02,03:00:00,1,1,0,FMN GV 10 Beerse
39,Antwerpseweg 195,2022-11-02,04:00:00,3,2,1,FMN GV 10 Beerse
39,Antwerpseweg 195,2022-11-02,05:00:00,3,3,0,FMN GV 10 Beerse
39,Antwerpseweg 195,2022-11-02,06:00:00,14,13,1,FMN GV 10 Beerse
39,Antwerpseweg 195,2022-11-02,07:00:00,26,26,0,FMN GV 10 Beerse
39,Antwerpseweg 195,2022-11-02,08:00:00,15,10,5,FMN GV 10 Beerse
39,Antwerpseweg 195,2022-11-02,09:00:00,15,9,6,FMN GV 10 Beerse
39,Antwerpseweg 195,2022-11-02,10:00:00,10,7,3,FMN GV 10 Beerse
39,Antwerpseweg 195,2022-11-02,11:00:00,8,2,6,FMN GV 10 Beerse
39,Antwerpseweg 195,2022-11-02,12:00:00,16,10,6,FMN GV 10 Beerse
39,Antwerpseweg 195,2022-11-02,13:00:00,32,24,8,FMN GV 10 Beerse
39,Antwerpseweg 195,2022-11-02,14:00:00,20,12,8,FMN GV 10 Beerse
39,Antwerpseweg 195,2022-11-02,15:00:00,21,15,6,FMN GV 10 Beerse
39,Antwerpseweg 195,2022-11-02,16:00:00,29,20,9,FMN GV 10 Beerse
39,Antwerpseweg 195,2022-11-02,17:00:00,34,21,13,FMN GV 10 Beerse
39,Antwerpseweg 195,2022-11-02,18:00:00,11,4,7,FMN GV 10 Beerse
39,Antwerpseweg 195,2022-11-02,19:00:00,9,4,5,FMN GV 10 Beerse
39,Antwerpseweg 195,2022-11-02,20:00:00,5,2,3,FMN GV 10 Beerse
39,Antwerpseweg 195,2022-11-02,21:00:00,4,4,0,FMN GV 10 Beerse
39,Antwerpseweg 195,2022-11-02,22:00:00,7,5,2,FMN GV 10 Beerse
39,Antwerpseweg 195,2022-11-02,23:00:00,0,0,0,FMN GV 10 Beerse
39,Antwerpseweg 195,2022-11-03,00:00:00,0,0,0,FMN GV 10 Beerse
39,Antwerpseweg 195,2022-11-03,01:00:00,0,0,0,FMN GV 10 Beerse
39,Antwerpseweg 195,2022-11-03,02:00:00,0,0,0,FMN GV 10 Beerse
39,Antwerpseweg 195,2022-11-03,03:00:00,0,0,0,FMN GV 10 Beerse
39,Antwerpseweg 195,2022-11-03,04:00:00,1,1,0,FMN GV 10 Beerse
39,Antwerpseweg 195,2022-11-03,05:00:00,7,7,0,FMN GV 10 Beerse
39,Antwerpseweg 195,2022-11-03,06:00:00,8,7,1,FMN GV 10 Beerse
39,Antwerpseweg 195,2022-11-03,07:00:00,20,17,3,FMN GV 10 Beerse
39,Antwerpseweg 195,2022-11-03,08:00:00,17,13,4,FMN GV 10 Beerse
39,Antwerpseweg 195,2022-11-03,09:00:00,8,4,4,FMN GV 10 Beerse
39,Antwerpseweg 195,2022-11-03,10:00:00,8,5,3,FMN GV 10 Beerse
39,Antwerpseweg 195,2022-11-03,11:00:00,6,4,2,FMN GV 10 Beerse
39,Antwerpseweg 195,2022-11-03,12:00:00,14,10,4,FMN GV 10 Beerse
39,Antwerpseweg 195,2022-11-03,13:00:00,21,15,6,FMN GV 10 Beerse
39,Antwerpseweg 195,2022-11-03,14:00:00,18,14,4,FMN GV 10 Beerse
39,Antwerpseweg 195,2022-11-03,15:00:00,18,12,6,FMN GV 10 Beerse
39,Antwerpseweg 195,2022-11-03,16:00:00,23,19,4,FMN GV 10 Beerse
39,Antwerpseweg 195,2022-11-03,17:00:00,12,8,4,FMN GV 10 Beerse
39,Antwerpseweg 195,2022-11-03,18:00:00,6,3,3,FMN GV 10 Beerse
39,Antwerpseweg 195,2022-11-03,19:00:00,4,4,0,FMN GV 10 Beerse
39,Antwerpseweg 195,2022-11-03,20:00:00,4,1,3,FMN GV 10 Beerse
39,Antwerpseweg 195,2022-11-03,21:00:00,7,5,2,FMN GV 10 Beerse
39,Antwerpseweg 195,2022-11-03,22:00:00,3,2,1,FMN GV 10 Beerse
39,Antwerpseweg 195,2022-11-03,23:00:00,2,2,0,FMN GV 10 Beerse
39,Antwerpseweg 195,2022-11-04,00:00:00,0,0,0,FMN GV 10 Beerse
39,Antwerpseweg 195,2022-11-04,01:00:00,0,0,0,FMN GV 10 Beerse
39,Antwerpseweg 195,2022-11-04,02:00:00,0,0,0,FMN GV 10 Beerse
39,Antwerpseweg 195,2022-11-04,03:00:00,0,0,0,FMN GV 10 Beerse
39,Antwerpseweg 195,2022-11-04,04:00:00,1,1,0,FMN GV 10 Beerse
39,Antwerpseweg 195,2022-11-04,05:00:00,4,4,0,FMN GV 10 Beerse
39,Antwerpseweg 195,2022-11-04,06:00:00,8,5,3,FMN GV 10 Beerse
39,Antwerpseweg 195,2022-11-04,07:00:00,13,11,2,FMN GV 10 Beerse
39,Antwerpseweg 195,2022-11-04,08:00:00,22,14,8,FMN GV 10 Beerse
39,Antwerpseweg 195,2022-11-04,09:00:00,7,4,3,FMN GV 10 Beerse
39,Antwerpseweg 195,2022-11-04,10:00:00,9,7,2,FMN GV 10 Beerse
39,Antwerpseweg 195,2022-11-04,11:00:00,5,4,1,FMN GV 10 Beerse
39,Antwerpseweg 195,2022-11-04,12:00:00,11,6,5,FMN GV 10 Beerse
39,Antwerpseweg 195,2022-11-04,13:00:00,17,14,3,FMN GV 10 Beerse
39,Antwerpseweg 195,2022-11-04,14:00:00,17,15,2,FMN GV 10 Beerse
39,Antwerpseweg 195,2022-11-04,15:00:00,24,17,7,FMN GV 10 Beerse
39,Antwerpseweg 195,2022-11-04,16:00:00,18,12,6,FMN GV 10 Beerse
39,Antwerpseweg 195,2022-11-04,17:00:00,14,13,1,FMN GV 10 Beerse
39,Antwerpseweg 195,2022-11-04,18:00:00,9,6,3,FMN GV 10 Beerse
39,Antwerpseweg 195,2022-11-04,19:00:00,2,1,1,FMN GV 10 Beerse
39,Antwerpseweg 195,2022-11-04,20:00:00,5,1,4,FMN GV 10 Beerse
39,Antwerpseweg 195,2022-11-04,21:00:00,2,1,1,FMN GV 10 Beerse
39,Antwerpseweg 195,2022-11-04,22:00:00,4,3,1,FMN GV 10 Beerse
39,Antwerpseweg 195,2022-11-04,23:00:00,1,1,0,FMN GV 10 Beerse
39,Antwerpseweg 195,2022-11-05,00:00:00,1,1,0,FMN GV 10 Beerse
39,Antwerpseweg 195,2022-11-05,01:00:00,3,3,0,FMN GV 10 Beerse
39,Antwerpseweg 195,2022-11-05,02:00:00,2,1,1,FMN GV 10 Beerse
39,Antwerpseweg 195,2022-11-05,03:00:00,0,0,0,FMN GV 10 Beerse
39,Antwerpseweg 195,2022-11-05,04:00:00,0,0,0,FMN GV 10 Beerse
39,Antwerpseweg 195,2022-11-05,05:00:00,4,4,0,FMN GV 10 Beerse
39,Antwerpseweg 195,2022-11-05,06:00:00,0,0,0,FMN GV 10 Beerse
39,Antwerpseweg 195,2022-11-05,07:00:00,5,4,1,FMN GV 10 Beerse
39,Antwerpseweg 195,2022-11-05,08:00:00,4,1,3,FMN GV 10 Beerse
39,Antwerpseweg 195,2022-11-05,09:00:00,9,6,3,FMN GV 10 Beerse
39,Antwerpseweg 195,2022-11-05,10:00:00,11,8,3,FMN GV 10 Beerse
39,Antwerpseweg 195,2022-11-05,11:00:00,14,11,3,FMN GV 10 Beerse
39,Antwerpseweg 195,2022-11-05,12:00:00,22,15,7,FMN GV 10 Beerse
39,Antwerpseweg 195,2022-11-05,13:00:00,27,15,12,FMN GV 10 Beerse
39,Antwerpseweg 195,2022-11-05,14:00:00,19,12,7,FMN GV 10 Beerse
39,Antwerpseweg 195,2022-11-05,15:00:00,30,23,7,FMN GV 10 Beerse
39,Antwerpseweg 195,2022-11-05,16:00:00,21,11,10,FMN GV 10 Beerse
39,Antwerpseweg 195,2022-11-05,17:00:00,16,9,7,FMN GV 10 Beerse
39,Antwerpseweg 195,2022-11-05,18:00:00,11,6,5,FMN GV 10 Beerse
39,Antwerpseweg 195,2022-11-05,19:00:00,7,5,2,FMN GV 10 Beerse
39,Antwerpseweg 195,2022-11-05,20:00:00,6,5,1,FMN GV 10 Beerse
39,Antwerpseweg 195,2022-11-05,21:00:00,2,2,0,FMN GV 10 Beerse
39,Antwerpseweg 195,2022-11-05,22:00:00,1,1,0,FMN GV 10 Beerse
39,Antwerpseweg 195,2022-11-05,23:00:00,3,2,1,FMN GV 10 Beerse
39,Antwerpseweg 195,2022-11-06,00:00:00,0,0,0,FMN GV 10 Beerse
39,Antwerpseweg 195,2022-11-06,01:00:00,1,1,0,FMN GV 10 Beerse
39,Antwerpseweg 195,2022-11-06,02:00:00,0,0,0,FMN GV 10 Beerse
39,Antwerpseweg 195,2022-11-06,03:00:00,1,0,1,FMN GV 10 Beerse
39,Antwerpseweg 195,2022-11-06,04:00:00,0,0,0,FMN GV 10 Beerse
39,Antwerpseweg 195,2022-11-06,05:00:00,1,1,0,FMN GV 10 Beerse
39,Antwerpseweg 195,2022-11-06,06:00:00,0,0,0,FMN GV 10 Beerse
39,Antwerpseweg 195,2022-11-06,07:00:00,3,3,0,FMN GV 10 Beerse
39,Antwerpseweg 195,2022-11-06,08:00:00,0,0,0,FMN GV 10 Beerse
39,Antwerpseweg 195,2022-11-06,09:00:00,7,4,3,FMN GV 10 Beerse
39,Antwerpseweg 195,2022-11-06,10:00:00,7,6,1,FMN GV 10 Beerse
39,Antwerpseweg 195,2022-11-06,11:00:00,11,7,4,FMN GV 10 Beerse
39,Antwerpseweg 195,2022-11-06,12:00:00,12,10,2,FMN GV 10 Beerse
39,Antwerpseweg 195,2022-11-06,13:00:00,11,7,4,FMN GV 10 Beerse
39,Antwerpseweg 195,2022-11-06,14:00:00,12,5,7,FMN GV 10 Beerse
39,Antwerpseweg 195,2022-11-06,15:00:00,10,6,4,FMN GV 10 Beerse
39,Antwerpseweg 195,2022-11-06,16:00:00,7,5,2,FMN GV 10 Beerse
39,Antwerpseweg 195,2022-11-06,17:00:00,6,6,0,FMN GV 10 Beerse
39,Antwerpseweg 195,2022-11-06,18:00:00,3,1,2,FMN GV 10 Beerse
39,Antwerpseweg 195,2022-11-06,19:00:00,3,2,1,FMN GV 10 Beerse
39,Antwerpseweg 195,2022-11-06,20:00:00,1,0,1,FMN GV 10 Beerse
39,Antwerpseweg 195,2022-11-06,21:00:00,3,2,1,FMN GV 10 Beerse
39,Antwerpseweg 195,2022-11-06,22:00:00,3,3,0,FMN GV 10 Beerse
39,Antwerpseweg 195,2022-11-06,23:00:00,1,1,0,FMN GV 10 Beerse
39,Antwerpseweg 195,2022-11-07,00:00:00,0,0,0,FMN GV 10 Beerse
39,Antwerpseweg 195,2022-11-07,01:00:00,2,1,1,FMN GV 10 Beerse
39,Antwerpseweg 195,2022-11-07,02:00:00,0,0,0,FMN GV 10 Beerse
39,Antwerpseweg 195,2022-11-07,03:00:00,1,1,0,FMN GV 10 Beerse
39,Antwerpseweg 195,2022-11-07,04:00:00,1,1,0,FMN GV 10 Beerse
39,Antwerpseweg 195,2022-11-07,05:00:00,11,10,1,FMN GV 10 Beerse
39,Antwerpseweg 195,2022-11-07,06:00:00,8,8,0,FMN GV 10 Beerse
39,Antwerpseweg 195,2022-11-07,07:00:00,23,19,4,FMN GV 10 Beerse
39,Antwerpseweg 195,2022-11-07,08:00:00,15,12,3,FMN GV 10 Beerse
39,Antwerpseweg 195,2022-11-07,09:00:00,9,6,3,FMN GV 10 Beerse
39,Antwerpseweg 195,2022-11-07,10:00:00,13,7,6,FMN GV 10 Beerse
39,Antwerpseweg 195,2022-11-07,11:00:00,6,4,2,FMN GV 10 Beerse
39,Antwerpseweg 195,2022-11-07,12:00:00,11,8,3,FMN GV 10 Beerse
39,Antwerpseweg 195,2022-11-07,13:00:00,27,22,5,FMN GV 10 Beerse
39,Antwerpseweg 195,2022-11-07,14:00:00,25,17,8,FMN GV 10 Beerse
39,Antwerpseweg 195,2022-11-07,15:00:00,35,19,16,FMN GV 10 Beerse
39,Antwerpseweg 195,2022-11-07,16:00:00,42,31,11,FMN GV 10 Beerse
39,Antwerpseweg 195,2022-11-07,17:00:00,34,24,10,FMN GV 10 Beerse
39,Antwerpseweg 195,2022-11-07,18:00:00,11,10,1,FMN GV 10 Beerse
39,Antwerpseweg 195,2022-11-07,19:00:00,13,12,1,FMN GV 10 Beerse
39,Antwerpseweg 195,2022-11-07,20:00:00,5,3,2,FMN GV 10 Beerse
39,Antwerpseweg 195,2022-11-07,21:00:00,1,1,0,FMN GV 10 Beerse
39,Antwerpseweg 195,2022-11-07,22:00:00,5,3,2,FMN GV 10 Beerse
39,Antwerpseweg 195,2022-11-07,23:00:00,1,1,0,FMN GV 10 Beerse
39,Antwerpseweg 195,2022-11-08,00:00:00,1,1,0,FMN GV 10 Beerse
39,Antwerpseweg 195,2022-11-08,01:00:00,0,0,0,FMN GV 10 Beerse
39,Antwerpseweg 195,2022-11-08,02:00:00,0,0,0,FMN GV 10 Beerse
39,Antwerpseweg 195,2022-11-08,03:00:00,0,0,0,FMN GV 10 Beerse
39,Antwerpseweg 195,2022-11-08,04:00:00,0,0,0,FMN GV 10 Beerse
39,Antwerpseweg 195,2022-11-08,05:00:00,8,8,0,FMN GV 10 Beerse
39,Antwerpseweg 195,2022-11-08,06:00:00,9,8,1,FMN GV 10 Beerse
39,Antwerpseweg 195,2022-11-08,07:00:00,44,35,9,FMN GV 10 Beerse
39,Antwerpseweg 195,2022-11-08,08:00:00,31,28,3,FMN GV 10 Beerse
39,Antwerpseweg 195,2022-11-08,09:00:00,17,11,6,FMN GV 10 Beerse
39,Antwerpseweg 195,2022-11-08,10:00:00,11,6,5,FMN GV 10 Beerse
39,Antwerpseweg 195,2022-11-08,11:00:00,15,9,6,FMN GV 10 Beerse
39,Antwerpseweg 195,2022-11-08,12:00:00,20,16,4,FMN GV 10 Beerse
39,Antwerpseweg 195,2022-11-08,13:00:00,36,23,13,FMN GV 10 Beerse
39,Antwerpseweg 195,2022-11-08,14:00:00,33,22,11,FMN GV 10 Beerse
39,Antwerpseweg 195,2022-11-08,15:00:00,42,33,9,FMN GV 10 Beerse
39,Antwerpseweg 195,2022-11-08,16:00:00,55,41,14,FMN GV 10 Beerse
39,Antwerpseweg 195,2022-11-08,17:00:00,34,23,11,FMN GV 10 Beerse
39,Antwerpseweg 195,2022-11-08,18:00:00,17,13,4,FMN GV 10 Beerse
39,Antwerpseweg 195,2022-11-08,19:00:00,12,10,2,FMN GV 10 Beerse
39,Antwerpseweg 195,2022-11-08,20:00:00,11,7,4,FMN GV 10 Beerse
39,Antwerpseweg 195,2022-11-08,21:00:00,5,5,0,FMN GV 10 Beerse
39,Antwerpseweg 195,2022-11-08,22:00:00,6,4,2,FMN GV 10 Beerse
39,Antwerpseweg 195,2022-11-08,23:00:00,1,1,0,FMN GV 10 Beerse
39,Antwerpseweg 195,2022-11-09,00:00:00,1,1,0,FMN GV 10 Beerse
39,Antwerpseweg 195,2022-11-09,01:00:00,1,0,1,FMN GV 10 Beerse
39,Antwerpseweg 195,2022-11-09,02:00:00,0,0,0,FMN GV 10 Beerse
39,Antwerpseweg 195,2022-11-09,03:00:00,0,0,0,FMN GV 10 Beerse
39,Antwerpseweg 195,2022-11-09,04:00:00,0,0,0,FMN GV 10 Beerse
39,Antwerpseweg 195,2022-11-09,05:00:00,7,6,1,FMN GV 10 Beerse
39,Antwerpseweg 195,2022-11-09,06:00:00,13,12,1,FMN GV 10 Beerse
39,Antwerpseweg 195,2022-11-09,07:00:00,34,29,5,FMN GV 10 Beerse
39,Antwerpseweg 195,2022-11-09,08:00:00,22,15,7,FMN GV 10 Beerse
39,Antwerpseweg 195,2022-11-09,09:00:00,16,12,4,FMN GV 10 Beerse
39,Antwerpseweg 195,2022-11-09,10:00:00,15,13,2,FMN GV 10 Beerse
39,Antwerpseweg 195,2022-11-09,11:00:00,19,8,11,FMN GV 10 Beerse
39,Antwerpseweg 195,2022-11-09,12:00:00,33,27,6,FMN GV 10 Beerse
39,Antwerpseweg 195,2022-11-09,13:00:00,38,26,12,FMN GV 10 Beerse
39,Antwerpseweg 195,2022-11-09,14:00:00,40,28,12,FMN GV 10 Beerse
39,Antwerpseweg 195,2022-11-09,15:00:00,27,17,10,FMN GV 10 Beerse
39,Antwerpseweg 195,2022-11-09,16:00:00,42,31,11,FMN GV 10 Beerse
39,Antwerpseweg 195,2022-11-09,17:00:00,31,23,8,FMN GV 10 Beerse
39,Antwerpseweg 195,2022-11-09,18:00:00,16,13,3,FMN GV 10 Beerse
39,Antwerpseweg 195,2022-11-09,19:00:00,15,10,5,FMN GV 10 Beerse
39,Antwerpseweg 195,2022-11-09,20:00:00,7,4,3,FMN GV 10 Beerse
39,Antwerpseweg 195,2022-11-09,21:00:00,7,5,2,FMN GV 10 Beerse
39,Antwerpseweg 195,2022-11-09,22:00:00,3,1,2,FMN GV 10 Beerse
39,Antwerpseweg 195,2022-11-09,23:00:00,2,1,1,FMN GV 10 Beerse
39,Antwerpseweg 195,2022-11-10,00:00:00,0,0,0,FMN GV 10 Beerse
39,Antwerpseweg 195,2022-11-10,01:00:00,0,0,0,FMN GV 10 Beerse
39,Antwerpseweg 195,2022-11-10,02:00:00,0,0,0,FMN GV 10 Beerse
39,Antwerpseweg 195,2022-11-10,03:00:00,1,0,1,FMN GV 10 Beerse
39,Antwerpseweg 195,2022-11-10,04:00:00,5,4,1,FMN GV 10 Beerse
39,Antwerpseweg 195,2022-11-10,05:00:00,13,12,1,FMN GV 10 Beerse
39,Antwerpseweg 195,2022-11-10,06:00:00,15,14,1,FMN GV 10 Beerse
39,Antwerpseweg 195,2022-11-10,07:00:00,40,35,5,FMN GV 10 Beerse
39,Antwerpseweg 195,2022-11-10,08:00:00,37,26,11,FMN GV 10 Beerse
39,Antwerpseweg 195,2022-11-10,09:00:00,12,6,6,FMN GV 10 Beerse
39,Antwerpseweg 195,2022-11-10,10:00:00,9,6,3,FMN GV 10 Beerse
39,Antwerpseweg 195,2022-11-10,11:00:00,17,13,4,FMN GV 10 Beerse
39,Antwerpseweg 195,2022-11-10,12:00:00,27,16,11,FMN GV 10 Beerse
39,Antwerpseweg 195,2022-11-10,13:00:00,39,26,13,FMN GV 10 Beerse
39,Antwerpseweg 195,2022-11-10,14:00:00,36,24,12,FMN GV 10 Beerse
39,Antwerpseweg 195,2022-11-10,15:00:00,43,32,11,FMN GV 10 Beerse
39,Antwerpseweg 195,2022-11-10,16:00:00,55,33,22,FMN GV 10 Beerse
39,Antwerpseweg 195,2022-11-10,17:00:00,37,22,15,FMN GV 10 Beerse
39,Antwerpseweg 195,2022-11-10,18:00:00,21,14,7,FMN GV 10 Beerse
39,Antwerpseweg 195,2022-11-10,19:00:00,14,8,6,FMN GV 10 Beerse
39,Antwerpseweg 195,2022-11-10,20:00:00,4,3,1,FMN GV 10 Beerse
39,Antwerpseweg 195,2022-11-10,21:00:00,3,3,0,FMN GV 10 Beerse
39,Antwerpseweg 195,2022-11-10,22:00:00,4,4,0,FMN GV 10 Beerse
39,Antwerpseweg 195,2022-11-10,23:00:00,2,1,1,FMN GV 10 Beerse
39,Antwerpseweg 195,2022-11-11,00:00:00,1,0,1,FMN GV 10 Beerse
39,Antwerpseweg 195,2022-11-11,01:00:00,0,0,0,FMN GV 10 Beerse
39,Antwerpseweg 195,2022-11-11,02:00:00,0,0,0,FMN GV 10 Beerse
39,Antwerpseweg 195,2022-11-11,03:00:00,0,0,0,FMN GV 10 Beerse
39,Antwerpseweg 195,2022-11-11,04:00:00,1,1,0,FMN GV 10 Beerse
39,Antwerpseweg 195,2022-11-11,05:00:00,8,8,0,FMN GV 10 Beerse
39,Antwerpseweg 195,2022-11-11,06:00:00,7,5,2,FMN GV 10 Beerse
39,Antwerpseweg 195,2022-11-11,07:00:00,17,13,4,FMN GV 10 Beerse
39,Antwerpseweg 195,2022-11-11,08:00:00,23,20,3,FMN GV 10 Beerse
39,Antwerpseweg 195,2022-11-11,09:00:00,18,14,4,FMN GV 10 Beerse
39,Antwerpseweg 195,2022-11-11,10:00:00,8,6,2,FMN GV 10 Beerse
39,Antwerpseweg 195,2022-11-11,11:00:00,13,9,4,FMN GV 10 Beerse
39,Antwerpseweg 195,2022-11-11,12:00:00,19,14,5,FMN GV 10 Beerse
39,Antwerpseweg 195,2022-11-11,13:00:00,9,5,4,FMN GV 10 Beerse
39,Antwerpseweg 195,2022-11-11,14:00:00,24,14,10,FMN GV 10 Beerse
39,Antwerpseweg 195,2022-11-11,15:00:00,21,13,8,FMN GV 10 Beerse
39,Antwerpseweg 195,2022-11-11,16:00:00,25,16,9,FMN GV 10 Beerse
39,Antwerpseweg 195,2022-11-11,17:00:00,25,18,7,FMN GV 10 Beerse
39,Antwerpseweg 195,2022-11-11,18:00:00,10,4,6,FMN GV 10 Beerse
39,Antwerpseweg 195,2022-11-11,19:00:00,8,7,1,FMN GV 10 Beerse
39,Antwerpseweg 195,2022-11-11,20:00:00,3,2,1,FMN GV 10 Beerse
39,Antwerpseweg 195,2022-11-11,21:00:00,2,1,1,FMN GV 10 Beerse
39,Antwerpseweg 195,2022-11-11,22:00:00,6,5,1,FMN GV 10 Beerse
39,Antwerpseweg 195,2022-11-11,23:00:00,0,0,0,FMN GV 10 Beerse
39,Antwerpseweg 195,2022-11-12,00:00:00,3,2,1,FMN GV 10 Beerse
39,Antwerpseweg 195,2022-11-12,01:00:00,2,2,0,FMN GV 10 Beerse
39,Antwerpseweg 195,2022-11-12,02:00:00,1,1,0,FMN GV 10 Beerse
39,Antwerpseweg 195,2022-11-12,03:00:00,1,1,0,FMN GV 10 Beerse
39,Antwerpseweg 195,2022-11-12,04:00:00,0,0,0,FMN GV 10 Beerse
39,Antwerpseweg 195,2022-11-12,05:00:00,2,2,0,FMN GV 10 Beerse
39,Antwerpseweg 195,2022-11-12,06:00:00,1,1,0,FMN GV 10 Beerse
39,Antwerpseweg 195,2022-11-12,07:00:00,4,3,1,FMN GV 10 Beerse
39,Antwerpseweg 195,2022-11-12,08:00:00,6,4,2,FMN GV 10 Beerse
39,Antwerpseweg 195,2022-11-12,09:00:00,11,7,4,FMN GV 10 Beerse
39,Antwerpseweg 195,2022-11-12,10:00:00,21,16,5,FMN GV 10 Beerse
39,Antwerpseweg 195,2022-11-12,11:00:00,25,15,10,FMN GV 10 Beerse
39,Antwerpseweg 195,2022-11-12,12:00:00,19,12,7,FMN GV 10 Beerse
39,Antwerpseweg 195,2022-11-12,13:00:00,25,16,9,FMN GV 10 Beerse
39,Antwerpseweg 195,2022-11-12,14:00:00,42,28,14,FMN GV 10 Beerse
39,Antwerpseweg 195,2022-11-12,15:00:00,32,20,12,FMN GV 10 Beerse
39,Antwerpseweg 195,2022-11-12,16:00:00,20,14,6,FMN GV 10 Beerse
39,Antwerpseweg 195,2022-11-12,17:00:00,24,21,3,FMN GV 10 Beerse
39,Antwerpseweg 195,2022-11-12,18:00:00,17,10,7,FMN GV 10 Beerse
39,Antwerpseweg 195,2022-11-12,19:00:00,8,4,4,FMN GV 10 Beerse
39,Antwerpseweg 195,2022-11-12,20:00:00,8,5,3,FMN GV 10 Beerse
39,Antwerpseweg 195,2022-11-12,21:00:00,4,2,2,FMN GV 10 Beerse
39,Antwerpseweg 195,2022-11-12,22:00:00,7,4,3,FMN GV 10 Beerse
39,Antwerpseweg 195,2022-11-12,23:00:00,7,5,2,FMN GV 10 Beerse
39,Antwerpseweg 195,2022-11-13,00:00:00,1,1,0,FMN GV 10 Beerse
39,Antwerpseweg 195,2022-11-13,01:00:00,1,1,0,FMN GV 10 Beerse
39,Antwerpseweg 195,2022-11-13,02:00:00,1,1,0,FMN GV 10 Beerse
39,Antwerpseweg 195,2022-11-13,03:00:00,2,2,0,FMN GV 10 Beerse
39,Antwerpseweg 195,2022-11-13,04:00:00,2,2,0,FMN GV 10 Beerse
39,Antwerpseweg 195,2022-11-13,05:00:00,0,0,0,FMN GV 10 Beerse
39,Antwerpseweg 195,2022-11-13,06:00:00,1,1,0,FMN GV 10 Beerse
39,Antwerpseweg 195,2022-11-13,07:00:00,6,4,2,FMN GV 10 Beerse
39,Antwerpseweg 195,2022-11-13,08:00:00,4,2,2,FMN GV 10 Beerse
39,Antwerpseweg 195,2022-11-13,09:00:00,13,9,4,FMN GV 10 Beerse
39,Antwerpseweg 195,2022-11-13,10:00:00,29,16,13,FMN GV 10 Beerse
39,Antwerpseweg 195,2022-11-13,11:00:00,34,24,10,FMN GV 10 Beerse
39,Antwerpseweg 195,2022-11-13,12:00:00,17,10,7,FMN GV 10 Beerse
39,Antwerpseweg 195,2022-11-13,13:00:00,37,24,13,FMN GV 10 Beerse
39,Antwerpseweg 195,2022-11-13,14:00:00,39,31,8,FMN GV 10 Beerse
39,Antwerpseweg 195,2022-11-13,15:00:00,33,19,14,FMN GV 10 Beerse
39,Antwerpseweg 195,2022-11-13,16:00:00,26,15,11,FMN GV 10 Beerse
39,Antwerpseweg 195,2022-11-13,17:00:00,22,13,9,FMN GV 10 Beerse
39,Antwerpseweg 195,2022-11-13,18:00:00,9,6,3,FMN GV 10 Beerse
39,Antwerpseweg 195,2022-11-13,19:00:00,8,5,3,FMN GV 10 Beerse
39,Antwerpseweg 195,2022-11-13,20:00:00,1,1,0,FMN GV 10 Beerse
39,Antwerpseweg 195,2022-11-13,21:00:00,3,1,2,FMN GV 10 Beerse
39,Antwerpseweg 195,2022-11-13,22:00:00,2,1,1,FMN GV 10 Beerse
39,Antwerpseweg 195,2022-11-13,23:00:00,2,1,1,FMN GV 10 Beerse
39,Antwerpseweg 195,2022-11-14,00:00:00,0,0,0,FMN GV 10 Beerse
39,Antwerpseweg 195,2022-11-14,01:00:00,4,2,2,FMN GV 10 Beerse
39,Antwerpseweg 195,2022-11-14,02:00:00,1,1,0,FMN GV 10 Beerse
39,Antwerpseweg 195,2022-11-14,03:00:00,0,0,0,FMN GV 10 Beerse
39,Antwerpseweg 195,2022-11-14,04:00:00,1,1,0,FMN GV 10 Beerse
39,Antwerpseweg 195,2022-11-14,05:00:00,6,6,0,FMN GV 10 Beerse
39,Antwerpseweg 195,2022-11-14,06:00:00,9,7,2,FMN GV 10 Beerse
39,Antwerpseweg 195,2022-11-14,07:00:00,39,33,6,FMN GV 10 Beerse
39,Antwerpseweg 195,2022-11-14,08:00:00,19,13,6,FMN GV 10 Beerse
39,Antwerpseweg 195,2022-11-14,09:00:00,13,7,6,FMN GV 10 Beerse
39,Antwerpseweg 195,2022-11-14,10:00:00,12,10,2,FMN GV 10 Beerse
39,Antwerpseweg 195,2022-11-14,11:00:00,21,16,5,FMN GV 10 Beerse
39,Antwerpseweg 195,2022-11-14,12:00:00,18,9,9,FMN GV 10 Beerse
39,Antwerpseweg 195,2022-11-14,13:00:00,36,26,10,FMN GV 10 Beerse
39,Antwerpseweg 195,2022-11-14,14:00:00,24,16,8,FMN GV 10 Beerse
39,Antwerpseweg 195,2022-11-14,15:00:00,33,24,9,FMN GV 10 Beerse
39,Antwerpseweg 195,2022-11-14,16:00:00,49,28,21,FMN GV 10 Beerse
39,Antwerpseweg 195,2022-11-14,17:00:00,26,16,10,FMN GV 10 Beerse
39,Antwerpseweg 195,2022-11-14,18:00:00,18,15,3,FMN GV 10 Beerse
39,Antwerpseweg 195,2022-11-14,19:00:00,13,9,4,FMN GV 10 Beerse
39,Antwerpseweg 195,2022-11-14,20:00:00,8,5,3,FMN GV 10 Beerse
39,Antwerpseweg 195,2022-11-14,21:00:00,5,5,0,FMN GV 10 Beerse
39,Antwerpseweg 195,2022-11-14,22:00:00,9,7,2,FMN GV 10 Beerse
39,Antwerpseweg 195,2022-11-14,23:00:00,0,0,0,FMN GV 10 Beerse
39,Antwerpseweg 195,2022-11-15,00:00:00,1,1,0,FMN GV 10 Beerse
39,Antwerpseweg 195,2022-11-15,01:00:00,0,0,0,FMN GV 10 Beerse
39,Antwerpseweg 195,2022-11-15,02:00:00,1,1,0,FMN GV 10 Beerse
39,Antwerpseweg 195,2022-11-15,03:00:00,0,0,0,FMN GV 10 Beerse
39,Antwerpseweg 195,2022-11-15,04:00:00,3,3,0,FMN GV 10 Beerse
39,Antwerpseweg 195,2022-11-15,05:00:00,6,6,0,FMN GV 10 Beerse
39,Antwerpseweg 195,2022-11-15,06:00:00,11,11,0,FMN GV 10 Beerse
39,Antwerpseweg 195,2022-11-15,07:00:00,28,25,3,FMN GV 10 Beerse
39,Antwerpseweg 195,2022-11-15,08:00:00,18,15,3,FMN GV 10 Beerse
39,Antwerpseweg 195,2022-11-15,09:00:00,12,8,4,FMN GV 10 Beerse
39,Antwerpseweg 195,2022-11-15,10:00:00,14,9,5,FMN GV 10 Beerse
39,Antwerpseweg 195,2022-11-15,11:00:00,11,6,5,FMN GV 10 Beerse
39,Antwerpseweg 195,2022-11-15,12:00:00,13,9,4,FMN GV 10 Beerse
39,Antwerpseweg 195,2022-11-15,13:00:00,25,17,8,FMN GV 10 Beerse
39,Antwerpseweg 195,2022-11-15,14:00:00,29,23,6,FMN GV 10 Beerse
39,Antwerpseweg 195,2022-11-15,15:00:00,32,21,11,FMN GV 10 Beerse
39,Antwerpseweg 195,2022-11-15,16:00:00,52,36,16,FMN GV 10 Beerse
39,Antwerpseweg 195,2022-11-15,17:00:00,32,24,8,FMN GV 10 Beerse
39,Antwerpseweg 195,2022-11-15,18:00:00,13,8,5,FMN GV 10 Beerse
39,Antwerpseweg 195,2022-11-15,19:00:00,9,6,3,FMN GV 10 Beerse
39,Antwerpseweg 195,2022-11-15,20:00:00,5,3,2,FMN GV 10 Beerse
39,Antwerpseweg 195,2022-11-15,21:00:00,3,2,1,FMN GV 10 Beerse
39,Antwerpseweg 195,2022-11-15,22:00:00,5,5,0,FMN GV 10 Beerse
39,Antwerpseweg 195,2022-11-15,23:00:00,1,1,0,FMN GV 10 Beerse
39,Antwerpseweg 195,2022-11-16,00:00:00,0,0,0,FMN GV 10 Beerse
39,Antwerpseweg 195,2022-11-16,01:00:00,0,0,0,FMN GV 10 Beerse
39,Antwerpseweg 195,2022-11-16,02:00:00,0,0,0,FMN GV 10 Beerse
39,Antwerpseweg 195,2022-11-16,03:00:00,0,0,0,FMN GV 10 Beerse
39,Antwerpseweg 195,2022-11-16,04:00:00,1,0,1,FMN GV 10 Beerse
39,Antwerpseweg 195,2022-11-16,05:00:00,7,7,0,FMN GV 10 Beerse
39,Antwerpseweg 195,2022-11-16,06:00:00,11,10,1,FMN GV 10 Beerse
39,Antwerpseweg 195,2022-11-16,07:00:00,36,28,8,FMN GV 10 Beerse
39,Antwerpseweg 195,2022-11-16,08:00:00,14,10,4,FMN GV 10 Beerse
39,Antwerpseweg 195,2022-11-16,09:00:00,7,6,1,FMN GV 10 Beerse
39,Antwerpseweg 195,2022-11-16,10:00:00,11,7,4,FMN GV 10 Beerse
39,Antwerpseweg 195,2022-11-16,11:00:00,17,9,8,FMN GV 10 Beerse
39,Antwerpseweg 195,2022-11-16,12:00:00,35,25,10,FMN GV 10 Beerse
39,Antwerpseweg 195,2022-11-16,13:00:00,27,17,10,FMN GV 10 Beerse
39,Antwerpseweg 195,2022-11-16,14:00:00,29,19,10,FMN GV 10 Beerse
39,Antwerpseweg 195,2022-11-16,15:00:00,29,19,10,FMN GV 10 Beerse
39,Antwerpseweg 195,2022-11-16,16:00:00,27,17,10,FMN GV 10 Beerse
39,Antwerpseweg 195,2022-11-16,17:00:00,31,21,10,FMN GV 10 Beerse
39,Antwerpseweg 195,2022-11-16,18:00:00,21,15,6,FMN GV 10 Beerse
39,Antwerpseweg 195,2022-11-16,19:00:00,11,6,5,FMN GV 10 Beerse
39,Antwerpseweg 195,2022-11-16,20:00:00,6,5,1,FMN GV 10 Beerse
39,Antwerpseweg 195,2022-11-16,21:00:00,3,3,0,FMN GV 10 Beerse
39,Antwerpseweg 195,2022-11-16,22:00:00,3,2,1,FMN GV 10 Beerse
39,Antwerpseweg 195,2022-11-16,23:00:00,3,3,0,FMN GV 10 Beerse
39,Antwerpseweg 195,2022-11-17,00:00:00,0,0,0,FMN GV 10 Beerse
39,Antwerpseweg 195,2022-11-17,01:00:00,0,0,0,FMN GV 10 Beerse
39,Antwerpseweg 195,2022-11-17,02:00:00,0,0,0,FMN GV 10 Beerse
39,Antwerpseweg 195,2022-11-17,03:00:00,0,0,0,FMN GV 10 Beerse
39,Antwerpseweg 195,2022-11-17,04:00:00,0,0,0,FMN GV 10 Beerse
39,Antwerpseweg 195,2022-11-17,05:00:00,9,9,0,FMN GV 10 Beerse
39,Antwerpseweg 195,2022-11-17,06:00:00,7,6,1,FMN GV 10 Beerse
39,Antwerpseweg 195,2022-11-17,07:00:00,23,19,4,FMN GV 10 Beerse
39,Antwerpseweg 195,2022-11-17,08:00:00,11,10,1,FMN GV 10 Beerse
39,Antwerpseweg 195,2022-11-17,09:00:00,12,8,4,FMN GV 10 Beerse
39,Antwerpseweg 195,2022-11-17,10:00:00,4,2,2,FMN GV 10 Beerse
39,Antwerpseweg 195,2022-11-17,11:00:00,12,9,3,FMN GV 10 Beerse
39,Antwerpseweg 195,2022-11-17,12:00:00,10,8,2,FMN GV 10 Beerse
39,Antwerpseweg 195,2022-11-17,13:00:00,16,9,7,FMN GV 10 Beerse
39,Antwerpseweg 195,2022-11-17,14:00:00,19,10,9,FMN GV 10 Beerse
39,Antwerpseweg 195,2022-11-17,15:00:00,20,15,5,FMN GV 10 Beerse
39,Antwerpseweg 195,2022-11-17,16:00:00,37,28,9,FMN GV 10 Beerse
39,Antwerpseweg 195,2022-11-17,17:00:00,15,11,4,FMN GV 10 Beerse
39,Antwerpseweg 195,2022-11-17,18:00:00,11,11,0,FMN GV 10 Beerse
39,Antwerpseweg 195,2022-11-17,19:00:00,10,6,4,FMN GV 10 Beerse
39,Antwerpseweg 195,2022-11-17,20:00:00,3,1,2,FMN GV 10 Beerse
39,Antwerpseweg 195,2022-11-17,21:00:00,1,1,0,FMN GV 10 Beerse
39,Antwerpseweg 195,2022-11-17,22:00:00,4,2,2,FMN GV 10 Beerse
39,Antwerpseweg 195,2022-11-17,23:00:00,1,1,0,FMN GV 10 Beerse
39,Antwerpseweg 195,2022-11-18,00:00:00,0,0,0,FMN GV 10 Beerse
39,Antwerpseweg 195,2022-11-18,01:00:00,0,0,0,FMN GV 10 Beerse
39,Antwerpseweg 195,2022-11-18,02:00:00,0,0,0,FMN GV 10 Beerse
39,Antwerpseweg 195,2022-11-18,03:00:00,1,1,0,FMN GV 10 Beerse
39,Antwerpseweg 195,2022-11-18,04:00:00,0,0,0,FMN GV 10 Beerse
39,Antwerpseweg 195,2022-11-18,05:00:00,9,8,1,FMN GV 10 Beerse
39,Antwerpseweg 195,2022-11-18,06:00:00,7,6,1,FMN GV 10 Beerse
39,Antwerpseweg 195,2022-11-18,07:00:00,25,21,4,FMN GV 10 Beerse
39,Antwerpseweg 195,2022-11-18,08:00:00,20,17,3,FMN GV 10 Beerse
39,Antwerpseweg 195,2022-11-18,09:00:00,13,9,4,FMN GV 10 Beerse
39,Antwerpseweg 195,2022-11-18,10:00:00,9,6,3,FMN GV 10 Beerse
39,Antwerpseweg 195,2022-11-18,11:00:00,15,9,6,FMN GV 10 Beerse
39,Antwerpseweg 195,2022-11-18,12:00:00,10,5,5,FMN GV 10 Beerse
39,Antwerpseweg 195,2022-11-18,13:00:00,23,16,7,FMN GV 10 Beerse
39,Antwerpseweg 195,2022-11-18,14:00:00,14,8,6,FMN GV 10 Beerse
39,Antwerpseweg 195,2022-11-18,15:00:00,35,26,9,FMN GV 10 Beerse
39,Antwerpseweg 195,2022-11-18,16:00:00,29,21,8,FMN GV 10 Beerse
39,Antwerpseweg 195,2022-11-18,17:00:00,24,18,6,FMN GV 10 Beerse
39,Antwerpseweg 195,2022-11-18,18:00:00,14,10,4,FMN GV 10 Beerse
39,Antwerpseweg 195,2022-11-18,19:00:00,10,2,8,FMN GV 10 Beerse
39,Antwerpseweg 195,2022-11-18,20:00:00,6,5,1,FMN GV 10 Beerse
39,Antwerpseweg 195,2022-11-18,21:00:00,1,1,0,FMN GV 10 Beerse
39,Antwerpseweg 195,2022-11-18,22:00:00,1,1,0,FMN GV 10 Beerse
39,Antwerpseweg 195,2022-11-18,23:00:00,2,2,0,FMN GV 10 Beerse
39,Antwerpseweg 195,2022-11-19,00:00:00,1,1,0,FMN GV 10 Beerse
39,Antwerpseweg 195,2022-11-19,01:00:00,1,1,0,FMN GV 10 Beerse
39,Antwerpseweg 195,2022-11-19,02:00:00,0,0,0,FMN GV 10 Beerse
39,Antwerpseweg 195,2022-11-19,03:00:00,0,0,0,FMN GV 10 Beerse
39,Antwerpseweg 195,2022-11-19,04:00:00,0,0,0,FMN GV 10 Beerse
39,Antwerpseweg 195,2022-11-19,05:00:00,1,1,0,FMN GV 10 Beerse
39,Antwerpseweg 195,2022-11-19,06:00:00,2,2,0,FMN GV 10 Beerse
39,Antwerpseweg 195,2022-11-19,07:00:00,0,0,0,FMN GV 10 Beerse
39,Antwerpseweg 195,2022-11-19,08:00:00,2,1,1,FMN GV 10 Beerse
39,Antwerpseweg 195,2022-11-19,09:00:00,2,1,1,FMN GV 10 Beerse
39,Antwerpseweg 195,2022-11-19,10:00:00,7,4,3,FMN GV 10 Beerse
39,Antwerpseweg 195,2022-11-19,11:00:00,7,5,2,FMN GV 10 Beerse
39,Antwerpseweg 195,2022-11-19,12:00:00,6,5,1,FMN GV 10 Beerse
39,Antwerpseweg 195,2022-11-19,13:00:00,12,9,3,FMN GV 10 Beerse
39,Antwerpseweg 195,2022-11-19,14:00:00,14,9,5,FMN GV 10 Beerse
39,Antwerpseweg 195,2022-11-19,15:00:00,9,3,6,FMN GV 10 Beerse
39,Antwerpseweg 195,2022-11-19,16:00:00,6,2,4,FMN GV 10 Beerse
39,Antwerpseweg 195,2022-11-19,17:00:00,7,6,1,FMN GV 10 Beerse
39,Antwerpseweg 195,2022-11-19,18:00:00,5,1,4,FMN GV 10 Beerse
39,Antwerpseweg 195,2022-11-19,19:00:00,2,2,0,FMN GV 10 Beerse
39,Antwerpseweg 195,2022-11-19,20:00:00,2,2,0,FMN GV 10 Beerse
39,Antwerpseweg 195,2022-11-19,21:00:00,0,0,0,FMN GV 10 Beerse
39,Antwerpseweg 195,2022-11-19,22:00:00,2,1,1,FMN GV 10 Beerse
39,Antwerpseweg 195,2022-11-19,23:00:00,0,0,0,FMN GV 10 Beerse
39,Antwerpseweg 195,2022-11-20,00:00:00,0,0,0,FMN GV 10 Beerse
39,Antwerpseweg 195,2022-11-20,01:00:00,0,0,0,FMN GV 10 Beerse
39,Antwerpseweg 195,2022-11-20,02:00:00,0,0,0,FMN GV 10 Beerse
39,Antwerpseweg 195,2022-11-20,03:00:00,0,0,0,FMN GV 10 Beerse
39,Antwerpseweg 195,2022-11-20,04:00:00,0,0,0,FMN GV 10 Beerse
39,Antwerpseweg 195,2022-11-20,05:00:00,0,0,0,FMN GV 10 Beerse
39,Antwerpseweg 195,2022-11-20,06:00:00,0,0,0,FMN GV 10 Beerse
39,Antwerpseweg 195,2022-11-20,07:00:00,2,1,1,FMN GV 10 Beerse
39,Antwerpseweg 195,2022-11-20,08:00:00,0,0,0,FMN GV 10 Beerse
39,Antwerpseweg 195,2022-11-20,09:00:00,2,2,0,FMN GV 10 Beerse
39,Antwerpseweg 195,2022-11-20,10:00:00,5,3,2,FMN GV 10 Beerse
39,Antwerpseweg 195,2022-11-20,11:00:00,8,5,3,FMN GV 10 Beerse
39,Antwerpseweg 195,2022-11-20,12:00:00,5,4,1,FMN GV 10 Beerse
39,Antwerpseweg 195,2022-11-20,13:00:00,15,7,8,FMN GV 10 Beerse
39,Antwerpseweg 195,2022-11-20,14:00:00,7,5,2,FMN GV 10 Beerse
39,Antwerpseweg 195,2022-11-20,15:00:00,15,10,5,FMN GV 10 Beerse
39,Antwerpseweg 195,2022-11-20,16:00:00,12,9,3,FMN GV 10 Beerse
39,Antwerpseweg 195,2022-11-20,17:00:00,5,5,0,FMN GV 10 Beerse
39,Antwerpseweg 195,2022-11-20,18:00:00,2,2,0,FMN GV 10 Beerse
39,Antwerpseweg 195,2022-11-20,19:00:00,2,0,2,FMN GV 10 Beerse
39,Antwerpseweg 195,2022-11-20,20:00:00,3,3,0,FMN GV 10 Beerse
39,Antwerpseweg 195,2022-11-20,21:00:00,2,1,1,FMN GV 10 Beerse
39,Antwerpseweg 195,2022-11-20,22:00:00,1,1,0,FMN GV 10 Beerse
39,Antwerpseweg 195,2022-11-20,23:00:00,0,0,0,FMN GV 10 Beerse
39,Antwerpseweg 195,2022-11-21,00:00:00,1,1,0,FMN GV 10 Beerse
39,Antwerpseweg 195,2022-11-21,01:00:00,0,0,0,FMN GV 10 Beerse
39,Antwerpseweg 195,2022-11-21,02:00:00,0,0,0,FMN GV 10 Beerse
39,Antwerpseweg 195,2022-11-21,03:00:00,0,0,0,FMN GV 10 Beerse
39,Antwerpseweg 195,2022-11-21,04:00:00,2,2,0,FMN GV 10 Beerse
39,Antwerpseweg 195,2022-11-21,05:00:00,9,8,1,FMN GV 10 Beerse
39,Antwerpseweg 195,2022-11-21,06:00:00,7,6,1,FMN GV 10 Beerse
39,Antwerpseweg 195,2022-11-21,07:00:00,29,24,5,FMN GV 10 Beerse
39,Antwerpseweg 195,2022-11-21,08:00:00,18,16,2,FMN GV 10 Beerse
39,Antwerpseweg 195,2022-11-21,09:00:00,10,8,2,FMN GV 10 Beerse
39,Antwerpseweg 195,2022-11-21,10:00:00,7,6,1,FMN GV 10 Beerse
39,Antwerpseweg 195,2022-11-21,11:00:00,8,7,1,FMN GV 10 Beerse
39,Antwerpseweg 195,2022-11-21,12:00:00,12,4,8,FMN GV 10 Beerse
39,Antwerpseweg 195,2022-11-21,13:00:00,18,13,5,FMN GV 10 Beerse
39,Antwerpseweg 195,2022-11-21,14:00:00,24,15,9,FMN GV 10 Beerse
39,Antwerpseweg 195,2022-11-21,15:00:00,30,20,10,FMN GV 10 Beerse
39,Antwerpseweg 195,2022-11-21,16:00:00,36,29,7,FMN GV 10 Beerse
39,Antwerpseweg 195,2022-11-21,17:00:00,27,21,6,FMN GV 10 Beerse
39,Antwerpseweg 195,2022-11-21,18:00:00,16,11,5,FMN GV 10 Beerse
39,Antwerpseweg 195,2022-11-21,19:00:00,12,8,4,FMN GV 10 Beerse
39,Antwerpseweg 195,2022-11-21,20:00:00,3,2,1,FMN GV 10 Beerse
39,Antwerpseweg 195,2022-11-21,21:00:00,5,4,1,FMN GV 10 Beerse
39,Antwerpseweg 195,2022-11-21,22:00:00,3,1,2,FMN GV 10 Beerse
39,Antwerpseweg 195,2022-11-21,23:00:00,1,1,0,FMN GV 10 Beerse
39,Antwerpseweg 195,2022-11-22,00:00:00,0,0,0,FMN GV 10 Beerse
39,Antwerpseweg 195,2022-11-22,01:00:00,0,0,0,FMN GV 10 Beerse
39,Antwerpseweg 195,2022-11-22,02:00:00,1,0,1,FMN GV 10 Beerse
39,Antwerpseweg 195,2022-11-22,03:00:00,0,0,0,FMN GV 10 Beerse
39,Antwerpseweg 195,2022-11-22,04:00:00,0,0,0,FMN GV 10 Beerse
39,Antwerpseweg 195,2022-11-22,05:00:00,6,5,1,FMN GV 10 Beerse
39,Antwerpseweg 195,2022-11-22,06:00:00,9,8,1,FMN GV 10 Beerse
39,Antwerpseweg 195,2022-11-22,07:00:00,22,22,0,FMN GV 10 Beerse
39,Antwerpseweg 195,2022-11-22,08:00:00,17,15,2,FMN GV 10 Beerse
39,Antwerpseweg 195,2022-11-22,09:00:00,10,6,4,FMN GV 10 Beerse
39,Antwerpseweg 195,2022-11-22,10:00:00,7,4,3,FMN GV 10 Beerse
39,Antwerpseweg 195,2022-11-22,11:00:00,12,6,6,FMN GV 10 Beerse
39,Antwerpseweg 195,2022-11-22,12:00:00,11,8,3,FMN GV 10 Beerse
39,Antwerpseweg 195,2022-11-22,13:00:00,30,19,11,FMN GV 10 Beerse
39,Antwerpseweg 195,2022-11-22,14:00:00,29,11,18,FMN GV 10 Beerse
39,Antwerpseweg 195,2022-11-22,15:00:00,20,9,11,FMN GV 10 Beerse
39,Antwerpseweg 195,2022-11-22,16:00:00,43,28,15,FMN GV 10 Beerse
39,Antwerpseweg 195,2022-11-22,17:00:00,26,15,11,FMN GV 10 Beerse
39,Antwerpseweg 195,2022-11-22,18:00:00,11,7,4,FMN GV 10 Beerse
39,Antwerpseweg 195,2022-11-22,19:00:00,9,5,4,FMN GV 10 Beerse
39,Antwerpseweg 195,2022-11-22,20:00:00,6,4,2,FMN GV 10 Beerse
39,Antwerpseweg 195,2022-11-22,21:00:00,5,3,2,FMN GV 10 Beerse
39,Antwerpseweg 195,2022-11-22,22:00:00,6,4,2,FMN GV 10 Beerse
39,Antwerpseweg 195,2022-11-22,23:00:00,1,1,0,FMN GV 10 Beerse
39,Antwerpseweg 195,2022-11-23,00:00:00,1,0,1,FMN GV 10 Beerse
39,Antwerpseweg 195,2022-11-23,01:00:00,0,0,0,FMN GV 10 Beerse
39,Antwerpseweg 195,2022-11-23,02:00:00,0,0,0,FMN GV 10 Beerse
39,Antwerpseweg 195,2022-11-23,03:00:00,1,1,0,FMN GV 10 Beerse
39,Antwerpseweg 195,2022-11-23,04:00:00,2,2,0,FMN GV 10 Beerse
39,Antwerpseweg 195,2022-11-23,05:00:00,7,7,0,FMN GV 10 Beerse
39,Antwerpseweg 195,2022-11-23,06:00:00,4,4,0,FMN GV 10 Beerse
39,Antwerpseweg 195,2022-11-23,07:00:00,28,23,5,FMN GV 10 Beerse
39,Antwerpseweg 195,2022-11-23,08:00:00,10,8,2,FMN GV 10 Beerse
39,Antwerpseweg 195,2022-11-23,09:00:00,8,5,3,FMN GV 10 Beerse
39,Antwerpseweg 195,2022-11-23,10:00:00,10,6,4,FMN GV 10 Beerse
39,Antwerpseweg 195,2022-11-23,11:00:00,12,6,6,FMN GV 10 Beerse
39,Antwerpseweg 195,2022-11-23,12:00:00,30,25,5,FMN GV 10 Beerse
39,Antwerpseweg 195,2022-11-23,13:00:00,32,24,8,FMN GV 10 Beerse
39,Antwerpseweg 195,2022-11-23,14:00:00,28,21,7,FMN GV 10 Beerse
39,Antwerpseweg 195,2022-11-23,15:00:00,30,17,13,FMN GV 10 Beerse
39,Antwerpseweg 195,2022-11-23,16:00:00,22,16,6,FMN GV 10 Beerse
39,Antwerpseweg 195,2022-11-23,17:00:00,25,20,5,FMN GV 10 Beerse
39,Antwerpseweg 195,2022-11-23,18:00:00,10,7,3,FMN GV 10 Beerse
39,Antwerpseweg 195,2022-11-23,19:00:00,5,3,2,FMN GV 10 Beerse
39,Antwerpseweg 195,2022-11-23,20:00:00,7,5,2,FMN GV 10 Beerse
39,Antwerpseweg 195,2022-11-23,21:00:00,1,1,0,FMN GV 10 Beerse
39,Antwerpseweg 195,2022-11-23,22:00:00,1,1,0,FMN GV 10 Beerse
39,Antwerpseweg 195,2022-11-23,23:00:00,2,2,0,FMN GV 10 Beerse
39,Antwerpseweg 195,2022-11-24,00:00:00,0,0,0,FMN GV 10 Beerse
39,Antwerpseweg 195,2022-11-24,01:00:00,0,0,0,FMN GV 10 Beerse
39,Antwerpseweg 195,2022-11-24,02:00:00,0,0,0,FMN GV 10 Beerse
39,Antwerpseweg 195,2022-11-24,03:00:00,0,0,0,FMN GV 10 Beerse
39,Antwerpseweg 195,2022-11-24,04:00:00,1,1,0,FMN GV 10 Beerse
39,Antwerpseweg 195,2022-11-24,05:00:00,8,7,1,FMN GV 10 Beerse
39,Antwerpseweg 195,2022-11-24,06:00:00,13,8,5,FMN GV 10 Beerse
39,Antwerpseweg 195,2022-11-24,07:00:00,45,39,6,FMN GV 10 Beerse
39,Antwerpseweg 195,2022-11-24,08:00:00,27,19,8,FMN GV 10 Beerse
39,Antwerpseweg 195,2022-11-24,09:00:00,13,10,3,FMN GV 10 Beerse
39,Antwerpseweg 195,2022-11-24,10:00:00,17,13,4,FMN GV 10 Beerse
39,Antwerpseweg 195,2022-11-24,11:00:00,11,5,6,FMN GV 10 Beerse
39,Antwerpseweg 195,2022-11-24,12:00:00,13,7,6,FMN GV 10 Beerse
39,Antwerpseweg 195,2022-11-24,13:00:00,27,17,10,FMN GV 10 Beerse
39,Antwerpseweg 195,2022-11-24,14:00:00,24,17,7,FMN GV 10 Beerse
39,Antwerpseweg 195,2022-11-24,15:00:00,40,28,12,FMN GV 10 Beerse
39,Antwerpseweg 195,2022-11-24,16:00:00,42,33,9,FMN GV 10 Beerse
39,Antwerpseweg 195,2022-11-24,17:00:00,33,19,14,FMN GV 10 Beerse
39,Antwerpseweg 195,2022-11-24,18:00:00,17,15,2,FMN GV 10 Beerse
39,Antwerpseweg 195,2022-11-24,19:00:00,9,6,3,FMN GV 10 Beerse
39,Antwerpseweg 195,2022-11-24,20:00:00,9,6,3,FMN GV 10 Beerse
39,Antwerpseweg 195,2022-11-24,21:00:00,8,5,3,FMN GV 10 Beerse
39,Antwerpseweg 195,2022-11-24,22:00:00,3,2,1,FMN GV 10 Beerse
39,Antwerpseweg 195,2022-11-24,23:00:00,1,1,0,FMN GV 10 Beerse
39,Antwerpseweg 195,2022-11-25,00:00:00,0,0,0,FMN GV 10 Beerse
39,Antwerpseweg 195,2022-11-25,01:00:00,1,1,0,FMN GV 10 Beerse
39,Antwerpseweg 195,2022-11-25,02:00:00,0,0,0,FMN GV 10 Beerse
39,Antwerpseweg 195,2022-11-25,03:00:00,0,0,0,FMN GV 10 Beerse
39,Antwerpseweg 195,2022-11-25,04:00:00,1,1,0,FMN GV 10 Beerse
39,Antwerpseweg 195,2022-11-25,05:00:00,8,8,0,FMN GV 10 Beerse
39,Antwerpseweg 195,2022-11-25,06:00:00,8,8,0,FMN GV 10 Beerse
39,Antwerpseweg 195,2022-11-25,07:00:00,30,25,5,FMN GV 10 Beerse
39,Antwerpseweg 195,2022-11-25,08:00:00,21,18,3,FMN GV 10 Beerse
39,Antwerpseweg 195,2022-11-25,09:00:00,16,13,3,FMN GV 10 Beerse
39,Antwerpseweg 195,2022-11-25,10:00:00,11,8,3,FMN GV 10 Beerse
39,Antwerpseweg 195,2022-11-25,11:00:00,10,6,4,FMN GV 10 Beerse
39,Antwerpseweg 195,2022-11-25,12:00:00,16,10,6,FMN GV 10 Beerse
39,Antwerpseweg 195,2022-11-25,13:00:00,28,19,9,FMN GV 10 Beerse
39,Antwerpseweg 195,2022-11-25,14:00:00,31,22,9,FMN GV 10 Beerse
39,Antwerpseweg 195,2022-11-25,15:00:00,35,23,12,FMN GV 10 Beerse
39,Antwerpseweg 195,2022-11-25,16:00:00,35,24,11,FMN GV 10 Beerse
39,Antwerpseweg 195,2022-11-25,17:00:00,31,19,12,FMN GV 10 Beerse
39,Antwerpseweg 195,2022-11-25,18:00:00,18,15,3,FMN GV 10 Beerse
39,Antwerpseweg 195,2022-11-25,19:00:00,14,6,8,FMN GV 10 Beerse
39,Antwerpseweg 195,2022-11-25,20:00:00,7,5,2,FMN GV 10 Beerse
39,Antwerpseweg 195,2022-11-25,21:00:00,1,1,0,FMN GV 10 Beerse
39,Antwerpseweg 195,2022-11-25,22:00:00,7,7,0,FMN GV 10 Beerse
39,Antwerpseweg 195,2022-11-25,23:00:00,4,3,1,FMN GV 10 Beerse
39,Antwerpseweg 195,2022-11-26,00:00:00,0,0,0,FMN GV 10 Beerse
39,Antwerpseweg 195,2022-11-26,01:00:00,3,1,2,FMN GV 10 Beerse
39,Antwerpseweg 195,2022-11-26,02:00:00,1,1,0,FMN GV 10 Beerse
39,Antwerpseweg 195,2022-11-26,03:00:00,1,1,0,FMN GV 10 Beerse
39,Antwerpseweg 195,2022-11-26,04:00:00,1,1,0,FMN GV 10 Beerse
39,Antwerpseweg 195,2022-11-26,05:00:00,1,1,0,FMN GV 10 Beerse
39,Antwerpseweg 195,2022-11-26,06:00:00,3,3,0,FMN GV 10 Beerse
39,Antwerpseweg 195,2022-11-26,07:00:00,0,0,0,FMN GV 10 Beerse
39,Antwerpseweg 195,2022-11-26,08:00:00,11,7,4,FMN GV 10 Beerse
39,Antwerpseweg 195,2022-11-26,09:00:00,12,4,8,FMN GV 10 Beerse
39,Antwerpseweg 195,2022-11-26,10:00:00,10,6,4,FMN GV 10 Beerse
39,Antwerpseweg 195,2022-11-26,11:00:00,13,8,5,FMN GV 10 Beerse
39,Antwerpseweg 195,2022-11-26,12:00:00,16,12,4,FMN GV 10 Beerse
39,Antwerpseweg 195,2022-11-26,13:00:00,27,19,8,FMN GV 10 Beerse
39,Antwerpseweg 195,2022-11-26,14:00:00,30,19,11,FMN GV 10 Beerse
39,Antwerpseweg 195,2022-11-26,15:00:00,22,15,7,FMN GV 10 Beerse
39,Antwerpseweg 195,2022-11-26,16:00:00,17,11,6,FMN GV 10 Beerse
39,Antwerpseweg 195,2022-11-26,17:00:00,8,4,4,FMN GV 10 Beerse
39,Antwerpseweg 195,2022-11-26,18:00:00,10,6,4,FMN GV 10 Beerse
39,Antwerpseweg 195,2022-11-26,19:00:00,9,7,2,FMN GV 10 Beerse
39,Antwerpseweg 195,2022-11-26,20:00:00,6,4,2,FMN GV 10 Beerse
39,Antwerpseweg 195,2022-11-26,21:00:00,1,1,0,FMN GV 10 Beerse
39,Antwerpseweg 195,2022-11-26,22:00:00,5,3,2,FMN GV 10 Beerse
39,Antwerpseweg 195,2022-11-26,23:00:00,2,0,2,FMN GV 10 Beerse
39,Antwerpseweg 195,2022-11-27,00:00:00,0,0,0,FMN GV 10 Beerse
39,Antwerpseweg 195,2022-11-27,01:00:00,0,0,0,FMN GV 10 Beerse
39,Antwerpseweg 195,2022-11-27,02:00:00,0,0,0,FMN GV 10 Beerse
39,Antwerpseweg 195,2022-11-27,03:00:00,3,3,0,FMN GV 10 Beerse
39,Antwerpseweg 195,2022-11-27,04:00:00,1,1,0,FMN GV 10 Beerse
39,Antwerpseweg 195,2022-11-27,05:00:00,0,0,0,FMN GV 10 Beerse
39,Antwerpseweg 195,2022-11-27,06:00:00,0,0,0,FMN GV 10 Beerse
39,Antwerpseweg 195,2022-11-27,07:00:00,0,0,0,FMN GV 10 Beerse
39,Antwerpseweg 195,2022-11-27,08:00:00,0,0,0,FMN GV 10 Beerse
39,Antwerpseweg 195,2022-11-27,09:00:00,0,0,0,FMN GV 10 Beerse
39,Antwerpseweg 195,2022-11-27,10:00:00,6,5,1,FMN GV 10 Beerse
39,Antwerpseweg 195,2022-11-27,11:00:00,6,4,2,FMN GV 10 Beerse
39,Antwerpseweg 195,2022-11-27,12:00:00,3,2,1,FMN GV 10 Beerse
39,Antwerpseweg 195,2022-11-27,13:00:00,8,5,3,FMN GV 10 Beerse
39,Antwerpseweg 195,2022-11-27,14:00:00,7,4,3,FMN GV 10 Beerse
39,Antwerpseweg 195,2022-11-27,15:00:00,4,1,3,FMN GV 10 Beerse
39,Antwerpseweg 195,2022-11-27,16:00:00,8,4,4,FMN GV 10 Beerse
39,Antwerpseweg 195,2022-11-27,17:00:00,4,1,3,FMN GV 10 Beerse
39,Antwerpseweg 195,2022-11-27,18:00:00,4,4,0,FMN GV 10 Beerse
39,Antwerpseweg 195,2022-11-27,19:00:00,4,1,3,FMN GV 10 Beerse
39,Antwerpseweg 195,2022-11-27,20:00:00,1,1,0,FMN GV 10 Beerse
39,Antwerpseweg 195,2022-11-27,21:00:00,1,1,0,FMN GV 10 Beerse
39,Antwerpseweg 195,2022-11-27,22:00:00,0,0,0,FMN GV 10 Beerse
39,Antwerpseweg 195,2022-11-27,23:00:00,0,0,0,FMN GV 10 Beerse
39,Antwerpseweg 195,2022-11-28,00:00:00,0,0,0,FMN GV 10 Beerse
39,Antwerpseweg 195,2022-11-28,01:00:00,1,1,0,FMN GV 10 Beerse
39,Antwerpseweg 195,2022-11-28,02:00:00,1,0,1,FMN GV 10 Beerse
39,Antwerpseweg 195,2022-11-28,03:00:00,1,1,0,FMN GV 10 Beerse
39,Antwerpseweg 195,2022-11-28,04:00:00,0,0,0,FMN GV 10 Beerse
39,Antwerpseweg 195,2022-11-28,05:00:00,6,6,0,FMN GV 10 Beerse
39,Antwerpseweg 195,2022-11-28,06:00:00,5,5,0,FMN GV 10 Beerse
39,Antwerpseweg 195,2022-11-28,07:00:00,30,27,3,FMN GV 10 Beerse
39,Antwerpseweg 195,2022-11-28,08:00:00,18,16,2,FMN GV 10 Beerse
39,Antwerpseweg 195,2022-11-28,09:00:00,4,4,0,FMN GV 10 Beerse
39,Antwerpseweg 195,2022-11-28,10:00:00,6,5,1,FMN GV 10 Beerse
39,Antwerpseweg 195,2022-11-28,11:00:00,7,6,1,FMN GV 10 Beerse
39,Antwerpseweg 195,2022-11-28,12:00:00,14,10,4,FMN GV 10 Beerse
39,Antwerpseweg 195,2022-11-28,13:00:00,21,15,6,FMN GV 10 Beerse
39,Antwerpseweg 195,2022-11-28,14:00:00,30,20,10,FMN GV 10 Beerse
39,Antwerpseweg 195,2022-11-28,15:00:00,28,20,8,FMN GV 10 Beerse
39,Antwerpseweg 195,2022-11-28,16:00:00,30,26,4,FMN GV 10 Beerse
39,Antwerpseweg 195,2022-11-28,17:00:00,22,12,10,FMN GV 10 Beerse
39,Antwerpseweg 195,2022-11-28,18:00:00,14,10,4,FMN GV 10 Beerse
39,Antwerpseweg 195,2022-11-28,19:00:00,9,6,3,FMN GV 10 Beerse
39,Antwerpseweg 195,2022-11-28,20:00:00,3,1,2,FMN GV 10 Beerse
39,Antwerpseweg 195,2022-11-28,21:00:00,5,4,1,FMN GV 10 Beerse
39,Antwerpseweg 195,2022-11-28,22:00:00,4,3,1,FMN GV 10 Beerse
39,Antwerpseweg 195,2022-11-28,23:00:00,2,1,1,FMN GV 10 Beerse
39,Antwerpseweg 195,2022-11-29,00:00:00,0,0,0,FMN GV 10 Beerse
39,Antwerpseweg 195,2022-11-29,01:00:00,0,0,0,FMN GV 10 Beerse
39,Antwerpseweg 195,2022-11-29,02:00:00,0,0,0,FMN GV 10 Beerse
39,Antwerpseweg 195,2022-11-29,03:00:00,0,0,0,FMN GV 10 Beerse
39,Antwerpseweg 195,2022-11-29,04:00:00,4,4,0,FMN GV 10 Beerse
39,Antwerpseweg 195,2022-11-29,05:00:00,10,9,1,FMN GV 10 Beerse
39,Antwerpseweg 195,2022-11-29,06:00:00,12,12,0,FMN GV 10 Beerse
39,Antwerpseweg 195,2022-11-29,07:00:00,31,27,4,FMN GV 10 Beerse
39,Antwerpseweg 195,2022-11-29,08:00:00,20,15,5,FMN GV 10 Beerse
39,Antwerpseweg 195,2022-11-29,09:00:00,12,8,4,FMN GV 10 Beerse
39,Antwerpseweg 195,2022-11-29,10:00:00,15,10,5,FMN GV 10 Beerse
39,Antwerpseweg 195,2022-11-29,11:00:00,12,11,1,FMN GV 10 Beerse
39,Antwerpseweg 195,2022-11-29,12:00:00,23,16,7,FMN GV 10 Beerse
39,Antwerpseweg 195,2022-11-29,13:00:00,24,18,6,FMN GV 10 Beerse
39,Antwerpseweg 195,2022-11-29,14:00:00,28,17,11,FMN GV 10 Beerse
39,Antwerpseweg 195,2022-11-29,15:00:00,33,20,13,FMN GV 10 Beerse
39,Antwerpseweg 195,2022-11-29,16:00:00,46,30,16,FMN GV 10 Beerse
39,Antwerpseweg 195,2022-11-29,17:00:00,30,19,11,FMN GV 10 Beerse
39,Antwerpseweg 195,2022-11-29,18:00:00,17,12,5,FMN GV 10 Beerse
39,Antwerpseweg 195,2022-11-29,19:00:00,13,9,4,FMN GV 10 Beerse
39,Antwerpseweg 195,2022-11-29,20:00:00,9,6,3,FMN GV 10 Beerse
39,Antwerpseweg 195,2022-11-29,21:00:00,3,2,1,FMN GV 10 Beerse
39,Antwerpseweg 195,2022-11-29,22:00:00,8,4,4,FMN GV 10 Beerse
39,Antwerpseweg 195,2022-11-29,23:00:00,0,0,0,FMN GV 10 Beerse
39,Antwerpseweg 195,2022-11-30,00:00:00,0,0,0,FMN GV 10 Beerse
39,Antwerpseweg 195,2022-11-30,01:00:00,0,0,0,FMN GV 10 Beerse
39,Antwerpseweg 195,2022-11-30,02:00:00,0,0,0,FMN GV 10 Beerse
39,Antwerpseweg 195,2022-11-30,03:00:00,0,0,0,FMN GV 10 Beerse
39,Antwerpseweg 195,2022-11-30,04:00:00,1,1,0,FMN GV 10 Beerse
39,Antwerpseweg 195,2022-11-30,05:00:00,10,10,0,FMN GV 10 Beerse
39,Antwerpseweg 195,2022-11-30,06:00:00,10,8,2,FMN GV 10 Beerse
39,Antwerpseweg 195,2022-11-30,07:00:00,26,18,8,FMN GV 10 Beerse
39,Antwerpseweg 195,2022-11-30,08:00:00,20,18,2,FMN GV 10 Beerse
39,Antwerpseweg 195,2022-11-30,09:00:00,17,9,8,FMN GV 10 Beerse
39,Antwerpseweg 195,2022-11-30,10:00:00,10,6,4,FMN GV 10 Beerse
39,Antwerpseweg 195,2022-11-30,11:00:00,14,8,6,FMN GV 10 Beerse
39,Antwerpseweg 195,2022-11-30,12:00:00,24,16,8,FMN GV 10 Beerse
39,Antwerpseweg 195,2022-11-30,13:00:00,25,17,8,FMN GV 10 Beerse
39,Antwerpseweg 195,2022-11-30,14:00:00,30,18,12,FMN GV 10 Beerse
39,Antwerpseweg 195,2022-11-30,15:00:00,26,15,11,FMN GV 10 Beerse
39,Antwerpseweg 195,2022-11-30,16:00:00,29,20,9,FMN GV 10 Beerse
39,Antwerpseweg 195,2022-11-30,17:00:00,34,23,11,FMN GV 10 Beerse
39,Antwerpseweg 195,2022-11-30,18:00:00,19,14,5,FMN GV 10 Beerse
39,Antwerpseweg 195,2022-11-30,19:00:00,14,8,6,FMN GV 10 Beerse
39,Antwerpseweg 195,2022-11-30,20:00:00,10,5,5,FMN GV 10 Beerse
39,Antwerpseweg 195,2022-11-30,21:00:00,7,6,1,FMN GV 10 Beerse
39,Antwerpseweg 195,2022-11-30,22:00:00,4,1,3,FMN GV 10 Beerse
39,Antwerpseweg 195,2022-11-30,23:00:00,2,1,1,FMN GV 10 Beerse
39,Antwerpseweg 195,2022-12-01,00:00:00,0,0,0,FMN GV 10 Beerse
39,Antwerpseweg 195,2022-12-01,01:00:00,1,1,0,FMN GV 10 Beerse
39,Antwerpseweg 195,2022-12-01,02:00:00,0,0,0,FMN GV 10 Beerse
39,Antwerpseweg 195,2022-12-01,03:00:00,0,0,0,FMN GV 10 Beerse
39,Antwerpseweg 195,2022-12-01,04:00:00,2,2,0,FMN GV 10 Beerse
39,Antwerpseweg 195,2022-12-01,05:00:00,10,9,1,FMN GV 10 Beerse
39,Antwerpseweg 195,2022-12-01,06:00:00,10,9,1,FMN GV 10 Beerse
39,Antwerpseweg 195,2022-12-01,07:00:00,36,30,6,FMN GV 10 Beerse
39,Antwerpseweg 195,2022-12-01,08:00:00,19,16,3,FMN GV 10 Beerse
39,Antwerpseweg 195,2022-12-01,09:00:00,10,7,3,FMN GV 10 Beerse
39,Antwerpseweg 195,2022-12-01,10:00:00,11,10,1,FMN GV 10 Beerse
39,Antwerpseweg 195,2022-12-01,11:00:00,5,2,3,FMN GV 10 Beerse
39,Antwerpseweg 195,2022-12-01,12:00:00,17,9,8,FMN GV 10 Beerse
39,Antwerpseweg 195,2022-12-01,13:00:00,35,25,10,FMN GV 10 Beerse
39,Antwerpseweg 195,2022-12-01,14:00:00,23,17,6,FMN GV 10 Beerse
39,Antwerpseweg 195,2022-12-01,15:00:00,28,20,8,FMN GV 10 Beerse
39,Antwerpseweg 195,2022-12-01,16:00:00,39,33,6,FMN GV 10 Beerse
39,Antwerpseweg 195,2022-12-01,17:00:00,35,26,9,FMN GV 10 Beerse
39,Antwerpseweg 195,2022-12-01,18:00:00,22,12,10,FMN GV 10 Beerse
39,Antwerpseweg 195,2022-12-01,19:00:00,14,12,2,FMN GV 10 Beerse
39,Antwerpseweg 195,2022-12-01,20:00:00,7,4,3,FMN GV 10 Beerse
39,Antwerpseweg 195,2022-12-01,21:00:00,2,2,0,FMN GV 10 Beerse
39,Antwerpseweg 195,2022-12-01,22:00:00,5,4,1,FMN GV 10 Beerse
39,Antwerpseweg 195,2022-12-01,23:00:00,3,2,1,FMN GV 10 Beerse
39,Antwerpseweg 195,2022-12-02,00:00:00,0,0,0,FMN GV 10 Beerse
39,Antwerpseweg 195,2022-12-02,01:00:00,0,0,0,FMN GV 10 Beerse
39,Antwerpseweg 195,2022-12-02,02:00:00,0,0,0,FMN GV 10 Beerse
39,Antwerpseweg 195,2022-12-02,03:00:00,0,0,0,FMN GV 10 Beerse
39,Antwerpseweg 195,2022-12-02,04:00:00,0,0,0,FMN GV 10 Beerse
39,Antwerpseweg 195,2022-12-02,05:00:00,0,0,0,FMN GV 10 Beerse
39,Antwerpseweg 195,2022-12-02,06:00:00,0,0,0,FMN GV 10 Beerse
39,Antwerpseweg 195,2022-12-02,07:00:00,0,0,0,FMN GV 10 Beerse
39,Antwerpseweg 195,2022-12-02,08:00:00,0,0,0,FMN GV 10 Beerse
39,Antwerpseweg 195,2022-12-02,09:00:00,0,0,0,FMN GV 10 Beerse
39,Antwerpseweg 195,2022-12-02,10:00:00,0,0,0,FMN GV 10 Beerse
39,Antwerpseweg 195,2022-12-02,11:00:00,0,0,0,FMN GV 10 Beerse
39,Antwerpseweg 195,2022-12-02,12:00:00,0,0,0,FMN GV 10 Beerse
39,Antwerpseweg 195,2022-12-02,13:00:00,0,0,0,FMN GV 10 Beerse
39,Antwerpseweg 195,2022-12-02,14:00:00,0,0,0,FMN GV 10 Beerse
39,Antwerpseweg 195,2022-12-02,15:00:00,0,0,0,FMN GV 10 Beerse
39,Antwerpseweg 195,2022-12-02,16:00:00,0,0,0,FMN GV 10 Beerse
39,Antwerpseweg 195,2022-12-02,17:00:00,9,5,4,FMN GV 10 Beerse
39,Antwerpseweg 195,2022-12-02,18:00:00,10,8,2,FMN GV 10 Beerse
39,Antwerpseweg 195,2022-12-02,19:00:00,4,3,1,FMN GV 10 Beerse
39,Antwerpseweg 195,2022-12-02,20:00:00,6,3,3,FMN GV 10 Beerse
39,Antwerpseweg 195,2022-12-02,21:00:00,6,4,2,FMN GV 10 Beerse
39,Antwerpseweg 195,2022-12-02,22:00:00,7,6,1,FMN GV 10 Beerse
39,Antwerpseweg 195,2022-12-02,23:00:00,0,0,0,FMN GV 10 Beerse
39,Antwerpseweg 195,2022-12-03,00:00:00,1,1,0,FMN GV 10 Beerse
39,Antwerpseweg 195,2022-12-03,01:00:00,2,1,1,FMN GV 10 Beerse
39,Antwerpseweg 195,2022-12-03,02:00:00,2,2,0,FMN GV 10 Beerse
39,Antwerpseweg 195,2022-12-03,03:00:00,2,2,0,FMN GV 10 Beerse
39,Antwerpseweg 195,2022-12-03,04:00:00,1,1,0,FMN GV 10 Beerse
39,Antwerpseweg 195,2022-12-03,05:00:00,4,4,0,FMN GV 10 Beerse
39,Antwerpseweg 195,2022-12-03,06:00:00,1,1,0,FMN GV 10 Beerse
39,Antwerpseweg 195,2022-12-03,07:00:00,2,2,0,FMN GV 10 Beerse
39,Antwerpseweg 195,2022-12-03,08:00:00,2,1,1,FMN GV 10 Beerse
39,Antwerpseweg 195,2022-12-03,09:00:00,8,4,4,FMN GV 10 Beerse
39,Antwerpseweg 195,2022-12-03,10:00:00,4,3,1,FMN GV 10 Beerse
39,Antwerpseweg 195,2022-12-03,11:00:00,11,7,4,FMN GV 10 Beerse
39,Antwerpseweg 195,2022-12-03,12:00:00,10,5,5,FMN GV 10 Beerse
39,Antwerpseweg 195,2022-12-03,13:00:00,5,3,2,FMN GV 10 Beerse
39,Antwerpseweg 195,2022-12-03,14:00:00,9,6,3,FMN GV 10 Beerse
39,Antwerpseweg 195,2022-12-03,15:00:00,9,7,2,FMN GV 10 Beerse
39,Antwerpseweg 195,2022-12-03,16:00:00,7,3,4,FMN GV 10 Beerse
39,Antwerpseweg 195,2022-12-03,17:00:00,10,8,2,FMN GV 10 Beerse
39,Antwerpseweg 195,2022-12-03,18:00:00,4,2,2,FMN GV 10 Beerse
39,Antwerpseweg 195,2022-12-03,19:00:00,1,1,0,FMN GV 10 Beerse
39,Antwerpseweg 195,2022-12-03,20:00:00,3,2,1,FMN GV 10 Beerse
39,Antwerpseweg 195,2022-12-03,21:00:00,2,1,1,FMN GV 10 Beerse
39,Antwerpseweg 195,2022-12-03,22:00:00,5,3,2,FMN GV 10 Beerse
39,Antwerpseweg 195,2022-12-03,23:00:00,2,2,0,FMN GV 10 Beerse
39,Antwerpseweg 195,2022-12-04,00:00:00,0,0,0,FMN GV 10 Beerse
39,Antwerpseweg 195,2022-12-04,01:00:00,0,0,0,FMN GV 10 Beerse
39,Antwerpseweg 195,2022-12-04,02:00:00,0,0,0,FMN GV 10 Beerse
39,Antwerpseweg 195,2022-12-04,03:00:00,1,1,0,FMN GV 10 Beerse
39,Antwerpseweg 195,2022-12-04,04:00:00,1,1,0,FMN GV 10 Beerse
39,Antwerpseweg 195,2022-12-04,05:00:00,1,1,0,FMN GV 10 Beerse
39,Antwerpseweg 195,2022-12-04,06:00:00,0,0,0,FMN GV 10 Beerse
39,Antwerpseweg 195,2022-12-04,07:00:00,0,0,0,FMN GV 10 Beerse
39,Antwerpseweg 195,2022-12-04,08:00:00,1,1,0,FMN GV 10 Beerse
39,Antwerpseweg 195,2022-12-04,09:00:00,7,4,3,FMN GV 10 Beerse
39,Antwerpseweg 195,2022-12-04,10:00:00,12,8,4,FMN GV 10 Beerse
39,Antwerpseweg 195,2022-12-04,11:00:00,7,6,1,FMN GV 10 Beerse
39,Antwerpseweg 195,2022-12-04,12:00:00,3,3,0,FMN GV 10 Beerse
39,Antwerpseweg 195,2022-12-04,13:00:00,9,4,5,FMN GV 10 Beerse
39,Antwerpseweg 195,2022-12-04,14:00:00,2,0,2,FMN GV 10 Beerse
39,Antwerpseweg 195,2022-12-04,15:00:00,6,5,1,FMN GV 10 Beerse
39,Antwerpseweg 195,2022-12-04,16:00:00,6,2,4,FMN GV 10 Beerse
39,Antwerpseweg 195,2022-12-04,17:00:00,5,4,1,FMN GV 10 Beerse
39,Antwerpseweg 195,2022-12-04,18:00:00,5,4,1,FMN GV 10 Beerse
39,Antwerpseweg 195,2022-12-04,19:00:00,0,0,0,FMN GV 10 Beerse
39,Antwerpseweg 195,2022-12-04,20:00:00,0,0,0,FMN GV 10 Beerse
39,Antwerpseweg 195,2022-12-04,21:00:00,2,2,0,FMN GV 10 Beerse
39,Antwerpseweg 195,2022-12-04,22:00:00,4,3,1,FMN GV 10 Beerse
39,Antwerpseweg 195,2022-12-04,23:00:00,1,1,0,FMN GV 10 Beerse
39,Antwerpseweg 195,2022-12-05,00:00:00,1,1,0,FMN GV 10 Beerse
39,Antwerpseweg 195,2022-12-05,01:00:00,0,0,0,FMN GV 10 Beerse
39,Antwerpseweg 195,2022-12-05,02:00:00,0,0,0,FMN GV 10 Beerse
39,Antwerpseweg 195,2022-12-05,03:00:00,0,0,0,FMN GV 10 Beerse
39,Antwerpseweg 195,2022-12-05,04:00:00,1,1,0,FMN GV 10 Beerse
39,Antwerpseweg 195,2022-12-05,05:00:00,9,9,0,FMN GV 10 Beerse
39,Antwerpseweg 195,2022-12-05,06:00:00,8,8,0,FMN GV 10 Beerse
39,Antwerpseweg 195,2022-12-05,07:00:00,45,37,8,FMN GV 10 Beerse
39,Antwerpseweg 195,2022-12-05,08:00:00,21,18,3,FMN GV 10 Beerse
39,Antwerpseweg 195,2022-12-05,09:00:00,5,4,1,FMN GV 10 Beerse
39,Antwerpseweg 195,2022-12-05,10:00:00,2,2,0,FMN GV 10 Beerse
39,Antwerpseweg 195,2022-12-05,11:00:00,3,2,1,FMN GV 10 Beerse
39,Antwerpseweg 195,2022-12-05,12:00:00,2,2,0,FMN GV 10 Beerse
39,Antwerpseweg 195,2022-12-05,13:00:00,19,15,4,FMN GV 10 Beerse
39,Antwerpseweg 195,2022-12-05,14:00:00,9,7,2,FMN GV 10 Beerse
39,Antwerpseweg 195,2022-12-05,15:00:00,19,16,3,FMN GV 10 Beerse
39,Antwerpseweg 195,2022-12-05,16:00:00,40,33,7,FMN GV 10 Beerse
39,Antwerpseweg 195,2022-12-05,17:00:00,18,8,10,FMN GV 10 Beerse
39,Antwerpseweg 195,2022-12-05,18:00:00,10,7,3,FMN GV 10 Beerse
39,Antwerpseweg 195,2022-12-05,19:00:00,5,4,1,FMN GV 10 Beerse
39,Antwerpseweg 195,2022-12-05,20:00:00,5,0,5,FMN GV 10 Beerse
39,Antwerpseweg 195,2022-12-05,21:00:00,2,2,0,FMN GV 10 Beerse
39,Antwerpseweg 195,2022-12-05,22:00:00,10,8,2,FMN GV 10 Beerse
39,Antwerpseweg 195,2022-12-05,23:00:00,1,1,0,FMN GV 10 Beerse
39,Antwerpseweg 195,2022-12-06,00:00:00,1,0,1,FMN GV 10 Beerse
39,Antwerpseweg 195,2022-12-06,01:00:00,0,0,0,FMN GV 10 Beerse
39,Antwerpseweg 195,2022-12-06,02:00:00,0,0,0,FMN GV 10 Beerse
39,Antwerpseweg 195,2022-12-06,03:00:00,0,0,0,FMN GV 10 Beerse
39,Antwerpseweg 195,2022-12-06,04:00:00,1,1,0,FMN GV 10 Beerse
39,Antwerpseweg 195,2022-12-06,05:00:00,11,11,0,FMN GV 10 Beerse
39,Antwerpseweg 195,2022-12-06,06:00:00,9,9,0,FMN GV 10 Beerse
39,Antwerpseweg 195,2022-12-06,07:00:00,56,48,8,FMN GV 10 Beerse
39,Antwerpseweg 195,2022-12-06,08:00:00,29,27,2,FMN GV 10 Beerse
39,Antwerpseweg 195,2022-12-06,09:00:00,11,10,1,FMN GV 10 Beerse
39,Antwerpseweg 195,2022-12-06,10:00:00,17,13,4,FMN GV 10 Beerse
39,Antwerpseweg 195,2022-12-06,11:00:00,7,5,2,FMN GV 10 Beerse
39,Antwerpseweg 195,2022-12-06,12:00:00,12,11,1,FMN GV 10 Beerse
39,Antwerpseweg 195,2022-12-06,13:00:00,37,26,11,FMN GV 10 Beerse
39,Antwerpseweg 195,2022-12-06,14:00:00,21,12,9,FMN GV 10 Beerse
39,Antwerpseweg 195,2022-12-06,15:00:00,42,39,3,FMN GV 10 Beerse
39,Antwerpseweg 195,2022-12-06,16:00:00,45,29,16,FMN GV 10 Beerse
39,Antwerpseweg 195,2022-12-06,17:00:00,38,25,13,FMN GV 10 Beerse
39,Antwerpseweg 195,2022-12-06,18:00:00,16,9,7,FMN GV 10 Beerse
39,Antwerpseweg 195,2022-12-06,19:00:00,4,0,4,FMN GV 10 Beerse
39,Antwerpseweg 195,2022-12-06,20:00:00,4,3,1,FMN GV 10 Beerse
39,Antwerpseweg 195,2022-12-06,21:00:00,5,4,1,FMN GV 10 Beerse
39,Antwerpseweg 195,2022-12-06,22:00:00,9,5,4,FMN GV 10 Beerse
39,Antwerpseweg 195,2022-12-06,23:00:00,0,0,0,FMN GV 10 Beerse
39,Antwerpseweg 195,2022-12-07,00:00:00,0,0,0,FMN GV 10 Beerse
39,Antwerpseweg 195,2022-12-07,01:00:00,0,0,0,FMN GV 10 Beerse
39,Antwerpseweg 195,2022-12-07,02:00:00,0,0,0,FMN GV 10 Beerse
39,Antwerpseweg 195,2022-12-07,03:00:00,0,0,0,FMN GV 10 Beerse
39,Antwerpseweg 195,2022-12-07,04:00:00,1,1,0,FMN GV 10 Beerse
39,Antwerpseweg 195,2022-12-07,05:00:00,10,9,1,FMN GV 10 Beerse
39,Antwerpseweg 195,2022-12-07,06:00:00,9,8,1,FMN GV 10 Beerse
39,Antwerpseweg 195,2022-12-07,07:00:00,51,43,8,FMN GV 10 Beerse
39,Antwerpseweg 195,2022-12-07,08:00:00,17,13,4,FMN GV 10 Beerse
39,Antwerpseweg 195,2022-12-07,09:00:00,9,8,1,FMN GV 10 Beerse
39,Antwerpseweg 195,2022-12-07,10:00:00,6,4,2,FMN GV 10 Beerse
39,Antwerpseweg 195,2022-12-07,11:00:00,8,5,3,FMN GV 10 Beerse
39,Antwerpseweg 195,2022-12-07,12:00:00,41,32,9,FMN GV 10 Beerse
39,Antwerpseweg 195,2022-12-07,13:00:00,20,20,0,FMN GV 10 Beerse
39,Antwerpseweg 195,2022-12-07,14:00:00,9,6,3,FMN GV 10 Beerse
39,Antwerpseweg 195,2022-12-07,15:00:00,18,14,4,FMN GV 10 Beerse
39,Antwerpseweg 195,2022-12-07,16:00:00,22,13,9,FMN GV 10 Beerse
39,Antwerpseweg 195,2022-12-07,17:00:00,19,13,6,FMN GV 10 Beerse
39,Antwerpseweg 195,2022-12-07,18:00:00,12,9,3,FMN GV 10 Beerse
39,Antwerpseweg 195,2022-12-07,19:00:00,1,1,0,FMN GV 10 Beerse
39,Antwerpseweg 195,2022-12-07,20:00:00,4,2,2,FMN GV 10 Beerse
39,Antwerpseweg 195,2022-12-07,21:00:00,5,3,2,FMN GV 10 Beerse
39,Antwerpseweg 195,2022-12-07,22:00:00,3,2,1,FMN GV 10 Beerse
39,Antwerpseweg 195,2022-12-07,23:00:00,0,0,0,FMN GV 10 Beerse
39,Antwerpseweg 195,2022-12-08,00:00:00,0,0,0,FMN GV 10 Beerse
39,Antwerpseweg 195,2022-12-08,01:00:00,0,0,0,FMN GV 10 Beerse
39,Antwerpseweg 195,2022-12-08,02:00:00,0,0,0,FMN GV 10 Beerse
39,Antwerpseweg 195,2022-12-08,03:00:00,1,1,0,FMN GV 10 Beerse
39,Antwerpseweg 195,2022-12-08,04:00:00,1,1,0,FMN GV 10 Beerse
39,Antwerpseweg 195,2022-12-08,05:00:00,7,7,0,FMN GV 10 Beerse
39,Antwerpseweg 195,2022-12-08,06:00:00,11,11,0,FMN GV 10 Beerse
39,Antwerpseweg 195,2022-12-08,07:00:00,44,34,10,FMN GV 10 Beerse
39,Antwerpseweg 195,2022-12-08,08:00:00,24,16,8,FMN GV 10 Beerse
39,Antwerpseweg 195,2022-12-08,09:00:00,8,6,2,FMN GV 10 Beerse
39,Antwerpseweg 195,2022-12-08,10:00:00,8,6,2,FMN GV 10 Beerse
39,Antwerpseweg 195,2022-12-08,11:00:00,17,13,4,FMN GV 10 Beerse
39,Antwerpseweg 195,2022-12-08,12:00:00,18,16,2,FMN GV 10 Beerse
39,Antwerpseweg 195,2022-12-08,13:00:00,21,13,8,FMN GV 10 Beerse
39,Antwerpseweg 195,2022-12-08,14:00:00,11,9,2,FMN GV 10 Beerse
39,Antwerpseweg 195,2022-12-08,15:00:00,14,11,3,FMN GV 10 Beerse
39,Antwerpseweg 195,2022-12-08,16:00:00,34,28,6,FMN GV 10 Beerse
39,Antwerpseweg 195,2022-12-08,17:00:00,21,10,11,FMN GV 10 Beerse
39,Antwerpseweg 195,2022-12-08,18:00:00,7,6,1,FMN GV 10 Beerse
39,Antwerpseweg 195,2022-12-08,19:00:00,3,3,0,FMN GV 10 Beerse
39,Antwerpseweg 195,2022-12-08,20:00:00,5,3,2,FMN GV 10 Beerse
39,Antwerpseweg 195,2022-12-08,21:00:00,1,1,0,FMN GV 10 Beerse
39,Antwerpseweg 195,2022-12-08,22:00:00,5,3,2,FMN GV 10 Beerse
39,Antwerpseweg 195,2022-12-08,23:00:00,3,3,0,FMN GV 10 Beerse
39,Antwerpseweg 195,2022-12-09,00:00:00,2,1,1,FMN GV 10 Beerse
39,Antwerpseweg 195,2022-12-09,01:00:00,1,1,0,FMN GV 10 Beerse
39,Antwerpseweg 195,2022-12-09,02:00:00,0,0,0,FMN GV 10 Beerse
39,Antwerpseweg 195,2022-12-09,03:00:00,0,0,0,FMN GV 10 Beerse
39,Antwerpseweg 195,2022-12-09,04:00:00,3,3,0,FMN GV 10 Beerse
39,Antwerpseweg 195,2022-12-09,05:00:00,6,6,0,FMN GV 10 Beerse
39,Antwerpseweg 195,2022-12-09,06:00:00,6,6,0,FMN GV 10 Beerse
39,Antwerpseweg 195,2022-12-09,07:00:00,39,30,9,FMN GV 10 Beerse
39,Antwerpseweg 195,2022-12-09,08:00:00,15,11,4,FMN GV 10 Beerse
39,Antwerpseweg 195,2022-12-09,09:00:00,8,6,2,FMN GV 10 Beerse
39,Antwerpseweg 195,2022-12-09,10:00:00,13,9,4,FMN GV 10 Beerse
39,Antwerpseweg 195,2022-12-09,11:00:00,18,14,4,FMN GV 10 Beerse
39,Antwerpseweg 195,2022-12-09,12:00:00,14,11,3,FMN GV 10 Beerse
39,Antwerpseweg 195,2022-12-09,13:00:00,18,15,3,FMN GV 10 Beerse
39,Antwerpseweg 195,2022-12-09,14:00:00,6,4,2,FMN GV 10 Beerse
39,Antwerpseweg 195,2022-12-09,15:00:00,21,13,8,FMN GV 10 Beerse
39,Antwerpseweg 195,2022-12-09,16:00:00,35,26,9,FMN GV 10 Beerse
39,Antwerpseweg 195,2022-12-09,17:00:00,11,8,3,FMN GV 10 Beerse
39,Antwerpseweg 195,2022-12-09,18:00:00,11,9,2,FMN GV 10 Beerse
39,Antwerpseweg 195,2022-12-09,19:00:00,3,0,3,FMN GV 10 Beerse
39,Antwerpseweg 195,2022-12-09,20:00:00,5,3,2,FMN GV 10 Beerse
39,Antwerpseweg 195,2022-12-09,21:00:00,2,1,1,FMN GV 10 Beerse
39,Antwerpseweg 195,2022-12-09,22:00:00,4,3,1,FMN GV 10 Beerse
39,Antwerpseweg 195,2022-12-09,23:00:00,2,2,0,FMN GV 10 Beerse
39,Antwerpseweg 195,2022-12-10,00:00:00,0,0,0,FMN GV 10 Beerse
39,Antwerpseweg 195,2022-12-10,01:00:00,0,0,0,FMN GV 10 Beerse
39,Antwerpseweg 195,2022-12-10,02:00:00,0,0,0,FMN GV 10 Beerse
39,Antwerpseweg 195,2022-12-10,03:00:00,0,0,0,FMN GV 10 Beerse
39,Antwerpseweg 195,2022-12-10,04:00:00,0,0,0,FMN GV 10 Beerse
39,Antwerpseweg 195,2022-12-10,05:00:00,3,3,0,FMN GV 10 Beerse
39,Antwerpseweg 195,2022-12-10,06:00:00,0,0,0,FMN GV 10 Beerse
39,Antwerpseweg 195,2022-12-10,07:00:00,1,1,0,FMN GV 10 Beerse
39,Antwerpseweg 195,2022-12-10,08:00:00,1,1,0,FMN GV 10 Beerse
39,Antwerpseweg 195,2022-12-10,09:00:00,2,2,0,FMN GV 10 Beerse
39,Antwerpseweg 195,2022-12-10,10:00:00,3,1,2,FMN GV 10 Beerse
39,Antwerpseweg 195,2022-12-10,11:00:00,2,2,0,FMN GV 10 Beerse
39,Antwerpseweg 195,2022-12-10,12:00:00,5,5,0,FMN GV 10 Beerse
39,Antwerpseweg 195,2022-12-10,13:00:00,6,4,2,FMN GV 10 Beerse
39,Antwerpseweg 195,2022-12-10,14:00:00,10,4,6,FMN GV 10 Beerse
39,Antwerpseweg 195,2022-12-10,15:00:00,6,5,1,FMN GV 10 Beerse
39,Antwerpseweg 195,2022-12-10,16:00:00,5,4,1,FMN GV 10 Beerse
39,Antwerpseweg 195,2022-12-10,17:00:00,3,2,1,FMN GV 10 Beerse
39,Antwerpseweg 195,2022-12-10,18:00:00,1,1,0,FMN GV 10 Beerse
39,Antwerpseweg 195,2022-12-10,19:00:00,1,0,1,FMN GV 10 Beerse
39,Antwerpseweg 195,2022-12-10,20:00:00,0,0,0,FMN GV 10 Beerse
39,Antwerpseweg 195,2022-12-10,21:00:00,0,0,0,FMN GV 10 Beerse
39,Antwerpseweg 195,2022-12-10,22:00:00,1,1,0,FMN GV 10 Beerse
39,Antwerpseweg 195,2022-12-10,23:00:00,0,0,0,FMN GV 10 Beerse
39,Antwerpseweg 195,2022-12-11,00:00:00,0,0,0,FMN GV 10 Beerse
39,Antwerpseweg 195,2022-12-11,01:00:00,2,2,0,FMN GV 10 Beerse
39,Antwerpseweg 195,2022-12-11,02:00:00,1,1,0,FMN GV 10 Beerse
39,Antwerpseweg 195,2022-12-11,03:00:00,1,1,0,FMN GV 10 Beerse
39,Antwerpseweg 195,2022-12-11,04:00:00,0,0,0,FMN GV 10 Beerse
39,Antwerpseweg 195,2022-12-11,05:00:00,2,2,0,FMN GV 10 Beerse
39,Antwerpseweg 195,2022-12-11,06:00:00,0,0,0,FMN GV 10 Beerse
39,Antwerpseweg 195,2022-12-11,07:00:00,0,0,0,FMN GV 10 Beerse
39,Antwerpseweg 195,2022-12-11,08:00:00,0,0,0,FMN GV 10 Beerse
39,Antwerpseweg 195,2022-12-11,09:00:00,2,2,0,FMN GV 10 Beerse
39,Antwerpseweg 195,2022-12-11,10:00:00,6,5,1,FMN GV 10 Beerse
39,Antwerpseweg 195,2022-12-11,11:00:00,12,6,6,FMN GV 10 Beerse
39,Antwerpseweg 195,2022-12-11,12:00:00,4,3,1,FMN GV 10 Beerse
39,Antwerpseweg 195,2022-12-11,13:00:00,5,5,0,FMN GV 10 Beerse
39,Antwerpseweg 195,2022-12-11,14:00:00,6,4,2,FMN GV 10 Beerse
39,Antwerpseweg 195,2022-12-11,15:00:00,7,5,2,FMN GV 10 Beerse
39,Antwerpseweg 195,2022-12-11,16:00:00,1,1,0,FMN GV 10 Beerse
39,Antwerpseweg 195,2022-12-11,17:00:00,3,1,2,FMN GV 10 Beerse
39,Antwerpseweg 195,2022-12-11,18:00:00,4,4,0,FMN GV 10 Beerse
39,Antwerpseweg 195,2022-12-11,19:00:00,2,2,0,FMN GV 10 Beerse
39,Antwerpseweg 195,2022-12-11,20:00:00,1,1,0,FMN GV 10 Beerse
39,Antwerpseweg 195,2022-12-11,21:00:00,2,2,0,FMN GV 10 Beerse
39,Antwerpseweg 195,2022-12-11,22:00:00,1,1,0,FMN GV 10 Beerse
39,Antwerpseweg 195,2022-12-11,23:00:00,0,0,0,FMN GV 10 Beerse
39,Antwerpseweg 195,2022-12-12,00:00:00,0,0,0,FMN GV 10 Beerse
39,Antwerpseweg 195,2022-12-12,01:00:00,0,0,0,FMN GV 10 Beerse
39,Antwerpseweg 195,2022-12-12,02:00:00,0,0,0,FMN GV 10 Beerse
39,Antwerpseweg 195,2022-12-12,03:00:00,0,0,0,FMN GV 10 Beerse
39,Antwerpseweg 195,2022-12-12,04:00:00,1,1,0,FMN GV 10 Beerse
39,Antwerpseweg 195,2022-12-12,05:00:00,10,10,0,FMN GV 10 Beerse
39,Antwerpseweg 195,2022-12-12,06:00:00,4,4,0,FMN GV 10 Beerse
39,Antwerpseweg 195,2022-12-12,07:00:00,30,25,5,FMN GV 10 Beerse
39,Antwerpseweg 195,2022-12-12,08:00:00,18,17,1,FMN GV 10 Beerse
39,Antwerpseweg 195,2022-12-12,09:00:00,6,5,1,FMN GV 10 Beerse
39,Antwerpseweg 195,2022-12-12,10:00:00,2,1,1,FMN GV 10 Beerse
39,Antwerpseweg 195,2022-12-12,11:00:00,6,3,3,FMN GV 10 Beerse
39,Antwerpseweg 195,2022-12-12,12:00:00,19,14,5,FMN GV 10 Beerse
39,Antwerpseweg 195,2022-12-12,13:00:00,14,10,4,FMN GV 10 Beerse
39,Antwerpseweg 195,2022-12-12,14:00:00,14,8,6,FMN GV 10 Beerse
39,Antwerpseweg 195,2022-12-12,15:00:00,10,7,3,FMN GV 10 Beerse
39,Antwerpseweg 195,2022-12-12,16:00:00,15,9,6,FMN GV 10 Beerse
39,Antwerpseweg 195,2022-12-12,17:00:00,17,8,9,FMN GV 10 Beerse
39,Antwerpseweg 195,2022-12-12,18:00:00,3,2,1,FMN GV 10 Beerse
39,Antwerpseweg 195,2022-12-12,19:00:00,2,1,1,FMN GV 10 Beerse
39,Antwerpseweg 195,2022-12-12,20:00:00,1,0,1,FMN GV 10 Beerse
39,Antwerpseweg 195,2022-12-12,21:00:00,2,2,0,FMN GV 10 Beerse
39,Antwerpseweg 195,2022-12-12,22:00:00,5,3,2,FMN GV 10 Beerse
39,Antwerpseweg 195,2022-12-12,23:00:00,0,0,0,FMN GV 10 Beerse
39,Antwerpseweg 195,2022-12-13,00:00:00,0,0,0,FMN GV 10 Beerse
39,Antwerpseweg 195,2022-12-13,01:00:00,0,0,0,FMN GV 10 Beerse
39,Antwerpseweg 195,2022-12-13,02:00:00,0,0,0,FMN GV 10 Beerse
39,Antwerpseweg 195,2022-12-13,03:00:00,0,0,0,FMN GV 10 Beerse
39,Antwerpseweg 195,2022-12-13,04:00:00,1,1,0,FMN GV 10 Beerse
39,Antwerpseweg 195,2022-12-13,05:00:00,3,3,0,FMN GV 10 Beerse
39,Antwerpseweg 195,2022-12-13,06:00:00,5,4,1,FMN GV 10 Beerse
39,Antwerpseweg 195,2022-12-13,07:00:00,24,20,4,FMN GV 10 Beerse
39,Antwerpseweg 195,2022-12-13,08:00:00,12,10,2,FMN GV 10 Beerse
39,Antwerpseweg 195,2022-12-13,09:00:00,5,5,0,FMN GV 10 Beerse
39,Antwerpseweg 195,2022-12-13,10:00:00,4,4,0,FMN GV 10 Beerse
39,Antwerpseweg 195,2022-12-13,11:00:00,2,2,0,FMN GV 10 Beerse
39,Antwerpseweg 195,2022-12-13,12:00:00,12,9,3,FMN GV 10 Beerse
39,Antwerpseweg 195,2022-12-13,13:00:00,10,5,5,FMN GV 10 Beerse
39,Antwerpseweg 195,2022-12-13,14:00:00,12,6,6,FMN GV 10 Beerse
39,Antwerpseweg 195,2022-12-13,15:00:00,4,2,2,FMN GV 10 Beerse
39,Antwerpseweg 195,2022-12-13,16:00:00,22,15,7,FMN GV 10 Beerse
39,Antwerpseweg 195,2022-12-13,17:00:00,13,9,4,FMN GV 10 Beerse
39,Antwerpseweg 195,2022-12-13,18:00:00,3,2,1,FMN GV 10 Beerse
39,Antwerpseweg 195,2022-12-13,19:00:00,2,1,1,FMN GV 10 Beerse
39,Antwerpseweg 195,2022-12-13,20:00:00,1,1,0,FMN GV 10 Beerse
39,Antwerpseweg 195,2022-12-13,21:00:00,2,2,0,FMN GV 10 Beerse
39,Antwerpseweg 195,2022-12-13,22:00:00,3,3,0,FMN GV 10 Beerse
39,Antwerpseweg 195,2022-12-13,23:00:00,1,0,1,FMN GV 10 Beerse
39,Antwerpseweg 195,2022-12-14,00:00:00,0,0,0,FMN GV 10 Beerse
39,Antwerpseweg 195,2022-12-14,01:00:00,0,0,0,FMN GV 10 Beerse
39,Antwerpseweg 195,2022-12-14,02:00:00,0,0,0,FMN GV 10 Beerse
39,Antwerpseweg 195,2022-12-14,03:00:00,0,0,0,FMN GV 10 Beerse
39,Antwerpseweg 195,2022-12-14,04:00:00,1,1,0,FMN GV 10 Beerse
39,Antwerpseweg 195,2022-12-14,05:00:00,6,6,0,FMN GV 10 Beerse
39,Antwerpseweg 195,2022-12-14,06:00:00,5,4,1,FMN GV 10 Beerse
39,Antwerpseweg 195,2022-12-14,07:00:00,27,21,6,FMN GV 10 Beerse
39,Antwerpseweg 195,2022-12-14,08:00:00,17,14,3,FMN GV 10 Beerse
39,Antwerpseweg 195,2022-12-14,09:00:00,2,2,0,FMN GV 10 Beerse
39,Antwerpseweg 195,2022-12-14,10:00:00,10,8,2,FMN GV 10 Beerse
39,Antwerpseweg 195,2022-12-14,11:00:00,6,4,2,FMN GV 10 Beerse
39,Antwerpseweg 195,2022-12-14,12:00:00,23,20,3,FMN GV 10 Beerse
39,Antwerpseweg 195,2022-12-14,13:00:00,14,10,4,FMN GV 10 Beerse
39,Antwerpseweg 195,2022-12-14,14:00:00,5,3,2,FMN GV 10 Beerse
39,Antwerpseweg 195,2022-12-14,15:00:00,8,3,5,FMN GV 10 Beerse
39,Antwerpseweg 195,2022-12-14,16:00:00,20,12,8,FMN GV 10 Beerse
39,Antwerpseweg 195,2022-12-14,17:00:00,6,3,3,FMN GV 10 Beerse
39,Antwerpseweg 195,2022-12-14,18:00:00,3,3,0,FMN GV 10 Beerse
39,Antwerpseweg 195,2022-12-14,19:00:00,1,0,1,FMN GV 10 Beerse
39,Antwerpseweg 195,2022-12-14,20:00:00,2,1,1,FMN GV 10 Beerse
39,Antwerpseweg 195,2022-12-14,21:00:00,1,1,0,FMN GV 10 Beerse
39,Antwerpseweg 195,2022-12-14,22:00:00,2,2,0,FMN GV 10 Beerse
39,Antwerpseweg 195,2022-12-14,23:00:00,2,2,0,FMN GV 10 Beerse
39,Antwerpseweg 195,2022-12-15,00:00:00,0,0,0,FMN GV 10 Beerse
39,Antwerpseweg 195,2022-12-15,01:00:00,0,0,0,FMN GV 10 Beerse
39,Antwerpseweg 195,2022-12-15,02:00:00,0,0,0,FMN GV 10 Beerse
39,Antwerpseweg 195,2022-12-15,03:00:00,0,0,0,FMN GV 10 Beerse
39,Antwerpseweg 195,2022-12-15,04:00:00,2,2,0,FMN GV 10 Beerse
39,Antwerpseweg 195,2022-12-15,05:00:00,6,6,0,FMN GV 10 Beerse
39,Antwerpseweg 195,2022-12-15,06:00:00,1,1,0,FMN GV 10 Beerse
39,Antwerpseweg 195,2022-12-15,07:00:00,23,19,4,FMN GV 10 Beerse
39,Antwerpseweg 195,2022-12-15,08:00:00,10,9,1,FMN GV 10 Beerse
39,Antwerpseweg 195,2022-12-15,09:00:00,1,1,0,FMN GV 10 Beerse
39,Antwerpseweg 195,2022-12-15,10:00:00,6,5,1,FMN GV 10 Beerse
39,Antwerpseweg 195,2022-12-15,11:00:00,10,8,2,FMN GV 10 Beerse
39,Antwerpseweg 195,2022-12-15,12:00:00,12,10,2,FMN GV 10 Beerse
39,Antwerpseweg 195,2022-12-15,13:00:00,6,5,1,FMN GV 10 Beerse
39,Antwerpseweg 195,2022-12-15,14:00:00,8,6,2,FMN GV 10 Beerse
39,Antwerpseweg 195,2022-12-15,15:00:00,8,7,1,FMN GV 10 Beerse
39,Antwerpseweg 195,2022-12-15,16:00:00,6,2,4,FMN GV 10 Beerse
39,Antwerpseweg 195,2022-12-15,17:00:00,10,6,4,FMN GV 10 Beerse
39,Antwerpseweg 195,2022-12-15,18:00:00,12,7,5,FMN GV 10 Beerse
39,Antwerpseweg 195,2022-12-15,19:00:00,4,3,1,FMN GV 10 Beerse
39,Antwerpseweg 195,2022-12-15,20:00:00,2,1,1,FMN GV 10 Beerse
39,Antwerpseweg 195,2022-12-15,21:00:00,1,1,0,FMN GV 10 Beerse
39,Antwerpseweg 195,2022-12-15,22:00:00,0,0,0,FMN GV 10 Beerse
39,Antwerpseweg 195,2022-12-15,23:00:00,1,1,0,FMN GV 10 Beerse
39,Antwerpseweg 195,2022-12-16,00:00:00,0,0,0,FMN GV 10 Beerse
39,Antwerpseweg 195,2022-12-16,01:00:00,0,0,0,FMN GV 10 Beerse
39,Antwerpseweg 195,2022-12-16,02:00:00,0,0,0,FMN GV 10 Beerse
39,Antwerpseweg 195,2022-12-16,03:00:00,0,0,0,FMN GV 10 Beerse
39,Antwerpseweg 195,2022-12-16,04:00:00,0,0,0,FMN GV 10 Beerse
39,Antwerpseweg 195,2022-12-16,05:00:00,7,7,0,FMN GV 10 Beerse
39,Antwerpseweg 195,2022-12-16,06:00:00,2,1,1,FMN GV 10 Beerse
39,Antwerpseweg 195,2022-12-16,07:00:00,16,12,4,FMN GV 10 Beerse
39,Antwerpseweg 195,2022-12-16,08:00:00,10,9,1,FMN GV 10 Beerse
39,Antwerpseweg 195,2022-12-16,09:00:00,4,4,0,FMN GV 10 Beerse
39,Antwerpseweg 195,2022-12-16,10:00:00,10,9,1,FMN GV 10 Beerse
39,Antwerpseweg 195,2022-12-16,11:00:00,10,7,3,FMN GV 10 Beerse
39,Antwerpseweg 195,2022-12-16,12:00:00,14,8,6,FMN GV 10 Beerse
39,Antwerpseweg 195,2022-12-16,13:00:00,7,5,2,FMN GV 10 Beerse
39,Antwerpseweg 195,2022-12-16,14:00:00,6,6,0,FMN GV 10 Beerse
39,Antwerpseweg 195,2022-12-16,15:00:00,8,7,1,FMN GV 10 Beerse
39,Antwerpseweg 195,2022-12-16,16:00:00,11,10,1,FMN GV 10 Beerse
39,Antwerpseweg 195,2022-12-16,17:00:00,5,2,3,FMN GV 10 Beerse
39,Antwerpseweg 195,2022-12-16,18:00:00,2,2,0,FMN GV 10 Beerse
39,Antwerpseweg 195,2022-12-16,19:00:00,2,2,0,FMN GV 10 Beerse
39,Antwerpseweg 195,2022-12-16,20:00:00,1,1,0,FMN GV 10 Beerse
39,Antwerpseweg 195,2022-12-16,21:00:00,0,0,0,FMN GV 10 Beerse
39,Antwerpseweg 195,2022-12-16,22:00:00,1,1,0,FMN GV 10 Beerse
39,Antwerpseweg 195,2022-12-16,23:00:00,1,0,1,FMN GV 10 Beerse
39,Antwerpseweg 195,2022-12-17,00:00:00,0,0,0,FMN GV 10 Beerse
39,Antwerpseweg 195,2022-12-17,01:00:00,0,0,0,FMN GV 10 Beerse
39,Antwerpseweg 195,2022-12-17,02:00:00,0,0,0,FMN GV 10 Beerse
39,Antwerpseweg 195,2022-12-17,03:00:00,2,2,0,FMN GV 10 Beerse
39,Antwerpseweg 195,2022-12-17,04:00:00,0,0,0,FMN GV 10 Beerse
39,Antwerpseweg 195,2022-12-17,05:00:00,0,0,0,FMN GV 10 Beerse
39,Antwerpseweg 195,2022-12-17,06:00:00,0,0,0,FMN GV 10 Beerse
39,Antwerpseweg 195,2022-12-17,07:00:00,1,0,1,FMN GV 10 Beerse
39,Antwerpseweg 195,2022-12-17,08:00:00,0,0,0,FMN GV 10 Beerse
39,Antwerpseweg 195,2022-12-17,09:00:00,0,0,0,FMN GV 10 Beerse
39,Antwerpseweg 195,2022-12-17,10:00:00,2,1,1,FMN GV 10 Beerse
39,Antwerpseweg 195,2022-12-17,11:00:00,2,2,0,FMN GV 10 Beerse
39,Antwerpseweg 195,2022-12-17,12:00:00,2,2,0,FMN GV 10 Beerse
39,Antwerpseweg 195,2022-12-17,13:00:00,6,4,2,FMN GV 10 Beerse
39,Antwerpseweg 195,2022-12-17,14:00:00,3,3,0,FMN GV 10 Beerse
39,Antwerpseweg 195,2022-12-17,15:00:00,1,1,0,FMN GV 10 Beerse
39,Antwerpseweg 195,2022-12-17,16:00:00,2,0,2,FMN GV 10 Beerse
39,Antwerpseweg 195,2022-12-17,17:00:00,1,0,1,FMN GV 10 Beerse
39,Antwerpseweg 195,2022-12-17,18:00:00,1,1,0,FMN GV 10 Beerse
39,Antwerpseweg 195,2022-12-17,19:00:00,0,0,0,FMN GV 10 Beerse
39,Antwerpseweg 195,2022-12-17,20:00:00,1,0,1,FMN GV 10 Beerse
39,Antwerpseweg 195,2022-12-17,21:00:00,0,0,0,FMN GV 10 Beerse
39,Antwerpseweg 195,2022-12-17,22:00:00,3,2,1,FMN GV 10 Beerse
39,Antwerpseweg 195,2022-12-17,23:00:00,0,0,0,FMN GV 10 Beerse
39,Antwerpseweg 195,2022-12-18,00:00:00,1,1,0,FMN GV 10 Beerse
39,Antwerpseweg 195,2022-12-18,01:00:00,0,0,0,FMN GV 10 Beerse
39,Antwerpseweg 195,2022-12-18,02:00:00,0,0,0,FMN GV 10 Beerse
39,Antwerpseweg 195,2022-12-18,03:00:00,0,0,0,FMN GV 10 Beerse
39,Antwerpseweg 195,2022-12-18,04:00:00,0,0,0,FMN GV 10 Beerse
39,Antwerpseweg 195,2022-12-18,05:00:00,0,0,0,FMN GV 10 Beerse
39,Antwerpseweg 195,2022-12-18,06:00:00,0,0,0,FMN GV 10 Beerse
39,Antwerpseweg 195,2022-12-18,07:00:00,0,0,0,FMN GV 10 Beerse
39,Antwerpseweg 195,2022-12-18,08:00:00,0,0,0,FMN GV 10 Beerse
39,Antwerpseweg 195,2022-12-18,09:00:00,0,0,0,FMN GV 10 Beerse
39,Antwerpseweg 195,2022-12-18,10:00:00,3,3,0,FMN GV 10 Beerse
39,Antwerpseweg 195,2022-12-18,11:00:00,2,2,0,FMN GV 10 Beerse
39,Antwerpseweg 195,2022-12-18,12:00:00,3,1,2,FMN GV 10 Beerse
39,Antwerpseweg 195,2022-12-18,13:00:00,3,0,3,FMN GV 10 Beerse
39,Antwerpseweg 195,2022-12-18,14:00:00,0,0,0,FMN GV 10 Beerse
39,Antwerpseweg 195,2022-12-18,15:00:00,3,2,1,FMN GV 10 Beerse
39,Antwerpseweg 195,2022-12-18,16:00:00,2,0,2,FMN GV 10 Beerse
39,Antwerpseweg 195,2022-12-18,17:00:00,0,0,0,FMN GV 10 Beerse
39,Antwerpseweg 195,2022-12-18,18:00:00,2,2,0,FMN GV 10 Beerse
39,Antwerpseweg 195,2022-12-18,19:00:00,3,3,0,FMN GV 10 Beerse
39,Antwerpseweg 195,2022-12-18,20:00:00,1,1,0,FMN GV 10 Beerse
39,Antwerpseweg 195,2022-12-18,21:00:00,0,0,0,FMN GV 10 Beerse
39,Antwerpseweg 195,2022-12-18,22:00:00,0,0,0,FMN GV 10 Beerse
39,Antwerpseweg 195,2022-12-18,23:00:00,0,0,0,FMN GV 10 Beerse
39,Antwerpseweg 195,2022-12-19,00:00:00,0,0,0,FMN GV 10 Beerse
39,Antwerpseweg 195,2022-12-19,01:00:00,0,0,0,FMN GV 10 Beerse
39,Antwerpseweg 195,2022-12-19,02:00:00,1,1,0,FMN GV 10 Beerse
39,Antwerpseweg 195,2022-12-19,03:00:00,0,0,0,FMN GV 10 Beerse
39,Antwerpseweg 195,2022-12-19,04:00:00,2,2,0,FMN GV 10 Beerse
39,Antwerpseweg 195,2022-12-19,05:00:00,4,4,0,FMN GV 10 Beerse
39,Antwerpseweg 195,2022-12-19,06:00:00,2,2,0,FMN GV 10 Beerse
39,Antwerpseweg 195,2022-12-19,07:00:00,26,22,4,FMN GV 10 Beerse
39,Antwerpseweg 195,2022-12-19,08:00:00,15,12,3,FMN GV 10 Beerse
39,Antwerpseweg 195,2022-12-19,09:00:00,6,5,1,FMN GV 10 Beerse
39,Antwerpseweg 195,2022-12-19,10:00:00,4,2,2,FMN GV 10 Beerse
39,Antwerpseweg 195,2022-12-19,11:00:00,7,7,0,FMN GV 10 Beerse
39,Antwerpseweg 195,2022-12-19,12:00:00,9,6,3,FMN GV 10 Beerse
39,Antwerpseweg 195,2022-12-19,13:00:00,29,22,7,FMN GV 10 Beerse
39,Antwerpseweg 195,2022-12-19,14:00:00,6,5,1,FMN GV 10 Beerse
39,Antwerpseweg 195,2022-12-19,15:00:00,12,6,6,FMN GV 10 Beerse
39,Antwerpseweg 195,2022-12-19,16:00:00,13,8,5,FMN GV 10 Beerse
39,Antwerpseweg 195,2022-12-19,17:00:00,9,4,5,FMN GV 10 Beerse
39,Antwerpseweg 195,2022-12-19,18:00:00,8,8,0,FMN GV 10 Beerse
39,Antwerpseweg 195,2022-12-19,19:00:00,5,1,4,FMN GV 10 Beerse
39,Antwerpseweg 195,2022-12-19,20:00:00,2,1,1,FMN GV 10 Beerse
39,Antwerpseweg 195,2022-12-19,21:00:00,3,2,1,FMN GV 10 Beerse
39,Antwerpseweg 195,2022-12-19,22:00:00,7,3,4,FMN GV 10 Beerse
39,Antwerpseweg 195,2022-12-19,23:00:00,0,0,0,FMN GV 10 Beerse
39,Antwerpseweg 195,2022-12-20,00:00:00,0,0,0,FMN GV 10 Beerse
39,Antwerpseweg 195,2022-12-20,01:00:00,0,0,0,FMN GV 10 Beerse
39,Antwerpseweg 195,2022-12-20,02:00:00,0,0,0,FMN GV 10 Beerse
39,Antwerpseweg 195,2022-12-20,03:00:00,1,1,0,FMN GV 10 Beerse
39,Antwerpseweg 195,2022-12-20,04:00:00,1,1,0,FMN GV 10 Beerse
39,Antwerpseweg 195,2022-12-20,05:00:00,11,11,0,FMN GV 10 Beerse
39,Antwerpseweg 195,2022-12-20,06:00:00,4,4,0,FMN GV 10 Beerse
39,Antwerpseweg 195,2022-12-20,07:00:00,32,26,6,FMN GV 10 Beerse
39,Antwerpseweg 195,2022-12-20,08:00:00,18,15,3,FMN GV 10 Beerse
39,Antwerpseweg 195,2022-12-20,09:00:00,7,7,0,FMN GV 10 Beerse
39,Antwerpseweg 195,2022-12-20,10:00:00,12,9,3,FMN GV 10 Beerse
39,Antwerpseweg 195,2022-12-20,11:00:00,9,8,1,FMN GV 10 Beerse
39,Antwerpseweg 195,2022-12-20,12:00:00,3,3,0,FMN GV 10 Beerse
39,Antwerpseweg 195,2022-12-20,13:00:00,11,9,2,FMN GV 10 Beerse
39,Antwerpseweg 195,2022-12-20,14:00:00,6,1,5,FMN GV 10 Beerse
39,Antwerpseweg 195,2022-12-20,15:00:00,8,6,2,FMN GV 10 Beerse
39,Antwerpseweg 195,2022-12-20,16:00:00,17,12,5,FMN GV 10 Beerse
39,Antwerpseweg 195,2022-12-20,17:00:00,21,10,11,FMN GV 10 Beerse
39,Antwerpseweg 195,2022-12-20,18:00:00,5,5,0,FMN GV 10 Beerse
39,Antwerpseweg 195,2022-12-20,19:00:00,3,2,1,FMN GV 10 Beerse
39,Antwerpseweg 195,2022-12-20,20:00:00,1,1,0,FMN GV 10 Beerse
39,Antwerpseweg 195,2022-12-20,21:00:00,1,0,1,FMN GV 10 Beerse
39,Antwerpseweg 195,2022-12-20,22:00:00,6,4,2,FMN GV 10 Beerse
39,Antwerpseweg 195,2022-12-20,23:00:00,1,1,0,FMN GV 10 Beerse
39,Antwerpseweg 195,2022-12-21,00:00:00,0,0,0,FMN GV 10 Beerse
39,Antwerpseweg 195,2022-12-21,01:00:00,0,0,0,FMN GV 10 Beerse
39,Antwerpseweg 195,2022-12-21,02:00:00,0,0,0,FMN GV 10 Beerse
39,Antwerpseweg 195,2022-12-21,03:00:00,0,0,0,FMN GV 10 Beerse
39,Antwerpseweg 195,2022-12-21,04:00:00,3,3,0,FMN GV 10 Beerse
39,Antwerpseweg 195,2022-12-21,05:00:00,13,12,1,FMN GV 10 Beerse
39,Antwerpseweg 195,2022-12-21,06:00:00,6,6,0,FMN GV 10 Beerse
39,Antwerpseweg 195,2022-12-21,07:00:00,29,24,5,FMN GV 10 Beerse
39,Antwerpseweg 195,2022-12-21,08:00:00,16,14,2,FMN GV 10 Beerse
39,Antwerpseweg 195,2022-12-21,09:00:00,10,8,2,FMN GV 10 Beerse
39,Antwerpseweg 195,2022-12-21,10:00:00,15,7,8,FMN GV 10 Beerse
39,Antwerpseweg 195,2022-12-21,11:00:00,13,7,6,FMN GV 10 Beerse
39,Antwerpseweg 195,2022-12-21,12:00:00,15,11,4,FMN GV 10 Beerse
39,Antwerpseweg 195,2022-12-21,13:00:00,20,16,4,FMN GV 10 Beerse
39,Antwerpseweg 195,2022-12-21,14:00:00,23,19,4,FMN GV 10 Beerse
39,Antwerpseweg 195,2022-12-21,15:00:00,16,6,10,FMN GV 10 Beerse
39,Antwerpseweg 195,2022-12-21,16:00:00,19,11,8,FMN GV 10 Beerse
39,Antwerpseweg 195,2022-12-21,17:00:00,12,8,4,FMN GV 10 Beerse
39,Antwerpseweg 195,2022-12-21,18:00:00,3,1,2,FMN GV 10 Beerse
39,Antwerpseweg 195,2022-12-21,19:00:00,0,0,0,FMN GV 10 Beerse
39,Antwerpseweg 195,2022-12-21,20:00:00,5,4,1,FMN GV 10 Beerse
39,Antwerpseweg 195,2022-12-21,21:00:00,1,1,0,FMN GV 10 Beerse
39,Antwerpseweg 195,2022-12-21,22:00:00,4,3,1,FMN GV 10 Beerse
39,Antwerpseweg 195,2022-12-21,23:00:00,3,2,1,FMN GV 10 Beerse
39,Antwerpseweg 195,2022-12-22,00:00:00,0,0,0,FMN GV 10 Beerse
39,Antwerpseweg 195,2022-12-22,01:00:00,0,0,0,FMN GV 10 Beerse
39,Antwerpseweg 195,2022-12-22,02:00:00,1,0,1,FMN GV 10 Beerse
39,Antwerpseweg 195,2022-12-22,03:00:00,0,0,0,FMN GV 10 Beerse
39,Antwerpseweg 195,2022-12-22,04:00:00,2,2,0,FMN GV 10 Beerse
39,Antwerpseweg 195,2022-12-22,05:00:00,5,5,0,FMN GV 10 Beerse
39,Antwerpseweg 195,2022-12-22,06:00:00,5,5,0,FMN GV 10 Beerse
39,Antwerpseweg 195,2022-12-22,07:00:00,26,19,7,FMN GV 10 Beerse
39,Antwerpseweg 195,2022-12-22,08:00:00,9,7,2,FMN GV 10 Beerse
39,Antwerpseweg 195,2022-12-22,09:00:00,10,8,2,FMN GV 10 Beerse
39,Antwerpseweg 195,2022-12-22,10:00:00,10,6,4,FMN GV 10 Beerse
39,Antwerpseweg 195,2022-12-22,11:00:00,10,7,3,FMN GV 10 Beerse
39,Antwerpseweg 195,2022-12-22,12:00:00,9,7,2,FMN GV 10 Beerse
39,Antwerpseweg 195,2022-12-22,13:00:00,16,12,4,FMN GV 10 Beerse
39,Antwerpseweg 195,2022-12-22,14:00:00,10,4,6,FMN GV 10 Beerse
39,Antwerpseweg 195,2022-12-22,15:00:00,12,10,2,FMN GV 10 Beerse
39,Antwerpseweg 195,2022-12-22,16:00:00,15,9,6,FMN GV 10 Beerse
39,Antwerpseweg 195,2022-12-22,17:00:00,13,10,3,FMN GV 10 Beerse
39,Antwerpseweg 195,2022-12-22,18:00:00,6,4,2,FMN GV 10 Beerse
39,Antwerpseweg 195,2022-12-22,19:00:00,5,2,3,FMN GV 10 Beerse
39,Antwerpseweg 195,2022-12-22,20:00:00,3,1,2,FMN GV 10 Beerse
39,Antwerpseweg 195,2022-12-22,21:00:00,1,1,0,FMN GV 10 Beerse
39,Antwerpseweg 195,2022-12-22,22:00:00,5,4,1,FMN GV 10 Beerse
39,Antwerpseweg 195,2022-12-22,23:00:00,3,3,0,FMN GV 10 Beerse
39,Antwerpseweg 195,2022-12-23,00:00:00,0,0,0,FMN GV 10 Beerse
39,Antwerpseweg 195,2022-12-23,01:00:00,0,0,0,FMN GV 10 Beerse
39,Antwerpseweg 195,2022-12-23,02:00:00,1,1,0,FMN GV 10 Beerse
39,Antwerpseweg 195,2022-12-23,03:00:00,0,0,0,FMN GV 10 Beerse
39,Antwerpseweg 195,2022-12-23,04:00:00,1,1,0,FMN GV 10 Beerse
39,Antwerpseweg 195,2022-12-23,05:00:00,3,3,0,FMN GV 10 Beerse
39,Antwerpseweg 195,2022-12-23,06:00:00,5,5,0,FMN GV 10 Beerse
39,Antwerpseweg 195,2022-12-23,07:00:00,19,13,6,FMN GV 10 Beerse
39,Antwerpseweg 195,2022-12-23,08:00:00,9,7,2,FMN GV 10 Beerse
39,Antwerpseweg 195,2022-12-23,09:00:00,5,3,2,FMN GV 10 Beerse
39,Antwerpseweg 195,2022-12-23,10:00:00,9,8,1,FMN GV 10 Beerse
39,Antwerpseweg 195,2022-12-23,11:00:00,5,4,1,FMN GV 10 Beerse
39,Antwerpseweg 195,2022-12-23,12:00:00,10,9,1,FMN GV 10 Beerse
39,Antwerpseweg 195,2022-12-23,13:00:00,7,6,1,FMN GV 10 Beerse
39,Antwerpseweg 195,2022-12-23,14:00:00,4,3,1,FMN GV 10 Beerse
39,Antwerpseweg 195,2022-12-23,15:00:00,9,7,2,FMN GV 10 Beerse
39,Antwerpseweg 195,2022-12-23,16:00:00,8,6,2,FMN GV 10 Beerse
39,Antwerpseweg 195,2022-12-23,17:00:00,6,4,2,FMN GV 10 Beerse
39,Antwerpseweg 195,2022-12-23,18:00:00,6,5,1,FMN GV 10 Beerse
39,Antwerpseweg 195,2022-12-23,19:00:00,6,2,4,FMN GV 10 Beerse
39,Antwerpseweg 195,2022-12-23,20:00:00,3,2,1,FMN GV 10 Beerse
39,Antwerpseweg 195,2022-12-23,21:00:00,5,4,1,FMN GV 10 Beerse
39,Antwerpseweg 195,2022-12-23,22:00:00,8,6,2,FMN GV 10 Beerse
39,Antwerpseweg 195,2022-12-23,23:00:00,7,6,1,FMN GV 10 Beerse
39,Antwerpseweg 195,2022-12-24,00:00:00,3,2,1,FMN GV 10 Beerse
39,Antwerpseweg 195,2022-12-24,01:00:00,3,2,1,FMN GV 10 Beerse
39,Antwerpseweg 195,2022-12-24,02:00:00,1,1,0,FMN GV 10 Beerse
39,Antwerpseweg 195,2022-12-24,03:00:00,3,3,0,FMN GV 10 Beerse
39,Antwerpseweg 195,2022-12-24,04:00:00,1,0,1,FMN GV 10 Beerse
39,Antwerpseweg 195,2022-12-24,05:00:00,1,1,0,FMN GV 10 Beerse
39,Antwerpseweg 195,2022-12-24,06:00:00,0,0,0,FMN GV 10 Beerse
39,Antwerpseweg 195,2022-12-24,07:00:00,3,1,2,FMN GV 10 Beerse
39,Antwerpseweg 195,2022-12-24,08:00:00,2,1,1,FMN GV 10 Beerse
39,Antwerpseweg 195,2022-12-24,09:00:00,6,2,4,FMN GV 10 Beerse
39,Antwerpseweg 195,2022-12-24,10:00:00,8,7,1,FMN GV 10 Beerse
39,Antwerpseweg 195,2022-12-24,11:00:00,17,12,5,FMN GV 10 Beerse
39,Antwerpseweg 195,2022-12-24,12:00:00,7,7,0,FMN GV 10 Beerse
39,Antwerpseweg 195,2022-12-24,13:00:00,11,9,2,FMN GV 10 Beerse
39,Antwerpseweg 195,2022-12-24,14:00:00,11,7,4,FMN GV 10 Beerse
39,Antwerpseweg 195,2022-12-24,15:00:00,7,3,4,FMN GV 10 Beerse
39,Antwerpseweg 195,2022-12-24,16:00:00,2,1,1,FMN GV 10 Beerse
39,Antwerpseweg 195,2022-12-24,17:00:00,3,3,0,FMN GV 10 Beerse
39,Antwerpseweg 195,2022-12-24,18:00:00,3,2,1,FMN GV 10 Beerse
39,Antwerpseweg 195,2022-12-24,19:00:00,0,0,0,FMN GV 10 Beerse
39,Antwerpseweg 195,2022-12-24,20:00:00,1,1,0,FMN GV 10 Beerse
39,Antwerpseweg 195,2022-12-24,21:00:00,0,0,0,FMN GV 10 Beerse
39,Antwerpseweg 195,2022-12-24,22:00:00,1,1,0,FMN GV 10 Beerse
39,Antwerpseweg 195,2022-12-24,23:00:00,0,0,0,FMN GV 10 Beerse
39,Antwerpseweg 195,2022-12-25,00:00:00,1,1,0,FMN GV 10 Beerse
39,Antwerpseweg 195,2022-12-25,01:00:00,0,0,0,FMN GV 10 Beerse
39,Antwerpseweg 195,2022-12-25,02:00:00,1,0,1,FMN GV 10 Beerse
39,Antwerpseweg 195,2022-12-25,03:00:00,1,1,0,FMN GV 10 Beerse
39,Antwerpseweg 195,2022-12-25,04:00:00,0,0,0,FMN GV 10 Beerse
39,Antwerpseweg 195,2022-12-25,05:00:00,0,0,0,FMN GV 10 Beerse
39,Antwerpseweg 195,2022-12-25,06:00:00,0,0,0,FMN GV 10 Beerse
39,Antwerpseweg 195,2022-12-25,07:00:00,0,0,0,FMN GV 10 Beerse
39,Antwerpseweg 195,2022-12-25,08:00:00,0,0,0,FMN GV 10 Beerse
39,Antwerpseweg 195,2022-12-25,09:00:00,6,6,0,FMN GV 10 Beerse
39,Antwerpseweg 195,2022-12-25,10:00:00,3,3,0,FMN GV 10 Beerse
39,Antwerpseweg 195,2022-12-25,11:00:00,4,3,1,FMN GV 10 Beerse
39,Antwerpseweg 195,2022-12-25,12:00:00,0,0,0,FMN GV 10 Beerse
39,Antwerpseweg 195,2022-12-25,13:00:00,0,0,0,FMN GV 10 Beerse
39,Antwerpseweg 195,2022-12-25,14:00:00,6,5,1,FMN GV 10 Beerse
39,Antwerpseweg 195,2022-12-25,15:00:00,1,0,1,FMN GV 10 Beerse
39,Antwerpseweg 195,2022-12-25,16:00:00,0,0,0,FMN GV 10 Beerse
39,Antwerpseweg 195,2022-12-25,17:00:00,0,0,0,FMN GV 10 Beerse
39,Antwerpseweg 195,2022-12-25,18:00:00,0,0,0,FMN GV 10 Beerse
39,Antwerpseweg 195,2022-12-25,19:00:00,0,0,0,FMN GV 10 Beerse
39,Antwerpseweg 195,2022-12-25,20:00:00,0,0,0,FMN GV 10 Beerse
39,Antwerpseweg 195,2022-12-25,21:00:00,2,1,1,FMN GV 10 Beerse
39,Antwerpseweg 195,2022-12-25,22:00:00,1,0,1,FMN GV 10 Beerse
39,Antwerpseweg 195,2022-12-25,23:00:00,1,1,0,FMN GV 10 Beerse
39,Antwerpseweg 195,2022-12-26,00:00:00,0,0,0,FMN GV 10 Beerse
39,Antwerpseweg 195,2022-12-26,01:00:00,1,1,0,FMN GV 10 Beerse
39,Antwerpseweg 195,2022-12-26,02:00:00,0,0,0,FMN GV 10 Beerse
39,Antwerpseweg 195,2022-12-26,03:00:00,0,0,0,FMN GV 10 Beerse
39,Antwerpseweg 195,2022-12-26,04:00:00,0,0,0,FMN GV 10 Beerse
39,Antwerpseweg 195,2022-12-26,05:00:00,2,2,0,FMN GV 10 Beerse
39,Antwerpseweg 195,2022-12-26,06:00:00,2,2,0,FMN GV 10 Beerse
39,Antwerpseweg 195,2022-12-26,07:00:00,4,2,2,FMN GV 10 Beerse
39,Antwerpseweg 195,2022-12-26,08:00:00,3,3,0,FMN GV 10 Beerse
39,Antwerpseweg 195,2022-12-26,09:00:00,12,7,5,FMN GV 10 Beerse
39,Antwerpseweg 195,2022-12-26,10:00:00,12,11,1,FMN GV 10 Beerse
39,Antwerpseweg 195,2022-12-26,11:00:00,7,3,4,FMN GV 10 Beerse
39,Antwerpseweg 195,2022-12-26,12:00:00,12,9,3,FMN GV 10 Beerse
39,Antwerpseweg 195,2022-12-26,13:00:00,7,4,3,FMN GV 10 Beerse
39,Antwerpseweg 195,2022-12-26,14:00:00,10,8,2,FMN GV 10 Beerse
39,Antwerpseweg 195,2022-12-26,15:00:00,16,10,6,FMN GV 10 Beerse
39,Antwerpseweg 195,2022-12-26,16:00:00,4,2,2,FMN GV 10 Beerse
39,Antwerpseweg 195,2022-12-26,17:00:00,6,4,2,FMN GV 10 Beerse
39,Antwerpseweg 195,2022-12-26,18:00:00,4,4,0,FMN GV 10 Beerse
39,Antwerpseweg 195,2022-12-26,19:00:00,2,1,1,FMN GV 10 Beerse
39,Antwerpseweg 195,2022-12-26,20:00:00,1,1,0,FMN GV 10 Beerse
39,Antwerpseweg 195,2022-12-26,21:00:00,1,1,0,FMN GV 10 Beerse
39,Antwerpseweg 195,2022-12-26,22:00:00,1,1,0,FMN GV 10 Beerse
39,Antwerpseweg 195,2022-12-26,23:00:00,0,0,0,FMN GV 10 Beerse
39,Antwerpseweg 195,2022-12-27,00:00:00,0,0,0,FMN GV 10 Beerse
39,Antwerpseweg 195,2022-12-27,01:00:00,0,0,0,FMN GV 10 Beerse
39,Antwerpseweg 195,2022-12-27,02:00:00,0,0,0,FMN GV 10 Beerse
39,Antwerpseweg 195,2022-12-27,03:00:00,0,0,0,FMN GV 10 Beerse
39,Antwerpseweg 195,2022-12-27,04:00:00,0,0,0,FMN GV 10 Beerse
39,Antwerpseweg 195,2022-12-27,05:00:00,5,5,0,FMN GV 10 Beerse
39,Antwerpseweg 195,2022-12-27,06:00:00,5,5,0,FMN GV 10 Beerse
39,Antwerpseweg 195,2022-12-27,07:00:00,9,8,1,FMN GV 10 Beerse
39,Antwerpseweg 195,2022-12-27,08:00:00,9,8,1,FMN GV 10 Beerse
39,Antwerpseweg 195,2022-12-27,09:00:00,10,5,5,FMN GV 10 Beerse
39,Antwerpseweg 195,2022-12-27,10:00:00,10,3,7,FMN GV 10 Beerse
39,Antwerpseweg 195,2022-12-27,11:00:00,4,3,1,FMN GV 10 Beerse
39,Antwerpseweg 195,2022-12-27,12:00:00,8,5,3,FMN GV 10 Beerse
39,Antwerpseweg 195,2022-12-27,13:00:00,24,15,9,FMN GV 10 Beerse
39,Antwerpseweg 195,2022-12-27,14:00:00,11,9,2,FMN GV 10 Beerse
39,Antwerpseweg 195,2022-12-27,15:00:00,15,14,1,FMN GV 10 Beerse
39,Antwerpseweg 195,2022-12-27,16:00:00,9,5,4,FMN GV 10 Beerse
39,Antwerpseweg 195,2022-12-27,17:00:00,7,5,2,FMN GV 10 Beerse
39,Antwerpseweg 195,2022-12-27,18:00:00,5,2,3,FMN GV 10 Beerse
39,Antwerpseweg 195,2022-12-27,19:00:00,6,1,5,FMN GV 10 Beerse
39,Antwerpseweg 195,2022-12-27,20:00:00,1,1,0,FMN GV 10 Beerse
39,Antwerpseweg 195,2022-12-27,21:00:00,0,0,0,FMN GV 10 Beerse
39,Antwerpseweg 195,2022-12-27,22:00:00,4,2,2,FMN GV 10 Beerse
39,Antwerpseweg 195,2022-12-27,23:00:00,7,3,4,FMN GV 10 Beerse
39,Antwerpseweg 195,2022-12-28,00:00:00,4,4,0,FMN GV 10 Beerse
39,Antwerpseweg 195,2022-12-28,01:00:00,1,1,0,FMN GV 10 Beerse
39,Antwerpseweg 195,2022-12-28,02:00:00,1,1,0,FMN GV 10 Beerse
39,Antwerpseweg 195,2022-12-28,03:00:00,0,0,0,FMN GV 10 Beerse
39,Antwerpseweg 195,2022-12-28,04:00:00,0,0,0,FMN GV 10 Beerse
39,Antwerpseweg 195,2022-12-28,05:00:00,4,4,0,FMN GV 10 Beerse
39,Antwerpseweg 195,2022-12-28,06:00:00,3,3,0,FMN GV 10 Beerse
39,Antwerpseweg 195,2022-12-28,07:00:00,6,5,1,FMN GV 10 Beerse
39,Antwerpseweg 195,2022-12-28,08:00:00,5,4,1,FMN GV 10 Beerse
39,Antwerpseweg 195,2022-12-28,09:00:00,1,1,0,FMN GV 10 Beerse
39,Antwerpseweg 195,2022-12-28,10:00:00,3,2,1,FMN GV 10 Beerse
39,Antwerpseweg 195,2022-12-28,11:00:00,1,0,1,FMN GV 10 Beerse
39,Antwerpseweg 195,2022-12-28,12:00:00,4,3,1,FMN GV 10 Beerse
39,Antwerpseweg 195,2022-12-28,13:00:00,8,7,1,FMN GV 10 Beerse
39,Antwerpseweg 195,2022-12-28,14:00:00,2,1,1,FMN GV 10 Beerse
39,Antwerpseweg 195,2022-12-28,15:00:00,9,6,3,FMN GV 10 Beerse
39,Antwerpseweg 195,2022-12-28,16:00:00,6,2,4,FMN GV 10 Beerse
39,Antwerpseweg 195,2022-12-28,17:00:00,6,3,3,FMN GV 10 Beerse
39,Antwerpseweg 195,2022-12-28,18:00:00,2,1,1,FMN GV 10 Beerse
39,Antwerpseweg 195,2022-12-28,19:00:00,3,1,2,FMN GV 10 Beerse
39,Antwerpseweg 195,2022-12-28,20:00:00,1,1,0,FMN GV 10 Beerse
39,Antwerpseweg 195,2022-12-28,21:00:00,1,1,0,FMN GV 10 Beerse
39,Antwerpseweg 195,2022-12-28,22:00:00,5,4,1,FMN GV 10 Beerse
39,Antwerpseweg 195,2022-12-28,23:00:00,1,1,0,FMN GV 10 Beerse
39,Antwerpseweg 195,2022-12-29,00:00:00,0,0,0,FMN GV 10 Beerse
39,Antwerpseweg 195,2022-12-29,01:00:00,1,1,0,FMN GV 10 Beerse
39,Antwerpseweg 195,2022-12-29,02:00:00,0,0,0,FMN GV 10 Beerse
39,Antwerpseweg 195,2022-12-29,03:00:00,0,0,0,FMN GV 10 Beerse
39,Antwerpseweg 195,2022-12-29,04:00:00,0,0,0,FMN GV 10 Beerse
39,Antwerpseweg 195,2022-12-29,05:00:00,2,2,0,FMN GV 10 Beerse
39,Antwerpseweg 195,2022-12-29,06:00:00,2,2,0,FMN GV 10 Beerse
39,Antwerpseweg 195,2022-12-29,07:00:00,5,5,0,FMN GV 10 Beerse
39,Antwerpseweg 195,2022-12-29,08:00:00,5,5,0,FMN GV 10 Beerse
39,Antwerpseweg 195,2022-12-29,09:00:00,5,3,2,FMN GV 10 Beerse
39,Antwerpseweg 195,2022-12-29,10:00:00,7,4,3,FMN GV 10 Beerse
39,Antwerpseweg 195,2022-12-29,11:00:00,4,3,1,FMN GV 10 Beerse
39,Antwerpseweg 195,2022-12-29,12:00:00,3,2,1,FMN GV 10 Beerse
39,Antwerpseweg 195,2022-12-29,13:00:00,9,5,4,FMN GV 10 Beerse
39,Antwerpseweg 195,2022-12-29,14:00:00,4,3,1,FMN GV 10 Beerse
39,Antwerpseweg 195,2022-12-29,15:00:00,3,3,0,FMN GV 10 Beerse
39,Antwerpseweg 195,2022-12-29,16:00:00,5,2,3,FMN GV 10 Beerse
39,Antwerpseweg 195,2022-12-29,17:00:00,5,4,1,FMN GV 10 Beerse
39,Antwerpseweg 195,2022-12-29,18:00:00,7,6,1,FMN GV 10 Beerse
39,Antwerpseweg 195,2022-12-29,19:00:00,1,0,1,FMN GV 10 Beerse
39,Antwerpseweg 195,2022-12-29,20:00:00,2,2,0,FMN GV 10 Beerse
39,Antwerpseweg 195,2022-12-29,21:00:00,1,1,0,FMN GV 10 Beerse
39,Antwerpseweg 195,2022-12-29,22:00:00,2,1,1,FMN GV 10 Beerse
39,Antwerpseweg 195,2022-12-29,23:00:00,1,1,0,FMN GV 10 Beerse
39,Antwerpseweg 195,2022-12-30,00:00:00,0,0,0,FMN GV 10 Beerse
39,Antwerpseweg 195,2022-12-30,01:00:00,0,0,0,FMN GV 10 Beerse
39,Antwerpseweg 195,2022-12-30,02:00:00,0,0,0,FMN GV 10 Beerse
39,Antwerpseweg 195,2022-12-30,03:00:00,0,0,0,FMN GV 10 Beerse
39,Antwerpseweg 195,2022-12-30,04:00:00,0,0,0,FMN GV 10 Beerse
39,Antwerpseweg 195,2022-12-30,05:00:00,5,5,0,FMN GV 10 Beerse
39,Antwerpseweg 195,2022-12-30,06:00:00,2,2,0,FMN GV 10 Beerse
39,Antwerpseweg 195,2022-12-30,07:00:00,7,5,2,FMN GV 10 Beerse
39,Antwerpseweg 195,2022-12-30,08:00:00,2,2,0,FMN GV 10 Beerse
39,Antwerpseweg 195,2022-12-30,09:00:00,7,3,4,FMN GV 10 Beerse
39,Antwerpseweg 195,2022-12-30,10:00:00,8,4,4,FMN GV 10 Beerse
39,Antwerpseweg 195,2022-12-30,11:00:00,11,10,1,FMN GV 10 Beerse
39,Antwerpseweg 195,2022-12-30,12:00:00,4,2,2,FMN GV 10 Beerse
39,Antwerpseweg 195,2022-12-30,13:00:00,4,4,0,FMN GV 10 Beerse
39,Antwerpseweg 195,2022-12-30,14:00:00,2,1,1,FMN GV 10 Beerse
39,Antwerpseweg 195,2022-12-30,15:00:00,2,2,0,FMN GV 10 Beerse
39,Antwerpseweg 195,2022-12-30,16:00:00,6,4,2,FMN GV 10 Beerse
39,Antwerpseweg 195,2022-12-30,17:00:00,9,8,1,FMN GV 10 Beerse
39,Antwerpseweg 195,2022-12-30,18:00:00,3,1,2,FMN GV 10 Beerse
39,Antwerpseweg 195,2022-12-30,19:00:00,4,4,0,FMN GV 10 Beerse
39,Antwerpseweg 195,2022-12-30,20:00:00,2,2,0,FMN GV 10 Beerse
39,Antwerpseweg 195,2022-12-30,21:00:00,6,4,2,FMN GV 10 Beerse
39,Antwerpseweg 195,2022-12-30,22:00:00,4,2,2,FMN GV 10 Beerse
39,Antwerpseweg 195,2022-12-30,23:00:00,1,1,0,FMN GV 10 Beerse
39,Antwerpseweg 195,2022-12-31,00:00:00,0,0,0,FMN GV 10 Beerse
39,Antwerpseweg 195,2022-12-31,01:00:00,0,0,0,FMN GV 10 Beerse
39,Antwerpseweg 195,2022-12-31,02:00:00,0,0,0,FMN GV 10 Beerse
39,Antwerpseweg 195,2022-12-31,03:00:00,0,0,0,FMN GV 10 Beerse
39,Antwerpseweg 195,2022-12-31,04:00:00,0,0,0,FMN GV 10 Beerse
39,Antwerpseweg 195,2022-12-31,05:00:00,1,1,0,FMN GV 10 Beerse
39,Antwerpseweg 195,2022-12-31,06:00:00,2,2,0,FMN GV 10 Beerse
39,Antwerpseweg 195,2022-12-31,07:00:00,3,1,2,FMN GV 10 Beerse
39,Antwerpseweg 195,2022-12-31,08:00:00,5,1,4,FMN GV 10 Beerse
39,Antwerpseweg 195,2022-12-31,09:00:00,6,2,4,FMN GV 10 Beerse
39,Antwerpseweg 195,2022-12-31,10:00:00,4,4,0,FMN GV 10 Beerse
39,Antwerpseweg 195,2022-12-31,11:00:00,4,3,1,FMN GV 10 Beerse
39,Antwerpseweg 195,2022-12-31,12:00:00,10,5,5,FMN GV 10 Beerse
39,Antwerpseweg 195,2022-12-31,13:00:00,8,3,5,FMN GV 10 Beerse
39,Antwerpseweg 195,2022-12-31,14:00:00,11,8,3,FMN GV 10 Beerse
39,Antwerpseweg 195,2022-12-31,15:00:00,7,2,5,FMN GV 10 Beerse
39,Antwerpseweg 195,2022-12-31,16:00:00,6,3,3,FMN GV 10 Beerse
39,Antwerpseweg 195,2022-12-31,17:00:00,8,7,1,FMN GV 10 Beerse
39,Antwerpseweg 195,2022-12-31,18:00:00,17,12,5,FMN GV 10 Beerse
39,Antwerpseweg 195,2022-12-31,19:00:00,4,3,1,FMN GV 10 Beerse
39,Antwerpseweg 195,2022-12-31,20:00:00,3,3,0,FMN GV 10 Beerse
39,Antwerpseweg 195,2022-12-31,21:00:00,1,0,1,FMN GV 10 Beerse
39,Antwerpseweg 195,2022-12-31,22:00:00,10,1,9,FMN GV 10 Beerse
39,Antwerpseweg 195,2022-12-31,23:00:00,9,9,0,FMN GV 10 Beerse
39,Antwerpseweg 195,2023-01-01,00:00:00,0,0,0,FMN GV 10 Beerse
39,Antwerpseweg 195,2023-01-01,01:00:00,5,2,3,FMN GV 10 Beerse
39,Antwerpseweg 195,2023-01-01,02:00:00,4,3,1,FMN GV 10 Beerse
39,Antwerpseweg 195,2023-01-01,03:00:00,9,8,1,FMN GV 10 Beerse
39,Antwerpseweg 195,2023-01-01,04:00:00,10,3,7,FMN GV 10 Beerse
39,Antwerpseweg 195,2023-01-01,05:00:00,12,4,8,FMN GV 10 Beerse
39,Antwerpseweg 195,2023-01-01,06:00:00,4,2,2,FMN GV 10 Beerse
39,Antwerpseweg 195,2023-01-01,07:00:00,1,1,0,FMN GV 10 Beerse
39,Antwerpseweg 195,2023-01-01,08:00:00,0,0,0,FMN GV 10 Beerse
39,Antwerpseweg 195,2023-01-01,09:00:00,3,3,0,FMN GV 10 Beerse
39,Antwerpseweg 195,2023-01-01,10:00:00,3,2,1,FMN GV 10 Beerse
39,Antwerpseweg 195,2023-01-01,11:00:00,4,4,0,FMN GV 10 Beerse
39,Antwerpseweg 195,2023-01-01,12:00:00,10,7,3,FMN GV 10 Beerse
39,Antwerpseweg 195,2023-01-01,13:00:00,10,8,2,FMN GV 10 Beerse
39,Antwerpseweg 195,2023-01-01,14:00:00,13,8,5,FMN GV 10 Beerse
39,Antwerpseweg 195,2023-01-01,15:00:00,6,4,2,FMN GV 10 Beerse
39,Antwerpseweg 195,2023-01-01,16:00:00,3,1,2,FMN GV 10 Beerse
39,Antwerpseweg 195,2023-01-01,17:00:00,0,0,0,FMN GV 10 Beerse
39,Antwerpseweg 195,2023-01-01,18:00:00,2,2,0,FMN GV 10 Beerse
39,Antwerpseweg 195,2023-01-01,19:00:00,0,0,0,FMN GV 10 Beerse
39,Antwerpseweg 195,2023-01-01,20:00:00,0,0,0,FMN GV 10 Beerse
39,Antwerpseweg 195,2023-01-01,21:00:00,2,1,1,FMN GV 10 Beerse
39,Antwerpseweg 195,2023-01-01,22:00:00,2,2,0,FMN GV 10 Beerse
39,Antwerpseweg 195,2023-01-01,23:00:00,1,1,0,FMN GV 10 Beerse
39,Antwerpseweg 195,2023-01-02,00:00:00,0,0,0,FMN GV 10 Beerse
39,Antwerpseweg 195,2023-01-02,01:00:00,0,0,0,FMN GV 10 Beerse
39,Antwerpseweg 195,2023-01-02,02:00:00,0,0,0,FMN GV 10 Beerse
39,Antwerpseweg 195,2023-01-02,03:00:00,0,0,0,FMN GV 10 Beerse
39,Antwerpseweg 195,2023-01-02,04:00:00,0,0,0,FMN GV 10 Beerse
39,Antwerpseweg 195,2023-01-02,05:00:00,5,5,0,FMN GV 10 Beerse
39,Antwerpseweg 195,2023-01-02,06:00:00,9,9,0,FMN GV 10 Beerse
39,Antwerpseweg 195,2023-01-02,07:00:00,6,6,0,FMN GV 10 Beerse
39,Antwerpseweg 195,2023-01-02,08:00:00,7,7,0,FMN GV 10 Beerse
39,Antwerpseweg 195,2023-01-02,09:00:00,4,3,1,FMN GV 10 Beerse
39,Antwerpseweg 195,2023-01-02,10:00:00,3,3,0,FMN GV 10 Beerse
39,Antwerpseweg 195,2023-01-02,11:00:00,5,3,2,FMN GV 10 Beerse
39,Antwerpseweg 195,2023-01-02,12:00:00,5,3,2,FMN GV 10 Beerse
39,Antwerpseweg 195,2023-01-02,13:00:00,17,14,3,FMN GV 10 Beerse
39,Antwerpseweg 195,2023-01-02,14:00:00,15,10,5,FMN GV 10 Beerse
39,Antwerpseweg 195,2023-01-02,15:00:00,6,5,1,FMN GV 10 Beerse
39,Antwerpseweg 195,2023-01-02,16:00:00,14,10,4,FMN GV 10 Beerse
39,Antwerpseweg 195,2023-01-02,17:00:00,11,8,3,FMN GV 10 Beerse
39,Antwerpseweg 195,2023-01-02,18:00:00,9,5,4,FMN GV 10 Beerse
39,Antwerpseweg 195,2023-01-02,19:00:00,0,0,0,FMN GV 10 Beerse
39,Antwerpseweg 195,2023-01-02,20:00:00,2,2,0,FMN GV 10 Beerse
39,Antwerpseweg 195,2023-01-02,21:00:00,2,2,0,FMN GV 10 Beerse
39,Antwerpseweg 195,2023-01-02,22:00:00,4,3,1,FMN GV 10 Beerse
39,Antwerpseweg 195,2023-01-02,23:00:00,1,1,0,FMN GV 10 Beerse
39,Antwerpseweg 195,2023-01-03,00:00:00,0,0,0,FMN GV 10 Beerse
39,Antwerpseweg 195,2023-01-03,01:00:00,0,0,0,FMN GV 10 Beerse
39,Antwerpseweg 195,2023-01-03,02:00:00,0,0,0,FMN GV 10 Beerse
39,Antwerpseweg 195,2023-01-03,03:00:00,0,0,0,FMN GV 10 Beerse
39,Antwerpseweg 195,2023-01-03,04:00:00,0,0,0,FMN GV 10 Beerse
39,Antwerpseweg 195,2023-01-03,05:00:00,9,8,1,FMN GV 10 Beerse
39,Antwerpseweg 195,2023-01-03,06:00:00,9,9,0,FMN GV 10 Beerse
39,Antwerpseweg 195,2023-01-03,07:00:00,26,22,4,FMN GV 10 Beerse
39,Antwerpseweg 195,2023-01-03,08:00:00,20,20,0,FMN GV 10 Beerse
39,Antwerpseweg 195,2023-01-03,09:00:00,13,9,4,FMN GV 10 Beerse
39,Antwerpseweg 195,2023-01-03,10:00:00,6,4,2,FMN GV 10 Beerse
39,Antwerpseweg 195,2023-01-03,11:00:00,13,11,2,FMN GV 10 Beerse
39,Antwerpseweg 195,2023-01-03,12:00:00,9,3,6,FMN GV 10 Beerse
39,Antwerpseweg 195,2023-01-03,13:00:00,28,20,8,FMN GV 10 Beerse
39,Antwerpseweg 195,2023-01-03,14:00:00,19,11,8,FMN GV 10 Beerse
39,Antwerpseweg 195,2023-01-03,15:00:00,8,6,2,FMN GV 10 Beerse
39,Antwerpseweg 195,2023-01-03,16:00:00,42,33,9,FMN GV 10 Beerse
39,Antwerpseweg 195,2023-01-03,17:00:00,22,11,11,FMN GV 10 Beerse
39,Antwerpseweg 195,2023-01-03,18:00:00,9,5,4,FMN GV 10 Beerse
39,Antwerpseweg 195,2023-01-03,19:00:00,3,2,1,FMN GV 10 Beerse
39,Antwerpseweg 195,2023-01-03,20:00:00,3,2,1,FMN GV 10 Beerse
39,Antwerpseweg 195,2023-01-03,21:00:00,5,5,0,FMN GV 10 Beerse
39,Antwerpseweg 195,2023-01-03,22:00:00,7,5,2,FMN GV 10 Beerse
39,Antwerpseweg 195,2023-01-03,23:00:00,2,1,1,FMN GV 10 Beerse
39,Antwerpseweg 195,2023-01-04,00:00:00,0,0,0,FMN GV 10 Beerse
39,Antwerpseweg 195,2023-01-04,01:00:00,1,1,0,FMN GV 10 Beerse
39,Antwerpseweg 195,2023-01-04,02:00:00,0,0,0,FMN GV 10 Beerse
39,Antwerpseweg 195,2023-01-04,03:00:00,0,0,0,FMN GV 10 Beerse
39,Antwerpseweg 195,2023-01-04,04:00:00,1,1,0,FMN GV 10 Beerse
39,Antwerpseweg 195,2023-01-04,05:00:00,8,8,0,FMN GV 10 Beerse
39,Antwerpseweg 195,2023-01-04,06:00:00,8,8,0,FMN GV 10 Beerse
39,Antwerpseweg 195,2023-01-04,07:00:00,25,23,2,FMN GV 10 Beerse
39,Antwerpseweg 195,2023-01-04,08:00:00,10,8,2,FMN GV 10 Beerse
39,Antwerpseweg 195,2023-01-04,09:00:00,8,6,2,FMN GV 10 Beerse
39,Antwerpseweg 195,2023-01-04,10:00:00,5,4,1,FMN GV 10 Beerse
39,Antwerpseweg 195,2023-01-04,11:00:00,2,1,1,FMN GV 10 Beerse
39,Antwerpseweg 195,2023-01-04,12:00:00,5,3,2,FMN GV 10 Beerse
39,Antwerpseweg 195,2023-01-04,13:00:00,9,7,2,FMN GV 10 Beerse
39,Antwerpseweg 195,2023-01-04,14:00:00,8,2,6,FMN GV 10 Beerse
39,Antwerpseweg 195,2023-01-04,15:00:00,7,5,2,FMN GV 10 Beerse
39,Antwerpseweg 195,2023-01-04,16:00:00,14,8,6,FMN GV 10 Beerse
39,Antwerpseweg 195,2023-01-04,17:00:00,10,6,4,FMN GV 10 Beerse
39,Antwerpseweg 195,2023-01-04,18:00:00,10,7,3,FMN GV 10 Beerse
39,Antwerpseweg 195,2023-01-04,19:00:00,2,1,1,FMN GV 10 Beerse
39,Antwerpseweg 195,2023-01-04,20:00:00,3,1,2,FMN GV 10 Beerse
39,Antwerpseweg 195,2023-01-04,21:00:00,5,4,1,FMN GV 10 Beerse
39,Antwerpseweg 195,2023-01-04,22:00:00,6,4,2,FMN GV 10 Beerse
39,Antwerpseweg 195,2023-01-04,23:00:00,2,2,0,FMN GV 10 Beerse
39,Antwerpseweg 195,2023-01-05,00:00:00,0,0,0,FMN GV 10 Beerse
39,Antwerpseweg 195,2023-01-05,01:00:00,0,0,0,FMN GV 10 Beerse
39,Antwerpseweg 195,2023-01-05,02:00:00,0,0,0,FMN GV 10 Beerse
39,Antwerpseweg 195,2023-01-05,03:00:00,0,0,0,FMN GV 10 Beerse
39,Antwerpseweg 195,2023-01-05,04:00:00,1,1,0,FMN GV 10 Beerse
39,Antwerpseweg 195,2023-01-05,05:00:00,5,5,0,FMN GV 10 Beerse
39,Antwerpseweg 195,2023-01-05,06:00:00,9,9,0,FMN GV 10 Beerse
39,Antwerpseweg 195,2023-01-05,07:00:00,37,32,5,FMN GV 10 Beerse
39,Antwerpseweg 195,2023-01-05,08:00:00,13,11,2,FMN GV 10 Beerse
39,Antwerpseweg 195,2023-01-05,09:00:00,14,10,4,FMN GV 10 Beerse
39,Antwerpseweg 195,2023-01-05,10:00:00,10,7,3,FMN GV 10 Beerse
39,Antwerpseweg 195,2023-01-05,11:00:00,12,5,7,FMN GV 10 Beerse
39,Antwerpseweg 195,2023-01-05,12:00:00,14,9,5,FMN GV 10 Beerse
39,Antwerpseweg 195,2023-01-05,13:00:00,26,24,2,FMN GV 10 Beerse
39,Antwerpseweg 195,2023-01-05,14:00:00,11,6,5,FMN GV 10 Beerse
39,Antwerpseweg 195,2023-01-05,15:00:00,22,18,4,FMN GV 10 Beerse
39,Antwerpseweg 195,2023-01-05,16:00:00,31,25,6,FMN GV 10 Beerse
39,Antwerpseweg 195,2023-01-05,17:00:00,20,10,10,FMN GV 10 Beerse
39,Antwerpseweg 195,2023-01-05,18:00:00,11,7,4,FMN GV 10 Beerse
39,Antwerpseweg 195,2023-01-05,19:00:00,3,0,3,FMN GV 10 Beerse
39,Antwerpseweg 195,2023-01-05,20:00:00,4,1,3,FMN GV 10 Beerse
39,Antwerpseweg 195,2023-01-05,21:00:00,5,4,1,FMN GV 10 Beerse
39,Antwerpseweg 195,2023-01-05,22:00:00,12,7,5,FMN GV 10 Beerse
39,Antwerpseweg 195,2023-01-05,23:00:00,1,1,0,FMN GV 10 Beerse
39,Antwerpseweg 195,2023-01-06,00:00:00,1,1,0,FMN GV 10 Beerse
39,Antwerpseweg 195,2023-01-06,01:00:00,0,0,0,FMN GV 10 Beerse
39,Antwerpseweg 195,2023-01-06,02:00:00,2,2,0,FMN GV 10 Beerse
39,Antwerpseweg 195,2023-01-06,03:00:00,0,0,0,FMN GV 10 Beerse
39,Antwerpseweg 195,2023-01-06,04:00:00,0,0,0,FMN GV 10 Beerse
39,Antwerpseweg 195,2023-01-06,05:00:00,8,8,0,FMN GV 10 Beerse
39,Antwerpseweg 195,2023-01-06,06:00:00,7,7,0,FMN GV 10 Beerse
39,Antwerpseweg 195,2023-01-06,07:00:00,21,16,5,FMN GV 10 Beerse
39,Antwerpseweg 195,2023-01-06,08:00:00,12,10,2,FMN GV 10 Beerse
39,Antwerpseweg 195,2023-01-06,09:00:00,6,4,2,FMN GV 10 Beerse
39,Antwerpseweg 195,2023-01-06,10:00:00,11,9,2,FMN GV 10 Beerse
39,Antwerpseweg 195,2023-01-06,11:00:00,11,9,2,FMN GV 10 Beerse
39,Antwerpseweg 195,2023-01-06,12:00:00,10,6,4,FMN GV 10 Beerse
39,Antwerpseweg 195,2023-01-06,13:00:00,23,20,3,FMN GV 10 Beerse
39,Antwerpseweg 195,2023-01-06,14:00:00,17,9,8,FMN GV 10 Beerse
39,Antwerpseweg 195,2023-01-06,15:00:00,16,10,6,FMN GV 10 Beerse
39,Antwerpseweg 195,2023-01-06,16:00:00,17,10,7,FMN GV 10 Beerse
39,Antwerpseweg 195,2023-01-06,17:00:00,17,11,6,FMN GV 10 Beerse
39,Antwerpseweg 195,2023-01-06,18:00:00,7,2,5,FMN GV 10 Beerse
39,Antwerpseweg 195,2023-01-06,19:00:00,8,1,7,FMN GV 10 Beerse
39,Antwerpseweg 195,2023-01-06,20:00:00,3,0,3,FMN GV 10 Beerse
39,Antwerpseweg 195,2023-01-06,21:00:00,2,2,0,FMN GV 10 Beerse
39,Antwerpseweg 195,2023-01-06,22:00:00,5,4,1,FMN GV 10 Beerse
39,Antwerpseweg 195,2023-01-06,23:00:00,1,1,0,FMN GV 10 Beerse
39,Antwerpseweg 195,2023-01-07,00:00:00,0,0,0,FMN GV 10 Beerse
39,Antwerpseweg 195,2023-01-07,01:00:00,0,0,0,FMN GV 10 Beerse
39,Antwerpseweg 195,2023-01-07,02:00:00,0,0,0,FMN GV 10 Beerse
39,Antwerpseweg 195,2023-01-07,03:00:00,1,1,0,FMN GV 10 Beerse
39,Antwerpseweg 195,2023-01-07,04:00:00,0,0,0,FMN GV 10 Beerse
39,Antwerpseweg 195,2023-01-07,05:00:00,1,1,0,FMN GV 10 Beerse
39,Antwerpseweg 195,2023-01-07,06:00:00,1,0,1,FMN GV 10 Beerse
39,Antwerpseweg 195,2023-01-07,07:00:00,5,3,2,FMN GV 10 Beerse
39,Antwerpseweg 195,2023-01-07,08:00:00,3,1,2,FMN GV 10 Beerse
39,Antwerpseweg 195,2023-01-07,09:00:00,8,2,6,FMN GV 10 Beerse
39,Antwerpseweg 195,2023-01-07,10:00:00,7,4,3,FMN GV 10 Beerse
39,Antwerpseweg 195,2023-01-07,11:00:00,13,10,3,FMN GV 10 Beerse
39,Antwerpseweg 195,2023-01-07,12:00:00,9,5,4,FMN GV 10 Beerse
39,Antwerpseweg 195,2023-01-07,13:00:00,26,14,12,FMN GV 10 Beerse
39,Antwerpseweg 195,2023-01-07,14:00:00,21,10,11,FMN GV 10 Beerse
39,Antwerpseweg 195,2023-01-07,15:00:00,33,28,5,FMN GV 10 Beerse
39,Antwerpseweg 195,2023-01-07,16:00:00,12,10,2,FMN GV 10 Beerse
39,Antwerpseweg 195,2023-01-07,17:00:00,6,2,4,FMN GV 10 Beerse
39,Antwerpseweg 195,2023-01-07,18:00:00,3,2,1,FMN GV 10 Beerse
39,Antwerpseweg 195,2023-01-07,19:00:00,1,0,1,FMN GV 10 Beerse
39,Antwerpseweg 195,2023-01-07,20:00:00,1,0,1,FMN GV 10 Beerse
39,Antwerpseweg 195,2023-01-07,21:00:00,2,1,1,FMN GV 10 Beerse
39,Antwerpseweg 195,2023-01-07,22:00:00,3,2,1,FMN GV 10 Beerse
39,Antwerpseweg 195,2023-01-07,23:00:00,2,2,0,FMN GV 10 Beerse
39,Antwerpseweg 195,2023-01-08,00:00:00,0,0,0,FMN GV 10 Beerse
39,Antwerpseweg 195,2023-01-08,01:00:00,0,0,0,FMN GV 10 Beerse
39,Antwerpseweg 195,2023-01-08,02:00:00,1,1,0,FMN GV 10 Beerse
39,Antwerpseweg 195,2023-01-08,03:00:00,0,0,0,FMN GV 10 Beerse
39,Antwerpseweg 195,2023-01-08,04:00:00,0,0,0,FMN GV 10 Beerse
39,Antwerpseweg 195,2023-01-08,05:00:00,1,1,0,FMN GV 10 Beerse
39,Antwerpseweg 195,2023-01-08,06:00:00,2,2,0,FMN GV 10 Beerse
39,Antwerpseweg 195,2023-01-08,07:00:00,2,1,1,FMN GV 10 Beerse
39,Antwerpseweg 195,2023-01-08,08:00:00,2,2,0,FMN GV 10 Beerse
39,Antwerpseweg 195,2023-01-08,09:00:00,13,2,11,FMN GV 10 Beerse
39,Antwerpseweg 195,2023-01-08,10:00:00,23,20,3,FMN GV 10 Beerse
39,Antwerpseweg 195,2023-01-08,11:00:00,42,37,5,FMN GV 10 Beerse
39,Antwerpseweg 195,2023-01-08,12:00:00,13,10,3,FMN GV 10 Beerse
39,Antwerpseweg 195,2023-01-08,13:00:00,18,12,6,FMN GV 10 Beerse
39,Antwerpseweg 195,2023-01-08,14:00:00,13,12,1,FMN GV 10 Beerse
39,Antwerpseweg 195,2023-01-08,15:00:00,16,5,11,FMN GV 10 Beerse
39,Antwerpseweg 195,2023-01-08,16:00:00,19,13,6,FMN GV 10 Beerse
39,Antwerpseweg 195,2023-01-08,17:00:00,6,1,5,FMN GV 10 Beerse
39,Antwerpseweg 195,2023-01-08,18:00:00,8,6,2,FMN GV 10 Beerse
39,Antwerpseweg 195,2023-01-08,19:00:00,2,1,1,FMN GV 10 Beerse
39,Antwerpseweg 195,2023-01-08,20:00:00,3,3,0,FMN GV 10 Beerse
39,Antwerpseweg 195,2023-01-08,21:00:00,4,3,1,FMN GV 10 Beerse
39,Antwerpseweg 195,2023-01-08,22:00:00,3,2,1,FMN GV 10 Beerse
39,Antwerpseweg 195,2023-01-08,23:00:00,0,0,0,FMN GV 10 Beerse
39,Antwerpseweg 195,2023-01-09,00:00:00,0,0,0,FMN GV 10 Beerse
39,Antwerpseweg 195,2023-01-09,01:00:00,0,0,0,FMN GV 10 Beerse
39,Antwerpseweg 195,2023-01-09,02:00:00,0,0,0,FMN GV 10 Beerse
39,Antwerpseweg 195,2023-01-09,03:00:00,0,0,0,FMN GV 10 Beerse
39,Antwerpseweg 195,2023-01-09,04:00:00,2,2,0,FMN GV 10 Beerse
39,Antwerpseweg 195,2023-01-09,05:00:00,15,15,0,FMN GV 10 Beerse
39,Antwerpseweg 195,2023-01-09,06:00:00,9,9,0,FMN GV 10 Beerse
39,Antwerpseweg 195,2023-01-09,07:00:00,50,46,4,FMN GV 10 Beerse
39,Antwerpseweg 195,2023-01-09,08:00:00,24,20,4,FMN GV 10 Beerse
39,Antwerpseweg 195,2023-01-09,09:00:00,7,6,1,FMN GV 10 Beerse
39,Antwerpseweg 195,2023-01-09,10:00:00,3,2,1,FMN GV 10 Beerse
39,Antwerpseweg 195,2023-01-09,11:00:00,7,6,1,FMN GV 10 Beerse
39,Antwerpseweg 195,2023-01-09,12:00:00,8,5,3,FMN GV 10 Beerse
39,Antwerpseweg 195,2023-01-09,13:00:00,9,7,2,FMN GV 10 Beerse
39,Antwerpseweg 195,2023-01-09,14:00:00,19,11,8,FMN GV 10 Beerse
39,Antwerpseweg 195,2023-01-09,15:00:00,22,20,2,FMN GV 10 Beerse
39,Antwerpseweg 195,2023-01-09,16:00:00,55,43,12,FMN GV 10 Beerse
39,Antwerpseweg 195,2023-01-09,17:00:00,23,12,11,FMN GV 10 Beerse
39,Antwerpseweg 195,2023-01-09,18:00:00,10,5,5,FMN GV 10 Beerse
39,Antwerpseweg 195,2023-01-09,19:00:00,3,1,2,FMN GV 10 Beerse
39,Antwerpseweg 195,2023-01-09,20:00:00,4,1,3,FMN GV 10 Beerse
39,Antwerpseweg 195,2023-01-09,21:00:00,4,4,0,FMN GV 10 Beerse
39,Antwerpseweg 195,2023-01-09,22:00:00,5,3,2,FMN GV 10 Beerse
39,Antwerpseweg 195,2023-01-09,23:00:00,0,0,0,FMN GV 10 Beerse
39,Antwerpseweg 195,2023-01-10,00:00:00,0,0,0,FMN GV 10 Beerse
39,Antwerpseweg 195,2023-01-10,01:00:00,0,0,0,FMN GV 10 Beerse
39,Antwerpseweg 195,2023-01-10,02:00:00,0,0,0,FMN GV 10 Beerse
39,Antwerpseweg 195,2023-01-10,03:00:00,0,0,0,FMN GV 10 Beerse
39,Antwerpseweg 195,2023-01-10,04:00:00,1,1,0,FMN GV 10 Beerse
39,Antwerpseweg 195,2023-01-10,05:00:00,16,16,0,FMN GV 10 Beerse
39,Antwerpseweg 195,2023-01-10,06:00:00,11,11,0,FMN GV 10 Beerse
39,Antwerpseweg 195,2023-01-10,07:00:00,44,39,5,FMN GV 10 Beerse
39,Antwerpseweg 195,2023-01-10,08:00:00,27,25,2,FMN GV 10 Beerse
39,Antwerpseweg 195,2023-01-10,09:00:00,9,8,1,FMN GV 10 Beerse
39,Antwerpseweg 195,2023-01-10,10:00:00,7,4,3,FMN GV 10 Beerse
39,Antwerpseweg 195,2023-01-10,11:00:00,10,7,3,FMN GV 10 Beerse
39,Antwerpseweg 195,2023-01-10,12:00:00,7,5,2,FMN GV 10 Beerse
39,Antwerpseweg 195,2023-01-10,13:00:00,19,14,5,FMN GV 10 Beerse
39,Antwerpseweg 195,2023-01-10,14:00:00,15,10,5,FMN GV 10 Beerse
39,Antwerpseweg 195,2023-01-10,15:00:00,23,20,3,FMN GV 10 Beerse
39,Antwerpseweg 195,2023-01-10,16:00:00,47,39,8,FMN GV 10 Beerse
39,Antwerpseweg 195,2023-01-10,17:00:00,30,18,12,FMN GV 10 Beerse
39,Antwerpseweg 195,2023-01-10,18:00:00,8,6,2,FMN GV 10 Beerse
39,Antwerpseweg 195,2023-01-10,19:00:00,5,4,1,FMN GV 10 Beerse
39,Antwerpseweg 195,2023-01-10,20:00:00,1,1,0,FMN GV 10 Beerse
39,Antwerpseweg 195,2023-01-10,21:00:00,2,2,0,FMN GV 10 Beerse
39,Antwerpseweg 195,2023-01-10,22:00:00,6,5,1,FMN GV 10 Beerse
39,Antwerpseweg 195,2023-01-10,23:00:00,1,1,0,FMN GV 10 Beerse
39,Antwerpseweg 195,2023-01-11,00:00:00,0,0,0,FMN GV 10 Beerse
39,Antwerpseweg 195,2023-01-11,01:00:00,0,0,0,FMN GV 10 Beerse
39,Antwerpseweg 195,2023-01-11,02:00:00,0,0,0,FMN GV 10 Beerse
39,Antwerpseweg 195,2023-01-11,03:00:00,0,0,0,FMN GV 10 Beerse
39,Antwerpseweg 195,2023-01-11,04:00:00,1,1,0,FMN GV 10 Beerse
39,Antwerpseweg 195,2023-01-11,05:00:00,8,8,0,FMN GV 10 Beerse
39,Antwerpseweg 195,2023-01-11,06:00:00,10,10,0,FMN GV 10 Beerse
39,Antwerpseweg 195,2023-01-11,07:00:00,47,37,10,FMN GV 10 Beerse
39,Antwerpseweg 195,2023-01-11,08:00:00,20,16,4,FMN GV 10 Beerse
39,Antwerpseweg 195,2023-01-11,09:00:00,5,4,1,FMN GV 10 Beerse
39,Antwerpseweg 195,2023-01-11,10:00:00,8,7,1,FMN GV 10 Beerse
39,Antwerpseweg 195,2023-01-11,11:00:00,10,5,5,FMN GV 10 Beerse
39,Antwerpseweg 195,2023-01-11,12:00:00,58,50,8,FMN GV 10 Beerse
39,Antwerpseweg 195,2023-01-11,13:00:00,23,14,9,FMN GV 10 Beerse
39,Antwerpseweg 195,2023-01-11,14:00:00,22,14,8,FMN GV 10 Beerse
39,Antwerpseweg 195,2023-01-11,15:00:00,24,17,7,FMN GV 10 Beerse
39,Antwerpseweg 195,2023-01-11,16:00:00,37,30,7,FMN GV 10 Beerse
39,Antwerpseweg 195,2023-01-11,17:00:00,16,5,11,FMN GV 10 Beerse
39,Antwerpseweg 195,2023-01-11,18:00:00,13,10,3,FMN GV 10 Beerse
39,Antwerpseweg 195,2023-01-11,19:00:00,5,5,0,FMN GV 10 Beerse
39,Antwerpseweg 195,2023-01-11,20:00:00,2,1,1,FMN GV 10 Beerse
39,Antwerpseweg 195,2023-01-11,21:00:00,5,5,0,FMN GV 10 Beerse
39,Antwerpseweg 195,2023-01-11,22:00:00,2,1,1,FMN GV 10 Beerse
39,Antwerpseweg 195,2023-01-11,23:00:00,1,1,0,FMN GV 10 Beerse
39,Antwerpseweg 195,2023-01-12,00:00:00,1,0,1,FMN GV 10 Beerse
39,Antwerpseweg 195,2023-01-12,01:00:00,0,0,0,FMN GV 10 Beerse
39,Antwerpseweg 195,2023-01-12,02:00:00,0,0,0,FMN GV 10 Beerse
39,Antwerpseweg 195,2023-01-12,03:00:00,0,0,0,FMN GV 10 Beerse
39,Antwerpseweg 195,2023-01-12,04:00:00,0,0,0,FMN GV 10 Beerse
39,Antwerpseweg 195,2023-01-12,05:00:00,10,10,0,FMN GV 10 Beerse
39,Antwerpseweg 195,2023-01-12,06:00:00,3,3,0,FMN GV 10 Beerse
39,Antwerpseweg 195,2023-01-12,07:00:00,17,15,2,FMN GV 10 Beerse
39,Antwerpseweg 195,2023-01-12,08:00:00,8,8,0,FMN GV 10 Beerse
39,Antwerpseweg 195,2023-01-12,09:00:00,3,1,2,FMN GV 10 Beerse
39,Antwerpseweg 195,2023-01-12,10:00:00,1,1,0,FMN GV 10 Beerse
39,Antwerpseweg 195,2023-01-12,11:00:00,3,3,0,FMN GV 10 Beerse
39,Antwerpseweg 195,2023-01-12,12:00:00,2,2,0,FMN GV 10 Beerse
39,Antwerpseweg 195,2023-01-12,13:00:00,4,2,2,FMN GV 10 Beerse
39,Antwerpseweg 195,2023-01-12,14:00:00,9,6,3,FMN GV 10 Beerse
39,Antwerpseweg 195,2023-01-12,15:00:00,9,8,1,FMN GV 10 Beerse
39,Antwerpseweg 195,2023-01-12,16:00:00,13,9,4,FMN GV 10 Beerse
39,Antwerpseweg 195,2023-01-12,17:00:00,9,5,4,FMN GV 10 Beerse
39,Antwerpseweg 195,2023-01-12,18:00:00,4,1,3,FMN GV 10 Beerse
39,Antwerpseweg 195,2023-01-12,19:00:00,3,2,1,FMN GV 10 Beerse
39,Antwerpseweg 195,2023-01-12,20:00:00,2,1,1,FMN GV 10 Beerse
39,Antwerpseweg 195,2023-01-12,21:00:00,3,2,1,FMN GV 10 Beerse
39,Antwerpseweg 195,2023-01-12,22:00:00,4,3,1,FMN GV 10 Beerse
39,Antwerpseweg 195,2023-01-12,23:00:00,1,1,0,FMN GV 10 Beerse
39,Antwerpseweg 195,2023-01-13,00:00:00,0,0,0,FMN GV 10 Beerse
39,Antwerpseweg 195,2023-01-13,01:00:00,0,0,0,FMN GV 10 Beerse
39,Antwerpseweg 195,2023-01-13,02:00:00,0,0,0,FMN GV 10 Beerse
39,Antwerpseweg 195,2023-01-13,03:00:00,1,1,0,FMN GV 10 Beerse
39,Antwerpseweg 195,2023-01-13,04:00:00,0,0,0,FMN GV 10 Beerse
39,Antwerpseweg 195,2023-01-13,05:00:00,12,12,0,FMN GV 10 Beerse
39,Antwerpseweg 195,2023-01-13,06:00:00,10,10,0,FMN GV 10 Beerse
39,Antwerpseweg 195,2023-01-13,07:00:00,40,32,8,FMN GV 10 Beerse
39,Antwerpseweg 195,2023-01-13,08:00:00,30,25,5,FMN GV 10 Beerse
39,Antwerpseweg 195,2023-01-13,09:00:00,11,6,5,FMN GV 10 Beerse
39,Antwerpseweg 195,2023-01-13,10:00:00,6,5,1,FMN GV 10 Beerse
39,Antwerpseweg 195,2023-01-13,11:00:00,10,8,2,FMN GV 10 Beerse
39,Antwerpseweg 195,2023-01-13,12:00:00,18,12,6,FMN GV 10 Beerse
39,Antwerpseweg 195,2023-01-13,13:00:00,18,11,7,FMN GV 10 Beerse
39,Antwerpseweg 195,2023-01-13,14:00:00,13,6,7,FMN GV 10 Beerse
39,Antwerpseweg 195,2023-01-13,15:00:00,20,13,7,FMN GV 10 Beerse
39,Antwerpseweg 195,2023-01-13,16:00:00,36,27,9,FMN GV 10 Beerse
39,Antwerpseweg 195,2023-01-13,17:00:00,18,10,8,FMN GV 10 Beerse
39,Antwerpseweg 195,2023-01-13,18:00:00,9,5,4,FMN GV 10 Beerse
39,Antwerpseweg 195,2023-01-13,19:00:00,0,0,0,FMN GV 10 Beerse
39,Antwerpseweg 195,2023-01-13,20:00:00,3,3,0,FMN GV 10 Beerse
39,Antwerpseweg 195,2023-01-13,21:00:00,6,4,2,FMN GV 10 Beerse
39,Antwerpseweg 195,2023-01-13,22:00:00,3,2,1,FMN GV 10 Beerse
39,Antwerpseweg 195,2023-01-13,23:00:00,1,1,0,FMN GV 10 Beerse
39,Antwerpseweg 195,2023-01-14,00:00:00,0,0,0,FMN GV 10 Beerse
39,Antwerpseweg 195,2023-01-14,01:00:00,3,1,2,FMN GV 10 Beerse
39,Antwerpseweg 195,2023-01-14,02:00:00,0,0,0,FMN GV 10 Beerse
39,Antwerpseweg 195,2023-01-14,03:00:00,0,0,0,FMN GV 10 Beerse
39,Antwerpseweg 195,2023-01-14,04:00:00,1,1,0,FMN GV 10 Beerse
39,Antwerpseweg 195,2023-01-14,05:00:00,1,1,0,FMN GV 10 Beerse
39,Antwerpseweg 195,2023-01-14,06:00:00,1,1,0,FMN GV 10 Beerse
39,Antwerpseweg 195,2023-01-14,07:00:00,0,0,0,FMN GV 10 Beerse
39,Antwerpseweg 195,2023-01-14,08:00:00,0,0,0,FMN GV 10 Beerse
39,Antwerpseweg 195,2023-01-14,09:00:00,0,0,0,FMN GV 10 Beerse
39,Antwerpseweg 195,2023-01-14,10:00:00,1,1,0,FMN GV 10 Beerse
39,Antwerpseweg 195,2023-01-14,11:00:00,1,0,1,FMN GV 10 Beerse
39,Antwerpseweg 195,2023-01-14,12:00:00,0,0,0,FMN GV 10 Beerse
39,Antwerpseweg 195,2023-01-14,13:00:00,0,0,0,FMN GV 10 Beerse
39,Antwerpseweg 195,2023-01-14,14:00:00,1,1,0,FMN GV 10 Beerse
39,Antwerpseweg 195,2023-01-14,15:00:00,3,2,1,FMN GV 10 Beerse
39,Antwerpseweg 195,2023-01-14,16:00:00,3,2,1,FMN GV 10 Beerse
39,Antwerpseweg 195,2023-01-14,17:00:00,1,0,1,FMN GV 10 Beerse
39,Antwerpseweg 195,2023-01-14,18:00:00,3,3,0,FMN GV 10 Beerse
39,Antwerpseweg 195,2023-01-14,19:00:00,1,0,1,FMN GV 10 Beerse
39,Antwerpseweg 195,2023-01-14,20:00:00,1,1,0,FMN GV 10 Beerse
39,Antwerpseweg 195,2023-01-14,21:00:00,5,2,3,FMN GV 10 Beerse
39,Antwerpseweg 195,2023-01-14,22:00:00,1,1,0,FMN GV 10 Beerse
39,Antwerpseweg 195,2023-01-14,23:00:00,0,0,0,FMN GV 10 Beerse
39,Antwerpseweg 195,2023-01-15,00:00:00,1,1,0,FMN GV 10 Beerse
39,Antwerpseweg 195,2023-01-15,01:00:00,0,0,0,FMN GV 10 Beerse
39,Antwerpseweg 195,2023-01-15,02:00:00,1,1,0,FMN GV 10 Beerse
39,Antwerpseweg 195,2023-01-15,03:00:00,2,2,0,FMN GV 10 Beerse
39,Antwerpseweg 195,2023-01-15,04:00:00,0,0,0,FMN GV 10 Beerse
39,Antwerpseweg 195,2023-01-15,05:00:00,0,0,0,FMN GV 10 Beerse
39,Antwerpseweg 195,2023-01-15,06:00:00,0,0,0,FMN GV 10 Beerse
39,Antwerpseweg 195,2023-01-15,07:00:00,2,1,1,FMN GV 10 Beerse
39,Antwerpseweg 195,2023-01-15,08:00:00,3,2,1,FMN GV 10 Beerse
39,Antwerpseweg 195,2023-01-15,09:00:00,13,7,6,FMN GV 10 Beerse
39,Antwerpseweg 195,2023-01-15,10:00:00,23,17,6,FMN GV 10 Beerse
39,Antwerpseweg 195,2023-01-15,11:00:00,24,19,5,FMN GV 10 Beerse
39,Antwerpseweg 195,2023-01-15,12:00:00,10,9,1,FMN GV 10 Beerse
39,Antwerpseweg 195,2023-01-15,13:00:00,19,10,9,FMN GV 10 Beerse
39,Antwerpseweg 195,2023-01-15,14:00:00,12,4,8,FMN GV 10 Beerse
39,Antwerpseweg 195,2023-01-15,15:00:00,8,8,0,FMN GV 10 Beerse
39,Antwerpseweg 195,2023-01-15,16:00:00,3,2,1,FMN GV 10 Beerse
39,Antwerpseweg 195,2023-01-15,17:00:00,9,2,7,FMN GV 10 Beerse
39,Antwerpseweg 195,2023-01-15,18:00:00,3,3,0,FMN GV 10 Beerse
39,Antwerpseweg 195,2023-01-15,19:00:00,5,4,1,FMN GV 10 Beerse
39,Antwerpseweg 195,2023-01-15,20:00:00,1,0,1,FMN GV 10 Beerse
39,Antwerpseweg 195,2023-01-15,21:00:00,3,3,0,FMN GV 10 Beerse
39,Antwerpseweg 195,2023-01-15,22:00:00,1,1,0,FMN GV 10 Beerse
39,Antwerpseweg 195,2023-01-15,23:00:00,1,1,0,FMN GV 10 Beerse
39,Antwerpseweg 195,2023-01-16,00:00:00,0,0,0,FMN GV 10 Beerse
39,Antwerpseweg 195,2023-01-16,01:00:00,0,0,0,FMN GV 10 Beerse
39,Antwerpseweg 195,2023-01-16,02:00:00,0,0,0,FMN GV 10 Beerse
39,Antwerpseweg 195,2023-01-16,03:00:00,0,0,0,FMN GV 10 Beerse
39,Antwerpseweg 195,2023-01-16,04:00:00,2,1,1,FMN GV 10 Beerse
39,Antwerpseweg 195,2023-01-16,05:00:00,9,9,0,FMN GV 10 Beerse
39,Antwerpseweg 195,2023-01-16,06:00:00,6,5,1,FMN GV 10 Beerse
39,Antwerpseweg 195,2023-01-16,07:00:00,24,22,2,FMN GV 10 Beerse
39,Antwerpseweg 195,2023-01-16,08:00:00,15,12,3,FMN GV 10 Beerse
39,Antwerpseweg 195,2023-01-16,09:00:00,2,1,1,FMN GV 10 Beerse
39,Antwerpseweg 195,2023-01-16,10:00:00,2,1,1,FMN GV 10 Beerse
39,Antwerpseweg 195,2023-01-16,11:00:00,6,4,2,FMN GV 10 Beerse
39,Antwerpseweg 195,2023-01-16,12:00:00,6,4,2,FMN GV 10 Beerse
39,Antwerpseweg 195,2023-01-16,13:00:00,9,8,1,FMN GV 10 Beerse
39,Antwerpseweg 195,2023-01-16,14:00:00,7,3,4,FMN GV 10 Beerse
39,Antwerpseweg 195,2023-01-16,15:00:00,9,8,1,FMN GV 10 Beerse
39,Antwerpseweg 195,2023-01-16,16:00:00,22,17,5,FMN GV 10 Beerse
39,Antwerpseweg 195,2023-01-16,17:00:00,11,5,6,FMN GV 10 Beerse
39,Antwerpseweg 195,2023-01-16,18:00:00,6,4,2,FMN GV 10 Beerse
39,Antwerpseweg 195,2023-01-16,19:00:00,1,1,0,FMN GV 10 Beerse
39,Antwerpseweg 195,2023-01-16,20:00:00,2,0,2,FMN GV 10 Beerse
39,Antwerpseweg 195,2023-01-16,21:00:00,0,0,0,FMN GV 10 Beerse
39,Antwerpseweg 195,2023-01-16,22:00:00,8,6,2,FMN GV 10 Beerse
39,Antwerpseweg 195,2023-01-16,23:00:00,1,1,0,FMN GV 10 Beerse
39,Antwerpseweg 195,2023-01-17,00:00:00,0,0,0,FMN GV 10 Beerse
39,Antwerpseweg 195,2023-01-17,01:00:00,0,0,0,FMN GV 10 Beerse
39,Antwerpseweg 195,2023-01-17,02:00:00,0,0,0,FMN GV 10 Beerse
39,Antwerpseweg 195,2023-01-17,03:00:00,0,0,0,FMN GV 10 Beerse
39,Antwerpseweg 195,2023-01-17,04:00:00,4,4,0,FMN GV 10 Beerse
39,Antwerpseweg 195,2023-01-17,05:00:00,13,13,0,FMN GV 10 Beerse
39,Antwerpseweg 195,2023-01-17,06:00:00,7,6,1,FMN GV 10 Beerse
39,Antwerpseweg 195,2023-01-17,07:00:00,35,32,3,FMN GV 10 Beerse
39,Antwerpseweg 195,2023-01-17,08:00:00,30,27,3,FMN GV 10 Beerse
39,Antwerpseweg 195,2023-01-17,09:00:00,36,32,4,FMN GV 10 Beerse
39,Antwerpseweg 195,2023-01-17,10:00:00,2,1,1,FMN GV 10 Beerse
39,Antwerpseweg 195,2023-01-17,11:00:00,6,6,0,FMN GV 10 Beerse
39,Antwerpseweg 195,2023-01-17,12:00:00,35,7,28,FMN GV 10 Beerse
39,Antwerpseweg 195,2023-01-17,13:00:00,21,17,4,FMN GV 10 Beerse
39,Antwerpseweg 195,2023-01-17,14:00:00,15,9,6,FMN GV 10 Beerse
39,Antwerpseweg 195,2023-01-17,15:00:00,29,24,5,FMN GV 10 Beerse
39,Antwerpseweg 195,2023-01-17,16:00:00,40,21,19,FMN GV 10 Beerse
39,Antwerpseweg 195,2023-01-17,17:00:00,29,19,10,FMN GV 10 Beerse
39,Antwerpseweg 195,2023-01-17,18:00:00,6,4,2,FMN GV 10 Beerse
39,Antwerpseweg 195,2023-01-17,19:00:00,1,0,1,FMN GV 10 Beerse
39,Antwerpseweg 195,2023-01-17,20:00:00,1,1,0,FMN GV 10 Beerse
39,Antwerpseweg 195,2023-01-17,21:00:00,3,2,1,FMN GV 10 Beerse
39,Antwerpseweg 195,2023-01-17,22:00:00,8,8,0,FMN GV 10 Beerse
39,Antwerpseweg 195,2023-01-17,23:00:00,0,0,0,FMN GV 10 Beerse
39,Antwerpseweg 195,2023-01-18,00:00:00,0,0,0,FMN GV 10 Beerse
39,Antwerpseweg 195,2023-01-18,01:00:00,0,0,0,FMN GV 10 Beerse
39,Antwerpseweg 195,2023-01-18,02:00:00,0,0,0,FMN GV 10 Beerse
39,Antwerpseweg 195,2023-01-18,03:00:00,0,0,0,FMN GV 10 Beerse
39,Antwerpseweg 195,2023-01-18,04:00:00,0,0,0,FMN GV 10 Beerse
39,Antwerpseweg 195,2023-01-18,05:00:00,3,3,0,FMN GV 10 Beerse
39,Antwerpseweg 195,2023-01-18,06:00:00,2,2,0,FMN GV 10 Beerse
39,Antwerpseweg 195,2023-01-18,07:00:00,15,14,1,FMN GV 10 Beerse
39,Antwerpseweg 195,2023-01-18,08:00:00,9,8,1,FMN GV 10 Beerse
39,Antwerpseweg 195,2023-01-18,09:00:00,3,1,2,FMN GV 10 Beerse
39,Antwerpseweg 195,2023-01-18,10:00:00,1,1,0,FMN GV 10 Beerse
39,Antwerpseweg 195,2023-01-18,11:00:00,1,0,1,FMN GV 10 Beerse
39,Antwerpseweg 195,2023-01-18,12:00:00,18,15,3,FMN GV 10 Beerse
39,Antwerpseweg 195,2023-01-18,13:00:00,20,14,6,FMN GV 10 Beerse
39,Antwerpseweg 195,2023-01-18,14:00:00,11,9,2,FMN GV 10 Beerse
39,Antwerpseweg 195,2023-01-18,15:00:00,15,10,5,FMN GV 10 Beerse
39,Antwerpseweg 195,2023-01-18,16:00:00,17,11,6,FMN GV 10 Beerse
39,Antwerpseweg 195,2023-01-18,17:00:00,15,12,3,FMN GV 10 Beerse
39,Antwerpseweg 195,2023-01-18,18:00:00,9,5,4,FMN GV 10 Beerse
39,Antwerpseweg 195,2023-01-18,19:00:00,2,2,0,FMN GV 10 Beerse
39,Antwerpseweg 195,2023-01-18,20:00:00,1,0,1,FMN GV 10 Beerse
39,Antwerpseweg 195,2023-01-18,21:00:00,1,1,0,FMN GV 10 Beerse
39,Antwerpseweg 195,2023-01-18,22:00:00,6,4,2,FMN GV 10 Beerse
39,Antwerpseweg 195,2023-01-18,23:00:00,0,0,0,FMN GV 10 Beerse
39,Antwerpseweg 195,2023-01-19,00:00:00,0,0,0,FMN GV 10 Beerse
39,Antwerpseweg 195,2023-01-19,01:00:00,0,0,0,FMN GV 10 Beerse
39,Antwerpseweg 195,2023-01-19,02:00:00,2,2,0,FMN GV 10 Beerse
39,Antwerpseweg 195,2023-01-19,03:00:00,0,0,0,FMN GV 10 Beerse
39,Antwerpseweg 195,2023-01-19,04:00:00,0,0,0,FMN GV 10 Beerse
39,Antwerpseweg 195,2023-01-19,05:00:00,5,5,0,FMN GV 10 Beerse
39,Antwerpseweg 195,2023-01-19,06:00:00,5,4,1,FMN GV 10 Beerse
39,Antwerpseweg 195,2023-01-19,07:00:00,29,27,2,FMN GV 10 Beerse
39,Antwerpseweg 195,2023-01-19,08:00:00,10,9,1,FMN GV 10 Beerse
39,Antwerpseweg 195,2023-01-19,09:00:00,4,3,1,FMN GV 10 Beerse
39,Antwerpseweg 195,2023-01-19,10:00:00,9,6,3,FMN GV 10 Beerse
39,Antwerpseweg 195,2023-01-19,11:00:00,6,4,2,FMN GV 10 Beerse
39,Antwerpseweg 195,2023-01-19,12:00:00,7,5,2,FMN GV 10 Beerse
39,Antwerpseweg 195,2023-01-19,13:00:00,11,9,2,FMN GV 10 Beerse
39,Antwerpseweg 195,2023-01-19,14:00:00,11,7,4,FMN GV 10 Beerse
39,Antwerpseweg 195,2023-01-19,15:00:00,9,8,1,FMN GV 10 Beerse
39,Antwerpseweg 195,2023-01-19,16:00:00,26,16,10,FMN GV 10 Beerse
39,Antwerpseweg 195,2023-01-19,17:00:00,16,9,7,FMN GV 10 Beerse
39,Antwerpseweg 195,2023-01-19,18:00:00,7,3,4,FMN GV 10 Beerse
39,Antwerpseweg 195,2023-01-19,19:00:00,1,1,0,FMN GV 10 Beerse
39,Antwerpseweg 195,2023-01-19,20:00:00,1,0,1,FMN GV 10 Beerse
39,Antwerpseweg 195,2023-01-19,21:00:00,1,1,0,FMN GV 10 Beerse
39,Antwerpseweg 195,2023-01-19,22:00:00,7,6,1,FMN GV 10 Beerse
39,Antwerpseweg 195,2023-01-19,23:00:00,2,2,0,FMN GV 10 Beerse
39,Antwerpseweg 195,2023-01-20,00:00:00,0,0,0,FMN GV 10 Beerse
39,Antwerpseweg 195,2023-01-20,01:00:00,0,0,0,FMN GV 10 Beerse
39,Antwerpseweg 195,2023-01-20,02:00:00,0,0,0,FMN GV 10 Beerse
39,Antwerpseweg 195,2023-01-20,03:00:00,0,0,0,FMN GV 10 Beerse
39,Antwerpseweg 195,2023-01-20,04:00:00,3,2,1,FMN GV 10 Beerse
39,Antwerpseweg 195,2023-01-20,05:00:00,8,8,0,FMN GV 10 Beerse
39,Antwerpseweg 195,2023-01-20,06:00:00,4,4,0,FMN GV 10 Beerse
39,Antwerpseweg 195,2023-01-20,07:00:00,11,10,1,FMN GV 10 Beerse
39,Antwerpseweg 195,2023-01-20,08:00:00,3,2,1,FMN GV 10 Beerse
39,Antwerpseweg 195,2023-01-20,09:00:00,1,1,0,FMN GV 10 Beerse
39,Antwerpseweg 195,2023-01-20,10:00:00,0,0,0,FMN GV 10 Beerse
39,Antwerpseweg 195,2023-01-20,11:00:00,3,2,1,FMN GV 10 Beerse
39,Antwerpseweg 195,2023-01-20,12:00:00,5,5,0,FMN GV 10 Beerse
39,Antwerpseweg 195,2023-01-20,13:00:00,4,3,1,FMN GV 10 Beerse
39,Antwerpseweg 195,2023-01-20,14:00:00,1,0,1,FMN GV 10 Beerse
39,Antwerpseweg 195,2023-01-20,15:00:00,5,5,0,FMN GV 10 Beerse
39,Antwerpseweg 195,2023-01-20,16:00:00,11,9,2,FMN GV 10 Beerse
39,Antwerpseweg 195,2023-01-20,17:00:00,6,5,1,FMN GV 10 Beerse
39,Antwerpseweg 195,2023-01-20,18:00:00,3,2,1,FMN GV 10 Beerse
39,Antwerpseweg 195,2023-01-20,19:00:00,2,0,2,FMN GV 10 Beerse
39,Antwerpseweg 195,2023-01-20,20:00:00,3,2,1,FMN GV 10 Beerse
39,Antwerpseweg 195,2023-01-20,21:00:00,3,2,1,FMN GV 10 Beerse
39,Antwerpseweg 195,2023-01-20,22:00:00,2,1,1,FMN GV 10 Beerse
39,Antwerpseweg 195,2023-01-20,23:00:00,2,2,0,FMN GV 10 Beerse
39,Antwerpseweg 195,2023-01-21,00:00:00,0,0,0,FMN GV 10 Beerse
39,Antwerpseweg 195,2023-01-21,01:00:00,1,1,0,FMN GV 10 Beerse
39,Antwerpseweg 195,2023-01-21,02:00:00,0,0,0,FMN GV 10 Beerse
39,Antwerpseweg 195,2023-01-21,03:00:00,0,0,0,FMN GV 10 Beerse
39,Antwerpseweg 195,2023-01-21,04:00:00,0,0,0,FMN GV 10 Beerse
39,Antwerpseweg 195,2023-01-21,05:00:00,0,0,0,FMN GV 10 Beerse
39,Antwerpseweg 195,2023-01-21,06:00:00,1,1,0,FMN GV 10 Beerse
39,Antwerpseweg 195,2023-01-21,07:00:00,0,0,0,FMN GV 10 Beerse
39,Antwerpseweg 195,2023-01-21,08:00:00,0,0,0,FMN GV 10 Beerse
39,Antwerpseweg 195,2023-01-21,09:00:00,1,1,0,FMN GV 10 Beerse
39,Antwerpseweg 195,2023-01-21,10:00:00,1,1,0,FMN GV 10 Beerse
39,Antwerpseweg 195,2023-01-21,11:00:00,2,2,0,FMN GV 10 Beerse
39,Antwerpseweg 195,2023-01-21,12:00:00,4,3,1,FMN GV 10 Beerse
39,Antwerpseweg 195,2023-01-21,13:00:00,0,0,0,FMN GV 10 Beerse
39,Antwerpseweg 195,2023-01-21,14:00:00,4,4,0,FMN GV 10 Beerse
39,Antwerpseweg 195,2023-01-21,15:00:00,1,0,1,FMN GV 10 Beerse
39,Antwerpseweg 195,2023-01-21,16:00:00,6,5,1,FMN GV 10 Beerse
39,Antwerpseweg 195,2023-01-21,17:00:00,1,1,0,FMN GV 10 Beerse
39,Antwerpseweg 195,2023-01-21,18:00:00,2,2,0,FMN GV 10 Beerse
39,Antwerpseweg 195,2023-01-21,19:00:00,0,0,0,FMN GV 10 Beerse
39,Antwerpseweg 195,2023-01-21,20:00:00,1,0,1,FMN GV 10 Beerse
39,Antwerpseweg 195,2023-01-21,21:00:00,1,0,1,FMN GV 10 Beerse
39,Antwerpseweg 195,2023-01-21,22:00:00,0,0,0,FMN GV 10 Beerse
39,Antwerpseweg 195,2023-01-21,23:00:00,0,0,0,FMN GV 10 Beerse
39,Antwerpseweg 195,2023-01-22,00:00:00,0,0,0,FMN GV 10 Beerse
39,Antwerpseweg 195,2023-01-22,01:00:00,0,0,0,FMN GV 10 Beerse
39,Antwerpseweg 195,2023-01-22,02:00:00,0,0,0,FMN GV 10 Beerse
39,Antwerpseweg 195,2023-01-22,03:00:00,0,0,0,FMN GV 10 Beerse
39,Antwerpseweg 195,2023-01-22,04:00:00,0,0,0,FMN GV 10 Beerse
39,Antwerpseweg 195,2023-01-22,05:00:00,0,0,0,FMN GV 10 Beerse
39,Antwerpseweg 195,2023-01-22,06:00:00,0,0,0,FMN GV 10 Beerse
39,Antwerpseweg 195,2023-01-22,07:00:00,0,0,0,FMN GV 10 Beerse
39,Antwerpseweg 195,2023-01-22,08:00:00,0,0,0,FMN GV 10 Beerse
39,Antwerpseweg 195,2023-01-22,09:00:00,0,0,0,FMN GV 10 Beerse
39,Antwerpseweg 195,2023-01-22,10:00:00,2,1,1,FMN GV 10 Beerse
39,Antwerpseweg 195,2023-01-22,11:00:00,5,4,1,FMN GV 10 Beerse
39,Antwerpseweg 195,2023-01-22,12:00:00,0,0,0,FMN GV 10 Beerse
39,Antwerpseweg 195,2023-01-22,13:00:00,6,4,2,FMN GV 10 Beerse
39,Antwerpseweg 195,2023-01-22,14:00:00,1,1,0,FMN GV 10 Beerse
39,Antwerpseweg 195,2023-01-22,15:00:00,3,3,0,FMN GV 10 Beerse
39,Antwerpseweg 195,2023-01-22,16:00:00,2,1,1,FMN GV 10 Beerse
39,Antwerpseweg 195,2023-01-22,17:00:00,1,1,0,FMN GV 10 Beerse
39,Antwerpseweg 195,2023-01-22,18:00:00,5,4,1,FMN GV 10 Beerse
39,Antwerpseweg 195,2023-01-22,19:00:00,2,1,1,FMN GV 10 Beerse
39,Antwerpseweg 195,2023-01-22,20:00:00,2,1,1,FMN GV 10 Beerse
39,Antwerpseweg 195,2023-01-22,21:00:00,1,1,0,FMN GV 10 Beerse
39,Antwerpseweg 195,2023-01-22,22:00:00,1,1,0,FMN GV 10 Beerse
39,Antwerpseweg 195,2023-01-22,23:00:00,0,0,0,FMN GV 10 Beerse
39,Antwerpseweg 195,2023-01-23,00:00:00,0,0,0,FMN GV 10 Beerse
39,Antwerpseweg 195,2023-01-23,01:00:00,0,0,0,FMN GV 10 Beerse
39,Antwerpseweg 195,2023-01-23,02:00:00,0,0,0,FMN GV 10 Beerse
39,Antwerpseweg 195,2023-01-23,03:00:00,0,0,0,FMN GV 10 Beerse
39,Antwerpseweg 195,2023-01-23,04:00:00,1,1,0,FMN GV 10 Beerse
39,Antwerpseweg 195,2023-01-23,05:00:00,8,8,0,FMN GV 10 Beerse
39,Antwerpseweg 195,2023-01-23,06:00:00,4,3,1,FMN GV 10 Beerse
39,Antwerpseweg 195,2023-01-23,07:00:00,27,24,3,FMN GV 10 Beerse
39,Antwerpseweg 195,2023-01-23,08:00:00,15,13,2,FMN GV 10 Beerse
39,Antwerpseweg 195,2023-01-23,09:00:00,10,8,2,FMN GV 10 Beerse
39,Antwerpseweg 195,2023-01-23,10:00:00,5,5,0,FMN GV 10 Beerse
39,Antwerpseweg 195,2023-01-23,11:00:00,3,2,1,FMN GV 10 Beerse
39,Antwerpseweg 195,2023-01-23,12:00:00,6,4,2,FMN GV 10 Beerse
39,Antwerpseweg 195,2023-01-23,13:00:00,19,14,5,FMN GV 10 Beerse
39,Antwerpseweg 195,2023-01-23,14:00:00,16,10,6,FMN GV 10 Beerse
39,Antwerpseweg 195,2023-01-23,15:00:00,18,9,9,FMN GV 10 Beerse
39,Antwerpseweg 195,2023-01-23,16:00:00,47,32,15,FMN GV 10 Beerse
39,Antwerpseweg 195,2023-01-23,17:00:00,20,10,10,FMN GV 10 Beerse
39,Antwerpseweg 195,2023-01-23,18:00:00,8,5,3,FMN GV 10 Beerse
39,Antwerpseweg 195,2023-01-23,19:00:00,1,1,0,FMN GV 10 Beerse
39,Antwerpseweg 195,2023-01-23,20:00:00,2,0,2,FMN GV 10 Beerse
39,Antwerpseweg 195,2023-01-23,21:00:00,2,2,0,FMN GV 10 Beerse
39,Antwerpseweg 195,2023-01-23,22:00:00,3,2,1,FMN GV 10 Beerse
39,Antwerpseweg 195,2023-01-23,23:00:00,0,0,0,FMN GV 10 Beerse
39,Antwerpseweg 195,2023-01-24,00:00:00,0,0,0,FMN GV 10 Beerse
39,Antwerpseweg 195,2023-01-24,01:00:00,1,1,0,FMN GV 10 Beerse
39,Antwerpseweg 195,2023-01-24,02:00:00,0,0,0,FMN GV 10 Beerse
39,Antwerpseweg 195,2023-01-24,03:00:00,0,0,0,FMN GV 10 Beerse
39,Antwerpseweg 195,2023-01-24,04:00:00,3,3,0,FMN GV 10 Beerse
39,Antwerpseweg 195,2023-01-24,05:00:00,8,8,0,FMN GV 10 Beerse
39,Antwerpseweg 195,2023-01-24,06:00:00,7,7,0,FMN GV 10 Beerse
39,Antwerpseweg 195,2023-01-24,07:00:00,36,31,5,FMN GV 10 Beerse
39,Antwerpseweg 195,2023-01-24,08:00:00,52,42,10,FMN GV 10 Beerse
39,Antwerpseweg 195,2023-01-24,09:00:00,11,10,1,FMN GV 10 Beerse
39,Antwerpseweg 195,2023-01-24,10:00:00,7,7,0,FMN GV 10 Beerse
39,Antwerpseweg 195,2023-01-24,11:00:00,29,5,24,FMN GV 10 Beerse
39,Antwerpseweg 195,2023-01-24,12:00:00,14,9,5,FMN GV 10 Beerse
39,Antwerpseweg 195,2023-01-24,13:00:00,17,14,3,FMN GV 10 Beerse
39,Antwerpseweg 195,2023-01-24,14:00:00,18,7,11,FMN GV 10 Beerse
39,Antwerpseweg 195,2023-01-24,15:00:00,28,19,9,FMN GV 10 Beerse
39,Antwerpseweg 195,2023-01-24,16:00:00,48,34,14,FMN GV 10 Beerse
39,Antwerpseweg 195,2023-01-24,17:00:00,22,17,5,FMN GV 10 Beerse
39,Antwerpseweg 195,2023-01-24,18:00:00,11,9,2,FMN GV 10 Beerse
39,Antwerpseweg 195,2023-01-24,19:00:00,7,5,2,FMN GV 10 Beerse
39,Antwerpseweg 195,2023-01-24,20:00:00,6,5,1,FMN GV 10 Beerse
39,Antwerpseweg 195,2023-01-24,21:00:00,4,3,1,FMN GV 10 Beerse
39,Antwerpseweg 195,2023-01-24,22:00:00,3,2,1,FMN GV 10 Beerse
39,Antwerpseweg 195,2023-01-24,23:00:00,1,0,1,FMN GV 10 Beerse
39,Antwerpseweg 195,2023-01-25,00:00:00,0,0,0,FMN GV 10 Beerse
39,Antwerpseweg 195,2023-01-25,01:00:00,2,1,1,FMN GV 10 Beerse
39,Antwerpseweg 195,2023-01-25,02:00:00,0,0,0,FMN GV 10 Beerse
39,Antwerpseweg 195,2023-01-25,03:00:00,0,0,0,FMN GV 10 Beerse
39,Antwerpseweg 195,2023-01-25,04:00:00,2,2,0,FMN GV 10 Beerse
39,Antwerpseweg 195,2023-01-25,05:00:00,12,12,0,FMN GV 10 Beerse
39,Antwerpseweg 195,2023-01-25,06:00:00,8,7,1,FMN GV 10 Beerse
39,Antwerpseweg 195,2023-01-25,07:00:00,40,33,7,FMN GV 10 Beerse
39,Antwerpseweg 195,2023-01-25,08:00:00,23,20,3,FMN GV 10 Beerse
39,Antwerpseweg 195,2023-01-25,09:00:00,9,7,2,FMN GV 10 Beerse
39,Antwerpseweg 195,2023-01-25,10:00:00,2,0,2,FMN GV 10 Beerse
39,Antwerpseweg 195,2023-01-25,11:00:00,6,5,1,FMN GV 10 Beerse
39,Antwerpseweg 195,2023-01-25,12:00:00,34,31,3,FMN GV 10 Beerse
39,Antwerpseweg 195,2023-01-25,13:00:00,18,13,5,FMN GV 10 Beerse
39,Antwerpseweg 195,2023-01-25,14:00:00,9,7,2,FMN GV 10 Beerse
39,Antwerpseweg 195,2023-01-25,15:00:00,13,13,0,FMN GV 10 Beerse
39,Antwerpseweg 195,2023-01-25,16:00:00,23,15,8,FMN GV 10 Beerse
39,Antwerpseweg 195,2023-01-25,17:00:00,14,5,9,FMN GV 10 Beerse
39,Antwerpseweg 195,2023-01-25,18:00:00,8,5,3,FMN GV 10 Beerse
39,Antwerpseweg 195,2023-01-25,19:00:00,2,1,1,FMN GV 10 Beerse
39,Antwerpseweg 195,2023-01-25,20:00:00,3,3,0,FMN GV 10 Beerse
39,Antwerpseweg 195,2023-01-25,21:00:00,2,2,0,FMN GV 10 Beerse
39,Antwerpseweg 195,2023-01-25,22:00:00,3,2,1,FMN GV 10 Beerse
39,Antwerpseweg 195,2023-01-25,23:00:00,0,0,0,FMN GV 10 Beerse
39,Antwerpseweg 195,2023-01-26,00:00:00,0,0,0,FMN GV 10 Beerse
39,Antwerpseweg 195,2023-01-26,01:00:00,0,0,0,FMN GV 10 Beerse
39,Antwerpseweg 195,2023-01-26,02:00:00,0,0,0,FMN GV 10 Beerse
39,Antwerpseweg 195,2023-01-26,03:00:00,0,0,0,FMN GV 10 Beerse
39,Antwerpseweg 195,2023-01-26,04:00:00,2,2,0,FMN GV 10 Beerse
39,Antwerpseweg 195,2023-01-26,05:00:00,8,8,0,FMN GV 10 Beerse
39,Antwerpseweg 195,2023-01-26,06:00:00,3,3,0,FMN GV 10 Beerse
39,Antwerpseweg 195,2023-01-26,07:00:00,23,17,6,FMN GV 10 Beerse
39,Antwerpseweg 195,2023-01-26,08:00:00,19,16,3,FMN GV 10 Beerse
39,Antwerpseweg 195,2023-01-26,09:00:00,3,2,1,FMN GV 10 Beerse
39,Antwerpseweg 195,2023-01-26,10:00:00,5,2,3,FMN GV 10 Beerse
39,Antwerpseweg 195,2023-01-26,11:00:00,8,7,1,FMN GV 10 Beerse
39,Antwerpseweg 195,2023-01-26,12:00:00,11,10,1,FMN GV 10 Beerse
39,Antwerpseweg 195,2023-01-26,13:00:00,11,10,1,FMN GV 10 Beerse
39,Antwerpseweg 195,2023-01-26,14:00:00,22,14,8,FMN GV 10 Beerse
39,Antwerpseweg 195,2023-01-26,15:00:00,17,13,4,FMN GV 10 Beerse
39,Antwerpseweg 195,2023-01-26,16:00:00,38,30,8,FMN GV 10 Beerse
39,Antwerpseweg 195,2023-01-26,17:00:00,17,10,7,FMN GV 10 Beerse
39,Antwerpseweg 195,2023-01-26,18:00:00,7,6,1,FMN GV 10 Beerse
39,Antwerpseweg 195,2023-01-26,19:00:00,7,6,1,FMN GV 10 Beerse
39,Antwerpseweg 195,2023-01-26,20:00:00,1,0,1,FMN GV 10 Beerse
39,Antwerpseweg 195,2023-01-26,21:00:00,2,1,1,FMN GV 10 Beerse
39,Antwerpseweg 195,2023-01-26,22:00:00,4,3,1,FMN GV 10 Beerse
39,Antwerpseweg 195,2023-01-26,23:00:00,1,1,0,FMN GV 10 Beerse
39,Antwerpseweg 195,2023-01-27,00:00:00,0,0,0,FMN GV 10 Beerse
39,Antwerpseweg 195,2023-01-27,01:00:00,0,0,0,FMN GV 10 Beerse
39,Antwerpseweg 195,2023-01-27,02:00:00,0,0,0,FMN GV 10 Beerse
39,Antwerpseweg 195,2023-01-27,03:00:00,0,0,0,FMN GV 10 Beerse
39,Antwerpseweg 195,2023-01-27,04:00:00,1,1,0,FMN GV 10 Beerse
39,Antwerpseweg 195,2023-01-27,05:00:00,11,11,0,FMN GV 10 Beerse
39,Antwerpseweg 195,2023-01-27,06:00:00,12,10,2,FMN GV 10 Beerse
39,Antwerpseweg 195,2023-01-27,07:00:00,25,20,5,FMN GV 10 Beerse
39,Antwerpseweg 195,2023-01-27,08:00:00,15,14,1,FMN GV 10 Beerse
39,Antwerpseweg 195,2023-01-27,09:00:00,5,5,0,FMN GV 10 Beerse
39,Antwerpseweg 195,2023-01-27,10:00:00,7,7,0,FMN GV 10 Beerse
39,Antwerpseweg 195,2023-01-27,11:00:00,9,5,4,FMN GV 10 Beerse
39,Antwerpseweg 195,2023-01-27,12:00:00,11,7,4,FMN GV 10 Beerse
39,Antwerpseweg 195,2023-01-27,13:00:00,13,8,5,FMN GV 10 Beerse
39,Antwerpseweg 195,2023-01-27,14:00:00,18,11,7,FMN GV 10 Beerse
39,Antwerpseweg 195,2023-01-27,15:00:00,36,29,7,FMN GV 10 Beerse
39,Antwerpseweg 195,2023-01-27,16:00:00,30,26,4,FMN GV 10 Beerse
39,Antwerpseweg 195,2023-01-27,17:00:00,16,11,5,FMN GV 10 Beerse
39,Antwerpseweg 195,2023-01-27,18:00:00,6,6,0,FMN GV 10 Beerse
39,Antwerpseweg 195,2023-01-27,19:00:00,4,1,3,FMN GV 10 Beerse
39,Antwerpseweg 195,2023-01-27,20:00:00,3,1,2,FMN GV 10 Beerse
39,Antwerpseweg 195,2023-01-27,21:00:00,3,3,0,FMN GV 10 Beerse
39,Antwerpseweg 195,2023-01-27,22:00:00,2,2,0,FMN GV 10 Beerse
39,Antwerpseweg 195,2023-01-27,23:00:00,0,0,0,FMN GV 10 Beerse
39,Antwerpseweg 195,2023-01-28,00:00:00,3,3,0,FMN GV 10 Beerse
39,Antwerpseweg 195,2023-01-28,01:00:00,2,2,0,FMN GV 10 Beerse
39,Antwerpseweg 195,2023-01-28,02:00:00,0,0,0,FMN GV 10 Beerse
39,Antwerpseweg 195,2023-01-28,03:00:00,0,0,0,FMN GV 10 Beerse
39,Antwerpseweg 195,2023-01-28,04:00:00,1,1,0,FMN GV 10 Beerse
39,Antwerpseweg 195,2023-01-28,05:00:00,4,4,0,FMN GV 10 Beerse
39,Antwerpseweg 195,2023-01-28,06:00:00,0,0,0,FMN GV 10 Beerse
39,Antwerpseweg 195,2023-01-28,07:00:00,1,1,0,FMN GV 10 Beerse
39,Antwerpseweg 195,2023-01-28,08:00:00,3,3,0,FMN GV 10 Beerse
39,Antwerpseweg 195,2023-01-28,09:00:00,5,5,0,FMN GV 10 Beerse
39,Antwerpseweg 195,2023-01-28,10:00:00,6,3,3,FMN GV 10 Beerse
39,Antwerpseweg 195,2023-01-28,11:00:00,5,1,4,FMN GV 10 Beerse
39,Antwerpseweg 195,2023-01-28,12:00:00,13,11,2,FMN GV 10 Beerse
39,Antwerpseweg 195,2023-01-28,13:00:00,11,4,7,FMN GV 10 Beerse
39,Antwerpseweg 195,2023-01-28,14:00:00,12,8,4,FMN GV 10 Beerse
39,Antwerpseweg 195,2023-01-28,15:00:00,11,9,2,FMN GV 10 Beerse
39,Antwerpseweg 195,2023-01-28,16:00:00,4,3,1,FMN GV 10 Beerse
39,Antwerpseweg 195,2023-01-28,17:00:00,8,6,2,FMN GV 10 Beerse
39,Antwerpseweg 195,2023-01-28,18:00:00,6,3,3,FMN GV 10 Beerse
39,Antwerpseweg 195,2023-01-28,19:00:00,2,1,1,FMN GV 10 Beerse
39,Antwerpseweg 195,2023-01-28,20:00:00,5,4,1,FMN GV 10 Beerse
39,Antwerpseweg 195,2023-01-28,21:00:00,3,0,3,FMN GV 10 Beerse
39,Antwerpseweg 195,2023-01-28,22:00:00,1,1,0,FMN GV 10 Beerse
39,Antwerpseweg 195,2023-01-28,23:00:00,1,0,1,FMN GV 10 Beerse
39,Antwerpseweg 195,2023-01-29,00:00:00,0,0,0,FMN GV 10 Beerse
39,Antwerpseweg 195,2023-01-29,01:00:00,2,2,0,FMN GV 10 Beerse
39,Antwerpseweg 195,2023-01-29,02:00:00,1,0,1,FMN GV 10 Beerse
39,Antwerpseweg 195,2023-01-29,03:00:00,0,0,0,FMN GV 10 Beerse
39,Antwerpseweg 195,2023-01-29,04:00:00,0,0,0,FMN GV 10 Beerse
39,Antwerpseweg 195,2023-01-29,05:00:00,2,2,0,FMN GV 10 Beerse
39,Antwerpseweg 195,2023-01-29,06:00:00,1,1,0,FMN GV 10 Beerse
39,Antwerpseweg 195,2023-01-29,07:00:00,1,1,0,FMN GV 10 Beerse
39,Antwerpseweg 195,2023-01-29,08:00:00,8,6,2,FMN GV 10 Beerse
39,Antwerpseweg 195,2023-01-29,09:00:00,5,5,0,FMN GV 10 Beerse
39,Antwerpseweg 195,2023-01-29,10:00:00,18,11,7,FMN GV 10 Beerse
39,Antwerpseweg 195,2023-01-29,11:00:00,12,11,1,FMN GV 10 Beerse
39,Antwerpseweg 195,2023-01-29,12:00:00,16,9,7,FMN GV 10 Beerse
39,Antwerpseweg 195,2023-01-29,13:00:00,13,8,5,FMN GV 10 Beerse
39,Antwerpseweg 195,2023-01-29,14:00:00,8,7,1,FMN GV 10 Beerse
39,Antwerpseweg 195,2023-01-29,15:00:00,9,5,4,FMN GV 10 Beerse
39,Antwerpseweg 195,2023-01-29,16:00:00,5,5,0,FMN GV 10 Beerse
39,Antwerpseweg 195,2023-01-29,17:00:00,2,2,0,FMN GV 10 Beerse
39,Antwerpseweg 195,2023-01-29,18:00:00,6,4,2,FMN GV 10 Beerse
39,Antwerpseweg 195,2023-01-29,19:00:00,4,1,3,FMN GV 10 Beerse
39,Antwerpseweg 195,2023-01-29,20:00:00,1,1,0,FMN GV 10 Beerse
39,Antwerpseweg 195,2023-01-29,21:00:00,1,1,0,FMN GV 10 Beerse
39,Antwerpseweg 195,2023-01-29,22:00:00,3,2,1,FMN GV 10 Beerse
39,Antwerpseweg 195,2023-01-29,23:00:00,0,0,0,FMN GV 10 Beerse
39,Antwerpseweg 195,2023-01-30,00:00:00,0,0,0,FMN GV 10 Beerse
39,Antwerpseweg 195,2023-01-30,01:00:00,1,0,1,FMN GV 10 Beerse
39,Antwerpseweg 195,2023-01-30,02:00:00,0,0,0,FMN GV 10 Beerse
39,Antwerpseweg 195,2023-01-30,03:00:00,0,0,0,FMN GV 10 Beerse
39,Antwerpseweg 195,2023-01-30,04:00:00,3,3,0,FMN GV 10 Beerse
39,Antwerpseweg 195,2023-01-30,05:00:00,7,7,0,FMN GV 10 Beerse
39,Antwerpseweg 195,2023-01-30,06:00:00,10,9,1,FMN GV 10 Beerse
39,Antwerpseweg 195,2023-01-30,07:00:00,33,28,5,FMN GV 10 Beerse
39,Antwerpseweg 195,2023-01-30,08:00:00,21,20,1,FMN GV 10 Beerse
39,Antwerpseweg 195,2023-01-30,09:00:00,10,6,4,FMN GV 10 Beerse
39,Antwerpseweg 195,2023-01-30,10:00:00,7,6,1,FMN GV 10 Beerse
39,Antwerpseweg 195,2023-01-30,11:00:00,11,10,1,FMN GV 10 Beerse
39,Antwerpseweg 195,2023-01-30,12:00:00,12,9,3,FMN GV 10 Beerse
39,Antwerpseweg 195,2023-01-30,13:00:00,22,18,4,FMN GV 10 Beerse
39,Antwerpseweg 195,2023-01-30,14:00:00,23,11,12,FMN GV 10 Beerse
39,Antwerpseweg 195,2023-01-30,15:00:00,31,23,8,FMN GV 10 Beerse
39,Antwerpseweg 195,2023-01-30,16:00:00,43,32,11,FMN GV 10 Beerse
39,Antwerpseweg 195,2023-01-30,17:00:00,30,20,10,FMN GV 10 Beerse
39,Antwerpseweg 195,2023-01-30,18:00:00,10,4,6,FMN GV 10 Beerse
39,Antwerpseweg 195,2023-01-30,19:00:00,5,3,2,FMN GV 10 Beerse
39,Antwerpseweg 195,2023-01-30,20:00:00,5,4,1,FMN GV 10 Beerse
39,Antwerpseweg 195,2023-01-30,21:00:00,1,1,0,FMN GV 10 Beerse
39,Antwerpseweg 195,2023-01-30,22:00:00,15,11,4,FMN GV 10 Beerse
39,Antwerpseweg 195,2023-01-30,23:00:00,0,0,0,FMN GV 10 Beerse
39,Antwerpseweg 195,2023-01-31,00:00:00,1,1,0,FMN GV 10 Beerse
39,Antwerpseweg 195,2023-01-31,01:00:00,0,0,0,FMN GV 10 Beerse
39,Antwerpseweg 195,2023-01-31,02:00:00,0,0,0,FMN GV 10 Beerse
39,Antwerpseweg 195,2023-01-31,03:00:00,0,0,0,FMN GV 10 Beerse
39,Antwerpseweg 195,2023-01-31,04:00:00,4,4,0,FMN GV 10 Beerse
39,Antwerpseweg 195,2023-01-31,05:00:00,10,9,1,FMN GV 10 Beerse
39,Antwerpseweg 195,2023-01-31,06:00:00,7,7,0,FMN GV 10 Beerse
39,Antwerpseweg 195,2023-01-31,07:00:00,42,34,8,FMN GV 10 Beerse
39,Antwerpseweg 195,2023-01-31,08:00:00,29,28,1,FMN GV 10 Beerse
39,Antwerpseweg 195,2023-01-31,09:00:00,5,4,1,FMN GV 10 Beerse
39,Antwerpseweg 195,2023-01-31,10:00:00,5,3,2,FMN GV 10 Beerse
39,Antwerpseweg 195,2023-01-31,11:00:00,14,12,2,FMN GV 10 Beerse
39,Antwerpseweg 195,2023-01-31,12:00:00,10,5,5,FMN GV 10 Beerse
39,Antwerpseweg 195,2023-01-31,13:00:00,17,13,4,FMN GV 10 Beerse
39,Antwerpseweg 195,2023-01-31,14:00:00,11,8,3,FMN GV 10 Beerse
39,Antwerpseweg 195,2023-01-31,15:00:00,22,17,5,FMN GV 10 Beerse
39,Antwerpseweg 195,2023-01-31,16:00:00,42,28,14,FMN GV 10 Beerse
39,Antwerpseweg 195,2023-01-31,17:00:00,28,17,11,FMN GV 10 Beerse
39,Antwerpseweg 195,2023-01-31,18:00:00,20,13,7,FMN GV 10 Beerse
39,Antwerpseweg 195,2023-01-31,19:00:00,7,2,5,FMN GV 10 Beerse
39,Antwerpseweg 195,2023-01-31,20:00:00,4,1,3,FMN GV 10 Beerse
39,Antwerpseweg 195,2023-01-31,21:00:00,3,3,0,FMN GV 10 Beerse
39,Antwerpseweg 195,2023-01-31,22:00:00,11,8,3,FMN GV 10 Beerse
39,Antwerpseweg 195,2023-01-31,23:00:00,0,0,0,FMN GV 10 Beerse
39,Antwerpseweg 195,2023-02-01,00:00:00,2,1,1,FMN GV 10 Beerse
39,Antwerpseweg 195,2023-02-01,01:00:00,0,0,0,FMN GV 10 Beerse
39,Antwerpseweg 195,2023-02-01,02:00:00,0,0,0,FMN GV 10 Beerse
39,Antwerpseweg 195,2023-02-01,03:00:00,0,0,0,FMN GV 10 Beerse
39,Antwerpseweg 195,2023-02-01,04:00:00,3,3,0,FMN GV 10 Beerse
39,Antwerpseweg 195,2023-02-01,05:00:00,8,8,0,FMN GV 10 Beerse
39,Antwerpseweg 195,2023-02-01,06:00:00,11,11,0,FMN GV 10 Beerse
39,Antwerpseweg 195,2023-02-01,07:00:00,43,38,5,FMN GV 10 Beerse
39,Antwerpseweg 195,2023-02-01,08:00:00,18,14,4,FMN GV 10 Beerse
39,Antwerpseweg 195,2023-02-01,09:00:00,10,10,0,FMN GV 10 Beerse
39,Antwerpseweg 195,2023-02-01,10:00:00,12,5,7,FMN GV 10 Beerse
39,Antwerpseweg 195,2023-02-01,11:00:00,5,2,3,FMN GV 10 Beerse
39,Antwerpseweg 195,2023-02-01,12:00:00,34,30,4,FMN GV 10 Beerse
39,Antwerpseweg 195,2023-02-01,13:00:00,22,15,7,FMN GV 10 Beerse
39,Antwerpseweg 195,2023-02-01,14:00:00,11,9,2,FMN GV 10 Beerse
39,Antwerpseweg 195,2023-02-01,15:00:00,17,10,7,FMN GV 10 Beerse
39,Antwerpseweg 195,2023-02-01,16:00:00,21,13,8,FMN GV 10 Beerse
39,Antwerpseweg 195,2023-02-01,17:00:00,16,8,8,FMN GV 10 Beerse
39,Antwerpseweg 195,2023-02-01,18:00:00,12,8,4,FMN GV 10 Beerse
39,Antwerpseweg 195,2023-02-01,19:00:00,11,9,2,FMN GV 10 Beerse
39,Antwerpseweg 195,2023-02-01,20:00:00,1,0,1,FMN GV 10 Beerse
39,Antwerpseweg 195,2023-02-01,21:00:00,5,5,0,FMN GV 10 Beerse
39,Antwerpseweg 195,2023-02-01,22:00:00,9,6,3,FMN GV 10 Beerse
39,Antwerpseweg 195,2023-02-01,23:00:00,0,0,0,FMN GV 10 Beerse
39,Antwerpseweg 195,2023-02-02,00:00:00,0,0,0,FMN GV 10 Beerse
39,Antwerpseweg 195,2023-02-02,01:00:00,1,1,0,FMN GV 10 Beerse
39,Antwerpseweg 195,2023-02-02,02:00:00,1,1,0,FMN GV 10 Beerse
39,Antwerpseweg 195,2023-02-02,03:00:00,0,0,0,FMN GV 10 Beerse
39,Antwerpseweg 195,2023-02-02,04:00:00,3,3,0,FMN GV 10 Beerse
39,Antwerpseweg 195,2023-02-02,05:00:00,7,7,0,FMN GV 10 Beerse
39,Antwerpseweg 195,2023-02-02,06:00:00,8,7,1,FMN GV 10 Beerse
39,Antwerpseweg 195,2023-02-02,07:00:00,45,36,9,FMN GV 10 Beerse
39,Antwerpseweg 195,2023-02-02,08:00:00,12,9,3,FMN GV 10 Beerse
39,Antwerpseweg 195,2023-02-02,09:00:00,7,6,1,FMN GV 10 Beerse
39,Antwerpseweg 195,2023-02-02,10:00:00,11,8,3,FMN GV 10 Beerse
39,Antwerpseweg 195,2023-02-02,11:00:00,6,5,1,FMN GV 10 Beerse
39,Antwerpseweg 195,2023-02-02,12:00:00,16,8,8,FMN GV 10 Beerse
39,Antwerpseweg 195,2023-02-02,13:00:00,21,17,4,FMN GV 10 Beerse
39,Antwerpseweg 195,2023-02-02,14:00:00,18,14,4,FMN GV 10 Beerse
39,Antwerpseweg 195,2023-02-02,15:00:00,16,11,5,FMN GV 10 Beerse
39,Antwerpseweg 195,2023-02-02,16:00:00,50,37,13,FMN GV 10 Beerse
39,Antwerpseweg 195,2023-02-02,17:00:00,18,12,6,FMN GV 10 Beerse
39,Antwerpseweg 195,2023-02-02,18:00:00,9,8,1,FMN GV 10 Beerse
39,Antwerpseweg 195,2023-02-02,19:00:00,3,3,0,FMN GV 10 Beerse
39,Antwerpseweg 195,2023-02-02,20:00:00,6,5,1,FMN GV 10 Beerse
39,Antwerpseweg 195,2023-02-02,21:00:00,3,2,1,FMN GV 10 Beerse
39,Antwerpseweg 195,2023-02-02,22:00:00,10,6,4,FMN GV 10 Beerse
39,Antwerpseweg 195,2023-02-02,23:00:00,0,0,0,FMN GV 10 Beerse
39,Antwerpseweg 195,2023-02-03,00:00:00,1,0,1,FMN GV 10 Beerse
39,Antwerpseweg 195,2023-02-03,01:00:00,1,1,0,FMN GV 10 Beerse
39,Antwerpseweg 195,2023-02-03,02:00:00,0,0,0,FMN GV 10 Beerse
39,Antwerpseweg 195,2023-02-03,03:00:00,0,0,0,FMN GV 10 Beerse
39,Antwerpseweg 195,2023-02-03,04:00:00,5,4,1,FMN GV 10 Beerse
39,Antwerpseweg 195,2023-02-03,05:00:00,7,7,0,FMN GV 10 Beerse
39,Antwerpseweg 195,2023-02-03,06:00:00,10,9,1,FMN GV 10 Beerse
39,Antwerpseweg 195,2023-02-03,07:00:00,39,34,5,FMN GV 10 Beerse
39,Antwerpseweg 195,2023-02-03,08:00:00,20,14,6,FMN GV 10 Beerse
39,Antwerpseweg 195,2023-02-03,09:00:00,8,8,0,FMN GV 10 Beerse
39,Antwerpseweg 195,2023-02-03,10:00:00,11,6,5,FMN GV 10 Beerse
39,Antwerpseweg 195,2023-02-03,11:00:00,18,15,3,FMN GV 10 Beerse
39,Antwerpseweg 195,2023-02-03,12:00:00,18,11,7,FMN GV 10 Beerse
39,Antwerpseweg 195,2023-02-03,13:00:00,19,16,3,FMN GV 10 Beerse
39,Antwerpseweg 195,2023-02-03,14:00:00,16,13,3,FMN GV 10 Beerse
39,Antwerpseweg 195,2023-02-03,15:00:00,31,21,10,FMN GV 10 Beerse
39,Antwerpseweg 195,2023-02-03,16:00:00,32,24,8,FMN GV 10 Beerse
39,Antwerpseweg 195,2023-02-03,17:00:00,18,12,6,FMN GV 10 Beerse
39,Antwerpseweg 195,2023-02-03,18:00:00,10,6,4,FMN GV 10 Beerse
39,Antwerpseweg 195,2023-02-03,19:00:00,5,4,1,FMN GV 10 Beerse
39,Antwerpseweg 195,2023-02-03,20:00:00,7,4,3,FMN GV 10 Beerse
39,Antwerpseweg 195,2023-02-03,21:00:00,4,2,2,FMN GV 10 Beerse
39,Antwerpseweg 195,2023-02-03,22:00:00,10,7,3,FMN GV 10 Beerse
39,Antwerpseweg 195,2023-02-03,23:00:00,1,1,0,FMN GV 10 Beerse
39,Antwerpseweg 195,2023-02-04,00:00:00,0,0,0,FMN GV 10 Beerse
39,Antwerpseweg 195,2023-02-04,01:00:00,0,0,0,FMN GV 10 Beerse
39,Antwerpseweg 195,2023-02-04,02:00:00,0,0,0,FMN GV 10 Beerse
39,Antwerpseweg 195,2023-02-04,03:00:00,1,1,0,FMN GV 10 Beerse
39,Antwerpseweg 195,2023-02-04,04:00:00,0,0,0,FMN GV 10 Beerse
39,Antwerpseweg 195,2023-02-04,05:00:00,4,4,0,FMN GV 10 Beerse
39,Antwerpseweg 195,2023-02-04,06:00:00,0,0,0,FMN GV 10 Beerse
39,Antwerpseweg 195,2023-02-04,07:00:00,3,2,1,FMN GV 10 Beerse
39,Antwerpseweg 195,2023-02-04,08:00:00,4,4,0,FMN GV 10 Beerse
39,Antwerpseweg 195,2023-02-04,09:00:00,5,3,2,FMN GV 10 Beerse
39,Antwerpseweg 195,2023-02-04,10:00:00,4,1,3,FMN GV 10 Beerse
39,Antwerpseweg 195,2023-02-04,11:00:00,2,2,0,FMN GV 10 Beerse
39,Antwerpseweg 195,2023-02-04,12:00:00,8,5,3,FMN GV 10 Beerse
39,Antwerpseweg 195,2023-02-04,13:00:00,9,6,3,FMN GV 10 Beerse
39,Antwerpseweg 195,2023-02-04,14:00:00,7,6,1,FMN GV 10 Beerse
39,Antwerpseweg 195,2023-02-04,15:00:00,10,6,4,FMN GV 10 Beerse
39,Antwerpseweg 195,2023-02-04,16:00:00,7,5,2,FMN GV 10 Beerse
39,Antwerpseweg 195,2023-02-04,17:00:00,0,0,0,FMN GV 10 Beerse
39,Antwerpseweg 195,2023-02-04,18:00:00,3,2,1,FMN GV 10 Beerse
39,Antwerpseweg 195,2023-02-04,19:00:00,6,4,2,FMN GV 10 Beerse
39,Antwerpseweg 195,2023-02-04,20:00:00,1,1,0,FMN GV 10 Beerse
39,Antwerpseweg 195,2023-02-04,21:00:00,2,2,0,FMN GV 10 Beerse
39,Antwerpseweg 195,2023-02-04,22:00:00,6,5,1,FMN GV 10 Beerse
39,Antwerpseweg 195,2023-02-04,23:00:00,1,1,0,FMN GV 10 Beerse
39,Antwerpseweg 195,2023-02-05,00:00:00,3,2,1,FMN GV 10 Beerse
39,Antwerpseweg 195,2023-02-05,01:00:00,2,2,0,FMN GV 10 Beerse
39,Antwerpseweg 195,2023-02-05,02:00:00,6,4,2,FMN GV 10 Beerse
39,Antwerpseweg 195,2023-02-05,03:00:00,3,3,0,FMN GV 10 Beerse
39,Antwerpseweg 195,2023-02-05,04:00:00,0,0,0,FMN GV 10 Beerse
39,Antwerpseweg 195,2023-02-05,05:00:00,1,1,0,FMN GV 10 Beerse
39,Antwerpseweg 195,2023-02-05,06:00:00,0,0,0,FMN GV 10 Beerse
39,Antwerpseweg 195,2023-02-05,07:00:00,2,1,1,FMN GV 10 Beerse
39,Antwerpseweg 195,2023-02-05,08:00:00,1,0,1,FMN GV 10 Beerse
39,Antwerpseweg 195,2023-02-05,09:00:00,6,3,3,FMN GV 10 Beerse
39,Antwerpseweg 195,2023-02-05,10:00:00,19,14,5,FMN GV 10 Beerse
39,Antwerpseweg 195,2023-02-05,11:00:00,13,11,2,FMN GV 10 Beerse
39,Antwerpseweg 195,2023-02-05,12:00:00,20,12,8,FMN GV 10 Beerse
39,Antwerpseweg 195,2023-02-05,13:00:00,19,14,5,FMN GV 10 Beerse
39,Antwerpseweg 195,2023-02-05,14:00:00,15,7,8,FMN GV 10 Beerse
39,Antwerpseweg 195,2023-02-05,15:00:00,13,9,4,FMN GV 10 Beerse
39,Antwerpseweg 195,2023-02-05,16:00:00,6,2,4,FMN GV 10 Beerse
39,Antwerpseweg 195,2023-02-05,17:00:00,10,6,4,FMN GV 10 Beerse
39,Antwerpseweg 195,2023-02-05,18:00:00,3,3,0,FMN GV 10 Beerse
39,Antwerpseweg 195,2023-02-05,19:00:00,1,1,0,FMN GV 10 Beerse
39,Antwerpseweg 195,2023-02-05,20:00:00,5,2,3,FMN GV 10 Beerse
39,Antwerpseweg 195,2023-02-05,21:00:00,1,1,0,FMN GV 10 Beerse
39,Antwerpseweg 195,2023-02-05,22:00:00,4,3,1,FMN GV 10 Beerse
39,Antwerpseweg 195,2023-02-05,23:00:00,0,0,0,FMN GV 10 Beerse
39,Antwerpseweg 195,2023-02-06,00:00:00,0,0,0,FMN GV 10 Beerse
39,Antwerpseweg 195,2023-02-06,01:00:00,0,0,0,FMN GV 10 Beerse
39,Antwerpseweg 195,2023-02-06,02:00:00,1,1,0,FMN GV 10 Beerse
39,Antwerpseweg 195,2023-02-06,03:00:00,2,2,0,FMN GV 10 Beerse
39,Antwerpseweg 195,2023-02-06,04:00:00,3,3,0,FMN GV 10 Beerse
39,Antwerpseweg 195,2023-02-06,05:00:00,12,12,0,FMN GV 10 Beerse
39,Antwerpseweg 195,2023-02-06,06:00:00,11,10,1,FMN GV 10 Beerse
39,Antwerpseweg 195,2023-02-06,07:00:00,45,40,5,FMN GV 10 Beerse
39,Antwerpseweg 195,2023-02-06,08:00:00,23,20,3,FMN GV 10 Beerse
39,Antwerpseweg 195,2023-02-06,09:00:00,5,5,0,FMN GV 10 Beerse
39,Antwerpseweg 195,2023-02-06,10:00:00,5,4,1,FMN GV 10 Beerse
39,Antwerpseweg 195,2023-02-06,11:00:00,9,7,2,FMN GV 10 Beerse
39,Antwerpseweg 195,2023-02-06,12:00:00,17,12,5,FMN GV 10 Beerse
39,Antwerpseweg 195,2023-02-06,13:00:00,34,29,5,FMN GV 10 Beerse
39,Antwerpseweg 195,2023-02-06,14:00:00,38,22,16,FMN GV 10 Beerse
39,Antwerpseweg 195,2023-02-06,15:00:00,33,22,11,FMN GV 10 Beerse
39,Antwerpseweg 195,2023-02-06,16:00:00,48,31,17,FMN GV 10 Beerse
39,Antwerpseweg 195,2023-02-06,17:00:00,29,18,11,FMN GV 10 Beerse
39,Antwerpseweg 195,2023-02-06,18:00:00,18,12,6,FMN GV 10 Beerse
39,Antwerpseweg 195,2023-02-06,19:00:00,2,1,1,FMN GV 10 Beerse
39,Antwerpseweg 195,2023-02-06,20:00:00,10,6,4,FMN GV 10 Beerse
39,Antwerpseweg 195,2023-02-06,21:00:00,3,2,1,FMN GV 10 Beerse
39,Antwerpseweg 195,2023-02-06,22:00:00,5,2,3,FMN GV 10 Beerse
39,Antwerpseweg 195,2023-02-06,23:00:00,2,2,0,FMN GV 10 Beerse
39,Antwerpseweg 195,2023-02-07,00:00:00,0,0,0,FMN GV 10 Beerse
39,Antwerpseweg 195,2023-02-07,01:00:00,0,0,0,FMN GV 10 Beerse
39,Antwerpseweg 195,2023-02-07,02:00:00,0,0,0,FMN GV 10 Beerse
39,Antwerpseweg 195,2023-02-07,03:00:00,0,0,0,FMN GV 10 Beerse
39,Antwerpseweg 195,2023-02-07,04:00:00,3,3,0,FMN GV 10 Beerse
39,Antwerpseweg 195,2023-02-07,05:00:00,11,11,0,FMN GV 10 Beerse
39,Antwerpseweg 195,2023-02-07,06:00:00,6,6,0,FMN GV 10 Beerse
39,Antwerpseweg 195,2023-02-07,07:00:00,38,30,8,FMN GV 10 Beerse
39,Antwerpseweg 195,2023-02-07,08:00:00,24,20,4,FMN GV 10 Beerse
39,Antwerpseweg 195,2023-02-07,09:00:00,10,9,1,FMN GV 10 Beerse
39,Antwerpseweg 195,2023-02-07,10:00:00,7,4,3,FMN GV 10 Beerse
39,Antwerpseweg 195,2023-02-07,11:00:00,13,10,3,FMN GV 10 Beerse
39,Antwerpseweg 195,2023-02-07,12:00:00,14,12,2,FMN GV 10 Beerse
39,Antwerpseweg 195,2023-02-07,13:00:00,45,34,11,FMN GV 10 Beerse
39,Antwerpseweg 195,2023-02-07,14:00:00,34,19,15,FMN GV 10 Beerse
39,Antwerpseweg 195,2023-02-07,15:00:00,36,30,6,FMN GV 10 Beerse
39,Antwerpseweg 195,2023-02-07,16:00:00,49,32,17,FMN GV 10 Beerse
39,Antwerpseweg 195,2023-02-07,17:00:00,33,24,9,FMN GV 10 Beerse
39,Antwerpseweg 195,2023-02-07,18:00:00,15,10,5,FMN GV 10 Beerse
39,Antwerpseweg 195,2023-02-07,19:00:00,4,1,3,FMN GV 10 Beerse
39,Antwerpseweg 195,2023-02-07,20:00:00,6,3,3,FMN GV 10 Beerse
39,Antwerpseweg 195,2023-02-07,21:00:00,3,2,1,FMN GV 10 Beerse
39,Antwerpseweg 195,2023-02-07,22:00:00,4,2,2,FMN GV 10 Beerse
39,Antwerpseweg 195,2023-02-07,23:00:00,0,0,0,FMN GV 10 Beerse
39,Antwerpseweg 195,2023-02-08,00:00:00,0,0,0,FMN GV 10 Beerse
39,Antwerpseweg 195,2023-02-08,01:00:00,0,0,0,FMN GV 10 Beerse
39,Antwerpseweg 195,2023-02-08,02:00:00,0,0,0,FMN GV 10 Beerse
39,Antwerpseweg 195,2023-02-08,03:00:00,0,0,0,FMN GV 10 Beerse
39,Antwerpseweg 195,2023-02-08,04:00:00,3,3,0,FMN GV 10 Beerse
39,Antwerpseweg 195,2023-02-08,05:00:00,6,6,0,FMN GV 10 Beerse
39,Antwerpseweg 195,2023-02-08,06:00:00,4,4,0,FMN GV 10 Beerse
39,Antwerpseweg 195,2023-02-08,07:00:00,38,35,3,FMN GV 10 Beerse
39,Antwerpseweg 195,2023-02-08,08:00:00,8,6,2,FMN GV 10 Beerse
39,Antwerpseweg 195,2023-02-08,09:00:00,7,6,1,FMN GV 10 Beerse
39,Antwerpseweg 195,2023-02-08,10:00:00,4,4,0,FMN GV 10 Beerse
39,Antwerpseweg 195,2023-02-08,11:00:00,8,5,3,FMN GV 10 Beerse
39,Antwerpseweg 195,2023-02-08,12:00:00,40,31,9,FMN GV 10 Beerse
39,Antwerpseweg 195,2023-02-08,13:00:00,21,11,10,FMN GV 10 Beerse
39,Antwerpseweg 195,2023-02-08,14:00:00,24,15,9,FMN GV 10 Beerse
39,Antwerpseweg 195,2023-02-08,15:00:00,20,16,4,FMN GV 10 Beerse
39,Antwerpseweg 195,2023-02-08,16:00:00,27,16,11,FMN GV 10 Beerse
39,Antwerpseweg 195,2023-02-08,17:00:00,21,11,10,FMN GV 10 Beerse
39,Antwerpseweg 195,2023-02-08,18:00:00,14,9,5,FMN GV 10 Beerse
39,Antwerpseweg 195,2023-02-08,19:00:00,2,2,0,FMN GV 10 Beerse
39,Antwerpseweg 195,2023-02-08,20:00:00,3,3,0,FMN GV 10 Beerse
39,Antwerpseweg 195,2023-02-08,21:00:00,2,2,0,FMN GV 10 Beerse
39,Antwerpseweg 195,2023-02-08,22:00:00,2,2,0,FMN GV 10 Beerse
39,Antwerpseweg 195,2023-02-08,23:00:00,1,1,0,FMN GV 10 Beerse
39,Antwerpseweg 195,2023-02-09,00:00:00,0,0,0,FMN GV 10 Beerse
39,Antwerpseweg 195,2023-02-09,01:00:00,0,0,0,FMN GV 10 Beerse
39,Antwerpseweg 195,2023-02-09,02:00:00,1,0,1,FMN GV 10 Beerse
39,Antwerpseweg 195,2023-02-09,03:00:00,0,0,0,FMN GV 10 Beerse
39,Antwerpseweg 195,2023-02-09,04:00:00,2,2,0,FMN GV 10 Beerse
39,Antwerpseweg 195,2023-02-09,05:00:00,4,4,0,FMN GV 10 Beerse
39,Antwerpseweg 195,2023-02-09,06:00:00,8,8,0,FMN GV 10 Beerse
39,Antwerpseweg 195,2023-02-09,07:00:00,41,33,8,FMN GV 10 Beerse
39,Antwerpseweg 195,2023-02-09,08:00:00,21,18,3,FMN GV 10 Beerse
39,Antwerpseweg 195,2023-02-09,09:00:00,4,4,0,FMN GV 10 Beerse
39,Antwerpseweg 195,2023-02-09,10:00:00,2,1,1,FMN GV 10 Beerse
39,Antwerpseweg 195,2023-02-09,11:00:00,6,4,2,FMN GV 10 Beerse
39,Antwerpseweg 195,2023-02-09,12:00:00,13,11,2,FMN GV 10 Beerse
39,Antwerpseweg 195,2023-02-09,13:00:00,22,15,7,FMN GV 10 Beerse
39,Antwerpseweg 195,2023-02-09,14:00:00,23,15,8,FMN GV 10 Beerse
39,Antwerpseweg 195,2023-02-09,15:00:00,29,21,8,FMN GV 10 Beerse
39,Antwerpseweg 195,2023-02-09,16:00:00,61,48,13,FMN GV 10 Beerse
39,Antwerpseweg 195,2023-02-09,17:00:00,18,11,7,FMN GV 10 Beerse
39,Antwerpseweg 195,2023-02-09,18:00:00,8,4,4,FMN GV 10 Beerse
39,Antwerpseweg 195,2023-02-09,19:00:00,0,0,0,FMN GV 10 Beerse
39,Antwerpseweg 195,2023-02-09,20:00:00,5,5,0,FMN GV 10 Beerse
39,Antwerpseweg 195,2023-02-09,21:00:00,3,3,0,FMN GV 10 Beerse
39,Antwerpseweg 195,2023-02-09,22:00:00,2,2,0,FMN GV 10 Beerse
39,Antwerpseweg 195,2023-02-09,23:00:00,0,0,0,FMN GV 10 Beerse
39,Antwerpseweg 195,2023-02-10,00:00:00,0,0,0,FMN GV 10 Beerse
39,Antwerpseweg 195,2023-02-10,01:00:00,0,0,0,FMN GV 10 Beerse
39,Antwerpseweg 195,2023-02-10,02:00:00,0,0,0,FMN GV 10 Beerse
39,Antwerpseweg 195,2023-02-10,03:00:00,0,0,0,FMN GV 10 Beerse
39,Antwerpseweg 195,2023-02-10,04:00:00,2,2,0,FMN GV 10 Beerse
39,Antwerpseweg 195,2023-02-10,05:00:00,9,9,0,FMN GV 10 Beerse
39,Antwerpseweg 195,2023-02-10,06:00:00,6,6,0,FMN GV 10 Beerse
39,Antwerpseweg 195,2023-02-10,07:00:00,37,30,7,FMN GV 10 Beerse
39,Antwerpseweg 195,2023-02-10,08:00:00,19,13,6,FMN GV 10 Beerse
39,Antwerpseweg 195,2023-02-10,09:00:00,11,7,4,FMN GV 10 Beerse
39,Antwerpseweg 195,2023-02-10,10:00:00,11,9,2,FMN GV 10 Beerse
39,Antwerpseweg 195,2023-02-10,11:00:00,15,12,3,FMN GV 10 Beerse
39,Antwerpseweg 195,2023-02-10,12:00:00,15,11,4,FMN GV 10 Beerse
39,Antwerpseweg 195,2023-02-10,13:00:00,26,15,11,FMN GV 10 Beerse
39,Antwerpseweg 195,2023-02-10,14:00:00,34,21,13,FMN GV 10 Beerse
39,Antwerpseweg 195,2023-02-10,15:00:00,40,30,10,FMN GV 10 Beerse
39,Antwerpseweg 195,2023-02-10,16:00:00,40,29,11,FMN GV 10 Beerse
39,Antwerpseweg 195,2023-02-10,17:00:00,19,13,6,FMN GV 10 Beerse
39,Antwerpseweg 195,2023-02-10,18:00:00,15,11,4,FMN GV 10 Beerse
39,Antwerpseweg 195,2023-02-10,19:00:00,2,2,0,FMN GV 10 Beerse
39,Antwerpseweg 195,2023-02-10,20:00:00,4,2,2,FMN GV 10 Beerse
39,Antwerpseweg 195,2023-02-10,21:00:00,10,5,5,FMN GV 10 Beerse
39,Antwerpseweg 195,2023-02-10,22:00:00,10,3,7,FMN GV 10 Beerse
39,Antwerpseweg 195,2023-02-10,23:00:00,8,2,6,FMN GV 10 Beerse
39,Antwerpseweg 195,2023-02-11,00:00:00,1,1,0,FMN GV 10 Beerse
39,Antwerpseweg 195,2023-02-11,01:00:00,3,3,0,FMN GV 10 Beerse
39,Antwerpseweg 195,2023-02-11,02:00:00,2,2,0,FMN GV 10 Beerse
39,Antwerpseweg 195,2023-02-11,03:00:00,1,1,0,FMN GV 10 Beerse
39,Antwerpseweg 195,2023-02-11,04:00:00,2,2,0,FMN GV 10 Beerse
39,Antwerpseweg 195,2023-02-11,05:00:00,4,3,1,FMN GV 10 Beerse
39,Antwerpseweg 195,2023-02-11,06:00:00,1,1,0,FMN GV 10 Beerse
39,Antwerpseweg 195,2023-02-11,07:00:00,1,1,0,FMN GV 10 Beerse
39,Antwerpseweg 195,2023-02-11,08:00:00,3,3,0,FMN GV 10 Beerse
39,Antwerpseweg 195,2023-02-11,09:00:00,6,2,4,FMN GV 10 Beerse
39,Antwerpseweg 195,2023-02-11,10:00:00,6,3,3,FMN GV 10 Beerse
39,Antwerpseweg 195,2023-02-11,11:00:00,5,3,2,FMN GV 10 Beerse
39,Antwerpseweg 195,2023-02-11,12:00:00,15,12,3,FMN GV 10 Beerse
39,Antwerpseweg 195,2023-02-11,13:00:00,17,11,6,FMN GV 10 Beerse
39,Antwerpseweg 195,2023-02-11,14:00:00,10,6,4,FMN GV 10 Beerse
39,Antwerpseweg 195,2023-02-11,15:00:00,13,8,5,FMN GV 10 Beerse
39,Antwerpseweg 195,2023-02-11,16:00:00,12,9,3,FMN GV 10 Beerse
39,Antwerpseweg 195,2023-02-11,17:00:00,5,4,1,FMN GV 10 Beerse
39,Antwerpseweg 195,2023-02-11,18:00:00,7,4,3,FMN GV 10 Beerse
39,Antwerpseweg 195,2023-02-11,19:00:00,7,3,4,FMN GV 10 Beerse
39,Antwerpseweg 195,2023-02-11,20:00:00,0,0,0,FMN GV 10 Beerse
39,Antwerpseweg 195,2023-02-11,21:00:00,5,3,2,FMN GV 10 Beerse
39,Antwerpseweg 195,2023-02-11,22:00:00,3,3,0,FMN GV 10 Beerse
39,Antwerpseweg 195,2023-02-11,23:00:00,4,2,2,FMN GV 10 Beerse
39,Antwerpseweg 195,2023-02-12,00:00:00,3,3,0,FMN GV 10 Beerse
39,Antwerpseweg 195,2023-02-12,01:00:00,4,4,0,FMN GV 10 Beerse
39,Antwerpseweg 195,2023-02-12,02:00:00,5,5,0,FMN GV 10 Beerse
39,Antwerpseweg 195,2023-02-12,03:00:00,0,0,0,FMN GV 10 Beerse
39,Antwerpseweg 195,2023-02-12,04:00:00,0,0,0,FMN GV 10 Beerse
39,Antwerpseweg 195,2023-02-12,05:00:00,0,0,0,FMN GV 10 Beerse
39,Antwerpseweg 195,2023-02-12,06:00:00,0,0,0,FMN GV 10 Beerse
39,Antwerpseweg 195,2023-02-12,07:00:00,5,4,1,FMN GV 10 Beerse
39,Antwerpseweg 195,2023-02-12,08:00:00,4,3,1,FMN GV 10 Beerse
39,Antwerpseweg 195,2023-02-12,09:00:00,17,9,8,FMN GV 10 Beerse
39,Antwerpseweg 195,2023-02-12,10:00:00,29,19,10,FMN GV 10 Beerse
39,Antwerpseweg 195,2023-02-12,11:00:00,18,6,12,FMN GV 10 Beerse
39,Antwerpseweg 195,2023-02-12,12:00:00,23,18,5,FMN GV 10 Beerse
39,Antwerpseweg 195,2023-02-12,13:00:00,14,12,2,FMN GV 10 Beerse
39,Antwerpseweg 195,2023-02-12,14:00:00,21,12,9,FMN GV 10 Beerse
39,Antwerpseweg 195,2023-02-12,15:00:00,10,6,4,FMN GV 10 Beerse
39,Antwerpseweg 195,2023-02-12,16:00:00,12,11,1,FMN GV 10 Beerse
39,Antwerpseweg 195,2023-02-12,17:00:00,12,6,6,FMN GV 10 Beerse
39,Antwerpseweg 195,2023-02-12,18:00:00,9,5,4,FMN GV 10 Beerse
39,Antwerpseweg 195,2023-02-12,19:00:00,5,4,1,FMN GV 10 Beerse
39,Antwerpseweg 195,2023-02-12,20:00:00,3,1,2,FMN GV 10 Beerse
39,Antwerpseweg 195,2023-02-12,21:00:00,5,5,0,FMN GV 10 Beerse
39,Antwerpseweg 195,2023-02-12,22:00:00,1,1,0,FMN GV 10 Beerse
39,Antwerpseweg 195,2023-02-12,23:00:00,2,2,0,FMN GV 10 Beerse
39,Antwerpseweg 195,2023-02-13,00:00:00,2,1,1,FMN GV 10 Beerse
39,Antwerpseweg 195,2023-02-13,01:00:00,0,0,0,FMN GV 10 Beerse
39,Antwerpseweg 195,2023-02-13,02:00:00,1,1,0,FMN GV 10 Beerse
39,Antwerpseweg 195,2023-02-13,03:00:00,0,0,0,FMN GV 10 Beerse
39,Antwerpseweg 195,2023-02-13,04:00:00,3,3,0,FMN GV 10 Beerse
39,Antwerpseweg 195,2023-02-13,05:00:00,10,10,0,FMN GV 10 Beerse
39,Antwerpseweg 195,2023-02-13,06:00:00,13,13,0,FMN GV 10 Beerse
39,Antwerpseweg 195,2023-02-13,07:00:00,61,51,10,FMN GV 10 Beerse
39,Antwerpseweg 195,2023-02-13,08:00:00,24,19,5,FMN GV 10 Beerse
39,Antwerpseweg 195,2023-02-13,09:00:00,10,8,2,FMN GV 10 Beerse
39,Antwerpseweg 195,2023-02-13,10:00:00,7,3,4,FMN GV 10 Beerse
39,Antwerpseweg 195,2023-02-13,11:00:00,11,11,0,FMN GV 10 Beerse
39,Antwerpseweg 195,2023-02-13,12:00:00,11,9,2,FMN GV 10 Beerse
39,Antwerpseweg 195,2023-02-13,13:00:00,56,43,13,FMN GV 10 Beerse
39,Antwerpseweg 195,2023-02-13,14:00:00,21,17,4,FMN GV 10 Beerse
39,Antwerpseweg 195,2023-02-13,15:00:00,29,25,4,FMN GV 10 Beerse
39,Antwerpseweg 195,2023-02-13,16:00:00,64,49,15,FMN GV 10 Beerse
39,Antwerpseweg 195,2023-02-13,17:00:00,29,18,11,FMN GV 10 Beerse
39,Antwerpseweg 195,2023-02-13,18:00:00,19,9,10,FMN GV 10 Beerse
39,Antwerpseweg 195,2023-02-13,19:00:00,7,7,0,FMN GV 10 Beerse
39,Antwerpseweg 195,2023-02-13,20:00:00,4,3,1,FMN GV 10 Beerse
39,Antwerpseweg 195,2023-02-13,21:00:00,5,5,0,FMN GV 10 Beerse
39,Antwerpseweg 195,2023-02-13,22:00:00,13,8,5,FMN GV 10 Beerse
39,Antwerpseweg 195,2023-02-13,23:00:00,1,1,0,FMN GV 10 Beerse
39,Antwerpseweg 195,2023-02-14,00:00:00,0,0,0,FMN GV 10 Beerse
39,Antwerpseweg 195,2023-02-14,01:00:00,0,0,0,FMN GV 10 Beerse
39,Antwerpseweg 195,2023-02-14,02:00:00,0,0,0,FMN GV 10 Beerse
39,Antwerpseweg 195,2023-02-14,03:00:00,0,0,0,FMN GV 10 Beerse
39,Antwerpseweg 195,2023-02-14,04:00:00,2,2,0,FMN GV 10 Beerse
39,Antwerpseweg 195,2023-02-14,05:00:00,7,7,0,FMN GV 10 Beerse
39,Antwerpseweg 195,2023-02-14,06:00:00,11,10,1,FMN GV 10 Beerse
39,Antwerpseweg 195,2023-02-14,07:00:00,53,48,5,FMN GV 10 Beerse
39,Antwerpseweg 195,2023-02-14,08:00:00,28,26,2,FMN GV 10 Beerse
39,Antwerpseweg 195,2023-02-14,09:00:00,8,5,3,FMN GV 10 Beerse
39,Antwerpseweg 195,2023-02-14,10:00:00,2,2,0,FMN GV 10 Beerse
39,Antwerpseweg 195,2023-02-14,11:00:00,19,14,5,FMN GV 10 Beerse
39,Antwerpseweg 195,2023-02-14,12:00:00,18,13,5,FMN GV 10 Beerse
39,Antwerpseweg 195,2023-02-14,13:00:00,56,39,17,FMN GV 10 Beerse
39,Antwerpseweg 195,2023-02-14,14:00:00,31,22,9,FMN GV 10 Beerse
39,Antwerpseweg 195,2023-02-14,15:00:00,53,37,16,FMN GV 10 Beerse
39,Antwerpseweg 195,2023-02-14,16:00:00,70,48,22,FMN GV 10 Beerse
39,Antwerpseweg 195,2023-02-14,17:00:00,38,27,11,FMN GV 10 Beerse
39,Antwerpseweg 195,2023-02-14,18:00:00,23,11,12,FMN GV 10 Beerse
39,Antwerpseweg 195,2023-02-14,19:00:00,5,4,1,FMN GV 10 Beerse
39,Antwerpseweg 195,2023-02-14,20:00:00,6,5,1,FMN GV 10 Beerse
39,Antwerpseweg 195,2023-02-14,21:00:00,4,4,0,FMN GV 10 Beerse
39,Antwerpseweg 195,2023-02-14,22:00:00,11,7,4,FMN GV 10 Beerse
39,Antwerpseweg 195,2023-02-14,23:00:00,0,0,0,FMN GV 10 Beerse
39,Antwerpseweg 195,2023-02-15,00:00:00,0,0,0,FMN GV 10 Beerse
39,Antwerpseweg 195,2023-02-15,01:00:00,0,0,0,FMN GV 10 Beerse
39,Antwerpseweg 195,2023-02-15,02:00:00,1,1,0,FMN GV 10 Beerse
39,Antwerpseweg 195,2023-02-15,03:00:00,0,0,0,FMN GV 10 Beerse
39,Antwerpseweg 195,2023-02-15,04:00:00,1,1,0,FMN GV 10 Beerse
39,Antwerpseweg 195,2023-02-15,05:00:00,8,8,0,FMN GV 10 Beerse
39,Antwerpseweg 195,2023-02-15,06:00:00,12,11,1,FMN GV 10 Beerse
39,Antwerpseweg 195,2023-02-15,07:00:00,53,48,5,FMN GV 10 Beerse
39,Antwerpseweg 195,2023-02-15,08:00:00,23,19,4,FMN GV 10 Beerse
39,Antwerpseweg 195,2023-02-15,09:00:00,14,9,5,FMN GV 10 Beerse
39,Antwerpseweg 195,2023-02-15,10:00:00,6,1,5,FMN GV 10 Beerse
39,Antwerpseweg 195,2023-02-15,11:00:00,14,7,7,FMN GV 10 Beerse
39,Antwerpseweg 195,2023-02-15,12:00:00,54,42,12,FMN GV 10 Beerse
39,Antwerpseweg 195,2023-02-15,13:00:00,54,36,18,FMN GV 10 Beerse
39,Antwerpseweg 195,2023-02-15,14:00:00,45,36,9,FMN GV 10 Beerse
39,Antwerpseweg 195,2023-02-15,15:00:00,21,13,8,FMN GV 10 Beerse
39,Antwerpseweg 195,2023-02-15,16:00:00,41,27,14,FMN GV 10 Beerse
39,Antwerpseweg 195,2023-02-15,17:00:00,30,20,10,FMN GV 10 Beerse
39,Antwerpseweg 195,2023-02-15,18:00:00,16,7,9,FMN GV 10 Beerse
39,Antwerpseweg 195,2023-02-15,19:00:00,8,4,4,FMN GV 10 Beerse
39,Antwerpseweg 195,2023-02-15,20:00:00,8,5,3,FMN GV 10 Beerse
39,Antwerpseweg 195,2023-02-15,21:00:00,4,4,0,FMN GV 10 Beerse
39,Antwerpseweg 195,2023-02-15,22:00:00,12,9,3,FMN GV 10 Beerse
39,Antwerpseweg 195,2023-02-15,23:00:00,0,0,0,FMN GV 10 Beerse
39,Antwerpseweg 195,2023-02-16,00:00:00,0,0,0,FMN GV 10 Beerse
39,Antwerpseweg 195,2023-02-16,01:00:00,1,0,1,FMN GV 10 Beerse
39,Antwerpseweg 195,2023-02-16,02:00:00,0,0,0,FMN GV 10 Beerse
39,Antwerpseweg 195,2023-02-16,03:00:00,0,0,0,FMN GV 10 Beerse
39,Antwerpseweg 195,2023-02-16,04:00:00,2,2,0,FMN GV 10 Beerse
39,Antwerpseweg 195,2023-02-16,05:00:00,9,9,0,FMN GV 10 Beerse
39,Antwerpseweg 195,2023-02-16,06:00:00,10,8,2,FMN GV 10 Beerse
39,Antwerpseweg 195,2023-02-16,07:00:00,60,50,10,FMN GV 10 Beerse
39,Antwerpseweg 195,2023-02-16,08:00:00,23,20,3,FMN GV 10 Beerse
39,Antwerpseweg 195,2023-02-16,09:00:00,10,7,3,FMN GV 10 Beerse
39,Antwerpseweg 195,2023-02-16,10:00:00,3,2,1,FMN GV 10 Beerse
39,Antwerpseweg 195,2023-02-16,11:00:00,6,4,2,FMN GV 10 Beerse
39,Antwerpseweg 195,2023-02-16,12:00:00,10,8,2,FMN GV 10 Beerse
39,Antwerpseweg 195,2023-02-16,13:00:00,21,17,4,FMN GV 10 Beerse
39,Antwerpseweg 195,2023-02-16,14:00:00,24,17,7,FMN GV 10 Beerse
39,Antwerpseweg 195,2023-02-16,15:00:00,32,26,6,FMN GV 10 Beerse
39,Antwerpseweg 195,2023-02-16,16:00:00,54,38,16,FMN GV 10 Beerse
39,Antwerpseweg 195,2023-02-16,17:00:00,25,18,7,FMN GV 10 Beerse
39,Antwerpseweg 195,2023-02-16,18:00:00,11,9,2,FMN GV 10 Beerse
39,Antwerpseweg 195,2023-02-16,19:00:00,2,1,1,FMN GV 10 Beerse
39,Antwerpseweg 195,2023-02-16,20:00:00,3,2,1,FMN GV 10 Beerse
39,Antwerpseweg 195,2023-02-16,21:00:00,4,3,1,FMN GV 10 Beerse
39,Antwerpseweg 195,2023-02-16,22:00:00,6,5,1,FMN GV 10 Beerse
39,Antwerpseweg 195,2023-02-16,23:00:00,0,0,0,FMN GV 10 Beerse
39,Antwerpseweg 195,2023-02-17,00:00:00,0,0,0,FMN GV 10 Beerse
39,Antwerpseweg 195,2023-02-17,01:00:00,0,0,0,FMN GV 10 Beerse
39,Antwerpseweg 195,2023-02-17,02:00:00,0,0,0,FMN GV 10 Beerse
39,Antwerpseweg 195,2023-02-17,03:00:00,1,1,0,FMN GV 10 Beerse
39,Antwerpseweg 195,2023-02-17,04:00:00,4,4,0,FMN GV 10 Beerse
39,Antwerpseweg 195,2023-02-17,05:00:00,7,7,0,FMN GV 10 Beerse
39,Antwerpseweg 195,2023-02-17,06:00:00,8,8,0,FMN GV 10 Beerse
39,Antwerpseweg 195,2023-02-17,07:00:00,46,38,8,FMN GV 10 Beerse
39,Antwerpseweg 195,2023-02-17,08:00:00,18,17,1,FMN GV 10 Beerse
39,Antwerpseweg 195,2023-02-17,09:00:00,7,4,3,FMN GV 10 Beerse
39,Antwerpseweg 195,2023-02-17,10:00:00,8,5,3,FMN GV 10 Beerse
39,Antwerpseweg 195,2023-02-17,11:00:00,13,7,6,FMN GV 10 Beerse
39,Antwerpseweg 195,2023-02-17,12:00:00,12,8,4,FMN GV 10 Beerse
39,Antwerpseweg 195,2023-02-17,13:00:00,22,14,8,FMN GV 10 Beerse
39,Antwerpseweg 195,2023-02-17,14:00:00,22,18,4,FMN GV 10 Beerse
39,Antwerpseweg 195,2023-02-17,15:00:00,29,24,5,FMN GV 10 Beerse
39,Antwerpseweg 195,2023-02-17,16:00:00,22,14,8,FMN GV 10 Beerse
39,Antwerpseweg 195,2023-02-17,17:00:00,28,16,12,FMN GV 10 Beerse
39,Antwerpseweg 195,2023-02-17,18:00:00,9,8,1,FMN GV 10 Beerse
39,Antwerpseweg 195,2023-02-17,19:00:00,5,4,1,FMN GV 10 Beerse
39,Antwerpseweg 195,2023-02-17,20:00:00,9,4,5,FMN GV 10 Beerse
39,Antwerpseweg 195,2023-02-17,21:00:00,5,4,1,FMN GV 10 Beerse
39,Antwerpseweg 195,2023-02-17,22:00:00,6,2,4,FMN GV 10 Beerse
39,Antwerpseweg 195,2023-02-17,23:00:00,3,2,1,FMN GV 10 Beerse
39,Antwerpseweg 195,2023-02-18,00:00:00,0,0,0,FMN GV 10 Beerse
39,Antwerpseweg 195,2023-02-18,01:00:00,0,0,0,FMN GV 10 Beerse
39,Antwerpseweg 195,2023-02-18,02:00:00,0,0,0,FMN GV 10 Beerse
39,Antwerpseweg 195,2023-02-18,03:00:00,3,2,1,FMN GV 10 Beerse
39,Antwerpseweg 195,2023-02-18,04:00:00,1,1,0,FMN GV 10 Beerse
39,Antwerpseweg 195,2023-02-18,05:00:00,0,0,0,FMN GV 10 Beerse
39,Antwerpseweg 195,2023-02-18,06:00:00,2,2,0,FMN GV 10 Beerse
39,Antwerpseweg 195,2023-02-18,07:00:00,3,3,0,FMN GV 10 Beerse
39,Antwerpseweg 195,2023-02-18,08:00:00,4,3,1,FMN GV 10 Beerse
39,Antwerpseweg 195,2023-02-18,09:00:00,3,2,1,FMN GV 10 Beerse
39,Antwerpseweg 195,2023-02-18,10:00:00,3,1,2,FMN GV 10 Beerse
39,Antwerpseweg 195,2023-02-18,11:00:00,8,5,3,FMN GV 10 Beerse
39,Antwerpseweg 195,2023-02-18,12:00:00,7,6,1,FMN GV 10 Beerse
39,Antwerpseweg 195,2023-02-18,13:00:00,17,8,9,FMN GV 10 Beerse
39,Antwerpseweg 195,2023-02-18,14:00:00,14,9,5,FMN GV 10 Beerse
39,Antwerpseweg 195,2023-02-18,15:00:00,8,4,4,FMN GV 10 Beerse
39,Antwerpseweg 195,2023-02-18,16:00:00,8,4,4,FMN GV 10 Beerse
39,Antwerpseweg 195,2023-02-18,17:00:00,5,4,1,FMN GV 10 Beerse
39,Antwerpseweg 195,2023-02-18,18:00:00,6,5,1,FMN GV 10 Beerse
39,Antwerpseweg 195,2023-02-18,19:00:00,5,5,0,FMN GV 10 Beerse
39,Antwerpseweg 195,2023-02-18,20:00:00,3,1,2,FMN GV 10 Beerse
39,Antwerpseweg 195,2023-02-18,21:00:00,4,4,0,FMN GV 10 Beerse
39,Antwerpseweg 195,2023-02-18,22:00:00,3,2,1,FMN GV 10 Beerse
39,Antwerpseweg 195,2023-02-18,23:00:00,1,0,1,FMN GV 10 Beerse
39,Antwerpseweg 195,2023-02-19,00:00:00,0,0,0,FMN GV 10 Beerse
39,Antwerpseweg 195,2023-02-19,01:00:00,2,2,0,FMN GV 10 Beerse
39,Antwerpseweg 195,2023-02-19,02:00:00,1,0,1,FMN GV 10 Beerse
39,Antwerpseweg 195,2023-02-19,03:00:00,1,0,1,FMN GV 10 Beerse
39,Antwerpseweg 195,2023-02-19,04:00:00,0,0,0,FMN GV 10 Beerse
39,Antwerpseweg 195,2023-02-19,05:00:00,1,1,0,FMN GV 10 Beerse
39,Antwerpseweg 195,2023-02-19,06:00:00,2,2,0,FMN GV 10 Beerse
39,Antwerpseweg 195,2023-02-19,07:00:00,1,0,1,FMN GV 10 Beerse
39,Antwerpseweg 195,2023-02-19,08:00:00,9,6,3,FMN GV 10 Beerse
39,Antwerpseweg 195,2023-02-19,09:00:00,6,4,2,FMN GV 10 Beerse
39,Antwerpseweg 195,2023-02-19,10:00:00,19,9,10,FMN GV 10 Beerse
39,Antwerpseweg 195,2023-02-19,11:00:00,15,9,6,FMN GV 10 Beerse
39,Antwerpseweg 195,2023-02-19,12:00:00,9,8,1,FMN GV 10 Beerse
39,Antwerpseweg 195,2023-02-19,13:00:00,25,16,9,FMN GV 10 Beerse
39,Antwerpseweg 195,2023-02-19,14:00:00,26,18,8,FMN GV 10 Beerse
39,Antwerpseweg 195,2023-02-19,15:00:00,9,6,3,FMN GV 10 Beerse
39,Antwerpseweg 195,2023-02-19,16:00:00,9,7,2,FMN GV 10 Beerse
39,Antwerpseweg 195,2023-02-19,17:00:00,11,7,4,FMN GV 10 Beerse
39,Antwerpseweg 195,2023-02-19,18:00:00,3,2,1,FMN GV 10 Beerse
39,Antwerpseweg 195,2023-02-19,19:00:00,0,0,0,FMN GV 10 Beerse
39,Antwerpseweg 195,2023-02-19,20:00:00,3,2,1,FMN GV 10 Beerse
39,Antwerpseweg 195,2023-02-19,21:00:00,2,2,0,FMN GV 10 Beerse
39,Antwerpseweg 195,2023-02-19,22:00:00,2,2,0,FMN GV 10 Beerse
39,Antwerpseweg 195,2023-02-19,23:00:00,2,1,1,FMN GV 10 Beerse
39,Antwerpseweg 195,2023-02-20,00:00:00,0,0,0,FMN GV 10 Beerse
39,Antwerpseweg 195,2023-02-20,01:00:00,0,0,0,FMN GV 10 Beerse
39,Antwerpseweg 195,2023-02-20,02:00:00,0,0,0,FMN GV 10 Beerse
39,Antwerpseweg 195,2023-02-20,03:00:00,0,0,0,FMN GV 10 Beerse
39,Antwerpseweg 195,2023-02-20,04:00:00,2,2,0,FMN GV 10 Beerse
39,Antwerpseweg 195,2023-02-20,05:00:00,17,17,0,FMN GV 10 Beerse
39,Antwerpseweg 195,2023-02-20,06:00:00,12,12,0,FMN GV 10 Beerse
39,Antwerpseweg 195,2023-02-20,07:00:00,42,37,5,FMN GV 10 Beerse
39,Antwerpseweg 195,2023-02-20,08:00:00,19,17,2,FMN GV 10 Beerse
39,Antwerpseweg 195,2023-02-20,09:00:00,9,7,2,FMN GV 10 Beerse
39,Antwerpseweg 195,2023-02-20,10:00:00,11,5,6,FMN GV 10 Beerse
39,Antwerpseweg 195,2023-02-20,11:00:00,6,6,0,FMN GV 10 Beerse
39,Antwerpseweg 195,2023-02-20,12:00:00,14,8,6,FMN GV 10 Beerse
39,Antwerpseweg 195,2023-02-20,13:00:00,22,14,8,FMN GV 10 Beerse
39,Antwerpseweg 195,2023-02-20,14:00:00,17,9,8,FMN GV 10 Beerse
39,Antwerpseweg 195,2023-02-20,15:00:00,11,7,4,FMN GV 10 Beerse
39,Antwerpseweg 195,2023-02-20,16:00:00,33,24,9,FMN GV 10 Beerse
39,Antwerpseweg 195,2023-02-20,17:00:00,22,13,9,FMN GV 10 Beerse
39,Antwerpseweg 195,2023-02-20,18:00:00,8,4,4,FMN GV 10 Beerse
39,Antwerpseweg 195,2023-02-20,19:00:00,7,6,1,FMN GV 10 Beerse
39,Antwerpseweg 195,2023-02-20,20:00:00,5,3,2,FMN GV 10 Beerse
39,Antwerpseweg 195,2023-02-20,21:00:00,3,3,0,FMN GV 10 Beerse
39,Antwerpseweg 195,2023-02-20,22:00:00,3,2,1,FMN GV 10 Beerse
39,Antwerpseweg 195,2023-02-20,23:00:00,0,0,0,FMN GV 10 Beerse
39,Antwerpseweg 195,2023-02-21,00:00:00,0,0,0,FMN GV 10 Beerse
39,Antwerpseweg 195,2023-02-21,01:00:00,0,0,0,FMN GV 10 Beerse
39,Antwerpseweg 195,2023-02-21,02:00:00,1,1,0,FMN GV 10 Beerse
39,Antwerpseweg 195,2023-02-21,03:00:00,0,0,0,FMN GV 10 Beerse
39,Antwerpseweg 195,2023-02-21,04:00:00,3,3,0,FMN GV 10 Beerse
39,Antwerpseweg 195,2023-02-21,05:00:00,16,16,0,FMN GV 10 Beerse
39,Antwerpseweg 195,2023-02-21,06:00:00,8,8,0,FMN GV 10 Beerse
39,Antwerpseweg 195,2023-02-21,07:00:00,39,34,5,FMN GV 10 Beerse
39,Antwerpseweg 195,2023-02-21,08:00:00,20,19,1,FMN GV 10 Beerse
39,Antwerpseweg 195,2023-02-21,09:00:00,5,4,1,FMN GV 10 Beerse
39,Antwerpseweg 195,2023-02-21,10:00:00,3,2,1,FMN GV 10 Beerse
39,Antwerpseweg 195,2023-02-21,11:00:00,2,2,0,FMN GV 10 Beerse
39,Antwerpseweg 195,2023-02-21,12:00:00,20,13,7,FMN GV 10 Beerse
39,Antwerpseweg 195,2023-02-21,13:00:00,27,16,11,FMN GV 10 Beerse
39,Antwerpseweg 195,2023-02-21,14:00:00,21,17,4,FMN GV 10 Beerse
39,Antwerpseweg 195,2023-02-21,15:00:00,27,21,6,FMN GV 10 Beerse
39,Antwerpseweg 195,2023-02-21,16:00:00,29,20,9,FMN GV 10 Beerse
39,Antwerpseweg 195,2023-02-21,17:00:00,24,14,10,FMN GV 10 Beerse
39,Antwerpseweg 195,2023-02-21,18:00:00,11,7,4,FMN GV 10 Beerse
39,Antwerpseweg 195,2023-02-21,19:00:00,3,3,0,FMN GV 10 Beerse
39,Antwerpseweg 195,2023-02-21,20:00:00,3,3,0,FMN GV 10 Beerse
39,Antwerpseweg 195,2023-02-21,21:00:00,4,4,0,FMN GV 10 Beerse
39,Antwerpseweg 195,2023-02-21,22:00:00,2,0,2,FMN GV 10 Beerse
39,Antwerpseweg 195,2023-02-21,23:00:00,3,2,1,FMN GV 10 Beerse
39,Antwerpseweg 195,2023-02-22,00:00:00,0,0,0,FMN GV 10 Beerse
39,Antwerpseweg 195,2023-02-22,01:00:00,0,0,0,FMN GV 10 Beerse
39,Antwerpseweg 195,2023-02-22,02:00:00,1,1,0,FMN GV 10 Beerse
39,Antwerpseweg 195,2023-02-22,03:00:00,0,0,0,FMN GV 10 Beerse
39,Antwerpseweg 195,2023-02-22,04:00:00,1,1,0,FMN GV 10 Beerse
39,Antwerpseweg 195,2023-02-22,05:00:00,18,18,0,FMN GV 10 Beerse
39,Antwerpseweg 195,2023-02-22,06:00:00,8,8,0,FMN GV 10 Beerse
39,Antwerpseweg 195,2023-02-22,07:00:00,32,30,2,FMN GV 10 Beerse
39,Antwerpseweg 195,2023-02-22,08:00:00,16,15,1,FMN GV 10 Beerse
39,Antwerpseweg 195,2023-02-22,09:00:00,5,5,0,FMN GV 10 Beerse
39,Antwerpseweg 195,2023-02-22,10:00:00,7,4,3,FMN GV 10 Beerse
39,Antwerpseweg 195,2023-02-22,11:00:00,11,10,1,FMN GV 10 Beerse
39,Antwerpseweg 195,2023-02-22,12:00:00,8,5,3,FMN GV 10 Beerse
39,Antwerpseweg 195,2023-02-22,13:00:00,20,15,5,FMN GV 10 Beerse
39,Antwerpseweg 195,2023-02-22,14:00:00,18,8,10,FMN GV 10 Beerse
39,Antwerpseweg 195,2023-02-22,15:00:00,17,11,6,FMN GV 10 Beerse
39,Antwerpseweg 195,2023-02-22,16:00:00,28,19,9,FMN GV 10 Beerse
39,Antwerpseweg 195,2023-02-22,17:00:00,12,8,4,FMN GV 10 Beerse
39,Antwerpseweg 195,2023-02-22,18:00:00,14,6,8,FMN GV 10 Beerse
39,Antwerpseweg 195,2023-02-22,19:00:00,4,4,0,FMN GV 10 Beerse
39,Antwerpseweg 195,2023-02-22,20:00:00,2,2,0,FMN GV 10 Beerse
39,Antwerpseweg 195,2023-02-22,21:00:00,3,3,0,FMN GV 10 Beerse
39,Antwerpseweg 195,2023-02-22,22:00:00,3,2,1,FMN GV 10 Beerse
39,Antwerpseweg 195,2023-02-22,23:00:00,2,1,1,FMN GV 10 Beerse
39,Antwerpseweg 195,2023-02-23,00:00:00,0,0,0,FMN GV 10 Beerse
39,Antwerpseweg 195,2023-02-23,01:00:00,0,0,0,FMN GV 10 Beerse
39,Antwerpseweg 195,2023-02-23,02:00:00,0,0,0,FMN GV 10 Beerse
39,Antwerpseweg 195,2023-02-23,03:00:00,0,0,0,FMN GV 10 Beerse
39,Antwerpseweg 195,2023-02-23,04:00:00,0,0,0,FMN GV 10 Beerse
39,Antwerpseweg 195,2023-02-23,05:00:00,16,16,0,FMN GV 10 Beerse
39,Antwerpseweg 195,2023-02-23,06:00:00,10,10,0,FMN GV 10 Beerse
39,Antwerpseweg 195,2023-02-23,07:00:00,35,30,5,FMN GV 10 Beerse
39,Antwerpseweg 195,2023-02-23,08:00:00,13,11,2,FMN GV 10 Beerse
39,Antwerpseweg 195,2023-02-23,09:00:00,8,5,3,FMN GV 10 Beerse
39,Antwerpseweg 195,2023-02-23,10:00:00,5,4,1,FMN GV 10 Beerse
39,Antwerpseweg 195,2023-02-23,11:00:00,11,8,3,FMN GV 10 Beerse
39,Antwerpseweg 195,2023-02-23,12:00:00,13,9,4,FMN GV 10 Beerse
39,Antwerpseweg 195,2023-02-23,13:00:00,15,9,6,FMN GV 10 Beerse
39,Antwerpseweg 195,2023-02-23,14:00:00,18,11,7,FMN GV 10 Beerse
39,Antwerpseweg 195,2023-02-23,15:00:00,13,10,3,FMN GV 10 Beerse
39,Antwerpseweg 195,2023-02-23,16:00:00,25,18,7,FMN GV 10 Beerse
39,Antwerpseweg 195,2023-02-23,17:00:00,22,11,11,FMN GV 10 Beerse
39,Antwerpseweg 195,2023-02-23,18:00:00,12,11,1,FMN GV 10 Beerse
39,Antwerpseweg 195,2023-02-23,19:00:00,6,5,1,FMN GV 10 Beerse
39,Antwerpseweg 195,2023-02-23,20:00:00,3,2,1,FMN GV 10 Beerse
39,Antwerpseweg 195,2023-02-23,21:00:00,1,0,1,FMN GV 10 Beerse
39,Antwerpseweg 195,2023-02-23,22:00:00,8,5,3,FMN GV 10 Beerse
39,Antwerpseweg 195,2023-02-23,23:00:00,1,0,1,FMN GV 10 Beerse
39,Antwerpseweg 195,2023-02-24,00:00:00,1,1,0,FMN GV 10 Beerse
39,Antwerpseweg 195,2023-02-24,01:00:00,0,0,0,FMN GV 10 Beerse
39,Antwerpseweg 195,2023-02-24,02:00:00,0,0,0,FMN GV 10 Beerse
39,Antwerpseweg 195,2023-02-24,03:00:00,0,0,0,FMN GV 10 Beerse
39,Antwerpseweg 195,2023-02-24,04:00:00,2,2,0,FMN GV 10 Beerse
39,Antwerpseweg 195,2023-02-24,05:00:00,13,13,0,FMN GV 10 Beerse
39,Antwerpseweg 195,2023-02-24,06:00:00,8,8,0,FMN GV 10 Beerse
39,Antwerpseweg 195,2023-02-24,07:00:00,24,18,6,FMN GV 10 Beerse
39,Antwerpseweg 195,2023-02-24,08:00:00,13,10,3,FMN GV 10 Beerse
39,Antwerpseweg 195,2023-02-24,09:00:00,5,4,1,FMN GV 10 Beerse
39,Antwerpseweg 195,2023-02-24,10:00:00,11,10,1,FMN GV 10 Beerse
39,Antwerpseweg 195,2023-02-24,11:00:00,13,8,5,FMN GV 10 Beerse
39,Antwerpseweg 195,2023-02-24,12:00:00,12,7,5,FMN GV 10 Beerse
39,Antwerpseweg 195,2023-02-24,13:00:00,15,11,4,FMN GV 10 Beerse
39,Antwerpseweg 195,2023-02-24,14:00:00,23,14,9,FMN GV 10 Beerse
39,Antwerpseweg 195,2023-02-24,15:00:00,14,9,5,FMN GV 10 Beerse
39,Antwerpseweg 195,2023-02-24,16:00:00,10,7,3,FMN GV 10 Beerse
39,Antwerpseweg 195,2023-02-24,17:00:00,15,4,11,FMN GV 10 Beerse
39,Antwerpseweg 195,2023-02-24,18:00:00,8,5,3,FMN GV 10 Beerse
39,Antwerpseweg 195,2023-02-24,19:00:00,3,3,0,FMN GV 10 Beerse
39,Antwerpseweg 195,2023-02-24,20:00:00,5,4,1,FMN GV 10 Beerse
39,Antwerpseweg 195,2023-02-24,21:00:00,4,3,1,FMN GV 10 Beerse
39,Antwerpseweg 195,2023-02-24,22:00:00,0,0,0,FMN GV 10 Beerse
39,Antwerpseweg 195,2023-02-24,23:00:00,1,0,1,FMN GV 10 Beerse
39,Antwerpseweg 195,2023-02-25,00:00:00,1,1,0,FMN GV 10 Beerse
39,Antwerpseweg 195,2023-02-25,01:00:00,0,0,0,FMN GV 10 Beerse
39,Antwerpseweg 195,2023-02-25,02:00:00,0,0,0,FMN GV 10 Beerse
39,Antwerpseweg 195,2023-02-25,03:00:00,2,2,0,FMN GV 10 Beerse
39,Antwerpseweg 195,2023-02-25,04:00:00,1,1,0,FMN GV 10 Beerse
39,Antwerpseweg 195,2023-02-25,05:00:00,0,0,0,FMN GV 10 Beerse
39,Antwerpseweg 195,2023-02-25,06:00:00,2,2,0,FMN GV 10 Beerse
39,Antwerpseweg 195,2023-02-25,07:00:00,2,1,1,FMN GV 10 Beerse
39,Antwerpseweg 195,2023-02-25,08:00:00,5,4,1,FMN GV 10 Beerse
39,Antwerpseweg 195,2023-02-25,09:00:00,12,5,7,FMN GV 10 Beerse
39,Antwerpseweg 195,2023-02-25,10:00:00,8,7,1,FMN GV 10 Beerse
39,Antwerpseweg 195,2023-02-25,11:00:00,15,9,6,FMN GV 10 Beerse
39,Antwerpseweg 195,2023-02-25,12:00:00,8,7,1,FMN GV 10 Beerse
39,Antwerpseweg 195,2023-02-25,13:00:00,10,1,9,FMN GV 10 Beerse
39,Antwerpseweg 195,2023-02-25,14:00:00,14,8,6,FMN GV 10 Beerse
39,Antwerpseweg 195,2023-02-25,15:00:00,7,7,0,FMN GV 10 Beerse
39,Antwerpseweg 195,2023-02-25,16:00:00,12,9,3,FMN GV 10 Beerse
39,Antwerpseweg 195,2023-02-25,17:00:00,14,8,6,FMN GV 10 Beerse
39,Antwerpseweg 195,2023-02-25,18:00:00,2,2,0,FMN GV 10 Beerse
39,Antwerpseweg 195,2023-02-25,19:00:00,4,3,1,FMN GV 10 Beerse
39,Antwerpseweg 195,2023-02-25,20:00:00,1,1,0,FMN GV 10 Beerse
39,Antwerpseweg 195,2023-02-25,21:00:00,3,2,1,FMN GV 10 Beerse
39,Antwerpseweg 195,2023-02-25,22:00:00,7,6,1,FMN GV 10 Beerse
39,Antwerpseweg 195,2023-02-25,23:00:00,0,0,0,FMN GV 10 Beerse
39,Antwerpseweg 195,2023-02-26,00:00:00,2,0,2,FMN GV 10 Beerse
39,Antwerpseweg 195,2023-02-26,01:00:00,4,4,0,FMN GV 10 Beerse
39,Antwerpseweg 195,2023-02-26,02:00:00,0,0,0,FMN GV 10 Beerse
39,Antwerpseweg 195,2023-02-26,03:00:00,1,1,0,FMN GV 10 Beerse
39,Antwerpseweg 195,2023-02-26,04:00:00,1,1,0,FMN GV 10 Beerse
39,Antwerpseweg 195,2023-02-26,05:00:00,1,1,0,FMN GV 10 Beerse
39,Antwerpseweg 195,2023-02-26,06:00:00,0,0,0,FMN GV 10 Beerse
39,Antwerpseweg 195,2023-02-26,07:00:00,0,0,0,FMN GV 10 Beerse
39,Antwerpseweg 195,2023-02-26,08:00:00,4,2,2,FMN GV 10 Beerse
39,Antwerpseweg 195,2023-02-26,09:00:00,5,5,0,FMN GV 10 Beerse
39,Antwerpseweg 195,2023-02-26,10:00:00,16,9,7,FMN GV 10 Beerse
39,Antwerpseweg 195,2023-02-26,11:00:00,25,5,20,FMN GV 10 Beerse
39,Antwerpseweg 195,2023-02-26,12:00:00,12,7,5,FMN GV 10 Beerse
39,Antwerpseweg 195,2023-02-26,13:00:00,16,8,8,FMN GV 10 Beerse
39,Antwerpseweg 195,2023-02-26,14:00:00,12,8,4,FMN GV 10 Beerse
39,Antwerpseweg 195,2023-02-26,15:00:00,14,8,6,FMN GV 10 Beerse
39,Antwerpseweg 195,2023-02-26,16:00:00,9,5,4,FMN GV 10 Beerse
39,Antwerpseweg 195,2023-02-26,17:00:00,10,7,3,FMN GV 10 Beerse
39,Antwerpseweg 195,2023-02-26,18:00:00,5,4,1,FMN GV 10 Beerse
39,Antwerpseweg 195,2023-02-26,19:00:00,6,4,2,FMN GV 10 Beerse
39,Antwerpseweg 195,2023-02-26,20:00:00,2,2,0,FMN GV 10 Beerse
39,Antwerpseweg 195,2023-02-26,21:00:00,5,5,0,FMN GV 10 Beerse
39,Antwerpseweg 195,2023-02-26,22:00:00,4,4,0,FMN GV 10 Beerse
39,Antwerpseweg 195,2023-02-26,23:00:00,2,2,0,FMN GV 10 Beerse
39,Antwerpseweg 195,2023-02-27,00:00:00,0,0,0,FMN GV 10 Beerse
39,Antwerpseweg 195,2023-02-27,01:00:00,0,0,0,FMN GV 10 Beerse
39,Antwerpseweg 195,2023-02-27,02:00:00,0,0,0,FMN GV 10 Beerse
39,Antwerpseweg 195,2023-02-27,03:00:00,0,0,0,FMN GV 10 Beerse
39,Antwerpseweg 195,2023-02-27,04:00:00,2,2,0,FMN GV 10 Beerse
39,Antwerpseweg 195,2023-02-27,05:00:00,13,13,0,FMN GV 10 Beerse
39,Antwerpseweg 195,2023-02-27,06:00:00,6,5,1,FMN GV 10 Beerse
39,Antwerpseweg 195,2023-02-27,07:00:00,41,36,5,FMN GV 10 Beerse
39,Antwerpseweg 195,2023-02-27,08:00:00,21,16,5,FMN GV 10 Beerse
39,Antwerpseweg 195,2023-02-27,09:00:00,11,9,2,FMN GV 10 Beerse
39,Antwerpseweg 195,2023-02-27,10:00:00,6,4,2,FMN GV 10 Beerse
39,Antwerpseweg 195,2023-02-27,11:00:00,9,9,0,FMN GV 10 Beerse
39,Antwerpseweg 195,2023-02-27,12:00:00,11,6,5,FMN GV 10 Beerse
39,Antwerpseweg 195,2023-02-27,13:00:00,33,26,7,FMN GV 10 Beerse
39,Antwerpseweg 195,2023-02-27,14:00:00,26,19,7,FMN GV 10 Beerse
39,Antwerpseweg 195,2023-02-27,15:00:00,26,20,6,FMN GV 10 Beerse
39,Antwerpseweg 195,2023-02-27,16:00:00,65,47,18,FMN GV 10 Beerse
39,Antwerpseweg 195,2023-02-27,17:00:00,34,19,15,FMN GV 10 Beerse
39,Antwerpseweg 195,2023-02-27,18:00:00,15,7,8,FMN GV 10 Beerse
39,Antwerpseweg 195,2023-02-27,19:00:00,5,5,0,FMN GV 10 Beerse
39,Antwerpseweg 195,2023-02-27,20:00:00,1,1,0,FMN GV 10 Beerse
39,Antwerpseweg 195,2023-02-27,21:00:00,1,1,0,FMN GV 10 Beerse
39,Antwerpseweg 195,2023-02-27,22:00:00,7,3,4,FMN GV 10 Beerse
39,Antwerpseweg 195,2023-02-27,23:00:00,0,0,0,FMN GV 10 Beerse
39,Antwerpseweg 195,2023-02-28,00:00:00,0,0,0,FMN GV 10 Beerse
39,Antwerpseweg 195,2023-02-28,01:00:00,0,0,0,FMN GV 10 Beerse
39,Antwerpseweg 195,2023-02-28,02:00:00,1,1,0,FMN GV 10 Beerse
39,Antwerpseweg 195,2023-02-28,03:00:00,0,0,0,FMN GV 10 Beerse
39,Antwerpseweg 195,2023-02-28,04:00:00,2,2,0,FMN GV 10 Beerse
39,Antwerpseweg 195,2023-02-28,05:00:00,10,10,0,FMN GV 10 Beerse
39,Antwerpseweg 195,2023-02-28,06:00:00,10,9,1,FMN GV 10 Beerse
39,Antwerpseweg 195,2023-02-28,07:00:00,48,41,7,FMN GV 10 Beerse
39,Antwerpseweg 195,2023-02-28,08:00:00,30,24,6,FMN GV 10 Beerse
39,Antwerpseweg 195,2023-02-28,09:00:00,13,10,3,FMN GV 10 Beerse
39,Antwerpseweg 195,2023-02-28,10:00:00,7,6,1,FMN GV 10 Beerse
39,Antwerpseweg 195,2023-02-28,11:00:00,5,4,1,FMN GV 10 Beerse
39,Antwerpseweg 195,2023-02-28,12:00:00,17,9,8,FMN GV 10 Beerse
39,Antwerpseweg 195,2023-02-28,13:00:00,28,21,7,FMN GV 10 Beerse
39,Antwerpseweg 195,2023-02-28,14:00:00,9,5,4,FMN GV 10 Beerse
39,Antwerpseweg 195,2023-02-28,15:00:00,38,24,14,FMN GV 10 Beerse
39,Antwerpseweg 195,2023-02-28,16:00:00,71,50,21,FMN GV 10 Beerse
39,Antwerpseweg 195,2023-02-28,17:00:00,48,28,20,FMN GV 10 Beerse
39,Antwerpseweg 195,2023-02-28,18:00:00,17,8,9,FMN GV 10 Beerse
39,Antwerpseweg 195,2023-02-28,19:00:00,2,2,0,FMN GV 10 Beerse
39,Antwerpseweg 195,2023-02-28,20:00:00,3,3,0,FMN GV 10 Beerse
39,Antwerpseweg 195,2023-02-28,21:00:00,6,4,2,FMN GV 10 Beerse
39,Antwerpseweg 195,2023-02-28,22:00:00,7,4,3,FMN GV 10 Beerse
39,Antwerpseweg 195,2023-02-28,23:00:00,0,0,0,FMN GV 10 Beerse
39,Antwerpseweg 195,2023-03-01,00:00:00,0,0,0,FMN GV 10 Beerse
39,Antwerpseweg 195,2023-03-01,01:00:00,1,1,0,FMN GV 10 Beerse
39,Antwerpseweg 195,2023-03-01,02:00:00,1,1,0,FMN GV 10 Beerse
39,Antwerpseweg 195,2023-03-01,03:00:00,0,0,0,FMN GV 10 Beerse
39,Antwerpseweg 195,2023-03-01,04:00:00,2,2,0,FMN GV 10 Beerse
39,Antwerpseweg 195,2023-03-01,05:00:00,7,7,0,FMN GV 10 Beerse
39,Antwerpseweg 195,2023-03-01,06:00:00,5,5,0,FMN GV 10 Beerse
39,Antwerpseweg 195,2023-03-01,07:00:00,55,47,8,FMN GV 10 Beerse
39,Antwerpseweg 195,2023-03-01,08:00:00,24,20,4,FMN GV 10 Beerse
39,Antwerpseweg 195,2023-03-01,09:00:00,10,9,1,FMN GV 10 Beerse
39,Antwerpseweg 195,2023-03-01,10:00:00,6,4,2,FMN GV 10 Beerse
39,Antwerpseweg 195,2023-03-01,11:00:00,17,11,6,FMN GV 10 Beerse
39,Antwerpseweg 195,2023-03-01,12:00:00,42,33,9,FMN GV 10 Beerse
39,Antwerpseweg 195,2023-03-01,13:00:00,33,29,4,FMN GV 10 Beerse
39,Antwerpseweg 195,2023-03-01,14:00:00,26,16,10,FMN GV 10 Beerse
39,Antwerpseweg 195,2023-03-01,15:00:00,24,9,15,FMN GV 10 Beerse
39,Antwerpseweg 195,2023-03-01,16:00:00,28,15,13,FMN GV 10 Beerse
39,Antwerpseweg 195,2023-03-01,17:00:00,30,18,12,FMN GV 10 Beerse
39,Antwerpseweg 195,2023-03-01,18:00:00,18,15,3,FMN GV 10 Beerse
39,Antwerpseweg 195,2023-03-01,19:00:00,2,1,1,FMN GV 10 Beerse
39,Antwerpseweg 195,2023-03-01,20:00:00,6,5,1,FMN GV 10 Beerse
39,Antwerpseweg 195,2023-03-01,21:00:00,3,2,1,FMN GV 10 Beerse
39,Antwerpseweg 195,2023-03-01,22:00:00,9,5,4,FMN GV 10 Beerse
39,Antwerpseweg 195,2023-03-01,23:00:00,0,0,0,FMN GV 10 Beerse
39,Antwerpseweg 195,2023-03-02,00:00:00,0,0,0,FMN GV 10 Beerse
39,Antwerpseweg 195,2023-03-02,01:00:00,0,0,0,FMN GV 10 Beerse
39,Antwerpseweg 195,2023-03-02,02:00:00,0,0,0,FMN GV 10 Beerse
39,Antwerpseweg 195,2023-03-02,03:00:00,2,2,0,FMN GV 10 Beerse
39,Antwerpseweg 195,2023-03-02,04:00:00,2,2,0,FMN GV 10 Beerse
39,Antwerpseweg 195,2023-03-02,05:00:00,9,9,0,FMN GV 10 Beerse
39,Antwerpseweg 195,2023-03-02,06:00:00,13,10,3,FMN GV 10 Beerse
39,Antwerpseweg 195,2023-03-02,07:00:00,52,41,11,FMN GV 10 Beerse
39,Antwerpseweg 195,2023-03-02,08:00:00,27,21,6,FMN GV 10 Beerse
39,Antwerpseweg 195,2023-03-02,09:00:00,10,8,2,FMN GV 10 Beerse
39,Antwerpseweg 195,2023-03-02,10:00:00,11,9,2,FMN GV 10 Beerse
39,Antwerpseweg 195,2023-03-02,11:00:00,9,7,2,FMN GV 10 Beerse
39,Antwerpseweg 195,2023-03-02,12:00:00,17,14,3,FMN GV 10 Beerse
39,Antwerpseweg 195,2023-03-02,13:00:00,40,36,4,FMN GV 10 Beerse
39,Antwerpseweg 195,2023-03-02,14:00:00,32,19,13,FMN GV 10 Beerse
39,Antwerpseweg 195,2023-03-02,15:00:00,48,30,18,FMN GV 10 Beerse
39,Antwerpseweg 195,2023-03-02,16:00:00,50,36,14,FMN GV 10 Beerse
39,Antwerpseweg 195,2023-03-02,17:00:00,29,20,9,FMN GV 10 Beerse
39,Antwerpseweg 195,2023-03-02,18:00:00,15,9,6,FMN GV 10 Beerse
39,Antwerpseweg 195,2023-03-02,19:00:00,7,7,0,FMN GV 10 Beerse
39,Antwerpseweg 195,2023-03-02,20:00:00,6,3,3,FMN GV 10 Beerse
39,Antwerpseweg 195,2023-03-02,21:00:00,5,3,2,FMN GV 10 Beerse
39,Antwerpseweg 195,2023-03-02,22:00:00,5,2,3,FMN GV 10 Beerse
39,Antwerpseweg 195,2023-03-02,23:00:00,1,1,0,FMN GV 10 Beerse
39,Antwerpseweg 195,2023-03-03,00:00:00,0,0,0,FMN GV 10 Beerse
39,Antwerpseweg 195,2023-03-03,01:00:00,1,0,1,FMN GV 10 Beerse
39,Antwerpseweg 195,2023-03-03,02:00:00,0,0,0,FMN GV 10 Beerse
39,Antwerpseweg 195,2023-03-03,03:00:00,0,0,0,FMN GV 10 Beerse
39,Antwerpseweg 195,2023-03-03,04:00:00,1,1,0,FMN GV 10 Beerse
39,Antwerpseweg 195,2023-03-03,05:00:00,8,8,0,FMN GV 10 Beerse
39,Antwerpseweg 195,2023-03-03,06:00:00,7,7,0,FMN GV 10 Beerse
39,Antwerpseweg 195,2023-03-03,07:00:00,56,43,13,FMN GV 10 Beerse
39,Antwerpseweg 195,2023-03-03,08:00:00,25,19,6,FMN GV 10 Beerse
39,Antwerpseweg 195,2023-03-03,09:00:00,6,5,1,FMN GV 10 Beerse
39,Antwerpseweg 195,2023-03-03,10:00:00,13,10,3,FMN GV 10 Beerse
39,Antwerpseweg 195,2023-03-03,11:00:00,10,7,3,FMN GV 10 Beerse
39,Antwerpseweg 195,2023-03-03,12:00:00,18,14,4,FMN GV 10 Beerse
39,Antwerpseweg 195,2023-03-03,13:00:00,18,16,2,FMN GV 10 Beerse
39,Antwerpseweg 195,2023-03-03,14:00:00,14,5,9,FMN GV 10 Beerse
39,Antwerpseweg 195,2023-03-03,15:00:00,37,31,6,FMN GV 10 Beerse
39,Antwerpseweg 195,2023-03-03,16:00:00,55,38,17,FMN GV 10 Beerse
39,Antwerpseweg 195,2023-03-03,17:00:00,26,19,7,FMN GV 10 Beerse
39,Antwerpseweg 195,2023-03-03,18:00:00,9,4,5,FMN GV 10 Beerse
39,Antwerpseweg 195,2023-03-03,19:00:00,3,2,1,FMN GV 10 Beerse
39,Antwerpseweg 195,2023-03-03,20:00:00,7,6,1,FMN GV 10 Beerse
39,Antwerpseweg 195,2023-03-03,21:00:00,2,2,0,FMN GV 10 Beerse
39,Antwerpseweg 195,2023-03-03,22:00:00,7,3,4,FMN GV 10 Beerse
39,Antwerpseweg 195,2023-03-03,23:00:00,3,1,2,FMN GV 10 Beerse
39,Antwerpseweg 195,2023-03-04,00:00:00,1,1,0,FMN GV 10 Beerse
39,Antwerpseweg 195,2023-03-04,01:00:00,4,3,1,FMN GV 10 Beerse
39,Antwerpseweg 195,2023-03-04,02:00:00,2,1,1,FMN GV 10 Beerse
39,Antwerpseweg 195,2023-03-04,03:00:00,0,0,0,FMN GV 10 Beerse
39,Antwerpseweg 195,2023-03-04,04:00:00,1,1,0,FMN GV 10 Beerse
39,Antwerpseweg 195,2023-03-04,05:00:00,2,2,0,FMN GV 10 Beerse
39,Antwerpseweg 195,2023-03-04,06:00:00,0,0,0,FMN GV 10 Beerse
39,Antwerpseweg 195,2023-03-04,07:00:00,2,1,1,FMN GV 10 Beerse
39,Antwerpseweg 195,2023-03-04,08:00:00,6,6,0,FMN GV 10 Beerse
39,Antwerpseweg 195,2023-03-04,09:00:00,6,4,2,FMN GV 10 Beerse
39,Antwerpseweg 195,2023-03-04,10:00:00,11,7,4,FMN GV 10 Beerse
39,Antwerpseweg 195,2023-03-04,11:00:00,19,4,15,FMN GV 10 Beerse
39,Antwerpseweg 195,2023-03-04,12:00:00,10,7,3,FMN GV 10 Beerse
39,Antwerpseweg 195,2023-03-04,13:00:00,10,9,1,FMN GV 10 Beerse
39,Antwerpseweg 195,2023-03-04,14:00:00,12,10,2,FMN GV 10 Beerse
39,Antwerpseweg 195,2023-03-04,15:00:00,6,6,0,FMN GV 10 Beerse
39,Antwerpseweg 195,2023-03-04,16:00:00,4,2,2,FMN GV 10 Beerse
39,Antwerpseweg 195,2023-03-04,17:00:00,5,5,0,FMN GV 10 Beerse
39,Antwerpseweg 195,2023-03-04,18:00:00,3,1,2,FMN GV 10 Beerse
39,Antwerpseweg 195,2023-03-04,19:00:00,3,1,2,FMN GV 10 Beerse
39,Antwerpseweg 195,2023-03-04,20:00:00,2,1,1,FMN GV 10 Beerse
39,Antwerpseweg 195,2023-03-04,21:00:00,2,0,2,FMN GV 10 Beerse
39,Antwerpseweg 195,2023-03-04,22:00:00,3,1,2,FMN GV 10 Beerse
39,Antwerpseweg 195,2023-03-04,23:00:00,1,0,1,FMN GV 10 Beerse
39,Antwerpseweg 195,2023-03-05,00:00:00,3,0,3,FMN GV 10 Beerse
39,Antwerpseweg 195,2023-03-05,01:00:00,6,6,0,FMN GV 10 Beerse
39,Antwerpseweg 195,2023-03-05,02:00:00,0,0,0,FMN GV 10 Beerse
39,Antwerpseweg 195,2023-03-05,03:00:00,5,5,0,FMN GV 10 Beerse
39,Antwerpseweg 195,2023-03-05,04:00:00,2,2,0,FMN GV 10 Beerse
39,Antwerpseweg 195,2023-03-05,05:00:00,2,2,0,FMN GV 10 Beerse
39,Antwerpseweg 195,2023-03-05,06:00:00,1,1,0,FMN GV 10 Beerse
39,Antwerpseweg 195,2023-03-05,07:00:00,2,1,1,FMN GV 10 Beerse
39,Antwerpseweg 195,2023-03-05,08:00:00,2,1,1,FMN GV 10 Beerse
39,Antwerpseweg 195,2023-03-05,09:00:00,11,5,6,FMN GV 10 Beerse
39,Antwerpseweg 195,2023-03-05,10:00:00,2,1,1,FMN GV 10 Beerse
39,Antwerpseweg 195,2023-03-05,11:00:00,6,3,3,FMN GV 10 Beerse
39,Antwerpseweg 195,2023-03-05,12:00:00,7,5,2,FMN GV 10 Beerse
39,Antwerpseweg 195,2023-03-05,13:00:00,7,3,4,FMN GV 10 Beerse
39,Antwerpseweg 195,2023-03-05,14:00:00,9,9,0,FMN GV 10 Beerse
39,Antwerpseweg 195,2023-03-05,15:00:00,6,4,2,FMN GV 10 Beerse
39,Antwerpseweg 195,2023-03-05,16:00:00,6,4,2,FMN GV 10 Beerse
39,Antwerpseweg 195,2023-03-05,17:00:00,7,6,1,FMN GV 10 Beerse
39,Antwerpseweg 195,2023-03-05,18:00:00,4,4,0,FMN GV 10 Beerse
39,Antwerpseweg 195,2023-03-05,19:00:00,4,4,0,FMN GV 10 Beerse
39,Antwerpseweg 195,2023-03-05,20:00:00,6,5,1,FMN GV 10 Beerse
39,Antwerpseweg 195,2023-03-05,21:00:00,1,1,0,FMN GV 10 Beerse
39,Antwerpseweg 195,2023-03-05,22:00:00,3,3,0,FMN GV 10 Beerse
39,Antwerpseweg 195,2023-03-05,23:00:00,1,1,0,FMN GV 10 Beerse
39,Antwerpseweg 195,2023-03-06,00:00:00,0,0,0,FMN GV 10 Beerse
39,Antwerpseweg 195,2023-03-06,01:00:00,0,0,0,FMN GV 10 Beerse
39,Antwerpseweg 195,2023-03-06,02:00:00,0,0,0,FMN GV 10 Beerse
39,Antwerpseweg 195,2023-03-06,03:00:00,0,0,0,FMN GV 10 Beerse
39,Antwerpseweg 195,2023-03-06,04:00:00,1,1,0,FMN GV 10 Beerse
39,Antwerpseweg 195,2023-03-06,05:00:00,15,15,0,FMN GV 10 Beerse
39,Antwerpseweg 195,2023-03-06,06:00:00,4,2,2,FMN GV 10 Beerse
39,Antwerpseweg 195,2023-03-06,07:00:00,46,40,6,FMN GV 10 Beerse
39,Antwerpseweg 195,2023-03-06,08:00:00,17,17,0,FMN GV 10 Beerse
39,Antwerpseweg 195,2023-03-06,09:00:00,5,5,0,FMN GV 10 Beerse
39,Antwerpseweg 195,2023-03-06,10:00:00,1,0,1,FMN GV 10 Beerse
39,Antwerpseweg 195,2023-03-06,11:00:00,5,4,1,FMN GV 10 Beerse
39,Antwerpseweg 195,2023-03-06,12:00:00,6,4,2,FMN GV 10 Beerse
39,Antwerpseweg 195,2023-03-06,13:00:00,25,18,7,FMN GV 10 Beerse
39,Antwerpseweg 195,2023-03-06,14:00:00,18,12,6,FMN GV 10 Beerse
39,Antwerpseweg 195,2023-03-06,15:00:00,25,21,4,FMN GV 10 Beerse
39,Antwerpseweg 195,2023-03-06,16:00:00,46,34,12,FMN GV 10 Beerse
39,Antwerpseweg 195,2023-03-06,17:00:00,30,18,12,FMN GV 10 Beerse
39,Antwerpseweg 195,2023-03-06,18:00:00,13,8,5,FMN GV 10 Beerse
39,Antwerpseweg 195,2023-03-06,19:00:00,4,3,1,FMN GV 10 Beerse
39,Antwerpseweg 195,2023-03-06,20:00:00,3,1,2,FMN GV 10 Beerse
39,Antwerpseweg 195,2023-03-06,21:00:00,2,2,0,FMN GV 10 Beerse
39,Antwerpseweg 195,2023-03-06,22:00:00,3,1,2,FMN GV 10 Beerse
39,Antwerpseweg 195,2023-03-06,23:00:00,0,0,0,FMN GV 10 Beerse
39,Antwerpseweg 195,2023-03-07,00:00:00,1,1,0,FMN GV 10 Beerse
39,Antwerpseweg 195,2023-03-07,01:00:00,0,0,0,FMN GV 10 Beerse
39,Antwerpseweg 195,2023-03-07,02:00:00,0,0,0,FMN GV 10 Beerse
39,Antwerpseweg 195,2023-03-07,03:00:00,0,0,0,FMN GV 10 Beerse
39,Antwerpseweg 195,2023-03-07,04:00:00,0,0,0,FMN GV 10 Beerse
39,Antwerpseweg 195,2023-03-07,05:00:00,12,12,0,FMN GV 10 Beerse
39,Antwerpseweg 195,2023-03-07,06:00:00,7,7,0,FMN GV 10 Beerse
39,Antwerpseweg 195,2023-03-07,07:00:00,28,25,3,FMN GV 10 Beerse
39,Antwerpseweg 195,2023-03-07,08:00:00,12,10,2,FMN GV 10 Beerse
39,Antwerpseweg 195,2023-03-07,09:00:00,4,4,0,FMN GV 10 Beerse
39,Antwerpseweg 195,2023-03-07,10:00:00,0,0,0,FMN GV 10 Beerse
39,Antwerpseweg 195,2023-03-07,11:00:00,2,2,0,FMN GV 10 Beerse
39,Antwerpseweg 195,2023-03-07,12:00:00,6,4,2,FMN GV 10 Beerse
39,Antwerpseweg 195,2023-03-07,13:00:00,12,8,4,FMN GV 10 Beerse
39,Antwerpseweg 195,2023-03-07,14:00:00,8,5,3,FMN GV 10 Beerse
39,Antwerpseweg 195,2023-03-07,15:00:00,13,10,3,FMN GV 10 Beerse
39,Antwerpseweg 195,2023-03-07,16:00:00,28,22,6,FMN GV 10 Beerse
39,Antwerpseweg 195,2023-03-07,17:00:00,16,8,8,FMN GV 10 Beerse
39,Antwerpseweg 195,2023-03-07,18:00:00,5,3,2,FMN GV 10 Beerse
39,Antwerpseweg 195,2023-03-07,19:00:00,1,1,0,FMN GV 10 Beerse
39,Antwerpseweg 195,2023-03-07,20:00:00,1,0,1,FMN GV 10 Beerse
39,Antwerpseweg 195,2023-03-07,21:00:00,3,2,1,FMN GV 10 Beerse
39,Antwerpseweg 195,2023-03-07,22:00:00,2,2,0,FMN GV 10 Beerse
39,Antwerpseweg 195,2023-03-07,23:00:00,0,0,0,FMN GV 10 Beerse
39,Antwerpseweg 195,2023-03-08,00:00:00,0,0,0,FMN GV 10 Beerse
39,Antwerpseweg 195,2023-03-08,01:00:00,0,0,0,FMN GV 10 Beerse
39,Antwerpseweg 195,2023-03-08,02:00:00,0,0,0,FMN GV 10 Beerse
39,Antwerpseweg 195,2023-03-08,03:00:00,0,0,0,FMN GV 10 Beerse
39,Antwerpseweg 195,2023-03-08,04:00:00,2,2,0,FMN GV 10 Beerse
39,Antwerpseweg 195,2023-03-08,05:00:00,9,9,0,FMN GV 10 Beerse
39,Antwerpseweg 195,2023-03-08,06:00:00,4,4,0,FMN GV 10 Beerse
39,Antwerpseweg 195,2023-03-08,07:00:00,17,15,2,FMN GV 10 Beerse
39,Antwerpseweg 195,2023-03-08,08:00:00,3,3,0,FMN GV 10 Beerse
39,Antwerpseweg 195,2023-03-08,09:00:00,2,2,0,FMN GV 10 Beerse
39,Antwerpseweg 195,2023-03-08,10:00:00,0,0,0,FMN GV 10 Beerse
39,Antwerpseweg 195,2023-03-08,11:00:00,2,1,1,FMN GV 10 Beerse
39,Antwerpseweg 195,2023-03-08,12:00:00,9,9,0,FMN GV 10 Beerse
39,Antwerpseweg 195,2023-03-08,13:00:00,10,7,3,FMN GV 10 Beerse
39,Antwerpseweg 195,2023-03-08,14:00:00,9,6,3,FMN GV 10 Beerse
39,Antwerpseweg 195,2023-03-08,15:00:00,5,3,2,FMN GV 10 Beerse
39,Antwerpseweg 195,2023-03-08,16:00:00,6,4,2,FMN GV 10 Beerse
39,Antwerpseweg 195,2023-03-08,17:00:00,5,3,2,FMN GV 10 Beerse
39,Antwerpseweg 195,2023-03-08,18:00:00,6,4,2,FMN GV 10 Beerse
39,Antwerpseweg 195,2023-03-08,19:00:00,2,1,1,FMN GV 10 Beerse
39,Antwerpseweg 195,2023-03-08,20:00:00,1,0,1,FMN GV 10 Beerse
39,Antwerpseweg 195,2023-03-08,21:00:00,1,1,0,FMN GV 10 Beerse
39,Antwerpseweg 195,2023-03-08,22:00:00,2,2,0,FMN GV 10 Beerse
39,Antwerpseweg 195,2023-03-08,23:00:00,0,0,0,FMN GV 10 Beerse
39,Antwerpseweg 195,2023-03-09,00:00:00,0,0,0,FMN GV 10 Beerse
39,Antwerpseweg 195,2023-03-09,01:00:00,0,0,0,FMN GV 10 Beerse
39,Antwerpseweg 195,2023-03-09,02:00:00,0,0,0,FMN GV 10 Beerse
39,Antwerpseweg 195,2023-03-09,03:00:00,0,0,0,FMN GV 10 Beerse
39,Antwerpseweg 195,2023-03-09,04:00:00,0,0,0,FMN GV 10 Beerse
39,Antwerpseweg 195,2023-03-09,05:00:00,12,12,0,FMN GV 10 Beerse
39,Antwerpseweg 195,2023-03-09,06:00:00,9,7,2,FMN GV 10 Beerse
39,Antwerpseweg 195,2023-03-09,07:00:00,35,28,7,FMN GV 10 Beerse
39,Antwerpseweg 195,2023-03-09,08:00:00,12,10,2,FMN GV 10 Beerse
39,Antwerpseweg 195,2023-03-09,09:00:00,10,7,3,FMN GV 10 Beerse
39,Antwerpseweg 195,2023-03-09,10:00:00,4,3,1,FMN GV 10 Beerse
39,Antwerpseweg 195,2023-03-09,11:00:00,5,3,2,FMN GV 10 Beerse
39,Antwerpseweg 195,2023-03-09,12:00:00,8,6,2,FMN GV 10 Beerse
39,Antwerpseweg 195,2023-03-09,13:00:00,8,4,4,FMN GV 10 Beerse
39,Antwerpseweg 195,2023-03-09,14:00:00,17,9,8,FMN GV 10 Beerse
39,Antwerpseweg 195,2023-03-09,15:00:00,15,12,3,FMN GV 10 Beerse
39,Antwerpseweg 195,2023-03-09,16:00:00,28,22,6,FMN GV 10 Beerse
39,Antwerpseweg 195,2023-03-09,17:00:00,14,8,6,FMN GV 10 Beerse
39,Antwerpseweg 195,2023-03-09,18:00:00,9,8,1,FMN GV 10 Beerse
39,Antwerpseweg 195,2023-03-09,19:00:00,5,2,3,FMN GV 10 Beerse
39,Antwerpseweg 195,2023-03-09,20:00:00,1,0,1,FMN GV 10 Beerse
39,Antwerpseweg 195,2023-03-09,21:00:00,2,1,1,FMN GV 10 Beerse
39,Antwerpseweg 195,2023-03-09,22:00:00,4,4,0,FMN GV 10 Beerse
39,Antwerpseweg 195,2023-03-09,23:00:00,0,0,0,FMN GV 10 Beerse
39,Antwerpseweg 195,2023-03-10,00:00:00,0,0,0,FMN GV 10 Beerse
39,Antwerpseweg 195,2023-03-10,01:00:00,0,0,0,FMN GV 10 Beerse
39,Antwerpseweg 195,2023-03-10,02:00:00,2,1,1,FMN GV 10 Beerse
39,Antwerpseweg 195,2023-03-10,03:00:00,0,0,0,FMN GV 10 Beerse
39,Antwerpseweg 195,2023-03-10,04:00:00,0,0,0,FMN GV 10 Beerse
39,Antwerpseweg 195,2023-03-10,05:00:00,9,9,0,FMN GV 10 Beerse
39,Antwerpseweg 195,2023-03-10,06:00:00,7,7,0,FMN GV 10 Beerse
39,Antwerpseweg 195,2023-03-10,07:00:00,24,16,8,FMN GV 10 Beerse
39,Antwerpseweg 195,2023-03-10,08:00:00,16,14,2,FMN GV 10 Beerse
39,Antwerpseweg 195,2023-03-10,09:00:00,3,1,2,FMN GV 10 Beerse
39,Antwerpseweg 195,2023-03-10,10:00:00,3,3,0,FMN GV 10 Beerse
39,Antwerpseweg 195,2023-03-10,11:00:00,5,4,1,FMN GV 10 Beerse
39,Antwerpseweg 195,2023-03-10,12:00:00,9,6,3,FMN GV 10 Beerse
39,Antwerpseweg 195,2023-03-10,13:00:00,8,5,3,FMN GV 10 Beerse
39,Antwerpseweg 195,2023-03-10,14:00:00,11,10,1,FMN GV 10 Beerse
39,Antwerpseweg 195,2023-03-10,15:00:00,31,26,5,FMN GV 10 Beerse
39,Antwerpseweg 195,2023-03-10,16:00:00,20,15,5,FMN GV 10 Beerse
39,Antwerpseweg 195,2023-03-10,17:00:00,9,2,7,FMN GV 10 Beerse
39,Antwerpseweg 195,2023-03-10,18:00:00,7,7,0,FMN GV 10 Beerse
39,Antwerpseweg 195,2023-03-10,19:00:00,3,2,1,FMN GV 10 Beerse
39,Antwerpseweg 195,2023-03-10,20:00:00,3,2,1,FMN GV 10 Beerse
39,Antwerpseweg 195,2023-03-10,21:00:00,2,2,0,FMN GV 10 Beerse
39,Antwerpseweg 195,2023-03-10,22:00:00,4,4,0,FMN GV 10 Beerse
39,Antwerpseweg 195,2023-03-10,23:00:00,3,2,1,FMN GV 10 Beerse
39,Antwerpseweg 195,2023-03-11,00:00:00,1,1,0,FMN GV 10 Beerse
39,Antwerpseweg 195,2023-03-11,01:00:00,0,0,0,FMN GV 10 Beerse
39,Antwerpseweg 195,2023-03-11,02:00:00,0,0,0,FMN GV 10 Beerse
39,Antwerpseweg 195,2023-03-11,03:00:00,0,0,0,FMN GV 10 Beerse
39,Antwerpseweg 195,2023-03-11,04:00:00,0,0,0,FMN GV 10 Beerse
39,Antwerpseweg 195,2023-03-11,05:00:00,3,3,0,FMN GV 10 Beerse
39,Antwerpseweg 195,2023-03-11,06:00:00,0,0,0,FMN GV 10 Beerse
39,Antwerpseweg 195,2023-03-11,07:00:00,0,0,0,FMN GV 10 Beerse
39,Antwerpseweg 195,2023-03-11,08:00:00,4,4,0,FMN GV 10 Beerse
39,Antwerpseweg 195,2023-03-11,09:00:00,6,3,3,FMN GV 10 Beerse
39,Antwerpseweg 195,2023-03-11,10:00:00,7,4,3,FMN GV 10 Beerse
39,Antwerpseweg 195,2023-03-11,11:00:00,14,10,4,FMN GV 10 Beerse
39,Antwerpseweg 195,2023-03-11,12:00:00,7,4,3,FMN GV 10 Beerse
39,Antwerpseweg 195,2023-03-11,13:00:00,31,16,15,FMN GV 10 Beerse
39,Antwerpseweg 195,2023-03-11,14:00:00,23,14,9,FMN GV 10 Beerse
39,Antwerpseweg 195,2023-03-11,15:00:00,18,12,6,FMN GV 10 Beerse
39,Antwerpseweg 195,2023-03-11,16:00:00,18,8,10,FMN GV 10 Beerse
39,Antwerpseweg 195,2023-03-11,17:00:00,3,2,1,FMN GV 10 Beerse
39,Antwerpseweg 195,2023-03-11,18:00:00,7,5,2,FMN GV 10 Beerse
39,Antwerpseweg 195,2023-03-11,19:00:00,2,2,0,FMN GV 10 Beerse
39,Antwerpseweg 195,2023-03-11,20:00:00,5,4,1,FMN GV 10 Beerse
39,Antwerpseweg 195,2023-03-11,21:00:00,1,1,0,FMN GV 10 Beerse
39,Antwerpseweg 195,2023-03-11,22:00:00,2,2,0,FMN GV 10 Beerse
39,Antwerpseweg 195,2023-03-11,23:00:00,3,3,0,FMN GV 10 Beerse
39,Antwerpseweg 195,2023-03-12,00:00:00,1,1,0,FMN GV 10 Beerse
39,Antwerpseweg 195,2023-03-12,01:00:00,1,1,0,FMN GV 10 Beerse
39,Antwerpseweg 195,2023-03-12,02:00:00,2,2,0,FMN GV 10 Beerse
39,Antwerpseweg 195,2023-03-12,03:00:00,2,2,0,FMN GV 10 Beerse
39,Antwerpseweg 195,2023-03-12,04:00:00,0,0,0,FMN GV 10 Beerse
39,Antwerpseweg 195,2023-03-12,05:00:00,2,2,0,FMN GV 10 Beerse
39,Antwerpseweg 195,2023-03-12,06:00:00,0,0,0,FMN GV 10 Beerse
39,Antwerpseweg 195,2023-03-12,07:00:00,0,0,0,FMN GV 10 Beerse
39,Antwerpseweg 195,2023-03-12,08:00:00,10,7,3,FMN GV 10 Beerse
39,Antwerpseweg 195,2023-03-12,09:00:00,8,2,6,FMN GV 10 Beerse
39,Antwerpseweg 195,2023-03-12,10:00:00,9,4,5,FMN GV 10 Beerse
39,Antwerpseweg 195,2023-03-12,11:00:00,8,7,1,FMN GV 10 Beerse
39,Antwerpseweg 195,2023-03-12,12:00:00,7,6,1,FMN GV 10 Beerse
39,Antwerpseweg 195,2023-03-12,13:00:00,6,6,0,FMN GV 10 Beerse
39,Antwerpseweg 195,2023-03-12,14:00:00,21,9,12,FMN GV 10 Beerse
39,Antwerpseweg 195,2023-03-12,15:00:00,14,8,6,FMN GV 10 Beerse
39,Antwerpseweg 195,2023-03-12,16:00:00,11,7,4,FMN GV 10 Beerse
39,Antwerpseweg 195,2023-03-12,17:00:00,11,8,3,FMN GV 10 Beerse
39,Antwerpseweg 195,2023-03-12,18:00:00,8,5,3,FMN GV 10 Beerse
39,Antwerpseweg 195,2023-03-12,19:00:00,1,0,1,FMN GV 10 Beerse
39,Antwerpseweg 195,2023-03-12,20:00:00,3,3,0,FMN GV 10 Beerse
39,Antwerpseweg 195,2023-03-12,21:00:00,3,3,0,FMN GV 10 Beerse
39,Antwerpseweg 195,2023-03-12,22:00:00,2,2,0,FMN GV 10 Beerse
39,Antwerpseweg 195,2023-03-12,23:00:00,0,0,0,FMN GV 10 Beerse
39,Antwerpseweg 195,2023-03-13,00:00:00,0,0,0,FMN GV 10 Beerse
39,Antwerpseweg 195,2023-03-13,01:00:00,0,0,0,FMN GV 10 Beerse
39,Antwerpseweg 195,2023-03-13,02:00:00,0,0,0,FMN GV 10 Beerse
39,Antwerpseweg 195,2023-03-13,03:00:00,0,0,0,FMN GV 10 Beerse
39,Antwerpseweg 195,2023-03-13,04:00:00,0,0,0,FMN GV 10 Beerse
39,Antwerpseweg 195,2023-03-13,05:00:00,11,11,0,FMN GV 10 Beerse
39,Antwerpseweg 195,2023-03-13,06:00:00,8,8,0,FMN GV 10 Beerse
39,Antwerpseweg 195,2023-03-13,07:00:00,40,32,8,FMN GV 10 Beerse
39,Antwerpseweg 195,2023-03-13,08:00:00,20,17,3,FMN GV 10 Beerse
39,Antwerpseweg 195,2023-03-13,09:00:00,5,4,1,FMN GV 10 Beerse
39,Antwerpseweg 195,2023-03-13,10:00:00,5,3,2,FMN GV 10 Beerse
39,Antwerpseweg 195,2023-03-13,11:00:00,13,11,2,FMN GV 10 Beerse
39,Antwerpseweg 195,2023-03-13,12:00:00,10,9,1,FMN GV 10 Beerse
39,Antwerpseweg 195,2023-03-13,13:00:00,22,18,4,FMN GV 10 Beerse
39,Antwerpseweg 195,2023-03-13,14:00:00,12,11,1,FMN GV 10 Beerse
39,Antwerpseweg 195,2023-03-13,15:00:00,28,25,3,FMN GV 10 Beerse
39,Antwerpseweg 195,2023-03-13,16:00:00,40,30,10,FMN GV 10 Beerse
39,Antwerpseweg 195,2023-03-13,17:00:00,27,19,8,FMN GV 10 Beerse
39,Antwerpseweg 195,2023-03-13,18:00:00,15,9,6,FMN GV 10 Beerse
39,Antwerpseweg 195,2023-03-13,19:00:00,2,2,0,FMN GV 10 Beerse
39,Antwerpseweg 195,2023-03-13,20:00:00,4,3,1,FMN GV 10 Beerse
39,Antwerpseweg 195,2023-03-13,21:00:00,5,4,1,FMN GV 10 Beerse
39,Antwerpseweg 195,2023-03-13,22:00:00,11,8,3,FMN GV 10 Beerse
39,Antwerpseweg 195,2023-03-13,23:00:00,1,1,0,FMN GV 10 Beerse
39,Antwerpseweg 195,2023-03-14,00:00:00,0,0,0,FMN GV 10 Beerse
39,Antwerpseweg 195,2023-03-14,01:00:00,0,0,0,FMN GV 10 Beerse
39,Antwerpseweg 195,2023-03-14,02:00:00,0,0,0,FMN GV 10 Beerse
39,Antwerpseweg 195,2023-03-14,03:00:00,0,0,0,FMN GV 10 Beerse
39,Antwerpseweg 195,2023-03-14,04:00:00,2,2,0,FMN GV 10 Beerse
39,Antwerpseweg 195,2023-03-14,05:00:00,8,8,0,FMN GV 10 Beerse
39,Antwerpseweg 195,2023-03-14,06:00:00,7,7,0,FMN GV 10 Beerse
39,Antwerpseweg 195,2023-03-14,07:00:00,42,35,7,FMN GV 10 Beerse
39,Antwerpseweg 195,2023-03-14,08:00:00,12,11,1,FMN GV 10 Beerse
39,Antwerpseweg 195,2023-03-14,09:00:00,7,7,0,FMN GV 10 Beerse
39,Antwerpseweg 195,2023-03-14,10:00:00,3,1,2,FMN GV 10 Beerse
39,Antwerpseweg 195,2023-03-14,11:00:00,3,3,0,FMN GV 10 Beerse
39,Antwerpseweg 195,2023-03-14,12:00:00,4,4,0,FMN GV 10 Beerse
39,Antwerpseweg 195,2023-03-14,13:00:00,22,18,4,FMN GV 10 Beerse
39,Antwerpseweg 195,2023-03-14,14:00:00,9,5,4,FMN GV 10 Beerse
39,Antwerpseweg 195,2023-03-14,15:00:00,20,16,4,FMN GV 10 Beerse
39,Antwerpseweg 195,2023-03-14,16:00:00,28,19,9,FMN GV 10 Beerse
39,Antwerpseweg 195,2023-03-14,17:00:00,28,21,7,FMN GV 10 Beerse
39,Antwerpseweg 195,2023-03-14,18:00:00,14,4,10,FMN GV 10 Beerse
39,Antwerpseweg 195,2023-03-14,19:00:00,8,6,2,FMN GV 10 Beerse
39,Antwerpseweg 195,2023-03-14,20:00:00,4,1,3,FMN GV 10 Beerse
39,Antwerpseweg 195,2023-03-14,21:00:00,3,2,1,FMN GV 10 Beerse
39,Antwerpseweg 195,2023-03-14,22:00:00,6,2,4,FMN GV 10 Beerse
39,Antwerpseweg 195,2023-03-14,23:00:00,1,0,1,FMN GV 10 Beerse
39,Antwerpseweg 195,2023-03-15,00:00:00,1,1,0,FMN GV 10 Beerse
39,Antwerpseweg 195,2023-03-15,01:00:00,0,0,0,FMN GV 10 Beerse
39,Antwerpseweg 195,2023-03-15,02:00:00,0,0,0,FMN GV 10 Beerse
39,Antwerpseweg 195,2023-03-15,03:00:00,0,0,0,FMN GV 10 Beerse
39,Antwerpseweg 195,2023-03-15,04:00:00,2,2,0,FMN GV 10 Beerse
39,Antwerpseweg 195,2023-03-15,05:00:00,9,9,0,FMN GV 10 Beerse
39,Antwerpseweg 195,2023-03-15,06:00:00,6,5,1,FMN GV 10 Beerse
39,Antwerpseweg 195,2023-03-15,07:00:00,54,46,8,FMN GV 10 Beerse
39,Antwerpseweg 195,2023-03-15,08:00:00,30,26,4,FMN GV 10 Beerse
39,Antwerpseweg 195,2023-03-15,09:00:00,6,5,1,FMN GV 10 Beerse
39,Antwerpseweg 195,2023-03-15,10:00:00,6,4,2,FMN GV 10 Beerse
39,Antwerpseweg 195,2023-03-15,11:00:00,16,7,9,FMN GV 10 Beerse
39,Antwerpseweg 195,2023-03-15,12:00:00,44,35,9,FMN GV 10 Beerse
39,Antwerpseweg 195,2023-03-15,13:00:00,30,27,3,FMN GV 10 Beerse
39,Antwerpseweg 195,2023-03-15,14:00:00,35,26,9,FMN GV 10 Beerse
39,Antwerpseweg 195,2023-03-15,15:00:00,18,12,6,FMN GV 10 Beerse
39,Antwerpseweg 195,2023-03-15,16:00:00,29,21,8,FMN GV 10 Beerse
39,Antwerpseweg 195,2023-03-15,17:00:00,29,18,11,FMN GV 10 Beerse
39,Antwerpseweg 195,2023-03-15,18:00:00,17,10,7,FMN GV 10 Beerse
39,Antwerpseweg 195,2023-03-15,19:00:00,3,3,0,FMN GV 10 Beerse
39,Antwerpseweg 195,2023-03-15,20:00:00,5,4,1,FMN GV 10 Beerse
39,Antwerpseweg 195,2023-03-15,21:00:00,1,1,0,FMN GV 10 Beerse
39,Antwerpseweg 195,2023-03-15,22:00:00,6,5,1,FMN GV 10 Beerse
39,Antwerpseweg 195,2023-03-15,23:00:00,1,1,0,FMN GV 10 Beerse
39,Antwerpseweg 195,2023-03-16,00:00:00,0,0,0,FMN GV 10 Beerse
39,Antwerpseweg 195,2023-03-16,01:00:00,0,0,0,FMN GV 10 Beerse
39,Antwerpseweg 195,2023-03-16,02:00:00,0,0,0,FMN GV 10 Beerse
39,Antwerpseweg 195,2023-03-16,03:00:00,0,0,0,FMN GV 10 Beerse
39,Antwerpseweg 195,2023-03-16,04:00:00,0,0,0,FMN GV 10 Beerse
39,Antwerpseweg 195,2023-03-16,05:00:00,8,8,0,FMN GV 10 Beerse
39,Antwerpseweg 195,2023-03-16,06:00:00,12,12,0,FMN GV 10 Beerse
39,Antwerpseweg 195,2023-03-16,07:00:00,46,40,6,FMN GV 10 Beerse
39,Antwerpseweg 195,2023-03-16,08:00:00,38,31,7,FMN GV 10 Beerse
39,Antwerpseweg 195,2023-03-16,09:00:00,15,12,3,FMN GV 10 Beerse
39,Antwerpseweg 195,2023-03-16,10:00:00,10,7,3,FMN GV 10 Beerse
39,Antwerpseweg 195,2023-03-16,11:00:00,13,9,4,FMN GV 10 Beerse
39,Antwerpseweg 195,2023-03-16,12:00:00,17,10,7,FMN GV 10 Beerse
39,Antwerpseweg 195,2023-03-16,13:00:00,41,30,11,FMN GV 10 Beerse
39,Antwerpseweg 195,2023-03-16,14:00:00,28,20,8,FMN GV 10 Beerse
39,Antwerpseweg 195,2023-03-16,15:00:00,38,27,11,FMN GV 10 Beerse
39,Antwerpseweg 195,2023-03-16,16:00:00,61,46,15,FMN GV 10 Beerse
39,Antwerpseweg 195,2023-03-16,17:00:00,24,15,9,FMN GV 10 Beerse
39,Antwerpseweg 195,2023-03-16,18:00:00,13,5,8,FMN GV 10 Beerse
39,Antwerpseweg 195,2023-03-16,19:00:00,11,8,3,FMN GV 10 Beerse
39,Antwerpseweg 195,2023-03-16,20:00:00,5,3,2,FMN GV 10 Beerse
39,Antwerpseweg 195,2023-03-16,21:00:00,5,3,2,FMN GV 10 Beerse
39,Antwerpseweg 195,2023-03-16,22:00:00,6,4,2,FMN GV 10 Beerse
39,Antwerpseweg 195,2023-03-16,23:00:00,0,0,0,FMN GV 10 Beerse
39,Antwerpseweg 195,2023-03-17,00:00:00,1,1,0,FMN GV 10 Beerse
39,Antwerpseweg 195,2023-03-17,01:00:00,0,0,0,FMN GV 10 Beerse
39,Antwerpseweg 195,2023-03-17,02:00:00,1,1,0,FMN GV 10 Beerse
39,Antwerpseweg 195,2023-03-17,03:00:00,2,2,0,FMN GV 10 Beerse
39,Antwerpseweg 195,2023-03-17,04:00:00,1,1,0,FMN GV 10 Beerse
39,Antwerpseweg 195,2023-03-17,05:00:00,10,10,0,FMN GV 10 Beerse
39,Antwerpseweg 195,2023-03-17,06:00:00,14,14,0,FMN GV 10 Beerse
39,Antwerpseweg 195,2023-03-17,07:00:00,50,39,11,FMN GV 10 Beerse
39,Antwerpseweg 195,2023-03-17,08:00:00,28,22,6,FMN GV 10 Beerse
39,Antwerpseweg 195,2023-03-17,09:00:00,10,7,3,FMN GV 10 Beerse
39,Antwerpseweg 195,2023-03-17,10:00:00,5,4,1,FMN GV 10 Beerse
39,Antwerpseweg 195,2023-03-17,11:00:00,12,7,5,FMN GV 10 Beerse
39,Antwerpseweg 195,2023-03-17,12:00:00,20,16,4,FMN GV 10 Beerse
39,Antwerpseweg 195,2023-03-17,13:00:00,41,28,13,FMN GV 10 Beerse
39,Antwerpseweg 195,2023-03-17,14:00:00,42,31,11,FMN GV 10 Beerse
39,Antwerpseweg 195,2023-03-17,15:00:00,42,31,11,FMN GV 10 Beerse
39,Antwerpseweg 195,2023-03-17,16:00:00,57,42,15,FMN GV 10 Beerse
39,Antwerpseweg 195,2023-03-17,17:00:00,21,11,10,FMN GV 10 Beerse
39,Antwerpseweg 195,2023-03-17,18:00:00,21,12,9,FMN GV 10 Beerse
39,Antwerpseweg 195,2023-03-17,19:00:00,3,3,0,FMN GV 10 Beerse
39,Antwerpseweg 195,2023-03-17,20:00:00,4,2,2,FMN GV 10 Beerse
39,Antwerpseweg 195,2023-03-17,21:00:00,8,7,1,FMN GV 10 Beerse
39,Antwerpseweg 195,2023-03-17,22:00:00,6,2,4,FMN GV 10 Beerse
39,Antwerpseweg 195,2023-03-17,23:00:00,2,1,1,FMN GV 10 Beerse
39,Antwerpseweg 195,2023-03-18,00:00:00,1,1,0,FMN GV 10 Beerse
39,Antwerpseweg 195,2023-03-18,01:00:00,1,1,0,FMN GV 10 Beerse
39,Antwerpseweg 195,2023-03-18,02:00:00,2,1,1,FMN GV 10 Beerse
39,Antwerpseweg 195,2023-03-18,03:00:00,3,3,0,FMN GV 10 Beerse
39,Antwerpseweg 195,2023-03-18,04:00:00,2,2,0,FMN GV 10 Beerse
39,Antwerpseweg 195,2023-03-18,05:00:00,6,6,0,FMN GV 10 Beerse
39,Antwerpseweg 195,2023-03-18,06:00:00,4,3,1,FMN GV 10 Beerse
39,Antwerpseweg 195,2023-03-18,07:00:00,4,4,0,FMN GV 10 Beerse
39,Antwerpseweg 195,2023-03-18,08:00:00,9,6,3,FMN GV 10 Beerse
39,Antwerpseweg 195,2023-03-18,09:00:00,21,13,8,FMN GV 10 Beerse
39,Antwerpseweg 195,2023-03-18,10:00:00,11,6,5,FMN GV 10 Beerse
39,Antwerpseweg 195,2023-03-18,11:00:00,12,7,5,FMN GV 10 Beerse
39,Antwerpseweg 195,2023-03-18,12:00:00,10,9,1,FMN GV 10 Beerse
39,Antwerpseweg 195,2023-03-18,13:00:00,16,6,10,FMN GV 10 Beerse
39,Antwerpseweg 195,2023-03-18,14:00:00,10,7,3,FMN GV 10 Beerse
39,Antwerpseweg 195,2023-03-18,15:00:00,14,9,5,FMN GV 10 Beerse
39,Antwerpseweg 195,2023-03-18,16:00:00,17,13,4,FMN GV 10 Beerse
39,Antwerpseweg 195,2023-03-18,17:00:00,10,5,5,FMN GV 10 Beerse
39,Antwerpseweg 195,2023-03-18,18:00:00,6,4,2,FMN GV 10 Beerse
39,Antwerpseweg 195,2023-03-18,19:00:00,4,3,1,FMN GV 10 Beerse
39,Antwerpseweg 195,2023-03-18,20:00:00,5,3,2,FMN GV 10 Beerse
39,Antwerpseweg 195,2023-03-18,21:00:00,2,1,1,FMN GV 10 Beerse
39,Antwerpseweg 195,2023-03-18,22:00:00,2,2,0,FMN GV 10 Beerse
39,Antwerpseweg 195,2023-03-18,23:00:00,0,0,0,FMN GV 10 Beerse
39,Antwerpseweg 195,2023-03-19,00:00:00,0,0,0,FMN GV 10 Beerse
39,Antwerpseweg 195,2023-03-19,01:00:00,2,2,0,FMN GV 10 Beerse
39,Antwerpseweg 195,2023-03-19,02:00:00,2,0,2,FMN GV 10 Beerse
39,Antwerpseweg 195,2023-03-19,03:00:00,0,0,0,FMN GV 10 Beerse
39,Antwerpseweg 195,2023-03-19,04:00:00,1,1,0,FMN GV 10 Beerse
39,Antwerpseweg 195,2023-03-19,05:00:00,2,2,0,FMN GV 10 Beerse
39,Antwerpseweg 195,2023-03-19,06:00:00,1,1,0,FMN GV 10 Beerse
39,Antwerpseweg 195,2023-03-19,07:00:00,2,0,2,FMN GV 10 Beerse
39,Antwerpseweg 195,2023-03-19,08:00:00,8,1,7,FMN GV 10 Beerse
39,Antwerpseweg 195,2023-03-19,09:00:00,54,15,39,FMN GV 10 Beerse
39,Antwerpseweg 195,2023-03-19,10:00:00,28,17,11,FMN GV 10 Beerse
39,Antwerpseweg 195,2023-03-19,11:00:00,21,7,14,FMN GV 10 Beerse
39,Antwerpseweg 195,2023-03-19,12:00:00,30,22,8,FMN GV 10 Beerse
39,Antwerpseweg 195,2023-03-19,13:00:00,23,14,9,FMN GV 10 Beerse
39,Antwerpseweg 195,2023-03-19,14:00:00,40,25,15,FMN GV 10 Beerse
39,Antwerpseweg 195,2023-03-19,15:00:00,29,11,18,FMN GV 10 Beerse
39,Antwerpseweg 195,2023-03-19,16:00:00,27,14,13,FMN GV 10 Beerse
39,Antwerpseweg 195,2023-03-19,17:00:00,12,6,6,FMN GV 10 Beerse
39,Antwerpseweg 195,2023-03-19,18:00:00,10,9,1,FMN GV 10 Beerse
39,Antwerpseweg 195,2023-03-19,19:00:00,3,1,2,FMN GV 10 Beerse
39,Antwerpseweg 195,2023-03-19,20:00:00,2,2,0,FMN GV 10 Beerse
39,Antwerpseweg 195,2023-03-19,21:00:00,4,2,2,FMN GV 10 Beerse
39,Antwerpseweg 195,2023-03-19,22:00:00,2,2,0,FMN GV 10 Beerse
39,Antwerpseweg 195,2023-03-19,23:00:00,0,0,0,FMN GV 10 Beerse
39,Antwerpseweg 195,2023-03-20,00:00:00,1,1,0,FMN GV 10 Beerse
39,Antwerpseweg 195,2023-03-20,01:00:00,0,0,0,FMN GV 10 Beerse
39,Antwerpseweg 195,2023-03-20,02:00:00,0,0,0,FMN GV 10 Beerse
39,Antwerpseweg 195,2023-03-20,03:00:00,0,0,0,FMN GV 10 Beerse
39,Antwerpseweg 195,2023-03-20,04:00:00,2,2,0,FMN GV 10 Beerse
39,Antwerpseweg 195,2023-03-20,05:00:00,20,20,0,FMN GV 10 Beerse
39,Antwerpseweg 195,2023-03-20,06:00:00,12,11,1,FMN GV 10 Beerse
39,Antwerpseweg 195,2023-03-20,07:00:00,58,50,8,FMN GV 10 Beerse
39,Antwerpseweg 195,2023-03-20,08:00:00,27,26,1,FMN GV 10 Beerse
39,Antwerpseweg 195,2023-03-20,09:00:00,9,9,0,FMN GV 10 Beerse
39,Antwerpseweg 195,2023-03-20,10:00:00,0,0,0,FMN GV 10 Beerse
39,Antwerpseweg 195,2023-03-20,11:00:00,8,7,1,FMN GV 10 Beerse
39,Antwerpseweg 195,2023-03-20,12:00:00,18,17,1,FMN GV 10 Beerse
39,Antwerpseweg 195,2023-03-20,13:00:00,23,17,6,FMN GV 10 Beerse
39,Antwerpseweg 195,2023-03-20,14:00:00,22,14,8,FMN GV 10 Beerse
39,Antwerpseweg 195,2023-03-20,15:00:00,36,27,9,FMN GV 10 Beerse
39,Antwerpseweg 195,2023-03-20,16:00:00,60,36,24,FMN GV 10 Beerse
39,Antwerpseweg 195,2023-03-20,17:00:00,30,19,11,FMN GV 10 Beerse
39,Antwerpseweg 195,2023-03-20,18:00:00,8,4,4,FMN GV 10 Beerse
39,Antwerpseweg 195,2023-03-20,19:00:00,8,5,3,FMN GV 10 Beerse
39,Antwerpseweg 195,2023-03-20,20:00:00,4,3,1,FMN GV 10 Beerse
39,Antwerpseweg 195,2023-03-20,21:00:00,4,4,0,FMN GV 10 Beerse
39,Antwerpseweg 195,2023-03-20,22:00:00,5,4,1,FMN GV 10 Beerse
39,Antwerpseweg 195,2023-03-20,23:00:00,2,2,0,FMN GV 10 Beerse
39,Antwerpseweg 195,2023-03-21,00:00:00,0,0,0,FMN GV 10 Beerse
39,Antwerpseweg 195,2023-03-21,01:00:00,1,1,0,FMN GV 10 Beerse
39,Antwerpseweg 195,2023-03-21,02:00:00,0,0,0,FMN GV 10 Beerse
39,Antwerpseweg 195,2023-03-21,03:00:00,0,0,0,FMN GV 10 Beerse
39,Antwerpseweg 195,2023-03-21,04:00:00,2,2,0,FMN GV 10 Beerse
39,Antwerpseweg 195,2023-03-21,05:00:00,15,15,0,FMN GV 10 Beerse
39,Antwerpseweg 195,2023-03-21,06:00:00,8,8,0,FMN GV 10 Beerse
39,Antwerpseweg 195,2023-03-21,07:00:00,41,34,7,FMN GV 10 Beerse
39,Antwerpseweg 195,2023-03-21,08:00:00,25,22,3,FMN GV 10 Beerse
39,Antwerpseweg 195,2023-03-21,09:00:00,12,10,2,FMN GV 10 Beerse
39,Antwerpseweg 195,2023-03-21,10:00:00,7,4,3,FMN GV 10 Beerse
39,Antwerpseweg 195,2023-03-21,11:00:00,4,2,2,FMN GV 10 Beerse
39,Antwerpseweg 195,2023-03-21,12:00:00,11,11,0,FMN GV 10 Beerse
39,Antwerpseweg 195,2023-03-21,13:00:00,46,32,14,FMN GV 10 Beerse
39,Antwerpseweg 195,2023-03-21,14:00:00,25,15,10,FMN GV 10 Beerse
39,Antwerpseweg 195,2023-03-21,15:00:00,29,18,11,FMN GV 10 Beerse
39,Antwerpseweg 195,2023-03-21,16:00:00,36,23,13,FMN GV 10 Beerse
39,Antwerpseweg 195,2023-03-21,17:00:00,30,19,11,FMN GV 10 Beerse
39,Antwerpseweg 195,2023-03-21,18:00:00,10,6,4,FMN GV 10 Beerse
39,Antwerpseweg 195,2023-03-21,19:00:00,3,1,2,FMN GV 10 Beerse
39,Antwerpseweg 195,2023-03-21,20:00:00,8,7,1,FMN GV 10 Beerse
39,Antwerpseweg 195,2023-03-21,21:00:00,7,4,3,FMN GV 10 Beerse
39,Antwerpseweg 195,2023-03-21,22:00:00,4,4,0,FMN GV 10 Beerse
39,Antwerpseweg 195,2023-03-21,23:00:00,1,1,0,FMN GV 10 Beerse
39,Antwerpseweg 195,2023-03-22,00:00:00,0,0,0,FMN GV 10 Beerse
39,Antwerpseweg 195,2023-03-22,01:00:00,0,0,0,FMN GV 10 Beerse
39,Antwerpseweg 195,2023-03-22,02:00:00,0,0,0,FMN GV 10 Beerse
39,Antwerpseweg 195,2023-03-22,03:00:00,0,0,0,FMN GV 10 Beerse
39,Antwerpseweg 195,2023-03-22,04:00:00,1,1,0,FMN GV 10 Beerse
39,Antwerpseweg 195,2023-03-22,05:00:00,18,18,0,FMN GV 10 Beerse
39,Antwerpseweg 195,2023-03-22,06:00:00,12,11,1,FMN GV 10 Beerse
39,Antwerpseweg 195,2023-03-22,07:00:00,43,34,9,FMN GV 10 Beerse
39,Antwerpseweg 195,2023-03-22,08:00:00,27,22,5,FMN GV 10 Beerse
39,Antwerpseweg 195,2023-03-22,09:00:00,14,9,5,FMN GV 10 Beerse
39,Antwerpseweg 195,2023-03-22,10:00:00,5,4,1,FMN GV 10 Beerse
39,Antwerpseweg 195,2023-03-22,11:00:00,7,6,1,FMN GV 10 Beerse
39,Antwerpseweg 195,2023-03-22,12:00:00,37,28,9,FMN GV 10 Beerse
39,Antwerpseweg 195,2023-03-22,13:00:00,23,18,5,FMN GV 10 Beerse
39,Antwerpseweg 195,2023-03-22,14:00:00,17,12,5,FMN GV 10 Beerse
39,Antwerpseweg 195,2023-03-22,15:00:00,7,4,3,FMN GV 10 Beerse
39,Antwerpseweg 195,2023-03-22,16:00:00,25,16,9,FMN GV 10 Beerse
39,Antwerpseweg 195,2023-03-22,17:00:00,21,13,8,FMN GV 10 Beerse
39,Antwerpseweg 195,2023-03-22,18:00:00,9,5,4,FMN GV 10 Beerse
39,Antwerpseweg 195,2023-03-22,19:00:00,3,1,2,FMN GV 10 Beerse
39,Antwerpseweg 195,2023-03-22,20:00:00,2,1,1,FMN GV 10 Beerse
39,Antwerpseweg 195,2023-03-22,21:00:00,6,5,1,FMN GV 10 Beerse
39,Antwerpseweg 195,2023-03-22,22:00:00,4,2,2,FMN GV 10 Beerse
39,Antwerpseweg 195,2023-03-22,23:00:00,1,0,1,FMN GV 10 Beerse
39,Antwerpseweg 195,2023-03-23,00:00:00,0,0,0,FMN GV 10 Beerse
39,Antwerpseweg 195,2023-03-23,01:00:00,0,0,0,FMN GV 10 Beerse
39,Antwerpseweg 195,2023-03-23,02:00:00,0,0,0,FMN GV 10 Beerse
39,Antwerpseweg 195,2023-03-23,03:00:00,0,0,0,FMN GV 10 Beerse
39,Antwerpseweg 195,2023-03-23,04:00:00,2,2,0,FMN GV 10 Beerse
39,Antwerpseweg 195,2023-03-23,05:00:00,14,14,0,FMN GV 10 Beerse
39,Antwerpseweg 195,2023-03-23,06:00:00,8,8,0,FMN GV 10 Beerse
39,Antwerpseweg 195,2023-03-23,07:00:00,30,27,3,FMN GV 10 Beerse
39,Antwerpseweg 195,2023-03-23,08:00:00,8,7,1,FMN GV 10 Beerse
39,Antwerpseweg 195,2023-03-23,09:00:00,4,3,1,FMN GV 10 Beerse
39,Antwerpseweg 195,2023-03-23,10:00:00,6,6,0,FMN GV 10 Beerse
39,Antwerpseweg 195,2023-03-23,11:00:00,11,8,3,FMN GV 10 Beerse
39,Antwerpseweg 195,2023-03-23,12:00:00,14,11,3,FMN GV 10 Beerse
39,Antwerpseweg 195,2023-03-23,13:00:00,17,11,6,FMN GV 10 Beerse
39,Antwerpseweg 195,2023-03-23,14:00:00,25,16,9,FMN GV 10 Beerse
39,Antwerpseweg 195,2023-03-23,15:00:00,29,18,11,FMN GV 10 Beerse
39,Antwerpseweg 195,2023-03-23,16:00:00,23,20,3,FMN GV 10 Beerse
39,Antwerpseweg 195,2023-03-23,17:00:00,15,11,4,FMN GV 10 Beerse
39,Antwerpseweg 195,2023-03-23,18:00:00,10,4,6,FMN GV 10 Beerse
39,Antwerpseweg 195,2023-03-23,19:00:00,3,2,1,FMN GV 10 Beerse
39,Antwerpseweg 195,2023-03-23,20:00:00,4,4,0,FMN GV 10 Beerse
39,Antwerpseweg 195,2023-03-23,21:00:00,4,4,0,FMN GV 10 Beerse
39,Antwerpseweg 195,2023-03-23,22:00:00,4,3,1,FMN GV 10 Beerse
39,Antwerpseweg 195,2023-03-23,23:00:00,1,1,0,FMN GV 10 Beerse
39,Antwerpseweg 195,2023-03-24,00:00:00,1,1,0,FMN GV 10 Beerse
39,Antwerpseweg 195,2023-03-24,01:00:00,0,0,0,FMN GV 10 Beerse
39,Antwerpseweg 195,2023-03-24,02:00:00,0,0,0,FMN GV 10 Beerse
39,Antwerpseweg 195,2023-03-24,03:00:00,0,0,0,FMN GV 10 Beerse
39,Antwerpseweg 195,2023-03-24,04:00:00,2,2,0,FMN GV 10 Beerse
39,Antwerpseweg 195,2023-03-24,05:00:00,14,14,0,FMN GV 10 Beerse
39,Antwerpseweg 195,2023-03-24,06:00:00,8,8,0,FMN GV 10 Beerse
39,Antwerpseweg 195,2023-03-24,07:00:00,42,30,12,FMN GV 10 Beerse
39,Antwerpseweg 195,2023-03-24,08:00:00,26,23,3,FMN GV 10 Beerse
39,Antwerpseweg 195,2023-03-24,09:00:00,13,8,5,FMN GV 10 Beerse
39,Antwerpseweg 195,2023-03-24,10:00:00,8,4,4,FMN GV 10 Beerse
39,Antwerpseweg 195,2023-03-24,11:00:00,17,14,3,FMN GV 10 Beerse
39,Antwerpseweg 195,2023-03-24,12:00:00,16,11,5,FMN GV 10 Beerse
39,Antwerpseweg 195,2023-03-24,13:00:00,12,9,3,FMN GV 10 Beerse
39,Antwerpseweg 195,2023-03-24,14:00:00,14,8,6,FMN GV 10 Beerse
39,Antwerpseweg 195,2023-03-24,15:00:00,29,22,7,FMN GV 10 Beerse
39,Antwerpseweg 195,2023-03-24,16:00:00,30,23,7,FMN GV 10 Beerse
39,Antwerpseweg 195,2023-03-24,17:00:00,12,7,5,FMN GV 10 Beerse
39,Antwerpseweg 195,2023-03-24,18:00:00,9,6,3,FMN GV 10 Beerse
39,Antwerpseweg 195,2023-03-24,19:00:00,6,2,4,FMN GV 10 Beerse
39,Antwerpseweg 195,2023-03-24,20:00:00,3,2,1,FMN GV 10 Beerse
39,Antwerpseweg 195,2023-03-24,21:00:00,7,4,3,FMN GV 10 Beerse
39,Antwerpseweg 195,2023-03-24,22:00:00,2,2,0,FMN GV 10 Beerse
39,Antwerpseweg 195,2023-03-24,23:00:00,0,0,0,FMN GV 10 Beerse
39,Antwerpseweg 195,2023-03-25,00:00:00,1,0,1,FMN GV 10 Beerse
39,Antwerpseweg 195,2023-03-25,01:00:00,3,3,0,FMN GV 10 Beerse
39,Antwerpseweg 195,2023-03-25,02:00:00,0,0,0,FMN GV 10 Beerse
39,Antwerpseweg 195,2023-03-25,03:00:00,0,0,0,FMN GV 10 Beerse
39,Antwerpseweg 195,2023-03-25,04:00:00,0,0,0,FMN GV 10 Beerse
39,Antwerpseweg 195,2023-03-25,05:00:00,2,2,0,FMN GV 10 Beerse
39,Antwerpseweg 195,2023-03-25,06:00:00,1,1,0,FMN GV 10 Beerse
39,Antwerpseweg 195,2023-03-25,07:00:00,4,4,0,FMN GV 10 Beerse
39,Antwerpseweg 195,2023-03-25,08:00:00,5,5,0,FMN GV 10 Beerse
39,Antwerpseweg 195,2023-03-25,09:00:00,4,1,3,FMN GV 10 Beerse
39,Antwerpseweg 195,2023-03-25,10:00:00,7,1,6,FMN GV 10 Beerse
39,Antwerpseweg 195,2023-03-25,11:00:00,7,5,2,FMN GV 10 Beerse
39,Antwerpseweg 195,2023-03-25,12:00:00,6,2,4,FMN GV 10 Beerse
39,Antwerpseweg 195,2023-03-25,13:00:00,7,5,2,FMN GV 10 Beerse
39,Antwerpseweg 195,2023-03-25,14:00:00,7,5,2,FMN GV 10 Beerse
39,Antwerpseweg 195,2023-03-25,15:00:00,5,3,2,FMN GV 10 Beerse
39,Antwerpseweg 195,2023-03-25,16:00:00,5,1,4,FMN GV 10 Beerse
39,Antwerpseweg 195,2023-03-25,17:00:00,5,3,2,FMN GV 10 Beerse
39,Antwerpseweg 195,2023-03-25,18:00:00,9,8,1,FMN GV 10 Beerse
39,Antwerpseweg 195,2023-03-25,19:00:00,7,4,3,FMN GV 10 Beerse
39,Antwerpseweg 195,2023-03-25,20:00:00,1,0,1,FMN GV 10 Beerse
39,Antwerpseweg 195,2023-03-25,21:00:00,2,2,0,FMN GV 10 Beerse
39,Antwerpseweg 195,2023-03-25,22:00:00,11,1,10,FMN GV 10 Beerse
39,Antwerpseweg 195,2023-03-25,23:00:00,6,3,3,FMN GV 10 Beerse
39,Antwerpseweg 195,2023-03-26,00:00:00,3,0,3,FMN GV 10 Beerse
39,Antwerpseweg 195,2023-03-26,01:00:00,6,4,2,FMN GV 10 Beerse
39,Antwerpseweg 195,2023-03-26,02:00:00,0,0,0,FMN GV 10 Beerse
39,Antwerpseweg 195,2023-03-26,03:00:00,11,11,0,FMN GV 10 Beerse
39,Antwerpseweg 195,2023-03-26,04:00:00,4,4,0,FMN GV 10 Beerse
39,Antwerpseweg 195,2023-03-26,05:00:00,4,4,0,FMN GV 10 Beerse
39,Antwerpseweg 195,2023-03-26,06:00:00,0,0,0,FMN GV 10 Beerse
39,Antwerpseweg 195,2023-03-26,07:00:00,0,0,0,FMN GV 10 Beerse
39,Antwerpseweg 195,2023-03-26,08:00:00,0,0,0,FMN GV 10 Beerse
39,Antwerpseweg 195,2023-03-26,09:00:00,3,0,3,FMN GV 10 Beerse
39,Antwerpseweg 195,2023-03-26,10:00:00,3,2,1,FMN GV 10 Beerse
39,Antwerpseweg 195,2023-03-26,11:00:00,1,1,0,FMN GV 10 Beerse
39,Antwerpseweg 195,2023-03-26,12:00:00,2,2,0,FMN GV 10 Beerse
39,Antwerpseweg 195,2023-03-26,13:00:00,5,4,1,FMN GV 10 Beerse
39,Antwerpseweg 195,2023-03-26,14:00:00,4,1,3,FMN GV 10 Beerse
39,Antwerpseweg 195,2023-03-26,15:00:00,6,4,2,FMN GV 10 Beerse
39,Antwerpseweg 195,2023-03-26,16:00:00,2,0,2,FMN GV 10 Beerse
39,Antwerpseweg 195,2023-03-26,17:00:00,4,2,2,FMN GV 10 Beerse
39,Antwerpseweg 195,2023-03-26,18:00:00,4,4,0,FMN GV 10 Beerse
39,Antwerpseweg 195,2023-03-26,19:00:00,2,1,1,FMN GV 10 Beerse
39,Antwerpseweg 195,2023-03-26,20:00:00,2,2,0,FMN GV 10 Beerse
39,Antwerpseweg 195,2023-03-26,21:00:00,0,0,0,FMN GV 10 Beerse
39,Antwerpseweg 195,2023-03-26,22:00:00,2,2,0,FMN GV 10 Beerse
39,Antwerpseweg 195,2023-03-26,23:00:00,0,0,0,FMN GV 10 Beerse
39,Antwerpseweg 195,2023-03-27,00:00:00,2,1,1,FMN GV 10 Beerse
39,Antwerpseweg 195,2023-03-27,01:00:00,0,0,0,FMN GV 10 Beerse
39,Antwerpseweg 195,2023-03-27,02:00:00,0,0,0,FMN GV 10 Beerse
39,Antwerpseweg 195,2023-03-27,03:00:00,1,1,0,FMN GV 10 Beerse
39,Antwerpseweg 195,2023-03-27,04:00:00,2,2,0,FMN GV 10 Beerse
39,Antwerpseweg 195,2023-03-27,05:00:00,13,13,0,FMN GV 10 Beerse
39,Antwerpseweg 195,2023-03-27,06:00:00,13,13,0,FMN GV 10 Beerse
39,Antwerpseweg 195,2023-03-27,07:00:00,45,35,10,FMN GV 10 Beerse
39,Antwerpseweg 195,2023-03-27,08:00:00,19,16,3,FMN GV 10 Beerse
39,Antwerpseweg 195,2023-03-27,09:00:00,6,6,0,FMN GV 10 Beerse
39,Antwerpseweg 195,2023-03-27,10:00:00,7,4,3,FMN GV 10 Beerse
39,Antwerpseweg 195,2023-03-27,11:00:00,11,10,1,FMN GV 10 Beerse
39,Antwerpseweg 195,2023-03-27,12:00:00,23,15,8,FMN GV 10 Beerse
39,Antwerpseweg 195,2023-03-27,13:00:00,28,25,3,FMN GV 10 Beerse
39,Antwerpseweg 195,2023-03-27,14:00:00,15,10,5,FMN GV 10 Beerse
39,Antwerpseweg 195,2023-03-27,15:00:00,22,17,5,FMN GV 10 Beerse
39,Antwerpseweg 195,2023-03-27,16:00:00,45,26,19,FMN GV 10 Beerse
39,Antwerpseweg 195,2023-03-27,17:00:00,30,21,9,FMN GV 10 Beerse
39,Antwerpseweg 195,2023-03-27,18:00:00,11,7,4,FMN GV 10 Beerse
39,Antwerpseweg 195,2023-03-27,19:00:00,9,8,1,FMN GV 10 Beerse
39,Antwerpseweg 195,2023-03-27,20:00:00,4,3,1,FMN GV 10 Beerse
39,Antwerpseweg 195,2023-03-27,21:00:00,2,1,1,FMN GV 10 Beerse
39,Antwerpseweg 195,2023-03-27,22:00:00,10,7,3,FMN GV 10 Beerse
39,Antwerpseweg 195,2023-03-27,23:00:00,0,0,0,FMN GV 10 Beerse
39,Antwerpseweg 195,2023-03-28,00:00:00,0,0,0,FMN GV 10 Beerse
39,Antwerpseweg 195,2023-03-28,01:00:00,0,0,0,FMN GV 10 Beerse
39,Antwerpseweg 195,2023-03-28,02:00:00,0,0,0,FMN GV 10 Beerse
39,Antwerpseweg 195,2023-03-28,03:00:00,1,1,0,FMN GV 10 Beerse
39,Antwerpseweg 195,2023-03-28,04:00:00,1,1,0,FMN GV 10 Beerse
39,Antwerpseweg 195,2023-03-28,05:00:00,11,11,0,FMN GV 10 Beerse
39,Antwerpseweg 195,2023-03-28,06:00:00,8,8,0,FMN GV 10 Beerse
39,Antwerpseweg 195,2023-03-28,07:00:00,45,38,7,FMN GV 10 Beerse
39,Antwerpseweg 195,2023-03-28,08:00:00,19,16,3,FMN GV 10 Beerse
39,Antwerpseweg 195,2023-03-28,09:00:00,10,9,1,FMN GV 10 Beerse
39,Antwerpseweg 195,2023-03-28,10:00:00,23,18,5,FMN GV 10 Beerse
39,Antwerpseweg 195,2023-03-28,11:00:00,17,15,2,FMN GV 10 Beerse
39,Antwerpseweg 195,2023-03-28,12:00:00,39,32,7,FMN GV 10 Beerse
39,Antwerpseweg 195,2023-03-28,13:00:00,58,44,14,FMN GV 10 Beerse
39,Antwerpseweg 195,2023-03-28,14:00:00,26,16,10,FMN GV 10 Beerse
39,Antwerpseweg 195,2023-03-28,15:00:00,24,18,6,FMN GV 10 Beerse
39,Antwerpseweg 195,2023-03-28,16:00:00,38,29,9,FMN GV 10 Beerse
39,Antwerpseweg 195,2023-03-28,17:00:00,45,28,17,FMN GV 10 Beerse
39,Antwerpseweg 195,2023-03-28,18:00:00,12,8,4,FMN GV 10 Beerse
39,Antwerpseweg 195,2023-03-28,19:00:00,10,7,3,FMN GV 10 Beerse
39,Antwerpseweg 195,2023-03-28,20:00:00,5,2,3,FMN GV 10 Beerse
39,Antwerpseweg 195,2023-03-28,21:00:00,5,3,2,FMN GV 10 Beerse
39,Antwerpseweg 195,2023-03-28,22:00:00,5,3,2,FMN GV 10 Beerse
39,Antwerpseweg 195,2023-03-28,23:00:00,5,2,3,FMN GV 10 Beerse
39,Antwerpseweg 195,2023-03-29,00:00:00,0,0,0,FMN GV 10 Beerse
39,Antwerpseweg 195,2023-03-29,01:00:00,0,0,0,FMN GV 10 Beerse
39,Antwerpseweg 195,2023-03-29,02:00:00,0,0,0,FMN GV 10 Beerse
39,Antwerpseweg 195,2023-03-29,03:00:00,0,0,0,FMN GV 10 Beerse
39,Antwerpseweg 195,2023-03-29,04:00:00,1,1,0,FMN GV 10 Beerse
39,Antwerpseweg 195,2023-03-29,05:00:00,13,13,0,FMN GV 10 Beerse
39,Antwerpseweg 195,2023-03-29,06:00:00,9,8,1,FMN GV 10 Beerse
39,Antwerpseweg 195,2023-03-29,07:00:00,68,59,9,FMN GV 10 Beerse
39,Antwerpseweg 195,2023-03-29,08:00:00,23,20,3,FMN GV 10 Beerse
39,Antwerpseweg 195,2023-03-29,09:00:00,10,8,2,FMN GV 10 Beerse
39,Antwerpseweg 195,2023-03-29,10:00:00,7,6,1,FMN GV 10 Beerse
39,Antwerpseweg 195,2023-03-29,11:00:00,14,13,1,FMN GV 10 Beerse
39,Antwerpseweg 195,2023-03-29,12:00:00,27,18,9,FMN GV 10 Beerse
39,Antwerpseweg 195,2023-03-29,13:00:00,25,24,1,FMN GV 10 Beerse
39,Antwerpseweg 195,2023-03-29,14:00:00,40,30,10,FMN GV 10 Beerse
39,Antwerpseweg 195,2023-03-29,15:00:00,31,20,11,FMN GV 10 Beerse
39,Antwerpseweg 195,2023-03-29,16:00:00,60,26,34,FMN GV 10 Beerse
39,Antwerpseweg 195,2023-03-29,17:00:00,35,22,13,FMN GV 10 Beerse
39,Antwerpseweg 195,2023-03-29,18:00:00,13,6,7,FMN GV 10 Beerse
39,Antwerpseweg 195,2023-03-29,19:00:00,10,8,2,FMN GV 10 Beerse
39,Antwerpseweg 195,2023-03-29,20:00:00,9,6,3,FMN GV 10 Beerse
39,Antwerpseweg 195,2023-03-29,21:00:00,5,5,0,FMN GV 10 Beerse
39,Antwerpseweg 195,2023-03-29,22:00:00,8,6,2,FMN GV 10 Beerse
39,Antwerpseweg 195,2023-03-29,23:00:00,0,0,0,FMN GV 10 Beerse
39,Antwerpseweg 195,2023-03-30,00:00:00,1,0,1,FMN GV 10 Beerse
39,Antwerpseweg 195,2023-03-30,01:00:00,0,0,0,FMN GV 10 Beerse
39,Antwerpseweg 195,2023-03-30,02:00:00,0,0,0,FMN GV 10 Beerse
39,Antwerpseweg 195,2023-03-30,03:00:00,0,0,0,FMN GV 10 Beerse
39,Antwerpseweg 195,2023-03-30,04:00:00,1,1,0,FMN GV 10 Beerse
39,Antwerpseweg 195,2023-03-30,05:00:00,13,13,0,FMN GV 10 Beerse
39,Antwerpseweg 195,2023-03-30,06:00:00,7,6,1,FMN GV 10 Beerse
39,Antwerpseweg 195,2023-03-30,07:00:00,33,29,4,FMN GV 10 Beerse
39,Antwerpseweg 195,2023-03-30,08:00:00,16,10,6,FMN GV 10 Beerse
39,Antwerpseweg 195,2023-03-30,09:00:00,8,5,3,FMN GV 10 Beerse
39,Antwerpseweg 195,2023-03-30,10:00:00,11,7,4,FMN GV 10 Beerse
39,Antwerpseweg 195,2023-03-30,11:00:00,13,9,4,FMN GV 10 Beerse
39,Antwerpseweg 195,2023-03-30,12:00:00,20,14,6,FMN GV 10 Beerse
39,Antwerpseweg 195,2023-03-30,13:00:00,29,25,4,FMN GV 10 Beerse
39,Antwerpseweg 195,2023-03-30,14:00:00,19,13,6,FMN GV 10 Beerse
39,Antwerpseweg 195,2023-03-30,15:00:00,22,13,9,FMN GV 10 Beerse
39,Antwerpseweg 195,2023-03-30,16:00:00,30,23,7,FMN GV 10 Beerse
39,Antwerpseweg 195,2023-03-30,17:00:00,21,14,7,FMN GV 10 Beerse
39,Antwerpseweg 195,2023-03-30,18:00:00,16,9,7,FMN GV 10 Beerse
39,Antwerpseweg 195,2023-03-30,19:00:00,2,1,1,FMN GV 10 Beerse
39,Antwerpseweg 195,2023-03-30,20:00:00,7,3,4,FMN GV 10 Beerse
39,Antwerpseweg 195,2023-03-30,21:00:00,4,3,1,FMN GV 10 Beerse
39,Antwerpseweg 195,2023-03-30,22:00:00,7,2,5,FMN GV 10 Beerse
39,Antwerpseweg 195,2023-03-30,23:00:00,3,3,0,FMN GV 10 Beerse
39,Antwerpseweg 195,2023-03-31,00:00:00,2,2,0,FMN GV 10 Beerse
39,Antwerpseweg 195,2023-03-31,01:00:00,0,0,0,FMN GV 10 Beerse
39,Antwerpseweg 195,2023-03-31,02:00:00,0,0,0,FMN GV 10 Beerse
39,Antwerpseweg 195,2023-03-31,03:00:00,0,0,0,FMN GV 10 Beerse
39,Antwerpseweg 195,2023-03-31,04:00:00,1,1,0,FMN GV 10 Beerse
39,Antwerpseweg 195,2023-03-31,05:00:00,8,8,0,FMN GV 10 Beerse
39,Antwerpseweg 195,2023-03-31,06:00:00,3,3,0,FMN GV 10 Beerse
39,Antwerpseweg 195,2023-03-31,07:00:00,22,18,4,FMN GV 10 Beerse
39,Antwerpseweg 195,2023-03-31,08:00:00,7,7,0,FMN GV 10 Beerse
39,Antwerpseweg 195,2023-03-31,09:00:00,0,0,0,FMN GV 10 Beerse
39,Antwerpseweg 195,2023-03-31,10:00:00,3,2,1,FMN GV 10 Beerse
39,Antwerpseweg 195,2023-03-31,11:00:00,10,5,5,FMN GV 10 Beerse
39,Antwerpseweg 195,2023-03-31,12:00:00,8,6,2,FMN GV 10 Beerse
39,Antwerpseweg 195,2023-03-31,13:00:00,7,5,2,FMN GV 10 Beerse
39,Antwerpseweg 195,2023-03-31,14:00:00,8,2,6,FMN GV 10 Beerse
39,Antwerpseweg 195,2023-03-31,15:00:00,11,10,1,FMN GV 10 Beerse
39,Antwerpseweg 195,2023-03-31,16:00:00,8,6,2,FMN GV 10 Beerse
39,Antwerpseweg 195,2023-03-31,17:00:00,10,6,4,FMN GV 10 Beerse
39,Antwerpseweg 195,2023-03-31,18:00:00,9,4,5,FMN GV 10 Beerse
39,Antwerpseweg 195,2023-03-31,19:00:00,2,2,0,FMN GV 10 Beerse
39,Antwerpseweg 195,2023-03-31,20:00:00,4,2,2,FMN GV 10 Beerse
39,Antwerpseweg 195,2023-03-31,21:00:00,1,0,1,FMN GV 10 Beerse
39,Antwerpseweg 195,2023-03-31,22:00:00,4,3,1,FMN GV 10 Beerse
39,Antwerpseweg 195,2023-03-31,23:00:00,0,0,0,FMN GV 10 Beerse
39,Antwerpseweg 195,2023-04-01,00:00:00,0,0,0,FMN GV 10 Beerse
39,Antwerpseweg 195,2023-04-01,01:00:00,0,0,0,FMN GV 10 Beerse
39,Antwerpseweg 195,2023-04-01,02:00:00,1,0,1,FMN GV 10 Beerse
39,Antwerpseweg 195,2023-04-01,03:00:00,0,0,0,FMN GV 10 Beerse
39,Antwerpseweg 195,2023-04-01,04:00:00,0,0,0,FMN GV 10 Beerse
39,Antwerpseweg 195,2023-04-01,05:00:00,1,1,0,FMN GV 10 Beerse
39,Antwerpseweg 195,2023-04-01,06:00:00,1,1,0,FMN GV 10 Beerse
39,Antwerpseweg 195,2023-04-01,07:00:00,3,3,0,FMN GV 10 Beerse
39,Antwerpseweg 195,2023-04-01,08:00:00,0,0,0,FMN GV 10 Beerse
39,Antwerpseweg 195,2023-04-01,09:00:00,1,1,0,FMN GV 10 Beerse
39,Antwerpseweg 195,2023-04-01,10:00:00,2,1,1,FMN GV 10 Beerse
39,Antwerpseweg 195,2023-04-01,11:00:00,1,1,0,FMN GV 10 Beerse
39,Antwerpseweg 195,2023-04-01,12:00:00,4,2,2,FMN GV 10 Beerse
39,Antwerpseweg 195,2023-04-01,13:00:00,9,6,3,FMN GV 10 Beerse
39,Antwerpseweg 195,2023-04-01,14:00:00,4,2,2,FMN GV 10 Beerse
39,Antwerpseweg 195,2023-04-01,15:00:00,6,5,1,FMN GV 10 Beerse
39,Antwerpseweg 195,2023-04-01,16:00:00,3,2,1,FMN GV 10 Beerse
39,Antwerpseweg 195,2023-04-01,17:00:00,2,2,0,FMN GV 10 Beerse
39,Antwerpseweg 195,2023-04-01,18:00:00,3,2,1,FMN GV 10 Beerse
39,Antwerpseweg 195,2023-04-01,19:00:00,2,1,1,FMN GV 10 Beerse
39,Antwerpseweg 195,2023-04-01,20:00:00,1,0,1,FMN GV 10 Beerse
39,Antwerpseweg 195,2023-04-01,21:00:00,1,1,0,FMN GV 10 Beerse
39,Antwerpseweg 195,2023-04-01,22:00:00,1,1,0,FMN GV 10 Beerse
39,Antwerpseweg 195,2023-04-01,23:00:00,0,0,0,FMN GV 10 Beerse
39,Antwerpseweg 195,2023-04-02,00:00:00,0,0,0,FMN GV 10 Beerse
39,Antwerpseweg 195,2023-04-02,01:00:00,0,0,0,FMN GV 10 Beerse
39,Antwerpseweg 195,2023-04-02,02:00:00,2,1,1,FMN GV 10 Beerse
39,Antwerpseweg 195,2023-04-02,03:00:00,1,1,0,FMN GV 10 Beerse
39,Antwerpseweg 195,2023-04-02,04:00:00,0,0,0,FMN GV 10 Beerse
39,Antwerpseweg 195,2023-04-02,05:00:00,1,1,0,FMN GV 10 Beerse
39,Antwerpseweg 195,2023-04-02,06:00:00,1,1,0,FMN GV 10 Beerse
39,Antwerpseweg 195,2023-04-02,07:00:00,3,2,1,FMN GV 10 Beerse
39,Antwerpseweg 195,2023-04-02,08:00:00,4,3,1,FMN GV 10 Beerse
39,Antwerpseweg 195,2023-04-02,09:00:00,14,9,5,FMN GV 10 Beerse
39,Antwerpseweg 195,2023-04-02,10:00:00,23,19,4,FMN GV 10 Beerse
39,Antwerpseweg 195,2023-04-02,11:00:00,25,10,15,FMN GV 10 Beerse
39,Antwerpseweg 195,2023-04-02,12:00:00,17,10,7,FMN GV 10 Beerse
39,Antwerpseweg 195,2023-04-02,13:00:00,18,6,12,FMN GV 10 Beerse
39,Antwerpseweg 195,2023-04-02,14:00:00,14,7,7,FMN GV 10 Beerse
39,Antwerpseweg 195,2023-04-02,15:00:00,17,9,8,FMN GV 10 Beerse
39,Antwerpseweg 195,2023-04-02,16:00:00,11,9,2,FMN GV 10 Beerse
39,Antwerpseweg 195,2023-04-02,17:00:00,8,3,5,FMN GV 10 Beerse
39,Antwerpseweg 195,2023-04-02,18:00:00,15,10,5,FMN GV 10 Beerse
39,Antwerpseweg 195,2023-04-02,19:00:00,7,5,2,FMN GV 10 Beerse
39,Antwerpseweg 195,2023-04-02,20:00:00,12,7,5,FMN GV 10 Beerse
39,Antwerpseweg 195,2023-04-02,21:00:00,4,2,2,FMN GV 10 Beerse
39,Antwerpseweg 195,2023-04-02,22:00:00,2,2,0,FMN GV 10 Beerse
39,Antwerpseweg 195,2023-04-02,23:00:00,1,1,0,FMN GV 10 Beerse
39,Antwerpseweg 195,2023-04-03,00:00:00,0,0,0,FMN GV 10 Beerse
39,Antwerpseweg 195,2023-04-03,01:00:00,0,0,0,FMN GV 10 Beerse
39,Antwerpseweg 195,2023-04-03,02:00:00,0,0,0,FMN GV 10 Beerse
39,Antwerpseweg 195,2023-04-03,03:00:00,0,0,0,FMN GV 10 Beerse
39,Antwerpseweg 195,2023-04-03,04:00:00,1,1,0,FMN GV 10 Beerse
39,Antwerpseweg 195,2023-04-03,05:00:00,11,11,0,FMN GV 10 Beerse
39,Antwerpseweg 195,2023-04-03,06:00:00,12,12,0,FMN GV 10 Beerse
39,Antwerpseweg 195,2023-04-03,07:00:00,40,38,2,FMN GV 10 Beerse
39,Antwerpseweg 195,2023-04-03,08:00:00,17,13,4,FMN GV 10 Beerse
39,Antwerpseweg 195,2023-04-03,09:00:00,2,1,1,FMN GV 10 Beerse
39,Antwerpseweg 195,2023-04-03,10:00:00,5,5,0,FMN GV 10 Beerse
39,Antwerpseweg 195,2023-04-03,11:00:00,12,10,2,FMN GV 10 Beerse
39,Antwerpseweg 195,2023-04-03,12:00:00,12,8,4,FMN GV 10 Beerse
39,Antwerpseweg 195,2023-04-03,13:00:00,20,17,3,FMN GV 10 Beerse
39,Antwerpseweg 195,2023-04-03,14:00:00,27,20,7,FMN GV 10 Beerse
39,Antwerpseweg 195,2023-04-03,15:00:00,25,16,9,FMN GV 10 Beerse
39,Antwerpseweg 195,2023-04-03,16:00:00,39,21,18,FMN GV 10 Beerse
39,Antwerpseweg 195,2023-04-03,17:00:00,43,23,20,FMN GV 10 Beerse
39,Antwerpseweg 195,2023-04-03,18:00:00,19,14,5,FMN GV 10 Beerse
39,Antwerpseweg 195,2023-04-03,19:00:00,5,3,2,FMN GV 10 Beerse
39,Antwerpseweg 195,2023-04-03,20:00:00,8,6,2,FMN GV 10 Beerse
39,Antwerpseweg 195,2023-04-03,21:00:00,7,7,0,FMN GV 10 Beerse
39,Antwerpseweg 195,2023-04-03,22:00:00,10,6,4,FMN GV 10 Beerse
39,Antwerpseweg 195,2023-04-03,23:00:00,0,0,0,FMN GV 10 Beerse
39,Antwerpseweg 195,2023-04-04,00:00:00,0,0,0,FMN GV 10 Beerse
39,Antwerpseweg 195,2023-04-04,01:00:00,0,0,0,FMN GV 10 Beerse
39,Antwerpseweg 195,2023-04-04,02:00:00,0,0,0,FMN GV 10 Beerse
39,Antwerpseweg 195,2023-04-04,03:00:00,0,0,0,FMN GV 10 Beerse
39,Antwerpseweg 195,2023-04-04,04:00:00,1,1,0,FMN GV 10 Beerse
39,Antwerpseweg 195,2023-04-04,05:00:00,11,11,0,FMN GV 10 Beerse
39,Antwerpseweg 195,2023-04-04,06:00:00,9,7,2,FMN GV 10 Beerse
39,Antwerpseweg 195,2023-04-04,07:00:00,48,42,6,FMN GV 10 Beerse
39,Antwerpseweg 195,2023-04-04,08:00:00,24,21,3,FMN GV 10 Beerse
39,Antwerpseweg 195,2023-04-04,09:00:00,12,5,7,FMN GV 10 Beerse
39,Antwerpseweg 195,2023-04-04,10:00:00,11,6,5,FMN GV 10 Beerse
39,Antwerpseweg 195,2023-04-04,11:00:00,7,5,2,FMN GV 10 Beerse
39,Antwerpseweg 195,2023-04-04,12:00:00,15,10,5,FMN GV 10 Beerse
39,Antwerpseweg 195,2023-04-04,13:00:00,40,32,8,FMN GV 10 Beerse
39,Antwerpseweg 195,2023-04-04,14:00:00,43,28,15,FMN GV 10 Beerse
39,Antwerpseweg 195,2023-04-04,15:00:00,29,20,9,FMN GV 10 Beerse
39,Antwerpseweg 195,2023-04-04,16:00:00,36,28,8,FMN GV 10 Beerse
39,Antwerpseweg 195,2023-04-04,17:00:00,43,26,17,FMN GV 10 Beerse
39,Antwerpseweg 195,2023-04-04,18:00:00,16,10,6,FMN GV 10 Beerse
39,Antwerpseweg 195,2023-04-04,19:00:00,11,8,3,FMN GV 10 Beerse
39,Antwerpseweg 195,2023-04-04,20:00:00,16,15,1,FMN GV 10 Beerse
39,Antwerpseweg 195,2023-04-04,21:00:00,4,4,0,FMN GV 10 Beerse
39,Antwerpseweg 195,2023-04-04,22:00:00,7,4,3,FMN GV 10 Beerse
39,Antwerpseweg 195,2023-04-04,23:00:00,1,1,0,FMN GV 10 Beerse
39,Antwerpseweg 195,2023-04-05,00:00:00,0,0,0,FMN GV 10 Beerse
39,Antwerpseweg 195,2023-04-05,01:00:00,0,0,0,FMN GV 10 Beerse
39,Antwerpseweg 195,2023-04-05,02:00:00,0,0,0,FMN GV 10 Beerse
39,Antwerpseweg 195,2023-04-05,03:00:00,0,0,0,FMN GV 10 Beerse
39,Antwerpseweg 195,2023-04-05,04:00:00,1,1,0,FMN GV 10 Beerse
39,Antwerpseweg 195,2023-04-05,05:00:00,14,14,0,FMN GV 10 Beerse
39,Antwerpseweg 195,2023-04-05,06:00:00,10,9,1,FMN GV 10 Beerse
39,Antwerpseweg 195,2023-04-05,07:00:00,43,41,2,FMN GV 10 Beerse
39,Antwerpseweg 195,2023-04-05,08:00:00,19,15,4,FMN GV 10 Beerse
39,Antwerpseweg 195,2023-04-05,09:00:00,11,7,4,FMN GV 10 Beerse
39,Antwerpseweg 195,2023-04-05,10:00:00,12,11,1,FMN GV 10 Beerse
39,Antwerpseweg 195,2023-04-05,11:00:00,26,18,8,FMN GV 10 Beerse
39,Antwerpseweg 195,2023-04-05,12:00:00,12,6,6,FMN GV 10 Beerse
39,Antwerpseweg 195,2023-04-05,13:00:00,49,32,17,FMN GV 10 Beerse
39,Antwerpseweg 195,2023-04-05,14:00:00,52,34,18,FMN GV 10 Beerse
39,Antwerpseweg 195,2023-04-05,15:00:00,29,18,11,FMN GV 10 Beerse
39,Antwerpseweg 195,2023-04-05,16:00:00,55,32,23,FMN GV 10 Beerse
39,Antwerpseweg 195,2023-04-05,17:00:00,37,20,17,FMN GV 10 Beerse
39,Antwerpseweg 195,2023-04-05,18:00:00,19,11,8,FMN GV 10 Beerse
39,Antwerpseweg 195,2023-04-05,19:00:00,24,19,5,FMN GV 10 Beerse
39,Antwerpseweg 195,2023-04-05,20:00:00,4,4,0,FMN GV 10 Beerse
39,Antwerpseweg 195,2023-04-05,21:00:00,7,5,2,FMN GV 10 Beerse
39,Antwerpseweg 195,2023-04-05,22:00:00,10,9,1,FMN GV 10 Beerse
39,Antwerpseweg 195,2023-04-05,23:00:00,1,1,0,FMN GV 10 Beerse
39,Antwerpseweg 195,2023-04-06,00:00:00,1,1,0,FMN GV 10 Beerse
39,Antwerpseweg 195,2023-04-06,01:00:00,1,0,1,FMN GV 10 Beerse
39,Antwerpseweg 195,2023-04-06,02:00:00,0,0,0,FMN GV 10 Beerse
39,Antwerpseweg 195,2023-04-06,03:00:00,0,0,0,FMN GV 10 Beerse
39,Antwerpseweg 195,2023-04-06,04:00:00,1,1,0,FMN GV 10 Beerse
39,Antwerpseweg 195,2023-04-06,05:00:00,8,7,1,FMN GV 10 Beerse
39,Antwerpseweg 195,2023-04-06,06:00:00,9,8,1,FMN GV 10 Beerse
39,Antwerpseweg 195,2023-04-06,07:00:00,30,27,3,FMN GV 10 Beerse
39,Antwerpseweg 195,2023-04-06,08:00:00,6,4,2,FMN GV 10 Beerse
39,Antwerpseweg 195,2023-04-06,09:00:00,10,6,4,FMN GV 10 Beerse
39,Antwerpseweg 195,2023-04-06,10:00:00,4,2,2,FMN GV 10 Beerse
39,Antwerpseweg 195,2023-04-06,11:00:00,7,6,1,FMN GV 10 Beerse
39,Antwerpseweg 195,2023-04-06,12:00:00,4,3,1,FMN GV 10 Beerse
39,Antwerpseweg 195,2023-04-06,13:00:00,11,7,4,FMN GV 10 Beerse
39,Antwerpseweg 195,2023-04-06,14:00:00,11,7,4,FMN GV 10 Beerse
39,Antwerpseweg 195,2023-04-06,15:00:00,10,5,5,FMN GV 10 Beerse
39,Antwerpseweg 195,2023-04-06,16:00:00,21,13,8,FMN GV 10 Beerse
39,Antwerpseweg 195,2023-04-06,17:00:00,18,10,8,FMN GV 10 Beerse
39,Antwerpseweg 195,2023-04-06,18:00:00,6,5,1,FMN GV 10 Beerse
39,Antwerpseweg 195,2023-04-06,19:00:00,5,5,0,FMN GV 10 Beerse
39,Antwerpseweg 195,2023-04-06,20:00:00,3,3,0,FMN GV 10 Beerse
39,Antwerpseweg 195,2023-04-06,21:00:00,1,0,1,FMN GV 10 Beerse
39,Antwerpseweg 195,2023-04-06,22:00:00,2,1,1,FMN GV 10 Beerse
39,Antwerpseweg 195,2023-04-06,23:00:00,1,1,0,FMN GV 10 Beerse
39,Antwerpseweg 195,2023-04-07,00:00:00,0,0,0,FMN GV 10 Beerse
39,Antwerpseweg 195,2023-04-07,01:00:00,0,0,0,FMN GV 10 Beerse
39,Antwerpseweg 195,2023-04-07,02:00:00,0,0,0,FMN GV 10 Beerse
39,Antwerpseweg 195,2023-04-07,03:00:00,0,0,0,FMN GV 10 Beerse
39,Antwerpseweg 195,2023-04-07,04:00:00,2,2,0,FMN GV 10 Beerse
39,Antwerpseweg 195,2023-04-07,05:00:00,11,11,0,FMN GV 10 Beerse
39,Antwerpseweg 195,2023-04-07,06:00:00,8,8,0,FMN GV 10 Beerse
39,Antwerpseweg 195,2023-04-07,07:00:00,33,27,6,FMN GV 10 Beerse
39,Antwerpseweg 195,2023-04-07,08:00:00,7,6,1,FMN GV 10 Beerse
39,Antwerpseweg 195,2023-04-07,09:00:00,6,6,0,FMN GV 10 Beerse
39,Antwerpseweg 195,2023-04-07,10:00:00,8,7,1,FMN GV 10 Beerse
39,Antwerpseweg 195,2023-04-07,11:00:00,8,6,2,FMN GV 10 Beerse
39,Antwerpseweg 195,2023-04-07,12:00:00,13,8,5,FMN GV 10 Beerse
39,Antwerpseweg 195,2023-04-07,13:00:00,30,22,8,FMN GV 10 Beerse
39,Antwerpseweg 195,2023-04-07,14:00:00,16,12,4,FMN GV 10 Beerse
39,Antwerpseweg 195,2023-04-07,15:00:00,15,12,3,FMN GV 10 Beerse
39,Antwerpseweg 195,2023-04-07,16:00:00,22,11,11,FMN GV 10 Beerse
39,Antwerpseweg 195,2023-04-07,17:00:00,16,8,8,FMN GV 10 Beerse
39,Antwerpseweg 195,2023-04-07,18:00:00,9,4,5,FMN GV 10 Beerse
39,Antwerpseweg 195,2023-04-07,19:00:00,9,5,4,FMN GV 10 Beerse
39,Antwerpseweg 195,2023-04-07,20:00:00,10,2,8,FMN GV 10 Beerse
39,Antwerpseweg 195,2023-04-07,21:00:00,9,4,5,FMN GV 10 Beerse
39,Antwerpseweg 195,2023-04-07,22:00:00,5,3,2,FMN GV 10 Beerse
39,Antwerpseweg 195,2023-04-07,23:00:00,2,1,1,FMN GV 10 Beerse
39,Antwerpseweg 195,2023-04-08,00:00:00,1,1,0,FMN GV 10 Beerse
39,Antwerpseweg 195,2023-04-08,01:00:00,8,5,3,FMN GV 10 Beerse
39,Antwerpseweg 195,2023-04-08,02:00:00,6,6,0,FMN GV 10 Beerse
39,Antwerpseweg 195,2023-04-08,03:00:00,4,2,2,FMN GV 10 Beerse
39,Antwerpseweg 195,2023-04-08,04:00:00,3,3,0,FMN GV 10 Beerse
39,Antwerpseweg 195,2023-04-08,05:00:00,3,3,0,FMN GV 10 Beerse
39,Antwerpseweg 195,2023-04-08,06:00:00,1,1,0,FMN GV 10 Beerse
39,Antwerpseweg 195,2023-04-08,07:00:00,2,2,0,FMN GV 10 Beerse
39,Antwerpseweg 195,2023-04-08,08:00:00,10,4,6,FMN GV 10 Beerse
39,Antwerpseweg 195,2023-04-08,09:00:00,12,10,2,FMN GV 10 Beerse
39,Antwerpseweg 195,2023-04-08,10:00:00,13,7,6,FMN GV 10 Beerse
39,Antwerpseweg 195,2023-04-08,11:00:00,19,15,4,FMN GV 10 Beerse
39,Antwerpseweg 195,2023-04-08,12:00:00,20,13,7,FMN GV 10 Beerse
39,Antwerpseweg 195,2023-04-08,13:00:00,27,19,8,FMN GV 10 Beerse
39,Antwerpseweg 195,2023-04-08,14:00:00,51,33,18,FMN GV 10 Beerse
39,Antwerpseweg 195,2023-04-08,15:00:00,38,23,15,FMN GV 10 Beerse
39,Antwerpseweg 195,2023-04-08,16:00:00,24,19,5,FMN GV 10 Beerse
39,Antwerpseweg 195,2023-04-08,17:00:00,17,9,8,FMN GV 10 Beerse
39,Antwerpseweg 195,2023-04-08,18:00:00,10,8,2,FMN GV 10 Beerse
39,Antwerpseweg 195,2023-04-08,19:00:00,5,2,3,FMN GV 10 Beerse
39,Antwerpseweg 195,2023-04-08,20:00:00,6,2,4,FMN GV 10 Beerse
39,Antwerpseweg 195,2023-04-08,21:00:00,7,6,1,FMN GV 10 Beerse
39,Antwerpseweg 195,2023-04-08,22:00:00,4,3,1,FMN GV 10 Beerse
39,Antwerpseweg 195,2023-04-08,23:00:00,1,1,0,FMN GV 10 Beerse
39,Antwerpseweg 195,2023-04-09,00:00:00,1,1,0,FMN GV 10 Beerse
39,Antwerpseweg 195,2023-04-09,01:00:00,5,4,1,FMN GV 10 Beerse
39,Antwerpseweg 195,2023-04-09,02:00:00,0,0,0,FMN GV 10 Beerse
39,Antwerpseweg 195,2023-04-09,03:00:00,0,0,0,FMN GV 10 Beerse
39,Antwerpseweg 195,2023-04-09,04:00:00,1,1,0,FMN GV 10 Beerse
39,Antwerpseweg 195,2023-04-09,05:00:00,1,1,0,FMN GV 10 Beerse
39,Antwerpseweg 195,2023-04-09,06:00:00,1,1,0,FMN GV 10 Beerse
39,Antwerpseweg 195,2023-04-09,07:00:00,3,1,2,FMN GV 10 Beerse
39,Antwerpseweg 195,2023-04-09,08:00:00,10,6,4,FMN GV 10 Beerse
39,Antwerpseweg 195,2023-04-09,09:00:00,9,7,2,FMN GV 10 Beerse
39,Antwerpseweg 195,2023-04-09,10:00:00,21,11,10,FMN GV 10 Beerse
39,Antwerpseweg 195,2023-04-09,11:00:00,27,16,11,FMN GV 10 Beerse
39,Antwerpseweg 195,2023-04-09,12:00:00,28,16,12,FMN GV 10 Beerse
39,Antwerpseweg 195,2023-04-09,13:00:00,33,28,5,FMN GV 10 Beerse
39,Antwerpseweg 195,2023-04-09,14:00:00,51,33,18,FMN GV 10 Beerse
39,Antwerpseweg 195,2023-04-09,15:00:00,37,23,14,FMN GV 10 Beerse
39,Antwerpseweg 195,2023-04-09,16:00:00,18,8,10,FMN GV 10 Beerse
39,Antwerpseweg 195,2023-04-09,17:00:00,25,22,3,FMN GV 10 Beerse
39,Antwerpseweg 195,2023-04-09,18:00:00,13,9,4,FMN GV 10 Beerse
39,Antwerpseweg 195,2023-04-09,19:00:00,17,9,8,FMN GV 10 Beerse
39,Antwerpseweg 195,2023-04-09,20:00:00,12,9,3,FMN GV 10 Beerse
39,Antwerpseweg 195,2023-04-09,21:00:00,6,2,4,FMN GV 10 Beerse
39,Antwerpseweg 195,2023-04-09,22:00:00,1,1,0,FMN GV 10 Beerse
39,Antwerpseweg 195,2023-04-09,23:00:00,1,1,0,FMN GV 10 Beerse
39,Antwerpseweg 195,2023-04-10,00:00:00,1,1,0,FMN GV 10 Beerse
39,Antwerpseweg 195,2023-04-10,01:00:00,1,1,0,FMN GV 10 Beerse
39,Antwerpseweg 195,2023-04-10,02:00:00,0,0,0,FMN GV 10 Beerse
39,Antwerpseweg 195,2023-04-10,03:00:00,1,1,0,FMN GV 10 Beerse
39,Antwerpseweg 195,2023-04-10,04:00:00,0,0,0,FMN GV 10 Beerse
39,Antwerpseweg 195,2023-04-10,05:00:00,2,2,0,FMN GV 10 Beerse
39,Antwerpseweg 195,2023-04-10,06:00:00,3,2,1,FMN GV 10 Beerse
39,Antwerpseweg 195,2023-04-10,07:00:00,1,1,0,FMN GV 10 Beerse
39,Antwerpseweg 195,2023-04-10,08:00:00,6,3,3,FMN GV 10 Beerse
39,Antwerpseweg 195,2023-04-10,09:00:00,8,6,2,FMN GV 10 Beerse
39,Antwerpseweg 195,2023-04-10,10:00:00,14,11,3,FMN GV 10 Beerse
39,Antwerpseweg 195,2023-04-10,11:00:00,29,18,11,FMN GV 10 Beerse
39,Antwerpseweg 195,2023-04-10,12:00:00,9,5,4,FMN GV 10 Beerse
39,Antwerpseweg 195,2023-04-10,13:00:00,20,11,9,FMN GV 10 Beerse
39,Antwerpseweg 195,2023-04-10,14:00:00,23,16,7,FMN GV 10 Beerse
39,Antwerpseweg 195,2023-04-10,15:00:00,10,8,2,FMN GV 10 Beerse
39,Antwerpseweg 195,2023-04-10,16:00:00,6,3,3,FMN GV 10 Beerse
39,Antwerpseweg 195,2023-04-10,17:00:00,4,3,1,FMN GV 10 Beerse
39,Antwerpseweg 195,2023-04-10,18:00:00,5,4,1,FMN GV 10 Beerse
39,Antwerpseweg 195,2023-04-10,19:00:00,2,2,0,FMN GV 10 Beerse
39,Antwerpseweg 195,2023-04-10,20:00:00,1,1,0,FMN GV 10 Beerse
39,Antwerpseweg 195,2023-04-10,21:00:00,2,2,0,FMN GV 10 Beerse
39,Antwerpseweg 195,2023-04-10,22:00:00,2,2,0,FMN GV 10 Beerse
39,Antwerpseweg 195,2023-04-10,23:00:00,1,0,1,FMN GV 10 Beerse
39,Antwerpseweg 195,2023-04-11,00:00:00,0,0,0,FMN GV 10 Beerse
39,Antwerpseweg 195,2023-04-11,01:00:00,0,0,0,FMN GV 10 Beerse
39,Antwerpseweg 195,2023-04-11,02:00:00,1,1,0,FMN GV 10 Beerse
39,Antwerpseweg 195,2023-04-11,03:00:00,1,0,1,FMN GV 10 Beerse
39,Antwerpseweg 195,2023-04-11,04:00:00,2,2,0,FMN GV 10 Beerse
39,Antwerpseweg 195,2023-04-11,05:00:00,9,9,0,FMN GV 10 Beerse
39,Antwerpseweg 195,2023-04-11,06:00:00,16,13,3,FMN GV 10 Beerse
39,Antwerpseweg 195,2023-04-11,07:00:00,41,37,4,FMN GV 10 Beerse
39,Antwerpseweg 195,2023-04-11,08:00:00,25,24,1,FMN GV 10 Beerse
39,Antwerpseweg 195,2023-04-11,09:00:00,15,10,5,FMN GV 10 Beerse
39,Antwerpseweg 195,2023-04-11,10:00:00,19,14,5,FMN GV 10 Beerse
39,Antwerpseweg 195,2023-04-11,11:00:00,18,7,11,FMN GV 10 Beerse
39,Antwerpseweg 195,2023-04-11,12:00:00,12,4,8,FMN GV 10 Beerse
39,Antwerpseweg 195,2023-04-11,13:00:00,27,23,4,FMN GV 10 Beerse
39,Antwerpseweg 195,2023-04-11,14:00:00,26,16,10,FMN GV 10 Beerse
39,Antwerpseweg 195,2023-04-11,15:00:00,18,13,5,FMN GV 10 Beerse
39,Antwerpseweg 195,2023-04-11,16:00:00,42,21,21,FMN GV 10 Beerse
39,Antwerpseweg 195,2023-04-11,17:00:00,30,18,12,FMN GV 10 Beerse
39,Antwerpseweg 195,2023-04-11,18:00:00,12,8,4,FMN GV 10 Beerse
39,Antwerpseweg 195,2023-04-11,19:00:00,9,8,1,FMN GV 10 Beerse
39,Antwerpseweg 195,2023-04-11,20:00:00,3,2,1,FMN GV 10 Beerse
39,Antwerpseweg 195,2023-04-11,21:00:00,8,3,5,FMN GV 10 Beerse
39,Antwerpseweg 195,2023-04-11,22:00:00,9,6,3,FMN GV 10 Beerse
39,Antwerpseweg 195,2023-04-11,23:00:00,2,2,0,FMN GV 10 Beerse
39,Antwerpseweg 195,2023-04-12,00:00:00,0,0,0,FMN GV 10 Beerse
39,Antwerpseweg 195,2023-04-12,01:00:00,0,0,0,FMN GV 10 Beerse
39,Antwerpseweg 195,2023-04-12,02:00:00,1,1,0,FMN GV 10 Beerse
39,Antwerpseweg 195,2023-04-12,03:00:00,0,0,0,FMN GV 10 Beerse
39,Antwerpseweg 195,2023-04-12,04:00:00,2,2,0,FMN GV 10 Beerse
39,Antwerpseweg 195,2023-04-12,05:00:00,5,5,0,FMN GV 10 Beerse
39,Antwerpseweg 195,2023-04-12,06:00:00,7,6,1,FMN GV 10 Beerse
39,Antwerpseweg 195,2023-04-12,07:00:00,12,12,0,FMN GV 10 Beerse
39,Antwerpseweg 195,2023-04-12,08:00:00,5,5,0,FMN GV 10 Beerse
39,Antwerpseweg 195,2023-04-12,09:00:00,6,4,2,FMN GV 10 Beerse
39,Antwerpseweg 195,2023-04-12,10:00:00,3,1,2,FMN GV 10 Beerse
39,Antwerpseweg 195,2023-04-12,11:00:00,9,5,4,FMN GV 10 Beerse
39,Antwerpseweg 195,2023-04-12,12:00:00,7,4,3,FMN GV 10 Beerse
39,Antwerpseweg 195,2023-04-12,13:00:00,12,9,3,FMN GV 10 Beerse
39,Antwerpseweg 195,2023-04-12,14:00:00,3,1,2,FMN GV 10 Beerse
39,Antwerpseweg 195,2023-04-12,15:00:00,10,7,3,FMN GV 10 Beerse
39,Antwerpseweg 195,2023-04-12,16:00:00,10,5,5,FMN GV 10 Beerse
39,Antwerpseweg 195,2023-04-12,17:00:00,12,7,5,FMN GV 10 Beerse
39,Antwerpseweg 195,2023-04-12,18:00:00,7,5,2,FMN GV 10 Beerse
39,Antwerpseweg 195,2023-04-12,19:00:00,8,4,4,FMN GV 10 Beerse
39,Antwerpseweg 195,2023-04-12,20:00:00,4,3,1,FMN GV 10 Beerse
39,Antwerpseweg 195,2023-04-12,21:00:00,6,5,1,FMN GV 10 Beerse
39,Antwerpseweg 195,2023-04-12,22:00:00,8,5,3,FMN GV 10 Beerse
39,Antwerpseweg 195,2023-04-12,23:00:00,0,0,0,FMN GV 10 Beerse
39,Antwerpseweg 195,2023-04-13,00:00:00,2,1,1,FMN GV 10 Beerse
39,Antwerpseweg 195,2023-04-13,01:00:00,0,0,0,FMN GV 10 Beerse
39,Antwerpseweg 195,2023-04-13,02:00:00,0,0,0,FMN GV 10 Beerse
39,Antwerpseweg 195,2023-04-13,03:00:00,1,0,1,FMN GV 10 Beerse
39,Antwerpseweg 195,2023-04-13,04:00:00,2,2,0,FMN GV 10 Beerse
39,Antwerpseweg 195,2023-04-13,05:00:00,10,10,0,FMN GV 10 Beerse
39,Antwerpseweg 195,2023-04-13,06:00:00,12,10,2,FMN GV 10 Beerse
39,Antwerpseweg 195,2023-04-13,07:00:00,26,23,3,FMN GV 10 Beerse
39,Antwerpseweg 195,2023-04-13,08:00:00,11,7,4,FMN GV 10 Beerse
39,Antwerpseweg 195,2023-04-13,09:00:00,14,10,4,FMN GV 10 Beerse
39,Antwerpseweg 195,2023-04-13,10:00:00,5,4,1,FMN GV 10 Beerse
39,Antwerpseweg 195,2023-04-13,11:00:00,7,5,2,FMN GV 10 Beerse
39,Antwerpseweg 195,2023-04-13,12:00:00,15,11,4,FMN GV 10 Beerse
39,Antwerpseweg 195,2023-04-13,13:00:00,17,14,3,FMN GV 10 Beerse
39,Antwerpseweg 195,2023-04-13,14:00:00,15,13,2,FMN GV 10 Beerse
39,Antwerpseweg 195,2023-04-13,15:00:00,22,7,15,FMN GV 10 Beerse
39,Antwerpseweg 195,2023-04-13,16:00:00,28,21,7,FMN GV 10 Beerse
39,Antwerpseweg 195,2023-04-13,17:00:00,19,13,6,FMN GV 10 Beerse
39,Antwerpseweg 195,2023-04-13,18:00:00,24,16,8,FMN GV 10 Beerse
39,Antwerpseweg 195,2023-04-13,19:00:00,8,5,3,FMN GV 10 Beerse
39,Antwerpseweg 195,2023-04-13,20:00:00,8,7,1,FMN GV 10 Beerse
39,Antwerpseweg 195,2023-04-13,21:00:00,5,4,1,FMN GV 10 Beerse
39,Antwerpseweg 195,2023-04-13,22:00:00,5,3,2,FMN GV 10 Beerse
39,Antwerpseweg 195,2023-04-13,23:00:00,5,1,4,FMN GV 10 Beerse
39,Antwerpseweg 195,2023-04-14,00:00:00,0,0,0,FMN GV 10 Beerse
39,Antwerpseweg 195,2023-04-14,01:00:00,2,2,0,FMN GV 10 Beerse
39,Antwerpseweg 195,2023-04-14,02:00:00,1,1,0,FMN GV 10 Beerse
39,Antwerpseweg 195,2023-04-14,03:00:00,0,0,0,FMN GV 10 Beerse
39,Antwerpseweg 195,2023-04-14,04:00:00,3,3,0,FMN GV 10 Beerse
39,Antwerpseweg 195,2023-04-14,05:00:00,8,8,0,FMN GV 10 Beerse
39,Antwerpseweg 195,2023-04-14,06:00:00,12,11,1,FMN GV 10 Beerse
39,Antwerpseweg 195,2023-04-14,07:00:00,35,28,7,FMN GV 10 Beerse
39,Antwerpseweg 195,2023-04-14,08:00:00,23,17,6,FMN GV 10 Beerse
39,Antwerpseweg 195,2023-04-14,09:00:00,7,6,1,FMN GV 10 Beerse
39,Antwerpseweg 195,2023-04-14,10:00:00,7,7,0,FMN GV 10 Beerse
39,Antwerpseweg 195,2023-04-14,11:00:00,20,11,9,FMN GV 10 Beerse
39,Antwerpseweg 195,2023-04-14,12:00:00,25,20,5,FMN GV 10 Beerse
39,Antwerpseweg 195,2023-04-14,13:00:00,18,12,6,FMN GV 10 Beerse
39,Antwerpseweg 195,2023-04-14,14:00:00,50,30,20,FMN GV 10 Beerse
39,Antwerpseweg 195,2023-04-14,15:00:00,27,19,8,FMN GV 10 Beerse
39,Antwerpseweg 195,2023-04-14,16:00:00,28,15,13,FMN GV 10 Beerse
39,Antwerpseweg 195,2023-04-14,17:00:00,26,11,15,FMN GV 10 Beerse
39,Antwerpseweg 195,2023-04-14,18:00:00,12,5,7,FMN GV 10 Beerse
39,Antwerpseweg 195,2023-04-14,19:00:00,6,3,3,FMN GV 10 Beerse
39,Antwerpseweg 195,2023-04-14,20:00:00,6,3,3,FMN GV 10 Beerse
39,Antwerpseweg 195,2023-04-14,21:00:00,2,2,0,FMN GV 10 Beerse
39,Antwerpseweg 195,2023-04-14,22:00:00,6,5,1,FMN GV 10 Beerse
39,Antwerpseweg 195,2023-04-14,23:00:00,2,2,0,FMN GV 10 Beerse
39,Antwerpseweg 195,2023-04-15,00:00:00,0,0,0,FMN GV 10 Beerse
39,Antwerpseweg 195,2023-04-15,01:00:00,3,2,1,FMN GV 10 Beerse
39,Antwerpseweg 195,2023-04-15,02:00:00,2,2,0,FMN GV 10 Beerse
39,Antwerpseweg 195,2023-04-15,03:00:00,2,2,0,FMN GV 10 Beerse
39,Antwerpseweg 195,2023-04-15,04:00:00,0,0,0,FMN GV 10 Beerse
39,Antwerpseweg 195,2023-04-15,05:00:00,1,1,0,FMN GV 10 Beerse
39,Antwerpseweg 195,2023-04-15,06:00:00,3,3,0,FMN GV 10 Beerse
39,Antwerpseweg 195,2023-04-15,07:00:00,3,3,0,FMN GV 10 Beerse
39,Antwerpseweg 195,2023-04-15,08:00:00,9,6,3,FMN GV 10 Beerse
39,Antwerpseweg 195,2023-04-15,09:00:00,21,10,11,FMN GV 10 Beerse
39,Antwerpseweg 195,2023-04-15,10:00:00,13,9,4,FMN GV 10 Beerse
39,Antwerpseweg 195,2023-04-15,11:00:00,19,15,4,FMN GV 10 Beerse
39,Antwerpseweg 195,2023-04-15,12:00:00,15,12,3,FMN GV 10 Beerse
39,Antwerpseweg 195,2023-04-15,13:00:00,42,30,12,FMN GV 10 Beerse
39,Antwerpseweg 195,2023-04-15,14:00:00,51,39,12,FMN GV 10 Beerse
39,Antwerpseweg 195,2023-04-15,15:00:00,39,27,12,FMN GV 10 Beerse
39,Antwerpseweg 195,2023-04-15,16:00:00,18,9,9,FMN GV 10 Beerse
39,Antwerpseweg 195,2023-04-15,17:00:00,22,16,6,FMN GV 10 Beerse
39,Antwerpseweg 195,2023-04-15,18:00:00,14,6,8,FMN GV 10 Beerse
39,Antwerpseweg 195,2023-04-15,19:00:00,7,7,0,FMN GV 10 Beerse
39,Antwerpseweg 195,2023-04-15,20:00:00,7,3,4,FMN GV 10 Beerse
39,Antwerpseweg 195,2023-04-15,21:00:00,2,0,2,FMN GV 10 Beerse
39,Antwerpseweg 195,2023-04-15,22:00:00,2,2,0,FMN GV 10 Beerse
39,Antwerpseweg 195,2023-04-15,23:00:00,3,1,2,FMN GV 10 Beerse
39,Antwerpseweg 195,2023-04-16,00:00:00,5,4,1,FMN GV 10 Beerse
39,Antwerpseweg 195,2023-04-16,01:00:00,1,1,0,FMN GV 10 Beerse
39,Antwerpseweg 195,2023-04-16,02:00:00,4,1,3,FMN GV 10 Beerse
39,Antwerpseweg 195,2023-04-16,03:00:00,3,2,1,FMN GV 10 Beerse
39,Antwerpseweg 195,2023-04-16,04:00:00,0,0,0,FMN GV 10 Beerse
39,Antwerpseweg 195,2023-04-16,05:00:00,4,3,1,FMN GV 10 Beerse
39,Antwerpseweg 195,2023-04-16,06:00:00,1,1,0,FMN GV 10 Beerse
39,Antwerpseweg 195,2023-04-16,07:00:00,1,1,0,FMN GV 10 Beerse
39,Antwerpseweg 195,2023-04-16,08:00:00,4,3,1,FMN GV 10 Beerse
39,Antwerpseweg 195,2023-04-16,09:00:00,14,7,7,FMN GV 10 Beerse
39,Antwerpseweg 195,2023-04-16,10:00:00,12,10,2,FMN GV 10 Beerse
39,Antwerpseweg 195,2023-04-16,11:00:00,13,4,9,FMN GV 10 Beerse
39,Antwerpseweg 195,2023-04-16,12:00:00,6,5,1,FMN GV 10 Beerse
39,Antwerpseweg 195,2023-04-16,13:00:00,17,11,6,FMN GV 10 Beerse
39,Antwerpseweg 195,2023-04-16,14:00:00,13,9,4,FMN GV 10 Beerse
39,Antwerpseweg 195,2023-04-16,15:00:00,19,8,11,FMN GV 10 Beerse
39,Antwerpseweg 195,2023-04-16,16:00:00,14,4,10,FMN GV 10 Beerse
39,Antwerpseweg 195,2023-04-16,17:00:00,11,6,5,FMN GV 10 Beerse
39,Antwerpseweg 195,2023-04-16,18:00:00,12,9,3,FMN GV 10 Beerse
39,Antwerpseweg 195,2023-04-16,19:00:00,11,6,5,FMN GV 10 Beerse
39,Antwerpseweg 195,2023-04-16,20:00:00,4,2,2,FMN GV 10 Beerse
39,Antwerpseweg 195,2023-04-16,21:00:00,4,2,2,FMN GV 10 Beerse
39,Antwerpseweg 195,2023-04-16,22:00:00,2,2,0,FMN GV 10 Beerse
39,Antwerpseweg 195,2023-04-16,23:00:00,1,0,1,FMN GV 10 Beerse
39,Antwerpseweg 195,2023-04-17,00:00:00,0,0,0,FMN GV 10 Beerse
39,Antwerpseweg 195,2023-04-17,01:00:00,0,0,0,FMN GV 10 Beerse
39,Antwerpseweg 195,2023-04-17,02:00:00,0,0,0,FMN GV 10 Beerse
39,Antwerpseweg 195,2023-04-17,03:00:00,0,0,0,FMN GV 10 Beerse
39,Antwerpseweg 195,2023-04-17,04:00:00,2,2,0,FMN GV 10 Beerse
39,Antwerpseweg 195,2023-04-17,05:00:00,14,14,0,FMN GV 10 Beerse
39,Antwerpseweg 195,2023-04-17,06:00:00,18,17,1,FMN GV 10 Beerse
39,Antwerpseweg 195,2023-04-17,07:00:00,71,60,11,FMN GV 10 Beerse
39,Antwerpseweg 195,2023-04-17,08:00:00,36,30,6,FMN GV 10 Beerse
39,Antwerpseweg 195,2023-04-17,09:00:00,9,8,1,FMN GV 10 Beerse
39,Antwerpseweg 195,2023-04-17,10:00:00,10,9,1,FMN GV 10 Beerse
39,Antwerpseweg 195,2023-04-17,11:00:00,7,7,0,FMN GV 10 Beerse
39,Antwerpseweg 195,2023-04-17,12:00:00,20,13,7,FMN GV 10 Beerse
39,Antwerpseweg 195,2023-04-17,13:00:00,44,34,10,FMN GV 10 Beerse
39,Antwerpseweg 195,2023-04-17,14:00:00,38,23,15,FMN GV 10 Beerse
39,Antwerpseweg 195,2023-04-17,15:00:00,37,27,10,FMN GV 10 Beerse
39,Antwerpseweg 195,2023-04-17,16:00:00,91,64,27,FMN GV 10 Beerse
39,Antwerpseweg 195,2023-04-17,17:00:00,35,23,12,FMN GV 10 Beerse
39,Antwerpseweg 195,2023-04-17,18:00:00,20,14,6,FMN GV 10 Beerse
39,Antwerpseweg 195,2023-04-17,19:00:00,16,11,5,FMN GV 10 Beerse
39,Antwerpseweg 195,2023-04-17,20:00:00,9,6,3,FMN GV 10 Beerse
39,Antwerpseweg 195,2023-04-17,21:00:00,11,8,3,FMN GV 10 Beerse
39,Antwerpseweg 195,2023-04-17,22:00:00,10,7,3,FMN GV 10 Beerse
39,Antwerpseweg 195,2023-04-17,23:00:00,0,0,0,FMN GV 10 Beerse
39,Antwerpseweg 195,2023-04-18,00:00:00,1,0,1,FMN GV 10 Beerse
39,Antwerpseweg 195,2023-04-18,01:00:00,0,0,0,FMN GV 10 Beerse
39,Antwerpseweg 195,2023-04-18,02:00:00,0,0,0,FMN GV 10 Beerse
39,Antwerpseweg 195,2023-04-18,03:00:00,0,0,0,FMN GV 10 Beerse
39,Antwerpseweg 195,2023-04-18,04:00:00,3,3,0,FMN GV 10 Beerse
39,Antwerpseweg 195,2023-04-18,05:00:00,16,15,1,FMN GV 10 Beerse
39,Antwerpseweg 195,2023-04-18,06:00:00,13,11,2,FMN GV 10 Beerse
39,Antwerpseweg 195,2023-04-18,07:00:00,66,50,16,FMN GV 10 Beerse
39,Antwerpseweg 195,2023-04-18,08:00:00,34,30,4,FMN GV 10 Beerse
39,Antwerpseweg 195,2023-04-18,09:00:00,10,8,2,FMN GV 10 Beerse
39,Antwerpseweg 195,2023-04-18,10:00:00,5,5,0,FMN GV 10 Beerse
39,Antwerpseweg 195,2023-04-18,11:00:00,9,8,1,FMN GV 10 Beerse
39,Antwerpseweg 195,2023-04-18,12:00:00,19,11,8,FMN GV 10 Beerse
39,Antwerpseweg 195,2023-04-18,13:00:00,61,43,18,FMN GV 10 Beerse
39,Antwerpseweg 195,2023-04-18,14:00:00,44,29,15,FMN GV 10 Beerse
39,Antwerpseweg 195,2023-04-18,15:00:00,50,37,13,FMN GV 10 Beerse
39,Antwerpseweg 195,2023-04-18,16:00:00,102,73,29,FMN GV 10 Beerse
39,Antwerpseweg 195,2023-04-18,17:00:00,54,34,20,FMN GV 10 Beerse
39,Antwerpseweg 195,2023-04-18,18:00:00,32,20,12,FMN GV 10 Beerse
39,Antwerpseweg 195,2023-04-18,19:00:00,15,9,6,FMN GV 10 Beerse
39,Antwerpseweg 195,2023-04-18,20:00:00,11,8,3,FMN GV 10 Beerse
39,Antwerpseweg 195,2023-04-18,21:00:00,8,6,2,FMN GV 10 Beerse
39,Antwerpseweg 195,2023-04-18,22:00:00,7,4,3,FMN GV 10 Beerse
39,Antwerpseweg 195,2023-04-18,23:00:00,2,2,0,FMN GV 10 Beerse
39,Antwerpseweg 195,2023-04-19,00:00:00,1,0,1,FMN GV 10 Beerse
39,Antwerpseweg 195,2023-04-19,01:00:00,0,0,0,FMN GV 10 Beerse
39,Antwerpseweg 195,2023-04-19,02:00:00,0,0,0,FMN GV 10 Beerse
39,Antwerpseweg 195,2023-04-19,03:00:00,0,0,0,FMN GV 10 Beerse
39,Antwerpseweg 195,2023-04-19,04:00:00,4,4,0,FMN GV 10 Beerse
39,Antwerpseweg 195,2023-04-19,05:00:00,13,13,0,FMN GV 10 Beerse
39,Antwerpseweg 195,2023-04-19,06:00:00,12,9,3,FMN GV 10 Beerse
39,Antwerpseweg 195,2023-04-19,07:00:00,70,58,12,FMN GV 10 Beerse
39,Antwerpseweg 195,2023-04-19,08:00:00,48,40,8,FMN GV 10 Beerse
39,Antwerpseweg 195,2023-04-19,09:00:00,20,17,3,FMN GV 10 Beerse
39,Antwerpseweg 195,2023-04-19,10:00:00,18,14,4,FMN GV 10 Beerse
39,Antwerpseweg 195,2023-04-19,11:00:00,24,13,11,FMN GV 10 Beerse
39,Antwerpseweg 195,2023-04-19,12:00:00,91,71,20,FMN GV 10 Beerse
39,Antwerpseweg 195,2023-04-19,13:00:00,56,49,7,FMN GV 10 Beerse
39,Antwerpseweg 195,2023-04-19,14:00:00,47,37,10,FMN GV 10 Beerse
39,Antwerpseweg 195,2023-04-19,15:00:00,38,25,13,FMN GV 10 Beerse
39,Antwerpseweg 195,2023-04-19,16:00:00,39,27,12,FMN GV 10 Beerse
39,Antwerpseweg 195,2023-04-19,17:00:00,46,26,20,FMN GV 10 Beerse
39,Antwerpseweg 195,2023-04-19,18:00:00,37,25,12,FMN GV 10 Beerse
39,Antwerpseweg 195,2023-04-19,19:00:00,6,4,2,FMN GV 10 Beerse
39,Antwerpseweg 195,2023-04-19,20:00:00,10,8,2,FMN GV 10 Beerse
39,Antwerpseweg 195,2023-04-19,21:00:00,15,12,3,FMN GV 10 Beerse
39,Antwerpseweg 195,2023-04-19,22:00:00,8,4,4,FMN GV 10 Beerse
39,Antwerpseweg 195,2023-04-19,23:00:00,0,0,0,FMN GV 10 Beerse
39,Antwerpseweg 195,2023-04-20,00:00:00,0,0,0,FMN GV 10 Beerse
39,Antwerpseweg 195,2023-04-20,01:00:00,1,1,0,FMN GV 10 Beerse
39,Antwerpseweg 195,2023-04-20,02:00:00,0,0,0,FMN GV 10 Beerse
39,Antwerpseweg 195,2023-04-20,03:00:00,0,0,0,FMN GV 10 Beerse
39,Antwerpseweg 195,2023-04-20,04:00:00,3,3,0,FMN GV 10 Beerse
39,Antwerpseweg 195,2023-04-20,05:00:00,9,9,0,FMN GV 10 Beerse
39,Antwerpseweg 195,2023-04-20,06:00:00,15,12,3,FMN GV 10 Beerse
39,Antwerpseweg 195,2023-04-20,07:00:00,51,42,9,FMN GV 10 Beerse
39,Antwerpseweg 195,2023-04-20,08:00:00,14,9,5,FMN GV 10 Beerse
39,Antwerpseweg 195,2023-04-20,09:00:00,10,7,3,FMN GV 10 Beerse
39,Antwerpseweg 195,2023-04-20,10:00:00,12,6,6,FMN GV 10 Beerse
39,Antwerpseweg 195,2023-04-20,11:00:00,10,9,1,FMN GV 10 Beerse
39,Antwerpseweg 195,2023-04-20,12:00:00,8,5,3,FMN GV 10 Beerse
39,Antwerpseweg 195,2023-04-20,13:00:00,12,10,2,FMN GV 10 Beerse
39,Antwerpseweg 195,2023-04-20,14:00:00,21,11,10,FMN GV 10 Beerse
39,Antwerpseweg 195,2023-04-20,15:00:00,22,16,6,FMN GV 10 Beerse
39,Antwerpseweg 195,2023-04-20,16:00:00,61,47,14,FMN GV 10 Beerse
39,Antwerpseweg 195,2023-04-20,17:00:00,22,10,12,FMN GV 10 Beerse
39,Antwerpseweg 195,2023-04-20,18:00:00,16,11,5,FMN GV 10 Beerse
39,Antwerpseweg 195,2023-04-20,19:00:00,1,1,0,FMN GV 10 Beerse
39,Antwerpseweg 195,2023-04-20,20:00:00,5,3,2,FMN GV 10 Beerse
39,Antwerpseweg 195,2023-04-20,21:00:00,6,5,1,FMN GV 10 Beerse
39,Antwerpseweg 195,2023-04-20,22:00:00,4,2,2,FMN GV 10 Beerse
39,Antwerpseweg 195,2023-04-20,23:00:00,0,0,0,FMN GV 10 Beerse
39,Antwerpseweg 195,2023-04-21,00:00:00,0,0,0,FMN GV 10 Beerse
39,Antwerpseweg 195,2023-04-21,01:00:00,0,0,0,FMN GV 10 Beerse
39,Antwerpseweg 195,2023-04-21,02:00:00,0,0,0,FMN GV 10 Beerse
39,Antwerpseweg 195,2023-04-21,03:00:00,0,0,0,FMN GV 10 Beerse
39,Antwerpseweg 195,2023-04-21,04:00:00,3,3,0,FMN GV 10 Beerse
39,Antwerpseweg 195,2023-04-21,05:00:00,10,10,0,FMN GV 10 Beerse
39,Antwerpseweg 195,2023-04-21,06:00:00,13,10,3,FMN GV 10 Beerse
39,Antwerpseweg 195,2023-04-21,07:00:00,54,48,6,FMN GV 10 Beerse
39,Antwerpseweg 195,2023-04-21,08:00:00,20,15,5,FMN GV 10 Beerse
39,Antwerpseweg 195,2023-04-21,09:00:00,16,12,4,FMN GV 10 Beerse
39,Antwerpseweg 195,2023-04-21,10:00:00,13,9,4,FMN GV 10 Beerse
39,Antwerpseweg 195,2023-04-21,11:00:00,18,13,5,FMN GV 10 Beerse
39,Antwerpseweg 195,2023-04-21,12:00:00,22,17,5,FMN GV 10 Beerse
39,Antwerpseweg 195,2023-04-21,13:00:00,38,32,6,FMN GV 10 Beerse
39,Antwerpseweg 195,2023-04-21,14:00:00,31,17,14,FMN GV 10 Beerse
39,Antwerpseweg 195,2023-04-21,15:00:00,61,54,7,FMN GV 10 Beerse
39,Antwerpseweg 195,2023-04-21,16:00:00,56,41,15,FMN GV 10 Beerse
39,Antwerpseweg 195,2023-04-21,17:00:00,25,14,11,FMN GV 10 Beerse
39,Antwerpseweg 195,2023-04-21,18:00:00,17,11,6,FMN GV 10 Beerse
39,Antwerpseweg 195,2023-04-21,19:00:00,8,6,2,FMN GV 10 Beerse
39,Antwerpseweg 195,2023-04-21,20:00:00,11,7,4,FMN GV 10 Beerse
39,Antwerpseweg 195,2023-04-21,21:00:00,2,2,0,FMN GV 10 Beerse
39,Antwerpseweg 195,2023-04-21,22:00:00,5,5,0,FMN GV 10 Beerse
39,Antwerpseweg 195,2023-04-21,23:00:00,4,3,1,FMN GV 10 Beerse
39,Antwerpseweg 195,2023-04-22,00:00:00,7,2,5,FMN GV 10 Beerse
39,Antwerpseweg 195,2023-04-22,01:00:00,4,2,2,FMN GV 10 Beerse
39,Antwerpseweg 195,2023-04-22,02:00:00,2,1,1,FMN GV 10 Beerse
39,Antwerpseweg 195,2023-04-22,03:00:00,0,0,0,FMN GV 10 Beerse
39,Antwerpseweg 195,2023-04-22,04:00:00,0,0,0,FMN GV 10 Beerse
39,Antwerpseweg 195,2023-04-22,05:00:00,2,2,0,FMN GV 10 Beerse
39,Antwerpseweg 195,2023-04-22,06:00:00,2,2,0,FMN GV 10 Beerse
39,Antwerpseweg 195,2023-04-22,07:00:00,2,2,0,FMN GV 10 Beerse
39,Antwerpseweg 195,2023-04-22,08:00:00,26,22,4,FMN GV 10 Beerse
39,Antwerpseweg 195,2023-04-22,09:00:00,12,6,6,FMN GV 10 Beerse
39,Antwerpseweg 195,2023-04-22,10:00:00,24,10,14,FMN GV 10 Beerse
39,Antwerpseweg 195,2023-04-22,11:00:00,19,13,6,FMN GV 10 Beerse
39,Antwerpseweg 195,2023-04-22,12:00:00,14,7,7,FMN GV 10 Beerse
39,Antwerpseweg 195,2023-04-22,13:00:00,4,3,1,FMN GV 10 Beerse
39,Antwerpseweg 195,2023-04-22,14:00:00,7,5,2,FMN GV 10 Beerse
39,Antwerpseweg 195,2023-04-22,15:00:00,6,5,1,FMN GV 10 Beerse
39,Antwerpseweg 195,2023-04-22,16:00:00,8,6,2,FMN GV 10 Beerse
39,Antwerpseweg 195,2023-04-22,17:00:00,4,3,1,FMN GV 10 Beerse
39,Antwerpseweg 195,2023-04-22,18:00:00,11,9,2,FMN GV 10 Beerse
39,Antwerpseweg 195,2023-04-22,19:00:00,3,1,2,FMN GV 10 Beerse
39,Antwerpseweg 195,2023-04-22,20:00:00,7,4,3,FMN GV 10 Beerse
39,Antwerpseweg 195,2023-04-22,21:00:00,1,1,0,FMN GV 10 Beerse
39,Antwerpseweg 195,2023-04-22,22:00:00,4,3,1,FMN GV 10 Beerse
39,Antwerpseweg 195,2023-04-22,23:00:00,3,3,0,FMN GV 10 Beerse
39,Antwerpseweg 195,2023-04-23,00:00:00,2,2,0,FMN GV 10 Beerse
39,Antwerpseweg 195,2023-04-23,01:00:00,2,2,0,FMN GV 10 Beerse
39,Antwerpseweg 195,2023-04-23,02:00:00,0,0,0,FMN GV 10 Beerse
39,Antwerpseweg 195,2023-04-23,03:00:00,0,0,0,FMN GV 10 Beerse
39,Antwerpseweg 195,2023-04-23,04:00:00,0,0,0,FMN GV 10 Beerse
39,Antwerpseweg 195,2023-04-23,05:00:00,1,1,0,FMN GV 10 Beerse
39,Antwerpseweg 195,2023-04-23,06:00:00,2,2,0,FMN GV 10 Beerse
39,Antwerpseweg 195,2023-04-23,07:00:00,1,1,0,FMN GV 10 Beerse
39,Antwerpseweg 195,2023-04-23,08:00:00,21,2,19,FMN GV 10 Beerse
39,Antwerpseweg 195,2023-04-23,09:00:00,28,21,7,FMN GV 10 Beerse
39,Antwerpseweg 195,2023-04-23,10:00:00,44,31,13,FMN GV 10 Beerse
39,Antwerpseweg 195,2023-04-23,11:00:00,23,17,6,FMN GV 10 Beerse
39,Antwerpseweg 195,2023-04-23,12:00:00,18,10,8,FMN GV 10 Beerse
39,Antwerpseweg 195,2023-04-23,13:00:00,28,15,13,FMN GV 10 Beerse
39,Antwerpseweg 195,2023-04-23,14:00:00,16,13,3,FMN GV 10 Beerse
39,Antwerpseweg 195,2023-04-23,15:00:00,9,1,8,FMN GV 10 Beerse
39,Antwerpseweg 195,2023-04-23,16:00:00,11,8,3,FMN GV 10 Beerse
39,Antwerpseweg 195,2023-04-23,17:00:00,9,6,3,FMN GV 10 Beerse
39,Antwerpseweg 195,2023-04-23,18:00:00,3,2,1,FMN GV 10 Beerse
39,Antwerpseweg 195,2023-04-23,19:00:00,3,3,0,FMN GV 10 Beerse
39,Antwerpseweg 195,2023-04-23,20:00:00,4,4,0,FMN GV 10 Beerse
39,Antwerpseweg 195,2023-04-23,21:00:00,3,1,2,FMN GV 10 Beerse
39,Antwerpseweg 195,2023-04-23,22:00:00,2,2,0,FMN GV 10 Beerse
39,Antwerpseweg 195,2023-04-23,23:00:00,0,0,0,FMN GV 10 Beerse
39,Antwerpseweg 195,2023-04-24,00:00:00,0,0,0,FMN GV 10 Beerse
39,Antwerpseweg 195,2023-04-24,01:00:00,0,0,0,FMN GV 10 Beerse
39,Antwerpseweg 195,2023-04-24,02:00:00,0,0,0,FMN GV 10 Beerse
39,Antwerpseweg 195,2023-04-24,03:00:00,0,0,0,FMN GV 10 Beerse
39,Antwerpseweg 195,2023-04-24,04:00:00,4,4,0,FMN GV 10 Beerse
39,Antwerpseweg 195,2023-04-24,05:00:00,11,11,0,FMN GV 10 Beerse
39,Antwerpseweg 195,2023-04-24,06:00:00,5,5,0,FMN GV 10 Beerse
39,Antwerpseweg 195,2023-04-24,07:00:00,21,18,3,FMN GV 10 Beerse
39,Antwerpseweg 195,2023-04-24,08:00:00,12,11,1,FMN GV 10 Beerse
39,Antwerpseweg 195,2023-04-24,09:00:00,3,2,1,FMN GV 10 Beerse
39,Antwerpseweg 195,2023-04-24,10:00:00,2,1,1,FMN GV 10 Beerse
39,Antwerpseweg 195,2023-04-24,11:00:00,5,5,0,FMN GV 10 Beerse
39,Antwerpseweg 195,2023-04-24,12:00:00,7,6,1,FMN GV 10 Beerse
39,Antwerpseweg 195,2023-04-24,13:00:00,12,9,3,FMN GV 10 Beerse
39,Antwerpseweg 195,2023-04-24,14:00:00,20,13,7,FMN GV 10 Beerse
39,Antwerpseweg 195,2023-04-24,15:00:00,15,11,4,FMN GV 10 Beerse
39,Antwerpseweg 195,2023-04-24,16:00:00,15,10,5,FMN GV 10 Beerse
39,Antwerpseweg 195,2023-04-24,17:00:00,18,9,9,FMN GV 10 Beerse
39,Antwerpseweg 195,2023-04-24,18:00:00,9,4,5,FMN GV 10 Beerse
39,Antwerpseweg 195,2023-04-24,19:00:00,11,9,2,FMN GV 10 Beerse
39,Antwerpseweg 195,2023-04-24,20:00:00,9,5,4,FMN GV 10 Beerse
39,Antwerpseweg 195,2023-04-24,21:00:00,7,5,2,FMN GV 10 Beerse
39,Antwerpseweg 195,2023-04-24,22:00:00,9,4,5,FMN GV 10 Beerse
39,Antwerpseweg 195,2023-04-24,23:00:00,1,1,0,FMN GV 10 Beerse
39,Antwerpseweg 195,2023-04-25,00:00:00,0,0,0,FMN GV 10 Beerse
39,Antwerpseweg 195,2023-04-25,01:00:00,0,0,0,FMN GV 10 Beerse
39,Antwerpseweg 195,2023-04-25,02:00:00,0,0,0,FMN GV 10 Beerse
39,Antwerpseweg 195,2023-04-25,03:00:00,0,0,0,FMN GV 10 Beerse
39,Antwerpseweg 195,2023-04-25,04:00:00,2,2,0,FMN GV 10 Beerse
39,Antwerpseweg 195,2023-04-25,05:00:00,14,14,0,FMN GV 10 Beerse
39,Antwerpseweg 195,2023-04-25,06:00:00,18,14,4,FMN GV 10 Beerse
39,Antwerpseweg 195,2023-04-25,07:00:00,66,60,6,FMN GV 10 Beerse
39,Antwerpseweg 195,2023-04-25,08:00:00,31,27,4,FMN GV 10 Beerse
39,Antwerpseweg 195,2023-04-25,09:00:00,70,55,15,FMN GV 10 Beerse
39,Antwerpseweg 195,2023-04-25,10:00:00,4,4,0,FMN GV 10 Beerse
39,Antwerpseweg 195,2023-04-25,11:00:00,13,10,3,FMN GV 10 Beerse
39,Antwerpseweg 195,2023-04-25,12:00:00,11,10,1,FMN GV 10 Beerse
39,Antwerpseweg 195,2023-04-25,13:00:00,38,32,6,FMN GV 10 Beerse
39,Antwerpseweg 195,2023-04-25,14:00:00,20,13,7,FMN GV 10 Beerse
39,Antwerpseweg 195,2023-04-25,15:00:00,49,39,10,FMN GV 10 Beerse
39,Antwerpseweg 195,2023-04-25,16:00:00,69,50,19,FMN GV 10 Beerse
39,Antwerpseweg 195,2023-04-25,17:00:00,44,23,21,FMN GV 10 Beerse
39,Antwerpseweg 195,2023-04-25,18:00:00,21,11,10,FMN GV 10 Beerse
39,Antwerpseweg 195,2023-04-25,19:00:00,14,10,4,FMN GV 10 Beerse
39,Antwerpseweg 195,2023-04-25,20:00:00,5,3,2,FMN GV 10 Beerse
39,Antwerpseweg 195,2023-04-25,21:00:00,8,5,3,FMN GV 10 Beerse
39,Antwerpseweg 195,2023-04-25,22:00:00,10,6,4,FMN GV 10 Beerse
39,Antwerpseweg 195,2023-04-25,23:00:00,1,1,0,FMN GV 10 Beerse
39,Antwerpseweg 195,2023-04-26,00:00:00,0,0,0,FMN GV 10 Beerse
39,Antwerpseweg 195,2023-04-26,01:00:00,0,0,0,FMN GV 10 Beerse
39,Antwerpseweg 195,2023-04-26,02:00:00,0,0,0,FMN GV 10 Beerse
39,Antwerpseweg 195,2023-04-26,03:00:00,0,0,0,FMN GV 10 Beerse
39,Antwerpseweg 195,2023-04-26,04:00:00,2,2,0,FMN GV 10 Beerse
39,Antwerpseweg 195,2023-04-26,05:00:00,13,13,0,FMN GV 10 Beerse
39,Antwerpseweg 195,2023-04-26,06:00:00,15,14,1,FMN GV 10 Beerse
39,Antwerpseweg 195,2023-04-26,07:00:00,58,53,5,FMN GV 10 Beerse
39,Antwerpseweg 195,2023-04-26,08:00:00,77,65,12,FMN GV 10 Beerse
39,Antwerpseweg 195,2023-04-26,09:00:00,43,38,5,FMN GV 10 Beerse
39,Antwerpseweg 195,2023-04-26,10:00:00,15,10,5,FMN GV 10 Beerse
39,Antwerpseweg 195,2023-04-26,11:00:00,14,8,6,FMN GV 10 Beerse
39,Antwerpseweg 195,2023-04-26,12:00:00,68,56,12,FMN GV 10 Beerse
39,Antwerpseweg 195,2023-04-26,13:00:00,38,31,7,FMN GV 10 Beerse
39,Antwerpseweg 195,2023-04-26,14:00:00,29,21,8,FMN GV 10 Beerse
39,Antwerpseweg 195,2023-04-26,15:00:00,28,20,8,FMN GV 10 Beerse
39,Antwerpseweg 195,2023-04-26,16:00:00,45,28,17,FMN GV 10 Beerse
39,Antwerpseweg 195,2023-04-26,17:00:00,29,17,12,FMN GV 10 Beerse
39,Antwerpseweg 195,2023-04-26,18:00:00,17,6,11,FMN GV 10 Beerse
39,Antwerpseweg 195,2023-04-26,19:00:00,11,7,4,FMN GV 10 Beerse
39,Antwerpseweg 195,2023-04-26,20:00:00,13,8,5,FMN GV 10 Beerse
39,Antwerpseweg 195,2023-04-26,21:00:00,6,5,1,FMN GV 10 Beerse
39,Antwerpseweg 195,2023-04-26,22:00:00,6,5,1,FMN GV 10 Beerse
39,Antwerpseweg 195,2023-04-26,23:00:00,0,0,0,FMN GV 10 Beerse
39,Antwerpseweg 195,2023-04-27,00:00:00,1,1,0,FMN GV 10 Beerse
39,Antwerpseweg 195,2023-04-27,01:00:00,0,0,0,FMN GV 10 Beerse
39,Antwerpseweg 195,2023-04-27,02:00:00,0,0,0,FMN GV 10 Beerse
39,Antwerpseweg 195,2023-04-27,03:00:00,0,0,0,FMN GV 10 Beerse
39,Antwerpseweg 195,2023-04-27,04:00:00,4,4,0,FMN GV 10 Beerse
39,Antwerpseweg 195,2023-04-27,05:00:00,11,10,1,FMN GV 10 Beerse
39,Antwerpseweg 195,2023-04-27,06:00:00,16,15,1,FMN GV 10 Beerse
39,Antwerpseweg 195,2023-04-27,07:00:00,67,53,14,FMN GV 10 Beerse
39,Antwerpseweg 195,2023-04-27,08:00:00,31,23,8,FMN GV 10 Beerse
39,Antwerpseweg 195,2023-04-27,09:00:00,11,9,2,FMN GV 10 Beerse
39,Antwerpseweg 195,2023-04-27,10:00:00,9,5,4,FMN GV 10 Beerse
39,Antwerpseweg 195,2023-04-27,11:00:00,23,13,10,FMN GV 10 Beerse
39,Antwerpseweg 195,2023-04-27,12:00:00,26,16,10,FMN GV 10 Beerse
39,Antwerpseweg 195,2023-04-27,13:00:00,26,22,4,FMN GV 10 Beerse
39,Antwerpseweg 195,2023-04-27,14:00:00,52,28,24,FMN GV 10 Beerse
39,Antwerpseweg 195,2023-04-27,15:00:00,53,36,17,FMN GV 10 Beerse
39,Antwerpseweg 195,2023-04-27,16:00:00,78,56,22,FMN GV 10 Beerse
39,Antwerpseweg 195,2023-04-27,17:00:00,44,27,17,FMN GV 10 Beerse
39,Antwerpseweg 195,2023-04-27,18:00:00,29,17,12,FMN GV 10 Beerse
39,Antwerpseweg 195,2023-04-27,19:00:00,14,12,2,FMN GV 10 Beerse
39,Antwerpseweg 195,2023-04-27,20:00:00,5,1,4,FMN GV 10 Beerse
39,Antwerpseweg 195,2023-04-27,21:00:00,8,6,2,FMN GV 10 Beerse
39,Antwerpseweg 195,2023-04-27,22:00:00,9,6,3,FMN GV 10 Beerse
39,Antwerpseweg 195,2023-04-27,23:00:00,4,3,1,FMN GV 10 Beerse
39,Antwerpseweg 195,2023-04-28,00:00:00,0,0,0,FMN GV 10 Beerse
39,Antwerpseweg 195,2023-04-28,01:00:00,0,0,0,FMN GV 10 Beerse
39,Antwerpseweg 195,2023-04-28,02:00:00,1,1,0,FMN GV 10 Beerse
39,Antwerpseweg 195,2023-04-28,03:00:00,0,0,0,FMN GV 10 Beerse
39,Antwerpseweg 195,2023-04-28,04:00:00,3,3,0,FMN GV 10 Beerse
39,Antwerpseweg 195,2023-04-28,05:00:00,10,10,0,FMN GV 10 Beerse
39,Antwerpseweg 195,2023-04-28,06:00:00,9,9,0,FMN GV 10 Beerse
39,Antwerpseweg 195,2023-04-28,07:00:00,34,24,10,FMN GV 10 Beerse
39,Antwerpseweg 195,2023-04-28,08:00:00,23,21,2,FMN GV 10 Beerse
39,Antwerpseweg 195,2023-04-28,09:00:00,8,7,1,FMN GV 10 Beerse
39,Antwerpseweg 195,2023-04-28,10:00:00,8,7,1,FMN GV 10 Beerse
39,Antwerpseweg 195,2023-04-28,11:00:00,11,10,1,FMN GV 10 Beerse
39,Antwerpseweg 195,2023-04-28,12:00:00,7,6,1,FMN GV 10 Beerse
39,Antwerpseweg 195,2023-04-28,13:00:00,29,22,7,FMN GV 10 Beerse
39,Antwerpseweg 195,2023-04-28,14:00:00,20,12,8,FMN GV 10 Beerse
39,Antwerpseweg 195,2023-04-28,15:00:00,41,36,5,FMN GV 10 Beerse
39,Antwerpseweg 195,2023-04-28,16:00:00,34,20,14,FMN GV 10 Beerse
39,Antwerpseweg 195,2023-04-28,17:00:00,17,8,9,FMN GV 10 Beerse
39,Antwerpseweg 195,2023-04-28,18:00:00,14,7,7,FMN GV 10 Beerse
39,Antwerpseweg 195,2023-04-28,19:00:00,4,4,0,FMN GV 10 Beerse
39,Antwerpseweg 195,2023-04-28,20:00:00,1,1,0,FMN GV 10 Beerse
39,Antwerpseweg 195,2023-04-28,21:00:00,3,1,2,FMN GV 10 Beerse
39,Antwerpseweg 195,2023-04-28,22:00:00,5,4,1,FMN GV 10 Beerse
39,Antwerpseweg 195,2023-04-28,23:00:00,2,2,0,FMN GV 10 Beerse
39,Antwerpseweg 195,2023-04-29,00:00:00,1,0,1,FMN GV 10 Beerse
39,Antwerpseweg 195,2023-04-29,01:00:00,0,0,0,FMN GV 10 Beerse
39,Antwerpseweg 195,2023-04-29,02:00:00,0,0,0,FMN GV 10 Beerse
39,Antwerpseweg 195,2023-04-29,03:00:00,0,0,0,FMN GV 10 Beerse
39,Antwerpseweg 195,2023-04-29,04:00:00,0,0,0,FMN GV 10 Beerse
39,Antwerpseweg 195,2023-04-29,05:00:00,4,4,0,FMN GV 10 Beerse
39,Antwerpseweg 195,2023-04-29,06:00:00,2,2,0,FMN GV 10 Beerse
39,Antwerpseweg 195,2023-04-29,07:00:00,1,1,0,FMN GV 10 Beerse
39,Antwerpseweg 195,2023-04-29,08:00:00,8,3,5,FMN GV 10 Beerse
39,Antwerpseweg 195,2023-04-29,09:00:00,23,21,2,FMN GV 10 Beerse
39,Antwerpseweg 195,2023-04-29,10:00:00,7,5,2,FMN GV 10 Beerse
39,Antwerpseweg 195,2023-04-29,11:00:00,14,10,4,FMN GV 10 Beerse
39,Antwerpseweg 195,2023-04-29,12:00:00,15,13,2,FMN GV 10 Beerse
39,Antwerpseweg 195,2023-04-29,13:00:00,40,23,17,FMN GV 10 Beerse
39,Antwerpseweg 195,2023-04-29,14:00:00,38,22,16,FMN GV 10 Beerse
39,Antwerpseweg 195,2023-04-29,15:00:00,22,13,9,FMN GV 10 Beerse
39,Antwerpseweg 195,2023-04-29,16:00:00,19,10,9,FMN GV 10 Beerse
39,Antwerpseweg 195,2023-04-29,17:00:00,19,12,7,FMN GV 10 Beerse
39,Antwerpseweg 195,2023-04-29,18:00:00,24,12,12,FMN GV 10 Beerse
39,Antwerpseweg 195,2023-04-29,19:00:00,8,3,5,FMN GV 10 Beerse
39,Antwerpseweg 195,2023-04-29,20:00:00,9,6,3,FMN GV 10 Beerse
39,Antwerpseweg 195,2023-04-29,21:00:00,4,4,0,FMN GV 10 Beerse
39,Antwerpseweg 195,2023-04-29,22:00:00,5,4,1,FMN GV 10 Beerse
39,Antwerpseweg 195,2023-04-29,23:00:00,3,3,0,FMN GV 10 Beerse
39,Antwerpseweg 195,2023-04-30,00:00:00,6,3,3,FMN GV 10 Beerse
39,Antwerpseweg 195,2023-04-30,01:00:00,1,1,0,FMN GV 10 Beerse
39,Antwerpseweg 195,2023-04-30,02:00:00,3,1,2,FMN GV 10 Beerse
39,Antwerpseweg 195,2023-04-30,03:00:00,11,8,3,FMN GV 10 Beerse
39,Antwerpseweg 195,2023-04-30,04:00:00,2,0,2,FMN GV 10 Beerse
39,Antwerpseweg 195,2023-04-30,05:00:00,1,1,0,FMN GV 10 Beerse
39,Antwerpseweg 195,2023-04-30,06:00:00,4,4,0,FMN GV 10 Beerse
39,Antwerpseweg 195,2023-04-30,07:00:00,3,1,2,FMN GV 10 Beerse
39,Antwerpseweg 195,2023-04-30,08:00:00,15,12,3,FMN GV 10 Beerse
39,Antwerpseweg 195,2023-04-30,09:00:00,22,14,8,FMN GV 10 Beerse
39,Antwerpseweg 195,2023-04-30,10:00:00,32,20,12,FMN GV 10 Beerse
39,Antwerpseweg 195,2023-04-30,11:00:00,35,31,4,FMN GV 10 Beerse
39,Antwerpseweg 195,2023-04-30,12:00:00,27,22,5,FMN GV 10 Beerse
39,Antwerpseweg 195,2023-04-30,13:00:00,96,59,37,FMN GV 10 Beerse
39,Antwerpseweg 195,2023-04-30,14:00:00,79,57,22,FMN GV 10 Beerse
39,Antwerpseweg 195,2023-04-30,15:00:00,74,40,34,FMN GV 10 Beerse
39,Antwerpseweg 195,2023-04-30,16:00:00,48,23,25,FMN GV 10 Beerse
39,Antwerpseweg 195,2023-04-30,17:00:00,31,13,18,FMN GV 10 Beerse
39,Antwerpseweg 195,2023-04-30,18:00:00,21,10,11,FMN GV 10 Beerse
39,Antwerpseweg 195,2023-04-30,19:00:00,18,6,12,FMN GV 10 Beerse
39,Antwerpseweg 195,2023-04-30,20:00:00,25,12,13,FMN GV 10 Beerse
39,Antwerpseweg 195,2023-04-30,21:00:00,9,6,3,FMN GV 10 Beerse
39,Antwerpseweg 195,2023-04-30,22:00:00,4,2,2,FMN GV 10 Beerse
39,Antwerpseweg 195,2023-04-30,23:00:00,2,2,0,FMN GV 10 Beerse
39,Antwerpseweg 195,2023-05-01,00:00:00,0,0,0,FMN GV 10 Beerse
39,Antwerpseweg 195,2023-05-01,01:00:00,3,2,1,FMN GV 10 Beerse
39,Antwerpseweg 195,2023-05-01,02:00:00,1,1,0,FMN GV 10 Beerse
39,Antwerpseweg 195,2023-05-01,03:00:00,0,0,0,FMN GV 10 Beerse
39,Antwerpseweg 195,2023-05-01,04:00:00,2,2,0,FMN GV 10 Beerse
39,Antwerpseweg 195,2023-05-01,05:00:00,2,2,0,FMN GV 10 Beerse
39,Antwerpseweg 195,2023-05-01,06:00:00,3,3,0,FMN GV 10 Beerse
39,Antwerpseweg 195,2023-05-01,07:00:00,3,3,0,FMN GV 10 Beerse
39,Antwerpseweg 195,2023-05-01,08:00:00,9,8,1,FMN GV 10 Beerse
39,Antwerpseweg 195,2023-05-01,09:00:00,24,20,4,FMN GV 10 Beerse
39,Antwerpseweg 195,2023-05-01,10:00:00,13,10,3,FMN GV 10 Beerse
39,Antwerpseweg 195,2023-05-01,11:00:00,24,19,5,FMN GV 10 Beerse
39,Antwerpseweg 195,2023-05-01,12:00:00,29,18,11,FMN GV 10 Beerse
39,Antwerpseweg 195,2023-05-01,13:00:00,39,20,19,FMN GV 10 Beerse
39,Antwerpseweg 195,2023-05-01,14:00:00,31,13,18,FMN GV 10 Beerse
39,Antwerpseweg 195,2023-05-01,15:00:00,34,18,16,FMN GV 10 Beerse
39,Antwerpseweg 195,2023-05-01,16:00:00,36,25,11,FMN GV 10 Beerse
39,Antwerpseweg 195,2023-05-01,17:00:00,20,10,10,FMN GV 10 Beerse
39,Antwerpseweg 195,2023-05-01,18:00:00,10,8,2,FMN GV 10 Beerse
39,Antwerpseweg 195,2023-05-01,19:00:00,8,4,4,FMN GV 10 Beerse
39,Antwerpseweg 195,2023-05-01,20:00:00,9,9,0,FMN GV 10 Beerse
39,Antwerpseweg 195,2023-05-01,21:00:00,8,5,3,FMN GV 10 Beerse
39,Antwerpseweg 195,2023-05-01,22:00:00,8,6,2,FMN GV 10 Beerse
39,Antwerpseweg 195,2023-05-01,23:00:00,0,0,0,FMN GV 10 Beerse
39,Antwerpseweg 195,2023-05-02,00:00:00,2,0,2,FMN GV 10 Beerse
39,Antwerpseweg 195,2023-05-02,01:00:00,0,0,0,FMN GV 10 Beerse
39,Antwerpseweg 195,2023-05-02,02:00:00,0,0,0,FMN GV 10 Beerse
39,Antwerpseweg 195,2023-05-02,03:00:00,0,0,0,FMN GV 10 Beerse
39,Antwerpseweg 195,2023-05-02,04:00:00,3,3,0,FMN GV 10 Beerse
39,Antwerpseweg 195,2023-05-02,05:00:00,22,22,0,FMN GV 10 Beerse
39,Antwerpseweg 195,2023-05-02,06:00:00,19,17,2,FMN GV 10 Beerse
39,Antwerpseweg 195,2023-05-02,07:00:00,72,61,11,FMN GV 10 Beerse
39,Antwerpseweg 195,2023-05-02,08:00:00,32,28,4,FMN GV 10 Beerse
39,Antwerpseweg 195,2023-05-02,09:00:00,22,15,7,FMN GV 10 Beerse
39,Antwerpseweg 195,2023-05-02,10:00:00,13,9,4,FMN GV 10 Beerse
39,Antwerpseweg 195,2023-05-02,11:00:00,17,15,2,FMN GV 10 Beerse
39,Antwerpseweg 195,2023-05-02,12:00:00,24,16,8,FMN GV 10 Beerse
39,Antwerpseweg 195,2023-05-02,13:00:00,32,28,4,FMN GV 10 Beerse
39,Antwerpseweg 195,2023-05-02,14:00:00,41,21,20,FMN GV 10 Beerse
39,Antwerpseweg 195,2023-05-02,15:00:00,58,45,13,FMN GV 10 Beerse
39,Antwerpseweg 195,2023-05-02,16:00:00,85,58,27,FMN GV 10 Beerse
39,Antwerpseweg 195,2023-05-02,17:00:00,52,30,22,FMN GV 10 Beerse
39,Antwerpseweg 195,2023-05-02,18:00:00,17,10,7,FMN GV 10 Beerse
39,Antwerpseweg 195,2023-05-02,19:00:00,23,17,6,FMN GV 10 Beerse
39,Antwerpseweg 195,2023-05-02,20:00:00,14,10,4,FMN GV 10 Beerse
39,Antwerpseweg 195,2023-05-02,21:00:00,8,6,2,FMN GV 10 Beerse
39,Antwerpseweg 195,2023-05-02,22:00:00,7,3,4,FMN GV 10 Beerse
39,Antwerpseweg 195,2023-05-02,23:00:00,1,1,0,FMN GV 10 Beerse
39,Antwerpseweg 195,2023-05-03,00:00:00,0,0,0,FMN GV 10 Beerse
39,Antwerpseweg 195,2023-05-03,01:00:00,0,0,0,FMN GV 10 Beerse
39,Antwerpseweg 195,2023-05-03,02:00:00,0,0,0,FMN GV 10 Beerse
39,Antwerpseweg 195,2023-05-03,03:00:00,0,0,0,FMN GV 10 Beerse
39,Antwerpseweg 195,2023-05-03,04:00:00,2,2,0,FMN GV 10 Beerse
39,Antwerpseweg 195,2023-05-03,05:00:00,18,18,0,FMN GV 10 Beerse
39,Antwerpseweg 195,2023-05-03,06:00:00,19,16,3,FMN GV 10 Beerse
39,Antwerpseweg 195,2023-05-03,07:00:00,74,65,9,FMN GV 10 Beerse
39,Antwerpseweg 195,2023-05-03,08:00:00,48,43,5,FMN GV 10 Beerse
39,Antwerpseweg 195,2023-05-03,09:00:00,15,13,2,FMN GV 10 Beerse
39,Antwerpseweg 195,2023-05-03,10:00:00,17,12,5,FMN GV 10 Beerse
39,Antwerpseweg 195,2023-05-03,11:00:00,22,13,9,FMN GV 10 Beerse
39,Antwerpseweg 195,2023-05-03,12:00:00,64,49,15,FMN GV 10 Beerse
39,Antwerpseweg 195,2023-05-03,13:00:00,63,47,16,FMN GV 10 Beerse
39,Antwerpseweg 195,2023-05-03,14:00:00,62,37,25,FMN GV 10 Beerse
39,Antwerpseweg 195,2023-05-03,15:00:00,58,35,23,FMN GV 10 Beerse
39,Antwerpseweg 195,2023-05-03,16:00:00,73,51,22,FMN GV 10 Beerse
39,Antwerpseweg 195,2023-05-03,17:00:00,49,30,19,FMN GV 10 Beerse
39,Antwerpseweg 195,2023-05-03,18:00:00,29,15,14,FMN GV 10 Beerse
39,Antwerpseweg 195,2023-05-03,19:00:00,44,23,21,FMN GV 10 Beerse
39,Antwerpseweg 195,2023-05-03,20:00:00,11,8,3,FMN GV 10 Beerse
39,Antwerpseweg 195,2023-05-03,21:00:00,11,7,4,FMN GV 10 Beerse
39,Antwerpseweg 195,2023-05-03,22:00:00,6,4,2,FMN GV 10 Beerse
39,Antwerpseweg 195,2023-05-03,23:00:00,2,2,0,FMN GV 10 Beerse
39,Antwerpseweg 195,2023-05-04,00:00:00,1,1,0,FMN GV 10 Beerse
39,Antwerpseweg 195,2023-05-04,01:00:00,0,0,0,FMN GV 10 Beerse
39,Antwerpseweg 195,2023-05-04,02:00:00,0,0,0,FMN GV 10 Beerse
39,Antwerpseweg 195,2023-05-04,03:00:00,0,0,0,FMN GV 10 Beerse
39,Antwerpseweg 195,2023-05-04,04:00:00,4,4,0,FMN GV 10 Beerse
39,Antwerpseweg 195,2023-05-04,05:00:00,13,13,0,FMN GV 10 Beerse
39,Antwerpseweg 195,2023-05-04,06:00:00,25,22,3,FMN GV 10 Beerse
39,Antwerpseweg 195,2023-05-04,07:00:00,83,71,12,FMN GV 10 Beerse
39,Antwerpseweg 195,2023-05-04,08:00:00,44,40,4,FMN GV 10 Beerse
39,Antwerpseweg 195,2023-05-04,09:00:00,34,25,9,FMN GV 10 Beerse
39,Antwerpseweg 195,2023-05-04,10:00:00,24,15,9,FMN GV 10 Beerse
39,Antwerpseweg 195,2023-05-04,11:00:00,32,26,6,FMN GV 10 Beerse
39,Antwerpseweg 195,2023-05-04,12:00:00,40,32,8,FMN GV 10 Beerse
39,Antwerpseweg 195,2023-05-04,13:00:00,50,34,16,FMN GV 10 Beerse
39,Antwerpseweg 195,2023-05-04,14:00:00,67,44,23,FMN GV 10 Beerse
39,Antwerpseweg 195,2023-05-04,15:00:00,62,44,18,FMN GV 10 Beerse
39,Antwerpseweg 195,2023-05-04,16:00:00,93,71,22,FMN GV 10 Beerse
39,Antwerpseweg 195,2023-05-04,17:00:00,46,22,24,FMN GV 10 Beerse
39,Antwerpseweg 195,2023-05-04,18:00:00,37,26,11,FMN GV 10 Beerse
39,Antwerpseweg 195,2023-05-04,19:00:00,28,17,11,FMN GV 10 Beerse
39,Antwerpseweg 195,2023-05-04,20:00:00,32,14,18,FMN GV 10 Beerse
39,Antwerpseweg 195,2023-05-04,21:00:00,11,7,4,FMN GV 10 Beerse
39,Antwerpseweg 195,2023-05-04,22:00:00,11,7,4,FMN GV 10 Beerse
39,Antwerpseweg 195,2023-05-04,23:00:00,2,2,0,FMN GV 10 Beerse
39,Antwerpseweg 195,2023-05-05,00:00:00,0,0,0,FMN GV 10 Beerse
39,Antwerpseweg 195,2023-05-05,01:00:00,0,0,0,FMN GV 10 Beerse
39,Antwerpseweg 195,2023-05-05,02:00:00,1,1,0,FMN GV 10 Beerse
39,Antwerpseweg 195,2023-05-05,03:00:00,0,0,0,FMN GV 10 Beerse
39,Antwerpseweg 195,2023-05-05,04:00:00,0,0,0,FMN GV 10 Beerse
39,Antwerpseweg 195,2023-05-05,05:00:00,16,16,0,FMN GV 10 Beerse
39,Antwerpseweg 195,2023-05-05,06:00:00,11,11,0,FMN GV 10 Beerse
39,Antwerpseweg 195,2023-05-05,07:00:00,56,47,9,FMN GV 10 Beerse
39,Antwerpseweg 195,2023-05-05,08:00:00,29,24,5,FMN GV 10 Beerse
39,Antwerpseweg 195,2023-05-05,09:00:00,20,12,8,FMN GV 10 Beerse
39,Antwerpseweg 195,2023-05-05,10:00:00,19,11,8,FMN GV 10 Beerse
39,Antwerpseweg 195,2023-05-05,11:00:00,21,16,5,FMN GV 10 Beerse
39,Antwerpseweg 195,2023-05-05,12:00:00,9,7,2,FMN GV 10 Beerse
39,Antwerpseweg 195,2023-05-05,13:00:00,16,11,5,FMN GV 10 Beerse
39,Antwerpseweg 195,2023-05-05,14:00:00,17,14,3,FMN GV 10 Beerse
39,Antwerpseweg 195,2023-05-05,15:00:00,46,35,11,FMN GV 10 Beerse
39,Antwerpseweg 195,2023-05-05,16:00:00,34,27,7,FMN GV 10 Beerse
39,Antwerpseweg 195,2023-05-05,17:00:00,22,12,10,FMN GV 10 Beerse
39,Antwerpseweg 195,2023-05-05,18:00:00,17,12,5,FMN GV 10 Beerse
39,Antwerpseweg 195,2023-05-05,19:00:00,5,2,3,FMN GV 10 Beerse
39,Antwerpseweg 195,2023-05-05,20:00:00,13,6,7,FMN GV 10 Beerse
39,Antwerpseweg 195,2023-05-05,21:00:00,6,3,3,FMN GV 10 Beerse
39,Antwerpseweg 195,2023-05-05,22:00:00,1,1,0,FMN GV 10 Beerse
39,Antwerpseweg 195,2023-05-05,23:00:00,1,0,1,FMN GV 10 Beerse
39,Antwerpseweg 195,2023-05-06,00:00:00,1,1,0,FMN GV 10 Beerse
39,Antwerpseweg 195,2023-05-06,01:00:00,3,2,1,FMN GV 10 Beerse
39,Antwerpseweg 195,2023-05-06,02:00:00,8,6,2,FMN GV 10 Beerse
39,Antwerpseweg 195,2023-05-06,03:00:00,2,2,0,FMN GV 10 Beerse
39,Antwerpseweg 195,2023-05-06,04:00:00,2,2,0,FMN GV 10 Beerse
39,Antwerpseweg 195,2023-05-06,05:00:00,2,2,0,FMN GV 10 Beerse
39,Antwerpseweg 195,2023-05-06,06:00:00,4,4,0,FMN GV 10 Beerse
39,Antwerpseweg 195,2023-05-06,07:00:00,0,0,0,FMN GV 10 Beerse
39,Antwerpseweg 195,2023-05-06,08:00:00,12,8,4,FMN GV 10 Beerse
39,Antwerpseweg 195,2023-05-06,09:00:00,24,16,8,FMN GV 10 Beerse
39,Antwerpseweg 195,2023-05-06,10:00:00,25,17,8,FMN GV 10 Beerse
39,Antwerpseweg 195,2023-05-06,11:00:00,18,12,6,FMN GV 10 Beerse
39,Antwerpseweg 195,2023-05-06,12:00:00,20,10,10,FMN GV 10 Beerse
39,Antwerpseweg 195,2023-05-06,13:00:00,26,18,8,FMN GV 10 Beerse
39,Antwerpseweg 195,2023-05-06,14:00:00,59,40,19,FMN GV 10 Beerse
39,Antwerpseweg 195,2023-05-06,15:00:00,40,25,15,FMN GV 10 Beerse
39,Antwerpseweg 195,2023-05-06,16:00:00,21,13,8,FMN GV 10 Beerse
39,Antwerpseweg 195,2023-05-06,17:00:00,10,7,3,FMN GV 10 Beerse
39,Antwerpseweg 195,2023-05-06,18:00:00,12,9,3,FMN GV 10 Beerse
39,Antwerpseweg 195,2023-05-06,19:00:00,13,10,3,FMN GV 10 Beerse
39,Antwerpseweg 195,2023-05-06,20:00:00,11,4,7,FMN GV 10 Beerse
39,Antwerpseweg 195,2023-05-06,21:00:00,9,4,5,FMN GV 10 Beerse
39,Antwerpseweg 195,2023-05-06,22:00:00,11,4,7,FMN GV 10 Beerse
39,Antwerpseweg 195,2023-05-06,23:00:00,7,2,5,FMN GV 10 Beerse
39,Antwerpseweg 195,2023-05-07,00:00:00,5,4,1,FMN GV 10 Beerse
39,Antwerpseweg 195,2023-05-07,01:00:00,6,5,1,FMN GV 10 Beerse
39,Antwerpseweg 195,2023-05-07,02:00:00,15,13,2,FMN GV 10 Beerse
39,Antwerpseweg 195,2023-05-07,03:00:00,13,13,0,FMN GV 10 Beerse
39,Antwerpseweg 195,2023-05-07,04:00:00,4,4,0,FMN GV 10 Beerse
39,Antwerpseweg 195,2023-05-07,05:00:00,3,3,0,FMN GV 10 Beerse
39,Antwerpseweg 195,2023-05-07,06:00:00,1,1,0,FMN GV 10 Beerse
39,Antwerpseweg 195,2023-05-07,07:00:00,7,1,6,FMN GV 10 Beerse
39,Antwerpseweg 195,2023-05-07,08:00:00,13,5,8,FMN GV 10 Beerse
39,Antwerpseweg 195,2023-05-07,09:00:00,13,5,8,FMN GV 10 Beerse
39,Antwerpseweg 195,2023-05-07,10:00:00,26,5,21,FMN GV 10 Beerse
39,Antwerpseweg 195,2023-05-07,11:00:00,27,17,10,FMN GV 10 Beerse
39,Antwerpseweg 195,2023-05-07,12:00:00,13,10,3,FMN GV 10 Beerse
39,Antwerpseweg 195,2023-05-07,13:00:00,15,10,5,FMN GV 10 Beerse
39,Antwerpseweg 195,2023-05-07,14:00:00,6,5,1,FMN GV 10 Beerse
39,Antwerpseweg 195,2023-05-07,15:00:00,12,9,3,FMN GV 10 Beerse
39,Antwerpseweg 195,2023-05-07,16:00:00,17,12,5,FMN GV 10 Beerse
39,Antwerpseweg 195,2023-05-07,17:00:00,12,12,0,FMN GV 10 Beerse
39,Antwerpseweg 195,2023-05-07,18:00:00,16,8,8,FMN GV 10 Beerse
39,Antwerpseweg 195,2023-05-07,19:00:00,5,4,1,FMN GV 10 Beerse
39,Antwerpseweg 195,2023-05-07,20:00:00,10,5,5,FMN GV 10 Beerse
39,Antwerpseweg 195,2023-05-07,21:00:00,3,3,0,FMN GV 10 Beerse
39,Antwerpseweg 195,2023-05-07,22:00:00,1,1,0,FMN GV 10 Beerse
39,Antwerpseweg 195,2023-05-07,23:00:00,2,1,1,FMN GV 10 Beerse
39,Antwerpseweg 195,2023-05-08,00:00:00,0,0,0,FMN GV 10 Beerse
39,Antwerpseweg 195,2023-05-08,01:00:00,0,0,0,FMN GV 10 Beerse
39,Antwerpseweg 195,2023-05-08,02:00:00,0,0,0,FMN GV 10 Beerse
39,Antwerpseweg 195,2023-05-08,03:00:00,1,1,0,FMN GV 10 Beerse
39,Antwerpseweg 195,2023-05-08,04:00:00,3,3,0,FMN GV 10 Beerse
39,Antwerpseweg 195,2023-05-08,05:00:00,20,19,1,FMN GV 10 Beerse
39,Antwerpseweg 195,2023-05-08,06:00:00,24,23,1,FMN GV 10 Beerse
39,Antwerpseweg 195,2023-05-08,07:00:00,69,57,12,FMN GV 10 Beerse
39,Antwerpseweg 195,2023-05-08,08:00:00,31,29,2,FMN GV 10 Beerse
39,Antwerpseweg 195,2023-05-08,09:00:00,12,7,5,FMN GV 10 Beerse
39,Antwerpseweg 195,2023-05-08,10:00:00,12,7,5,FMN GV 10 Beerse
39,Antwerpseweg 195,2023-05-08,11:00:00,15,12,3,FMN GV 10 Beerse
39,Antwerpseweg 195,2023-05-08,12:00:00,22,12,10,FMN GV 10 Beerse
39,Antwerpseweg 195,2023-05-08,13:00:00,55,42,13,FMN GV 10 Beerse
39,Antwerpseweg 195,2023-05-08,14:00:00,27,19,8,FMN GV 10 Beerse
39,Antwerpseweg 195,2023-05-08,15:00:00,47,30,17,FMN GV 10 Beerse
39,Antwerpseweg 195,2023-05-08,16:00:00,88,65,23,FMN GV 10 Beerse
39,Antwerpseweg 195,2023-05-08,17:00:00,41,21,20,FMN GV 10 Beerse
39,Antwerpseweg 195,2023-05-08,18:00:00,17,12,5,FMN GV 10 Beerse
39,Antwerpseweg 195,2023-05-08,19:00:00,25,20,5,FMN GV 10 Beerse
39,Antwerpseweg 195,2023-05-08,20:00:00,15,10,5,FMN GV 10 Beerse
39,Antwerpseweg 195,2023-05-08,21:00:00,7,5,2,FMN GV 10 Beerse
39,Antwerpseweg 195,2023-05-08,22:00:00,14,8,6,FMN GV 10 Beerse
39,Antwerpseweg 195,2023-05-08,23:00:00,0,0,0,FMN GV 10 Beerse
39,Antwerpseweg 195,2023-05-09,00:00:00,0,0,0,FMN GV 10 Beerse
39,Antwerpseweg 195,2023-05-09,01:00:00,0,0,0,FMN GV 10 Beerse
39,Antwerpseweg 195,2023-05-09,02:00:00,0,0,0,FMN GV 10 Beerse
39,Antwerpseweg 195,2023-05-09,03:00:00,0,0,0,FMN GV 10 Beerse
39,Antwerpseweg 195,2023-05-09,04:00:00,2,2,0,FMN GV 10 Beerse
39,Antwerpseweg 195,2023-05-09,05:00:00,12,12,0,FMN GV 10 Beerse
39,Antwerpseweg 195,2023-05-09,06:00:00,12,12,0,FMN GV 10 Beerse
39,Antwerpseweg 195,2023-05-09,07:00:00,34,28,6,FMN GV 10 Beerse
39,Antwerpseweg 195,2023-05-09,08:00:00,17,16,1,FMN GV 10 Beerse
39,Antwerpseweg 195,2023-05-09,09:00:00,8,7,1,FMN GV 10 Beerse
39,Antwerpseweg 195,2023-05-09,10:00:00,5,3,2,FMN GV 10 Beerse
39,Antwerpseweg 195,2023-05-09,11:00:00,4,4,0,FMN GV 10 Beerse
39,Antwerpseweg 195,2023-05-09,12:00:00,7,5,2,FMN GV 10 Beerse
39,Antwerpseweg 195,2023-05-09,13:00:00,8,6,2,FMN GV 10 Beerse
39,Antwerpseweg 195,2023-05-09,14:00:00,4,2,2,FMN GV 10 Beerse
39,Antwerpseweg 195,2023-05-09,15:00:00,9,7,2,FMN GV 10 Beerse
39,Antwerpseweg 195,2023-05-09,16:00:00,34,26,8,FMN GV 10 Beerse
39,Antwerpseweg 195,2023-05-09,17:00:00,24,13,11,FMN GV 10 Beerse
39,Antwerpseweg 195,2023-05-09,18:00:00,6,2,4,FMN GV 10 Beerse
39,Antwerpseweg 195,2023-05-09,19:00:00,0,0,0,FMN GV 10 Beerse
39,Antwerpseweg 195,2023-05-09,20:00:00,2,0,2,FMN GV 10 Beerse
39,Antwerpseweg 195,2023-05-09,21:00:00,3,3,0,FMN GV 10 Beerse
39,Antwerpseweg 195,2023-05-09,22:00:00,5,5,0,FMN GV 10 Beerse
39,Antwerpseweg 195,2023-05-09,23:00:00,1,1,0,FMN GV 10 Beerse
39,Antwerpseweg 195,2023-05-10,00:00:00,1,1,0,FMN GV 10 Beerse
39,Antwerpseweg 195,2023-05-10,01:00:00,0,0,0,FMN GV 10 Beerse
39,Antwerpseweg 195,2023-05-10,02:00:00,0,0,0,FMN GV 10 Beerse
39,Antwerpseweg 195,2023-05-10,03:00:00,0,0,0,FMN GV 10 Beerse
39,Antwerpseweg 195,2023-05-10,04:00:00,2,2,0,FMN GV 10 Beerse
39,Antwerpseweg 195,2023-05-10,05:00:00,11,11,0,FMN GV 10 Beerse
39,Antwerpseweg 195,2023-05-10,06:00:00,9,9,0,FMN GV 10 Beerse
39,Antwerpseweg 195,2023-05-10,07:00:00,47,43,4,FMN GV 10 Beerse
39,Antwerpseweg 195,2023-05-10,08:00:00,21,16,5,FMN GV 10 Beerse
39,Antwerpseweg 195,2023-05-10,09:00:00,23,19,4,FMN GV 10 Beerse
39,Antwerpseweg 195,2023-05-10,10:00:00,24,20,4,FMN GV 10 Beerse
39,Antwerpseweg 195,2023-05-10,11:00:00,14,9,5,FMN GV 10 Beerse
39,Antwerpseweg 195,2023-05-10,12:00:00,54,44,10,FMN GV 10 Beerse
39,Antwerpseweg 195,2023-05-10,13:00:00,28,19,9,FMN GV 10 Beerse
39,Antwerpseweg 195,2023-05-10,14:00:00,19,16,3,FMN GV 10 Beerse
39,Antwerpseweg 195,2023-05-10,15:00:00,18,12,6,FMN GV 10 Beerse
39,Antwerpseweg 195,2023-05-10,16:00:00,27,14,13,FMN GV 10 Beerse
39,Antwerpseweg 195,2023-05-10,17:00:00,21,10,11,FMN GV 10 Beerse
39,Antwerpseweg 195,2023-05-10,18:00:00,18,7,11,FMN GV 10 Beerse
39,Antwerpseweg 195,2023-05-10,19:00:00,8,6,2,FMN GV 10 Beerse
39,Antwerpseweg 195,2023-05-10,20:00:00,7,4,3,FMN GV 10 Beerse
39,Antwerpseweg 195,2023-05-10,21:00:00,6,6,0,FMN GV 10 Beerse
39,Antwerpseweg 195,2023-05-10,22:00:00,7,5,2,FMN GV 10 Beerse
39,Antwerpseweg 195,2023-05-10,23:00:00,2,1,1,FMN GV 10 Beerse
39,Antwerpseweg 195,2023-05-11,00:00:00,1,1,0,FMN GV 10 Beerse
39,Antwerpseweg 195,2023-05-11,01:00:00,0,0,0,FMN GV 10 Beerse
39,Antwerpseweg 195,2023-05-11,02:00:00,0,0,0,FMN GV 10 Beerse
39,Antwerpseweg 195,2023-05-11,03:00:00,0,0,0,FMN GV 10 Beerse
39,Antwerpseweg 195,2023-05-11,04:00:00,3,3,0,FMN GV 10 Beerse
39,Antwerpseweg 195,2023-05-11,05:00:00,11,11,0,FMN GV 10 Beerse
39,Antwerpseweg 195,2023-05-11,06:00:00,12,12,0,FMN GV 10 Beerse
39,Antwerpseweg 195,2023-05-11,07:00:00,56,46,10,FMN GV 10 Beerse
39,Antwerpseweg 195,2023-05-11,08:00:00,34,28,6,FMN GV 10 Beerse
39,Antwerpseweg 195,2023-05-11,09:00:00,13,8,5,FMN GV 10 Beerse
39,Antwerpseweg 195,2023-05-11,10:00:00,29,23,6,FMN GV 10 Beerse
39,Antwerpseweg 195,2023-05-11,11:00:00,5,4,1,FMN GV 10 Beerse
39,Antwerpseweg 195,2023-05-11,12:00:00,21,17,4,FMN GV 10 Beerse
39,Antwerpseweg 195,2023-05-11,13:00:00,38,27,11,FMN GV 10 Beerse
39,Antwerpseweg 195,2023-05-11,14:00:00,30,12,18,FMN GV 10 Beerse
39,Antwerpseweg 195,2023-05-11,15:00:00,59,44,15,FMN GV 10 Beerse
39,Antwerpseweg 195,2023-05-11,16:00:00,80,59,21,FMN GV 10 Beerse
39,Antwerpseweg 195,2023-05-11,17:00:00,38,24,14,FMN GV 10 Beerse
39,Antwerpseweg 195,2023-05-11,18:00:00,29,18,11,FMN GV 10 Beerse
39,Antwerpseweg 195,2023-05-11,19:00:00,4,3,1,FMN GV 10 Beerse
39,Antwerpseweg 195,2023-05-11,20:00:00,13,4,9,FMN GV 10 Beerse
39,Antwerpseweg 195,2023-05-11,21:00:00,2,1,1,FMN GV 10 Beerse
39,Antwerpseweg 195,2023-05-11,22:00:00,10,8,2,FMN GV 10 Beerse
39,Antwerpseweg 195,2023-05-11,23:00:00,1,1,0,FMN GV 10 Beerse
39,Antwerpseweg 195,2023-05-12,00:00:00,0,0,0,FMN GV 10 Beerse
39,Antwerpseweg 195,2023-05-12,01:00:00,1,1,0,FMN GV 10 Beerse
39,Antwerpseweg 195,2023-05-12,02:00:00,0,0,0,FMN GV 10 Beerse
39,Antwerpseweg 195,2023-05-12,03:00:00,0,0,0,FMN GV 10 Beerse
39,Antwerpseweg 195,2023-05-12,04:00:00,1,1,0,FMN GV 10 Beerse
39,Antwerpseweg 195,2023-05-12,05:00:00,11,11,0,FMN GV 10 Beerse
39,Antwerpseweg 195,2023-05-12,06:00:00,10,9,1,FMN GV 10 Beerse
39,Antwerpseweg 195,2023-05-12,07:00:00,27,18,9,FMN GV 10 Beerse
39,Antwerpseweg 195,2023-05-12,08:00:00,12,11,1,FMN GV 10 Beerse
39,Antwerpseweg 195,2023-05-12,09:00:00,4,4,0,FMN GV 10 Beerse
39,Antwerpseweg 195,2023-05-12,10:00:00,9,8,1,FMN GV 10 Beerse
39,Antwerpseweg 195,2023-05-12,11:00:00,9,6,3,FMN GV 10 Beerse
39,Antwerpseweg 195,2023-05-12,12:00:00,22,18,4,FMN GV 10 Beerse
39,Antwerpseweg 195,2023-05-12,13:00:00,24,18,6,FMN GV 10 Beerse
39,Antwerpseweg 195,2023-05-12,14:00:00,21,18,3,FMN GV 10 Beerse
39,Antwerpseweg 195,2023-05-12,15:00:00,23,18,5,FMN GV 10 Beerse
39,Antwerpseweg 195,2023-05-12,16:00:00,23,14,9,FMN GV 10 Beerse
39,Antwerpseweg 195,2023-05-12,17:00:00,22,9,13,FMN GV 10 Beerse
39,Antwerpseweg 195,2023-05-12,18:00:00,12,7,5,FMN GV 10 Beerse
39,Antwerpseweg 195,2023-05-12,19:00:00,14,9,5,FMN GV 10 Beerse
39,Antwerpseweg 195,2023-05-12,20:00:00,20,13,7,FMN GV 10 Beerse
39,Antwerpseweg 195,2023-05-12,21:00:00,15,14,1,FMN GV 10 Beerse
39,Antwerpseweg 195,2023-05-12,22:00:00,12,5,7,FMN GV 10 Beerse
39,Antwerpseweg 195,2023-05-12,23:00:00,3,3,0,FMN GV 10 Beerse
39,Antwerpseweg 195,2023-05-13,00:00:00,10,5,5,FMN GV 10 Beerse
39,Antwerpseweg 195,2023-05-13,01:00:00,3,3,0,FMN GV 10 Beerse
39,Antwerpseweg 195,2023-05-13,02:00:00,1,1,0,FMN GV 10 Beerse
39,Antwerpseweg 195,2023-05-13,03:00:00,0,0,0,FMN GV 10 Beerse
39,Antwerpseweg 195,2023-05-13,04:00:00,0,0,0,FMN GV 10 Beerse
39,Antwerpseweg 195,2023-05-13,05:00:00,2,2,0,FMN GV 10 Beerse
39,Antwerpseweg 195,2023-05-13,06:00:00,3,3,0,FMN GV 10 Beerse
39,Antwerpseweg 195,2023-05-13,07:00:00,7,6,1,FMN GV 10 Beerse
39,Antwerpseweg 195,2023-05-13,08:00:00,12,7,5,FMN GV 10 Beerse
39,Antwerpseweg 195,2023-05-13,09:00:00,18,14,4,FMN GV 10 Beerse
39,Antwerpseweg 195,2023-05-13,10:00:00,14,9,5,FMN GV 10 Beerse
39,Antwerpseweg 195,2023-05-13,11:00:00,58,36,22,FMN GV 10 Beerse
39,Antwerpseweg 195,2023-05-13,12:00:00,39,22,17,FMN GV 10 Beerse
39,Antwerpseweg 195,2023-05-13,13:00:00,57,45,12,FMN GV 10 Beerse
39,Antwerpseweg 195,2023-05-13,14:00:00,54,40,14,FMN GV 10 Beerse
39,Antwerpseweg 195,2023-05-13,15:00:00,63,47,16,FMN GV 10 Beerse
39,Antwerpseweg 195,2023-05-13,16:00:00,40,21,19,FMN GV 10 Beerse
39,Antwerpseweg 195,2023-05-13,17:00:00,35,17,18,FMN GV 10 Beerse
39,Antwerpseweg 195,2023-05-13,18:00:00,11,6,5,FMN GV 10 Beerse
39,Antwerpseweg 195,2023-05-13,19:00:00,13,12,1,FMN GV 10 Beerse
39,Antwerpseweg 195,2023-05-13,20:00:00,5,4,1,FMN GV 10 Beerse
39,Antwerpseweg 195,2023-05-13,21:00:00,10,7,3,FMN GV 10 Beerse
39,Antwerpseweg 195,2023-05-13,22:00:00,14,11,3,FMN GV 10 Beerse
39,Antwerpseweg 195,2023-05-13,23:00:00,6,0,6,FMN GV 10 Beerse
39,Antwerpseweg 195,2023-05-14,00:00:00,5,2,3,FMN GV 10 Beerse
39,Antwerpseweg 195,2023-05-14,01:00:00,1,1,0,FMN GV 10 Beerse
39,Antwerpseweg 195,2023-05-14,02:00:00,5,5,0,FMN GV 10 Beerse
39,Antwerpseweg 195,2023-05-14,03:00:00,2,0,2,FMN GV 10 Beerse
39,Antwerpseweg 195,2023-05-14,04:00:00,1,0,1,FMN GV 10 Beerse
39,Antwerpseweg 195,2023-05-14,05:00:00,2,2,0,FMN GV 10 Beerse
39,Antwerpseweg 195,2023-05-14,06:00:00,3,3,0,FMN GV 10 Beerse
39,Antwerpseweg 195,2023-05-14,07:00:00,4,1,3,FMN GV 10 Beerse
39,Antwerpseweg 195,2023-05-14,08:00:00,13,12,1,FMN GV 10 Beerse
39,Antwerpseweg 195,2023-05-14,09:00:00,26,20,6,FMN GV 10 Beerse
39,Antwerpseweg 195,2023-05-14,10:00:00,44,34,10,FMN GV 10 Beerse
39,Antwerpseweg 195,2023-05-14,11:00:00,50,40,10,FMN GV 10 Beerse
39,Antwerpseweg 195,2023-05-14,12:00:00,53,44,9,FMN GV 10 Beerse
39,Antwerpseweg 195,2023-05-14,13:00:00,81,64,17,FMN GV 10 Beerse
39,Antwerpseweg 195,2023-05-14,14:00:00,111,90,21,FMN GV 10 Beerse
39,Antwerpseweg 195,2023-05-14,15:00:00,102,62,40,FMN GV 10 Beerse
39,Antwerpseweg 195,2023-05-14,16:00:00,78,48,30,FMN GV 10 Beerse
39,Antwerpseweg 195,2023-05-14,17:00:00,54,29,25,FMN GV 10 Beerse
39,Antwerpseweg 195,2023-05-14,18:00:00,29,20,9,FMN GV 10 Beerse
39,Antwerpseweg 195,2023-05-14,19:00:00,28,6,22,FMN GV 10 Beerse
39,Antwerpseweg 195,2023-05-14,20:00:00,26,9,17,FMN GV 10 Beerse
39,Antwerpseweg 195,2023-05-14,21:00:00,4,2,2,FMN GV 10 Beerse
39,Antwerpseweg 195,2023-05-14,22:00:00,6,5,1,FMN GV 10 Beerse
39,Antwerpseweg 195,2023-05-14,23:00:00,1,0,1,FMN GV 10 Beerse
39,Antwerpseweg 195,2023-05-15,00:00:00,1,0,1,FMN GV 10 Beerse
39,Antwerpseweg 195,2023-05-15,01:00:00,0,0,0,FMN GV 10 Beerse
39,Antwerpseweg 195,2023-05-15,02:00:00,0,0,0,FMN GV 10 Beerse
39,Antwerpseweg 195,2023-05-15,03:00:00,0,0,0,FMN GV 10 Beerse
39,Antwerpseweg 195,2023-05-15,04:00:00,1,1,0,FMN GV 10 Beerse
39,Antwerpseweg 195,2023-05-15,05:00:00,18,18,0,FMN GV 10 Beerse
39,Antwerpseweg 195,2023-05-15,06:00:00,21,20,1,FMN GV 10 Beerse
39,Antwerpseweg 195,2023-05-15,07:00:00,65,58,7,FMN GV 10 Beerse
39,Antwerpseweg 195,2023-05-15,08:00:00,89,72,17,FMN GV 10 Beerse
39,Antwerpseweg 195,2023-05-15,09:00:00,13,9,4,FMN GV 10 Beerse
39,Antwerpseweg 195,2023-05-15,10:00:00,7,6,1,FMN GV 10 Beerse
39,Antwerpseweg 195,2023-05-15,11:00:00,14,12,2,FMN GV 10 Beerse
39,Antwerpseweg 195,2023-05-15,12:00:00,16,12,4,FMN GV 10 Beerse
39,Antwerpseweg 195,2023-05-15,13:00:00,19,15,4,FMN GV 10 Beerse
39,Antwerpseweg 195,2023-05-15,14:00:00,24,15,9,FMN GV 10 Beerse
39,Antwerpseweg 195,2023-05-15,15:00:00,41,26,15,FMN GV 10 Beerse
39,Antwerpseweg 195,2023-05-15,16:00:00,55,37,18,FMN GV 10 Beerse
39,Antwerpseweg 195,2023-05-15,17:00:00,34,20,14,FMN GV 10 Beerse
39,Antwerpseweg 195,2023-05-15,18:00:00,10,3,7,FMN GV 10 Beerse
39,Antwerpseweg 195,2023-05-15,19:00:00,4,2,2,FMN GV 10 Beerse
39,Antwerpseweg 195,2023-05-15,20:00:00,3,2,1,FMN GV 10 Beerse
39,Antwerpseweg 195,2023-05-15,21:00:00,8,6,2,FMN GV 10 Beerse
39,Antwerpseweg 195,2023-05-15,22:00:00,6,5,1,FMN GV 10 Beerse
39,Antwerpseweg 195,2023-05-15,23:00:00,1,1,0,FMN GV 10 Beerse
39,Antwerpseweg 195,2023-05-16,00:00:00,0,0,0,FMN GV 10 Beerse
39,Antwerpseweg 195,2023-05-16,01:00:00,0,0,0,FMN GV 10 Beerse
39,Antwerpseweg 195,2023-05-16,02:00:00,0,0,0,FMN GV 10 Beerse
39,Antwerpseweg 195,2023-05-16,03:00:00,0,0,0,FMN GV 10 Beerse
39,Antwerpseweg 195,2023-05-16,04:00:00,0,0,0,FMN GV 10 Beerse
39,Antwerpseweg 195,2023-05-16,05:00:00,18,18,0,FMN GV 10 Beerse
39,Antwerpseweg 195,2023-05-16,06:00:00,13,13,0,FMN GV 10 Beerse
39,Antwerpseweg 195,2023-05-16,07:00:00,71,65,6,FMN GV 10 Beerse
39,Antwerpseweg 195,2023-05-16,08:00:00,40,35,5,FMN GV 10 Beerse
39,Antwerpseweg 195,2023-05-16,09:00:00,22,14,8,FMN GV 10 Beerse
39,Antwerpseweg 195,2023-05-16,10:00:00,11,8,3,FMN GV 10 Beerse
39,Antwerpseweg 195,2023-05-16,11:00:00,19,17,2,FMN GV 10 Beerse
39,Antwerpseweg 195,2023-05-16,12:00:00,21,15,6,FMN GV 10 Beerse
39,Antwerpseweg 195,2023-05-16,13:00:00,37,28,9,FMN GV 10 Beerse
39,Antwerpseweg 195,2023-05-16,14:00:00,61,48,13,FMN GV 10 Beerse
39,Antwerpseweg 195,2023-05-16,15:00:00,69,57,12,FMN GV 10 Beerse
39,Antwerpseweg 195,2023-05-16,16:00:00,74,49,25,FMN GV 10 Beerse
39,Antwerpseweg 195,2023-05-16,17:00:00,50,32,18,FMN GV 10 Beerse
39,Antwerpseweg 195,2023-05-16,18:00:00,31,12,19,FMN GV 10 Beerse
39,Antwerpseweg 195,2023-05-16,19:00:00,24,11,13,FMN GV 10 Beerse
39,Antwerpseweg 195,2023-05-16,20:00:00,10,8,2,FMN GV 10 Beerse
39,Antwerpseweg 195,2023-05-16,21:00:00,5,5,0,FMN GV 10 Beerse
39,Antwerpseweg 195,2023-05-16,22:00:00,6,3,3,FMN GV 10 Beerse
39,Antwerpseweg 195,2023-05-16,23:00:00,0,0,0,FMN GV 10 Beerse
39,Antwerpseweg 195,2023-05-17,00:00:00,0,0,0,FMN GV 10 Beerse
39,Antwerpseweg 195,2023-05-17,01:00:00,0,0,0,FMN GV 10 Beerse
39,Antwerpseweg 195,2023-05-17,02:00:00,0,0,0,FMN GV 10 Beerse
39,Antwerpseweg 195,2023-05-17,03:00:00,0,0,0,FMN GV 10 Beerse
39,Antwerpseweg 195,2023-05-17,04:00:00,1,1,0,FMN GV 10 Beerse
39,Antwerpseweg 195,2023-05-17,05:00:00,18,18,0,FMN GV 10 Beerse
39,Antwerpseweg 195,2023-05-17,06:00:00,14,13,1,FMN GV 10 Beerse
39,Antwerpseweg 195,2023-05-17,07:00:00,66,60,6,FMN GV 10 Beerse
39,Antwerpseweg 195,2023-05-17,08:00:00,42,32,10,FMN GV 10 Beerse
39,Antwerpseweg 195,2023-05-17,09:00:00,35,32,3,FMN GV 10 Beerse
39,Antwerpseweg 195,2023-05-17,10:00:00,29,24,5,FMN GV 10 Beerse
39,Antwerpseweg 195,2023-05-17,11:00:00,21,8,13,FMN GV 10 Beerse
39,Antwerpseweg 195,2023-05-17,12:00:00,71,51,20,FMN GV 10 Beerse
39,Antwerpseweg 195,2023-05-17,13:00:00,55,43,12,FMN GV 10 Beerse
39,Antwerpseweg 195,2023-05-17,14:00:00,29,19,10,FMN GV 10 Beerse
39,Antwerpseweg 195,2023-05-17,15:00:00,46,31,15,FMN GV 10 Beerse
39,Antwerpseweg 195,2023-05-17,16:00:00,60,36,24,FMN GV 10 Beerse
39,Antwerpseweg 195,2023-05-17,17:00:00,40,21,19,FMN GV 10 Beerse
39,Antwerpseweg 195,2023-05-17,18:00:00,32,22,10,FMN GV 10 Beerse
39,Antwerpseweg 195,2023-05-17,19:00:00,23,15,8,FMN GV 10 Beerse
39,Antwerpseweg 195,2023-05-17,20:00:00,9,7,2,FMN GV 10 Beerse
39,Antwerpseweg 195,2023-05-17,21:00:00,8,4,4,FMN GV 10 Beerse
39,Antwerpseweg 195,2023-05-17,22:00:00,3,2,1,FMN GV 10 Beerse
39,Antwerpseweg 195,2023-05-17,23:00:00,7,6,1,FMN GV 10 Beerse
39,Antwerpseweg 195,2023-05-18,00:00:00,1,1,0,FMN GV 10 Beerse
39,Antwerpseweg 195,2023-05-18,01:00:00,3,2,1,FMN GV 10 Beerse
39,Antwerpseweg 195,2023-05-18,02:00:00,0,0,0,FMN GV 10 Beerse
39,Antwerpseweg 195,2023-05-18,03:00:00,0,0,0,FMN GV 10 Beerse
39,Antwerpseweg 195,2023-05-18,04:00:00,0,0,0,FMN GV 10 Beerse
39,Antwerpseweg 195,2023-05-18,05:00:00,3,2,1,FMN GV 10 Beerse
39,Antwerpseweg 195,2023-05-18,06:00:00,4,4,0,FMN GV 10 Beerse
39,Antwerpseweg 195,2023-05-18,07:00:00,2,2,0,FMN GV 10 Beerse
39,Antwerpseweg 195,2023-05-18,08:00:00,6,3,3,FMN GV 10 Beerse
39,Antwerpseweg 195,2023-05-18,09:00:00,21,11,10,FMN GV 10 Beerse
39,Antwerpseweg 195,2023-05-18,10:00:00,27,16,11,FMN GV 10 Beerse
39,Antwerpseweg 195,2023-05-18,11:00:00,21,12,9,FMN GV 10 Beerse
39,Antwerpseweg 195,2023-05-18,12:00:00,32,21,11,FMN GV 10 Beerse
39,Antwerpseweg 195,2023-05-18,13:00:00,43,29,14,FMN GV 10 Beerse
39,Antwerpseweg 195,2023-05-18,14:00:00,63,40,23,FMN GV 10 Beerse
39,Antwerpseweg 195,2023-05-18,15:00:00,50,39,11,FMN GV 10 Beerse
39,Antwerpseweg 195,2023-05-18,16:00:00,47,23,24,FMN GV 10 Beerse
39,Antwerpseweg 195,2023-05-18,17:00:00,26,19,7,FMN GV 10 Beerse
39,Antwerpseweg 195,2023-05-18,18:00:00,32,20,12,FMN GV 10 Beerse
39,Antwerpseweg 195,2023-05-18,19:00:00,20,10,10,FMN GV 10 Beerse
39,Antwerpseweg 195,2023-05-18,20:00:00,10,7,3,FMN GV 10 Beerse
39,Antwerpseweg 195,2023-05-18,21:00:00,7,5,2,FMN GV 10 Beerse
39,Antwerpseweg 195,2023-05-18,22:00:00,5,1,4,FMN GV 10 Beerse
39,Antwerpseweg 195,2023-05-18,23:00:00,3,1,2,FMN GV 10 Beerse
39,Antwerpseweg 195,2023-05-19,00:00:00,1,1,0,FMN GV 10 Beerse
39,Antwerpseweg 195,2023-05-19,01:00:00,2,0,2,FMN GV 10 Beerse
39,Antwerpseweg 195,2023-05-19,02:00:00,0,0,0,FMN GV 10 Beerse
39,Antwerpseweg 195,2023-05-19,03:00:00,0,0,0,FMN GV 10 Beerse
39,Antwerpseweg 195,2023-05-19,04:00:00,0,0,0,FMN GV 10 Beerse
39,Antwerpseweg 195,2023-05-19,05:00:00,8,8,0,FMN GV 10 Beerse
39,Antwerpseweg 195,2023-05-19,06:00:00,7,7,0,FMN GV 10 Beerse
39,Antwerpseweg 195,2023-05-19,07:00:00,19,14,5,FMN GV 10 Beerse
39,Antwerpseweg 195,2023-05-19,08:00:00,12,9,3,FMN GV 10 Beerse
39,Antwerpseweg 195,2023-05-19,09:00:00,13,9,4,FMN GV 10 Beerse
39,Antwerpseweg 195,2023-05-19,10:00:00,18,14,4,FMN GV 10 Beerse
39,Antwerpseweg 195,2023-05-19,11:00:00,24,14,10,FMN GV 10 Beerse
39,Antwerpseweg 195,2023-05-19,12:00:00,19,10,9,FMN GV 10 Beerse
39,Antwerpseweg 195,2023-05-19,13:00:00,44,34,10,FMN GV 10 Beerse
39,Antwerpseweg 195,2023-05-19,14:00:00,46,34,12,FMN GV 10 Beerse
39,Antwerpseweg 195,2023-05-19,15:00:00,52,41,11,FMN GV 10 Beerse
39,Antwerpseweg 195,2023-05-19,16:00:00,38,24,14,FMN GV 10 Beerse
39,Antwerpseweg 195,2023-05-19,17:00:00,51,31,20,FMN GV 10 Beerse
39,Antwerpseweg 195,2023-05-19,18:00:00,23,13,10,FMN GV 10 Beerse
39,Antwerpseweg 195,2023-05-19,19:00:00,11,7,4,FMN GV 10 Beerse
39,Antwerpseweg 195,2023-05-19,20:00:00,12,6,6,FMN GV 10 Beerse
39,Antwerpseweg 195,2023-05-19,21:00:00,8,6,2,FMN GV 10 Beerse
39,Antwerpseweg 195,2023-05-19,22:00:00,15,9,6,FMN GV 10 Beerse
39,Antwerpseweg 195,2023-05-19,23:00:00,10,5,5,FMN GV 10 Beerse
39,Antwerpseweg 195,2023-05-20,00:00:00,4,2,2,FMN GV 10 Beerse
39,Antwerpseweg 195,2023-05-20,01:00:00,8,0,8,FMN GV 10 Beerse
39,Antwerpseweg 195,2023-05-20,02:00:00,9,1,8,FMN GV 10 Beerse
39,Antwerpseweg 195,2023-05-20,03:00:00,1,0,1,FMN GV 10 Beerse
39,Antwerpseweg 195,2023-05-20,04:00:00,0,0,0,FMN GV 10 Beerse
39,Antwerpseweg 195,2023-05-20,05:00:00,3,2,1,FMN GV 10 Beerse
39,Antwerpseweg 195,2023-05-20,06:00:00,1,1,0,FMN GV 10 Beerse
39,Antwerpseweg 195,2023-05-20,07:00:00,5,5,0,FMN GV 10 Beerse
39,Antwerpseweg 195,2023-05-20,08:00:00,11,5,6,FMN GV 10 Beerse
39,Antwerpseweg 195,2023-05-20,09:00:00,26,16,10,FMN GV 10 Beerse
39,Antwerpseweg 195,2023-05-20,10:00:00,23,16,7,FMN GV 10 Beerse
39,Antwerpseweg 195,2023-05-20,11:00:00,16,12,4,FMN GV 10 Beerse
39,Antwerpseweg 195,2023-05-20,12:00:00,38,23,15,FMN GV 10 Beerse
39,Antwerpseweg 195,2023-05-20,13:00:00,27,16,11,FMN GV 10 Beerse
39,Antwerpseweg 195,2023-05-20,14:00:00,48,33,15,FMN GV 10 Beerse
39,Antwerpseweg 195,2023-05-20,15:00:00,41,32,9,FMN GV 10 Beerse
39,Antwerpseweg 195,2023-05-20,16:00:00,46,38,8,FMN GV 10 Beerse
39,Antwerpseweg 195,2023-05-20,17:00:00,28,24,4,FMN GV 10 Beerse
39,Antwerpseweg 195,2023-05-20,18:00:00,21,17,4,FMN GV 10 Beerse
39,Antwerpseweg 195,2023-05-20,19:00:00,19,11,8,FMN GV 10 Beerse
39,Antwerpseweg 195,2023-05-20,20:00:00,16,13,3,FMN GV 10 Beerse
39,Antwerpseweg 195,2023-05-20,21:00:00,10,4,6,FMN GV 10 Beerse
39,Antwerpseweg 195,2023-05-20,22:00:00,9,7,2,FMN GV 10 Beerse
39,Antwerpseweg 195,2023-05-20,23:00:00,7,5,2,FMN GV 10 Beerse
39,Antwerpseweg 195,2023-05-21,00:00:00,3,2,1,FMN GV 10 Beerse
39,Antwerpseweg 195,2023-05-21,01:00:00,2,1,1,FMN GV 10 Beerse
39,Antwerpseweg 195,2023-05-21,02:00:00,1,1,0,FMN GV 10 Beerse
39,Antwerpseweg 195,2023-05-21,03:00:00,2,2,0,FMN GV 10 Beerse
39,Antwerpseweg 195,2023-05-21,04:00:00,1,1,0,FMN GV 10 Beerse
39,Antwerpseweg 195,2023-05-21,05:00:00,1,0,1,FMN GV 10 Beerse
39,Antwerpseweg 195,2023-05-21,06:00:00,3,3,0,FMN GV 10 Beerse
39,Antwerpseweg 195,2023-05-21,07:00:00,7,4,3,FMN GV 10 Beerse
39,Antwerpseweg 195,2023-05-21,08:00:00,23,14,9,FMN GV 10 Beerse
39,Antwerpseweg 195,2023-05-21,09:00:00,23,18,5,FMN GV 10 Beerse
39,Antwerpseweg 195,2023-05-21,10:00:00,23,13,10,FMN GV 10 Beerse
39,Antwerpseweg 195,2023-05-21,11:00:00,50,17,33,FMN GV 10 Beerse
39,Antwerpseweg 195,2023-05-21,12:00:00,38,25,13,FMN GV 10 Beerse
39,Antwerpseweg 195,2023-05-21,13:00:00,59,43,16,FMN GV 10 Beerse
39,Antwerpseweg 195,2023-05-21,14:00:00,83,54,29,FMN GV 10 Beerse
39,Antwerpseweg 195,2023-05-21,15:00:00,101,67,34,FMN GV 10 Beerse
39,Antwerpseweg 195,2023-05-21,16:00:00,55,31,24,FMN GV 10 Beerse
39,Antwerpseweg 195,2023-05-21,17:00:00,48,31,17,FMN GV 10 Beerse
39,Antwerpseweg 195,2023-05-21,18:00:00,31,12,19,FMN GV 10 Beerse
39,Antwerpseweg 195,2023-05-21,19:00:00,28,14,14,FMN GV 10 Beerse
39,Antwerpseweg 195,2023-05-21,20:00:00,11,5,6,FMN GV 10 Beerse
39,Antwerpseweg 195,2023-05-21,21:00:00,13,9,4,FMN GV 10 Beerse
39,Antwerpseweg 195,2023-05-21,22:00:00,4,4,0,FMN GV 10 Beerse
39,Antwerpseweg 195,2023-05-21,23:00:00,0,0,0,FMN GV 10 Beerse
39,Antwerpseweg 195,2023-05-22,00:00:00,2,0,2,FMN GV 10 Beerse
39,Antwerpseweg 195,2023-05-22,01:00:00,0,0,0,FMN GV 10 Beerse
39,Antwerpseweg 195,2023-05-22,02:00:00,0,0,0,FMN GV 10 Beerse
39,Antwerpseweg 195,2023-05-22,03:00:00,0,0,0,FMN GV 10 Beerse
39,Antwerpseweg 195,2023-05-22,04:00:00,2,2,0,FMN GV 10 Beerse
39,Antwerpseweg 195,2023-05-22,05:00:00,18,18,0,FMN GV 10 Beerse
39,Antwerpseweg 195,2023-05-22,06:00:00,22,20,2,FMN GV 10 Beerse
39,Antwerpseweg 195,2023-05-22,07:00:00,64,54,10,FMN GV 10 Beerse
39,Antwerpseweg 195,2023-05-22,08:00:00,52,41,11,FMN GV 10 Beerse
39,Antwerpseweg 195,2023-05-22,09:00:00,16,10,6,FMN GV 10 Beerse
39,Antwerpseweg 195,2023-05-22,10:00:00,8,6,2,FMN GV 10 Beerse
39,Antwerpseweg 195,2023-05-22,11:00:00,10,9,1,FMN GV 10 Beerse
39,Antwerpseweg 195,2023-05-22,12:00:00,25,14,11,FMN GV 10 Beerse
39,Antwerpseweg 195,2023-05-22,13:00:00,44,40,4,FMN GV 10 Beerse
39,Antwerpseweg 195,2023-05-22,14:00:00,37,24,13,FMN GV 10 Beerse
39,Antwerpseweg 195,2023-05-22,15:00:00,62,43,19,FMN GV 10 Beerse
39,Antwerpseweg 195,2023-05-22,16:00:00,88,62,26,FMN GV 10 Beerse
39,Antwerpseweg 195,2023-05-22,17:00:00,48,25,23,FMN GV 10 Beerse
39,Antwerpseweg 195,2023-05-22,18:00:00,27,17,10,FMN GV 10 Beerse
39,Antwerpseweg 195,2023-05-22,19:00:00,28,22,6,FMN GV 10 Beerse
39,Antwerpseweg 195,2023-05-22,20:00:00,14,7,7,FMN GV 10 Beerse
39,Antwerpseweg 195,2023-05-22,21:00:00,11,9,2,FMN GV 10 Beerse
39,Antwerpseweg 195,2023-05-22,22:00:00,19,10,9,FMN GV 10 Beerse
39,Antwerpseweg 195,2023-05-22,23:00:00,0,0,0,FMN GV 10 Beerse
39,Antwerpseweg 195,2023-05-23,00:00:00,2,0,2,FMN GV 10 Beerse
39,Antwerpseweg 195,2023-05-23,01:00:00,0,0,0,FMN GV 10 Beerse
39,Antwerpseweg 195,2023-05-23,02:00:00,0,0,0,FMN GV 10 Beerse
39,Antwerpseweg 195,2023-05-23,03:00:00,0,0,0,FMN GV 10 Beerse
39,Antwerpseweg 195,2023-05-23,04:00:00,3,3,0,FMN GV 10 Beerse
39,Antwerpseweg 195,2023-05-23,05:00:00,18,17,1,FMN GV 10 Beerse
39,Antwerpseweg 195,2023-05-23,06:00:00,22,21,1,FMN GV 10 Beerse
39,Antwerpseweg 195,2023-05-23,07:00:00,85,76,9,FMN GV 10 Beerse
39,Antwerpseweg 195,2023-05-23,08:00:00,44,40,4,FMN GV 10 Beerse
39,Antwerpseweg 195,2023-05-23,09:00:00,19,14,5,FMN GV 10 Beerse
39,Antwerpseweg 195,2023-05-23,10:00:00,13,7,6,FMN GV 10 Beerse
39,Antwerpseweg 195,2023-05-23,11:00:00,12,7,5,FMN GV 10 Beerse
39,Antwerpseweg 195,2023-05-23,12:00:00,28,19,9,FMN GV 10 Beerse
39,Antwerpseweg 195,2023-05-23,13:00:00,32,25,7,FMN GV 10 Beerse
39,Antwerpseweg 195,2023-05-23,14:00:00,28,14,14,FMN GV 10 Beerse
39,Antwerpseweg 195,2023-05-23,15:00:00,54,40,14,FMN GV 10 Beerse
39,Antwerpseweg 195,2023-05-23,16:00:00,97,68,29,FMN GV 10 Beerse
39,Antwerpseweg 195,2023-05-23,17:00:00,51,30,21,FMN GV 10 Beerse
39,Antwerpseweg 195,2023-05-23,18:00:00,35,23,12,FMN GV 10 Beerse
39,Antwerpseweg 195,2023-05-23,19:00:00,17,12,5,FMN GV 10 Beerse
39,Antwerpseweg 195,2023-05-23,20:00:00,18,9,9,FMN GV 10 Beerse
39,Antwerpseweg 195,2023-05-23,21:00:00,10,7,3,FMN GV 10 Beerse
39,Antwerpseweg 195,2023-05-23,22:00:00,17,13,4,FMN GV 10 Beerse
39,Antwerpseweg 195,2023-05-23,23:00:00,1,1,0,FMN GV 10 Beerse
39,Antwerpseweg 195,2023-05-24,00:00:00,0,0,0,FMN GV 10 Beerse
39,Antwerpseweg 195,2023-05-24,01:00:00,0,0,0,FMN GV 10 Beerse
39,Antwerpseweg 195,2023-05-24,02:00:00,0,0,0,FMN GV 10 Beerse
39,Antwerpseweg 195,2023-05-24,03:00:00,0,0,0,FMN GV 10 Beerse
39,Antwerpseweg 195,2023-05-24,04:00:00,2,2,0,FMN GV 10 Beerse
39,Antwerpseweg 195,2023-05-24,05:00:00,19,18,1,FMN GV 10 Beerse
39,Antwerpseweg 195,2023-05-24,06:00:00,25,23,2,FMN GV 10 Beerse
39,Antwerpseweg 195,2023-05-24,07:00:00,91,82,9,FMN GV 10 Beerse
39,Antwerpseweg 195,2023-05-24,08:00:00,42,33,9,FMN GV 10 Beerse
39,Antwerpseweg 195,2023-05-24,09:00:00,23,18,5,FMN GV 10 Beerse
39,Antwerpseweg 195,2023-05-24,10:00:00,16,9,7,FMN GV 10 Beerse
39,Antwerpseweg 195,2023-05-24,11:00:00,21,11,10,FMN GV 10 Beerse
39,Antwerpseweg 195,2023-05-24,12:00:00,79,61,18,FMN GV 10 Beerse
39,Antwerpseweg 195,2023-05-24,13:00:00,40,32,8,FMN GV 10 Beerse
39,Antwerpseweg 195,2023-05-24,14:00:00,37,32,5,FMN GV 10 Beerse
39,Antwerpseweg 195,2023-05-24,15:00:00,21,14,7,FMN GV 10 Beerse
39,Antwerpseweg 195,2023-05-24,16:00:00,51,35,16,FMN GV 10 Beerse
39,Antwerpseweg 195,2023-05-24,17:00:00,45,19,26,FMN GV 10 Beerse
39,Antwerpseweg 195,2023-05-24,18:00:00,23,14,9,FMN GV 10 Beerse
39,Antwerpseweg 195,2023-05-24,19:00:00,24,21,3,FMN GV 10 Beerse
39,Antwerpseweg 195,2023-05-24,20:00:00,9,5,4,FMN GV 10 Beerse
39,Antwerpseweg 195,2023-05-24,21:00:00,14,8,6,FMN GV 10 Beerse
39,Antwerpseweg 195,2023-05-24,22:00:00,13,9,4,FMN GV 10 Beerse
39,Antwerpseweg 195,2023-05-24,23:00:00,3,3,0,FMN GV 10 Beerse
39,Antwerpseweg 195,2023-05-25,00:00:00,0,0,0,FMN GV 10 Beerse
39,Antwerpseweg 195,2023-05-25,01:00:00,0,0,0,FMN GV 10 Beerse
39,Antwerpseweg 195,2023-05-25,02:00:00,0,0,0,FMN GV 10 Beerse
39,Antwerpseweg 195,2023-05-25,03:00:00,0,0,0,FMN GV 10 Beerse
39,Antwerpseweg 195,2023-05-25,04:00:00,4,4,0,FMN GV 10 Beerse
39,Antwerpseweg 195,2023-05-25,05:00:00,14,14,0,FMN GV 10 Beerse
39,Antwerpseweg 195,2023-05-25,06:00:00,22,21,1,FMN GV 10 Beerse
39,Antwerpseweg 195,2023-05-25,07:00:00,65,54,11,FMN GV 10 Beerse
39,Antwerpseweg 195,2023-05-25,08:00:00,37,30,7,FMN GV 10 Beerse
39,Antwerpseweg 195,2023-05-25,09:00:00,23,16,7,FMN GV 10 Beerse
39,Antwerpseweg 195,2023-05-25,10:00:00,20,16,4,FMN GV 10 Beerse
39,Antwerpseweg 195,2023-05-25,11:00:00,21,16,5,FMN GV 10 Beerse
39,Antwerpseweg 195,2023-05-25,12:00:00,38,30,8,FMN GV 10 Beerse
39,Antwerpseweg 195,2023-05-25,13:00:00,45,38,7,FMN GV 10 Beerse
39,Antwerpseweg 195,2023-05-25,14:00:00,27,20,7,FMN GV 10 Beerse
39,Antwerpseweg 195,2023-05-25,15:00:00,55,39,16,FMN GV 10 Beerse
39,Antwerpseweg 195,2023-05-25,16:00:00,100,70,30,FMN GV 10 Beerse
39,Antwerpseweg 195,2023-05-25,17:00:00,64,43,21,FMN GV 10 Beerse
39,Antwerpseweg 195,2023-05-25,18:00:00,20,15,5,FMN GV 10 Beerse
39,Antwerpseweg 195,2023-05-25,19:00:00,9,5,4,FMN GV 10 Beerse
39,Antwerpseweg 195,2023-05-25,20:00:00,18,6,12,FMN GV 10 Beerse
39,Antwerpseweg 195,2023-05-25,21:00:00,21,19,2,FMN GV 10 Beerse
39,Antwerpseweg 195,2023-05-25,22:00:00,11,8,3,FMN GV 10 Beerse
39,Antwerpseweg 195,2023-05-25,23:00:00,1,1,0,FMN GV 10 Beerse
39,Antwerpseweg 195,2023-05-26,00:00:00,2,2,0,FMN GV 10 Beerse
39,Antwerpseweg 195,2023-05-26,01:00:00,1,0,1,FMN GV 10 Beerse
39,Antwerpseweg 195,2023-05-26,02:00:00,1,1,0,FMN GV 10 Beerse
39,Antwerpseweg 195,2023-05-26,03:00:00,0,0,0,FMN GV 10 Beerse
39,Antwerpseweg 195,2023-05-26,04:00:00,3,3,0,FMN GV 10 Beerse
39,Antwerpseweg 195,2023-05-26,05:00:00,14,14,0,FMN GV 10 Beerse
39,Antwerpseweg 195,2023-05-26,06:00:00,13,12,1,FMN GV 10 Beerse
39,Antwerpseweg 195,2023-05-26,07:00:00,66,54,12,FMN GV 10 Beerse
39,Antwerpseweg 195,2023-05-26,08:00:00,41,33,8,FMN GV 10 Beerse
39,Antwerpseweg 195,2023-05-26,09:00:00,23,18,5,FMN GV 10 Beerse
39,Antwerpseweg 195,2023-05-26,10:00:00,12,9,3,FMN GV 10 Beerse
39,Antwerpseweg 195,2023-05-26,11:00:00,15,13,2,FMN GV 10 Beerse
39,Antwerpseweg 195,2023-05-26,12:00:00,25,14,11,FMN GV 10 Beerse
39,Antwerpseweg 195,2023-05-26,13:00:00,38,27,11,FMN GV 10 Beerse
39,Antwerpseweg 195,2023-05-26,14:00:00,44,31,13,FMN GV 10 Beerse
39,Antwerpseweg 195,2023-05-26,15:00:00,65,46,19,FMN GV 10 Beerse
39,Antwerpseweg 195,2023-05-26,16:00:00,75,61,14,FMN GV 10 Beerse
39,Antwerpseweg 195,2023-05-26,17:00:00,44,33,11,FMN GV 10 Beerse
39,Antwerpseweg 195,2023-05-26,18:00:00,19,5,14,FMN GV 10 Beerse
39,Antwerpseweg 195,2023-05-26,19:00:00,28,16,12,FMN GV 10 Beerse
39,Antwerpseweg 195,2023-05-26,20:00:00,20,8,12,FMN GV 10 Beerse
39,Antwerpseweg 195,2023-05-26,21:00:00,18,13,5,FMN GV 10 Beerse
39,Antwerpseweg 195,2023-05-26,22:00:00,9,3,6,FMN GV 10 Beerse
39,Antwerpseweg 195,2023-05-26,23:00:00,3,2,1,FMN GV 10 Beerse
39,Antwerpseweg 195,2023-05-27,00:00:00,1,1,0,FMN GV 10 Beerse
39,Antwerpseweg 195,2023-05-27,01:00:00,3,2,1,FMN GV 10 Beerse
39,Antwerpseweg 195,2023-05-27,02:00:00,1,1,0,FMN GV 10 Beerse
39,Antwerpseweg 195,2023-05-27,03:00:00,0,0,0,FMN GV 10 Beerse
39,Antwerpseweg 195,2023-05-27,04:00:00,1,1,0,FMN GV 10 Beerse
39,Antwerpseweg 195,2023-05-27,05:00:00,4,4,0,FMN GV 10 Beerse
39,Antwerpseweg 195,2023-05-27,06:00:00,1,1,0,FMN GV 10 Beerse
39,Antwerpseweg 195,2023-05-27,07:00:00,6,5,1,FMN GV 10 Beerse
39,Antwerpseweg 195,2023-05-27,08:00:00,15,11,4,FMN GV 10 Beerse
39,Antwerpseweg 195,2023-05-27,09:00:00,12,6,6,FMN GV 10 Beerse
39,Antwerpseweg 195,2023-05-27,10:00:00,27,23,4,FMN GV 10 Beerse
39,Antwerpseweg 195,2023-05-27,11:00:00,24,14,10,FMN GV 10 Beerse
39,Antwerpseweg 195,2023-05-27,12:00:00,25,18,7,FMN GV 10 Beerse
39,Antwerpseweg 195,2023-05-27,13:00:00,59,40,19,FMN GV 10 Beerse
39,Antwerpseweg 195,2023-05-27,14:00:00,43,31,12,FMN GV 10 Beerse
39,Antwerpseweg 195,2023-05-27,15:00:00,52,26,26,FMN GV 10 Beerse
39,Antwerpseweg 195,2023-05-27,16:00:00,58,42,16,FMN GV 10 Beerse
39,Antwerpseweg 195,2023-05-27,17:00:00,41,24,17,FMN GV 10 Beerse
39,Antwerpseweg 195,2023-05-27,18:00:00,20,12,8,FMN GV 10 Beerse
39,Antwerpseweg 195,2023-05-27,19:00:00,17,12,5,FMN GV 10 Beerse
39,Antwerpseweg 195,2023-05-27,20:00:00,12,7,5,FMN GV 10 Beerse
39,Antwerpseweg 195,2023-05-27,21:00:00,14,8,6,FMN GV 10 Beerse
39,Antwerpseweg 195,2023-05-27,22:00:00,8,2,6,FMN GV 10 Beerse
39,Antwerpseweg 195,2023-05-27,23:00:00,3,3,0,FMN GV 10 Beerse
39,Antwerpseweg 195,2023-05-28,00:00:00,2,1,1,FMN GV 10 Beerse
39,Antwerpseweg 195,2023-05-28,01:00:00,2,2,0,FMN GV 10 Beerse
39,Antwerpseweg 195,2023-05-28,02:00:00,1,0,1,FMN GV 10 Beerse
39,Antwerpseweg 195,2023-05-28,03:00:00,2,1,1,FMN GV 10 Beerse
39,Antwerpseweg 195,2023-05-28,04:00:00,0,0,0,FMN GV 10 Beerse
39,Antwerpseweg 195,2023-05-28,05:00:00,3,3,0,FMN GV 10 Beerse
39,Antwerpseweg 195,2023-05-28,06:00:00,0,0,0,FMN GV 10 Beerse
39,Antwerpseweg 195,2023-05-28,07:00:00,4,2,2,FMN GV 10 Beerse
39,Antwerpseweg 195,2023-05-28,08:00:00,9,7,2,FMN GV 10 Beerse
39,Antwerpseweg 195,2023-05-28,09:00:00,34,27,7,FMN GV 10 Beerse
39,Antwerpseweg 195,2023-05-28,10:00:00,40,25,15,FMN GV 10 Beerse
39,Antwerpseweg 195,2023-05-28,11:00:00,47,22,25,FMN GV 10 Beerse
39,Antwerpseweg 195,2023-05-28,12:00:00,47,35,12,FMN GV 10 Beerse
39,Antwerpseweg 195,2023-05-28,13:00:00,75,45,30,FMN GV 10 Beerse
39,Antwerpseweg 195,2023-05-28,14:00:00,95,53,42,FMN GV 10 Beerse
39,Antwerpseweg 195,2023-05-28,15:00:00,57,36,21,FMN GV 10 Beerse
39,Antwerpseweg 195,2023-05-28,16:00:00,71,51,20,FMN GV 10 Beerse
39,Antwerpseweg 195,2023-05-28,17:00:00,51,31,20,FMN GV 10 Beerse
39,Antwerpseweg 195,2023-05-28,18:00:00,46,21,25,FMN GV 10 Beerse
39,Antwerpseweg 195,2023-05-28,19:00:00,29,15,14,FMN GV 10 Beerse
39,Antwerpseweg 195,2023-05-28,20:00:00,19,14,5,FMN GV 10 Beerse
39,Antwerpseweg 195,2023-05-28,21:00:00,11,6,5,FMN GV 10 Beerse
39,Antwerpseweg 195,2023-05-28,22:00:00,4,2,2,FMN GV 10 Beerse
39,Antwerpseweg 195,2023-05-28,23:00:00,7,4,3,FMN GV 10 Beerse
39,Antwerpseweg 195,2023-05-29,00:00:00,2,2,0,FMN GV 10 Beerse
39,Antwerpseweg 195,2023-05-29,01:00:00,4,0,4,FMN GV 10 Beerse
39,Antwerpseweg 195,2023-05-29,02:00:00,2,2,0,FMN GV 10 Beerse
39,Antwerpseweg 195,2023-05-29,03:00:00,1,1,0,FMN GV 10 Beerse
39,Antwerpseweg 195,2023-05-29,04:00:00,1,1,0,FMN GV 10 Beerse
39,Antwerpseweg 195,2023-05-29,05:00:00,3,3,0,FMN GV 10 Beerse
39,Antwerpseweg 195,2023-05-29,06:00:00,4,4,0,FMN GV 10 Beerse
39,Antwerpseweg 195,2023-05-29,07:00:00,3,3,0,FMN GV 10 Beerse
39,Antwerpseweg 195,2023-05-29,08:00:00,18,12,6,FMN GV 10 Beerse
39,Antwerpseweg 195,2023-05-29,09:00:00,29,6,23,FMN GV 10 Beerse
39,Antwerpseweg 195,2023-05-29,10:00:00,41,19,22,FMN GV 10 Beerse
39,Antwerpseweg 195,2023-05-29,11:00:00,29,22,7,FMN GV 10 Beerse
39,Antwerpseweg 195,2023-05-29,12:00:00,43,26,17,FMN GV 10 Beerse
39,Antwerpseweg 195,2023-05-29,13:00:00,39,26,13,FMN GV 10 Beerse
39,Antwerpseweg 195,2023-05-29,14:00:00,77,57,20,FMN GV 10 Beerse
39,Antwerpseweg 195,2023-05-29,15:00:00,87,64,23,FMN GV 10 Beerse
39,Antwerpseweg 195,2023-05-29,16:00:00,73,39,34,FMN GV 10 Beerse
39,Antwerpseweg 195,2023-05-29,17:00:00,25,13,12,FMN GV 10 Beerse
39,Antwerpseweg 195,2023-05-29,18:00:00,19,17,2,FMN GV 10 Beerse
39,Antwerpseweg 195,2023-05-29,19:00:00,30,19,11,FMN GV 10 Beerse
39,Antwerpseweg 195,2023-05-29,20:00:00,27,13,14,FMN GV 10 Beerse
39,Antwerpseweg 195,2023-05-29,21:00:00,5,4,1,FMN GV 10 Beerse
39,Antwerpseweg 195,2023-05-29,22:00:00,13,10,3,FMN GV 10 Beerse
39,Antwerpseweg 195,2023-05-29,23:00:00,0,0,0,FMN GV 10 Beerse
39,Antwerpseweg 195,2023-05-30,00:00:00,2,1,1,FMN GV 10 Beerse
39,Antwerpseweg 195,2023-05-30,01:00:00,0,0,0,FMN GV 10 Beerse
39,Antwerpseweg 195,2023-05-30,02:00:00,0,0,0,FMN GV 10 Beerse
39,Antwerpseweg 195,2023-05-30,03:00:00,0,0,0,FMN GV 10 Beerse
39,Antwerpseweg 195,2023-05-30,04:00:00,2,2,0,FMN GV 10 Beerse
39,Antwerpseweg 195,2023-05-30,05:00:00,19,19,0,FMN GV 10 Beerse
39,Antwerpseweg 195,2023-05-30,06:00:00,23,23,0,FMN GV 10 Beerse
39,Antwerpseweg 195,2023-05-30,07:00:00,75,70,5,FMN GV 10 Beerse
39,Antwerpseweg 195,2023-05-30,08:00:00,48,40,8,FMN GV 10 Beerse
39,Antwerpseweg 195,2023-05-30,09:00:00,30,23,7,FMN GV 10 Beerse
39,Antwerpseweg 195,2023-05-30,10:00:00,25,22,3,FMN GV 10 Beerse
39,Antwerpseweg 195,2023-05-30,11:00:00,13,10,3,FMN GV 10 Beerse
39,Antwerpseweg 195,2023-05-30,12:00:00,19,11,8,FMN GV 10 Beerse
39,Antwerpseweg 195,2023-05-30,13:00:00,35,25,10,FMN GV 10 Beerse
39,Antwerpseweg 195,2023-05-30,14:00:00,32,23,9,FMN GV 10 Beerse
39,Antwerpseweg 195,2023-05-30,15:00:00,66,51,15,FMN GV 10 Beerse
39,Antwerpseweg 195,2023-05-30,16:00:00,98,72,26,FMN GV 10 Beerse
39,Antwerpseweg 195,2023-05-30,17:00:00,66,33,33,FMN GV 10 Beerse
39,Antwerpseweg 195,2023-05-30,18:00:00,39,26,13,FMN GV 10 Beerse
39,Antwerpseweg 195,2023-05-30,19:00:00,11,6,5,FMN GV 10 Beerse
39,Antwerpseweg 195,2023-05-30,20:00:00,20,12,8,FMN GV 10 Beerse
39,Antwerpseweg 195,2023-05-30,21:00:00,11,9,2,FMN GV 10 Beerse
39,Antwerpseweg 195,2023-05-30,22:00:00,14,9,5,FMN GV 10 Beerse
39,Antwerpseweg 195,2023-05-30,23:00:00,0,0,0,FMN GV 10 Beerse
39,Antwerpseweg 195,2023-05-31,00:00:00,1,1,0,FMN GV 10 Beerse
39,Antwerpseweg 195,2023-05-31,01:00:00,0,0,0,FMN GV 10 Beerse
39,Antwerpseweg 195,2023-05-31,02:00:00,0,0,0,FMN GV 10 Beerse
39,Antwerpseweg 195,2023-05-31,03:00:00,0,0,0,FMN GV 10 Beerse
39,Antwerpseweg 195,2023-05-31,04:00:00,1,1,0,FMN GV 10 Beerse
39,Antwerpseweg 195,2023-05-31,05:00:00,24,24,0,FMN GV 10 Beerse
39,Antwerpseweg 195,2023-05-31,06:00:00,25,23,2,FMN GV 10 Beerse
39,Antwerpseweg 195,2023-05-31,07:00:00,87,74,13,FMN GV 10 Beerse
39,Antwerpseweg 195,2023-05-31,08:00:00,50,45,5,FMN GV 10 Beerse
39,Antwerpseweg 195,2023-05-31,09:00:00,29,26,3,FMN GV 10 Beerse
39,Antwerpseweg 195,2023-05-31,10:00:00,16,11,5,FMN GV 10 Beerse
39,Antwerpseweg 195,2023-05-31,11:00:00,32,22,10,FMN GV 10 Beerse
39,Antwerpseweg 195,2023-05-31,12:00:00,95,76,19,FMN GV 10 Beerse
39,Antwerpseweg 195,2023-05-31,13:00:00,64,52,12,FMN GV 10 Beerse
39,Antwerpseweg 195,2023-05-31,14:00:00,98,36,62,FMN GV 10 Beerse
39,Antwerpseweg 195,2023-05-31,15:00:00,62,41,21,FMN GV 10 Beerse
39,Antwerpseweg 195,2023-05-31,16:00:00,73,48,25,FMN GV 10 Beerse
39,Antwerpseweg 195,2023-05-31,17:00:00,84,45,39,FMN GV 10 Beerse
39,Antwerpseweg 195,2023-05-31,18:00:00,53,31,22,FMN GV 10 Beerse
39,Antwerpseweg 195,2023-05-31,19:00:00,52,26,26,FMN GV 10 Beerse
39,Antwerpseweg 195,2023-05-31,20:00:00,24,13,11,FMN GV 10 Beerse
39,Antwerpseweg 195,2023-05-31,21:00:00,14,10,4,FMN GV 10 Beerse
39,Antwerpseweg 195,2023-05-31,22:00:00,9,8,1,FMN GV 10 Beerse
39,Antwerpseweg 195,2023-05-31,23:00:00,5,5,0,FMN GV 10 Beerse
39,Antwerpseweg 195,2023-06-01,00:00:00,1,1,0,FMN GV 10 Beerse
39,Antwerpseweg 195,2023-06-01,01:00:00,1,0,1,FMN GV 10 Beerse
39,Antwerpseweg 195,2023-06-01,02:00:00,0,0,0,FMN GV 10 Beerse
39,Antwerpseweg 195,2023-06-01,03:00:00,0,0,0,FMN GV 10 Beerse
39,Antwerpseweg 195,2023-06-01,04:00:00,4,4,0,FMN GV 10 Beerse
39,Antwerpseweg 195,2023-06-01,05:00:00,19,19,0,FMN GV 10 Beerse
39,Antwerpseweg 195,2023-06-01,06:00:00,31,29,2,FMN GV 10 Beerse
39,Antwerpseweg 195,2023-06-01,07:00:00,70,60,10,FMN GV 10 Beerse
39,Antwerpseweg 195,2023-06-01,08:00:00,42,38,4,FMN GV 10 Beerse
39,Antwerpseweg 195,2023-06-01,09:00:00,22,17,5,FMN GV 10 Beerse
39,Antwerpseweg 195,2023-06-01,10:00:00,22,16,6,FMN GV 10 Beerse
39,Antwerpseweg 195,2023-06-01,11:00:00,28,23,5,FMN GV 10 Beerse
39,Antwerpseweg 195,2023-06-01,12:00:00,38,31,7,FMN GV 10 Beerse
39,Antwerpseweg 195,2023-06-01,13:00:00,65,52,13,FMN GV 10 Beerse
39,Antwerpseweg 195,2023-06-01,14:00:00,51,42,9,FMN GV 10 Beerse
39,Antwerpseweg 195,2023-06-01,15:00:00,58,42,16,FMN GV 10 Beerse
39,Antwerpseweg 195,2023-06-01,16:00:00,114,77,37,FMN GV 10 Beerse
39,Antwerpseweg 195,2023-06-01,17:00:00,70,47,23,FMN GV 10 Beerse
39,Antwerpseweg 195,2023-06-01,18:00:00,32,17,15,FMN GV 10 Beerse
39,Antwerpseweg 195,2023-06-01,19:00:00,17,15,2,FMN GV 10 Beerse
39,Antwerpseweg 195,2023-06-01,20:00:00,10,7,3,FMN GV 10 Beerse
39,Antwerpseweg 195,2023-06-01,21:00:00,7,4,3,FMN GV 10 Beerse
39,Antwerpseweg 195,2023-06-01,22:00:00,13,10,3,FMN GV 10 Beerse
39,Antwerpseweg 195,2023-06-01,23:00:00,4,2,2,FMN GV 10 Beerse
39,Antwerpseweg 195,2023-06-02,00:00:00,0,0,0,FMN GV 10 Beerse
39,Antwerpseweg 195,2023-06-02,01:00:00,0,0,0,FMN GV 10 Beerse
39,Antwerpseweg 195,2023-06-02,02:00:00,0,0,0,FMN GV 10 Beerse
39,Antwerpseweg 195,2023-06-02,03:00:00,0,0,0,FMN GV 10 Beerse
39,Antwerpseweg 195,2023-06-02,04:00:00,4,4,0,FMN GV 10 Beerse
39,Antwerpseweg 195,2023-06-02,05:00:00,16,16,0,FMN GV 10 Beerse
39,Antwerpseweg 195,2023-06-02,06:00:00,19,19,0,FMN GV 10 Beerse
39,Antwerpseweg 195,2023-06-02,07:00:00,69,58,11,FMN GV 10 Beerse
39,Antwerpseweg 195,2023-06-02,08:00:00,45,35,10,FMN GV 10 Beerse
39,Antwerpseweg 195,2023-06-02,09:00:00,13,10,3,FMN GV 10 Beerse
39,Antwerpseweg 195,2023-06-02,10:00:00,15,10,5,FMN GV 10 Beerse
39,Antwerpseweg 195,2023-06-02,11:00:00,21,18,3,FMN GV 10 Beerse
39,Antwerpseweg 195,2023-06-02,12:00:00,24,17,7,FMN GV 10 Beerse
39,Antwerpseweg 195,2023-06-02,13:00:00,28,23,5,FMN GV 10 Beerse
39,Antwerpseweg 195,2023-06-02,14:00:00,44,28,16,FMN GV 10 Beerse
39,Antwerpseweg 195,2023-06-02,15:00:00,56,37,19,FMN GV 10 Beerse
39,Antwerpseweg 195,2023-06-02,16:00:00,65,45,20,FMN GV 10 Beerse
39,Antwerpseweg 195,2023-06-02,17:00:00,43,28,15,FMN GV 10 Beerse
39,Antwerpseweg 195,2023-06-02,18:00:00,32,25,7,FMN GV 10 Beerse
39,Antwerpseweg 195,2023-06-02,19:00:00,16,10,6,FMN GV 10 Beerse
39,Antwerpseweg 195,2023-06-02,20:00:00,11,6,5,FMN GV 10 Beerse
39,Antwerpseweg 195,2023-06-02,21:00:00,6,3,3,FMN GV 10 Beerse
39,Antwerpseweg 195,2023-06-02,22:00:00,7,5,2,FMN GV 10 Beerse
39,Antwerpseweg 195,2023-06-02,23:00:00,7,4,3,FMN GV 10 Beerse
39,Antwerpseweg 195,2023-06-03,00:00:00,2,1,1,FMN GV 10 Beerse
39,Antwerpseweg 195,2023-06-03,01:00:00,2,1,1,FMN GV 10 Beerse
39,Antwerpseweg 195,2023-06-03,02:00:00,1,1,0,FMN GV 10 Beerse
39,Antwerpseweg 195,2023-06-03,03:00:00,1,0,1,FMN GV 10 Beerse
39,Antwerpseweg 195,2023-06-03,04:00:00,1,1,0,FMN GV 10 Beerse
39,Antwerpseweg 195,2023-06-03,05:00:00,6,6,0,FMN GV 10 Beerse
39,Antwerpseweg 195,2023-06-03,06:00:00,1,1,0,FMN GV 10 Beerse
39,Antwerpseweg 195,2023-06-03,07:00:00,6,3,3,FMN GV 10 Beerse
39,Antwerpseweg 195,2023-06-03,08:00:00,12,5,7,FMN GV 10 Beerse
39,Antwerpseweg 195,2023-06-03,09:00:00,25,13,12,FMN GV 10 Beerse
39,Antwerpseweg 195,2023-06-03,10:00:00,29,21,8,FMN GV 10 Beerse
39,Antwerpseweg 195,2023-06-03,11:00:00,45,36,9,FMN GV 10 Beerse
39,Antwerpseweg 195,2023-06-03,12:00:00,28,20,8,FMN GV 10 Beerse
39,Antwerpseweg 195,2023-06-03,13:00:00,52,32,20,FMN GV 10 Beerse
39,Antwerpseweg 195,2023-06-03,14:00:00,47,30,17,FMN GV 10 Beerse
39,Antwerpseweg 195,2023-06-03,15:00:00,45,29,16,FMN GV 10 Beerse
39,Antwerpseweg 195,2023-06-03,16:00:00,37,27,10,FMN GV 10 Beerse
39,Antwerpseweg 195,2023-06-03,17:00:00,42,21,21,FMN GV 10 Beerse
39,Antwerpseweg 195,2023-06-03,18:00:00,27,21,6,FMN GV 10 Beerse
39,Antwerpseweg 195,2023-06-03,19:00:00,20,11,9,FMN GV 10 Beerse
39,Antwerpseweg 195,2023-06-03,20:00:00,16,5,11,FMN GV 10 Beerse
39,Antwerpseweg 195,2023-06-03,21:00:00,13,12,1,FMN GV 10 Beerse
39,Antwerpseweg 195,2023-06-03,22:00:00,16,10,6,FMN GV 10 Beerse
39,Antwerpseweg 195,2023-06-03,23:00:00,1,1,0,FMN GV 10 Beerse
39,Antwerpseweg 195,2023-06-04,00:00:00,11,3,8,FMN GV 10 Beerse
39,Antwerpseweg 195,2023-06-04,01:00:00,2,2,0,FMN GV 10 Beerse
39,Antwerpseweg 195,2023-06-04,02:00:00,5,5,0,FMN GV 10 Beerse
39,Antwerpseweg 195,2023-06-04,03:00:00,0,0,0,FMN GV 10 Beerse
39,Antwerpseweg 195,2023-06-04,04:00:00,1,1,0,FMN GV 10 Beerse
39,Antwerpseweg 195,2023-06-04,05:00:00,3,3,0,FMN GV 10 Beerse
39,Antwerpseweg 195,2023-06-04,06:00:00,2,2,0,FMN GV 10 Beerse
39,Antwerpseweg 195,2023-06-04,07:00:00,7,4,3,FMN GV 10 Beerse
39,Antwerpseweg 195,2023-06-04,08:00:00,18,16,2,FMN GV 10 Beerse
39,Antwerpseweg 195,2023-06-04,09:00:00,25,18,7,FMN GV 10 Beerse
39,Antwerpseweg 195,2023-06-04,10:00:00,37,30,7,FMN GV 10 Beerse
39,Antwerpseweg 195,2023-06-04,11:00:00,48,26,22,FMN GV 10 Beerse
39,Antwerpseweg 195,2023-06-04,12:00:00,46,39,7,FMN GV 10 Beerse
39,Antwerpseweg 195,2023-06-04,13:00:00,76,41,35,FMN GV 10 Beerse
39,Antwerpseweg 195,2023-06-04,14:00:00,80,54,26,FMN GV 10 Beerse
39,Antwerpseweg 195,2023-06-04,15:00:00,78,50,28,FMN GV 10 Beerse
39,Antwerpseweg 195,2023-06-04,16:00:00,92,68,24,FMN GV 10 Beerse
39,Antwerpseweg 195,2023-06-04,17:00:00,62,34,28,FMN GV 10 Beerse
39,Antwerpseweg 195,2023-06-04,18:00:00,35,25,10,FMN GV 10 Beerse
39,Antwerpseweg 195,2023-06-04,19:00:00,40,24,16,FMN GV 10 Beerse
39,Antwerpseweg 195,2023-06-04,20:00:00,23,12,11,FMN GV 10 Beerse
39,Antwerpseweg 195,2023-06-04,21:00:00,12,9,3,FMN GV 10 Beerse
39,Antwerpseweg 195,2023-06-04,22:00:00,3,1,2,FMN GV 10 Beerse
39,Antwerpseweg 195,2023-06-04,23:00:00,1,1,0,FMN GV 10 Beerse
39,Antwerpseweg 195,2023-06-05,00:00:00,0,0,0,FMN GV 10 Beerse
39,Antwerpseweg 195,2023-06-05,01:00:00,1,1,0,FMN GV 10 Beerse
39,Antwerpseweg 195,2023-06-05,02:00:00,0,0,0,FMN GV 10 Beerse
39,Antwerpseweg 195,2023-06-05,03:00:00,0,0,0,FMN GV 10 Beerse
39,Antwerpseweg 195,2023-06-05,04:00:00,3,3,0,FMN GV 10 Beerse
39,Antwerpseweg 195,2023-06-05,05:00:00,16,15,1,FMN GV 10 Beerse
39,Antwerpseweg 195,2023-06-05,06:00:00,30,27,3,FMN GV 10 Beerse
39,Antwerpseweg 195,2023-06-05,07:00:00,78,71,7,FMN GV 10 Beerse
39,Antwerpseweg 195,2023-06-05,08:00:00,59,47,12,FMN GV 10 Beerse
39,Antwerpseweg 195,2023-06-05,09:00:00,12,10,2,FMN GV 10 Beerse
39,Antwerpseweg 195,2023-06-05,10:00:00,19,19,0,FMN GV 10 Beerse
39,Antwerpseweg 195,2023-06-05,11:00:00,18,13,5,FMN GV 10 Beerse
39,Antwerpseweg 195,2023-06-05,12:00:00,27,20,7,FMN GV 10 Beerse
39,Antwerpseweg 195,2023-06-05,13:00:00,42,33,9,FMN GV 10 Beerse
39,Antwerpseweg 195,2023-06-05,14:00:00,41,27,14,FMN GV 10 Beerse
39,Antwerpseweg 195,2023-06-05,15:00:00,83,56,27,FMN GV 10 Beerse
39,Antwerpseweg 195,2023-06-05,16:00:00,117,85,32,FMN GV 10 Beerse
39,Antwerpseweg 195,2023-06-05,17:00:00,58,36,22,FMN GV 10 Beerse
39,Antwerpseweg 195,2023-06-05,18:00:00,28,15,13,FMN GV 10 Beerse
39,Antwerpseweg 195,2023-06-05,19:00:00,25,18,7,FMN GV 10 Beerse
39,Antwerpseweg 195,2023-06-05,20:00:00,22,16,6,FMN GV 10 Beerse
39,Antwerpseweg 195,2023-06-05,21:00:00,8,6,2,FMN GV 10 Beerse
39,Antwerpseweg 195,2023-06-05,22:00:00,17,12,5,FMN GV 10 Beerse
39,Antwerpseweg 195,2023-06-05,23:00:00,3,1,2,FMN GV 10 Beerse
39,Antwerpseweg 195,2023-06-06,00:00:00,1,0,1,FMN GV 10 Beerse
39,Antwerpseweg 195,2023-06-06,01:00:00,0,0,0,FMN GV 10 Beerse
39,Antwerpseweg 195,2023-06-06,02:00:00,0,0,0,FMN GV 10 Beerse
39,Antwerpseweg 195,2023-06-06,03:00:00,0,0,0,FMN GV 10 Beerse
39,Antwerpseweg 195,2023-06-06,04:00:00,2,2,0,FMN GV 10 Beerse
39,Antwerpseweg 195,2023-06-06,05:00:00,23,22,1,FMN GV 10 Beerse
39,Antwerpseweg 195,2023-06-06,06:00:00,23,21,2,FMN GV 10 Beerse
39,Antwerpseweg 195,2023-06-06,07:00:00,86,75,11,FMN GV 10 Beerse
39,Antwerpseweg 195,2023-06-06,08:00:00,51,41,10,FMN GV 10 Beerse
39,Antwerpseweg 195,2023-06-06,09:00:00,29,16,13,FMN GV 10 Beerse
39,Antwerpseweg 195,2023-06-06,10:00:00,24,20,4,FMN GV 10 Beerse
39,Antwerpseweg 195,2023-06-06,11:00:00,32,20,12,FMN GV 10 Beerse
39,Antwerpseweg 195,2023-06-06,12:00:00,29,20,9,FMN GV 10 Beerse
39,Antwerpseweg 195,2023-06-06,13:00:00,42,29,13,FMN GV 10 Beerse
39,Antwerpseweg 195,2023-06-06,14:00:00,58,39,19,FMN GV 10 Beerse
39,Antwerpseweg 195,2023-06-06,15:00:00,61,44,17,FMN GV 10 Beerse
39,Antwerpseweg 195,2023-06-06,16:00:00,157,98,59,FMN GV 10 Beerse
39,Antwerpseweg 195,2023-06-06,17:00:00,58,35,23,FMN GV 10 Beerse
39,Antwerpseweg 195,2023-06-06,18:00:00,35,22,13,FMN GV 10 Beerse
39,Antwerpseweg 195,2023-06-06,19:00:00,22,12,10,FMN GV 10 Beerse
39,Antwerpseweg 195,2023-06-06,20:00:00,53,29,24,FMN GV 10 Beerse
39,Antwerpseweg 195,2023-06-06,21:00:00,17,14,3,FMN GV 10 Beerse
39,Antwerpseweg 195,2023-06-06,22:00:00,19,14,5,FMN GV 10 Beerse
39,Antwerpseweg 195,2023-06-06,23:00:00,5,2,3,FMN GV 10 Beerse
39,Antwerpseweg 195,2023-06-07,00:00:00,0,0,0,FMN GV 10 Beerse
39,Antwerpseweg 195,2023-06-07,01:00:00,0,0,0,FMN GV 10 Beerse
39,Antwerpseweg 195,2023-06-07,02:00:00,0,0,0,FMN GV 10 Beerse
39,Antwerpseweg 195,2023-06-07,03:00:00,0,0,0,FMN GV 10 Beerse
39,Antwerpseweg 195,2023-06-07,04:00:00,2,2,0,FMN GV 10 Beerse
39,Antwerpseweg 195,2023-06-07,05:00:00,21,19,2,FMN GV 10 Beerse
39,Antwerpseweg 195,2023-06-07,06:00:00,26,23,3,FMN GV 10 Beerse
39,Antwerpseweg 195,2023-06-07,07:00:00,62,55,7,FMN GV 10 Beerse
39,Antwerpseweg 195,2023-06-07,08:00:00,52,45,7,FMN GV 10 Beerse
39,Antwerpseweg 195,2023-06-07,09:00:00,33,26,7,FMN GV 10 Beerse
39,Antwerpseweg 195,2023-06-07,10:00:00,22,11,11,FMN GV 10 Beerse
39,Antwerpseweg 195,2023-06-07,11:00:00,28,14,14,FMN GV 10 Beerse
39,Antwerpseweg 195,2023-06-07,12:00:00,105,93,12,FMN GV 10 Beerse
39,Antwerpseweg 195,2023-06-07,13:00:00,68,46,22,FMN GV 10 Beerse
39,Antwerpseweg 195,2023-06-07,14:00:00,64,52,12,FMN GV 10 Beerse
39,Antwerpseweg 195,2023-06-07,15:00:00,50,34,16,FMN GV 10 Beerse
39,Antwerpseweg 195,2023-06-07,16:00:00,52,42,10,FMN GV 10 Beerse
39,Antwerpseweg 195,2023-06-07,17:00:00,62,40,22,FMN GV 10 Beerse
39,Antwerpseweg 195,2023-06-07,18:00:00,49,36,13,FMN GV 10 Beerse
39,Antwerpseweg 195,2023-06-07,19:00:00,17,11,6,FMN GV 10 Beerse
39,Antwerpseweg 195,2023-06-07,20:00:00,23,12,11,FMN GV 10 Beerse
39,Antwerpseweg 195,2023-06-07,21:00:00,21,18,3,FMN GV 10 Beerse
39,Antwerpseweg 195,2023-06-07,22:00:00,14,8,6,FMN GV 10 Beerse
39,Antwerpseweg 195,2023-06-07,23:00:00,3,2,1,FMN GV 10 Beerse
39,Antwerpseweg 195,2023-06-08,00:00:00,1,1,0,FMN GV 10 Beerse
39,Antwerpseweg 195,2023-06-08,01:00:00,0,0,0,FMN GV 10 Beerse
39,Antwerpseweg 195,2023-06-08,02:00:00,0,0,0,FMN GV 10 Beerse
39,Antwerpseweg 195,2023-06-08,03:00:00,0,0,0,FMN GV 10 Beerse
39,Antwerpseweg 195,2023-06-08,04:00:00,1,1,0,FMN GV 10 Beerse
39,Antwerpseweg 195,2023-06-08,05:00:00,14,13,1,FMN GV 10 Beerse
39,Antwerpseweg 195,2023-06-08,06:00:00,27,25,2,FMN GV 10 Beerse
39,Antwerpseweg 195,2023-06-08,07:00:00,85,72,13,FMN GV 10 Beerse
39,Antwerpseweg 195,2023-06-08,08:00:00,57,48,9,FMN GV 10 Beerse
39,Antwerpseweg 195,2023-06-08,09:00:00,19,13,6,FMN GV 10 Beerse
39,Antwerpseweg 195,2023-06-08,10:00:00,22,16,6,FMN GV 10 Beerse
39,Antwerpseweg 195,2023-06-08,11:00:00,24,18,6,FMN GV 10 Beerse
39,Antwerpseweg 195,2023-06-08,12:00:00,37,24,13,FMN GV 10 Beerse
39,Antwerpseweg 195,2023-06-08,13:00:00,43,36,7,FMN GV 10 Beerse
39,Antwerpseweg 195,2023-06-08,14:00:00,46,31,15,FMN GV 10 Beerse
39,Antwerpseweg 195,2023-06-08,15:00:00,90,72,18,FMN GV 10 Beerse
39,Antwerpseweg 195,2023-06-08,16:00:00,105,80,25,FMN GV 10 Beerse
39,Antwerpseweg 195,2023-06-08,17:00:00,59,33,26,FMN GV 10 Beerse
39,Antwerpseweg 195,2023-06-08,18:00:00,41,30,11,FMN GV 10 Beerse
39,Antwerpseweg 195,2023-06-08,19:00:00,21,13,8,FMN GV 10 Beerse
39,Antwerpseweg 195,2023-06-08,20:00:00,18,9,9,FMN GV 10 Beerse
39,Antwerpseweg 195,2023-06-08,21:00:00,22,15,7,FMN GV 10 Beerse
39,Antwerpseweg 195,2023-06-08,22:00:00,13,9,4,FMN GV 10 Beerse
39,Antwerpseweg 195,2023-06-08,23:00:00,1,1,0,FMN GV 10 Beerse
39,Antwerpseweg 195,2023-06-09,00:00:00,1,1,0,FMN GV 10 Beerse
39,Antwerpseweg 195,2023-06-09,01:00:00,0,0,0,FMN GV 10 Beerse
39,Antwerpseweg 195,2023-06-09,02:00:00,0,0,0,FMN GV 10 Beerse
39,Antwerpseweg 195,2023-06-09,03:00:00,1,1,0,FMN GV 10 Beerse
39,Antwerpseweg 195,2023-06-09,04:00:00,5,5,0,FMN GV 10 Beerse
39,Antwerpseweg 195,2023-06-09,05:00:00,16,16,0,FMN GV 10 Beerse
39,Antwerpseweg 195,2023-06-09,06:00:00,24,24,0,FMN GV 10 Beerse
39,Antwerpseweg 195,2023-06-09,07:00:00,65,55,10,FMN GV 10 Beerse
39,Antwerpseweg 195,2023-06-09,08:00:00,61,40,21,FMN GV 10 Beerse
39,Antwerpseweg 195,2023-06-09,09:00:00,28,20,8,FMN GV 10 Beerse
39,Antwerpseweg 195,2023-06-09,10:00:00,17,13,4,FMN GV 10 Beerse
39,Antwerpseweg 195,2023-06-09,11:00:00,25,19,6,FMN GV 10 Beerse
39,Antwerpseweg 195,2023-06-09,12:00:00,38,30,8,FMN GV 10 Beerse
39,Antwerpseweg 195,2023-06-09,13:00:00,42,27,15,FMN GV 10 Beerse
39,Antwerpseweg 195,2023-06-09,14:00:00,41,31,10,FMN GV 10 Beerse
39,Antwerpseweg 195,2023-06-09,15:00:00,66,44,22,FMN GV 10 Beerse
39,Antwerpseweg 195,2023-06-09,16:00:00,86,61,25,FMN GV 10 Beerse
39,Antwerpseweg 195,2023-06-09,17:00:00,51,33,18,FMN GV 10 Beerse
39,Antwerpseweg 195,2023-06-09,18:00:00,34,25,9,FMN GV 10 Beerse
39,Antwerpseweg 195,2023-06-09,19:00:00,32,21,11,FMN GV 10 Beerse
39,Antwerpseweg 195,2023-06-09,20:00:00,29,17,12,FMN GV 10 Beerse
39,Antwerpseweg 195,2023-06-09,21:00:00,22,17,5,FMN GV 10 Beerse
39,Antwerpseweg 195,2023-06-09,22:00:00,17,14,3,FMN GV 10 Beerse
39,Antwerpseweg 195,2023-06-09,23:00:00,12,7,5,FMN GV 10 Beerse
39,Antwerpseweg 195,2023-06-10,00:00:00,6,4,2,FMN GV 10 Beerse
39,Antwerpseweg 195,2023-06-10,01:00:00,4,1,3,FMN GV 10 Beerse
39,Antwerpseweg 195,2023-06-10,02:00:00,0,0,0,FMN GV 10 Beerse
39,Antwerpseweg 195,2023-06-10,03:00:00,2,2,0,FMN GV 10 Beerse
39,Antwerpseweg 195,2023-06-10,04:00:00,5,4,1,FMN GV 10 Beerse
39,Antwerpseweg 195,2023-06-10,05:00:00,4,4,0,FMN GV 10 Beerse
39,Antwerpseweg 195,2023-06-10,06:00:00,5,5,0,FMN GV 10 Beerse
39,Antwerpseweg 195,2023-06-10,07:00:00,12,12,0,FMN GV 10 Beerse
39,Antwerpseweg 195,2023-06-10,08:00:00,20,15,5,FMN GV 10 Beerse
39,Antwerpseweg 195,2023-06-10,09:00:00,25,19,6,FMN GV 10 Beerse
39,Antwerpseweg 195,2023-06-10,10:00:00,27,21,6,FMN GV 10 Beerse
39,Antwerpseweg 195,2023-06-10,11:00:00,22,12,10,FMN GV 10 Beerse
39,Antwerpseweg 195,2023-06-10,12:00:00,32,24,8,FMN GV 10 Beerse
39,Antwerpseweg 195,2023-06-10,13:00:00,45,30,15,FMN GV 10 Beerse
39,Antwerpseweg 195,2023-06-10,14:00:00,42,28,14,FMN GV 10 Beerse
39,Antwerpseweg 195,2023-06-10,15:00:00,38,21,17,FMN GV 10 Beerse
39,Antwerpseweg 195,2023-06-10,16:00:00,35,20,15,FMN GV 10 Beerse
39,Antwerpseweg 195,2023-06-10,17:00:00,24,14,10,FMN GV 10 Beerse
39,Antwerpseweg 195,2023-06-10,18:00:00,32,25,7,FMN GV 10 Beerse
39,Antwerpseweg 195,2023-06-10,19:00:00,24,15,9,FMN GV 10 Beerse
39,Antwerpseweg 195,2023-06-10,20:00:00,28,15,13,FMN GV 10 Beerse
39,Antwerpseweg 195,2023-06-10,21:00:00,25,13,12,FMN GV 10 Beerse
39,Antwerpseweg 195,2023-06-10,22:00:00,19,15,4,FMN GV 10 Beerse
39,Antwerpseweg 195,2023-06-10,23:00:00,9,6,3,FMN GV 10 Beerse
39,Antwerpseweg 195,2023-06-11,00:00:00,14,12,2,FMN GV 10 Beerse
39,Antwerpseweg 195,2023-06-11,01:00:00,5,1,4,FMN GV 10 Beerse
39,Antwerpseweg 195,2023-06-11,02:00:00,1,1,0,FMN GV 10 Beerse
39,Antwerpseweg 195,2023-06-11,03:00:00,4,4,0,FMN GV 10 Beerse
39,Antwerpseweg 195,2023-06-11,04:00:00,1,1,0,FMN GV 10 Beerse
39,Antwerpseweg 195,2023-06-11,05:00:00,3,3,0,FMN GV 10 Beerse
39,Antwerpseweg 195,2023-06-11,06:00:00,3,2,1,FMN GV 10 Beerse
39,Antwerpseweg 195,2023-06-11,07:00:00,6,3,3,FMN GV 10 Beerse
39,Antwerpseweg 195,2023-06-11,08:00:00,19,13,6,FMN GV 10 Beerse
39,Antwerpseweg 195,2023-06-11,09:00:00,42,35,7,FMN GV 10 Beerse
39,Antwerpseweg 195,2023-06-11,10:00:00,47,26,21,FMN GV 10 Beerse
39,Antwerpseweg 195,2023-06-11,11:00:00,37,18,19,FMN GV 10 Beerse
39,Antwerpseweg 195,2023-06-11,12:00:00,27,18,9,FMN GV 10 Beerse
39,Antwerpseweg 195,2023-06-11,13:00:00,48,27,21,FMN GV 10 Beerse
39,Antwerpseweg 195,2023-06-11,14:00:00,52,30,22,FMN GV 10 Beerse
39,Antwerpseweg 195,2023-06-11,15:00:00,56,40,16,FMN GV 10 Beerse
39,Antwerpseweg 195,2023-06-11,16:00:00,69,41,28,FMN GV 10 Beerse
39,Antwerpseweg 195,2023-06-11,17:00:00,34,20,14,FMN GV 10 Beerse
39,Antwerpseweg 195,2023-06-11,18:00:00,34,21,13,FMN GV 10 Beerse
39,Antwerpseweg 195,2023-06-11,19:00:00,43,32,11,FMN GV 10 Beerse
39,Antwerpseweg 195,2023-06-11,20:00:00,35,18,17,FMN GV 10 Beerse
39,Antwerpseweg 195,2023-06-11,21:00:00,19,10,9,FMN GV 10 Beerse
39,Antwerpseweg 195,2023-06-11,22:00:00,12,10,2,FMN GV 10 Beerse
39,Antwerpseweg 195,2023-06-11,23:00:00,0,0,0,FMN GV 10 Beerse
39,Antwerpseweg 195,2023-06-12,00:00:00,0,0,0,FMN GV 10 Beerse
39,Antwerpseweg 195,2023-06-12,01:00:00,1,1,0,FMN GV 10 Beerse
39,Antwerpseweg 195,2023-06-12,02:00:00,2,0,2,FMN GV 10 Beerse
39,Antwerpseweg 195,2023-06-12,03:00:00,0,0,0,FMN GV 10 Beerse
39,Antwerpseweg 195,2023-06-12,04:00:00,2,2,0,FMN GV 10 Beerse
39,Antwerpseweg 195,2023-06-12,05:00:00,19,18,1,FMN GV 10 Beerse
39,Antwerpseweg 195,2023-06-12,06:00:00,21,21,0,FMN GV 10 Beerse
39,Antwerpseweg 195,2023-06-12,07:00:00,98,87,11,FMN GV 10 Beerse
39,Antwerpseweg 195,2023-06-12,08:00:00,46,40,6,FMN GV 10 Beerse
39,Antwerpseweg 195,2023-06-12,09:00:00,41,29,12,FMN GV 10 Beerse
39,Antwerpseweg 195,2023-06-12,10:00:00,16,12,4,FMN GV 10 Beerse
39,Antwerpseweg 195,2023-06-12,11:00:00,23,18,5,FMN GV 10 Beerse
39,Antwerpseweg 195,2023-06-12,12:00:00,38,29,9,FMN GV 10 Beerse
39,Antwerpseweg 195,2023-06-12,13:00:00,49,38,11,FMN GV 10 Beerse
39,Antwerpseweg 195,2023-06-12,14:00:00,39,18,21,FMN GV 10 Beerse
39,Antwerpseweg 195,2023-06-12,15:00:00,59,38,21,FMN GV 10 Beerse
39,Antwerpseweg 195,2023-06-12,16:00:00,89,56,33,FMN GV 10 Beerse
39,Antwerpseweg 195,2023-06-12,17:00:00,61,39,22,FMN GV 10 Beerse
39,Antwerpseweg 195,2023-06-12,18:00:00,32,24,8,FMN GV 10 Beerse
39,Antwerpseweg 195,2023-06-12,19:00:00,40,29,11,FMN GV 10 Beerse
39,Antwerpseweg 195,2023-06-12,20:00:00,28,18,10,FMN GV 10 Beerse
39,Antwerpseweg 195,2023-06-12,21:00:00,22,17,5,FMN GV 10 Beerse
39,Antwerpseweg 195,2023-06-12,22:00:00,14,11,3,FMN GV 10 Beerse
39,Antwerpseweg 195,2023-06-12,23:00:00,2,2,0,FMN GV 10 Beerse
39,Antwerpseweg 195,2023-06-13,00:00:00,0,0,0,FMN GV 10 Beerse
39,Antwerpseweg 195,2023-06-13,01:00:00,0,0,0,FMN GV 10 Beerse
39,Antwerpseweg 195,2023-06-13,02:00:00,0,0,0,FMN GV 10 Beerse
39,Antwerpseweg 195,2023-06-13,03:00:00,0,0,0,FMN GV 10 Beerse
39,Antwerpseweg 195,2023-06-13,04:00:00,3,2,1,FMN GV 10 Beerse
39,Antwerpseweg 195,2023-06-13,05:00:00,22,21,1,FMN GV 10 Beerse
39,Antwerpseweg 195,2023-06-13,06:00:00,24,22,2,FMN GV 10 Beerse
39,Antwerpseweg 195,2023-06-13,07:00:00,87,76,11,FMN GV 10 Beerse
39,Antwerpseweg 195,2023-06-13,08:00:00,52,45,7,FMN GV 10 Beerse
39,Antwerpseweg 195,2023-06-13,09:00:00,76,33,43,FMN GV 10 Beerse
39,Antwerpseweg 195,2023-06-13,10:00:00,20,16,4,FMN GV 10 Beerse
39,Antwerpseweg 195,2023-06-13,11:00:00,39,22,17,FMN GV 10 Beerse
39,Antwerpseweg 195,2023-06-13,12:00:00,47,38,9,FMN GV 10 Beerse
39,Antwerpseweg 195,2023-06-13,13:00:00,56,49,7,FMN GV 10 Beerse
39,Antwerpseweg 195,2023-06-13,14:00:00,59,47,12,FMN GV 10 Beerse
39,Antwerpseweg 195,2023-06-13,15:00:00,86,69,17,FMN GV 10 Beerse
39,Antwerpseweg 195,2023-06-13,16:00:00,94,54,40,FMN GV 10 Beerse
39,Antwerpseweg 195,2023-06-13,17:00:00,89,54,35,FMN GV 10 Beerse
39,Antwerpseweg 195,2023-06-13,18:00:00,27,17,10,FMN GV 10 Beerse
39,Antwerpseweg 195,2023-06-13,19:00:00,27,19,8,FMN GV 10 Beerse
39,Antwerpseweg 195,2023-06-13,20:00:00,53,30,23,FMN GV 10 Beerse
39,Antwerpseweg 195,2023-06-13,21:00:00,28,23,5,FMN GV 10 Beerse
39,Antwerpseweg 195,2023-06-13,22:00:00,10,5,5,FMN GV 10 Beerse
39,Antwerpseweg 195,2023-06-13,23:00:00,2,1,1,FMN GV 10 Beerse
39,Antwerpseweg 195,2023-06-14,00:00:00,0,0,0,FMN GV 10 Beerse
39,Antwerpseweg 195,2023-06-14,01:00:00,1,1,0,FMN GV 10 Beerse
39,Antwerpseweg 195,2023-06-14,02:00:00,0,0,0,FMN GV 10 Beerse
39,Antwerpseweg 195,2023-06-14,03:00:00,1,1,0,FMN GV 10 Beerse
39,Antwerpseweg 195,2023-06-14,04:00:00,3,3,0,FMN GV 10 Beerse
39,Antwerpseweg 195,2023-06-14,05:00:00,25,23,2,FMN GV 10 Beerse
39,Antwerpseweg 195,2023-06-14,06:00:00,30,24,6,FMN GV 10 Beerse
39,Antwerpseweg 195,2023-06-14,07:00:00,84,68,16,FMN GV 10 Beerse
39,Antwerpseweg 195,2023-06-14,08:00:00,69,59,10,FMN GV 10 Beerse
39,Antwerpseweg 195,2023-06-14,09:00:00,42,32,10,FMN GV 10 Beerse
39,Antwerpseweg 195,2023-06-14,10:00:00,34,24,10,FMN GV 10 Beerse
39,Antwerpseweg 195,2023-06-14,11:00:00,41,27,14,FMN GV 10 Beerse
39,Antwerpseweg 195,2023-06-14,12:00:00,83,63,20,FMN GV 10 Beerse
39,Antwerpseweg 195,2023-06-14,13:00:00,45,36,9,FMN GV 10 Beerse
39,Antwerpseweg 195,2023-06-14,14:00:00,43,29,14,FMN GV 10 Beerse
39,Antwerpseweg 195,2023-06-14,15:00:00,58,37,21,FMN GV 10 Beerse
39,Antwerpseweg 195,2023-06-14,16:00:00,64,36,28,FMN GV 10 Beerse
39,Antwerpseweg 195,2023-06-14,17:00:00,63,37,26,FMN GV 10 Beerse
39,Antwerpseweg 195,2023-06-14,18:00:00,45,31,14,FMN GV 10 Beerse
39,Antwerpseweg 195,2023-06-14,19:00:00,33,21,12,FMN GV 10 Beerse
39,Antwerpseweg 195,2023-06-14,20:00:00,20,11,9,FMN GV 10 Beerse
39,Antwerpseweg 195,2023-06-14,21:00:00,16,13,3,FMN GV 10 Beerse
39,Antwerpseweg 195,2023-06-14,22:00:00,8,6,2,FMN GV 10 Beerse
39,Antwerpseweg 195,2023-06-14,23:00:00,3,3,0,FMN GV 10 Beerse
39,Antwerpseweg 195,2023-06-15,00:00:00,4,4,0,FMN GV 10 Beerse
39,Antwerpseweg 195,2023-06-15,01:00:00,0,0,0,FMN GV 10 Beerse
39,Antwerpseweg 195,2023-06-15,02:00:00,0,0,0,FMN GV 10 Beerse
39,Antwerpseweg 195,2023-06-15,03:00:00,0,0,0,FMN GV 10 Beerse
39,Antwerpseweg 195,2023-06-15,04:00:00,3,3,0,FMN GV 10 Beerse
39,Antwerpseweg 195,2023-06-15,05:00:00,21,19,2,FMN GV 10 Beerse
39,Antwerpseweg 195,2023-06-15,06:00:00,25,20,5,FMN GV 10 Beerse
39,Antwerpseweg 195,2023-06-15,07:00:00,86,76,10,FMN GV 10 Beerse
39,Antwerpseweg 195,2023-06-15,08:00:00,56,50,6,FMN GV 10 Beerse
39,Antwerpseweg 195,2023-06-15,09:00:00,37,29,8,FMN GV 10 Beerse
39,Antwerpseweg 195,2023-06-15,10:00:00,29,21,8,FMN GV 10 Beerse
39,Antwerpseweg 195,2023-06-15,11:00:00,34,27,7,FMN GV 10 Beerse
39,Antwerpseweg 195,2023-06-15,12:00:00,50,38,12,FMN GV 10 Beerse
39,Antwerpseweg 195,2023-06-15,13:00:00,39,30,9,FMN GV 10 Beerse
39,Antwerpseweg 195,2023-06-15,14:00:00,57,33,24,FMN GV 10 Beerse
39,Antwerpseweg 195,2023-06-15,15:00:00,62,39,23,FMN GV 10 Beerse
39,Antwerpseweg 195,2023-06-15,16:00:00,77,53,24,FMN GV 10 Beerse
39,Antwerpseweg 195,2023-06-15,17:00:00,67,46,21,FMN GV 10 Beerse
39,Antwerpseweg 195,2023-06-15,18:00:00,38,28,10,FMN GV 10 Beerse
39,Antwerpseweg 195,2023-06-15,19:00:00,22,16,6,FMN GV 10 Beerse
39,Antwerpseweg 195,2023-06-15,20:00:00,17,15,2,FMN GV 10 Beerse
39,Antwerpseweg 195,2023-06-15,21:00:00,22,20,2,FMN GV 10 Beerse
39,Antwerpseweg 195,2023-06-15,22:00:00,13,8,5,FMN GV 10 Beerse
39,Antwerpseweg 195,2023-06-15,23:00:00,7,5,2,FMN GV 10 Beerse
39,Antwerpseweg 195,2023-06-16,00:00:00,2,2,0,FMN GV 10 Beerse
39,Antwerpseweg 195,2023-06-16,01:00:00,0,0,0,FMN GV 10 Beerse
39,Antwerpseweg 195,2023-06-16,02:00:00,0,0,0,FMN GV 10 Beerse
39,Antwerpseweg 195,2023-06-16,03:00:00,1,0,1,FMN GV 10 Beerse
39,Antwerpseweg 195,2023-06-16,04:00:00,1,1,0,FMN GV 10 Beerse
39,Antwerpseweg 195,2023-06-16,05:00:00,20,19,1,FMN GV 10 Beerse
39,Antwerpseweg 195,2023-06-16,06:00:00,25,23,2,FMN GV 10 Beerse
39,Antwerpseweg 195,2023-06-16,07:00:00,67,53,14,FMN GV 10 Beerse
39,Antwerpseweg 195,2023-06-16,08:00:00,34,31,3,FMN GV 10 Beerse
39,Antwerpseweg 195,2023-06-16,09:00:00,33,20,13,FMN GV 10 Beerse
39,Antwerpseweg 195,2023-06-16,10:00:00,35,35,0,FMN GV 10 Beerse
39,Antwerpseweg 195,2023-06-16,11:00:00,26,20,6,FMN GV 10 Beerse
39,Antwerpseweg 195,2023-06-16,12:00:00,49,33,16,FMN GV 10 Beerse
39,Antwerpseweg 195,2023-06-16,13:00:00,36,26,10,FMN GV 10 Beerse
39,Antwerpseweg 195,2023-06-16,14:00:00,41,27,14,FMN GV 10 Beerse
39,Antwerpseweg 195,2023-06-16,15:00:00,64,47,17,FMN GV 10 Beerse
39,Antwerpseweg 195,2023-06-16,16:00:00,69,40,29,FMN GV 10 Beerse
39,Antwerpseweg 195,2023-06-16,17:00:00,39,26,13,FMN GV 10 Beerse
39,Antwerpseweg 195,2023-06-16,18:00:00,44,29,15,FMN GV 10 Beerse
39,Antwerpseweg 195,2023-06-16,19:00:00,42,23,19,FMN GV 10 Beerse
39,Antwerpseweg 195,2023-06-16,20:00:00,32,22,10,FMN GV 10 Beerse
39,Antwerpseweg 195,2023-06-16,21:00:00,17,14,3,FMN GV 10 Beerse
39,Antwerpseweg 195,2023-06-16,22:00:00,16,12,4,FMN GV 10 Beerse
39,Antwerpseweg 195,2023-06-16,23:00:00,6,5,1,FMN GV 10 Beerse
39,Antwerpseweg 195,2023-06-17,00:00:00,7,4,3,FMN GV 10 Beerse
39,Antwerpseweg 195,2023-06-17,01:00:00,3,2,1,FMN GV 10 Beerse
39,Antwerpseweg 195,2023-06-17,02:00:00,3,2,1,FMN GV 10 Beerse
39,Antwerpseweg 195,2023-06-17,03:00:00,0,0,0,FMN GV 10 Beerse
39,Antwerpseweg 195,2023-06-17,04:00:00,0,0,0,FMN GV 10 Beerse
39,Antwerpseweg 195,2023-06-17,05:00:00,2,2,0,FMN GV 10 Beerse
39,Antwerpseweg 195,2023-06-17,06:00:00,5,4,1,FMN GV 10 Beerse
39,Antwerpseweg 195,2023-06-17,07:00:00,7,5,2,FMN GV 10 Beerse
39,Antwerpseweg 195,2023-06-17,08:00:00,24,22,2,FMN GV 10 Beerse
39,Antwerpseweg 195,2023-06-17,09:00:00,14,10,4,FMN GV 10 Beerse
39,Antwerpseweg 195,2023-06-17,10:00:00,18,13,5,FMN GV 10 Beerse
39,Antwerpseweg 195,2023-06-17,11:00:00,26,19,7,FMN GV 10 Beerse
39,Antwerpseweg 195,2023-06-17,12:00:00,44,30,14,FMN GV 10 Beerse
39,Antwerpseweg 195,2023-06-17,13:00:00,38,27,11,FMN GV 10 Beerse
39,Antwerpseweg 195,2023-06-17,14:00:00,44,33,11,FMN GV 10 Beerse
39,Antwerpseweg 195,2023-06-17,15:00:00,24,16,8,FMN GV 10 Beerse
39,Antwerpseweg 195,2023-06-17,16:00:00,48,32,16,FMN GV 10 Beerse
39,Antwerpseweg 195,2023-06-17,17:00:00,19,9,10,FMN GV 10 Beerse
39,Antwerpseweg 195,2023-06-17,18:00:00,25,16,9,FMN GV 10 Beerse
39,Antwerpseweg 195,2023-06-17,19:00:00,32,20,12,FMN GV 10 Beerse
39,Antwerpseweg 195,2023-06-17,20:00:00,28,14,14,FMN GV 10 Beerse
39,Antwerpseweg 195,2023-06-17,21:00:00,14,6,8,FMN GV 10 Beerse
39,Antwerpseweg 195,2023-06-17,22:00:00,16,9,7,FMN GV 10 Beerse
39,Antwerpseweg 195,2023-06-17,23:00:00,22,12,10,FMN GV 10 Beerse
39,Antwerpseweg 195,2023-06-18,00:00:00,14,10,4,FMN GV 10 Beerse
39,Antwerpseweg 195,2023-06-18,01:00:00,3,1,2,FMN GV 10 Beerse
39,Antwerpseweg 195,2023-06-18,02:00:00,0,0,0,FMN GV 10 Beerse
39,Antwerpseweg 195,2023-06-18,03:00:00,3,3,0,FMN GV 10 Beerse
39,Antwerpseweg 195,2023-06-18,04:00:00,0,0,0,FMN GV 10 Beerse
39,Antwerpseweg 195,2023-06-18,05:00:00,2,2,0,FMN GV 10 Beerse
39,Antwerpseweg 195,2023-06-18,06:00:00,3,3,0,FMN GV 10 Beerse
39,Antwerpseweg 195,2023-06-18,07:00:00,5,4,1,FMN GV 10 Beerse
39,Antwerpseweg 195,2023-06-18,08:00:00,11,5,6,FMN GV 10 Beerse
39,Antwerpseweg 195,2023-06-18,09:00:00,30,27,3,FMN GV 10 Beerse
39,Antwerpseweg 195,2023-06-18,10:00:00,20,18,2,FMN GV 10 Beerse
39,Antwerpseweg 195,2023-06-18,11:00:00,10,8,2,FMN GV 10 Beerse
39,Antwerpseweg 195,2023-06-18,12:00:00,11,8,3,FMN GV 10 Beerse
39,Antwerpseweg 195,2023-06-18,13:00:00,28,19,9,FMN GV 10 Beerse
39,Antwerpseweg 195,2023-06-18,14:00:00,35,25,10,FMN GV 10 Beerse
39,Antwerpseweg 195,2023-06-18,15:00:00,57,39,18,FMN GV 10 Beerse
39,Antwerpseweg 195,2023-06-18,16:00:00,37,18,19,FMN GV 10 Beerse
39,Antwerpseweg 195,2023-06-18,17:00:00,21,9,12,FMN GV 10 Beerse
39,Antwerpseweg 195,2023-06-18,18:00:00,34,26,8,FMN GV 10 Beerse
39,Antwerpseweg 195,2023-06-18,19:00:00,17,7,10,FMN GV 10 Beerse
39,Antwerpseweg 195,2023-06-18,20:00:00,20,15,5,FMN GV 10 Beerse
39,Antwerpseweg 195,2023-06-18,21:00:00,18,10,8,FMN GV 10 Beerse
39,Antwerpseweg 195,2023-06-18,22:00:00,2,2,0,FMN GV 10 Beerse
39,Antwerpseweg 195,2023-06-18,23:00:00,3,0,3,FMN GV 10 Beerse
39,Antwerpseweg 195,2023-06-19,00:00:00,1,0,1,FMN GV 10 Beerse
39,Antwerpseweg 195,2023-06-19,01:00:00,1,0,1,FMN GV 10 Beerse
39,Antwerpseweg 195,2023-06-19,02:00:00,0,0,0,FMN GV 10 Beerse
39,Antwerpseweg 195,2023-06-19,03:00:00,0,0,0,FMN GV 10 Beerse
39,Antwerpseweg 195,2023-06-19,04:00:00,3,3,0,FMN GV 10 Beerse
39,Antwerpseweg 195,2023-06-19,05:00:00,17,16,1,FMN GV 10 Beerse
39,Antwerpseweg 195,2023-06-19,06:00:00,14,13,1,FMN GV 10 Beerse
39,Antwerpseweg 195,2023-06-19,07:00:00,74,65,9,FMN GV 10 Beerse
39,Antwerpseweg 195,2023-06-19,08:00:00,52,46,6,FMN GV 10 Beerse
39,Antwerpseweg 195,2023-06-19,09:00:00,20,17,3,FMN GV 10 Beerse
39,Antwerpseweg 195,2023-06-19,10:00:00,12,10,2,FMN GV 10 Beerse
39,Antwerpseweg 195,2023-06-19,11:00:00,31,26,5,FMN GV 10 Beerse
39,Antwerpseweg 195,2023-06-19,12:00:00,61,45,16,FMN GV 10 Beerse
39,Antwerpseweg 195,2023-06-19,13:00:00,59,46,13,FMN GV 10 Beerse
39,Antwerpseweg 195,2023-06-19,14:00:00,47,25,22,FMN GV 10 Beerse
39,Antwerpseweg 195,2023-06-19,15:00:00,56,33,23,FMN GV 10 Beerse
39,Antwerpseweg 195,2023-06-19,16:00:00,59,35,24,FMN GV 10 Beerse
39,Antwerpseweg 195,2023-06-19,17:00:00,65,45,20,FMN GV 10 Beerse
39,Antwerpseweg 195,2023-06-19,18:00:00,28,18,10,FMN GV 10 Beerse
39,Antwerpseweg 195,2023-06-19,19:00:00,36,20,16,FMN GV 10 Beerse
39,Antwerpseweg 195,2023-06-19,20:00:00,26,13,13,FMN GV 10 Beerse
39,Antwerpseweg 195,2023-06-19,21:00:00,16,12,4,FMN GV 10 Beerse
39,Antwerpseweg 195,2023-06-19,22:00:00,16,8,8,FMN GV 10 Beerse
39,Antwerpseweg 195,2023-06-19,23:00:00,2,1,1,FMN GV 10 Beerse
39,Antwerpseweg 195,2023-06-20,00:00:00,0,0,0,FMN GV 10 Beerse
39,Antwerpseweg 195,2023-06-20,01:00:00,0,0,0,FMN GV 10 Beerse
39,Antwerpseweg 195,2023-06-20,02:00:00,1,1,0,FMN GV 10 Beerse
39,Antwerpseweg 195,2023-06-20,03:00:00,0,0,0,FMN GV 10 Beerse
39,Antwerpseweg 195,2023-06-20,04:00:00,3,2,1,FMN GV 10 Beerse
39,Antwerpseweg 195,2023-06-20,05:00:00,18,17,1,FMN GV 10 Beerse
39,Antwerpseweg 195,2023-06-20,06:00:00,15,15,0,FMN GV 10 Beerse
39,Antwerpseweg 195,2023-06-20,07:00:00,66,59,7,FMN GV 10 Beerse
39,Antwerpseweg 195,2023-06-20,08:00:00,34,31,3,FMN GV 10 Beerse
39,Antwerpseweg 195,2023-06-20,09:00:00,20,17,3,FMN GV 10 Beerse
39,Antwerpseweg 195,2023-06-20,10:00:00,36,32,4,FMN GV 10 Beerse
39,Antwerpseweg 195,2023-06-20,11:00:00,34,27,7,FMN GV 10 Beerse
39,Antwerpseweg 195,2023-06-20,12:00:00,45,35,10,FMN GV 10 Beerse
39,Antwerpseweg 195,2023-06-20,13:00:00,55,39,16,FMN GV 10 Beerse
39,Antwerpseweg 195,2023-06-20,14:00:00,26,19,7,FMN GV 10 Beerse
39,Antwerpseweg 195,2023-06-20,15:00:00,26,17,9,FMN GV 10 Beerse
39,Antwerpseweg 195,2023-06-20,16:00:00,33,18,15,FMN GV 10 Beerse
39,Antwerpseweg 195,2023-06-20,17:00:00,27,20,7,FMN GV 10 Beerse
39,Antwerpseweg 195,2023-06-20,18:00:00,10,4,6,FMN GV 10 Beerse
39,Antwerpseweg 195,2023-06-20,19:00:00,8,7,1,FMN GV 10 Beerse
39,Antwerpseweg 195,2023-06-20,20:00:00,7,6,1,FMN GV 10 Beerse
39,Antwerpseweg 195,2023-06-20,21:00:00,1,1,0,FMN GV 10 Beerse
39,Antwerpseweg 195,2023-06-20,22:00:00,7,4,3,FMN GV 10 Beerse
39,Antwerpseweg 195,2023-06-20,23:00:00,1,0,1,FMN GV 10 Beerse
39,Antwerpseweg 195,2023-06-21,00:00:00,0,0,0,FMN GV 10 Beerse
39,Antwerpseweg 195,2023-06-21,01:00:00,0,0,0,FMN GV 10 Beerse
39,Antwerpseweg 195,2023-06-21,02:00:00,0,0,0,FMN GV 10 Beerse
39,Antwerpseweg 195,2023-06-21,03:00:00,0,0,0,FMN GV 10 Beerse
39,Antwerpseweg 195,2023-06-21,04:00:00,3,3,0,FMN GV 10 Beerse
39,Antwerpseweg 195,2023-06-21,05:00:00,21,21,0,FMN GV 10 Beerse
39,Antwerpseweg 195,2023-06-21,06:00:00,18,17,1,FMN GV 10 Beerse
39,Antwerpseweg 195,2023-06-21,07:00:00,83,70,13,FMN GV 10 Beerse
39,Antwerpseweg 195,2023-06-21,08:00:00,43,37,6,FMN GV 10 Beerse
39,Antwerpseweg 195,2023-06-21,09:00:00,35,24,11,FMN GV 10 Beerse
39,Antwerpseweg 195,2023-06-21,10:00:00,55,44,11,FMN GV 10 Beerse
39,Antwerpseweg 195,2023-06-21,11:00:00,34,24,10,FMN GV 10 Beerse
39,Antwerpseweg 195,2023-06-21,12:00:00,45,34,11,FMN GV 10 Beerse
39,Antwerpseweg 195,2023-06-21,13:00:00,47,34,13,FMN GV 10 Beerse
39,Antwerpseweg 195,2023-06-21,14:00:00,44,30,14,FMN GV 10 Beerse
39,Antwerpseweg 195,2023-06-21,15:00:00,76,48,28,FMN GV 10 Beerse
39,Antwerpseweg 195,2023-06-21,16:00:00,62,42,20,FMN GV 10 Beerse
39,Antwerpseweg 195,2023-06-21,17:00:00,61,39,22,FMN GV 10 Beerse
39,Antwerpseweg 195,2023-06-21,18:00:00,38,29,9,FMN GV 10 Beerse
39,Antwerpseweg 195,2023-06-21,19:00:00,31,23,8,FMN GV 10 Beerse
39,Antwerpseweg 195,2023-06-21,20:00:00,28,13,15,FMN GV 10 Beerse
39,Antwerpseweg 195,2023-06-21,21:00:00,17,12,5,FMN GV 10 Beerse
39,Antwerpseweg 195,2023-06-21,22:00:00,18,14,4,FMN GV 10 Beerse
39,Antwerpseweg 195,2023-06-21,23:00:00,1,1,0,FMN GV 10 Beerse
39,Antwerpseweg 195,2023-06-22,00:00:00,0,0,0,FMN GV 10 Beerse
39,Antwerpseweg 195,2023-06-22,01:00:00,0,0,0,FMN GV 10 Beerse
39,Antwerpseweg 195,2023-06-22,02:00:00,0,0,0,FMN GV 10 Beerse
39,Antwerpseweg 195,2023-06-22,03:00:00,0,0,0,FMN GV 10 Beerse
39,Antwerpseweg 195,2023-06-22,04:00:00,3,3,0,FMN GV 10 Beerse
39,Antwerpseweg 195,2023-06-22,05:00:00,13,13,0,FMN GV 10 Beerse
39,Antwerpseweg 195,2023-06-22,06:00:00,13,12,1,FMN GV 10 Beerse
39,Antwerpseweg 195,2023-06-22,07:00:00,41,34,7,FMN GV 10 Beerse
39,Antwerpseweg 195,2023-06-22,08:00:00,23,23,0,FMN GV 10 Beerse
39,Antwerpseweg 195,2023-06-22,09:00:00,11,10,1,FMN GV 10 Beerse
39,Antwerpseweg 195,2023-06-22,10:00:00,30,27,3,FMN GV 10 Beerse
39,Antwerpseweg 195,2023-06-22,11:00:00,17,15,2,FMN GV 10 Beerse
39,Antwerpseweg 195,2023-06-22,12:00:00,21,16,5,FMN GV 10 Beerse
39,Antwerpseweg 195,2023-06-22,13:00:00,6,4,2,FMN GV 10 Beerse
39,Antwerpseweg 195,2023-06-22,14:00:00,8,6,2,FMN GV 10 Beerse
39,Antwerpseweg 195,2023-06-22,15:00:00,13,6,7,FMN GV 10 Beerse
39,Antwerpseweg 195,2023-06-22,16:00:00,14,9,5,FMN GV 10 Beerse
39,Antwerpseweg 195,2023-06-22,17:00:00,18,11,7,FMN GV 10 Beerse
39,Antwerpseweg 195,2023-06-22,18:00:00,6,4,2,FMN GV 10 Beerse
39,Antwerpseweg 195,2023-06-22,19:00:00,1,1,0,FMN GV 10 Beerse
39,Antwerpseweg 195,2023-06-22,20:00:00,6,5,1,FMN GV 10 Beerse
39,Antwerpseweg 195,2023-06-22,21:00:00,4,3,1,FMN GV 10 Beerse
39,Antwerpseweg 195,2023-06-22,22:00:00,2,2,0,FMN GV 10 Beerse
39,Antwerpseweg 195,2023-06-22,23:00:00,0,0,0,FMN GV 10 Beerse
39,Antwerpseweg 195,2023-06-23,00:00:00,2,1,1,FMN GV 10 Beerse
39,Antwerpseweg 195,2023-06-23,01:00:00,1,1,0,FMN GV 10 Beerse
39,Antwerpseweg 195,2023-06-23,02:00:00,0,0,0,FMN GV 10 Beerse
39,Antwerpseweg 195,2023-06-23,03:00:00,1,1,0,FMN GV 10 Beerse
39,Antwerpseweg 195,2023-06-23,04:00:00,4,4,0,FMN GV 10 Beerse
39,Antwerpseweg 195,2023-06-23,05:00:00,14,14,0,FMN GV 10 Beerse
39,Antwerpseweg 195,2023-06-23,06:00:00,15,15,0,FMN GV 10 Beerse
39,Antwerpseweg 195,2023-06-23,07:00:00,52,45,7,FMN GV 10 Beerse
39,Antwerpseweg 195,2023-06-23,08:00:00,36,33,3,FMN GV 10 Beerse
39,Antwerpseweg 195,2023-06-23,09:00:00,26,21,5,FMN GV 10 Beerse
39,Antwerpseweg 195,2023-06-23,10:00:00,35,30,5,FMN GV 10 Beerse
39,Antwerpseweg 195,2023-06-23,11:00:00,26,17,9,FMN GV 10 Beerse
39,Antwerpseweg 195,2023-06-23,12:00:00,49,34,15,FMN GV 10 Beerse
39,Antwerpseweg 195,2023-06-23,13:00:00,41,24,17,FMN GV 10 Beerse
39,Antwerpseweg 195,2023-06-23,14:00:00,72,46,26,FMN GV 10 Beerse
39,Antwerpseweg 195,2023-06-23,15:00:00,55,38,17,FMN GV 10 Beerse
39,Antwerpseweg 195,2023-06-23,16:00:00,67,47,20,FMN GV 10 Beerse
39,Antwerpseweg 195,2023-06-23,17:00:00,36,25,11,FMN GV 10 Beerse
39,Antwerpseweg 195,2023-06-23,18:00:00,33,26,7,FMN GV 10 Beerse
39,Antwerpseweg 195,2023-06-23,19:00:00,24,15,9,FMN GV 10 Beerse
39,Antwerpseweg 195,2023-06-23,20:00:00,22,21,1,FMN GV 10 Beerse
39,Antwerpseweg 195,2023-06-23,21:00:00,20,13,7,FMN GV 10 Beerse
39,Antwerpseweg 195,2023-06-23,22:00:00,13,8,5,FMN GV 10 Beerse
39,Antwerpseweg 195,2023-06-23,23:00:00,6,5,1,FMN GV 10 Beerse
39,Antwerpseweg 195,2023-06-24,00:00:00,6,2,4,FMN GV 10 Beerse
39,Antwerpseweg 195,2023-06-24,01:00:00,13,6,7,FMN GV 10 Beerse
39,Antwerpseweg 195,2023-06-24,02:00:00,5,2,3,FMN GV 10 Beerse
39,Antwerpseweg 195,2023-06-24,03:00:00,2,0,2,FMN GV 10 Beerse
39,Antwerpseweg 195,2023-06-24,04:00:00,1,1,0,FMN GV 10 Beerse
39,Antwerpseweg 195,2023-06-24,05:00:00,5,5,0,FMN GV 10 Beerse
39,Antwerpseweg 195,2023-06-24,06:00:00,4,4,0,FMN GV 10 Beerse
39,Antwerpseweg 195,2023-06-24,07:00:00,2,1,1,FMN GV 10 Beerse
39,Antwerpseweg 195,2023-06-24,08:00:00,17,8,9,FMN GV 10 Beerse
39,Antwerpseweg 195,2023-06-24,09:00:00,40,28,12,FMN GV 10 Beerse
39,Antwerpseweg 195,2023-06-24,10:00:00,39,27,12,FMN GV 10 Beerse
39,Antwerpseweg 195,2023-06-24,11:00:00,59,25,34,FMN GV 10 Beerse
39,Antwerpseweg 195,2023-06-24,12:00:00,38,33,5,FMN GV 10 Beerse
39,Antwerpseweg 195,2023-06-24,13:00:00,31,26,5,FMN GV 10 Beerse
39,Antwerpseweg 195,2023-06-24,14:00:00,79,48,31,FMN GV 10 Beerse
39,Antwerpseweg 195,2023-06-24,15:00:00,60,37,23,FMN GV 10 Beerse
39,Antwerpseweg 195,2023-06-24,16:00:00,55,35,20,FMN GV 10 Beerse
39,Antwerpseweg 195,2023-06-24,17:00:00,30,22,8,FMN GV 10 Beerse
39,Antwerpseweg 195,2023-06-24,18:00:00,29,21,8,FMN GV 10 Beerse
39,Antwerpseweg 195,2023-06-24,19:00:00,31,17,14,FMN GV 10 Beerse
39,Antwerpseweg 195,2023-06-24,20:00:00,42,25,17,FMN GV 10 Beerse
39,Antwerpseweg 195,2023-06-24,21:00:00,29,19,10,FMN GV 10 Beerse
39,Antwerpseweg 195,2023-06-24,22:00:00,19,10,9,FMN GV 10 Beerse
39,Antwerpseweg 195,2023-06-24,23:00:00,11,8,3,FMN GV 10 Beerse
39,Antwerpseweg 195,2023-06-25,00:00:00,5,1,4,FMN GV 10 Beerse
39,Antwerpseweg 195,2023-06-25,01:00:00,9,1,8,FMN GV 10 Beerse
39,Antwerpseweg 195,2023-06-25,02:00:00,16,3,13,FMN GV 10 Beerse
39,Antwerpseweg 195,2023-06-25,03:00:00,6,0,6,FMN GV 10 Beerse
39,Antwerpseweg 195,2023-06-25,04:00:00,7,0,7,FMN GV 10 Beerse
39,Antwerpseweg 195,2023-06-25,05:00:00,1,1,0,FMN GV 10 Beerse
39,Antwerpseweg 195,2023-06-25,06:00:00,1,1,0,FMN GV 10 Beerse
39,Antwerpseweg 195,2023-06-25,07:00:00,5,3,2,FMN GV 10 Beerse
39,Antwerpseweg 195,2023-06-25,08:00:00,20,8,12,FMN GV 10 Beerse
39,Antwerpseweg 195,2023-06-25,09:00:00,25,16,9,FMN GV 10 Beerse
39,Antwerpseweg 195,2023-06-25,10:00:00,47,27,20,FMN GV 10 Beerse
39,Antwerpseweg 195,2023-06-25,11:00:00,27,21,6,FMN GV 10 Beerse
39,Antwerpseweg 195,2023-06-25,12:00:00,34,23,11,FMN GV 10 Beerse
39,Antwerpseweg 195,2023-06-25,13:00:00,36,29,7,FMN GV 10 Beerse
39,Antwerpseweg 195,2023-06-25,14:00:00,51,42,9,FMN GV 10 Beerse
39,Antwerpseweg 195,2023-06-25,15:00:00,69,43,26,FMN GV 10 Beerse
39,Antwerpseweg 195,2023-06-25,16:00:00,48,24,24,FMN GV 10 Beerse
39,Antwerpseweg 195,2023-06-25,17:00:00,31,19,12,FMN GV 10 Beerse
39,Antwerpseweg 195,2023-06-25,18:00:00,31,25,6,FMN GV 10 Beerse
39,Antwerpseweg 195,2023-06-25,19:00:00,36,23,13,FMN GV 10 Beerse
39,Antwerpseweg 195,2023-06-25,20:00:00,50,29,21,FMN GV 10 Beerse
39,Antwerpseweg 195,2023-06-25,21:00:00,14,5,9,FMN GV 10 Beerse
39,Antwerpseweg 195,2023-06-25,22:00:00,7,6,1,FMN GV 10 Beerse
39,Antwerpseweg 195,2023-06-25,23:00:00,8,3,5,FMN GV 10 Beerse
39,Antwerpseweg 195,2023-06-26,00:00:00,16,4,12,FMN GV 10 Beerse
39,Antwerpseweg 195,2023-06-26,01:00:00,1,1,0,FMN GV 10 Beerse
39,Antwerpseweg 195,2023-06-26,02:00:00,2,0,2,FMN GV 10 Beerse
39,Antwerpseweg 195,2023-06-26,03:00:00,0,0,0,FMN GV 10 Beerse
39,Antwerpseweg 195,2023-06-26,04:00:00,5,5,0,FMN GV 10 Beerse
39,Antwerpseweg 195,2023-06-26,05:00:00,24,24,0,FMN GV 10 Beerse
39,Antwerpseweg 195,2023-06-26,06:00:00,15,15,0,FMN GV 10 Beerse
39,Antwerpseweg 195,2023-06-26,07:00:00,65,59,6,FMN GV 10 Beerse
39,Antwerpseweg 195,2023-06-26,08:00:00,48,43,5,FMN GV 10 Beerse
39,Antwerpseweg 195,2023-06-26,09:00:00,22,14,8,FMN GV 10 Beerse
39,Antwerpseweg 195,2023-06-26,10:00:00,20,15,5,FMN GV 10 Beerse
39,Antwerpseweg 195,2023-06-26,11:00:00,35,29,6,FMN GV 10 Beerse
39,Antwerpseweg 195,2023-06-26,12:00:00,19,17,2,FMN GV 10 Beerse
39,Antwerpseweg 195,2023-06-26,13:00:00,31,23,8,FMN GV 10 Beerse
39,Antwerpseweg 195,2023-06-26,14:00:00,40,26,14,FMN GV 10 Beerse
39,Antwerpseweg 195,2023-06-26,15:00:00,65,51,14,FMN GV 10 Beerse
39,Antwerpseweg 195,2023-06-26,16:00:00,62,43,19,FMN GV 10 Beerse
39,Antwerpseweg 195,2023-06-26,17:00:00,56,37,19,FMN GV 10 Beerse
39,Antwerpseweg 195,2023-06-26,18:00:00,13,9,4,FMN GV 10 Beerse
39,Antwerpseweg 195,2023-06-26,19:00:00,19,14,5,FMN GV 10 Beerse
39,Antwerpseweg 195,2023-06-26,20:00:00,19,9,10,FMN GV 10 Beerse
39,Antwerpseweg 195,2023-06-26,21:00:00,23,18,5,FMN GV 10 Beerse
39,Antwerpseweg 195,2023-06-26,22:00:00,14,8,6,FMN GV 10 Beerse
39,Antwerpseweg 195,2023-06-26,23:00:00,2,1,1,FMN GV 10 Beerse
39,Antwerpseweg 195,2023-06-27,00:00:00,0,0,0,FMN GV 10 Beerse
39,Antwerpseweg 195,2023-06-27,01:00:00,0,0,0,FMN GV 10 Beerse
39,Antwerpseweg 195,2023-06-27,02:00:00,0,0,0,FMN GV 10 Beerse
39,Antwerpseweg 195,2023-06-27,03:00:00,0,0,0,FMN GV 10 Beerse
39,Antwerpseweg 195,2023-06-27,04:00:00,1,1,0,FMN GV 10 Beerse
39,Antwerpseweg 195,2023-06-27,05:00:00,24,24,0,FMN GV 10 Beerse
39,Antwerpseweg 195,2023-06-27,06:00:00,25,22,3,FMN GV 10 Beerse
39,Antwerpseweg 195,2023-06-27,07:00:00,71,61,10,FMN GV 10 Beerse
39,Antwerpseweg 195,2023-06-27,08:00:00,58,50,8,FMN GV 10 Beerse
39,Antwerpseweg 195,2023-06-27,09:00:00,26,22,4,FMN GV 10 Beerse
39,Antwerpseweg 195,2023-06-27,10:00:00,18,12,6,FMN GV 10 Beerse
39,Antwerpseweg 195,2023-06-27,11:00:00,30,14,16,FMN GV 10 Beerse
39,Antwerpseweg 195,2023-06-27,12:00:00,37,28,9,FMN GV 10 Beerse
39,Antwerpseweg 195,2023-06-27,13:00:00,49,33,16,FMN GV 10 Beerse
39,Antwerpseweg 195,2023-06-27,14:00:00,54,34,20,FMN GV 10 Beerse
39,Antwerpseweg 195,2023-06-27,15:00:00,62,40,22,FMN GV 10 Beerse
39,Antwerpseweg 195,2023-06-27,16:00:00,76,57,19,FMN GV 10 Beerse
39,Antwerpseweg 195,2023-06-27,17:00:00,53,31,22,FMN GV 10 Beerse
39,Antwerpseweg 195,2023-06-27,18:00:00,42,24,18,FMN GV 10 Beerse
39,Antwerpseweg 195,2023-06-27,19:00:00,22,13,9,FMN GV 10 Beerse
39,Antwerpseweg 195,2023-06-27,20:00:00,30,20,10,FMN GV 10 Beerse
39,Antwerpseweg 195,2023-06-27,21:00:00,17,10,7,FMN GV 10 Beerse
39,Antwerpseweg 195,2023-06-27,22:00:00,6,3,3,FMN GV 10 Beerse
39,Antwerpseweg 195,2023-06-27,23:00:00,5,4,1,FMN GV 10 Beerse
39,Antwerpseweg 195,2023-06-28,00:00:00,2,2,0,FMN GV 10 Beerse
39,Antwerpseweg 195,2023-06-28,01:00:00,0,0,0,FMN GV 10 Beerse
39,Antwerpseweg 195,2023-06-28,02:00:00,1,0,1,FMN GV 10 Beerse
39,Antwerpseweg 195,2023-06-28,03:00:00,0,0,0,FMN GV 10 Beerse
39,Antwerpseweg 195,2023-06-28,04:00:00,3,3,0,FMN GV 10 Beerse
39,Antwerpseweg 195,2023-06-28,05:00:00,14,14,0,FMN GV 10 Beerse
39,Antwerpseweg 195,2023-06-28,06:00:00,17,16,1,FMN GV 10 Beerse
39,Antwerpseweg 195,2023-06-28,07:00:00,52,44,8,FMN GV 10 Beerse
39,Antwerpseweg 195,2023-06-28,08:00:00,41,37,4,FMN GV 10 Beerse
39,Antwerpseweg 195,2023-06-28,09:00:00,25,21,4,FMN GV 10 Beerse
39,Antwerpseweg 195,2023-06-28,10:00:00,27,19,8,FMN GV 10 Beerse
39,Antwerpseweg 195,2023-06-28,11:00:00,28,20,8,FMN GV 10 Beerse
39,Antwerpseweg 195,2023-06-28,12:00:00,32,26,6,FMN GV 10 Beerse
39,Antwerpseweg 195,2023-06-28,13:00:00,44,34,10,FMN GV 10 Beerse
39,Antwerpseweg 195,2023-06-28,14:00:00,51,36,15,FMN GV 10 Beerse
39,Antwerpseweg 195,2023-06-28,15:00:00,41,22,19,FMN GV 10 Beerse
39,Antwerpseweg 195,2023-06-28,16:00:00,56,32,24,FMN GV 10 Beerse
39,Antwerpseweg 195,2023-06-28,17:00:00,49,29,20,FMN GV 10 Beerse
39,Antwerpseweg 195,2023-06-28,18:00:00,44,26,18,FMN GV 10 Beerse
39,Antwerpseweg 195,2023-06-28,19:00:00,27,16,11,FMN GV 10 Beerse
39,Antwerpseweg 195,2023-06-28,20:00:00,28,14,14,FMN GV 10 Beerse
39,Antwerpseweg 195,2023-06-28,21:00:00,16,11,5,FMN GV 10 Beerse
39,Antwerpseweg 195,2023-06-28,22:00:00,10,5,5,FMN GV 10 Beerse
39,Antwerpseweg 195,2023-06-28,23:00:00,5,3,2,FMN GV 10 Beerse
39,Antwerpseweg 195,2023-06-29,00:00:00,4,4,0,FMN GV 10 Beerse
39,Antwerpseweg 195,2023-06-29,01:00:00,2,1,1,FMN GV 10 Beerse
39,Antwerpseweg 195,2023-06-29,02:00:00,0,0,0,FMN GV 10 Beerse
39,Antwerpseweg 195,2023-06-29,03:00:00,0,0,0,FMN GV 10 Beerse
39,Antwerpseweg 195,2023-06-29,04:00:00,1,1,0,FMN GV 10 Beerse
39,Antwerpseweg 195,2023-06-29,05:00:00,17,16,1,FMN GV 10 Beerse
39,Antwerpseweg 195,2023-06-29,06:00:00,18,17,1,FMN GV 10 Beerse
39,Antwerpseweg 195,2023-06-29,07:00:00,44,37,7,FMN GV 10 Beerse
39,Antwerpseweg 195,2023-06-29,08:00:00,48,37,11,FMN GV 10 Beerse
39,Antwerpseweg 195,2023-06-29,09:00:00,17,11,6,FMN GV 10 Beerse
39,Antwerpseweg 195,2023-06-29,10:00:00,20,19,1,FMN GV 10 Beerse
39,Antwerpseweg 195,2023-06-29,11:00:00,27,19,8,FMN GV 10 Beerse
39,Antwerpseweg 195,2023-06-29,12:00:00,31,24,7,FMN GV 10 Beerse
39,Antwerpseweg 195,2023-06-29,13:00:00,29,22,7,FMN GV 10 Beerse
39,Antwerpseweg 195,2023-06-29,14:00:00,22,16,6,FMN GV 10 Beerse
39,Antwerpseweg 195,2023-06-29,15:00:00,38,23,15,FMN GV 10 Beerse
39,Antwerpseweg 195,2023-06-29,16:00:00,45,34,11,FMN GV 10 Beerse
39,Antwerpseweg 195,2023-06-29,17:00:00,23,15,8,FMN GV 10 Beerse
39,Antwerpseweg 195,2023-06-29,18:00:00,21,14,7,FMN GV 10 Beerse
39,Antwerpseweg 195,2023-06-29,19:00:00,7,4,3,FMN GV 10 Beerse
39,Antwerpseweg 195,2023-06-29,20:00:00,13,7,6,FMN GV 10 Beerse
39,Antwerpseweg 195,2023-06-29,21:00:00,8,8,0,FMN GV 10 Beerse
39,Antwerpseweg 195,2023-06-29,22:00:00,7,5,2,FMN GV 10 Beerse
39,Antwerpseweg 195,2023-06-29,23:00:00,3,3,0,FMN GV 10 Beerse
39,Antwerpseweg 195,2023-06-30,00:00:00,0,0,0,FMN GV 10 Beerse
39,Antwerpseweg 195,2023-06-30,01:00:00,0,0,0,FMN GV 10 Beerse
39,Antwerpseweg 195,2023-06-30,02:00:00,0,0,0,FMN GV 10 Beerse
39,Antwerpseweg 195,2023-06-30,03:00:00,0,0,0,FMN GV 10 Beerse
39,Antwerpseweg 195,2023-06-30,04:00:00,5,5,0,FMN GV 10 Beerse
39,Antwerpseweg 195,2023-06-30,05:00:00,11,11,0,FMN GV 10 Beerse
39,Antwerpseweg 195,2023-06-30,06:00:00,24,22,2,FMN GV 10 Beerse
39,Antwerpseweg 195,2023-06-30,07:00:00,48,38,10,FMN GV 10 Beerse
39,Antwerpseweg 195,2023-06-30,08:00:00,46,39,7,FMN GV 10 Beerse
39,Antwerpseweg 195,2023-06-30,09:00:00,19,16,3,FMN GV 10 Beerse
39,Antwerpseweg 195,2023-06-30,10:00:00,18,11,7,FMN GV 10 Beerse
39,Antwerpseweg 195,2023-06-30,11:00:00,25,13,12,FMN GV 10 Beerse
39,Antwerpseweg 195,2023-06-30,12:00:00,45,27,18,FMN GV 10 Beerse
39,Antwerpseweg 195,2023-06-30,13:00:00,32,25,7,FMN GV 10 Beerse
39,Antwerpseweg 195,2023-06-30,14:00:00,39,27,12,FMN GV 10 Beerse
39,Antwerpseweg 195,2023-06-30,15:00:00,37,26,11,FMN GV 10 Beerse
39,Antwerpseweg 195,2023-06-30,16:00:00,33,23,10,FMN GV 10 Beerse
39,Antwerpseweg 195,2023-06-30,17:00:00,33,21,12,FMN GV 10 Beerse
39,Antwerpseweg 195,2023-06-30,18:00:00,16,10,6,FMN GV 10 Beerse
39,Antwerpseweg 195,2023-06-30,19:00:00,19,14,5,FMN GV 10 Beerse
39,Antwerpseweg 195,2023-06-30,20:00:00,12,7,5,FMN GV 10 Beerse
39,Antwerpseweg 195,2023-06-30,21:00:00,18,12,6,FMN GV 10 Beerse
39,Antwerpseweg 195,2023-06-30,22:00:00,8,4,4,FMN GV 10 Beerse
39,Antwerpseweg 195,2023-06-30,23:00:00,10,8,2,FMN GV 10 Beerse
39,Antwerpseweg 195,2023-07-01,00:00:00,4,4,0,FMN GV 10 Beerse
39,Antwerpseweg 195,2023-07-01,01:00:00,6,3,3,FMN GV 10 Beerse
39,Antwerpseweg 195,2023-07-01,02:00:00,3,3,0,FMN GV 10 Beerse
39,Antwerpseweg 195,2023-07-01,03:00:00,7,7,0,FMN GV 10 Beerse
39,Antwerpseweg 195,2023-07-01,04:00:00,0,0,0,FMN GV 10 Beerse
39,Antwerpseweg 195,2023-07-01,05:00:00,3,3,0,FMN GV 10 Beerse
39,Antwerpseweg 195,2023-07-01,06:00:00,3,3,0,FMN GV 10 Beerse
39,Antwerpseweg 195,2023-07-01,07:00:00,1,1,0,FMN GV 10 Beerse
39,Antwerpseweg 195,2023-07-01,08:00:00,6,4,2,FMN GV 10 Beerse
39,Antwerpseweg 195,2023-07-01,09:00:00,4,3,1,FMN GV 10 Beerse
39,Antwerpseweg 195,2023-07-01,10:00:00,6,4,2,FMN GV 10 Beerse
39,Antwerpseweg 195,2023-07-01,11:00:00,2,2,0,FMN GV 10 Beerse
39,Antwerpseweg 195,2023-07-01,12:00:00,3,3,0,FMN GV 10 Beerse
39,Antwerpseweg 195,2023-07-01,13:00:00,5,4,1,FMN GV 10 Beerse
39,Antwerpseweg 195,2023-07-01,14:00:00,10,9,1,FMN GV 10 Beerse
39,Antwerpseweg 195,2023-07-01,15:00:00,11,9,2,FMN GV 10 Beerse
39,Antwerpseweg 195,2023-07-01,16:00:00,8,6,2,FMN GV 10 Beerse
39,Antwerpseweg 195,2023-07-01,17:00:00,14,10,4,FMN GV 10 Beerse
39,Antwerpseweg 195,2023-07-01,18:00:00,4,3,1,FMN GV 10 Beerse
39,Antwerpseweg 195,2023-07-01,19:00:00,10,4,6,FMN GV 10 Beerse
39,Antwerpseweg 195,2023-07-01,20:00:00,8,6,2,FMN GV 10 Beerse
39,Antwerpseweg 195,2023-07-01,21:00:00,5,2,3,FMN GV 10 Beerse
39,Antwerpseweg 195,2023-07-01,22:00:00,5,4,1,FMN GV 10 Beerse
39,Antwerpseweg 195,2023-07-01,23:00:00,3,3,0,FMN GV 10 Beerse
39,Antwerpseweg 195,2023-07-02,00:00:00,8,2,6,FMN GV 10 Beerse
39,Antwerpseweg 195,2023-07-02,01:00:00,4,4,0,FMN GV 10 Beerse
39,Antwerpseweg 195,2023-07-02,02:00:00,8,5,3,FMN GV 10 Beerse
39,Antwerpseweg 195,2023-07-02,03:00:00,2,1,1,FMN GV 10 Beerse
39,Antwerpseweg 195,2023-07-02,04:00:00,1,1,0,FMN GV 10 Beerse
39,Antwerpseweg 195,2023-07-02,05:00:00,7,7,0,FMN GV 10 Beerse
39,Antwerpseweg 195,2023-07-02,06:00:00,1,1,0,FMN GV 10 Beerse
39,Antwerpseweg 195,2023-07-02,07:00:00,3,2,1,FMN GV 10 Beerse
39,Antwerpseweg 195,2023-07-02,08:00:00,22,19,3,FMN GV 10 Beerse
39,Antwerpseweg 195,2023-07-02,09:00:00,36,29,7,FMN GV 10 Beerse
39,Antwerpseweg 195,2023-07-02,10:00:00,26,15,11,FMN GV 10 Beerse
39,Antwerpseweg 195,2023-07-02,11:00:00,42,37,5,FMN GV 10 Beerse
39,Antwerpseweg 195,2023-07-02,12:00:00,30,24,6,FMN GV 10 Beerse
39,Antwerpseweg 195,2023-07-02,13:00:00,36,14,22,FMN GV 10 Beerse
39,Antwerpseweg 195,2023-07-02,14:00:00,42,27,15,FMN GV 10 Beerse
39,Antwerpseweg 195,2023-07-02,15:00:00,47,39,8,FMN GV 10 Beerse
39,Antwerpseweg 195,2023-07-02,16:00:00,32,27,5,FMN GV 10 Beerse
39,Antwerpseweg 195,2023-07-02,17:00:00,28,21,7,FMN GV 10 Beerse
39,Antwerpseweg 195,2023-07-02,18:00:00,30,21,9,FMN GV 10 Beerse
39,Antwerpseweg 195,2023-07-02,19:00:00,9,3,6,FMN GV 10 Beerse
39,Antwerpseweg 195,2023-07-02,20:00:00,24,17,7,FMN GV 10 Beerse
39,Antwerpseweg 195,2023-07-02,21:00:00,8,7,1,FMN GV 10 Beerse
39,Antwerpseweg 195,2023-07-02,22:00:00,6,5,1,FMN GV 10 Beerse
39,Antwerpseweg 195,2023-07-02,23:00:00,1,1,0,FMN GV 10 Beerse
39,Antwerpseweg 195,2023-07-03,00:00:00,2,2,0,FMN GV 10 Beerse
39,Antwerpseweg 195,2023-07-03,01:00:00,0,0,0,FMN GV 10 Beerse
39,Antwerpseweg 195,2023-07-03,02:00:00,0,0,0,FMN GV 10 Beerse
39,Antwerpseweg 195,2023-07-03,03:00:00,2,2,0,FMN GV 10 Beerse
39,Antwerpseweg 195,2023-07-03,04:00:00,3,3,0,FMN GV 10 Beerse
39,Antwerpseweg 195,2023-07-03,05:00:00,14,14,0,FMN GV 10 Beerse
39,Antwerpseweg 195,2023-07-03,06:00:00,22,22,0,FMN GV 10 Beerse
39,Antwerpseweg 195,2023-07-03,07:00:00,59,54,5,FMN GV 10 Beerse
39,Antwerpseweg 195,2023-07-03,08:00:00,22,19,3,FMN GV 10 Beerse
39,Antwerpseweg 195,2023-07-03,09:00:00,15,9,6,FMN GV 10 Beerse
39,Antwerpseweg 195,2023-07-03,10:00:00,8,7,1,FMN GV 10 Beerse
39,Antwerpseweg 195,2023-07-03,11:00:00,10,10,0,FMN GV 10 Beerse
39,Antwerpseweg 195,2023-07-03,12:00:00,32,26,6,FMN GV 10 Beerse
39,Antwerpseweg 195,2023-07-03,13:00:00,42,33,9,FMN GV 10 Beerse
39,Antwerpseweg 195,2023-07-03,14:00:00,34,20,14,FMN GV 10 Beerse
39,Antwerpseweg 195,2023-07-03,15:00:00,31,14,17,FMN GV 10 Beerse
39,Antwerpseweg 195,2023-07-03,16:00:00,59,42,17,FMN GV 10 Beerse
39,Antwerpseweg 195,2023-07-03,17:00:00,36,18,18,FMN GV 10 Beerse
39,Antwerpseweg 195,2023-07-03,18:00:00,25,17,8,FMN GV 10 Beerse
39,Antwerpseweg 195,2023-07-03,19:00:00,16,16,0,FMN GV 10 Beerse
39,Antwerpseweg 195,2023-07-03,20:00:00,11,5,6,FMN GV 10 Beerse
39,Antwerpseweg 195,2023-07-03,21:00:00,13,11,2,FMN GV 10 Beerse
39,Antwerpseweg 195,2023-07-03,22:00:00,16,9,7,FMN GV 10 Beerse
39,Antwerpseweg 195,2023-07-03,23:00:00,0,0,0,FMN GV 10 Beerse
39,Antwerpseweg 195,2023-07-04,00:00:00,0,0,0,FMN GV 10 Beerse
39,Antwerpseweg 195,2023-07-04,01:00:00,0,0,0,FMN GV 10 Beerse
39,Antwerpseweg 195,2023-07-04,02:00:00,1,1,0,FMN GV 10 Beerse
39,Antwerpseweg 195,2023-07-04,03:00:00,0,0,0,FMN GV 10 Beerse
39,Antwerpseweg 195,2023-07-04,04:00:00,2,2,0,FMN GV 10 Beerse
39,Antwerpseweg 195,2023-07-04,05:00:00,20,19,1,FMN GV 10 Beerse
39,Antwerpseweg 195,2023-07-04,06:00:00,21,21,0,FMN GV 10 Beerse
39,Antwerpseweg 195,2023-07-04,07:00:00,47,42,5,FMN GV 10 Beerse
39,Antwerpseweg 195,2023-07-04,08:00:00,35,29,6,FMN GV 10 Beerse
39,Antwerpseweg 195,2023-07-04,09:00:00,22,13,9,FMN GV 10 Beerse
39,Antwerpseweg 195,2023-07-04,10:00:00,16,13,3,FMN GV 10 Beerse
39,Antwerpseweg 195,2023-07-04,11:00:00,24,18,6,FMN GV 10 Beerse
39,Antwerpseweg 195,2023-07-04,12:00:00,22,14,8,FMN GV 10 Beerse
39,Antwerpseweg 195,2023-07-04,13:00:00,37,23,14,FMN GV 10 Beerse
39,Antwerpseweg 195,2023-07-04,14:00:00,38,22,16,FMN GV 10 Beerse
39,Antwerpseweg 195,2023-07-04,15:00:00,29,20,9,FMN GV 10 Beerse
39,Antwerpseweg 195,2023-07-04,16:00:00,53,40,13,FMN GV 10 Beerse
39,Antwerpseweg 195,2023-07-04,17:00:00,42,24,18,FMN GV 10 Beerse
39,Antwerpseweg 195,2023-07-04,18:00:00,15,8,7,FMN GV 10 Beerse
39,Antwerpseweg 195,2023-07-04,19:00:00,8,5,3,FMN GV 10 Beerse
39,Antwerpseweg 195,2023-07-04,20:00:00,4,3,1,FMN GV 10 Beerse
39,Antwerpseweg 195,2023-07-04,21:00:00,8,5,3,FMN GV 10 Beerse
39,Antwerpseweg 195,2023-07-04,22:00:00,7,6,1,FMN GV 10 Beerse
39,Antwerpseweg 195,2023-07-04,23:00:00,3,3,0,FMN GV 10 Beerse
39,Antwerpseweg 195,2023-07-05,00:00:00,1,1,0,FMN GV 10 Beerse
39,Antwerpseweg 195,2023-07-05,01:00:00,0,0,0,FMN GV 10 Beerse
39,Antwerpseweg 195,2023-07-05,02:00:00,0,0,0,FMN GV 10 Beerse
39,Antwerpseweg 195,2023-07-05,03:00:00,1,1,0,FMN GV 10 Beerse
39,Antwerpseweg 195,2023-07-05,04:00:00,1,1,0,FMN GV 10 Beerse
39,Antwerpseweg 195,2023-07-05,05:00:00,9,9,0,FMN GV 10 Beerse
39,Antwerpseweg 195,2023-07-05,06:00:00,11,11,0,FMN GV 10 Beerse
39,Antwerpseweg 195,2023-07-05,07:00:00,26,25,1,FMN GV 10 Beerse
39,Antwerpseweg 195,2023-07-05,08:00:00,15,14,1,FMN GV 10 Beerse
39,Antwerpseweg 195,2023-07-05,09:00:00,4,2,2,FMN GV 10 Beerse
39,Antwerpseweg 195,2023-07-05,10:00:00,15,5,10,FMN GV 10 Beerse
39,Antwerpseweg 195,2023-07-05,11:00:00,13,8,5,FMN GV 10 Beerse
39,Antwerpseweg 195,2023-07-05,12:00:00,7,6,1,FMN GV 10 Beerse
39,Antwerpseweg 195,2023-07-05,13:00:00,24,20,4,FMN GV 10 Beerse
39,Antwerpseweg 195,2023-07-05,14:00:00,18,14,4,FMN GV 10 Beerse
39,Antwerpseweg 195,2023-07-05,15:00:00,26,18,8,FMN GV 10 Beerse
39,Antwerpseweg 195,2023-07-05,16:00:00,33,22,11,FMN GV 10 Beerse
39,Antwerpseweg 195,2023-07-05,17:00:00,22,18,4,FMN GV 10 Beerse
39,Antwerpseweg 195,2023-07-05,18:00:00,11,7,4,FMN GV 10 Beerse
39,Antwerpseweg 195,2023-07-05,19:00:00,2,0,2,FMN GV 10 Beerse
39,Antwerpseweg 195,2023-07-05,20:00:00,4,3,1,FMN GV 10 Beerse
39,Antwerpseweg 195,2023-07-05,21:00:00,8,7,1,FMN GV 10 Beerse
39,Antwerpseweg 195,2023-07-05,22:00:00,7,3,4,FMN GV 10 Beerse
39,Antwerpseweg 195,2023-07-05,23:00:00,3,1,2,FMN GV 10 Beerse
39,Antwerpseweg 195,2023-07-06,00:00:00,0,0,0,FMN GV 10 Beerse
39,Antwerpseweg 195,2023-07-06,01:00:00,0,0,0,FMN GV 10 Beerse
39,Antwerpseweg 195,2023-07-06,02:00:00,0,0,0,FMN GV 10 Beerse
39,Antwerpseweg 195,2023-07-06,03:00:00,0,0,0,FMN GV 10 Beerse
39,Antwerpseweg 195,2023-07-06,04:00:00,5,4,1,FMN GV 10 Beerse
39,Antwerpseweg 195,2023-07-06,05:00:00,9,9,0,FMN GV 10 Beerse
39,Antwerpseweg 195,2023-07-06,06:00:00,19,18,1,FMN GV 10 Beerse
39,Antwerpseweg 195,2023-07-06,07:00:00,54,46,8,FMN GV 10 Beerse
39,Antwerpseweg 195,2023-07-06,08:00:00,28,21,7,FMN GV 10 Beerse
39,Antwerpseweg 195,2023-07-06,09:00:00,14,9,5,FMN GV 10 Beerse
39,Antwerpseweg 195,2023-07-06,10:00:00,20,17,3,FMN GV 10 Beerse
39,Antwerpseweg 195,2023-07-06,11:00:00,31,22,9,FMN GV 10 Beerse
39,Antwerpseweg 195,2023-07-06,12:00:00,20,10,10,FMN GV 10 Beerse
39,Antwerpseweg 195,2023-07-06,13:00:00,27,23,4,FMN GV 10 Beerse
39,Antwerpseweg 195,2023-07-06,14:00:00,42,28,14,FMN GV 10 Beerse
39,Antwerpseweg 195,2023-07-06,15:00:00,32,23,9,FMN GV 10 Beerse
39,Antwerpseweg 195,2023-07-06,16:00:00,69,51,18,FMN GV 10 Beerse
39,Antwerpseweg 195,2023-07-06,17:00:00,35,23,12,FMN GV 10 Beerse
39,Antwerpseweg 195,2023-07-06,18:00:00,23,15,8,FMN GV 10 Beerse
39,Antwerpseweg 195,2023-07-06,19:00:00,22,15,7,FMN GV 10 Beerse
39,Antwerpseweg 195,2023-07-06,20:00:00,30,22,8,FMN GV 10 Beerse
39,Antwerpseweg 195,2023-07-06,21:00:00,6,4,2,FMN GV 10 Beerse
39,Antwerpseweg 195,2023-07-06,22:00:00,11,6,5,FMN GV 10 Beerse
39,Antwerpseweg 195,2023-07-06,23:00:00,2,2,0,FMN GV 10 Beerse
39,Antwerpseweg 195,2023-07-07,00:00:00,1,1,0,FMN GV 10 Beerse
39,Antwerpseweg 195,2023-07-07,01:00:00,0,0,0,FMN GV 10 Beerse
39,Antwerpseweg 195,2023-07-07,02:00:00,0,0,0,FMN GV 10 Beerse
39,Antwerpseweg 195,2023-07-07,03:00:00,1,0,1,FMN GV 10 Beerse
39,Antwerpseweg 195,2023-07-07,04:00:00,5,5,0,FMN GV 10 Beerse
39,Antwerpseweg 195,2023-07-07,05:00:00,10,10,0,FMN GV 10 Beerse
39,Antwerpseweg 195,2023-07-07,06:00:00,19,18,1,FMN GV 10 Beerse
39,Antwerpseweg 195,2023-07-07,07:00:00,34,30,4,FMN GV 10 Beerse
39,Antwerpseweg 195,2023-07-07,08:00:00,26,22,4,FMN GV 10 Beerse
39,Antwerpseweg 195,2023-07-07,09:00:00,24,17,7,FMN GV 10 Beerse
39,Antwerpseweg 195,2023-07-07,10:00:00,25,19,6,FMN GV 10 Beerse
39,Antwerpseweg 195,2023-07-07,11:00:00,23,15,8,FMN GV 10 Beerse
39,Antwerpseweg 195,2023-07-07,12:00:00,36,28,8,FMN GV 10 Beerse
39,Antwerpseweg 195,2023-07-07,13:00:00,27,22,5,FMN GV 10 Beerse
39,Antwerpseweg 195,2023-07-07,14:00:00,34,23,11,FMN GV 10 Beerse
39,Antwerpseweg 195,2023-07-07,15:00:00,43,38,5,FMN GV 10 Beerse
39,Antwerpseweg 195,2023-07-07,16:00:00,53,36,17,FMN GV 10 Beerse
39,Antwerpseweg 195,2023-07-07,17:00:00,34,27,7,FMN GV 10 Beerse
39,Antwerpseweg 195,2023-07-07,18:00:00,29,17,12,FMN GV 10 Beerse
39,Antwerpseweg 195,2023-07-07,19:00:00,18,8,10,FMN GV 10 Beerse
39,Antwerpseweg 195,2023-07-07,20:00:00,24,14,10,FMN GV 10 Beerse
39,Antwerpseweg 195,2023-07-07,21:00:00,19,12,7,FMN GV 10 Beerse
39,Antwerpseweg 195,2023-07-07,22:00:00,12,6,6,FMN GV 10 Beerse
39,Antwerpseweg 195,2023-07-07,23:00:00,10,6,4,FMN GV 10 Beerse
39,Antwerpseweg 195,2023-07-08,00:00:00,9,7,2,FMN GV 10 Beerse
39,Antwerpseweg 195,2023-07-08,01:00:00,13,12,1,FMN GV 10 Beerse
39,Antwerpseweg 195,2023-07-08,02:00:00,12,11,1,FMN GV 10 Beerse
39,Antwerpseweg 195,2023-07-08,03:00:00,6,4,2,FMN GV 10 Beerse
39,Antwerpseweg 195,2023-07-08,04:00:00,1,1,0,FMN GV 10 Beerse
39,Antwerpseweg 195,2023-07-08,05:00:00,3,2,1,FMN GV 10 Beerse
39,Antwerpseweg 195,2023-07-08,06:00:00,5,4,1,FMN GV 10 Beerse
39,Antwerpseweg 195,2023-07-08,07:00:00,4,3,1,FMN GV 10 Beerse
39,Antwerpseweg 195,2023-07-08,08:00:00,10,7,3,FMN GV 10 Beerse
39,Antwerpseweg 195,2023-07-08,09:00:00,34,20,14,FMN GV 10 Beerse
39,Antwerpseweg 195,2023-07-08,10:00:00,14,11,3,FMN GV 10 Beerse
39,Antwerpseweg 195,2023-07-08,11:00:00,34,29,5,FMN GV 10 Beerse
39,Antwerpseweg 195,2023-07-08,12:00:00,32,23,9,FMN GV 10 Beerse
39,Antwerpseweg 195,2023-07-08,13:00:00,25,19,6,FMN GV 10 Beerse
39,Antwerpseweg 195,2023-07-08,14:00:00,29,21,8,FMN GV 10 Beerse
39,Antwerpseweg 195,2023-07-08,15:00:00,23,16,7,FMN GV 10 Beerse
39,Antwerpseweg 195,2023-07-08,16:00:00,22,11,11,FMN GV 10 Beerse
39,Antwerpseweg 195,2023-07-08,17:00:00,17,10,7,FMN GV 10 Beerse
39,Antwerpseweg 195,2023-07-08,18:00:00,26,17,9,FMN GV 10 Beerse
39,Antwerpseweg 195,2023-07-08,19:00:00,23,21,2,FMN GV 10 Beerse
39,Antwerpseweg 195,2023-07-08,20:00:00,14,14,0,FMN GV 10 Beerse
39,Antwerpseweg 195,2023-07-08,21:00:00,16,14,2,FMN GV 10 Beerse
39,Antwerpseweg 195,2023-07-08,22:00:00,13,7,6,FMN GV 10 Beerse
39,Antwerpseweg 195,2023-07-08,23:00:00,3,0,3,FMN GV 10 Beerse
39,Antwerpseweg 195,2023-07-09,00:00:00,1,1,0,FMN GV 10 Beerse
39,Antwerpseweg 195,2023-07-09,01:00:00,2,2,0,FMN GV 10 Beerse
39,Antwerpseweg 195,2023-07-09,02:00:00,5,5,0,FMN GV 10 Beerse
39,Antwerpseweg 195,2023-07-09,03:00:00,5,4,1,FMN GV 10 Beerse
39,Antwerpseweg 195,2023-07-09,04:00:00,4,4,0,FMN GV 10 Beerse
39,Antwerpseweg 195,2023-07-09,05:00:00,3,3,0,FMN GV 10 Beerse
39,Antwerpseweg 195,2023-07-09,06:00:00,3,3,0,FMN GV 10 Beerse
39,Antwerpseweg 195,2023-07-09,07:00:00,5,2,3,FMN GV 10 Beerse
39,Antwerpseweg 195,2023-07-09,08:00:00,19,13,6,FMN GV 10 Beerse
39,Antwerpseweg 195,2023-07-09,09:00:00,24,18,6,FMN GV 10 Beerse
39,Antwerpseweg 195,2023-07-09,10:00:00,22,11,11,FMN GV 10 Beerse
39,Antwerpseweg 195,2023-07-09,11:00:00,45,30,15,FMN GV 10 Beerse
39,Antwerpseweg 195,2023-07-09,12:00:00,30,24,6,FMN GV 10 Beerse
39,Antwerpseweg 195,2023-07-09,13:00:00,45,32,13,FMN GV 10 Beerse
39,Antwerpseweg 195,2023-07-09,14:00:00,24,14,10,FMN GV 10 Beerse
39,Antwerpseweg 195,2023-07-09,15:00:00,3,2,1,FMN GV 10 Beerse
39,Antwerpseweg 195,2023-07-09,16:00:00,6,5,1,FMN GV 10 Beerse
39,Antwerpseweg 195,2023-07-09,17:00:00,9,6,3,FMN GV 10 Beerse
39,Antwerpseweg 195,2023-07-09,18:00:00,19,9,10,FMN GV 10 Beerse
39,Antwerpseweg 195,2023-07-09,19:00:00,19,10,9,FMN GV 10 Beerse
39,Antwerpseweg 195,2023-07-09,20:00:00,9,5,4,FMN GV 10 Beerse
39,Antwerpseweg 195,2023-07-09,21:00:00,5,4,1,FMN GV 10 Beerse
39,Antwerpseweg 195,2023-07-09,22:00:00,4,2,2,FMN GV 10 Beerse
39,Antwerpseweg 195,2023-07-09,23:00:00,2,0,2,FMN GV 10 Beerse
39,Antwerpseweg 195,2023-07-10,00:00:00,0,0,0,FMN GV 10 Beerse
39,Antwerpseweg 195,2023-07-10,01:00:00,2,2,0,FMN GV 10 Beerse
39,Antwerpseweg 195,2023-07-10,02:00:00,0,0,0,FMN GV 10 Beerse
39,Antwerpseweg 195,2023-07-10,03:00:00,0,0,0,FMN GV 10 Beerse
39,Antwerpseweg 195,2023-07-10,04:00:00,3,3,0,FMN GV 10 Beerse
39,Antwerpseweg 195,2023-07-10,05:00:00,20,20,0,FMN GV 10 Beerse
39,Antwerpseweg 195,2023-07-10,06:00:00,13,13,0,FMN GV 10 Beerse
39,Antwerpseweg 195,2023-07-10,07:00:00,54,46,8,FMN GV 10 Beerse
39,Antwerpseweg 195,2023-07-10,08:00:00,26,21,5,FMN GV 10 Beerse
39,Antwerpseweg 195,2023-07-10,09:00:00,17,13,4,FMN GV 10 Beerse
39,Antwerpseweg 195,2023-07-10,10:00:00,23,15,8,FMN GV 10 Beerse
39,Antwerpseweg 195,2023-07-10,11:00:00,29,19,10,FMN GV 10 Beerse
39,Antwerpseweg 195,2023-07-10,12:00:00,30,23,7,FMN GV 10 Beerse
39,Antwerpseweg 195,2023-07-10,13:00:00,34,27,7,FMN GV 10 Beerse
39,Antwerpseweg 195,2023-07-10,14:00:00,62,39,23,FMN GV 10 Beerse
39,Antwerpseweg 195,2023-07-10,15:00:00,62,41,21,FMN GV 10 Beerse
39,Antwerpseweg 195,2023-07-10,16:00:00,73,51,22,FMN GV 10 Beerse
39,Antwerpseweg 195,2023-07-10,17:00:00,50,35,15,FMN GV 10 Beerse
39,Antwerpseweg 195,2023-07-10,18:00:00,26,16,10,FMN GV 10 Beerse
39,Antwerpseweg 195,2023-07-10,19:00:00,32,25,7,FMN GV 10 Beerse
39,Antwerpseweg 195,2023-07-10,20:00:00,18,10,8,FMN GV 10 Beerse
39,Antwerpseweg 195,2023-07-10,21:00:00,21,14,7,FMN GV 10 Beerse
39,Antwerpseweg 195,2023-07-10,22:00:00,14,10,4,FMN GV 10 Beerse
39,Antwerpseweg 195,2023-07-10,23:00:00,2,1,1,FMN GV 10 Beerse
39,Antwerpseweg 195,2023-07-11,00:00:00,1,1,0,FMN GV 10 Beerse
39,Antwerpseweg 195,2023-07-11,01:00:00,3,0,3,FMN GV 10 Beerse
39,Antwerpseweg 195,2023-07-11,02:00:00,0,0,0,FMN GV 10 Beerse
39,Antwerpseweg 195,2023-07-11,03:00:00,0,0,0,FMN GV 10 Beerse
39,Antwerpseweg 195,2023-07-11,04:00:00,2,2,0,FMN GV 10 Beerse
39,Antwerpseweg 195,2023-07-11,05:00:00,20,20,0,FMN GV 10 Beerse
39,Antwerpseweg 195,2023-07-11,06:00:00,16,15,1,FMN GV 10 Beerse
39,Antwerpseweg 195,2023-07-11,07:00:00,46,41,5,FMN GV 10 Beerse
39,Antwerpseweg 195,2023-07-11,08:00:00,27,22,5,FMN GV 10 Beerse
39,Antwerpseweg 195,2023-07-11,09:00:00,15,13,2,FMN GV 10 Beerse
39,Antwerpseweg 195,2023-07-11,10:00:00,23,14,9,FMN GV 10 Beerse
39,Antwerpseweg 195,2023-07-11,11:00:00,38,27,11,FMN GV 10 Beerse
39,Antwerpseweg 195,2023-07-11,12:00:00,33,27,6,FMN GV 10 Beerse
39,Antwerpseweg 195,2023-07-11,13:00:00,28,18,10,FMN GV 10 Beerse
39,Antwerpseweg 195,2023-07-11,14:00:00,39,26,13,FMN GV 10 Beerse
39,Antwerpseweg 195,2023-07-11,15:00:00,60,38,22,FMN GV 10 Beerse
39,Antwerpseweg 195,2023-07-11,16:00:00,40,20,20,FMN GV 10 Beerse
39,Antwerpseweg 195,2023-07-11,17:00:00,47,29,18,FMN GV 10 Beerse
39,Antwerpseweg 195,2023-07-11,18:00:00,34,22,12,FMN GV 10 Beerse
39,Antwerpseweg 195,2023-07-11,19:00:00,21,10,11,FMN GV 10 Beerse
39,Antwerpseweg 195,2023-07-11,20:00:00,18,15,3,FMN GV 10 Beerse
39,Antwerpseweg 195,2023-07-11,21:00:00,15,12,3,FMN GV 10 Beerse
39,Antwerpseweg 195,2023-07-11,22:00:00,13,11,2,FMN GV 10 Beerse
39,Antwerpseweg 195,2023-07-11,23:00:00,0,0,0,FMN GV 10 Beerse
39,Antwerpseweg 195,2023-07-12,00:00:00,0,0,0,FMN GV 10 Beerse
39,Antwerpseweg 195,2023-07-12,01:00:00,2,2,0,FMN GV 10 Beerse
39,Antwerpseweg 195,2023-07-12,02:00:00,0,0,0,FMN GV 10 Beerse
39,Antwerpseweg 195,2023-07-12,03:00:00,0,0,0,FMN GV 10 Beerse
39,Antwerpseweg 195,2023-07-12,04:00:00,3,3,0,FMN GV 10 Beerse
39,Antwerpseweg 195,2023-07-12,05:00:00,17,17,0,FMN GV 10 Beerse
39,Antwerpseweg 195,2023-07-12,06:00:00,16,16,0,FMN GV 10 Beerse
39,Antwerpseweg 195,2023-07-12,07:00:00,36,30,6,FMN GV 10 Beerse
39,Antwerpseweg 195,2023-07-12,08:00:00,36,29,7,FMN GV 10 Beerse
39,Antwerpseweg 195,2023-07-12,09:00:00,10,8,2,FMN GV 10 Beerse
39,Antwerpseweg 195,2023-07-12,10:00:00,17,11,6,FMN GV 10 Beerse
39,Antwerpseweg 195,2023-07-12,11:00:00,14,8,6,FMN GV 10 Beerse
39,Antwerpseweg 195,2023-07-12,12:00:00,19,10,9,FMN GV 10 Beerse
39,Antwerpseweg 195,2023-07-12,13:00:00,31,25,6,FMN GV 10 Beerse
39,Antwerpseweg 195,2023-07-12,14:00:00,33,26,7,FMN GV 10 Beerse
39,Antwerpseweg 195,2023-07-12,15:00:00,33,14,19,FMN GV 10 Beerse
39,Antwerpseweg 195,2023-07-12,16:00:00,55,47,8,FMN GV 10 Beerse
39,Antwerpseweg 195,2023-07-12,17:00:00,44,26,18,FMN GV 10 Beerse
39,Antwerpseweg 195,2023-07-12,18:00:00,31,24,7,FMN GV 10 Beerse
39,Antwerpseweg 195,2023-07-12,19:00:00,18,12,6,FMN GV 10 Beerse
39,Antwerpseweg 195,2023-07-12,20:00:00,11,7,4,FMN GV 10 Beerse
39,Antwerpseweg 195,2023-07-12,21:00:00,14,10,4,FMN GV 10 Beerse
39,Antwerpseweg 195,2023-07-12,22:00:00,9,6,3,FMN GV 10 Beerse
39,Antwerpseweg 195,2023-07-12,23:00:00,1,1,0,FMN GV 10 Beerse
39,Antwerpseweg 195,2023-07-13,00:00:00,0,0,0,FMN GV 10 Beerse
39,Antwerpseweg 195,2023-07-13,01:00:00,0,0,0,FMN GV 10 Beerse
39,Antwerpseweg 195,2023-07-13,02:00:00,0,0,0,FMN GV 10 Beerse
39,Antwerpseweg 195,2023-07-13,03:00:00,0,0,0,FMN GV 10 Beerse
39,Antwerpseweg 195,2023-07-13,04:00:00,4,4,0,FMN GV 10 Beerse
39,Antwerpseweg 195,2023-07-13,05:00:00,13,13,0,FMN GV 10 Beerse
39,Antwerpseweg 195,2023-07-13,06:00:00,14,13,1,FMN GV 10 Beerse
39,Antwerpseweg 195,2023-07-13,07:00:00,42,37,5,FMN GV 10 Beerse
39,Antwerpseweg 195,2023-07-13,08:00:00,28,22,6,FMN GV 10 Beerse
39,Antwerpseweg 195,2023-07-13,09:00:00,17,13,4,FMN GV 10 Beerse
39,Antwerpseweg 195,2023-07-13,10:00:00,14,14,0,FMN GV 10 Beerse
39,Antwerpseweg 195,2023-07-13,11:00:00,13,12,1,FMN GV 10 Beerse
39,Antwerpseweg 195,2023-07-13,12:00:00,19,13,6,FMN GV 10 Beerse
39,Antwerpseweg 195,2023-07-13,13:00:00,22,13,9,FMN GV 10 Beerse
39,Antwerpseweg 195,2023-07-13,14:00:00,20,17,3,FMN GV 10 Beerse
39,Antwerpseweg 195,2023-07-13,15:00:00,24,16,8,FMN GV 10 Beerse
39,Antwerpseweg 195,2023-07-13,16:00:00,33,23,10,FMN GV 10 Beerse
39,Antwerpseweg 195,2023-07-13,17:00:00,21,12,9,FMN GV 10 Beerse
39,Antwerpseweg 195,2023-07-13,18:00:00,21,15,6,FMN GV 10 Beerse
39,Antwerpseweg 195,2023-07-13,19:00:00,10,7,3,FMN GV 10 Beerse
39,Antwerpseweg 195,2023-07-13,20:00:00,5,4,1,FMN GV 10 Beerse
39,Antwerpseweg 195,2023-07-13,21:00:00,14,9,5,FMN GV 10 Beerse
39,Antwerpseweg 195,2023-07-13,22:00:00,5,4,1,FMN GV 10 Beerse
39,Antwerpseweg 195,2023-07-13,23:00:00,6,5,1,FMN GV 10 Beerse
39,Antwerpseweg 195,2023-07-14,00:00:00,0,0,0,FMN GV 10 Beerse
39,Antwerpseweg 195,2023-07-14,01:00:00,0,0,0,FMN GV 10 Beerse
39,Antwerpseweg 195,2023-07-14,02:00:00,0,0,0,FMN GV 10 Beerse
39,Antwerpseweg 195,2023-07-14,03:00:00,0,0,0,FMN GV 10 Beerse
39,Antwerpseweg 195,2023-07-14,04:00:00,2,2,0,FMN GV 10 Beerse
39,Antwerpseweg 195,2023-07-14,05:00:00,15,15,0,FMN GV 10 Beerse
39,Antwerpseweg 195,2023-07-14,06:00:00,21,18,3,FMN GV 10 Beerse
39,Antwerpseweg 195,2023-07-14,07:00:00,38,33,5,FMN GV 10 Beerse
39,Antwerpseweg 195,2023-07-14,08:00:00,24,17,7,FMN GV 10 Beerse
39,Antwerpseweg 195,2023-07-14,09:00:00,17,12,5,FMN GV 10 Beerse
39,Antwerpseweg 195,2023-07-14,10:00:00,17,9,8,FMN GV 10 Beerse
39,Antwerpseweg 195,2023-07-14,11:00:00,15,13,2,FMN GV 10 Beerse
39,Antwerpseweg 195,2023-07-14,12:00:00,24,16,8,FMN GV 10 Beerse
39,Antwerpseweg 195,2023-07-14,13:00:00,24,17,7,FMN GV 10 Beerse
39,Antwerpseweg 195,2023-07-14,14:00:00,41,32,9,FMN GV 10 Beerse
39,Antwerpseweg 195,2023-07-14,15:00:00,52,33,19,FMN GV 10 Beerse
39,Antwerpseweg 195,2023-07-14,16:00:00,39,29,10,FMN GV 10 Beerse
39,Antwerpseweg 195,2023-07-14,17:00:00,30,16,14,FMN GV 10 Beerse
39,Antwerpseweg 195,2023-07-14,18:00:00,33,22,11,FMN GV 10 Beerse
39,Antwerpseweg 195,2023-07-14,19:00:00,16,14,2,FMN GV 10 Beerse
39,Antwerpseweg 195,2023-07-14,20:00:00,15,8,7,FMN GV 10 Beerse
39,Antwerpseweg 195,2023-07-14,21:00:00,6,3,3,FMN GV 10 Beerse
39,Antwerpseweg 195,2023-07-14,22:00:00,11,8,3,FMN GV 10 Beerse
39,Antwerpseweg 195,2023-07-14,23:00:00,3,2,1,FMN GV 10 Beerse
39,Antwerpseweg 195,2023-07-15,00:00:00,6,6,0,FMN GV 10 Beerse
39,Antwerpseweg 195,2023-07-15,01:00:00,1,1,0,FMN GV 10 Beerse
39,Antwerpseweg 195,2023-07-15,02:00:00,6,5,1,FMN GV 10 Beerse
39,Antwerpseweg 195,2023-07-15,03:00:00,0,0,0,FMN GV 10 Beerse
39,Antwerpseweg 195,2023-07-15,04:00:00,2,2,0,FMN GV 10 Beerse
39,Antwerpseweg 195,2023-07-15,05:00:00,3,3,0,FMN GV 10 Beerse
39,Antwerpseweg 195,2023-07-15,06:00:00,5,5,0,FMN GV 10 Beerse
39,Antwerpseweg 195,2023-07-15,07:00:00,2,1,1,FMN GV 10 Beerse
39,Antwerpseweg 195,2023-07-15,08:00:00,6,4,2,FMN GV 10 Beerse
39,Antwerpseweg 195,2023-07-15,09:00:00,35,8,27,FMN GV 10 Beerse
39,Antwerpseweg 195,2023-07-15,10:00:00,15,13,2,FMN GV 10 Beerse
39,Antwerpseweg 195,2023-07-15,11:00:00,21,12,9,FMN GV 10 Beerse
39,Antwerpseweg 195,2023-07-15,12:00:00,28,23,5,FMN GV 10 Beerse
39,Antwerpseweg 195,2023-07-15,13:00:00,39,12,27,FMN GV 10 Beerse
39,Antwerpseweg 195,2023-07-15,14:00:00,16,12,4,FMN GV 10 Beerse
39,Antwerpseweg 195,2023-07-15,15:00:00,28,22,6,FMN GV 10 Beerse
39,Antwerpseweg 195,2023-07-15,16:00:00,21,16,5,FMN GV 10 Beerse
39,Antwerpseweg 195,2023-07-15,17:00:00,8,7,1,FMN GV 10 Beerse
39,Antwerpseweg 195,2023-07-15,18:00:00,14,8,6,FMN GV 10 Beerse
39,Antwerpseweg 195,2023-07-15,19:00:00,6,5,1,FMN GV 10 Beerse
39,Antwerpseweg 195,2023-07-15,20:00:00,4,3,1,FMN GV 10 Beerse
39,Antwerpseweg 195,2023-07-15,21:00:00,4,4,0,FMN GV 10 Beerse
39,Antwerpseweg 195,2023-07-15,22:00:00,4,2,2,FMN GV 10 Beerse
39,Antwerpseweg 195,2023-07-15,23:00:00,3,2,1,FMN GV 10 Beerse
39,Antwerpseweg 195,2023-07-16,00:00:00,2,2,0,FMN GV 10 Beerse
39,Antwerpseweg 195,2023-07-16,01:00:00,1,1,0,FMN GV 10 Beerse
39,Antwerpseweg 195,2023-07-16,02:00:00,0,0,0,FMN GV 10 Beerse
39,Antwerpseweg 195,2023-07-16,03:00:00,1,1,0,FMN GV 10 Beerse
39,Antwerpseweg 195,2023-07-16,04:00:00,3,3,0,FMN GV 10 Beerse
39,Antwerpseweg 195,2023-07-16,05:00:00,0,0,0,FMN GV 10 Beerse
39,Antwerpseweg 195,2023-07-16,06:00:00,3,3,0,FMN GV 10 Beerse
39,Antwerpseweg 195,2023-07-16,07:00:00,6,3,3,FMN GV 10 Beerse
39,Antwerpseweg 195,2023-07-16,08:00:00,4,2,2,FMN GV 10 Beerse
39,Antwerpseweg 195,2023-07-16,09:00:00,14,10,4,FMN GV 10 Beerse
39,Antwerpseweg 195,2023-07-16,10:00:00,21,11,10,FMN GV 10 Beerse
39,Antwerpseweg 195,2023-07-16,11:00:00,42,32,10,FMN GV 10 Beerse
39,Antwerpseweg 195,2023-07-16,12:00:00,13,12,1,FMN GV 10 Beerse
39,Antwerpseweg 195,2023-07-16,13:00:00,11,7,4,FMN GV 10 Beerse
39,Antwerpseweg 195,2023-07-16,14:00:00,35,26,9,FMN GV 10 Beerse
39,Antwerpseweg 195,2023-07-16,15:00:00,26,14,12,FMN GV 10 Beerse
39,Antwerpseweg 195,2023-07-16,16:00:00,25,12,13,FMN GV 10 Beerse
39,Antwerpseweg 195,2023-07-16,17:00:00,12,10,2,FMN GV 10 Beerse
39,Antwerpseweg 195,2023-07-16,18:00:00,20,8,12,FMN GV 10 Beerse
39,Antwerpseweg 195,2023-07-16,19:00:00,14,11,3,FMN GV 10 Beerse
39,Antwerpseweg 195,2023-07-16,20:00:00,6,4,2,FMN GV 10 Beerse
39,Antwerpseweg 195,2023-07-16,21:00:00,3,2,1,FMN GV 10 Beerse
39,Antwerpseweg 195,2023-07-16,22:00:00,3,1,2,FMN GV 10 Beerse
39,Antwerpseweg 195,2023-07-16,23:00:00,3,3,0,FMN GV 10 Beerse
39,Antwerpseweg 195,2023-07-17,00:00:00,1,1,0,FMN GV 10 Beerse
39,Antwerpseweg 195,2023-07-17,01:00:00,0,0,0,FMN GV 10 Beerse
39,Antwerpseweg 195,2023-07-17,02:00:00,0,0,0,FMN GV 10 Beerse
39,Antwerpseweg 195,2023-07-17,03:00:00,0,0,0,FMN GV 10 Beerse
39,Antwerpseweg 195,2023-07-17,04:00:00,3,3,0,FMN GV 10 Beerse
39,Antwerpseweg 195,2023-07-17,05:00:00,10,10,0,FMN GV 10 Beerse
39,Antwerpseweg 195,2023-07-17,06:00:00,15,14,1,FMN GV 10 Beerse
39,Antwerpseweg 195,2023-07-17,07:00:00,26,21,5,FMN GV 10 Beerse
39,Antwerpseweg 195,2023-07-17,08:00:00,30,26,4,FMN GV 10 Beerse
39,Antwerpseweg 195,2023-07-17,09:00:00,9,6,3,FMN GV 10 Beerse
39,Antwerpseweg 195,2023-07-17,10:00:00,8,4,4,FMN GV 10 Beerse
39,Antwerpseweg 195,2023-07-17,11:00:00,10,8,2,FMN GV 10 Beerse
39,Antwerpseweg 195,2023-07-17,12:00:00,19,16,3,FMN GV 10 Beerse
39,Antwerpseweg 195,2023-07-17,13:00:00,31,27,4,FMN GV 10 Beerse
39,Antwerpseweg 195,2023-07-17,14:00:00,22,16,6,FMN GV 10 Beerse
39,Antwerpseweg 195,2023-07-17,15:00:00,22,10,12,FMN GV 10 Beerse
39,Antwerpseweg 195,2023-07-17,16:00:00,27,15,12,FMN GV 10 Beerse
39,Antwerpseweg 195,2023-07-17,17:00:00,29,20,9,FMN GV 10 Beerse
39,Antwerpseweg 195,2023-07-17,18:00:00,12,7,5,FMN GV 10 Beerse
39,Antwerpseweg 195,2023-07-17,19:00:00,16,7,9,FMN GV 10 Beerse
39,Antwerpseweg 195,2023-07-17,20:00:00,11,10,1,FMN GV 10 Beerse
39,Antwerpseweg 195,2023-07-17,21:00:00,13,8,5,FMN GV 10 Beerse
39,Antwerpseweg 195,2023-07-17,22:00:00,9,9,0,FMN GV 10 Beerse
39,Antwerpseweg 195,2023-07-17,23:00:00,2,2,0,FMN GV 10 Beerse
39,Antwerpseweg 195,2023-07-18,00:00:00,2,2,0,FMN GV 10 Beerse
39,Antwerpseweg 195,2023-07-18,01:00:00,0,0,0,FMN GV 10 Beerse
39,Antwerpseweg 195,2023-07-18,02:00:00,0,0,0,FMN GV 10 Beerse
39,Antwerpseweg 195,2023-07-18,03:00:00,0,0,0,FMN GV 10 Beerse
39,Antwerpseweg 195,2023-07-18,04:00:00,2,2,0,FMN GV 10 Beerse
39,Antwerpseweg 195,2023-07-18,05:00:00,8,8,0,FMN GV 10 Beerse
39,Antwerpseweg 195,2023-07-18,06:00:00,18,17,1,FMN GV 10 Beerse
39,Antwerpseweg 195,2023-07-18,07:00:00,47,44,3,FMN GV 10 Beerse
39,Antwerpseweg 195,2023-07-18,08:00:00,30,30,0,FMN GV 10 Beerse
39,Antwerpseweg 195,2023-07-18,09:00:00,16,10,6,FMN GV 10 Beerse
39,Antwerpseweg 195,2023-07-18,10:00:00,24,22,2,FMN GV 10 Beerse
39,Antwerpseweg 195,2023-07-18,11:00:00,17,10,7,FMN GV 10 Beerse
39,Antwerpseweg 195,2023-07-18,12:00:00,34,24,10,FMN GV 10 Beerse
39,Antwerpseweg 195,2023-07-18,13:00:00,70,49,21,FMN GV 10 Beerse
39,Antwerpseweg 195,2023-07-18,14:00:00,74,58,16,FMN GV 10 Beerse
39,Antwerpseweg 195,2023-07-18,15:00:00,58,32,26,FMN GV 10 Beerse
39,Antwerpseweg 195,2023-07-18,16:00:00,87,66,21,FMN GV 10 Beerse
39,Antwerpseweg 195,2023-07-18,17:00:00,47,33,14,FMN GV 10 Beerse
39,Antwerpseweg 195,2023-07-18,18:00:00,26,22,4,FMN GV 10 Beerse
39,Antwerpseweg 195,2023-07-18,19:00:00,37,24,13,FMN GV 10 Beerse
39,Antwerpseweg 195,2023-07-18,20:00:00,22,11,11,FMN GV 10 Beerse
39,Antwerpseweg 195,2023-07-18,21:00:00,11,6,5,FMN GV 10 Beerse
39,Antwerpseweg 195,2023-07-18,22:00:00,15,8,7,FMN GV 10 Beerse
39,Antwerpseweg 195,2023-07-18,23:00:00,4,3,1,FMN GV 10 Beerse
39,Antwerpseweg 195,2023-07-19,00:00:00,1,1,0,FMN GV 10 Beerse
39,Antwerpseweg 195,2023-07-19,01:00:00,1,1,0,FMN GV 10 Beerse
39,Antwerpseweg 195,2023-07-19,02:00:00,0,0,0,FMN GV 10 Beerse
39,Antwerpseweg 195,2023-07-19,03:00:00,0,0,0,FMN GV 10 Beerse
39,Antwerpseweg 195,2023-07-19,04:00:00,3,3,0,FMN GV 10 Beerse
39,Antwerpseweg 195,2023-07-19,05:00:00,8,8,0,FMN GV 10 Beerse
39,Antwerpseweg 195,2023-07-19,06:00:00,10,9,1,FMN GV 10 Beerse
39,Antwerpseweg 195,2023-07-19,07:00:00,30,27,3,FMN GV 10 Beerse
39,Antwerpseweg 195,2023-07-19,08:00:00,30,26,4,FMN GV 10 Beerse
39,Antwerpseweg 195,2023-07-19,09:00:00,14,11,3,FMN GV 10 Beerse
39,Antwerpseweg 195,2023-07-19,10:00:00,9,7,2,FMN GV 10 Beerse
39,Antwerpseweg 195,2023-07-19,11:00:00,29,22,7,FMN GV 10 Beerse
39,Antwerpseweg 195,2023-07-19,12:00:00,17,11,6,FMN GV 10 Beerse
39,Antwerpseweg 195,2023-07-19,13:00:00,26,23,3,FMN GV 10 Beerse
39,Antwerpseweg 195,2023-07-19,14:00:00,41,28,13,FMN GV 10 Beerse
39,Antwerpseweg 195,2023-07-19,15:00:00,19,13,6,FMN GV 10 Beerse
39,Antwerpseweg 195,2023-07-19,16:00:00,39,25,14,FMN GV 10 Beerse
39,Antwerpseweg 195,2023-07-19,17:00:00,34,26,8,FMN GV 10 Beerse
39,Antwerpseweg 195,2023-07-19,18:00:00,13,7,6,FMN GV 10 Beerse
39,Antwerpseweg 195,2023-07-19,19:00:00,9,7,2,FMN GV 10 Beerse
39,Antwerpseweg 195,2023-07-19,20:00:00,12,9,3,FMN GV 10 Beerse
39,Antwerpseweg 195,2023-07-19,21:00:00,5,3,2,FMN GV 10 Beerse
39,Antwerpseweg 195,2023-07-19,22:00:00,15,13,2,FMN GV 10 Beerse
39,Antwerpseweg 195,2023-07-19,23:00:00,0,0,0,FMN GV 10 Beerse
39,Antwerpseweg 195,2023-07-20,00:00:00,0,0,0,FMN GV 10 Beerse
39,Antwerpseweg 195,2023-07-20,01:00:00,1,0,1,FMN GV 10 Beerse
39,Antwerpseweg 195,2023-07-20,02:00:00,2,2,0,FMN GV 10 Beerse
39,Antwerpseweg 195,2023-07-20,03:00:00,1,1,0,FMN GV 10 Beerse
39,Antwerpseweg 195,2023-07-20,04:00:00,1,1,0,FMN GV 10 Beerse
39,Antwerpseweg 195,2023-07-20,05:00:00,6,6,0,FMN GV 10 Beerse
39,Antwerpseweg 195,2023-07-20,06:00:00,19,19,0,FMN GV 10 Beerse
39,Antwerpseweg 195,2023-07-20,07:00:00,24,22,2,FMN GV 10 Beerse
39,Antwerpseweg 195,2023-07-20,08:00:00,16,15,1,FMN GV 10 Beerse
39,Antwerpseweg 195,2023-07-20,09:00:00,12,6,6,FMN GV 10 Beerse
39,Antwerpseweg 195,2023-07-20,10:00:00,9,5,4,FMN GV 10 Beerse
39,Antwerpseweg 195,2023-07-20,11:00:00,26,20,6,FMN GV 10 Beerse
39,Antwerpseweg 195,2023-07-20,12:00:00,19,16,3,FMN GV 10 Beerse
39,Antwerpseweg 195,2023-07-20,13:00:00,30,24,6,FMN GV 10 Beerse
39,Antwerpseweg 195,2023-07-20,14:00:00,35,23,12,FMN GV 10 Beerse
39,Antwerpseweg 195,2023-07-20,15:00:00,45,28,17,FMN GV 10 Beerse
39,Antwerpseweg 195,2023-07-20,16:00:00,23,16,7,FMN GV 10 Beerse
39,Antwerpseweg 195,2023-07-20,17:00:00,21,15,6,FMN GV 10 Beerse
39,Antwerpseweg 195,2023-07-20,18:00:00,22,18,4,FMN GV 10 Beerse
39,Antwerpseweg 195,2023-07-20,19:00:00,5,3,2,FMN GV 10 Beerse
39,Antwerpseweg 195,2023-07-20,20:00:00,6,4,2,FMN GV 10 Beerse
39,Antwerpseweg 195,2023-07-20,21:00:00,8,4,4,FMN GV 10 Beerse
39,Antwerpseweg 195,2023-07-20,22:00:00,12,7,5,FMN GV 10 Beerse
39,Antwerpseweg 195,2023-07-20,23:00:00,1,1,0,FMN GV 10 Beerse
39,Antwerpseweg 195,2023-07-21,00:00:00,1,1,0,FMN GV 10 Beerse
39,Antwerpseweg 195,2023-07-21,01:00:00,0,0,0,FMN GV 10 Beerse
39,Antwerpseweg 195,2023-07-21,02:00:00,0,0,0,FMN GV 10 Beerse
39,Antwerpseweg 195,2023-07-21,03:00:00,0,0,0,FMN GV 10 Beerse
39,Antwerpseweg 195,2023-07-21,04:00:00,1,1,0,FMN GV 10 Beerse
39,Antwerpseweg 195,2023-07-21,05:00:00,1,1,0,FMN GV 10 Beerse
39,Antwerpseweg 195,2023-07-21,06:00:00,4,4,0,FMN GV 10 Beerse
39,Antwerpseweg 195,2023-07-21,07:00:00,5,3,2,FMN GV 10 Beerse
39,Antwerpseweg 195,2023-07-21,08:00:00,39,19,20,FMN GV 10 Beerse
39,Antwerpseweg 195,2023-07-21,09:00:00,53,47,6,FMN GV 10 Beerse
39,Antwerpseweg 195,2023-07-21,10:00:00,61,54,7,FMN GV 10 Beerse
39,Antwerpseweg 195,2023-07-21,11:00:00,37,33,4,FMN GV 10 Beerse
39,Antwerpseweg 195,2023-07-21,12:00:00,20,17,3,FMN GV 10 Beerse
39,Antwerpseweg 195,2023-07-21,13:00:00,3,1,2,FMN GV 10 Beerse
39,Antwerpseweg 195,2023-07-21,14:00:00,17,16,1,FMN GV 10 Beerse
39,Antwerpseweg 195,2023-07-21,15:00:00,15,9,6,FMN GV 10 Beerse
39,Antwerpseweg 195,2023-07-21,16:00:00,27,18,9,FMN GV 10 Beerse
39,Antwerpseweg 195,2023-07-21,17:00:00,27,13,14,FMN GV 10 Beerse
39,Antwerpseweg 195,2023-07-21,18:00:00,13,7,6,FMN GV 10 Beerse
39,Antwerpseweg 195,2023-07-21,19:00:00,10,6,4,FMN GV 10 Beerse
39,Antwerpseweg 195,2023-07-21,20:00:00,17,10,7,FMN GV 10 Beerse
39,Antwerpseweg 195,2023-07-21,21:00:00,10,7,3,FMN GV 10 Beerse
39,Antwerpseweg 195,2023-07-21,22:00:00,7,3,4,FMN GV 10 Beerse
39,Antwerpseweg 195,2023-07-21,23:00:00,2,2,0,FMN GV 10 Beerse
39,Antwerpseweg 195,2023-07-22,00:00:00,5,1,4,FMN GV 10 Beerse
39,Antwerpseweg 195,2023-07-22,01:00:00,2,1,1,FMN GV 10 Beerse
39,Antwerpseweg 195,2023-07-22,02:00:00,1,1,0,FMN GV 10 Beerse
39,Antwerpseweg 195,2023-07-22,03:00:00,2,2,0,FMN GV 10 Beerse
39,Antwerpseweg 195,2023-07-22,04:00:00,1,1,0,FMN GV 10 Beerse
39,Antwerpseweg 195,2023-07-22,05:00:00,6,5,1,FMN GV 10 Beerse
39,Antwerpseweg 195,2023-07-22,06:00:00,3,3,0,FMN GV 10 Beerse
39,Antwerpseweg 195,2023-07-22,07:00:00,4,3,1,FMN GV 10 Beerse
39,Antwerpseweg 195,2023-07-22,08:00:00,6,6,0,FMN GV 10 Beerse
39,Antwerpseweg 195,2023-07-22,09:00:00,22,18,4,FMN GV 10 Beerse
39,Antwerpseweg 195,2023-07-22,10:00:00,13,8,5,FMN GV 10 Beerse
39,Antwerpseweg 195,2023-07-22,11:00:00,15,10,5,FMN GV 10 Beerse
39,Antwerpseweg 195,2023-07-22,12:00:00,17,11,6,FMN GV 10 Beerse
39,Antwerpseweg 195,2023-07-22,13:00:00,27,17,10,FMN GV 10 Beerse
39,Antwerpseweg 195,2023-07-22,14:00:00,36,26,10,FMN GV 10 Beerse
39,Antwerpseweg 195,2023-07-22,15:00:00,25,15,10,FMN GV 10 Beerse
39,Antwerpseweg 195,2023-07-22,16:00:00,26,24,2,FMN GV 10 Beerse
39,Antwerpseweg 195,2023-07-22,17:00:00,15,10,5,FMN GV 10 Beerse
39,Antwerpseweg 195,2023-07-22,18:00:00,14,9,5,FMN GV 10 Beerse
39,Antwerpseweg 195,2023-07-22,19:00:00,13,11,2,FMN GV 10 Beerse
39,Antwerpseweg 195,2023-07-22,20:00:00,5,3,2,FMN GV 10 Beerse
39,Antwerpseweg 195,2023-07-22,21:00:00,6,4,2,FMN GV 10 Beerse
39,Antwerpseweg 195,2023-07-22,22:00:00,2,2,0,FMN GV 10 Beerse
39,Antwerpseweg 195,2023-07-22,23:00:00,0,0,0,FMN GV 10 Beerse
39,Antwerpseweg 195,2023-07-23,00:00:00,3,3,0,FMN GV 10 Beerse
39,Antwerpseweg 195,2023-07-23,01:00:00,1,0,1,FMN GV 10 Beerse
39,Antwerpseweg 195,2023-07-23,02:00:00,5,4,1,FMN GV 10 Beerse
39,Antwerpseweg 195,2023-07-23,03:00:00,2,2,0,FMN GV 10 Beerse
39,Antwerpseweg 195,2023-07-23,04:00:00,1,0,1,FMN GV 10 Beerse
39,Antwerpseweg 195,2023-07-23,05:00:00,4,4,0,FMN GV 10 Beerse
39,Antwerpseweg 195,2023-07-23,06:00:00,4,3,1,FMN GV 10 Beerse
39,Antwerpseweg 195,2023-07-23,07:00:00,4,3,1,FMN GV 10 Beerse
39,Antwerpseweg 195,2023-07-23,08:00:00,0,0,0,FMN GV 10 Beerse
39,Antwerpseweg 195,2023-07-23,09:00:00,1,1,0,FMN GV 10 Beerse
39,Antwerpseweg 195,2023-07-23,10:00:00,11,11,0,FMN GV 10 Beerse
39,Antwerpseweg 195,2023-07-23,11:00:00,4,3,1,FMN GV 10 Beerse
39,Antwerpseweg 195,2023-07-23,12:00:00,7,6,1,FMN GV 10 Beerse
39,Antwerpseweg 195,2023-07-23,13:00:00,13,8,5,FMN GV 10 Beerse
39,Antwerpseweg 195,2023-07-23,14:00:00,7,6,1,FMN GV 10 Beerse
39,Antwerpseweg 195,2023-07-23,15:00:00,6,4,2,FMN GV 10 Beerse
39,Antwerpseweg 195,2023-07-23,16:00:00,9,8,1,FMN GV 10 Beerse
39,Antwerpseweg 195,2023-07-23,17:00:00,3,3,0,FMN GV 10 Beerse
39,Antwerpseweg 195,2023-07-23,18:00:00,8,4,4,FMN GV 10 Beerse
39,Antwerpseweg 195,2023-07-23,19:00:00,6,3,3,FMN GV 10 Beerse
39,Antwerpseweg 195,2023-07-23,20:00:00,2,2,0,FMN GV 10 Beerse
39,Antwerpseweg 195,2023-07-23,21:00:00,3,3,0,FMN GV 10 Beerse
39,Antwerpseweg 195,2023-07-23,22:00:00,3,1,2,FMN GV 10 Beerse
39,Antwerpseweg 195,2023-07-23,23:00:00,1,1,0,FMN GV 10 Beerse
39,Antwerpseweg 195,2023-07-24,00:00:00,0,0,0,FMN GV 10 Beerse
39,Antwerpseweg 195,2023-07-24,01:00:00,1,1,0,FMN GV 10 Beerse
39,Antwerpseweg 195,2023-07-24,02:00:00,0,0,0,FMN GV 10 Beerse
39,Antwerpseweg 195,2023-07-24,03:00:00,0,0,0,FMN GV 10 Beerse
39,Antwerpseweg 195,2023-07-24,04:00:00,0,0,0,FMN GV 10 Beerse
39,Antwerpseweg 195,2023-07-24,05:00:00,7,7,0,FMN GV 10 Beerse
39,Antwerpseweg 195,2023-07-24,06:00:00,7,6,1,FMN GV 10 Beerse
39,Antwerpseweg 195,2023-07-24,07:00:00,16,13,3,FMN GV 10 Beerse
39,Antwerpseweg 195,2023-07-24,08:00:00,14,13,1,FMN GV 10 Beerse
39,Antwerpseweg 195,2023-07-24,09:00:00,7,6,1,FMN GV 10 Beerse
39,Antwerpseweg 195,2023-07-24,10:00:00,7,5,2,FMN GV 10 Beerse
39,Antwerpseweg 195,2023-07-24,11:00:00,10,6,4,FMN GV 10 Beerse
39,Antwerpseweg 195,2023-07-24,12:00:00,7,6,1,FMN GV 10 Beerse
39,Antwerpseweg 195,2023-07-24,13:00:00,6,5,1,FMN GV 10 Beerse
39,Antwerpseweg 195,2023-07-24,14:00:00,13,8,5,FMN GV 10 Beerse
39,Antwerpseweg 195,2023-07-24,15:00:00,16,11,5,FMN GV 10 Beerse
39,Antwerpseweg 195,2023-07-24,16:00:00,13,10,3,FMN GV 10 Beerse
39,Antwerpseweg 195,2023-07-24,17:00:00,14,9,5,FMN GV 10 Beerse
39,Antwerpseweg 195,2023-07-24,18:00:00,13,9,4,FMN GV 10 Beerse
39,Antwerpseweg 195,2023-07-24,19:00:00,9,7,2,FMN GV 10 Beerse
39,Antwerpseweg 195,2023-07-24,20:00:00,15,6,9,FMN GV 10 Beerse
39,Antwerpseweg 195,2023-07-24,21:00:00,4,2,2,FMN GV 10 Beerse
39,Antwerpseweg 195,2023-07-24,22:00:00,4,3,1,FMN GV 10 Beerse
39,Antwerpseweg 195,2023-07-24,23:00:00,0,0,0,FMN GV 10 Beerse
39,Antwerpseweg 195,2023-07-25,00:00:00,2,1,1,FMN GV 10 Beerse
39,Antwerpseweg 195,2023-07-25,01:00:00,1,1,0,FMN GV 10 Beerse
39,Antwerpseweg 195,2023-07-25,02:00:00,0,0,0,FMN GV 10 Beerse
39,Antwerpseweg 195,2023-07-25,03:00:00,0,0,0,FMN GV 10 Beerse
39,Antwerpseweg 195,2023-07-25,04:00:00,1,1,0,FMN GV 10 Beerse
39,Antwerpseweg 195,2023-07-25,05:00:00,10,10,0,FMN GV 10 Beerse
39,Antwerpseweg 195,2023-07-25,06:00:00,18,17,1,FMN GV 10 Beerse
39,Antwerpseweg 195,2023-07-25,07:00:00,28,25,3,FMN GV 10 Beerse
39,Antwerpseweg 195,2023-07-25,08:00:00,19,19,0,FMN GV 10 Beerse
39,Antwerpseweg 195,2023-07-25,09:00:00,27,19,8,FMN GV 10 Beerse
39,Antwerpseweg 195,2023-07-25,10:00:00,15,7,8,FMN GV 10 Beerse
39,Antwerpseweg 195,2023-07-25,11:00:00,17,15,2,FMN GV 10 Beerse
39,Antwerpseweg 195,2023-07-25,12:00:00,9,7,2,FMN GV 10 Beerse
39,Antwerpseweg 195,2023-07-25,13:00:00,75,61,14,FMN GV 10 Beerse
39,Antwerpseweg 195,2023-07-25,14:00:00,28,17,11,FMN GV 10 Beerse
39,Antwerpseweg 195,2023-07-25,15:00:00,43,34,9,FMN GV 10 Beerse
39,Antwerpseweg 195,2023-07-25,16:00:00,30,18,12,FMN GV 10 Beerse
39,Antwerpseweg 195,2023-07-25,17:00:00,46,33,13,FMN GV 10 Beerse
39,Antwerpseweg 195,2023-07-25,18:00:00,23,13,10,FMN GV 10 Beerse
39,Antwerpseweg 195,2023-07-25,19:00:00,29,24,5,FMN GV 10 Beerse
39,Antwerpseweg 195,2023-07-25,20:00:00,15,10,5,FMN GV 10 Beerse
39,Antwerpseweg 195,2023-07-25,21:00:00,12,5,7,FMN GV 10 Beerse
39,Antwerpseweg 195,2023-07-25,22:00:00,9,6,3,FMN GV 10 Beerse
39,Antwerpseweg 195,2023-07-25,23:00:00,4,4,0,FMN GV 10 Beerse
39,Antwerpseweg 195,2023-07-26,00:00:00,2,1,1,FMN GV 10 Beerse
39,Antwerpseweg 195,2023-07-26,01:00:00,8,0,8,FMN GV 10 Beerse
39,Antwerpseweg 195,2023-07-26,02:00:00,2,1,1,FMN GV 10 Beerse
39,Antwerpseweg 195,2023-07-26,03:00:00,1,1,0,FMN GV 10 Beerse
39,Antwerpseweg 195,2023-07-26,04:00:00,2,1,1,FMN GV 10 Beerse
39,Antwerpseweg 195,2023-07-26,05:00:00,11,11,0,FMN GV 10 Beerse
39,Antwerpseweg 195,2023-07-26,06:00:00,20,18,2,FMN GV 10 Beerse
39,Antwerpseweg 195,2023-07-26,07:00:00,31,28,3,FMN GV 10 Beerse
39,Antwerpseweg 195,2023-07-26,08:00:00,22,20,2,FMN GV 10 Beerse
39,Antwerpseweg 195,2023-07-26,09:00:00,15,11,4,FMN GV 10 Beerse
39,Antwerpseweg 195,2023-07-26,10:00:00,31,21,10,FMN GV 10 Beerse
39,Antwerpseweg 195,2023-07-26,11:00:00,23,14,9,FMN GV 10 Beerse
39,Antwerpseweg 195,2023-07-26,12:00:00,19,11,8,FMN GV 10 Beerse
39,Antwerpseweg 195,2023-07-26,13:00:00,32,13,19,FMN GV 10 Beerse
39,Antwerpseweg 195,2023-07-26,14:00:00,25,19,6,FMN GV 10 Beerse
39,Antwerpseweg 195,2023-07-26,15:00:00,52,35,17,FMN GV 10 Beerse
39,Antwerpseweg 195,2023-07-26,16:00:00,38,28,10,FMN GV 10 Beerse
39,Antwerpseweg 195,2023-07-26,17:00:00,50,31,19,FMN GV 10 Beerse
39,Antwerpseweg 195,2023-07-26,18:00:00,34,20,14,FMN GV 10 Beerse
39,Antwerpseweg 195,2023-07-26,19:00:00,26,20,6,FMN GV 10 Beerse
39,Antwerpseweg 195,2023-07-26,20:00:00,15,6,9,FMN GV 10 Beerse
39,Antwerpseweg 195,2023-07-26,21:00:00,27,11,16,FMN GV 10 Beerse
39,Antwerpseweg 195,2023-07-26,22:00:00,7,6,1,FMN GV 10 Beerse
39,Antwerpseweg 195,2023-07-26,23:00:00,2,2,0,FMN GV 10 Beerse
39,Antwerpseweg 195,2023-07-27,00:00:00,0,0,0,FMN GV 10 Beerse
39,Antwerpseweg 195,2023-07-27,01:00:00,0,0,0,FMN GV 10 Beerse
39,Antwerpseweg 195,2023-07-27,02:00:00,0,0,0,FMN GV 10 Beerse
39,Antwerpseweg 195,2023-07-27,03:00:00,0,0,0,FMN GV 10 Beerse
39,Antwerpseweg 195,2023-07-27,04:00:00,2,2,0,FMN GV 10 Beerse
39,Antwerpseweg 195,2023-07-27,05:00:00,7,7,0,FMN GV 10 Beerse
39,Antwerpseweg 195,2023-07-27,06:00:00,8,7,1,FMN GV 10 Beerse
39,Antwerpseweg 195,2023-07-27,07:00:00,9,9,0,FMN GV 10 Beerse
39,Antwerpseweg 195,2023-07-27,08:00:00,11,11,0,FMN GV 10 Beerse
39,Antwerpseweg 195,2023-07-27,09:00:00,4,1,3,FMN GV 10 Beerse
39,Antwerpseweg 195,2023-07-27,10:00:00,4,3,1,FMN GV 10 Beerse
39,Antwerpseweg 195,2023-07-27,11:00:00,5,3,2,FMN GV 10 Beerse
39,Antwerpseweg 195,2023-07-27,12:00:00,5,4,1,FMN GV 10 Beerse
39,Antwerpseweg 195,2023-07-27,13:00:00,1,1,0,FMN GV 10 Beerse
39,Antwerpseweg 195,2023-07-27,14:00:00,7,3,4,FMN GV 10 Beerse
39,Antwerpseweg 195,2023-07-27,15:00:00,17,15,2,FMN GV 10 Beerse
39,Antwerpseweg 195,2023-07-27,16:00:00,12,7,5,FMN GV 10 Beerse
39,Antwerpseweg 195,2023-07-27,17:00:00,10,4,6,FMN GV 10 Beerse
39,Antwerpseweg 195,2023-07-27,18:00:00,9,5,4,FMN GV 10 Beerse
39,Antwerpseweg 195,2023-07-27,19:00:00,5,3,2,FMN GV 10 Beerse
39,Antwerpseweg 195,2023-07-27,20:00:00,2,2,0,FMN GV 10 Beerse
39,Antwerpseweg 195,2023-07-27,21:00:00,1,1,0,FMN GV 10 Beerse
39,Antwerpseweg 195,2023-07-27,22:00:00,1,0,1,FMN GV 10 Beerse
39,Antwerpseweg 195,2023-07-27,23:00:00,1,1,0,FMN GV 10 Beerse
39,Antwerpseweg 195,2023-07-28,00:00:00,0,0,0,FMN GV 10 Beerse
39,Antwerpseweg 195,2023-07-28,01:00:00,1,0,1,FMN GV 10 Beerse
39,Antwerpseweg 195,2023-07-28,02:00:00,0,0,0,FMN GV 10 Beerse
39,Antwerpseweg 195,2023-07-28,03:00:00,0,0,0,FMN GV 10 Beerse
39,Antwerpseweg 195,2023-07-28,04:00:00,1,1,0,FMN GV 10 Beerse
39,Antwerpseweg 195,2023-07-28,05:00:00,11,11,0,FMN GV 10 Beerse
39,Antwerpseweg 195,2023-07-28,06:00:00,9,9,0,FMN GV 10 Beerse
39,Antwerpseweg 195,2023-07-28,07:00:00,21,17,4,FMN GV 10 Beerse
39,Antwerpseweg 195,2023-07-28,08:00:00,16,16,0,FMN GV 10 Beerse
39,Antwerpseweg 195,2023-07-28,09:00:00,9,7,2,FMN GV 10 Beerse
39,Antwerpseweg 195,2023-07-28,10:00:00,17,6,11,FMN GV 10 Beerse
39,Antwerpseweg 195,2023-07-28,11:00:00,4,4,0,FMN GV 10 Beerse
39,Antwerpseweg 195,2023-07-28,12:00:00,20,12,8,FMN GV 10 Beerse
39,Antwerpseweg 195,2023-07-28,13:00:00,25,21,4,FMN GV 10 Beerse
39,Antwerpseweg 195,2023-07-28,14:00:00,35,16,19,FMN GV 10 Beerse
39,Antwerpseweg 195,2023-07-28,15:00:00,39,26,13,FMN GV 10 Beerse
39,Antwerpseweg 195,2023-07-28,16:00:00,24,16,8,FMN GV 10 Beerse
39,Antwerpseweg 195,2023-07-28,17:00:00,26,12,14,FMN GV 10 Beerse
39,Antwerpseweg 195,2023-07-28,18:00:00,23,11,12,FMN GV 10 Beerse
39,Antwerpseweg 195,2023-07-28,19:00:00,10,5,5,FMN GV 10 Beerse
39,Antwerpseweg 195,2023-07-28,20:00:00,11,4,7,FMN GV 10 Beerse
39,Antwerpseweg 195,2023-07-28,21:00:00,3,2,1,FMN GV 10 Beerse
39,Antwerpseweg 195,2023-07-28,22:00:00,3,2,1,FMN GV 10 Beerse
39,Antwerpseweg 195,2023-07-28,23:00:00,0,0,0,FMN GV 10 Beerse
39,Antwerpseweg 195,2023-07-29,00:00:00,3,1,2,FMN GV 10 Beerse
39,Antwerpseweg 195,2023-07-29,01:00:00,4,0,4,FMN GV 10 Beerse
39,Antwerpseweg 195,2023-07-29,02:00:00,4,4,0,FMN GV 10 Beerse
39,Antwerpseweg 195,2023-07-29,03:00:00,2,2,0,FMN GV 10 Beerse
39,Antwerpseweg 195,2023-07-29,04:00:00,1,1,0,FMN GV 10 Beerse
39,Antwerpseweg 195,2023-07-29,05:00:00,4,4,0,FMN GV 10 Beerse
39,Antwerpseweg 195,2023-07-29,06:00:00,0,0,0,FMN GV 10 Beerse
39,Antwerpseweg 195,2023-07-29,07:00:00,3,3,0,FMN GV 10 Beerse
39,Antwerpseweg 195,2023-07-29,08:00:00,12,8,4,FMN GV 10 Beerse
39,Antwerpseweg 195,2023-07-29,09:00:00,10,9,1,FMN GV 10 Beerse
39,Antwerpseweg 195,2023-07-29,10:00:00,20,9,11,FMN GV 10 Beerse
39,Antwerpseweg 195,2023-07-29,11:00:00,21,13,8,FMN GV 10 Beerse
39,Antwerpseweg 195,2023-07-29,12:00:00,20,11,9,FMN GV 10 Beerse
39,Antwerpseweg 195,2023-07-29,13:00:00,6,5,1,FMN GV 10 Beerse
39,Antwerpseweg 195,2023-07-29,14:00:00,6,3,3,FMN GV 10 Beerse
39,Antwerpseweg 195,2023-07-29,15:00:00,16,9,7,FMN GV 10 Beerse
39,Antwerpseweg 195,2023-07-29,16:00:00,12,6,6,FMN GV 10 Beerse
39,Antwerpseweg 195,2023-07-29,17:00:00,19,13,6,FMN GV 10 Beerse
39,Antwerpseweg 195,2023-07-29,18:00:00,13,10,3,FMN GV 10 Beerse
39,Antwerpseweg 195,2023-07-29,19:00:00,20,16,4,FMN GV 10 Beerse
39,Antwerpseweg 195,2023-07-29,20:00:00,11,7,4,FMN GV 10 Beerse
39,Antwerpseweg 195,2023-07-29,21:00:00,8,5,3,FMN GV 10 Beerse
39,Antwerpseweg 195,2023-07-29,22:00:00,1,1,0,FMN GV 10 Beerse
39,Antwerpseweg 195,2023-07-29,23:00:00,3,3,0,FMN GV 10 Beerse
39,Antwerpseweg 195,2023-07-30,00:00:00,6,2,4,FMN GV 10 Beerse
39,Antwerpseweg 195,2023-07-30,01:00:00,3,3,0,FMN GV 10 Beerse
39,Antwerpseweg 195,2023-07-30,02:00:00,8,2,6,FMN GV 10 Beerse
39,Antwerpseweg 195,2023-07-30,03:00:00,5,4,1,FMN GV 10 Beerse
39,Antwerpseweg 195,2023-07-30,04:00:00,2,0,2,FMN GV 10 Beerse
39,Antwerpseweg 195,2023-07-30,05:00:00,2,2,0,FMN GV 10 Beerse
39,Antwerpseweg 195,2023-07-30,06:00:00,2,2,0,FMN GV 10 Beerse
39,Antwerpseweg 195,2023-07-30,07:00:00,6,2,4,FMN GV 10 Beerse
39,Antwerpseweg 195,2023-07-30,08:00:00,13,8,5,FMN GV 10 Beerse
39,Antwerpseweg 195,2023-07-30,09:00:00,11,5,6,FMN GV 10 Beerse
39,Antwerpseweg 195,2023-07-30,10:00:00,26,12,14,FMN GV 10 Beerse
39,Antwerpseweg 195,2023-07-30,11:00:00,32,13,19,FMN GV 10 Beerse
39,Antwerpseweg 195,2023-07-30,12:00:00,12,8,4,FMN GV 10 Beerse
39,Antwerpseweg 195,2023-07-30,13:00:00,43,31,12,FMN GV 10 Beerse
39,Antwerpseweg 195,2023-07-30,14:00:00,58,39,19,FMN GV 10 Beerse
39,Antwerpseweg 195,2023-07-30,15:00:00,45,20,25,FMN GV 10 Beerse
39,Antwerpseweg 195,2023-07-30,16:00:00,33,14,19,FMN GV 10 Beerse
39,Antwerpseweg 195,2023-07-30,17:00:00,36,18,18,FMN GV 10 Beerse
39,Antwerpseweg 195,2023-07-30,18:00:00,18,11,7,FMN GV 10 Beerse
39,Antwerpseweg 195,2023-07-30,19:00:00,2,1,1,FMN GV 10 Beerse
39,Antwerpseweg 195,2023-07-30,20:00:00,3,1,2,FMN GV 10 Beerse
39,Antwerpseweg 195,2023-07-30,21:00:00,8,7,1,FMN GV 10 Beerse
39,Antwerpseweg 195,2023-07-30,22:00:00,1,1,0,FMN GV 10 Beerse
39,Antwerpseweg 195,2023-07-30,23:00:00,1,1,0,FMN GV 10 Beerse
39,Antwerpseweg 195,2023-07-31,00:00:00,0,0,0,FMN GV 10 Beerse
39,Antwerpseweg 195,2023-07-31,01:00:00,0,0,0,FMN GV 10 Beerse
39,Antwerpseweg 195,2023-07-31,02:00:00,0,0,0,FMN GV 10 Beerse
39,Antwerpseweg 195,2023-07-31,03:00:00,0,0,0,FMN GV 10 Beerse
39,Antwerpseweg 195,2023-07-31,04:00:00,3,3,0,FMN GV 10 Beerse
39,Antwerpseweg 195,2023-07-31,05:00:00,7,7,0,FMN GV 10 Beerse
39,Antwerpseweg 195,2023-07-31,06:00:00,7,7,0,FMN GV 10 Beerse
39,Antwerpseweg 195,2023-07-31,07:00:00,16,14,2,FMN GV 10 Beerse
39,Antwerpseweg 195,2023-07-31,08:00:00,14,11,3,FMN GV 10 Beerse
39,Antwerpseweg 195,2023-07-31,09:00:00,1,1,0,FMN GV 10 Beerse
39,Antwerpseweg 195,2023-07-31,10:00:00,1,1,0,FMN GV 10 Beerse
39,Antwerpseweg 195,2023-07-31,11:00:00,11,9,2,FMN GV 10 Beerse
39,Antwerpseweg 195,2023-07-31,12:00:00,6,4,2,FMN GV 10 Beerse
39,Antwerpseweg 195,2023-07-31,13:00:00,25,19,6,FMN GV 10 Beerse
39,Antwerpseweg 195,2023-07-31,14:00:00,27,23,4,FMN GV 10 Beerse
39,Antwerpseweg 195,2023-07-31,15:00:00,12,7,5,FMN GV 10 Beerse
39,Antwerpseweg 195,2023-07-31,16:00:00,15,8,7,FMN GV 10 Beerse
39,Antwerpseweg 195,2023-07-31,17:00:00,13,6,7,FMN GV 10 Beerse
39,Antwerpseweg 195,2023-07-31,18:00:00,2,2,0,FMN GV 10 Beerse
39,Antwerpseweg 195,2023-07-31,19:00:00,4,3,1,FMN GV 10 Beerse
39,Antwerpseweg 195,2023-07-31,20:00:00,2,0,2,FMN GV 10 Beerse
39,Antwerpseweg 195,2023-07-31,21:00:00,5,3,2,FMN GV 10 Beerse
39,Antwerpseweg 195,2023-07-31,22:00:00,6,3,3,FMN GV 10 Beerse
39,Antwerpseweg 195,2023-07-31,23:00:00,0,0,0,FMN GV 10 Beerse
39,Antwerpseweg 195,2023-08-01,00:00:00,0,0,0,FMN GV 10 Beerse
39,Antwerpseweg 195,2023-08-01,01:00:00,0,0,0,FMN GV 10 Beerse
39,Antwerpseweg 195,2023-08-01,02:00:00,0,0,0,FMN GV 10 Beerse
39,Antwerpseweg 195,2023-08-01,03:00:00,0,0,0,FMN GV 10 Beerse
39,Antwerpseweg 195,2023-08-01,04:00:00,3,3,0,FMN GV 10 Beerse
39,Antwerpseweg 195,2023-08-01,05:00:00,9,9,0,FMN GV 10 Beerse
39,Antwerpseweg 195,2023-08-01,06:00:00,21,17,4,FMN GV 10 Beerse
39,Antwerpseweg 195,2023-08-01,07:00:00,30,29,1,FMN GV 10 Beerse
39,Antwerpseweg 195,2023-08-01,08:00:00,14,12,2,FMN GV 10 Beerse
39,Antwerpseweg 195,2023-08-01,09:00:00,3,2,1,FMN GV 10 Beerse
39,Antwerpseweg 195,2023-08-01,10:00:00,2,1,1,FMN GV 10 Beerse
39,Antwerpseweg 195,2023-08-01,11:00:00,7,6,1,FMN GV 10 Beerse
39,Antwerpseweg 195,2023-08-01,12:00:00,10,10,0,FMN GV 10 Beerse
39,Antwerpseweg 195,2023-08-01,13:00:00,25,20,5,FMN GV 10 Beerse
39,Antwerpseweg 195,2023-08-01,14:00:00,16,8,8,FMN GV 10 Beerse
39,Antwerpseweg 195,2023-08-01,15:00:00,16,8,8,FMN GV 10 Beerse
39,Antwerpseweg 195,2023-08-01,16:00:00,45,25,20,FMN GV 10 Beerse
39,Antwerpseweg 195,2023-08-01,17:00:00,28,16,12,FMN GV 10 Beerse
39,Antwerpseweg 195,2023-08-01,18:00:00,12,8,4,FMN GV 10 Beerse
39,Antwerpseweg 195,2023-08-01,19:00:00,20,14,6,FMN GV 10 Beerse
39,Antwerpseweg 195,2023-08-01,20:00:00,9,7,2,FMN GV 10 Beerse
39,Antwerpseweg 195,2023-08-01,21:00:00,4,3,1,FMN GV 10 Beerse
39,Antwerpseweg 195,2023-08-01,22:00:00,7,4,3,FMN GV 10 Beerse
39,Antwerpseweg 195,2023-08-01,23:00:00,2,2,0,FMN GV 10 Beerse
39,Antwerpseweg 195,2023-08-02,00:00:00,0,0,0,FMN GV 10 Beerse
39,Antwerpseweg 195,2023-08-02,01:00:00,0,0,0,FMN GV 10 Beerse
39,Antwerpseweg 195,2023-08-02,02:00:00,0,0,0,FMN GV 10 Beerse
39,Antwerpseweg 195,2023-08-02,03:00:00,0,0,0,FMN GV 10 Beerse
39,Antwerpseweg 195,2023-08-02,04:00:00,1,1,0,FMN GV 10 Beerse
39,Antwerpseweg 195,2023-08-02,05:00:00,10,10,0,FMN GV 10 Beerse
39,Antwerpseweg 195,2023-08-02,06:00:00,13,12,1,FMN GV 10 Beerse
39,Antwerpseweg 195,2023-08-02,07:00:00,19,18,1,FMN GV 10 Beerse
39,Antwerpseweg 195,2023-08-02,08:00:00,11,10,1,FMN GV 10 Beerse
39,Antwerpseweg 195,2023-08-02,09:00:00,2,1,1,FMN GV 10 Beerse
39,Antwerpseweg 195,2023-08-02,10:00:00,6,5,1,FMN GV 10 Beerse
39,Antwerpseweg 195,2023-08-02,11:00:00,7,7,0,FMN GV 10 Beerse
39,Antwerpseweg 195,2023-08-02,12:00:00,8,5,3,FMN GV 10 Beerse
39,Antwerpseweg 195,2023-08-02,13:00:00,15,12,3,FMN GV 10 Beerse
39,Antwerpseweg 195,2023-08-02,14:00:00,13,8,5,FMN GV 10 Beerse
39,Antwerpseweg 195,2023-08-02,15:00:00,11,9,2,FMN GV 10 Beerse
39,Antwerpseweg 195,2023-08-02,16:00:00,15,9,6,FMN GV 10 Beerse
39,Antwerpseweg 195,2023-08-02,17:00:00,28,14,14,FMN GV 10 Beerse
39,Antwerpseweg 195,2023-08-02,18:00:00,4,1,3,FMN GV 10 Beerse
39,Antwerpseweg 195,2023-08-02,19:00:00,1,0,1,FMN GV 10 Beerse
39,Antwerpseweg 195,2023-08-02,20:00:00,13,8,5,FMN GV 10 Beerse
39,Antwerpseweg 195,2023-08-02,21:00:00,2,2,0,FMN GV 10 Beerse
39,Antwerpseweg 195,2023-08-02,22:00:00,6,4,2,FMN GV 10 Beerse
39,Antwerpseweg 195,2023-08-02,23:00:00,2,2,0,FMN GV 10 Beerse
39,Antwerpseweg 195,2023-08-03,00:00:00,1,1,0,FMN GV 10 Beerse
39,Antwerpseweg 195,2023-08-03,01:00:00,2,1,1,FMN GV 10 Beerse
39,Antwerpseweg 195,2023-08-03,02:00:00,0,0,0,FMN GV 10 Beerse
39,Antwerpseweg 195,2023-08-03,03:00:00,0,0,0,FMN GV 10 Beerse
39,Antwerpseweg 195,2023-08-03,04:00:00,2,2,0,FMN GV 10 Beerse
39,Antwerpseweg 195,2023-08-03,05:00:00,10,10,0,FMN GV 10 Beerse
39,Antwerpseweg 195,2023-08-03,06:00:00,8,7,1,FMN GV 10 Beerse
39,Antwerpseweg 195,2023-08-03,07:00:00,17,16,1,FMN GV 10 Beerse
39,Antwerpseweg 195,2023-08-03,08:00:00,11,10,1,FMN GV 10 Beerse
39,Antwerpseweg 195,2023-08-03,09:00:00,4,2,2,FMN GV 10 Beerse
39,Antwerpseweg 195,2023-08-03,10:00:00,4,2,2,FMN GV 10 Beerse
39,Antwerpseweg 195,2023-08-03,11:00:00,5,5,0,FMN GV 10 Beerse
39,Antwerpseweg 195,2023-08-03,12:00:00,9,9,0,FMN GV 10 Beerse
39,Antwerpseweg 195,2023-08-03,13:00:00,8,6,2,FMN GV 10 Beerse
39,Antwerpseweg 195,2023-08-03,14:00:00,4,4,0,FMN GV 10 Beerse
39,Antwerpseweg 195,2023-08-03,15:00:00,10,9,1,FMN GV 10 Beerse
39,Antwerpseweg 195,2023-08-03,16:00:00,14,10,4,FMN GV 10 Beerse
39,Antwerpseweg 195,2023-08-03,17:00:00,17,5,12,FMN GV 10 Beerse
39,Antwerpseweg 195,2023-08-03,18:00:00,10,8,2,FMN GV 10 Beerse
39,Antwerpseweg 195,2023-08-03,19:00:00,18,10,8,FMN GV 10 Beerse
39,Antwerpseweg 195,2023-08-03,20:00:00,18,7,11,FMN GV 10 Beerse
39,Antwerpseweg 195,2023-08-03,21:00:00,6,5,1,FMN GV 10 Beerse
39,Antwerpseweg 195,2023-08-03,22:00:00,3,2,1,FMN GV 10 Beerse
39,Antwerpseweg 195,2023-08-03,23:00:00,0,0,0,FMN GV 10 Beerse
39,Antwerpseweg 195,2023-08-04,00:00:00,1,1,0,FMN GV 10 Beerse
39,Antwerpseweg 195,2023-08-04,01:00:00,1,0,1,FMN GV 10 Beerse
39,Antwerpseweg 195,2023-08-04,02:00:00,1,1,0,FMN GV 10 Beerse
39,Antwerpseweg 195,2023-08-04,03:00:00,0,0,0,FMN GV 10 Beerse
39,Antwerpseweg 195,2023-08-04,04:00:00,3,3,0,FMN GV 10 Beerse
39,Antwerpseweg 195,2023-08-04,05:00:00,10,10,0,FMN GV 10 Beerse
39,Antwerpseweg 195,2023-08-04,06:00:00,14,14,0,FMN GV 10 Beerse
39,Antwerpseweg 195,2023-08-04,07:00:00,17,15,2,FMN GV 10 Beerse
39,Antwerpseweg 195,2023-08-04,08:00:00,5,5,0,FMN GV 10 Beerse
39,Antwerpseweg 195,2023-08-04,09:00:00,11,6,5,FMN GV 10 Beerse
39,Antwerpseweg 195,2023-08-04,10:00:00,5,4,1,FMN GV 10 Beerse
39,Antwerpseweg 195,2023-08-04,11:00:00,10,9,1,FMN GV 10 Beerse
39,Antwerpseweg 195,2023-08-04,12:00:00,11,10,1,FMN GV 10 Beerse
39,Antwerpseweg 195,2023-08-04,13:00:00,14,11,3,FMN GV 10 Beerse
39,Antwerpseweg 195,2023-08-04,14:00:00,19,12,7,FMN GV 10 Beerse
39,Antwerpseweg 195,2023-08-04,15:00:00,29,20,9,FMN GV 10 Beerse
39,Antwerpseweg 195,2023-08-04,16:00:00,25,15,10,FMN GV 10 Beerse
39,Antwerpseweg 195,2023-08-04,17:00:00,11,7,4,FMN GV 10 Beerse
39,Antwerpseweg 195,2023-08-04,18:00:00,16,11,5,FMN GV 10 Beerse
39,Antwerpseweg 195,2023-08-04,19:00:00,11,5,6,FMN GV 10 Beerse
39,Antwerpseweg 195,2023-08-04,20:00:00,9,5,4,FMN GV 10 Beerse
39,Antwerpseweg 195,2023-08-04,21:00:00,8,5,3,FMN GV 10 Beerse
39,Antwerpseweg 195,2023-08-04,22:00:00,6,3,3,FMN GV 10 Beerse
39,Antwerpseweg 195,2023-08-04,23:00:00,0,0,0,FMN GV 10 Beerse
39,Antwerpseweg 195,2023-08-05,00:00:00,5,3,2,FMN GV 10 Beerse
39,Antwerpseweg 195,2023-08-05,01:00:00,4,4,0,FMN GV 10 Beerse
39,Antwerpseweg 195,2023-08-05,02:00:00,2,1,1,FMN GV 10 Beerse
39,Antwerpseweg 195,2023-08-05,03:00:00,0,0,0,FMN GV 10 Beerse
39,Antwerpseweg 195,2023-08-05,04:00:00,0,0,0,FMN GV 10 Beerse
39,Antwerpseweg 195,2023-08-05,05:00:00,4,4,0,FMN GV 10 Beerse
39,Antwerpseweg 195,2023-08-05,06:00:00,5,5,0,FMN GV 10 Beerse
39,Antwerpseweg 195,2023-08-05,07:00:00,9,6,3,FMN GV 10 Beerse
39,Antwerpseweg 195,2023-08-05,08:00:00,8,5,3,FMN GV 10 Beerse
39,Antwerpseweg 195,2023-08-05,09:00:00,10,6,4,FMN GV 10 Beerse
39,Antwerpseweg 195,2023-08-05,10:00:00,17,12,5,FMN GV 10 Beerse
39,Antwerpseweg 195,2023-08-05,11:00:00,12,9,3,FMN GV 10 Beerse
39,Antwerpseweg 195,2023-08-05,12:00:00,14,9,5,FMN GV 10 Beerse
39,Antwerpseweg 195,2023-08-05,13:00:00,6,5,1,FMN GV 10 Beerse
39,Antwerpseweg 195,2023-08-05,14:00:00,2,1,1,FMN GV 10 Beerse
39,Antwerpseweg 195,2023-08-05,15:00:00,2,2,0,FMN GV 10 Beerse
39,Antwerpseweg 195,2023-08-05,16:00:00,2,1,1,FMN GV 10 Beerse
39,Antwerpseweg 195,2023-08-05,17:00:00,4,3,1,FMN GV 10 Beerse
39,Antwerpseweg 195,2023-08-05,18:00:00,2,2,0,FMN GV 10 Beerse
39,Antwerpseweg 195,2023-08-05,19:00:00,5,2,3,FMN GV 10 Beerse
39,Antwerpseweg 195,2023-08-05,20:00:00,2,2,0,FMN GV 10 Beerse
39,Antwerpseweg 195,2023-08-05,21:00:00,2,1,1,FMN GV 10 Beerse
39,Antwerpseweg 195,2023-08-05,22:00:00,2,1,1,FMN GV 10 Beerse
39,Antwerpseweg 195,2023-08-05,23:00:00,1,1,0,FMN GV 10 Beerse
39,Antwerpseweg 195,2023-08-06,00:00:00,0,0,0,FMN GV 10 Beerse
39,Antwerpseweg 195,2023-08-06,01:00:00,1,1,0,FMN GV 10 Beerse
39,Antwerpseweg 195,2023-08-06,02:00:00,0,0,0,FMN GV 10 Beerse
39,Antwerpseweg 195,2023-08-06,03:00:00,1,1,0,FMN GV 10 Beerse
39,Antwerpseweg 195,2023-08-06,04:00:00,0,0,0,FMN GV 10 Beerse
39,Antwerpseweg 195,2023-08-06,05:00:00,2,2,0,FMN GV 10 Beerse
39,Antwerpseweg 195,2023-08-06,06:00:00,1,1,0,FMN GV 10 Beerse
39,Antwerpseweg 195,2023-08-06,07:00:00,0,0,0,FMN GV 10 Beerse
39,Antwerpseweg 195,2023-08-06,08:00:00,0,0,0,FMN GV 10 Beerse
39,Antwerpseweg 195,2023-08-06,09:00:00,2,1,1,FMN GV 10 Beerse
39,Antwerpseweg 195,2023-08-06,10:00:00,0,0,0,FMN GV 10 Beerse
39,Antwerpseweg 195,2023-08-06,11:00:00,1,1,0,FMN GV 10 Beerse
39,Antwerpseweg 195,2023-08-06,12:00:00,1,1,0,FMN GV 10 Beerse
39,Antwerpseweg 195,2023-08-06,13:00:00,5,4,1,FMN GV 10 Beerse
39,Antwerpseweg 195,2023-08-06,14:00:00,2,2,0,FMN GV 10 Beerse
39,Antwerpseweg 195,2023-08-06,15:00:00,5,1,4,FMN GV 10 Beerse
39,Antwerpseweg 195,2023-08-06,16:00:00,4,2,2,FMN GV 10 Beerse
39,Antwerpseweg 195,2023-08-06,17:00:00,0,0,0,FMN GV 10 Beerse
39,Antwerpseweg 195,2023-08-06,18:00:00,2,1,1,FMN GV 10 Beerse
39,Antwerpseweg 195,2023-08-06,19:00:00,3,3,0,FMN GV 10 Beerse
39,Antwerpseweg 195,2023-08-06,20:00:00,1,1,0,FMN GV 10 Beerse
39,Antwerpseweg 195,2023-08-06,21:00:00,3,3,0,FMN GV 10 Beerse
39,Antwerpseweg 195,2023-08-06,22:00:00,1,1,0,FMN GV 10 Beerse
39,Antwerpseweg 195,2023-08-06,23:00:00,0,0,0,FMN GV 10 Beerse
39,Antwerpseweg 195,2023-08-07,00:00:00,1,1,0,FMN GV 10 Beerse
39,Antwerpseweg 195,2023-08-07,01:00:00,0,0,0,FMN GV 10 Beerse
39,Antwerpseweg 195,2023-08-07,02:00:00,0,0,0,FMN GV 10 Beerse
39,Antwerpseweg 195,2023-08-07,03:00:00,0,0,0,FMN GV 10 Beerse
39,Antwerpseweg 195,2023-08-07,04:00:00,3,3,0,FMN GV 10 Beerse
39,Antwerpseweg 195,2023-08-07,05:00:00,17,17,0,FMN GV 10 Beerse
39,Antwerpseweg 195,2023-08-07,06:00:00,12,11,1,FMN GV 10 Beerse
39,Antwerpseweg 195,2023-08-07,07:00:00,32,29,3,FMN GV 10 Beerse
39,Antwerpseweg 195,2023-08-07,08:00:00,27,24,3,FMN GV 10 Beerse
39,Antwerpseweg 195,2023-08-07,09:00:00,9,8,1,FMN GV 10 Beerse
39,Antwerpseweg 195,2023-08-07,10:00:00,11,6,5,FMN GV 10 Beerse
39,Antwerpseweg 195,2023-08-07,11:00:00,14,12,2,FMN GV 10 Beerse
39,Antwerpseweg 195,2023-08-07,12:00:00,10,8,2,FMN GV 10 Beerse
39,Antwerpseweg 195,2023-08-07,13:00:00,29,26,3,FMN GV 10 Beerse
39,Antwerpseweg 195,2023-08-07,14:00:00,27,17,10,FMN GV 10 Beerse
39,Antwerpseweg 195,2023-08-07,15:00:00,33,18,15,FMN GV 10 Beerse
39,Antwerpseweg 195,2023-08-07,16:00:00,34,24,10,FMN GV 10 Beerse
39,Antwerpseweg 195,2023-08-07,17:00:00,31,20,11,FMN GV 10 Beerse
39,Antwerpseweg 195,2023-08-07,18:00:00,15,8,7,FMN GV 10 Beerse
39,Antwerpseweg 195,2023-08-07,19:00:00,10,8,2,FMN GV 10 Beerse
39,Antwerpseweg 195,2023-08-07,20:00:00,11,6,5,FMN GV 10 Beerse
39,Antwerpseweg 195,2023-08-07,21:00:00,12,8,4,FMN GV 10 Beerse
39,Antwerpseweg 195,2023-08-07,22:00:00,6,3,3,FMN GV 10 Beerse
39,Antwerpseweg 195,2023-08-07,23:00:00,3,3,0,FMN GV 10 Beerse
39,Antwerpseweg 195,2023-08-08,00:00:00,1,0,1,FMN GV 10 Beerse
39,Antwerpseweg 195,2023-08-08,01:00:00,0,0,0,FMN GV 10 Beerse
39,Antwerpseweg 195,2023-08-08,02:00:00,1,1,0,FMN GV 10 Beerse
39,Antwerpseweg 195,2023-08-08,03:00:00,0,0,0,FMN GV 10 Beerse
39,Antwerpseweg 195,2023-08-08,04:00:00,2,2,0,FMN GV 10 Beerse
39,Antwerpseweg 195,2023-08-08,05:00:00,14,14,0,FMN GV 10 Beerse
39,Antwerpseweg 195,2023-08-08,06:00:00,16,16,0,FMN GV 10 Beerse
39,Antwerpseweg 195,2023-08-08,07:00:00,48,44,4,FMN GV 10 Beerse
39,Antwerpseweg 195,2023-08-08,08:00:00,24,24,0,FMN GV 10 Beerse
39,Antwerpseweg 195,2023-08-08,09:00:00,24,14,10,FMN GV 10 Beerse
39,Antwerpseweg 195,2023-08-08,10:00:00,10,6,4,FMN GV 10 Beerse
39,Antwerpseweg 195,2023-08-08,11:00:00,13,12,1,FMN GV 10 Beerse
39,Antwerpseweg 195,2023-08-08,12:00:00,27,14,13,FMN GV 10 Beerse
39,Antwerpseweg 195,2023-08-08,13:00:00,22,15,7,FMN GV 10 Beerse
39,Antwerpseweg 195,2023-08-08,14:00:00,22,12,10,FMN GV 10 Beerse
39,Antwerpseweg 195,2023-08-08,15:00:00,29,14,15,FMN GV 10 Beerse
39,Antwerpseweg 195,2023-08-08,16:00:00,62,35,27,FMN GV 10 Beerse
39,Antwerpseweg 195,2023-08-08,17:00:00,32,18,14,FMN GV 10 Beerse
39,Antwerpseweg 195,2023-08-08,18:00:00,15,11,4,FMN GV 10 Beerse
39,Antwerpseweg 195,2023-08-08,19:00:00,7,5,2,FMN GV 10 Beerse
39,Antwerpseweg 195,2023-08-08,20:00:00,5,5,0,FMN GV 10 Beerse
39,Antwerpseweg 195,2023-08-08,21:00:00,3,2,1,FMN GV 10 Beerse
39,Antwerpseweg 195,2023-08-08,22:00:00,5,4,1,FMN GV 10 Beerse
39,Antwerpseweg 195,2023-08-08,23:00:00,1,1,0,FMN GV 10 Beerse
39,Antwerpseweg 195,2023-08-09,00:00:00,0,0,0,FMN GV 10 Beerse
39,Antwerpseweg 195,2023-08-09,01:00:00,0,0,0,FMN GV 10 Beerse
39,Antwerpseweg 195,2023-08-09,02:00:00,0,0,0,FMN GV 10 Beerse
39,Antwerpseweg 195,2023-08-09,03:00:00,0,0,0,FMN GV 10 Beerse
39,Antwerpseweg 195,2023-08-09,04:00:00,3,3,0,FMN GV 10 Beerse
39,Antwerpseweg 195,2023-08-09,05:00:00,15,15,0,FMN GV 10 Beerse
39,Antwerpseweg 195,2023-08-09,06:00:00,13,12,1,FMN GV 10 Beerse
39,Antwerpseweg 195,2023-08-09,07:00:00,43,40,3,FMN GV 10 Beerse
39,Antwerpseweg 195,2023-08-09,08:00:00,28,21,7,FMN GV 10 Beerse
39,Antwerpseweg 195,2023-08-09,09:00:00,22,17,5,FMN GV 10 Beerse
39,Antwerpseweg 195,2023-08-09,10:00:00,19,15,4,FMN GV 10 Beerse
39,Antwerpseweg 195,2023-08-09,11:00:00,19,14,5,FMN GV 10 Beerse
39,Antwerpseweg 195,2023-08-09,12:00:00,27,14,13,FMN GV 10 Beerse
39,Antwerpseweg 195,2023-08-09,13:00:00,34,24,10,FMN GV 10 Beerse
39,Antwerpseweg 195,2023-08-09,14:00:00,40,25,15,FMN GV 10 Beerse
39,Antwerpseweg 195,2023-08-09,15:00:00,57,46,11,FMN GV 10 Beerse
39,Antwerpseweg 195,2023-08-09,16:00:00,50,33,17,FMN GV 10 Beerse
39,Antwerpseweg 195,2023-08-09,17:00:00,39,23,16,FMN GV 10 Beerse
39,Antwerpseweg 195,2023-08-09,18:00:00,32,24,8,FMN GV 10 Beerse
39,Antwerpseweg 195,2023-08-09,19:00:00,41,22,19,FMN GV 10 Beerse
39,Antwerpseweg 195,2023-08-09,20:00:00,35,28,7,FMN GV 10 Beerse
39,Antwerpseweg 195,2023-08-09,21:00:00,6,4,2,FMN GV 10 Beerse
39,Antwerpseweg 195,2023-08-09,22:00:00,11,10,1,FMN GV 10 Beerse
39,Antwerpseweg 195,2023-08-09,23:00:00,2,1,1,FMN GV 10 Beerse
39,Antwerpseweg 195,2023-08-10,00:00:00,2,2,0,FMN GV 10 Beerse
39,Antwerpseweg 195,2023-08-10,01:00:00,0,0,0,FMN GV 10 Beerse
39,Antwerpseweg 195,2023-08-10,02:00:00,0,0,0,FMN GV 10 Beerse
39,Antwerpseweg 195,2023-08-10,03:00:00,0,0,0,FMN GV 10 Beerse
39,Antwerpseweg 195,2023-08-10,04:00:00,2,2,0,FMN GV 10 Beerse
39,Antwerpseweg 195,2023-08-10,05:00:00,12,12,0,FMN GV 10 Beerse
39,Antwerpseweg 195,2023-08-10,06:00:00,13,12,1,FMN GV 10 Beerse
39,Antwerpseweg 195,2023-08-10,07:00:00,60,56,4,FMN GV 10 Beerse
39,Antwerpseweg 195,2023-08-10,08:00:00,30,23,7,FMN GV 10 Beerse
39,Antwerpseweg 195,2023-08-10,09:00:00,22,14,8,FMN GV 10 Beerse
39,Antwerpseweg 195,2023-08-10,10:00:00,13,13,0,FMN GV 10 Beerse
39,Antwerpseweg 195,2023-08-10,11:00:00,23,22,1,FMN GV 10 Beerse
39,Antwerpseweg 195,2023-08-10,12:00:00,30,21,9,FMN GV 10 Beerse
39,Antwerpseweg 195,2023-08-10,13:00:00,43,32,11,FMN GV 10 Beerse
39,Antwerpseweg 195,2023-08-10,14:00:00,45,28,17,FMN GV 10 Beerse
39,Antwerpseweg 195,2023-08-10,15:00:00,61,45,16,FMN GV 10 Beerse
39,Antwerpseweg 195,2023-08-10,16:00:00,64,45,19,FMN GV 10 Beerse
39,Antwerpseweg 195,2023-08-10,17:00:00,52,35,17,FMN GV 10 Beerse
39,Antwerpseweg 195,2023-08-10,18:00:00,20,13,7,FMN GV 10 Beerse
39,Antwerpseweg 195,2023-08-10,19:00:00,23,18,5,FMN GV 10 Beerse
39,Antwerpseweg 195,2023-08-10,20:00:00,18,14,4,FMN GV 10 Beerse
39,Antwerpseweg 195,2023-08-10,21:00:00,9,7,2,FMN GV 10 Beerse
39,Antwerpseweg 195,2023-08-10,22:00:00,19,15,4,FMN GV 10 Beerse
39,Antwerpseweg 195,2023-08-10,23:00:00,21,19,2,FMN GV 10 Beerse
39,Antwerpseweg 195,2023-08-11,00:00:00,8,8,0,FMN GV 10 Beerse
39,Antwerpseweg 195,2023-08-11,01:00:00,0,0,0,FMN GV 10 Beerse
39,Antwerpseweg 195,2023-08-11,02:00:00,4,4,0,FMN GV 10 Beerse
39,Antwerpseweg 195,2023-08-11,03:00:00,0,0,0,FMN GV 10 Beerse
39,Antwerpseweg 195,2023-08-11,04:00:00,4,4,0,FMN GV 10 Beerse
39,Antwerpseweg 195,2023-08-11,05:00:00,14,14,0,FMN GV 10 Beerse
39,Antwerpseweg 195,2023-08-11,06:00:00,18,17,1,FMN GV 10 Beerse
39,Antwerpseweg 195,2023-08-11,07:00:00,34,28,6,FMN GV 10 Beerse
39,Antwerpseweg 195,2023-08-11,08:00:00,29,24,5,FMN GV 10 Beerse
39,Antwerpseweg 195,2023-08-11,09:00:00,12,10,2,FMN GV 10 Beerse
39,Antwerpseweg 195,2023-08-11,10:00:00,22,17,5,FMN GV 10 Beerse
39,Antwerpseweg 195,2023-08-11,11:00:00,20,13,7,FMN GV 10 Beerse
39,Antwerpseweg 195,2023-08-11,12:00:00,32,20,12,FMN GV 10 Beerse
39,Antwerpseweg 195,2023-08-11,13:00:00,61,43,18,FMN GV 10 Beerse
39,Antwerpseweg 195,2023-08-11,14:00:00,70,48,22,FMN GV 10 Beerse
39,Antwerpseweg 195,2023-08-11,15:00:00,35,25,10,FMN GV 10 Beerse
39,Antwerpseweg 195,2023-08-11,16:00:00,78,37,41,FMN GV 10 Beerse
39,Antwerpseweg 195,2023-08-11,17:00:00,30,15,15,FMN GV 10 Beerse
39,Antwerpseweg 195,2023-08-11,18:00:00,18,11,7,FMN GV 10 Beerse
39,Antwerpseweg 195,2023-08-11,19:00:00,22,20,2,FMN GV 10 Beerse
39,Antwerpseweg 195,2023-08-11,20:00:00,21,17,4,FMN GV 10 Beerse
39,Antwerpseweg 195,2023-08-11,21:00:00,12,9,3,FMN GV 10 Beerse
39,Antwerpseweg 195,2023-08-11,22:00:00,8,6,2,FMN GV 10 Beerse
39,Antwerpseweg 195,2023-08-11,23:00:00,2,1,1,FMN GV 10 Beerse
39,Antwerpseweg 195,2023-08-12,00:00:00,8,0,8,FMN GV 10 Beerse
39,Antwerpseweg 195,2023-08-12,01:00:00,4,0,4,FMN GV 10 Beerse
39,Antwerpseweg 195,2023-08-12,02:00:00,3,1,2,FMN GV 10 Beerse
39,Antwerpseweg 195,2023-08-12,03:00:00,3,1,2,FMN GV 10 Beerse
39,Antwerpseweg 195,2023-08-12,04:00:00,3,1,2,FMN GV 10 Beerse
39,Antwerpseweg 195,2023-08-12,05:00:00,6,2,4,FMN GV 10 Beerse
39,Antwerpseweg 195,2023-08-12,06:00:00,1,1,0,FMN GV 10 Beerse
39,Antwerpseweg 195,2023-08-12,07:00:00,2,1,1,FMN GV 10 Beerse
39,Antwerpseweg 195,2023-08-12,08:00:00,4,4,0,FMN GV 10 Beerse
39,Antwerpseweg 195,2023-08-12,09:00:00,4,4,0,FMN GV 10 Beerse
39,Antwerpseweg 195,2023-08-12,10:00:00,3,2,1,FMN GV 10 Beerse
39,Antwerpseweg 195,2023-08-12,11:00:00,6,5,1,FMN GV 10 Beerse
39,Antwerpseweg 195,2023-08-12,12:00:00,15,11,4,FMN GV 10 Beerse
39,Antwerpseweg 195,2023-08-12,13:00:00,41,21,20,FMN GV 10 Beerse
39,Antwerpseweg 195,2023-08-12,14:00:00,23,12,11,FMN GV 10 Beerse
39,Antwerpseweg 195,2023-08-12,15:00:00,43,25,18,FMN GV 10 Beerse
39,Antwerpseweg 195,2023-08-12,16:00:00,46,30,16,FMN GV 10 Beerse
39,Antwerpseweg 195,2023-08-12,17:00:00,29,17,12,FMN GV 10 Beerse
39,Antwerpseweg 195,2023-08-12,18:00:00,17,11,6,FMN GV 10 Beerse
39,Antwerpseweg 195,2023-08-12,19:00:00,25,13,12,FMN GV 10 Beerse
39,Antwerpseweg 195,2023-08-12,20:00:00,7,2,5,FMN GV 10 Beerse
39,Antwerpseweg 195,2023-08-12,21:00:00,13,9,4,FMN GV 10 Beerse
39,Antwerpseweg 195,2023-08-12,22:00:00,4,4,0,FMN GV 10 Beerse
39,Antwerpseweg 195,2023-08-12,23:00:00,3,2,1,FMN GV 10 Beerse
39,Antwerpseweg 195,2023-08-13,00:00:00,7,4,3,FMN GV 10 Beerse
39,Antwerpseweg 195,2023-08-13,01:00:00,3,3,0,FMN GV 10 Beerse
39,Antwerpseweg 195,2023-08-13,02:00:00,3,3,0,FMN GV 10 Beerse
39,Antwerpseweg 195,2023-08-13,03:00:00,1,0,1,FMN GV 10 Beerse
39,Antwerpseweg 195,2023-08-13,04:00:00,1,1,0,FMN GV 10 Beerse
39,Antwerpseweg 195,2023-08-13,05:00:00,2,2,0,FMN GV 10 Beerse
39,Antwerpseweg 195,2023-08-13,06:00:00,1,1,0,FMN GV 10 Beerse
39,Antwerpseweg 195,2023-08-13,07:00:00,1,0,1,FMN GV 10 Beerse
39,Antwerpseweg 195,2023-08-13,08:00:00,8,6,2,FMN GV 10 Beerse
39,Antwerpseweg 195,2023-08-13,09:00:00,17,11,6,FMN GV 10 Beerse
39,Antwerpseweg 195,2023-08-13,10:00:00,14,11,3,FMN GV 10 Beerse
39,Antwerpseweg 195,2023-08-13,11:00:00,17,11,6,FMN GV 10 Beerse
39,Antwerpseweg 195,2023-08-13,12:00:00,22,16,6,FMN GV 10 Beerse
39,Antwerpseweg 195,2023-08-13,13:00:00,50,31,19,FMN GV 10 Beerse
39,Antwerpseweg 195,2023-08-13,14:00:00,46,27,19,FMN GV 10 Beerse
39,Antwerpseweg 195,2023-08-13,15:00:00,89,53,36,FMN GV 10 Beerse
39,Antwerpseweg 195,2023-08-13,16:00:00,34,23,11,FMN GV 10 Beerse
39,Antwerpseweg 195,2023-08-13,17:00:00,22,16,6,FMN GV 10 Beerse
39,Antwerpseweg 195,2023-08-13,18:00:00,48,37,11,FMN GV 10 Beerse
39,Antwerpseweg 195,2023-08-13,19:00:00,27,20,7,FMN GV 10 Beerse
39,Antwerpseweg 195,2023-08-13,20:00:00,26,18,8,FMN GV 10 Beerse
39,Antwerpseweg 195,2023-08-13,21:00:00,11,3,8,FMN GV 10 Beerse
39,Antwerpseweg 195,2023-08-13,22:00:00,8,6,2,FMN GV 10 Beerse
39,Antwerpseweg 195,2023-08-13,23:00:00,5,4,1,FMN GV 10 Beerse
39,Antwerpseweg 195,2023-08-14,00:00:00,5,2,3,FMN GV 10 Beerse
39,Antwerpseweg 195,2023-08-14,01:00:00,2,1,1,FMN GV 10 Beerse
39,Antwerpseweg 195,2023-08-14,02:00:00,0,0,0,FMN GV 10 Beerse
39,Antwerpseweg 195,2023-08-14,03:00:00,0,0,0,FMN GV 10 Beerse
39,Antwerpseweg 195,2023-08-14,04:00:00,4,3,1,FMN GV 10 Beerse
39,Antwerpseweg 195,2023-08-14,05:00:00,2,2,0,FMN GV 10 Beerse
39,Antwerpseweg 195,2023-08-14,06:00:00,8,8,0,FMN GV 10 Beerse
39,Antwerpseweg 195,2023-08-14,07:00:00,19,17,2,FMN GV 10 Beerse
39,Antwerpseweg 195,2023-08-14,08:00:00,16,13,3,FMN GV 10 Beerse
39,Antwerpseweg 195,2023-08-14,09:00:00,17,12,5,FMN GV 10 Beerse
39,Antwerpseweg 195,2023-08-14,10:00:00,15,12,3,FMN GV 10 Beerse
39,Antwerpseweg 195,2023-08-14,11:00:00,15,12,3,FMN GV 10 Beerse
39,Antwerpseweg 195,2023-08-14,12:00:00,28,25,3,FMN GV 10 Beerse
39,Antwerpseweg 195,2023-08-14,13:00:00,41,32,9,FMN GV 10 Beerse
39,Antwerpseweg 195,2023-08-14,14:00:00,52,29,23,FMN GV 10 Beerse
39,Antwerpseweg 195,2023-08-14,15:00:00,69,52,17,FMN GV 10 Beerse
39,Antwerpseweg 195,2023-08-14,16:00:00,52,29,23,FMN GV 10 Beerse
39,Antwerpseweg 195,2023-08-14,17:00:00,45,26,19,FMN GV 10 Beerse
39,Antwerpseweg 195,2023-08-14,18:00:00,36,28,8,FMN GV 10 Beerse
39,Antwerpseweg 195,2023-08-14,19:00:00,25,17,8,FMN GV 10 Beerse
39,Antwerpseweg 195,2023-08-14,20:00:00,28,13,15,FMN GV 10 Beerse
39,Antwerpseweg 195,2023-08-14,21:00:00,8,4,4,FMN GV 10 Beerse
39,Antwerpseweg 195,2023-08-14,22:00:00,17,13,4,FMN GV 10 Beerse
39,Antwerpseweg 195,2023-08-14,23:00:00,1,0,1,FMN GV 10 Beerse
39,Antwerpseweg 195,2023-08-15,00:00:00,3,2,1,FMN GV 10 Beerse
39,Antwerpseweg 195,2023-08-15,01:00:00,2,2,0,FMN GV 10 Beerse
39,Antwerpseweg 195,2023-08-15,02:00:00,0,0,0,FMN GV 10 Beerse
39,Antwerpseweg 195,2023-08-15,03:00:00,2,2,0,FMN GV 10 Beerse
39,Antwerpseweg 195,2023-08-15,04:00:00,2,2,0,FMN GV 10 Beerse
39,Antwerpseweg 195,2023-08-15,05:00:00,1,1,0,FMN GV 10 Beerse
39,Antwerpseweg 195,2023-08-15,06:00:00,4,4,0,FMN GV 10 Beerse
39,Antwerpseweg 195,2023-08-15,07:00:00,2,0,2,FMN GV 10 Beerse
39,Antwerpseweg 195,2023-08-15,08:00:00,10,8,2,FMN GV 10 Beerse
39,Antwerpseweg 195,2023-08-15,09:00:00,14,9,5,FMN GV 10 Beerse
39,Antwerpseweg 195,2023-08-15,10:00:00,31,20,11,FMN GV 10 Beerse
39,Antwerpseweg 195,2023-08-15,11:00:00,28,16,12,FMN GV 10 Beerse
39,Antwerpseweg 195,2023-08-15,12:00:00,31,25,6,FMN GV 10 Beerse
39,Antwerpseweg 195,2023-08-15,13:00:00,40,35,5,FMN GV 10 Beerse
39,Antwerpseweg 195,2023-08-15,14:00:00,47,27,20,FMN GV 10 Beerse
39,Antwerpseweg 195,2023-08-15,15:00:00,59,43,16,FMN GV 10 Beerse
39,Antwerpseweg 195,2023-08-15,16:00:00,60,44,16,FMN GV 10 Beerse
39,Antwerpseweg 195,2023-08-15,17:00:00,26,8,18,FMN GV 10 Beerse
39,Antwerpseweg 195,2023-08-15,18:00:00,39,29,10,FMN GV 10 Beerse
39,Antwerpseweg 195,2023-08-15,19:00:00,28,12,16,FMN GV 10 Beerse
39,Antwerpseweg 195,2023-08-15,20:00:00,34,16,18,FMN GV 10 Beerse
39,Antwerpseweg 195,2023-08-15,21:00:00,12,8,4,FMN GV 10 Beerse
39,Antwerpseweg 195,2023-08-15,22:00:00,2,1,1,FMN GV 10 Beerse
39,Antwerpseweg 195,2023-08-15,23:00:00,2,2,0,FMN GV 10 Beerse
39,Antwerpseweg 195,2023-08-16,00:00:00,0,0,0,FMN GV 10 Beerse
39,Antwerpseweg 195,2023-08-16,01:00:00,2,0,2,FMN GV 10 Beerse
39,Antwerpseweg 195,2023-08-16,02:00:00,0,0,0,FMN GV 10 Beerse
39,Antwerpseweg 195,2023-08-16,03:00:00,0,0,0,FMN GV 10 Beerse
39,Antwerpseweg 195,2023-08-16,04:00:00,2,2,0,FMN GV 10 Beerse
39,Antwerpseweg 195,2023-08-16,05:00:00,12,12,0,FMN GV 10 Beerse
39,Antwerpseweg 195,2023-08-16,06:00:00,10,10,0,FMN GV 10 Beerse
39,Antwerpseweg 195,2023-08-16,07:00:00,50,47,3,FMN GV 10 Beerse
39,Antwerpseweg 195,2023-08-16,08:00:00,24,21,3,FMN GV 10 Beerse
39,Antwerpseweg 195,2023-08-16,09:00:00,29,22,7,FMN GV 10 Beerse
39,Antwerpseweg 195,2023-08-16,10:00:00,18,14,4,FMN GV 10 Beerse
39,Antwerpseweg 195,2023-08-16,11:00:00,18,12,6,FMN GV 10 Beerse
39,Antwerpseweg 195,2023-08-16,12:00:00,25,18,7,FMN GV 10 Beerse
39,Antwerpseweg 195,2023-08-16,13:00:00,30,25,5,FMN GV 10 Beerse
39,Antwerpseweg 195,2023-08-16,14:00:00,36,23,13,FMN GV 10 Beerse
39,Antwerpseweg 195,2023-08-16,15:00:00,49,38,11,FMN GV 10 Beerse
39,Antwerpseweg 195,2023-08-16,16:00:00,34,22,12,FMN GV 10 Beerse
39,Antwerpseweg 195,2023-08-16,17:00:00,52,24,28,FMN GV 10 Beerse
39,Antwerpseweg 195,2023-08-16,18:00:00,34,29,5,FMN GV 10 Beerse
39,Antwerpseweg 195,2023-08-16,19:00:00,26,25,1,FMN GV 10 Beerse
39,Antwerpseweg 195,2023-08-16,20:00:00,20,7,13,FMN GV 10 Beerse
39,Antwerpseweg 195,2023-08-16,21:00:00,10,8,2,FMN GV 10 Beerse
39,Antwerpseweg 195,2023-08-16,22:00:00,14,9,5,FMN GV 10 Beerse
39,Antwerpseweg 195,2023-08-16,23:00:00,2,2,0,FMN GV 10 Beerse
39,Antwerpseweg 195,2023-08-17,00:00:00,0,0,0,FMN GV 10 Beerse
39,Antwerpseweg 195,2023-08-17,01:00:00,1,0,1,FMN GV 10 Beerse
39,Antwerpseweg 195,2023-08-17,02:00:00,1,0,1,FMN GV 10 Beerse
39,Antwerpseweg 195,2023-08-17,03:00:00,0,0,0,FMN GV 10 Beerse
39,Antwerpseweg 195,2023-08-17,04:00:00,2,2,0,FMN GV 10 Beerse
39,Antwerpseweg 195,2023-08-17,05:00:00,19,19,0,FMN GV 10 Beerse
39,Antwerpseweg 195,2023-08-17,06:00:00,22,19,3,FMN GV 10 Beerse
39,Antwerpseweg 195,2023-08-17,07:00:00,42,38,4,FMN GV 10 Beerse
39,Antwerpseweg 195,2023-08-17,08:00:00,37,31,6,FMN GV 10 Beerse
39,Antwerpseweg 195,2023-08-17,09:00:00,17,15,2,FMN GV 10 Beerse
39,Antwerpseweg 195,2023-08-17,10:00:00,28,25,3,FMN GV 10 Beerse
39,Antwerpseweg 195,2023-08-17,11:00:00,18,15,3,FMN GV 10 Beerse
39,Antwerpseweg 195,2023-08-17,12:00:00,40,26,14,FMN GV 10 Beerse
39,Antwerpseweg 195,2023-08-17,13:00:00,40,25,15,FMN GV 10 Beerse
39,Antwerpseweg 195,2023-08-17,14:00:00,42,29,13,FMN GV 10 Beerse
39,Antwerpseweg 195,2023-08-17,15:00:00,50,29,21,FMN GV 10 Beerse
39,Antwerpseweg 195,2023-08-17,16:00:00,47,33,14,FMN GV 10 Beerse
39,Antwerpseweg 195,2023-08-17,17:00:00,44,30,14,FMN GV 10 Beerse
39,Antwerpseweg 195,2023-08-17,18:00:00,26,11,15,FMN GV 10 Beerse
39,Antwerpseweg 195,2023-08-17,19:00:00,14,9,5,FMN GV 10 Beerse
39,Antwerpseweg 195,2023-08-17,20:00:00,12,9,3,FMN GV 10 Beerse
39,Antwerpseweg 195,2023-08-17,21:00:00,4,4,0,FMN GV 10 Beerse
39,Antwerpseweg 195,2023-08-17,22:00:00,17,11,6,FMN GV 10 Beerse
39,Antwerpseweg 195,2023-08-17,23:00:00,4,4,0,FMN GV 10 Beerse
39,Antwerpseweg 195,2023-08-18,00:00:00,1,1,0,FMN GV 10 Beerse
39,Antwerpseweg 195,2023-08-18,01:00:00,0,0,0,FMN GV 10 Beerse
39,Antwerpseweg 195,2023-08-18,02:00:00,0,0,0,FMN GV 10 Beerse
39,Antwerpseweg 195,2023-08-18,03:00:00,0,0,0,FMN GV 10 Beerse
39,Antwerpseweg 195,2023-08-18,04:00:00,4,4,0,FMN GV 10 Beerse
39,Antwerpseweg 195,2023-08-18,05:00:00,17,17,0,FMN GV 10 Beerse
39,Antwerpseweg 195,2023-08-18,06:00:00,15,15,0,FMN GV 10 Beerse
39,Antwerpseweg 195,2023-08-18,07:00:00,43,38,5,FMN GV 10 Beerse
39,Antwerpseweg 195,2023-08-18,08:00:00,29,23,6,FMN GV 10 Beerse
39,Antwerpseweg 195,2023-08-18,09:00:00,16,12,4,FMN GV 10 Beerse
39,Antwerpseweg 195,2023-08-18,10:00:00,16,10,6,FMN GV 10 Beerse
39,Antwerpseweg 195,2023-08-18,11:00:00,22,15,7,FMN GV 10 Beerse
39,Antwerpseweg 195,2023-08-18,12:00:00,23,12,11,FMN GV 10 Beerse
39,Antwerpseweg 195,2023-08-18,13:00:00,42,31,11,FMN GV 10 Beerse
39,Antwerpseweg 195,2023-08-18,14:00:00,49,35,14,FMN GV 10 Beerse
39,Antwerpseweg 195,2023-08-18,15:00:00,53,33,20,FMN GV 10 Beerse
39,Antwerpseweg 195,2023-08-18,16:00:00,32,20,12,FMN GV 10 Beerse
39,Antwerpseweg 195,2023-08-18,17:00:00,35,16,19,FMN GV 10 Beerse
39,Antwerpseweg 195,2023-08-18,18:00:00,70,18,52,FMN GV 10 Beerse
39,Antwerpseweg 195,2023-08-18,19:00:00,89,16,73,FMN GV 10 Beerse
39,Antwerpseweg 195,2023-08-18,20:00:00,47,11,36,FMN GV 10 Beerse
39,Antwerpseweg 195,2023-08-18,21:00:00,20,9,11,FMN GV 10 Beerse
39,Antwerpseweg 195,2023-08-18,22:00:00,28,10,18,FMN GV 10 Beerse
39,Antwerpseweg 195,2023-08-18,23:00:00,12,9,3,FMN GV 10 Beerse
39,Antwerpseweg 195,2023-08-19,00:00:00,40,39,1,FMN GV 10 Beerse
39,Antwerpseweg 195,2023-08-19,01:00:00,63,58,5,FMN GV 10 Beerse
39,Antwerpseweg 195,2023-08-19,02:00:00,60,58,2,FMN GV 10 Beerse
39,Antwerpseweg 195,2023-08-19,03:00:00,23,21,2,FMN GV 10 Beerse
39,Antwerpseweg 195,2023-08-19,04:00:00,7,7,0,FMN GV 10 Beerse
39,Antwerpseweg 195,2023-08-19,05:00:00,3,3,0,FMN GV 10 Beerse
39,Antwerpseweg 195,2023-08-19,06:00:00,5,4,1,FMN GV 10 Beerse
39,Antwerpseweg 195,2023-08-19,07:00:00,1,1,0,FMN GV 10 Beerse
39,Antwerpseweg 195,2023-08-19,08:00:00,3,2,1,FMN GV 10 Beerse
39,Antwerpseweg 195,2023-08-19,09:00:00,35,5,30,FMN GV 10 Beerse
39,Antwerpseweg 195,2023-08-19,10:00:00,58,41,17,FMN GV 10 Beerse
39,Antwerpseweg 195,2023-08-19,11:00:00,115,72,43,FMN GV 10 Beerse
39,Antwerpseweg 195,2023-08-19,12:00:00,161,73,88,FMN GV 10 Beerse
39,Antwerpseweg 195,2023-08-19,13:00:00,141,104,37,FMN GV 10 Beerse
39,Antwerpseweg 195,2023-08-19,14:00:00,112,74,38,FMN GV 10 Beerse
39,Antwerpseweg 195,2023-08-19,15:00:00,120,59,61,FMN GV 10 Beerse
39,Antwerpseweg 195,2023-08-19,16:00:00,86,40,46,FMN GV 10 Beerse
39,Antwerpseweg 195,2023-08-19,17:00:00,86,55,31,FMN GV 10 Beerse
39,Antwerpseweg 195,2023-08-19,18:00:00,36,27,9,FMN GV 10 Beerse
39,Antwerpseweg 195,2023-08-19,19:00:00,60,48,12,FMN GV 10 Beerse
39,Antwerpseweg 195,2023-08-19,20:00:00,37,23,14,FMN GV 10 Beerse
39,Antwerpseweg 195,2023-08-19,21:00:00,43,18,25,FMN GV 10 Beerse
39,Antwerpseweg 195,2023-08-19,22:00:00,69,14,55,FMN GV 10 Beerse
39,Antwerpseweg 195,2023-08-19,23:00:00,52,14,38,FMN GV 10 Beerse
39,Antwerpseweg 195,2023-08-20,00:00:00,23,17,6,FMN GV 10 Beerse
39,Antwerpseweg 195,2023-08-20,01:00:00,24,22,2,FMN GV 10 Beerse
39,Antwerpseweg 195,2023-08-20,02:00:00,46,40,6,FMN GV 10 Beerse
39,Antwerpseweg 195,2023-08-20,03:00:00,62,52,10,FMN GV 10 Beerse
39,Antwerpseweg 195,2023-08-20,04:00:00,15,14,1,FMN GV 10 Beerse
39,Antwerpseweg 195,2023-08-20,05:00:00,7,7,0,FMN GV 10 Beerse
39,Antwerpseweg 195,2023-08-20,06:00:00,8,8,0,FMN GV 10 Beerse
39,Antwerpseweg 195,2023-08-20,07:00:00,2,1,1,FMN GV 10 Beerse
39,Antwerpseweg 195,2023-08-20,08:00:00,5,4,1,FMN GV 10 Beerse
39,Antwerpseweg 195,2023-08-20,09:00:00,18,13,5,FMN GV 10 Beerse
39,Antwerpseweg 195,2023-08-20,10:00:00,42,13,29,FMN GV 10 Beerse
39,Antwerpseweg 195,2023-08-20,11:00:00,26,22,4,FMN GV 10 Beerse
39,Antwerpseweg 195,2023-08-20,12:00:00,49,14,35,FMN GV 10 Beerse
39,Antwerpseweg 195,2023-08-20,13:00:00,104,26,78,FMN GV 10 Beerse
39,Antwerpseweg 195,2023-08-20,14:00:00,143,79,64,FMN GV 10 Beerse
39,Antwerpseweg 195,2023-08-20,15:00:00,107,63,44,FMN GV 10 Beerse
39,Antwerpseweg 195,2023-08-20,16:00:00,78,56,22,FMN GV 10 Beerse
39,Antwerpseweg 195,2023-08-20,17:00:00,105,82,23,FMN GV 10 Beerse
39,Antwerpseweg 195,2023-08-20,18:00:00,104,52,52,FMN GV 10 Beerse
39,Antwerpseweg 195,2023-08-20,19:00:00,128,37,91,FMN GV 10 Beerse
39,Antwerpseweg 195,2023-08-20,20:00:00,45,14,31,FMN GV 10 Beerse
39,Antwerpseweg 195,2023-08-20,21:00:00,30,23,7,FMN GV 10 Beerse
39,Antwerpseweg 195,2023-08-20,22:00:00,21,15,6,FMN GV 10 Beerse
39,Antwerpseweg 195,2023-08-20,23:00:00,49,46,3,FMN GV 10 Beerse
39,Antwerpseweg 195,2023-08-21,00:00:00,69,63,6,FMN GV 10 Beerse
39,Antwerpseweg 195,2023-08-21,01:00:00,61,56,5,FMN GV 10 Beerse
39,Antwerpseweg 195,2023-08-21,02:00:00,44,43,1,FMN GV 10 Beerse
39,Antwerpseweg 195,2023-08-21,03:00:00,37,35,2,FMN GV 10 Beerse
39,Antwerpseweg 195,2023-08-21,04:00:00,9,9,0,FMN GV 10 Beerse
39,Antwerpseweg 195,2023-08-21,05:00:00,19,18,1,FMN GV 10 Beerse
39,Antwerpseweg 195,2023-08-21,06:00:00,16,16,0,FMN GV 10 Beerse
39,Antwerpseweg 195,2023-08-21,07:00:00,54,48,6,FMN GV 10 Beerse
39,Antwerpseweg 195,2023-08-21,08:00:00,35,26,9,FMN GV 10 Beerse
39,Antwerpseweg 195,2023-08-21,09:00:00,11,7,4,FMN GV 10 Beerse
39,Antwerpseweg 195,2023-08-21,10:00:00,19,13,6,FMN GV 10 Beerse
39,Antwerpseweg 195,2023-08-21,11:00:00,24,18,6,FMN GV 10 Beerse
39,Antwerpseweg 195,2023-08-21,12:00:00,28,18,10,FMN GV 10 Beerse
39,Antwerpseweg 195,2023-08-21,13:00:00,35,28,7,FMN GV 10 Beerse
39,Antwerpseweg 195,2023-08-21,14:00:00,59,33,26,FMN GV 10 Beerse
39,Antwerpseweg 195,2023-08-21,15:00:00,71,46,25,FMN GV 10 Beerse
39,Antwerpseweg 195,2023-08-21,16:00:00,70,49,21,FMN GV 10 Beerse
39,Antwerpseweg 195,2023-08-21,17:00:00,54,37,17,FMN GV 10 Beerse
39,Antwerpseweg 195,2023-08-21,18:00:00,36,29,7,FMN GV 10 Beerse
39,Antwerpseweg 195,2023-08-21,19:00:00,43,31,12,FMN GV 10 Beerse
39,Antwerpseweg 195,2023-08-21,20:00:00,31,21,10,FMN GV 10 Beerse
39,Antwerpseweg 195,2023-08-21,21:00:00,12,7,5,FMN GV 10 Beerse
39,Antwerpseweg 195,2023-08-21,22:00:00,10,7,3,FMN GV 10 Beerse
39,Antwerpseweg 195,2023-08-21,23:00:00,6,2,4,FMN GV 10 Beerse
39,Antwerpseweg 195,2023-08-22,00:00:00,0,0,0,FMN GV 10 Beerse
39,Antwerpseweg 195,2023-08-22,01:00:00,0,0,0,FMN GV 10 Beerse
39,Antwerpseweg 195,2023-08-22,02:00:00,0,0,0,FMN GV 10 Beerse
39,Antwerpseweg 195,2023-08-22,03:00:00,1,0,1,FMN GV 10 Beerse
39,Antwerpseweg 195,2023-08-22,04:00:00,1,1,0,FMN GV 10 Beerse
39,Antwerpseweg 195,2023-08-22,05:00:00,18,18,0,FMN GV 10 Beerse
39,Antwerpseweg 195,2023-08-22,06:00:00,20,19,1,FMN GV 10 Beerse
39,Antwerpseweg 195,2023-08-22,07:00:00,59,54,5,FMN GV 10 Beerse
39,Antwerpseweg 195,2023-08-22,08:00:00,42,31,11,FMN GV 10 Beerse
39,Antwerpseweg 195,2023-08-22,09:00:00,27,19,8,FMN GV 10 Beerse
39,Antwerpseweg 195,2023-08-22,10:00:00,16,15,1,FMN GV 10 Beerse
39,Antwerpseweg 195,2023-08-22,11:00:00,23,16,7,FMN GV 10 Beerse
39,Antwerpseweg 195,2023-08-22,12:00:00,31,25,6,FMN GV 10 Beerse
39,Antwerpseweg 195,2023-08-22,13:00:00,35,22,13,FMN GV 10 Beerse
39,Antwerpseweg 195,2023-08-22,14:00:00,63,47,16,FMN GV 10 Beerse
39,Antwerpseweg 195,2023-08-22,15:00:00,71,58,13,FMN GV 10 Beerse
39,Antwerpseweg 195,2023-08-22,16:00:00,58,30,28,FMN GV 10 Beerse
39,Antwerpseweg 195,2023-08-22,17:00:00,61,45,16,FMN GV 10 Beerse
39,Antwerpseweg 195,2023-08-22,18:00:00,40,28,12,FMN GV 10 Beerse
39,Antwerpseweg 195,2023-08-22,19:00:00,27,20,7,FMN GV 10 Beerse
39,Antwerpseweg 195,2023-08-22,20:00:00,25,22,3,FMN GV 10 Beerse
39,Antwerpseweg 195,2023-08-22,21:00:00,14,7,7,FMN GV 10 Beerse
39,Antwerpseweg 195,2023-08-22,22:00:00,19,4,15,FMN GV 10 Beerse
39,Antwerpseweg 195,2023-08-22,23:00:00,1,0,1,FMN GV 10 Beerse
39,Antwerpseweg 195,2023-08-23,00:00:00,0,0,0,FMN GV 10 Beerse
39,Antwerpseweg 195,2023-08-23,01:00:00,0,0,0,FMN GV 10 Beerse
39,Antwerpseweg 195,2023-08-23,02:00:00,0,0,0,FMN GV 10 Beerse
39,Antwerpseweg 195,2023-08-23,03:00:00,1,1,0,FMN GV 10 Beerse
39,Antwerpseweg 195,2023-08-23,04:00:00,1,1,0,FMN GV 10 Beerse
39,Antwerpseweg 195,2023-08-23,05:00:00,14,14,0,FMN GV 10 Beerse
39,Antwerpseweg 195,2023-08-23,06:00:00,16,15,1,FMN GV 10 Beerse
39,Antwerpseweg 195,2023-08-23,07:00:00,46,43,3,FMN GV 10 Beerse
39,Antwerpseweg 195,2023-08-23,08:00:00,28,23,5,FMN GV 10 Beerse
39,Antwerpseweg 195,2023-08-23,09:00:00,24,18,6,FMN GV 10 Beerse
39,Antwerpseweg 195,2023-08-23,10:00:00,24,17,7,FMN GV 10 Beerse
39,Antwerpseweg 195,2023-08-23,11:00:00,24,21,3,FMN GV 10 Beerse
39,Antwerpseweg 195,2023-08-23,12:00:00,17,11,6,FMN GV 10 Beerse
39,Antwerpseweg 195,2023-08-23,13:00:00,45,34,11,FMN GV 10 Beerse
39,Antwerpseweg 195,2023-08-23,14:00:00,58,41,17,FMN GV 10 Beerse
39,Antwerpseweg 195,2023-08-23,15:00:00,59,38,21,FMN GV 10 Beerse
39,Antwerpseweg 195,2023-08-23,16:00:00,56,34,22,FMN GV 10 Beerse
39,Antwerpseweg 195,2023-08-23,17:00:00,47,30,17,FMN GV 10 Beerse
39,Antwerpseweg 195,2023-08-23,18:00:00,31,22,9,FMN GV 10 Beerse
39,Antwerpseweg 195,2023-08-23,19:00:00,32,22,10,FMN GV 10 Beerse
39,Antwerpseweg 195,2023-08-23,20:00:00,24,17,7,FMN GV 10 Beerse
39,Antwerpseweg 195,2023-08-23,21:00:00,20,14,6,FMN GV 10 Beerse
39,Antwerpseweg 195,2023-08-23,22:00:00,9,6,3,FMN GV 10 Beerse
39,Antwerpseweg 195,2023-08-23,23:00:00,2,2,0,FMN GV 10 Beerse
39,Antwerpseweg 195,2023-08-24,00:00:00,3,2,1,FMN GV 10 Beerse
39,Antwerpseweg 195,2023-08-24,01:00:00,2,1,1,FMN GV 10 Beerse
39,Antwerpseweg 195,2023-08-24,02:00:00,0,0,0,FMN GV 10 Beerse
39,Antwerpseweg 195,2023-08-24,03:00:00,0,0,0,FMN GV 10 Beerse
39,Antwerpseweg 195,2023-08-24,04:00:00,0,0,0,FMN GV 10 Beerse
39,Antwerpseweg 195,2023-08-24,05:00:00,19,19,0,FMN GV 10 Beerse
39,Antwerpseweg 195,2023-08-24,06:00:00,21,20,1,FMN GV 10 Beerse
39,Antwerpseweg 195,2023-08-24,07:00:00,39,37,2,FMN GV 10 Beerse
39,Antwerpseweg 195,2023-08-24,08:00:00,31,20,11,FMN GV 10 Beerse
39,Antwerpseweg 195,2023-08-24,09:00:00,22,13,9,FMN GV 10 Beerse
39,Antwerpseweg 195,2023-08-24,10:00:00,24,6,18,FMN GV 10 Beerse
39,Antwerpseweg 195,2023-08-24,11:00:00,30,23,7,FMN GV 10 Beerse
39,Antwerpseweg 195,2023-08-24,12:00:00,18,14,4,FMN GV 10 Beerse
39,Antwerpseweg 195,2023-08-24,13:00:00,49,42,7,FMN GV 10 Beerse
39,Antwerpseweg 195,2023-08-24,14:00:00,20,12,8,FMN GV 10 Beerse
39,Antwerpseweg 195,2023-08-24,15:00:00,22,18,4,FMN GV 10 Beerse
39,Antwerpseweg 195,2023-08-24,16:00:00,37,25,12,FMN GV 10 Beerse
39,Antwerpseweg 195,2023-08-24,17:00:00,32,21,11,FMN GV 10 Beerse
39,Antwerpseweg 195,2023-08-24,18:00:00,17,9,8,FMN GV 10 Beerse
39,Antwerpseweg 195,2023-08-24,19:00:00,21,4,17,FMN GV 10 Beerse
39,Antwerpseweg 195,2023-08-24,20:00:00,12,7,5,FMN GV 10 Beerse
39,Antwerpseweg 195,2023-08-24,21:00:00,6,5,1,FMN GV 10 Beerse
39,Antwerpseweg 195,2023-08-24,22:00:00,5,3,2,FMN GV 10 Beerse
39,Antwerpseweg 195,2023-08-24,23:00:00,1,1,0,FMN GV 10 Beerse
39,Antwerpseweg 195,2023-08-25,00:00:00,0,0,0,FMN GV 10 Beerse
39,Antwerpseweg 195,2023-08-25,01:00:00,0,0,0,FMN GV 10 Beerse
39,Antwerpseweg 195,2023-08-25,02:00:00,0,0,0,FMN GV 10 Beerse
39,Antwerpseweg 195,2023-08-25,03:00:00,0,0,0,FMN GV 10 Beerse
39,Antwerpseweg 195,2023-08-25,04:00:00,0,0,0,FMN GV 10 Beerse
39,Antwerpseweg 195,2023-08-25,05:00:00,12,12,0,FMN GV 10 Beerse
39,Antwerpseweg 195,2023-08-25,06:00:00,12,12,0,FMN GV 10 Beerse
39,Antwerpseweg 195,2023-08-25,07:00:00,30,23,7,FMN GV 10 Beerse
39,Antwerpseweg 195,2023-08-25,08:00:00,10,8,2,FMN GV 10 Beerse
39,Antwerpseweg 195,2023-08-25,09:00:00,6,4,2,FMN GV 10 Beerse
39,Antwerpseweg 195,2023-08-25,10:00:00,3,1,2,FMN GV 10 Beerse
39,Antwerpseweg 195,2023-08-25,11:00:00,7,6,1,FMN GV 10 Beerse
39,Antwerpseweg 195,2023-08-25,12:00:00,14,7,7,FMN GV 10 Beerse
39,Antwerpseweg 195,2023-08-25,13:00:00,14,6,8,FMN GV 10 Beerse
39,Antwerpseweg 195,2023-08-25,14:00:00,24,20,4,FMN GV 10 Beerse
39,Antwerpseweg 195,2023-08-25,15:00:00,18,12,6,FMN GV 10 Beerse
39,Antwerpseweg 195,2023-08-25,16:00:00,22,13,9,FMN GV 10 Beerse
39,Antwerpseweg 195,2023-08-25,17:00:00,13,8,5,FMN GV 10 Beerse
39,Antwerpseweg 195,2023-08-25,18:00:00,7,4,3,FMN GV 10 Beerse
39,Antwerpseweg 195,2023-08-25,19:00:00,9,5,4,FMN GV 10 Beerse
39,Antwerpseweg 195,2023-08-25,20:00:00,9,5,4,FMN GV 10 Beerse
39,Antwerpseweg 195,2023-08-25,21:00:00,9,7,2,FMN GV 10 Beerse
39,Antwerpseweg 195,2023-08-25,22:00:00,4,3,1,FMN GV 10 Beerse
39,Antwerpseweg 195,2023-08-25,23:00:00,1,0,1,FMN GV 10 Beerse
39,Antwerpseweg 195,2023-08-26,00:00:00,3,3,0,FMN GV 10 Beerse
39,Antwerpseweg 195,2023-08-26,01:00:00,0,0,0,FMN GV 10 Beerse
39,Antwerpseweg 195,2023-08-26,02:00:00,1,0,1,FMN GV 10 Beerse
39,Antwerpseweg 195,2023-08-26,03:00:00,3,0,3,FMN GV 10 Beerse
39,Antwerpseweg 195,2023-08-26,04:00:00,3,3,0,FMN GV 10 Beerse
39,Antwerpseweg 195,2023-08-26,05:00:00,5,5,0,FMN GV 10 Beerse
39,Antwerpseweg 195,2023-08-26,06:00:00,1,1,0,FMN GV 10 Beerse
39,Antwerpseweg 195,2023-08-26,07:00:00,6,5,1,FMN GV 10 Beerse
39,Antwerpseweg 195,2023-08-26,08:00:00,6,4,2,FMN GV 10 Beerse
39,Antwerpseweg 195,2023-08-26,09:00:00,8,5,3,FMN GV 10 Beerse
39,Antwerpseweg 195,2023-08-26,10:00:00,31,21,10,FMN GV 10 Beerse
39,Antwerpseweg 195,2023-08-26,11:00:00,13,10,3,FMN GV 10 Beerse
39,Antwerpseweg 195,2023-08-26,12:00:00,16,10,6,FMN GV 10 Beerse
39,Antwerpseweg 195,2023-08-26,13:00:00,25,14,11,FMN GV 10 Beerse
39,Antwerpseweg 195,2023-08-26,14:00:00,22,16,6,FMN GV 10 Beerse
39,Antwerpseweg 195,2023-08-26,15:00:00,35,24,11,FMN GV 10 Beerse
39,Antwerpseweg 195,2023-08-26,16:00:00,26,20,6,FMN GV 10 Beerse
39,Antwerpseweg 195,2023-08-26,17:00:00,12,5,7,FMN GV 10 Beerse
39,Antwerpseweg 195,2023-08-26,18:00:00,10,10,0,FMN GV 10 Beerse
39,Antwerpseweg 195,2023-08-26,19:00:00,15,11,4,FMN GV 10 Beerse
39,Antwerpseweg 195,2023-08-26,20:00:00,10,8,2,FMN GV 10 Beerse
39,Antwerpseweg 195,2023-08-26,21:00:00,4,2,2,FMN GV 10 Beerse
39,Antwerpseweg 195,2023-08-26,22:00:00,5,4,1,FMN GV 10 Beerse
39,Antwerpseweg 195,2023-08-26,23:00:00,7,7,0,FMN GV 10 Beerse
39,Antwerpseweg 195,2023-08-27,00:00:00,2,2,0,FMN GV 10 Beerse
39,Antwerpseweg 195,2023-08-27,01:00:00,0,0,0,FMN GV 10 Beerse
39,Antwerpseweg 195,2023-08-27,02:00:00,4,0,4,FMN GV 10 Beerse
39,Antwerpseweg 195,2023-08-27,03:00:00,1,0,1,FMN GV 10 Beerse
39,Antwerpseweg 195,2023-08-27,04:00:00,4,1,3,FMN GV 10 Beerse
39,Antwerpseweg 195,2023-08-27,05:00:00,2,2,0,FMN GV 10 Beerse
39,Antwerpseweg 195,2023-08-27,06:00:00,1,1,0,FMN GV 10 Beerse
39,Antwerpseweg 195,2023-08-27,07:00:00,3,1,2,FMN GV 10 Beerse
39,Antwerpseweg 195,2023-08-27,08:00:00,8,5,3,FMN GV 10 Beerse
39,Antwerpseweg 195,2023-08-27,09:00:00,33,10,23,FMN GV 10 Beerse
39,Antwerpseweg 195,2023-08-27,10:00:00,125,68,57,FMN GV 10 Beerse
39,Antwerpseweg 195,2023-08-27,11:00:00,128,70,58,FMN GV 10 Beerse
39,Antwerpseweg 195,2023-08-27,12:00:00,103,55,48,FMN GV 10 Beerse
39,Antwerpseweg 195,2023-08-27,13:00:00,88,44,44,FMN GV 10 Beerse
39,Antwerpseweg 195,2023-08-27,14:00:00,85,57,28,FMN GV 10 Beerse
39,Antwerpseweg 195,2023-08-27,15:00:00,104,63,41,FMN GV 10 Beerse
39,Antwerpseweg 195,2023-08-27,16:00:00,39,21,18,FMN GV 10 Beerse
39,Antwerpseweg 195,2023-08-27,17:00:00,26,12,14,FMN GV 10 Beerse
39,Antwerpseweg 195,2023-08-27,18:00:00,15,10,5,FMN GV 10 Beerse
39,Antwerpseweg 195,2023-08-27,19:00:00,11,9,2,FMN GV 10 Beerse
39,Antwerpseweg 195,2023-08-27,20:00:00,10,6,4,FMN GV 10 Beerse
39,Antwerpseweg 195,2023-08-27,21:00:00,8,6,2,FMN GV 10 Beerse
39,Antwerpseweg 195,2023-08-27,22:00:00,5,5,0,FMN GV 10 Beerse
39,Antwerpseweg 195,2023-08-27,23:00:00,0,0,0,FMN GV 10 Beerse
39,Antwerpseweg 195,2023-08-28,00:00:00,0,0,0,FMN GV 10 Beerse
39,Antwerpseweg 195,2023-08-28,01:00:00,0,0,0,FMN GV 10 Beerse
39,Antwerpseweg 195,2023-08-28,02:00:00,1,1,0,FMN GV 10 Beerse
39,Antwerpseweg 195,2023-08-28,03:00:00,0,0,0,FMN GV 10 Beerse
39,Antwerpseweg 195,2023-08-28,04:00:00,3,3,0,FMN GV 10 Beerse
39,Antwerpseweg 195,2023-08-28,05:00:00,13,13,0,FMN GV 10 Beerse
39,Antwerpseweg 195,2023-08-28,06:00:00,9,8,1,FMN GV 10 Beerse
39,Antwerpseweg 195,2023-08-28,07:00:00,43,39,4,FMN GV 10 Beerse
39,Antwerpseweg 195,2023-08-28,08:00:00,24,20,4,FMN GV 10 Beerse
39,Antwerpseweg 195,2023-08-28,09:00:00,13,9,4,FMN GV 10 Beerse
39,Antwerpseweg 195,2023-08-28,10:00:00,6,3,3,FMN GV 10 Beerse
39,Antwerpseweg 195,2023-08-28,11:00:00,9,6,3,FMN GV 10 Beerse
39,Antwerpseweg 195,2023-08-28,12:00:00,21,14,7,FMN GV 10 Beerse
39,Antwerpseweg 195,2023-08-28,13:00:00,13,11,2,FMN GV 10 Beerse
39,Antwerpseweg 195,2023-08-28,14:00:00,21,16,5,FMN GV 10 Beerse
39,Antwerpseweg 195,2023-08-28,15:00:00,27,14,13,FMN GV 10 Beerse
39,Antwerpseweg 195,2023-08-28,16:00:00,47,28,19,FMN GV 10 Beerse
39,Antwerpseweg 195,2023-08-28,17:00:00,34,20,14,FMN GV 10 Beerse
39,Antwerpseweg 195,2023-08-28,18:00:00,18,13,5,FMN GV 10 Beerse
39,Antwerpseweg 195,2023-08-28,19:00:00,12,7,5,FMN GV 10 Beerse
39,Antwerpseweg 195,2023-08-28,20:00:00,3,3,0,FMN GV 10 Beerse
39,Antwerpseweg 195,2023-08-28,21:00:00,7,6,1,FMN GV 10 Beerse
39,Antwerpseweg 195,2023-08-28,22:00:00,7,4,3,FMN GV 10 Beerse
39,Antwerpseweg 195,2023-08-28,23:00:00,1,0,1,FMN GV 10 Beerse
39,Antwerpseweg 195,2023-08-29,00:00:00,1,0,1,FMN GV 10 Beerse
39,Antwerpseweg 195,2023-08-29,01:00:00,0,0,0,FMN GV 10 Beerse
39,Antwerpseweg 195,2023-08-29,02:00:00,0,0,0,FMN GV 10 Beerse
39,Antwerpseweg 195,2023-08-29,03:00:00,0,0,0,FMN GV 10 Beerse
39,Antwerpseweg 195,2023-08-29,04:00:00,2,2,0,FMN GV 10 Beerse
39,Antwerpseweg 195,2023-08-29,05:00:00,11,11,0,FMN GV 10 Beerse
39,Antwerpseweg 195,2023-08-29,06:00:00,12,12,0,FMN GV 10 Beerse
39,Antwerpseweg 195,2023-08-29,07:00:00,54,50,4,FMN GV 10 Beerse
39,Antwerpseweg 195,2023-08-29,08:00:00,30,24,6,FMN GV 10 Beerse
39,Antwerpseweg 195,2023-08-29,09:00:00,21,19,2,FMN GV 10 Beerse
39,Antwerpseweg 195,2023-08-29,10:00:00,11,8,3,FMN GV 10 Beerse
39,Antwerpseweg 195,2023-08-29,11:00:00,33,22,11,FMN GV 10 Beerse
39,Antwerpseweg 195,2023-08-29,12:00:00,36,25,11,FMN GV 10 Beerse
39,Antwerpseweg 195,2023-08-29,13:00:00,38,31,7,FMN GV 10 Beerse
39,Antwerpseweg 195,2023-08-29,14:00:00,49,36,13,FMN GV 10 Beerse
39,Antwerpseweg 195,2023-08-29,15:00:00,53,31,22,FMN GV 10 Beerse
39,Antwerpseweg 195,2023-08-29,16:00:00,47,30,17,FMN GV 10 Beerse
39,Antwerpseweg 195,2023-08-29,17:00:00,43,23,20,FMN GV 10 Beerse
39,Antwerpseweg 195,2023-08-29,18:00:00,26,15,11,FMN GV 10 Beerse
39,Antwerpseweg 195,2023-08-29,19:00:00,13,9,4,FMN GV 10 Beerse
39,Antwerpseweg 195,2023-08-29,20:00:00,18,14,4,FMN GV 10 Beerse
39,Antwerpseweg 195,2023-08-29,21:00:00,7,6,1,FMN GV 10 Beerse
39,Antwerpseweg 195,2023-08-29,22:00:00,11,6,5,FMN GV 10 Beerse
39,Antwerpseweg 195,2023-08-29,23:00:00,2,2,0,FMN GV 10 Beerse
39,Antwerpseweg 195,2023-08-30,00:00:00,0,0,0,FMN GV 10 Beerse
39,Antwerpseweg 195,2023-08-30,01:00:00,0,0,0,FMN GV 10 Beerse
39,Antwerpseweg 195,2023-08-30,02:00:00,0,0,0,FMN GV 10 Beerse
39,Antwerpseweg 195,2023-08-30,03:00:00,0,0,0,FMN GV 10 Beerse
39,Antwerpseweg 195,2023-08-30,04:00:00,2,2,0,FMN GV 10 Beerse
39,Antwerpseweg 195,2023-08-30,05:00:00,13,13,0,FMN GV 10 Beerse
39,Antwerpseweg 195,2023-08-30,06:00:00,9,9,0,FMN GV 10 Beerse
39,Antwerpseweg 195,2023-08-30,07:00:00,39,38,1,FMN GV 10 Beerse
39,Antwerpseweg 195,2023-08-30,08:00:00,14,14,0,FMN GV 10 Beerse
39,Antwerpseweg 195,2023-08-30,09:00:00,4,4,0,FMN GV 10 Beerse
39,Antwerpseweg 195,2023-08-30,10:00:00,8,7,1,FMN GV 10 Beerse
39,Antwerpseweg 195,2023-08-30,11:00:00,3,2,1,FMN GV 10 Beerse
39,Antwerpseweg 195,2023-08-30,12:00:00,16,7,9,FMN GV 10 Beerse
39,Antwerpseweg 195,2023-08-30,13:00:00,26,16,10,FMN GV 10 Beerse
39,Antwerpseweg 195,2023-08-30,14:00:00,27,23,4,FMN GV 10 Beerse
39,Antwerpseweg 195,2023-08-30,15:00:00,21,14,7,FMN GV 10 Beerse
39,Antwerpseweg 195,2023-08-30,16:00:00,38,20,18,FMN GV 10 Beerse
39,Antwerpseweg 195,2023-08-30,17:00:00,26,13,13,FMN GV 10 Beerse
39,Antwerpseweg 195,2023-08-30,18:00:00,26,15,11,FMN GV 10 Beerse
39,Antwerpseweg 195,2023-08-30,19:00:00,27,22,5,FMN GV 10 Beerse
39,Antwerpseweg 195,2023-08-30,20:00:00,13,7,6,FMN GV 10 Beerse
39,Antwerpseweg 195,2023-08-30,21:00:00,2,1,1,FMN GV 10 Beerse
39,Antwerpseweg 195,2023-08-30,22:00:00,9,5,4,FMN GV 10 Beerse
39,Antwerpseweg 195,2023-08-30,23:00:00,4,3,1,FMN GV 10 Beerse
39,Antwerpseweg 195,2023-08-31,00:00:00,0,0,0,FMN GV 10 Beerse
39,Antwerpseweg 195,2023-08-31,01:00:00,0,0,0,FMN GV 10 Beerse
39,Antwerpseweg 195,2023-08-31,02:00:00,1,1,0,FMN GV 10 Beerse
39,Antwerpseweg 195,2023-08-31,03:00:00,0,0,0,FMN GV 10 Beerse
39,Antwerpseweg 195,2023-08-31,04:00:00,3,3,0,FMN GV 10 Beerse
39,Antwerpseweg 195,2023-08-31,05:00:00,10,10,0,FMN GV 10 Beerse
39,Antwerpseweg 195,2023-08-31,06:00:00,10,10,0,FMN GV 10 Beerse
39,Antwerpseweg 195,2023-08-31,07:00:00,54,46,8,FMN GV 10 Beerse
39,Antwerpseweg 195,2023-08-31,08:00:00,20,17,3,FMN GV 10 Beerse
39,Antwerpseweg 195,2023-08-31,09:00:00,16,9,7,FMN GV 10 Beerse
39,Antwerpseweg 195,2023-08-31,10:00:00,15,12,3,FMN GV 10 Beerse
39,Antwerpseweg 195,2023-08-31,11:00:00,24,16,8,FMN GV 10 Beerse
39,Antwerpseweg 195,2023-08-31,12:00:00,29,23,6,FMN GV 10 Beerse
39,Antwerpseweg 195,2023-08-31,13:00:00,40,35,5,FMN GV 10 Beerse
39,Antwerpseweg 195,2023-08-31,14:00:00,20,12,8,FMN GV 10 Beerse
39,Antwerpseweg 195,2023-08-31,15:00:00,35,23,12,FMN GV 10 Beerse
39,Antwerpseweg 195,2023-08-31,16:00:00,34,25,9,FMN GV 10 Beerse
39,Antwerpseweg 195,2023-08-31,17:00:00,34,22,12,FMN GV 10 Beerse
39,Antwerpseweg 195,2023-08-31,18:00:00,18,12,6,FMN GV 10 Beerse
39,Antwerpseweg 195,2023-08-31,19:00:00,13,9,4,FMN GV 10 Beerse
39,Antwerpseweg 195,2023-08-31,20:00:00,16,13,3,FMN GV 10 Beerse
39,Antwerpseweg 195,2023-08-31,21:00:00,5,4,1,FMN GV 10 Beerse
39,Antwerpseweg 195,2023-08-31,22:00:00,8,4,4,FMN GV 10 Beerse
39,Antwerpseweg 195,2023-08-31,23:00:00,5,3,2,FMN GV 10 Beerse
39,Antwerpseweg 195,2023-09-01,00:00:00,3,3,0,FMN GV 10 Beerse
39,Antwerpseweg 195,2023-09-01,01:00:00,0,0,0,FMN GV 10 Beerse
39,Antwerpseweg 195,2023-09-01,02:00:00,0,0,0,FMN GV 10 Beerse
39,Antwerpseweg 195,2023-09-01,03:00:00,0,0,0,FMN GV 10 Beerse
39,Antwerpseweg 195,2023-09-01,04:00:00,2,2,0,FMN GV 10 Beerse
39,Antwerpseweg 195,2023-09-01,05:00:00,4,4,0,FMN GV 10 Beerse
39,Antwerpseweg 195,2023-09-01,06:00:00,7,6,1,FMN GV 10 Beerse
39,Antwerpseweg 195,2023-09-01,07:00:00,26,21,5,FMN GV 10 Beerse
39,Antwerpseweg 195,2023-09-01,08:00:00,18,15,3,FMN GV 10 Beerse
39,Antwerpseweg 195,2023-09-01,09:00:00,2,2,0,FMN GV 10 Beerse
39,Antwerpseweg 195,2023-09-01,10:00:00,7,6,1,FMN GV 10 Beerse
39,Antwerpseweg 195,2023-09-01,11:00:00,3,1,2,FMN GV 10 Beerse
39,Antwerpseweg 195,2023-09-01,12:00:00,13,10,3,FMN GV 10 Beerse
39,Antwerpseweg 195,2023-09-01,13:00:00,10,8,2,FMN GV 10 Beerse
39,Antwerpseweg 195,2023-09-01,14:00:00,9,6,3,FMN GV 10 Beerse
39,Antwerpseweg 195,2023-09-01,15:00:00,28,21,7,FMN GV 10 Beerse
39,Antwerpseweg 195,2023-09-01,16:00:00,23,15,8,FMN GV 10 Beerse
39,Antwerpseweg 195,2023-09-01,17:00:00,19,9,10,FMN GV 10 Beerse
39,Antwerpseweg 195,2023-09-01,18:00:00,22,19,3,FMN GV 10 Beerse
39,Antwerpseweg 195,2023-09-01,19:00:00,9,8,1,FMN GV 10 Beerse
39,Antwerpseweg 195,2023-09-01,20:00:00,6,3,3,FMN GV 10 Beerse
39,Antwerpseweg 195,2023-09-01,21:00:00,1,1,0,FMN GV 10 Beerse
39,Antwerpseweg 195,2023-09-01,22:00:00,7,4,3,FMN GV 10 Beerse
39,Antwerpseweg 195,2023-09-01,23:00:00,4,3,1,FMN GV 10 Beerse
39,Antwerpseweg 195,2023-09-02,00:00:00,0,0,0,FMN GV 10 Beerse
39,Antwerpseweg 195,2023-09-02,01:00:00,1,1,0,FMN GV 10 Beerse
39,Antwerpseweg 195,2023-09-02,02:00:00,2,2,0,FMN GV 10 Beerse
39,Antwerpseweg 195,2023-09-02,03:00:00,1,1,0,FMN GV 10 Beerse
39,Antwerpseweg 195,2023-09-02,04:00:00,4,2,2,FMN GV 10 Beerse
39,Antwerpseweg 195,2023-09-02,05:00:00,3,3,0,FMN GV 10 Beerse
39,Antwerpseweg 195,2023-09-02,06:00:00,1,1,0,FMN GV 10 Beerse
39,Antwerpseweg 195,2023-09-02,07:00:00,8,8,0,FMN GV 10 Beerse
39,Antwerpseweg 195,2023-09-02,08:00:00,8,6,2,FMN GV 10 Beerse
39,Antwerpseweg 195,2023-09-02,09:00:00,7,5,2,FMN GV 10 Beerse
39,Antwerpseweg 195,2023-09-02,10:00:00,12,6,6,FMN GV 10 Beerse
39,Antwerpseweg 195,2023-09-02,11:00:00,16,10,6,FMN GV 10 Beerse
39,Antwerpseweg 195,2023-09-02,12:00:00,24,17,7,FMN GV 10 Beerse
39,Antwerpseweg 195,2023-09-02,13:00:00,28,21,7,FMN GV 10 Beerse
39,Antwerpseweg 195,2023-09-02,14:00:00,30,23,7,FMN GV 10 Beerse
39,Antwerpseweg 195,2023-09-02,15:00:00,36,26,10,FMN GV 10 Beerse
39,Antwerpseweg 195,2023-09-02,16:00:00,34,30,4,FMN GV 10 Beerse
39,Antwerpseweg 195,2023-09-02,17:00:00,20,8,12,FMN GV 10 Beerse
39,Antwerpseweg 195,2023-09-02,18:00:00,23,19,4,FMN GV 10 Beerse
39,Antwerpseweg 195,2023-09-02,19:00:00,22,19,3,FMN GV 10 Beerse
39,Antwerpseweg 195,2023-09-02,20:00:00,14,10,4,FMN GV 10 Beerse
39,Antwerpseweg 195,2023-09-02,21:00:00,7,5,2,FMN GV 10 Beerse
39,Antwerpseweg 195,2023-09-02,22:00:00,11,6,5,FMN GV 10 Beerse
39,Antwerpseweg 195,2023-09-02,23:00:00,1,1,0,FMN GV 10 Beerse
39,Antwerpseweg 195,2023-09-03,00:00:00,2,2,0,FMN GV 10 Beerse
39,Antwerpseweg 195,2023-09-03,01:00:00,2,0,2,FMN GV 10 Beerse
39,Antwerpseweg 195,2023-09-03,02:00:00,1,1,0,FMN GV 10 Beerse
39,Antwerpseweg 195,2023-09-03,03:00:00,1,0,1,FMN GV 10 Beerse
39,Antwerpseweg 195,2023-09-03,04:00:00,1,1,0,FMN GV 10 Beerse
39,Antwerpseweg 195,2023-09-03,05:00:00,2,2,0,FMN GV 10 Beerse
39,Antwerpseweg 195,2023-09-03,06:00:00,2,2,0,FMN GV 10 Beerse
39,Antwerpseweg 195,2023-09-03,07:00:00,6,2,4,FMN GV 10 Beerse
39,Antwerpseweg 195,2023-09-03,08:00:00,8,7,1,FMN GV 10 Beerse
39,Antwerpseweg 195,2023-09-03,09:00:00,16,13,3,FMN GV 10 Beerse
39,Antwerpseweg 195,2023-09-03,10:00:00,19,13,6,FMN GV 10 Beerse
39,Antwerpseweg 195,2023-09-03,11:00:00,29,22,7,FMN GV 10 Beerse
39,Antwerpseweg 195,2023-09-03,12:00:00,48,29,19,FMN GV 10 Beerse
39,Antwerpseweg 195,2023-09-03,13:00:00,47,29,18,FMN GV 10 Beerse
39,Antwerpseweg 195,2023-09-03,14:00:00,69,50,19,FMN GV 10 Beerse
39,Antwerpseweg 195,2023-09-03,15:00:00,65,39,26,FMN GV 10 Beerse
39,Antwerpseweg 195,2023-09-03,16:00:00,35,22,13,FMN GV 10 Beerse
39,Antwerpseweg 195,2023-09-03,17:00:00,58,37,21,FMN GV 10 Beerse
39,Antwerpseweg 195,2023-09-03,18:00:00,49,30,19,FMN GV 10 Beerse
39,Antwerpseweg 195,2023-09-03,19:00:00,26,17,9,FMN GV 10 Beerse
39,Antwerpseweg 195,2023-09-03,20:00:00,7,5,2,FMN GV 10 Beerse
39,Antwerpseweg 195,2023-09-03,21:00:00,8,7,1,FMN GV 10 Beerse
39,Antwerpseweg 195,2023-09-03,22:00:00,1,1,0,FMN GV 10 Beerse
39,Antwerpseweg 195,2023-09-03,23:00:00,2,2,0,FMN GV 10 Beerse
39,Antwerpseweg 195,2023-09-04,00:00:00,0,0,0,FMN GV 10 Beerse
39,Antwerpseweg 195,2023-09-04,01:00:00,0,0,0,FMN GV 10 Beerse
39,Antwerpseweg 195,2023-09-04,02:00:00,1,0,1,FMN GV 10 Beerse
39,Antwerpseweg 195,2023-09-04,03:00:00,0,0,0,FMN GV 10 Beerse
39,Antwerpseweg 195,2023-09-04,04:00:00,3,3,0,FMN GV 10 Beerse
39,Antwerpseweg 195,2023-09-04,05:00:00,19,19,0,FMN GV 10 Beerse
39,Antwerpseweg 195,2023-09-04,06:00:00,9,9,0,FMN GV 10 Beerse
39,Antwerpseweg 195,2023-09-04,07:00:00,65,58,7,FMN GV 10 Beerse
39,Antwerpseweg 195,2023-09-04,08:00:00,55,51,4,FMN GV 10 Beerse
39,Antwerpseweg 195,2023-09-04,09:00:00,12,8,4,FMN GV 10 Beerse
39,Antwerpseweg 195,2023-09-04,10:00:00,18,16,2,FMN GV 10 Beerse
39,Antwerpseweg 195,2023-09-04,11:00:00,13,10,3,FMN GV 10 Beerse
39,Antwerpseweg 195,2023-09-04,12:00:00,18,15,3,FMN GV 10 Beerse
39,Antwerpseweg 195,2023-09-04,13:00:00,60,50,10,FMN GV 10 Beerse
39,Antwerpseweg 195,2023-09-04,14:00:00,55,39,16,FMN GV 10 Beerse
39,Antwerpseweg 195,2023-09-04,15:00:00,69,43,26,FMN GV 10 Beerse
39,Antwerpseweg 195,2023-09-04,16:00:00,89,66,23,FMN GV 10 Beerse
39,Antwerpseweg 195,2023-09-04,17:00:00,53,25,28,FMN GV 10 Beerse
39,Antwerpseweg 195,2023-09-04,18:00:00,32,22,10,FMN GV 10 Beerse
39,Antwerpseweg 195,2023-09-04,19:00:00,28,16,12,FMN GV 10 Beerse
39,Antwerpseweg 195,2023-09-04,20:00:00,7,5,2,FMN GV 10 Beerse
39,Antwerpseweg 195,2023-09-04,21:00:00,18,14,4,FMN GV 10 Beerse
39,Antwerpseweg 195,2023-09-04,22:00:00,9,6,3,FMN GV 10 Beerse
39,Antwerpseweg 195,2023-09-04,23:00:00,3,0,3,FMN GV 10 Beerse
39,Antwerpseweg 195,2023-09-05,00:00:00,0,0,0,FMN GV 10 Beerse
39,Antwerpseweg 195,2023-09-05,01:00:00,0,0,0,FMN GV 10 Beerse
39,Antwerpseweg 195,2023-09-05,02:00:00,0,0,0,FMN GV 10 Beerse
39,Antwerpseweg 195,2023-09-05,03:00:00,0,0,0,FMN GV 10 Beerse
39,Antwerpseweg 195,2023-09-05,04:00:00,4,4,0,FMN GV 10 Beerse
39,Antwerpseweg 195,2023-09-05,05:00:00,16,16,0,FMN GV 10 Beerse
39,Antwerpseweg 195,2023-09-05,06:00:00,20,19,1,FMN GV 10 Beerse
39,Antwerpseweg 195,2023-09-05,07:00:00,83,73,10,FMN GV 10 Beerse
39,Antwerpseweg 195,2023-09-05,08:00:00,75,56,19,FMN GV 10 Beerse
39,Antwerpseweg 195,2023-09-05,09:00:00,33,22,11,FMN GV 10 Beerse
39,Antwerpseweg 195,2023-09-05,10:00:00,27,17,10,FMN GV 10 Beerse
39,Antwerpseweg 195,2023-09-05,11:00:00,29,25,4,FMN GV 10 Beerse
39,Antwerpseweg 195,2023-09-05,12:00:00,39,25,14,FMN GV 10 Beerse
39,Antwerpseweg 195,2023-09-05,13:00:00,59,40,19,FMN GV 10 Beerse
39,Antwerpseweg 195,2023-09-05,14:00:00,48,31,17,FMN GV 10 Beerse
39,Antwerpseweg 195,2023-09-05,15:00:00,66,48,18,FMN GV 10 Beerse
39,Antwerpseweg 195,2023-09-05,16:00:00,125,87,38,FMN GV 10 Beerse
39,Antwerpseweg 195,2023-09-05,17:00:00,79,48,31,FMN GV 10 Beerse
39,Antwerpseweg 195,2023-09-05,18:00:00,33,20,13,FMN GV 10 Beerse
39,Antwerpseweg 195,2023-09-05,19:00:00,27,18,9,FMN GV 10 Beerse
39,Antwerpseweg 195,2023-09-05,20:00:00,24,16,8,FMN GV 10 Beerse
39,Antwerpseweg 195,2023-09-05,21:00:00,25,18,7,FMN GV 10 Beerse
39,Antwerpseweg 195,2023-09-05,22:00:00,5,4,1,FMN GV 10 Beerse
39,Antwerpseweg 195,2023-09-05,23:00:00,1,1,0,FMN GV 10 Beerse
39,Antwerpseweg 195,2023-09-06,00:00:00,0,0,0,FMN GV 10 Beerse
39,Antwerpseweg 195,2023-09-06,01:00:00,1,0,1,FMN GV 10 Beerse
39,Antwerpseweg 195,2023-09-06,02:00:00,0,0,0,FMN GV 10 Beerse
39,Antwerpseweg 195,2023-09-06,03:00:00,1,1,0,FMN GV 10 Beerse
39,Antwerpseweg 195,2023-09-06,04:00:00,2,2,0,FMN GV 10 Beerse
39,Antwerpseweg 195,2023-09-06,05:00:00,17,17,0,FMN GV 10 Beerse
39,Antwerpseweg 195,2023-09-06,06:00:00,15,13,2,FMN GV 10 Beerse
39,Antwerpseweg 195,2023-09-06,07:00:00,78,71,7,FMN GV 10 Beerse
39,Antwerpseweg 195,2023-09-06,08:00:00,42,37,5,FMN GV 10 Beerse
39,Antwerpseweg 195,2023-09-06,09:00:00,23,18,5,FMN GV 10 Beerse
39,Antwerpseweg 195,2023-09-06,10:00:00,16,13,3,FMN GV 10 Beerse
39,Antwerpseweg 195,2023-09-06,11:00:00,30,17,13,FMN GV 10 Beerse
39,Antwerpseweg 195,2023-09-06,12:00:00,103,81,22,FMN GV 10 Beerse
39,Antwerpseweg 195,2023-09-06,13:00:00,74,45,29,FMN GV 10 Beerse
39,Antwerpseweg 195,2023-09-06,14:00:00,50,28,22,FMN GV 10 Beerse
39,Antwerpseweg 195,2023-09-06,15:00:00,58,44,14,FMN GV 10 Beerse
39,Antwerpseweg 195,2023-09-06,16:00:00,60,36,24,FMN GV 10 Beerse
39,Antwerpseweg 195,2023-09-06,17:00:00,64,31,33,FMN GV 10 Beerse
39,Antwerpseweg 195,2023-09-06,18:00:00,42,33,9,FMN GV 10 Beerse
39,Antwerpseweg 195,2023-09-06,19:00:00,53,34,19,FMN GV 10 Beerse
39,Antwerpseweg 195,2023-09-06,20:00:00,26,11,15,FMN GV 10 Beerse
39,Antwerpseweg 195,2023-09-06,21:00:00,17,14,3,FMN GV 10 Beerse
39,Antwerpseweg 195,2023-09-06,22:00:00,7,6,1,FMN GV 10 Beerse
39,Antwerpseweg 195,2023-09-06,23:00:00,2,1,1,FMN GV 10 Beerse
39,Antwerpseweg 195,2023-09-07,00:00:00,1,1,0,FMN GV 10 Beerse
39,Antwerpseweg 195,2023-09-07,01:00:00,2,0,2,FMN GV 10 Beerse
39,Antwerpseweg 195,2023-09-07,02:00:00,5,3,2,FMN GV 10 Beerse
39,Antwerpseweg 195,2023-09-07,03:00:00,1,0,1,FMN GV 10 Beerse
39,Antwerpseweg 195,2023-09-07,04:00:00,4,4,0,FMN GV 10 Beerse
39,Antwerpseweg 195,2023-09-07,05:00:00,18,18,0,FMN GV 10 Beerse
39,Antwerpseweg 195,2023-09-07,06:00:00,16,14,2,FMN GV 10 Beerse
39,Antwerpseweg 195,2023-09-07,07:00:00,86,70,16,FMN GV 10 Beerse
39,Antwerpseweg 195,2023-09-07,08:00:00,51,41,10,FMN GV 10 Beerse
39,Antwerpseweg 195,2023-09-07,09:00:00,32,23,9,FMN GV 10 Beerse
39,Antwerpseweg 195,2023-09-07,10:00:00,20,13,7,FMN GV 10 Beerse
39,Antwerpseweg 195,2023-09-07,11:00:00,33,20,13,FMN GV 10 Beerse
39,Antwerpseweg 195,2023-09-07,12:00:00,21,17,4,FMN GV 10 Beerse
39,Antwerpseweg 195,2023-09-07,13:00:00,46,29,17,FMN GV 10 Beerse
39,Antwerpseweg 195,2023-09-07,14:00:00,37,29,8,FMN GV 10 Beerse
39,Antwerpseweg 195,2023-09-07,15:00:00,76,57,19,FMN GV 10 Beerse
39,Antwerpseweg 195,2023-09-07,16:00:00,98,63,35,FMN GV 10 Beerse
39,Antwerpseweg 195,2023-09-07,17:00:00,51,35,16,FMN GV 10 Beerse
39,Antwerpseweg 195,2023-09-07,18:00:00,37,22,15,FMN GV 10 Beerse
39,Antwerpseweg 195,2023-09-07,19:00:00,22,14,8,FMN GV 10 Beerse
39,Antwerpseweg 195,2023-09-07,20:00:00,16,11,5,FMN GV 10 Beerse
39,Antwerpseweg 195,2023-09-07,21:00:00,11,8,3,FMN GV 10 Beerse
39,Antwerpseweg 195,2023-09-07,22:00:00,11,7,4,FMN GV 10 Beerse
39,Antwerpseweg 195,2023-09-07,23:00:00,0,0,0,FMN GV 10 Beerse
39,Antwerpseweg 195,2023-09-08,00:00:00,1,1,0,FMN GV 10 Beerse
39,Antwerpseweg 195,2023-09-08,01:00:00,2,1,1,FMN GV 10 Beerse
39,Antwerpseweg 195,2023-09-08,02:00:00,3,1,2,FMN GV 10 Beerse
39,Antwerpseweg 195,2023-09-08,03:00:00,0,0,0,FMN GV 10 Beerse
39,Antwerpseweg 195,2023-09-08,04:00:00,1,1,0,FMN GV 10 Beerse
39,Antwerpseweg 195,2023-09-08,05:00:00,14,14,0,FMN GV 10 Beerse
39,Antwerpseweg 195,2023-09-08,06:00:00,18,15,3,FMN GV 10 Beerse
39,Antwerpseweg 195,2023-09-08,07:00:00,82,71,11,FMN GV 10 Beerse
39,Antwerpseweg 195,2023-09-08,08:00:00,52,45,7,FMN GV 10 Beerse
39,Antwerpseweg 195,2023-09-08,09:00:00,17,14,3,FMN GV 10 Beerse
39,Antwerpseweg 195,2023-09-08,10:00:00,23,16,7,FMN GV 10 Beerse
39,Antwerpseweg 195,2023-09-08,11:00:00,28,20,8,FMN GV 10 Beerse
39,Antwerpseweg 195,2023-09-08,12:00:00,30,21,9,FMN GV 10 Beerse
39,Antwerpseweg 195,2023-09-08,13:00:00,37,24,13,FMN GV 10 Beerse
39,Antwerpseweg 195,2023-09-08,14:00:00,49,33,16,FMN GV 10 Beerse
39,Antwerpseweg 195,2023-09-08,15:00:00,65,51,14,FMN GV 10 Beerse
39,Antwerpseweg 195,2023-09-08,16:00:00,83,59,24,FMN GV 10 Beerse
39,Antwerpseweg 195,2023-09-08,17:00:00,47,29,18,FMN GV 10 Beerse
39,Antwerpseweg 195,2023-09-08,18:00:00,27,16,11,FMN GV 10 Beerse
39,Antwerpseweg 195,2023-09-08,19:00:00,23,12,11,FMN GV 10 Beerse
39,Antwerpseweg 195,2023-09-08,20:00:00,21,16,5,FMN GV 10 Beerse
39,Antwerpseweg 195,2023-09-08,21:00:00,15,9,6,FMN GV 10 Beerse
39,Antwerpseweg 195,2023-09-08,22:00:00,18,15,3,FMN GV 10 Beerse
39,Antwerpseweg 195,2023-09-08,23:00:00,31,25,6,FMN GV 10 Beerse
39,Antwerpseweg 195,2023-09-09,00:00:00,9,7,2,FMN GV 10 Beerse
39,Antwerpseweg 195,2023-09-09,01:00:00,6,5,1,FMN GV 10 Beerse
39,Antwerpseweg 195,2023-09-09,02:00:00,9,1,8,FMN GV 10 Beerse
39,Antwerpseweg 195,2023-09-09,03:00:00,9,1,8,FMN GV 10 Beerse
39,Antwerpseweg 195,2023-09-09,04:00:00,3,2,1,FMN GV 10 Beerse
39,Antwerpseweg 195,2023-09-09,05:00:00,6,6,0,FMN GV 10 Beerse
39,Antwerpseweg 195,2023-09-09,06:00:00,3,1,2,FMN GV 10 Beerse
39,Antwerpseweg 195,2023-09-09,07:00:00,5,5,0,FMN GV 10 Beerse
39,Antwerpseweg 195,2023-09-09,08:00:00,6,2,4,FMN GV 10 Beerse
39,Antwerpseweg 195,2023-09-09,09:00:00,27,20,7,FMN GV 10 Beerse
39,Antwerpseweg 195,2023-09-09,10:00:00,32,17,15,FMN GV 10 Beerse
39,Antwerpseweg 195,2023-09-09,11:00:00,29,18,11,FMN GV 10 Beerse
39,Antwerpseweg 195,2023-09-09,12:00:00,28,21,7,FMN GV 10 Beerse
39,Antwerpseweg 195,2023-09-09,13:00:00,32,27,5,FMN GV 10 Beerse
39,Antwerpseweg 195,2023-09-09,14:00:00,41,28,13,FMN GV 10 Beerse
39,Antwerpseweg 195,2023-09-09,15:00:00,30,22,8,FMN GV 10 Beerse
39,Antwerpseweg 195,2023-09-09,16:00:00,26,19,7,FMN GV 10 Beerse
39,Antwerpseweg 195,2023-09-09,17:00:00,21,14,7,FMN GV 10 Beerse
39,Antwerpseweg 195,2023-09-09,18:00:00,34,22,12,FMN GV 10 Beerse
39,Antwerpseweg 195,2023-09-09,19:00:00,37,30,7,FMN GV 10 Beerse
39,Antwerpseweg 195,2023-09-09,20:00:00,38,16,22,FMN GV 10 Beerse
39,Antwerpseweg 195,2023-09-09,21:00:00,9,4,5,FMN GV 10 Beerse
39,Antwerpseweg 195,2023-09-09,22:00:00,11,9,2,FMN GV 10 Beerse
39,Antwerpseweg 195,2023-09-09,23:00:00,38,32,6,FMN GV 10 Beerse
39,Antwerpseweg 195,2023-09-10,00:00:00,10,4,6,FMN GV 10 Beerse
39,Antwerpseweg 195,2023-09-10,01:00:00,10,1,9,FMN GV 10 Beerse
39,Antwerpseweg 195,2023-09-10,02:00:00,11,1,10,FMN GV 10 Beerse
39,Antwerpseweg 195,2023-09-10,03:00:00,10,0,10,FMN GV 10 Beerse
39,Antwerpseweg 195,2023-09-10,04:00:00,5,0,5,FMN GV 10 Beerse
39,Antwerpseweg 195,2023-09-10,05:00:00,2,2,0,FMN GV 10 Beerse
39,Antwerpseweg 195,2023-09-10,06:00:00,2,2,0,FMN GV 10 Beerse
39,Antwerpseweg 195,2023-09-10,07:00:00,5,2,3,FMN GV 10 Beerse
39,Antwerpseweg 195,2023-09-10,08:00:00,18,10,8,FMN GV 10 Beerse
39,Antwerpseweg 195,2023-09-10,09:00:00,34,19,15,FMN GV 10 Beerse
39,Antwerpseweg 195,2023-09-10,10:00:00,52,39,13,FMN GV 10 Beerse
39,Antwerpseweg 195,2023-09-10,11:00:00,49,35,14,FMN GV 10 Beerse
39,Antwerpseweg 195,2023-09-10,12:00:00,41,32,9,FMN GV 10 Beerse
39,Antwerpseweg 195,2023-09-10,13:00:00,42,24,18,FMN GV 10 Beerse
39,Antwerpseweg 195,2023-09-10,14:00:00,42,21,21,FMN GV 10 Beerse
39,Antwerpseweg 195,2023-09-10,15:00:00,30,18,12,FMN GV 10 Beerse
39,Antwerpseweg 195,2023-09-10,16:00:00,41,27,14,FMN GV 10 Beerse
39,Antwerpseweg 195,2023-09-10,17:00:00,33,21,12,FMN GV 10 Beerse
39,Antwerpseweg 195,2023-09-10,18:00:00,33,19,14,FMN GV 10 Beerse
39,Antwerpseweg 195,2023-09-10,19:00:00,52,27,25,FMN GV 10 Beerse
39,Antwerpseweg 195,2023-09-10,20:00:00,22,9,13,FMN GV 10 Beerse
39,Antwerpseweg 195,2023-09-10,21:00:00,5,3,2,FMN GV 10 Beerse
39,Antwerpseweg 195,2023-09-10,22:00:00,10,9,1,FMN GV 10 Beerse
39,Antwerpseweg 195,2023-09-10,23:00:00,3,1,2,FMN GV 10 Beerse
39,Antwerpseweg 195,2023-09-11,00:00:00,1,1,0,FMN GV 10 Beerse
39,Antwerpseweg 195,2023-09-11,01:00:00,0,0,0,FMN GV 10 Beerse
39,Antwerpseweg 195,2023-09-11,02:00:00,1,1,0,FMN GV 10 Beerse
39,Antwerpseweg 195,2023-09-11,03:00:00,0,0,0,FMN GV 10 Beerse
39,Antwerpseweg 195,2023-09-11,04:00:00,2,2,0,FMN GV 10 Beerse
39,Antwerpseweg 195,2023-09-11,05:00:00,16,16,0,FMN GV 10 Beerse
39,Antwerpseweg 195,2023-09-11,06:00:00,20,20,0,FMN GV 10 Beerse
39,Antwerpseweg 195,2023-09-11,07:00:00,75,67,8,FMN GV 10 Beerse
39,Antwerpseweg 195,2023-09-11,08:00:00,43,40,3,FMN GV 10 Beerse
39,Antwerpseweg 195,2023-09-11,09:00:00,23,18,5,FMN GV 10 Beerse
39,Antwerpseweg 195,2023-09-11,10:00:00,16,13,3,FMN GV 10 Beerse
39,Antwerpseweg 195,2023-09-11,11:00:00,16,8,8,FMN GV 10 Beerse
39,Antwerpseweg 195,2023-09-11,12:00:00,21,11,10,FMN GV 10 Beerse
39,Antwerpseweg 195,2023-09-11,13:00:00,46,33,13,FMN GV 10 Beerse
39,Antwerpseweg 195,2023-09-11,14:00:00,30,23,7,FMN GV 10 Beerse
39,Antwerpseweg 195,2023-09-11,15:00:00,99,73,26,FMN GV 10 Beerse
39,Antwerpseweg 195,2023-09-11,16:00:00,90,59,31,FMN GV 10 Beerse
39,Antwerpseweg 195,2023-09-11,17:00:00,41,23,18,FMN GV 10 Beerse
39,Antwerpseweg 195,2023-09-11,18:00:00,28,14,14,FMN GV 10 Beerse
39,Antwerpseweg 195,2023-09-11,19:00:00,16,14,2,FMN GV 10 Beerse
39,Antwerpseweg 195,2023-09-11,20:00:00,10,4,6,FMN GV 10 Beerse
39,Antwerpseweg 195,2023-09-11,21:00:00,10,7,3,FMN GV 10 Beerse
39,Antwerpseweg 195,2023-09-11,22:00:00,18,10,8,FMN GV 10 Beerse
39,Antwerpseweg 195,2023-09-11,23:00:00,2,2,0,FMN GV 10 Beerse
39,Antwerpseweg 195,2023-09-12,00:00:00,0,0,0,FMN GV 10 Beerse
39,Antwerpseweg 195,2023-09-12,01:00:00,0,0,0,FMN GV 10 Beerse
39,Antwerpseweg 195,2023-09-12,02:00:00,0,0,0,FMN GV 10 Beerse
39,Antwerpseweg 195,2023-09-12,03:00:00,0,0,0,FMN GV 10 Beerse
39,Antwerpseweg 195,2023-09-12,04:00:00,0,0,0,FMN GV 10 Beerse
39,Antwerpseweg 195,2023-09-12,05:00:00,18,18,0,FMN GV 10 Beerse
39,Antwerpseweg 195,2023-09-12,06:00:00,21,17,4,FMN GV 10 Beerse
39,Antwerpseweg 195,2023-09-12,07:00:00,80,72,8,FMN GV 10 Beerse
39,Antwerpseweg 195,2023-09-12,08:00:00,32,26,6,FMN GV 10 Beerse
39,Antwerpseweg 195,2023-09-12,09:00:00,15,7,8,FMN GV 10 Beerse
39,Antwerpseweg 195,2023-09-12,10:00:00,14,10,4,FMN GV 10 Beerse
39,Antwerpseweg 195,2023-09-12,11:00:00,14,12,2,FMN GV 10 Beerse
39,Antwerpseweg 195,2023-09-12,12:00:00,20,12,8,FMN GV 10 Beerse
39,Antwerpseweg 195,2023-09-12,13:00:00,45,34,11,FMN GV 10 Beerse
39,Antwerpseweg 195,2023-09-12,14:00:00,32,21,11,FMN GV 10 Beerse
39,Antwerpseweg 195,2023-09-12,15:00:00,45,32,13,FMN GV 10 Beerse
39,Antwerpseweg 195,2023-09-12,16:00:00,78,54,24,FMN GV 10 Beerse
39,Antwerpseweg 195,2023-09-12,17:00:00,43,27,16,FMN GV 10 Beerse
39,Antwerpseweg 195,2023-09-12,18:00:00,20,12,8,FMN GV 10 Beerse
39,Antwerpseweg 195,2023-09-12,19:00:00,26,18,8,FMN GV 10 Beerse
39,Antwerpseweg 195,2023-09-12,20:00:00,8,4,4,FMN GV 10 Beerse
39,Antwerpseweg 195,2023-09-12,21:00:00,10,7,3,FMN GV 10 Beerse
39,Antwerpseweg 195,2023-09-12,22:00:00,10,6,4,FMN GV 10 Beerse
39,Antwerpseweg 195,2023-09-12,23:00:00,1,1,0,FMN GV 10 Beerse
39,Antwerpseweg 195,2023-09-13,00:00:00,0,0,0,FMN GV 10 Beerse
39,Antwerpseweg 195,2023-09-13,01:00:00,0,0,0,FMN GV 10 Beerse
39,Antwerpseweg 195,2023-09-13,02:00:00,0,0,0,FMN GV 10 Beerse
39,Antwerpseweg 195,2023-09-13,03:00:00,0,0,0,FMN GV 10 Beerse
39,Antwerpseweg 195,2023-09-13,04:00:00,0,0,0,FMN GV 10 Beerse
39,Antwerpseweg 195,2023-09-13,05:00:00,17,16,1,FMN GV 10 Beerse
39,Antwerpseweg 195,2023-09-13,06:00:00,16,13,3,FMN GV 10 Beerse
39,Antwerpseweg 195,2023-09-13,07:00:00,69,62,7,FMN GV 10 Beerse
39,Antwerpseweg 195,2023-09-13,08:00:00,38,34,4,FMN GV 10 Beerse
39,Antwerpseweg 195,2023-09-13,09:00:00,14,11,3,FMN GV 10 Beerse
39,Antwerpseweg 195,2023-09-13,10:00:00,18,12,6,FMN GV 10 Beerse
39,Antwerpseweg 195,2023-09-13,11:00:00,15,8,7,FMN GV 10 Beerse
39,Antwerpseweg 195,2023-09-13,12:00:00,80,69,11,FMN GV 10 Beerse
39,Antwerpseweg 195,2023-09-13,13:00:00,49,42,7,FMN GV 10 Beerse
39,Antwerpseweg 195,2023-09-13,14:00:00,32,22,10,FMN GV 10 Beerse
39,Antwerpseweg 195,2023-09-13,15:00:00,31,18,13,FMN GV 10 Beerse
39,Antwerpseweg 195,2023-09-13,16:00:00,36,22,14,FMN GV 10 Beerse
39,Antwerpseweg 195,2023-09-13,17:00:00,40,23,17,FMN GV 10 Beerse
39,Antwerpseweg 195,2023-09-13,18:00:00,36,27,9,FMN GV 10 Beerse
39,Antwerpseweg 195,2023-09-13,19:00:00,11,9,2,FMN GV 10 Beerse
39,Antwerpseweg 195,2023-09-13,20:00:00,14,9,5,FMN GV 10 Beerse
39,Antwerpseweg 195,2023-09-13,21:00:00,15,11,4,FMN GV 10 Beerse
39,Antwerpseweg 195,2023-09-13,22:00:00,12,7,5,FMN GV 10 Beerse
39,Antwerpseweg 195,2023-09-13,23:00:00,1,1,0,FMN GV 10 Beerse
39,Antwerpseweg 195,2023-09-14,00:00:00,0,0,0,FMN GV 10 Beerse
39,Antwerpseweg 195,2023-09-14,01:00:00,0,0,0,FMN GV 10 Beerse
39,Antwerpseweg 195,2023-09-14,02:00:00,0,0,0,FMN GV 10 Beerse
39,Antwerpseweg 195,2023-09-14,03:00:00,0,0,0,FMN GV 10 Beerse
39,Antwerpseweg 195,2023-09-14,04:00:00,1,1,0,FMN GV 10 Beerse
39,Antwerpseweg 195,2023-09-14,05:00:00,12,12,0,FMN GV 10 Beerse
39,Antwerpseweg 195,2023-09-14,06:00:00,20,18,2,FMN GV 10 Beerse
39,Antwerpseweg 195,2023-09-14,07:00:00,68,60,8,FMN GV 10 Beerse
39,Antwerpseweg 195,2023-09-14,08:00:00,44,37,7,FMN GV 10 Beerse
39,Antwerpseweg 195,2023-09-14,09:00:00,22,15,7,FMN GV 10 Beerse
39,Antwerpseweg 195,2023-09-14,10:00:00,13,7,6,FMN GV 10 Beerse
39,Antwerpseweg 195,2023-09-14,11:00:00,17,13,4,FMN GV 10 Beerse
39,Antwerpseweg 195,2023-09-14,12:00:00,27,24,3,FMN GV 10 Beerse
39,Antwerpseweg 195,2023-09-14,13:00:00,18,14,4,FMN GV 10 Beerse
39,Antwerpseweg 195,2023-09-14,14:00:00,28,21,7,FMN GV 10 Beerse
39,Antwerpseweg 195,2023-09-14,15:00:00,61,44,17,FMN GV 10 Beerse
39,Antwerpseweg 195,2023-09-14,16:00:00,81,54,27,FMN GV 10 Beerse
39,Antwerpseweg 195,2023-09-14,17:00:00,55,30,25,FMN GV 10 Beerse
39,Antwerpseweg 195,2023-09-14,18:00:00,30,18,12,FMN GV 10 Beerse
39,Antwerpseweg 195,2023-09-14,19:00:00,18,10,8,FMN GV 10 Beerse
39,Antwerpseweg 195,2023-09-14,20:00:00,11,8,3,FMN GV 10 Beerse
39,Antwerpseweg 195,2023-09-14,21:00:00,9,9,0,FMN GV 10 Beerse
39,Antwerpseweg 195,2023-09-14,22:00:00,12,7,5,FMN GV 10 Beerse
39,Antwerpseweg 195,2023-09-14,23:00:00,5,2,3,FMN GV 10 Beerse
39,Antwerpseweg 195,2023-09-15,00:00:00,1,1,0,FMN GV 10 Beerse
39,Antwerpseweg 195,2023-09-15,01:00:00,1,1,0,FMN GV 10 Beerse
39,Antwerpseweg 195,2023-09-15,02:00:00,0,0,0,FMN GV 10 Beerse
39,Antwerpseweg 195,2023-09-15,03:00:00,1,1,0,FMN GV 10 Beerse
39,Antwerpseweg 195,2023-09-15,04:00:00,1,1,0,FMN GV 10 Beerse
39,Antwerpseweg 195,2023-09-15,05:00:00,9,9,0,FMN GV 10 Beerse
39,Antwerpseweg 195,2023-09-15,06:00:00,14,13,1,FMN GV 10 Beerse
39,Antwerpseweg 195,2023-09-15,07:00:00,52,45,7,FMN GV 10 Beerse
39,Antwerpseweg 195,2023-09-15,08:00:00,34,28,6,FMN GV 10 Beerse
39,Antwerpseweg 195,2023-09-15,09:00:00,20,12,8,FMN GV 10 Beerse
39,Antwerpseweg 195,2023-09-15,10:00:00,23,18,5,FMN GV 10 Beerse
39,Antwerpseweg 195,2023-09-15,11:00:00,31,21,10,FMN GV 10 Beerse
39,Antwerpseweg 195,2023-09-15,12:00:00,39,30,9,FMN GV 10 Beerse
39,Antwerpseweg 195,2023-09-15,13:00:00,51,43,8,FMN GV 10 Beerse
39,Antwerpseweg 195,2023-09-15,14:00:00,34,20,14,FMN GV 10 Beerse
39,Antwerpseweg 195,2023-09-15,15:00:00,71,51,20,FMN GV 10 Beerse
39,Antwerpseweg 195,2023-09-15,16:00:00,77,59,18,FMN GV 10 Beerse
39,Antwerpseweg 195,2023-09-15,17:00:00,31,13,18,FMN GV 10 Beerse
39,Antwerpseweg 195,2023-09-15,18:00:00,32,19,13,FMN GV 10 Beerse
39,Antwerpseweg 195,2023-09-15,19:00:00,18,8,10,FMN GV 10 Beerse
39,Antwerpseweg 195,2023-09-15,20:00:00,23,10,13,FMN GV 10 Beerse
39,Antwerpseweg 195,2023-09-15,21:00:00,11,9,2,FMN GV 10 Beerse
39,Antwerpseweg 195,2023-09-15,22:00:00,12,9,3,FMN GV 10 Beerse
39,Antwerpseweg 195,2023-09-15,23:00:00,6,2,4,FMN GV 10 Beerse
39,Antwerpseweg 195,2023-09-16,00:00:00,1,1,0,FMN GV 10 Beerse
39,Antwerpseweg 195,2023-09-16,01:00:00,0,0,0,FMN GV 10 Beerse
39,Antwerpseweg 195,2023-09-16,02:00:00,2,2,0,FMN GV 10 Beerse
39,Antwerpseweg 195,2023-09-16,03:00:00,4,0,4,FMN GV 10 Beerse
39,Antwerpseweg 195,2023-09-16,04:00:00,3,2,1,FMN GV 10 Beerse
39,Antwerpseweg 195,2023-09-16,05:00:00,2,2,0,FMN GV 10 Beerse
39,Antwerpseweg 195,2023-09-16,06:00:00,3,3,0,FMN GV 10 Beerse
39,Antwerpseweg 195,2023-09-16,07:00:00,4,4,0,FMN GV 10 Beerse
39,Antwerpseweg 195,2023-09-16,08:00:00,13,9,4,FMN GV 10 Beerse
39,Antwerpseweg 195,2023-09-16,09:00:00,15,9,6,FMN GV 10 Beerse
39,Antwerpseweg 195,2023-09-16,10:00:00,24,17,7,FMN GV 10 Beerse
39,Antwerpseweg 195,2023-09-16,11:00:00,25,14,11,FMN GV 10 Beerse
39,Antwerpseweg 195,2023-09-16,12:00:00,35,18,17,FMN GV 10 Beerse
39,Antwerpseweg 195,2023-09-16,13:00:00,50,35,15,FMN GV 10 Beerse
39,Antwerpseweg 195,2023-09-16,14:00:00,54,37,17,FMN GV 10 Beerse
39,Antwerpseweg 195,2023-09-16,15:00:00,42,31,11,FMN GV 10 Beerse
39,Antwerpseweg 195,2023-09-16,16:00:00,31,20,11,FMN GV 10 Beerse
39,Antwerpseweg 195,2023-09-16,17:00:00,33,23,10,FMN GV 10 Beerse
39,Antwerpseweg 195,2023-09-16,18:00:00,17,13,4,FMN GV 10 Beerse
39,Antwerpseweg 195,2023-09-16,19:00:00,18,11,7,FMN GV 10 Beerse
39,Antwerpseweg 195,2023-09-16,20:00:00,11,11,0,FMN GV 10 Beerse
39,Antwerpseweg 195,2023-09-16,21:00:00,15,9,6,FMN GV 10 Beerse
39,Antwerpseweg 195,2023-09-16,22:00:00,8,5,3,FMN GV 10 Beerse
39,Antwerpseweg 195,2023-09-16,23:00:00,2,1,1,FMN GV 10 Beerse
39,Antwerpseweg 195,2023-09-17,00:00:00,4,2,2,FMN GV 10 Beerse
39,Antwerpseweg 195,2023-09-17,01:00:00,6,4,2,FMN GV 10 Beerse
39,Antwerpseweg 195,2023-09-17,02:00:00,1,1,0,FMN GV 10 Beerse
39,Antwerpseweg 195,2023-09-17,03:00:00,4,0,4,FMN GV 10 Beerse
39,Antwerpseweg 195,2023-09-17,04:00:00,3,1,2,FMN GV 10 Beerse
39,Antwerpseweg 195,2023-09-17,05:00:00,1,1,0,FMN GV 10 Beerse
39,Antwerpseweg 195,2023-09-17,06:00:00,2,2,0,FMN GV 10 Beerse
39,Antwerpseweg 195,2023-09-17,07:00:00,0,0,0,FMN GV 10 Beerse
39,Antwerpseweg 195,2023-09-17,08:00:00,6,5,1,FMN GV 10 Beerse
39,Antwerpseweg 195,2023-09-17,09:00:00,10,8,2,FMN GV 10 Beerse
39,Antwerpseweg 195,2023-09-17,10:00:00,14,6,8,FMN GV 10 Beerse
39,Antwerpseweg 195,2023-09-17,11:00:00,22,10,12,FMN GV 10 Beerse
39,Antwerpseweg 195,2023-09-17,12:00:00,22,15,7,FMN GV 10 Beerse
39,Antwerpseweg 195,2023-09-17,13:00:00,40,29,11,FMN GV 10 Beerse
39,Antwerpseweg 195,2023-09-17,14:00:00,40,25,15,FMN GV 10 Beerse
39,Antwerpseweg 195,2023-09-17,15:00:00,33,17,16,FMN GV 10 Beerse
39,Antwerpseweg 195,2023-09-17,16:00:00,30,21,9,FMN GV 10 Beerse
39,Antwerpseweg 195,2023-09-17,17:00:00,30,15,15,FMN GV 10 Beerse
39,Antwerpseweg 195,2023-09-17,18:00:00,14,9,5,FMN GV 10 Beerse
39,Antwerpseweg 195,2023-09-17,19:00:00,16,11,5,FMN GV 10 Beerse
39,Antwerpseweg 195,2023-09-17,20:00:00,6,4,2,FMN GV 10 Beerse
39,Antwerpseweg 195,2023-09-17,21:00:00,6,6,0,FMN GV 10 Beerse
39,Antwerpseweg 195,2023-09-17,22:00:00,1,0,1,FMN GV 10 Beerse
39,Antwerpseweg 195,2023-09-17,23:00:00,2,2,0,FMN GV 10 Beerse
39,Antwerpseweg 195,2023-09-18,00:00:00,1,0,1,FMN GV 10 Beerse
39,Antwerpseweg 195,2023-09-18,01:00:00,0,0,0,FMN GV 10 Beerse
39,Antwerpseweg 195,2023-09-18,02:00:00,1,0,1,FMN GV 10 Beerse
39,Antwerpseweg 195,2023-09-18,03:00:00,0,0,0,FMN GV 10 Beerse
39,Antwerpseweg 195,2023-09-18,04:00:00,2,2,0,FMN GV 10 Beerse
39,Antwerpseweg 195,2023-09-18,05:00:00,14,14,0,FMN GV 10 Beerse
39,Antwerpseweg 195,2023-09-18,06:00:00,11,9,2,FMN GV 10 Beerse
39,Antwerpseweg 195,2023-09-18,07:00:00,63,55,8,FMN GV 10 Beerse
39,Antwerpseweg 195,2023-09-18,08:00:00,42,38,4,FMN GV 10 Beerse
39,Antwerpseweg 195,2023-09-18,09:00:00,8,7,1,FMN GV 10 Beerse
39,Antwerpseweg 195,2023-09-18,10:00:00,10,9,1,FMN GV 10 Beerse
39,Antwerpseweg 195,2023-09-18,11:00:00,13,9,4,FMN GV 10 Beerse
39,Antwerpseweg 195,2023-09-18,12:00:00,8,6,2,FMN GV 10 Beerse
39,Antwerpseweg 195,2023-09-18,13:00:00,20,13,7,FMN GV 10 Beerse
39,Antwerpseweg 195,2023-09-18,14:00:00,22,13,9,FMN GV 10 Beerse
39,Antwerpseweg 195,2023-09-18,15:00:00,51,36,15,FMN GV 10 Beerse
39,Antwerpseweg 195,2023-09-18,16:00:00,63,43,20,FMN GV 10 Beerse
39,Antwerpseweg 195,2023-09-18,17:00:00,37,25,12,FMN GV 10 Beerse
39,Antwerpseweg 195,2023-09-18,18:00:00,17,12,5,FMN GV 10 Beerse
39,Antwerpseweg 195,2023-09-18,19:00:00,9,5,4,FMN GV 10 Beerse
39,Antwerpseweg 195,2023-09-18,20:00:00,12,8,4,FMN GV 10 Beerse
39,Antwerpseweg 195,2023-09-18,21:00:00,7,4,3,FMN GV 10 Beerse
39,Antwerpseweg 195,2023-09-18,22:00:00,4,2,2,FMN GV 10 Beerse
39,Antwerpseweg 195,2023-09-18,23:00:00,0,0,0,FMN GV 10 Beerse
39,Antwerpseweg 195,2023-09-19,00:00:00,1,0,1,FMN GV 10 Beerse
39,Antwerpseweg 195,2023-09-19,01:00:00,0,0,0,FMN GV 10 Beerse
39,Antwerpseweg 195,2023-09-19,02:00:00,0,0,0,FMN GV 10 Beerse
39,Antwerpseweg 195,2023-09-19,03:00:00,0,0,0,FMN GV 10 Beerse
39,Antwerpseweg 195,2023-09-19,04:00:00,2,2,0,FMN GV 10 Beerse
39,Antwerpseweg 195,2023-09-19,05:00:00,14,14,0,FMN GV 10 Beerse
39,Antwerpseweg 195,2023-09-19,06:00:00,14,13,1,FMN GV 10 Beerse
39,Antwerpseweg 195,2023-09-19,07:00:00,70,64,6,FMN GV 10 Beerse
39,Antwerpseweg 195,2023-09-19,08:00:00,34,33,1,FMN GV 10 Beerse
39,Antwerpseweg 195,2023-09-19,09:00:00,16,8,8,FMN GV 10 Beerse
39,Antwerpseweg 195,2023-09-19,10:00:00,18,15,3,FMN GV 10 Beerse
39,Antwerpseweg 195,2023-09-19,11:00:00,9,8,1,FMN GV 10 Beerse
39,Antwerpseweg 195,2023-09-19,12:00:00,15,12,3,FMN GV 10 Beerse
39,Antwerpseweg 195,2023-09-19,13:00:00,49,34,15,FMN GV 10 Beerse
39,Antwerpseweg 195,2023-09-19,14:00:00,24,13,11,FMN GV 10 Beerse
39,Antwerpseweg 195,2023-09-19,15:00:00,41,33,8,FMN GV 10 Beerse
39,Antwerpseweg 195,2023-09-19,16:00:00,74,47,27,FMN GV 10 Beerse
39,Antwerpseweg 195,2023-09-19,17:00:00,50,25,25,FMN GV 10 Beerse
39,Antwerpseweg 195,2023-09-19,18:00:00,22,20,2,FMN GV 10 Beerse
39,Antwerpseweg 195,2023-09-19,19:00:00,7,4,3,FMN GV 10 Beerse
39,Antwerpseweg 195,2023-09-19,20:00:00,10,5,5,FMN GV 10 Beerse
39,Antwerpseweg 195,2023-09-19,21:00:00,4,2,2,FMN GV 10 Beerse
39,Antwerpseweg 195,2023-09-19,22:00:00,8,5,3,FMN GV 10 Beerse
39,Antwerpseweg 195,2023-09-19,23:00:00,2,2,0,FMN GV 10 Beerse
39,Antwerpseweg 195,2023-09-20,00:00:00,0,0,0,FMN GV 10 Beerse
39,Antwerpseweg 195,2023-09-20,01:00:00,0,0,0,FMN GV 10 Beerse
39,Antwerpseweg 195,2023-09-20,02:00:00,0,0,0,FMN GV 10 Beerse
39,Antwerpseweg 195,2023-09-20,03:00:00,0,0,0,FMN GV 10 Beerse
39,Antwerpseweg 195,2023-09-20,04:00:00,1,1,0,FMN GV 10 Beerse
39,Antwerpseweg 195,2023-09-20,05:00:00,10,10,0,FMN GV 10 Beerse
39,Antwerpseweg 195,2023-09-20,06:00:00,15,13,2,FMN GV 10 Beerse
39,Antwerpseweg 195,2023-09-20,07:00:00,83,76,7,FMN GV 10 Beerse
39,Antwerpseweg 195,2023-09-20,08:00:00,39,31,8,FMN GV 10 Beerse
39,Antwerpseweg 195,2023-09-20,09:00:00,18,13,5,FMN GV 10 Beerse
39,Antwerpseweg 195,2023-09-20,10:00:00,17,15,2,FMN GV 10 Beerse
39,Antwerpseweg 195,2023-09-20,11:00:00,16,10,6,FMN GV 10 Beerse
39,Antwerpseweg 195,2023-09-20,12:00:00,73,65,8,FMN GV 10 Beerse
39,Antwerpseweg 195,2023-09-20,13:00:00,49,35,14,FMN GV 10 Beerse
39,Antwerpseweg 195,2023-09-20,14:00:00,41,31,10,FMN GV 10 Beerse
39,Antwerpseweg 195,2023-09-20,15:00:00,18,14,4,FMN GV 10 Beerse
39,Antwerpseweg 195,2023-09-20,16:00:00,46,37,9,FMN GV 10 Beerse
39,Antwerpseweg 195,2023-09-20,17:00:00,47,26,21,FMN GV 10 Beerse
39,Antwerpseweg 195,2023-09-20,18:00:00,19,11,8,FMN GV 10 Beerse
39,Antwerpseweg 195,2023-09-20,19:00:00,19,8,11,FMN GV 10 Beerse
39,Antwerpseweg 195,2023-09-20,20:00:00,18,12,6,FMN GV 10 Beerse
39,Antwerpseweg 195,2023-09-20,21:00:00,8,7,1,FMN GV 10 Beerse
39,Antwerpseweg 195,2023-09-20,22:00:00,5,3,2,FMN GV 10 Beerse
39,Antwerpseweg 195,2023-09-20,23:00:00,1,0,1,FMN GV 10 Beerse
39,Antwerpseweg 195,2023-09-21,00:00:00,0,0,0,FMN GV 10 Beerse
39,Antwerpseweg 195,2023-09-21,01:00:00,0,0,0,FMN GV 10 Beerse
39,Antwerpseweg 195,2023-09-21,02:00:00,0,0,0,FMN GV 10 Beerse
39,Antwerpseweg 195,2023-09-21,03:00:00,0,0,0,FMN GV 10 Beerse
39,Antwerpseweg 195,2023-09-21,04:00:00,0,0,0,FMN GV 10 Beerse
39,Antwerpseweg 195,2023-09-21,05:00:00,17,17,0,FMN GV 10 Beerse
39,Antwerpseweg 195,2023-09-21,06:00:00,9,8,1,FMN GV 10 Beerse
39,Antwerpseweg 195,2023-09-21,07:00:00,38,34,4,FMN GV 10 Beerse
39,Antwerpseweg 195,2023-09-21,08:00:00,13,10,3,FMN GV 10 Beerse
39,Antwerpseweg 195,2023-09-21,09:00:00,6,2,4,FMN GV 10 Beerse
39,Antwerpseweg 195,2023-09-21,10:00:00,2,2,0,FMN GV 10 Beerse
39,Antwerpseweg 195,2023-09-21,11:00:00,1,1,0,FMN GV 10 Beerse
39,Antwerpseweg 195,2023-09-21,12:00:00,0,0,0,FMN GV 10 Beerse
39,Antwerpseweg 195,2023-09-21,13:00:00,13,11,2,FMN GV 10 Beerse
39,Antwerpseweg 195,2023-09-21,14:00:00,10,8,2,FMN GV 10 Beerse
39,Antwerpseweg 195,2023-09-21,15:00:00,16,10,6,FMN GV 10 Beerse
39,Antwerpseweg 195,2023-09-21,16:00:00,24,20,4,FMN GV 10 Beerse
39,Antwerpseweg 195,2023-09-21,17:00:00,10,4,6,FMN GV 10 Beerse
39,Antwerpseweg 195,2023-09-21,18:00:00,14,11,3,FMN GV 10 Beerse
39,Antwerpseweg 195,2023-09-21,19:00:00,2,2,0,FMN GV 10 Beerse
39,Antwerpseweg 195,2023-09-21,20:00:00,1,1,0,FMN GV 10 Beerse
39,Antwerpseweg 195,2023-09-21,21:00:00,6,6,0,FMN GV 10 Beerse
39,Antwerpseweg 195,2023-09-21,22:00:00,7,7,0,FMN GV 10 Beerse
39,Antwerpseweg 195,2023-09-21,23:00:00,0,0,0,FMN GV 10 Beerse
39,Antwerpseweg 195,2023-09-22,00:00:00,0,0,0,FMN GV 10 Beerse
39,Antwerpseweg 195,2023-09-22,01:00:00,0,0,0,FMN GV 10 Beerse
39,Antwerpseweg 195,2023-09-22,02:00:00,0,0,0,FMN GV 10 Beerse
39,Antwerpseweg 195,2023-09-22,03:00:00,0,0,0,FMN GV 10 Beerse
39,Antwerpseweg 195,2023-09-22,04:00:00,1,1,0,FMN GV 10 Beerse
39,Antwerpseweg 195,2023-09-22,05:00:00,13,12,1,FMN GV 10 Beerse
39,Antwerpseweg 195,2023-09-22,06:00:00,10,9,1,FMN GV 10 Beerse
39,Antwerpseweg 195,2023-09-22,07:00:00,47,43,4,FMN GV 10 Beerse
39,Antwerpseweg 195,2023-09-22,08:00:00,30,24,6,FMN GV 10 Beerse
39,Antwerpseweg 195,2023-09-22,09:00:00,9,8,1,FMN GV 10 Beerse
39,Antwerpseweg 195,2023-09-22,10:00:00,13,9,4,FMN GV 10 Beerse
39,Antwerpseweg 195,2023-09-22,11:00:00,18,15,3,FMN GV 10 Beerse
39,Antwerpseweg 195,2023-09-22,12:00:00,18,12,6,FMN GV 10 Beerse
39,Antwerpseweg 195,2023-09-22,13:00:00,19,15,4,FMN GV 10 Beerse
39,Antwerpseweg 195,2023-09-22,14:00:00,33,20,13,FMN GV 10 Beerse
39,Antwerpseweg 195,2023-09-22,15:00:00,38,30,8,FMN GV 10 Beerse
39,Antwerpseweg 195,2023-09-22,16:00:00,36,25,11,FMN GV 10 Beerse
39,Antwerpseweg 195,2023-09-22,17:00:00,20,15,5,FMN GV 10 Beerse
39,Antwerpseweg 195,2023-09-22,18:00:00,13,10,3,FMN GV 10 Beerse
39,Antwerpseweg 195,2023-09-22,19:00:00,7,4,3,FMN GV 10 Beerse
39,Antwerpseweg 195,2023-09-22,20:00:00,8,3,5,FMN GV 10 Beerse
39,Antwerpseweg 195,2023-09-22,21:00:00,3,2,1,FMN GV 10 Beerse
39,Antwerpseweg 195,2023-09-22,22:00:00,7,5,2,FMN GV 10 Beerse
39,Antwerpseweg 195,2023-09-22,23:00:00,0,0,0,FMN GV 10 Beerse
39,Antwerpseweg 195,2023-09-23,00:00:00,2,0,2,FMN GV 10 Beerse
39,Antwerpseweg 195,2023-09-23,01:00:00,0,0,0,FMN GV 10 Beerse
39,Antwerpseweg 195,2023-09-23,02:00:00,1,1,0,FMN GV 10 Beerse
39,Antwerpseweg 195,2023-09-23,03:00:00,2,2,0,FMN GV 10 Beerse
39,Antwerpseweg 195,2023-09-23,04:00:00,0,0,0,FMN GV 10 Beerse
39,Antwerpseweg 195,2023-09-23,05:00:00,3,3,0,FMN GV 10 Beerse
39,Antwerpseweg 195,2023-09-23,06:00:00,1,1,0,FMN GV 10 Beerse
39,Antwerpseweg 195,2023-09-23,07:00:00,4,2,2,FMN GV 10 Beerse
39,Antwerpseweg 195,2023-09-23,08:00:00,8,6,2,FMN GV 10 Beerse
39,Antwerpseweg 195,2023-09-23,09:00:00,13,7,6,FMN GV 10 Beerse
39,Antwerpseweg 195,2023-09-23,10:00:00,11,8,3,FMN GV 10 Beerse
39,Antwerpseweg 195,2023-09-23,11:00:00,14,8,6,FMN GV 10 Beerse
39,Antwerpseweg 195,2023-09-23,12:00:00,21,12,9,FMN GV 10 Beerse
39,Antwerpseweg 195,2023-09-23,13:00:00,21,16,5,FMN GV 10 Beerse
39,Antwerpseweg 195,2023-09-23,14:00:00,21,16,5,FMN GV 10 Beerse
39,Antwerpseweg 195,2023-09-23,15:00:00,19,15,4,FMN GV 10 Beerse
39,Antwerpseweg 195,2023-09-23,16:00:00,17,11,6,FMN GV 10 Beerse
39,Antwerpseweg 195,2023-09-23,17:00:00,8,7,1,FMN GV 10 Beerse
39,Antwerpseweg 195,2023-09-23,18:00:00,19,16,3,FMN GV 10 Beerse
39,Antwerpseweg 195,2023-09-23,19:00:00,9,6,3,FMN GV 10 Beerse
39,Antwerpseweg 195,2023-09-23,20:00:00,9,6,3,FMN GV 10 Beerse
39,Antwerpseweg 195,2023-09-23,21:00:00,5,3,2,FMN GV 10 Beerse
39,Antwerpseweg 195,2023-09-23,22:00:00,4,4,0,FMN GV 10 Beerse
39,Antwerpseweg 195,2023-09-23,23:00:00,1,1,0,FMN GV 10 Beerse
39,Antwerpseweg 195,2023-09-24,00:00:00,2,2,0,FMN GV 10 Beerse
39,Antwerpseweg 195,2023-09-24,01:00:00,3,2,1,FMN GV 10 Beerse
39,Antwerpseweg 195,2023-09-24,02:00:00,3,1,2,FMN GV 10 Beerse
39,Antwerpseweg 195,2023-09-24,03:00:00,0,0,0,FMN GV 10 Beerse
39,Antwerpseweg 195,2023-09-24,04:00:00,0,0,0,FMN GV 10 Beerse
39,Antwerpseweg 195,2023-09-24,05:00:00,0,0,0,FMN GV 10 Beerse
39,Antwerpseweg 195,2023-09-24,06:00:00,0,0,0,FMN GV 10 Beerse
39,Antwerpseweg 195,2023-09-24,07:00:00,1,0,1,FMN GV 10 Beerse
39,Antwerpseweg 195,2023-09-24,08:00:00,2,2,0,FMN GV 10 Beerse
39,Antwerpseweg 195,2023-09-24,09:00:00,11,9,2,FMN GV 10 Beerse
39,Antwerpseweg 195,2023-09-24,10:00:00,15,11,4,FMN GV 10 Beerse
39,Antwerpseweg 195,2023-09-24,11:00:00,15,11,4,FMN GV 10 Beerse
39,Antwerpseweg 195,2023-09-24,12:00:00,21,17,4,FMN GV 10 Beerse
39,Antwerpseweg 195,2023-09-24,13:00:00,38,24,14,FMN GV 10 Beerse
39,Antwerpseweg 195,2023-09-24,14:00:00,56,37,19,FMN GV 10 Beerse
39,Antwerpseweg 195,2023-09-24,15:00:00,49,37,12,FMN GV 10 Beerse
39,Antwerpseweg 195,2023-09-24,16:00:00,40,25,15,FMN GV 10 Beerse
39,Antwerpseweg 195,2023-09-24,17:00:00,50,29,21,FMN GV 10 Beerse
39,Antwerpseweg 195,2023-09-24,18:00:00,29,18,11,FMN GV 10 Beerse
39,Antwerpseweg 195,2023-09-24,19:00:00,21,12,9,FMN GV 10 Beerse
39,Antwerpseweg 195,2023-09-24,20:00:00,4,4,0,FMN GV 10 Beerse
39,Antwerpseweg 195,2023-09-24,21:00:00,7,4,3,FMN GV 10 Beerse
39,Antwerpseweg 195,2023-09-24,22:00:00,3,1,2,FMN GV 10 Beerse
39,Antwerpseweg 195,2023-09-24,23:00:00,0,0,0,FMN GV 10 Beerse
39,Antwerpseweg 195,2023-09-25,00:00:00,1,0,1,FMN GV 10 Beerse
39,Antwerpseweg 195,2023-09-25,01:00:00,0,0,0,FMN GV 10 Beerse
39,Antwerpseweg 195,2023-09-25,02:00:00,0,0,0,FMN GV 10 Beerse
39,Antwerpseweg 195,2023-09-25,03:00:00,0,0,0,FMN GV 10 Beerse
39,Antwerpseweg 195,2023-09-25,04:00:00,2,2,0,FMN GV 10 Beerse
39,Antwerpseweg 195,2023-09-25,05:00:00,15,15,0,FMN GV 10 Beerse
39,Antwerpseweg 195,2023-09-25,06:00:00,16,14,2,FMN GV 10 Beerse
39,Antwerpseweg 195,2023-09-25,07:00:00,73,68,5,FMN GV 10 Beerse
39,Antwerpseweg 195,2023-09-25,08:00:00,47,43,4,FMN GV 10 Beerse
39,Antwerpseweg 195,2023-09-25,09:00:00,8,8,0,FMN GV 10 Beerse
39,Antwerpseweg 195,2023-09-25,10:00:00,12,7,5,FMN GV 10 Beerse
39,Antwerpseweg 195,2023-09-25,11:00:00,11,8,3,FMN GV 10 Beerse
39,Antwerpseweg 195,2023-09-25,12:00:00,14,11,3,FMN GV 10 Beerse
39,Antwerpseweg 195,2023-09-25,13:00:00,36,27,9,FMN GV 10 Beerse
39,Antwerpseweg 195,2023-09-25,14:00:00,26,22,4,FMN GV 10 Beerse
39,Antwerpseweg 195,2023-09-25,15:00:00,86,55,31,FMN GV 10 Beerse
39,Antwerpseweg 195,2023-09-25,16:00:00,97,69,28,FMN GV 10 Beerse
39,Antwerpseweg 195,2023-09-25,17:00:00,37,20,17,FMN GV 10 Beerse
39,Antwerpseweg 195,2023-09-25,18:00:00,18,14,4,FMN GV 10 Beerse
39,Antwerpseweg 195,2023-09-25,19:00:00,7,6,1,FMN GV 10 Beerse
39,Antwerpseweg 195,2023-09-25,20:00:00,6,5,1,FMN GV 10 Beerse
39,Antwerpseweg 195,2023-09-25,21:00:00,7,5,2,FMN GV 10 Beerse
39,Antwerpseweg 195,2023-09-25,22:00:00,7,5,2,FMN GV 10 Beerse
39,Antwerpseweg 195,2023-09-25,23:00:00,2,2,0,FMN GV 10 Beerse
39,Antwerpseweg 195,2023-09-26,00:00:00,0,0,0,FMN GV 10 Beerse
39,Antwerpseweg 195,2023-09-26,01:00:00,1,0,1,FMN GV 10 Beerse
39,Antwerpseweg 195,2023-09-26,02:00:00,0,0,0,FMN GV 10 Beerse
39,Antwerpseweg 195,2023-09-26,03:00:00,1,1,0,FMN GV 10 Beerse
39,Antwerpseweg 195,2023-09-26,04:00:00,4,4,0,FMN GV 10 Beerse
39,Antwerpseweg 195,2023-09-26,05:00:00,13,13,0,FMN GV 10 Beerse
39,Antwerpseweg 195,2023-09-26,06:00:00,21,15,6,FMN GV 10 Beerse
39,Antwerpseweg 195,2023-09-26,07:00:00,91,79,12,FMN GV 10 Beerse
39,Antwerpseweg 195,2023-09-26,08:00:00,42,39,3,FMN GV 10 Beerse
39,Antwerpseweg 195,2023-09-26,09:00:00,14,9,5,FMN GV 10 Beerse
39,Antwerpseweg 195,2023-09-26,10:00:00,13,9,4,FMN GV 10 Beerse
39,Antwerpseweg 195,2023-09-26,11:00:00,15,11,4,FMN GV 10 Beerse
39,Antwerpseweg 195,2023-09-26,12:00:00,23,17,6,FMN GV 10 Beerse
39,Antwerpseweg 195,2023-09-26,13:00:00,67,46,21,FMN GV 10 Beerse
39,Antwerpseweg 195,2023-09-26,14:00:00,27,19,8,FMN GV 10 Beerse
39,Antwerpseweg 195,2023-09-26,15:00:00,49,36,13,FMN GV 10 Beerse
39,Antwerpseweg 195,2023-09-26,16:00:00,87,64,23,FMN GV 10 Beerse
39,Antwerpseweg 195,2023-09-26,17:00:00,50,29,21,FMN GV 10 Beerse
39,Antwerpseweg 195,2023-09-26,18:00:00,16,9,7,FMN GV 10 Beerse
39,Antwerpseweg 195,2023-09-26,19:00:00,9,8,1,FMN GV 10 Beerse
39,Antwerpseweg 195,2023-09-26,20:00:00,7,5,2,FMN GV 10 Beerse
39,Antwerpseweg 195,2023-09-26,21:00:00,11,11,0,FMN GV 10 Beerse
39,Antwerpseweg 195,2023-09-26,22:00:00,12,7,5,FMN GV 10 Beerse
39,Antwerpseweg 195,2023-09-26,23:00:00,4,3,1,FMN GV 10 Beerse
39,Antwerpseweg 195,2023-09-27,00:00:00,0,0,0,FMN GV 10 Beerse
39,Antwerpseweg 195,2023-09-27,01:00:00,0,0,0,FMN GV 10 Beerse
39,Antwerpseweg 195,2023-09-27,02:00:00,0,0,0,FMN GV 10 Beerse
39,Antwerpseweg 195,2023-09-27,03:00:00,0,0,0,FMN GV 10 Beerse
39,Antwerpseweg 195,2023-09-27,04:00:00,2,2,0,FMN GV 10 Beerse
39,Antwerpseweg 195,2023-09-27,05:00:00,13,13,0,FMN GV 10 Beerse
39,Antwerpseweg 195,2023-09-27,06:00:00,14,11,3,FMN GV 10 Beerse
39,Antwerpseweg 195,2023-09-27,07:00:00,0,0,0,FMN GV 10 Beerse
39,Antwerpseweg 195,2023-09-27,08:00:00,0,0,0,FMN GV 10 Beerse
39,Antwerpseweg 195,2023-09-27,09:00:00,0,0,0,FMN GV 10 Beerse
39,Antwerpseweg 195,2023-09-27,10:00:00,0,0,0,FMN GV 10 Beerse
39,Antwerpseweg 195,2023-09-27,11:00:00,0,0,0,FMN GV 10 Beerse
39,Antwerpseweg 195,2023-09-27,12:00:00,0,0,0,FMN GV 10 Beerse
39,Antwerpseweg 195,2023-09-27,13:00:00,0,0,0,FMN GV 10 Beerse
39,Antwerpseweg 195,2023-09-27,14:00:00,0,0,0,FMN GV 10 Beerse
39,Antwerpseweg 195,2023-09-27,15:00:00,0,0,0,FMN GV 10 Beerse
39,Antwerpseweg 195,2023-09-27,16:00:00,0,0,0,FMN GV 10 Beerse
39,Antwerpseweg 195,2023-09-27,17:00:00,0,0,0,FMN GV 10 Beerse
39,Antwerpseweg 195,2023-09-27,18:00:00,0,0,0,FMN GV 10 Beerse
39,Antwerpseweg 195,2023-09-27,19:00:00,0,0,0,FMN GV 10 Beerse
39,Antwerpseweg 195,2023-09-27,20:00:00,0,0,0,FMN GV 10 Beerse
39,Antwerpseweg 195,2023-09-27,21:00:00,0,0,0,FMN GV 10 Beerse
39,Antwerpseweg 195,2023-09-27,22:00:00,0,0,0,FMN GV 10 Beerse
39,Antwerpseweg 195,2023-09-27,23:00:00,0,0,0,FMN GV 10 Beerse
