Meetpunt surrogate key,Meetpunt locatie,Datum,Tijd,Aantal fietsers,Aantal fietsers van,Aantal fietsers naar,Meetpunt code
46,Statielei 16,2018-07-12,00:00:00,13,7,6,FMN GV 03 Hove
46,Statielei 16,2018-07-12,01:00:00,5,3,2,FMN GV 03 Hove
46,Statielei 16,2018-07-12,02:00:00,3,1,2,FMN GV 03 Hove
46,Statielei 16,2018-07-12,03:00:00,4,4,0,FMN GV 03 Hove
46,Statielei 16,2018-07-12,04:00:00,9,9,0,FMN GV 03 Hove
46,Statielei 16,2018-07-12,05:00:00,15,8,7,FMN GV 03 Hove
46,Statielei 16,2018-07-12,06:00:00,82,62,20,FMN GV 03 Hove
46,Statielei 16,2018-07-12,07:00:00,200,146,54,FMN GV 03 Hove
46,Statielei 16,2018-07-12,08:00:00,205,156,49,FMN GV 03 Hove
46,Statielei 16,2018-07-12,09:00:00,106,73,33,FMN GV 03 Hove
46,Statielei 16,2018-07-12,10:00:00,85,55,30,FMN GV 03 Hove
46,Statielei 16,2018-07-12,11:00:00,104,75,29,FMN GV 03 Hove
46,Statielei 16,2018-07-12,12:00:00,100,54,46,FMN GV 03 Hove
46,Statielei 16,2018-07-12,13:00:00,116,67,49,FMN GV 03 Hove
46,Statielei 16,2018-07-12,14:00:00,121,52,69,FMN GV 03 Hove
46,Statielei 16,2018-07-12,15:00:00,123,49,74,FMN GV 03 Hove
46,Statielei 16,2018-07-12,16:00:00,199,88,111,FMN GV 03 Hove
46,Statielei 16,2018-07-12,17:00:00,245,83,162,FMN GV 03 Hove
46,Statielei 16,2018-07-12,18:00:00,200,79,121,FMN GV 03 Hove
46,Statielei 16,2018-07-12,19:00:00,122,57,65,FMN GV 03 Hove
46,Statielei 16,2018-07-12,20:00:00,122,92,30,FMN GV 03 Hove
46,Statielei 16,2018-07-12,21:00:00,83,53,30,FMN GV 03 Hove
46,Statielei 16,2018-07-12,22:00:00,53,31,22,FMN GV 03 Hove
46,Statielei 16,2018-07-12,23:00:00,22,8,14,FMN GV 03 Hove
46,Statielei 16,2018-07-13,00:00:00,18,3,15,FMN GV 03 Hove
46,Statielei 16,2018-07-13,01:00:00,2,1,1,FMN GV 03 Hove
46,Statielei 16,2018-07-13,02:00:00,7,3,4,FMN GV 03 Hove
46,Statielei 16,2018-07-13,03:00:00,1,0,1,FMN GV 03 Hove
46,Statielei 16,2018-07-13,04:00:00,8,7,1,FMN GV 03 Hove
46,Statielei 16,2018-07-13,05:00:00,17,12,5,FMN GV 03 Hove
46,Statielei 16,2018-07-13,06:00:00,73,52,21,FMN GV 03 Hove
46,Statielei 16,2018-07-13,07:00:00,173,137,36,FMN GV 03 Hove
46,Statielei 16,2018-07-13,08:00:00,181,127,54,FMN GV 03 Hove
46,Statielei 16,2018-07-13,09:00:00,92,54,38,FMN GV 03 Hove
46,Statielei 16,2018-07-13,10:00:00,112,63,49,FMN GV 03 Hove
46,Statielei 16,2018-07-13,11:00:00,80,56,24,FMN GV 03 Hove
46,Statielei 16,2018-07-13,12:00:00,104,54,50,FMN GV 03 Hove
46,Statielei 16,2018-07-13,13:00:00,107,63,44,FMN GV 03 Hove
46,Statielei 16,2018-07-13,14:00:00,136,69,67,FMN GV 03 Hove
46,Statielei 16,2018-07-13,15:00:00,142,60,82,FMN GV 03 Hove
46,Statielei 16,2018-07-13,16:00:00,179,78,101,FMN GV 03 Hove
46,Statielei 16,2018-07-13,17:00:00,204,77,127,FMN GV 03 Hove
46,Statielei 16,2018-07-13,18:00:00,155,71,84,FMN GV 03 Hove
46,Statielei 16,2018-07-13,19:00:00,83,41,42,FMN GV 03 Hove
46,Statielei 16,2018-07-13,20:00:00,76,57,19,FMN GV 03 Hove
46,Statielei 16,2018-07-13,21:00:00,39,22,17,FMN GV 03 Hove
46,Statielei 16,2018-07-13,22:00:00,36,13,23,FMN GV 03 Hove
46,Statielei 16,2018-07-13,23:00:00,46,17,29,FMN GV 03 Hove
46,Statielei 16,2018-07-14,00:00:00,23,10,13,FMN GV 03 Hove
46,Statielei 16,2018-07-14,01:00:00,12,6,6,FMN GV 03 Hove
46,Statielei 16,2018-07-14,02:00:00,6,2,4,FMN GV 03 Hove
46,Statielei 16,2018-07-14,03:00:00,4,0,4,FMN GV 03 Hove
46,Statielei 16,2018-07-14,04:00:00,5,3,2,FMN GV 03 Hove
46,Statielei 16,2018-07-14,05:00:00,13,7,6,FMN GV 03 Hove
46,Statielei 16,2018-07-14,06:00:00,16,6,10,FMN GV 03 Hove
46,Statielei 16,2018-07-14,07:00:00,12,6,6,FMN GV 03 Hove
46,Statielei 16,2018-07-14,08:00:00,34,17,17,FMN GV 03 Hove
46,Statielei 16,2018-07-14,09:00:00,67,37,30,FMN GV 03 Hove
46,Statielei 16,2018-07-14,10:00:00,110,65,45,FMN GV 03 Hove
46,Statielei 16,2018-07-14,11:00:00,133,80,53,FMN GV 03 Hove
46,Statielei 16,2018-07-14,12:00:00,123,72,51,FMN GV 03 Hove
46,Statielei 16,2018-07-14,13:00:00,141,89,52,FMN GV 03 Hove
46,Statielei 16,2018-07-14,14:00:00,149,95,54,FMN GV 03 Hove
46,Statielei 16,2018-07-14,15:00:00,165,101,64,FMN GV 03 Hove
46,Statielei 16,2018-07-14,16:00:00,74,41,33,FMN GV 03 Hove
46,Statielei 16,2018-07-14,17:00:00,80,40,40,FMN GV 03 Hove
46,Statielei 16,2018-07-14,18:00:00,80,39,41,FMN GV 03 Hove
46,Statielei 16,2018-07-14,19:00:00,86,45,41,FMN GV 03 Hove
46,Statielei 16,2018-07-14,20:00:00,72,35,37,FMN GV 03 Hove
46,Statielei 16,2018-07-14,21:00:00,48,29,19,FMN GV 03 Hove
46,Statielei 16,2018-07-14,22:00:00,29,20,9,FMN GV 03 Hove
46,Statielei 16,2018-07-14,23:00:00,25,6,19,FMN GV 03 Hove
46,Statielei 16,2018-07-15,00:00:00,26,6,20,FMN GV 03 Hove
46,Statielei 16,2018-07-15,01:00:00,13,5,8,FMN GV 03 Hove
46,Statielei 16,2018-07-15,02:00:00,5,1,4,FMN GV 03 Hove
46,Statielei 16,2018-07-15,03:00:00,7,3,4,FMN GV 03 Hove
46,Statielei 16,2018-07-15,04:00:00,6,5,1,FMN GV 03 Hove
46,Statielei 16,2018-07-15,05:00:00,9,7,2,FMN GV 03 Hove
46,Statielei 16,2018-07-15,06:00:00,10,6,4,FMN GV 03 Hove
46,Statielei 16,2018-07-15,07:00:00,18,7,11,FMN GV 03 Hove
46,Statielei 16,2018-07-15,08:00:00,63,23,40,FMN GV 03 Hove
46,Statielei 16,2018-07-15,09:00:00,117,46,71,FMN GV 03 Hove
46,Statielei 16,2018-07-15,10:00:00,147,80,67,FMN GV 03 Hove
46,Statielei 16,2018-07-15,11:00:00,172,98,74,FMN GV 03 Hove
46,Statielei 16,2018-07-15,12:00:00,155,94,61,FMN GV 03 Hove
46,Statielei 16,2018-07-15,13:00:00,149,86,63,FMN GV 03 Hove
46,Statielei 16,2018-07-15,14:00:00,175,99,76,FMN GV 03 Hove
46,Statielei 16,2018-07-15,15:00:00,160,80,80,FMN GV 03 Hove
46,Statielei 16,2018-07-15,16:00:00,164,96,68,FMN GV 03 Hove
46,Statielei 16,2018-07-15,17:00:00,90,43,47,FMN GV 03 Hove
46,Statielei 16,2018-07-15,18:00:00,98,58,40,FMN GV 03 Hove
46,Statielei 16,2018-07-15,19:00:00,91,44,47,FMN GV 03 Hove
46,Statielei 16,2018-07-15,20:00:00,71,36,35,FMN GV 03 Hove
46,Statielei 16,2018-07-15,21:00:00,64,39,25,FMN GV 03 Hove
46,Statielei 16,2018-07-15,22:00:00,45,30,15,FMN GV 03 Hove
46,Statielei 16,2018-07-15,23:00:00,11,6,5,FMN GV 03 Hove
46,Statielei 16,2018-07-16,00:00:00,7,2,5,FMN GV 03 Hove
46,Statielei 16,2018-07-16,01:00:00,1,0,1,FMN GV 03 Hove
46,Statielei 16,2018-07-16,02:00:00,1,1,0,FMN GV 03 Hove
46,Statielei 16,2018-07-16,03:00:00,1,0,1,FMN GV 03 Hove
46,Statielei 16,2018-07-16,04:00:00,11,8,3,FMN GV 03 Hove
46,Statielei 16,2018-07-16,05:00:00,27,23,4,FMN GV 03 Hove
46,Statielei 16,2018-07-16,06:00:00,92,67,25,FMN GV 03 Hove
46,Statielei 16,2018-07-16,07:00:00,225,169,56,FMN GV 03 Hove
46,Statielei 16,2018-07-16,08:00:00,183,138,45,FMN GV 03 Hove
46,Statielei 16,2018-07-16,09:00:00,106,71,35,FMN GV 03 Hove
46,Statielei 16,2018-07-16,10:00:00,82,49,33,FMN GV 03 Hove
46,Statielei 16,2018-07-16,11:00:00,87,57,30,FMN GV 03 Hove
46,Statielei 16,2018-07-16,12:00:00,94,53,41,FMN GV 03 Hove
46,Statielei 16,2018-07-16,13:00:00,132,83,49,FMN GV 03 Hove
46,Statielei 16,2018-07-16,14:00:00,113,58,55,FMN GV 03 Hove
46,Statielei 16,2018-07-16,15:00:00,130,62,68,FMN GV 03 Hove
46,Statielei 16,2018-07-16,16:00:00,174,72,102,FMN GV 03 Hove
46,Statielei 16,2018-07-16,17:00:00,259,100,159,FMN GV 03 Hove
46,Statielei 16,2018-07-16,18:00:00,172,58,114,FMN GV 03 Hove
46,Statielei 16,2018-07-16,19:00:00,47,21,26,FMN GV 03 Hove
46,Statielei 16,2018-07-16,20:00:00,36,25,11,FMN GV 03 Hove
46,Statielei 16,2018-07-16,21:00:00,27,18,9,FMN GV 03 Hove
46,Statielei 16,2018-07-16,22:00:00,29,15,14,FMN GV 03 Hove
46,Statielei 16,2018-07-16,23:00:00,4,2,2,FMN GV 03 Hove
46,Statielei 16,2018-07-17,00:00:00,5,3,2,FMN GV 03 Hove
46,Statielei 16,2018-07-17,01:00:00,2,0,2,FMN GV 03 Hove
46,Statielei 16,2018-07-17,02:00:00,0,0,0,FMN GV 03 Hove
46,Statielei 16,2018-07-17,03:00:00,3,2,1,FMN GV 03 Hove
46,Statielei 16,2018-07-17,04:00:00,7,4,3,FMN GV 03 Hove
46,Statielei 16,2018-07-17,05:00:00,20,13,7,FMN GV 03 Hove
46,Statielei 16,2018-07-17,06:00:00,92,73,19,FMN GV 03 Hove
46,Statielei 16,2018-07-17,07:00:00,190,142,48,FMN GV 03 Hove
46,Statielei 16,2018-07-17,08:00:00,202,149,53,FMN GV 03 Hove
46,Statielei 16,2018-07-17,09:00:00,96,61,35,FMN GV 03 Hove
46,Statielei 16,2018-07-17,10:00:00,81,47,34,FMN GV 03 Hove
46,Statielei 16,2018-07-17,11:00:00,88,48,40,FMN GV 03 Hove
46,Statielei 16,2018-07-17,12:00:00,118,58,60,FMN GV 03 Hove
46,Statielei 16,2018-07-17,13:00:00,91,52,39,FMN GV 03 Hove
46,Statielei 16,2018-07-17,14:00:00,109,53,56,FMN GV 03 Hove
46,Statielei 16,2018-07-17,15:00:00,101,44,57,FMN GV 03 Hove
46,Statielei 16,2018-07-17,16:00:00,163,59,104,FMN GV 03 Hove
46,Statielei 16,2018-07-17,17:00:00,232,83,149,FMN GV 03 Hove
46,Statielei 16,2018-07-17,18:00:00,178,73,105,FMN GV 03 Hove
46,Statielei 16,2018-07-17,19:00:00,139,76,63,FMN GV 03 Hove
46,Statielei 16,2018-07-17,20:00:00,114,65,49,FMN GV 03 Hove
46,Statielei 16,2018-07-17,21:00:00,66,42,24,FMN GV 03 Hove
46,Statielei 16,2018-07-17,22:00:00,43,27,16,FMN GV 03 Hove
46,Statielei 16,2018-07-17,23:00:00,25,8,17,FMN GV 03 Hove
46,Statielei 16,2018-07-18,00:00:00,16,5,11,FMN GV 03 Hove
46,Statielei 16,2018-07-18,01:00:00,6,1,5,FMN GV 03 Hove
46,Statielei 16,2018-07-18,02:00:00,2,1,1,FMN GV 03 Hove
46,Statielei 16,2018-07-18,03:00:00,0,0,0,FMN GV 03 Hove
46,Statielei 16,2018-07-18,04:00:00,7,4,3,FMN GV 03 Hove
46,Statielei 16,2018-07-18,05:00:00,27,18,9,FMN GV 03 Hove
46,Statielei 16,2018-07-18,06:00:00,91,66,25,FMN GV 03 Hove
46,Statielei 16,2018-07-18,07:00:00,218,166,52,FMN GV 03 Hove
46,Statielei 16,2018-07-18,08:00:00,209,163,46,FMN GV 03 Hove
46,Statielei 16,2018-07-18,09:00:00,172,123,49,FMN GV 03 Hove
46,Statielei 16,2018-07-18,10:00:00,167,113,54,FMN GV 03 Hove
46,Statielei 16,2018-07-18,11:00:00,157,91,66,FMN GV 03 Hove
46,Statielei 16,2018-07-18,12:00:00,149,63,86,FMN GV 03 Hove
46,Statielei 16,2018-07-18,13:00:00,130,78,52,FMN GV 03 Hove
46,Statielei 16,2018-07-18,14:00:00,166,97,69,FMN GV 03 Hove
46,Statielei 16,2018-07-18,15:00:00,128,55,73,FMN GV 03 Hove
46,Statielei 16,2018-07-18,16:00:00,205,76,129,FMN GV 03 Hove
46,Statielei 16,2018-07-18,17:00:00,254,104,150,FMN GV 03 Hove
46,Statielei 16,2018-07-18,18:00:00,196,66,130,FMN GV 03 Hove
46,Statielei 16,2018-07-18,19:00:00,115,56,59,FMN GV 03 Hove
46,Statielei 16,2018-07-18,20:00:00,97,54,43,FMN GV 03 Hove
46,Statielei 16,2018-07-18,21:00:00,72,49,23,FMN GV 03 Hove
46,Statielei 16,2018-07-18,22:00:00,41,17,24,FMN GV 03 Hove
46,Statielei 16,2018-07-18,23:00:00,17,10,7,FMN GV 03 Hove
46,Statielei 16,2018-07-19,00:00:00,8,3,5,FMN GV 03 Hove
46,Statielei 16,2018-07-19,01:00:00,7,2,5,FMN GV 03 Hove
46,Statielei 16,2018-07-19,02:00:00,3,0,3,FMN GV 03 Hove
46,Statielei 16,2018-07-19,03:00:00,0,0,0,FMN GV 03 Hove
46,Statielei 16,2018-07-19,04:00:00,6,4,2,FMN GV 03 Hove
46,Statielei 16,2018-07-19,05:00:00,23,12,11,FMN GV 03 Hove
46,Statielei 16,2018-07-19,06:00:00,84,63,21,FMN GV 03 Hove
46,Statielei 16,2018-07-19,07:00:00,202,152,50,FMN GV 03 Hove
46,Statielei 16,2018-07-19,08:00:00,194,149,45,FMN GV 03 Hove
46,Statielei 16,2018-07-19,09:00:00,81,58,23,FMN GV 03 Hove
46,Statielei 16,2018-07-19,10:00:00,113,86,27,FMN GV 03 Hove
46,Statielei 16,2018-07-19,11:00:00,87,62,25,FMN GV 03 Hove
46,Statielei 16,2018-07-19,12:00:00,105,72,33,FMN GV 03 Hove
46,Statielei 16,2018-07-19,13:00:00,101,49,52,FMN GV 03 Hove
46,Statielei 16,2018-07-19,14:00:00,120,63,57,FMN GV 03 Hove
46,Statielei 16,2018-07-19,15:00:00,133,65,68,FMN GV 03 Hove
46,Statielei 16,2018-07-19,16:00:00,191,67,124,FMN GV 03 Hove
46,Statielei 16,2018-07-19,17:00:00,243,80,163,FMN GV 03 Hove
46,Statielei 16,2018-07-19,18:00:00,189,85,104,FMN GV 03 Hove
46,Statielei 16,2018-07-19,19:00:00,119,56,63,FMN GV 03 Hove
46,Statielei 16,2018-07-19,20:00:00,123,78,45,FMN GV 03 Hove
46,Statielei 16,2018-07-19,21:00:00,56,34,22,FMN GV 03 Hove
46,Statielei 16,2018-07-19,22:00:00,61,37,24,FMN GV 03 Hove
46,Statielei 16,2018-07-19,23:00:00,23,9,14,FMN GV 03 Hove
46,Statielei 16,2018-07-20,00:00:00,14,4,10,FMN GV 03 Hove
46,Statielei 16,2018-07-20,01:00:00,4,2,2,FMN GV 03 Hove
46,Statielei 16,2018-07-20,02:00:00,2,1,1,FMN GV 03 Hove
46,Statielei 16,2018-07-20,03:00:00,1,0,1,FMN GV 03 Hove
46,Statielei 16,2018-07-20,04:00:00,5,5,0,FMN GV 03 Hove
46,Statielei 16,2018-07-20,05:00:00,22,14,8,FMN GV 03 Hove
46,Statielei 16,2018-07-20,06:00:00,76,55,21,FMN GV 03 Hove
46,Statielei 16,2018-07-20,07:00:00,185,146,39,FMN GV 03 Hove
46,Statielei 16,2018-07-20,08:00:00,158,126,32,FMN GV 03 Hove
46,Statielei 16,2018-07-20,09:00:00,81,53,28,FMN GV 03 Hove
46,Statielei 16,2018-07-20,10:00:00,76,46,30,FMN GV 03 Hove
46,Statielei 16,2018-07-20,11:00:00,104,67,37,FMN GV 03 Hove
46,Statielei 16,2018-07-20,12:00:00,86,49,37,FMN GV 03 Hove
46,Statielei 16,2018-07-20,13:00:00,123,73,50,FMN GV 03 Hove
46,Statielei 16,2018-07-20,14:00:00,129,70,59,FMN GV 03 Hove
46,Statielei 16,2018-07-20,15:00:00,119,58,61,FMN GV 03 Hove
46,Statielei 16,2018-07-20,16:00:00,188,66,122,FMN GV 03 Hove
46,Statielei 16,2018-07-20,17:00:00,191,59,132,FMN GV 03 Hove
46,Statielei 16,2018-07-20,18:00:00,132,63,69,FMN GV 03 Hove
46,Statielei 16,2018-07-20,19:00:00,47,25,22,FMN GV 03 Hove
46,Statielei 16,2018-07-20,20:00:00,39,19,20,FMN GV 03 Hove
46,Statielei 16,2018-07-20,21:00:00,46,21,25,FMN GV 03 Hove
46,Statielei 16,2018-07-20,22:00:00,29,8,21,FMN GV 03 Hove
46,Statielei 16,2018-07-20,23:00:00,21,7,14,FMN GV 03 Hove
46,Statielei 16,2018-07-21,00:00:00,12,2,10,FMN GV 03 Hove
46,Statielei 16,2018-07-21,01:00:00,3,1,2,FMN GV 03 Hove
46,Statielei 16,2018-07-21,02:00:00,3,2,1,FMN GV 03 Hove
46,Statielei 16,2018-07-21,03:00:00,6,1,5,FMN GV 03 Hove
46,Statielei 16,2018-07-21,04:00:00,2,1,1,FMN GV 03 Hove
46,Statielei 16,2018-07-21,05:00:00,8,4,4,FMN GV 03 Hove
46,Statielei 16,2018-07-21,06:00:00,13,7,6,FMN GV 03 Hove
46,Statielei 16,2018-07-21,07:00:00,7,6,1,FMN GV 03 Hove
46,Statielei 16,2018-07-21,08:00:00,44,18,26,FMN GV 03 Hove
46,Statielei 16,2018-07-21,09:00:00,86,41,45,FMN GV 03 Hove
46,Statielei 16,2018-07-21,10:00:00,126,67,59,FMN GV 03 Hove
46,Statielei 16,2018-07-21,11:00:00,153,79,74,FMN GV 03 Hove
46,Statielei 16,2018-07-21,12:00:00,151,94,57,FMN GV 03 Hove
46,Statielei 16,2018-07-21,13:00:00,175,102,73,FMN GV 03 Hove
46,Statielei 16,2018-07-21,14:00:00,185,101,84,FMN GV 03 Hove
46,Statielei 16,2018-07-21,15:00:00,155,107,48,FMN GV 03 Hove
46,Statielei 16,2018-07-21,16:00:00,130,83,47,FMN GV 03 Hove
46,Statielei 16,2018-07-21,17:00:00,130,86,44,FMN GV 03 Hove
46,Statielei 16,2018-07-21,18:00:00,98,60,38,FMN GV 03 Hove
46,Statielei 16,2018-07-21,19:00:00,89,42,47,FMN GV 03 Hove
46,Statielei 16,2018-07-21,20:00:00,90,46,44,FMN GV 03 Hove
46,Statielei 16,2018-07-21,21:00:00,92,37,55,FMN GV 03 Hove
46,Statielei 16,2018-07-21,22:00:00,58,23,35,FMN GV 03 Hove
46,Statielei 16,2018-07-21,23:00:00,33,8,25,FMN GV 03 Hove
46,Statielei 16,2018-07-22,00:00:00,16,8,8,FMN GV 03 Hove
46,Statielei 16,2018-07-22,01:00:00,10,3,7,FMN GV 03 Hove
46,Statielei 16,2018-07-22,02:00:00,7,3,4,FMN GV 03 Hove
46,Statielei 16,2018-07-22,03:00:00,0,0,0,FMN GV 03 Hove
46,Statielei 16,2018-07-22,04:00:00,5,3,2,FMN GV 03 Hove
46,Statielei 16,2018-07-22,05:00:00,10,7,3,FMN GV 03 Hove
46,Statielei 16,2018-07-22,06:00:00,11,6,5,FMN GV 03 Hove
46,Statielei 16,2018-07-22,07:00:00,12,4,8,FMN GV 03 Hove
46,Statielei 16,2018-07-22,08:00:00,47,17,30,FMN GV 03 Hove
46,Statielei 16,2018-07-22,09:00:00,109,66,43,FMN GV 03 Hove
46,Statielei 16,2018-07-22,10:00:00,143,74,69,FMN GV 03 Hove
46,Statielei 16,2018-07-22,11:00:00,190,112,78,FMN GV 03 Hove
46,Statielei 16,2018-07-22,12:00:00,162,106,56,FMN GV 03 Hove
46,Statielei 16,2018-07-22,13:00:00,162,95,67,FMN GV 03 Hove
46,Statielei 16,2018-07-22,14:00:00,188,111,77,FMN GV 03 Hove
46,Statielei 16,2018-07-22,15:00:00,166,94,72,FMN GV 03 Hove
46,Statielei 16,2018-07-22,16:00:00,166,86,80,FMN GV 03 Hove
46,Statielei 16,2018-07-22,17:00:00,121,68,53,FMN GV 03 Hove
46,Statielei 16,2018-07-22,18:00:00,100,55,45,FMN GV 03 Hove
46,Statielei 16,2018-07-22,19:00:00,81,40,41,FMN GV 03 Hove
46,Statielei 16,2018-07-22,20:00:00,64,37,27,FMN GV 03 Hove
46,Statielei 16,2018-07-22,21:00:00,50,26,24,FMN GV 03 Hove
46,Statielei 16,2018-07-22,22:00:00,24,14,10,FMN GV 03 Hove
46,Statielei 16,2018-07-22,23:00:00,9,1,8,FMN GV 03 Hove
46,Statielei 16,2018-07-23,00:00:00,6,2,4,FMN GV 03 Hove
46,Statielei 16,2018-07-23,01:00:00,4,2,2,FMN GV 03 Hove
46,Statielei 16,2018-07-23,02:00:00,5,1,4,FMN GV 03 Hove
46,Statielei 16,2018-07-23,03:00:00,1,0,1,FMN GV 03 Hove
46,Statielei 16,2018-07-23,04:00:00,5,1,4,FMN GV 03 Hove
46,Statielei 16,2018-07-23,05:00:00,16,8,8,FMN GV 03 Hove
46,Statielei 16,2018-07-23,06:00:00,82,62,20,FMN GV 03 Hove
46,Statielei 16,2018-07-23,07:00:00,187,143,44,FMN GV 03 Hove
46,Statielei 16,2018-07-23,08:00:00,194,150,44,FMN GV 03 Hove
46,Statielei 16,2018-07-23,09:00:00,100,71,29,FMN GV 03 Hove
46,Statielei 16,2018-07-23,10:00:00,75,45,30,FMN GV 03 Hove
46,Statielei 16,2018-07-23,11:00:00,73,50,23,FMN GV 03 Hove
46,Statielei 16,2018-07-23,12:00:00,91,50,41,FMN GV 03 Hove
46,Statielei 16,2018-07-23,13:00:00,91,47,44,FMN GV 03 Hove
46,Statielei 16,2018-07-23,14:00:00,104,49,55,FMN GV 03 Hove
46,Statielei 16,2018-07-23,15:00:00,111,48,63,FMN GV 03 Hove
46,Statielei 16,2018-07-23,16:00:00,154,66,88,FMN GV 03 Hove
46,Statielei 16,2018-07-23,17:00:00,242,76,166,FMN GV 03 Hove
46,Statielei 16,2018-07-23,18:00:00,154,64,90,FMN GV 03 Hove
46,Statielei 16,2018-07-23,19:00:00,106,44,62,FMN GV 03 Hove
46,Statielei 16,2018-07-23,20:00:00,73,35,38,FMN GV 03 Hove
46,Statielei 16,2018-07-23,21:00:00,55,31,24,FMN GV 03 Hove
46,Statielei 16,2018-07-23,22:00:00,39,24,15,FMN GV 03 Hove
46,Statielei 16,2018-07-23,23:00:00,20,10,10,FMN GV 03 Hove
46,Statielei 16,2018-07-24,00:00:00,2,1,1,FMN GV 03 Hove
46,Statielei 16,2018-07-24,01:00:00,5,3,2,FMN GV 03 Hove
46,Statielei 16,2018-07-24,02:00:00,2,1,1,FMN GV 03 Hove
46,Statielei 16,2018-07-24,03:00:00,2,0,2,FMN GV 03 Hove
46,Statielei 16,2018-07-24,04:00:00,10,4,6,FMN GV 03 Hove
46,Statielei 16,2018-07-24,05:00:00,29,19,10,FMN GV 03 Hove
46,Statielei 16,2018-07-24,06:00:00,103,79,24,FMN GV 03 Hove
46,Statielei 16,2018-07-24,07:00:00,223,174,49,FMN GV 03 Hove
46,Statielei 16,2018-07-24,08:00:00,221,169,52,FMN GV 03 Hove
46,Statielei 16,2018-07-24,09:00:00,113,75,38,FMN GV 03 Hove
46,Statielei 16,2018-07-24,10:00:00,117,75,42,FMN GV 03 Hove
46,Statielei 16,2018-07-24,11:00:00,92,54,38,FMN GV 03 Hove
46,Statielei 16,2018-07-24,12:00:00,83,50,33,FMN GV 03 Hove
46,Statielei 16,2018-07-24,13:00:00,99,60,39,FMN GV 03 Hove
46,Statielei 16,2018-07-24,14:00:00,81,46,35,FMN GV 03 Hove
46,Statielei 16,2018-07-24,15:00:00,110,41,69,FMN GV 03 Hove
46,Statielei 16,2018-07-24,16:00:00,150,57,93,FMN GV 03 Hove
46,Statielei 16,2018-07-24,17:00:00,235,68,167,FMN GV 03 Hove
46,Statielei 16,2018-07-24,18:00:00,184,70,114,FMN GV 03 Hove
46,Statielei 16,2018-07-24,19:00:00,133,66,67,FMN GV 03 Hove
46,Statielei 16,2018-07-24,20:00:00,101,69,32,FMN GV 03 Hove
46,Statielei 16,2018-07-24,21:00:00,86,58,28,FMN GV 03 Hove
46,Statielei 16,2018-07-24,22:00:00,42,20,22,FMN GV 03 Hove
46,Statielei 16,2018-07-24,23:00:00,38,19,19,FMN GV 03 Hove
46,Statielei 16,2018-07-25,00:00:00,13,5,8,FMN GV 03 Hove
46,Statielei 16,2018-07-25,01:00:00,3,1,2,FMN GV 03 Hove
46,Statielei 16,2018-07-25,02:00:00,5,1,4,FMN GV 03 Hove
46,Statielei 16,2018-07-25,03:00:00,5,4,1,FMN GV 03 Hove
46,Statielei 16,2018-07-25,04:00:00,8,4,4,FMN GV 03 Hove
46,Statielei 16,2018-07-25,05:00:00,23,16,7,FMN GV 03 Hove
46,Statielei 16,2018-07-25,06:00:00,89,63,26,FMN GV 03 Hove
46,Statielei 16,2018-07-25,07:00:00,178,135,43,FMN GV 03 Hove
46,Statielei 16,2018-07-25,08:00:00,183,150,33,FMN GV 03 Hove
46,Statielei 16,2018-07-25,09:00:00,129,96,33,FMN GV 03 Hove
46,Statielei 16,2018-07-25,10:00:00,138,85,53,FMN GV 03 Hove
46,Statielei 16,2018-07-25,11:00:00,136,74,62,FMN GV 03 Hove
46,Statielei 16,2018-07-25,12:00:00,92,43,49,FMN GV 03 Hove
46,Statielei 16,2018-07-25,13:00:00,91,50,41,FMN GV 03 Hove
46,Statielei 16,2018-07-25,14:00:00,82,49,33,FMN GV 03 Hove
46,Statielei 16,2018-07-25,15:00:00,87,46,41,FMN GV 03 Hove
46,Statielei 16,2018-07-25,16:00:00,134,49,85,FMN GV 03 Hove
46,Statielei 16,2018-07-25,17:00:00,210,69,141,FMN GV 03 Hove
46,Statielei 16,2018-07-25,18:00:00,147,51,96,FMN GV 03 Hove
46,Statielei 16,2018-07-25,19:00:00,112,48,64,FMN GV 03 Hove
46,Statielei 16,2018-07-25,20:00:00,98,56,42,FMN GV 03 Hove
46,Statielei 16,2018-07-25,21:00:00,97,62,35,FMN GV 03 Hove
46,Statielei 16,2018-07-25,22:00:00,61,34,27,FMN GV 03 Hove
46,Statielei 16,2018-07-25,23:00:00,22,7,15,FMN GV 03 Hove
46,Statielei 16,2018-07-26,00:00:00,17,6,11,FMN GV 03 Hove
46,Statielei 16,2018-07-26,01:00:00,5,0,5,FMN GV 03 Hove
46,Statielei 16,2018-07-26,02:00:00,0,0,0,FMN GV 03 Hove
46,Statielei 16,2018-07-26,03:00:00,3,1,2,FMN GV 03 Hove
46,Statielei 16,2018-07-26,04:00:00,5,2,3,FMN GV 03 Hove
46,Statielei 16,2018-07-26,05:00:00,26,14,12,FMN GV 03 Hove
46,Statielei 16,2018-07-26,06:00:00,97,65,32,FMN GV 03 Hove
46,Statielei 16,2018-07-26,07:00:00,204,158,46,FMN GV 03 Hove
46,Statielei 16,2018-07-26,08:00:00,188,149,39,FMN GV 03 Hove
46,Statielei 16,2018-07-26,09:00:00,78,50,28,FMN GV 03 Hove
46,Statielei 16,2018-07-26,10:00:00,85,60,25,FMN GV 03 Hove
46,Statielei 16,2018-07-26,11:00:00,74,40,34,FMN GV 03 Hove
46,Statielei 16,2018-07-26,12:00:00,64,34,30,FMN GV 03 Hove
46,Statielei 16,2018-07-26,13:00:00,74,47,27,FMN GV 03 Hove
46,Statielei 16,2018-07-26,14:00:00,76,39,37,FMN GV 03 Hove
46,Statielei 16,2018-07-26,15:00:00,84,39,45,FMN GV 03 Hove
46,Statielei 16,2018-07-26,16:00:00,148,47,101,FMN GV 03 Hove
46,Statielei 16,2018-07-26,17:00:00,196,80,116,FMN GV 03 Hove
46,Statielei 16,2018-07-26,18:00:00,141,49,92,FMN GV 03 Hove
46,Statielei 16,2018-07-26,19:00:00,73,33,40,FMN GV 03 Hove
46,Statielei 16,2018-07-26,20:00:00,71,38,33,FMN GV 03 Hove
46,Statielei 16,2018-07-26,21:00:00,65,37,28,FMN GV 03 Hove
46,Statielei 16,2018-07-26,22:00:00,44,22,22,FMN GV 03 Hove
46,Statielei 16,2018-07-26,23:00:00,27,13,14,FMN GV 03 Hove
46,Statielei 16,2018-07-27,00:00:00,14,7,7,FMN GV 03 Hove
46,Statielei 16,2018-07-27,01:00:00,6,3,3,FMN GV 03 Hove
46,Statielei 16,2018-07-27,02:00:00,7,3,4,FMN GV 03 Hove
46,Statielei 16,2018-07-27,03:00:00,6,2,4,FMN GV 03 Hove
46,Statielei 16,2018-07-27,04:00:00,6,4,2,FMN GV 03 Hove
46,Statielei 16,2018-07-27,05:00:00,25,17,8,FMN GV 03 Hove
46,Statielei 16,2018-07-27,06:00:00,75,51,24,FMN GV 03 Hove
46,Statielei 16,2018-07-27,07:00:00,163,117,46,FMN GV 03 Hove
46,Statielei 16,2018-07-27,08:00:00,147,111,36,FMN GV 03 Hove
46,Statielei 16,2018-07-27,09:00:00,74,50,24,FMN GV 03 Hove
46,Statielei 16,2018-07-27,10:00:00,64,38,26,FMN GV 03 Hove
46,Statielei 16,2018-07-27,11:00:00,73,46,27,FMN GV 03 Hove
46,Statielei 16,2018-07-27,12:00:00,71,36,35,FMN GV 03 Hove
46,Statielei 16,2018-07-27,13:00:00,78,38,40,FMN GV 03 Hove
46,Statielei 16,2018-07-27,14:00:00,72,36,36,FMN GV 03 Hove
46,Statielei 16,2018-07-27,15:00:00,65,27,38,FMN GV 03 Hove
46,Statielei 16,2018-07-27,16:00:00,125,51,74,FMN GV 03 Hove
46,Statielei 16,2018-07-27,17:00:00,149,66,83,FMN GV 03 Hove
46,Statielei 16,2018-07-27,18:00:00,101,42,59,FMN GV 03 Hove
46,Statielei 16,2018-07-27,19:00:00,67,30,37,FMN GV 03 Hove
46,Statielei 16,2018-07-27,20:00:00,63,36,27,FMN GV 03 Hove
46,Statielei 16,2018-07-27,21:00:00,64,29,35,FMN GV 03 Hove
46,Statielei 16,2018-07-27,22:00:00,39,18,21,FMN GV 03 Hove
46,Statielei 16,2018-07-27,23:00:00,29,17,12,FMN GV 03 Hove
46,Statielei 16,2018-07-28,00:00:00,13,4,9,FMN GV 03 Hove
46,Statielei 16,2018-07-28,01:00:00,9,4,5,FMN GV 03 Hove
46,Statielei 16,2018-07-28,02:00:00,12,8,4,FMN GV 03 Hove
46,Statielei 16,2018-07-28,03:00:00,6,0,6,FMN GV 03 Hove
46,Statielei 16,2018-07-28,04:00:00,9,6,3,FMN GV 03 Hove
46,Statielei 16,2018-07-28,05:00:00,6,4,2,FMN GV 03 Hove
46,Statielei 16,2018-07-28,06:00:00,16,7,9,FMN GV 03 Hove
46,Statielei 16,2018-07-28,07:00:00,8,5,3,FMN GV 03 Hove
46,Statielei 16,2018-07-28,08:00:00,16,9,7,FMN GV 03 Hove
46,Statielei 16,2018-07-28,09:00:00,39,18,21,FMN GV 03 Hove
46,Statielei 16,2018-07-28,10:00:00,66,30,36,FMN GV 03 Hove
46,Statielei 16,2018-07-28,11:00:00,82,46,36,FMN GV 03 Hove
46,Statielei 16,2018-07-28,12:00:00,83,56,27,FMN GV 03 Hove
46,Statielei 16,2018-07-28,13:00:00,83,51,32,FMN GV 03 Hove
46,Statielei 16,2018-07-28,14:00:00,126,73,53,FMN GV 03 Hove
46,Statielei 16,2018-07-28,15:00:00,146,92,54,FMN GV 03 Hove
46,Statielei 16,2018-07-28,16:00:00,123,62,61,FMN GV 03 Hove
46,Statielei 16,2018-07-28,17:00:00,107,45,62,FMN GV 03 Hove
46,Statielei 16,2018-07-28,18:00:00,92,56,36,FMN GV 03 Hove
46,Statielei 16,2018-07-28,19:00:00,58,31,27,FMN GV 03 Hove
46,Statielei 16,2018-07-28,20:00:00,59,27,32,FMN GV 03 Hove
46,Statielei 16,2018-07-28,21:00:00,49,22,27,FMN GV 03 Hove
46,Statielei 16,2018-07-28,22:00:00,42,17,25,FMN GV 03 Hove
46,Statielei 16,2018-07-28,23:00:00,26,7,19,FMN GV 03 Hove
46,Statielei 16,2018-07-29,00:00:00,17,10,7,FMN GV 03 Hove
46,Statielei 16,2018-07-29,01:00:00,12,6,6,FMN GV 03 Hove
46,Statielei 16,2018-07-29,02:00:00,12,2,10,FMN GV 03 Hove
46,Statielei 16,2018-07-29,03:00:00,10,3,7,FMN GV 03 Hove
46,Statielei 16,2018-07-29,04:00:00,6,4,2,FMN GV 03 Hove
46,Statielei 16,2018-07-29,05:00:00,15,10,5,FMN GV 03 Hove
46,Statielei 16,2018-07-29,06:00:00,8,5,3,FMN GV 03 Hove
46,Statielei 16,2018-07-29,07:00:00,22,12,10,FMN GV 03 Hove
46,Statielei 16,2018-07-29,08:00:00,34,10,24,FMN GV 03 Hove
46,Statielei 16,2018-07-29,09:00:00,129,50,79,FMN GV 03 Hove
46,Statielei 16,2018-07-29,10:00:00,137,63,74,FMN GV 03 Hove
46,Statielei 16,2018-07-29,11:00:00,161,107,54,FMN GV 03 Hove
46,Statielei 16,2018-07-29,12:00:00,174,106,68,FMN GV 03 Hove
46,Statielei 16,2018-07-29,13:00:00,152,91,61,FMN GV 03 Hove
46,Statielei 16,2018-07-29,14:00:00,162,89,73,FMN GV 03 Hove
46,Statielei 16,2018-07-29,15:00:00,143,83,60,FMN GV 03 Hove
46,Statielei 16,2018-07-29,16:00:00,109,67,42,FMN GV 03 Hove
46,Statielei 16,2018-07-29,17:00:00,117,48,69,FMN GV 03 Hove
46,Statielei 16,2018-07-29,18:00:00,93,49,44,FMN GV 03 Hove
46,Statielei 16,2018-07-29,19:00:00,58,23,35,FMN GV 03 Hove
46,Statielei 16,2018-07-29,20:00:00,42,25,17,FMN GV 03 Hove
46,Statielei 16,2018-07-29,21:00:00,41,22,19,FMN GV 03 Hove
46,Statielei 16,2018-07-29,22:00:00,18,12,6,FMN GV 03 Hove
46,Statielei 16,2018-07-29,23:00:00,11,5,6,FMN GV 03 Hove
46,Statielei 16,2018-07-30,00:00:00,9,3,6,FMN GV 03 Hove
46,Statielei 16,2018-07-30,01:00:00,5,2,3,FMN GV 03 Hove
46,Statielei 16,2018-07-30,02:00:00,2,1,1,FMN GV 03 Hove
46,Statielei 16,2018-07-30,03:00:00,4,0,4,FMN GV 03 Hove
46,Statielei 16,2018-07-30,04:00:00,11,7,4,FMN GV 03 Hove
46,Statielei 16,2018-07-30,05:00:00,28,18,10,FMN GV 03 Hove
46,Statielei 16,2018-07-30,06:00:00,78,59,19,FMN GV 03 Hove
46,Statielei 16,2018-07-30,07:00:00,210,162,48,FMN GV 03 Hove
46,Statielei 16,2018-07-30,08:00:00,204,165,39,FMN GV 03 Hove
46,Statielei 16,2018-07-30,09:00:00,92,61,31,FMN GV 03 Hove
46,Statielei 16,2018-07-30,10:00:00,100,58,42,FMN GV 03 Hove
46,Statielei 16,2018-07-30,11:00:00,87,53,34,FMN GV 03 Hove
46,Statielei 16,2018-07-30,12:00:00,83,50,33,FMN GV 03 Hove
46,Statielei 16,2018-07-30,13:00:00,98,57,41,FMN GV 03 Hove
46,Statielei 16,2018-07-30,14:00:00,93,44,49,FMN GV 03 Hove
46,Statielei 16,2018-07-30,15:00:00,122,53,69,FMN GV 03 Hove
46,Statielei 16,2018-07-30,16:00:00,193,72,121,FMN GV 03 Hove
46,Statielei 16,2018-07-30,17:00:00,253,99,154,FMN GV 03 Hove
46,Statielei 16,2018-07-30,18:00:00,177,73,104,FMN GV 03 Hove
46,Statielei 16,2018-07-30,19:00:00,98,51,47,FMN GV 03 Hove
46,Statielei 16,2018-07-30,20:00:00,66,40,26,FMN GV 03 Hove
46,Statielei 16,2018-07-30,21:00:00,67,37,30,FMN GV 03 Hove
46,Statielei 16,2018-07-30,22:00:00,32,12,20,FMN GV 03 Hove
46,Statielei 16,2018-07-30,23:00:00,20,9,11,FMN GV 03 Hove
46,Statielei 16,2018-07-31,00:00:00,6,3,3,FMN GV 03 Hove
46,Statielei 16,2018-07-31,01:00:00,5,2,3,FMN GV 03 Hove
46,Statielei 16,2018-07-31,02:00:00,9,4,5,FMN GV 03 Hove
46,Statielei 16,2018-07-31,03:00:00,2,0,2,FMN GV 03 Hove
46,Statielei 16,2018-07-31,04:00:00,11,7,4,FMN GV 03 Hove
46,Statielei 16,2018-07-31,05:00:00,26,18,8,FMN GV 03 Hove
46,Statielei 16,2018-07-31,06:00:00,113,79,34,FMN GV 03 Hove
46,Statielei 16,2018-07-31,07:00:00,243,187,56,FMN GV 03 Hove
46,Statielei 16,2018-07-31,08:00:00,239,184,55,FMN GV 03 Hove
46,Statielei 16,2018-07-31,09:00:00,101,67,34,FMN GV 03 Hove
46,Statielei 16,2018-07-31,10:00:00,101,63,38,FMN GV 03 Hove
46,Statielei 16,2018-07-31,11:00:00,82,47,35,FMN GV 03 Hove
46,Statielei 16,2018-07-31,12:00:00,77,35,42,FMN GV 03 Hove
46,Statielei 16,2018-07-31,13:00:00,106,56,50,FMN GV 03 Hove
46,Statielei 16,2018-07-31,14:00:00,119,57,62,FMN GV 03 Hove
46,Statielei 16,2018-07-31,15:00:00,107,49,58,FMN GV 03 Hove
46,Statielei 16,2018-07-31,16:00:00,218,89,129,FMN GV 03 Hove
46,Statielei 16,2018-07-31,17:00:00,295,112,183,FMN GV 03 Hove
46,Statielei 16,2018-07-31,18:00:00,225,97,128,FMN GV 03 Hove
46,Statielei 16,2018-07-31,19:00:00,160,71,89,FMN GV 03 Hove
46,Statielei 16,2018-07-31,20:00:00,128,95,33,FMN GV 03 Hove
46,Statielei 16,2018-07-31,21:00:00,75,46,29,FMN GV 03 Hove
46,Statielei 16,2018-07-31,22:00:00,54,28,26,FMN GV 03 Hove
46,Statielei 16,2018-07-31,23:00:00,35,19,16,FMN GV 03 Hove
46,Statielei 16,2018-08-01,00:00:00,12,6,6,FMN GV 03 Hove
46,Statielei 16,2018-08-01,01:00:00,4,2,2,FMN GV 03 Hove
46,Statielei 16,2018-08-01,02:00:00,4,2,2,FMN GV 03 Hove
46,Statielei 16,2018-08-01,03:00:00,3,1,2,FMN GV 03 Hove
46,Statielei 16,2018-08-01,04:00:00,15,9,6,FMN GV 03 Hove
46,Statielei 16,2018-08-01,05:00:00,28,16,12,FMN GV 03 Hove
46,Statielei 16,2018-08-01,06:00:00,104,74,30,FMN GV 03 Hove
46,Statielei 16,2018-08-01,07:00:00,229,180,49,FMN GV 03 Hove
46,Statielei 16,2018-08-01,08:00:00,227,172,55,FMN GV 03 Hove
46,Statielei 16,2018-08-01,09:00:00,167,127,40,FMN GV 03 Hove
46,Statielei 16,2018-08-01,10:00:00,151,105,46,FMN GV 03 Hove
46,Statielei 16,2018-08-01,11:00:00,146,80,66,FMN GV 03 Hove
46,Statielei 16,2018-08-01,12:00:00,115,62,53,FMN GV 03 Hove
46,Statielei 16,2018-08-01,13:00:00,126,68,58,FMN GV 03 Hove
46,Statielei 16,2018-08-01,14:00:00,130,69,61,FMN GV 03 Hove
46,Statielei 16,2018-08-01,15:00:00,122,54,68,FMN GV 03 Hove
46,Statielei 16,2018-08-01,16:00:00,218,78,140,FMN GV 03 Hove
46,Statielei 16,2018-08-01,17:00:00,276,95,181,FMN GV 03 Hove
46,Statielei 16,2018-08-01,18:00:00,196,75,121,FMN GV 03 Hove
46,Statielei 16,2018-08-01,19:00:00,139,76,63,FMN GV 03 Hove
46,Statielei 16,2018-08-01,20:00:00,107,63,44,FMN GV 03 Hove
46,Statielei 16,2018-08-01,21:00:00,92,64,28,FMN GV 03 Hove
46,Statielei 16,2018-08-01,22:00:00,60,30,30,FMN GV 03 Hove
46,Statielei 16,2018-08-01,23:00:00,34,18,16,FMN GV 03 Hove
46,Statielei 16,2018-08-02,00:00:00,15,5,10,FMN GV 03 Hove
46,Statielei 16,2018-08-02,01:00:00,2,0,2,FMN GV 03 Hove
46,Statielei 16,2018-08-02,02:00:00,6,0,6,FMN GV 03 Hove
46,Statielei 16,2018-08-02,03:00:00,5,4,1,FMN GV 03 Hove
46,Statielei 16,2018-08-02,04:00:00,6,3,3,FMN GV 03 Hove
46,Statielei 16,2018-08-02,05:00:00,21,11,10,FMN GV 03 Hove
46,Statielei 16,2018-08-02,06:00:00,121,90,31,FMN GV 03 Hove
46,Statielei 16,2018-08-02,07:00:00,242,184,58,FMN GV 03 Hove
46,Statielei 16,2018-08-02,08:00:00,227,182,45,FMN GV 03 Hove
46,Statielei 16,2018-08-02,09:00:00,118,75,43,FMN GV 03 Hove
46,Statielei 16,2018-08-02,10:00:00,95,51,44,FMN GV 03 Hove
46,Statielei 16,2018-08-02,11:00:00,102,62,40,FMN GV 03 Hove
46,Statielei 16,2018-08-02,12:00:00,99,65,34,FMN GV 03 Hove
46,Statielei 16,2018-08-02,13:00:00,118,63,55,FMN GV 03 Hove
46,Statielei 16,2018-08-02,14:00:00,110,49,61,FMN GV 03 Hove
46,Statielei 16,2018-08-02,15:00:00,108,51,57,FMN GV 03 Hove
46,Statielei 16,2018-08-02,16:00:00,198,73,125,FMN GV 03 Hove
46,Statielei 16,2018-08-02,17:00:00,273,93,180,FMN GV 03 Hove
46,Statielei 16,2018-08-02,18:00:00,221,104,117,FMN GV 03 Hove
46,Statielei 16,2018-08-02,19:00:00,118,48,70,FMN GV 03 Hove
46,Statielei 16,2018-08-02,20:00:00,100,66,34,FMN GV 03 Hove
46,Statielei 16,2018-08-02,21:00:00,105,71,34,FMN GV 03 Hove
46,Statielei 16,2018-08-02,22:00:00,32,17,15,FMN GV 03 Hove
46,Statielei 16,2018-08-02,23:00:00,35,15,20,FMN GV 03 Hove
46,Statielei 16,2018-08-03,00:00:00,18,5,13,FMN GV 03 Hove
46,Statielei 16,2018-08-03,01:00:00,4,1,3,FMN GV 03 Hove
46,Statielei 16,2018-08-03,02:00:00,4,2,2,FMN GV 03 Hove
46,Statielei 16,2018-08-03,03:00:00,6,3,3,FMN GV 03 Hove
46,Statielei 16,2018-08-03,04:00:00,9,8,1,FMN GV 03 Hove
46,Statielei 16,2018-08-03,05:00:00,23,15,8,FMN GV 03 Hove
46,Statielei 16,2018-08-03,06:00:00,102,69,33,FMN GV 03 Hove
46,Statielei 16,2018-08-03,07:00:00,198,147,51,FMN GV 03 Hove
46,Statielei 16,2018-08-03,08:00:00,207,155,52,FMN GV 03 Hove
46,Statielei 16,2018-08-03,09:00:00,108,69,39,FMN GV 03 Hove
46,Statielei 16,2018-08-03,10:00:00,71,36,35,FMN GV 03 Hove
46,Statielei 16,2018-08-03,11:00:00,100,65,35,FMN GV 03 Hove
46,Statielei 16,2018-08-03,12:00:00,90,43,47,FMN GV 03 Hove
46,Statielei 16,2018-08-03,13:00:00,114,68,46,FMN GV 03 Hove
46,Statielei 16,2018-08-03,14:00:00,95,48,47,FMN GV 03 Hove
46,Statielei 16,2018-08-03,15:00:00,109,53,56,FMN GV 03 Hove
46,Statielei 16,2018-08-03,16:00:00,160,53,107,FMN GV 03 Hove
46,Statielei 16,2018-08-03,17:00:00,193,72,121,FMN GV 03 Hove
46,Statielei 16,2018-08-03,18:00:00,147,74,73,FMN GV 03 Hove
46,Statielei 16,2018-08-03,19:00:00,95,43,52,FMN GV 03 Hove
46,Statielei 16,2018-08-03,20:00:00,73,37,36,FMN GV 03 Hove
46,Statielei 16,2018-08-03,21:00:00,59,39,20,FMN GV 03 Hove
46,Statielei 16,2018-08-03,22:00:00,51,26,25,FMN GV 03 Hove
46,Statielei 16,2018-08-03,23:00:00,48,19,29,FMN GV 03 Hove
46,Statielei 16,2018-08-04,00:00:00,28,11,17,FMN GV 03 Hove
46,Statielei 16,2018-08-04,01:00:00,19,2,17,FMN GV 03 Hove
46,Statielei 16,2018-08-04,02:00:00,13,4,9,FMN GV 03 Hove
46,Statielei 16,2018-08-04,03:00:00,7,3,4,FMN GV 03 Hove
46,Statielei 16,2018-08-04,04:00:00,11,4,7,FMN GV 03 Hove
46,Statielei 16,2018-08-04,05:00:00,12,7,5,FMN GV 03 Hove
46,Statielei 16,2018-08-04,06:00:00,24,10,14,FMN GV 03 Hove
46,Statielei 16,2018-08-04,07:00:00,23,14,9,FMN GV 03 Hove
46,Statielei 16,2018-08-04,08:00:00,49,34,15,FMN GV 03 Hove
46,Statielei 16,2018-08-04,09:00:00,98,70,28,FMN GV 03 Hove
46,Statielei 16,2018-08-04,10:00:00,110,70,40,FMN GV 03 Hove
46,Statielei 16,2018-08-04,11:00:00,126,76,50,FMN GV 03 Hove
46,Statielei 16,2018-08-04,12:00:00,108,65,43,FMN GV 03 Hove
46,Statielei 16,2018-08-04,13:00:00,91,48,43,FMN GV 03 Hove
46,Statielei 16,2018-08-04,14:00:00,81,45,36,FMN GV 03 Hove
46,Statielei 16,2018-08-04,15:00:00,79,27,52,FMN GV 03 Hove
46,Statielei 16,2018-08-04,16:00:00,101,56,45,FMN GV 03 Hove
46,Statielei 16,2018-08-04,17:00:00,83,52,31,FMN GV 03 Hove
46,Statielei 16,2018-08-04,18:00:00,73,46,27,FMN GV 03 Hove
46,Statielei 16,2018-08-04,19:00:00,63,34,29,FMN GV 03 Hove
46,Statielei 16,2018-08-04,20:00:00,62,40,22,FMN GV 03 Hove
46,Statielei 16,2018-08-04,21:00:00,62,33,29,FMN GV 03 Hove
46,Statielei 16,2018-08-04,22:00:00,40,19,21,FMN GV 03 Hove
46,Statielei 16,2018-08-04,23:00:00,42,22,20,FMN GV 03 Hove
46,Statielei 16,2018-08-05,00:00:00,21,4,17,FMN GV 03 Hove
46,Statielei 16,2018-08-05,01:00:00,31,19,12,FMN GV 03 Hove
46,Statielei 16,2018-08-05,02:00:00,13,4,9,FMN GV 03 Hove
46,Statielei 16,2018-08-05,03:00:00,3,1,2,FMN GV 03 Hove
46,Statielei 16,2018-08-05,04:00:00,4,2,2,FMN GV 03 Hove
46,Statielei 16,2018-08-05,05:00:00,7,3,4,FMN GV 03 Hove
46,Statielei 16,2018-08-05,06:00:00,21,11,10,FMN GV 03 Hove
46,Statielei 16,2018-08-05,07:00:00,35,8,27,FMN GV 03 Hove
46,Statielei 16,2018-08-05,08:00:00,39,15,24,FMN GV 03 Hove
46,Statielei 16,2018-08-05,09:00:00,109,66,43,FMN GV 03 Hove
46,Statielei 16,2018-08-05,10:00:00,163,89,74,FMN GV 03 Hove
46,Statielei 16,2018-08-05,11:00:00,153,98,55,FMN GV 03 Hove
46,Statielei 16,2018-08-05,12:00:00,141,99,42,FMN GV 03 Hove
46,Statielei 16,2018-08-05,13:00:00,147,89,58,FMN GV 03 Hove
46,Statielei 16,2018-08-05,14:00:00,138,85,53,FMN GV 03 Hove
46,Statielei 16,2018-08-05,15:00:00,162,92,70,FMN GV 03 Hove
46,Statielei 16,2018-08-05,16:00:00,174,99,75,FMN GV 03 Hove
46,Statielei 16,2018-08-05,17:00:00,138,58,80,FMN GV 03 Hove
46,Statielei 16,2018-08-05,18:00:00,102,49,53,FMN GV 03 Hove
46,Statielei 16,2018-08-05,19:00:00,76,42,34,FMN GV 03 Hove
46,Statielei 16,2018-08-05,20:00:00,67,49,18,FMN GV 03 Hove
46,Statielei 16,2018-08-05,21:00:00,54,28,26,FMN GV 03 Hove
46,Statielei 16,2018-08-05,22:00:00,42,14,28,FMN GV 03 Hove
46,Statielei 16,2018-08-05,23:00:00,11,7,4,FMN GV 03 Hove
46,Statielei 16,2018-08-06,00:00:00,8,2,6,FMN GV 03 Hove
46,Statielei 16,2018-08-06,01:00:00,0,0,0,FMN GV 03 Hove
46,Statielei 16,2018-08-06,02:00:00,5,0,5,FMN GV 03 Hove
46,Statielei 16,2018-08-06,03:00:00,0,0,0,FMN GV 03 Hove
46,Statielei 16,2018-08-06,04:00:00,9,5,4,FMN GV 03 Hove
46,Statielei 16,2018-08-06,05:00:00,28,19,9,FMN GV 03 Hove
46,Statielei 16,2018-08-06,06:00:00,92,65,27,FMN GV 03 Hove
46,Statielei 16,2018-08-06,07:00:00,213,158,55,FMN GV 03 Hove
46,Statielei 16,2018-08-06,08:00:00,230,188,42,FMN GV 03 Hove
46,Statielei 16,2018-08-06,09:00:00,113,67,46,FMN GV 03 Hove
46,Statielei 16,2018-08-06,10:00:00,72,53,19,FMN GV 03 Hove
46,Statielei 16,2018-08-06,11:00:00,74,35,39,FMN GV 03 Hove
46,Statielei 16,2018-08-06,12:00:00,79,42,37,FMN GV 03 Hove
46,Statielei 16,2018-08-06,13:00:00,72,43,29,FMN GV 03 Hove
46,Statielei 16,2018-08-06,14:00:00,77,44,33,FMN GV 03 Hove
46,Statielei 16,2018-08-06,15:00:00,98,46,52,FMN GV 03 Hove
46,Statielei 16,2018-08-06,16:00:00,178,65,113,FMN GV 03 Hove
46,Statielei 16,2018-08-06,17:00:00,234,80,154,FMN GV 03 Hove
46,Statielei 16,2018-08-06,18:00:00,179,72,107,FMN GV 03 Hove
46,Statielei 16,2018-08-06,19:00:00,96,43,53,FMN GV 03 Hove
46,Statielei 16,2018-08-06,20:00:00,77,42,35,FMN GV 03 Hove
46,Statielei 16,2018-08-06,21:00:00,62,37,25,FMN GV 03 Hove
46,Statielei 16,2018-08-06,22:00:00,40,23,17,FMN GV 03 Hove
46,Statielei 16,2018-08-06,23:00:00,29,19,10,FMN GV 03 Hove
46,Statielei 16,2018-08-07,00:00:00,10,3,7,FMN GV 03 Hove
46,Statielei 16,2018-08-07,01:00:00,7,4,3,FMN GV 03 Hove
46,Statielei 16,2018-08-07,02:00:00,2,2,0,FMN GV 03 Hove
46,Statielei 16,2018-08-07,03:00:00,6,2,4,FMN GV 03 Hove
46,Statielei 16,2018-08-07,04:00:00,2,1,1,FMN GV 03 Hove
46,Statielei 16,2018-08-07,05:00:00,22,12,10,FMN GV 03 Hove
46,Statielei 16,2018-08-07,06:00:00,103,69,34,FMN GV 03 Hove
46,Statielei 16,2018-08-07,07:00:00,239,178,61,FMN GV 03 Hove
46,Statielei 16,2018-08-07,08:00:00,235,185,50,FMN GV 03 Hove
46,Statielei 16,2018-08-07,09:00:00,91,57,34,FMN GV 03 Hove
46,Statielei 16,2018-08-07,10:00:00,75,43,32,FMN GV 03 Hove
46,Statielei 16,2018-08-07,11:00:00,105,55,50,FMN GV 03 Hove
46,Statielei 16,2018-08-07,12:00:00,76,39,37,FMN GV 03 Hove
46,Statielei 16,2018-08-07,13:00:00,49,29,20,FMN GV 03 Hove
46,Statielei 16,2018-08-07,14:00:00,63,33,30,FMN GV 03 Hove
46,Statielei 16,2018-08-07,15:00:00,75,26,49,FMN GV 03 Hove
46,Statielei 16,2018-08-07,16:00:00,160,54,106,FMN GV 03 Hove
46,Statielei 16,2018-08-07,17:00:00,212,80,132,FMN GV 03 Hove
46,Statielei 16,2018-08-07,18:00:00,157,54,103,FMN GV 03 Hove
46,Statielei 16,2018-08-07,19:00:00,91,47,44,FMN GV 03 Hove
46,Statielei 16,2018-08-07,20:00:00,72,58,14,FMN GV 03 Hove
46,Statielei 16,2018-08-07,21:00:00,48,36,12,FMN GV 03 Hove
46,Statielei 16,2018-08-07,22:00:00,34,20,14,FMN GV 03 Hove
46,Statielei 16,2018-08-07,23:00:00,17,8,9,FMN GV 03 Hove
46,Statielei 16,2018-08-08,00:00:00,8,0,8,FMN GV 03 Hove
46,Statielei 16,2018-08-08,01:00:00,9,1,8,FMN GV 03 Hove
46,Statielei 16,2018-08-08,02:00:00,1,0,1,FMN GV 03 Hove
46,Statielei 16,2018-08-08,03:00:00,0,0,0,FMN GV 03 Hove
46,Statielei 16,2018-08-08,04:00:00,8,5,3,FMN GV 03 Hove
46,Statielei 16,2018-08-08,05:00:00,19,12,7,FMN GV 03 Hove
46,Statielei 16,2018-08-08,06:00:00,83,57,26,FMN GV 03 Hove
46,Statielei 16,2018-08-08,07:00:00,185,145,40,FMN GV 03 Hove
46,Statielei 16,2018-08-08,08:00:00,183,146,37,FMN GV 03 Hove
46,Statielei 16,2018-08-08,09:00:00,118,77,41,FMN GV 03 Hove
46,Statielei 16,2018-08-08,10:00:00,139,80,59,FMN GV 03 Hove
46,Statielei 16,2018-08-08,11:00:00,125,55,70,FMN GV 03 Hove
46,Statielei 16,2018-08-08,12:00:00,101,37,64,FMN GV 03 Hove
46,Statielei 16,2018-08-08,13:00:00,95,43,52,FMN GV 03 Hove
46,Statielei 16,2018-08-08,14:00:00,92,43,49,FMN GV 03 Hove
46,Statielei 16,2018-08-08,15:00:00,93,52,41,FMN GV 03 Hove
46,Statielei 16,2018-08-08,16:00:00,175,72,103,FMN GV 03 Hove
46,Statielei 16,2018-08-08,17:00:00,216,74,142,FMN GV 03 Hove
46,Statielei 16,2018-08-08,18:00:00,162,74,88,FMN GV 03 Hove
46,Statielei 16,2018-08-08,19:00:00,99,40,59,FMN GV 03 Hove
46,Statielei 16,2018-08-08,20:00:00,87,50,37,FMN GV 03 Hove
46,Statielei 16,2018-08-08,21:00:00,58,39,19,FMN GV 03 Hove
46,Statielei 16,2018-08-08,22:00:00,38,23,15,FMN GV 03 Hove
46,Statielei 16,2018-08-08,23:00:00,34,8,26,FMN GV 03 Hove
46,Statielei 16,2018-08-09,00:00:00,11,3,8,FMN GV 03 Hove
46,Statielei 16,2018-08-09,01:00:00,3,0,3,FMN GV 03 Hove
46,Statielei 16,2018-08-09,02:00:00,3,1,2,FMN GV 03 Hove
46,Statielei 16,2018-08-09,03:00:00,3,2,1,FMN GV 03 Hove
46,Statielei 16,2018-08-09,04:00:00,2,1,1,FMN GV 03 Hove
46,Statielei 16,2018-08-09,05:00:00,16,8,8,FMN GV 03 Hove
46,Statielei 16,2018-08-09,06:00:00,58,42,16,FMN GV 03 Hove
46,Statielei 16,2018-08-09,07:00:00,141,113,28,FMN GV 03 Hove
46,Statielei 16,2018-08-09,08:00:00,138,102,36,FMN GV 03 Hove
46,Statielei 16,2018-08-09,09:00:00,51,35,16,FMN GV 03 Hove
46,Statielei 16,2018-08-09,10:00:00,47,28,19,FMN GV 03 Hove
46,Statielei 16,2018-08-09,11:00:00,41,23,18,FMN GV 03 Hove
46,Statielei 16,2018-08-09,12:00:00,33,19,14,FMN GV 03 Hove
46,Statielei 16,2018-08-09,13:00:00,18,11,7,FMN GV 03 Hove
46,Statielei 16,2018-08-09,14:00:00,25,12,13,FMN GV 03 Hove
46,Statielei 16,2018-08-09,15:00:00,37,14,23,FMN GV 03 Hove
46,Statielei 16,2018-08-09,16:00:00,105,35,70,FMN GV 03 Hove
46,Statielei 16,2018-08-09,17:00:00,122,39,83,FMN GV 03 Hove
46,Statielei 16,2018-08-09,18:00:00,92,32,60,FMN GV 03 Hove
46,Statielei 16,2018-08-09,19:00:00,44,19,25,FMN GV 03 Hove
46,Statielei 16,2018-08-09,20:00:00,35,22,13,FMN GV 03 Hove
46,Statielei 16,2018-08-09,21:00:00,31,17,14,FMN GV 03 Hove
46,Statielei 16,2018-08-09,22:00:00,28,16,12,FMN GV 03 Hove
46,Statielei 16,2018-08-09,23:00:00,10,3,7,FMN GV 03 Hove
46,Statielei 16,2018-08-10,00:00:00,8,1,7,FMN GV 03 Hove
46,Statielei 16,2018-08-10,01:00:00,2,1,1,FMN GV 03 Hove
46,Statielei 16,2018-08-10,02:00:00,0,0,0,FMN GV 03 Hove
46,Statielei 16,2018-08-10,03:00:00,0,0,0,FMN GV 03 Hove
46,Statielei 16,2018-08-10,04:00:00,6,4,2,FMN GV 03 Hove
46,Statielei 16,2018-08-10,05:00:00,19,10,9,FMN GV 03 Hove
46,Statielei 16,2018-08-10,06:00:00,70,52,18,FMN GV 03 Hove
46,Statielei 16,2018-08-10,07:00:00,143,108,35,FMN GV 03 Hove
46,Statielei 16,2018-08-10,08:00:00,154,116,38,FMN GV 03 Hove
46,Statielei 16,2018-08-10,09:00:00,78,56,22,FMN GV 03 Hove
46,Statielei 16,2018-08-10,10:00:00,76,50,26,FMN GV 03 Hove
46,Statielei 16,2018-08-10,11:00:00,64,29,35,FMN GV 03 Hove
46,Statielei 16,2018-08-10,12:00:00,74,41,33,FMN GV 03 Hove
46,Statielei 16,2018-08-10,13:00:00,95,57,38,FMN GV 03 Hove
46,Statielei 16,2018-08-10,14:00:00,96,58,38,FMN GV 03 Hove
46,Statielei 16,2018-08-10,15:00:00,114,42,72,FMN GV 03 Hove
46,Statielei 16,2018-08-10,16:00:00,186,64,122,FMN GV 03 Hove
46,Statielei 16,2018-08-10,17:00:00,181,64,117,FMN GV 03 Hove
46,Statielei 16,2018-08-10,18:00:00,126,62,64,FMN GV 03 Hove
46,Statielei 16,2018-08-10,19:00:00,60,32,28,FMN GV 03 Hove
46,Statielei 16,2018-08-10,20:00:00,36,17,19,FMN GV 03 Hove
46,Statielei 16,2018-08-10,21:00:00,24,21,3,FMN GV 03 Hove
46,Statielei 16,2018-08-10,22:00:00,32,13,19,FMN GV 03 Hove
46,Statielei 16,2018-08-10,23:00:00,19,7,12,FMN GV 03 Hove
46,Statielei 16,2018-08-11,00:00:00,13,5,8,FMN GV 03 Hove
46,Statielei 16,2018-08-11,01:00:00,17,2,15,FMN GV 03 Hove
46,Statielei 16,2018-08-11,02:00:00,10,2,8,FMN GV 03 Hove
46,Statielei 16,2018-08-11,03:00:00,5,3,2,FMN GV 03 Hove
46,Statielei 16,2018-08-11,04:00:00,7,3,4,FMN GV 03 Hove
46,Statielei 16,2018-08-11,05:00:00,8,6,2,FMN GV 03 Hove
46,Statielei 16,2018-08-11,06:00:00,11,6,5,FMN GV 03 Hove
46,Statielei 16,2018-08-11,07:00:00,13,8,5,FMN GV 03 Hove
46,Statielei 16,2018-08-11,08:00:00,21,10,11,FMN GV 03 Hove
46,Statielei 16,2018-08-11,09:00:00,70,35,35,FMN GV 03 Hove
46,Statielei 16,2018-08-11,10:00:00,84,48,36,FMN GV 03 Hove
46,Statielei 16,2018-08-11,11:00:00,95,60,35,FMN GV 03 Hove
46,Statielei 16,2018-08-11,12:00:00,125,81,44,FMN GV 03 Hove
46,Statielei 16,2018-08-11,13:00:00,126,76,50,FMN GV 03 Hove
46,Statielei 16,2018-08-11,14:00:00,141,75,66,FMN GV 03 Hove
46,Statielei 16,2018-08-11,15:00:00,118,64,54,FMN GV 03 Hove
46,Statielei 16,2018-08-11,16:00:00,112,59,53,FMN GV 03 Hove
46,Statielei 16,2018-08-11,17:00:00,91,48,43,FMN GV 03 Hove
46,Statielei 16,2018-08-11,18:00:00,76,46,30,FMN GV 03 Hove
46,Statielei 16,2018-08-11,19:00:00,46,25,21,FMN GV 03 Hove
46,Statielei 16,2018-08-11,20:00:00,41,30,11,FMN GV 03 Hove
46,Statielei 16,2018-08-11,21:00:00,32,14,18,FMN GV 03 Hove
46,Statielei 16,2018-08-11,22:00:00,27,9,18,FMN GV 03 Hove
46,Statielei 16,2018-08-11,23:00:00,27,8,19,FMN GV 03 Hove
46,Statielei 16,2018-08-12,00:00:00,15,7,8,FMN GV 03 Hove
46,Statielei 16,2018-08-12,01:00:00,11,1,10,FMN GV 03 Hove
46,Statielei 16,2018-08-12,02:00:00,2,0,2,FMN GV 03 Hove
46,Statielei 16,2018-08-12,03:00:00,0,0,0,FMN GV 03 Hove
46,Statielei 16,2018-08-12,04:00:00,7,2,5,FMN GV 03 Hove
46,Statielei 16,2018-08-12,05:00:00,9,7,2,FMN GV 03 Hove
46,Statielei 16,2018-08-12,06:00:00,10,4,6,FMN GV 03 Hove
46,Statielei 16,2018-08-12,07:00:00,13,8,5,FMN GV 03 Hove
46,Statielei 16,2018-08-12,08:00:00,29,12,17,FMN GV 03 Hove
46,Statielei 16,2018-08-12,09:00:00,73,38,35,FMN GV 03 Hove
46,Statielei 16,2018-08-12,10:00:00,144,75,69,FMN GV 03 Hove
46,Statielei 16,2018-08-12,11:00:00,194,132,62,FMN GV 03 Hove
46,Statielei 16,2018-08-12,12:00:00,193,111,82,FMN GV 03 Hove
46,Statielei 16,2018-08-12,13:00:00,183,112,71,FMN GV 03 Hove
46,Statielei 16,2018-08-12,14:00:00,180,106,74,FMN GV 03 Hove
46,Statielei 16,2018-08-12,15:00:00,186,106,80,FMN GV 03 Hove
46,Statielei 16,2018-08-12,16:00:00,153,98,55,FMN GV 03 Hove
46,Statielei 16,2018-08-12,17:00:00,141,71,70,FMN GV 03 Hove
46,Statielei 16,2018-08-12,18:00:00,118,67,51,FMN GV 03 Hove
46,Statielei 16,2018-08-12,19:00:00,66,34,32,FMN GV 03 Hove
46,Statielei 16,2018-08-12,20:00:00,50,34,16,FMN GV 03 Hove
46,Statielei 16,2018-08-12,21:00:00,52,29,23,FMN GV 03 Hove
46,Statielei 16,2018-08-12,22:00:00,31,13,18,FMN GV 03 Hove
46,Statielei 16,2018-08-12,23:00:00,16,8,8,FMN GV 03 Hove
46,Statielei 16,2018-08-13,00:00:00,8,4,4,FMN GV 03 Hove
46,Statielei 16,2018-08-13,01:00:00,0,0,0,FMN GV 03 Hove
46,Statielei 16,2018-08-13,02:00:00,1,1,0,FMN GV 03 Hove
46,Statielei 16,2018-08-13,03:00:00,1,0,1,FMN GV 03 Hove
46,Statielei 16,2018-08-13,04:00:00,9,6,3,FMN GV 03 Hove
46,Statielei 16,2018-08-13,05:00:00,12,8,4,FMN GV 03 Hove
46,Statielei 16,2018-08-13,06:00:00,52,40,12,FMN GV 03 Hove
46,Statielei 16,2018-08-13,07:00:00,89,70,19,FMN GV 03 Hove
46,Statielei 16,2018-08-13,08:00:00,104,80,24,FMN GV 03 Hove
46,Statielei 16,2018-08-13,09:00:00,34,22,12,FMN GV 03 Hove
46,Statielei 16,2018-08-13,10:00:00,28,18,10,FMN GV 03 Hove
46,Statielei 16,2018-08-13,11:00:00,42,30,12,FMN GV 03 Hove
46,Statielei 16,2018-08-13,12:00:00,36,24,12,FMN GV 03 Hove
46,Statielei 16,2018-08-13,13:00:00,38,26,12,FMN GV 03 Hove
46,Statielei 16,2018-08-13,14:00:00,27,14,13,FMN GV 03 Hove
46,Statielei 16,2018-08-13,15:00:00,43,20,23,FMN GV 03 Hove
46,Statielei 16,2018-08-13,16:00:00,93,30,63,FMN GV 03 Hove
46,Statielei 16,2018-08-13,17:00:00,118,38,80,FMN GV 03 Hove
46,Statielei 16,2018-08-13,18:00:00,88,31,57,FMN GV 03 Hove
46,Statielei 16,2018-08-13,19:00:00,31,17,14,FMN GV 03 Hove
46,Statielei 16,2018-08-13,20:00:00,24,17,7,FMN GV 03 Hove
46,Statielei 16,2018-08-13,21:00:00,15,8,7,FMN GV 03 Hove
46,Statielei 16,2018-08-13,22:00:00,23,5,18,FMN GV 03 Hove
46,Statielei 16,2018-08-13,23:00:00,13,2,11,FMN GV 03 Hove
46,Statielei 16,2018-08-14,00:00:00,3,2,1,FMN GV 03 Hove
46,Statielei 16,2018-08-14,01:00:00,4,2,2,FMN GV 03 Hove
46,Statielei 16,2018-08-14,02:00:00,1,0,1,FMN GV 03 Hove
46,Statielei 16,2018-08-14,03:00:00,0,0,0,FMN GV 03 Hove
46,Statielei 16,2018-08-14,04:00:00,10,8,2,FMN GV 03 Hove
46,Statielei 16,2018-08-14,05:00:00,8,4,4,FMN GV 03 Hove
46,Statielei 16,2018-08-14,06:00:00,68,58,10,FMN GV 03 Hove
46,Statielei 16,2018-08-14,07:00:00,169,134,35,FMN GV 03 Hove
46,Statielei 16,2018-08-14,08:00:00,158,120,38,FMN GV 03 Hove
46,Statielei 16,2018-08-14,09:00:00,68,47,21,FMN GV 03 Hove
46,Statielei 16,2018-08-14,10:00:00,69,44,25,FMN GV 03 Hove
46,Statielei 16,2018-08-14,11:00:00,82,54,28,FMN GV 03 Hove
46,Statielei 16,2018-08-14,12:00:00,64,43,21,FMN GV 03 Hove
46,Statielei 16,2018-08-14,13:00:00,53,41,12,FMN GV 03 Hove
46,Statielei 16,2018-08-14,14:00:00,52,29,23,FMN GV 03 Hove
46,Statielei 16,2018-08-14,15:00:00,70,33,37,FMN GV 03 Hove
46,Statielei 16,2018-08-14,16:00:00,137,41,96,FMN GV 03 Hove
46,Statielei 16,2018-08-14,17:00:00,193,73,120,FMN GV 03 Hove
46,Statielei 16,2018-08-14,18:00:00,139,55,84,FMN GV 03 Hove
46,Statielei 16,2018-08-14,19:00:00,100,52,48,FMN GV 03 Hove
46,Statielei 16,2018-08-14,20:00:00,84,64,20,FMN GV 03 Hove
46,Statielei 16,2018-08-14,21:00:00,50,32,18,FMN GV 03 Hove
46,Statielei 16,2018-08-14,22:00:00,32,18,14,FMN GV 03 Hove
46,Statielei 16,2018-08-14,23:00:00,28,9,19,FMN GV 03 Hove
46,Statielei 16,2018-08-15,00:00:00,17,3,14,FMN GV 03 Hove
46,Statielei 16,2018-08-15,01:00:00,16,4,12,FMN GV 03 Hove
46,Statielei 16,2018-08-15,02:00:00,19,5,14,FMN GV 03 Hove
46,Statielei 16,2018-08-15,03:00:00,3,0,3,FMN GV 03 Hove
46,Statielei 16,2018-08-15,04:00:00,4,2,2,FMN GV 03 Hove
46,Statielei 16,2018-08-15,05:00:00,13,8,5,FMN GV 03 Hove
46,Statielei 16,2018-08-15,06:00:00,6,5,1,FMN GV 03 Hove
46,Statielei 16,2018-08-15,07:00:00,18,10,8,FMN GV 03 Hove
46,Statielei 16,2018-08-15,08:00:00,45,22,23,FMN GV 03 Hove
46,Statielei 16,2018-08-15,09:00:00,102,56,46,FMN GV 03 Hove
46,Statielei 16,2018-08-15,10:00:00,178,103,75,FMN GV 03 Hove
46,Statielei 16,2018-08-15,11:00:00,166,97,69,FMN GV 03 Hove
46,Statielei 16,2018-08-15,12:00:00,143,77,66,FMN GV 03 Hove
46,Statielei 16,2018-08-15,13:00:00,147,95,52,FMN GV 03 Hove
46,Statielei 16,2018-08-15,14:00:00,190,130,60,FMN GV 03 Hove
46,Statielei 16,2018-08-15,15:00:00,170,114,56,FMN GV 03 Hove
46,Statielei 16,2018-08-15,16:00:00,131,69,62,FMN GV 03 Hove
46,Statielei 16,2018-08-15,17:00:00,132,72,60,FMN GV 03 Hove
46,Statielei 16,2018-08-15,18:00:00,116,49,67,FMN GV 03 Hove
46,Statielei 16,2018-08-15,19:00:00,76,30,46,FMN GV 03 Hove
46,Statielei 16,2018-08-15,20:00:00,65,35,30,FMN GV 03 Hove
46,Statielei 16,2018-08-15,21:00:00,59,31,28,FMN GV 03 Hove
46,Statielei 16,2018-08-15,22:00:00,37,14,23,FMN GV 03 Hove
46,Statielei 16,2018-08-15,23:00:00,9,4,5,FMN GV 03 Hove
46,Statielei 16,2018-08-16,00:00:00,4,1,3,FMN GV 03 Hove
46,Statielei 16,2018-08-16,01:00:00,2,0,2,FMN GV 03 Hove
46,Statielei 16,2018-08-16,02:00:00,5,1,4,FMN GV 03 Hove
46,Statielei 16,2018-08-16,03:00:00,1,1,0,FMN GV 03 Hove
46,Statielei 16,2018-08-16,04:00:00,5,2,3,FMN GV 03 Hove
46,Statielei 16,2018-08-16,05:00:00,18,12,6,FMN GV 03 Hove
46,Statielei 16,2018-08-16,06:00:00,73,57,16,FMN GV 03 Hove
46,Statielei 16,2018-08-16,07:00:00,194,150,44,FMN GV 03 Hove
46,Statielei 16,2018-08-16,08:00:00,196,146,50,FMN GV 03 Hove
46,Statielei 16,2018-08-16,09:00:00,59,38,21,FMN GV 03 Hove
46,Statielei 16,2018-08-16,10:00:00,88,51,37,FMN GV 03 Hove
46,Statielei 16,2018-08-16,11:00:00,95,55,40,FMN GV 03 Hove
46,Statielei 16,2018-08-16,12:00:00,87,52,35,FMN GV 03 Hove
46,Statielei 16,2018-08-16,13:00:00,103,61,42,FMN GV 03 Hove
46,Statielei 16,2018-08-16,14:00:00,130,83,47,FMN GV 03 Hove
46,Statielei 16,2018-08-16,15:00:00,128,61,67,FMN GV 03 Hove
46,Statielei 16,2018-08-16,16:00:00,194,69,125,FMN GV 03 Hove
46,Statielei 16,2018-08-16,17:00:00,250,94,156,FMN GV 03 Hove
46,Statielei 16,2018-08-16,18:00:00,194,75,119,FMN GV 03 Hove
46,Statielei 16,2018-08-16,19:00:00,112,56,56,FMN GV 03 Hove
46,Statielei 16,2018-08-16,20:00:00,79,55,24,FMN GV 03 Hove
46,Statielei 16,2018-08-16,21:00:00,41,19,22,FMN GV 03 Hove
46,Statielei 16,2018-08-16,22:00:00,35,18,17,FMN GV 03 Hove
46,Statielei 16,2018-08-16,23:00:00,19,4,15,FMN GV 03 Hove
46,Statielei 16,2018-08-17,00:00:00,13,2,11,FMN GV 03 Hove
46,Statielei 16,2018-08-17,01:00:00,1,1,0,FMN GV 03 Hove
46,Statielei 16,2018-08-17,02:00:00,0,0,0,FMN GV 03 Hove
46,Statielei 16,2018-08-17,03:00:00,0,0,0,FMN GV 03 Hove
46,Statielei 16,2018-08-17,04:00:00,8,3,5,FMN GV 03 Hove
46,Statielei 16,2018-08-17,05:00:00,9,5,4,FMN GV 03 Hove
46,Statielei 16,2018-08-17,06:00:00,65,53,12,FMN GV 03 Hove
46,Statielei 16,2018-08-17,07:00:00,169,119,50,FMN GV 03 Hove
46,Statielei 16,2018-08-17,08:00:00,168,117,51,FMN GV 03 Hove
46,Statielei 16,2018-08-17,09:00:00,108,67,41,FMN GV 03 Hove
46,Statielei 16,2018-08-17,10:00:00,104,71,33,FMN GV 03 Hove
46,Statielei 16,2018-08-17,11:00:00,84,41,43,FMN GV 03 Hove
46,Statielei 16,2018-08-17,12:00:00,82,31,51,FMN GV 03 Hove
46,Statielei 16,2018-08-17,13:00:00,101,64,37,FMN GV 03 Hove
46,Statielei 16,2018-08-17,14:00:00,123,62,61,FMN GV 03 Hove
46,Statielei 16,2018-08-17,15:00:00,113,55,58,FMN GV 03 Hove
46,Statielei 16,2018-08-17,16:00:00,208,82,126,FMN GV 03 Hove
46,Statielei 16,2018-08-17,17:00:00,215,87,128,FMN GV 03 Hove
46,Statielei 16,2018-08-17,18:00:00,149,60,89,FMN GV 03 Hove
46,Statielei 16,2018-08-17,19:00:00,89,42,47,FMN GV 03 Hove
46,Statielei 16,2018-08-17,20:00:00,65,42,23,FMN GV 03 Hove
46,Statielei 16,2018-08-17,21:00:00,55,31,24,FMN GV 03 Hove
46,Statielei 16,2018-08-17,22:00:00,29,8,21,FMN GV 03 Hove
46,Statielei 16,2018-08-17,23:00:00,29,14,15,FMN GV 03 Hove
46,Statielei 16,2018-08-18,00:00:00,17,6,11,FMN GV 03 Hove
46,Statielei 16,2018-08-18,01:00:00,22,12,10,FMN GV 03 Hove
46,Statielei 16,2018-08-18,02:00:00,10,2,8,FMN GV 03 Hove
46,Statielei 16,2018-08-18,03:00:00,5,3,2,FMN GV 03 Hove
46,Statielei 16,2018-08-18,04:00:00,3,2,1,FMN GV 03 Hove
46,Statielei 16,2018-08-18,05:00:00,8,5,3,FMN GV 03 Hove
46,Statielei 16,2018-08-18,06:00:00,8,4,4,FMN GV 03 Hove
46,Statielei 16,2018-08-18,07:00:00,12,5,7,FMN GV 03 Hove
46,Statielei 16,2018-08-18,08:00:00,40,13,27,FMN GV 03 Hove
46,Statielei 16,2018-08-18,09:00:00,66,29,37,FMN GV 03 Hove
46,Statielei 16,2018-08-18,10:00:00,89,51,38,FMN GV 03 Hove
46,Statielei 16,2018-08-18,11:00:00,124,78,46,FMN GV 03 Hove
46,Statielei 16,2018-08-18,12:00:00,96,60,36,FMN GV 03 Hove
46,Statielei 16,2018-08-18,13:00:00,124,76,48,FMN GV 03 Hove
46,Statielei 16,2018-08-18,14:00:00,149,70,79,FMN GV 03 Hove
46,Statielei 16,2018-08-18,15:00:00,120,64,56,FMN GV 03 Hove
46,Statielei 16,2018-08-18,16:00:00,126,64,62,FMN GV 03 Hove
46,Statielei 16,2018-08-18,17:00:00,115,57,58,FMN GV 03 Hove
46,Statielei 16,2018-08-18,18:00:00,68,34,34,FMN GV 03 Hove
46,Statielei 16,2018-08-18,19:00:00,65,32,33,FMN GV 03 Hove
46,Statielei 16,2018-08-18,20:00:00,29,18,11,FMN GV 03 Hove
46,Statielei 16,2018-08-18,21:00:00,27,11,16,FMN GV 03 Hove
46,Statielei 16,2018-08-18,22:00:00,24,10,14,FMN GV 03 Hove
46,Statielei 16,2018-08-18,23:00:00,16,3,13,FMN GV 03 Hove
46,Statielei 16,2018-08-19,00:00:00,17,5,12,FMN GV 03 Hove
46,Statielei 16,2018-08-19,01:00:00,14,3,11,FMN GV 03 Hove
46,Statielei 16,2018-08-19,02:00:00,13,5,8,FMN GV 03 Hove
46,Statielei 16,2018-08-19,03:00:00,6,4,2,FMN GV 03 Hove
46,Statielei 16,2018-08-19,04:00:00,2,2,0,FMN GV 03 Hove
46,Statielei 16,2018-08-19,05:00:00,3,3,0,FMN GV 03 Hove
46,Statielei 16,2018-08-19,06:00:00,7,2,5,FMN GV 03 Hove
46,Statielei 16,2018-08-19,07:00:00,14,2,12,FMN GV 03 Hove
46,Statielei 16,2018-08-19,08:00:00,45,17,28,FMN GV 03 Hove
46,Statielei 16,2018-08-19,09:00:00,113,50,63,FMN GV 03 Hove
46,Statielei 16,2018-08-19,10:00:00,123,58,65,FMN GV 03 Hove
46,Statielei 16,2018-08-19,11:00:00,146,90,56,FMN GV 03 Hove
46,Statielei 16,2018-08-19,12:00:00,157,106,51,FMN GV 03 Hove
46,Statielei 16,2018-08-19,13:00:00,144,84,60,FMN GV 03 Hove
46,Statielei 16,2018-08-19,14:00:00,205,119,86,FMN GV 03 Hove
46,Statielei 16,2018-08-19,15:00:00,145,79,66,FMN GV 03 Hove
46,Statielei 16,2018-08-19,16:00:00,153,96,57,FMN GV 03 Hove
46,Statielei 16,2018-08-19,17:00:00,137,70,67,FMN GV 03 Hove
46,Statielei 16,2018-08-19,18:00:00,108,49,59,FMN GV 03 Hove
46,Statielei 16,2018-08-19,19:00:00,95,51,44,FMN GV 03 Hove
46,Statielei 16,2018-08-19,20:00:00,69,36,33,FMN GV 03 Hove
46,Statielei 16,2018-08-19,21:00:00,33,14,19,FMN GV 03 Hove
46,Statielei 16,2018-08-19,22:00:00,21,8,13,FMN GV 03 Hove
46,Statielei 16,2018-08-19,23:00:00,13,2,11,FMN GV 03 Hove
46,Statielei 16,2018-08-20,00:00:00,6,0,6,FMN GV 03 Hove
46,Statielei 16,2018-08-20,01:00:00,3,0,3,FMN GV 03 Hove
46,Statielei 16,2018-08-20,02:00:00,3,1,2,FMN GV 03 Hove
46,Statielei 16,2018-08-20,03:00:00,2,0,2,FMN GV 03 Hove
46,Statielei 16,2018-08-20,04:00:00,5,4,1,FMN GV 03 Hove
46,Statielei 16,2018-08-20,05:00:00,18,13,5,FMN GV 03 Hove
46,Statielei 16,2018-08-20,06:00:00,97,71,26,FMN GV 03 Hove
46,Statielei 16,2018-08-20,07:00:00,244,177,67,FMN GV 03 Hove
46,Statielei 16,2018-08-20,08:00:00,241,190,51,FMN GV 03 Hove
46,Statielei 16,2018-08-20,09:00:00,103,67,36,FMN GV 03 Hove
46,Statielei 16,2018-08-20,10:00:00,46,25,21,FMN GV 03 Hove
46,Statielei 16,2018-08-20,11:00:00,53,36,17,FMN GV 03 Hove
46,Statielei 16,2018-08-20,12:00:00,71,33,38,FMN GV 03 Hove
46,Statielei 16,2018-08-20,13:00:00,77,38,39,FMN GV 03 Hove
46,Statielei 16,2018-08-20,14:00:00,101,48,53,FMN GV 03 Hove
46,Statielei 16,2018-08-20,15:00:00,103,46,57,FMN GV 03 Hove
46,Statielei 16,2018-08-20,16:00:00,229,85,144,FMN GV 03 Hove
46,Statielei 16,2018-08-20,17:00:00,272,87,185,FMN GV 03 Hove
46,Statielei 16,2018-08-20,18:00:00,194,65,129,FMN GV 03 Hove
46,Statielei 16,2018-08-20,19:00:00,93,36,57,FMN GV 03 Hove
46,Statielei 16,2018-08-20,20:00:00,65,41,24,FMN GV 03 Hove
46,Statielei 16,2018-08-20,21:00:00,55,33,22,FMN GV 03 Hove
46,Statielei 16,2018-08-20,22:00:00,19,10,9,FMN GV 03 Hove
46,Statielei 16,2018-08-20,23:00:00,15,8,7,FMN GV 03 Hove
46,Statielei 16,2018-08-21,00:00:00,5,0,5,FMN GV 03 Hove
46,Statielei 16,2018-08-21,01:00:00,2,2,0,FMN GV 03 Hove
46,Statielei 16,2018-08-21,02:00:00,1,1,0,FMN GV 03 Hove
46,Statielei 16,2018-08-21,03:00:00,1,0,1,FMN GV 03 Hove
46,Statielei 16,2018-08-21,04:00:00,8,6,2,FMN GV 03 Hove
46,Statielei 16,2018-08-21,05:00:00,23,13,10,FMN GV 03 Hove
46,Statielei 16,2018-08-21,06:00:00,97,76,21,FMN GV 03 Hove
46,Statielei 16,2018-08-21,07:00:00,299,224,75,FMN GV 03 Hove
46,Statielei 16,2018-08-21,08:00:00,259,206,53,FMN GV 03 Hove
46,Statielei 16,2018-08-21,09:00:00,117,79,38,FMN GV 03 Hove
46,Statielei 16,2018-08-21,10:00:00,83,50,33,FMN GV 03 Hove
46,Statielei 16,2018-08-21,11:00:00,99,55,44,FMN GV 03 Hove
46,Statielei 16,2018-08-21,12:00:00,101,55,46,FMN GV 03 Hove
46,Statielei 16,2018-08-21,13:00:00,121,68,53,FMN GV 03 Hove
46,Statielei 16,2018-08-21,14:00:00,102,53,49,FMN GV 03 Hove
46,Statielei 16,2018-08-21,15:00:00,153,60,93,FMN GV 03 Hove
46,Statielei 16,2018-08-21,16:00:00,244,60,184,FMN GV 03 Hove
46,Statielei 16,2018-08-21,17:00:00,328,112,216,FMN GV 03 Hove
46,Statielei 16,2018-08-21,18:00:00,239,96,143,FMN GV 03 Hove
46,Statielei 16,2018-08-21,19:00:00,148,62,86,FMN GV 03 Hove
46,Statielei 16,2018-08-21,20:00:00,124,85,39,FMN GV 03 Hove
46,Statielei 16,2018-08-21,21:00:00,63,33,30,FMN GV 03 Hove
46,Statielei 16,2018-08-21,22:00:00,47,20,27,FMN GV 03 Hove
46,Statielei 16,2018-08-21,23:00:00,12,4,8,FMN GV 03 Hove
46,Statielei 16,2018-08-22,00:00:00,13,3,10,FMN GV 03 Hove
46,Statielei 16,2018-08-22,01:00:00,9,3,6,FMN GV 03 Hove
46,Statielei 16,2018-08-22,02:00:00,6,2,4,FMN GV 03 Hove
46,Statielei 16,2018-08-22,03:00:00,1,1,0,FMN GV 03 Hove
46,Statielei 16,2018-08-22,04:00:00,8,6,2,FMN GV 03 Hove
46,Statielei 16,2018-08-22,05:00:00,25,16,9,FMN GV 03 Hove
46,Statielei 16,2018-08-22,06:00:00,104,77,27,FMN GV 03 Hove
46,Statielei 16,2018-08-22,07:00:00,260,194,66,FMN GV 03 Hove
46,Statielei 16,2018-08-22,08:00:00,269,187,82,FMN GV 03 Hove
46,Statielei 16,2018-08-22,09:00:00,169,113,56,FMN GV 03 Hove
46,Statielei 16,2018-08-22,10:00:00,191,104,87,FMN GV 03 Hove
46,Statielei 16,2018-08-22,11:00:00,191,103,88,FMN GV 03 Hove
46,Statielei 16,2018-08-22,12:00:00,158,67,91,FMN GV 03 Hove
46,Statielei 16,2018-08-22,13:00:00,146,81,65,FMN GV 03 Hove
46,Statielei 16,2018-08-22,14:00:00,149,63,86,FMN GV 03 Hove
46,Statielei 16,2018-08-22,15:00:00,177,73,104,FMN GV 03 Hove
46,Statielei 16,2018-08-22,16:00:00,239,87,152,FMN GV 03 Hove
46,Statielei 16,2018-08-22,17:00:00,330,108,222,FMN GV 03 Hove
46,Statielei 16,2018-08-22,18:00:00,271,113,158,FMN GV 03 Hove
46,Statielei 16,2018-08-22,19:00:00,131,59,72,FMN GV 03 Hove
46,Statielei 16,2018-08-22,20:00:00,100,61,39,FMN GV 03 Hove
46,Statielei 16,2018-08-22,21:00:00,86,47,39,FMN GV 03 Hove
46,Statielei 16,2018-08-22,22:00:00,52,31,21,FMN GV 03 Hove
46,Statielei 16,2018-08-22,23:00:00,36,14,22,FMN GV 03 Hove
46,Statielei 16,2018-08-23,00:00:00,18,4,14,FMN GV 03 Hove
46,Statielei 16,2018-08-23,01:00:00,6,1,5,FMN GV 03 Hove
46,Statielei 16,2018-08-23,02:00:00,5,4,1,FMN GV 03 Hove
46,Statielei 16,2018-08-23,03:00:00,4,3,1,FMN GV 03 Hove
46,Statielei 16,2018-08-23,04:00:00,8,6,2,FMN GV 03 Hove
46,Statielei 16,2018-08-23,05:00:00,20,10,10,FMN GV 03 Hove
46,Statielei 16,2018-08-23,06:00:00,92,72,20,FMN GV 03 Hove
46,Statielei 16,2018-08-23,07:00:00,257,196,61,FMN GV 03 Hove
46,Statielei 16,2018-08-23,08:00:00,250,191,59,FMN GV 03 Hove
46,Statielei 16,2018-08-23,09:00:00,98,63,35,FMN GV 03 Hove
46,Statielei 16,2018-08-23,10:00:00,82,53,29,FMN GV 03 Hove
46,Statielei 16,2018-08-23,11:00:00,72,35,37,FMN GV 03 Hove
46,Statielei 16,2018-08-23,12:00:00,79,46,33,FMN GV 03 Hove
46,Statielei 16,2018-08-23,13:00:00,57,38,19,FMN GV 03 Hove
46,Statielei 16,2018-08-23,14:00:00,82,32,50,FMN GV 03 Hove
46,Statielei 16,2018-08-23,15:00:00,87,38,49,FMN GV 03 Hove
46,Statielei 16,2018-08-23,16:00:00,180,68,112,FMN GV 03 Hove
46,Statielei 16,2018-08-23,17:00:00,225,62,163,FMN GV 03 Hove
46,Statielei 16,2018-08-23,18:00:00,164,60,104,FMN GV 03 Hove
46,Statielei 16,2018-08-23,19:00:00,93,39,54,FMN GV 03 Hove
46,Statielei 16,2018-08-23,20:00:00,63,42,21,FMN GV 03 Hove
46,Statielei 16,2018-08-23,21:00:00,40,23,17,FMN GV 03 Hove
46,Statielei 16,2018-08-23,22:00:00,26,10,16,FMN GV 03 Hove
46,Statielei 16,2018-08-23,23:00:00,30,12,18,FMN GV 03 Hove
46,Statielei 16,2018-08-24,00:00:00,9,4,5,FMN GV 03 Hove
46,Statielei 16,2018-08-24,01:00:00,10,1,9,FMN GV 03 Hove
46,Statielei 16,2018-08-24,02:00:00,4,2,2,FMN GV 03 Hove
46,Statielei 16,2018-08-24,03:00:00,8,3,5,FMN GV 03 Hove
46,Statielei 16,2018-08-24,04:00:00,7,5,2,FMN GV 03 Hove
46,Statielei 16,2018-08-24,05:00:00,13,11,2,FMN GV 03 Hove
46,Statielei 16,2018-08-24,06:00:00,67,46,21,FMN GV 03 Hove
46,Statielei 16,2018-08-24,07:00:00,152,107,45,FMN GV 03 Hove
46,Statielei 16,2018-08-24,08:00:00,129,92,37,FMN GV 03 Hove
46,Statielei 16,2018-08-24,09:00:00,70,52,18,FMN GV 03 Hove
46,Statielei 16,2018-08-24,10:00:00,58,36,22,FMN GV 03 Hove
46,Statielei 16,2018-08-24,11:00:00,77,42,35,FMN GV 03 Hove
46,Statielei 16,2018-08-24,12:00:00,92,43,49,FMN GV 03 Hove
46,Statielei 16,2018-08-24,13:00:00,87,40,47,FMN GV 03 Hove
46,Statielei 16,2018-08-24,14:00:00,99,45,54,FMN GV 03 Hove
46,Statielei 16,2018-08-24,15:00:00,71,35,36,FMN GV 03 Hove
46,Statielei 16,2018-08-24,16:00:00,175,62,113,FMN GV 03 Hove
46,Statielei 16,2018-08-24,17:00:00,165,63,102,FMN GV 03 Hove
46,Statielei 16,2018-08-24,18:00:00,135,55,80,FMN GV 03 Hove
46,Statielei 16,2018-08-24,19:00:00,71,35,36,FMN GV 03 Hove
46,Statielei 16,2018-08-24,20:00:00,48,28,20,FMN GV 03 Hove
46,Statielei 16,2018-08-24,21:00:00,50,15,35,FMN GV 03 Hove
46,Statielei 16,2018-08-24,22:00:00,35,14,21,FMN GV 03 Hove
46,Statielei 16,2018-08-24,23:00:00,12,5,7,FMN GV 03 Hove
46,Statielei 16,2018-08-25,00:00:00,26,9,17,FMN GV 03 Hove
46,Statielei 16,2018-08-25,01:00:00,14,7,7,FMN GV 03 Hove
46,Statielei 16,2018-08-25,02:00:00,17,14,3,FMN GV 03 Hove
46,Statielei 16,2018-08-25,03:00:00,10,5,5,FMN GV 03 Hove
46,Statielei 16,2018-08-25,04:00:00,4,2,2,FMN GV 03 Hove
46,Statielei 16,2018-08-25,05:00:00,5,4,1,FMN GV 03 Hove
46,Statielei 16,2018-08-25,06:00:00,5,4,1,FMN GV 03 Hove
46,Statielei 16,2018-08-25,07:00:00,6,2,4,FMN GV 03 Hove
46,Statielei 16,2018-08-25,08:00:00,17,11,6,FMN GV 03 Hove
46,Statielei 16,2018-08-25,09:00:00,24,10,14,FMN GV 03 Hove
46,Statielei 16,2018-08-25,10:00:00,46,20,26,FMN GV 03 Hove
46,Statielei 16,2018-08-25,11:00:00,55,35,20,FMN GV 03 Hove
46,Statielei 16,2018-08-25,12:00:00,56,28,28,FMN GV 03 Hove
46,Statielei 16,2018-08-25,13:00:00,58,28,30,FMN GV 03 Hove
46,Statielei 16,2018-08-25,14:00:00,65,34,31,FMN GV 03 Hove
46,Statielei 16,2018-08-25,15:00:00,58,30,28,FMN GV 03 Hove
46,Statielei 16,2018-08-25,16:00:00,51,20,31,FMN GV 03 Hove
46,Statielei 16,2018-08-25,17:00:00,45,20,25,FMN GV 03 Hove
46,Statielei 16,2018-08-25,18:00:00,48,26,22,FMN GV 03 Hove
46,Statielei 16,2018-08-25,19:00:00,38,17,21,FMN GV 03 Hove
46,Statielei 16,2018-08-25,20:00:00,37,17,20,FMN GV 03 Hove
46,Statielei 16,2018-08-25,21:00:00,23,10,13,FMN GV 03 Hove
46,Statielei 16,2018-08-25,22:00:00,21,11,10,FMN GV 03 Hove
46,Statielei 16,2018-08-25,23:00:00,27,16,11,FMN GV 03 Hove
46,Statielei 16,2018-08-26,00:00:00,14,7,7,FMN GV 03 Hove
46,Statielei 16,2018-08-26,01:00:00,12,8,4,FMN GV 03 Hove
46,Statielei 16,2018-08-26,02:00:00,18,12,6,FMN GV 03 Hove
46,Statielei 16,2018-08-26,03:00:00,7,5,2,FMN GV 03 Hove
46,Statielei 16,2018-08-26,04:00:00,9,6,3,FMN GV 03 Hove
46,Statielei 16,2018-08-26,05:00:00,10,7,3,FMN GV 03 Hove
46,Statielei 16,2018-08-26,06:00:00,11,5,6,FMN GV 03 Hove
46,Statielei 16,2018-08-26,07:00:00,14,8,6,FMN GV 03 Hove
46,Statielei 16,2018-08-26,08:00:00,44,11,33,FMN GV 03 Hove
46,Statielei 16,2018-08-26,09:00:00,58,19,39,FMN GV 03 Hove
46,Statielei 16,2018-08-26,10:00:00,120,52,68,FMN GV 03 Hove
46,Statielei 16,2018-08-26,11:00:00,139,74,65,FMN GV 03 Hove
46,Statielei 16,2018-08-26,12:00:00,134,78,56,FMN GV 03 Hove
46,Statielei 16,2018-08-26,13:00:00,138,86,52,FMN GV 03 Hove
46,Statielei 16,2018-08-26,14:00:00,138,81,57,FMN GV 03 Hove
46,Statielei 16,2018-08-26,15:00:00,90,29,61,FMN GV 03 Hove
46,Statielei 16,2018-08-26,16:00:00,86,39,47,FMN GV 03 Hove
46,Statielei 16,2018-08-26,17:00:00,78,43,35,FMN GV 03 Hove
46,Statielei 16,2018-08-26,18:00:00,39,22,17,FMN GV 03 Hove
46,Statielei 16,2018-08-26,19:00:00,42,26,16,FMN GV 03 Hove
46,Statielei 16,2018-08-26,20:00:00,26,14,12,FMN GV 03 Hove
46,Statielei 16,2018-08-26,21:00:00,8,5,3,FMN GV 03 Hove
46,Statielei 16,2018-08-26,22:00:00,1,0,1,FMN GV 03 Hove
46,Statielei 16,2018-08-26,23:00:00,11,2,9,FMN GV 03 Hove
46,Statielei 16,2018-08-27,00:00:00,3,1,2,FMN GV 03 Hove
46,Statielei 16,2018-08-27,01:00:00,1,0,1,FMN GV 03 Hove
46,Statielei 16,2018-08-27,02:00:00,1,1,0,FMN GV 03 Hove
46,Statielei 16,2018-08-27,03:00:00,1,1,0,FMN GV 03 Hove
46,Statielei 16,2018-08-27,04:00:00,9,5,4,FMN GV 03 Hove
46,Statielei 16,2018-08-27,05:00:00,13,8,5,FMN GV 03 Hove
46,Statielei 16,2018-08-27,06:00:00,62,43,19,FMN GV 03 Hove
46,Statielei 16,2018-08-27,07:00:00,145,104,41,FMN GV 03 Hove
46,Statielei 16,2018-08-27,08:00:00,158,107,51,FMN GV 03 Hove
46,Statielei 16,2018-08-27,09:00:00,56,32,24,FMN GV 03 Hove
46,Statielei 16,2018-08-27,10:00:00,40,18,22,FMN GV 03 Hove
46,Statielei 16,2018-08-27,11:00:00,45,27,18,FMN GV 03 Hove
46,Statielei 16,2018-08-27,12:00:00,50,27,23,FMN GV 03 Hove
46,Statielei 16,2018-08-27,13:00:00,59,29,30,FMN GV 03 Hove
46,Statielei 16,2018-08-27,14:00:00,71,41,30,FMN GV 03 Hove
46,Statielei 16,2018-08-27,15:00:00,69,36,33,FMN GV 03 Hove
46,Statielei 16,2018-08-27,16:00:00,145,40,105,FMN GV 03 Hove
46,Statielei 16,2018-08-27,17:00:00,185,60,125,FMN GV 03 Hove
46,Statielei 16,2018-08-27,18:00:00,114,35,79,FMN GV 03 Hove
46,Statielei 16,2018-08-27,19:00:00,60,23,37,FMN GV 03 Hove
46,Statielei 16,2018-08-27,20:00:00,30,14,16,FMN GV 03 Hove
46,Statielei 16,2018-08-27,21:00:00,31,19,12,FMN GV 03 Hove
46,Statielei 16,2018-08-27,22:00:00,23,8,15,FMN GV 03 Hove
46,Statielei 16,2018-08-27,23:00:00,4,2,2,FMN GV 03 Hove
46,Statielei 16,2018-08-28,00:00:00,13,3,10,FMN GV 03 Hove
46,Statielei 16,2018-08-28,01:00:00,2,2,0,FMN GV 03 Hove
46,Statielei 16,2018-08-28,02:00:00,1,0,1,FMN GV 03 Hove
46,Statielei 16,2018-08-28,03:00:00,1,0,1,FMN GV 03 Hove
46,Statielei 16,2018-08-28,04:00:00,10,7,3,FMN GV 03 Hove
46,Statielei 16,2018-08-28,05:00:00,27,14,13,FMN GV 03 Hove
46,Statielei 16,2018-08-28,06:00:00,84,58,26,FMN GV 03 Hove
46,Statielei 16,2018-08-28,07:00:00,245,184,61,FMN GV 03 Hove
46,Statielei 16,2018-08-28,08:00:00,257,192,65,FMN GV 03 Hove
46,Statielei 16,2018-08-28,09:00:00,97,63,34,FMN GV 03 Hove
46,Statielei 16,2018-08-28,10:00:00,75,45,30,FMN GV 03 Hove
46,Statielei 16,2018-08-28,11:00:00,76,47,29,FMN GV 03 Hove
46,Statielei 16,2018-08-28,12:00:00,106,53,53,FMN GV 03 Hove
46,Statielei 16,2018-08-28,13:00:00,101,63,38,FMN GV 03 Hove
46,Statielei 16,2018-08-28,14:00:00,116,64,52,FMN GV 03 Hove
46,Statielei 16,2018-08-28,15:00:00,127,56,71,FMN GV 03 Hove
46,Statielei 16,2018-08-28,16:00:00,201,68,133,FMN GV 03 Hove
46,Statielei 16,2018-08-28,17:00:00,261,87,174,FMN GV 03 Hove
46,Statielei 16,2018-08-28,18:00:00,196,68,128,FMN GV 03 Hove
46,Statielei 16,2018-08-28,19:00:00,126,49,77,FMN GV 03 Hove
46,Statielei 16,2018-08-28,20:00:00,94,65,29,FMN GV 03 Hove
46,Statielei 16,2018-08-28,21:00:00,53,18,35,FMN GV 03 Hove
46,Statielei 16,2018-08-28,22:00:00,33,13,20,FMN GV 03 Hove
46,Statielei 16,2018-08-28,23:00:00,19,12,7,FMN GV 03 Hove
46,Statielei 16,2018-08-29,00:00:00,4,3,1,FMN GV 03 Hove
46,Statielei 16,2018-08-29,01:00:00,7,2,5,FMN GV 03 Hove
46,Statielei 16,2018-08-29,02:00:00,4,4,0,FMN GV 03 Hove
46,Statielei 16,2018-08-29,03:00:00,1,1,0,FMN GV 03 Hove
46,Statielei 16,2018-08-29,04:00:00,6,4,2,FMN GV 03 Hove
46,Statielei 16,2018-08-29,05:00:00,13,7,6,FMN GV 03 Hove
46,Statielei 16,2018-08-29,06:00:00,64,47,17,FMN GV 03 Hove
46,Statielei 16,2018-08-29,07:00:00,143,105,38,FMN GV 03 Hove
46,Statielei 16,2018-08-29,08:00:00,171,140,31,FMN GV 03 Hove
46,Statielei 16,2018-08-29,09:00:00,68,45,23,FMN GV 03 Hove
46,Statielei 16,2018-08-29,10:00:00,48,30,18,FMN GV 03 Hove
46,Statielei 16,2018-08-29,11:00:00,46,30,16,FMN GV 03 Hove
46,Statielei 16,2018-08-29,12:00:00,56,23,33,FMN GV 03 Hove
46,Statielei 16,2018-08-29,13:00:00,41,19,22,FMN GV 03 Hove
46,Statielei 16,2018-08-29,14:00:00,38,20,18,FMN GV 03 Hove
46,Statielei 16,2018-08-29,15:00:00,50,19,31,FMN GV 03 Hove
46,Statielei 16,2018-08-29,16:00:00,122,30,92,FMN GV 03 Hove
46,Statielei 16,2018-08-29,17:00:00,141,42,99,FMN GV 03 Hove
46,Statielei 16,2018-08-29,18:00:00,90,32,58,FMN GV 03 Hove
46,Statielei 16,2018-08-29,19:00:00,35,18,17,FMN GV 03 Hove
46,Statielei 16,2018-08-29,20:00:00,24,10,14,FMN GV 03 Hove
46,Statielei 16,2018-08-29,21:00:00,27,12,15,FMN GV 03 Hove
46,Statielei 16,2018-08-29,22:00:00,20,10,10,FMN GV 03 Hove
46,Statielei 16,2018-08-29,23:00:00,9,2,7,FMN GV 03 Hove
46,Statielei 16,2018-08-30,00:00:00,0,0,0,FMN GV 03 Hove
46,Statielei 16,2018-08-30,01:00:00,3,1,2,FMN GV 03 Hove
46,Statielei 16,2018-08-30,02:00:00,2,0,2,FMN GV 03 Hove
46,Statielei 16,2018-08-30,03:00:00,0,0,0,FMN GV 03 Hove
46,Statielei 16,2018-08-30,04:00:00,6,5,1,FMN GV 03 Hove
46,Statielei 16,2018-08-30,05:00:00,16,8,8,FMN GV 03 Hove
46,Statielei 16,2018-08-30,06:00:00,85,63,22,FMN GV 03 Hove
46,Statielei 16,2018-08-30,07:00:00,208,162,46,FMN GV 03 Hove
46,Statielei 16,2018-08-30,08:00:00,222,165,57,FMN GV 03 Hove
46,Statielei 16,2018-08-30,09:00:00,84,54,30,FMN GV 03 Hove
46,Statielei 16,2018-08-30,10:00:00,85,53,32,FMN GV 03 Hove
46,Statielei 16,2018-08-30,11:00:00,84,46,38,FMN GV 03 Hove
46,Statielei 16,2018-08-30,12:00:00,76,46,30,FMN GV 03 Hove
46,Statielei 16,2018-08-30,13:00:00,108,51,57,FMN GV 03 Hove
46,Statielei 16,2018-08-30,14:00:00,109,65,44,FMN GV 03 Hove
46,Statielei 16,2018-08-30,15:00:00,121,50,71,FMN GV 03 Hove
46,Statielei 16,2018-08-30,16:00:00,213,79,134,FMN GV 03 Hove
46,Statielei 16,2018-08-30,17:00:00,255,94,161,FMN GV 03 Hove
46,Statielei 16,2018-08-30,18:00:00,163,58,105,FMN GV 03 Hove
46,Statielei 16,2018-08-30,19:00:00,102,58,44,FMN GV 03 Hove
46,Statielei 16,2018-08-30,20:00:00,88,59,29,FMN GV 03 Hove
46,Statielei 16,2018-08-30,21:00:00,48,20,28,FMN GV 03 Hove
46,Statielei 16,2018-08-30,22:00:00,32,16,16,FMN GV 03 Hove
46,Statielei 16,2018-08-30,23:00:00,17,2,15,FMN GV 03 Hove
46,Statielei 16,2018-08-31,00:00:00,10,7,3,FMN GV 03 Hove
46,Statielei 16,2018-08-31,01:00:00,2,0,2,FMN GV 03 Hove
46,Statielei 16,2018-08-31,02:00:00,2,2,0,FMN GV 03 Hove
46,Statielei 16,2018-08-31,03:00:00,1,0,1,FMN GV 03 Hove
46,Statielei 16,2018-08-31,04:00:00,7,3,4,FMN GV 03 Hove
46,Statielei 16,2018-08-31,05:00:00,24,11,13,FMN GV 03 Hove
46,Statielei 16,2018-08-31,06:00:00,74,62,12,FMN GV 03 Hove
46,Statielei 16,2018-08-31,07:00:00,179,129,50,FMN GV 03 Hove
46,Statielei 16,2018-08-31,08:00:00,206,150,56,FMN GV 03 Hove
46,Statielei 16,2018-08-31,09:00:00,93,63,30,FMN GV 03 Hove
46,Statielei 16,2018-08-31,10:00:00,77,47,30,FMN GV 03 Hove
46,Statielei 16,2018-08-31,11:00:00,69,42,27,FMN GV 03 Hove
46,Statielei 16,2018-08-31,12:00:00,110,59,51,FMN GV 03 Hove
46,Statielei 16,2018-08-31,13:00:00,83,45,38,FMN GV 03 Hove
46,Statielei 16,2018-08-31,14:00:00,137,76,61,FMN GV 03 Hove
46,Statielei 16,2018-08-31,15:00:00,126,51,75,FMN GV 03 Hove
46,Statielei 16,2018-08-31,16:00:00,179,57,122,FMN GV 03 Hove
46,Statielei 16,2018-08-31,17:00:00,217,75,142,FMN GV 03 Hove
46,Statielei 16,2018-08-31,18:00:00,122,52,70,FMN GV 03 Hove
46,Statielei 16,2018-08-31,19:00:00,67,40,27,FMN GV 03 Hove
46,Statielei 16,2018-08-31,20:00:00,65,41,24,FMN GV 03 Hove
46,Statielei 16,2018-08-31,21:00:00,55,28,27,FMN GV 03 Hove
46,Statielei 16,2018-08-31,22:00:00,32,16,16,FMN GV 03 Hove
46,Statielei 16,2018-08-31,23:00:00,15,6,9,FMN GV 03 Hove
46,Statielei 16,2018-09-01,00:00:00,27,7,20,FMN GV 03 Hove
46,Statielei 16,2018-09-01,01:00:00,10,2,8,FMN GV 03 Hove
46,Statielei 16,2018-09-01,02:00:00,9,3,6,FMN GV 03 Hove
46,Statielei 16,2018-09-01,03:00:00,1,0,1,FMN GV 03 Hove
46,Statielei 16,2018-09-01,04:00:00,8,5,3,FMN GV 03 Hove
46,Statielei 16,2018-09-01,05:00:00,9,5,4,FMN GV 03 Hove
46,Statielei 16,2018-09-01,06:00:00,11,8,3,FMN GV 03 Hove
46,Statielei 16,2018-09-01,07:00:00,11,5,6,FMN GV 03 Hove
46,Statielei 16,2018-09-01,08:00:00,26,9,17,FMN GV 03 Hove
46,Statielei 16,2018-09-01,09:00:00,59,26,33,FMN GV 03 Hove
46,Statielei 16,2018-09-01,10:00:00,68,38,30,FMN GV 03 Hove
46,Statielei 16,2018-09-01,11:00:00,115,68,47,FMN GV 03 Hove
46,Statielei 16,2018-09-01,12:00:00,119,70,49,FMN GV 03 Hove
46,Statielei 16,2018-09-01,13:00:00,129,84,45,FMN GV 03 Hove
46,Statielei 16,2018-09-01,14:00:00,117,71,46,FMN GV 03 Hove
46,Statielei 16,2018-09-01,15:00:00,148,74,74,FMN GV 03 Hove
46,Statielei 16,2018-09-01,16:00:00,107,60,47,FMN GV 03 Hove
46,Statielei 16,2018-09-01,17:00:00,98,47,51,FMN GV 03 Hove
46,Statielei 16,2018-09-01,18:00:00,77,48,29,FMN GV 03 Hove
46,Statielei 16,2018-09-01,19:00:00,44,25,19,FMN GV 03 Hove
46,Statielei 16,2018-09-01,20:00:00,45,23,22,FMN GV 03 Hove
46,Statielei 16,2018-09-01,21:00:00,17,8,9,FMN GV 03 Hove
46,Statielei 16,2018-09-01,22:00:00,34,10,24,FMN GV 03 Hove
46,Statielei 16,2018-09-01,23:00:00,20,4,16,FMN GV 03 Hove
46,Statielei 16,2018-09-02,00:00:00,13,5,8,FMN GV 03 Hove
46,Statielei 16,2018-09-02,01:00:00,5,1,4,FMN GV 03 Hove
46,Statielei 16,2018-09-02,02:00:00,7,1,6,FMN GV 03 Hove
46,Statielei 16,2018-09-02,03:00:00,10,3,7,FMN GV 03 Hove
46,Statielei 16,2018-09-02,04:00:00,7,4,3,FMN GV 03 Hove
46,Statielei 16,2018-09-02,05:00:00,7,5,2,FMN GV 03 Hove
46,Statielei 16,2018-09-02,06:00:00,10,7,3,FMN GV 03 Hove
46,Statielei 16,2018-09-02,07:00:00,22,15,7,FMN GV 03 Hove
46,Statielei 16,2018-09-02,08:00:00,28,13,15,FMN GV 03 Hove
46,Statielei 16,2018-09-02,09:00:00,89,46,43,FMN GV 03 Hove
46,Statielei 16,2018-09-02,10:00:00,145,72,73,FMN GV 03 Hove
46,Statielei 16,2018-09-02,11:00:00,184,105,79,FMN GV 03 Hove
46,Statielei 16,2018-09-02,12:00:00,151,93,58,FMN GV 03 Hove
46,Statielei 16,2018-09-02,13:00:00,170,110,60,FMN GV 03 Hove
46,Statielei 16,2018-09-02,14:00:00,188,101,87,FMN GV 03 Hove
46,Statielei 16,2018-09-02,15:00:00,179,90,89,FMN GV 03 Hove
46,Statielei 16,2018-09-02,16:00:00,148,83,65,FMN GV 03 Hove
46,Statielei 16,2018-09-02,17:00:00,161,92,69,FMN GV 03 Hove
46,Statielei 16,2018-09-02,18:00:00,114,46,68,FMN GV 03 Hove
46,Statielei 16,2018-09-02,19:00:00,68,29,39,FMN GV 03 Hove
46,Statielei 16,2018-09-02,20:00:00,57,31,26,FMN GV 03 Hove
46,Statielei 16,2018-09-02,21:00:00,26,12,14,FMN GV 03 Hove
46,Statielei 16,2018-09-02,22:00:00,15,1,14,FMN GV 03 Hove
46,Statielei 16,2018-09-02,23:00:00,5,1,4,FMN GV 03 Hove
46,Statielei 16,2018-09-03,00:00:00,2,1,1,FMN GV 03 Hove
46,Statielei 16,2018-09-03,01:00:00,1,0,1,FMN GV 03 Hove
46,Statielei 16,2018-09-03,02:00:00,2,1,1,FMN GV 03 Hove
46,Statielei 16,2018-09-03,03:00:00,1,1,0,FMN GV 03 Hove
46,Statielei 16,2018-09-03,04:00:00,1,0,1,FMN GV 03 Hove
46,Statielei 16,2018-09-03,05:00:00,19,10,9,FMN GV 03 Hove
46,Statielei 16,2018-09-03,06:00:00,93,71,22,FMN GV 03 Hove
46,Statielei 16,2018-09-03,07:00:00,285,218,67,FMN GV 03 Hove
46,Statielei 16,2018-09-03,08:00:00,326,254,72,FMN GV 03 Hove
46,Statielei 16,2018-09-03,09:00:00,126,88,38,FMN GV 03 Hove
46,Statielei 16,2018-09-03,10:00:00,84,63,21,FMN GV 03 Hove
46,Statielei 16,2018-09-03,11:00:00,50,28,22,FMN GV 03 Hove
46,Statielei 16,2018-09-03,12:00:00,74,37,37,FMN GV 03 Hove
46,Statielei 16,2018-09-03,13:00:00,83,39,44,FMN GV 03 Hove
46,Statielei 16,2018-09-03,14:00:00,76,40,36,FMN GV 03 Hove
46,Statielei 16,2018-09-03,15:00:00,168,64,104,FMN GV 03 Hove
46,Statielei 16,2018-09-03,16:00:00,225,85,140,FMN GV 03 Hove
46,Statielei 16,2018-09-03,17:00:00,262,74,188,FMN GV 03 Hove
46,Statielei 16,2018-09-03,18:00:00,158,60,98,FMN GV 03 Hove
46,Statielei 16,2018-09-03,19:00:00,89,38,51,FMN GV 03 Hove
46,Statielei 16,2018-09-03,20:00:00,36,16,20,FMN GV 03 Hove
46,Statielei 16,2018-09-03,21:00:00,13,4,9,FMN GV 03 Hove
46,Statielei 16,2018-09-03,22:00:00,16,6,10,FMN GV 03 Hove
46,Statielei 16,2018-09-03,23:00:00,6,2,4,FMN GV 03 Hove
46,Statielei 16,2018-09-04,00:00:00,3,1,2,FMN GV 03 Hove
46,Statielei 16,2018-09-04,01:00:00,0,0,0,FMN GV 03 Hove
46,Statielei 16,2018-09-04,02:00:00,0,0,0,FMN GV 03 Hove
46,Statielei 16,2018-09-04,03:00:00,1,0,1,FMN GV 03 Hove
46,Statielei 16,2018-09-04,04:00:00,2,1,1,FMN GV 03 Hove
46,Statielei 16,2018-09-04,05:00:00,16,8,8,FMN GV 03 Hove
46,Statielei 16,2018-09-04,06:00:00,93,68,25,FMN GV 03 Hove
46,Statielei 16,2018-09-04,07:00:00,282,228,54,FMN GV 03 Hove
46,Statielei 16,2018-09-04,08:00:00,333,263,70,FMN GV 03 Hove
46,Statielei 16,2018-09-04,09:00:00,77,47,30,FMN GV 03 Hove
46,Statielei 16,2018-09-04,10:00:00,60,40,20,FMN GV 03 Hove
46,Statielei 16,2018-09-04,11:00:00,54,32,22,FMN GV 03 Hove
46,Statielei 16,2018-09-04,12:00:00,61,33,28,FMN GV 03 Hove
46,Statielei 16,2018-09-04,13:00:00,87,50,37,FMN GV 03 Hove
46,Statielei 16,2018-09-04,14:00:00,86,41,45,FMN GV 03 Hove
46,Statielei 16,2018-09-04,15:00:00,146,63,83,FMN GV 03 Hove
46,Statielei 16,2018-09-04,16:00:00,229,62,167,FMN GV 03 Hove
46,Statielei 16,2018-09-04,17:00:00,250,75,175,FMN GV 03 Hove
46,Statielei 16,2018-09-04,18:00:00,157,56,101,FMN GV 03 Hove
46,Statielei 16,2018-09-04,19:00:00,85,39,46,FMN GV 03 Hove
46,Statielei 16,2018-09-04,20:00:00,89,59,30,FMN GV 03 Hove
46,Statielei 16,2018-09-04,21:00:00,21,12,9,FMN GV 03 Hove
46,Statielei 16,2018-09-04,22:00:00,26,15,11,FMN GV 03 Hove
46,Statielei 16,2018-09-04,23:00:00,13,3,10,FMN GV 03 Hove
46,Statielei 16,2018-09-05,00:00:00,9,2,7,FMN GV 03 Hove
46,Statielei 16,2018-09-05,01:00:00,2,0,2,FMN GV 03 Hove
46,Statielei 16,2018-09-05,02:00:00,2,1,1,FMN GV 03 Hove
46,Statielei 16,2018-09-05,03:00:00,1,0,1,FMN GV 03 Hove
46,Statielei 16,2018-09-05,04:00:00,6,4,2,FMN GV 03 Hove
46,Statielei 16,2018-09-05,05:00:00,24,15,9,FMN GV 03 Hove
46,Statielei 16,2018-09-05,06:00:00,88,71,17,FMN GV 03 Hove
46,Statielei 16,2018-09-05,07:00:00,283,212,71,FMN GV 03 Hove
46,Statielei 16,2018-09-05,08:00:00,298,241,57,FMN GV 03 Hove
46,Statielei 16,2018-09-05,09:00:00,114,71,43,FMN GV 03 Hove
46,Statielei 16,2018-09-05,10:00:00,123,77,46,FMN GV 03 Hove
46,Statielei 16,2018-09-05,11:00:00,94,42,52,FMN GV 03 Hove
46,Statielei 16,2018-09-05,12:00:00,163,52,111,FMN GV 03 Hove
46,Statielei 16,2018-09-05,13:00:00,138,67,71,FMN GV 03 Hove
46,Statielei 16,2018-09-05,14:00:00,86,44,42,FMN GV 03 Hove
46,Statielei 16,2018-09-05,15:00:00,110,56,54,FMN GV 03 Hove
46,Statielei 16,2018-09-05,16:00:00,176,63,113,FMN GV 03 Hove
46,Statielei 16,2018-09-05,17:00:00,217,69,148,FMN GV 03 Hove
46,Statielei 16,2018-09-05,18:00:00,150,50,100,FMN GV 03 Hove
46,Statielei 16,2018-09-05,19:00:00,80,41,39,FMN GV 03 Hove
46,Statielei 16,2018-09-05,20:00:00,24,17,7,FMN GV 03 Hove
46,Statielei 16,2018-09-05,21:00:00,33,16,17,FMN GV 03 Hove
46,Statielei 16,2018-09-05,22:00:00,17,5,12,FMN GV 03 Hove
46,Statielei 16,2018-09-05,23:00:00,11,5,6,FMN GV 03 Hove
46,Statielei 16,2018-09-06,00:00:00,5,1,4,FMN GV 03 Hove
46,Statielei 16,2018-09-06,01:00:00,4,2,2,FMN GV 03 Hove
46,Statielei 16,2018-09-06,02:00:00,1,1,0,FMN GV 03 Hove
46,Statielei 16,2018-09-06,03:00:00,2,2,0,FMN GV 03 Hove
46,Statielei 16,2018-09-06,04:00:00,10,8,2,FMN GV 03 Hove
46,Statielei 16,2018-09-06,05:00:00,25,14,11,FMN GV 03 Hove
46,Statielei 16,2018-09-06,06:00:00,86,63,23,FMN GV 03 Hove
46,Statielei 16,2018-09-06,07:00:00,267,200,67,FMN GV 03 Hove
46,Statielei 16,2018-09-06,08:00:00,295,232,63,FMN GV 03 Hove
46,Statielei 16,2018-09-06,09:00:00,64,45,19,FMN GV 03 Hove
46,Statielei 16,2018-09-06,10:00:00,27,20,7,FMN GV 03 Hove
46,Statielei 16,2018-09-06,11:00:00,31,17,14,FMN GV 03 Hove
46,Statielei 16,2018-09-06,12:00:00,58,30,28,FMN GV 03 Hove
46,Statielei 16,2018-09-06,13:00:00,77,45,32,FMN GV 03 Hove
46,Statielei 16,2018-09-06,14:00:00,69,38,31,FMN GV 03 Hove
46,Statielei 16,2018-09-06,15:00:00,129,58,71,FMN GV 03 Hove
46,Statielei 16,2018-09-06,16:00:00,203,59,144,FMN GV 03 Hove
46,Statielei 16,2018-09-06,17:00:00,238,82,156,FMN GV 03 Hove
46,Statielei 16,2018-09-06,18:00:00,145,54,91,FMN GV 03 Hove
46,Statielei 16,2018-09-06,19:00:00,91,49,42,FMN GV 03 Hove
46,Statielei 16,2018-09-06,20:00:00,69,40,29,FMN GV 03 Hove
46,Statielei 16,2018-09-06,21:00:00,32,10,22,FMN GV 03 Hove
46,Statielei 16,2018-09-06,22:00:00,37,16,21,FMN GV 03 Hove
46,Statielei 16,2018-09-06,23:00:00,13,8,5,FMN GV 03 Hove
46,Statielei 16,2018-09-07,00:00:00,6,2,4,FMN GV 03 Hove
46,Statielei 16,2018-09-07,01:00:00,4,1,3,FMN GV 03 Hove
46,Statielei 16,2018-09-07,02:00:00,4,2,2,FMN GV 03 Hove
46,Statielei 16,2018-09-07,03:00:00,3,3,0,FMN GV 03 Hove
46,Statielei 16,2018-09-07,04:00:00,9,6,3,FMN GV 03 Hove
46,Statielei 16,2018-09-07,05:00:00,22,10,12,FMN GV 03 Hove
46,Statielei 16,2018-09-07,06:00:00,60,39,21,FMN GV 03 Hove
46,Statielei 16,2018-09-07,07:00:00,211,161,50,FMN GV 03 Hove
46,Statielei 16,2018-09-07,08:00:00,235,175,60,FMN GV 03 Hove
46,Statielei 16,2018-09-07,09:00:00,88,52,36,FMN GV 03 Hove
46,Statielei 16,2018-09-07,10:00:00,50,34,16,FMN GV 03 Hove
46,Statielei 16,2018-09-07,11:00:00,47,23,24,FMN GV 03 Hove
46,Statielei 16,2018-09-07,12:00:00,65,35,30,FMN GV 03 Hove
46,Statielei 16,2018-09-07,13:00:00,80,42,38,FMN GV 03 Hove
46,Statielei 16,2018-09-07,14:00:00,78,39,39,FMN GV 03 Hove
46,Statielei 16,2018-09-07,15:00:00,134,54,80,FMN GV 03 Hove
46,Statielei 16,2018-09-07,16:00:00,177,63,114,FMN GV 03 Hove
46,Statielei 16,2018-09-07,17:00:00,194,68,126,FMN GV 03 Hove
46,Statielei 16,2018-09-07,18:00:00,118,63,55,FMN GV 03 Hove
46,Statielei 16,2018-09-07,19:00:00,91,44,47,FMN GV 03 Hove
46,Statielei 16,2018-09-07,20:00:00,79,46,33,FMN GV 03 Hove
46,Statielei 16,2018-09-07,21:00:00,42,20,22,FMN GV 03 Hove
46,Statielei 16,2018-09-07,22:00:00,39,15,24,FMN GV 03 Hove
46,Statielei 16,2018-09-07,23:00:00,37,14,23,FMN GV 03 Hove
46,Statielei 16,2018-09-08,00:00:00,20,7,13,FMN GV 03 Hove
46,Statielei 16,2018-09-08,01:00:00,14,4,10,FMN GV 03 Hove
46,Statielei 16,2018-09-08,02:00:00,13,5,8,FMN GV 03 Hove
46,Statielei 16,2018-09-08,03:00:00,6,3,3,FMN GV 03 Hove
46,Statielei 16,2018-09-08,04:00:00,4,2,2,FMN GV 03 Hove
46,Statielei 16,2018-09-08,05:00:00,10,6,4,FMN GV 03 Hove
46,Statielei 16,2018-09-08,06:00:00,6,2,4,FMN GV 03 Hove
46,Statielei 16,2018-09-08,07:00:00,17,14,3,FMN GV 03 Hove
46,Statielei 16,2018-09-08,08:00:00,33,15,18,FMN GV 03 Hove
46,Statielei 16,2018-09-08,09:00:00,41,18,23,FMN GV 03 Hove
46,Statielei 16,2018-09-08,10:00:00,87,41,46,FMN GV 03 Hove
46,Statielei 16,2018-09-08,11:00:00,90,48,42,FMN GV 03 Hove
46,Statielei 16,2018-09-08,12:00:00,85,42,43,FMN GV 03 Hove
46,Statielei 16,2018-09-08,13:00:00,124,82,42,FMN GV 03 Hove
46,Statielei 16,2018-09-08,14:00:00,96,58,38,FMN GV 03 Hove
46,Statielei 16,2018-09-08,15:00:00,115,63,52,FMN GV 03 Hove
46,Statielei 16,2018-09-08,16:00:00,91,47,44,FMN GV 03 Hove
46,Statielei 16,2018-09-08,17:00:00,76,34,42,FMN GV 03 Hove
46,Statielei 16,2018-09-08,18:00:00,56,30,26,FMN GV 03 Hove
46,Statielei 16,2018-09-08,19:00:00,44,16,28,FMN GV 03 Hove
46,Statielei 16,2018-09-08,20:00:00,45,24,21,FMN GV 03 Hove
46,Statielei 16,2018-09-08,21:00:00,35,23,12,FMN GV 03 Hove
46,Statielei 16,2018-09-08,22:00:00,27,18,9,FMN GV 03 Hove
46,Statielei 16,2018-09-08,23:00:00,22,9,13,FMN GV 03 Hove
46,Statielei 16,2018-09-09,00:00:00,18,7,11,FMN GV 03 Hove
46,Statielei 16,2018-09-09,01:00:00,13,3,10,FMN GV 03 Hove
46,Statielei 16,2018-09-09,02:00:00,17,3,14,FMN GV 03 Hove
46,Statielei 16,2018-09-09,03:00:00,6,2,4,FMN GV 03 Hove
46,Statielei 16,2018-09-09,04:00:00,6,2,4,FMN GV 03 Hove
46,Statielei 16,2018-09-09,05:00:00,7,4,3,FMN GV 03 Hove
46,Statielei 16,2018-09-09,06:00:00,8,5,3,FMN GV 03 Hove
46,Statielei 16,2018-09-09,07:00:00,12,8,4,FMN GV 03 Hove
46,Statielei 16,2018-09-09,08:00:00,32,17,15,FMN GV 03 Hove
46,Statielei 16,2018-09-09,09:00:00,84,51,33,FMN GV 03 Hove
46,Statielei 16,2018-09-09,10:00:00,128,69,59,FMN GV 03 Hove
46,Statielei 16,2018-09-09,11:00:00,146,94,52,FMN GV 03 Hove
46,Statielei 16,2018-09-09,12:00:00,136,87,49,FMN GV 03 Hove
46,Statielei 16,2018-09-09,13:00:00,157,105,52,FMN GV 03 Hove
46,Statielei 16,2018-09-09,14:00:00,162,83,79,FMN GV 03 Hove
46,Statielei 16,2018-09-09,15:00:00,132,76,56,FMN GV 03 Hove
46,Statielei 16,2018-09-09,16:00:00,145,79,66,FMN GV 03 Hove
46,Statielei 16,2018-09-09,17:00:00,114,49,65,FMN GV 03 Hove
46,Statielei 16,2018-09-09,18:00:00,98,46,52,FMN GV 03 Hove
46,Statielei 16,2018-09-09,19:00:00,77,28,49,FMN GV 03 Hove
46,Statielei 16,2018-09-09,20:00:00,46,23,23,FMN GV 03 Hove
46,Statielei 16,2018-09-09,21:00:00,33,17,16,FMN GV 03 Hove
46,Statielei 16,2018-09-09,22:00:00,14,3,11,FMN GV 03 Hove
46,Statielei 16,2018-09-09,23:00:00,11,8,3,FMN GV 03 Hove
46,Statielei 16,2018-09-10,00:00:00,1,0,1,FMN GV 03 Hove
46,Statielei 16,2018-09-10,01:00:00,2,0,2,FMN GV 03 Hove
46,Statielei 16,2018-09-10,02:00:00,1,0,1,FMN GV 03 Hove
46,Statielei 16,2018-09-10,03:00:00,1,1,0,FMN GV 03 Hove
46,Statielei 16,2018-09-10,04:00:00,6,4,2,FMN GV 03 Hove
46,Statielei 16,2018-09-10,05:00:00,25,15,10,FMN GV 03 Hove
46,Statielei 16,2018-09-10,06:00:00,90,66,24,FMN GV 03 Hove
46,Statielei 16,2018-09-10,07:00:00,310,240,70,FMN GV 03 Hove
46,Statielei 16,2018-09-10,08:00:00,325,247,78,FMN GV 03 Hove
46,Statielei 16,2018-09-10,09:00:00,102,63,39,FMN GV 03 Hove
46,Statielei 16,2018-09-10,10:00:00,60,29,31,FMN GV 03 Hove
46,Statielei 16,2018-09-10,11:00:00,63,35,28,FMN GV 03 Hove
46,Statielei 16,2018-09-10,12:00:00,72,34,38,FMN GV 03 Hove
46,Statielei 16,2018-09-10,13:00:00,94,48,46,FMN GV 03 Hove
46,Statielei 16,2018-09-10,14:00:00,80,35,45,FMN GV 03 Hove
46,Statielei 16,2018-09-10,15:00:00,141,65,76,FMN GV 03 Hove
46,Statielei 16,2018-09-10,16:00:00,224,75,149,FMN GV 03 Hove
46,Statielei 16,2018-09-10,17:00:00,286,88,198,FMN GV 03 Hove
46,Statielei 16,2018-09-10,18:00:00,172,57,115,FMN GV 03 Hove
46,Statielei 16,2018-09-10,19:00:00,76,27,49,FMN GV 03 Hove
46,Statielei 16,2018-09-10,20:00:00,33,16,17,FMN GV 03 Hove
46,Statielei 16,2018-09-10,21:00:00,23,9,14,FMN GV 03 Hove
46,Statielei 16,2018-09-10,22:00:00,24,12,12,FMN GV 03 Hove
46,Statielei 16,2018-09-10,23:00:00,10,5,5,FMN GV 03 Hove
46,Statielei 16,2018-09-11,00:00:00,3,0,3,FMN GV 03 Hove
46,Statielei 16,2018-09-11,01:00:00,3,1,2,FMN GV 03 Hove
46,Statielei 16,2018-09-11,02:00:00,1,1,0,FMN GV 03 Hove
46,Statielei 16,2018-09-11,03:00:00,2,0,2,FMN GV 03 Hove
46,Statielei 16,2018-09-11,04:00:00,8,6,2,FMN GV 03 Hove
46,Statielei 16,2018-09-11,05:00:00,32,20,12,FMN GV 03 Hove
46,Statielei 16,2018-09-11,06:00:00,110,86,24,FMN GV 03 Hove
46,Statielei 16,2018-09-11,07:00:00,346,263,83,FMN GV 03 Hove
46,Statielei 16,2018-09-11,08:00:00,345,279,66,FMN GV 03 Hove
46,Statielei 16,2018-09-11,09:00:00,112,64,48,FMN GV 03 Hove
46,Statielei 16,2018-09-11,10:00:00,82,44,38,FMN GV 03 Hove
46,Statielei 16,2018-09-11,11:00:00,72,50,22,FMN GV 03 Hove
46,Statielei 16,2018-09-11,12:00:00,108,58,50,FMN GV 03 Hove
46,Statielei 16,2018-09-11,13:00:00,96,61,35,FMN GV 03 Hove
46,Statielei 16,2018-09-11,14:00:00,117,55,62,FMN GV 03 Hove
46,Statielei 16,2018-09-11,15:00:00,157,61,96,FMN GV 03 Hove
46,Statielei 16,2018-09-11,16:00:00,270,83,187,FMN GV 03 Hove
46,Statielei 16,2018-09-11,17:00:00,311,96,215,FMN GV 03 Hove
46,Statielei 16,2018-09-11,18:00:00,203,71,132,FMN GV 03 Hove
46,Statielei 16,2018-09-11,19:00:00,105,46,59,FMN GV 03 Hove
46,Statielei 16,2018-09-11,20:00:00,73,50,23,FMN GV 03 Hove
46,Statielei 16,2018-09-11,21:00:00,33,14,19,FMN GV 03 Hove
46,Statielei 16,2018-09-11,22:00:00,55,25,30,FMN GV 03 Hove
46,Statielei 16,2018-09-11,23:00:00,17,6,11,FMN GV 03 Hove
46,Statielei 16,2018-09-12,00:00:00,9,4,5,FMN GV 03 Hove
46,Statielei 16,2018-09-12,01:00:00,1,0,1,FMN GV 03 Hove
46,Statielei 16,2018-09-12,02:00:00,1,0,1,FMN GV 03 Hove
46,Statielei 16,2018-09-12,03:00:00,1,1,0,FMN GV 03 Hove
46,Statielei 16,2018-09-12,04:00:00,7,3,4,FMN GV 03 Hove
46,Statielei 16,2018-09-12,05:00:00,22,10,12,FMN GV 03 Hove
46,Statielei 16,2018-09-12,06:00:00,77,57,20,FMN GV 03 Hove
46,Statielei 16,2018-09-12,07:00:00,268,213,55,FMN GV 03 Hove
46,Statielei 16,2018-09-12,08:00:00,307,240,67,FMN GV 03 Hove
46,Statielei 16,2018-09-12,09:00:00,96,64,32,FMN GV 03 Hove
46,Statielei 16,2018-09-12,10:00:00,80,46,34,FMN GV 03 Hove
46,Statielei 16,2018-09-12,11:00:00,69,38,31,FMN GV 03 Hove
46,Statielei 16,2018-09-12,12:00:00,133,46,87,FMN GV 03 Hove
46,Statielei 16,2018-09-12,13:00:00,73,22,51,FMN GV 03 Hove
46,Statielei 16,2018-09-12,14:00:00,65,29,36,FMN GV 03 Hove
46,Statielei 16,2018-09-12,15:00:00,68,20,48,FMN GV 03 Hove
46,Statielei 16,2018-09-12,16:00:00,125,36,89,FMN GV 03 Hove
46,Statielei 16,2018-09-12,17:00:00,240,69,171,FMN GV 03 Hove
46,Statielei 16,2018-09-12,18:00:00,133,51,82,FMN GV 03 Hove
46,Statielei 16,2018-09-12,19:00:00,60,33,27,FMN GV 03 Hove
46,Statielei 16,2018-09-12,20:00:00,41,26,15,FMN GV 03 Hove
46,Statielei 16,2018-09-12,21:00:00,31,14,17,FMN GV 03 Hove
46,Statielei 16,2018-09-12,22:00:00,23,10,13,FMN GV 03 Hove
46,Statielei 16,2018-09-12,23:00:00,11,4,7,FMN GV 03 Hove
46,Statielei 16,2018-09-13,00:00:00,8,6,2,FMN GV 03 Hove
46,Statielei 16,2018-09-13,01:00:00,1,0,1,FMN GV 03 Hove
46,Statielei 16,2018-09-13,02:00:00,1,0,1,FMN GV 03 Hove
46,Statielei 16,2018-09-13,03:00:00,2,2,0,FMN GV 03 Hove
46,Statielei 16,2018-09-13,04:00:00,7,6,1,FMN GV 03 Hove
46,Statielei 16,2018-09-13,05:00:00,18,12,6,FMN GV 03 Hove
46,Statielei 16,2018-09-13,06:00:00,86,62,24,FMN GV 03 Hove
46,Statielei 16,2018-09-13,07:00:00,273,211,62,FMN GV 03 Hove
46,Statielei 16,2018-09-13,08:00:00,296,241,55,FMN GV 03 Hove
46,Statielei 16,2018-09-13,09:00:00,91,52,39,FMN GV 03 Hove
46,Statielei 16,2018-09-13,10:00:00,50,27,23,FMN GV 03 Hove
46,Statielei 16,2018-09-13,11:00:00,56,35,21,FMN GV 03 Hove
46,Statielei 16,2018-09-13,12:00:00,75,41,34,FMN GV 03 Hove
46,Statielei 16,2018-09-13,13:00:00,72,42,30,FMN GV 03 Hove
46,Statielei 16,2018-09-13,14:00:00,117,56,61,FMN GV 03 Hove
46,Statielei 16,2018-09-13,15:00:00,137,54,83,FMN GV 03 Hove
46,Statielei 16,2018-09-13,16:00:00,226,73,153,FMN GV 03 Hove
46,Statielei 16,2018-09-13,17:00:00,226,66,160,FMN GV 03 Hove
46,Statielei 16,2018-09-13,18:00:00,158,64,94,FMN GV 03 Hove
46,Statielei 16,2018-09-13,19:00:00,92,33,59,FMN GV 03 Hove
46,Statielei 16,2018-09-13,20:00:00,65,39,26,FMN GV 03 Hove
46,Statielei 16,2018-09-13,21:00:00,30,6,24,FMN GV 03 Hove
46,Statielei 16,2018-09-13,22:00:00,36,11,25,FMN GV 03 Hove
46,Statielei 16,2018-09-13,23:00:00,15,7,8,FMN GV 03 Hove
46,Statielei 16,2018-09-14,00:00:00,8,4,4,FMN GV 03 Hove
46,Statielei 16,2018-09-14,01:00:00,2,0,2,FMN GV 03 Hove
46,Statielei 16,2018-09-14,02:00:00,1,0,1,FMN GV 03 Hove
46,Statielei 16,2018-09-14,03:00:00,0,0,0,FMN GV 03 Hove
46,Statielei 16,2018-09-14,04:00:00,10,8,2,FMN GV 03 Hove
46,Statielei 16,2018-09-14,05:00:00,19,10,9,FMN GV 03 Hove
46,Statielei 16,2018-09-14,06:00:00,65,46,19,FMN GV 03 Hove
46,Statielei 16,2018-09-14,07:00:00,228,167,61,FMN GV 03 Hove
46,Statielei 16,2018-09-14,08:00:00,287,221,66,FMN GV 03 Hove
46,Statielei 16,2018-09-14,09:00:00,98,66,32,FMN GV 03 Hove
46,Statielei 16,2018-09-14,10:00:00,72,44,28,FMN GV 03 Hove
46,Statielei 16,2018-09-14,11:00:00,70,39,31,FMN GV 03 Hove
46,Statielei 16,2018-09-14,12:00:00,109,54,55,FMN GV 03 Hove
46,Statielei 16,2018-09-14,13:00:00,103,50,53,FMN GV 03 Hove
46,Statielei 16,2018-09-14,14:00:00,123,58,65,FMN GV 03 Hove
46,Statielei 16,2018-09-14,15:00:00,161,64,97,FMN GV 03 Hove
46,Statielei 16,2018-09-14,16:00:00,187,65,122,FMN GV 03 Hove
46,Statielei 16,2018-09-14,17:00:00,195,73,122,FMN GV 03 Hove
46,Statielei 16,2018-09-14,18:00:00,138,58,80,FMN GV 03 Hove
46,Statielei 16,2018-09-14,19:00:00,78,36,42,FMN GV 03 Hove
46,Statielei 16,2018-09-14,20:00:00,41,19,22,FMN GV 03 Hove
46,Statielei 16,2018-09-14,21:00:00,43,19,24,FMN GV 03 Hove
46,Statielei 16,2018-09-14,22:00:00,20,7,13,FMN GV 03 Hove
46,Statielei 16,2018-09-14,23:00:00,22,8,14,FMN GV 03 Hove
46,Statielei 16,2018-09-15,00:00:00,14,6,8,FMN GV 03 Hove
46,Statielei 16,2018-09-15,01:00:00,12,1,11,FMN GV 03 Hove
46,Statielei 16,2018-09-15,02:00:00,7,4,3,FMN GV 03 Hove
46,Statielei 16,2018-09-15,03:00:00,4,0,4,FMN GV 03 Hove
46,Statielei 16,2018-09-15,04:00:00,6,3,3,FMN GV 03 Hove
46,Statielei 16,2018-09-15,05:00:00,12,8,4,FMN GV 03 Hove
46,Statielei 16,2018-09-15,06:00:00,11,5,6,FMN GV 03 Hove
46,Statielei 16,2018-09-15,07:00:00,10,5,5,FMN GV 03 Hove
46,Statielei 16,2018-09-15,08:00:00,33,14,19,FMN GV 03 Hove
46,Statielei 16,2018-09-15,09:00:00,64,43,21,FMN GV 03 Hove
46,Statielei 16,2018-09-15,10:00:00,111,63,48,FMN GV 03 Hove
46,Statielei 16,2018-09-15,11:00:00,106,61,45,FMN GV 03 Hove
46,Statielei 16,2018-09-15,12:00:00,133,69,64,FMN GV 03 Hove
46,Statielei 16,2018-09-15,13:00:00,107,43,64,FMN GV 03 Hove
46,Statielei 16,2018-09-15,14:00:00,127,61,66,FMN GV 03 Hove
46,Statielei 16,2018-09-15,15:00:00,97,61,36,FMN GV 03 Hove
46,Statielei 16,2018-09-15,16:00:00,80,41,39,FMN GV 03 Hove
46,Statielei 16,2018-09-15,17:00:00,94,53,41,FMN GV 03 Hove
46,Statielei 16,2018-09-15,18:00:00,73,37,36,FMN GV 03 Hove
46,Statielei 16,2018-09-15,19:00:00,35,19,16,FMN GV 03 Hove
46,Statielei 16,2018-09-15,20:00:00,42,20,22,FMN GV 03 Hove
46,Statielei 16,2018-09-15,21:00:00,27,15,12,FMN GV 03 Hove
46,Statielei 16,2018-09-15,22:00:00,19,7,12,FMN GV 03 Hove
46,Statielei 16,2018-09-15,23:00:00,16,3,13,FMN GV 03 Hove
46,Statielei 16,2018-09-16,00:00:00,14,4,10,FMN GV 03 Hove
46,Statielei 16,2018-09-16,01:00:00,8,2,6,FMN GV 03 Hove
46,Statielei 16,2018-09-16,02:00:00,5,1,4,FMN GV 03 Hove
46,Statielei 16,2018-09-16,03:00:00,4,1,3,FMN GV 03 Hove
46,Statielei 16,2018-09-16,04:00:00,10,4,6,FMN GV 03 Hove
46,Statielei 16,2018-09-16,05:00:00,9,4,5,FMN GV 03 Hove
46,Statielei 16,2018-09-16,06:00:00,7,4,3,FMN GV 03 Hove
46,Statielei 16,2018-09-16,07:00:00,8,2,6,FMN GV 03 Hove
46,Statielei 16,2018-09-16,08:00:00,27,8,19,FMN GV 03 Hove
46,Statielei 16,2018-09-16,09:00:00,79,29,50,FMN GV 03 Hove
46,Statielei 16,2018-09-16,10:00:00,135,66,69,FMN GV 03 Hove
46,Statielei 16,2018-09-16,11:00:00,212,128,84,FMN GV 03 Hove
46,Statielei 16,2018-09-16,12:00:00,184,105,79,FMN GV 03 Hove
46,Statielei 16,2018-09-16,13:00:00,221,149,72,FMN GV 03 Hove
46,Statielei 16,2018-09-16,14:00:00,225,121,104,FMN GV 03 Hove
46,Statielei 16,2018-09-16,15:00:00,182,100,82,FMN GV 03 Hove
46,Statielei 16,2018-09-16,16:00:00,204,102,102,FMN GV 03 Hove
46,Statielei 16,2018-09-16,17:00:00,173,94,79,FMN GV 03 Hove
46,Statielei 16,2018-09-16,18:00:00,104,45,59,FMN GV 03 Hove
46,Statielei 16,2018-09-16,19:00:00,82,44,38,FMN GV 03 Hove
46,Statielei 16,2018-09-16,20:00:00,29,16,13,FMN GV 03 Hove
46,Statielei 16,2018-09-16,21:00:00,39,15,24,FMN GV 03 Hove
46,Statielei 16,2018-09-16,22:00:00,19,11,8,FMN GV 03 Hove
46,Statielei 16,2018-09-16,23:00:00,11,8,3,FMN GV 03 Hove
46,Statielei 16,2018-09-17,00:00:00,3,3,0,FMN GV 03 Hove
46,Statielei 16,2018-09-17,01:00:00,2,1,1,FMN GV 03 Hove
46,Statielei 16,2018-09-17,02:00:00,1,1,0,FMN GV 03 Hove
46,Statielei 16,2018-09-17,03:00:00,1,0,1,FMN GV 03 Hove
46,Statielei 16,2018-09-17,04:00:00,3,1,2,FMN GV 03 Hove
46,Statielei 16,2018-09-17,05:00:00,25,14,11,FMN GV 03 Hove
46,Statielei 16,2018-09-17,06:00:00,100,73,27,FMN GV 03 Hove
46,Statielei 16,2018-09-17,07:00:00,310,240,70,FMN GV 03 Hove
46,Statielei 16,2018-09-17,08:00:00,305,244,61,FMN GV 03 Hove
46,Statielei 16,2018-09-17,09:00:00,84,52,32,FMN GV 03 Hove
46,Statielei 16,2018-09-17,10:00:00,60,28,32,FMN GV 03 Hove
46,Statielei 16,2018-09-17,11:00:00,82,43,39,FMN GV 03 Hove
46,Statielei 16,2018-09-17,12:00:00,97,51,46,FMN GV 03 Hove
46,Statielei 16,2018-09-17,13:00:00,114,65,49,FMN GV 03 Hove
46,Statielei 16,2018-09-17,14:00:00,115,63,52,FMN GV 03 Hove
46,Statielei 16,2018-09-17,15:00:00,154,68,86,FMN GV 03 Hove
46,Statielei 16,2018-09-17,16:00:00,295,104,191,FMN GV 03 Hove
46,Statielei 16,2018-09-17,17:00:00,299,97,202,FMN GV 03 Hove
46,Statielei 16,2018-09-17,18:00:00,212,89,123,FMN GV 03 Hove
46,Statielei 16,2018-09-17,19:00:00,78,32,46,FMN GV 03 Hove
46,Statielei 16,2018-09-17,20:00:00,53,27,26,FMN GV 03 Hove
46,Statielei 16,2018-09-17,21:00:00,33,17,16,FMN GV 03 Hove
46,Statielei 16,2018-09-17,22:00:00,20,7,13,FMN GV 03 Hove
46,Statielei 16,2018-09-17,23:00:00,11,3,8,FMN GV 03 Hove
46,Statielei 16,2018-09-18,00:00:00,3,0,3,FMN GV 03 Hove
46,Statielei 16,2018-09-18,01:00:00,0,0,0,FMN GV 03 Hove
46,Statielei 16,2018-09-18,02:00:00,0,0,0,FMN GV 03 Hove
46,Statielei 16,2018-09-18,03:00:00,3,0,3,FMN GV 03 Hove
46,Statielei 16,2018-09-18,04:00:00,4,3,1,FMN GV 03 Hove
46,Statielei 16,2018-09-18,05:00:00,30,20,10,FMN GV 03 Hove
46,Statielei 16,2018-09-18,06:00:00,100,76,24,FMN GV 03 Hove
46,Statielei 16,2018-09-18,07:00:00,367,279,88,FMN GV 03 Hove
46,Statielei 16,2018-09-18,08:00:00,376,283,93,FMN GV 03 Hove
46,Statielei 16,2018-09-18,09:00:00,106,75,31,FMN GV 03 Hove
46,Statielei 16,2018-09-18,10:00:00,94,54,40,FMN GV 03 Hove
46,Statielei 16,2018-09-18,11:00:00,80,45,35,FMN GV 03 Hove
46,Statielei 16,2018-09-18,12:00:00,111,65,46,FMN GV 03 Hove
46,Statielei 16,2018-09-18,13:00:00,101,63,38,FMN GV 03 Hove
46,Statielei 16,2018-09-18,14:00:00,105,47,58,FMN GV 03 Hove
46,Statielei 16,2018-09-18,15:00:00,161,66,95,FMN GV 03 Hove
46,Statielei 16,2018-09-18,16:00:00,298,88,210,FMN GV 03 Hove
46,Statielei 16,2018-09-18,17:00:00,345,94,251,FMN GV 03 Hove
46,Statielei 16,2018-09-18,18:00:00,216,90,126,FMN GV 03 Hove
46,Statielei 16,2018-09-18,19:00:00,100,46,54,FMN GV 03 Hove
46,Statielei 16,2018-09-18,20:00:00,73,48,25,FMN GV 03 Hove
46,Statielei 16,2018-09-18,21:00:00,47,27,20,FMN GV 03 Hove
46,Statielei 16,2018-09-18,22:00:00,45,23,22,FMN GV 03 Hove
46,Statielei 16,2018-09-18,23:00:00,19,2,17,FMN GV 03 Hove
46,Statielei 16,2018-09-19,00:00:00,4,2,2,FMN GV 03 Hove
46,Statielei 16,2018-09-19,01:00:00,4,1,3,FMN GV 03 Hove
46,Statielei 16,2018-09-19,02:00:00,0,0,0,FMN GV 03 Hove
46,Statielei 16,2018-09-19,03:00:00,2,1,1,FMN GV 03 Hove
46,Statielei 16,2018-09-19,04:00:00,7,5,2,FMN GV 03 Hove
46,Statielei 16,2018-09-19,05:00:00,25,14,11,FMN GV 03 Hove
46,Statielei 16,2018-09-19,06:00:00,82,58,24,FMN GV 03 Hove
46,Statielei 16,2018-09-19,07:00:00,316,241,75,FMN GV 03 Hove
46,Statielei 16,2018-09-19,08:00:00,330,249,81,FMN GV 03 Hove
46,Statielei 16,2018-09-19,09:00:00,142,76,66,FMN GV 03 Hove
46,Statielei 16,2018-09-19,10:00:00,131,72,59,FMN GV 03 Hove
46,Statielei 16,2018-09-19,11:00:00,151,74,77,FMN GV 03 Hove
46,Statielei 16,2018-09-19,12:00:00,214,84,130,FMN GV 03 Hove
46,Statielei 16,2018-09-19,13:00:00,155,73,82,FMN GV 03 Hove
46,Statielei 16,2018-09-19,14:00:00,130,64,66,FMN GV 03 Hove
46,Statielei 16,2018-09-19,15:00:00,130,47,83,FMN GV 03 Hove
46,Statielei 16,2018-09-19,16:00:00,218,79,139,FMN GV 03 Hove
46,Statielei 16,2018-09-19,17:00:00,287,86,201,FMN GV 03 Hove
46,Statielei 16,2018-09-19,18:00:00,181,68,113,FMN GV 03 Hove
46,Statielei 16,2018-09-19,19:00:00,93,41,52,FMN GV 03 Hove
46,Statielei 16,2018-09-19,20:00:00,61,38,23,FMN GV 03 Hove
46,Statielei 16,2018-09-19,21:00:00,42,20,22,FMN GV 03 Hove
46,Statielei 16,2018-09-19,22:00:00,30,15,15,FMN GV 03 Hove
46,Statielei 16,2018-09-19,23:00:00,14,4,10,FMN GV 03 Hove
46,Statielei 16,2018-09-20,00:00:00,8,5,3,FMN GV 03 Hove
46,Statielei 16,2018-09-20,01:00:00,1,0,1,FMN GV 03 Hove
46,Statielei 16,2018-09-20,02:00:00,3,1,2,FMN GV 03 Hove
46,Statielei 16,2018-09-20,03:00:00,1,0,1,FMN GV 03 Hove
46,Statielei 16,2018-09-20,04:00:00,8,5,3,FMN GV 03 Hove
46,Statielei 16,2018-09-20,05:00:00,26,15,11,FMN GV 03 Hove
46,Statielei 16,2018-09-20,06:00:00,110,78,32,FMN GV 03 Hove
46,Statielei 16,2018-09-20,07:00:00,347,256,91,FMN GV 03 Hove
46,Statielei 16,2018-09-20,08:00:00,362,274,88,FMN GV 03 Hove
46,Statielei 16,2018-09-20,09:00:00,98,68,30,FMN GV 03 Hove
46,Statielei 16,2018-09-20,10:00:00,68,32,36,FMN GV 03 Hove
46,Statielei 16,2018-09-20,11:00:00,82,53,29,FMN GV 03 Hove
46,Statielei 16,2018-09-20,12:00:00,123,59,64,FMN GV 03 Hove
46,Statielei 16,2018-09-20,13:00:00,118,74,44,FMN GV 03 Hove
46,Statielei 16,2018-09-20,14:00:00,128,60,68,FMN GV 03 Hove
46,Statielei 16,2018-09-20,15:00:00,182,71,111,FMN GV 03 Hove
46,Statielei 16,2018-09-20,16:00:00,304,101,203,FMN GV 03 Hove
46,Statielei 16,2018-09-20,17:00:00,333,120,213,FMN GV 03 Hove
46,Statielei 16,2018-09-20,18:00:00,204,85,119,FMN GV 03 Hove
46,Statielei 16,2018-09-20,19:00:00,98,48,50,FMN GV 03 Hove
46,Statielei 16,2018-09-20,20:00:00,58,35,23,FMN GV 03 Hove
46,Statielei 16,2018-09-20,21:00:00,34,12,22,FMN GV 03 Hove
46,Statielei 16,2018-09-20,22:00:00,38,12,26,FMN GV 03 Hove
46,Statielei 16,2018-09-20,23:00:00,19,10,9,FMN GV 03 Hove
46,Statielei 16,2018-09-21,00:00:00,5,0,5,FMN GV 03 Hove
46,Statielei 16,2018-09-21,01:00:00,3,0,3,FMN GV 03 Hove
46,Statielei 16,2018-09-21,02:00:00,2,1,1,FMN GV 03 Hove
46,Statielei 16,2018-09-21,03:00:00,2,0,2,FMN GV 03 Hove
46,Statielei 16,2018-09-21,04:00:00,6,4,2,FMN GV 03 Hove
46,Statielei 16,2018-09-21,05:00:00,18,6,12,FMN GV 03 Hove
46,Statielei 16,2018-09-21,06:00:00,65,47,18,FMN GV 03 Hove
46,Statielei 16,2018-09-21,07:00:00,143,107,36,FMN GV 03 Hove
46,Statielei 16,2018-09-21,08:00:00,169,137,32,FMN GV 03 Hove
46,Statielei 16,2018-09-21,09:00:00,49,26,23,FMN GV 03 Hove
46,Statielei 16,2018-09-21,10:00:00,35,22,13,FMN GV 03 Hove
46,Statielei 16,2018-09-21,11:00:00,41,21,20,FMN GV 03 Hove
46,Statielei 16,2018-09-21,12:00:00,49,23,26,FMN GV 03 Hove
46,Statielei 16,2018-09-21,13:00:00,54,24,30,FMN GV 03 Hove
46,Statielei 16,2018-09-21,14:00:00,59,29,30,FMN GV 03 Hove
46,Statielei 16,2018-09-21,15:00:00,110,37,73,FMN GV 03 Hove
46,Statielei 16,2018-09-21,16:00:00,152,52,100,FMN GV 03 Hove
46,Statielei 16,2018-09-21,17:00:00,122,35,87,FMN GV 03 Hove
46,Statielei 16,2018-09-21,18:00:00,65,23,42,FMN GV 03 Hove
46,Statielei 16,2018-09-21,19:00:00,41,16,25,FMN GV 03 Hove
46,Statielei 16,2018-09-21,20:00:00,35,18,17,FMN GV 03 Hove
46,Statielei 16,2018-09-21,21:00:00,28,12,16,FMN GV 03 Hove
46,Statielei 16,2018-09-21,22:00:00,33,8,25,FMN GV 03 Hove
46,Statielei 16,2018-09-21,23:00:00,22,8,14,FMN GV 03 Hove
46,Statielei 16,2018-09-22,00:00:00,16,8,8,FMN GV 03 Hove
46,Statielei 16,2018-09-22,01:00:00,10,3,7,FMN GV 03 Hove
46,Statielei 16,2018-09-22,02:00:00,6,2,4,FMN GV 03 Hove
46,Statielei 16,2018-09-22,03:00:00,4,2,2,FMN GV 03 Hove
46,Statielei 16,2018-09-22,04:00:00,5,4,1,FMN GV 03 Hove
46,Statielei 16,2018-09-22,05:00:00,6,3,3,FMN GV 03 Hove
46,Statielei 16,2018-09-22,06:00:00,9,5,4,FMN GV 03 Hove
46,Statielei 16,2018-09-22,07:00:00,15,10,5,FMN GV 03 Hove
46,Statielei 16,2018-09-22,08:00:00,30,16,14,FMN GV 03 Hove
46,Statielei 16,2018-09-22,09:00:00,53,31,22,FMN GV 03 Hove
46,Statielei 16,2018-09-22,10:00:00,71,29,42,FMN GV 03 Hove
46,Statielei 16,2018-09-22,11:00:00,77,40,37,FMN GV 03 Hove
46,Statielei 16,2018-09-22,12:00:00,78,48,30,FMN GV 03 Hove
46,Statielei 16,2018-09-22,13:00:00,60,29,31,FMN GV 03 Hove
46,Statielei 16,2018-09-22,14:00:00,51,16,35,FMN GV 03 Hove
46,Statielei 16,2018-09-22,15:00:00,57,28,29,FMN GV 03 Hove
46,Statielei 16,2018-09-22,16:00:00,51,22,29,FMN GV 03 Hove
46,Statielei 16,2018-09-22,17:00:00,35,18,17,FMN GV 03 Hove
46,Statielei 16,2018-09-22,18:00:00,20,13,7,FMN GV 03 Hove
46,Statielei 16,2018-09-22,19:00:00,32,19,13,FMN GV 03 Hove
46,Statielei 16,2018-09-22,20:00:00,20,9,11,FMN GV 03 Hove
46,Statielei 16,2018-09-22,21:00:00,9,5,4,FMN GV 03 Hove
46,Statielei 16,2018-09-22,22:00:00,14,5,9,FMN GV 03 Hove
46,Statielei 16,2018-09-22,23:00:00,5,3,2,FMN GV 03 Hove
46,Statielei 16,2018-09-23,00:00:00,13,7,6,FMN GV 03 Hove
46,Statielei 16,2018-09-23,01:00:00,10,3,7,FMN GV 03 Hove
46,Statielei 16,2018-09-23,02:00:00,5,0,5,FMN GV 03 Hove
46,Statielei 16,2018-09-23,03:00:00,8,6,2,FMN GV 03 Hove
46,Statielei 16,2018-09-23,04:00:00,4,1,3,FMN GV 03 Hove
46,Statielei 16,2018-09-23,05:00:00,2,2,0,FMN GV 03 Hove
46,Statielei 16,2018-09-23,06:00:00,10,4,6,FMN GV 03 Hove
46,Statielei 16,2018-09-23,07:00:00,5,2,3,FMN GV 03 Hove
46,Statielei 16,2018-09-23,08:00:00,18,8,10,FMN GV 03 Hove
46,Statielei 16,2018-09-23,09:00:00,18,10,8,FMN GV 03 Hove
46,Statielei 16,2018-09-23,10:00:00,17,12,5,FMN GV 03 Hove
46,Statielei 16,2018-09-23,11:00:00,22,14,8,FMN GV 03 Hove
46,Statielei 16,2018-09-23,12:00:00,12,9,3,FMN GV 03 Hove
46,Statielei 16,2018-09-23,13:00:00,6,2,4,FMN GV 03 Hove
46,Statielei 16,2018-09-23,14:00:00,8,4,4,FMN GV 03 Hove
46,Statielei 16,2018-09-23,15:00:00,13,6,7,FMN GV 03 Hove
46,Statielei 16,2018-09-23,16:00:00,14,6,8,FMN GV 03 Hove
46,Statielei 16,2018-09-23,17:00:00,6,4,2,FMN GV 03 Hove
46,Statielei 16,2018-09-23,18:00:00,10,7,3,FMN GV 03 Hove
46,Statielei 16,2018-09-23,19:00:00,4,2,2,FMN GV 03 Hove
46,Statielei 16,2018-09-23,20:00:00,11,7,4,FMN GV 03 Hove
46,Statielei 16,2018-09-23,21:00:00,11,7,4,FMN GV 03 Hove
46,Statielei 16,2018-09-23,22:00:00,7,1,6,FMN GV 03 Hove
46,Statielei 16,2018-09-23,23:00:00,3,2,1,FMN GV 03 Hove
46,Statielei 16,2018-09-24,00:00:00,0,0,0,FMN GV 03 Hove
46,Statielei 16,2018-09-24,01:00:00,1,0,1,FMN GV 03 Hove
46,Statielei 16,2018-09-24,02:00:00,1,1,0,FMN GV 03 Hove
46,Statielei 16,2018-09-24,03:00:00,2,1,1,FMN GV 03 Hove
46,Statielei 16,2018-09-24,04:00:00,4,3,1,FMN GV 03 Hove
46,Statielei 16,2018-09-24,05:00:00,17,7,10,FMN GV 03 Hove
46,Statielei 16,2018-09-24,06:00:00,70,50,20,FMN GV 03 Hove
46,Statielei 16,2018-09-24,07:00:00,232,184,48,FMN GV 03 Hove
46,Statielei 16,2018-09-24,08:00:00,252,197,55,FMN GV 03 Hove
46,Statielei 16,2018-09-24,09:00:00,58,36,22,FMN GV 03 Hove
46,Statielei 16,2018-09-24,10:00:00,45,29,16,FMN GV 03 Hove
46,Statielei 16,2018-09-24,11:00:00,39,21,18,FMN GV 03 Hove
46,Statielei 16,2018-09-24,12:00:00,42,22,20,FMN GV 03 Hove
46,Statielei 16,2018-09-24,13:00:00,46,24,22,FMN GV 03 Hove
46,Statielei 16,2018-09-24,14:00:00,55,20,35,FMN GV 03 Hove
46,Statielei 16,2018-09-24,15:00:00,98,41,57,FMN GV 03 Hove
46,Statielei 16,2018-09-24,16:00:00,206,47,159,FMN GV 03 Hove
46,Statielei 16,2018-09-24,17:00:00,188,47,141,FMN GV 03 Hove
46,Statielei 16,2018-09-24,18:00:00,138,52,86,FMN GV 03 Hove
46,Statielei 16,2018-09-24,19:00:00,57,23,34,FMN GV 03 Hove
46,Statielei 16,2018-09-24,20:00:00,32,13,19,FMN GV 03 Hove
46,Statielei 16,2018-09-24,21:00:00,25,11,14,FMN GV 03 Hove
46,Statielei 16,2018-09-24,22:00:00,22,9,13,FMN GV 03 Hove
46,Statielei 16,2018-09-24,23:00:00,12,4,8,FMN GV 03 Hove
46,Statielei 16,2018-09-25,00:00:00,2,2,0,FMN GV 03 Hove
46,Statielei 16,2018-09-25,01:00:00,3,0,3,FMN GV 03 Hove
46,Statielei 16,2018-09-25,02:00:00,2,2,0,FMN GV 03 Hove
46,Statielei 16,2018-09-25,03:00:00,0,0,0,FMN GV 03 Hove
46,Statielei 16,2018-09-25,04:00:00,7,5,2,FMN GV 03 Hove
46,Statielei 16,2018-09-25,05:00:00,16,6,10,FMN GV 03 Hove
46,Statielei 16,2018-09-25,06:00:00,87,69,18,FMN GV 03 Hove
46,Statielei 16,2018-09-25,07:00:00,292,225,67,FMN GV 03 Hove
46,Statielei 16,2018-09-25,08:00:00,292,209,83,FMN GV 03 Hove
46,Statielei 16,2018-09-25,09:00:00,80,53,27,FMN GV 03 Hove
46,Statielei 16,2018-09-25,10:00:00,49,29,20,FMN GV 03 Hove
46,Statielei 16,2018-09-25,11:00:00,53,26,27,FMN GV 03 Hove
46,Statielei 16,2018-09-25,12:00:00,72,37,35,FMN GV 03 Hove
46,Statielei 16,2018-09-25,13:00:00,106,62,44,FMN GV 03 Hove
46,Statielei 16,2018-09-25,14:00:00,107,47,60,FMN GV 03 Hove
46,Statielei 16,2018-09-25,15:00:00,127,43,84,FMN GV 03 Hove
46,Statielei 16,2018-09-25,16:00:00,227,69,158,FMN GV 03 Hove
46,Statielei 16,2018-09-25,17:00:00,265,71,194,FMN GV 03 Hove
46,Statielei 16,2018-09-25,18:00:00,178,70,108,FMN GV 03 Hove
46,Statielei 16,2018-09-25,19:00:00,81,39,42,FMN GV 03 Hove
46,Statielei 16,2018-09-25,20:00:00,57,38,19,FMN GV 03 Hove
46,Statielei 16,2018-09-25,21:00:00,24,10,14,FMN GV 03 Hove
46,Statielei 16,2018-09-25,22:00:00,39,15,24,FMN GV 03 Hove
46,Statielei 16,2018-09-25,23:00:00,16,8,8,FMN GV 03 Hove
46,Statielei 16,2018-09-26,00:00:00,9,3,6,FMN GV 03 Hove
46,Statielei 16,2018-09-26,01:00:00,1,1,0,FMN GV 03 Hove
46,Statielei 16,2018-09-26,02:00:00,2,2,0,FMN GV 03 Hove
46,Statielei 16,2018-09-26,03:00:00,0,0,0,FMN GV 03 Hove
46,Statielei 16,2018-09-26,04:00:00,4,3,1,FMN GV 03 Hove
46,Statielei 16,2018-09-26,05:00:00,19,13,6,FMN GV 03 Hove
46,Statielei 16,2018-09-26,06:00:00,79,57,22,FMN GV 03 Hove
46,Statielei 16,2018-09-26,07:00:00,260,184,76,FMN GV 03 Hove
46,Statielei 16,2018-09-26,08:00:00,256,180,76,FMN GV 03 Hove
46,Statielei 16,2018-09-26,09:00:00,96,64,32,FMN GV 03 Hove
46,Statielei 16,2018-09-26,10:00:00,103,73,30,FMN GV 03 Hove
46,Statielei 16,2018-09-26,11:00:00,103,58,45,FMN GV 03 Hove
46,Statielei 16,2018-09-26,12:00:00,154,65,89,FMN GV 03 Hove
46,Statielei 16,2018-09-26,13:00:00,160,71,89,FMN GV 03 Hove
46,Statielei 16,2018-09-26,14:00:00,114,52,62,FMN GV 03 Hove
46,Statielei 16,2018-09-26,15:00:00,118,52,66,FMN GV 03 Hove
46,Statielei 16,2018-09-26,16:00:00,209,73,136,FMN GV 03 Hove
46,Statielei 16,2018-09-26,17:00:00,259,87,172,FMN GV 03 Hove
46,Statielei 16,2018-09-26,18:00:00,193,75,118,FMN GV 03 Hove
46,Statielei 16,2018-09-26,19:00:00,110,51,59,FMN GV 03 Hove
46,Statielei 16,2018-09-26,20:00:00,52,30,22,FMN GV 03 Hove
46,Statielei 16,2018-09-26,21:00:00,34,20,14,FMN GV 03 Hove
46,Statielei 16,2018-09-26,22:00:00,41,11,30,FMN GV 03 Hove
46,Statielei 16,2018-09-26,23:00:00,10,4,6,FMN GV 03 Hove
46,Statielei 16,2018-09-27,00:00:00,9,4,5,FMN GV 03 Hove
46,Statielei 16,2018-09-27,01:00:00,1,0,1,FMN GV 03 Hove
46,Statielei 16,2018-09-27,02:00:00,5,1,4,FMN GV 03 Hove
46,Statielei 16,2018-09-27,03:00:00,3,2,1,FMN GV 03 Hove
46,Statielei 16,2018-09-27,04:00:00,7,3,4,FMN GV 03 Hove
46,Statielei 16,2018-09-27,05:00:00,11,8,3,FMN GV 03 Hove
46,Statielei 16,2018-09-27,06:00:00,89,69,20,FMN GV 03 Hove
46,Statielei 16,2018-09-27,07:00:00,273,206,67,FMN GV 03 Hove
46,Statielei 16,2018-09-27,08:00:00,325,249,76,FMN GV 03 Hove
46,Statielei 16,2018-09-27,09:00:00,97,55,42,FMN GV 03 Hove
46,Statielei 16,2018-09-27,10:00:00,82,36,46,FMN GV 03 Hove
46,Statielei 16,2018-09-27,11:00:00,96,55,41,FMN GV 03 Hove
46,Statielei 16,2018-09-27,12:00:00,133,67,66,FMN GV 03 Hove
46,Statielei 16,2018-09-27,13:00:00,151,99,52,FMN GV 03 Hove
46,Statielei 16,2018-09-27,14:00:00,157,87,70,FMN GV 03 Hove
46,Statielei 16,2018-09-27,15:00:00,188,75,113,FMN GV 03 Hove
46,Statielei 16,2018-09-27,16:00:00,247,77,170,FMN GV 03 Hove
46,Statielei 16,2018-09-27,17:00:00,297,94,203,FMN GV 03 Hove
46,Statielei 16,2018-09-27,18:00:00,182,69,113,FMN GV 03 Hove
46,Statielei 16,2018-09-27,19:00:00,88,42,46,FMN GV 03 Hove
46,Statielei 16,2018-09-27,20:00:00,53,27,26,FMN GV 03 Hove
46,Statielei 16,2018-09-27,21:00:00,45,16,29,FMN GV 03 Hove
46,Statielei 16,2018-09-27,22:00:00,34,10,24,FMN GV 03 Hove
46,Statielei 16,2018-09-27,23:00:00,25,3,22,FMN GV 03 Hove
46,Statielei 16,2018-09-28,00:00:00,12,5,7,FMN GV 03 Hove
46,Statielei 16,2018-09-28,01:00:00,3,1,2,FMN GV 03 Hove
46,Statielei 16,2018-09-28,02:00:00,5,2,3,FMN GV 03 Hove
46,Statielei 16,2018-09-28,03:00:00,4,1,3,FMN GV 03 Hove
46,Statielei 16,2018-09-28,04:00:00,6,3,3,FMN GV 03 Hove
46,Statielei 16,2018-09-28,05:00:00,17,10,7,FMN GV 03 Hove
46,Statielei 16,2018-09-28,06:00:00,65,43,22,FMN GV 03 Hove
46,Statielei 16,2018-09-28,07:00:00,238,198,40,FMN GV 03 Hove
46,Statielei 16,2018-09-28,08:00:00,270,202,68,FMN GV 03 Hove
46,Statielei 16,2018-09-28,09:00:00,92,66,26,FMN GV 03 Hove
46,Statielei 16,2018-09-28,10:00:00,63,29,34,FMN GV 03 Hove
46,Statielei 16,2018-09-28,11:00:00,45,24,21,FMN GV 03 Hove
46,Statielei 16,2018-09-28,12:00:00,59,25,34,FMN GV 03 Hove
46,Statielei 16,2018-09-28,13:00:00,82,48,34,FMN GV 03 Hove
46,Statielei 16,2018-09-28,14:00:00,80,37,43,FMN GV 03 Hove
46,Statielei 16,2018-09-28,15:00:00,142,52,90,FMN GV 03 Hove
46,Statielei 16,2018-09-28,16:00:00,187,57,130,FMN GV 03 Hove
46,Statielei 16,2018-09-28,17:00:00,171,58,113,FMN GV 03 Hove
46,Statielei 16,2018-09-28,18:00:00,122,51,71,FMN GV 03 Hove
46,Statielei 16,2018-09-28,19:00:00,59,31,28,FMN GV 03 Hove
46,Statielei 16,2018-09-28,20:00:00,50,26,24,FMN GV 03 Hove
46,Statielei 16,2018-09-28,21:00:00,24,14,10,FMN GV 03 Hove
46,Statielei 16,2018-09-28,22:00:00,25,10,15,FMN GV 03 Hove
46,Statielei 16,2018-09-28,23:00:00,17,6,11,FMN GV 03 Hove
46,Statielei 16,2018-09-29,00:00:00,10,5,5,FMN GV 03 Hove
46,Statielei 16,2018-09-29,01:00:00,9,1,8,FMN GV 03 Hove
46,Statielei 16,2018-09-29,02:00:00,10,4,6,FMN GV 03 Hove
46,Statielei 16,2018-09-29,03:00:00,10,5,5,FMN GV 03 Hove
46,Statielei 16,2018-09-29,04:00:00,2,1,1,FMN GV 03 Hove
46,Statielei 16,2018-09-29,05:00:00,8,4,4,FMN GV 03 Hove
46,Statielei 16,2018-09-29,06:00:00,7,3,4,FMN GV 03 Hove
46,Statielei 16,2018-09-29,07:00:00,10,4,6,FMN GV 03 Hove
46,Statielei 16,2018-09-29,08:00:00,22,9,13,FMN GV 03 Hove
46,Statielei 16,2018-09-29,09:00:00,56,25,31,FMN GV 03 Hove
46,Statielei 16,2018-09-29,10:00:00,74,35,39,FMN GV 03 Hove
46,Statielei 16,2018-09-29,11:00:00,82,40,42,FMN GV 03 Hove
46,Statielei 16,2018-09-29,12:00:00,119,70,49,FMN GV 03 Hove
46,Statielei 16,2018-09-29,13:00:00,86,49,37,FMN GV 03 Hove
46,Statielei 16,2018-09-29,14:00:00,134,67,67,FMN GV 03 Hove
46,Statielei 16,2018-09-29,15:00:00,110,60,50,FMN GV 03 Hove
46,Statielei 16,2018-09-29,16:00:00,118,58,60,FMN GV 03 Hove
46,Statielei 16,2018-09-29,17:00:00,90,48,42,FMN GV 03 Hove
46,Statielei 16,2018-09-29,18:00:00,78,39,39,FMN GV 03 Hove
46,Statielei 16,2018-09-29,19:00:00,40,23,17,FMN GV 03 Hove
46,Statielei 16,2018-09-29,20:00:00,23,12,11,FMN GV 03 Hove
46,Statielei 16,2018-09-29,21:00:00,20,5,15,FMN GV 03 Hove
46,Statielei 16,2018-09-29,22:00:00,34,14,20,FMN GV 03 Hove
46,Statielei 16,2018-09-29,23:00:00,23,8,15,FMN GV 03 Hove
46,Statielei 16,2018-09-30,00:00:00,16,10,6,FMN GV 03 Hove
46,Statielei 16,2018-09-30,01:00:00,14,9,5,FMN GV 03 Hove
46,Statielei 16,2018-09-30,02:00:00,7,4,3,FMN GV 03 Hove
46,Statielei 16,2018-09-30,03:00:00,5,4,1,FMN GV 03 Hove
46,Statielei 16,2018-09-30,04:00:00,3,1,2,FMN GV 03 Hove
46,Statielei 16,2018-09-30,05:00:00,5,3,2,FMN GV 03 Hove
46,Statielei 16,2018-09-30,06:00:00,8,5,3,FMN GV 03 Hove
46,Statielei 16,2018-09-30,07:00:00,12,4,8,FMN GV 03 Hove
46,Statielei 16,2018-09-30,08:00:00,26,10,16,FMN GV 03 Hove
46,Statielei 16,2018-09-30,09:00:00,67,34,33,FMN GV 03 Hove
46,Statielei 16,2018-09-30,10:00:00,100,46,54,FMN GV 03 Hove
46,Statielei 16,2018-09-30,11:00:00,120,71,49,FMN GV 03 Hove
46,Statielei 16,2018-09-30,12:00:00,117,65,52,FMN GV 03 Hove
46,Statielei 16,2018-09-30,13:00:00,146,90,56,FMN GV 03 Hove
46,Statielei 16,2018-09-30,14:00:00,148,79,69,FMN GV 03 Hove
46,Statielei 16,2018-09-30,15:00:00,125,63,62,FMN GV 03 Hove
46,Statielei 16,2018-09-30,16:00:00,82,40,42,FMN GV 03 Hove
46,Statielei 16,2018-09-30,17:00:00,114,63,51,FMN GV 03 Hove
46,Statielei 16,2018-09-30,18:00:00,66,31,35,FMN GV 03 Hove
46,Statielei 16,2018-09-30,19:00:00,30,13,17,FMN GV 03 Hove
46,Statielei 16,2018-09-30,20:00:00,31,18,13,FMN GV 03 Hove
46,Statielei 16,2018-09-30,21:00:00,13,5,8,FMN GV 03 Hove
46,Statielei 16,2018-09-30,22:00:00,16,2,14,FMN GV 03 Hove
46,Statielei 16,2018-09-30,23:00:00,2,1,1,FMN GV 03 Hove
46,Statielei 16,2018-10-01,00:00:00,3,1,2,FMN GV 03 Hove
46,Statielei 16,2018-10-01,01:00:00,1,0,1,FMN GV 03 Hove
46,Statielei 16,2018-10-01,02:00:00,1,1,0,FMN GV 03 Hove
46,Statielei 16,2018-10-01,03:00:00,1,1,0,FMN GV 03 Hove
46,Statielei 16,2018-10-01,04:00:00,3,3,0,FMN GV 03 Hove
46,Statielei 16,2018-10-01,05:00:00,9,4,5,FMN GV 03 Hove
46,Statielei 16,2018-10-01,06:00:00,61,45,16,FMN GV 03 Hove
46,Statielei 16,2018-10-01,07:00:00,214,168,46,FMN GV 03 Hove
46,Statielei 16,2018-10-01,08:00:00,218,176,42,FMN GV 03 Hove
46,Statielei 16,2018-10-01,09:00:00,51,32,19,FMN GV 03 Hove
46,Statielei 16,2018-10-01,10:00:00,42,20,22,FMN GV 03 Hove
46,Statielei 16,2018-10-01,11:00:00,31,21,10,FMN GV 03 Hove
46,Statielei 16,2018-10-01,12:00:00,42,27,15,FMN GV 03 Hove
46,Statielei 16,2018-10-01,13:00:00,50,27,23,FMN GV 03 Hove
46,Statielei 16,2018-10-01,14:00:00,39,18,21,FMN GV 03 Hove
46,Statielei 16,2018-10-01,15:00:00,78,21,57,FMN GV 03 Hove
46,Statielei 16,2018-10-01,16:00:00,160,43,117,FMN GV 03 Hove
46,Statielei 16,2018-10-01,17:00:00,165,49,116,FMN GV 03 Hove
46,Statielei 16,2018-10-01,18:00:00,102,29,73,FMN GV 03 Hove
46,Statielei 16,2018-10-01,19:00:00,42,17,25,FMN GV 03 Hove
46,Statielei 16,2018-10-01,20:00:00,18,8,10,FMN GV 03 Hove
46,Statielei 16,2018-10-01,21:00:00,16,3,13,FMN GV 03 Hove
46,Statielei 16,2018-10-01,22:00:00,26,11,15,FMN GV 03 Hove
46,Statielei 16,2018-10-01,23:00:00,4,0,4,FMN GV 03 Hove
46,Statielei 16,2018-10-02,00:00:00,0,0,0,FMN GV 03 Hove
46,Statielei 16,2018-10-02,01:00:00,2,1,1,FMN GV 03 Hove
46,Statielei 16,2018-10-02,02:00:00,1,1,0,FMN GV 03 Hove
46,Statielei 16,2018-10-02,03:00:00,3,3,0,FMN GV 03 Hove
46,Statielei 16,2018-10-02,04:00:00,2,2,0,FMN GV 03 Hove
46,Statielei 16,2018-10-02,05:00:00,21,12,9,FMN GV 03 Hove
46,Statielei 16,2018-10-02,06:00:00,67,53,14,FMN GV 03 Hove
46,Statielei 16,2018-10-02,07:00:00,248,190,58,FMN GV 03 Hove
46,Statielei 16,2018-10-02,08:00:00,255,200,55,FMN GV 03 Hove
46,Statielei 16,2018-10-02,09:00:00,74,58,16,FMN GV 03 Hove
46,Statielei 16,2018-10-02,10:00:00,35,25,10,FMN GV 03 Hove
46,Statielei 16,2018-10-02,11:00:00,28,14,14,FMN GV 03 Hove
46,Statielei 16,2018-10-02,12:00:00,47,24,23,FMN GV 03 Hove
46,Statielei 16,2018-10-02,13:00:00,42,25,17,FMN GV 03 Hove
46,Statielei 16,2018-10-02,14:00:00,47,14,33,FMN GV 03 Hove
46,Statielei 16,2018-10-02,15:00:00,93,31,62,FMN GV 03 Hove
46,Statielei 16,2018-10-02,16:00:00,168,30,138,FMN GV 03 Hove
46,Statielei 16,2018-10-02,17:00:00,190,61,129,FMN GV 03 Hove
46,Statielei 16,2018-10-02,18:00:00,125,45,80,FMN GV 03 Hove
46,Statielei 16,2018-10-02,19:00:00,50,24,26,FMN GV 03 Hove
46,Statielei 16,2018-10-02,20:00:00,29,11,18,FMN GV 03 Hove
46,Statielei 16,2018-10-02,21:00:00,25,9,16,FMN GV 03 Hove
46,Statielei 16,2018-10-02,22:00:00,24,11,13,FMN GV 03 Hove
46,Statielei 16,2018-10-02,23:00:00,14,3,11,FMN GV 03 Hove
46,Statielei 16,2018-10-03,00:00:00,4,0,4,FMN GV 03 Hove
46,Statielei 16,2018-10-03,01:00:00,2,1,1,FMN GV 03 Hove
46,Statielei 16,2018-10-03,02:00:00,2,1,1,FMN GV 03 Hove
46,Statielei 16,2018-10-03,03:00:00,0,0,0,FMN GV 03 Hove
46,Statielei 16,2018-10-03,04:00:00,7,4,3,FMN GV 03 Hove
46,Statielei 16,2018-10-03,05:00:00,16,12,4,FMN GV 03 Hove
46,Statielei 16,2018-10-03,06:00:00,79,59,20,FMN GV 03 Hove
46,Statielei 16,2018-10-03,07:00:00,252,190,62,FMN GV 03 Hove
46,Statielei 16,2018-10-03,08:00:00,316,235,81,FMN GV 03 Hove
46,Statielei 16,2018-10-03,09:00:00,98,66,32,FMN GV 03 Hove
46,Statielei 16,2018-10-03,10:00:00,95,57,38,FMN GV 03 Hove
46,Statielei 16,2018-10-03,11:00:00,100,44,56,FMN GV 03 Hove
46,Statielei 16,2018-10-03,12:00:00,174,71,103,FMN GV 03 Hove
46,Statielei 16,2018-10-03,13:00:00,137,55,82,FMN GV 03 Hove
46,Statielei 16,2018-10-03,14:00:00,99,49,50,FMN GV 03 Hove
46,Statielei 16,2018-10-03,15:00:00,116,48,68,FMN GV 03 Hove
46,Statielei 16,2018-10-03,16:00:00,197,58,139,FMN GV 03 Hove
46,Statielei 16,2018-10-03,17:00:00,249,84,165,FMN GV 03 Hove
46,Statielei 16,2018-10-03,18:00:00,165,66,99,FMN GV 03 Hove
46,Statielei 16,2018-10-03,19:00:00,66,31,35,FMN GV 03 Hove
46,Statielei 16,2018-10-03,20:00:00,40,17,23,FMN GV 03 Hove
46,Statielei 16,2018-10-03,21:00:00,25,9,16,FMN GV 03 Hove
46,Statielei 16,2018-10-03,22:00:00,29,14,15,FMN GV 03 Hove
46,Statielei 16,2018-10-03,23:00:00,8,4,4,FMN GV 03 Hove
46,Statielei 16,2018-10-04,00:00:00,7,3,4,FMN GV 03 Hove
46,Statielei 16,2018-10-04,01:00:00,1,0,1,FMN GV 03 Hove
46,Statielei 16,2018-10-04,02:00:00,2,1,1,FMN GV 03 Hove
46,Statielei 16,2018-10-04,03:00:00,1,1,0,FMN GV 03 Hove
46,Statielei 16,2018-10-04,04:00:00,7,4,3,FMN GV 03 Hove
46,Statielei 16,2018-10-04,05:00:00,26,12,14,FMN GV 03 Hove
46,Statielei 16,2018-10-04,06:00:00,94,76,18,FMN GV 03 Hove
46,Statielei 16,2018-10-04,07:00:00,306,241,65,FMN GV 03 Hove
46,Statielei 16,2018-10-04,08:00:00,340,270,70,FMN GV 03 Hove
46,Statielei 16,2018-10-04,09:00:00,99,72,27,FMN GV 03 Hove
46,Statielei 16,2018-10-04,10:00:00,60,39,21,FMN GV 03 Hove
46,Statielei 16,2018-10-04,11:00:00,82,45,37,FMN GV 03 Hove
46,Statielei 16,2018-10-04,12:00:00,93,56,37,FMN GV 03 Hove
46,Statielei 16,2018-10-04,13:00:00,113,54,59,FMN GV 03 Hove
46,Statielei 16,2018-10-04,14:00:00,100,43,57,FMN GV 03 Hove
46,Statielei 16,2018-10-04,15:00:00,150,62,88,FMN GV 03 Hove
46,Statielei 16,2018-10-04,16:00:00,256,72,184,FMN GV 03 Hove
46,Statielei 16,2018-10-04,17:00:00,301,89,212,FMN GV 03 Hove
46,Statielei 16,2018-10-04,18:00:00,177,70,107,FMN GV 03 Hove
46,Statielei 16,2018-10-04,19:00:00,87,44,43,FMN GV 03 Hove
46,Statielei 16,2018-10-04,20:00:00,41,21,20,FMN GV 03 Hove
46,Statielei 16,2018-10-04,21:00:00,38,13,25,FMN GV 03 Hove
46,Statielei 16,2018-10-04,22:00:00,39,16,23,FMN GV 03 Hove
46,Statielei 16,2018-10-04,23:00:00,11,3,8,FMN GV 03 Hove
46,Statielei 16,2018-10-05,00:00:00,12,4,8,FMN GV 03 Hove
46,Statielei 16,2018-10-05,01:00:00,6,2,4,FMN GV 03 Hove
46,Statielei 16,2018-10-05,02:00:00,3,1,2,FMN GV 03 Hove
46,Statielei 16,2018-10-05,03:00:00,0,0,0,FMN GV 03 Hove
46,Statielei 16,2018-10-05,04:00:00,8,6,2,FMN GV 03 Hove
46,Statielei 16,2018-10-05,05:00:00,23,13,10,FMN GV 03 Hove
46,Statielei 16,2018-10-05,06:00:00,93,65,28,FMN GV 03 Hove
46,Statielei 16,2018-10-05,07:00:00,250,186,64,FMN GV 03 Hove
46,Statielei 16,2018-10-05,08:00:00,294,219,75,FMN GV 03 Hove
46,Statielei 16,2018-10-05,09:00:00,103,78,25,FMN GV 03 Hove
46,Statielei 16,2018-10-05,10:00:00,83,49,34,FMN GV 03 Hove
46,Statielei 16,2018-10-05,11:00:00,92,53,39,FMN GV 03 Hove
46,Statielei 16,2018-10-05,12:00:00,123,61,62,FMN GV 03 Hove
46,Statielei 16,2018-10-05,13:00:00,129,59,70,FMN GV 03 Hove
46,Statielei 16,2018-10-05,14:00:00,139,62,77,FMN GV 03 Hove
46,Statielei 16,2018-10-05,15:00:00,166,71,95,FMN GV 03 Hove
46,Statielei 16,2018-10-05,16:00:00,273,103,170,FMN GV 03 Hove
46,Statielei 16,2018-10-05,17:00:00,229,77,152,FMN GV 03 Hove
46,Statielei 16,2018-10-05,18:00:00,134,57,77,FMN GV 03 Hove
46,Statielei 16,2018-10-05,19:00:00,103,50,53,FMN GV 03 Hove
46,Statielei 16,2018-10-05,20:00:00,40,16,24,FMN GV 03 Hove
46,Statielei 16,2018-10-05,21:00:00,46,28,18,FMN GV 03 Hove
46,Statielei 16,2018-10-05,22:00:00,30,8,22,FMN GV 03 Hove
46,Statielei 16,2018-10-05,23:00:00,25,17,8,FMN GV 03 Hove
46,Statielei 16,2018-10-06,00:00:00,22,11,11,FMN GV 03 Hove
46,Statielei 16,2018-10-06,01:00:00,11,2,9,FMN GV 03 Hove
46,Statielei 16,2018-10-06,02:00:00,9,4,5,FMN GV 03 Hove
46,Statielei 16,2018-10-06,03:00:00,6,1,5,FMN GV 03 Hove
46,Statielei 16,2018-10-06,04:00:00,13,8,5,FMN GV 03 Hove
46,Statielei 16,2018-10-06,05:00:00,16,7,9,FMN GV 03 Hove
46,Statielei 16,2018-10-06,06:00:00,12,5,7,FMN GV 03 Hove
46,Statielei 16,2018-10-06,07:00:00,14,10,4,FMN GV 03 Hove
46,Statielei 16,2018-10-06,08:00:00,37,13,24,FMN GV 03 Hove
46,Statielei 16,2018-10-06,09:00:00,55,26,29,FMN GV 03 Hove
46,Statielei 16,2018-10-06,10:00:00,102,47,55,FMN GV 03 Hove
46,Statielei 16,2018-10-06,11:00:00,127,77,50,FMN GV 03 Hove
46,Statielei 16,2018-10-06,12:00:00,143,85,58,FMN GV 03 Hove
46,Statielei 16,2018-10-06,13:00:00,152,92,60,FMN GV 03 Hove
46,Statielei 16,2018-10-06,14:00:00,196,101,95,FMN GV 03 Hove
46,Statielei 16,2018-10-06,15:00:00,166,79,87,FMN GV 03 Hove
46,Statielei 16,2018-10-06,16:00:00,173,76,97,FMN GV 03 Hove
46,Statielei 16,2018-10-06,17:00:00,138,72,66,FMN GV 03 Hove
46,Statielei 16,2018-10-06,18:00:00,100,51,49,FMN GV 03 Hove
46,Statielei 16,2018-10-06,19:00:00,58,27,31,FMN GV 03 Hove
46,Statielei 16,2018-10-06,20:00:00,37,21,16,FMN GV 03 Hove
46,Statielei 16,2018-10-06,21:00:00,27,14,13,FMN GV 03 Hove
46,Statielei 16,2018-10-06,22:00:00,26,10,16,FMN GV 03 Hove
46,Statielei 16,2018-10-06,23:00:00,15,2,13,FMN GV 03 Hove
46,Statielei 16,2018-10-07,00:00:00,12,8,4,FMN GV 03 Hove
46,Statielei 16,2018-10-07,01:00:00,9,3,6,FMN GV 03 Hove
46,Statielei 16,2018-10-07,02:00:00,8,4,4,FMN GV 03 Hove
46,Statielei 16,2018-10-07,03:00:00,4,2,2,FMN GV 03 Hove
46,Statielei 16,2018-10-07,04:00:00,2,1,1,FMN GV 03 Hove
46,Statielei 16,2018-10-07,05:00:00,8,8,0,FMN GV 03 Hove
46,Statielei 16,2018-10-07,06:00:00,5,3,2,FMN GV 03 Hove
46,Statielei 16,2018-10-07,07:00:00,10,5,5,FMN GV 03 Hove
46,Statielei 16,2018-10-07,08:00:00,24,8,16,FMN GV 03 Hove
46,Statielei 16,2018-10-07,09:00:00,53,23,30,FMN GV 03 Hove
46,Statielei 16,2018-10-07,10:00:00,57,34,23,FMN GV 03 Hove
46,Statielei 16,2018-10-07,11:00:00,64,42,22,FMN GV 03 Hove
46,Statielei 16,2018-10-07,12:00:00,87,55,32,FMN GV 03 Hove
46,Statielei 16,2018-10-07,13:00:00,89,46,43,FMN GV 03 Hove
46,Statielei 16,2018-10-07,14:00:00,86,42,44,FMN GV 03 Hove
46,Statielei 16,2018-10-07,15:00:00,79,30,49,FMN GV 03 Hove
46,Statielei 16,2018-10-07,16:00:00,88,40,48,FMN GV 03 Hove
46,Statielei 16,2018-10-07,17:00:00,80,40,40,FMN GV 03 Hove
46,Statielei 16,2018-10-07,18:00:00,67,34,33,FMN GV 03 Hove
46,Statielei 16,2018-10-07,19:00:00,28,15,13,FMN GV 03 Hove
46,Statielei 16,2018-10-07,20:00:00,23,17,6,FMN GV 03 Hove
46,Statielei 16,2018-10-07,21:00:00,19,9,10,FMN GV 03 Hove
46,Statielei 16,2018-10-07,22:00:00,12,3,9,FMN GV 03 Hove
46,Statielei 16,2018-10-07,23:00:00,6,1,5,FMN GV 03 Hove
46,Statielei 16,2018-10-08,00:00:00,4,1,3,FMN GV 03 Hove
46,Statielei 16,2018-10-08,01:00:00,2,0,2,FMN GV 03 Hove
46,Statielei 16,2018-10-08,02:00:00,1,1,0,FMN GV 03 Hove
46,Statielei 16,2018-10-08,03:00:00,0,0,0,FMN GV 03 Hove
46,Statielei 16,2018-10-08,04:00:00,8,6,2,FMN GV 03 Hove
46,Statielei 16,2018-10-08,05:00:00,26,17,9,FMN GV 03 Hove
46,Statielei 16,2018-10-08,06:00:00,77,58,19,FMN GV 03 Hove
46,Statielei 16,2018-10-08,07:00:00,269,213,56,FMN GV 03 Hove
46,Statielei 16,2018-10-08,08:00:00,326,247,79,FMN GV 03 Hove
46,Statielei 16,2018-10-08,09:00:00,74,50,24,FMN GV 03 Hove
46,Statielei 16,2018-10-08,10:00:00,61,36,25,FMN GV 03 Hove
46,Statielei 16,2018-10-08,11:00:00,44,24,20,FMN GV 03 Hove
46,Statielei 16,2018-10-08,12:00:00,74,46,28,FMN GV 03 Hove
46,Statielei 16,2018-10-08,13:00:00,87,45,42,FMN GV 03 Hove
46,Statielei 16,2018-10-08,14:00:00,90,41,49,FMN GV 03 Hove
46,Statielei 16,2018-10-08,15:00:00,137,46,91,FMN GV 03 Hove
46,Statielei 16,2018-10-08,16:00:00,260,82,178,FMN GV 03 Hove
46,Statielei 16,2018-10-08,17:00:00,299,102,197,FMN GV 03 Hove
46,Statielei 16,2018-10-08,18:00:00,163,47,116,FMN GV 03 Hove
46,Statielei 16,2018-10-08,19:00:00,75,29,46,FMN GV 03 Hove
46,Statielei 16,2018-10-08,20:00:00,30,19,11,FMN GV 03 Hove
46,Statielei 16,2018-10-08,21:00:00,24,9,15,FMN GV 03 Hove
46,Statielei 16,2018-10-08,22:00:00,30,11,19,FMN GV 03 Hove
46,Statielei 16,2018-10-08,23:00:00,12,3,9,FMN GV 03 Hove
46,Statielei 16,2018-10-09,00:00:00,4,0,4,FMN GV 03 Hove
46,Statielei 16,2018-10-09,01:00:00,1,0,1,FMN GV 03 Hove
46,Statielei 16,2018-10-09,02:00:00,2,2,0,FMN GV 03 Hove
46,Statielei 16,2018-10-09,03:00:00,3,0,3,FMN GV 03 Hove
46,Statielei 16,2018-10-09,04:00:00,11,8,3,FMN GV 03 Hove
46,Statielei 16,2018-10-09,05:00:00,31,21,10,FMN GV 03 Hove
46,Statielei 16,2018-10-09,06:00:00,99,74,25,FMN GV 03 Hove
46,Statielei 16,2018-10-09,07:00:00,339,261,78,FMN GV 03 Hove
46,Statielei 16,2018-10-09,08:00:00,331,257,74,FMN GV 03 Hove
46,Statielei 16,2018-10-09,09:00:00,94,63,31,FMN GV 03 Hove
46,Statielei 16,2018-10-09,10:00:00,60,37,23,FMN GV 03 Hove
46,Statielei 16,2018-10-09,11:00:00,52,29,23,FMN GV 03 Hove
46,Statielei 16,2018-10-09,12:00:00,103,55,48,FMN GV 03 Hove
46,Statielei 16,2018-10-09,13:00:00,123,75,48,FMN GV 03 Hove
46,Statielei 16,2018-10-09,14:00:00,126,55,71,FMN GV 03 Hove
46,Statielei 16,2018-10-09,15:00:00,158,64,94,FMN GV 03 Hove
46,Statielei 16,2018-10-09,16:00:00,294,85,209,FMN GV 03 Hove
46,Statielei 16,2018-10-09,17:00:00,346,110,236,FMN GV 03 Hove
46,Statielei 16,2018-10-09,18:00:00,187,75,112,FMN GV 03 Hove
46,Statielei 16,2018-10-09,19:00:00,78,33,45,FMN GV 03 Hove
46,Statielei 16,2018-10-09,20:00:00,53,23,30,FMN GV 03 Hove
46,Statielei 16,2018-10-09,21:00:00,19,8,11,FMN GV 03 Hove
46,Statielei 16,2018-10-09,22:00:00,40,11,29,FMN GV 03 Hove
46,Statielei 16,2018-10-09,23:00:00,19,12,7,FMN GV 03 Hove
46,Statielei 16,2018-10-10,00:00:00,7,0,7,FMN GV 03 Hove
46,Statielei 16,2018-10-10,01:00:00,6,2,4,FMN GV 03 Hove
46,Statielei 16,2018-10-10,02:00:00,1,0,1,FMN GV 03 Hove
46,Statielei 16,2018-10-10,03:00:00,0,0,0,FMN GV 03 Hove
46,Statielei 16,2018-10-10,04:00:00,10,8,2,FMN GV 03 Hove
46,Statielei 16,2018-10-10,05:00:00,29,16,13,FMN GV 03 Hove
46,Statielei 16,2018-10-10,06:00:00,85,63,22,FMN GV 03 Hove
46,Statielei 16,2018-10-10,07:00:00,283,200,83,FMN GV 03 Hove
46,Statielei 16,2018-10-10,08:00:00,332,259,73,FMN GV 03 Hove
46,Statielei 16,2018-10-10,09:00:00,154,97,57,FMN GV 03 Hove
46,Statielei 16,2018-10-10,10:00:00,135,81,54,FMN GV 03 Hove
46,Statielei 16,2018-10-10,11:00:00,119,55,64,FMN GV 03 Hove
46,Statielei 16,2018-10-10,12:00:00,198,87,111,FMN GV 03 Hove
46,Statielei 16,2018-10-10,13:00:00,172,75,97,FMN GV 03 Hove
46,Statielei 16,2018-10-10,14:00:00,131,60,71,FMN GV 03 Hove
46,Statielei 16,2018-10-10,15:00:00,143,56,87,FMN GV 03 Hove
46,Statielei 16,2018-10-10,16:00:00,228,97,131,FMN GV 03 Hove
46,Statielei 16,2018-10-10,17:00:00,294,113,181,FMN GV 03 Hove
46,Statielei 16,2018-10-10,18:00:00,197,96,101,FMN GV 03 Hove
46,Statielei 16,2018-10-10,19:00:00,105,47,58,FMN GV 03 Hove
46,Statielei 16,2018-10-10,20:00:00,58,33,25,FMN GV 03 Hove
46,Statielei 16,2018-10-10,21:00:00,31,13,18,FMN GV 03 Hove
46,Statielei 16,2018-10-10,22:00:00,32,7,25,FMN GV 03 Hove
46,Statielei 16,2018-10-10,23:00:00,19,4,15,FMN GV 03 Hove
46,Statielei 16,2018-10-11,00:00:00,13,4,9,FMN GV 03 Hove
46,Statielei 16,2018-10-11,01:00:00,7,1,6,FMN GV 03 Hove
46,Statielei 16,2018-10-11,02:00:00,1,1,0,FMN GV 03 Hove
46,Statielei 16,2018-10-11,03:00:00,0,0,0,FMN GV 03 Hove
46,Statielei 16,2018-10-11,04:00:00,7,4,3,FMN GV 03 Hove
46,Statielei 16,2018-10-11,05:00:00,22,13,9,FMN GV 03 Hove
46,Statielei 16,2018-10-11,06:00:00,91,69,22,FMN GV 03 Hove
46,Statielei 16,2018-10-11,07:00:00,307,233,74,FMN GV 03 Hove
46,Statielei 16,2018-10-11,08:00:00,358,271,87,FMN GV 03 Hove
46,Statielei 16,2018-10-11,09:00:00,99,67,32,FMN GV 03 Hove
46,Statielei 16,2018-10-11,10:00:00,33,21,12,FMN GV 03 Hove
46,Statielei 16,2018-10-11,11:00:00,68,32,36,FMN GV 03 Hove
46,Statielei 16,2018-10-11,12:00:00,101,58,43,FMN GV 03 Hove
46,Statielei 16,2018-10-11,13:00:00,115,64,51,FMN GV 03 Hove
46,Statielei 16,2018-10-11,14:00:00,90,35,55,FMN GV 03 Hove
46,Statielei 16,2018-10-11,15:00:00,160,68,92,FMN GV 03 Hove
46,Statielei 16,2018-10-11,16:00:00,270,74,196,FMN GV 03 Hove
46,Statielei 16,2018-10-11,17:00:00,295,90,205,FMN GV 03 Hove
46,Statielei 16,2018-10-11,18:00:00,182,68,114,FMN GV 03 Hove
46,Statielei 16,2018-10-11,19:00:00,98,52,46,FMN GV 03 Hove
46,Statielei 16,2018-10-11,20:00:00,45,25,20,FMN GV 03 Hove
46,Statielei 16,2018-10-11,21:00:00,51,17,34,FMN GV 03 Hove
46,Statielei 16,2018-10-11,22:00:00,39,11,28,FMN GV 03 Hove
46,Statielei 16,2018-10-11,23:00:00,16,5,11,FMN GV 03 Hove
46,Statielei 16,2018-10-12,00:00:00,18,7,11,FMN GV 03 Hove
46,Statielei 16,2018-10-12,01:00:00,7,1,6,FMN GV 03 Hove
46,Statielei 16,2018-10-12,02:00:00,5,2,3,FMN GV 03 Hove
46,Statielei 16,2018-10-12,03:00:00,0,0,0,FMN GV 03 Hove
46,Statielei 16,2018-10-12,04:00:00,6,4,2,FMN GV 03 Hove
46,Statielei 16,2018-10-12,05:00:00,17,10,7,FMN GV 03 Hove
46,Statielei 16,2018-10-12,06:00:00,83,60,23,FMN GV 03 Hove
46,Statielei 16,2018-10-12,07:00:00,276,204,72,FMN GV 03 Hove
46,Statielei 16,2018-10-12,08:00:00,346,264,82,FMN GV 03 Hove
46,Statielei 16,2018-10-12,09:00:00,89,62,27,FMN GV 03 Hove
46,Statielei 16,2018-10-12,10:00:00,95,55,40,FMN GV 03 Hove
46,Statielei 16,2018-10-12,11:00:00,58,33,25,FMN GV 03 Hove
46,Statielei 16,2018-10-12,12:00:00,120,50,70,FMN GV 03 Hove
46,Statielei 16,2018-10-12,13:00:00,129,48,81,FMN GV 03 Hove
46,Statielei 16,2018-10-12,14:00:00,144,57,87,FMN GV 03 Hove
46,Statielei 16,2018-10-12,15:00:00,224,101,123,FMN GV 03 Hove
46,Statielei 16,2018-10-12,16:00:00,308,96,212,FMN GV 03 Hove
46,Statielei 16,2018-10-12,17:00:00,282,113,169,FMN GV 03 Hove
46,Statielei 16,2018-10-12,18:00:00,175,65,110,FMN GV 03 Hove
46,Statielei 16,2018-10-12,19:00:00,82,34,48,FMN GV 03 Hove
46,Statielei 16,2018-10-12,20:00:00,52,26,26,FMN GV 03 Hove
46,Statielei 16,2018-10-12,21:00:00,33,15,18,FMN GV 03 Hove
46,Statielei 16,2018-10-12,22:00:00,30,18,12,FMN GV 03 Hove
46,Statielei 16,2018-10-12,23:00:00,20,11,9,FMN GV 03 Hove
46,Statielei 16,2018-10-13,00:00:00,20,8,12,FMN GV 03 Hove
46,Statielei 16,2018-10-13,01:00:00,9,5,4,FMN GV 03 Hove
46,Statielei 16,2018-10-13,02:00:00,13,5,8,FMN GV 03 Hove
46,Statielei 16,2018-10-13,03:00:00,6,2,4,FMN GV 03 Hove
46,Statielei 16,2018-10-13,04:00:00,7,5,2,FMN GV 03 Hove
46,Statielei 16,2018-10-13,05:00:00,14,6,8,FMN GV 03 Hove
46,Statielei 16,2018-10-13,06:00:00,14,5,9,FMN GV 03 Hove
46,Statielei 16,2018-10-13,07:00:00,17,12,5,FMN GV 03 Hove
46,Statielei 16,2018-10-13,08:00:00,54,29,25,FMN GV 03 Hove
46,Statielei 16,2018-10-13,09:00:00,76,34,42,FMN GV 03 Hove
46,Statielei 16,2018-10-13,10:00:00,141,64,77,FMN GV 03 Hove
46,Statielei 16,2018-10-13,11:00:00,190,97,93,FMN GV 03 Hove
46,Statielei 16,2018-10-13,12:00:00,158,89,69,FMN GV 03 Hove
46,Statielei 16,2018-10-13,13:00:00,226,129,97,FMN GV 03 Hove
46,Statielei 16,2018-10-13,14:00:00,272,129,143,FMN GV 03 Hove
46,Statielei 16,2018-10-13,15:00:00,216,115,101,FMN GV 03 Hove
46,Statielei 16,2018-10-13,16:00:00,222,109,113,FMN GV 03 Hove
46,Statielei 16,2018-10-13,17:00:00,165,88,77,FMN GV 03 Hove
46,Statielei 16,2018-10-13,18:00:00,116,66,50,FMN GV 03 Hove
46,Statielei 16,2018-10-13,19:00:00,69,30,39,FMN GV 03 Hove
46,Statielei 16,2018-10-13,20:00:00,35,12,23,FMN GV 03 Hove
46,Statielei 16,2018-10-13,21:00:00,35,17,18,FMN GV 03 Hove
46,Statielei 16,2018-10-13,22:00:00,31,13,18,FMN GV 03 Hove
46,Statielei 16,2018-10-13,23:00:00,38,20,18,FMN GV 03 Hove
46,Statielei 16,2018-10-14,00:00:00,20,10,10,FMN GV 03 Hove
46,Statielei 16,2018-10-14,01:00:00,13,5,8,FMN GV 03 Hove
46,Statielei 16,2018-10-14,02:00:00,9,5,4,FMN GV 03 Hove
46,Statielei 16,2018-10-14,03:00:00,5,1,4,FMN GV 03 Hove
46,Statielei 16,2018-10-14,04:00:00,6,3,3,FMN GV 03 Hove
46,Statielei 16,2018-10-14,05:00:00,5,2,3,FMN GV 03 Hove
46,Statielei 16,2018-10-14,06:00:00,15,9,6,FMN GV 03 Hove
46,Statielei 16,2018-10-14,07:00:00,11,6,5,FMN GV 03 Hove
46,Statielei 16,2018-10-14,08:00:00,33,10,23,FMN GV 03 Hove
46,Statielei 16,2018-10-14,09:00:00,72,36,36,FMN GV 03 Hove
46,Statielei 16,2018-10-14,10:00:00,107,45,62,FMN GV 03 Hove
46,Statielei 16,2018-10-14,11:00:00,135,80,55,FMN GV 03 Hove
46,Statielei 16,2018-10-14,12:00:00,153,81,72,FMN GV 03 Hove
46,Statielei 16,2018-10-14,13:00:00,147,88,59,FMN GV 03 Hove
46,Statielei 16,2018-10-14,14:00:00,165,78,87,FMN GV 03 Hove
46,Statielei 16,2018-10-14,15:00:00,145,75,70,FMN GV 03 Hove
46,Statielei 16,2018-10-14,16:00:00,132,55,77,FMN GV 03 Hove
46,Statielei 16,2018-10-14,17:00:00,123,79,44,FMN GV 03 Hove
46,Statielei 16,2018-10-14,18:00:00,96,60,36,FMN GV 03 Hove
46,Statielei 16,2018-10-14,19:00:00,57,39,18,FMN GV 03 Hove
46,Statielei 16,2018-10-14,20:00:00,30,11,19,FMN GV 03 Hove
46,Statielei 16,2018-10-14,21:00:00,21,10,11,FMN GV 03 Hove
46,Statielei 16,2018-10-14,22:00:00,25,11,14,FMN GV 03 Hove
46,Statielei 16,2018-10-14,23:00:00,5,2,3,FMN GV 03 Hove
46,Statielei 16,2018-10-15,00:00:00,2,0,2,FMN GV 03 Hove
46,Statielei 16,2018-10-15,01:00:00,8,2,6,FMN GV 03 Hove
46,Statielei 16,2018-10-15,02:00:00,2,1,1,FMN GV 03 Hove
46,Statielei 16,2018-10-15,03:00:00,1,1,0,FMN GV 03 Hove
46,Statielei 16,2018-10-15,04:00:00,6,5,1,FMN GV 03 Hove
46,Statielei 16,2018-10-15,05:00:00,25,18,7,FMN GV 03 Hove
46,Statielei 16,2018-10-15,06:00:00,86,70,16,FMN GV 03 Hove
46,Statielei 16,2018-10-15,07:00:00,295,212,83,FMN GV 03 Hove
46,Statielei 16,2018-10-15,08:00:00,353,271,82,FMN GV 03 Hove
46,Statielei 16,2018-10-15,09:00:00,90,65,25,FMN GV 03 Hove
46,Statielei 16,2018-10-15,10:00:00,61,37,24,FMN GV 03 Hove
46,Statielei 16,2018-10-15,11:00:00,81,48,33,FMN GV 03 Hove
46,Statielei 16,2018-10-15,12:00:00,100,53,47,FMN GV 03 Hove
46,Statielei 16,2018-10-15,13:00:00,97,46,51,FMN GV 03 Hove
46,Statielei 16,2018-10-15,14:00:00,93,35,58,FMN GV 03 Hove
46,Statielei 16,2018-10-15,15:00:00,142,50,92,FMN GV 03 Hove
46,Statielei 16,2018-10-15,16:00:00,285,74,211,FMN GV 03 Hove
46,Statielei 16,2018-10-15,17:00:00,296,77,219,FMN GV 03 Hove
46,Statielei 16,2018-10-15,18:00:00,191,61,130,FMN GV 03 Hove
46,Statielei 16,2018-10-15,19:00:00,81,37,44,FMN GV 03 Hove
46,Statielei 16,2018-10-15,20:00:00,40,20,20,FMN GV 03 Hove
46,Statielei 16,2018-10-15,21:00:00,34,17,17,FMN GV 03 Hove
46,Statielei 16,2018-10-15,22:00:00,24,7,17,FMN GV 03 Hove
46,Statielei 16,2018-10-15,23:00:00,8,2,6,FMN GV 03 Hove
46,Statielei 16,2018-10-16,00:00:00,7,4,3,FMN GV 03 Hove
46,Statielei 16,2018-10-16,01:00:00,3,0,3,FMN GV 03 Hove
46,Statielei 16,2018-10-16,02:00:00,1,1,0,FMN GV 03 Hove
46,Statielei 16,2018-10-16,03:00:00,3,2,1,FMN GV 03 Hove
46,Statielei 16,2018-10-16,04:00:00,6,5,1,FMN GV 03 Hove
46,Statielei 16,2018-10-16,05:00:00,28,15,13,FMN GV 03 Hove
46,Statielei 16,2018-10-16,06:00:00,110,77,33,FMN GV 03 Hove
46,Statielei 16,2018-10-16,07:00:00,360,255,105,FMN GV 03 Hove
46,Statielei 16,2018-10-16,08:00:00,422,321,101,FMN GV 03 Hove
46,Statielei 16,2018-10-16,09:00:00,110,70,40,FMN GV 03 Hove
46,Statielei 16,2018-10-16,10:00:00,91,47,44,FMN GV 03 Hove
46,Statielei 16,2018-10-16,11:00:00,77,43,34,FMN GV 03 Hove
46,Statielei 16,2018-10-16,12:00:00,110,63,47,FMN GV 03 Hove
46,Statielei 16,2018-10-16,13:00:00,112,58,54,FMN GV 03 Hove
46,Statielei 16,2018-10-16,14:00:00,126,63,63,FMN GV 03 Hove
46,Statielei 16,2018-10-16,15:00:00,194,62,132,FMN GV 03 Hove
46,Statielei 16,2018-10-16,16:00:00,320,95,225,FMN GV 03 Hove
46,Statielei 16,2018-10-16,17:00:00,385,137,248,FMN GV 03 Hove
46,Statielei 16,2018-10-16,18:00:00,226,81,145,FMN GV 03 Hove
46,Statielei 16,2018-10-16,19:00:00,107,39,68,FMN GV 03 Hove
46,Statielei 16,2018-10-16,20:00:00,58,26,32,FMN GV 03 Hove
46,Statielei 16,2018-10-16,21:00:00,31,11,20,FMN GV 03 Hove
46,Statielei 16,2018-10-16,22:00:00,37,9,28,FMN GV 03 Hove
46,Statielei 16,2018-10-16,23:00:00,18,8,10,FMN GV 03 Hove
46,Statielei 16,2018-10-17,00:00:00,11,5,6,FMN GV 03 Hove
46,Statielei 16,2018-10-17,01:00:00,5,1,4,FMN GV 03 Hove
46,Statielei 16,2018-10-17,02:00:00,5,2,3,FMN GV 03 Hove
46,Statielei 16,2018-10-17,03:00:00,0,0,0,FMN GV 03 Hove
46,Statielei 16,2018-10-17,04:00:00,10,8,2,FMN GV 03 Hove
46,Statielei 16,2018-10-17,05:00:00,30,15,15,FMN GV 03 Hove
46,Statielei 16,2018-10-17,06:00:00,102,71,31,FMN GV 03 Hove
46,Statielei 16,2018-10-17,07:00:00,281,215,66,FMN GV 03 Hove
46,Statielei 16,2018-10-17,08:00:00,357,253,104,FMN GV 03 Hove
46,Statielei 16,2018-10-17,09:00:00,139,95,44,FMN GV 03 Hove
46,Statielei 16,2018-10-17,10:00:00,118,59,59,FMN GV 03 Hove
46,Statielei 16,2018-10-17,11:00:00,120,55,65,FMN GV 03 Hove
46,Statielei 16,2018-10-17,12:00:00,204,63,141,FMN GV 03 Hove
46,Statielei 16,2018-10-17,13:00:00,174,89,85,FMN GV 03 Hove
46,Statielei 16,2018-10-17,14:00:00,115,49,66,FMN GV 03 Hove
46,Statielei 16,2018-10-17,15:00:00,117,50,67,FMN GV 03 Hove
46,Statielei 16,2018-10-17,16:00:00,201,75,126,FMN GV 03 Hove
46,Statielei 16,2018-10-17,17:00:00,325,109,216,FMN GV 03 Hove
46,Statielei 16,2018-10-17,18:00:00,196,82,114,FMN GV 03 Hove
46,Statielei 16,2018-10-17,19:00:00,87,43,44,FMN GV 03 Hove
46,Statielei 16,2018-10-17,20:00:00,47,22,25,FMN GV 03 Hove
46,Statielei 16,2018-10-17,21:00:00,36,14,22,FMN GV 03 Hove
46,Statielei 16,2018-10-17,22:00:00,34,8,26,FMN GV 03 Hove
46,Statielei 16,2018-10-17,23:00:00,13,2,11,FMN GV 03 Hove
46,Statielei 16,2018-10-18,00:00:00,6,2,4,FMN GV 03 Hove
46,Statielei 16,2018-10-18,01:00:00,3,1,2,FMN GV 03 Hove
46,Statielei 16,2018-10-18,02:00:00,3,2,1,FMN GV 03 Hove
46,Statielei 16,2018-10-18,03:00:00,0,0,0,FMN GV 03 Hove
46,Statielei 16,2018-10-18,04:00:00,10,5,5,FMN GV 03 Hove
46,Statielei 16,2018-10-18,05:00:00,24,15,9,FMN GV 03 Hove
46,Statielei 16,2018-10-18,06:00:00,98,70,28,FMN GV 03 Hove
46,Statielei 16,2018-10-18,07:00:00,302,222,80,FMN GV 03 Hove
46,Statielei 16,2018-10-18,08:00:00,354,264,90,FMN GV 03 Hove
46,Statielei 16,2018-10-18,09:00:00,97,64,33,FMN GV 03 Hove
46,Statielei 16,2018-10-18,10:00:00,52,33,19,FMN GV 03 Hove
46,Statielei 16,2018-10-18,11:00:00,68,43,25,FMN GV 03 Hove
46,Statielei 16,2018-10-18,12:00:00,76,40,36,FMN GV 03 Hove
46,Statielei 16,2018-10-18,13:00:00,120,57,63,FMN GV 03 Hove
46,Statielei 16,2018-10-18,14:00:00,90,52,38,FMN GV 03 Hove
46,Statielei 16,2018-10-18,15:00:00,139,53,86,FMN GV 03 Hove
46,Statielei 16,2018-10-18,16:00:00,263,66,197,FMN GV 03 Hove
46,Statielei 16,2018-10-18,17:00:00,290,82,208,FMN GV 03 Hove
46,Statielei 16,2018-10-18,18:00:00,185,66,119,FMN GV 03 Hove
46,Statielei 16,2018-10-18,19:00:00,86,34,52,FMN GV 03 Hove
46,Statielei 16,2018-10-18,20:00:00,43,20,23,FMN GV 03 Hove
46,Statielei 16,2018-10-18,21:00:00,41,22,19,FMN GV 03 Hove
46,Statielei 16,2018-10-18,22:00:00,50,23,27,FMN GV 03 Hove
46,Statielei 16,2018-10-18,23:00:00,26,10,16,FMN GV 03 Hove
46,Statielei 16,2018-10-19,00:00:00,6,0,6,FMN GV 03 Hove
46,Statielei 16,2018-10-19,01:00:00,7,5,2,FMN GV 03 Hove
46,Statielei 16,2018-10-19,02:00:00,1,1,0,FMN GV 03 Hove
46,Statielei 16,2018-10-19,03:00:00,0,0,0,FMN GV 03 Hove
46,Statielei 16,2018-10-19,04:00:00,8,6,2,FMN GV 03 Hove
46,Statielei 16,2018-10-19,05:00:00,17,7,10,FMN GV 03 Hove
46,Statielei 16,2018-10-19,06:00:00,82,57,25,FMN GV 03 Hove
46,Statielei 16,2018-10-19,07:00:00,281,212,69,FMN GV 03 Hove
46,Statielei 16,2018-10-19,08:00:00,308,236,72,FMN GV 03 Hove
46,Statielei 16,2018-10-19,09:00:00,88,58,30,FMN GV 03 Hove
46,Statielei 16,2018-10-19,10:00:00,64,37,27,FMN GV 03 Hove
46,Statielei 16,2018-10-19,11:00:00,74,44,30,FMN GV 03 Hove
46,Statielei 16,2018-10-19,12:00:00,100,48,52,FMN GV 03 Hove
46,Statielei 16,2018-10-19,13:00:00,110,50,60,FMN GV 03 Hove
46,Statielei 16,2018-10-19,14:00:00,110,45,65,FMN GV 03 Hove
46,Statielei 16,2018-10-19,15:00:00,184,60,124,FMN GV 03 Hove
46,Statielei 16,2018-10-19,16:00:00,281,88,193,FMN GV 03 Hove
46,Statielei 16,2018-10-19,17:00:00,210,58,152,FMN GV 03 Hove
46,Statielei 16,2018-10-19,18:00:00,160,65,95,FMN GV 03 Hove
46,Statielei 16,2018-10-19,19:00:00,57,23,34,FMN GV 03 Hove
46,Statielei 16,2018-10-19,20:00:00,44,27,17,FMN GV 03 Hove
46,Statielei 16,2018-10-19,21:00:00,29,13,16,FMN GV 03 Hove
46,Statielei 16,2018-10-19,22:00:00,26,6,20,FMN GV 03 Hove
46,Statielei 16,2018-10-19,23:00:00,38,11,27,FMN GV 03 Hove
46,Statielei 16,2018-10-20,00:00:00,15,9,6,FMN GV 03 Hove
46,Statielei 16,2018-10-20,01:00:00,15,8,7,FMN GV 03 Hove
46,Statielei 16,2018-10-20,02:00:00,10,5,5,FMN GV 03 Hove
46,Statielei 16,2018-10-20,03:00:00,17,6,11,FMN GV 03 Hove
46,Statielei 16,2018-10-20,04:00:00,7,4,3,FMN GV 03 Hove
46,Statielei 16,2018-10-20,05:00:00,4,1,3,FMN GV 03 Hove
46,Statielei 16,2018-10-20,06:00:00,10,2,8,FMN GV 03 Hove
46,Statielei 16,2018-10-20,07:00:00,8,4,4,FMN GV 03 Hove
46,Statielei 16,2018-10-20,08:00:00,27,16,11,FMN GV 03 Hove
46,Statielei 16,2018-10-20,09:00:00,61,39,22,FMN GV 03 Hove
46,Statielei 16,2018-10-20,10:00:00,86,36,50,FMN GV 03 Hove
46,Statielei 16,2018-10-20,11:00:00,82,50,32,FMN GV 03 Hove
46,Statielei 16,2018-10-20,12:00:00,94,55,39,FMN GV 03 Hove
46,Statielei 16,2018-10-20,13:00:00,105,55,50,FMN GV 03 Hove
46,Statielei 16,2018-10-20,14:00:00,134,67,67,FMN GV 03 Hove
46,Statielei 16,2018-10-20,15:00:00,109,59,50,FMN GV 03 Hove
46,Statielei 16,2018-10-20,16:00:00,117,70,47,FMN GV 03 Hove
46,Statielei 16,2018-10-20,17:00:00,100,48,52,FMN GV 03 Hove
46,Statielei 16,2018-10-20,18:00:00,61,33,28,FMN GV 03 Hove
46,Statielei 16,2018-10-20,19:00:00,42,25,17,FMN GV 03 Hove
46,Statielei 16,2018-10-20,20:00:00,39,23,16,FMN GV 03 Hove
46,Statielei 16,2018-10-20,21:00:00,20,13,7,FMN GV 03 Hove
46,Statielei 16,2018-10-20,22:00:00,22,8,14,FMN GV 03 Hove
46,Statielei 16,2018-10-20,23:00:00,9,5,4,FMN GV 03 Hove
46,Statielei 16,2018-10-21,00:00:00,19,10,9,FMN GV 03 Hove
46,Statielei 16,2018-10-21,01:00:00,9,3,6,FMN GV 03 Hove
46,Statielei 16,2018-10-21,02:00:00,6,2,4,FMN GV 03 Hove
46,Statielei 16,2018-10-21,03:00:00,4,1,3,FMN GV 03 Hove
46,Statielei 16,2018-10-21,04:00:00,9,5,4,FMN GV 03 Hove
46,Statielei 16,2018-10-21,05:00:00,4,4,0,FMN GV 03 Hove
46,Statielei 16,2018-10-21,06:00:00,9,6,3,FMN GV 03 Hove
46,Statielei 16,2018-10-21,07:00:00,11,8,3,FMN GV 03 Hove
46,Statielei 16,2018-10-21,08:00:00,19,7,12,FMN GV 03 Hove
46,Statielei 16,2018-10-21,09:00:00,105,59,46,FMN GV 03 Hove
46,Statielei 16,2018-10-21,10:00:00,96,41,55,FMN GV 03 Hove
46,Statielei 16,2018-10-21,11:00:00,138,97,41,FMN GV 03 Hove
46,Statielei 16,2018-10-21,12:00:00,144,83,61,FMN GV 03 Hove
46,Statielei 16,2018-10-21,13:00:00,149,76,73,FMN GV 03 Hove
46,Statielei 16,2018-10-21,14:00:00,149,76,73,FMN GV 03 Hove
46,Statielei 16,2018-10-21,15:00:00,112,61,51,FMN GV 03 Hove
46,Statielei 16,2018-10-21,16:00:00,132,75,57,FMN GV 03 Hove
46,Statielei 16,2018-10-21,17:00:00,88,43,45,FMN GV 03 Hove
46,Statielei 16,2018-10-21,18:00:00,53,29,24,FMN GV 03 Hove
46,Statielei 16,2018-10-21,19:00:00,36,16,20,FMN GV 03 Hove
46,Statielei 16,2018-10-21,20:00:00,24,12,12,FMN GV 03 Hove
46,Statielei 16,2018-10-21,21:00:00,28,14,14,FMN GV 03 Hove
46,Statielei 16,2018-10-21,22:00:00,18,8,10,FMN GV 03 Hove
46,Statielei 16,2018-10-21,23:00:00,4,2,2,FMN GV 03 Hove
46,Statielei 16,2018-10-22,00:00:00,2,0,2,FMN GV 03 Hove
46,Statielei 16,2018-10-22,01:00:00,0,0,0,FMN GV 03 Hove
46,Statielei 16,2018-10-22,02:00:00,3,2,1,FMN GV 03 Hove
46,Statielei 16,2018-10-22,03:00:00,0,0,0,FMN GV 03 Hove
46,Statielei 16,2018-10-22,04:00:00,6,3,3,FMN GV 03 Hove
46,Statielei 16,2018-10-22,05:00:00,20,13,7,FMN GV 03 Hove
46,Statielei 16,2018-10-22,06:00:00,85,64,21,FMN GV 03 Hove
46,Statielei 16,2018-10-22,07:00:00,237,172,65,FMN GV 03 Hove
46,Statielei 16,2018-10-22,08:00:00,327,251,76,FMN GV 03 Hove
46,Statielei 16,2018-10-22,09:00:00,69,41,28,FMN GV 03 Hove
46,Statielei 16,2018-10-22,10:00:00,39,26,13,FMN GV 03 Hove
46,Statielei 16,2018-10-22,11:00:00,54,33,21,FMN GV 03 Hove
46,Statielei 16,2018-10-22,12:00:00,58,33,25,FMN GV 03 Hove
46,Statielei 16,2018-10-22,13:00:00,86,43,43,FMN GV 03 Hove
46,Statielei 16,2018-10-22,14:00:00,82,44,38,FMN GV 03 Hove
46,Statielei 16,2018-10-22,15:00:00,131,48,83,FMN GV 03 Hove
46,Statielei 16,2018-10-22,16:00:00,212,69,143,FMN GV 03 Hove
46,Statielei 16,2018-10-22,17:00:00,243,74,169,FMN GV 03 Hove
46,Statielei 16,2018-10-22,18:00:00,133,38,95,FMN GV 03 Hove
46,Statielei 16,2018-10-22,19:00:00,62,28,34,FMN GV 03 Hove
46,Statielei 16,2018-10-22,20:00:00,46,19,27,FMN GV 03 Hove
46,Statielei 16,2018-10-22,21:00:00,31,12,19,FMN GV 03 Hove
46,Statielei 16,2018-10-22,22:00:00,28,11,17,FMN GV 03 Hove
46,Statielei 16,2018-10-22,23:00:00,11,5,6,FMN GV 03 Hove
46,Statielei 16,2018-10-23,00:00:00,3,1,2,FMN GV 03 Hove
46,Statielei 16,2018-10-23,01:00:00,2,0,2,FMN GV 03 Hove
46,Statielei 16,2018-10-23,02:00:00,1,1,0,FMN GV 03 Hove
46,Statielei 16,2018-10-23,03:00:00,1,0,1,FMN GV 03 Hove
46,Statielei 16,2018-10-23,04:00:00,3,3,0,FMN GV 03 Hove
46,Statielei 16,2018-10-23,05:00:00,17,9,8,FMN GV 03 Hove
46,Statielei 16,2018-10-23,06:00:00,83,54,29,FMN GV 03 Hove
46,Statielei 16,2018-10-23,07:00:00,296,233,63,FMN GV 03 Hove
46,Statielei 16,2018-10-23,08:00:00,370,283,87,FMN GV 03 Hove
46,Statielei 16,2018-10-23,09:00:00,73,50,23,FMN GV 03 Hove
46,Statielei 16,2018-10-23,10:00:00,49,25,24,FMN GV 03 Hove
46,Statielei 16,2018-10-23,11:00:00,49,18,31,FMN GV 03 Hove
46,Statielei 16,2018-10-23,12:00:00,78,43,35,FMN GV 03 Hove
46,Statielei 16,2018-10-23,13:00:00,108,54,54,FMN GV 03 Hove
46,Statielei 16,2018-10-23,14:00:00,83,41,42,FMN GV 03 Hove
46,Statielei 16,2018-10-23,15:00:00,133,38,95,FMN GV 03 Hove
46,Statielei 16,2018-10-23,16:00:00,232,57,175,FMN GV 03 Hove
46,Statielei 16,2018-10-23,17:00:00,258,78,180,FMN GV 03 Hove
46,Statielei 16,2018-10-23,18:00:00,183,60,123,FMN GV 03 Hove
46,Statielei 16,2018-10-23,19:00:00,71,24,47,FMN GV 03 Hove
46,Statielei 16,2018-10-23,20:00:00,46,21,25,FMN GV 03 Hove
46,Statielei 16,2018-10-23,21:00:00,40,19,21,FMN GV 03 Hove
46,Statielei 16,2018-10-23,22:00:00,41,11,30,FMN GV 03 Hove
46,Statielei 16,2018-10-23,23:00:00,20,11,9,FMN GV 03 Hove
46,Statielei 16,2018-10-24,00:00:00,7,1,6,FMN GV 03 Hove
46,Statielei 16,2018-10-24,01:00:00,1,1,0,FMN GV 03 Hove
46,Statielei 16,2018-10-24,02:00:00,2,1,1,FMN GV 03 Hove
46,Statielei 16,2018-10-24,03:00:00,2,0,2,FMN GV 03 Hove
46,Statielei 16,2018-10-24,04:00:00,7,6,1,FMN GV 03 Hove
46,Statielei 16,2018-10-24,05:00:00,17,9,8,FMN GV 03 Hove
46,Statielei 16,2018-10-24,06:00:00,93,77,16,FMN GV 03 Hove
46,Statielei 16,2018-10-24,07:00:00,272,190,82,FMN GV 03 Hove
46,Statielei 16,2018-10-24,08:00:00,338,256,82,FMN GV 03 Hove
46,Statielei 16,2018-10-24,09:00:00,106,68,38,FMN GV 03 Hove
46,Statielei 16,2018-10-24,10:00:00,76,40,36,FMN GV 03 Hove
46,Statielei 16,2018-10-24,11:00:00,68,28,40,FMN GV 03 Hove
46,Statielei 16,2018-10-24,12:00:00,163,65,98,FMN GV 03 Hove
46,Statielei 16,2018-10-24,13:00:00,107,40,67,FMN GV 03 Hove
46,Statielei 16,2018-10-24,14:00:00,76,41,35,FMN GV 03 Hove
46,Statielei 16,2018-10-24,15:00:00,97,33,64,FMN GV 03 Hove
46,Statielei 16,2018-10-24,16:00:00,171,55,116,FMN GV 03 Hove
46,Statielei 16,2018-10-24,17:00:00,214,66,148,FMN GV 03 Hove
46,Statielei 16,2018-10-24,18:00:00,140,48,92,FMN GV 03 Hove
46,Statielei 16,2018-10-24,19:00:00,66,28,38,FMN GV 03 Hove
46,Statielei 16,2018-10-24,20:00:00,31,17,14,FMN GV 03 Hove
46,Statielei 16,2018-10-24,21:00:00,33,11,22,FMN GV 03 Hove
46,Statielei 16,2018-10-24,22:00:00,29,8,21,FMN GV 03 Hove
46,Statielei 16,2018-10-24,23:00:00,16,7,9,FMN GV 03 Hove
46,Statielei 16,2018-10-25,00:00:00,8,5,3,FMN GV 03 Hove
46,Statielei 16,2018-10-25,01:00:00,2,1,1,FMN GV 03 Hove
46,Statielei 16,2018-10-25,02:00:00,4,2,2,FMN GV 03 Hove
46,Statielei 16,2018-10-25,03:00:00,4,2,2,FMN GV 03 Hove
46,Statielei 16,2018-10-25,04:00:00,9,7,2,FMN GV 03 Hove
46,Statielei 16,2018-10-25,05:00:00,16,9,7,FMN GV 03 Hove
46,Statielei 16,2018-10-25,06:00:00,79,61,18,FMN GV 03 Hove
46,Statielei 16,2018-10-25,07:00:00,277,210,67,FMN GV 03 Hove
46,Statielei 16,2018-10-25,08:00:00,354,267,87,FMN GV 03 Hove
46,Statielei 16,2018-10-25,09:00:00,105,69,36,FMN GV 03 Hove
46,Statielei 16,2018-10-25,10:00:00,42,21,21,FMN GV 03 Hove
46,Statielei 16,2018-10-25,11:00:00,71,41,30,FMN GV 03 Hove
46,Statielei 16,2018-10-25,12:00:00,76,43,33,FMN GV 03 Hove
46,Statielei 16,2018-10-25,13:00:00,74,45,29,FMN GV 03 Hove
46,Statielei 16,2018-10-25,14:00:00,79,38,41,FMN GV 03 Hove
46,Statielei 16,2018-10-25,15:00:00,132,56,76,FMN GV 03 Hove
46,Statielei 16,2018-10-25,16:00:00,230,64,166,FMN GV 03 Hove
46,Statielei 16,2018-10-25,17:00:00,269,83,186,FMN GV 03 Hove
46,Statielei 16,2018-10-25,18:00:00,153,58,95,FMN GV 03 Hove
46,Statielei 16,2018-10-25,19:00:00,76,31,45,FMN GV 03 Hove
46,Statielei 16,2018-10-25,20:00:00,40,17,23,FMN GV 03 Hove
46,Statielei 16,2018-10-25,21:00:00,34,11,23,FMN GV 03 Hove
46,Statielei 16,2018-10-25,22:00:00,44,17,27,FMN GV 03 Hove
46,Statielei 16,2018-10-25,23:00:00,18,5,13,FMN GV 03 Hove
46,Statielei 16,2018-10-26,00:00:00,14,5,9,FMN GV 03 Hove
46,Statielei 16,2018-10-26,01:00:00,3,0,3,FMN GV 03 Hove
46,Statielei 16,2018-10-26,02:00:00,2,2,0,FMN GV 03 Hove
46,Statielei 16,2018-10-26,03:00:00,2,1,1,FMN GV 03 Hove
46,Statielei 16,2018-10-26,04:00:00,5,4,1,FMN GV 03 Hove
46,Statielei 16,2018-10-26,05:00:00,9,5,4,FMN GV 03 Hove
46,Statielei 16,2018-10-26,06:00:00,60,43,17,FMN GV 03 Hove
46,Statielei 16,2018-10-26,07:00:00,190,133,57,FMN GV 03 Hove
46,Statielei 16,2018-10-26,08:00:00,263,190,73,FMN GV 03 Hove
46,Statielei 16,2018-10-26,09:00:00,84,56,28,FMN GV 03 Hove
46,Statielei 16,2018-10-26,10:00:00,49,34,15,FMN GV 03 Hove
46,Statielei 16,2018-10-26,11:00:00,36,17,19,FMN GV 03 Hove
46,Statielei 16,2018-10-26,12:00:00,71,33,38,FMN GV 03 Hove
46,Statielei 16,2018-10-26,13:00:00,63,24,39,FMN GV 03 Hove
46,Statielei 16,2018-10-26,14:00:00,70,27,43,FMN GV 03 Hove
46,Statielei 16,2018-10-26,15:00:00,107,35,72,FMN GV 03 Hove
46,Statielei 16,2018-10-26,16:00:00,153,41,112,FMN GV 03 Hove
46,Statielei 16,2018-10-26,17:00:00,136,43,93,FMN GV 03 Hove
46,Statielei 16,2018-10-26,18:00:00,83,29,54,FMN GV 03 Hove
46,Statielei 16,2018-10-26,19:00:00,34,17,17,FMN GV 03 Hove
46,Statielei 16,2018-10-26,20:00:00,34,15,19,FMN GV 03 Hove
46,Statielei 16,2018-10-26,21:00:00,20,9,11,FMN GV 03 Hove
46,Statielei 16,2018-10-26,22:00:00,20,7,13,FMN GV 03 Hove
46,Statielei 16,2018-10-26,23:00:00,17,3,14,FMN GV 03 Hove
46,Statielei 16,2018-10-27,00:00:00,9,4,5,FMN GV 03 Hove
46,Statielei 16,2018-10-27,01:00:00,8,3,5,FMN GV 03 Hove
46,Statielei 16,2018-10-27,02:00:00,9,1,8,FMN GV 03 Hove
46,Statielei 16,2018-10-27,03:00:00,8,3,5,FMN GV 03 Hove
46,Statielei 16,2018-10-27,04:00:00,3,2,1,FMN GV 03 Hove
46,Statielei 16,2018-10-27,05:00:00,5,2,3,FMN GV 03 Hove
46,Statielei 16,2018-10-27,06:00:00,9,5,4,FMN GV 03 Hove
46,Statielei 16,2018-10-27,07:00:00,8,6,2,FMN GV 03 Hove
46,Statielei 16,2018-10-27,08:00:00,17,12,5,FMN GV 03 Hove
46,Statielei 16,2018-10-27,09:00:00,29,13,16,FMN GV 03 Hove
46,Statielei 16,2018-10-27,10:00:00,33,16,17,FMN GV 03 Hove
46,Statielei 16,2018-10-27,11:00:00,41,30,11,FMN GV 03 Hove
46,Statielei 16,2018-10-27,12:00:00,30,15,15,FMN GV 03 Hove
46,Statielei 16,2018-10-27,13:00:00,57,30,27,FMN GV 03 Hove
46,Statielei 16,2018-10-27,14:00:00,57,28,29,FMN GV 03 Hove
46,Statielei 16,2018-10-27,15:00:00,72,33,39,FMN GV 03 Hove
46,Statielei 16,2018-10-27,16:00:00,64,31,33,FMN GV 03 Hove
46,Statielei 16,2018-10-27,17:00:00,57,24,33,FMN GV 03 Hove
46,Statielei 16,2018-10-27,18:00:00,43,27,16,FMN GV 03 Hove
46,Statielei 16,2018-10-27,19:00:00,42,25,17,FMN GV 03 Hove
46,Statielei 16,2018-10-27,20:00:00,24,10,14,FMN GV 03 Hove
46,Statielei 16,2018-10-27,21:00:00,12,9,3,FMN GV 03 Hove
46,Statielei 16,2018-10-27,22:00:00,17,6,11,FMN GV 03 Hove
46,Statielei 16,2018-10-27,23:00:00,16,5,11,FMN GV 03 Hove
46,Statielei 16,2018-10-28,00:00:00,10,5,5,FMN GV 03 Hove
46,Statielei 16,2018-10-28,01:00:00,9,0,9,FMN GV 03 Hove
46,Statielei 16,2018-10-28,02:00:00,16,2,14,FMN GV 03 Hove
46,Statielei 16,2018-10-28,03:00:00,3,1,2,FMN GV 03 Hove
46,Statielei 16,2018-10-28,04:00:00,1,0,1,FMN GV 03 Hove
46,Statielei 16,2018-10-28,05:00:00,8,5,3,FMN GV 03 Hove
46,Statielei 16,2018-10-28,06:00:00,7,5,2,FMN GV 03 Hove
46,Statielei 16,2018-10-28,07:00:00,4,4,0,FMN GV 03 Hove
46,Statielei 16,2018-10-28,08:00:00,21,7,14,FMN GV 03 Hove
46,Statielei 16,2018-10-28,09:00:00,45,17,28,FMN GV 03 Hove
46,Statielei 16,2018-10-28,10:00:00,70,36,34,FMN GV 03 Hove
46,Statielei 16,2018-10-28,11:00:00,76,51,25,FMN GV 03 Hove
46,Statielei 16,2018-10-28,12:00:00,92,53,39,FMN GV 03 Hove
46,Statielei 16,2018-10-28,13:00:00,82,50,32,FMN GV 03 Hove
46,Statielei 16,2018-10-28,14:00:00,74,38,36,FMN GV 03 Hove
46,Statielei 16,2018-10-28,15:00:00,66,32,34,FMN GV 03 Hove
46,Statielei 16,2018-10-28,16:00:00,45,24,21,FMN GV 03 Hove
46,Statielei 16,2018-10-28,17:00:00,46,24,22,FMN GV 03 Hove
46,Statielei 16,2018-10-28,18:00:00,36,17,19,FMN GV 03 Hove
46,Statielei 16,2018-10-28,19:00:00,27,15,12,FMN GV 03 Hove
46,Statielei 16,2018-10-28,20:00:00,23,16,7,FMN GV 03 Hove
46,Statielei 16,2018-10-28,21:00:00,13,6,7,FMN GV 03 Hove
46,Statielei 16,2018-10-28,22:00:00,14,6,8,FMN GV 03 Hove
46,Statielei 16,2018-10-28,23:00:00,4,3,1,FMN GV 03 Hove
46,Statielei 16,2018-10-29,00:00:00,3,1,2,FMN GV 03 Hove
46,Statielei 16,2018-10-29,01:00:00,1,0,1,FMN GV 03 Hove
46,Statielei 16,2018-10-29,02:00:00,3,1,2,FMN GV 03 Hove
46,Statielei 16,2018-10-29,03:00:00,1,0,1,FMN GV 03 Hove
46,Statielei 16,2018-10-29,04:00:00,6,4,2,FMN GV 03 Hove
46,Statielei 16,2018-10-29,05:00:00,11,4,7,FMN GV 03 Hove
46,Statielei 16,2018-10-29,06:00:00,60,44,16,FMN GV 03 Hove
46,Statielei 16,2018-10-29,07:00:00,152,114,38,FMN GV 03 Hove
46,Statielei 16,2018-10-29,08:00:00,152,115,37,FMN GV 03 Hove
46,Statielei 16,2018-10-29,09:00:00,60,37,23,FMN GV 03 Hove
46,Statielei 16,2018-10-29,10:00:00,38,24,14,FMN GV 03 Hove
46,Statielei 16,2018-10-29,11:00:00,45,26,19,FMN GV 03 Hove
46,Statielei 16,2018-10-29,12:00:00,44,31,13,FMN GV 03 Hove
46,Statielei 16,2018-10-29,13:00:00,54,33,21,FMN GV 03 Hove
46,Statielei 16,2018-10-29,14:00:00,46,26,20,FMN GV 03 Hove
46,Statielei 16,2018-10-29,15:00:00,43,13,30,FMN GV 03 Hove
46,Statielei 16,2018-10-29,16:00:00,102,31,71,FMN GV 03 Hove
46,Statielei 16,2018-10-29,17:00:00,166,48,118,FMN GV 03 Hove
46,Statielei 16,2018-10-29,18:00:00,108,27,81,FMN GV 03 Hove
46,Statielei 16,2018-10-29,19:00:00,37,14,23,FMN GV 03 Hove
46,Statielei 16,2018-10-29,20:00:00,22,12,10,FMN GV 03 Hove
46,Statielei 16,2018-10-29,21:00:00,14,5,9,FMN GV 03 Hove
46,Statielei 16,2018-10-29,22:00:00,12,7,5,FMN GV 03 Hove
46,Statielei 16,2018-10-29,23:00:00,11,6,5,FMN GV 03 Hove
46,Statielei 16,2018-10-30,00:00:00,3,0,3,FMN GV 03 Hove
46,Statielei 16,2018-10-30,01:00:00,1,0,1,FMN GV 03 Hove
46,Statielei 16,2018-10-30,02:00:00,1,1,0,FMN GV 03 Hove
46,Statielei 16,2018-10-30,03:00:00,1,0,1,FMN GV 03 Hove
46,Statielei 16,2018-10-30,04:00:00,2,1,1,FMN GV 03 Hove
46,Statielei 16,2018-10-30,05:00:00,5,4,1,FMN GV 03 Hove
46,Statielei 16,2018-10-30,06:00:00,25,21,4,FMN GV 03 Hove
46,Statielei 16,2018-10-30,07:00:00,88,63,25,FMN GV 03 Hove
46,Statielei 16,2018-10-30,08:00:00,86,59,27,FMN GV 03 Hove
46,Statielei 16,2018-10-30,09:00:00,29,18,11,FMN GV 03 Hove
46,Statielei 16,2018-10-30,10:00:00,9,6,3,FMN GV 03 Hove
46,Statielei 16,2018-10-30,11:00:00,19,11,8,FMN GV 03 Hove
46,Statielei 16,2018-10-30,12:00:00,23,11,12,FMN GV 03 Hove
46,Statielei 16,2018-10-30,13:00:00,26,16,10,FMN GV 03 Hove
46,Statielei 16,2018-10-30,14:00:00,18,7,11,FMN GV 03 Hove
46,Statielei 16,2018-10-30,15:00:00,16,4,12,FMN GV 03 Hove
46,Statielei 16,2018-10-30,16:00:00,57,17,40,FMN GV 03 Hove
46,Statielei 16,2018-10-30,17:00:00,85,13,72,FMN GV 03 Hove
46,Statielei 16,2018-10-30,18:00:00,45,12,33,FMN GV 03 Hove
46,Statielei 16,2018-10-30,19:00:00,23,6,17,FMN GV 03 Hove
46,Statielei 16,2018-10-30,20:00:00,14,7,7,FMN GV 03 Hove
46,Statielei 16,2018-10-30,21:00:00,11,6,5,FMN GV 03 Hove
46,Statielei 16,2018-10-30,22:00:00,10,3,7,FMN GV 03 Hove
46,Statielei 16,2018-10-30,23:00:00,7,2,5,FMN GV 03 Hove
46,Statielei 16,2018-10-31,00:00:00,4,1,3,FMN GV 03 Hove
46,Statielei 16,2018-10-31,01:00:00,0,0,0,FMN GV 03 Hove
46,Statielei 16,2018-10-31,02:00:00,1,1,0,FMN GV 03 Hove
46,Statielei 16,2018-10-31,03:00:00,0,0,0,FMN GV 03 Hove
46,Statielei 16,2018-10-31,04:00:00,6,5,1,FMN GV 03 Hove
46,Statielei 16,2018-10-31,05:00:00,11,6,5,FMN GV 03 Hove
46,Statielei 16,2018-10-31,06:00:00,45,34,11,FMN GV 03 Hove
46,Statielei 16,2018-10-31,07:00:00,122,90,32,FMN GV 03 Hove
46,Statielei 16,2018-10-31,08:00:00,123,79,44,FMN GV 03 Hove
46,Statielei 16,2018-10-31,09:00:00,74,45,29,FMN GV 03 Hove
46,Statielei 16,2018-10-31,10:00:00,71,38,33,FMN GV 03 Hove
46,Statielei 16,2018-10-31,11:00:00,71,26,45,FMN GV 03 Hove
46,Statielei 16,2018-10-31,12:00:00,69,39,30,FMN GV 03 Hove
46,Statielei 16,2018-10-31,13:00:00,83,45,38,FMN GV 03 Hove
46,Statielei 16,2018-10-31,14:00:00,68,32,36,FMN GV 03 Hove
46,Statielei 16,2018-10-31,15:00:00,61,29,32,FMN GV 03 Hove
46,Statielei 16,2018-10-31,16:00:00,111,36,75,FMN GV 03 Hove
46,Statielei 16,2018-10-31,17:00:00,122,41,81,FMN GV 03 Hove
46,Statielei 16,2018-10-31,18:00:00,91,33,58,FMN GV 03 Hove
46,Statielei 16,2018-10-31,19:00:00,39,18,21,FMN GV 03 Hove
46,Statielei 16,2018-10-31,20:00:00,27,16,11,FMN GV 03 Hove
46,Statielei 16,2018-10-31,21:00:00,23,12,11,FMN GV 03 Hove
46,Statielei 16,2018-10-31,22:00:00,30,10,20,FMN GV 03 Hove
46,Statielei 16,2018-10-31,23:00:00,22,6,16,FMN GV 03 Hove
46,Statielei 16,2018-11-01,00:00:00,15,9,6,FMN GV 03 Hove
46,Statielei 16,2018-11-01,01:00:00,8,2,6,FMN GV 03 Hove
46,Statielei 16,2018-11-01,02:00:00,3,1,2,FMN GV 03 Hove
46,Statielei 16,2018-11-01,03:00:00,8,3,5,FMN GV 03 Hove
46,Statielei 16,2018-11-01,04:00:00,9,3,6,FMN GV 03 Hove
46,Statielei 16,2018-11-01,05:00:00,14,3,11,FMN GV 03 Hove
46,Statielei 16,2018-11-01,06:00:00,10,5,5,FMN GV 03 Hove
46,Statielei 16,2018-11-01,07:00:00,14,8,6,FMN GV 03 Hove
46,Statielei 16,2018-11-01,08:00:00,19,10,9,FMN GV 03 Hove
46,Statielei 16,2018-11-01,09:00:00,30,14,16,FMN GV 03 Hove
46,Statielei 16,2018-11-01,10:00:00,55,24,31,FMN GV 03 Hove
46,Statielei 16,2018-11-01,11:00:00,61,32,29,FMN GV 03 Hove
46,Statielei 16,2018-11-01,12:00:00,52,31,21,FMN GV 03 Hove
46,Statielei 16,2018-11-01,13:00:00,45,26,19,FMN GV 03 Hove
46,Statielei 16,2018-11-01,14:00:00,28,14,14,FMN GV 03 Hove
46,Statielei 16,2018-11-01,15:00:00,25,7,18,FMN GV 03 Hove
46,Statielei 16,2018-11-01,16:00:00,25,9,16,FMN GV 03 Hove
46,Statielei 16,2018-11-01,17:00:00,22,14,8,FMN GV 03 Hove
46,Statielei 16,2018-11-01,18:00:00,21,9,12,FMN GV 03 Hove
46,Statielei 16,2018-11-01,19:00:00,13,1,12,FMN GV 03 Hove
46,Statielei 16,2018-11-01,20:00:00,9,6,3,FMN GV 03 Hove
46,Statielei 16,2018-11-01,21:00:00,11,7,4,FMN GV 03 Hove
46,Statielei 16,2018-11-01,22:00:00,9,3,6,FMN GV 03 Hove
46,Statielei 16,2018-11-01,23:00:00,5,3,2,FMN GV 03 Hove
46,Statielei 16,2018-11-02,00:00:00,3,0,3,FMN GV 03 Hove
46,Statielei 16,2018-11-02,01:00:00,3,1,2,FMN GV 03 Hove
46,Statielei 16,2018-11-02,02:00:00,3,3,0,FMN GV 03 Hove
46,Statielei 16,2018-11-02,03:00:00,3,0,3,FMN GV 03 Hove
46,Statielei 16,2018-11-02,04:00:00,5,4,1,FMN GV 03 Hove
46,Statielei 16,2018-11-02,05:00:00,5,4,1,FMN GV 03 Hove
46,Statielei 16,2018-11-02,06:00:00,14,11,3,FMN GV 03 Hove
46,Statielei 16,2018-11-02,07:00:00,48,35,13,FMN GV 03 Hove
46,Statielei 16,2018-11-02,08:00:00,61,34,27,FMN GV 03 Hove
46,Statielei 16,2018-11-02,09:00:00,38,19,19,FMN GV 03 Hove
46,Statielei 16,2018-11-02,10:00:00,49,25,24,FMN GV 03 Hove
46,Statielei 16,2018-11-02,11:00:00,51,16,35,FMN GV 03 Hove
46,Statielei 16,2018-11-02,12:00:00,66,32,34,FMN GV 03 Hove
46,Statielei 16,2018-11-02,13:00:00,71,43,28,FMN GV 03 Hove
46,Statielei 16,2018-11-02,14:00:00,101,55,46,FMN GV 03 Hove
46,Statielei 16,2018-11-02,15:00:00,82,43,39,FMN GV 03 Hove
46,Statielei 16,2018-11-02,16:00:00,61,29,32,FMN GV 03 Hove
46,Statielei 16,2018-11-02,17:00:00,75,30,45,FMN GV 03 Hove
46,Statielei 16,2018-11-02,18:00:00,54,26,28,FMN GV 03 Hove
46,Statielei 16,2018-11-02,19:00:00,38,20,18,FMN GV 03 Hove
46,Statielei 16,2018-11-02,20:00:00,36,22,14,FMN GV 03 Hove
46,Statielei 16,2018-11-02,21:00:00,13,6,7,FMN GV 03 Hove
46,Statielei 16,2018-11-02,22:00:00,20,10,10,FMN GV 03 Hove
46,Statielei 16,2018-11-02,23:00:00,15,5,10,FMN GV 03 Hove
46,Statielei 16,2018-11-03,00:00:00,19,10,9,FMN GV 03 Hove
46,Statielei 16,2018-11-03,01:00:00,10,2,8,FMN GV 03 Hove
46,Statielei 16,2018-11-03,02:00:00,13,9,4,FMN GV 03 Hove
46,Statielei 16,2018-11-03,03:00:00,7,2,5,FMN GV 03 Hove
46,Statielei 16,2018-11-03,04:00:00,6,3,3,FMN GV 03 Hove
46,Statielei 16,2018-11-03,05:00:00,4,3,1,FMN GV 03 Hove
46,Statielei 16,2018-11-03,06:00:00,11,5,6,FMN GV 03 Hove
46,Statielei 16,2018-11-03,07:00:00,7,5,2,FMN GV 03 Hove
46,Statielei 16,2018-11-03,08:00:00,13,7,6,FMN GV 03 Hove
46,Statielei 16,2018-11-03,09:00:00,42,20,22,FMN GV 03 Hove
46,Statielei 16,2018-11-03,10:00:00,51,26,25,FMN GV 03 Hove
46,Statielei 16,2018-11-03,11:00:00,62,35,27,FMN GV 03 Hove
46,Statielei 16,2018-11-03,12:00:00,95,45,50,FMN GV 03 Hove
46,Statielei 16,2018-11-03,13:00:00,72,33,39,FMN GV 03 Hove
46,Statielei 16,2018-11-03,14:00:00,96,39,57,FMN GV 03 Hove
46,Statielei 16,2018-11-03,15:00:00,96,50,46,FMN GV 03 Hove
46,Statielei 16,2018-11-03,16:00:00,72,40,32,FMN GV 03 Hove
46,Statielei 16,2018-11-03,17:00:00,47,26,21,FMN GV 03 Hove
46,Statielei 16,2018-11-03,18:00:00,29,12,17,FMN GV 03 Hove
46,Statielei 16,2018-11-03,19:00:00,28,17,11,FMN GV 03 Hove
46,Statielei 16,2018-11-03,20:00:00,20,8,12,FMN GV 03 Hove
46,Statielei 16,2018-11-03,21:00:00,18,8,10,FMN GV 03 Hove
46,Statielei 16,2018-11-03,22:00:00,12,7,5,FMN GV 03 Hove
46,Statielei 16,2018-11-03,23:00:00,8,2,6,FMN GV 03 Hove
46,Statielei 16,2018-11-04,00:00:00,9,4,5,FMN GV 03 Hove
46,Statielei 16,2018-11-04,01:00:00,13,5,8,FMN GV 03 Hove
46,Statielei 16,2018-11-04,02:00:00,8,1,7,FMN GV 03 Hove
46,Statielei 16,2018-11-04,03:00:00,3,1,2,FMN GV 03 Hove
46,Statielei 16,2018-11-04,04:00:00,6,3,3,FMN GV 03 Hove
46,Statielei 16,2018-11-04,05:00:00,7,5,2,FMN GV 03 Hove
46,Statielei 16,2018-11-04,06:00:00,15,5,10,FMN GV 03 Hove
46,Statielei 16,2018-11-04,07:00:00,5,1,4,FMN GV 03 Hove
46,Statielei 16,2018-11-04,08:00:00,15,8,7,FMN GV 03 Hove
46,Statielei 16,2018-11-04,09:00:00,53,24,29,FMN GV 03 Hove
46,Statielei 16,2018-11-04,10:00:00,81,36,45,FMN GV 03 Hove
46,Statielei 16,2018-11-04,11:00:00,122,77,45,FMN GV 03 Hove
46,Statielei 16,2018-11-04,12:00:00,137,69,68,FMN GV 03 Hove
46,Statielei 16,2018-11-04,13:00:00,87,51,36,FMN GV 03 Hove
46,Statielei 16,2018-11-04,14:00:00,151,92,59,FMN GV 03 Hove
46,Statielei 16,2018-11-04,15:00:00,77,37,40,FMN GV 03 Hove
46,Statielei 16,2018-11-04,16:00:00,79,42,37,FMN GV 03 Hove
46,Statielei 16,2018-11-04,17:00:00,56,26,30,FMN GV 03 Hove
46,Statielei 16,2018-11-04,18:00:00,26,17,9,FMN GV 03 Hove
46,Statielei 16,2018-11-04,19:00:00,24,10,14,FMN GV 03 Hove
46,Statielei 16,2018-11-04,20:00:00,22,13,9,FMN GV 03 Hove
46,Statielei 16,2018-11-04,21:00:00,15,7,8,FMN GV 03 Hove
46,Statielei 16,2018-11-04,22:00:00,10,3,7,FMN GV 03 Hove
46,Statielei 16,2018-11-04,23:00:00,1,0,1,FMN GV 03 Hove
46,Statielei 16,2018-11-05,00:00:00,4,0,4,FMN GV 03 Hove
46,Statielei 16,2018-11-05,01:00:00,1,0,1,FMN GV 03 Hove
46,Statielei 16,2018-11-05,02:00:00,1,1,0,FMN GV 03 Hove
46,Statielei 16,2018-11-05,03:00:00,0,0,0,FMN GV 03 Hove
46,Statielei 16,2018-11-05,04:00:00,7,5,2,FMN GV 03 Hove
46,Statielei 16,2018-11-05,05:00:00,28,14,14,FMN GV 03 Hove
46,Statielei 16,2018-11-05,06:00:00,83,64,19,FMN GV 03 Hove
46,Statielei 16,2018-11-05,07:00:00,284,210,74,FMN GV 03 Hove
46,Statielei 16,2018-11-05,08:00:00,329,248,81,FMN GV 03 Hove
46,Statielei 16,2018-11-05,09:00:00,85,63,22,FMN GV 03 Hove
46,Statielei 16,2018-11-05,10:00:00,54,32,22,FMN GV 03 Hove
46,Statielei 16,2018-11-05,11:00:00,60,37,23,FMN GV 03 Hove
46,Statielei 16,2018-11-05,12:00:00,87,49,38,FMN GV 03 Hove
46,Statielei 16,2018-11-05,13:00:00,107,49,58,FMN GV 03 Hove
46,Statielei 16,2018-11-05,14:00:00,93,43,50,FMN GV 03 Hove
46,Statielei 16,2018-11-05,15:00:00,135,51,84,FMN GV 03 Hove
46,Statielei 16,2018-11-05,16:00:00,218,60,158,FMN GV 03 Hove
46,Statielei 16,2018-11-05,17:00:00,302,85,217,FMN GV 03 Hove
46,Statielei 16,2018-11-05,18:00:00,158,38,120,FMN GV 03 Hove
46,Statielei 16,2018-11-05,19:00:00,41,16,25,FMN GV 03 Hove
46,Statielei 16,2018-11-05,20:00:00,30,13,17,FMN GV 03 Hove
46,Statielei 16,2018-11-05,21:00:00,26,6,20,FMN GV 03 Hove
46,Statielei 16,2018-11-05,22:00:00,27,9,18,FMN GV 03 Hove
46,Statielei 16,2018-11-05,23:00:00,7,3,4,FMN GV 03 Hove
46,Statielei 16,2018-11-06,00:00:00,2,1,1,FMN GV 03 Hove
46,Statielei 16,2018-11-06,01:00:00,4,0,4,FMN GV 03 Hove
46,Statielei 16,2018-11-06,02:00:00,1,1,0,FMN GV 03 Hove
46,Statielei 16,2018-11-06,03:00:00,1,1,0,FMN GV 03 Hove
46,Statielei 16,2018-11-06,04:00:00,6,5,1,FMN GV 03 Hove
46,Statielei 16,2018-11-06,05:00:00,25,10,15,FMN GV 03 Hove
46,Statielei 16,2018-11-06,06:00:00,92,67,25,FMN GV 03 Hove
46,Statielei 16,2018-11-06,07:00:00,309,230,79,FMN GV 03 Hove
46,Statielei 16,2018-11-06,08:00:00,361,286,75,FMN GV 03 Hove
46,Statielei 16,2018-11-06,09:00:00,111,74,37,FMN GV 03 Hove
46,Statielei 16,2018-11-06,10:00:00,82,42,40,FMN GV 03 Hove
46,Statielei 16,2018-11-06,11:00:00,76,44,32,FMN GV 03 Hove
46,Statielei 16,2018-11-06,12:00:00,130,68,62,FMN GV 03 Hove
46,Statielei 16,2018-11-06,13:00:00,141,67,74,FMN GV 03 Hove
46,Statielei 16,2018-11-06,14:00:00,141,76,65,FMN GV 03 Hove
46,Statielei 16,2018-11-06,15:00:00,158,51,107,FMN GV 03 Hove
46,Statielei 16,2018-11-06,16:00:00,285,87,198,FMN GV 03 Hove
46,Statielei 16,2018-11-06,17:00:00,275,89,186,FMN GV 03 Hove
46,Statielei 16,2018-11-06,18:00:00,191,68,123,FMN GV 03 Hove
46,Statielei 16,2018-11-06,19:00:00,57,19,38,FMN GV 03 Hove
46,Statielei 16,2018-11-06,20:00:00,31,10,21,FMN GV 03 Hove
46,Statielei 16,2018-11-06,21:00:00,37,20,17,FMN GV 03 Hove
46,Statielei 16,2018-11-06,22:00:00,40,15,25,FMN GV 03 Hove
46,Statielei 16,2018-11-06,23:00:00,9,2,7,FMN GV 03 Hove
46,Statielei 16,2018-11-07,00:00:00,3,1,2,FMN GV 03 Hove
46,Statielei 16,2018-11-07,01:00:00,2,0,2,FMN GV 03 Hove
46,Statielei 16,2018-11-07,02:00:00,1,1,0,FMN GV 03 Hove
46,Statielei 16,2018-11-07,03:00:00,2,0,2,FMN GV 03 Hove
46,Statielei 16,2018-11-07,04:00:00,8,5,3,FMN GV 03 Hove
46,Statielei 16,2018-11-07,05:00:00,26,15,11,FMN GV 03 Hove
46,Statielei 16,2018-11-07,06:00:00,77,59,18,FMN GV 03 Hove
46,Statielei 16,2018-11-07,07:00:00,240,179,61,FMN GV 03 Hove
46,Statielei 16,2018-11-07,08:00:00,307,224,83,FMN GV 03 Hove
46,Statielei 16,2018-11-07,09:00:00,114,83,31,FMN GV 03 Hove
46,Statielei 16,2018-11-07,10:00:00,69,40,29,FMN GV 03 Hove
46,Statielei 16,2018-11-07,11:00:00,64,32,32,FMN GV 03 Hove
46,Statielei 16,2018-11-07,12:00:00,138,50,88,FMN GV 03 Hove
46,Statielei 16,2018-11-07,13:00:00,105,47,58,FMN GV 03 Hove
46,Statielei 16,2018-11-07,14:00:00,48,15,33,FMN GV 03 Hove
46,Statielei 16,2018-11-07,15:00:00,74,23,51,FMN GV 03 Hove
46,Statielei 16,2018-11-07,16:00:00,129,32,97,FMN GV 03 Hove
46,Statielei 16,2018-11-07,17:00:00,193,50,143,FMN GV 03 Hove
46,Statielei 16,2018-11-07,18:00:00,122,46,76,FMN GV 03 Hove
46,Statielei 16,2018-11-07,19:00:00,54,22,32,FMN GV 03 Hove
46,Statielei 16,2018-11-07,20:00:00,33,19,14,FMN GV 03 Hove
46,Statielei 16,2018-11-07,21:00:00,26,8,18,FMN GV 03 Hove
46,Statielei 16,2018-11-07,22:00:00,31,10,21,FMN GV 03 Hove
46,Statielei 16,2018-11-07,23:00:00,10,4,6,FMN GV 03 Hove
46,Statielei 16,2018-11-08,00:00:00,4,3,1,FMN GV 03 Hove
46,Statielei 16,2018-11-08,01:00:00,1,0,1,FMN GV 03 Hove
46,Statielei 16,2018-11-08,02:00:00,2,2,0,FMN GV 03 Hove
46,Statielei 16,2018-11-08,03:00:00,1,1,0,FMN GV 03 Hove
46,Statielei 16,2018-11-08,04:00:00,7,5,2,FMN GV 03 Hove
46,Statielei 16,2018-11-08,05:00:00,28,15,13,FMN GV 03 Hove
46,Statielei 16,2018-11-08,06:00:00,88,63,25,FMN GV 03 Hove
46,Statielei 16,2018-11-08,07:00:00,258,193,65,FMN GV 03 Hove
46,Statielei 16,2018-11-08,08:00:00,332,253,79,FMN GV 03 Hove
46,Statielei 16,2018-11-08,09:00:00,77,50,27,FMN GV 03 Hove
46,Statielei 16,2018-11-08,10:00:00,79,46,33,FMN GV 03 Hove
46,Statielei 16,2018-11-08,11:00:00,75,32,43,FMN GV 03 Hove
46,Statielei 16,2018-11-08,12:00:00,109,62,47,FMN GV 03 Hove
46,Statielei 16,2018-11-08,13:00:00,101,57,44,FMN GV 03 Hove
46,Statielei 16,2018-11-08,14:00:00,101,49,52,FMN GV 03 Hove
46,Statielei 16,2018-11-08,15:00:00,137,53,84,FMN GV 03 Hove
46,Statielei 16,2018-11-08,16:00:00,254,70,184,FMN GV 03 Hove
46,Statielei 16,2018-11-08,17:00:00,266,65,201,FMN GV 03 Hove
46,Statielei 16,2018-11-08,18:00:00,146,54,92,FMN GV 03 Hove
46,Statielei 16,2018-11-08,19:00:00,65,27,38,FMN GV 03 Hove
46,Statielei 16,2018-11-08,20:00:00,43,19,24,FMN GV 03 Hove
46,Statielei 16,2018-11-08,21:00:00,47,18,29,FMN GV 03 Hove
46,Statielei 16,2018-11-08,22:00:00,40,17,23,FMN GV 03 Hove
46,Statielei 16,2018-11-08,23:00:00,24,8,16,FMN GV 03 Hove
46,Statielei 16,2018-11-09,00:00:00,14,7,7,FMN GV 03 Hove
46,Statielei 16,2018-11-09,01:00:00,1,0,1,FMN GV 03 Hove
46,Statielei 16,2018-11-09,02:00:00,3,1,2,FMN GV 03 Hove
46,Statielei 16,2018-11-09,03:00:00,2,0,2,FMN GV 03 Hove
46,Statielei 16,2018-11-09,04:00:00,7,5,2,FMN GV 03 Hove
46,Statielei 16,2018-11-09,05:00:00,21,9,12,FMN GV 03 Hove
46,Statielei 16,2018-11-09,06:00:00,79,58,21,FMN GV 03 Hove
46,Statielei 16,2018-11-09,07:00:00,235,174,61,FMN GV 03 Hove
46,Statielei 16,2018-11-09,08:00:00,294,227,67,FMN GV 03 Hove
46,Statielei 16,2018-11-09,09:00:00,98,68,30,FMN GV 03 Hove
46,Statielei 16,2018-11-09,10:00:00,78,54,24,FMN GV 03 Hove
46,Statielei 16,2018-11-09,11:00:00,64,34,30,FMN GV 03 Hove
46,Statielei 16,2018-11-09,12:00:00,89,36,53,FMN GV 03 Hove
46,Statielei 16,2018-11-09,13:00:00,98,50,48,FMN GV 03 Hove
46,Statielei 16,2018-11-09,14:00:00,94,49,45,FMN GV 03 Hove
46,Statielei 16,2018-11-09,15:00:00,159,52,107,FMN GV 03 Hove
46,Statielei 16,2018-11-09,16:00:00,209,79,130,FMN GV 03 Hove
46,Statielei 16,2018-11-09,17:00:00,235,78,157,FMN GV 03 Hove
46,Statielei 16,2018-11-09,18:00:00,113,45,68,FMN GV 03 Hove
46,Statielei 16,2018-11-09,19:00:00,53,31,22,FMN GV 03 Hove
46,Statielei 16,2018-11-09,20:00:00,34,20,14,FMN GV 03 Hove
46,Statielei 16,2018-11-09,21:00:00,28,19,9,FMN GV 03 Hove
46,Statielei 16,2018-11-09,22:00:00,25,12,13,FMN GV 03 Hove
46,Statielei 16,2018-11-09,23:00:00,15,2,13,FMN GV 03 Hove
46,Statielei 16,2018-11-10,00:00:00,13,6,7,FMN GV 03 Hove
46,Statielei 16,2018-11-10,01:00:00,5,2,3,FMN GV 03 Hove
46,Statielei 16,2018-11-10,02:00:00,6,3,3,FMN GV 03 Hove
46,Statielei 16,2018-11-10,03:00:00,4,1,3,FMN GV 03 Hove
46,Statielei 16,2018-11-10,04:00:00,7,6,1,FMN GV 03 Hove
46,Statielei 16,2018-11-10,05:00:00,10,8,2,FMN GV 03 Hove
46,Statielei 16,2018-11-10,06:00:00,8,4,4,FMN GV 03 Hove
46,Statielei 16,2018-11-10,07:00:00,11,7,4,FMN GV 03 Hove
46,Statielei 16,2018-11-10,08:00:00,14,9,5,FMN GV 03 Hove
46,Statielei 16,2018-11-10,09:00:00,29,12,17,FMN GV 03 Hove
46,Statielei 16,2018-11-10,10:00:00,47,22,25,FMN GV 03 Hove
46,Statielei 16,2018-11-10,11:00:00,69,38,31,FMN GV 03 Hove
46,Statielei 16,2018-11-10,12:00:00,55,26,29,FMN GV 03 Hove
46,Statielei 16,2018-11-10,13:00:00,74,43,31,FMN GV 03 Hove
46,Statielei 16,2018-11-10,14:00:00,71,36,35,FMN GV 03 Hove
46,Statielei 16,2018-11-10,15:00:00,73,35,38,FMN GV 03 Hove
46,Statielei 16,2018-11-10,16:00:00,54,23,31,FMN GV 03 Hove
46,Statielei 16,2018-11-10,17:00:00,50,28,22,FMN GV 03 Hove
46,Statielei 16,2018-11-10,18:00:00,40,24,16,FMN GV 03 Hove
46,Statielei 16,2018-11-10,19:00:00,36,20,16,FMN GV 03 Hove
46,Statielei 16,2018-11-10,20:00:00,21,13,8,FMN GV 03 Hove
46,Statielei 16,2018-11-10,21:00:00,13,8,5,FMN GV 03 Hove
46,Statielei 16,2018-11-10,22:00:00,20,4,16,FMN GV 03 Hove
46,Statielei 16,2018-11-10,23:00:00,12,3,9,FMN GV 03 Hove
46,Statielei 16,2018-11-11,00:00:00,7,2,5,FMN GV 03 Hove
46,Statielei 16,2018-11-11,01:00:00,13,5,8,FMN GV 03 Hove
46,Statielei 16,2018-11-11,02:00:00,3,0,3,FMN GV 03 Hove
46,Statielei 16,2018-11-11,03:00:00,2,0,2,FMN GV 03 Hove
46,Statielei 16,2018-11-11,04:00:00,1,0,1,FMN GV 03 Hove
46,Statielei 16,2018-11-11,05:00:00,2,1,1,FMN GV 03 Hove
46,Statielei 16,2018-11-11,06:00:00,7,5,2,FMN GV 03 Hove
46,Statielei 16,2018-11-11,07:00:00,10,4,6,FMN GV 03 Hove
46,Statielei 16,2018-11-11,08:00:00,12,2,10,FMN GV 03 Hove
46,Statielei 16,2018-11-11,09:00:00,43,21,22,FMN GV 03 Hove
46,Statielei 16,2018-11-11,10:00:00,48,25,23,FMN GV 03 Hove
46,Statielei 16,2018-11-11,11:00:00,72,44,28,FMN GV 03 Hove
46,Statielei 16,2018-11-11,12:00:00,55,34,21,FMN GV 03 Hove
46,Statielei 16,2018-11-11,13:00:00,68,35,33,FMN GV 03 Hove
46,Statielei 16,2018-11-11,14:00:00,68,38,30,FMN GV 03 Hove
46,Statielei 16,2018-11-11,15:00:00,72,37,35,FMN GV 03 Hove
46,Statielei 16,2018-11-11,16:00:00,55,27,28,FMN GV 03 Hove
46,Statielei 16,2018-11-11,17:00:00,45,26,19,FMN GV 03 Hove
46,Statielei 16,2018-11-11,18:00:00,41,27,14,FMN GV 03 Hove
46,Statielei 16,2018-11-11,19:00:00,26,13,13,FMN GV 03 Hove
46,Statielei 16,2018-11-11,20:00:00,20,9,11,FMN GV 03 Hove
46,Statielei 16,2018-11-11,21:00:00,16,6,10,FMN GV 03 Hove
46,Statielei 16,2018-11-11,22:00:00,16,6,10,FMN GV 03 Hove
46,Statielei 16,2018-11-11,23:00:00,2,0,2,FMN GV 03 Hove
46,Statielei 16,2018-11-12,00:00:00,2,1,1,FMN GV 03 Hove
46,Statielei 16,2018-11-12,01:00:00,2,0,2,FMN GV 03 Hove
46,Statielei 16,2018-11-12,02:00:00,2,1,1,FMN GV 03 Hove
46,Statielei 16,2018-11-12,03:00:00,0,0,0,FMN GV 03 Hove
46,Statielei 16,2018-11-12,04:00:00,2,2,0,FMN GV 03 Hove
46,Statielei 16,2018-11-12,05:00:00,18,10,8,FMN GV 03 Hove
46,Statielei 16,2018-11-12,06:00:00,64,47,17,FMN GV 03 Hove
46,Statielei 16,2018-11-12,07:00:00,159,121,38,FMN GV 03 Hove
46,Statielei 16,2018-11-12,08:00:00,184,154,30,FMN GV 03 Hove
46,Statielei 16,2018-11-12,09:00:00,50,35,15,FMN GV 03 Hove
46,Statielei 16,2018-11-12,10:00:00,31,21,10,FMN GV 03 Hove
46,Statielei 16,2018-11-12,11:00:00,41,21,20,FMN GV 03 Hove
46,Statielei 16,2018-11-12,12:00:00,60,33,27,FMN GV 03 Hove
46,Statielei 16,2018-11-12,13:00:00,63,32,31,FMN GV 03 Hove
46,Statielei 16,2018-11-12,14:00:00,60,41,19,FMN GV 03 Hove
46,Statielei 16,2018-11-12,15:00:00,81,35,46,FMN GV 03 Hove
46,Statielei 16,2018-11-12,16:00:00,153,46,107,FMN GV 03 Hove
46,Statielei 16,2018-11-12,17:00:00,169,48,121,FMN GV 03 Hove
46,Statielei 16,2018-11-12,18:00:00,109,37,72,FMN GV 03 Hove
46,Statielei 16,2018-11-12,19:00:00,45,19,26,FMN GV 03 Hove
46,Statielei 16,2018-11-12,20:00:00,38,19,19,FMN GV 03 Hove
46,Statielei 16,2018-11-12,21:00:00,24,12,12,FMN GV 03 Hove
46,Statielei 16,2018-11-12,22:00:00,25,15,10,FMN GV 03 Hove
46,Statielei 16,2018-11-12,23:00:00,10,2,8,FMN GV 03 Hove
46,Statielei 16,2018-11-13,00:00:00,5,3,2,FMN GV 03 Hove
46,Statielei 16,2018-11-13,01:00:00,3,2,1,FMN GV 03 Hove
46,Statielei 16,2018-11-13,02:00:00,4,2,2,FMN GV 03 Hove
46,Statielei 16,2018-11-13,03:00:00,1,1,0,FMN GV 03 Hove
46,Statielei 16,2018-11-13,04:00:00,9,8,1,FMN GV 03 Hove
46,Statielei 16,2018-11-13,05:00:00,30,20,10,FMN GV 03 Hove
46,Statielei 16,2018-11-13,06:00:00,80,64,16,FMN GV 03 Hove
46,Statielei 16,2018-11-13,07:00:00,273,215,58,FMN GV 03 Hove
46,Statielei 16,2018-11-13,08:00:00,309,248,61,FMN GV 03 Hove
46,Statielei 16,2018-11-13,09:00:00,91,66,25,FMN GV 03 Hove
46,Statielei 16,2018-11-13,10:00:00,66,37,29,FMN GV 03 Hove
46,Statielei 16,2018-11-13,11:00:00,68,38,30,FMN GV 03 Hove
46,Statielei 16,2018-11-13,12:00:00,89,47,42,FMN GV 03 Hove
46,Statielei 16,2018-11-13,13:00:00,85,51,34,FMN GV 03 Hove
46,Statielei 16,2018-11-13,14:00:00,94,46,48,FMN GV 03 Hove
46,Statielei 16,2018-11-13,15:00:00,116,47,69,FMN GV 03 Hove
46,Statielei 16,2018-11-13,16:00:00,217,54,163,FMN GV 03 Hove
46,Statielei 16,2018-11-13,17:00:00,262,78,184,FMN GV 03 Hove
46,Statielei 16,2018-11-13,18:00:00,178,63,115,FMN GV 03 Hove
46,Statielei 16,2018-11-13,19:00:00,84,37,47,FMN GV 03 Hove
46,Statielei 16,2018-11-13,20:00:00,73,40,33,FMN GV 03 Hove
46,Statielei 16,2018-11-13,21:00:00,35,19,16,FMN GV 03 Hove
46,Statielei 16,2018-11-13,22:00:00,40,18,22,FMN GV 03 Hove
46,Statielei 16,2018-11-13,23:00:00,14,5,9,FMN GV 03 Hove
46,Statielei 16,2018-11-14,00:00:00,13,2,11,FMN GV 03 Hove
46,Statielei 16,2018-11-14,01:00:00,4,1,3,FMN GV 03 Hove
46,Statielei 16,2018-11-14,02:00:00,2,0,2,FMN GV 03 Hove
46,Statielei 16,2018-11-14,03:00:00,2,1,1,FMN GV 03 Hove
46,Statielei 16,2018-11-14,04:00:00,12,5,7,FMN GV 03 Hove
46,Statielei 16,2018-11-14,05:00:00,30,17,13,FMN GV 03 Hove
46,Statielei 16,2018-11-14,06:00:00,77,63,14,FMN GV 03 Hove
46,Statielei 16,2018-11-14,07:00:00,258,201,57,FMN GV 03 Hove
46,Statielei 16,2018-11-14,08:00:00,277,211,66,FMN GV 03 Hove
46,Statielei 16,2018-11-14,09:00:00,107,79,28,FMN GV 03 Hove
46,Statielei 16,2018-11-14,10:00:00,115,72,43,FMN GV 03 Hove
46,Statielei 16,2018-11-14,11:00:00,112,60,52,FMN GV 03 Hove
46,Statielei 16,2018-11-14,12:00:00,158,70,88,FMN GV 03 Hove
46,Statielei 16,2018-11-14,13:00:00,121,56,65,FMN GV 03 Hove
46,Statielei 16,2018-11-14,14:00:00,105,52,53,FMN GV 03 Hove
46,Statielei 16,2018-11-14,15:00:00,115,45,70,FMN GV 03 Hove
46,Statielei 16,2018-11-14,16:00:00,184,66,118,FMN GV 03 Hove
46,Statielei 16,2018-11-14,17:00:00,233,75,158,FMN GV 03 Hove
46,Statielei 16,2018-11-14,18:00:00,162,57,105,FMN GV 03 Hove
46,Statielei 16,2018-11-14,19:00:00,91,44,47,FMN GV 03 Hove
46,Statielei 16,2018-11-14,20:00:00,46,28,18,FMN GV 03 Hove
46,Statielei 16,2018-11-14,21:00:00,40,24,16,FMN GV 03 Hove
46,Statielei 16,2018-11-14,22:00:00,29,19,10,FMN GV 03 Hove
46,Statielei 16,2018-11-14,23:00:00,18,7,11,FMN GV 03 Hove
46,Statielei 16,2018-11-15,00:00:00,2,2,0,FMN GV 03 Hove
46,Statielei 16,2018-11-15,01:00:00,6,1,5,FMN GV 03 Hove
46,Statielei 16,2018-11-15,02:00:00,4,1,3,FMN GV 03 Hove
46,Statielei 16,2018-11-15,03:00:00,1,0,1,FMN GV 03 Hove
46,Statielei 16,2018-11-15,04:00:00,11,4,7,FMN GV 03 Hove
46,Statielei 16,2018-11-15,05:00:00,24,10,14,FMN GV 03 Hove
46,Statielei 16,2018-11-15,06:00:00,78,55,23,FMN GV 03 Hove
46,Statielei 16,2018-11-15,07:00:00,280,221,59,FMN GV 03 Hove
46,Statielei 16,2018-11-15,08:00:00,318,238,80,FMN GV 03 Hove
46,Statielei 16,2018-11-15,09:00:00,86,57,29,FMN GV 03 Hove
46,Statielei 16,2018-11-15,10:00:00,73,45,28,FMN GV 03 Hove
46,Statielei 16,2018-11-15,11:00:00,70,45,25,FMN GV 03 Hove
46,Statielei 16,2018-11-15,12:00:00,91,53,38,FMN GV 03 Hove
46,Statielei 16,2018-11-15,13:00:00,133,62,71,FMN GV 03 Hove
46,Statielei 16,2018-11-15,14:00:00,120,70,50,FMN GV 03 Hove
46,Statielei 16,2018-11-15,15:00:00,167,71,96,FMN GV 03 Hove
46,Statielei 16,2018-11-15,16:00:00,239,80,159,FMN GV 03 Hove
46,Statielei 16,2018-11-15,17:00:00,290,107,183,FMN GV 03 Hove
46,Statielei 16,2018-11-15,18:00:00,143,52,91,FMN GV 03 Hove
46,Statielei 16,2018-11-15,19:00:00,68,27,41,FMN GV 03 Hove
46,Statielei 16,2018-11-15,20:00:00,40,16,24,FMN GV 03 Hove
46,Statielei 16,2018-11-15,21:00:00,30,14,16,FMN GV 03 Hove
46,Statielei 16,2018-11-15,22:00:00,39,12,27,FMN GV 03 Hove
46,Statielei 16,2018-11-15,23:00:00,21,8,13,FMN GV 03 Hove
46,Statielei 16,2018-11-16,00:00:00,15,3,12,FMN GV 03 Hove
46,Statielei 16,2018-11-16,01:00:00,2,0,2,FMN GV 03 Hove
46,Statielei 16,2018-11-16,02:00:00,1,1,0,FMN GV 03 Hove
46,Statielei 16,2018-11-16,03:00:00,2,0,2,FMN GV 03 Hove
46,Statielei 16,2018-11-16,04:00:00,9,4,5,FMN GV 03 Hove
46,Statielei 16,2018-11-16,05:00:00,22,11,11,FMN GV 03 Hove
46,Statielei 16,2018-11-16,06:00:00,68,45,23,FMN GV 03 Hove
46,Statielei 16,2018-11-16,07:00:00,228,173,55,FMN GV 03 Hove
46,Statielei 16,2018-11-16,08:00:00,276,210,66,FMN GV 03 Hove
46,Statielei 16,2018-11-16,09:00:00,77,51,26,FMN GV 03 Hove
46,Statielei 16,2018-11-16,10:00:00,50,23,27,FMN GV 03 Hove
46,Statielei 16,2018-11-16,11:00:00,48,26,22,FMN GV 03 Hove
46,Statielei 16,2018-11-16,12:00:00,66,28,38,FMN GV 03 Hove
46,Statielei 16,2018-11-16,13:00:00,71,27,44,FMN GV 03 Hove
46,Statielei 16,2018-11-16,14:00:00,66,28,38,FMN GV 03 Hove
46,Statielei 16,2018-11-16,15:00:00,116,35,81,FMN GV 03 Hove
46,Statielei 16,2018-11-16,16:00:00,199,63,136,FMN GV 03 Hove
46,Statielei 16,2018-11-16,17:00:00,182,53,129,FMN GV 03 Hove
46,Statielei 16,2018-11-16,18:00:00,111,30,81,FMN GV 03 Hove
46,Statielei 16,2018-11-16,19:00:00,44,21,23,FMN GV 03 Hove
46,Statielei 16,2018-11-16,20:00:00,45,24,21,FMN GV 03 Hove
46,Statielei 16,2018-11-16,21:00:00,29,16,13,FMN GV 03 Hove
46,Statielei 16,2018-11-16,22:00:00,28,9,19,FMN GV 03 Hove
46,Statielei 16,2018-11-16,23:00:00,16,8,8,FMN GV 03 Hove
46,Statielei 16,2018-11-17,00:00:00,28,13,15,FMN GV 03 Hove
46,Statielei 16,2018-11-17,01:00:00,13,1,12,FMN GV 03 Hove
46,Statielei 16,2018-11-17,02:00:00,11,1,10,FMN GV 03 Hove
46,Statielei 16,2018-11-17,03:00:00,3,1,2,FMN GV 03 Hove
46,Statielei 16,2018-11-17,04:00:00,6,2,4,FMN GV 03 Hove
46,Statielei 16,2018-11-17,05:00:00,5,3,2,FMN GV 03 Hove
46,Statielei 16,2018-11-17,06:00:00,9,5,4,FMN GV 03 Hove
46,Statielei 16,2018-11-17,07:00:00,9,2,7,FMN GV 03 Hove
46,Statielei 16,2018-11-17,08:00:00,41,25,16,FMN GV 03 Hove
46,Statielei 16,2018-11-17,09:00:00,38,19,19,FMN GV 03 Hove
46,Statielei 16,2018-11-17,10:00:00,49,23,26,FMN GV 03 Hove
46,Statielei 16,2018-11-17,11:00:00,69,35,34,FMN GV 03 Hove
46,Statielei 16,2018-11-17,12:00:00,79,46,33,FMN GV 03 Hove
46,Statielei 16,2018-11-17,13:00:00,84,48,36,FMN GV 03 Hove
46,Statielei 16,2018-11-17,14:00:00,82,42,40,FMN GV 03 Hove
46,Statielei 16,2018-11-17,15:00:00,90,44,46,FMN GV 03 Hove
46,Statielei 16,2018-11-17,16:00:00,63,35,28,FMN GV 03 Hove
46,Statielei 16,2018-11-17,17:00:00,75,40,35,FMN GV 03 Hove
46,Statielei 16,2018-11-17,18:00:00,59,34,25,FMN GV 03 Hove
46,Statielei 16,2018-11-17,19:00:00,47,33,14,FMN GV 03 Hove
46,Statielei 16,2018-11-17,20:00:00,15,9,6,FMN GV 03 Hove
46,Statielei 16,2018-11-17,21:00:00,17,11,6,FMN GV 03 Hove
46,Statielei 16,2018-11-17,22:00:00,25,10,15,FMN GV 03 Hove
46,Statielei 16,2018-11-17,23:00:00,27,7,20,FMN GV 03 Hove
46,Statielei 16,2018-11-18,00:00:00,27,11,16,FMN GV 03 Hove
46,Statielei 16,2018-11-18,01:00:00,15,7,8,FMN GV 03 Hove
46,Statielei 16,2018-11-18,02:00:00,7,2,5,FMN GV 03 Hove
46,Statielei 16,2018-11-18,03:00:00,9,2,7,FMN GV 03 Hove
46,Statielei 16,2018-11-18,04:00:00,5,1,4,FMN GV 03 Hove
46,Statielei 16,2018-11-18,05:00:00,5,2,3,FMN GV 03 Hove
46,Statielei 16,2018-11-18,06:00:00,6,2,4,FMN GV 03 Hove
46,Statielei 16,2018-11-18,07:00:00,8,3,5,FMN GV 03 Hove
46,Statielei 16,2018-11-18,08:00:00,26,11,15,FMN GV 03 Hove
46,Statielei 16,2018-11-18,09:00:00,42,22,20,FMN GV 03 Hove
46,Statielei 16,2018-11-18,10:00:00,77,45,32,FMN GV 03 Hove
46,Statielei 16,2018-11-18,11:00:00,77,41,36,FMN GV 03 Hove
46,Statielei 16,2018-11-18,12:00:00,67,36,31,FMN GV 03 Hove
46,Statielei 16,2018-11-18,13:00:00,68,45,23,FMN GV 03 Hove
46,Statielei 16,2018-11-18,14:00:00,96,49,47,FMN GV 03 Hove
46,Statielei 16,2018-11-18,15:00:00,75,39,36,FMN GV 03 Hove
46,Statielei 16,2018-11-18,16:00:00,78,44,34,FMN GV 03 Hove
46,Statielei 16,2018-11-18,17:00:00,37,22,15,FMN GV 03 Hove
46,Statielei 16,2018-11-18,18:00:00,18,13,5,FMN GV 03 Hove
46,Statielei 16,2018-11-18,19:00:00,21,10,11,FMN GV 03 Hove
46,Statielei 16,2018-11-18,20:00:00,17,10,7,FMN GV 03 Hove
46,Statielei 16,2018-11-18,21:00:00,16,6,10,FMN GV 03 Hove
46,Statielei 16,2018-11-18,22:00:00,10,2,8,FMN GV 03 Hove
46,Statielei 16,2018-11-18,23:00:00,8,5,3,FMN GV 03 Hove
46,Statielei 16,2018-11-19,00:00:00,6,4,2,FMN GV 03 Hove
46,Statielei 16,2018-11-19,01:00:00,1,0,1,FMN GV 03 Hove
46,Statielei 16,2018-11-19,02:00:00,1,1,0,FMN GV 03 Hove
46,Statielei 16,2018-11-19,03:00:00,1,1,0,FMN GV 03 Hove
46,Statielei 16,2018-11-19,04:00:00,5,5,0,FMN GV 03 Hove
46,Statielei 16,2018-11-19,05:00:00,30,15,15,FMN GV 03 Hove
46,Statielei 16,2018-11-19,06:00:00,62,49,13,FMN GV 03 Hove
46,Statielei 16,2018-11-19,07:00:00,228,172,56,FMN GV 03 Hove
46,Statielei 16,2018-11-19,08:00:00,278,213,65,FMN GV 03 Hove
46,Statielei 16,2018-11-19,09:00:00,68,51,17,FMN GV 03 Hove
46,Statielei 16,2018-11-19,10:00:00,36,22,14,FMN GV 03 Hove
46,Statielei 16,2018-11-19,11:00:00,48,22,26,FMN GV 03 Hove
46,Statielei 16,2018-11-19,12:00:00,52,25,27,FMN GV 03 Hove
46,Statielei 16,2018-11-19,13:00:00,47,27,20,FMN GV 03 Hove
46,Statielei 16,2018-11-19,14:00:00,46,15,31,FMN GV 03 Hove
46,Statielei 16,2018-11-19,15:00:00,82,32,50,FMN GV 03 Hove
46,Statielei 16,2018-11-19,16:00:00,188,59,129,FMN GV 03 Hove
46,Statielei 16,2018-11-19,17:00:00,205,61,144,FMN GV 03 Hove
46,Statielei 16,2018-11-19,18:00:00,114,33,81,FMN GV 03 Hove
46,Statielei 16,2018-11-19,19:00:00,41,11,30,FMN GV 03 Hove
46,Statielei 16,2018-11-19,20:00:00,19,11,8,FMN GV 03 Hove
46,Statielei 16,2018-11-19,21:00:00,23,9,14,FMN GV 03 Hove
46,Statielei 16,2018-11-19,22:00:00,15,5,10,FMN GV 03 Hove
46,Statielei 16,2018-11-19,23:00:00,8,0,8,FMN GV 03 Hove
46,Statielei 16,2018-11-20,00:00:00,3,0,3,FMN GV 03 Hove
46,Statielei 16,2018-11-20,01:00:00,2,0,2,FMN GV 03 Hove
46,Statielei 16,2018-11-20,02:00:00,1,1,0,FMN GV 03 Hove
46,Statielei 16,2018-11-20,03:00:00,0,0,0,FMN GV 03 Hove
46,Statielei 16,2018-11-20,04:00:00,6,6,0,FMN GV 03 Hove
46,Statielei 16,2018-11-20,05:00:00,22,15,7,FMN GV 03 Hove
46,Statielei 16,2018-11-20,06:00:00,71,57,14,FMN GV 03 Hove
46,Statielei 16,2018-11-20,07:00:00,236,180,56,FMN GV 03 Hove
46,Statielei 16,2018-11-20,08:00:00,293,225,68,FMN GV 03 Hove
46,Statielei 16,2018-11-20,09:00:00,66,46,20,FMN GV 03 Hove
46,Statielei 16,2018-11-20,10:00:00,53,25,28,FMN GV 03 Hove
46,Statielei 16,2018-11-20,11:00:00,43,28,15,FMN GV 03 Hove
46,Statielei 16,2018-11-20,12:00:00,50,23,27,FMN GV 03 Hove
46,Statielei 16,2018-11-20,13:00:00,56,42,14,FMN GV 03 Hove
46,Statielei 16,2018-11-20,14:00:00,50,14,36,FMN GV 03 Hove
46,Statielei 16,2018-11-20,15:00:00,79,22,57,FMN GV 03 Hove
46,Statielei 16,2018-11-20,16:00:00,181,36,145,FMN GV 03 Hove
46,Statielei 16,2018-11-20,17:00:00,210,66,144,FMN GV 03 Hove
46,Statielei 16,2018-11-20,18:00:00,135,44,91,FMN GV 03 Hove
46,Statielei 16,2018-11-20,19:00:00,56,19,37,FMN GV 03 Hove
46,Statielei 16,2018-11-20,20:00:00,31,20,11,FMN GV 03 Hove
46,Statielei 16,2018-11-20,21:00:00,27,12,15,FMN GV 03 Hove
46,Statielei 16,2018-11-20,22:00:00,28,10,18,FMN GV 03 Hove
46,Statielei 16,2018-11-20,23:00:00,7,1,6,FMN GV 03 Hove
46,Statielei 16,2018-11-21,00:00:00,3,1,2,FMN GV 03 Hove
46,Statielei 16,2018-11-21,01:00:00,0,0,0,FMN GV 03 Hove
46,Statielei 16,2018-11-21,02:00:00,3,1,2,FMN GV 03 Hove
46,Statielei 16,2018-11-21,03:00:00,2,0,2,FMN GV 03 Hove
46,Statielei 16,2018-11-21,04:00:00,6,4,2,FMN GV 03 Hove
46,Statielei 16,2018-11-21,05:00:00,16,6,10,FMN GV 03 Hove
46,Statielei 16,2018-11-21,06:00:00,77,64,13,FMN GV 03 Hove
46,Statielei 16,2018-11-21,07:00:00,208,165,43,FMN GV 03 Hove
46,Statielei 16,2018-11-21,08:00:00,285,215,70,FMN GV 03 Hove
46,Statielei 16,2018-11-21,09:00:00,79,56,23,FMN GV 03 Hove
46,Statielei 16,2018-11-21,10:00:00,76,55,21,FMN GV 03 Hove
46,Statielei 16,2018-11-21,11:00:00,79,38,41,FMN GV 03 Hove
46,Statielei 16,2018-11-21,12:00:00,134,56,78,FMN GV 03 Hove
46,Statielei 16,2018-11-21,13:00:00,107,49,58,FMN GV 03 Hove
46,Statielei 16,2018-11-21,14:00:00,68,29,39,FMN GV 03 Hove
46,Statielei 16,2018-11-21,15:00:00,88,35,53,FMN GV 03 Hove
46,Statielei 16,2018-11-21,16:00:00,137,43,94,FMN GV 03 Hove
46,Statielei 16,2018-11-21,17:00:00,197,70,127,FMN GV 03 Hove
46,Statielei 16,2018-11-21,18:00:00,110,41,69,FMN GV 03 Hove
46,Statielei 16,2018-11-21,19:00:00,53,23,30,FMN GV 03 Hove
46,Statielei 16,2018-11-21,20:00:00,42,22,20,FMN GV 03 Hove
46,Statielei 16,2018-11-21,21:00:00,24,7,17,FMN GV 03 Hove
46,Statielei 16,2018-11-21,22:00:00,26,6,20,FMN GV 03 Hove
46,Statielei 16,2018-11-21,23:00:00,20,12,8,FMN GV 03 Hove
46,Statielei 16,2018-11-22,00:00:00,5,4,1,FMN GV 03 Hove
46,Statielei 16,2018-11-22,01:00:00,2,1,1,FMN GV 03 Hove
46,Statielei 16,2018-11-22,02:00:00,2,1,1,FMN GV 03 Hove
46,Statielei 16,2018-11-22,03:00:00,0,0,0,FMN GV 03 Hove
46,Statielei 16,2018-11-22,04:00:00,9,7,2,FMN GV 03 Hove
46,Statielei 16,2018-11-22,05:00:00,22,9,13,FMN GV 03 Hove
46,Statielei 16,2018-11-22,06:00:00,70,50,20,FMN GV 03 Hove
46,Statielei 16,2018-11-22,07:00:00,221,165,56,FMN GV 03 Hove
46,Statielei 16,2018-11-22,08:00:00,318,239,79,FMN GV 03 Hove
46,Statielei 16,2018-11-22,09:00:00,86,60,26,FMN GV 03 Hove
46,Statielei 16,2018-11-22,10:00:00,44,28,16,FMN GV 03 Hove
46,Statielei 16,2018-11-22,11:00:00,57,32,25,FMN GV 03 Hove
46,Statielei 16,2018-11-22,12:00:00,57,27,30,FMN GV 03 Hove
46,Statielei 16,2018-11-22,13:00:00,73,46,27,FMN GV 03 Hove
46,Statielei 16,2018-11-22,14:00:00,75,32,43,FMN GV 03 Hove
46,Statielei 16,2018-11-22,15:00:00,100,42,58,FMN GV 03 Hove
46,Statielei 16,2018-11-22,16:00:00,217,55,162,FMN GV 03 Hove
46,Statielei 16,2018-11-22,17:00:00,223,73,150,FMN GV 03 Hove
46,Statielei 16,2018-11-22,18:00:00,112,35,77,FMN GV 03 Hove
46,Statielei 16,2018-11-22,19:00:00,59,19,40,FMN GV 03 Hove
46,Statielei 16,2018-11-22,20:00:00,35,15,20,FMN GV 03 Hove
46,Statielei 16,2018-11-22,21:00:00,30,14,16,FMN GV 03 Hove
46,Statielei 16,2018-11-22,22:00:00,39,18,21,FMN GV 03 Hove
46,Statielei 16,2018-11-22,23:00:00,12,6,6,FMN GV 03 Hove
46,Statielei 16,2018-11-23,00:00:00,6,3,3,FMN GV 03 Hove
46,Statielei 16,2018-11-23,01:00:00,5,0,5,FMN GV 03 Hove
46,Statielei 16,2018-11-23,02:00:00,2,2,0,FMN GV 03 Hove
46,Statielei 16,2018-11-23,03:00:00,1,1,0,FMN GV 03 Hove
46,Statielei 16,2018-11-23,04:00:00,8,5,3,FMN GV 03 Hove
46,Statielei 16,2018-11-23,05:00:00,17,9,8,FMN GV 03 Hove
46,Statielei 16,2018-11-23,06:00:00,39,27,12,FMN GV 03 Hove
46,Statielei 16,2018-11-23,07:00:00,169,139,30,FMN GV 03 Hove
46,Statielei 16,2018-11-23,08:00:00,268,189,79,FMN GV 03 Hove
46,Statielei 16,2018-11-23,09:00:00,74,48,26,FMN GV 03 Hove
46,Statielei 16,2018-11-23,10:00:00,47,28,19,FMN GV 03 Hove
46,Statielei 16,2018-11-23,11:00:00,55,34,21,FMN GV 03 Hove
46,Statielei 16,2018-11-23,12:00:00,79,42,37,FMN GV 03 Hove
46,Statielei 16,2018-11-23,13:00:00,74,37,37,FMN GV 03 Hove
46,Statielei 16,2018-11-23,14:00:00,100,42,58,FMN GV 03 Hove
46,Statielei 16,2018-11-23,15:00:00,140,62,78,FMN GV 03 Hove
46,Statielei 16,2018-11-23,16:00:00,184,69,115,FMN GV 03 Hove
46,Statielei 16,2018-11-23,17:00:00,177,55,122,FMN GV 03 Hove
46,Statielei 16,2018-11-23,18:00:00,85,33,52,FMN GV 03 Hove
46,Statielei 16,2018-11-23,19:00:00,45,17,28,FMN GV 03 Hove
46,Statielei 16,2018-11-23,20:00:00,34,16,18,FMN GV 03 Hove
46,Statielei 16,2018-11-23,21:00:00,22,13,9,FMN GV 03 Hove
46,Statielei 16,2018-11-23,22:00:00,23,12,11,FMN GV 03 Hove
46,Statielei 16,2018-11-23,23:00:00,16,4,12,FMN GV 03 Hove
46,Statielei 16,2018-11-24,00:00:00,7,3,4,FMN GV 03 Hove
46,Statielei 16,2018-11-24,01:00:00,16,4,12,FMN GV 03 Hove
46,Statielei 16,2018-11-24,02:00:00,2,2,0,FMN GV 03 Hove
46,Statielei 16,2018-11-24,03:00:00,10,3,7,FMN GV 03 Hove
46,Statielei 16,2018-11-24,04:00:00,6,2,4,FMN GV 03 Hove
46,Statielei 16,2018-11-24,05:00:00,8,3,5,FMN GV 03 Hove
46,Statielei 16,2018-11-24,06:00:00,8,5,3,FMN GV 03 Hove
46,Statielei 16,2018-11-24,07:00:00,8,4,4,FMN GV 03 Hove
46,Statielei 16,2018-11-24,08:00:00,20,8,12,FMN GV 03 Hove
46,Statielei 16,2018-11-24,09:00:00,33,18,15,FMN GV 03 Hove
46,Statielei 16,2018-11-24,10:00:00,43,24,19,FMN GV 03 Hove
46,Statielei 16,2018-11-24,11:00:00,41,20,21,FMN GV 03 Hove
46,Statielei 16,2018-11-24,12:00:00,45,27,18,FMN GV 03 Hove
46,Statielei 16,2018-11-24,13:00:00,57,30,27,FMN GV 03 Hove
46,Statielei 16,2018-11-24,14:00:00,56,30,26,FMN GV 03 Hove
46,Statielei 16,2018-11-24,15:00:00,38,19,19,FMN GV 03 Hove
46,Statielei 16,2018-11-24,16:00:00,36,14,22,FMN GV 03 Hove
46,Statielei 16,2018-11-24,17:00:00,31,16,15,FMN GV 03 Hove
46,Statielei 16,2018-11-24,18:00:00,14,8,6,FMN GV 03 Hove
46,Statielei 16,2018-11-24,19:00:00,24,13,11,FMN GV 03 Hove
46,Statielei 16,2018-11-24,20:00:00,21,9,12,FMN GV 03 Hove
46,Statielei 16,2018-11-24,21:00:00,6,5,1,FMN GV 03 Hove
46,Statielei 16,2018-11-24,22:00:00,17,8,9,FMN GV 03 Hove
46,Statielei 16,2018-11-24,23:00:00,16,5,11,FMN GV 03 Hove
46,Statielei 16,2018-11-25,00:00:00,11,4,7,FMN GV 03 Hove
46,Statielei 16,2018-11-25,01:00:00,10,4,6,FMN GV 03 Hove
46,Statielei 16,2018-11-25,02:00:00,13,7,6,FMN GV 03 Hove
46,Statielei 16,2018-11-25,03:00:00,3,1,2,FMN GV 03 Hove
46,Statielei 16,2018-11-25,04:00:00,5,2,3,FMN GV 03 Hove
46,Statielei 16,2018-11-25,05:00:00,5,2,3,FMN GV 03 Hove
46,Statielei 16,2018-11-25,06:00:00,8,5,3,FMN GV 03 Hove
46,Statielei 16,2018-11-25,07:00:00,7,3,4,FMN GV 03 Hove
46,Statielei 16,2018-11-25,08:00:00,17,8,9,FMN GV 03 Hove
46,Statielei 16,2018-11-25,09:00:00,34,10,24,FMN GV 03 Hove
46,Statielei 16,2018-11-25,10:00:00,43,18,25,FMN GV 03 Hove
46,Statielei 16,2018-11-25,11:00:00,67,39,28,FMN GV 03 Hove
46,Statielei 16,2018-11-25,12:00:00,60,40,20,FMN GV 03 Hove
46,Statielei 16,2018-11-25,13:00:00,48,25,23,FMN GV 03 Hove
46,Statielei 16,2018-11-25,14:00:00,40,16,24,FMN GV 03 Hove
46,Statielei 16,2018-11-25,15:00:00,42,24,18,FMN GV 03 Hove
46,Statielei 16,2018-11-25,16:00:00,50,23,27,FMN GV 03 Hove
46,Statielei 16,2018-11-25,17:00:00,32,15,17,FMN GV 03 Hove
46,Statielei 16,2018-11-25,18:00:00,13,9,4,FMN GV 03 Hove
46,Statielei 16,2018-11-25,19:00:00,13,5,8,FMN GV 03 Hove
46,Statielei 16,2018-11-25,20:00:00,14,8,6,FMN GV 03 Hove
46,Statielei 16,2018-11-25,21:00:00,14,8,6,FMN GV 03 Hove
46,Statielei 16,2018-11-25,22:00:00,7,3,4,FMN GV 03 Hove
46,Statielei 16,2018-11-25,23:00:00,4,3,1,FMN GV 03 Hove
46,Statielei 16,2018-11-26,00:00:00,3,1,2,FMN GV 03 Hove
46,Statielei 16,2018-11-26,01:00:00,2,1,1,FMN GV 03 Hove
46,Statielei 16,2018-11-26,02:00:00,1,0,1,FMN GV 03 Hove
46,Statielei 16,2018-11-26,03:00:00,1,0,1,FMN GV 03 Hove
46,Statielei 16,2018-11-26,04:00:00,5,3,2,FMN GV 03 Hove
46,Statielei 16,2018-11-26,05:00:00,17,6,11,FMN GV 03 Hove
46,Statielei 16,2018-11-26,06:00:00,61,55,6,FMN GV 03 Hove
46,Statielei 16,2018-11-26,07:00:00,218,170,48,FMN GV 03 Hove
46,Statielei 16,2018-11-26,08:00:00,223,169,54,FMN GV 03 Hove
46,Statielei 16,2018-11-26,09:00:00,53,43,10,FMN GV 03 Hove
46,Statielei 16,2018-11-26,10:00:00,24,14,10,FMN GV 03 Hove
46,Statielei 16,2018-11-26,11:00:00,20,11,9,FMN GV 03 Hove
46,Statielei 16,2018-11-26,12:00:00,35,17,18,FMN GV 03 Hove
46,Statielei 16,2018-11-26,13:00:00,30,13,17,FMN GV 03 Hove
46,Statielei 16,2018-11-26,14:00:00,38,15,23,FMN GV 03 Hove
46,Statielei 16,2018-11-26,15:00:00,86,30,56,FMN GV 03 Hove
46,Statielei 16,2018-11-26,16:00:00,155,46,109,FMN GV 03 Hove
46,Statielei 16,2018-11-26,17:00:00,182,49,133,FMN GV 03 Hove
46,Statielei 16,2018-11-26,18:00:00,94,32,62,FMN GV 03 Hove
46,Statielei 16,2018-11-26,19:00:00,45,15,30,FMN GV 03 Hove
46,Statielei 16,2018-11-26,20:00:00,16,5,11,FMN GV 03 Hove
46,Statielei 16,2018-11-26,21:00:00,22,7,15,FMN GV 03 Hove
46,Statielei 16,2018-11-26,22:00:00,13,3,10,FMN GV 03 Hove
46,Statielei 16,2018-11-26,23:00:00,6,2,4,FMN GV 03 Hove
46,Statielei 16,2018-11-27,00:00:00,3,1,2,FMN GV 03 Hove
46,Statielei 16,2018-11-27,01:00:00,3,0,3,FMN GV 03 Hove
46,Statielei 16,2018-11-27,02:00:00,3,3,0,FMN GV 03 Hove
46,Statielei 16,2018-11-27,03:00:00,2,1,1,FMN GV 03 Hove
46,Statielei 16,2018-11-27,04:00:00,5,2,3,FMN GV 03 Hove
46,Statielei 16,2018-11-27,05:00:00,24,11,13,FMN GV 03 Hove
46,Statielei 16,2018-11-27,06:00:00,74,61,13,FMN GV 03 Hove
46,Statielei 16,2018-11-27,07:00:00,241,179,62,FMN GV 03 Hove
46,Statielei 16,2018-11-27,08:00:00,289,230,59,FMN GV 03 Hove
46,Statielei 16,2018-11-27,09:00:00,69,51,18,FMN GV 03 Hove
46,Statielei 16,2018-11-27,10:00:00,51,31,20,FMN GV 03 Hove
46,Statielei 16,2018-11-27,11:00:00,41,24,17,FMN GV 03 Hove
46,Statielei 16,2018-11-27,12:00:00,65,43,22,FMN GV 03 Hove
46,Statielei 16,2018-11-27,13:00:00,66,37,29,FMN GV 03 Hove
46,Statielei 16,2018-11-27,14:00:00,60,25,35,FMN GV 03 Hove
46,Statielei 16,2018-11-27,15:00:00,93,38,55,FMN GV 03 Hove
46,Statielei 16,2018-11-27,16:00:00,200,47,153,FMN GV 03 Hove
46,Statielei 16,2018-11-27,17:00:00,190,59,131,FMN GV 03 Hove
46,Statielei 16,2018-11-27,18:00:00,146,51,95,FMN GV 03 Hove
46,Statielei 16,2018-11-27,19:00:00,61,30,31,FMN GV 03 Hove
46,Statielei 16,2018-11-27,20:00:00,19,9,10,FMN GV 03 Hove
46,Statielei 16,2018-11-27,21:00:00,30,11,19,FMN GV 03 Hove
46,Statielei 16,2018-11-27,22:00:00,29,15,14,FMN GV 03 Hove
46,Statielei 16,2018-11-27,23:00:00,13,4,9,FMN GV 03 Hove
46,Statielei 16,2018-11-28,00:00:00,6,3,3,FMN GV 03 Hove
46,Statielei 16,2018-11-28,01:00:00,3,1,2,FMN GV 03 Hove
46,Statielei 16,2018-11-28,02:00:00,0,0,0,FMN GV 03 Hove
46,Statielei 16,2018-11-28,03:00:00,1,1,0,FMN GV 03 Hove
46,Statielei 16,2018-11-28,04:00:00,6,4,2,FMN GV 03 Hove
46,Statielei 16,2018-11-28,05:00:00,17,11,6,FMN GV 03 Hove
46,Statielei 16,2018-11-28,06:00:00,56,45,11,FMN GV 03 Hove
46,Statielei 16,2018-11-28,07:00:00,216,164,52,FMN GV 03 Hove
46,Statielei 16,2018-11-28,08:00:00,235,183,52,FMN GV 03 Hove
46,Statielei 16,2018-11-28,09:00:00,63,39,24,FMN GV 03 Hove
46,Statielei 16,2018-11-28,10:00:00,37,20,17,FMN GV 03 Hove
46,Statielei 16,2018-11-28,11:00:00,44,19,25,FMN GV 03 Hove
46,Statielei 16,2018-11-28,12:00:00,114,53,61,FMN GV 03 Hove
46,Statielei 16,2018-11-28,13:00:00,64,23,41,FMN GV 03 Hove
46,Statielei 16,2018-11-28,14:00:00,37,18,19,FMN GV 03 Hove
46,Statielei 16,2018-11-28,15:00:00,45,17,28,FMN GV 03 Hove
46,Statielei 16,2018-11-28,16:00:00,113,37,76,FMN GV 03 Hove
46,Statielei 16,2018-11-28,17:00:00,155,51,104,FMN GV 03 Hove
46,Statielei 16,2018-11-28,18:00:00,79,21,58,FMN GV 03 Hove
46,Statielei 16,2018-11-28,19:00:00,36,19,17,FMN GV 03 Hove
46,Statielei 16,2018-11-28,20:00:00,35,19,16,FMN GV 03 Hove
46,Statielei 16,2018-11-28,21:00:00,18,8,10,FMN GV 03 Hove
46,Statielei 16,2018-11-28,22:00:00,19,7,12,FMN GV 03 Hove
46,Statielei 16,2018-11-28,23:00:00,6,3,3,FMN GV 03 Hove
46,Statielei 16,2018-11-29,00:00:00,8,1,7,FMN GV 03 Hove
46,Statielei 16,2018-11-29,01:00:00,3,1,2,FMN GV 03 Hove
46,Statielei 16,2018-11-29,02:00:00,3,2,1,FMN GV 03 Hove
46,Statielei 16,2018-11-29,03:00:00,1,0,1,FMN GV 03 Hove
46,Statielei 16,2018-11-29,04:00:00,4,3,1,FMN GV 03 Hove
46,Statielei 16,2018-11-29,05:00:00,22,16,6,FMN GV 03 Hove
46,Statielei 16,2018-11-29,06:00:00,60,47,13,FMN GV 03 Hove
46,Statielei 16,2018-11-29,07:00:00,204,164,40,FMN GV 03 Hove
46,Statielei 16,2018-11-29,08:00:00,270,216,54,FMN GV 03 Hove
46,Statielei 16,2018-11-29,09:00:00,68,51,17,FMN GV 03 Hove
46,Statielei 16,2018-11-29,10:00:00,22,14,8,FMN GV 03 Hove
46,Statielei 16,2018-11-29,11:00:00,25,14,11,FMN GV 03 Hove
46,Statielei 16,2018-11-29,12:00:00,42,16,26,FMN GV 03 Hove
46,Statielei 16,2018-11-29,13:00:00,55,33,22,FMN GV 03 Hove
46,Statielei 16,2018-11-29,14:00:00,45,13,32,FMN GV 03 Hove
46,Statielei 16,2018-11-29,15:00:00,95,26,69,FMN GV 03 Hove
46,Statielei 16,2018-11-29,16:00:00,180,55,125,FMN GV 03 Hove
46,Statielei 16,2018-11-29,17:00:00,201,57,144,FMN GV 03 Hove
46,Statielei 16,2018-11-29,18:00:00,117,43,74,FMN GV 03 Hove
46,Statielei 16,2018-11-29,19:00:00,49,22,27,FMN GV 03 Hove
46,Statielei 16,2018-11-29,20:00:00,30,14,16,FMN GV 03 Hove
46,Statielei 16,2018-11-29,21:00:00,18,7,11,FMN GV 03 Hove
46,Statielei 16,2018-11-29,22:00:00,36,13,23,FMN GV 03 Hove
46,Statielei 16,2018-11-29,23:00:00,20,4,16,FMN GV 03 Hove
46,Statielei 16,2018-11-30,00:00:00,2,1,1,FMN GV 03 Hove
46,Statielei 16,2018-11-30,01:00:00,5,1,4,FMN GV 03 Hove
46,Statielei 16,2018-11-30,02:00:00,1,0,1,FMN GV 03 Hove
46,Statielei 16,2018-11-30,03:00:00,1,1,0,FMN GV 03 Hove
46,Statielei 16,2018-11-30,04:00:00,8,6,2,FMN GV 03 Hove
46,Statielei 16,2018-11-30,05:00:00,18,10,8,FMN GV 03 Hove
46,Statielei 16,2018-11-30,06:00:00,68,48,20,FMN GV 03 Hove
46,Statielei 16,2018-11-30,07:00:00,196,156,40,FMN GV 03 Hove
46,Statielei 16,2018-11-30,08:00:00,279,209,70,FMN GV 03 Hove
46,Statielei 16,2018-11-30,09:00:00,81,56,25,FMN GV 03 Hove
46,Statielei 16,2018-11-30,10:00:00,66,41,25,FMN GV 03 Hove
46,Statielei 16,2018-11-30,11:00:00,45,23,22,FMN GV 03 Hove
46,Statielei 16,2018-11-30,12:00:00,78,31,47,FMN GV 03 Hove
46,Statielei 16,2018-11-30,13:00:00,86,43,43,FMN GV 03 Hove
46,Statielei 16,2018-11-30,14:00:00,85,39,46,FMN GV 03 Hove
46,Statielei 16,2018-11-30,15:00:00,143,46,97,FMN GV 03 Hove
46,Statielei 16,2018-11-30,16:00:00,165,45,120,FMN GV 03 Hove
46,Statielei 16,2018-11-30,17:00:00,180,54,126,FMN GV 03 Hove
46,Statielei 16,2018-11-30,18:00:00,105,45,60,FMN GV 03 Hove
46,Statielei 16,2018-11-30,19:00:00,45,21,24,FMN GV 03 Hove
46,Statielei 16,2018-11-30,20:00:00,34,16,18,FMN GV 03 Hove
46,Statielei 16,2018-11-30,21:00:00,23,14,9,FMN GV 03 Hove
46,Statielei 16,2018-11-30,22:00:00,15,2,13,FMN GV 03 Hove
46,Statielei 16,2018-11-30,23:00:00,14,6,8,FMN GV 03 Hove
46,Statielei 16,2018-12-01,00:00:00,17,3,14,FMN GV 03 Hove
46,Statielei 16,2018-12-01,01:00:00,11,2,9,FMN GV 03 Hove
46,Statielei 16,2018-12-01,02:00:00,6,3,3,FMN GV 03 Hove
46,Statielei 16,2018-12-01,03:00:00,9,2,7,FMN GV 03 Hove
46,Statielei 16,2018-12-01,04:00:00,5,1,4,FMN GV 03 Hove
46,Statielei 16,2018-12-01,05:00:00,3,2,1,FMN GV 03 Hove
46,Statielei 16,2018-12-01,06:00:00,3,1,2,FMN GV 03 Hove
46,Statielei 16,2018-12-01,07:00:00,9,6,3,FMN GV 03 Hove
46,Statielei 16,2018-12-01,08:00:00,29,13,16,FMN GV 03 Hove
46,Statielei 16,2018-12-01,09:00:00,43,24,19,FMN GV 03 Hove
46,Statielei 16,2018-12-01,10:00:00,66,27,39,FMN GV 03 Hove
46,Statielei 16,2018-12-01,11:00:00,72,43,29,FMN GV 03 Hove
46,Statielei 16,2018-12-01,12:00:00,66,34,32,FMN GV 03 Hove
46,Statielei 16,2018-12-01,13:00:00,47,26,21,FMN GV 03 Hove
46,Statielei 16,2018-12-01,14:00:00,22,13,9,FMN GV 03 Hove
46,Statielei 16,2018-12-01,15:00:00,14,6,8,FMN GV 03 Hove
46,Statielei 16,2018-12-01,16:00:00,15,8,7,FMN GV 03 Hove
46,Statielei 16,2018-12-01,17:00:00,24,14,10,FMN GV 03 Hove
46,Statielei 16,2018-12-01,18:00:00,24,15,9,FMN GV 03 Hove
46,Statielei 16,2018-12-01,19:00:00,30,20,10,FMN GV 03 Hove
46,Statielei 16,2018-12-01,20:00:00,15,7,8,FMN GV 03 Hove
46,Statielei 16,2018-12-01,21:00:00,12,5,7,FMN GV 03 Hove
46,Statielei 16,2018-12-01,22:00:00,14,3,11,FMN GV 03 Hove
46,Statielei 16,2018-12-01,23:00:00,17,4,13,FMN GV 03 Hove
46,Statielei 16,2018-12-02,00:00:00,14,10,4,FMN GV 03 Hove
46,Statielei 16,2018-12-02,01:00:00,9,1,8,FMN GV 03 Hove
46,Statielei 16,2018-12-02,02:00:00,10,5,5,FMN GV 03 Hove
46,Statielei 16,2018-12-02,03:00:00,2,0,2,FMN GV 03 Hove
46,Statielei 16,2018-12-02,04:00:00,3,1,2,FMN GV 03 Hove
46,Statielei 16,2018-12-02,05:00:00,2,1,1,FMN GV 03 Hove
46,Statielei 16,2018-12-02,06:00:00,5,3,2,FMN GV 03 Hove
46,Statielei 16,2018-12-02,07:00:00,3,2,1,FMN GV 03 Hove
46,Statielei 16,2018-12-02,08:00:00,11,5,6,FMN GV 03 Hove
46,Statielei 16,2018-12-02,09:00:00,92,12,80,FMN GV 03 Hove
46,Statielei 16,2018-12-02,10:00:00,31,15,16,FMN GV 03 Hove
46,Statielei 16,2018-12-02,11:00:00,46,26,20,FMN GV 03 Hove
46,Statielei 16,2018-12-02,12:00:00,36,25,11,FMN GV 03 Hove
46,Statielei 16,2018-12-02,13:00:00,30,15,15,FMN GV 03 Hove
46,Statielei 16,2018-12-02,14:00:00,43,16,27,FMN GV 03 Hove
46,Statielei 16,2018-12-02,15:00:00,39,20,19,FMN GV 03 Hove
46,Statielei 16,2018-12-02,16:00:00,36,20,16,FMN GV 03 Hove
46,Statielei 16,2018-12-02,17:00:00,33,26,7,FMN GV 03 Hove
46,Statielei 16,2018-12-02,18:00:00,24,19,5,FMN GV 03 Hove
46,Statielei 16,2018-12-02,19:00:00,24,14,10,FMN GV 03 Hove
46,Statielei 16,2018-12-02,20:00:00,10,4,6,FMN GV 03 Hove
46,Statielei 16,2018-12-02,21:00:00,7,6,1,FMN GV 03 Hove
46,Statielei 16,2018-12-02,22:00:00,8,2,6,FMN GV 03 Hove
46,Statielei 16,2018-12-02,23:00:00,4,1,3,FMN GV 03 Hove
46,Statielei 16,2018-12-03,00:00:00,1,1,0,FMN GV 03 Hove
46,Statielei 16,2018-12-03,01:00:00,1,1,0,FMN GV 03 Hove
46,Statielei 16,2018-12-03,02:00:00,2,2,0,FMN GV 03 Hove
46,Statielei 16,2018-12-03,03:00:00,0,0,0,FMN GV 03 Hove
46,Statielei 16,2018-12-03,04:00:00,8,3,5,FMN GV 03 Hove
46,Statielei 16,2018-12-03,05:00:00,17,9,8,FMN GV 03 Hove
46,Statielei 16,2018-12-03,06:00:00,59,49,10,FMN GV 03 Hove
46,Statielei 16,2018-12-03,07:00:00,227,181,46,FMN GV 03 Hove
46,Statielei 16,2018-12-03,08:00:00,234,189,45,FMN GV 03 Hove
46,Statielei 16,2018-12-03,09:00:00,64,47,17,FMN GV 03 Hove
46,Statielei 16,2018-12-03,10:00:00,32,25,7,FMN GV 03 Hove
46,Statielei 16,2018-12-03,11:00:00,26,14,12,FMN GV 03 Hove
46,Statielei 16,2018-12-03,12:00:00,37,20,17,FMN GV 03 Hove
46,Statielei 16,2018-12-03,13:00:00,38,25,13,FMN GV 03 Hove
46,Statielei 16,2018-12-03,14:00:00,34,21,13,FMN GV 03 Hove
46,Statielei 16,2018-12-03,15:00:00,78,22,56,FMN GV 03 Hove
46,Statielei 16,2018-12-03,16:00:00,155,44,111,FMN GV 03 Hove
46,Statielei 16,2018-12-03,17:00:00,183,53,130,FMN GV 03 Hove
46,Statielei 16,2018-12-03,18:00:00,129,35,94,FMN GV 03 Hove
46,Statielei 16,2018-12-03,19:00:00,42,21,21,FMN GV 03 Hove
46,Statielei 16,2018-12-03,20:00:00,27,11,16,FMN GV 03 Hove
46,Statielei 16,2018-12-03,21:00:00,17,6,11,FMN GV 03 Hove
46,Statielei 16,2018-12-03,22:00:00,18,6,12,FMN GV 03 Hove
46,Statielei 16,2018-12-03,23:00:00,9,4,5,FMN GV 03 Hove
46,Statielei 16,2018-12-04,00:00:00,3,2,1,FMN GV 03 Hove
46,Statielei 16,2018-12-04,01:00:00,3,0,3,FMN GV 03 Hove
46,Statielei 16,2018-12-04,02:00:00,2,1,1,FMN GV 03 Hove
46,Statielei 16,2018-12-04,03:00:00,0,0,0,FMN GV 03 Hove
46,Statielei 16,2018-12-04,04:00:00,8,8,0,FMN GV 03 Hove
46,Statielei 16,2018-12-04,05:00:00,17,8,9,FMN GV 03 Hove
46,Statielei 16,2018-12-04,06:00:00,78,65,13,FMN GV 03 Hove
46,Statielei 16,2018-12-04,07:00:00,258,185,73,FMN GV 03 Hove
46,Statielei 16,2018-12-04,08:00:00,299,229,70,FMN GV 03 Hove
46,Statielei 16,2018-12-04,09:00:00,97,72,25,FMN GV 03 Hove
46,Statielei 16,2018-12-04,10:00:00,61,31,30,FMN GV 03 Hove
46,Statielei 16,2018-12-04,11:00:00,64,36,28,FMN GV 03 Hove
46,Statielei 16,2018-12-04,12:00:00,96,50,46,FMN GV 03 Hove
46,Statielei 16,2018-12-04,13:00:00,77,49,28,FMN GV 03 Hove
46,Statielei 16,2018-12-04,14:00:00,95,30,65,FMN GV 03 Hove
46,Statielei 16,2018-12-04,15:00:00,138,54,84,FMN GV 03 Hove
46,Statielei 16,2018-12-04,16:00:00,205,62,143,FMN GV 03 Hove
46,Statielei 16,2018-12-04,17:00:00,238,67,171,FMN GV 03 Hove
46,Statielei 16,2018-12-04,18:00:00,131,45,86,FMN GV 03 Hove
46,Statielei 16,2018-12-04,19:00:00,52,14,38,FMN GV 03 Hove
46,Statielei 16,2018-12-04,20:00:00,30,12,18,FMN GV 03 Hove
46,Statielei 16,2018-12-04,21:00:00,27,10,17,FMN GV 03 Hove
46,Statielei 16,2018-12-04,22:00:00,31,10,21,FMN GV 03 Hove
46,Statielei 16,2018-12-04,23:00:00,13,4,9,FMN GV 03 Hove
46,Statielei 16,2018-12-05,00:00:00,5,4,1,FMN GV 03 Hove
46,Statielei 16,2018-12-05,01:00:00,4,0,4,FMN GV 03 Hove
46,Statielei 16,2018-12-05,02:00:00,1,1,0,FMN GV 03 Hove
46,Statielei 16,2018-12-05,03:00:00,0,0,0,FMN GV 03 Hove
46,Statielei 16,2018-12-05,04:00:00,6,4,2,FMN GV 03 Hove
46,Statielei 16,2018-12-05,05:00:00,24,14,10,FMN GV 03 Hove
46,Statielei 16,2018-12-05,06:00:00,62,49,13,FMN GV 03 Hove
46,Statielei 16,2018-12-05,07:00:00,193,142,51,FMN GV 03 Hove
46,Statielei 16,2018-12-05,08:00:00,246,194,52,FMN GV 03 Hove
46,Statielei 16,2018-12-05,09:00:00,74,58,16,FMN GV 03 Hove
46,Statielei 16,2018-12-05,10:00:00,67,43,24,FMN GV 03 Hove
46,Statielei 16,2018-12-05,11:00:00,64,30,34,FMN GV 03 Hove
46,Statielei 16,2018-12-05,12:00:00,127,48,79,FMN GV 03 Hove
46,Statielei 16,2018-12-05,13:00:00,85,38,47,FMN GV 03 Hove
46,Statielei 16,2018-12-05,14:00:00,70,24,46,FMN GV 03 Hove
46,Statielei 16,2018-12-05,15:00:00,67,25,42,FMN GV 03 Hove
46,Statielei 16,2018-12-05,16:00:00,131,33,98,FMN GV 03 Hove
46,Statielei 16,2018-12-05,17:00:00,166,49,117,FMN GV 03 Hove
46,Statielei 16,2018-12-05,18:00:00,113,39,74,FMN GV 03 Hove
46,Statielei 16,2018-12-05,19:00:00,60,22,38,FMN GV 03 Hove
46,Statielei 16,2018-12-05,20:00:00,25,10,15,FMN GV 03 Hove
46,Statielei 16,2018-12-05,21:00:00,21,8,13,FMN GV 03 Hove
46,Statielei 16,2018-12-05,22:00:00,30,11,19,FMN GV 03 Hove
46,Statielei 16,2018-12-05,23:00:00,13,3,10,FMN GV 03 Hove
46,Statielei 16,2018-12-06,00:00:00,7,4,3,FMN GV 03 Hove
46,Statielei 16,2018-12-06,01:00:00,1,0,1,FMN GV 03 Hove
46,Statielei 16,2018-12-06,02:00:00,1,0,1,FMN GV 03 Hove
46,Statielei 16,2018-12-06,03:00:00,3,1,2,FMN GV 03 Hove
46,Statielei 16,2018-12-06,04:00:00,9,8,1,FMN GV 03 Hove
46,Statielei 16,2018-12-06,05:00:00,12,6,6,FMN GV 03 Hove
46,Statielei 16,2018-12-06,06:00:00,71,61,10,FMN GV 03 Hove
46,Statielei 16,2018-12-06,07:00:00,224,171,53,FMN GV 03 Hove
46,Statielei 16,2018-12-06,08:00:00,305,244,61,FMN GV 03 Hove
46,Statielei 16,2018-12-06,09:00:00,69,55,14,FMN GV 03 Hove
46,Statielei 16,2018-12-06,10:00:00,44,26,18,FMN GV 03 Hove
46,Statielei 16,2018-12-06,11:00:00,54,27,27,FMN GV 03 Hove
46,Statielei 16,2018-12-06,12:00:00,87,41,46,FMN GV 03 Hove
46,Statielei 16,2018-12-06,13:00:00,64,28,36,FMN GV 03 Hove
46,Statielei 16,2018-12-06,14:00:00,63,20,43,FMN GV 03 Hove
46,Statielei 16,2018-12-06,15:00:00,92,35,57,FMN GV 03 Hove
46,Statielei 16,2018-12-06,16:00:00,167,50,117,FMN GV 03 Hove
46,Statielei 16,2018-12-06,17:00:00,201,48,153,FMN GV 03 Hove
46,Statielei 16,2018-12-06,18:00:00,106,44,62,FMN GV 03 Hove
46,Statielei 16,2018-12-06,19:00:00,56,23,33,FMN GV 03 Hove
46,Statielei 16,2018-12-06,20:00:00,25,10,15,FMN GV 03 Hove
46,Statielei 16,2018-12-06,21:00:00,23,11,12,FMN GV 03 Hove
46,Statielei 16,2018-12-06,22:00:00,22,7,15,FMN GV 03 Hove
46,Statielei 16,2018-12-06,23:00:00,7,3,4,FMN GV 03 Hove
46,Statielei 16,2018-12-07,00:00:00,8,3,5,FMN GV 03 Hove
46,Statielei 16,2018-12-07,01:00:00,4,0,4,FMN GV 03 Hove
46,Statielei 16,2018-12-07,02:00:00,1,1,0,FMN GV 03 Hove
46,Statielei 16,2018-12-07,03:00:00,3,0,3,FMN GV 03 Hove
46,Statielei 16,2018-12-07,04:00:00,7,5,2,FMN GV 03 Hove
46,Statielei 16,2018-12-07,05:00:00,11,8,3,FMN GV 03 Hove
46,Statielei 16,2018-12-07,06:00:00,40,32,8,FMN GV 03 Hove
46,Statielei 16,2018-12-07,07:00:00,168,126,42,FMN GV 03 Hove
46,Statielei 16,2018-12-07,08:00:00,218,178,40,FMN GV 03 Hove
46,Statielei 16,2018-12-07,09:00:00,56,33,23,FMN GV 03 Hove
46,Statielei 16,2018-12-07,10:00:00,35,26,9,FMN GV 03 Hove
46,Statielei 16,2018-12-07,11:00:00,42,17,25,FMN GV 03 Hove
46,Statielei 16,2018-12-07,12:00:00,49,16,33,FMN GV 03 Hove
46,Statielei 16,2018-12-07,13:00:00,36,16,20,FMN GV 03 Hove
46,Statielei 16,2018-12-07,14:00:00,41,14,27,FMN GV 03 Hove
46,Statielei 16,2018-12-07,15:00:00,58,20,38,FMN GV 03 Hove
46,Statielei 16,2018-12-07,16:00:00,104,21,83,FMN GV 03 Hove
46,Statielei 16,2018-12-07,17:00:00,114,32,82,FMN GV 03 Hove
46,Statielei 16,2018-12-07,18:00:00,70,30,40,FMN GV 03 Hove
46,Statielei 16,2018-12-07,19:00:00,24,9,15,FMN GV 03 Hove
46,Statielei 16,2018-12-07,20:00:00,17,10,7,FMN GV 03 Hove
46,Statielei 16,2018-12-07,21:00:00,14,7,7,FMN GV 03 Hove
46,Statielei 16,2018-12-07,22:00:00,14,10,4,FMN GV 03 Hove
46,Statielei 16,2018-12-07,23:00:00,11,1,10,FMN GV 03 Hove
46,Statielei 16,2018-12-08,00:00:00,14,7,7,FMN GV 03 Hove
46,Statielei 16,2018-12-08,01:00:00,6,2,4,FMN GV 03 Hove
46,Statielei 16,2018-12-08,02:00:00,3,0,3,FMN GV 03 Hove
46,Statielei 16,2018-12-08,03:00:00,4,1,3,FMN GV 03 Hove
46,Statielei 16,2018-12-08,04:00:00,2,0,2,FMN GV 03 Hove
46,Statielei 16,2018-12-08,05:00:00,6,3,3,FMN GV 03 Hove
46,Statielei 16,2018-12-08,06:00:00,9,6,3,FMN GV 03 Hove
46,Statielei 16,2018-12-08,07:00:00,8,5,3,FMN GV 03 Hove
46,Statielei 16,2018-12-08,08:00:00,17,14,3,FMN GV 03 Hove
46,Statielei 16,2018-12-08,09:00:00,34,19,15,FMN GV 03 Hove
46,Statielei 16,2018-12-08,10:00:00,50,23,27,FMN GV 03 Hove
46,Statielei 16,2018-12-08,11:00:00,42,21,21,FMN GV 03 Hove
46,Statielei 16,2018-12-08,12:00:00,43,22,21,FMN GV 03 Hove
46,Statielei 16,2018-12-08,13:00:00,62,39,23,FMN GV 03 Hove
46,Statielei 16,2018-12-08,14:00:00,48,21,27,FMN GV 03 Hove
46,Statielei 16,2018-12-08,15:00:00,50,30,20,FMN GV 03 Hove
46,Statielei 16,2018-12-08,16:00:00,58,27,31,FMN GV 03 Hove
46,Statielei 16,2018-12-08,17:00:00,40,19,21,FMN GV 03 Hove
46,Statielei 16,2018-12-08,18:00:00,14,8,6,FMN GV 03 Hove
46,Statielei 16,2018-12-08,19:00:00,15,8,7,FMN GV 03 Hove
46,Statielei 16,2018-12-08,20:00:00,19,7,12,FMN GV 03 Hove
46,Statielei 16,2018-12-08,21:00:00,18,8,10,FMN GV 03 Hove
46,Statielei 16,2018-12-08,22:00:00,17,4,13,FMN GV 03 Hove
46,Statielei 16,2018-12-08,23:00:00,6,2,4,FMN GV 03 Hove
46,Statielei 16,2018-12-09,00:00:00,6,5,1,FMN GV 03 Hove
46,Statielei 16,2018-12-09,01:00:00,8,0,8,FMN GV 03 Hove
46,Statielei 16,2018-12-09,02:00:00,5,3,2,FMN GV 03 Hove
46,Statielei 16,2018-12-09,03:00:00,3,0,3,FMN GV 03 Hove
46,Statielei 16,2018-12-09,04:00:00,3,0,3,FMN GV 03 Hove
46,Statielei 16,2018-12-09,05:00:00,3,2,1,FMN GV 03 Hove
46,Statielei 16,2018-12-09,06:00:00,9,3,6,FMN GV 03 Hove
46,Statielei 16,2018-12-09,07:00:00,8,5,3,FMN GV 03 Hove
46,Statielei 16,2018-12-09,08:00:00,6,3,3,FMN GV 03 Hove
46,Statielei 16,2018-12-09,09:00:00,8,5,3,FMN GV 03 Hove
46,Statielei 16,2018-12-09,10:00:00,6,1,5,FMN GV 03 Hove
46,Statielei 16,2018-12-09,11:00:00,16,7,9,FMN GV 03 Hove
46,Statielei 16,2018-12-09,12:00:00,18,7,11,FMN GV 03 Hove
46,Statielei 16,2018-12-09,13:00:00,17,8,9,FMN GV 03 Hove
46,Statielei 16,2018-12-09,14:00:00,25,13,12,FMN GV 03 Hove
46,Statielei 16,2018-12-09,15:00:00,29,18,11,FMN GV 03 Hove
46,Statielei 16,2018-12-09,16:00:00,22,8,14,FMN GV 03 Hove
46,Statielei 16,2018-12-09,17:00:00,19,10,9,FMN GV 03 Hove
46,Statielei 16,2018-12-09,18:00:00,14,10,4,FMN GV 03 Hove
46,Statielei 16,2018-12-09,19:00:00,5,3,2,FMN GV 03 Hove
46,Statielei 16,2018-12-09,20:00:00,11,8,3,FMN GV 03 Hove
46,Statielei 16,2018-12-09,21:00:00,8,5,3,FMN GV 03 Hove
46,Statielei 16,2018-12-09,22:00:00,7,1,6,FMN GV 03 Hove
46,Statielei 16,2018-12-09,23:00:00,4,2,2,FMN GV 03 Hove
46,Statielei 16,2018-12-10,00:00:00,3,3,0,FMN GV 03 Hove
46,Statielei 16,2018-12-10,01:00:00,1,0,1,FMN GV 03 Hove
46,Statielei 16,2018-12-10,02:00:00,2,1,1,FMN GV 03 Hove
46,Statielei 16,2018-12-10,03:00:00,0,0,0,FMN GV 03 Hove
46,Statielei 16,2018-12-10,04:00:00,5,2,3,FMN GV 03 Hove
46,Statielei 16,2018-12-10,05:00:00,16,11,5,FMN GV 03 Hove
46,Statielei 16,2018-12-10,06:00:00,73,54,19,FMN GV 03 Hove
46,Statielei 16,2018-12-10,07:00:00,224,175,49,FMN GV 03 Hove
46,Statielei 16,2018-12-10,08:00:00,267,208,59,FMN GV 03 Hove
46,Statielei 16,2018-12-10,09:00:00,61,37,24,FMN GV 03 Hove
46,Statielei 16,2018-12-10,10:00:00,58,41,17,FMN GV 03 Hove
46,Statielei 16,2018-12-10,11:00:00,53,26,27,FMN GV 03 Hove
46,Statielei 16,2018-12-10,12:00:00,78,34,44,FMN GV 03 Hove
46,Statielei 16,2018-12-10,13:00:00,61,38,23,FMN GV 03 Hove
46,Statielei 16,2018-12-10,14:00:00,60,20,40,FMN GV 03 Hove
46,Statielei 16,2018-12-10,15:00:00,83,24,59,FMN GV 03 Hove
46,Statielei 16,2018-12-10,16:00:00,146,47,99,FMN GV 03 Hove
46,Statielei 16,2018-12-10,17:00:00,208,50,158,FMN GV 03 Hove
46,Statielei 16,2018-12-10,18:00:00,98,25,73,FMN GV 03 Hove
46,Statielei 16,2018-12-10,19:00:00,53,26,27,FMN GV 03 Hove
46,Statielei 16,2018-12-10,20:00:00,21,7,14,FMN GV 03 Hove
46,Statielei 16,2018-12-10,21:00:00,14,6,8,FMN GV 03 Hove
46,Statielei 16,2018-12-10,22:00:00,16,8,8,FMN GV 03 Hove
46,Statielei 16,2018-12-10,23:00:00,2,1,1,FMN GV 03 Hove
46,Statielei 16,2018-12-11,00:00:00,5,3,2,FMN GV 03 Hove
46,Statielei 16,2018-12-11,01:00:00,3,0,3,FMN GV 03 Hove
46,Statielei 16,2018-12-11,02:00:00,2,1,1,FMN GV 03 Hove
46,Statielei 16,2018-12-11,03:00:00,1,0,1,FMN GV 03 Hove
46,Statielei 16,2018-12-11,04:00:00,2,1,1,FMN GV 03 Hove
46,Statielei 16,2018-12-11,05:00:00,24,14,10,FMN GV 03 Hove
46,Statielei 16,2018-12-11,06:00:00,71,48,23,FMN GV 03 Hove
46,Statielei 16,2018-12-11,07:00:00,248,189,59,FMN GV 03 Hove
46,Statielei 16,2018-12-11,08:00:00,291,215,76,FMN GV 03 Hove
46,Statielei 16,2018-12-11,09:00:00,81,57,24,FMN GV 03 Hove
46,Statielei 16,2018-12-11,10:00:00,52,31,21,FMN GV 03 Hove
46,Statielei 16,2018-12-11,11:00:00,51,31,20,FMN GV 03 Hove
46,Statielei 16,2018-12-11,12:00:00,90,43,47,FMN GV 03 Hove
46,Statielei 16,2018-12-11,13:00:00,80,36,44,FMN GV 03 Hove
46,Statielei 16,2018-12-11,14:00:00,76,31,45,FMN GV 03 Hove
46,Statielei 16,2018-12-11,15:00:00,90,39,51,FMN GV 03 Hove
46,Statielei 16,2018-12-11,16:00:00,174,43,131,FMN GV 03 Hove
46,Statielei 16,2018-12-11,17:00:00,201,58,143,FMN GV 03 Hove
46,Statielei 16,2018-12-11,18:00:00,129,42,87,FMN GV 03 Hove
46,Statielei 16,2018-12-11,19:00:00,53,20,33,FMN GV 03 Hove
46,Statielei 16,2018-12-11,20:00:00,28,13,15,FMN GV 03 Hove
46,Statielei 16,2018-12-11,21:00:00,24,7,17,FMN GV 03 Hove
46,Statielei 16,2018-12-11,22:00:00,30,14,16,FMN GV 03 Hove
46,Statielei 16,2018-12-11,23:00:00,6,1,5,FMN GV 03 Hove
46,Statielei 16,2018-12-12,00:00:00,6,2,4,FMN GV 03 Hove
46,Statielei 16,2018-12-12,01:00:00,2,0,2,FMN GV 03 Hove
46,Statielei 16,2018-12-12,02:00:00,2,1,1,FMN GV 03 Hove
46,Statielei 16,2018-12-12,03:00:00,2,1,1,FMN GV 03 Hove
46,Statielei 16,2018-12-12,04:00:00,4,3,1,FMN GV 03 Hove
46,Statielei 16,2018-12-12,05:00:00,13,6,7,FMN GV 03 Hove
46,Statielei 16,2018-12-12,06:00:00,66,51,15,FMN GV 03 Hove
46,Statielei 16,2018-12-12,07:00:00,200,149,51,FMN GV 03 Hove
46,Statielei 16,2018-12-12,08:00:00,248,186,62,FMN GV 03 Hove
46,Statielei 16,2018-12-12,09:00:00,71,49,22,FMN GV 03 Hove
46,Statielei 16,2018-12-12,10:00:00,64,33,31,FMN GV 03 Hove
46,Statielei 16,2018-12-12,11:00:00,92,26,66,FMN GV 03 Hove
46,Statielei 16,2018-12-12,12:00:00,108,37,71,FMN GV 03 Hove
46,Statielei 16,2018-12-12,13:00:00,75,31,44,FMN GV 03 Hove
46,Statielei 16,2018-12-12,14:00:00,48,22,26,FMN GV 03 Hove
46,Statielei 16,2018-12-12,15:00:00,88,36,52,FMN GV 03 Hove
46,Statielei 16,2018-12-12,16:00:00,116,33,83,FMN GV 03 Hove
46,Statielei 16,2018-12-12,17:00:00,197,55,142,FMN GV 03 Hove
46,Statielei 16,2018-12-12,18:00:00,105,35,70,FMN GV 03 Hove
46,Statielei 16,2018-12-12,19:00:00,51,19,32,FMN GV 03 Hove
46,Statielei 16,2018-12-12,20:00:00,27,10,17,FMN GV 03 Hove
46,Statielei 16,2018-12-12,21:00:00,17,10,7,FMN GV 03 Hove
46,Statielei 16,2018-12-12,22:00:00,23,6,17,FMN GV 03 Hove
46,Statielei 16,2018-12-12,23:00:00,10,5,5,FMN GV 03 Hove
46,Statielei 16,2018-12-13,00:00:00,6,0,6,FMN GV 03 Hove
46,Statielei 16,2018-12-13,01:00:00,2,0,2,FMN GV 03 Hove
46,Statielei 16,2018-12-13,02:00:00,1,0,1,FMN GV 03 Hove
46,Statielei 16,2018-12-13,03:00:00,1,1,0,FMN GV 03 Hove
46,Statielei 16,2018-12-13,04:00:00,6,2,4,FMN GV 03 Hove
46,Statielei 16,2018-12-13,05:00:00,12,6,6,FMN GV 03 Hove
46,Statielei 16,2018-12-13,06:00:00,58,44,14,FMN GV 03 Hove
46,Statielei 16,2018-12-13,07:00:00,182,144,38,FMN GV 03 Hove
46,Statielei 16,2018-12-13,08:00:00,257,198,59,FMN GV 03 Hove
46,Statielei 16,2018-12-13,09:00:00,65,44,21,FMN GV 03 Hove
46,Statielei 16,2018-12-13,10:00:00,48,31,17,FMN GV 03 Hove
46,Statielei 16,2018-12-13,11:00:00,48,20,28,FMN GV 03 Hove
46,Statielei 16,2018-12-13,12:00:00,64,31,33,FMN GV 03 Hove
46,Statielei 16,2018-12-13,13:00:00,69,36,33,FMN GV 03 Hove
46,Statielei 16,2018-12-13,14:00:00,65,28,37,FMN GV 03 Hove
46,Statielei 16,2018-12-13,15:00:00,80,30,50,FMN GV 03 Hove
46,Statielei 16,2018-12-13,16:00:00,133,40,93,FMN GV 03 Hove
46,Statielei 16,2018-12-13,17:00:00,157,40,117,FMN GV 03 Hove
46,Statielei 16,2018-12-13,18:00:00,106,33,73,FMN GV 03 Hove
46,Statielei 16,2018-12-13,19:00:00,41,11,30,FMN GV 03 Hove
46,Statielei 16,2018-12-13,20:00:00,29,10,19,FMN GV 03 Hove
46,Statielei 16,2018-12-13,21:00:00,27,14,13,FMN GV 03 Hove
46,Statielei 16,2018-12-13,22:00:00,35,16,19,FMN GV 03 Hove
46,Statielei 16,2018-12-13,23:00:00,17,6,11,FMN GV 03 Hove
46,Statielei 16,2018-12-14,00:00:00,7,1,6,FMN GV 03 Hove
46,Statielei 16,2018-12-14,01:00:00,4,1,3,FMN GV 03 Hove
46,Statielei 16,2018-12-14,02:00:00,1,1,0,FMN GV 03 Hove
46,Statielei 16,2018-12-14,03:00:00,2,1,1,FMN GV 03 Hove
46,Statielei 16,2018-12-14,04:00:00,4,3,1,FMN GV 03 Hove
46,Statielei 16,2018-12-14,05:00:00,13,7,6,FMN GV 03 Hove
46,Statielei 16,2018-12-14,06:00:00,43,28,15,FMN GV 03 Hove
46,Statielei 16,2018-12-14,07:00:00,159,120,39,FMN GV 03 Hove
46,Statielei 16,2018-12-14,08:00:00,215,173,42,FMN GV 03 Hove
46,Statielei 16,2018-12-14,09:00:00,54,36,18,FMN GV 03 Hove
46,Statielei 16,2018-12-14,10:00:00,43,26,17,FMN GV 03 Hove
46,Statielei 16,2018-12-14,11:00:00,55,24,31,FMN GV 03 Hove
46,Statielei 16,2018-12-14,12:00:00,68,32,36,FMN GV 03 Hove
46,Statielei 16,2018-12-14,13:00:00,59,19,40,FMN GV 03 Hove
46,Statielei 16,2018-12-14,14:00:00,51,22,29,FMN GV 03 Hove
46,Statielei 16,2018-12-14,15:00:00,83,29,54,FMN GV 03 Hove
46,Statielei 16,2018-12-14,16:00:00,118,28,90,FMN GV 03 Hove
46,Statielei 16,2018-12-14,17:00:00,130,43,87,FMN GV 03 Hove
46,Statielei 16,2018-12-14,18:00:00,63,22,41,FMN GV 03 Hove
46,Statielei 16,2018-12-14,19:00:00,44,22,22,FMN GV 03 Hove
46,Statielei 16,2018-12-14,20:00:00,27,18,9,FMN GV 03 Hove
46,Statielei 16,2018-12-14,21:00:00,19,13,6,FMN GV 03 Hove
46,Statielei 16,2018-12-14,22:00:00,15,6,9,FMN GV 03 Hove
46,Statielei 16,2018-12-14,23:00:00,18,5,13,FMN GV 03 Hove
46,Statielei 16,2018-12-15,00:00:00,5,2,3,FMN GV 03 Hove
46,Statielei 16,2018-12-15,01:00:00,9,1,8,FMN GV 03 Hove
46,Statielei 16,2018-12-15,02:00:00,1,0,1,FMN GV 03 Hove
46,Statielei 16,2018-12-15,03:00:00,12,3,9,FMN GV 03 Hove
46,Statielei 16,2018-12-15,04:00:00,5,2,3,FMN GV 03 Hove
46,Statielei 16,2018-12-15,05:00:00,8,2,6,FMN GV 03 Hove
46,Statielei 16,2018-12-15,06:00:00,10,6,4,FMN GV 03 Hove
46,Statielei 16,2018-12-15,07:00:00,15,11,4,FMN GV 03 Hove
46,Statielei 16,2018-12-15,08:00:00,12,10,2,FMN GV 03 Hove
46,Statielei 16,2018-12-15,09:00:00,30,17,13,FMN GV 03 Hove
46,Statielei 16,2018-12-15,10:00:00,51,28,23,FMN GV 03 Hove
46,Statielei 16,2018-12-15,11:00:00,60,33,27,FMN GV 03 Hove
46,Statielei 16,2018-12-15,12:00:00,64,35,29,FMN GV 03 Hove
46,Statielei 16,2018-12-15,13:00:00,52,32,20,FMN GV 03 Hove
46,Statielei 16,2018-12-15,14:00:00,40,17,23,FMN GV 03 Hove
46,Statielei 16,2018-12-15,15:00:00,43,17,26,FMN GV 03 Hove
46,Statielei 16,2018-12-15,16:00:00,49,21,28,FMN GV 03 Hove
46,Statielei 16,2018-12-15,17:00:00,30,18,12,FMN GV 03 Hove
46,Statielei 16,2018-12-15,18:00:00,31,15,16,FMN GV 03 Hove
46,Statielei 16,2018-12-15,19:00:00,28,16,12,FMN GV 03 Hove
46,Statielei 16,2018-12-15,20:00:00,19,14,5,FMN GV 03 Hove
46,Statielei 16,2018-12-15,21:00:00,8,6,2,FMN GV 03 Hove
46,Statielei 16,2018-12-15,22:00:00,6,1,5,FMN GV 03 Hove
46,Statielei 16,2018-12-15,23:00:00,10,2,8,FMN GV 03 Hove
46,Statielei 16,2018-12-16,00:00:00,5,2,3,FMN GV 03 Hove
46,Statielei 16,2018-12-16,01:00:00,9,2,7,FMN GV 03 Hove
46,Statielei 16,2018-12-16,02:00:00,10,5,5,FMN GV 03 Hove
46,Statielei 16,2018-12-16,03:00:00,2,0,2,FMN GV 03 Hove
46,Statielei 16,2018-12-16,04:00:00,0,0,0,FMN GV 03 Hove
46,Statielei 16,2018-12-16,05:00:00,3,1,2,FMN GV 03 Hove
46,Statielei 16,2018-12-16,06:00:00,3,2,1,FMN GV 03 Hove
46,Statielei 16,2018-12-16,07:00:00,6,4,2,FMN GV 03 Hove
46,Statielei 16,2018-12-16,08:00:00,7,4,3,FMN GV 03 Hove
46,Statielei 16,2018-12-16,09:00:00,25,6,19,FMN GV 03 Hove
46,Statielei 16,2018-12-16,10:00:00,22,13,9,FMN GV 03 Hove
46,Statielei 16,2018-12-16,11:00:00,17,13,4,FMN GV 03 Hove
46,Statielei 16,2018-12-16,12:00:00,35,21,14,FMN GV 03 Hove
46,Statielei 16,2018-12-16,13:00:00,37,23,14,FMN GV 03 Hove
46,Statielei 16,2018-12-16,14:00:00,49,28,21,FMN GV 03 Hove
46,Statielei 16,2018-12-16,15:00:00,40,21,19,FMN GV 03 Hove
46,Statielei 16,2018-12-16,16:00:00,31,13,18,FMN GV 03 Hove
46,Statielei 16,2018-12-16,17:00:00,29,13,16,FMN GV 03 Hove
46,Statielei 16,2018-12-16,18:00:00,15,8,7,FMN GV 03 Hove
46,Statielei 16,2018-12-16,19:00:00,10,4,6,FMN GV 03 Hove
46,Statielei 16,2018-12-16,20:00:00,10,9,1,FMN GV 03 Hove
46,Statielei 16,2018-12-16,21:00:00,8,6,2,FMN GV 03 Hove
46,Statielei 16,2018-12-16,22:00:00,10,2,8,FMN GV 03 Hove
46,Statielei 16,2018-12-16,23:00:00,3,0,3,FMN GV 03 Hove
46,Statielei 16,2018-12-17,00:00:00,2,1,1,FMN GV 03 Hove
46,Statielei 16,2018-12-17,01:00:00,0,0,0,FMN GV 03 Hove
46,Statielei 16,2018-12-17,02:00:00,1,1,0,FMN GV 03 Hove
46,Statielei 16,2018-12-17,03:00:00,0,0,0,FMN GV 03 Hove
46,Statielei 16,2018-12-17,04:00:00,5,3,2,FMN GV 03 Hove
46,Statielei 16,2018-12-17,05:00:00,16,7,9,FMN GV 03 Hove
46,Statielei 16,2018-12-17,06:00:00,63,50,13,FMN GV 03 Hove
46,Statielei 16,2018-12-17,07:00:00,208,162,46,FMN GV 03 Hove
46,Statielei 16,2018-12-17,08:00:00,243,200,43,FMN GV 03 Hove
46,Statielei 16,2018-12-17,09:00:00,77,55,22,FMN GV 03 Hove
46,Statielei 16,2018-12-17,10:00:00,39,25,14,FMN GV 03 Hove
46,Statielei 16,2018-12-17,11:00:00,54,21,33,FMN GV 03 Hove
46,Statielei 16,2018-12-17,12:00:00,68,36,32,FMN GV 03 Hove
46,Statielei 16,2018-12-17,13:00:00,65,35,30,FMN GV 03 Hove
46,Statielei 16,2018-12-17,14:00:00,71,28,43,FMN GV 03 Hove
46,Statielei 16,2018-12-17,15:00:00,84,37,47,FMN GV 03 Hove
46,Statielei 16,2018-12-17,16:00:00,122,39,83,FMN GV 03 Hove
46,Statielei 16,2018-12-17,17:00:00,191,56,135,FMN GV 03 Hove
46,Statielei 16,2018-12-17,18:00:00,106,37,69,FMN GV 03 Hove
46,Statielei 16,2018-12-17,19:00:00,51,18,33,FMN GV 03 Hove
46,Statielei 16,2018-12-17,20:00:00,21,8,13,FMN GV 03 Hove
46,Statielei 16,2018-12-17,21:00:00,17,5,12,FMN GV 03 Hove
46,Statielei 16,2018-12-17,22:00:00,20,5,15,FMN GV 03 Hove
46,Statielei 16,2018-12-17,23:00:00,6,0,6,FMN GV 03 Hove
46,Statielei 16,2018-12-18,00:00:00,3,0,3,FMN GV 03 Hove
46,Statielei 16,2018-12-18,01:00:00,2,0,2,FMN GV 03 Hove
46,Statielei 16,2018-12-18,02:00:00,4,2,2,FMN GV 03 Hove
46,Statielei 16,2018-12-18,03:00:00,1,0,1,FMN GV 03 Hove
46,Statielei 16,2018-12-18,04:00:00,8,5,3,FMN GV 03 Hove
46,Statielei 16,2018-12-18,05:00:00,12,3,9,FMN GV 03 Hove
46,Statielei 16,2018-12-18,06:00:00,65,51,14,FMN GV 03 Hove
46,Statielei 16,2018-12-18,07:00:00,245,202,43,FMN GV 03 Hove
46,Statielei 16,2018-12-18,08:00:00,257,199,58,FMN GV 03 Hove
46,Statielei 16,2018-12-18,09:00:00,97,58,39,FMN GV 03 Hove
46,Statielei 16,2018-12-18,10:00:00,57,37,20,FMN GV 03 Hove
46,Statielei 16,2018-12-18,11:00:00,51,28,23,FMN GV 03 Hove
46,Statielei 16,2018-12-18,12:00:00,85,51,34,FMN GV 03 Hove
46,Statielei 16,2018-12-18,13:00:00,117,68,49,FMN GV 03 Hove
46,Statielei 16,2018-12-18,14:00:00,83,44,39,FMN GV 03 Hove
46,Statielei 16,2018-12-18,15:00:00,135,49,86,FMN GV 03 Hove
46,Statielei 16,2018-12-18,16:00:00,167,43,124,FMN GV 03 Hove
46,Statielei 16,2018-12-18,17:00:00,210,58,152,FMN GV 03 Hove
46,Statielei 16,2018-12-18,18:00:00,144,45,99,FMN GV 03 Hove
46,Statielei 16,2018-12-18,19:00:00,49,16,33,FMN GV 03 Hove
46,Statielei 16,2018-12-18,20:00:00,32,10,22,FMN GV 03 Hove
46,Statielei 16,2018-12-18,21:00:00,35,20,15,FMN GV 03 Hove
46,Statielei 16,2018-12-18,22:00:00,40,13,27,FMN GV 03 Hove
46,Statielei 16,2018-12-18,23:00:00,8,6,2,FMN GV 03 Hove
46,Statielei 16,2018-12-19,00:00:00,6,3,3,FMN GV 03 Hove
46,Statielei 16,2018-12-19,01:00:00,5,4,1,FMN GV 03 Hove
46,Statielei 16,2018-12-19,02:00:00,0,0,0,FMN GV 03 Hove
46,Statielei 16,2018-12-19,03:00:00,1,0,1,FMN GV 03 Hove
46,Statielei 16,2018-12-19,04:00:00,4,3,1,FMN GV 03 Hove
46,Statielei 16,2018-12-19,05:00:00,16,7,9,FMN GV 03 Hove
46,Statielei 16,2018-12-19,06:00:00,61,50,11,FMN GV 03 Hove
46,Statielei 16,2018-12-19,07:00:00,183,144,39,FMN GV 03 Hove
46,Statielei 16,2018-12-19,08:00:00,210,151,59,FMN GV 03 Hove
46,Statielei 16,2018-12-19,09:00:00,91,68,23,FMN GV 03 Hove
46,Statielei 16,2018-12-19,10:00:00,77,47,30,FMN GV 03 Hove
46,Statielei 16,2018-12-19,11:00:00,86,50,36,FMN GV 03 Hove
46,Statielei 16,2018-12-19,12:00:00,109,49,60,FMN GV 03 Hove
46,Statielei 16,2018-12-19,13:00:00,81,34,47,FMN GV 03 Hove
46,Statielei 16,2018-12-19,14:00:00,76,40,36,FMN GV 03 Hove
46,Statielei 16,2018-12-19,15:00:00,97,42,55,FMN GV 03 Hove
46,Statielei 16,2018-12-19,16:00:00,127,38,89,FMN GV 03 Hove
46,Statielei 16,2018-12-19,17:00:00,155,39,116,FMN GV 03 Hove
46,Statielei 16,2018-12-19,18:00:00,106,41,65,FMN GV 03 Hove
46,Statielei 16,2018-12-19,19:00:00,52,27,25,FMN GV 03 Hove
46,Statielei 16,2018-12-19,20:00:00,41,26,15,FMN GV 03 Hove
46,Statielei 16,2018-12-19,21:00:00,20,7,13,FMN GV 03 Hove
46,Statielei 16,2018-12-19,22:00:00,24,9,15,FMN GV 03 Hove
46,Statielei 16,2018-12-19,23:00:00,10,4,6,FMN GV 03 Hove
46,Statielei 16,2018-12-20,00:00:00,7,3,4,FMN GV 03 Hove
46,Statielei 16,2018-12-20,01:00:00,2,2,0,FMN GV 03 Hove
46,Statielei 16,2018-12-20,02:00:00,2,1,1,FMN GV 03 Hove
46,Statielei 16,2018-12-20,03:00:00,3,0,3,FMN GV 03 Hove
46,Statielei 16,2018-12-20,04:00:00,7,3,4,FMN GV 03 Hove
46,Statielei 16,2018-12-20,05:00:00,14,4,10,FMN GV 03 Hove
46,Statielei 16,2018-12-20,06:00:00,53,41,12,FMN GV 03 Hove
46,Statielei 16,2018-12-20,07:00:00,168,132,36,FMN GV 03 Hove
46,Statielei 16,2018-12-20,08:00:00,238,183,55,FMN GV 03 Hove
46,Statielei 16,2018-12-20,09:00:00,65,46,19,FMN GV 03 Hove
46,Statielei 16,2018-12-20,10:00:00,48,32,16,FMN GV 03 Hove
46,Statielei 16,2018-12-20,11:00:00,44,25,19,FMN GV 03 Hove
46,Statielei 16,2018-12-20,12:00:00,75,39,36,FMN GV 03 Hove
46,Statielei 16,2018-12-20,13:00:00,68,32,36,FMN GV 03 Hove
46,Statielei 16,2018-12-20,14:00:00,61,33,28,FMN GV 03 Hove
46,Statielei 16,2018-12-20,15:00:00,82,34,48,FMN GV 03 Hove
46,Statielei 16,2018-12-20,16:00:00,121,38,83,FMN GV 03 Hove
46,Statielei 16,2018-12-20,17:00:00,153,50,103,FMN GV 03 Hove
46,Statielei 16,2018-12-20,18:00:00,108,42,66,FMN GV 03 Hove
46,Statielei 16,2018-12-20,19:00:00,44,13,31,FMN GV 03 Hove
46,Statielei 16,2018-12-20,20:00:00,33,6,27,FMN GV 03 Hove
46,Statielei 16,2018-12-20,21:00:00,31,7,24,FMN GV 03 Hove
46,Statielei 16,2018-12-20,22:00:00,32,10,22,FMN GV 03 Hove
46,Statielei 16,2018-12-20,23:00:00,15,1,14,FMN GV 03 Hove
46,Statielei 16,2018-12-21,00:00:00,15,5,10,FMN GV 03 Hove
46,Statielei 16,2018-12-21,01:00:00,7,2,5,FMN GV 03 Hove
46,Statielei 16,2018-12-21,02:00:00,5,1,4,FMN GV 03 Hove
46,Statielei 16,2018-12-21,03:00:00,4,1,3,FMN GV 03 Hove
46,Statielei 16,2018-12-21,04:00:00,1,0,1,FMN GV 03 Hove
46,Statielei 16,2018-12-21,05:00:00,7,3,4,FMN GV 03 Hove
46,Statielei 16,2018-12-21,06:00:00,23,16,7,FMN GV 03 Hove
46,Statielei 16,2018-12-21,07:00:00,82,67,15,FMN GV 03 Hove
46,Statielei 16,2018-12-21,08:00:00,112,92,20,FMN GV 03 Hove
46,Statielei 16,2018-12-21,09:00:00,52,38,14,FMN GV 03 Hove
46,Statielei 16,2018-12-21,10:00:00,29,14,15,FMN GV 03 Hove
46,Statielei 16,2018-12-21,11:00:00,31,13,18,FMN GV 03 Hove
46,Statielei 16,2018-12-21,12:00:00,42,22,20,FMN GV 03 Hove
46,Statielei 16,2018-12-21,13:00:00,47,26,21,FMN GV 03 Hove
46,Statielei 16,2018-12-21,14:00:00,45,27,18,FMN GV 03 Hove
46,Statielei 16,2018-12-21,15:00:00,72,33,39,FMN GV 03 Hove
46,Statielei 16,2018-12-21,16:00:00,77,27,50,FMN GV 03 Hove
46,Statielei 16,2018-12-21,17:00:00,79,22,57,FMN GV 03 Hove
46,Statielei 16,2018-12-21,18:00:00,41,21,20,FMN GV 03 Hove
46,Statielei 16,2018-12-21,19:00:00,42,21,21,FMN GV 03 Hove
46,Statielei 16,2018-12-21,20:00:00,25,13,12,FMN GV 03 Hove
46,Statielei 16,2018-12-21,21:00:00,21,10,11,FMN GV 03 Hove
46,Statielei 16,2018-12-21,22:00:00,15,9,6,FMN GV 03 Hove
46,Statielei 16,2018-12-21,23:00:00,14,7,7,FMN GV 03 Hove
46,Statielei 16,2018-12-22,00:00:00,16,4,12,FMN GV 03 Hove
46,Statielei 16,2018-12-22,01:00:00,6,2,4,FMN GV 03 Hove
46,Statielei 16,2018-12-22,02:00:00,6,0,6,FMN GV 03 Hove
46,Statielei 16,2018-12-22,03:00:00,6,1,5,FMN GV 03 Hove
46,Statielei 16,2018-12-22,04:00:00,5,2,3,FMN GV 03 Hove
46,Statielei 16,2018-12-22,05:00:00,5,4,1,FMN GV 03 Hove
46,Statielei 16,2018-12-22,06:00:00,9,5,4,FMN GV 03 Hove
46,Statielei 16,2018-12-22,07:00:00,6,3,3,FMN GV 03 Hove
46,Statielei 16,2018-12-22,08:00:00,15,7,8,FMN GV 03 Hove
46,Statielei 16,2018-12-22,09:00:00,42,26,16,FMN GV 03 Hove
46,Statielei 16,2018-12-22,10:00:00,44,19,25,FMN GV 03 Hove
46,Statielei 16,2018-12-22,11:00:00,62,36,26,FMN GV 03 Hove
46,Statielei 16,2018-12-22,12:00:00,65,37,28,FMN GV 03 Hove
46,Statielei 16,2018-12-22,13:00:00,80,45,35,FMN GV 03 Hove
46,Statielei 16,2018-12-22,14:00:00,82,42,40,FMN GV 03 Hove
46,Statielei 16,2018-12-22,15:00:00,78,42,36,FMN GV 03 Hove
46,Statielei 16,2018-12-22,16:00:00,86,52,34,FMN GV 03 Hove
46,Statielei 16,2018-12-22,17:00:00,41,24,17,FMN GV 03 Hove
46,Statielei 16,2018-12-22,18:00:00,35,17,18,FMN GV 03 Hove
46,Statielei 16,2018-12-22,19:00:00,22,11,11,FMN GV 03 Hove
46,Statielei 16,2018-12-22,20:00:00,26,14,12,FMN GV 03 Hove
46,Statielei 16,2018-12-22,21:00:00,18,6,12,FMN GV 03 Hove
46,Statielei 16,2018-12-22,22:00:00,23,9,14,FMN GV 03 Hove
46,Statielei 16,2018-12-22,23:00:00,13,8,5,FMN GV 03 Hove
46,Statielei 16,2018-12-23,00:00:00,15,7,8,FMN GV 03 Hove
46,Statielei 16,2018-12-23,01:00:00,11,1,10,FMN GV 03 Hove
46,Statielei 16,2018-12-23,02:00:00,3,2,1,FMN GV 03 Hove
46,Statielei 16,2018-12-23,03:00:00,6,1,5,FMN GV 03 Hove
46,Statielei 16,2018-12-23,04:00:00,9,1,8,FMN GV 03 Hove
46,Statielei 16,2018-12-23,05:00:00,7,3,4,FMN GV 03 Hove
46,Statielei 16,2018-12-23,06:00:00,9,7,2,FMN GV 03 Hove
46,Statielei 16,2018-12-23,07:00:00,4,2,2,FMN GV 03 Hove
46,Statielei 16,2018-12-23,08:00:00,12,8,4,FMN GV 03 Hove
46,Statielei 16,2018-12-23,09:00:00,38,19,19,FMN GV 03 Hove
46,Statielei 16,2018-12-23,10:00:00,37,23,14,FMN GV 03 Hove
46,Statielei 16,2018-12-23,11:00:00,24,20,4,FMN GV 03 Hove
46,Statielei 16,2018-12-23,12:00:00,25,14,11,FMN GV 03 Hove
46,Statielei 16,2018-12-23,13:00:00,9,5,4,FMN GV 03 Hove
46,Statielei 16,2018-12-23,14:00:00,23,13,10,FMN GV 03 Hove
46,Statielei 16,2018-12-23,15:00:00,16,9,7,FMN GV 03 Hove
46,Statielei 16,2018-12-23,16:00:00,12,7,5,FMN GV 03 Hove
46,Statielei 16,2018-12-23,17:00:00,15,5,10,FMN GV 03 Hove
46,Statielei 16,2018-12-23,18:00:00,10,2,8,FMN GV 03 Hove
46,Statielei 16,2018-12-23,19:00:00,5,2,3,FMN GV 03 Hove
46,Statielei 16,2018-12-23,20:00:00,7,4,3,FMN GV 03 Hove
46,Statielei 16,2018-12-23,21:00:00,10,2,8,FMN GV 03 Hove
46,Statielei 16,2018-12-23,22:00:00,6,4,2,FMN GV 03 Hove
46,Statielei 16,2018-12-23,23:00:00,4,2,2,FMN GV 03 Hove
46,Statielei 16,2018-12-24,00:00:00,1,0,1,FMN GV 03 Hove
46,Statielei 16,2018-12-24,01:00:00,4,1,3,FMN GV 03 Hove
46,Statielei 16,2018-12-24,02:00:00,2,1,1,FMN GV 03 Hove
46,Statielei 16,2018-12-24,03:00:00,2,1,1,FMN GV 03 Hove
46,Statielei 16,2018-12-24,04:00:00,3,2,1,FMN GV 03 Hove
46,Statielei 16,2018-12-24,05:00:00,7,3,4,FMN GV 03 Hove
46,Statielei 16,2018-12-24,06:00:00,16,12,4,FMN GV 03 Hove
46,Statielei 16,2018-12-24,07:00:00,46,41,5,FMN GV 03 Hove
46,Statielei 16,2018-12-24,08:00:00,41,30,11,FMN GV 03 Hove
46,Statielei 16,2018-12-24,09:00:00,25,13,12,FMN GV 03 Hove
46,Statielei 16,2018-12-24,10:00:00,55,31,24,FMN GV 03 Hove
46,Statielei 16,2018-12-24,11:00:00,75,36,39,FMN GV 03 Hove
46,Statielei 16,2018-12-24,12:00:00,73,35,38,FMN GV 03 Hove
46,Statielei 16,2018-12-24,13:00:00,81,40,41,FMN GV 03 Hove
46,Statielei 16,2018-12-24,14:00:00,75,41,34,FMN GV 03 Hove
46,Statielei 16,2018-12-24,15:00:00,97,40,57,FMN GV 03 Hove
46,Statielei 16,2018-12-24,16:00:00,80,31,49,FMN GV 03 Hove
46,Statielei 16,2018-12-24,17:00:00,37,15,22,FMN GV 03 Hove
46,Statielei 16,2018-12-24,18:00:00,22,5,17,FMN GV 03 Hove
46,Statielei 16,2018-12-24,19:00:00,24,10,14,FMN GV 03 Hove
46,Statielei 16,2018-12-24,20:00:00,9,8,1,FMN GV 03 Hove
46,Statielei 16,2018-12-24,21:00:00,9,6,3,FMN GV 03 Hove
46,Statielei 16,2018-12-24,22:00:00,3,3,0,FMN GV 03 Hove
46,Statielei 16,2018-12-24,23:00:00,17,10,7,FMN GV 03 Hove
46,Statielei 16,2018-12-25,00:00:00,12,6,6,FMN GV 03 Hove
46,Statielei 16,2018-12-25,01:00:00,11,9,2,FMN GV 03 Hove
46,Statielei 16,2018-12-25,02:00:00,9,5,4,FMN GV 03 Hove
46,Statielei 16,2018-12-25,03:00:00,1,1,0,FMN GV 03 Hove
46,Statielei 16,2018-12-25,04:00:00,1,0,1,FMN GV 03 Hove
46,Statielei 16,2018-12-25,05:00:00,1,1,0,FMN GV 03 Hove
46,Statielei 16,2018-12-25,06:00:00,3,1,2,FMN GV 03 Hove
46,Statielei 16,2018-12-25,07:00:00,2,0,2,FMN GV 03 Hove
46,Statielei 16,2018-12-25,08:00:00,11,3,8,FMN GV 03 Hove
46,Statielei 16,2018-12-25,09:00:00,29,16,13,FMN GV 03 Hove
46,Statielei 16,2018-12-25,10:00:00,24,8,16,FMN GV 03 Hove
46,Statielei 16,2018-12-25,11:00:00,39,19,20,FMN GV 03 Hove
46,Statielei 16,2018-12-25,12:00:00,66,26,40,FMN GV 03 Hove
46,Statielei 16,2018-12-25,13:00:00,60,30,30,FMN GV 03 Hove
46,Statielei 16,2018-12-25,14:00:00,60,30,30,FMN GV 03 Hove
46,Statielei 16,2018-12-25,15:00:00,43,18,25,FMN GV 03 Hove
46,Statielei 16,2018-12-25,16:00:00,41,21,20,FMN GV 03 Hove
46,Statielei 16,2018-12-25,17:00:00,18,10,8,FMN GV 03 Hove
46,Statielei 16,2018-12-25,18:00:00,14,6,8,FMN GV 03 Hove
46,Statielei 16,2018-12-25,19:00:00,6,4,2,FMN GV 03 Hove
46,Statielei 16,2018-12-25,20:00:00,10,7,3,FMN GV 03 Hove
46,Statielei 16,2018-12-25,21:00:00,12,7,5,FMN GV 03 Hove
46,Statielei 16,2018-12-25,22:00:00,15,8,7,FMN GV 03 Hove
46,Statielei 16,2018-12-25,23:00:00,12,10,2,FMN GV 03 Hove
46,Statielei 16,2018-12-26,00:00:00,9,7,2,FMN GV 03 Hove
46,Statielei 16,2018-12-26,01:00:00,1,0,1,FMN GV 03 Hove
46,Statielei 16,2018-12-26,02:00:00,1,1,0,FMN GV 03 Hove
46,Statielei 16,2018-12-26,03:00:00,0,0,0,FMN GV 03 Hove
46,Statielei 16,2018-12-26,04:00:00,6,3,3,FMN GV 03 Hove
46,Statielei 16,2018-12-26,05:00:00,8,1,7,FMN GV 03 Hove
46,Statielei 16,2018-12-26,06:00:00,12,11,1,FMN GV 03 Hove
46,Statielei 16,2018-12-26,07:00:00,30,18,12,FMN GV 03 Hove
46,Statielei 16,2018-12-26,08:00:00,44,23,21,FMN GV 03 Hove
46,Statielei 16,2018-12-26,09:00:00,36,14,22,FMN GV 03 Hove
46,Statielei 16,2018-12-26,10:00:00,55,32,23,FMN GV 03 Hove
46,Statielei 16,2018-12-26,11:00:00,63,33,30,FMN GV 03 Hove
46,Statielei 16,2018-12-26,12:00:00,70,33,37,FMN GV 03 Hove
46,Statielei 16,2018-12-26,13:00:00,76,34,42,FMN GV 03 Hove
46,Statielei 16,2018-12-26,14:00:00,86,55,31,FMN GV 03 Hove
46,Statielei 16,2018-12-26,15:00:00,45,27,18,FMN GV 03 Hove
46,Statielei 16,2018-12-26,16:00:00,69,30,39,FMN GV 03 Hove
46,Statielei 16,2018-12-26,17:00:00,55,23,32,FMN GV 03 Hove
46,Statielei 16,2018-12-26,18:00:00,46,17,29,FMN GV 03 Hove
46,Statielei 16,2018-12-26,19:00:00,18,8,10,FMN GV 03 Hove
46,Statielei 16,2018-12-26,20:00:00,15,5,10,FMN GV 03 Hove
46,Statielei 16,2018-12-26,21:00:00,18,11,7,FMN GV 03 Hove
46,Statielei 16,2018-12-26,22:00:00,16,7,9,FMN GV 03 Hove
46,Statielei 16,2018-12-26,23:00:00,6,3,3,FMN GV 03 Hove
46,Statielei 16,2018-12-27,00:00:00,9,5,4,FMN GV 03 Hove
46,Statielei 16,2018-12-27,01:00:00,1,0,1,FMN GV 03 Hove
46,Statielei 16,2018-12-27,02:00:00,4,3,1,FMN GV 03 Hove
46,Statielei 16,2018-12-27,03:00:00,1,0,1,FMN GV 03 Hove
46,Statielei 16,2018-12-27,04:00:00,6,5,1,FMN GV 03 Hove
46,Statielei 16,2018-12-27,05:00:00,4,1,3,FMN GV 03 Hove
46,Statielei 16,2018-12-27,06:00:00,20,17,3,FMN GV 03 Hove
46,Statielei 16,2018-12-27,07:00:00,62,48,14,FMN GV 03 Hove
46,Statielei 16,2018-12-27,08:00:00,64,43,21,FMN GV 03 Hove
46,Statielei 16,2018-12-27,09:00:00,46,36,10,FMN GV 03 Hove
46,Statielei 16,2018-12-27,10:00:00,47,34,13,FMN GV 03 Hove
46,Statielei 16,2018-12-27,11:00:00,48,29,19,FMN GV 03 Hove
46,Statielei 16,2018-12-27,12:00:00,75,29,46,FMN GV 03 Hove
46,Statielei 16,2018-12-27,13:00:00,53,25,28,FMN GV 03 Hove
46,Statielei 16,2018-12-27,14:00:00,77,39,38,FMN GV 03 Hove
46,Statielei 16,2018-12-27,15:00:00,54,30,24,FMN GV 03 Hove
46,Statielei 16,2018-12-27,16:00:00,68,24,44,FMN GV 03 Hove
46,Statielei 16,2018-12-27,17:00:00,79,29,50,FMN GV 03 Hove
46,Statielei 16,2018-12-27,18:00:00,54,19,35,FMN GV 03 Hove
46,Statielei 16,2018-12-27,19:00:00,32,15,17,FMN GV 03 Hove
46,Statielei 16,2018-12-27,20:00:00,26,11,15,FMN GV 03 Hove
46,Statielei 16,2018-12-27,21:00:00,22,14,8,FMN GV 03 Hove
46,Statielei 16,2018-12-27,22:00:00,10,6,4,FMN GV 03 Hove
46,Statielei 16,2018-12-27,23:00:00,5,2,3,FMN GV 03 Hove
46,Statielei 16,2018-12-28,00:00:00,10,3,7,FMN GV 03 Hove
46,Statielei 16,2018-12-28,01:00:00,6,1,5,FMN GV 03 Hove
46,Statielei 16,2018-12-28,02:00:00,4,3,1,FMN GV 03 Hove
46,Statielei 16,2018-12-28,03:00:00,3,1,2,FMN GV 03 Hove
46,Statielei 16,2018-12-28,04:00:00,4,3,1,FMN GV 03 Hove
46,Statielei 16,2018-12-28,05:00:00,5,3,2,FMN GV 03 Hove
46,Statielei 16,2018-12-28,06:00:00,25,21,4,FMN GV 03 Hove
46,Statielei 16,2018-12-28,07:00:00,46,33,13,FMN GV 03 Hove
46,Statielei 16,2018-12-28,08:00:00,66,42,24,FMN GV 03 Hove
46,Statielei 16,2018-12-28,09:00:00,37,23,14,FMN GV 03 Hove
46,Statielei 16,2018-12-28,10:00:00,32,14,18,FMN GV 03 Hove
46,Statielei 16,2018-12-28,11:00:00,42,23,19,FMN GV 03 Hove
46,Statielei 16,2018-12-28,12:00:00,41,24,17,FMN GV 03 Hove
46,Statielei 16,2018-12-28,13:00:00,44,32,12,FMN GV 03 Hove
46,Statielei 16,2018-12-28,14:00:00,65,40,25,FMN GV 03 Hove
46,Statielei 16,2018-12-28,15:00:00,55,30,25,FMN GV 03 Hove
46,Statielei 16,2018-12-28,16:00:00,79,30,49,FMN GV 03 Hove
46,Statielei 16,2018-12-28,17:00:00,64,19,45,FMN GV 03 Hove
46,Statielei 16,2018-12-28,18:00:00,45,21,24,FMN GV 03 Hove
46,Statielei 16,2018-12-28,19:00:00,17,10,7,FMN GV 03 Hove
46,Statielei 16,2018-12-28,20:00:00,15,8,7,FMN GV 03 Hove
46,Statielei 16,2018-12-28,21:00:00,16,7,9,FMN GV 03 Hove
46,Statielei 16,2018-12-28,22:00:00,6,2,4,FMN GV 03 Hove
46,Statielei 16,2018-12-28,23:00:00,11,4,7,FMN GV 03 Hove
46,Statielei 16,2018-12-29,00:00:00,4,2,2,FMN GV 03 Hove
46,Statielei 16,2018-12-29,01:00:00,4,3,1,FMN GV 03 Hove
46,Statielei 16,2018-12-29,02:00:00,8,3,5,FMN GV 03 Hove
46,Statielei 16,2018-12-29,03:00:00,2,1,1,FMN GV 03 Hove
46,Statielei 16,2018-12-29,04:00:00,7,3,4,FMN GV 03 Hove
46,Statielei 16,2018-12-29,05:00:00,5,3,2,FMN GV 03 Hove
46,Statielei 16,2018-12-29,06:00:00,4,1,3,FMN GV 03 Hove
46,Statielei 16,2018-12-29,07:00:00,10,3,7,FMN GV 03 Hove
46,Statielei 16,2018-12-29,08:00:00,6,3,3,FMN GV 03 Hove
46,Statielei 16,2018-12-29,09:00:00,19,10,9,FMN GV 03 Hove
46,Statielei 16,2018-12-29,10:00:00,43,18,25,FMN GV 03 Hove
46,Statielei 16,2018-12-29,11:00:00,49,25,24,FMN GV 03 Hove
46,Statielei 16,2018-12-29,12:00:00,78,43,35,FMN GV 03 Hove
46,Statielei 16,2018-12-29,13:00:00,62,38,24,FMN GV 03 Hove
46,Statielei 16,2018-12-29,14:00:00,68,41,27,FMN GV 03 Hove
46,Statielei 16,2018-12-29,15:00:00,41,20,21,FMN GV 03 Hove
46,Statielei 16,2018-12-29,16:00:00,37,15,22,FMN GV 03 Hove
46,Statielei 16,2018-12-29,17:00:00,29,12,17,FMN GV 03 Hove
46,Statielei 16,2018-12-29,18:00:00,22,14,8,FMN GV 03 Hove
46,Statielei 16,2018-12-29,19:00:00,21,14,7,FMN GV 03 Hove
46,Statielei 16,2018-12-29,20:00:00,12,6,6,FMN GV 03 Hove
46,Statielei 16,2018-12-29,21:00:00,11,5,6,FMN GV 03 Hove
46,Statielei 16,2018-12-29,22:00:00,9,3,6,FMN GV 03 Hove
46,Statielei 16,2018-12-29,23:00:00,5,1,4,FMN GV 03 Hove
46,Statielei 16,2018-12-30,00:00:00,8,5,3,FMN GV 03 Hove
46,Statielei 16,2018-12-30,01:00:00,4,1,3,FMN GV 03 Hove
46,Statielei 16,2018-12-30,02:00:00,4,1,3,FMN GV 03 Hove
46,Statielei 16,2018-12-30,03:00:00,2,1,1,FMN GV 03 Hove
46,Statielei 16,2018-12-30,04:00:00,4,1,3,FMN GV 03 Hove
46,Statielei 16,2018-12-30,05:00:00,4,4,0,FMN GV 03 Hove
46,Statielei 16,2018-12-30,06:00:00,3,2,1,FMN GV 03 Hove
46,Statielei 16,2018-12-30,07:00:00,6,3,3,FMN GV 03 Hove
46,Statielei 16,2018-12-30,08:00:00,11,1,10,FMN GV 03 Hove
46,Statielei 16,2018-12-30,09:00:00,37,11,26,FMN GV 03 Hove
46,Statielei 16,2018-12-30,10:00:00,49,18,31,FMN GV 03 Hove
46,Statielei 16,2018-12-30,11:00:00,65,44,21,FMN GV 03 Hove
46,Statielei 16,2018-12-30,12:00:00,76,47,29,FMN GV 03 Hove
46,Statielei 16,2018-12-30,13:00:00,66,33,33,FMN GV 03 Hove
46,Statielei 16,2018-12-30,14:00:00,70,37,33,FMN GV 03 Hove
46,Statielei 16,2018-12-30,15:00:00,59,40,19,FMN GV 03 Hove
46,Statielei 16,2018-12-30,16:00:00,43,20,23,FMN GV 03 Hove
46,Statielei 16,2018-12-30,17:00:00,27,16,11,FMN GV 03 Hove
46,Statielei 16,2018-12-30,18:00:00,20,6,14,FMN GV 03 Hove
46,Statielei 16,2018-12-30,19:00:00,17,11,6,FMN GV 03 Hove
46,Statielei 16,2018-12-30,20:00:00,16,6,10,FMN GV 03 Hove
46,Statielei 16,2018-12-30,21:00:00,9,3,6,FMN GV 03 Hove
46,Statielei 16,2018-12-30,22:00:00,12,8,4,FMN GV 03 Hove
46,Statielei 16,2018-12-30,23:00:00,2,2,0,FMN GV 03 Hove
46,Statielei 16,2018-12-31,00:00:00,9,4,5,FMN GV 03 Hove
46,Statielei 16,2018-12-31,01:00:00,4,1,3,FMN GV 03 Hove
46,Statielei 16,2018-12-31,02:00:00,1,1,0,FMN GV 03 Hove
46,Statielei 16,2018-12-31,03:00:00,3,0,3,FMN GV 03 Hove
46,Statielei 16,2018-12-31,04:00:00,8,6,2,FMN GV 03 Hove
46,Statielei 16,2018-12-31,05:00:00,6,2,4,FMN GV 03 Hove
46,Statielei 16,2018-12-31,06:00:00,16,13,3,FMN GV 03 Hove
46,Statielei 16,2018-12-31,07:00:00,39,31,8,FMN GV 03 Hove
46,Statielei 16,2018-12-31,08:00:00,25,14,11,FMN GV 03 Hove
46,Statielei 16,2018-12-31,09:00:00,29,16,13,FMN GV 03 Hove
46,Statielei 16,2018-12-31,10:00:00,41,22,19,FMN GV 03 Hove
46,Statielei 16,2018-12-31,11:00:00,48,25,23,FMN GV 03 Hove
46,Statielei 16,2018-12-31,12:00:00,37,24,13,FMN GV 03 Hove
46,Statielei 16,2018-12-31,13:00:00,54,34,20,FMN GV 03 Hove
46,Statielei 16,2018-12-31,14:00:00,75,38,37,FMN GV 03 Hove
46,Statielei 16,2018-12-31,15:00:00,68,35,33,FMN GV 03 Hove
46,Statielei 16,2018-12-31,16:00:00,62,28,34,FMN GV 03 Hove
46,Statielei 16,2018-12-31,17:00:00,43,21,22,FMN GV 03 Hove
46,Statielei 16,2018-12-31,18:00:00,68,39,29,FMN GV 03 Hove
46,Statielei 16,2018-12-31,19:00:00,21,11,10,FMN GV 03 Hove
46,Statielei 16,2018-12-31,20:00:00,4,3,1,FMN GV 03 Hove
46,Statielei 16,2018-12-31,21:00:00,5,5,0,FMN GV 03 Hove
46,Statielei 16,2018-12-31,22:00:00,6,6,0,FMN GV 03 Hove
46,Statielei 16,2018-12-31,23:00:00,9,6,3,FMN GV 03 Hove
46,Statielei 16,2019-01-01,00:00:00,4,4,0,FMN GV 03 Hove
46,Statielei 16,2019-01-01,01:00:00,32,22,10,FMN GV 03 Hove
46,Statielei 16,2019-01-01,02:00:00,37,11,26,FMN GV 03 Hove
46,Statielei 16,2019-01-01,03:00:00,25,14,11,FMN GV 03 Hove
46,Statielei 16,2019-01-01,04:00:00,27,7,20,FMN GV 03 Hove
46,Statielei 16,2019-01-01,05:00:00,9,4,5,FMN GV 03 Hove
46,Statielei 16,2019-01-01,06:00:00,17,6,11,FMN GV 03 Hove
46,Statielei 16,2019-01-01,07:00:00,1,0,1,FMN GV 03 Hove
46,Statielei 16,2019-01-01,08:00:00,3,2,1,FMN GV 03 Hove
46,Statielei 16,2019-01-01,09:00:00,5,3,2,FMN GV 03 Hove
46,Statielei 16,2019-01-01,10:00:00,21,9,12,FMN GV 03 Hove
46,Statielei 16,2019-01-01,11:00:00,10,6,4,FMN GV 03 Hove
46,Statielei 16,2019-01-01,12:00:00,32,14,18,FMN GV 03 Hove
46,Statielei 16,2019-01-01,13:00:00,18,11,7,FMN GV 03 Hove
46,Statielei 16,2019-01-01,14:00:00,20,12,8,FMN GV 03 Hove
46,Statielei 16,2019-01-01,15:00:00,25,11,14,FMN GV 03 Hove
46,Statielei 16,2019-01-01,16:00:00,28,14,14,FMN GV 03 Hove
46,Statielei 16,2019-01-01,17:00:00,23,12,11,FMN GV 03 Hove
46,Statielei 16,2019-01-01,18:00:00,7,3,4,FMN GV 03 Hove
46,Statielei 16,2019-01-01,19:00:00,5,4,1,FMN GV 03 Hove
46,Statielei 16,2019-01-01,20:00:00,13,6,7,FMN GV 03 Hove
46,Statielei 16,2019-01-01,21:00:00,13,4,9,FMN GV 03 Hove
46,Statielei 16,2019-01-01,22:00:00,5,2,3,FMN GV 03 Hove
46,Statielei 16,2019-01-01,23:00:00,1,1,0,FMN GV 03 Hove
46,Statielei 16,2019-01-02,00:00:00,5,2,3,FMN GV 03 Hove
46,Statielei 16,2019-01-02,01:00:00,2,1,1,FMN GV 03 Hove
46,Statielei 16,2019-01-02,02:00:00,3,2,1,FMN GV 03 Hove
46,Statielei 16,2019-01-02,03:00:00,1,0,1,FMN GV 03 Hove
46,Statielei 16,2019-01-02,04:00:00,5,3,2,FMN GV 03 Hove
46,Statielei 16,2019-01-02,05:00:00,13,8,5,FMN GV 03 Hove
46,Statielei 16,2019-01-02,06:00:00,36,27,9,FMN GV 03 Hove
46,Statielei 16,2019-01-02,07:00:00,100,72,28,FMN GV 03 Hove
46,Statielei 16,2019-01-02,08:00:00,106,71,35,FMN GV 03 Hove
46,Statielei 16,2019-01-02,09:00:00,51,36,15,FMN GV 03 Hove
46,Statielei 16,2019-01-02,10:00:00,55,29,26,FMN GV 03 Hove
46,Statielei 16,2019-01-02,11:00:00,60,35,25,FMN GV 03 Hove
46,Statielei 16,2019-01-02,12:00:00,71,32,39,FMN GV 03 Hove
46,Statielei 16,2019-01-02,13:00:00,56,30,26,FMN GV 03 Hove
46,Statielei 16,2019-01-02,14:00:00,65,31,34,FMN GV 03 Hove
46,Statielei 16,2019-01-02,15:00:00,65,39,26,FMN GV 03 Hove
46,Statielei 16,2019-01-02,16:00:00,103,49,54,FMN GV 03 Hove
46,Statielei 16,2019-01-02,17:00:00,128,50,78,FMN GV 03 Hove
46,Statielei 16,2019-01-02,18:00:00,64,25,39,FMN GV 03 Hove
46,Statielei 16,2019-01-02,19:00:00,28,11,17,FMN GV 03 Hove
46,Statielei 16,2019-01-02,20:00:00,14,4,10,FMN GV 03 Hove
46,Statielei 16,2019-01-02,21:00:00,13,6,7,FMN GV 03 Hove
46,Statielei 16,2019-01-02,22:00:00,15,7,8,FMN GV 03 Hove
46,Statielei 16,2019-01-02,23:00:00,11,4,7,FMN GV 03 Hove
46,Statielei 16,2019-01-03,00:00:00,6,3,3,FMN GV 03 Hove
46,Statielei 16,2019-01-03,01:00:00,5,1,4,FMN GV 03 Hove
46,Statielei 16,2019-01-03,02:00:00,3,2,1,FMN GV 03 Hove
46,Statielei 16,2019-01-03,03:00:00,2,1,1,FMN GV 03 Hove
46,Statielei 16,2019-01-03,04:00:00,6,5,1,FMN GV 03 Hove
46,Statielei 16,2019-01-03,05:00:00,18,10,8,FMN GV 03 Hove
46,Statielei 16,2019-01-03,06:00:00,56,44,12,FMN GV 03 Hove
46,Statielei 16,2019-01-03,07:00:00,140,105,35,FMN GV 03 Hove
46,Statielei 16,2019-01-03,08:00:00,146,109,37,FMN GV 03 Hove
46,Statielei 16,2019-01-03,09:00:00,59,42,17,FMN GV 03 Hove
46,Statielei 16,2019-01-03,10:00:00,34,26,8,FMN GV 03 Hove
46,Statielei 16,2019-01-03,11:00:00,40,18,22,FMN GV 03 Hove
46,Statielei 16,2019-01-03,12:00:00,47,35,12,FMN GV 03 Hove
46,Statielei 16,2019-01-03,13:00:00,45,25,20,FMN GV 03 Hove
46,Statielei 16,2019-01-03,14:00:00,60,33,27,FMN GV 03 Hove
46,Statielei 16,2019-01-03,15:00:00,56,28,28,FMN GV 03 Hove
46,Statielei 16,2019-01-03,16:00:00,111,39,72,FMN GV 03 Hove
46,Statielei 16,2019-01-03,17:00:00,158,51,107,FMN GV 03 Hove
46,Statielei 16,2019-01-03,18:00:00,87,29,58,FMN GV 03 Hove
46,Statielei 16,2019-01-03,19:00:00,38,17,21,FMN GV 03 Hove
46,Statielei 16,2019-01-03,20:00:00,28,15,13,FMN GV 03 Hove
46,Statielei 16,2019-01-03,21:00:00,12,5,7,FMN GV 03 Hove
46,Statielei 16,2019-01-03,22:00:00,23,7,16,FMN GV 03 Hove
46,Statielei 16,2019-01-03,23:00:00,8,2,6,FMN GV 03 Hove
46,Statielei 16,2019-01-04,00:00:00,8,3,5,FMN GV 03 Hove
46,Statielei 16,2019-01-04,01:00:00,8,3,5,FMN GV 03 Hove
46,Statielei 16,2019-01-04,02:00:00,2,1,1,FMN GV 03 Hove
46,Statielei 16,2019-01-04,03:00:00,3,0,3,FMN GV 03 Hove
46,Statielei 16,2019-01-04,04:00:00,3,2,1,FMN GV 03 Hove
46,Statielei 16,2019-01-04,05:00:00,10,6,4,FMN GV 03 Hove
46,Statielei 16,2019-01-04,06:00:00,47,38,9,FMN GV 03 Hove
46,Statielei 16,2019-01-04,07:00:00,112,85,27,FMN GV 03 Hove
46,Statielei 16,2019-01-04,08:00:00,115,83,32,FMN GV 03 Hove
46,Statielei 16,2019-01-04,09:00:00,41,27,14,FMN GV 03 Hove
46,Statielei 16,2019-01-04,10:00:00,34,22,12,FMN GV 03 Hove
46,Statielei 16,2019-01-04,11:00:00,51,32,19,FMN GV 03 Hove
46,Statielei 16,2019-01-04,12:00:00,57,30,27,FMN GV 03 Hove
46,Statielei 16,2019-01-04,13:00:00,64,32,32,FMN GV 03 Hove
46,Statielei 16,2019-01-04,14:00:00,58,25,33,FMN GV 03 Hove
46,Statielei 16,2019-01-04,15:00:00,56,28,28,FMN GV 03 Hove
46,Statielei 16,2019-01-04,16:00:00,112,40,72,FMN GV 03 Hove
46,Statielei 16,2019-01-04,17:00:00,102,34,68,FMN GV 03 Hove
46,Statielei 16,2019-01-04,18:00:00,65,27,38,FMN GV 03 Hove
46,Statielei 16,2019-01-04,19:00:00,31,10,21,FMN GV 03 Hove
46,Statielei 16,2019-01-04,20:00:00,29,14,15,FMN GV 03 Hove
46,Statielei 16,2019-01-04,21:00:00,29,20,9,FMN GV 03 Hove
46,Statielei 16,2019-01-04,22:00:00,23,9,14,FMN GV 03 Hove
46,Statielei 16,2019-01-04,23:00:00,7,4,3,FMN GV 03 Hove
46,Statielei 16,2019-01-05,00:00:00,11,5,6,FMN GV 03 Hove
46,Statielei 16,2019-01-05,01:00:00,14,6,8,FMN GV 03 Hove
46,Statielei 16,2019-01-05,02:00:00,5,2,3,FMN GV 03 Hove
46,Statielei 16,2019-01-05,03:00:00,3,1,2,FMN GV 03 Hove
46,Statielei 16,2019-01-05,04:00:00,1,0,1,FMN GV 03 Hove
46,Statielei 16,2019-01-05,05:00:00,6,3,3,FMN GV 03 Hove
46,Statielei 16,2019-01-05,06:00:00,9,3,6,FMN GV 03 Hove
46,Statielei 16,2019-01-05,07:00:00,6,3,3,FMN GV 03 Hove
46,Statielei 16,2019-01-05,08:00:00,6,2,4,FMN GV 03 Hove
46,Statielei 16,2019-01-05,09:00:00,34,13,21,FMN GV 03 Hove
46,Statielei 16,2019-01-05,10:00:00,36,18,18,FMN GV 03 Hove
46,Statielei 16,2019-01-05,11:00:00,59,37,22,FMN GV 03 Hove
46,Statielei 16,2019-01-05,12:00:00,49,32,17,FMN GV 03 Hove
46,Statielei 16,2019-01-05,13:00:00,49,26,23,FMN GV 03 Hove
46,Statielei 16,2019-01-05,14:00:00,47,28,19,FMN GV 03 Hove
46,Statielei 16,2019-01-05,15:00:00,52,30,22,FMN GV 03 Hove
46,Statielei 16,2019-01-05,16:00:00,36,16,20,FMN GV 03 Hove
46,Statielei 16,2019-01-05,17:00:00,47,26,21,FMN GV 03 Hove
46,Statielei 16,2019-01-05,18:00:00,23,12,11,FMN GV 03 Hove
46,Statielei 16,2019-01-05,19:00:00,13,7,6,FMN GV 03 Hove
46,Statielei 16,2019-01-05,20:00:00,25,14,11,FMN GV 03 Hove
46,Statielei 16,2019-01-05,21:00:00,15,8,7,FMN GV 03 Hove
46,Statielei 16,2019-01-05,22:00:00,14,3,11,FMN GV 03 Hove
46,Statielei 16,2019-01-05,23:00:00,9,5,4,FMN GV 03 Hove
46,Statielei 16,2019-01-06,00:00:00,5,2,3,FMN GV 03 Hove
46,Statielei 16,2019-01-06,01:00:00,5,2,3,FMN GV 03 Hove
46,Statielei 16,2019-01-06,02:00:00,2,0,2,FMN GV 03 Hove
46,Statielei 16,2019-01-06,03:00:00,6,0,6,FMN GV 03 Hove
46,Statielei 16,2019-01-06,04:00:00,2,1,1,FMN GV 03 Hove
46,Statielei 16,2019-01-06,05:00:00,3,2,1,FMN GV 03 Hove
46,Statielei 16,2019-01-06,06:00:00,4,2,2,FMN GV 03 Hove
46,Statielei 16,2019-01-06,07:00:00,9,3,6,FMN GV 03 Hove
46,Statielei 16,2019-01-06,08:00:00,8,4,4,FMN GV 03 Hove
46,Statielei 16,2019-01-06,09:00:00,37,13,24,FMN GV 03 Hove
46,Statielei 16,2019-01-06,10:00:00,43,16,27,FMN GV 03 Hove
46,Statielei 16,2019-01-06,11:00:00,68,44,24,FMN GV 03 Hove
46,Statielei 16,2019-01-06,12:00:00,63,43,20,FMN GV 03 Hove
46,Statielei 16,2019-01-06,13:00:00,56,38,18,FMN GV 03 Hove
46,Statielei 16,2019-01-06,14:00:00,68,33,35,FMN GV 03 Hove
46,Statielei 16,2019-01-06,15:00:00,58,27,31,FMN GV 03 Hove
46,Statielei 16,2019-01-06,16:00:00,31,24,7,FMN GV 03 Hove
46,Statielei 16,2019-01-06,17:00:00,34,16,18,FMN GV 03 Hove
46,Statielei 16,2019-01-06,18:00:00,14,8,6,FMN GV 03 Hove
46,Statielei 16,2019-01-06,19:00:00,10,6,4,FMN GV 03 Hove
46,Statielei 16,2019-01-06,20:00:00,21,14,7,FMN GV 03 Hove
46,Statielei 16,2019-01-06,21:00:00,14,10,4,FMN GV 03 Hove
46,Statielei 16,2019-01-06,22:00:00,11,6,5,FMN GV 03 Hove
46,Statielei 16,2019-01-06,23:00:00,3,0,3,FMN GV 03 Hove
46,Statielei 16,2019-01-07,00:00:00,1,0,1,FMN GV 03 Hove
46,Statielei 16,2019-01-07,01:00:00,2,0,2,FMN GV 03 Hove
46,Statielei 16,2019-01-07,02:00:00,0,0,0,FMN GV 03 Hove
46,Statielei 16,2019-01-07,03:00:00,1,0,1,FMN GV 03 Hove
46,Statielei 16,2019-01-07,04:00:00,6,3,3,FMN GV 03 Hove
46,Statielei 16,2019-01-07,05:00:00,20,7,13,FMN GV 03 Hove
46,Statielei 16,2019-01-07,06:00:00,86,68,18,FMN GV 03 Hove
46,Statielei 16,2019-01-07,07:00:00,269,211,58,FMN GV 03 Hove
46,Statielei 16,2019-01-07,08:00:00,313,247,66,FMN GV 03 Hove
46,Statielei 16,2019-01-07,09:00:00,66,48,18,FMN GV 03 Hove
46,Statielei 16,2019-01-07,10:00:00,34,23,11,FMN GV 03 Hove
46,Statielei 16,2019-01-07,11:00:00,40,19,21,FMN GV 03 Hove
46,Statielei 16,2019-01-07,12:00:00,51,24,27,FMN GV 03 Hove
46,Statielei 16,2019-01-07,13:00:00,53,29,24,FMN GV 03 Hove
46,Statielei 16,2019-01-07,14:00:00,46,22,24,FMN GV 03 Hove
46,Statielei 16,2019-01-07,15:00:00,77,17,60,FMN GV 03 Hove
46,Statielei 16,2019-01-07,16:00:00,213,58,155,FMN GV 03 Hove
46,Statielei 16,2019-01-07,17:00:00,235,65,170,FMN GV 03 Hove
46,Statielei 16,2019-01-07,18:00:00,141,46,95,FMN GV 03 Hove
46,Statielei 16,2019-01-07,19:00:00,49,22,27,FMN GV 03 Hove
46,Statielei 16,2019-01-07,20:00:00,25,17,8,FMN GV 03 Hove
46,Statielei 16,2019-01-07,21:00:00,18,9,9,FMN GV 03 Hove
46,Statielei 16,2019-01-07,22:00:00,21,5,16,FMN GV 03 Hove
46,Statielei 16,2019-01-07,23:00:00,9,4,5,FMN GV 03 Hove
46,Statielei 16,2019-01-08,00:00:00,5,2,3,FMN GV 03 Hove
46,Statielei 16,2019-01-08,01:00:00,1,0,1,FMN GV 03 Hove
46,Statielei 16,2019-01-08,02:00:00,1,1,0,FMN GV 03 Hove
46,Statielei 16,2019-01-08,03:00:00,2,1,1,FMN GV 03 Hove
46,Statielei 16,2019-01-08,04:00:00,5,3,2,FMN GV 03 Hove
46,Statielei 16,2019-01-08,05:00:00,19,6,13,FMN GV 03 Hove
46,Statielei 16,2019-01-08,06:00:00,78,51,27,FMN GV 03 Hove
46,Statielei 16,2019-01-08,07:00:00,234,186,48,FMN GV 03 Hove
46,Statielei 16,2019-01-08,08:00:00,300,245,55,FMN GV 03 Hove
46,Statielei 16,2019-01-08,09:00:00,64,45,19,FMN GV 03 Hove
46,Statielei 16,2019-01-08,10:00:00,35,20,15,FMN GV 03 Hove
46,Statielei 16,2019-01-08,11:00:00,23,11,12,FMN GV 03 Hove
46,Statielei 16,2019-01-08,12:00:00,48,25,23,FMN GV 03 Hove
46,Statielei 16,2019-01-08,13:00:00,41,26,15,FMN GV 03 Hove
46,Statielei 16,2019-01-08,14:00:00,37,11,26,FMN GV 03 Hove
46,Statielei 16,2019-01-08,15:00:00,82,36,46,FMN GV 03 Hove
46,Statielei 16,2019-01-08,16:00:00,173,38,135,FMN GV 03 Hove
46,Statielei 16,2019-01-08,17:00:00,217,60,157,FMN GV 03 Hove
46,Statielei 16,2019-01-08,18:00:00,120,33,87,FMN GV 03 Hove
46,Statielei 16,2019-01-08,19:00:00,38,14,24,FMN GV 03 Hove
46,Statielei 16,2019-01-08,20:00:00,33,12,21,FMN GV 03 Hove
46,Statielei 16,2019-01-08,21:00:00,18,11,7,FMN GV 03 Hove
46,Statielei 16,2019-01-08,22:00:00,28,10,18,FMN GV 03 Hove
46,Statielei 16,2019-01-08,23:00:00,7,4,3,FMN GV 03 Hove
46,Statielei 16,2019-01-09,00:00:00,4,1,3,FMN GV 03 Hove
46,Statielei 16,2019-01-09,01:00:00,0,0,0,FMN GV 03 Hove
46,Statielei 16,2019-01-09,02:00:00,1,1,0,FMN GV 03 Hove
46,Statielei 16,2019-01-09,03:00:00,2,1,1,FMN GV 03 Hove
46,Statielei 16,2019-01-09,04:00:00,2,2,0,FMN GV 03 Hove
46,Statielei 16,2019-01-09,05:00:00,12,6,6,FMN GV 03 Hove
46,Statielei 16,2019-01-09,06:00:00,66,48,18,FMN GV 03 Hove
46,Statielei 16,2019-01-09,07:00:00,203,155,48,FMN GV 03 Hove
46,Statielei 16,2019-01-09,08:00:00,246,192,54,FMN GV 03 Hove
46,Statielei 16,2019-01-09,09:00:00,76,65,11,FMN GV 03 Hove
46,Statielei 16,2019-01-09,10:00:00,51,25,26,FMN GV 03 Hove
46,Statielei 16,2019-01-09,11:00:00,37,15,22,FMN GV 03 Hove
46,Statielei 16,2019-01-09,12:00:00,134,56,78,FMN GV 03 Hove
46,Statielei 16,2019-01-09,13:00:00,104,52,52,FMN GV 03 Hove
46,Statielei 16,2019-01-09,14:00:00,78,41,37,FMN GV 03 Hove
46,Statielei 16,2019-01-09,15:00:00,80,33,47,FMN GV 03 Hove
46,Statielei 16,2019-01-09,16:00:00,135,36,99,FMN GV 03 Hove
46,Statielei 16,2019-01-09,17:00:00,195,63,132,FMN GV 03 Hove
46,Statielei 16,2019-01-09,18:00:00,116,36,80,FMN GV 03 Hove
46,Statielei 16,2019-01-09,19:00:00,56,28,28,FMN GV 03 Hove
46,Statielei 16,2019-01-09,20:00:00,41,23,18,FMN GV 03 Hove
46,Statielei 16,2019-01-09,21:00:00,34,20,14,FMN GV 03 Hove
46,Statielei 16,2019-01-09,22:00:00,24,9,15,FMN GV 03 Hove
46,Statielei 16,2019-01-09,23:00:00,10,4,6,FMN GV 03 Hove
46,Statielei 16,2019-01-10,00:00:00,6,1,5,FMN GV 03 Hove
46,Statielei 16,2019-01-10,01:00:00,0,0,0,FMN GV 03 Hove
46,Statielei 16,2019-01-10,02:00:00,1,1,0,FMN GV 03 Hove
46,Statielei 16,2019-01-10,03:00:00,1,0,1,FMN GV 03 Hove
46,Statielei 16,2019-01-10,04:00:00,2,2,0,FMN GV 03 Hove
46,Statielei 16,2019-01-10,05:00:00,21,11,10,FMN GV 03 Hove
46,Statielei 16,2019-01-10,06:00:00,81,61,20,FMN GV 03 Hove
46,Statielei 16,2019-01-10,07:00:00,251,191,60,FMN GV 03 Hove
46,Statielei 16,2019-01-10,08:00:00,275,210,65,FMN GV 03 Hove
46,Statielei 16,2019-01-10,09:00:00,78,55,23,FMN GV 03 Hove
46,Statielei 16,2019-01-10,10:00:00,39,24,15,FMN GV 03 Hove
46,Statielei 16,2019-01-10,11:00:00,45,22,23,FMN GV 03 Hove
46,Statielei 16,2019-01-10,12:00:00,57,28,29,FMN GV 03 Hove
46,Statielei 16,2019-01-10,13:00:00,72,42,30,FMN GV 03 Hove
46,Statielei 16,2019-01-10,14:00:00,59,31,28,FMN GV 03 Hove
46,Statielei 16,2019-01-10,15:00:00,100,39,61,FMN GV 03 Hove
46,Statielei 16,2019-01-10,16:00:00,194,53,141,FMN GV 03 Hove
46,Statielei 16,2019-01-10,17:00:00,212,64,148,FMN GV 03 Hove
46,Statielei 16,2019-01-10,18:00:00,121,31,90,FMN GV 03 Hove
46,Statielei 16,2019-01-10,19:00:00,53,18,35,FMN GV 03 Hove
46,Statielei 16,2019-01-10,20:00:00,30,15,15,FMN GV 03 Hove
46,Statielei 16,2019-01-10,21:00:00,33,17,16,FMN GV 03 Hove
46,Statielei 16,2019-01-10,22:00:00,25,8,17,FMN GV 03 Hove
46,Statielei 16,2019-01-10,23:00:00,8,4,4,FMN GV 03 Hove
46,Statielei 16,2019-01-11,00:00:00,8,3,5,FMN GV 03 Hove
46,Statielei 16,2019-01-11,01:00:00,2,0,2,FMN GV 03 Hove
46,Statielei 16,2019-01-11,02:00:00,1,1,0,FMN GV 03 Hove
46,Statielei 16,2019-01-11,03:00:00,2,0,2,FMN GV 03 Hove
46,Statielei 16,2019-01-11,04:00:00,3,3,0,FMN GV 03 Hove
46,Statielei 16,2019-01-11,05:00:00,13,3,10,FMN GV 03 Hove
46,Statielei 16,2019-01-11,06:00:00,62,40,22,FMN GV 03 Hove
46,Statielei 16,2019-01-11,07:00:00,189,151,38,FMN GV 03 Hove
46,Statielei 16,2019-01-11,08:00:00,247,189,58,FMN GV 03 Hove
46,Statielei 16,2019-01-11,09:00:00,47,35,12,FMN GV 03 Hove
46,Statielei 16,2019-01-11,10:00:00,38,26,12,FMN GV 03 Hove
46,Statielei 16,2019-01-11,11:00:00,35,22,13,FMN GV 03 Hove
46,Statielei 16,2019-01-11,12:00:00,53,18,35,FMN GV 03 Hove
46,Statielei 16,2019-01-11,13:00:00,63,35,28,FMN GV 03 Hove
46,Statielei 16,2019-01-11,14:00:00,63,25,38,FMN GV 03 Hove
46,Statielei 16,2019-01-11,15:00:00,102,35,67,FMN GV 03 Hove
46,Statielei 16,2019-01-11,16:00:00,161,50,111,FMN GV 03 Hove
46,Statielei 16,2019-01-11,17:00:00,159,57,102,FMN GV 03 Hove
46,Statielei 16,2019-01-11,18:00:00,88,28,60,FMN GV 03 Hove
46,Statielei 16,2019-01-11,19:00:00,55,26,29,FMN GV 03 Hove
46,Statielei 16,2019-01-11,20:00:00,30,15,15,FMN GV 03 Hove
46,Statielei 16,2019-01-11,21:00:00,24,9,15,FMN GV 03 Hove
46,Statielei 16,2019-01-11,22:00:00,21,8,13,FMN GV 03 Hove
46,Statielei 16,2019-01-11,23:00:00,23,6,17,FMN GV 03 Hove
46,Statielei 16,2019-01-12,00:00:00,19,6,13,FMN GV 03 Hove
46,Statielei 16,2019-01-12,01:00:00,8,2,6,FMN GV 03 Hove
46,Statielei 16,2019-01-12,02:00:00,2,1,1,FMN GV 03 Hove
46,Statielei 16,2019-01-12,03:00:00,4,1,3,FMN GV 03 Hove
46,Statielei 16,2019-01-12,04:00:00,5,2,3,FMN GV 03 Hove
46,Statielei 16,2019-01-12,05:00:00,7,4,3,FMN GV 03 Hove
46,Statielei 16,2019-01-12,06:00:00,12,3,9,FMN GV 03 Hove
46,Statielei 16,2019-01-12,07:00:00,6,3,3,FMN GV 03 Hove
46,Statielei 16,2019-01-12,08:00:00,17,11,6,FMN GV 03 Hove
46,Statielei 16,2019-01-12,09:00:00,39,22,17,FMN GV 03 Hove
46,Statielei 16,2019-01-12,10:00:00,40,19,21,FMN GV 03 Hove
46,Statielei 16,2019-01-12,11:00:00,84,47,37,FMN GV 03 Hove
46,Statielei 16,2019-01-12,12:00:00,43,22,21,FMN GV 03 Hove
46,Statielei 16,2019-01-12,13:00:00,41,25,16,FMN GV 03 Hove
46,Statielei 16,2019-01-12,14:00:00,21,12,9,FMN GV 03 Hove
46,Statielei 16,2019-01-12,15:00:00,31,15,16,FMN GV 03 Hove
46,Statielei 16,2019-01-12,16:00:00,24,7,17,FMN GV 03 Hove
46,Statielei 16,2019-01-12,17:00:00,18,10,8,FMN GV 03 Hove
46,Statielei 16,2019-01-12,18:00:00,29,13,16,FMN GV 03 Hove
46,Statielei 16,2019-01-12,19:00:00,20,12,8,FMN GV 03 Hove
46,Statielei 16,2019-01-12,20:00:00,14,6,8,FMN GV 03 Hove
46,Statielei 16,2019-01-12,21:00:00,15,11,4,FMN GV 03 Hove
46,Statielei 16,2019-01-12,22:00:00,13,3,10,FMN GV 03 Hove
46,Statielei 16,2019-01-12,23:00:00,9,5,4,FMN GV 03 Hove
46,Statielei 16,2019-01-13,00:00:00,10,7,3,FMN GV 03 Hove
46,Statielei 16,2019-01-13,01:00:00,3,1,2,FMN GV 03 Hove
46,Statielei 16,2019-01-13,02:00:00,2,1,1,FMN GV 03 Hove
46,Statielei 16,2019-01-13,03:00:00,8,5,3,FMN GV 03 Hove
46,Statielei 16,2019-01-13,04:00:00,6,0,6,FMN GV 03 Hove
46,Statielei 16,2019-01-13,05:00:00,5,2,3,FMN GV 03 Hove
46,Statielei 16,2019-01-13,06:00:00,5,1,4,FMN GV 03 Hove
46,Statielei 16,2019-01-13,07:00:00,3,1,2,FMN GV 03 Hove
46,Statielei 16,2019-01-13,08:00:00,4,1,3,FMN GV 03 Hove
46,Statielei 16,2019-01-13,09:00:00,34,15,19,FMN GV 03 Hove
46,Statielei 16,2019-01-13,10:00:00,42,22,20,FMN GV 03 Hove
46,Statielei 16,2019-01-13,11:00:00,51,30,21,FMN GV 03 Hove
46,Statielei 16,2019-01-13,12:00:00,50,30,20,FMN GV 03 Hove
46,Statielei 16,2019-01-13,13:00:00,17,12,5,FMN GV 03 Hove
46,Statielei 16,2019-01-13,14:00:00,31,12,19,FMN GV 03 Hove
46,Statielei 16,2019-01-13,15:00:00,24,13,11,FMN GV 03 Hove
46,Statielei 16,2019-01-13,16:00:00,21,11,10,FMN GV 03 Hove
46,Statielei 16,2019-01-13,17:00:00,22,8,14,FMN GV 03 Hove
46,Statielei 16,2019-01-13,18:00:00,11,6,5,FMN GV 03 Hove
46,Statielei 16,2019-01-13,19:00:00,11,5,6,FMN GV 03 Hove
46,Statielei 16,2019-01-13,20:00:00,18,14,4,FMN GV 03 Hove
46,Statielei 16,2019-01-13,21:00:00,9,7,2,FMN GV 03 Hove
46,Statielei 16,2019-01-13,22:00:00,4,2,2,FMN GV 03 Hove
46,Statielei 16,2019-01-13,23:00:00,5,4,1,FMN GV 03 Hove
46,Statielei 16,2019-01-14,00:00:00,0,0,0,FMN GV 03 Hove
46,Statielei 16,2019-01-14,01:00:00,0,0,0,FMN GV 03 Hove
46,Statielei 16,2019-01-14,02:00:00,1,1,0,FMN GV 03 Hove
46,Statielei 16,2019-01-14,03:00:00,0,0,0,FMN GV 03 Hove
46,Statielei 16,2019-01-14,04:00:00,8,6,2,FMN GV 03 Hove
46,Statielei 16,2019-01-14,05:00:00,20,8,12,FMN GV 03 Hove
46,Statielei 16,2019-01-14,06:00:00,74,54,20,FMN GV 03 Hove
46,Statielei 16,2019-01-14,07:00:00,195,154,41,FMN GV 03 Hove
46,Statielei 16,2019-01-14,08:00:00,228,188,40,FMN GV 03 Hove
46,Statielei 16,2019-01-14,09:00:00,59,45,14,FMN GV 03 Hove
46,Statielei 16,2019-01-14,10:00:00,28,17,11,FMN GV 03 Hove
46,Statielei 16,2019-01-14,11:00:00,43,24,19,FMN GV 03 Hove
46,Statielei 16,2019-01-14,12:00:00,50,27,23,FMN GV 03 Hove
46,Statielei 16,2019-01-14,13:00:00,51,34,17,FMN GV 03 Hove
46,Statielei 16,2019-01-14,14:00:00,59,24,35,FMN GV 03 Hove
46,Statielei 16,2019-01-14,15:00:00,84,30,54,FMN GV 03 Hove
46,Statielei 16,2019-01-14,16:00:00,159,45,114,FMN GV 03 Hove
46,Statielei 16,2019-01-14,17:00:00,193,51,142,FMN GV 03 Hove
46,Statielei 16,2019-01-14,18:00:00,106,25,81,FMN GV 03 Hove
46,Statielei 16,2019-01-14,19:00:00,40,18,22,FMN GV 03 Hove
46,Statielei 16,2019-01-14,20:00:00,22,13,9,FMN GV 03 Hove
46,Statielei 16,2019-01-14,21:00:00,18,8,10,FMN GV 03 Hove
46,Statielei 16,2019-01-14,22:00:00,20,7,13,FMN GV 03 Hove
46,Statielei 16,2019-01-14,23:00:00,6,2,4,FMN GV 03 Hove
46,Statielei 16,2019-01-15,00:00:00,6,2,4,FMN GV 03 Hove
46,Statielei 16,2019-01-15,01:00:00,1,0,1,FMN GV 03 Hove
46,Statielei 16,2019-01-15,02:00:00,2,1,1,FMN GV 03 Hove
46,Statielei 16,2019-01-15,03:00:00,1,1,0,FMN GV 03 Hove
46,Statielei 16,2019-01-15,04:00:00,7,5,2,FMN GV 03 Hove
46,Statielei 16,2019-01-15,05:00:00,23,15,8,FMN GV 03 Hove
46,Statielei 16,2019-01-15,06:00:00,91,66,25,FMN GV 03 Hove
46,Statielei 16,2019-01-15,07:00:00,258,202,56,FMN GV 03 Hove
46,Statielei 16,2019-01-15,08:00:00,320,243,77,FMN GV 03 Hove
46,Statielei 16,2019-01-15,09:00:00,99,75,24,FMN GV 03 Hove
46,Statielei 16,2019-01-15,10:00:00,37,29,8,FMN GV 03 Hove
46,Statielei 16,2019-01-15,11:00:00,57,30,27,FMN GV 03 Hove
46,Statielei 16,2019-01-15,12:00:00,69,38,31,FMN GV 03 Hove
46,Statielei 16,2019-01-15,13:00:00,67,35,32,FMN GV 03 Hove
46,Statielei 16,2019-01-15,14:00:00,72,23,49,FMN GV 03 Hove
46,Statielei 16,2019-01-15,15:00:00,92,33,59,FMN GV 03 Hove
46,Statielei 16,2019-01-15,16:00:00,183,47,136,FMN GV 03 Hove
46,Statielei 16,2019-01-15,17:00:00,236,64,172,FMN GV 03 Hove
46,Statielei 16,2019-01-15,18:00:00,143,45,98,FMN GV 03 Hove
46,Statielei 16,2019-01-15,19:00:00,60,23,37,FMN GV 03 Hove
46,Statielei 16,2019-01-15,20:00:00,24,9,15,FMN GV 03 Hove
46,Statielei 16,2019-01-15,21:00:00,22,7,15,FMN GV 03 Hove
46,Statielei 16,2019-01-15,22:00:00,28,10,18,FMN GV 03 Hove
46,Statielei 16,2019-01-15,23:00:00,8,3,5,FMN GV 03 Hove
46,Statielei 16,2019-01-16,00:00:00,2,1,1,FMN GV 03 Hove
46,Statielei 16,2019-01-16,01:00:00,1,1,0,FMN GV 03 Hove
46,Statielei 16,2019-01-16,02:00:00,1,1,0,FMN GV 03 Hove
46,Statielei 16,2019-01-16,03:00:00,1,1,0,FMN GV 03 Hove
46,Statielei 16,2019-01-16,04:00:00,4,3,1,FMN GV 03 Hove
46,Statielei 16,2019-01-16,05:00:00,24,13,11,FMN GV 03 Hove
46,Statielei 16,2019-01-16,06:00:00,76,63,13,FMN GV 03 Hove
46,Statielei 16,2019-01-16,07:00:00,231,176,55,FMN GV 03 Hove
46,Statielei 16,2019-01-16,08:00:00,295,221,74,FMN GV 03 Hove
46,Statielei 16,2019-01-16,09:00:00,88,65,23,FMN GV 03 Hove
46,Statielei 16,2019-01-16,10:00:00,71,33,38,FMN GV 03 Hove
46,Statielei 16,2019-01-16,11:00:00,75,36,39,FMN GV 03 Hove
46,Statielei 16,2019-01-16,12:00:00,144,64,80,FMN GV 03 Hove
46,Statielei 16,2019-01-16,13:00:00,89,31,58,FMN GV 03 Hove
46,Statielei 16,2019-01-16,14:00:00,61,22,39,FMN GV 03 Hove
46,Statielei 16,2019-01-16,15:00:00,67,30,37,FMN GV 03 Hove
46,Statielei 16,2019-01-16,16:00:00,149,45,104,FMN GV 03 Hove
46,Statielei 16,2019-01-16,17:00:00,206,60,146,FMN GV 03 Hove
46,Statielei 16,2019-01-16,18:00:00,113,32,81,FMN GV 03 Hove
46,Statielei 16,2019-01-16,19:00:00,49,17,32,FMN GV 03 Hove
46,Statielei 16,2019-01-16,20:00:00,26,12,14,FMN GV 03 Hove
46,Statielei 16,2019-01-16,21:00:00,20,12,8,FMN GV 03 Hove
46,Statielei 16,2019-01-16,22:00:00,27,3,24,FMN GV 03 Hove
46,Statielei 16,2019-01-16,23:00:00,11,3,8,FMN GV 03 Hove
46,Statielei 16,2019-01-17,00:00:00,6,1,5,FMN GV 03 Hove
46,Statielei 16,2019-01-17,01:00:00,0,0,0,FMN GV 03 Hove
46,Statielei 16,2019-01-17,02:00:00,3,1,2,FMN GV 03 Hove
46,Statielei 16,2019-01-17,03:00:00,1,1,0,FMN GV 03 Hove
46,Statielei 16,2019-01-17,04:00:00,4,4,0,FMN GV 03 Hove
46,Statielei 16,2019-01-17,05:00:00,19,9,10,FMN GV 03 Hove
46,Statielei 16,2019-01-17,06:00:00,67,53,14,FMN GV 03 Hove
46,Statielei 16,2019-01-17,07:00:00,198,154,44,FMN GV 03 Hove
46,Statielei 16,2019-01-17,08:00:00,271,223,48,FMN GV 03 Hove
46,Statielei 16,2019-01-17,09:00:00,64,49,15,FMN GV 03 Hove
46,Statielei 16,2019-01-17,10:00:00,30,21,9,FMN GV 03 Hove
46,Statielei 16,2019-01-17,11:00:00,22,15,7,FMN GV 03 Hove
46,Statielei 16,2019-01-17,12:00:00,35,15,20,FMN GV 03 Hove
46,Statielei 16,2019-01-17,13:00:00,33,13,20,FMN GV 03 Hove
46,Statielei 16,2019-01-17,14:00:00,31,12,19,FMN GV 03 Hove
46,Statielei 16,2019-01-17,15:00:00,72,25,47,FMN GV 03 Hove
46,Statielei 16,2019-01-17,16:00:00,154,42,112,FMN GV 03 Hove
46,Statielei 16,2019-01-17,17:00:00,152,38,114,FMN GV 03 Hove
46,Statielei 16,2019-01-17,18:00:00,113,35,78,FMN GV 03 Hove
46,Statielei 16,2019-01-17,19:00:00,43,14,29,FMN GV 03 Hove
46,Statielei 16,2019-01-17,20:00:00,14,6,8,FMN GV 03 Hove
46,Statielei 16,2019-01-17,21:00:00,12,3,9,FMN GV 03 Hove
46,Statielei 16,2019-01-17,22:00:00,22,5,17,FMN GV 03 Hove
46,Statielei 16,2019-01-17,23:00:00,11,6,5,FMN GV 03 Hove
46,Statielei 16,2019-01-18,00:00:00,3,1,2,FMN GV 03 Hove
46,Statielei 16,2019-01-18,01:00:00,3,0,3,FMN GV 03 Hove
46,Statielei 16,2019-01-18,02:00:00,2,1,1,FMN GV 03 Hove
46,Statielei 16,2019-01-18,03:00:00,2,2,0,FMN GV 03 Hove
46,Statielei 16,2019-01-18,04:00:00,7,7,0,FMN GV 03 Hove
46,Statielei 16,2019-01-18,05:00:00,12,6,6,FMN GV 03 Hove
46,Statielei 16,2019-01-18,06:00:00,55,44,11,FMN GV 03 Hove
46,Statielei 16,2019-01-18,07:00:00,144,98,46,FMN GV 03 Hove
46,Statielei 16,2019-01-18,08:00:00,217,175,42,FMN GV 03 Hove
46,Statielei 16,2019-01-18,09:00:00,52,36,16,FMN GV 03 Hove
46,Statielei 16,2019-01-18,10:00:00,43,27,16,FMN GV 03 Hove
46,Statielei 16,2019-01-18,11:00:00,25,13,12,FMN GV 03 Hove
46,Statielei 16,2019-01-18,12:00:00,57,27,30,FMN GV 03 Hove
46,Statielei 16,2019-01-18,13:00:00,55,29,26,FMN GV 03 Hove
46,Statielei 16,2019-01-18,14:00:00,68,28,40,FMN GV 03 Hove
46,Statielei 16,2019-01-18,15:00:00,105,42,63,FMN GV 03 Hove
46,Statielei 16,2019-01-18,16:00:00,136,35,101,FMN GV 03 Hove
46,Statielei 16,2019-01-18,17:00:00,158,49,109,FMN GV 03 Hove
46,Statielei 16,2019-01-18,18:00:00,73,27,46,FMN GV 03 Hove
46,Statielei 16,2019-01-18,19:00:00,34,14,20,FMN GV 03 Hove
46,Statielei 16,2019-01-18,20:00:00,30,20,10,FMN GV 03 Hove
46,Statielei 16,2019-01-18,21:00:00,16,7,9,FMN GV 03 Hove
46,Statielei 16,2019-01-18,22:00:00,21,4,17,FMN GV 03 Hove
46,Statielei 16,2019-01-18,23:00:00,14,5,9,FMN GV 03 Hove
46,Statielei 16,2019-01-19,00:00:00,10,6,4,FMN GV 03 Hove
46,Statielei 16,2019-01-19,01:00:00,14,4,10,FMN GV 03 Hove
46,Statielei 16,2019-01-19,02:00:00,9,3,6,FMN GV 03 Hove
46,Statielei 16,2019-01-19,03:00:00,2,0,2,FMN GV 03 Hove
46,Statielei 16,2019-01-19,04:00:00,1,0,1,FMN GV 03 Hove
46,Statielei 16,2019-01-19,05:00:00,6,2,4,FMN GV 03 Hove
46,Statielei 16,2019-01-19,06:00:00,8,6,2,FMN GV 03 Hove
46,Statielei 16,2019-01-19,07:00:00,4,3,1,FMN GV 03 Hove
46,Statielei 16,2019-01-19,08:00:00,13,9,4,FMN GV 03 Hove
46,Statielei 16,2019-01-19,09:00:00,25,13,12,FMN GV 03 Hove
46,Statielei 16,2019-01-19,10:00:00,37,30,7,FMN GV 03 Hove
46,Statielei 16,2019-01-19,11:00:00,48,24,24,FMN GV 03 Hove
46,Statielei 16,2019-01-19,12:00:00,57,26,31,FMN GV 03 Hove
46,Statielei 16,2019-01-19,13:00:00,71,39,32,FMN GV 03 Hove
46,Statielei 16,2019-01-19,14:00:00,74,37,37,FMN GV 03 Hove
46,Statielei 16,2019-01-19,15:00:00,49,27,22,FMN GV 03 Hove
46,Statielei 16,2019-01-19,16:00:00,56,31,25,FMN GV 03 Hove
46,Statielei 16,2019-01-19,17:00:00,55,24,31,FMN GV 03 Hove
46,Statielei 16,2019-01-19,18:00:00,19,8,11,FMN GV 03 Hove
46,Statielei 16,2019-01-19,19:00:00,40,27,13,FMN GV 03 Hove
46,Statielei 16,2019-01-19,20:00:00,16,8,8,FMN GV 03 Hove
46,Statielei 16,2019-01-19,21:00:00,9,5,4,FMN GV 03 Hove
46,Statielei 16,2019-01-19,22:00:00,13,5,8,FMN GV 03 Hove
46,Statielei 16,2019-01-19,23:00:00,10,2,8,FMN GV 03 Hove
46,Statielei 16,2019-01-20,00:00:00,14,5,9,FMN GV 03 Hove
46,Statielei 16,2019-01-20,01:00:00,9,2,7,FMN GV 03 Hove
46,Statielei 16,2019-01-20,02:00:00,5,2,3,FMN GV 03 Hove
46,Statielei 16,2019-01-20,03:00:00,5,2,3,FMN GV 03 Hove
46,Statielei 16,2019-01-20,04:00:00,5,2,3,FMN GV 03 Hove
46,Statielei 16,2019-01-20,05:00:00,2,0,2,FMN GV 03 Hove
46,Statielei 16,2019-01-20,06:00:00,10,7,3,FMN GV 03 Hove
46,Statielei 16,2019-01-20,07:00:00,4,1,3,FMN GV 03 Hove
46,Statielei 16,2019-01-20,08:00:00,10,2,8,FMN GV 03 Hove
46,Statielei 16,2019-01-20,09:00:00,32,12,20,FMN GV 03 Hove
46,Statielei 16,2019-01-20,10:00:00,35,10,25,FMN GV 03 Hove
46,Statielei 16,2019-01-20,11:00:00,42,20,22,FMN GV 03 Hove
46,Statielei 16,2019-01-20,12:00:00,71,35,36,FMN GV 03 Hove
46,Statielei 16,2019-01-20,13:00:00,75,36,39,FMN GV 03 Hove
46,Statielei 16,2019-01-20,14:00:00,68,41,27,FMN GV 03 Hove
46,Statielei 16,2019-01-20,15:00:00,55,27,28,FMN GV 03 Hove
46,Statielei 16,2019-01-20,16:00:00,57,36,21,FMN GV 03 Hove
46,Statielei 16,2019-01-20,17:00:00,31,18,13,FMN GV 03 Hove
46,Statielei 16,2019-01-20,18:00:00,14,7,7,FMN GV 03 Hove
46,Statielei 16,2019-01-20,19:00:00,14,8,6,FMN GV 03 Hove
46,Statielei 16,2019-01-20,20:00:00,8,4,4,FMN GV 03 Hove
46,Statielei 16,2019-01-20,21:00:00,10,8,2,FMN GV 03 Hove
46,Statielei 16,2019-01-20,22:00:00,8,1,7,FMN GV 03 Hove
46,Statielei 16,2019-01-20,23:00:00,6,1,5,FMN GV 03 Hove
46,Statielei 16,2019-01-21,00:00:00,3,3,0,FMN GV 03 Hove
46,Statielei 16,2019-01-21,01:00:00,0,0,0,FMN GV 03 Hove
46,Statielei 16,2019-01-21,02:00:00,0,0,0,FMN GV 03 Hove
46,Statielei 16,2019-01-21,03:00:00,0,0,0,FMN GV 03 Hove
46,Statielei 16,2019-01-21,04:00:00,8,5,3,FMN GV 03 Hove
46,Statielei 16,2019-01-21,05:00:00,16,6,10,FMN GV 03 Hove
46,Statielei 16,2019-01-21,06:00:00,52,41,11,FMN GV 03 Hove
46,Statielei 16,2019-01-21,07:00:00,157,122,35,FMN GV 03 Hove
46,Statielei 16,2019-01-21,08:00:00,237,184,53,FMN GV 03 Hove
46,Statielei 16,2019-01-21,09:00:00,70,55,15,FMN GV 03 Hove
46,Statielei 16,2019-01-21,10:00:00,36,27,9,FMN GV 03 Hove
46,Statielei 16,2019-01-21,11:00:00,49,23,26,FMN GV 03 Hove
46,Statielei 16,2019-01-21,12:00:00,50,27,23,FMN GV 03 Hove
46,Statielei 16,2019-01-21,13:00:00,68,42,26,FMN GV 03 Hove
46,Statielei 16,2019-01-21,14:00:00,57,29,28,FMN GV 03 Hove
46,Statielei 16,2019-01-21,15:00:00,83,41,42,FMN GV 03 Hove
46,Statielei 16,2019-01-21,16:00:00,167,52,115,FMN GV 03 Hove
46,Statielei 16,2019-01-21,17:00:00,179,56,123,FMN GV 03 Hove
46,Statielei 16,2019-01-21,18:00:00,104,25,79,FMN GV 03 Hove
46,Statielei 16,2019-01-21,19:00:00,38,15,23,FMN GV 03 Hove
46,Statielei 16,2019-01-21,20:00:00,12,3,9,FMN GV 03 Hove
46,Statielei 16,2019-01-21,21:00:00,19,4,15,FMN GV 03 Hove
46,Statielei 16,2019-01-21,22:00:00,15,5,10,FMN GV 03 Hove
46,Statielei 16,2019-01-21,23:00:00,13,4,9,FMN GV 03 Hove
46,Statielei 16,2019-01-22,00:00:00,0,0,0,FMN GV 03 Hove
46,Statielei 16,2019-01-22,01:00:00,1,0,1,FMN GV 03 Hove
46,Statielei 16,2019-01-22,02:00:00,2,2,0,FMN GV 03 Hove
46,Statielei 16,2019-01-22,03:00:00,0,0,0,FMN GV 03 Hove
46,Statielei 16,2019-01-22,04:00:00,4,3,1,FMN GV 03 Hove
46,Statielei 16,2019-01-22,05:00:00,10,7,3,FMN GV 03 Hove
46,Statielei 16,2019-01-22,06:00:00,39,32,7,FMN GV 03 Hove
46,Statielei 16,2019-01-22,07:00:00,149,118,31,FMN GV 03 Hove
46,Statielei 16,2019-01-22,08:00:00,189,145,44,FMN GV 03 Hove
46,Statielei 16,2019-01-22,09:00:00,41,28,13,FMN GV 03 Hove
46,Statielei 16,2019-01-22,10:00:00,12,11,1,FMN GV 03 Hove
46,Statielei 16,2019-01-22,11:00:00,18,5,13,FMN GV 03 Hove
46,Statielei 16,2019-01-22,12:00:00,23,14,9,FMN GV 03 Hove
46,Statielei 16,2019-01-22,13:00:00,17,12,5,FMN GV 03 Hove
46,Statielei 16,2019-01-22,14:00:00,21,11,10,FMN GV 03 Hove
46,Statielei 16,2019-01-22,15:00:00,43,12,31,FMN GV 03 Hove
46,Statielei 16,2019-01-22,16:00:00,89,22,67,FMN GV 03 Hove
46,Statielei 16,2019-01-22,17:00:00,86,20,66,FMN GV 03 Hove
46,Statielei 16,2019-01-22,18:00:00,53,14,39,FMN GV 03 Hove
46,Statielei 16,2019-01-22,19:00:00,18,4,14,FMN GV 03 Hove
46,Statielei 16,2019-01-22,20:00:00,15,6,9,FMN GV 03 Hove
46,Statielei 16,2019-01-22,21:00:00,8,4,4,FMN GV 03 Hove
46,Statielei 16,2019-01-22,22:00:00,11,3,8,FMN GV 03 Hove
46,Statielei 16,2019-01-22,23:00:00,5,2,3,FMN GV 03 Hove
46,Statielei 16,2019-01-23,00:00:00,6,2,4,FMN GV 03 Hove
46,Statielei 16,2019-01-23,01:00:00,0,0,0,FMN GV 03 Hove
46,Statielei 16,2019-01-23,02:00:00,1,1,0,FMN GV 03 Hove
46,Statielei 16,2019-01-23,03:00:00,1,0,1,FMN GV 03 Hove
46,Statielei 16,2019-01-23,04:00:00,5,3,2,FMN GV 03 Hove
46,Statielei 16,2019-01-23,05:00:00,11,7,4,FMN GV 03 Hove
46,Statielei 16,2019-01-23,06:00:00,29,21,8,FMN GV 03 Hove
46,Statielei 16,2019-01-23,07:00:00,95,70,25,FMN GV 03 Hove
46,Statielei 16,2019-01-23,08:00:00,140,101,39,FMN GV 03 Hove
46,Statielei 16,2019-01-23,09:00:00,40,30,10,FMN GV 03 Hove
46,Statielei 16,2019-01-23,10:00:00,28,19,9,FMN GV 03 Hove
46,Statielei 16,2019-01-23,11:00:00,40,20,20,FMN GV 03 Hove
46,Statielei 16,2019-01-23,12:00:00,85,42,43,FMN GV 03 Hove
46,Statielei 16,2019-01-23,13:00:00,45,16,29,FMN GV 03 Hove
46,Statielei 16,2019-01-23,14:00:00,30,10,20,FMN GV 03 Hove
46,Statielei 16,2019-01-23,15:00:00,38,8,30,FMN GV 03 Hove
46,Statielei 16,2019-01-23,16:00:00,70,21,49,FMN GV 03 Hove
46,Statielei 16,2019-01-23,17:00:00,92,35,57,FMN GV 03 Hove
46,Statielei 16,2019-01-23,18:00:00,45,12,33,FMN GV 03 Hove
46,Statielei 16,2019-01-23,19:00:00,28,15,13,FMN GV 03 Hove
46,Statielei 16,2019-01-23,20:00:00,13,6,7,FMN GV 03 Hove
46,Statielei 16,2019-01-23,21:00:00,9,0,9,FMN GV 03 Hove
46,Statielei 16,2019-01-23,22:00:00,12,2,10,FMN GV 03 Hove
46,Statielei 16,2019-01-23,23:00:00,4,3,1,FMN GV 03 Hove
46,Statielei 16,2019-01-24,00:00:00,2,0,2,FMN GV 03 Hove
46,Statielei 16,2019-01-24,01:00:00,1,1,0,FMN GV 03 Hove
46,Statielei 16,2019-01-24,02:00:00,1,1,0,FMN GV 03 Hove
46,Statielei 16,2019-01-24,03:00:00,1,0,1,FMN GV 03 Hove
46,Statielei 16,2019-01-24,04:00:00,9,6,3,FMN GV 03 Hove
46,Statielei 16,2019-01-24,05:00:00,9,5,4,FMN GV 03 Hove
46,Statielei 16,2019-01-24,06:00:00,38,33,5,FMN GV 03 Hove
46,Statielei 16,2019-01-24,07:00:00,148,110,38,FMN GV 03 Hove
46,Statielei 16,2019-01-24,08:00:00,210,172,38,FMN GV 03 Hove
46,Statielei 16,2019-01-24,09:00:00,47,31,16,FMN GV 03 Hove
46,Statielei 16,2019-01-24,10:00:00,32,20,12,FMN GV 03 Hove
46,Statielei 16,2019-01-24,11:00:00,32,21,11,FMN GV 03 Hove
46,Statielei 16,2019-01-24,12:00:00,42,20,22,FMN GV 03 Hove
46,Statielei 16,2019-01-24,13:00:00,42,20,22,FMN GV 03 Hove
46,Statielei 16,2019-01-24,14:00:00,48,23,25,FMN GV 03 Hove
46,Statielei 16,2019-01-24,15:00:00,69,28,41,FMN GV 03 Hove
46,Statielei 16,2019-01-24,16:00:00,130,33,97,FMN GV 03 Hove
46,Statielei 16,2019-01-24,17:00:00,143,40,103,FMN GV 03 Hove
46,Statielei 16,2019-01-24,18:00:00,71,29,42,FMN GV 03 Hove
46,Statielei 16,2019-01-24,19:00:00,47,16,31,FMN GV 03 Hove
46,Statielei 16,2019-01-24,20:00:00,32,14,18,FMN GV 03 Hove
46,Statielei 16,2019-01-24,21:00:00,13,4,9,FMN GV 03 Hove
46,Statielei 16,2019-01-24,22:00:00,15,3,12,FMN GV 03 Hove
46,Statielei 16,2019-01-24,23:00:00,9,2,7,FMN GV 03 Hove
46,Statielei 16,2019-01-25,00:00:00,8,0,8,FMN GV 03 Hove
46,Statielei 16,2019-01-25,01:00:00,7,4,3,FMN GV 03 Hove
46,Statielei 16,2019-01-25,02:00:00,1,1,0,FMN GV 03 Hove
46,Statielei 16,2019-01-25,03:00:00,2,0,2,FMN GV 03 Hove
46,Statielei 16,2019-01-25,04:00:00,6,4,2,FMN GV 03 Hove
46,Statielei 16,2019-01-25,05:00:00,13,8,5,FMN GV 03 Hove
46,Statielei 16,2019-01-25,06:00:00,36,28,8,FMN GV 03 Hove
46,Statielei 16,2019-01-25,07:00:00,134,94,40,FMN GV 03 Hove
46,Statielei 16,2019-01-25,08:00:00,199,159,40,FMN GV 03 Hove
46,Statielei 16,2019-01-25,09:00:00,55,39,16,FMN GV 03 Hove
46,Statielei 16,2019-01-25,10:00:00,36,22,14,FMN GV 03 Hove
46,Statielei 16,2019-01-25,11:00:00,33,18,15,FMN GV 03 Hove
46,Statielei 16,2019-01-25,12:00:00,33,21,12,FMN GV 03 Hove
46,Statielei 16,2019-01-25,13:00:00,45,18,27,FMN GV 03 Hove
46,Statielei 16,2019-01-25,14:00:00,28,11,17,FMN GV 03 Hove
46,Statielei 16,2019-01-25,15:00:00,69,29,40,FMN GV 03 Hove
46,Statielei 16,2019-01-25,16:00:00,124,31,93,FMN GV 03 Hove
46,Statielei 16,2019-01-25,17:00:00,98,28,70,FMN GV 03 Hove
46,Statielei 16,2019-01-25,18:00:00,56,20,36,FMN GV 03 Hove
46,Statielei 16,2019-01-25,19:00:00,24,9,15,FMN GV 03 Hove
46,Statielei 16,2019-01-25,20:00:00,20,9,11,FMN GV 03 Hove
46,Statielei 16,2019-01-25,21:00:00,20,8,12,FMN GV 03 Hove
46,Statielei 16,2019-01-25,22:00:00,16,10,6,FMN GV 03 Hove
46,Statielei 16,2019-01-25,23:00:00,10,3,7,FMN GV 03 Hove
46,Statielei 16,2019-01-26,00:00:00,10,4,6,FMN GV 03 Hove
46,Statielei 16,2019-01-26,01:00:00,11,4,7,FMN GV 03 Hove
46,Statielei 16,2019-01-26,02:00:00,5,2,3,FMN GV 03 Hove
46,Statielei 16,2019-01-26,03:00:00,3,1,2,FMN GV 03 Hove
46,Statielei 16,2019-01-26,04:00:00,2,0,2,FMN GV 03 Hove
46,Statielei 16,2019-01-26,05:00:00,6,6,0,FMN GV 03 Hove
46,Statielei 16,2019-01-26,06:00:00,4,3,1,FMN GV 03 Hove
46,Statielei 16,2019-01-26,07:00:00,8,6,2,FMN GV 03 Hove
46,Statielei 16,2019-01-26,08:00:00,21,10,11,FMN GV 03 Hove
46,Statielei 16,2019-01-26,09:00:00,32,19,13,FMN GV 03 Hove
46,Statielei 16,2019-01-26,10:00:00,44,24,20,FMN GV 03 Hove
46,Statielei 16,2019-01-26,11:00:00,65,33,32,FMN GV 03 Hove
46,Statielei 16,2019-01-26,12:00:00,50,28,22,FMN GV 03 Hove
46,Statielei 16,2019-01-26,13:00:00,44,23,21,FMN GV 03 Hove
46,Statielei 16,2019-01-26,14:00:00,57,33,24,FMN GV 03 Hove
46,Statielei 16,2019-01-26,15:00:00,52,27,25,FMN GV 03 Hove
46,Statielei 16,2019-01-26,16:00:00,28,16,12,FMN GV 03 Hove
46,Statielei 16,2019-01-26,17:00:00,36,13,23,FMN GV 03 Hove
46,Statielei 16,2019-01-26,18:00:00,27,15,12,FMN GV 03 Hove
46,Statielei 16,2019-01-26,19:00:00,17,10,7,FMN GV 03 Hove
46,Statielei 16,2019-01-26,20:00:00,22,10,12,FMN GV 03 Hove
46,Statielei 16,2019-01-26,21:00:00,13,9,4,FMN GV 03 Hove
46,Statielei 16,2019-01-26,22:00:00,14,9,5,FMN GV 03 Hove
46,Statielei 16,2019-01-26,23:00:00,11,3,8,FMN GV 03 Hove
46,Statielei 16,2019-01-27,00:00:00,7,4,3,FMN GV 03 Hove
46,Statielei 16,2019-01-27,01:00:00,11,1,10,FMN GV 03 Hove
46,Statielei 16,2019-01-27,02:00:00,5,2,3,FMN GV 03 Hove
46,Statielei 16,2019-01-27,03:00:00,4,1,3,FMN GV 03 Hove
46,Statielei 16,2019-01-27,04:00:00,1,0,1,FMN GV 03 Hove
46,Statielei 16,2019-01-27,05:00:00,6,3,3,FMN GV 03 Hove
46,Statielei 16,2019-01-27,06:00:00,5,3,2,FMN GV 03 Hove
46,Statielei 16,2019-01-27,07:00:00,3,3,0,FMN GV 03 Hove
46,Statielei 16,2019-01-27,08:00:00,4,2,2,FMN GV 03 Hove
46,Statielei 16,2019-01-27,09:00:00,12,4,8,FMN GV 03 Hove
46,Statielei 16,2019-01-27,10:00:00,19,8,11,FMN GV 03 Hove
46,Statielei 16,2019-01-27,11:00:00,31,16,15,FMN GV 03 Hove
46,Statielei 16,2019-01-27,12:00:00,22,11,11,FMN GV 03 Hove
46,Statielei 16,2019-01-27,13:00:00,16,6,10,FMN GV 03 Hove
46,Statielei 16,2019-01-27,14:00:00,23,11,12,FMN GV 03 Hove
46,Statielei 16,2019-01-27,15:00:00,11,7,4,FMN GV 03 Hove
46,Statielei 16,2019-01-27,16:00:00,10,5,5,FMN GV 03 Hove
46,Statielei 16,2019-01-27,17:00:00,23,8,15,FMN GV 03 Hove
46,Statielei 16,2019-01-27,18:00:00,14,5,9,FMN GV 03 Hove
46,Statielei 16,2019-01-27,19:00:00,11,4,7,FMN GV 03 Hove
46,Statielei 16,2019-01-27,20:00:00,13,7,6,FMN GV 03 Hove
46,Statielei 16,2019-01-27,21:00:00,4,4,0,FMN GV 03 Hove
46,Statielei 16,2019-01-27,22:00:00,2,1,1,FMN GV 03 Hove
46,Statielei 16,2019-01-27,23:00:00,2,1,1,FMN GV 03 Hove
46,Statielei 16,2019-01-28,00:00:00,2,1,1,FMN GV 03 Hove
46,Statielei 16,2019-01-28,01:00:00,1,0,1,FMN GV 03 Hove
46,Statielei 16,2019-01-28,02:00:00,0,0,0,FMN GV 03 Hove
46,Statielei 16,2019-01-28,03:00:00,1,1,0,FMN GV 03 Hove
46,Statielei 16,2019-01-28,04:00:00,2,2,0,FMN GV 03 Hove
46,Statielei 16,2019-01-28,05:00:00,5,1,4,FMN GV 03 Hove
46,Statielei 16,2019-01-28,06:00:00,40,34,6,FMN GV 03 Hove
46,Statielei 16,2019-01-28,07:00:00,138,109,29,FMN GV 03 Hove
46,Statielei 16,2019-01-28,08:00:00,174,139,35,FMN GV 03 Hove
46,Statielei 16,2019-01-28,09:00:00,46,36,10,FMN GV 03 Hove
46,Statielei 16,2019-01-28,10:00:00,25,14,11,FMN GV 03 Hove
46,Statielei 16,2019-01-28,11:00:00,30,19,11,FMN GV 03 Hove
46,Statielei 16,2019-01-28,12:00:00,36,14,22,FMN GV 03 Hove
46,Statielei 16,2019-01-28,13:00:00,43,18,25,FMN GV 03 Hove
46,Statielei 16,2019-01-28,14:00:00,29,12,17,FMN GV 03 Hove
46,Statielei 16,2019-01-28,15:00:00,49,19,30,FMN GV 03 Hove
46,Statielei 16,2019-01-28,16:00:00,107,35,72,FMN GV 03 Hove
46,Statielei 16,2019-01-28,17:00:00,119,30,89,FMN GV 03 Hove
46,Statielei 16,2019-01-28,18:00:00,70,20,50,FMN GV 03 Hove
46,Statielei 16,2019-01-28,19:00:00,43,11,32,FMN GV 03 Hove
46,Statielei 16,2019-01-28,20:00:00,20,12,8,FMN GV 03 Hove
46,Statielei 16,2019-01-28,21:00:00,13,7,6,FMN GV 03 Hove
46,Statielei 16,2019-01-28,22:00:00,14,2,12,FMN GV 03 Hove
46,Statielei 16,2019-01-28,23:00:00,7,3,4,FMN GV 03 Hove
46,Statielei 16,2019-01-29,00:00:00,3,1,2,FMN GV 03 Hove
46,Statielei 16,2019-01-29,01:00:00,1,0,1,FMN GV 03 Hove
46,Statielei 16,2019-01-29,02:00:00,2,1,1,FMN GV 03 Hove
46,Statielei 16,2019-01-29,03:00:00,0,0,0,FMN GV 03 Hove
46,Statielei 16,2019-01-29,04:00:00,5,5,0,FMN GV 03 Hove
46,Statielei 16,2019-01-29,05:00:00,16,9,7,FMN GV 03 Hove
46,Statielei 16,2019-01-29,06:00:00,44,33,11,FMN GV 03 Hove
46,Statielei 16,2019-01-29,07:00:00,179,135,44,FMN GV 03 Hove
46,Statielei 16,2019-01-29,08:00:00,236,181,55,FMN GV 03 Hove
46,Statielei 16,2019-01-29,09:00:00,58,46,12,FMN GV 03 Hove
46,Statielei 16,2019-01-29,10:00:00,60,31,29,FMN GV 03 Hove
46,Statielei 16,2019-01-29,11:00:00,31,16,15,FMN GV 03 Hove
46,Statielei 16,2019-01-29,12:00:00,38,21,17,FMN GV 03 Hove
46,Statielei 16,2019-01-29,13:00:00,72,41,31,FMN GV 03 Hove
46,Statielei 16,2019-01-29,14:00:00,89,43,46,FMN GV 03 Hove
46,Statielei 16,2019-01-29,15:00:00,99,44,55,FMN GV 03 Hove
46,Statielei 16,2019-01-29,16:00:00,170,46,124,FMN GV 03 Hove
46,Statielei 16,2019-01-29,17:00:00,153,51,102,FMN GV 03 Hove
46,Statielei 16,2019-01-29,18:00:00,119,41,78,FMN GV 03 Hove
46,Statielei 16,2019-01-29,19:00:00,50,19,31,FMN GV 03 Hove
46,Statielei 16,2019-01-29,20:00:00,36,14,22,FMN GV 03 Hove
46,Statielei 16,2019-01-29,21:00:00,22,9,13,FMN GV 03 Hove
46,Statielei 16,2019-01-29,22:00:00,20,9,11,FMN GV 03 Hove
46,Statielei 16,2019-01-29,23:00:00,11,4,7,FMN GV 03 Hove
46,Statielei 16,2019-01-30,00:00:00,4,1,3,FMN GV 03 Hove
46,Statielei 16,2019-01-30,01:00:00,1,0,1,FMN GV 03 Hove
46,Statielei 16,2019-01-30,02:00:00,3,2,1,FMN GV 03 Hove
46,Statielei 16,2019-01-30,03:00:00,1,1,0,FMN GV 03 Hove
46,Statielei 16,2019-01-30,04:00:00,5,4,1,FMN GV 03 Hove
46,Statielei 16,2019-01-30,05:00:00,9,6,3,FMN GV 03 Hove
46,Statielei 16,2019-01-30,06:00:00,39,31,8,FMN GV 03 Hove
46,Statielei 16,2019-01-30,07:00:00,118,85,33,FMN GV 03 Hove
46,Statielei 16,2019-01-30,08:00:00,154,119,35,FMN GV 03 Hove
46,Statielei 16,2019-01-30,09:00:00,38,32,6,FMN GV 03 Hove
46,Statielei 16,2019-01-30,10:00:00,20,13,7,FMN GV 03 Hove
46,Statielei 16,2019-01-30,11:00:00,18,4,14,FMN GV 03 Hove
46,Statielei 16,2019-01-30,12:00:00,67,29,38,FMN GV 03 Hove
46,Statielei 16,2019-01-30,13:00:00,39,16,23,FMN GV 03 Hove
46,Statielei 16,2019-01-30,14:00:00,32,11,21,FMN GV 03 Hove
46,Statielei 16,2019-01-30,15:00:00,27,13,14,FMN GV 03 Hove
46,Statielei 16,2019-01-30,16:00:00,64,18,46,FMN GV 03 Hove
46,Statielei 16,2019-01-30,17:00:00,104,26,78,FMN GV 03 Hove
46,Statielei 16,2019-01-30,18:00:00,44,18,26,FMN GV 03 Hove
46,Statielei 16,2019-01-30,19:00:00,36,13,23,FMN GV 03 Hove
46,Statielei 16,2019-01-30,20:00:00,18,9,9,FMN GV 03 Hove
46,Statielei 16,2019-01-30,21:00:00,21,11,10,FMN GV 03 Hove
46,Statielei 16,2019-01-30,22:00:00,19,6,13,FMN GV 03 Hove
46,Statielei 16,2019-01-30,23:00:00,6,3,3,FMN GV 03 Hove
46,Statielei 16,2019-01-31,00:00:00,3,1,2,FMN GV 03 Hove
46,Statielei 16,2019-01-31,01:00:00,0,0,0,FMN GV 03 Hove
46,Statielei 16,2019-01-31,02:00:00,2,2,0,FMN GV 03 Hove
46,Statielei 16,2019-01-31,03:00:00,3,2,1,FMN GV 03 Hove
46,Statielei 16,2019-01-31,04:00:00,5,5,0,FMN GV 03 Hove
46,Statielei 16,2019-01-31,05:00:00,12,5,7,FMN GV 03 Hove
46,Statielei 16,2019-01-31,06:00:00,41,32,9,FMN GV 03 Hove
46,Statielei 16,2019-01-31,07:00:00,148,112,36,FMN GV 03 Hove
46,Statielei 16,2019-01-31,08:00:00,205,152,53,FMN GV 03 Hove
46,Statielei 16,2019-01-31,09:00:00,49,32,17,FMN GV 03 Hove
46,Statielei 16,2019-01-31,10:00:00,32,18,14,FMN GV 03 Hove
46,Statielei 16,2019-01-31,11:00:00,24,15,9,FMN GV 03 Hove
46,Statielei 16,2019-01-31,12:00:00,48,26,22,FMN GV 03 Hove
46,Statielei 16,2019-01-31,13:00:00,55,30,25,FMN GV 03 Hove
46,Statielei 16,2019-01-31,14:00:00,39,14,25,FMN GV 03 Hove
46,Statielei 16,2019-01-31,15:00:00,69,27,42,FMN GV 03 Hove
46,Statielei 16,2019-01-31,16:00:00,132,51,81,FMN GV 03 Hove
46,Statielei 16,2019-01-31,17:00:00,133,32,101,FMN GV 03 Hove
46,Statielei 16,2019-01-31,18:00:00,80,31,49,FMN GV 03 Hove
46,Statielei 16,2019-01-31,19:00:00,34,12,22,FMN GV 03 Hove
46,Statielei 16,2019-01-31,20:00:00,29,10,19,FMN GV 03 Hove
46,Statielei 16,2019-01-31,21:00:00,13,5,8,FMN GV 03 Hove
46,Statielei 16,2019-01-31,22:00:00,30,10,20,FMN GV 03 Hove
46,Statielei 16,2019-01-31,23:00:00,6,0,6,FMN GV 03 Hove
46,Statielei 16,2019-02-01,00:00:00,6,1,5,FMN GV 03 Hove
46,Statielei 16,2019-02-01,01:00:00,2,0,2,FMN GV 03 Hove
46,Statielei 16,2019-02-01,02:00:00,2,2,0,FMN GV 03 Hove
46,Statielei 16,2019-02-01,03:00:00,7,3,4,FMN GV 03 Hove
46,Statielei 16,2019-02-01,04:00:00,3,3,0,FMN GV 03 Hove
46,Statielei 16,2019-02-01,05:00:00,9,3,6,FMN GV 03 Hove
46,Statielei 16,2019-02-01,06:00:00,31,22,9,FMN GV 03 Hove
46,Statielei 16,2019-02-01,07:00:00,85,66,19,FMN GV 03 Hove
46,Statielei 16,2019-02-01,08:00:00,137,102,35,FMN GV 03 Hove
46,Statielei 16,2019-02-01,09:00:00,34,24,10,FMN GV 03 Hove
46,Statielei 16,2019-02-01,10:00:00,24,17,7,FMN GV 03 Hove
46,Statielei 16,2019-02-01,11:00:00,20,14,6,FMN GV 03 Hove
46,Statielei 16,2019-02-01,12:00:00,33,14,19,FMN GV 03 Hove
46,Statielei 16,2019-02-01,13:00:00,31,19,12,FMN GV 03 Hove
46,Statielei 16,2019-02-01,14:00:00,32,18,14,FMN GV 03 Hove
46,Statielei 16,2019-02-01,15:00:00,82,30,52,FMN GV 03 Hove
46,Statielei 16,2019-02-01,16:00:00,105,43,62,FMN GV 03 Hove
46,Statielei 16,2019-02-01,17:00:00,112,39,73,FMN GV 03 Hove
46,Statielei 16,2019-02-01,18:00:00,60,21,39,FMN GV 03 Hove
46,Statielei 16,2019-02-01,19:00:00,35,18,17,FMN GV 03 Hove
46,Statielei 16,2019-02-01,20:00:00,27,19,8,FMN GV 03 Hove
46,Statielei 16,2019-02-01,21:00:00,18,10,8,FMN GV 03 Hove
46,Statielei 16,2019-02-01,22:00:00,26,8,18,FMN GV 03 Hove
46,Statielei 16,2019-02-01,23:00:00,17,4,13,FMN GV 03 Hove
46,Statielei 16,2019-02-02,00:00:00,4,0,4,FMN GV 03 Hove
46,Statielei 16,2019-02-02,01:00:00,7,1,6,FMN GV 03 Hove
46,Statielei 16,2019-02-02,02:00:00,6,3,3,FMN GV 03 Hove
46,Statielei 16,2019-02-02,03:00:00,5,2,3,FMN GV 03 Hove
46,Statielei 16,2019-02-02,04:00:00,5,1,4,FMN GV 03 Hove
46,Statielei 16,2019-02-02,05:00:00,2,2,0,FMN GV 03 Hove
46,Statielei 16,2019-02-02,06:00:00,5,2,3,FMN GV 03 Hove
46,Statielei 16,2019-02-02,07:00:00,1,1,0,FMN GV 03 Hove
46,Statielei 16,2019-02-02,08:00:00,7,4,3,FMN GV 03 Hove
46,Statielei 16,2019-02-02,09:00:00,19,7,12,FMN GV 03 Hove
46,Statielei 16,2019-02-02,10:00:00,22,15,7,FMN GV 03 Hove
46,Statielei 16,2019-02-02,11:00:00,15,8,7,FMN GV 03 Hove
46,Statielei 16,2019-02-02,12:00:00,24,11,13,FMN GV 03 Hove
46,Statielei 16,2019-02-02,13:00:00,18,10,8,FMN GV 03 Hove
46,Statielei 16,2019-02-02,14:00:00,18,11,7,FMN GV 03 Hove
46,Statielei 16,2019-02-02,15:00:00,21,11,10,FMN GV 03 Hove
46,Statielei 16,2019-02-02,16:00:00,23,14,9,FMN GV 03 Hove
46,Statielei 16,2019-02-02,17:00:00,22,9,13,FMN GV 03 Hove
46,Statielei 16,2019-02-02,18:00:00,14,8,6,FMN GV 03 Hove
46,Statielei 16,2019-02-02,19:00:00,22,13,9,FMN GV 03 Hove
46,Statielei 16,2019-02-02,20:00:00,19,10,9,FMN GV 03 Hove
46,Statielei 16,2019-02-02,21:00:00,11,3,8,FMN GV 03 Hove
46,Statielei 16,2019-02-02,22:00:00,11,5,6,FMN GV 03 Hove
46,Statielei 16,2019-02-02,23:00:00,9,4,5,FMN GV 03 Hove
46,Statielei 16,2019-02-03,00:00:00,3,0,3,FMN GV 03 Hove
46,Statielei 16,2019-02-03,01:00:00,11,6,5,FMN GV 03 Hove
46,Statielei 16,2019-02-03,02:00:00,4,0,4,FMN GV 03 Hove
46,Statielei 16,2019-02-03,03:00:00,3,1,2,FMN GV 03 Hove
46,Statielei 16,2019-02-03,04:00:00,2,0,2,FMN GV 03 Hove
46,Statielei 16,2019-02-03,05:00:00,6,4,2,FMN GV 03 Hove
46,Statielei 16,2019-02-03,06:00:00,6,3,3,FMN GV 03 Hove
46,Statielei 16,2019-02-03,07:00:00,4,1,3,FMN GV 03 Hove
46,Statielei 16,2019-02-03,08:00:00,13,2,11,FMN GV 03 Hove
46,Statielei 16,2019-02-03,09:00:00,41,23,18,FMN GV 03 Hove
46,Statielei 16,2019-02-03,10:00:00,47,23,24,FMN GV 03 Hove
46,Statielei 16,2019-02-03,11:00:00,77,41,36,FMN GV 03 Hove
46,Statielei 16,2019-02-03,12:00:00,96,57,39,FMN GV 03 Hove
46,Statielei 16,2019-02-03,13:00:00,64,27,37,FMN GV 03 Hove
46,Statielei 16,2019-02-03,14:00:00,91,40,51,FMN GV 03 Hove
46,Statielei 16,2019-02-03,15:00:00,54,32,22,FMN GV 03 Hove
46,Statielei 16,2019-02-03,16:00:00,47,30,17,FMN GV 03 Hove
46,Statielei 16,2019-02-03,17:00:00,37,18,19,FMN GV 03 Hove
46,Statielei 16,2019-02-03,18:00:00,20,10,10,FMN GV 03 Hove
46,Statielei 16,2019-02-03,19:00:00,16,11,5,FMN GV 03 Hove
46,Statielei 16,2019-02-03,20:00:00,11,8,3,FMN GV 03 Hove
46,Statielei 16,2019-02-03,21:00:00,11,9,2,FMN GV 03 Hove
46,Statielei 16,2019-02-03,22:00:00,16,6,10,FMN GV 03 Hove
46,Statielei 16,2019-02-03,23:00:00,5,2,3,FMN GV 03 Hove
46,Statielei 16,2019-02-04,00:00:00,1,1,0,FMN GV 03 Hove
46,Statielei 16,2019-02-04,01:00:00,0,0,0,FMN GV 03 Hove
46,Statielei 16,2019-02-04,02:00:00,1,0,1,FMN GV 03 Hove
46,Statielei 16,2019-02-04,03:00:00,1,1,0,FMN GV 03 Hove
46,Statielei 16,2019-02-04,04:00:00,3,3,0,FMN GV 03 Hove
46,Statielei 16,2019-02-04,05:00:00,12,5,7,FMN GV 03 Hove
46,Statielei 16,2019-02-04,06:00:00,52,37,15,FMN GV 03 Hove
46,Statielei 16,2019-02-04,07:00:00,170,125,45,FMN GV 03 Hove
46,Statielei 16,2019-02-04,08:00:00,189,150,39,FMN GV 03 Hove
46,Statielei 16,2019-02-04,09:00:00,49,35,14,FMN GV 03 Hove
46,Statielei 16,2019-02-04,10:00:00,30,17,13,FMN GV 03 Hove
46,Statielei 16,2019-02-04,11:00:00,32,19,13,FMN GV 03 Hove
46,Statielei 16,2019-02-04,12:00:00,39,21,18,FMN GV 03 Hove
46,Statielei 16,2019-02-04,13:00:00,33,19,14,FMN GV 03 Hove
46,Statielei 16,2019-02-04,14:00:00,36,17,19,FMN GV 03 Hove
46,Statielei 16,2019-02-04,15:00:00,58,19,39,FMN GV 03 Hove
46,Statielei 16,2019-02-04,16:00:00,125,39,86,FMN GV 03 Hove
46,Statielei 16,2019-02-04,17:00:00,175,55,120,FMN GV 03 Hove
46,Statielei 16,2019-02-04,18:00:00,79,22,57,FMN GV 03 Hove
46,Statielei 16,2019-02-04,19:00:00,48,14,34,FMN GV 03 Hove
46,Statielei 16,2019-02-04,20:00:00,21,6,15,FMN GV 03 Hove
46,Statielei 16,2019-02-04,21:00:00,11,5,6,FMN GV 03 Hove
46,Statielei 16,2019-02-04,22:00:00,16,4,12,FMN GV 03 Hove
46,Statielei 16,2019-02-04,23:00:00,7,1,6,FMN GV 03 Hove
46,Statielei 16,2019-02-05,00:00:00,3,1,2,FMN GV 03 Hove
46,Statielei 16,2019-02-05,01:00:00,0,0,0,FMN GV 03 Hove
46,Statielei 16,2019-02-05,02:00:00,1,1,0,FMN GV 03 Hove
46,Statielei 16,2019-02-05,03:00:00,0,0,0,FMN GV 03 Hove
46,Statielei 16,2019-02-05,04:00:00,6,4,2,FMN GV 03 Hove
46,Statielei 16,2019-02-05,05:00:00,12,5,7,FMN GV 03 Hove
46,Statielei 16,2019-02-05,06:00:00,74,58,16,FMN GV 03 Hove
46,Statielei 16,2019-02-05,07:00:00,233,181,52,FMN GV 03 Hove
46,Statielei 16,2019-02-05,08:00:00,274,205,69,FMN GV 03 Hove
46,Statielei 16,2019-02-05,09:00:00,63,45,18,FMN GV 03 Hove
46,Statielei 16,2019-02-05,10:00:00,45,27,18,FMN GV 03 Hove
46,Statielei 16,2019-02-05,11:00:00,51,37,14,FMN GV 03 Hove
46,Statielei 16,2019-02-05,12:00:00,56,34,22,FMN GV 03 Hove
46,Statielei 16,2019-02-05,13:00:00,65,35,30,FMN GV 03 Hove
46,Statielei 16,2019-02-05,14:00:00,66,28,38,FMN GV 03 Hove
46,Statielei 16,2019-02-05,15:00:00,80,31,49,FMN GV 03 Hove
46,Statielei 16,2019-02-05,16:00:00,179,45,134,FMN GV 03 Hove
46,Statielei 16,2019-02-05,17:00:00,238,71,167,FMN GV 03 Hove
46,Statielei 16,2019-02-05,18:00:00,136,43,93,FMN GV 03 Hove
46,Statielei 16,2019-02-05,19:00:00,57,17,40,FMN GV 03 Hove
46,Statielei 16,2019-02-05,20:00:00,32,14,18,FMN GV 03 Hove
46,Statielei 16,2019-02-05,21:00:00,28,13,15,FMN GV 03 Hove
46,Statielei 16,2019-02-05,22:00:00,27,10,17,FMN GV 03 Hove
46,Statielei 16,2019-02-05,23:00:00,5,3,2,FMN GV 03 Hove
46,Statielei 16,2019-02-06,00:00:00,4,1,3,FMN GV 03 Hove
46,Statielei 16,2019-02-06,01:00:00,3,2,1,FMN GV 03 Hove
46,Statielei 16,2019-02-06,02:00:00,1,1,0,FMN GV 03 Hove
46,Statielei 16,2019-02-06,03:00:00,1,0,1,FMN GV 03 Hove
46,Statielei 16,2019-02-06,04:00:00,2,2,0,FMN GV 03 Hove
46,Statielei 16,2019-02-06,05:00:00,18,9,9,FMN GV 03 Hove
46,Statielei 16,2019-02-06,06:00:00,66,48,18,FMN GV 03 Hove
46,Statielei 16,2019-02-06,07:00:00,194,153,41,FMN GV 03 Hove
46,Statielei 16,2019-02-06,08:00:00,246,183,63,FMN GV 03 Hove
46,Statielei 16,2019-02-06,09:00:00,77,63,14,FMN GV 03 Hove
46,Statielei 16,2019-02-06,10:00:00,58,31,27,FMN GV 03 Hove
46,Statielei 16,2019-02-06,11:00:00,51,22,29,FMN GV 03 Hove
46,Statielei 16,2019-02-06,12:00:00,117,57,60,FMN GV 03 Hove
46,Statielei 16,2019-02-06,13:00:00,66,30,36,FMN GV 03 Hove
46,Statielei 16,2019-02-06,14:00:00,51,20,31,FMN GV 03 Hove
46,Statielei 16,2019-02-06,15:00:00,52,23,29,FMN GV 03 Hove
46,Statielei 16,2019-02-06,16:00:00,111,42,69,FMN GV 03 Hove
46,Statielei 16,2019-02-06,17:00:00,165,59,106,FMN GV 03 Hove
46,Statielei 16,2019-02-06,18:00:00,82,22,60,FMN GV 03 Hove
46,Statielei 16,2019-02-06,19:00:00,49,22,27,FMN GV 03 Hove
46,Statielei 16,2019-02-06,20:00:00,26,11,15,FMN GV 03 Hove
46,Statielei 16,2019-02-06,21:00:00,18,7,11,FMN GV 03 Hove
46,Statielei 16,2019-02-06,22:00:00,12,2,10,FMN GV 03 Hove
46,Statielei 16,2019-02-06,23:00:00,13,3,10,FMN GV 03 Hove
46,Statielei 16,2019-02-07,00:00:00,3,2,1,FMN GV 03 Hove
46,Statielei 16,2019-02-07,01:00:00,2,1,1,FMN GV 03 Hove
46,Statielei 16,2019-02-07,02:00:00,1,0,1,FMN GV 03 Hove
46,Statielei 16,2019-02-07,03:00:00,1,0,1,FMN GV 03 Hove
46,Statielei 16,2019-02-07,04:00:00,4,3,1,FMN GV 03 Hove
46,Statielei 16,2019-02-07,05:00:00,8,4,4,FMN GV 03 Hove
46,Statielei 16,2019-02-07,06:00:00,66,53,13,FMN GV 03 Hove
46,Statielei 16,2019-02-07,07:00:00,192,152,40,FMN GV 03 Hove
46,Statielei 16,2019-02-07,08:00:00,252,201,51,FMN GV 03 Hove
46,Statielei 16,2019-02-07,09:00:00,67,52,15,FMN GV 03 Hove
46,Statielei 16,2019-02-07,10:00:00,41,19,22,FMN GV 03 Hove
46,Statielei 16,2019-02-07,11:00:00,38,23,15,FMN GV 03 Hove
46,Statielei 16,2019-02-07,12:00:00,47,26,21,FMN GV 03 Hove
46,Statielei 16,2019-02-07,13:00:00,62,33,29,FMN GV 03 Hove
46,Statielei 16,2019-02-07,14:00:00,42,15,27,FMN GV 03 Hove
46,Statielei 16,2019-02-07,15:00:00,89,34,55,FMN GV 03 Hove
46,Statielei 16,2019-02-07,16:00:00,159,48,111,FMN GV 03 Hove
46,Statielei 16,2019-02-07,17:00:00,182,66,116,FMN GV 03 Hove
46,Statielei 16,2019-02-07,18:00:00,110,38,72,FMN GV 03 Hove
46,Statielei 16,2019-02-07,19:00:00,40,20,20,FMN GV 03 Hove
46,Statielei 16,2019-02-07,20:00:00,29,13,16,FMN GV 03 Hove
46,Statielei 16,2019-02-07,21:00:00,31,12,19,FMN GV 03 Hove
46,Statielei 16,2019-02-07,22:00:00,32,10,22,FMN GV 03 Hove
46,Statielei 16,2019-02-07,23:00:00,13,5,8,FMN GV 03 Hove
46,Statielei 16,2019-02-08,00:00:00,7,1,6,FMN GV 03 Hove
46,Statielei 16,2019-02-08,01:00:00,3,0,3,FMN GV 03 Hove
46,Statielei 16,2019-02-08,02:00:00,4,0,4,FMN GV 03 Hove
46,Statielei 16,2019-02-08,03:00:00,3,1,2,FMN GV 03 Hove
46,Statielei 16,2019-02-08,04:00:00,4,4,0,FMN GV 03 Hove
46,Statielei 16,2019-02-08,05:00:00,11,8,3,FMN GV 03 Hove
46,Statielei 16,2019-02-08,06:00:00,65,51,14,FMN GV 03 Hove
46,Statielei 16,2019-02-08,07:00:00,158,121,37,FMN GV 03 Hove
46,Statielei 16,2019-02-08,08:00:00,243,189,54,FMN GV 03 Hove
46,Statielei 16,2019-02-08,09:00:00,44,31,13,FMN GV 03 Hove
46,Statielei 16,2019-02-08,10:00:00,25,17,8,FMN GV 03 Hove
46,Statielei 16,2019-02-08,11:00:00,29,14,15,FMN GV 03 Hove
46,Statielei 16,2019-02-08,12:00:00,56,29,27,FMN GV 03 Hove
46,Statielei 16,2019-02-08,13:00:00,47,22,25,FMN GV 03 Hove
46,Statielei 16,2019-02-08,14:00:00,53,27,26,FMN GV 03 Hove
46,Statielei 16,2019-02-08,15:00:00,79,27,52,FMN GV 03 Hove
46,Statielei 16,2019-02-08,16:00:00,128,47,81,FMN GV 03 Hove
46,Statielei 16,2019-02-08,17:00:00,155,33,122,FMN GV 03 Hove
46,Statielei 16,2019-02-08,18:00:00,95,33,62,FMN GV 03 Hove
46,Statielei 16,2019-02-08,19:00:00,45,26,19,FMN GV 03 Hove
46,Statielei 16,2019-02-08,20:00:00,25,9,16,FMN GV 03 Hove
46,Statielei 16,2019-02-08,21:00:00,14,5,9,FMN GV 03 Hove
46,Statielei 16,2019-02-08,22:00:00,21,6,15,FMN GV 03 Hove
46,Statielei 16,2019-02-08,23:00:00,17,7,10,FMN GV 03 Hove
46,Statielei 16,2019-02-09,00:00:00,16,8,8,FMN GV 03 Hove
46,Statielei 16,2019-02-09,01:00:00,5,1,4,FMN GV 03 Hove
46,Statielei 16,2019-02-09,02:00:00,14,2,12,FMN GV 03 Hove
46,Statielei 16,2019-02-09,03:00:00,10,4,6,FMN GV 03 Hove
46,Statielei 16,2019-02-09,04:00:00,4,1,3,FMN GV 03 Hove
46,Statielei 16,2019-02-09,05:00:00,8,7,1,FMN GV 03 Hove
46,Statielei 16,2019-02-09,06:00:00,5,2,3,FMN GV 03 Hove
46,Statielei 16,2019-02-09,07:00:00,8,6,2,FMN GV 03 Hove
46,Statielei 16,2019-02-09,08:00:00,15,6,9,FMN GV 03 Hove
46,Statielei 16,2019-02-09,09:00:00,28,20,8,FMN GV 03 Hove
46,Statielei 16,2019-02-09,10:00:00,31,15,16,FMN GV 03 Hove
46,Statielei 16,2019-02-09,11:00:00,56,27,29,FMN GV 03 Hove
46,Statielei 16,2019-02-09,12:00:00,57,31,26,FMN GV 03 Hove
46,Statielei 16,2019-02-09,13:00:00,66,41,25,FMN GV 03 Hove
46,Statielei 16,2019-02-09,14:00:00,53,29,24,FMN GV 03 Hove
46,Statielei 16,2019-02-09,15:00:00,64,35,29,FMN GV 03 Hove
46,Statielei 16,2019-02-09,16:00:00,36,19,17,FMN GV 03 Hove
46,Statielei 16,2019-02-09,17:00:00,45,25,20,FMN GV 03 Hove
46,Statielei 16,2019-02-09,18:00:00,30,11,19,FMN GV 03 Hove
46,Statielei 16,2019-02-09,19:00:00,26,11,15,FMN GV 03 Hove
46,Statielei 16,2019-02-09,20:00:00,18,9,9,FMN GV 03 Hove
46,Statielei 16,2019-02-09,21:00:00,18,11,7,FMN GV 03 Hove
46,Statielei 16,2019-02-09,22:00:00,24,9,15,FMN GV 03 Hove
46,Statielei 16,2019-02-09,23:00:00,11,5,6,FMN GV 03 Hove
46,Statielei 16,2019-02-10,00:00:00,6,4,2,FMN GV 03 Hove
46,Statielei 16,2019-02-10,01:00:00,13,3,10,FMN GV 03 Hove
46,Statielei 16,2019-02-10,02:00:00,7,2,5,FMN GV 03 Hove
46,Statielei 16,2019-02-10,03:00:00,1,1,0,FMN GV 03 Hove
46,Statielei 16,2019-02-10,04:00:00,2,2,0,FMN GV 03 Hove
46,Statielei 16,2019-02-10,05:00:00,4,2,2,FMN GV 03 Hove
46,Statielei 16,2019-02-10,06:00:00,8,5,3,FMN GV 03 Hove
46,Statielei 16,2019-02-10,07:00:00,2,0,2,FMN GV 03 Hove
46,Statielei 16,2019-02-10,08:00:00,7,2,5,FMN GV 03 Hove
46,Statielei 16,2019-02-10,09:00:00,12,6,6,FMN GV 03 Hove
46,Statielei 16,2019-02-10,10:00:00,21,9,12,FMN GV 03 Hove
46,Statielei 16,2019-02-10,11:00:00,43,22,21,FMN GV 03 Hove
46,Statielei 16,2019-02-10,12:00:00,24,21,3,FMN GV 03 Hove
46,Statielei 16,2019-02-10,13:00:00,17,9,8,FMN GV 03 Hove
46,Statielei 16,2019-02-10,14:00:00,20,10,10,FMN GV 03 Hove
46,Statielei 16,2019-02-10,15:00:00,12,7,5,FMN GV 03 Hove
46,Statielei 16,2019-02-10,16:00:00,17,7,10,FMN GV 03 Hove
46,Statielei 16,2019-02-10,17:00:00,13,7,6,FMN GV 03 Hove
46,Statielei 16,2019-02-10,18:00:00,15,10,5,FMN GV 03 Hove
46,Statielei 16,2019-02-10,19:00:00,3,1,2,FMN GV 03 Hove
46,Statielei 16,2019-02-10,20:00:00,12,8,4,FMN GV 03 Hove
46,Statielei 16,2019-02-10,21:00:00,4,1,3,FMN GV 03 Hove
46,Statielei 16,2019-02-10,22:00:00,8,4,4,FMN GV 03 Hove
46,Statielei 16,2019-02-10,23:00:00,2,1,1,FMN GV 03 Hove
46,Statielei 16,2019-02-11,00:00:00,2,1,1,FMN GV 03 Hove
46,Statielei 16,2019-02-11,01:00:00,0,0,0,FMN GV 03 Hove
46,Statielei 16,2019-02-11,02:00:00,0,0,0,FMN GV 03 Hove
46,Statielei 16,2019-02-11,03:00:00,1,0,1,FMN GV 03 Hove
46,Statielei 16,2019-02-11,04:00:00,4,3,1,FMN GV 03 Hove
46,Statielei 16,2019-02-11,05:00:00,14,11,3,FMN GV 03 Hove
46,Statielei 16,2019-02-11,06:00:00,65,48,17,FMN GV 03 Hove
46,Statielei 16,2019-02-11,07:00:00,219,170,49,FMN GV 03 Hove
46,Statielei 16,2019-02-11,08:00:00,261,202,59,FMN GV 03 Hove
46,Statielei 16,2019-02-11,09:00:00,68,50,18,FMN GV 03 Hove
46,Statielei 16,2019-02-11,10:00:00,37,22,15,FMN GV 03 Hove
46,Statielei 16,2019-02-11,11:00:00,50,33,17,FMN GV 03 Hove
46,Statielei 16,2019-02-11,12:00:00,51,27,24,FMN GV 03 Hove
46,Statielei 16,2019-02-11,13:00:00,58,36,22,FMN GV 03 Hove
46,Statielei 16,2019-02-11,14:00:00,71,34,37,FMN GV 03 Hove
46,Statielei 16,2019-02-11,15:00:00,98,34,64,FMN GV 03 Hove
46,Statielei 16,2019-02-11,16:00:00,192,40,152,FMN GV 03 Hove
46,Statielei 16,2019-02-11,17:00:00,213,69,144,FMN GV 03 Hove
46,Statielei 16,2019-02-11,18:00:00,137,45,92,FMN GV 03 Hove
46,Statielei 16,2019-02-11,19:00:00,49,20,29,FMN GV 03 Hove
46,Statielei 16,2019-02-11,20:00:00,28,12,16,FMN GV 03 Hove
46,Statielei 16,2019-02-11,21:00:00,14,8,6,FMN GV 03 Hove
46,Statielei 16,2019-02-11,22:00:00,21,9,12,FMN GV 03 Hove
46,Statielei 16,2019-02-11,23:00:00,4,1,3,FMN GV 03 Hove
46,Statielei 16,2019-02-12,00:00:00,2,1,1,FMN GV 03 Hove
46,Statielei 16,2019-02-12,01:00:00,2,1,1,FMN GV 03 Hove
46,Statielei 16,2019-02-12,02:00:00,1,0,1,FMN GV 03 Hove
46,Statielei 16,2019-02-12,03:00:00,2,0,2,FMN GV 03 Hove
46,Statielei 16,2019-02-12,04:00:00,4,3,1,FMN GV 03 Hove
46,Statielei 16,2019-02-12,05:00:00,16,11,5,FMN GV 03 Hove
46,Statielei 16,2019-02-12,06:00:00,80,62,18,FMN GV 03 Hove
46,Statielei 16,2019-02-12,07:00:00,254,189,65,FMN GV 03 Hove
46,Statielei 16,2019-02-12,08:00:00,314,249,65,FMN GV 03 Hove
46,Statielei 16,2019-02-12,09:00:00,84,60,24,FMN GV 03 Hove
46,Statielei 16,2019-02-12,10:00:00,45,23,22,FMN GV 03 Hove
46,Statielei 16,2019-02-12,11:00:00,64,48,16,FMN GV 03 Hove
46,Statielei 16,2019-02-12,12:00:00,70,42,28,FMN GV 03 Hove
46,Statielei 16,2019-02-12,13:00:00,73,34,39,FMN GV 03 Hove
46,Statielei 16,2019-02-12,14:00:00,81,31,50,FMN GV 03 Hove
46,Statielei 16,2019-02-12,15:00:00,115,55,60,FMN GV 03 Hove
46,Statielei 16,2019-02-12,16:00:00,225,66,159,FMN GV 03 Hove
46,Statielei 16,2019-02-12,17:00:00,249,58,191,FMN GV 03 Hove
46,Statielei 16,2019-02-12,18:00:00,144,48,96,FMN GV 03 Hove
46,Statielei 16,2019-02-12,19:00:00,56,26,30,FMN GV 03 Hove
46,Statielei 16,2019-02-12,20:00:00,24,15,9,FMN GV 03 Hove
46,Statielei 16,2019-02-12,21:00:00,33,14,19,FMN GV 03 Hove
46,Statielei 16,2019-02-12,22:00:00,36,11,25,FMN GV 03 Hove
46,Statielei 16,2019-02-12,23:00:00,8,5,3,FMN GV 03 Hove
46,Statielei 16,2019-02-13,00:00:00,3,1,2,FMN GV 03 Hove
46,Statielei 16,2019-02-13,01:00:00,3,1,2,FMN GV 03 Hove
46,Statielei 16,2019-02-13,02:00:00,1,1,0,FMN GV 03 Hove
46,Statielei 16,2019-02-13,03:00:00,3,2,1,FMN GV 03 Hove
46,Statielei 16,2019-02-13,04:00:00,7,2,5,FMN GV 03 Hove
46,Statielei 16,2019-02-13,05:00:00,15,10,5,FMN GV 03 Hove
46,Statielei 16,2019-02-13,06:00:00,68,47,21,FMN GV 03 Hove
46,Statielei 16,2019-02-13,07:00:00,240,172,68,FMN GV 03 Hove
46,Statielei 16,2019-02-13,08:00:00,352,271,81,FMN GV 03 Hove
46,Statielei 16,2019-02-13,09:00:00,126,86,40,FMN GV 03 Hove
46,Statielei 16,2019-02-13,10:00:00,87,51,36,FMN GV 03 Hove
46,Statielei 16,2019-02-13,11:00:00,110,46,64,FMN GV 03 Hove
46,Statielei 16,2019-02-13,12:00:00,175,75,100,FMN GV 03 Hove
46,Statielei 16,2019-02-13,13:00:00,124,40,84,FMN GV 03 Hove
46,Statielei 16,2019-02-13,14:00:00,119,53,66,FMN GV 03 Hove
46,Statielei 16,2019-02-13,15:00:00,108,39,69,FMN GV 03 Hove
46,Statielei 16,2019-02-13,16:00:00,186,65,121,FMN GV 03 Hove
46,Statielei 16,2019-02-13,17:00:00,272,94,178,FMN GV 03 Hove
46,Statielei 16,2019-02-13,18:00:00,161,60,101,FMN GV 03 Hove
46,Statielei 16,2019-02-13,19:00:00,77,30,47,FMN GV 03 Hove
46,Statielei 16,2019-02-13,20:00:00,42,19,23,FMN GV 03 Hove
46,Statielei 16,2019-02-13,21:00:00,15,4,11,FMN GV 03 Hove
46,Statielei 16,2019-02-13,22:00:00,28,13,15,FMN GV 03 Hove
46,Statielei 16,2019-02-13,23:00:00,12,4,8,FMN GV 03 Hove
46,Statielei 16,2019-02-14,00:00:00,6,2,4,FMN GV 03 Hove
46,Statielei 16,2019-02-14,01:00:00,2,1,1,FMN GV 03 Hove
46,Statielei 16,2019-02-14,02:00:00,0,0,0,FMN GV 03 Hove
46,Statielei 16,2019-02-14,03:00:00,1,0,1,FMN GV 03 Hove
46,Statielei 16,2019-02-14,04:00:00,5,2,3,FMN GV 03 Hove
46,Statielei 16,2019-02-14,05:00:00,26,17,9,FMN GV 03 Hove
46,Statielei 16,2019-02-14,06:00:00,78,60,18,FMN GV 03 Hove
46,Statielei 16,2019-02-14,07:00:00,274,221,53,FMN GV 03 Hove
46,Statielei 16,2019-02-14,08:00:00,327,245,82,FMN GV 03 Hove
46,Statielei 16,2019-02-14,09:00:00,90,65,25,FMN GV 03 Hove
46,Statielei 16,2019-02-14,10:00:00,77,47,30,FMN GV 03 Hove
46,Statielei 16,2019-02-14,11:00:00,85,34,51,FMN GV 03 Hove
46,Statielei 16,2019-02-14,12:00:00,115,62,53,FMN GV 03 Hove
46,Statielei 16,2019-02-14,13:00:00,120,57,63,FMN GV 03 Hove
46,Statielei 16,2019-02-14,14:00:00,96,42,54,FMN GV 03 Hove
46,Statielei 16,2019-02-14,15:00:00,156,62,94,FMN GV 03 Hove
46,Statielei 16,2019-02-14,16:00:00,251,78,173,FMN GV 03 Hove
46,Statielei 16,2019-02-14,17:00:00,276,93,183,FMN GV 03 Hove
46,Statielei 16,2019-02-14,18:00:00,148,58,90,FMN GV 03 Hove
46,Statielei 16,2019-02-14,19:00:00,70,29,41,FMN GV 03 Hove
46,Statielei 16,2019-02-14,20:00:00,40,17,23,FMN GV 03 Hove
46,Statielei 16,2019-02-14,21:00:00,25,8,17,FMN GV 03 Hove
46,Statielei 16,2019-02-14,22:00:00,36,16,20,FMN GV 03 Hove
46,Statielei 16,2019-02-14,23:00:00,9,3,6,FMN GV 03 Hove
46,Statielei 16,2019-02-15,00:00:00,4,1,3,FMN GV 03 Hove
46,Statielei 16,2019-02-15,01:00:00,0,0,0,FMN GV 03 Hove
46,Statielei 16,2019-02-15,02:00:00,1,1,0,FMN GV 03 Hove
46,Statielei 16,2019-02-15,03:00:00,1,1,0,FMN GV 03 Hove
46,Statielei 16,2019-02-15,04:00:00,3,3,0,FMN GV 03 Hove
46,Statielei 16,2019-02-15,05:00:00,23,17,6,FMN GV 03 Hove
46,Statielei 16,2019-02-15,06:00:00,66,49,17,FMN GV 03 Hove
46,Statielei 16,2019-02-15,07:00:00,242,178,64,FMN GV 03 Hove
46,Statielei 16,2019-02-15,08:00:00,278,212,66,FMN GV 03 Hove
46,Statielei 16,2019-02-15,09:00:00,78,47,31,FMN GV 03 Hove
46,Statielei 16,2019-02-15,10:00:00,68,33,35,FMN GV 03 Hove
46,Statielei 16,2019-02-15,11:00:00,85,38,47,FMN GV 03 Hove
46,Statielei 16,2019-02-15,12:00:00,104,53,51,FMN GV 03 Hove
46,Statielei 16,2019-02-15,13:00:00,129,56,73,FMN GV 03 Hove
46,Statielei 16,2019-02-15,14:00:00,161,85,76,FMN GV 03 Hove
46,Statielei 16,2019-02-15,15:00:00,187,74,113,FMN GV 03 Hove
46,Statielei 16,2019-02-15,16:00:00,256,87,169,FMN GV 03 Hove
46,Statielei 16,2019-02-15,17:00:00,231,81,150,FMN GV 03 Hove
46,Statielei 16,2019-02-15,18:00:00,138,64,74,FMN GV 03 Hove
46,Statielei 16,2019-02-15,19:00:00,66,32,34,FMN GV 03 Hove
46,Statielei 16,2019-02-15,20:00:00,42,24,18,FMN GV 03 Hove
46,Statielei 16,2019-02-15,21:00:00,32,11,21,FMN GV 03 Hove
46,Statielei 16,2019-02-15,22:00:00,22,7,15,FMN GV 03 Hove
46,Statielei 16,2019-02-15,23:00:00,22,6,16,FMN GV 03 Hove
46,Statielei 16,2019-02-16,00:00:00,18,7,11,FMN GV 03 Hove
46,Statielei 16,2019-02-16,01:00:00,12,6,6,FMN GV 03 Hove
46,Statielei 16,2019-02-16,02:00:00,6,1,5,FMN GV 03 Hove
46,Statielei 16,2019-02-16,03:00:00,5,1,4,FMN GV 03 Hove
46,Statielei 16,2019-02-16,04:00:00,3,0,3,FMN GV 03 Hove
46,Statielei 16,2019-02-16,05:00:00,11,5,6,FMN GV 03 Hove
46,Statielei 16,2019-02-16,06:00:00,11,5,6,FMN GV 03 Hove
46,Statielei 16,2019-02-16,07:00:00,8,6,2,FMN GV 03 Hove
46,Statielei 16,2019-02-16,08:00:00,27,17,10,FMN GV 03 Hove
46,Statielei 16,2019-02-16,09:00:00,71,29,42,FMN GV 03 Hove
46,Statielei 16,2019-02-16,10:00:00,68,33,35,FMN GV 03 Hove
46,Statielei 16,2019-02-16,11:00:00,137,73,64,FMN GV 03 Hove
46,Statielei 16,2019-02-16,12:00:00,149,75,74,FMN GV 03 Hove
46,Statielei 16,2019-02-16,13:00:00,197,116,81,FMN GV 03 Hove
46,Statielei 16,2019-02-16,14:00:00,196,97,99,FMN GV 03 Hove
46,Statielei 16,2019-02-16,15:00:00,200,120,80,FMN GV 03 Hove
46,Statielei 16,2019-02-16,16:00:00,175,87,88,FMN GV 03 Hove
46,Statielei 16,2019-02-16,17:00:00,125,80,45,FMN GV 03 Hove
46,Statielei 16,2019-02-16,18:00:00,63,33,30,FMN GV 03 Hove
46,Statielei 16,2019-02-16,19:00:00,34,23,11,FMN GV 03 Hove
46,Statielei 16,2019-02-16,20:00:00,26,16,10,FMN GV 03 Hove
46,Statielei 16,2019-02-16,21:00:00,19,10,9,FMN GV 03 Hove
46,Statielei 16,2019-02-16,22:00:00,19,7,12,FMN GV 03 Hove
46,Statielei 16,2019-02-16,23:00:00,21,6,15,FMN GV 03 Hove
46,Statielei 16,2019-02-17,00:00:00,11,7,4,FMN GV 03 Hove
46,Statielei 16,2019-02-17,01:00:00,8,5,3,FMN GV 03 Hove
46,Statielei 16,2019-02-17,02:00:00,8,2,6,FMN GV 03 Hove
46,Statielei 16,2019-02-17,03:00:00,6,1,5,FMN GV 03 Hove
46,Statielei 16,2019-02-17,04:00:00,7,1,6,FMN GV 03 Hove
46,Statielei 16,2019-02-17,05:00:00,6,3,3,FMN GV 03 Hove
46,Statielei 16,2019-02-17,06:00:00,8,6,2,FMN GV 03 Hove
46,Statielei 16,2019-02-17,07:00:00,10,2,8,FMN GV 03 Hove
46,Statielei 16,2019-02-17,08:00:00,30,11,19,FMN GV 03 Hove
46,Statielei 16,2019-02-17,09:00:00,82,32,50,FMN GV 03 Hove
46,Statielei 16,2019-02-17,10:00:00,98,43,55,FMN GV 03 Hove
46,Statielei 16,2019-02-17,11:00:00,144,83,61,FMN GV 03 Hove
46,Statielei 16,2019-02-17,12:00:00,206,128,78,FMN GV 03 Hove
46,Statielei 16,2019-02-17,13:00:00,216,94,122,FMN GV 03 Hove
46,Statielei 16,2019-02-17,14:00:00,220,108,112,FMN GV 03 Hove
46,Statielei 16,2019-02-17,15:00:00,180,104,76,FMN GV 03 Hove
46,Statielei 16,2019-02-17,16:00:00,165,75,90,FMN GV 03 Hove
46,Statielei 16,2019-02-17,17:00:00,121,84,37,FMN GV 03 Hove
46,Statielei 16,2019-02-17,18:00:00,45,24,21,FMN GV 03 Hove
46,Statielei 16,2019-02-17,19:00:00,32,13,19,FMN GV 03 Hove
46,Statielei 16,2019-02-17,20:00:00,25,16,9,FMN GV 03 Hove
46,Statielei 16,2019-02-17,21:00:00,26,15,11,FMN GV 03 Hove
46,Statielei 16,2019-02-17,22:00:00,22,7,15,FMN GV 03 Hove
46,Statielei 16,2019-02-17,23:00:00,2,0,2,FMN GV 03 Hove
46,Statielei 16,2019-02-18,00:00:00,2,1,1,FMN GV 03 Hove
46,Statielei 16,2019-02-18,01:00:00,1,0,1,FMN GV 03 Hove
46,Statielei 16,2019-02-18,02:00:00,0,0,0,FMN GV 03 Hove
46,Statielei 16,2019-02-18,03:00:00,0,0,0,FMN GV 03 Hove
46,Statielei 16,2019-02-18,04:00:00,4,3,1,FMN GV 03 Hove
46,Statielei 16,2019-02-18,05:00:00,25,13,12,FMN GV 03 Hove
46,Statielei 16,2019-02-18,06:00:00,82,59,23,FMN GV 03 Hove
46,Statielei 16,2019-02-18,07:00:00,294,229,65,FMN GV 03 Hove
46,Statielei 16,2019-02-18,08:00:00,357,268,89,FMN GV 03 Hove
46,Statielei 16,2019-02-18,09:00:00,102,68,34,FMN GV 03 Hove
46,Statielei 16,2019-02-18,10:00:00,54,37,17,FMN GV 03 Hove
46,Statielei 16,2019-02-18,11:00:00,80,44,36,FMN GV 03 Hove
46,Statielei 16,2019-02-18,12:00:00,89,48,41,FMN GV 03 Hove
46,Statielei 16,2019-02-18,13:00:00,120,63,57,FMN GV 03 Hove
46,Statielei 16,2019-02-18,14:00:00,107,54,53,FMN GV 03 Hove
46,Statielei 16,2019-02-18,15:00:00,149,65,84,FMN GV 03 Hove
46,Statielei 16,2019-02-18,16:00:00,266,85,181,FMN GV 03 Hove
46,Statielei 16,2019-02-18,17:00:00,326,105,221,FMN GV 03 Hove
46,Statielei 16,2019-02-18,18:00:00,176,58,118,FMN GV 03 Hove
46,Statielei 16,2019-02-18,19:00:00,68,25,43,FMN GV 03 Hove
46,Statielei 16,2019-02-18,20:00:00,36,13,23,FMN GV 03 Hove
46,Statielei 16,2019-02-18,21:00:00,24,9,15,FMN GV 03 Hove
46,Statielei 16,2019-02-18,22:00:00,36,6,30,FMN GV 03 Hove
46,Statielei 16,2019-02-18,23:00:00,7,3,4,FMN GV 03 Hove
46,Statielei 16,2019-02-19,00:00:00,6,3,3,FMN GV 03 Hove
46,Statielei 16,2019-02-19,01:00:00,0,0,0,FMN GV 03 Hove
46,Statielei 16,2019-02-19,02:00:00,0,0,0,FMN GV 03 Hove
46,Statielei 16,2019-02-19,03:00:00,2,1,1,FMN GV 03 Hove
46,Statielei 16,2019-02-19,04:00:00,1,1,0,FMN GV 03 Hove
46,Statielei 16,2019-02-19,05:00:00,21,12,9,FMN GV 03 Hove
46,Statielei 16,2019-02-19,06:00:00,87,63,24,FMN GV 03 Hove
46,Statielei 16,2019-02-19,07:00:00,298,224,74,FMN GV 03 Hove
46,Statielei 16,2019-02-19,08:00:00,341,259,82,FMN GV 03 Hove
46,Statielei 16,2019-02-19,09:00:00,86,63,23,FMN GV 03 Hove
46,Statielei 16,2019-02-19,10:00:00,64,36,28,FMN GV 03 Hove
46,Statielei 16,2019-02-19,11:00:00,55,35,20,FMN GV 03 Hove
46,Statielei 16,2019-02-19,12:00:00,87,55,32,FMN GV 03 Hove
46,Statielei 16,2019-02-19,13:00:00,89,52,37,FMN GV 03 Hove
46,Statielei 16,2019-02-19,14:00:00,76,30,46,FMN GV 03 Hove
46,Statielei 16,2019-02-19,15:00:00,140,50,90,FMN GV 03 Hove
46,Statielei 16,2019-02-19,16:00:00,267,83,184,FMN GV 03 Hove
46,Statielei 16,2019-02-19,17:00:00,289,84,205,FMN GV 03 Hove
46,Statielei 16,2019-02-19,18:00:00,159,58,101,FMN GV 03 Hove
46,Statielei 16,2019-02-19,19:00:00,66,27,39,FMN GV 03 Hove
46,Statielei 16,2019-02-19,20:00:00,34,16,18,FMN GV 03 Hove
46,Statielei 16,2019-02-19,21:00:00,44,20,24,FMN GV 03 Hove
46,Statielei 16,2019-02-19,22:00:00,46,11,35,FMN GV 03 Hove
46,Statielei 16,2019-02-19,23:00:00,14,7,7,FMN GV 03 Hove
46,Statielei 16,2019-02-20,00:00:00,2,0,2,FMN GV 03 Hove
46,Statielei 16,2019-02-20,01:00:00,2,0,2,FMN GV 03 Hove
46,Statielei 16,2019-02-20,02:00:00,2,2,0,FMN GV 03 Hove
46,Statielei 16,2019-02-20,03:00:00,1,0,1,FMN GV 03 Hove
46,Statielei 16,2019-02-20,04:00:00,9,7,2,FMN GV 03 Hove
46,Statielei 16,2019-02-20,05:00:00,24,14,10,FMN GV 03 Hove
46,Statielei 16,2019-02-20,06:00:00,98,78,20,FMN GV 03 Hove
46,Statielei 16,2019-02-20,07:00:00,279,196,83,FMN GV 03 Hove
46,Statielei 16,2019-02-20,08:00:00,324,238,86,FMN GV 03 Hove
46,Statielei 16,2019-02-20,09:00:00,105,75,30,FMN GV 03 Hove
46,Statielei 16,2019-02-20,10:00:00,85,54,31,FMN GV 03 Hove
46,Statielei 16,2019-02-20,11:00:00,90,53,37,FMN GV 03 Hove
46,Statielei 16,2019-02-20,12:00:00,181,81,100,FMN GV 03 Hove
46,Statielei 16,2019-02-20,13:00:00,118,47,71,FMN GV 03 Hove
46,Statielei 16,2019-02-20,14:00:00,112,47,65,FMN GV 03 Hove
46,Statielei 16,2019-02-20,15:00:00,135,61,74,FMN GV 03 Hove
46,Statielei 16,2019-02-20,16:00:00,198,63,135,FMN GV 03 Hove
46,Statielei 16,2019-02-20,17:00:00,251,84,167,FMN GV 03 Hove
46,Statielei 16,2019-02-20,18:00:00,164,64,100,FMN GV 03 Hove
46,Statielei 16,2019-02-20,19:00:00,50,21,29,FMN GV 03 Hove
46,Statielei 16,2019-02-20,20:00:00,46,20,26,FMN GV 03 Hove
46,Statielei 16,2019-02-20,21:00:00,33,13,20,FMN GV 03 Hove
46,Statielei 16,2019-02-20,22:00:00,29,13,16,FMN GV 03 Hove
46,Statielei 16,2019-02-20,23:00:00,6,2,4,FMN GV 03 Hove
46,Statielei 16,2019-02-21,00:00:00,6,3,3,FMN GV 03 Hove
46,Statielei 16,2019-02-21,01:00:00,0,0,0,FMN GV 03 Hove
46,Statielei 16,2019-02-21,02:00:00,3,1,2,FMN GV 03 Hove
46,Statielei 16,2019-02-21,03:00:00,0,0,0,FMN GV 03 Hove
46,Statielei 16,2019-02-21,04:00:00,7,6,1,FMN GV 03 Hove
46,Statielei 16,2019-02-21,05:00:00,17,12,5,FMN GV 03 Hove
46,Statielei 16,2019-02-21,06:00:00,84,65,19,FMN GV 03 Hove
46,Statielei 16,2019-02-21,07:00:00,283,209,74,FMN GV 03 Hove
46,Statielei 16,2019-02-21,08:00:00,345,252,93,FMN GV 03 Hove
46,Statielei 16,2019-02-21,09:00:00,87,64,23,FMN GV 03 Hove
46,Statielei 16,2019-02-21,10:00:00,74,47,27,FMN GV 03 Hove
46,Statielei 16,2019-02-21,11:00:00,69,46,23,FMN GV 03 Hove
46,Statielei 16,2019-02-21,12:00:00,98,54,44,FMN GV 03 Hove
46,Statielei 16,2019-02-21,13:00:00,104,58,46,FMN GV 03 Hove
46,Statielei 16,2019-02-21,14:00:00,100,43,57,FMN GV 03 Hove
46,Statielei 16,2019-02-21,15:00:00,139,48,91,FMN GV 03 Hove
46,Statielei 16,2019-02-21,16:00:00,243,81,162,FMN GV 03 Hove
46,Statielei 16,2019-02-21,17:00:00,282,86,196,FMN GV 03 Hove
46,Statielei 16,2019-02-21,18:00:00,164,56,108,FMN GV 03 Hove
46,Statielei 16,2019-02-21,19:00:00,65,30,35,FMN GV 03 Hove
46,Statielei 16,2019-02-21,20:00:00,39,19,20,FMN GV 03 Hove
46,Statielei 16,2019-02-21,21:00:00,32,8,24,FMN GV 03 Hove
46,Statielei 16,2019-02-21,22:00:00,36,12,24,FMN GV 03 Hove
46,Statielei 16,2019-02-21,23:00:00,18,4,14,FMN GV 03 Hove
46,Statielei 16,2019-02-22,00:00:00,8,3,5,FMN GV 03 Hove
46,Statielei 16,2019-02-22,01:00:00,1,0,1,FMN GV 03 Hove
46,Statielei 16,2019-02-22,02:00:00,2,0,2,FMN GV 03 Hove
46,Statielei 16,2019-02-22,03:00:00,2,0,2,FMN GV 03 Hove
46,Statielei 16,2019-02-22,04:00:00,10,9,1,FMN GV 03 Hove
46,Statielei 16,2019-02-22,05:00:00,20,12,8,FMN GV 03 Hove
46,Statielei 16,2019-02-22,06:00:00,75,55,20,FMN GV 03 Hove
46,Statielei 16,2019-02-22,07:00:00,254,190,64,FMN GV 03 Hove
46,Statielei 16,2019-02-22,08:00:00,314,247,67,FMN GV 03 Hove
46,Statielei 16,2019-02-22,09:00:00,92,57,35,FMN GV 03 Hove
46,Statielei 16,2019-02-22,10:00:00,73,48,25,FMN GV 03 Hove
46,Statielei 16,2019-02-22,11:00:00,46,25,21,FMN GV 03 Hove
46,Statielei 16,2019-02-22,12:00:00,101,44,57,FMN GV 03 Hove
46,Statielei 16,2019-02-22,13:00:00,104,61,43,FMN GV 03 Hove
46,Statielei 16,2019-02-22,14:00:00,119,52,67,FMN GV 03 Hove
46,Statielei 16,2019-02-22,15:00:00,187,76,111,FMN GV 03 Hove
46,Statielei 16,2019-02-22,16:00:00,242,76,166,FMN GV 03 Hove
46,Statielei 16,2019-02-22,17:00:00,249,87,162,FMN GV 03 Hove
46,Statielei 16,2019-02-22,18:00:00,129,60,69,FMN GV 03 Hove
46,Statielei 16,2019-02-22,19:00:00,66,22,44,FMN GV 03 Hove
46,Statielei 16,2019-02-22,20:00:00,50,17,33,FMN GV 03 Hove
46,Statielei 16,2019-02-22,21:00:00,51,21,30,FMN GV 03 Hove
46,Statielei 16,2019-02-22,22:00:00,28,8,20,FMN GV 03 Hove
46,Statielei 16,2019-02-22,23:00:00,32,11,21,FMN GV 03 Hove
46,Statielei 16,2019-02-23,00:00:00,33,17,16,FMN GV 03 Hove
46,Statielei 16,2019-02-23,01:00:00,19,10,9,FMN GV 03 Hove
46,Statielei 16,2019-02-23,02:00:00,12,10,2,FMN GV 03 Hove
46,Statielei 16,2019-02-23,03:00:00,11,8,3,FMN GV 03 Hove
46,Statielei 16,2019-02-23,04:00:00,16,9,7,FMN GV 03 Hove
46,Statielei 16,2019-02-23,05:00:00,8,5,3,FMN GV 03 Hove
46,Statielei 16,2019-02-23,06:00:00,13,8,5,FMN GV 03 Hove
46,Statielei 16,2019-02-23,07:00:00,13,7,6,FMN GV 03 Hove
46,Statielei 16,2019-02-23,08:00:00,51,31,20,FMN GV 03 Hove
46,Statielei 16,2019-02-23,09:00:00,83,49,34,FMN GV 03 Hove
46,Statielei 16,2019-02-23,10:00:00,106,52,54,FMN GV 03 Hove
46,Statielei 16,2019-02-23,11:00:00,157,86,71,FMN GV 03 Hove
46,Statielei 16,2019-02-23,12:00:00,139,80,59,FMN GV 03 Hove
46,Statielei 16,2019-02-23,13:00:00,211,126,85,FMN GV 03 Hove
46,Statielei 16,2019-02-23,14:00:00,190,92,98,FMN GV 03 Hove
46,Statielei 16,2019-02-23,15:00:00,201,110,91,FMN GV 03 Hove
46,Statielei 16,2019-02-23,16:00:00,182,106,76,FMN GV 03 Hove
46,Statielei 16,2019-02-23,17:00:00,152,74,78,FMN GV 03 Hove
46,Statielei 16,2019-02-23,18:00:00,86,35,51,FMN GV 03 Hove
46,Statielei 16,2019-02-23,19:00:00,55,36,19,FMN GV 03 Hove
46,Statielei 16,2019-02-23,20:00:00,21,7,14,FMN GV 03 Hove
46,Statielei 16,2019-02-23,21:00:00,32,18,14,FMN GV 03 Hove
46,Statielei 16,2019-02-23,22:00:00,16,4,12,FMN GV 03 Hove
46,Statielei 16,2019-02-23,23:00:00,26,11,15,FMN GV 03 Hove
46,Statielei 16,2019-02-24,00:00:00,24,11,13,FMN GV 03 Hove
46,Statielei 16,2019-02-24,01:00:00,12,3,9,FMN GV 03 Hove
46,Statielei 16,2019-02-24,02:00:00,5,1,4,FMN GV 03 Hove
46,Statielei 16,2019-02-24,03:00:00,4,0,4,FMN GV 03 Hove
46,Statielei 16,2019-02-24,04:00:00,6,1,5,FMN GV 03 Hove
46,Statielei 16,2019-02-24,05:00:00,11,8,3,FMN GV 03 Hove
46,Statielei 16,2019-02-24,06:00:00,6,3,3,FMN GV 03 Hove
46,Statielei 16,2019-02-24,07:00:00,15,7,8,FMN GV 03 Hove
46,Statielei 16,2019-02-24,08:00:00,32,13,19,FMN GV 03 Hove
46,Statielei 16,2019-02-24,09:00:00,99,44,55,FMN GV 03 Hove
46,Statielei 16,2019-02-24,10:00:00,140,58,82,FMN GV 03 Hove
46,Statielei 16,2019-02-24,11:00:00,145,71,74,FMN GV 03 Hove
46,Statielei 16,2019-02-24,12:00:00,203,123,80,FMN GV 03 Hove
46,Statielei 16,2019-02-24,13:00:00,232,110,122,FMN GV 03 Hove
46,Statielei 16,2019-02-24,14:00:00,248,127,121,FMN GV 03 Hove
46,Statielei 16,2019-02-24,15:00:00,177,99,78,FMN GV 03 Hove
46,Statielei 16,2019-02-24,16:00:00,169,110,59,FMN GV 03 Hove
46,Statielei 16,2019-02-24,17:00:00,165,110,55,FMN GV 03 Hove
46,Statielei 16,2019-02-24,18:00:00,83,37,46,FMN GV 03 Hove
46,Statielei 16,2019-02-24,19:00:00,22,13,9,FMN GV 03 Hove
46,Statielei 16,2019-02-24,20:00:00,26,17,9,FMN GV 03 Hove
46,Statielei 16,2019-02-24,21:00:00,31,15,16,FMN GV 03 Hove
46,Statielei 16,2019-02-24,22:00:00,13,6,7,FMN GV 03 Hove
46,Statielei 16,2019-02-24,23:00:00,13,2,11,FMN GV 03 Hove
46,Statielei 16,2019-02-25,00:00:00,1,1,0,FMN GV 03 Hove
46,Statielei 16,2019-02-25,01:00:00,0,0,0,FMN GV 03 Hove
46,Statielei 16,2019-02-25,02:00:00,1,1,0,FMN GV 03 Hove
46,Statielei 16,2019-02-25,03:00:00,1,0,1,FMN GV 03 Hove
46,Statielei 16,2019-02-25,04:00:00,11,9,2,FMN GV 03 Hove
46,Statielei 16,2019-02-25,05:00:00,29,20,9,FMN GV 03 Hove
46,Statielei 16,2019-02-25,06:00:00,85,68,17,FMN GV 03 Hove
46,Statielei 16,2019-02-25,07:00:00,299,229,70,FMN GV 03 Hove
46,Statielei 16,2019-02-25,08:00:00,368,281,87,FMN GV 03 Hove
46,Statielei 16,2019-02-25,09:00:00,87,68,19,FMN GV 03 Hove
46,Statielei 16,2019-02-25,10:00:00,62,32,30,FMN GV 03 Hove
46,Statielei 16,2019-02-25,11:00:00,91,48,43,FMN GV 03 Hove
46,Statielei 16,2019-02-25,12:00:00,95,53,42,FMN GV 03 Hove
46,Statielei 16,2019-02-25,13:00:00,139,72,67,FMN GV 03 Hove
46,Statielei 16,2019-02-25,14:00:00,145,69,76,FMN GV 03 Hove
46,Statielei 16,2019-02-25,15:00:00,201,75,126,FMN GV 03 Hove
46,Statielei 16,2019-02-25,16:00:00,292,90,202,FMN GV 03 Hove
46,Statielei 16,2019-02-25,17:00:00,332,95,237,FMN GV 03 Hove
46,Statielei 16,2019-02-25,18:00:00,172,56,116,FMN GV 03 Hove
46,Statielei 16,2019-02-25,19:00:00,72,27,45,FMN GV 03 Hove
46,Statielei 16,2019-02-25,20:00:00,36,21,15,FMN GV 03 Hove
46,Statielei 16,2019-02-25,21:00:00,29,11,18,FMN GV 03 Hove
46,Statielei 16,2019-02-25,22:00:00,36,16,20,FMN GV 03 Hove
46,Statielei 16,2019-02-25,23:00:00,10,4,6,FMN GV 03 Hove
46,Statielei 16,2019-02-26,00:00:00,8,2,6,FMN GV 03 Hove
46,Statielei 16,2019-02-26,01:00:00,2,1,1,FMN GV 03 Hove
46,Statielei 16,2019-02-26,02:00:00,2,0,2,FMN GV 03 Hove
46,Statielei 16,2019-02-26,03:00:00,0,0,0,FMN GV 03 Hove
46,Statielei 16,2019-02-26,04:00:00,8,6,2,FMN GV 03 Hove
46,Statielei 16,2019-02-26,05:00:00,23,12,11,FMN GV 03 Hove
46,Statielei 16,2019-02-26,06:00:00,103,78,25,FMN GV 03 Hove
46,Statielei 16,2019-02-26,07:00:00,338,248,90,FMN GV 03 Hove
46,Statielei 16,2019-02-26,08:00:00,396,305,91,FMN GV 03 Hove
46,Statielei 16,2019-02-26,09:00:00,102,67,35,FMN GV 03 Hove
46,Statielei 16,2019-02-26,10:00:00,90,53,37,FMN GV 03 Hove
46,Statielei 16,2019-02-26,11:00:00,78,47,31,FMN GV 03 Hove
46,Statielei 16,2019-02-26,12:00:00,140,83,57,FMN GV 03 Hove
46,Statielei 16,2019-02-26,13:00:00,157,79,78,FMN GV 03 Hove
46,Statielei 16,2019-02-26,14:00:00,150,67,83,FMN GV 03 Hove
46,Statielei 16,2019-02-26,15:00:00,167,57,110,FMN GV 03 Hove
46,Statielei 16,2019-02-26,16:00:00,321,109,212,FMN GV 03 Hove
46,Statielei 16,2019-02-26,17:00:00,361,117,244,FMN GV 03 Hove
46,Statielei 16,2019-02-26,18:00:00,226,83,143,FMN GV 03 Hove
46,Statielei 16,2019-02-26,19:00:00,72,30,42,FMN GV 03 Hove
46,Statielei 16,2019-02-26,20:00:00,56,18,38,FMN GV 03 Hove
46,Statielei 16,2019-02-26,21:00:00,40,23,17,FMN GV 03 Hove
46,Statielei 16,2019-02-26,22:00:00,44,15,29,FMN GV 03 Hove
46,Statielei 16,2019-02-26,23:00:00,14,8,6,FMN GV 03 Hove
46,Statielei 16,2019-02-27,00:00:00,5,3,2,FMN GV 03 Hove
46,Statielei 16,2019-02-27,01:00:00,3,1,2,FMN GV 03 Hove
46,Statielei 16,2019-02-27,02:00:00,0,0,0,FMN GV 03 Hove
46,Statielei 16,2019-02-27,03:00:00,2,0,2,FMN GV 03 Hove
46,Statielei 16,2019-02-27,04:00:00,5,4,1,FMN GV 03 Hove
46,Statielei 16,2019-02-27,05:00:00,29,21,8,FMN GV 03 Hove
46,Statielei 16,2019-02-27,06:00:00,93,65,28,FMN GV 03 Hove
46,Statielei 16,2019-02-27,07:00:00,300,223,77,FMN GV 03 Hove
46,Statielei 16,2019-02-27,08:00:00,329,246,83,FMN GV 03 Hove
46,Statielei 16,2019-02-27,09:00:00,134,102,32,FMN GV 03 Hove
46,Statielei 16,2019-02-27,10:00:00,127,78,49,FMN GV 03 Hove
46,Statielei 16,2019-02-27,11:00:00,146,70,76,FMN GV 03 Hove
46,Statielei 16,2019-02-27,12:00:00,243,106,137,FMN GV 03 Hove
46,Statielei 16,2019-02-27,13:00:00,222,93,129,FMN GV 03 Hove
46,Statielei 16,2019-02-27,14:00:00,211,98,113,FMN GV 03 Hove
46,Statielei 16,2019-02-27,15:00:00,183,80,103,FMN GV 03 Hove
46,Statielei 16,2019-02-27,16:00:00,254,92,162,FMN GV 03 Hove
46,Statielei 16,2019-02-27,17:00:00,310,114,196,FMN GV 03 Hove
46,Statielei 16,2019-02-27,18:00:00,176,64,112,FMN GV 03 Hove
46,Statielei 16,2019-02-27,19:00:00,75,46,29,FMN GV 03 Hove
46,Statielei 16,2019-02-27,20:00:00,33,17,16,FMN GV 03 Hove
46,Statielei 16,2019-02-27,21:00:00,32,13,19,FMN GV 03 Hove
46,Statielei 16,2019-02-27,22:00:00,26,8,18,FMN GV 03 Hove
46,Statielei 16,2019-02-27,23:00:00,17,4,13,FMN GV 03 Hove
46,Statielei 16,2019-02-28,00:00:00,9,1,8,FMN GV 03 Hove
46,Statielei 16,2019-02-28,01:00:00,2,1,1,FMN GV 03 Hove
46,Statielei 16,2019-02-28,02:00:00,4,3,1,FMN GV 03 Hove
46,Statielei 16,2019-02-28,03:00:00,1,1,0,FMN GV 03 Hove
46,Statielei 16,2019-02-28,04:00:00,7,6,1,FMN GV 03 Hove
46,Statielei 16,2019-02-28,05:00:00,21,14,7,FMN GV 03 Hove
46,Statielei 16,2019-02-28,06:00:00,87,61,26,FMN GV 03 Hove
46,Statielei 16,2019-02-28,07:00:00,273,201,72,FMN GV 03 Hove
46,Statielei 16,2019-02-28,08:00:00,372,297,75,FMN GV 03 Hove
46,Statielei 16,2019-02-28,09:00:00,83,65,18,FMN GV 03 Hove
46,Statielei 16,2019-02-28,10:00:00,58,34,24,FMN GV 03 Hove
46,Statielei 16,2019-02-28,11:00:00,52,31,21,FMN GV 03 Hove
46,Statielei 16,2019-02-28,12:00:00,88,41,47,FMN GV 03 Hove
46,Statielei 16,2019-02-28,13:00:00,81,46,35,FMN GV 03 Hove
46,Statielei 16,2019-02-28,14:00:00,67,22,45,FMN GV 03 Hove
46,Statielei 16,2019-02-28,15:00:00,121,33,88,FMN GV 03 Hove
46,Statielei 16,2019-02-28,16:00:00,216,59,157,FMN GV 03 Hove
46,Statielei 16,2019-02-28,17:00:00,251,75,176,FMN GV 03 Hove
46,Statielei 16,2019-02-28,18:00:00,121,46,75,FMN GV 03 Hove
46,Statielei 16,2019-02-28,19:00:00,63,25,38,FMN GV 03 Hove
46,Statielei 16,2019-02-28,20:00:00,41,16,25,FMN GV 03 Hove
46,Statielei 16,2019-02-28,21:00:00,26,5,21,FMN GV 03 Hove
46,Statielei 16,2019-02-28,22:00:00,29,13,16,FMN GV 03 Hove
46,Statielei 16,2019-02-28,23:00:00,11,4,7,FMN GV 03 Hove
46,Statielei 16,2019-03-01,00:00:00,12,0,12,FMN GV 03 Hove
46,Statielei 16,2019-03-01,01:00:00,2,2,0,FMN GV 03 Hove
46,Statielei 16,2019-03-01,02:00:00,0,0,0,FMN GV 03 Hove
46,Statielei 16,2019-03-01,03:00:00,4,0,4,FMN GV 03 Hove
46,Statielei 16,2019-03-01,04:00:00,9,7,2,FMN GV 03 Hove
46,Statielei 16,2019-03-01,05:00:00,17,8,9,FMN GV 03 Hove
46,Statielei 16,2019-03-01,06:00:00,55,46,9,FMN GV 03 Hove
46,Statielei 16,2019-03-01,07:00:00,214,160,54,FMN GV 03 Hove
46,Statielei 16,2019-03-01,08:00:00,238,187,51,FMN GV 03 Hove
46,Statielei 16,2019-03-01,09:00:00,47,31,16,FMN GV 03 Hove
46,Statielei 16,2019-03-01,10:00:00,37,26,11,FMN GV 03 Hove
46,Statielei 16,2019-03-01,11:00:00,27,19,8,FMN GV 03 Hove
46,Statielei 16,2019-03-01,12:00:00,56,21,35,FMN GV 03 Hove
46,Statielei 16,2019-03-01,13:00:00,55,27,28,FMN GV 03 Hove
46,Statielei 16,2019-03-01,14:00:00,78,27,51,FMN GV 03 Hove
46,Statielei 16,2019-03-01,15:00:00,117,42,75,FMN GV 03 Hove
46,Statielei 16,2019-03-01,16:00:00,167,46,121,FMN GV 03 Hove
46,Statielei 16,2019-03-01,17:00:00,159,43,116,FMN GV 03 Hove
46,Statielei 16,2019-03-01,18:00:00,91,38,53,FMN GV 03 Hove
46,Statielei 16,2019-03-01,19:00:00,47,22,25,FMN GV 03 Hove
46,Statielei 16,2019-03-01,20:00:00,34,19,15,FMN GV 03 Hove
46,Statielei 16,2019-03-01,21:00:00,24,17,7,FMN GV 03 Hove
46,Statielei 16,2019-03-01,22:00:00,30,9,21,FMN GV 03 Hove
46,Statielei 16,2019-03-01,23:00:00,17,8,9,FMN GV 03 Hove
46,Statielei 16,2019-03-02,00:00:00,19,7,12,FMN GV 03 Hove
46,Statielei 16,2019-03-02,01:00:00,8,3,5,FMN GV 03 Hove
46,Statielei 16,2019-03-02,02:00:00,5,1,4,FMN GV 03 Hove
46,Statielei 16,2019-03-02,03:00:00,5,2,3,FMN GV 03 Hove
46,Statielei 16,2019-03-02,04:00:00,6,1,5,FMN GV 03 Hove
46,Statielei 16,2019-03-02,05:00:00,7,5,2,FMN GV 03 Hove
46,Statielei 16,2019-03-02,06:00:00,6,4,2,FMN GV 03 Hove
46,Statielei 16,2019-03-02,07:00:00,7,4,3,FMN GV 03 Hove
46,Statielei 16,2019-03-02,08:00:00,36,16,20,FMN GV 03 Hove
46,Statielei 16,2019-03-02,09:00:00,46,22,24,FMN GV 03 Hove
46,Statielei 16,2019-03-02,10:00:00,94,44,50,FMN GV 03 Hove
46,Statielei 16,2019-03-02,11:00:00,82,45,37,FMN GV 03 Hove
46,Statielei 16,2019-03-02,12:00:00,95,49,46,FMN GV 03 Hove
46,Statielei 16,2019-03-02,13:00:00,72,41,31,FMN GV 03 Hove
46,Statielei 16,2019-03-02,14:00:00,55,36,19,FMN GV 03 Hove
46,Statielei 16,2019-03-02,15:00:00,52,29,23,FMN GV 03 Hove
46,Statielei 16,2019-03-02,16:00:00,45,20,25,FMN GV 03 Hove
46,Statielei 16,2019-03-02,17:00:00,43,21,22,FMN GV 03 Hove
46,Statielei 16,2019-03-02,18:00:00,41,21,20,FMN GV 03 Hove
46,Statielei 16,2019-03-02,19:00:00,29,22,7,FMN GV 03 Hove
46,Statielei 16,2019-03-02,20:00:00,21,14,7,FMN GV 03 Hove
46,Statielei 16,2019-03-02,21:00:00,17,11,6,FMN GV 03 Hove
46,Statielei 16,2019-03-02,22:00:00,11,4,7,FMN GV 03 Hove
46,Statielei 16,2019-03-02,23:00:00,13,4,9,FMN GV 03 Hove
46,Statielei 16,2019-03-03,00:00:00,6,5,1,FMN GV 03 Hove
46,Statielei 16,2019-03-03,01:00:00,3,0,3,FMN GV 03 Hove
46,Statielei 16,2019-03-03,02:00:00,4,0,4,FMN GV 03 Hove
46,Statielei 16,2019-03-03,03:00:00,8,0,8,FMN GV 03 Hove
46,Statielei 16,2019-03-03,04:00:00,3,1,2,FMN GV 03 Hove
46,Statielei 16,2019-03-03,05:00:00,5,4,1,FMN GV 03 Hove
46,Statielei 16,2019-03-03,06:00:00,5,4,1,FMN GV 03 Hove
46,Statielei 16,2019-03-03,07:00:00,8,3,5,FMN GV 03 Hove
46,Statielei 16,2019-03-03,08:00:00,9,5,4,FMN GV 03 Hove
46,Statielei 16,2019-03-03,09:00:00,17,5,12,FMN GV 03 Hove
46,Statielei 16,2019-03-03,10:00:00,13,6,7,FMN GV 03 Hove
46,Statielei 16,2019-03-03,11:00:00,13,8,5,FMN GV 03 Hove
46,Statielei 16,2019-03-03,12:00:00,27,19,8,FMN GV 03 Hove
46,Statielei 16,2019-03-03,13:00:00,22,14,8,FMN GV 03 Hove
46,Statielei 16,2019-03-03,14:00:00,24,7,17,FMN GV 03 Hove
46,Statielei 16,2019-03-03,15:00:00,26,13,13,FMN GV 03 Hove
46,Statielei 16,2019-03-03,16:00:00,31,16,15,FMN GV 03 Hove
46,Statielei 16,2019-03-03,17:00:00,26,17,9,FMN GV 03 Hove
46,Statielei 16,2019-03-03,18:00:00,20,13,7,FMN GV 03 Hove
46,Statielei 16,2019-03-03,19:00:00,16,11,5,FMN GV 03 Hove
46,Statielei 16,2019-03-03,20:00:00,9,4,5,FMN GV 03 Hove
46,Statielei 16,2019-03-03,21:00:00,12,7,5,FMN GV 03 Hove
46,Statielei 16,2019-03-03,22:00:00,10,5,5,FMN GV 03 Hove
46,Statielei 16,2019-03-03,23:00:00,5,2,3,FMN GV 03 Hove
46,Statielei 16,2019-03-04,00:00:00,0,0,0,FMN GV 03 Hove
46,Statielei 16,2019-03-04,01:00:00,0,0,0,FMN GV 03 Hove
46,Statielei 16,2019-03-04,02:00:00,1,0,1,FMN GV 03 Hove
46,Statielei 16,2019-03-04,03:00:00,2,0,2,FMN GV 03 Hove
46,Statielei 16,2019-03-04,04:00:00,5,3,2,FMN GV 03 Hove
46,Statielei 16,2019-03-04,05:00:00,10,8,2,FMN GV 03 Hove
46,Statielei 16,2019-03-04,06:00:00,41,33,8,FMN GV 03 Hove
46,Statielei 16,2019-03-04,07:00:00,92,68,24,FMN GV 03 Hove
46,Statielei 16,2019-03-04,08:00:00,107,80,27,FMN GV 03 Hove
46,Statielei 16,2019-03-04,09:00:00,33,26,7,FMN GV 03 Hove
46,Statielei 16,2019-03-04,10:00:00,16,9,7,FMN GV 03 Hove
46,Statielei 16,2019-03-04,11:00:00,16,9,7,FMN GV 03 Hove
46,Statielei 16,2019-03-04,12:00:00,36,21,15,FMN GV 03 Hove
46,Statielei 16,2019-03-04,13:00:00,34,19,15,FMN GV 03 Hove
46,Statielei 16,2019-03-04,14:00:00,38,20,18,FMN GV 03 Hove
46,Statielei 16,2019-03-04,15:00:00,46,15,31,FMN GV 03 Hove
46,Statielei 16,2019-03-04,16:00:00,83,30,53,FMN GV 03 Hove
46,Statielei 16,2019-03-04,17:00:00,115,30,85,FMN GV 03 Hove
46,Statielei 16,2019-03-04,18:00:00,73,20,53,FMN GV 03 Hove
46,Statielei 16,2019-03-04,19:00:00,38,13,25,FMN GV 03 Hove
46,Statielei 16,2019-03-04,20:00:00,21,7,14,FMN GV 03 Hove
46,Statielei 16,2019-03-04,21:00:00,14,9,5,FMN GV 03 Hove
46,Statielei 16,2019-03-04,22:00:00,15,4,11,FMN GV 03 Hove
46,Statielei 16,2019-03-04,23:00:00,2,0,2,FMN GV 03 Hove
46,Statielei 16,2019-03-05,00:00:00,2,1,1,FMN GV 03 Hove
46,Statielei 16,2019-03-05,01:00:00,2,0,2,FMN GV 03 Hove
46,Statielei 16,2019-03-05,02:00:00,0,0,0,FMN GV 03 Hove
46,Statielei 16,2019-03-05,03:00:00,0,0,0,FMN GV 03 Hove
46,Statielei 16,2019-03-05,04:00:00,5,5,0,FMN GV 03 Hove
46,Statielei 16,2019-03-05,05:00:00,15,9,6,FMN GV 03 Hove
46,Statielei 16,2019-03-05,06:00:00,57,44,13,FMN GV 03 Hove
46,Statielei 16,2019-03-05,07:00:00,161,124,37,FMN GV 03 Hove
46,Statielei 16,2019-03-05,08:00:00,171,138,33,FMN GV 03 Hove
46,Statielei 16,2019-03-05,09:00:00,72,49,23,FMN GV 03 Hove
46,Statielei 16,2019-03-05,10:00:00,40,23,17,FMN GV 03 Hove
46,Statielei 16,2019-03-05,11:00:00,39,19,20,FMN GV 03 Hove
46,Statielei 16,2019-03-05,12:00:00,73,41,32,FMN GV 03 Hove
46,Statielei 16,2019-03-05,13:00:00,68,35,33,FMN GV 03 Hove
46,Statielei 16,2019-03-05,14:00:00,63,28,35,FMN GV 03 Hove
46,Statielei 16,2019-03-05,15:00:00,82,37,45,FMN GV 03 Hove
46,Statielei 16,2019-03-05,16:00:00,138,44,94,FMN GV 03 Hove
46,Statielei 16,2019-03-05,17:00:00,212,60,152,FMN GV 03 Hove
46,Statielei 16,2019-03-05,18:00:00,108,31,77,FMN GV 03 Hove
46,Statielei 16,2019-03-05,19:00:00,53,26,27,FMN GV 03 Hove
46,Statielei 16,2019-03-05,20:00:00,31,14,17,FMN GV 03 Hove
46,Statielei 16,2019-03-05,21:00:00,24,19,5,FMN GV 03 Hove
46,Statielei 16,2019-03-05,22:00:00,17,4,13,FMN GV 03 Hove
46,Statielei 16,2019-03-05,23:00:00,15,7,8,FMN GV 03 Hove
46,Statielei 16,2019-03-06,00:00:00,2,1,1,FMN GV 03 Hove
46,Statielei 16,2019-03-06,01:00:00,1,0,1,FMN GV 03 Hove
46,Statielei 16,2019-03-06,02:00:00,3,1,2,FMN GV 03 Hove
46,Statielei 16,2019-03-06,03:00:00,2,0,2,FMN GV 03 Hove
46,Statielei 16,2019-03-06,04:00:00,9,6,3,FMN GV 03 Hove
46,Statielei 16,2019-03-06,05:00:00,15,8,7,FMN GV 03 Hove
46,Statielei 16,2019-03-06,06:00:00,62,48,14,FMN GV 03 Hove
46,Statielei 16,2019-03-06,07:00:00,167,119,48,FMN GV 03 Hove
46,Statielei 16,2019-03-06,08:00:00,144,109,35,FMN GV 03 Hove
46,Statielei 16,2019-03-06,09:00:00,81,53,28,FMN GV 03 Hove
46,Statielei 16,2019-03-06,10:00:00,41,22,19,FMN GV 03 Hove
46,Statielei 16,2019-03-06,11:00:00,48,29,19,FMN GV 03 Hove
46,Statielei 16,2019-03-06,12:00:00,45,20,25,FMN GV 03 Hove
46,Statielei 16,2019-03-06,13:00:00,49,27,22,FMN GV 03 Hove
46,Statielei 16,2019-03-06,14:00:00,61,27,34,FMN GV 03 Hove
46,Statielei 16,2019-03-06,15:00:00,65,22,43,FMN GV 03 Hove
46,Statielei 16,2019-03-06,16:00:00,109,32,77,FMN GV 03 Hove
46,Statielei 16,2019-03-06,17:00:00,145,46,99,FMN GV 03 Hove
46,Statielei 16,2019-03-06,18:00:00,74,29,45,FMN GV 03 Hove
46,Statielei 16,2019-03-06,19:00:00,45,17,28,FMN GV 03 Hove
46,Statielei 16,2019-03-06,20:00:00,21,9,12,FMN GV 03 Hove
46,Statielei 16,2019-03-06,21:00:00,21,9,12,FMN GV 03 Hove
46,Statielei 16,2019-03-06,22:00:00,12,8,4,FMN GV 03 Hove
46,Statielei 16,2019-03-06,23:00:00,8,3,5,FMN GV 03 Hove
46,Statielei 16,2019-03-07,00:00:00,4,1,3,FMN GV 03 Hove
46,Statielei 16,2019-03-07,01:00:00,2,2,0,FMN GV 03 Hove
46,Statielei 16,2019-03-07,02:00:00,2,0,2,FMN GV 03 Hove
46,Statielei 16,2019-03-07,03:00:00,5,2,3,FMN GV 03 Hove
46,Statielei 16,2019-03-07,04:00:00,5,3,2,FMN GV 03 Hove
46,Statielei 16,2019-03-07,05:00:00,10,8,2,FMN GV 03 Hove
46,Statielei 16,2019-03-07,06:00:00,33,26,7,FMN GV 03 Hove
46,Statielei 16,2019-03-07,07:00:00,103,78,25,FMN GV 03 Hove
46,Statielei 16,2019-03-07,08:00:00,136,99,37,FMN GV 03 Hove
46,Statielei 16,2019-03-07,09:00:00,75,60,15,FMN GV 03 Hove
46,Statielei 16,2019-03-07,10:00:00,39,18,21,FMN GV 03 Hove
46,Statielei 16,2019-03-07,11:00:00,39,23,16,FMN GV 03 Hove
46,Statielei 16,2019-03-07,12:00:00,48,27,21,FMN GV 03 Hove
46,Statielei 16,2019-03-07,13:00:00,30,15,15,FMN GV 03 Hove
46,Statielei 16,2019-03-07,14:00:00,44,16,28,FMN GV 03 Hove
46,Statielei 16,2019-03-07,15:00:00,28,15,13,FMN GV 03 Hove
46,Statielei 16,2019-03-07,16:00:00,80,27,53,FMN GV 03 Hove
46,Statielei 16,2019-03-07,17:00:00,147,48,99,FMN GV 03 Hove
46,Statielei 16,2019-03-07,18:00:00,90,27,63,FMN GV 03 Hove
46,Statielei 16,2019-03-07,19:00:00,35,13,22,FMN GV 03 Hove
46,Statielei 16,2019-03-07,20:00:00,29,11,18,FMN GV 03 Hove
46,Statielei 16,2019-03-07,21:00:00,17,8,9,FMN GV 03 Hove
46,Statielei 16,2019-03-07,22:00:00,21,8,13,FMN GV 03 Hove
46,Statielei 16,2019-03-07,23:00:00,8,4,4,FMN GV 03 Hove
46,Statielei 16,2019-03-08,00:00:00,6,3,3,FMN GV 03 Hove
46,Statielei 16,2019-03-08,01:00:00,2,1,1,FMN GV 03 Hove
46,Statielei 16,2019-03-08,02:00:00,1,0,1,FMN GV 03 Hove
46,Statielei 16,2019-03-08,03:00:00,2,0,2,FMN GV 03 Hove
46,Statielei 16,2019-03-08,04:00:00,4,2,2,FMN GV 03 Hove
46,Statielei 16,2019-03-08,05:00:00,8,5,3,FMN GV 03 Hove
46,Statielei 16,2019-03-08,06:00:00,53,42,11,FMN GV 03 Hove
46,Statielei 16,2019-03-08,07:00:00,134,99,35,FMN GV 03 Hove
46,Statielei 16,2019-03-08,08:00:00,136,97,39,FMN GV 03 Hove
46,Statielei 16,2019-03-08,09:00:00,68,41,27,FMN GV 03 Hove
46,Statielei 16,2019-03-08,10:00:00,70,45,25,FMN GV 03 Hove
46,Statielei 16,2019-03-08,11:00:00,63,34,29,FMN GV 03 Hove
46,Statielei 16,2019-03-08,12:00:00,84,45,39,FMN GV 03 Hove
46,Statielei 16,2019-03-08,13:00:00,78,44,34,FMN GV 03 Hove
46,Statielei 16,2019-03-08,14:00:00,95,45,50,FMN GV 03 Hove
46,Statielei 16,2019-03-08,15:00:00,118,54,64,FMN GV 03 Hove
46,Statielei 16,2019-03-08,16:00:00,138,54,84,FMN GV 03 Hove
46,Statielei 16,2019-03-08,17:00:00,167,52,115,FMN GV 03 Hove
46,Statielei 16,2019-03-08,18:00:00,95,44,51,FMN GV 03 Hove
46,Statielei 16,2019-03-08,19:00:00,50,20,30,FMN GV 03 Hove
46,Statielei 16,2019-03-08,20:00:00,30,15,15,FMN GV 03 Hove
46,Statielei 16,2019-03-08,21:00:00,20,10,10,FMN GV 03 Hove
46,Statielei 16,2019-03-08,22:00:00,22,8,14,FMN GV 03 Hove
46,Statielei 16,2019-03-08,23:00:00,17,4,13,FMN GV 03 Hove
46,Statielei 16,2019-03-09,00:00:00,15,6,9,FMN GV 03 Hove
46,Statielei 16,2019-03-09,01:00:00,17,6,11,FMN GV 03 Hove
46,Statielei 16,2019-03-09,02:00:00,9,1,8,FMN GV 03 Hove
46,Statielei 16,2019-03-09,03:00:00,3,1,2,FMN GV 03 Hove
46,Statielei 16,2019-03-09,04:00:00,7,3,4,FMN GV 03 Hove
46,Statielei 16,2019-03-09,05:00:00,5,3,2,FMN GV 03 Hove
46,Statielei 16,2019-03-09,06:00:00,10,3,7,FMN GV 03 Hove
46,Statielei 16,2019-03-09,07:00:00,12,8,4,FMN GV 03 Hove
46,Statielei 16,2019-03-09,08:00:00,26,15,11,FMN GV 03 Hove
46,Statielei 16,2019-03-09,09:00:00,43,25,18,FMN GV 03 Hove
46,Statielei 16,2019-03-09,10:00:00,52,24,28,FMN GV 03 Hove
46,Statielei 16,2019-03-09,11:00:00,67,29,38,FMN GV 03 Hove
46,Statielei 16,2019-03-09,12:00:00,99,63,36,FMN GV 03 Hove
46,Statielei 16,2019-03-09,13:00:00,79,50,29,FMN GV 03 Hove
46,Statielei 16,2019-03-09,14:00:00,81,66,15,FMN GV 03 Hove
46,Statielei 16,2019-03-09,15:00:00,66,31,35,FMN GV 03 Hove
46,Statielei 16,2019-03-09,16:00:00,76,21,55,FMN GV 03 Hove
46,Statielei 16,2019-03-09,17:00:00,58,26,32,FMN GV 03 Hove
46,Statielei 16,2019-03-09,18:00:00,53,22,31,FMN GV 03 Hove
46,Statielei 16,2019-03-09,19:00:00,29,14,15,FMN GV 03 Hove
46,Statielei 16,2019-03-09,20:00:00,23,12,11,FMN GV 03 Hove
46,Statielei 16,2019-03-09,21:00:00,23,14,9,FMN GV 03 Hove
46,Statielei 16,2019-03-09,22:00:00,15,4,11,FMN GV 03 Hove
46,Statielei 16,2019-03-09,23:00:00,10,6,4,FMN GV 03 Hove
46,Statielei 16,2019-03-10,00:00:00,12,4,8,FMN GV 03 Hove
46,Statielei 16,2019-03-10,01:00:00,19,7,12,FMN GV 03 Hove
46,Statielei 16,2019-03-10,02:00:00,5,3,2,FMN GV 03 Hove
46,Statielei 16,2019-03-10,03:00:00,6,3,3,FMN GV 03 Hove
46,Statielei 16,2019-03-10,04:00:00,3,1,2,FMN GV 03 Hove
46,Statielei 16,2019-03-10,05:00:00,3,1,2,FMN GV 03 Hove
46,Statielei 16,2019-03-10,06:00:00,10,7,3,FMN GV 03 Hove
46,Statielei 16,2019-03-10,07:00:00,8,1,7,FMN GV 03 Hove
46,Statielei 16,2019-03-10,08:00:00,4,2,2,FMN GV 03 Hove
46,Statielei 16,2019-03-10,09:00:00,27,12,15,FMN GV 03 Hove
46,Statielei 16,2019-03-10,10:00:00,15,9,6,FMN GV 03 Hove
46,Statielei 16,2019-03-10,11:00:00,27,19,8,FMN GV 03 Hove
46,Statielei 16,2019-03-10,12:00:00,29,21,8,FMN GV 03 Hove
46,Statielei 16,2019-03-10,13:00:00,16,7,9,FMN GV 03 Hove
46,Statielei 16,2019-03-10,14:00:00,14,9,5,FMN GV 03 Hove
46,Statielei 16,2019-03-10,15:00:00,10,5,5,FMN GV 03 Hove
46,Statielei 16,2019-03-10,16:00:00,7,3,4,FMN GV 03 Hove
46,Statielei 16,2019-03-10,17:00:00,17,9,8,FMN GV 03 Hove
46,Statielei 16,2019-03-10,18:00:00,15,7,8,FMN GV 03 Hove
46,Statielei 16,2019-03-10,19:00:00,10,8,2,FMN GV 03 Hove
46,Statielei 16,2019-03-10,20:00:00,13,7,6,FMN GV 03 Hove
46,Statielei 16,2019-03-10,21:00:00,7,6,1,FMN GV 03 Hove
46,Statielei 16,2019-03-10,22:00:00,12,5,7,FMN GV 03 Hove
46,Statielei 16,2019-03-10,23:00:00,2,1,1,FMN GV 03 Hove
46,Statielei 16,2019-03-11,00:00:00,1,0,1,FMN GV 03 Hove
46,Statielei 16,2019-03-11,01:00:00,0,0,0,FMN GV 03 Hove
46,Statielei 16,2019-03-11,02:00:00,1,0,1,FMN GV 03 Hove
46,Statielei 16,2019-03-11,03:00:00,0,0,0,FMN GV 03 Hove
46,Statielei 16,2019-03-11,04:00:00,7,3,4,FMN GV 03 Hove
46,Statielei 16,2019-03-11,05:00:00,14,8,6,FMN GV 03 Hove
46,Statielei 16,2019-03-11,06:00:00,46,38,8,FMN GV 03 Hove
46,Statielei 16,2019-03-11,07:00:00,185,147,38,FMN GV 03 Hove
46,Statielei 16,2019-03-11,08:00:00,215,171,44,FMN GV 03 Hove
46,Statielei 16,2019-03-11,09:00:00,57,38,19,FMN GV 03 Hove
46,Statielei 16,2019-03-11,10:00:00,23,12,11,FMN GV 03 Hove
46,Statielei 16,2019-03-11,11:00:00,29,18,11,FMN GV 03 Hove
46,Statielei 16,2019-03-11,12:00:00,34,24,10,FMN GV 03 Hove
46,Statielei 16,2019-03-11,13:00:00,38,18,20,FMN GV 03 Hove
46,Statielei 16,2019-03-11,14:00:00,36,15,21,FMN GV 03 Hove
46,Statielei 16,2019-03-11,15:00:00,82,27,55,FMN GV 03 Hove
46,Statielei 16,2019-03-11,16:00:00,148,35,113,FMN GV 03 Hove
46,Statielei 16,2019-03-11,17:00:00,196,43,153,FMN GV 03 Hove
46,Statielei 16,2019-03-11,18:00:00,102,33,69,FMN GV 03 Hove
46,Statielei 16,2019-03-11,19:00:00,49,21,28,FMN GV 03 Hove
46,Statielei 16,2019-03-11,20:00:00,22,9,13,FMN GV 03 Hove
46,Statielei 16,2019-03-11,21:00:00,19,5,14,FMN GV 03 Hove
46,Statielei 16,2019-03-11,22:00:00,25,5,20,FMN GV 03 Hove
46,Statielei 16,2019-03-11,23:00:00,7,1,6,FMN GV 03 Hove
46,Statielei 16,2019-03-12,00:00:00,4,2,2,FMN GV 03 Hove
46,Statielei 16,2019-03-12,01:00:00,0,0,0,FMN GV 03 Hove
46,Statielei 16,2019-03-12,02:00:00,2,0,2,FMN GV 03 Hove
46,Statielei 16,2019-03-12,03:00:00,3,1,2,FMN GV 03 Hove
46,Statielei 16,2019-03-12,04:00:00,5,5,0,FMN GV 03 Hove
46,Statielei 16,2019-03-12,05:00:00,13,11,2,FMN GV 03 Hove
46,Statielei 16,2019-03-12,06:00:00,60,44,16,FMN GV 03 Hove
46,Statielei 16,2019-03-12,07:00:00,236,177,59,FMN GV 03 Hove
46,Statielei 16,2019-03-12,08:00:00,264,194,70,FMN GV 03 Hove
46,Statielei 16,2019-03-12,09:00:00,61,43,18,FMN GV 03 Hove
46,Statielei 16,2019-03-12,10:00:00,47,30,17,FMN GV 03 Hove
46,Statielei 16,2019-03-12,11:00:00,38,18,20,FMN GV 03 Hove
46,Statielei 16,2019-03-12,12:00:00,67,35,32,FMN GV 03 Hove
46,Statielei 16,2019-03-12,13:00:00,42,30,12,FMN GV 03 Hove
46,Statielei 16,2019-03-12,14:00:00,31,9,22,FMN GV 03 Hove
46,Statielei 16,2019-03-12,15:00:00,83,26,57,FMN GV 03 Hove
46,Statielei 16,2019-03-12,16:00:00,183,44,139,FMN GV 03 Hove
46,Statielei 16,2019-03-12,17:00:00,185,53,132,FMN GV 03 Hove
46,Statielei 16,2019-03-12,18:00:00,114,34,80,FMN GV 03 Hove
46,Statielei 16,2019-03-12,19:00:00,35,11,24,FMN GV 03 Hove
46,Statielei 16,2019-03-12,20:00:00,25,10,15,FMN GV 03 Hove
46,Statielei 16,2019-03-12,21:00:00,13,3,10,FMN GV 03 Hove
46,Statielei 16,2019-03-12,22:00:00,15,3,12,FMN GV 03 Hove
46,Statielei 16,2019-03-12,23:00:00,5,4,1,FMN GV 03 Hove
46,Statielei 16,2019-03-13,00:00:00,2,0,2,FMN GV 03 Hove
46,Statielei 16,2019-03-13,01:00:00,0,0,0,FMN GV 03 Hove
46,Statielei 16,2019-03-13,02:00:00,0,0,0,FMN GV 03 Hove
46,Statielei 16,2019-03-13,03:00:00,0,0,0,FMN GV 03 Hove
46,Statielei 16,2019-03-13,04:00:00,5,4,1,FMN GV 03 Hove
46,Statielei 16,2019-03-13,05:00:00,7,5,2,FMN GV 03 Hove
46,Statielei 16,2019-03-13,06:00:00,52,36,16,FMN GV 03 Hove
46,Statielei 16,2019-03-13,07:00:00,186,137,49,FMN GV 03 Hove
46,Statielei 16,2019-03-13,08:00:00,188,150,38,FMN GV 03 Hove
46,Statielei 16,2019-03-13,09:00:00,48,32,16,FMN GV 03 Hove
46,Statielei 16,2019-03-13,10:00:00,30,16,14,FMN GV 03 Hove
46,Statielei 16,2019-03-13,11:00:00,36,18,18,FMN GV 03 Hove
46,Statielei 16,2019-03-13,12:00:00,88,33,55,FMN GV 03 Hove
46,Statielei 16,2019-03-13,13:00:00,57,20,37,FMN GV 03 Hove
46,Statielei 16,2019-03-13,14:00:00,29,14,15,FMN GV 03 Hove
46,Statielei 16,2019-03-13,15:00:00,35,13,22,FMN GV 03 Hove
46,Statielei 16,2019-03-13,16:00:00,97,27,70,FMN GV 03 Hove
46,Statielei 16,2019-03-13,17:00:00,140,36,104,FMN GV 03 Hove
46,Statielei 16,2019-03-13,18:00:00,76,24,52,FMN GV 03 Hove
46,Statielei 16,2019-03-13,19:00:00,50,21,29,FMN GV 03 Hove
46,Statielei 16,2019-03-13,20:00:00,23,9,14,FMN GV 03 Hove
46,Statielei 16,2019-03-13,21:00:00,22,8,14,FMN GV 03 Hove
46,Statielei 16,2019-03-13,22:00:00,18,6,12,FMN GV 03 Hove
46,Statielei 16,2019-03-13,23:00:00,10,4,6,FMN GV 03 Hove
46,Statielei 16,2019-03-14,00:00:00,2,0,2,FMN GV 03 Hove
46,Statielei 16,2019-03-14,01:00:00,3,0,3,FMN GV 03 Hove
46,Statielei 16,2019-03-14,02:00:00,1,0,1,FMN GV 03 Hove
46,Statielei 16,2019-03-14,03:00:00,1,0,1,FMN GV 03 Hove
46,Statielei 16,2019-03-14,04:00:00,6,4,2,FMN GV 03 Hove
46,Statielei 16,2019-03-14,05:00:00,14,7,7,FMN GV 03 Hove
46,Statielei 16,2019-03-14,06:00:00,50,42,8,FMN GV 03 Hove
46,Statielei 16,2019-03-14,07:00:00,185,152,33,FMN GV 03 Hove
46,Statielei 16,2019-03-14,08:00:00,188,146,42,FMN GV 03 Hove
46,Statielei 16,2019-03-14,09:00:00,39,33,6,FMN GV 03 Hove
46,Statielei 16,2019-03-14,10:00:00,10,8,2,FMN GV 03 Hove
46,Statielei 16,2019-03-14,11:00:00,18,11,7,FMN GV 03 Hove
46,Statielei 16,2019-03-14,12:00:00,30,12,18,FMN GV 03 Hove
46,Statielei 16,2019-03-14,13:00:00,33,14,19,FMN GV 03 Hove
46,Statielei 16,2019-03-14,14:00:00,26,11,15,FMN GV 03 Hove
46,Statielei 16,2019-03-14,15:00:00,60,22,38,FMN GV 03 Hove
46,Statielei 16,2019-03-14,16:00:00,144,37,107,FMN GV 03 Hove
46,Statielei 16,2019-03-14,17:00:00,139,36,103,FMN GV 03 Hove
46,Statielei 16,2019-03-14,18:00:00,108,35,73,FMN GV 03 Hove
46,Statielei 16,2019-03-14,19:00:00,56,26,30,FMN GV 03 Hove
46,Statielei 16,2019-03-14,20:00:00,21,6,15,FMN GV 03 Hove
46,Statielei 16,2019-03-14,21:00:00,21,2,19,FMN GV 03 Hove
46,Statielei 16,2019-03-14,22:00:00,17,7,10,FMN GV 03 Hove
46,Statielei 16,2019-03-14,23:00:00,11,6,5,FMN GV 03 Hove
46,Statielei 16,2019-03-15,00:00:00,4,3,1,FMN GV 03 Hove
46,Statielei 16,2019-03-15,01:00:00,1,0,1,FMN GV 03 Hove
46,Statielei 16,2019-03-15,02:00:00,3,1,2,FMN GV 03 Hove
46,Statielei 16,2019-03-15,03:00:00,4,1,3,FMN GV 03 Hove
46,Statielei 16,2019-03-15,04:00:00,5,4,1,FMN GV 03 Hove
46,Statielei 16,2019-03-15,05:00:00,12,5,7,FMN GV 03 Hove
46,Statielei 16,2019-03-15,06:00:00,40,29,11,FMN GV 03 Hove
46,Statielei 16,2019-03-15,07:00:00,135,99,36,FMN GV 03 Hove
46,Statielei 16,2019-03-15,08:00:00,181,148,33,FMN GV 03 Hove
46,Statielei 16,2019-03-15,09:00:00,55,33,22,FMN GV 03 Hove
46,Statielei 16,2019-03-15,10:00:00,30,18,12,FMN GV 03 Hove
46,Statielei 16,2019-03-15,11:00:00,34,18,16,FMN GV 03 Hove
46,Statielei 16,2019-03-15,12:00:00,43,24,19,FMN GV 03 Hove
46,Statielei 16,2019-03-15,13:00:00,47,22,25,FMN GV 03 Hove
46,Statielei 16,2019-03-15,14:00:00,60,23,37,FMN GV 03 Hove
46,Statielei 16,2019-03-15,15:00:00,84,25,59,FMN GV 03 Hove
46,Statielei 16,2019-03-15,16:00:00,129,31,98,FMN GV 03 Hove
46,Statielei 16,2019-03-15,17:00:00,127,44,83,FMN GV 03 Hove
46,Statielei 16,2019-03-15,18:00:00,63,34,29,FMN GV 03 Hove
46,Statielei 16,2019-03-15,19:00:00,36,23,13,FMN GV 03 Hove
46,Statielei 16,2019-03-15,20:00:00,19,6,13,FMN GV 03 Hove
46,Statielei 16,2019-03-15,21:00:00,20,12,8,FMN GV 03 Hove
46,Statielei 16,2019-03-15,22:00:00,14,4,10,FMN GV 03 Hove
46,Statielei 16,2019-03-15,23:00:00,9,4,5,FMN GV 03 Hove
46,Statielei 16,2019-03-16,00:00:00,8,5,3,FMN GV 03 Hove
46,Statielei 16,2019-03-16,01:00:00,10,3,7,FMN GV 03 Hove
46,Statielei 16,2019-03-16,02:00:00,8,1,7,FMN GV 03 Hove
46,Statielei 16,2019-03-16,03:00:00,0,0,0,FMN GV 03 Hove
46,Statielei 16,2019-03-16,04:00:00,7,1,6,FMN GV 03 Hove
46,Statielei 16,2019-03-16,05:00:00,3,3,0,FMN GV 03 Hove
46,Statielei 16,2019-03-16,06:00:00,2,1,1,FMN GV 03 Hove
46,Statielei 16,2019-03-16,07:00:00,3,1,2,FMN GV 03 Hove
46,Statielei 16,2019-03-16,08:00:00,27,16,11,FMN GV 03 Hove
46,Statielei 16,2019-03-16,09:00:00,50,19,31,FMN GV 03 Hove
46,Statielei 16,2019-03-16,10:00:00,50,30,20,FMN GV 03 Hove
46,Statielei 16,2019-03-16,11:00:00,44,20,24,FMN GV 03 Hove
46,Statielei 16,2019-03-16,12:00:00,42,17,25,FMN GV 03 Hove
46,Statielei 16,2019-03-16,13:00:00,82,45,37,FMN GV 03 Hove
46,Statielei 16,2019-03-16,14:00:00,54,25,29,FMN GV 03 Hove
46,Statielei 16,2019-03-16,15:00:00,68,40,28,FMN GV 03 Hove
46,Statielei 16,2019-03-16,16:00:00,61,35,26,FMN GV 03 Hove
46,Statielei 16,2019-03-16,17:00:00,46,26,20,FMN GV 03 Hove
46,Statielei 16,2019-03-16,18:00:00,37,23,14,FMN GV 03 Hove
46,Statielei 16,2019-03-16,19:00:00,26,12,14,FMN GV 03 Hove
46,Statielei 16,2019-03-16,20:00:00,26,12,14,FMN GV 03 Hove
46,Statielei 16,2019-03-16,21:00:00,23,15,8,FMN GV 03 Hove
46,Statielei 16,2019-03-16,22:00:00,15,3,12,FMN GV 03 Hove
46,Statielei 16,2019-03-16,23:00:00,13,4,9,FMN GV 03 Hove
46,Statielei 16,2019-03-17,00:00:00,12,5,7,FMN GV 03 Hove
46,Statielei 16,2019-03-17,01:00:00,7,3,4,FMN GV 03 Hove
46,Statielei 16,2019-03-17,02:00:00,6,3,3,FMN GV 03 Hove
46,Statielei 16,2019-03-17,03:00:00,7,4,3,FMN GV 03 Hove
46,Statielei 16,2019-03-17,04:00:00,4,1,3,FMN GV 03 Hove
46,Statielei 16,2019-03-17,05:00:00,4,2,2,FMN GV 03 Hove
46,Statielei 16,2019-03-17,06:00:00,6,3,3,FMN GV 03 Hove
46,Statielei 16,2019-03-17,07:00:00,11,5,6,FMN GV 03 Hove
46,Statielei 16,2019-03-17,08:00:00,19,15,4,FMN GV 03 Hove
46,Statielei 16,2019-03-17,09:00:00,74,25,49,FMN GV 03 Hove
46,Statielei 16,2019-03-17,10:00:00,55,26,29,FMN GV 03 Hove
46,Statielei 16,2019-03-17,11:00:00,63,37,26,FMN GV 03 Hove
46,Statielei 16,2019-03-17,12:00:00,63,37,26,FMN GV 03 Hove
46,Statielei 16,2019-03-17,13:00:00,67,33,34,FMN GV 03 Hove
46,Statielei 16,2019-03-17,14:00:00,58,32,26,FMN GV 03 Hove
46,Statielei 16,2019-03-17,15:00:00,42,19,23,FMN GV 03 Hove
46,Statielei 16,2019-03-17,16:00:00,33,15,18,FMN GV 03 Hove
46,Statielei 16,2019-03-17,17:00:00,29,15,14,FMN GV 03 Hove
46,Statielei 16,2019-03-17,18:00:00,31,21,10,FMN GV 03 Hove
46,Statielei 16,2019-03-17,19:00:00,18,8,10,FMN GV 03 Hove
46,Statielei 16,2019-03-17,20:00:00,12,6,6,FMN GV 03 Hove
46,Statielei 16,2019-03-17,21:00:00,8,4,4,FMN GV 03 Hove
46,Statielei 16,2019-03-17,22:00:00,8,2,6,FMN GV 03 Hove
46,Statielei 16,2019-03-17,23:00:00,6,4,2,FMN GV 03 Hove
46,Statielei 16,2019-03-18,00:00:00,3,1,2,FMN GV 03 Hove
46,Statielei 16,2019-03-18,01:00:00,0,0,0,FMN GV 03 Hove
46,Statielei 16,2019-03-18,02:00:00,0,0,0,FMN GV 03 Hove
46,Statielei 16,2019-03-18,03:00:00,1,1,0,FMN GV 03 Hove
46,Statielei 16,2019-03-18,04:00:00,2,1,1,FMN GV 03 Hove
46,Statielei 16,2019-03-18,05:00:00,16,10,6,FMN GV 03 Hove
46,Statielei 16,2019-03-18,06:00:00,74,56,18,FMN GV 03 Hove
46,Statielei 16,2019-03-18,07:00:00,268,205,63,FMN GV 03 Hove
46,Statielei 16,2019-03-18,08:00:00,305,248,57,FMN GV 03 Hove
46,Statielei 16,2019-03-18,09:00:00,74,50,24,FMN GV 03 Hove
46,Statielei 16,2019-03-18,10:00:00,64,39,25,FMN GV 03 Hove
46,Statielei 16,2019-03-18,11:00:00,53,23,30,FMN GV 03 Hove
46,Statielei 16,2019-03-18,12:00:00,74,44,30,FMN GV 03 Hove
46,Statielei 16,2019-03-18,13:00:00,72,40,32,FMN GV 03 Hove
46,Statielei 16,2019-03-18,14:00:00,82,25,57,FMN GV 03 Hove
46,Statielei 16,2019-03-18,15:00:00,110,33,77,FMN GV 03 Hove
46,Statielei 16,2019-03-18,16:00:00,199,54,145,FMN GV 03 Hove
46,Statielei 16,2019-03-18,17:00:00,268,78,190,FMN GV 03 Hove
46,Statielei 16,2019-03-18,18:00:00,151,52,99,FMN GV 03 Hove
46,Statielei 16,2019-03-18,19:00:00,73,34,39,FMN GV 03 Hove
46,Statielei 16,2019-03-18,20:00:00,33,14,19,FMN GV 03 Hove
46,Statielei 16,2019-03-18,21:00:00,19,8,11,FMN GV 03 Hove
46,Statielei 16,2019-03-18,22:00:00,31,12,19,FMN GV 03 Hove
46,Statielei 16,2019-03-18,23:00:00,5,3,2,FMN GV 03 Hove
46,Statielei 16,2019-03-19,00:00:00,6,2,4,FMN GV 03 Hove
46,Statielei 16,2019-03-19,01:00:00,1,1,0,FMN GV 03 Hove
46,Statielei 16,2019-03-19,02:00:00,3,2,1,FMN GV 03 Hove
46,Statielei 16,2019-03-19,03:00:00,1,1,0,FMN GV 03 Hove
46,Statielei 16,2019-03-19,04:00:00,4,2,2,FMN GV 03 Hove
46,Statielei 16,2019-03-19,05:00:00,25,15,10,FMN GV 03 Hove
46,Statielei 16,2019-03-19,06:00:00,90,73,17,FMN GV 03 Hove
46,Statielei 16,2019-03-19,07:00:00,310,238,72,FMN GV 03 Hove
46,Statielei 16,2019-03-19,08:00:00,362,271,91,FMN GV 03 Hove
46,Statielei 16,2019-03-19,09:00:00,89,59,30,FMN GV 03 Hove
46,Statielei 16,2019-03-19,10:00:00,77,42,35,FMN GV 03 Hove
46,Statielei 16,2019-03-19,11:00:00,60,37,23,FMN GV 03 Hove
46,Statielei 16,2019-03-19,12:00:00,101,61,40,FMN GV 03 Hove
46,Statielei 16,2019-03-19,13:00:00,109,59,50,FMN GV 03 Hove
46,Statielei 16,2019-03-19,14:00:00,107,35,72,FMN GV 03 Hove
46,Statielei 16,2019-03-19,15:00:00,115,43,72,FMN GV 03 Hove
46,Statielei 16,2019-03-19,16:00:00,277,84,193,FMN GV 03 Hove
46,Statielei 16,2019-03-19,17:00:00,284,78,206,FMN GV 03 Hove
46,Statielei 16,2019-03-19,18:00:00,194,70,124,FMN GV 03 Hove
46,Statielei 16,2019-03-19,19:00:00,70,32,38,FMN GV 03 Hove
46,Statielei 16,2019-03-19,20:00:00,27,12,15,FMN GV 03 Hove
46,Statielei 16,2019-03-19,21:00:00,37,13,24,FMN GV 03 Hove
46,Statielei 16,2019-03-19,22:00:00,32,10,22,FMN GV 03 Hove
46,Statielei 16,2019-03-19,23:00:00,17,4,13,FMN GV 03 Hove
46,Statielei 16,2019-03-20,00:00:00,5,3,2,FMN GV 03 Hove
46,Statielei 16,2019-03-20,01:00:00,5,1,4,FMN GV 03 Hove
46,Statielei 16,2019-03-20,02:00:00,2,2,0,FMN GV 03 Hove
46,Statielei 16,2019-03-20,03:00:00,2,1,1,FMN GV 03 Hove
46,Statielei 16,2019-03-20,04:00:00,7,6,1,FMN GV 03 Hove
46,Statielei 16,2019-03-20,05:00:00,25,17,8,FMN GV 03 Hove
46,Statielei 16,2019-03-20,06:00:00,91,66,25,FMN GV 03 Hove
46,Statielei 16,2019-03-20,07:00:00,266,192,74,FMN GV 03 Hove
46,Statielei 16,2019-03-20,08:00:00,277,222,55,FMN GV 03 Hove
46,Statielei 16,2019-03-20,09:00:00,124,91,33,FMN GV 03 Hove
46,Statielei 16,2019-03-20,10:00:00,103,60,43,FMN GV 03 Hove
46,Statielei 16,2019-03-20,11:00:00,100,45,55,FMN GV 03 Hove
46,Statielei 16,2019-03-20,12:00:00,146,66,80,FMN GV 03 Hove
46,Statielei 16,2019-03-20,13:00:00,159,84,75,FMN GV 03 Hove
46,Statielei 16,2019-03-20,14:00:00,100,38,62,FMN GV 03 Hove
46,Statielei 16,2019-03-20,15:00:00,114,39,75,FMN GV 03 Hove
46,Statielei 16,2019-03-20,16:00:00,227,79,148,FMN GV 03 Hove
46,Statielei 16,2019-03-20,17:00:00,251,82,169,FMN GV 03 Hove
46,Statielei 16,2019-03-20,18:00:00,189,63,126,FMN GV 03 Hove
46,Statielei 16,2019-03-20,19:00:00,61,29,32,FMN GV 03 Hove
46,Statielei 16,2019-03-20,20:00:00,54,28,26,FMN GV 03 Hove
46,Statielei 16,2019-03-20,21:00:00,22,7,15,FMN GV 03 Hove
46,Statielei 16,2019-03-20,22:00:00,38,16,22,FMN GV 03 Hove
46,Statielei 16,2019-03-20,23:00:00,14,6,8,FMN GV 03 Hove
46,Statielei 16,2019-03-21,00:00:00,8,5,3,FMN GV 03 Hove
46,Statielei 16,2019-03-21,01:00:00,2,1,1,FMN GV 03 Hove
46,Statielei 16,2019-03-21,02:00:00,4,2,2,FMN GV 03 Hove
46,Statielei 16,2019-03-21,03:00:00,1,0,1,FMN GV 03 Hove
46,Statielei 16,2019-03-21,04:00:00,8,8,0,FMN GV 03 Hove
46,Statielei 16,2019-03-21,05:00:00,29,14,15,FMN GV 03 Hove
46,Statielei 16,2019-03-21,06:00:00,101,74,27,FMN GV 03 Hove
46,Statielei 16,2019-03-21,07:00:00,323,257,66,FMN GV 03 Hove
46,Statielei 16,2019-03-21,08:00:00,379,298,81,FMN GV 03 Hove
46,Statielei 16,2019-03-21,09:00:00,106,68,38,FMN GV 03 Hove
46,Statielei 16,2019-03-21,10:00:00,59,40,19,FMN GV 03 Hove
46,Statielei 16,2019-03-21,11:00:00,63,33,30,FMN GV 03 Hove
46,Statielei 16,2019-03-21,12:00:00,121,71,50,FMN GV 03 Hove
46,Statielei 16,2019-03-21,13:00:00,137,70,67,FMN GV 03 Hove
46,Statielei 16,2019-03-21,14:00:00,113,61,52,FMN GV 03 Hove
46,Statielei 16,2019-03-21,15:00:00,156,61,95,FMN GV 03 Hove
46,Statielei 16,2019-03-21,16:00:00,295,94,201,FMN GV 03 Hove
46,Statielei 16,2019-03-21,17:00:00,288,86,202,FMN GV 03 Hove
46,Statielei 16,2019-03-21,18:00:00,189,69,120,FMN GV 03 Hove
46,Statielei 16,2019-03-21,19:00:00,98,48,50,FMN GV 03 Hove
46,Statielei 16,2019-03-21,20:00:00,38,16,22,FMN GV 03 Hove
46,Statielei 16,2019-03-21,21:00:00,32,9,23,FMN GV 03 Hove
46,Statielei 16,2019-03-21,22:00:00,44,13,31,FMN GV 03 Hove
46,Statielei 16,2019-03-21,23:00:00,37,12,25,FMN GV 03 Hove
46,Statielei 16,2019-03-22,00:00:00,11,4,7,FMN GV 03 Hove
46,Statielei 16,2019-03-22,01:00:00,2,1,1,FMN GV 03 Hove
46,Statielei 16,2019-03-22,02:00:00,4,2,2,FMN GV 03 Hove
46,Statielei 16,2019-03-22,03:00:00,1,0,1,FMN GV 03 Hove
46,Statielei 16,2019-03-22,04:00:00,6,4,2,FMN GV 03 Hove
46,Statielei 16,2019-03-22,05:00:00,31,14,17,FMN GV 03 Hove
46,Statielei 16,2019-03-22,06:00:00,72,54,18,FMN GV 03 Hove
46,Statielei 16,2019-03-22,07:00:00,294,224,70,FMN GV 03 Hove
46,Statielei 16,2019-03-22,08:00:00,330,251,79,FMN GV 03 Hove
46,Statielei 16,2019-03-22,09:00:00,90,69,21,FMN GV 03 Hove
46,Statielei 16,2019-03-22,10:00:00,84,47,37,FMN GV 03 Hove
46,Statielei 16,2019-03-22,11:00:00,104,52,52,FMN GV 03 Hove
46,Statielei 16,2019-03-22,12:00:00,134,65,69,FMN GV 03 Hove
46,Statielei 16,2019-03-22,13:00:00,164,79,85,FMN GV 03 Hove
46,Statielei 16,2019-03-22,14:00:00,179,80,99,FMN GV 03 Hove
46,Statielei 16,2019-03-22,15:00:00,246,91,155,FMN GV 03 Hove
46,Statielei 16,2019-03-22,16:00:00,336,116,220,FMN GV 03 Hove
46,Statielei 16,2019-03-22,17:00:00,277,100,177,FMN GV 03 Hove
46,Statielei 16,2019-03-22,18:00:00,174,84,90,FMN GV 03 Hove
46,Statielei 16,2019-03-22,19:00:00,91,53,38,FMN GV 03 Hove
46,Statielei 16,2019-03-22,20:00:00,42,24,18,FMN GV 03 Hove
46,Statielei 16,2019-03-22,21:00:00,37,22,15,FMN GV 03 Hove
46,Statielei 16,2019-03-22,22:00:00,30,15,15,FMN GV 03 Hove
46,Statielei 16,2019-03-22,23:00:00,32,7,25,FMN GV 03 Hove
46,Statielei 16,2019-03-23,00:00:00,15,4,11,FMN GV 03 Hove
46,Statielei 16,2019-03-23,01:00:00,20,10,10,FMN GV 03 Hove
46,Statielei 16,2019-03-23,02:00:00,15,11,4,FMN GV 03 Hove
46,Statielei 16,2019-03-23,03:00:00,12,6,6,FMN GV 03 Hove
46,Statielei 16,2019-03-23,04:00:00,8,5,3,FMN GV 03 Hove
46,Statielei 16,2019-03-23,05:00:00,6,3,3,FMN GV 03 Hove
46,Statielei 16,2019-03-23,06:00:00,5,1,4,FMN GV 03 Hove
46,Statielei 16,2019-03-23,07:00:00,15,5,10,FMN GV 03 Hove
46,Statielei 16,2019-03-23,08:00:00,40,28,12,FMN GV 03 Hove
46,Statielei 16,2019-03-23,09:00:00,85,40,45,FMN GV 03 Hove
46,Statielei 16,2019-03-23,10:00:00,81,46,35,FMN GV 03 Hove
46,Statielei 16,2019-03-23,11:00:00,84,37,47,FMN GV 03 Hove
46,Statielei 16,2019-03-23,12:00:00,111,70,41,FMN GV 03 Hove
46,Statielei 16,2019-03-23,13:00:00,110,71,39,FMN GV 03 Hove
46,Statielei 16,2019-03-23,14:00:00,100,54,46,FMN GV 03 Hove
46,Statielei 16,2019-03-23,15:00:00,88,55,33,FMN GV 03 Hove
46,Statielei 16,2019-03-23,16:00:00,76,39,37,FMN GV 03 Hove
46,Statielei 16,2019-03-23,17:00:00,70,38,32,FMN GV 03 Hove
46,Statielei 16,2019-03-23,18:00:00,48,20,28,FMN GV 03 Hove
46,Statielei 16,2019-03-23,19:00:00,46,24,22,FMN GV 03 Hove
46,Statielei 16,2019-03-23,20:00:00,18,10,8,FMN GV 03 Hove
46,Statielei 16,2019-03-23,21:00:00,24,16,8,FMN GV 03 Hove
46,Statielei 16,2019-03-23,22:00:00,28,7,21,FMN GV 03 Hove
46,Statielei 16,2019-03-23,23:00:00,20,8,12,FMN GV 03 Hove
46,Statielei 16,2019-03-24,00:00:00,16,7,9,FMN GV 03 Hove
46,Statielei 16,2019-03-24,01:00:00,9,4,5,FMN GV 03 Hove
46,Statielei 16,2019-03-24,02:00:00,14,5,9,FMN GV 03 Hove
46,Statielei 16,2019-03-24,03:00:00,11,6,5,FMN GV 03 Hove
46,Statielei 16,2019-03-24,04:00:00,3,2,1,FMN GV 03 Hove
46,Statielei 16,2019-03-24,05:00:00,13,9,4,FMN GV 03 Hove
46,Statielei 16,2019-03-24,06:00:00,7,4,3,FMN GV 03 Hove
46,Statielei 16,2019-03-24,07:00:00,20,6,14,FMN GV 03 Hove
46,Statielei 16,2019-03-24,08:00:00,34,16,18,FMN GV 03 Hove
46,Statielei 16,2019-03-24,09:00:00,78,26,52,FMN GV 03 Hove
46,Statielei 16,2019-03-24,10:00:00,123,54,69,FMN GV 03 Hove
46,Statielei 16,2019-03-24,11:00:00,173,97,76,FMN GV 03 Hove
46,Statielei 16,2019-03-24,12:00:00,157,92,65,FMN GV 03 Hove
46,Statielei 16,2019-03-24,13:00:00,189,89,100,FMN GV 03 Hove
46,Statielei 16,2019-03-24,14:00:00,184,77,107,FMN GV 03 Hove
46,Statielei 16,2019-03-24,15:00:00,149,95,54,FMN GV 03 Hove
46,Statielei 16,2019-03-24,16:00:00,134,71,63,FMN GV 03 Hove
46,Statielei 16,2019-03-24,17:00:00,142,102,40,FMN GV 03 Hove
46,Statielei 16,2019-03-24,18:00:00,56,34,22,FMN GV 03 Hove
46,Statielei 16,2019-03-24,19:00:00,38,18,20,FMN GV 03 Hove
46,Statielei 16,2019-03-24,20:00:00,23,17,6,FMN GV 03 Hove
46,Statielei 16,2019-03-24,21:00:00,15,5,10,FMN GV 03 Hove
46,Statielei 16,2019-03-24,22:00:00,14,6,8,FMN GV 03 Hove
46,Statielei 16,2019-03-24,23:00:00,9,3,6,FMN GV 03 Hove
46,Statielei 16,2019-03-25,00:00:00,0,0,0,FMN GV 03 Hove
46,Statielei 16,2019-03-25,01:00:00,0,0,0,FMN GV 03 Hove
46,Statielei 16,2019-03-25,02:00:00,2,2,0,FMN GV 03 Hove
46,Statielei 16,2019-03-25,03:00:00,0,0,0,FMN GV 03 Hove
46,Statielei 16,2019-03-25,04:00:00,11,5,6,FMN GV 03 Hove
46,Statielei 16,2019-03-25,05:00:00,31,20,11,FMN GV 03 Hove
46,Statielei 16,2019-03-25,06:00:00,87,61,26,FMN GV 03 Hove
46,Statielei 16,2019-03-25,07:00:00,289,233,56,FMN GV 03 Hove
46,Statielei 16,2019-03-25,08:00:00,320,256,64,FMN GV 03 Hove
46,Statielei 16,2019-03-25,09:00:00,91,69,22,FMN GV 03 Hove
46,Statielei 16,2019-03-25,10:00:00,64,24,40,FMN GV 03 Hove
46,Statielei 16,2019-03-25,11:00:00,36,19,17,FMN GV 03 Hove
46,Statielei 16,2019-03-25,12:00:00,55,24,31,FMN GV 03 Hove
46,Statielei 16,2019-03-25,13:00:00,67,31,36,FMN GV 03 Hove
46,Statielei 16,2019-03-25,14:00:00,66,27,39,FMN GV 03 Hove
46,Statielei 16,2019-03-25,15:00:00,111,32,79,FMN GV 03 Hove
46,Statielei 16,2019-03-25,16:00:00,217,55,162,FMN GV 03 Hove
46,Statielei 16,2019-03-25,17:00:00,238,68,170,FMN GV 03 Hove
46,Statielei 16,2019-03-25,18:00:00,149,45,104,FMN GV 03 Hove
46,Statielei 16,2019-03-25,19:00:00,55,21,34,FMN GV 03 Hove
46,Statielei 16,2019-03-25,20:00:00,33,9,24,FMN GV 03 Hove
46,Statielei 16,2019-03-25,21:00:00,21,9,12,FMN GV 03 Hove
46,Statielei 16,2019-03-25,22:00:00,26,13,13,FMN GV 03 Hove
46,Statielei 16,2019-03-25,23:00:00,6,3,3,FMN GV 03 Hove
46,Statielei 16,2019-03-26,00:00:00,6,3,3,FMN GV 03 Hove
46,Statielei 16,2019-03-26,01:00:00,1,0,1,FMN GV 03 Hove
46,Statielei 16,2019-03-26,02:00:00,1,1,0,FMN GV 03 Hove
46,Statielei 16,2019-03-26,03:00:00,1,1,0,FMN GV 03 Hove
46,Statielei 16,2019-03-26,04:00:00,13,10,3,FMN GV 03 Hove
46,Statielei 16,2019-03-26,05:00:00,30,20,10,FMN GV 03 Hove
46,Statielei 16,2019-03-26,06:00:00,90,64,26,FMN GV 03 Hove
46,Statielei 16,2019-03-26,07:00:00,333,261,72,FMN GV 03 Hove
46,Statielei 16,2019-03-26,08:00:00,347,277,70,FMN GV 03 Hove
46,Statielei 16,2019-03-26,09:00:00,76,59,17,FMN GV 03 Hove
46,Statielei 16,2019-03-26,10:00:00,46,33,13,FMN GV 03 Hove
46,Statielei 16,2019-03-26,11:00:00,57,35,22,FMN GV 03 Hove
46,Statielei 16,2019-03-26,12:00:00,98,54,44,FMN GV 03 Hove
46,Statielei 16,2019-03-26,13:00:00,85,45,40,FMN GV 03 Hove
46,Statielei 16,2019-03-26,14:00:00,61,21,40,FMN GV 03 Hove
46,Statielei 16,2019-03-26,15:00:00,133,51,82,FMN GV 03 Hove
46,Statielei 16,2019-03-26,16:00:00,262,79,183,FMN GV 03 Hove
46,Statielei 16,2019-03-26,17:00:00,292,85,207,FMN GV 03 Hove
46,Statielei 16,2019-03-26,18:00:00,197,63,134,FMN GV 03 Hove
46,Statielei 16,2019-03-26,19:00:00,75,39,36,FMN GV 03 Hove
46,Statielei 16,2019-03-26,20:00:00,43,13,30,FMN GV 03 Hove
46,Statielei 16,2019-03-26,21:00:00,31,12,19,FMN GV 03 Hove
46,Statielei 16,2019-03-26,22:00:00,24,11,13,FMN GV 03 Hove
46,Statielei 16,2019-03-26,23:00:00,17,9,8,FMN GV 03 Hove
46,Statielei 16,2019-03-27,00:00:00,4,2,2,FMN GV 03 Hove
46,Statielei 16,2019-03-27,01:00:00,1,0,1,FMN GV 03 Hove
46,Statielei 16,2019-03-27,02:00:00,1,1,0,FMN GV 03 Hove
46,Statielei 16,2019-03-27,03:00:00,0,0,0,FMN GV 03 Hove
46,Statielei 16,2019-03-27,04:00:00,11,9,2,FMN GV 03 Hove
46,Statielei 16,2019-03-27,05:00:00,26,16,10,FMN GV 03 Hove
46,Statielei 16,2019-03-27,06:00:00,93,67,26,FMN GV 03 Hove
46,Statielei 16,2019-03-27,07:00:00,294,228,66,FMN GV 03 Hove
46,Statielei 16,2019-03-27,08:00:00,308,237,71,FMN GV 03 Hove
46,Statielei 16,2019-03-27,09:00:00,135,88,47,FMN GV 03 Hove
46,Statielei 16,2019-03-27,10:00:00,105,69,36,FMN GV 03 Hove
46,Statielei 16,2019-03-27,11:00:00,98,38,60,FMN GV 03 Hove
46,Statielei 16,2019-03-27,12:00:00,172,81,91,FMN GV 03 Hove
46,Statielei 16,2019-03-27,13:00:00,105,36,69,FMN GV 03 Hove
46,Statielei 16,2019-03-27,14:00:00,85,33,52,FMN GV 03 Hove
46,Statielei 16,2019-03-27,15:00:00,155,90,65,FMN GV 03 Hove
46,Statielei 16,2019-03-27,16:00:00,198,70,128,FMN GV 03 Hove
46,Statielei 16,2019-03-27,17:00:00,276,90,186,FMN GV 03 Hove
46,Statielei 16,2019-03-27,18:00:00,175,62,113,FMN GV 03 Hove
46,Statielei 16,2019-03-27,19:00:00,65,29,36,FMN GV 03 Hove
46,Statielei 16,2019-03-27,20:00:00,48,19,29,FMN GV 03 Hove
46,Statielei 16,2019-03-27,21:00:00,38,12,26,FMN GV 03 Hove
46,Statielei 16,2019-03-27,22:00:00,23,9,14,FMN GV 03 Hove
46,Statielei 16,2019-03-27,23:00:00,21,10,11,FMN GV 03 Hove
46,Statielei 16,2019-03-28,00:00:00,6,3,3,FMN GV 03 Hove
46,Statielei 16,2019-03-28,01:00:00,3,2,1,FMN GV 03 Hove
46,Statielei 16,2019-03-28,02:00:00,2,2,0,FMN GV 03 Hove
46,Statielei 16,2019-03-28,03:00:00,2,1,1,FMN GV 03 Hove
46,Statielei 16,2019-03-28,04:00:00,8,6,2,FMN GV 03 Hove
46,Statielei 16,2019-03-28,05:00:00,22,13,9,FMN GV 03 Hove
46,Statielei 16,2019-03-28,06:00:00,80,57,23,FMN GV 03 Hove
46,Statielei 16,2019-03-28,07:00:00,290,222,68,FMN GV 03 Hove
46,Statielei 16,2019-03-28,08:00:00,375,290,85,FMN GV 03 Hove
46,Statielei 16,2019-03-28,09:00:00,93,69,24,FMN GV 03 Hove
46,Statielei 16,2019-03-28,10:00:00,69,35,34,FMN GV 03 Hove
46,Statielei 16,2019-03-28,11:00:00,61,35,26,FMN GV 03 Hove
46,Statielei 16,2019-03-28,12:00:00,114,59,55,FMN GV 03 Hove
46,Statielei 16,2019-03-28,13:00:00,122,60,62,FMN GV 03 Hove
46,Statielei 16,2019-03-28,14:00:00,128,60,68,FMN GV 03 Hove
46,Statielei 16,2019-03-28,15:00:00,141,62,79,FMN GV 03 Hove
46,Statielei 16,2019-03-28,16:00:00,269,77,192,FMN GV 03 Hove
46,Statielei 16,2019-03-28,17:00:00,261,77,184,FMN GV 03 Hove
46,Statielei 16,2019-03-28,18:00:00,178,89,89,FMN GV 03 Hove
46,Statielei 16,2019-03-28,19:00:00,61,23,38,FMN GV 03 Hove
46,Statielei 16,2019-03-28,20:00:00,43,18,25,FMN GV 03 Hove
46,Statielei 16,2019-03-28,21:00:00,25,7,18,FMN GV 03 Hove
46,Statielei 16,2019-03-28,22:00:00,34,14,20,FMN GV 03 Hove
46,Statielei 16,2019-03-28,23:00:00,14,8,6,FMN GV 03 Hove
46,Statielei 16,2019-03-29,00:00:00,10,3,7,FMN GV 03 Hove
46,Statielei 16,2019-03-29,01:00:00,3,0,3,FMN GV 03 Hove
46,Statielei 16,2019-03-29,02:00:00,3,2,1,FMN GV 03 Hove
46,Statielei 16,2019-03-29,03:00:00,0,0,0,FMN GV 03 Hove
46,Statielei 16,2019-03-29,04:00:00,11,7,4,FMN GV 03 Hove
46,Statielei 16,2019-03-29,05:00:00,28,17,11,FMN GV 03 Hove
46,Statielei 16,2019-03-29,06:00:00,81,62,19,FMN GV 03 Hove
46,Statielei 16,2019-03-29,07:00:00,256,197,59,FMN GV 03 Hove
46,Statielei 16,2019-03-29,08:00:00,336,268,68,FMN GV 03 Hove
46,Statielei 16,2019-03-29,09:00:00,118,76,42,FMN GV 03 Hove
46,Statielei 16,2019-03-29,10:00:00,89,47,42,FMN GV 03 Hove
46,Statielei 16,2019-03-29,11:00:00,97,53,44,FMN GV 03 Hove
46,Statielei 16,2019-03-29,12:00:00,111,53,58,FMN GV 03 Hove
46,Statielei 16,2019-03-29,13:00:00,120,61,59,FMN GV 03 Hove
46,Statielei 16,2019-03-29,14:00:00,178,81,97,FMN GV 03 Hove
46,Statielei 16,2019-03-29,15:00:00,221,100,121,FMN GV 03 Hove
46,Statielei 16,2019-03-29,16:00:00,269,101,168,FMN GV 03 Hove
46,Statielei 16,2019-03-29,17:00:00,265,81,184,FMN GV 03 Hove
46,Statielei 16,2019-03-29,18:00:00,163,67,96,FMN GV 03 Hove
46,Statielei 16,2019-03-29,19:00:00,90,50,40,FMN GV 03 Hove
46,Statielei 16,2019-03-29,20:00:00,43,23,20,FMN GV 03 Hove
46,Statielei 16,2019-03-29,21:00:00,44,23,21,FMN GV 03 Hove
46,Statielei 16,2019-03-29,22:00:00,45,16,29,FMN GV 03 Hove
46,Statielei 16,2019-03-29,23:00:00,22,7,15,FMN GV 03 Hove
46,Statielei 16,2019-03-30,00:00:00,23,6,17,FMN GV 03 Hove
46,Statielei 16,2019-03-30,01:00:00,12,4,8,FMN GV 03 Hove
46,Statielei 16,2019-03-30,02:00:00,12,3,9,FMN GV 03 Hove
46,Statielei 16,2019-03-30,03:00:00,10,3,7,FMN GV 03 Hove
46,Statielei 16,2019-03-30,04:00:00,8,4,4,FMN GV 03 Hove
46,Statielei 16,2019-03-30,05:00:00,8,6,2,FMN GV 03 Hove
46,Statielei 16,2019-03-30,06:00:00,19,10,9,FMN GV 03 Hove
46,Statielei 16,2019-03-30,07:00:00,22,11,11,FMN GV 03 Hove
46,Statielei 16,2019-03-30,08:00:00,51,31,20,FMN GV 03 Hove
46,Statielei 16,2019-03-30,09:00:00,81,40,41,FMN GV 03 Hove
46,Statielei 16,2019-03-30,10:00:00,128,60,68,FMN GV 03 Hove
46,Statielei 16,2019-03-30,11:00:00,154,90,64,FMN GV 03 Hove
46,Statielei 16,2019-03-30,12:00:00,151,80,71,FMN GV 03 Hove
46,Statielei 16,2019-03-30,13:00:00,204,114,90,FMN GV 03 Hove
46,Statielei 16,2019-03-30,14:00:00,209,98,111,FMN GV 03 Hove
46,Statielei 16,2019-03-30,15:00:00,169,105,64,FMN GV 03 Hove
46,Statielei 16,2019-03-30,16:00:00,171,81,90,FMN GV 03 Hove
46,Statielei 16,2019-03-30,17:00:00,173,91,82,FMN GV 03 Hove
46,Statielei 16,2019-03-30,18:00:00,94,53,41,FMN GV 03 Hove
46,Statielei 16,2019-03-30,19:00:00,52,26,26,FMN GV 03 Hove
46,Statielei 16,2019-03-30,20:00:00,40,23,17,FMN GV 03 Hove
46,Statielei 16,2019-03-30,21:00:00,18,10,8,FMN GV 03 Hove
46,Statielei 16,2019-03-30,22:00:00,25,8,17,FMN GV 03 Hove
46,Statielei 16,2019-03-30,23:00:00,11,0,11,FMN GV 03 Hove
46,Statielei 16,2019-03-31,00:00:00,24,14,10,FMN GV 03 Hove
46,Statielei 16,2019-03-31,01:00:00,13,6,7,FMN GV 03 Hove
46,Statielei 16,2019-03-31,02:00:00,0,0,0,FMN GV 03 Hove
46,Statielei 16,2019-03-31,03:00:00,7,1,6,FMN GV 03 Hove
46,Statielei 16,2019-03-31,04:00:00,8,2,6,FMN GV 03 Hove
46,Statielei 16,2019-03-31,05:00:00,7,3,4,FMN GV 03 Hove
46,Statielei 16,2019-03-31,06:00:00,13,5,8,FMN GV 03 Hove
46,Statielei 16,2019-03-31,07:00:00,17,8,9,FMN GV 03 Hove
46,Statielei 16,2019-03-31,08:00:00,24,9,15,FMN GV 03 Hove
46,Statielei 16,2019-03-31,09:00:00,73,31,42,FMN GV 03 Hove
46,Statielei 16,2019-03-31,10:00:00,71,32,39,FMN GV 03 Hove
46,Statielei 16,2019-03-31,11:00:00,108,57,51,FMN GV 03 Hove
46,Statielei 16,2019-03-31,12:00:00,113,69,44,FMN GV 03 Hove
46,Statielei 16,2019-03-31,13:00:00,133,78,55,FMN GV 03 Hove
46,Statielei 16,2019-03-31,14:00:00,138,77,61,FMN GV 03 Hove
46,Statielei 16,2019-03-31,15:00:00,108,53,55,FMN GV 03 Hove
46,Statielei 16,2019-03-31,16:00:00,115,61,54,FMN GV 03 Hove
46,Statielei 16,2019-03-31,17:00:00,73,38,35,FMN GV 03 Hove
46,Statielei 16,2019-03-31,18:00:00,78,37,41,FMN GV 03 Hove
46,Statielei 16,2019-03-31,19:00:00,49,23,26,FMN GV 03 Hove
46,Statielei 16,2019-03-31,20:00:00,39,20,19,FMN GV 03 Hove
46,Statielei 16,2019-03-31,21:00:00,19,10,9,FMN GV 03 Hove
46,Statielei 16,2019-03-31,22:00:00,18,5,13,FMN GV 03 Hove
46,Statielei 16,2019-03-31,23:00:00,11,4,7,FMN GV 03 Hove
46,Statielei 16,2019-04-01,00:00:00,7,5,2,FMN GV 03 Hove
46,Statielei 16,2019-04-01,01:00:00,3,1,2,FMN GV 03 Hove
46,Statielei 16,2019-04-01,02:00:00,0,0,0,FMN GV 03 Hove
46,Statielei 16,2019-04-01,03:00:00,0,0,0,FMN GV 03 Hove
46,Statielei 16,2019-04-01,04:00:00,8,6,2,FMN GV 03 Hove
46,Statielei 16,2019-04-01,05:00:00,26,17,9,FMN GV 03 Hove
46,Statielei 16,2019-04-01,06:00:00,99,67,32,FMN GV 03 Hove
46,Statielei 16,2019-04-01,07:00:00,295,222,73,FMN GV 03 Hove
46,Statielei 16,2019-04-01,08:00:00,367,295,72,FMN GV 03 Hove
46,Statielei 16,2019-04-01,09:00:00,99,82,17,FMN GV 03 Hove
46,Statielei 16,2019-04-01,10:00:00,72,44,28,FMN GV 03 Hove
46,Statielei 16,2019-04-01,11:00:00,77,47,30,FMN GV 03 Hove
46,Statielei 16,2019-04-01,12:00:00,97,51,46,FMN GV 03 Hove
46,Statielei 16,2019-04-01,13:00:00,116,61,55,FMN GV 03 Hove
46,Statielei 16,2019-04-01,14:00:00,110,50,60,FMN GV 03 Hove
46,Statielei 16,2019-04-01,15:00:00,167,74,93,FMN GV 03 Hove
46,Statielei 16,2019-04-01,16:00:00,292,98,194,FMN GV 03 Hove
46,Statielei 16,2019-04-01,17:00:00,347,101,246,FMN GV 03 Hove
46,Statielei 16,2019-04-01,18:00:00,226,72,154,FMN GV 03 Hove
46,Statielei 16,2019-04-01,19:00:00,119,58,61,FMN GV 03 Hove
46,Statielei 16,2019-04-01,20:00:00,51,27,24,FMN GV 03 Hove
46,Statielei 16,2019-04-01,21:00:00,42,21,21,FMN GV 03 Hove
46,Statielei 16,2019-04-01,22:00:00,23,7,16,FMN GV 03 Hove
46,Statielei 16,2019-04-01,23:00:00,13,7,6,FMN GV 03 Hove
46,Statielei 16,2019-04-02,00:00:00,4,2,2,FMN GV 03 Hove
46,Statielei 16,2019-04-02,01:00:00,0,0,0,FMN GV 03 Hove
46,Statielei 16,2019-04-02,02:00:00,2,1,1,FMN GV 03 Hove
46,Statielei 16,2019-04-02,03:00:00,1,0,1,FMN GV 03 Hove
46,Statielei 16,2019-04-02,04:00:00,2,0,2,FMN GV 03 Hove
46,Statielei 16,2019-04-02,05:00:00,22,9,13,FMN GV 03 Hove
46,Statielei 16,2019-04-02,06:00:00,85,62,23,FMN GV 03 Hove
46,Statielei 16,2019-04-02,07:00:00,276,217,59,FMN GV 03 Hove
46,Statielei 16,2019-04-02,08:00:00,318,249,69,FMN GV 03 Hove
46,Statielei 16,2019-04-02,09:00:00,100,72,28,FMN GV 03 Hove
46,Statielei 16,2019-04-02,10:00:00,62,40,22,FMN GV 03 Hove
46,Statielei 16,2019-04-02,11:00:00,51,29,22,FMN GV 03 Hove
46,Statielei 16,2019-04-02,12:00:00,53,30,23,FMN GV 03 Hove
46,Statielei 16,2019-04-02,13:00:00,59,33,26,FMN GV 03 Hove
46,Statielei 16,2019-04-02,14:00:00,37,15,22,FMN GV 03 Hove
46,Statielei 16,2019-04-02,15:00:00,111,36,75,FMN GV 03 Hove
46,Statielei 16,2019-04-02,16:00:00,213,57,156,FMN GV 03 Hove
46,Statielei 16,2019-04-02,17:00:00,183,52,131,FMN GV 03 Hove
46,Statielei 16,2019-04-02,18:00:00,137,26,111,FMN GV 03 Hove
46,Statielei 16,2019-04-02,19:00:00,58,24,34,FMN GV 03 Hove
46,Statielei 16,2019-04-02,20:00:00,38,21,17,FMN GV 03 Hove
46,Statielei 16,2019-04-02,21:00:00,20,13,7,FMN GV 03 Hove
46,Statielei 16,2019-04-02,22:00:00,19,9,10,FMN GV 03 Hove
46,Statielei 16,2019-04-02,23:00:00,10,3,7,FMN GV 03 Hove
46,Statielei 16,2019-04-03,00:00:00,8,3,5,FMN GV 03 Hove
46,Statielei 16,2019-04-03,01:00:00,1,0,1,FMN GV 03 Hove
46,Statielei 16,2019-04-03,02:00:00,2,1,1,FMN GV 03 Hove
46,Statielei 16,2019-04-03,03:00:00,0,0,0,FMN GV 03 Hove
46,Statielei 16,2019-04-03,04:00:00,2,1,1,FMN GV 03 Hove
46,Statielei 16,2019-04-03,05:00:00,12,5,7,FMN GV 03 Hove
46,Statielei 16,2019-04-03,06:00:00,75,54,21,FMN GV 03 Hove
46,Statielei 16,2019-04-03,07:00:00,188,146,42,FMN GV 03 Hove
46,Statielei 16,2019-04-03,08:00:00,253,196,57,FMN GV 03 Hove
46,Statielei 16,2019-04-03,09:00:00,96,67,29,FMN GV 03 Hove
46,Statielei 16,2019-04-03,10:00:00,53,25,28,FMN GV 03 Hove
46,Statielei 16,2019-04-03,11:00:00,56,21,35,FMN GV 03 Hove
46,Statielei 16,2019-04-03,12:00:00,110,37,73,FMN GV 03 Hove
46,Statielei 16,2019-04-03,13:00:00,114,57,57,FMN GV 03 Hove
46,Statielei 16,2019-04-03,14:00:00,49,22,27,FMN GV 03 Hove
46,Statielei 16,2019-04-03,15:00:00,70,27,43,FMN GV 03 Hove
46,Statielei 16,2019-04-03,16:00:00,121,35,86,FMN GV 03 Hove
46,Statielei 16,2019-04-03,17:00:00,194,48,146,FMN GV 03 Hove
46,Statielei 16,2019-04-03,18:00:00,114,40,74,FMN GV 03 Hove
46,Statielei 16,2019-04-03,19:00:00,64,27,37,FMN GV 03 Hove
46,Statielei 16,2019-04-03,20:00:00,33,15,18,FMN GV 03 Hove
46,Statielei 16,2019-04-03,21:00:00,31,15,16,FMN GV 03 Hove
46,Statielei 16,2019-04-03,22:00:00,27,10,17,FMN GV 03 Hove
46,Statielei 16,2019-04-03,23:00:00,16,6,10,FMN GV 03 Hove
46,Statielei 16,2019-04-04,00:00:00,3,0,3,FMN GV 03 Hove
46,Statielei 16,2019-04-04,01:00:00,1,0,1,FMN GV 03 Hove
46,Statielei 16,2019-04-04,02:00:00,8,7,1,FMN GV 03 Hove
46,Statielei 16,2019-04-04,03:00:00,0,0,0,FMN GV 03 Hove
46,Statielei 16,2019-04-04,04:00:00,9,4,5,FMN GV 03 Hove
46,Statielei 16,2019-04-04,05:00:00,20,13,7,FMN GV 03 Hove
46,Statielei 16,2019-04-04,06:00:00,77,60,17,FMN GV 03 Hove
46,Statielei 16,2019-04-04,07:00:00,242,184,58,FMN GV 03 Hove
46,Statielei 16,2019-04-04,08:00:00,303,246,57,FMN GV 03 Hove
46,Statielei 16,2019-04-04,09:00:00,92,68,24,FMN GV 03 Hove
46,Statielei 16,2019-04-04,10:00:00,58,35,23,FMN GV 03 Hove
46,Statielei 16,2019-04-04,11:00:00,55,37,18,FMN GV 03 Hove
46,Statielei 16,2019-04-04,12:00:00,88,37,51,FMN GV 03 Hove
46,Statielei 16,2019-04-04,13:00:00,114,54,60,FMN GV 03 Hove
46,Statielei 16,2019-04-04,14:00:00,88,47,41,FMN GV 03 Hove
46,Statielei 16,2019-04-04,15:00:00,109,32,77,FMN GV 03 Hove
46,Statielei 16,2019-04-04,16:00:00,222,59,163,FMN GV 03 Hove
46,Statielei 16,2019-04-04,17:00:00,265,87,178,FMN GV 03 Hove
46,Statielei 16,2019-04-04,18:00:00,178,66,112,FMN GV 03 Hove
46,Statielei 16,2019-04-04,19:00:00,84,39,45,FMN GV 03 Hove
46,Statielei 16,2019-04-04,20:00:00,59,23,36,FMN GV 03 Hove
46,Statielei 16,2019-04-04,21:00:00,24,9,15,FMN GV 03 Hove
46,Statielei 16,2019-04-04,22:00:00,38,12,26,FMN GV 03 Hove
46,Statielei 16,2019-04-04,23:00:00,16,8,8,FMN GV 03 Hove
46,Statielei 16,2019-04-05,00:00:00,6,1,5,FMN GV 03 Hove
46,Statielei 16,2019-04-05,01:00:00,1,0,1,FMN GV 03 Hove
46,Statielei 16,2019-04-05,02:00:00,2,1,1,FMN GV 03 Hove
46,Statielei 16,2019-04-05,03:00:00,2,1,1,FMN GV 03 Hove
46,Statielei 16,2019-04-05,04:00:00,9,5,4,FMN GV 03 Hove
46,Statielei 16,2019-04-05,05:00:00,18,8,10,FMN GV 03 Hove
46,Statielei 16,2019-04-05,06:00:00,77,62,15,FMN GV 03 Hove
46,Statielei 16,2019-04-05,07:00:00,230,165,65,FMN GV 03 Hove
46,Statielei 16,2019-04-05,08:00:00,283,220,63,FMN GV 03 Hove
46,Statielei 16,2019-04-05,09:00:00,106,72,34,FMN GV 03 Hove
46,Statielei 16,2019-04-05,10:00:00,91,49,42,FMN GV 03 Hove
46,Statielei 16,2019-04-05,11:00:00,90,52,38,FMN GV 03 Hove
46,Statielei 16,2019-04-05,12:00:00,110,55,55,FMN GV 03 Hove
46,Statielei 16,2019-04-05,13:00:00,136,74,62,FMN GV 03 Hove
46,Statielei 16,2019-04-05,14:00:00,133,65,68,FMN GV 03 Hove
46,Statielei 16,2019-04-05,15:00:00,192,73,119,FMN GV 03 Hove
46,Statielei 16,2019-04-05,16:00:00,251,88,163,FMN GV 03 Hove
46,Statielei 16,2019-04-05,17:00:00,251,85,166,FMN GV 03 Hove
46,Statielei 16,2019-04-05,18:00:00,146,57,89,FMN GV 03 Hove
46,Statielei 16,2019-04-05,19:00:00,81,42,39,FMN GV 03 Hove
46,Statielei 16,2019-04-05,20:00:00,60,23,37,FMN GV 03 Hove
46,Statielei 16,2019-04-05,21:00:00,42,21,21,FMN GV 03 Hove
46,Statielei 16,2019-04-05,22:00:00,48,22,26,FMN GV 03 Hove
46,Statielei 16,2019-04-05,23:00:00,26,11,15,FMN GV 03 Hove
46,Statielei 16,2019-04-06,00:00:00,26,8,18,FMN GV 03 Hove
46,Statielei 16,2019-04-06,01:00:00,21,5,16,FMN GV 03 Hove
46,Statielei 16,2019-04-06,02:00:00,15,5,10,FMN GV 03 Hove
46,Statielei 16,2019-04-06,03:00:00,4,1,3,FMN GV 03 Hove
46,Statielei 16,2019-04-06,04:00:00,5,0,5,FMN GV 03 Hove
46,Statielei 16,2019-04-06,05:00:00,8,2,6,FMN GV 03 Hove
46,Statielei 16,2019-04-06,06:00:00,34,29,5,FMN GV 03 Hove
46,Statielei 16,2019-04-06,07:00:00,16,9,7,FMN GV 03 Hove
46,Statielei 16,2019-04-06,08:00:00,42,21,21,FMN GV 03 Hove
46,Statielei 16,2019-04-06,09:00:00,53,25,28,FMN GV 03 Hove
46,Statielei 16,2019-04-06,10:00:00,72,36,36,FMN GV 03 Hove
46,Statielei 16,2019-04-06,11:00:00,95,50,45,FMN GV 03 Hove
46,Statielei 16,2019-04-06,12:00:00,123,69,54,FMN GV 03 Hove
46,Statielei 16,2019-04-06,13:00:00,160,94,66,FMN GV 03 Hove
46,Statielei 16,2019-04-06,14:00:00,153,87,66,FMN GV 03 Hove
46,Statielei 16,2019-04-06,15:00:00,140,71,69,FMN GV 03 Hove
46,Statielei 16,2019-04-06,16:00:00,126,61,65,FMN GV 03 Hove
46,Statielei 16,2019-04-06,17:00:00,105,49,56,FMN GV 03 Hove
46,Statielei 16,2019-04-06,18:00:00,82,42,40,FMN GV 03 Hove
46,Statielei 16,2019-04-06,19:00:00,64,37,27,FMN GV 03 Hove
46,Statielei 16,2019-04-06,20:00:00,31,15,16,FMN GV 03 Hove
46,Statielei 16,2019-04-06,21:00:00,21,14,7,FMN GV 03 Hove
46,Statielei 16,2019-04-06,22:00:00,31,9,22,FMN GV 03 Hove
46,Statielei 16,2019-04-06,23:00:00,16,2,14,FMN GV 03 Hove
46,Statielei 16,2019-04-07,00:00:00,13,3,10,FMN GV 03 Hove
46,Statielei 16,2019-04-07,01:00:00,11,5,6,FMN GV 03 Hove
46,Statielei 16,2019-04-07,02:00:00,3,0,3,FMN GV 03 Hove
46,Statielei 16,2019-04-07,03:00:00,6,0,6,FMN GV 03 Hove
46,Statielei 16,2019-04-07,04:00:00,8,2,6,FMN GV 03 Hove
46,Statielei 16,2019-04-07,05:00:00,5,3,2,FMN GV 03 Hove
46,Statielei 16,2019-04-07,06:00:00,6,4,2,FMN GV 03 Hove
46,Statielei 16,2019-04-07,07:00:00,10,3,7,FMN GV 03 Hove
46,Statielei 16,2019-04-07,08:00:00,65,46,19,FMN GV 03 Hove
46,Statielei 16,2019-04-07,09:00:00,144,76,68,FMN GV 03 Hove
46,Statielei 16,2019-04-07,10:00:00,99,48,51,FMN GV 03 Hove
46,Statielei 16,2019-04-07,11:00:00,187,83,104,FMN GV 03 Hove
46,Statielei 16,2019-04-07,12:00:00,184,88,96,FMN GV 03 Hove
46,Statielei 16,2019-04-07,13:00:00,197,122,75,FMN GV 03 Hove
46,Statielei 16,2019-04-07,14:00:00,197,114,83,FMN GV 03 Hove
46,Statielei 16,2019-04-07,15:00:00,159,81,78,FMN GV 03 Hove
46,Statielei 16,2019-04-07,16:00:00,137,73,64,FMN GV 03 Hove
46,Statielei 16,2019-04-07,17:00:00,94,40,54,FMN GV 03 Hove
46,Statielei 16,2019-04-07,18:00:00,65,21,44,FMN GV 03 Hove
46,Statielei 16,2019-04-07,19:00:00,51,33,18,FMN GV 03 Hove
46,Statielei 16,2019-04-07,20:00:00,24,16,8,FMN GV 03 Hove
46,Statielei 16,2019-04-07,21:00:00,27,15,12,FMN GV 03 Hove
46,Statielei 16,2019-04-07,22:00:00,19,7,12,FMN GV 03 Hove
46,Statielei 16,2019-04-07,23:00:00,7,4,3,FMN GV 03 Hove
46,Statielei 16,2019-04-08,00:00:00,5,2,3,FMN GV 03 Hove
46,Statielei 16,2019-04-08,01:00:00,3,0,3,FMN GV 03 Hove
46,Statielei 16,2019-04-08,02:00:00,1,0,1,FMN GV 03 Hove
46,Statielei 16,2019-04-08,03:00:00,2,0,2,FMN GV 03 Hove
46,Statielei 16,2019-04-08,04:00:00,5,3,2,FMN GV 03 Hove
46,Statielei 16,2019-04-08,05:00:00,19,9,10,FMN GV 03 Hove
46,Statielei 16,2019-04-08,06:00:00,71,53,18,FMN GV 03 Hove
46,Statielei 16,2019-04-08,07:00:00,187,129,58,FMN GV 03 Hove
46,Statielei 16,2019-04-08,08:00:00,209,149,60,FMN GV 03 Hove
46,Statielei 16,2019-04-08,09:00:00,62,41,21,FMN GV 03 Hove
46,Statielei 16,2019-04-08,10:00:00,32,17,15,FMN GV 03 Hove
46,Statielei 16,2019-04-08,11:00:00,48,32,16,FMN GV 03 Hove
46,Statielei 16,2019-04-08,12:00:00,60,31,29,FMN GV 03 Hove
46,Statielei 16,2019-04-08,13:00:00,60,35,25,FMN GV 03 Hove
46,Statielei 16,2019-04-08,14:00:00,65,36,29,FMN GV 03 Hove
46,Statielei 16,2019-04-08,15:00:00,76,26,50,FMN GV 03 Hove
46,Statielei 16,2019-04-08,16:00:00,145,41,104,FMN GV 03 Hove
46,Statielei 16,2019-04-08,17:00:00,255,83,172,FMN GV 03 Hove
46,Statielei 16,2019-04-08,18:00:00,115,34,81,FMN GV 03 Hove
46,Statielei 16,2019-04-08,19:00:00,59,25,34,FMN GV 03 Hove
46,Statielei 16,2019-04-08,20:00:00,38,20,18,FMN GV 03 Hove
46,Statielei 16,2019-04-08,21:00:00,25,9,16,FMN GV 03 Hove
46,Statielei 16,2019-04-08,22:00:00,19,7,12,FMN GV 03 Hove
46,Statielei 16,2019-04-08,23:00:00,10,5,5,FMN GV 03 Hove
46,Statielei 16,2019-04-09,00:00:00,4,2,2,FMN GV 03 Hove
46,Statielei 16,2019-04-09,01:00:00,3,1,2,FMN GV 03 Hove
46,Statielei 16,2019-04-09,02:00:00,6,5,1,FMN GV 03 Hove
46,Statielei 16,2019-04-09,03:00:00,3,0,3,FMN GV 03 Hove
46,Statielei 16,2019-04-09,04:00:00,4,3,1,FMN GV 03 Hove
46,Statielei 16,2019-04-09,05:00:00,18,7,11,FMN GV 03 Hove
46,Statielei 16,2019-04-09,06:00:00,76,58,18,FMN GV 03 Hove
46,Statielei 16,2019-04-09,07:00:00,151,111,40,FMN GV 03 Hove
46,Statielei 16,2019-04-09,08:00:00,165,116,49,FMN GV 03 Hove
46,Statielei 16,2019-04-09,09:00:00,58,42,16,FMN GV 03 Hove
46,Statielei 16,2019-04-09,10:00:00,33,20,13,FMN GV 03 Hove
46,Statielei 16,2019-04-09,11:00:00,28,18,10,FMN GV 03 Hove
46,Statielei 16,2019-04-09,12:00:00,51,27,24,FMN GV 03 Hove
46,Statielei 16,2019-04-09,13:00:00,50,28,22,FMN GV 03 Hove
46,Statielei 16,2019-04-09,14:00:00,84,42,42,FMN GV 03 Hove
46,Statielei 16,2019-04-09,15:00:00,88,37,51,FMN GV 03 Hove
46,Statielei 16,2019-04-09,16:00:00,132,45,87,FMN GV 03 Hove
46,Statielei 16,2019-04-09,17:00:00,209,54,155,FMN GV 03 Hove
46,Statielei 16,2019-04-09,18:00:00,117,51,66,FMN GV 03 Hove
46,Statielei 16,2019-04-09,19:00:00,47,21,26,FMN GV 03 Hove
46,Statielei 16,2019-04-09,20:00:00,56,30,26,FMN GV 03 Hove
46,Statielei 16,2019-04-09,21:00:00,24,16,8,FMN GV 03 Hove
46,Statielei 16,2019-04-09,22:00:00,29,10,19,FMN GV 03 Hove
46,Statielei 16,2019-04-09,23:00:00,11,6,5,FMN GV 03 Hove
46,Statielei 16,2019-04-10,00:00:00,11,9,2,FMN GV 03 Hove
46,Statielei 16,2019-04-10,01:00:00,5,1,4,FMN GV 03 Hove
46,Statielei 16,2019-04-10,02:00:00,5,2,3,FMN GV 03 Hove
46,Statielei 16,2019-04-10,03:00:00,1,0,1,FMN GV 03 Hove
46,Statielei 16,2019-04-10,04:00:00,10,6,4,FMN GV 03 Hove
46,Statielei 16,2019-04-10,05:00:00,19,11,8,FMN GV 03 Hove
46,Statielei 16,2019-04-10,06:00:00,77,58,19,FMN GV 03 Hove
46,Statielei 16,2019-04-10,07:00:00,187,127,60,FMN GV 03 Hove
46,Statielei 16,2019-04-10,08:00:00,207,156,51,FMN GV 03 Hove
46,Statielei 16,2019-04-10,09:00:00,126,85,41,FMN GV 03 Hove
46,Statielei 16,2019-04-10,10:00:00,126,73,53,FMN GV 03 Hove
46,Statielei 16,2019-04-10,11:00:00,94,44,50,FMN GV 03 Hove
46,Statielei 16,2019-04-10,12:00:00,120,56,64,FMN GV 03 Hove
46,Statielei 16,2019-04-10,13:00:00,91,56,35,FMN GV 03 Hove
46,Statielei 16,2019-04-10,14:00:00,103,48,55,FMN GV 03 Hove
46,Statielei 16,2019-04-10,15:00:00,95,42,53,FMN GV 03 Hove
46,Statielei 16,2019-04-10,16:00:00,173,68,105,FMN GV 03 Hove
46,Statielei 16,2019-04-10,17:00:00,251,87,164,FMN GV 03 Hove
46,Statielei 16,2019-04-10,18:00:00,163,60,103,FMN GV 03 Hove
46,Statielei 16,2019-04-10,19:00:00,93,45,48,FMN GV 03 Hove
46,Statielei 16,2019-04-10,20:00:00,58,30,28,FMN GV 03 Hove
46,Statielei 16,2019-04-10,21:00:00,40,25,15,FMN GV 03 Hove
46,Statielei 16,2019-04-10,22:00:00,35,13,22,FMN GV 03 Hove
46,Statielei 16,2019-04-10,23:00:00,8,2,6,FMN GV 03 Hove
46,Statielei 16,2019-04-11,00:00:00,6,1,5,FMN GV 03 Hove
46,Statielei 16,2019-04-11,01:00:00,1,0,1,FMN GV 03 Hove
46,Statielei 16,2019-04-11,02:00:00,5,3,2,FMN GV 03 Hove
46,Statielei 16,2019-04-11,03:00:00,2,0,2,FMN GV 03 Hove
46,Statielei 16,2019-04-11,04:00:00,10,7,3,FMN GV 03 Hove
46,Statielei 16,2019-04-11,05:00:00,15,7,8,FMN GV 03 Hove
46,Statielei 16,2019-04-11,06:00:00,63,55,8,FMN GV 03 Hove
46,Statielei 16,2019-04-11,07:00:00,193,134,59,FMN GV 03 Hove
46,Statielei 16,2019-04-11,08:00:00,198,150,48,FMN GV 03 Hove
46,Statielei 16,2019-04-11,09:00:00,83,55,28,FMN GV 03 Hove
46,Statielei 16,2019-04-11,10:00:00,48,28,20,FMN GV 03 Hove
46,Statielei 16,2019-04-11,11:00:00,55,39,16,FMN GV 03 Hove
46,Statielei 16,2019-04-11,12:00:00,72,37,35,FMN GV 03 Hove
46,Statielei 16,2019-04-11,13:00:00,88,53,35,FMN GV 03 Hove
46,Statielei 16,2019-04-11,14:00:00,115,54,61,FMN GV 03 Hove
46,Statielei 16,2019-04-11,15:00:00,116,55,61,FMN GV 03 Hove
46,Statielei 16,2019-04-11,16:00:00,205,64,141,FMN GV 03 Hove
46,Statielei 16,2019-04-11,17:00:00,244,86,158,FMN GV 03 Hove
46,Statielei 16,2019-04-11,18:00:00,169,65,104,FMN GV 03 Hove
46,Statielei 16,2019-04-11,19:00:00,82,45,37,FMN GV 03 Hove
46,Statielei 16,2019-04-11,20:00:00,60,36,24,FMN GV 03 Hove
46,Statielei 16,2019-04-11,21:00:00,27,14,13,FMN GV 03 Hove
46,Statielei 16,2019-04-11,22:00:00,28,13,15,FMN GV 03 Hove
46,Statielei 16,2019-04-11,23:00:00,22,8,14,FMN GV 03 Hove
46,Statielei 16,2019-04-12,00:00:00,5,2,3,FMN GV 03 Hove
46,Statielei 16,2019-04-12,01:00:00,3,1,2,FMN GV 03 Hove
46,Statielei 16,2019-04-12,02:00:00,6,4,2,FMN GV 03 Hove
46,Statielei 16,2019-04-12,03:00:00,2,0,2,FMN GV 03 Hove
46,Statielei 16,2019-04-12,04:00:00,8,4,4,FMN GV 03 Hove
46,Statielei 16,2019-04-12,05:00:00,16,3,13,FMN GV 03 Hove
46,Statielei 16,2019-04-12,06:00:00,63,43,20,FMN GV 03 Hove
46,Statielei 16,2019-04-12,07:00:00,152,112,40,FMN GV 03 Hove
46,Statielei 16,2019-04-12,08:00:00,158,108,50,FMN GV 03 Hove
46,Statielei 16,2019-04-12,09:00:00,79,57,22,FMN GV 03 Hove
46,Statielei 16,2019-04-12,10:00:00,45,22,23,FMN GV 03 Hove
46,Statielei 16,2019-04-12,11:00:00,47,23,24,FMN GV 03 Hove
46,Statielei 16,2019-04-12,12:00:00,69,39,30,FMN GV 03 Hove
46,Statielei 16,2019-04-12,13:00:00,70,43,27,FMN GV 03 Hove
46,Statielei 16,2019-04-12,14:00:00,74,34,40,FMN GV 03 Hove
46,Statielei 16,2019-04-12,15:00:00,96,47,49,FMN GV 03 Hove
46,Statielei 16,2019-04-12,16:00:00,153,57,96,FMN GV 03 Hove
46,Statielei 16,2019-04-12,17:00:00,163,56,107,FMN GV 03 Hove
46,Statielei 16,2019-04-12,18:00:00,97,39,58,FMN GV 03 Hove
46,Statielei 16,2019-04-12,19:00:00,54,34,20,FMN GV 03 Hove
46,Statielei 16,2019-04-12,20:00:00,39,22,17,FMN GV 03 Hove
46,Statielei 16,2019-04-12,21:00:00,19,9,10,FMN GV 03 Hove
46,Statielei 16,2019-04-12,22:00:00,30,11,19,FMN GV 03 Hove
46,Statielei 16,2019-04-12,23:00:00,20,7,13,FMN GV 03 Hove
46,Statielei 16,2019-04-13,00:00:00,10,4,6,FMN GV 03 Hove
46,Statielei 16,2019-04-13,01:00:00,9,6,3,FMN GV 03 Hove
46,Statielei 16,2019-04-13,02:00:00,9,3,6,FMN GV 03 Hove
46,Statielei 16,2019-04-13,03:00:00,7,0,7,FMN GV 03 Hove
46,Statielei 16,2019-04-13,04:00:00,6,1,5,FMN GV 03 Hove
46,Statielei 16,2019-04-13,05:00:00,5,3,2,FMN GV 03 Hove
46,Statielei 16,2019-04-13,06:00:00,7,3,4,FMN GV 03 Hove
46,Statielei 16,2019-04-13,07:00:00,11,7,4,FMN GV 03 Hove
46,Statielei 16,2019-04-13,08:00:00,48,25,23,FMN GV 03 Hove
46,Statielei 16,2019-04-13,09:00:00,48,24,24,FMN GV 03 Hove
46,Statielei 16,2019-04-13,10:00:00,54,24,30,FMN GV 03 Hove
46,Statielei 16,2019-04-13,11:00:00,60,27,33,FMN GV 03 Hove
46,Statielei 16,2019-04-13,12:00:00,88,57,31,FMN GV 03 Hove
46,Statielei 16,2019-04-13,13:00:00,102,66,36,FMN GV 03 Hove
46,Statielei 16,2019-04-13,14:00:00,111,63,48,FMN GV 03 Hove
46,Statielei 16,2019-04-13,15:00:00,98,37,61,FMN GV 03 Hove
46,Statielei 16,2019-04-13,16:00:00,62,27,35,FMN GV 03 Hove
46,Statielei 16,2019-04-13,17:00:00,65,29,36,FMN GV 03 Hove
46,Statielei 16,2019-04-13,18:00:00,57,30,27,FMN GV 03 Hove
46,Statielei 16,2019-04-13,19:00:00,36,15,21,FMN GV 03 Hove
46,Statielei 16,2019-04-13,20:00:00,34,27,7,FMN GV 03 Hove
46,Statielei 16,2019-04-13,21:00:00,14,7,7,FMN GV 03 Hove
46,Statielei 16,2019-04-13,22:00:00,11,2,9,FMN GV 03 Hove
46,Statielei 16,2019-04-13,23:00:00,18,6,12,FMN GV 03 Hove
46,Statielei 16,2019-04-14,00:00:00,3,1,2,FMN GV 03 Hove
46,Statielei 16,2019-04-14,01:00:00,7,1,6,FMN GV 03 Hove
46,Statielei 16,2019-04-14,02:00:00,8,5,3,FMN GV 03 Hove
46,Statielei 16,2019-04-14,03:00:00,1,0,1,FMN GV 03 Hove
46,Statielei 16,2019-04-14,04:00:00,4,2,2,FMN GV 03 Hove
46,Statielei 16,2019-04-14,05:00:00,1,1,0,FMN GV 03 Hove
46,Statielei 16,2019-04-14,06:00:00,12,6,6,FMN GV 03 Hove
46,Statielei 16,2019-04-14,07:00:00,10,3,7,FMN GV 03 Hove
46,Statielei 16,2019-04-14,08:00:00,19,6,13,FMN GV 03 Hove
46,Statielei 16,2019-04-14,09:00:00,52,24,28,FMN GV 03 Hove
46,Statielei 16,2019-04-14,10:00:00,87,30,57,FMN GV 03 Hove
46,Statielei 16,2019-04-14,11:00:00,101,59,42,FMN GV 03 Hove
46,Statielei 16,2019-04-14,12:00:00,91,60,31,FMN GV 03 Hove
46,Statielei 16,2019-04-14,13:00:00,88,56,32,FMN GV 03 Hove
46,Statielei 16,2019-04-14,14:00:00,98,57,41,FMN GV 03 Hove
46,Statielei 16,2019-04-14,15:00:00,66,35,31,FMN GV 03 Hove
46,Statielei 16,2019-04-14,16:00:00,89,54,35,FMN GV 03 Hove
46,Statielei 16,2019-04-14,17:00:00,67,24,43,FMN GV 03 Hove
46,Statielei 16,2019-04-14,18:00:00,43,20,23,FMN GV 03 Hove
46,Statielei 16,2019-04-14,19:00:00,23,10,13,FMN GV 03 Hove
46,Statielei 16,2019-04-14,20:00:00,33,22,11,FMN GV 03 Hove
46,Statielei 16,2019-04-14,21:00:00,15,7,8,FMN GV 03 Hove
46,Statielei 16,2019-04-14,22:00:00,21,6,15,FMN GV 03 Hove
46,Statielei 16,2019-04-14,23:00:00,1,1,0,FMN GV 03 Hove
46,Statielei 16,2019-04-15,00:00:00,3,0,3,FMN GV 03 Hove
46,Statielei 16,2019-04-15,01:00:00,4,0,4,FMN GV 03 Hove
46,Statielei 16,2019-04-15,02:00:00,3,2,1,FMN GV 03 Hove
46,Statielei 16,2019-04-15,03:00:00,2,1,1,FMN GV 03 Hove
46,Statielei 16,2019-04-15,04:00:00,10,5,5,FMN GV 03 Hove
46,Statielei 16,2019-04-15,05:00:00,13,7,6,FMN GV 03 Hove
46,Statielei 16,2019-04-15,06:00:00,60,49,11,FMN GV 03 Hove
46,Statielei 16,2019-04-15,07:00:00,196,153,43,FMN GV 03 Hove
46,Statielei 16,2019-04-15,08:00:00,206,153,53,FMN GV 03 Hove
46,Statielei 16,2019-04-15,09:00:00,79,54,25,FMN GV 03 Hove
46,Statielei 16,2019-04-15,10:00:00,34,21,13,FMN GV 03 Hove
46,Statielei 16,2019-04-15,11:00:00,57,32,25,FMN GV 03 Hove
46,Statielei 16,2019-04-15,12:00:00,60,36,24,FMN GV 03 Hove
46,Statielei 16,2019-04-15,13:00:00,98,52,46,FMN GV 03 Hove
46,Statielei 16,2019-04-15,14:00:00,105,60,45,FMN GV 03 Hove
46,Statielei 16,2019-04-15,15:00:00,104,51,53,FMN GV 03 Hove
46,Statielei 16,2019-04-15,16:00:00,190,70,120,FMN GV 03 Hove
46,Statielei 16,2019-04-15,17:00:00,304,115,189,FMN GV 03 Hove
46,Statielei 16,2019-04-15,18:00:00,179,69,110,FMN GV 03 Hove
46,Statielei 16,2019-04-15,19:00:00,73,37,36,FMN GV 03 Hove
46,Statielei 16,2019-04-15,20:00:00,43,21,22,FMN GV 03 Hove
46,Statielei 16,2019-04-15,21:00:00,40,18,22,FMN GV 03 Hove
46,Statielei 16,2019-04-15,22:00:00,26,7,19,FMN GV 03 Hove
46,Statielei 16,2019-04-15,23:00:00,13,7,6,FMN GV 03 Hove
46,Statielei 16,2019-04-16,00:00:00,0,0,0,FMN GV 03 Hove
46,Statielei 16,2019-04-16,01:00:00,2,0,2,FMN GV 03 Hove
46,Statielei 16,2019-04-16,02:00:00,2,1,1,FMN GV 03 Hove
46,Statielei 16,2019-04-16,03:00:00,4,3,1,FMN GV 03 Hove
46,Statielei 16,2019-04-16,04:00:00,6,4,2,FMN GV 03 Hove
46,Statielei 16,2019-04-16,05:00:00,27,16,11,FMN GV 03 Hove
46,Statielei 16,2019-04-16,06:00:00,87,58,29,FMN GV 03 Hove
46,Statielei 16,2019-04-16,07:00:00,238,184,54,FMN GV 03 Hove
46,Statielei 16,2019-04-16,08:00:00,244,174,70,FMN GV 03 Hove
46,Statielei 16,2019-04-16,09:00:00,98,64,34,FMN GV 03 Hove
46,Statielei 16,2019-04-16,10:00:00,81,42,39,FMN GV 03 Hove
46,Statielei 16,2019-04-16,11:00:00,79,42,37,FMN GV 03 Hove
46,Statielei 16,2019-04-16,12:00:00,92,52,40,FMN GV 03 Hove
46,Statielei 16,2019-04-16,13:00:00,101,55,46,FMN GV 03 Hove
46,Statielei 16,2019-04-16,14:00:00,113,48,65,FMN GV 03 Hove
46,Statielei 16,2019-04-16,15:00:00,133,73,60,FMN GV 03 Hove
46,Statielei 16,2019-04-16,16:00:00,222,92,130,FMN GV 03 Hove
46,Statielei 16,2019-04-16,17:00:00,294,94,200,FMN GV 03 Hove
46,Statielei 16,2019-04-16,18:00:00,171,63,108,FMN GV 03 Hove
46,Statielei 16,2019-04-16,19:00:00,102,53,49,FMN GV 03 Hove
46,Statielei 16,2019-04-16,20:00:00,52,27,25,FMN GV 03 Hove
46,Statielei 16,2019-04-16,21:00:00,33,17,16,FMN GV 03 Hove
46,Statielei 16,2019-04-16,22:00:00,23,4,19,FMN GV 03 Hove
46,Statielei 16,2019-04-16,23:00:00,7,2,5,FMN GV 03 Hove
46,Statielei 16,2019-04-17,00:00:00,10,2,8,FMN GV 03 Hove
46,Statielei 16,2019-04-17,01:00:00,4,2,2,FMN GV 03 Hove
46,Statielei 16,2019-04-17,02:00:00,4,2,2,FMN GV 03 Hove
46,Statielei 16,2019-04-17,03:00:00,4,2,2,FMN GV 03 Hove
46,Statielei 16,2019-04-17,04:00:00,6,4,2,FMN GV 03 Hove
46,Statielei 16,2019-04-17,05:00:00,26,18,8,FMN GV 03 Hove
46,Statielei 16,2019-04-17,06:00:00,79,58,21,FMN GV 03 Hove
46,Statielei 16,2019-04-17,07:00:00,179,128,51,FMN GV 03 Hove
46,Statielei 16,2019-04-17,08:00:00,216,161,55,FMN GV 03 Hove
46,Statielei 16,2019-04-17,09:00:00,104,77,27,FMN GV 03 Hove
46,Statielei 16,2019-04-17,10:00:00,97,59,38,FMN GV 03 Hove
46,Statielei 16,2019-04-17,11:00:00,103,49,54,FMN GV 03 Hove
46,Statielei 16,2019-04-17,12:00:00,88,35,53,FMN GV 03 Hove
46,Statielei 16,2019-04-17,13:00:00,90,51,39,FMN GV 03 Hove
46,Statielei 16,2019-04-17,14:00:00,86,47,39,FMN GV 03 Hove
46,Statielei 16,2019-04-17,15:00:00,102,51,51,FMN GV 03 Hove
46,Statielei 16,2019-04-17,16:00:00,148,45,103,FMN GV 03 Hove
46,Statielei 16,2019-04-17,17:00:00,224,83,141,FMN GV 03 Hove
46,Statielei 16,2019-04-17,18:00:00,181,60,121,FMN GV 03 Hove
46,Statielei 16,2019-04-17,19:00:00,104,57,47,FMN GV 03 Hove
46,Statielei 16,2019-04-17,20:00:00,64,44,20,FMN GV 03 Hove
46,Statielei 16,2019-04-17,21:00:00,61,42,19,FMN GV 03 Hove
46,Statielei 16,2019-04-17,22:00:00,28,8,20,FMN GV 03 Hove
46,Statielei 16,2019-04-17,23:00:00,16,7,9,FMN GV 03 Hove
46,Statielei 16,2019-04-18,00:00:00,7,3,4,FMN GV 03 Hove
46,Statielei 16,2019-04-18,01:00:00,0,0,0,FMN GV 03 Hove
46,Statielei 16,2019-04-18,02:00:00,3,2,1,FMN GV 03 Hove
46,Statielei 16,2019-04-18,03:00:00,4,1,3,FMN GV 03 Hove
46,Statielei 16,2019-04-18,04:00:00,12,11,1,FMN GV 03 Hove
46,Statielei 16,2019-04-18,05:00:00,22,14,8,FMN GV 03 Hove
46,Statielei 16,2019-04-18,06:00:00,96,64,32,FMN GV 03 Hove
46,Statielei 16,2019-04-18,07:00:00,222,158,64,FMN GV 03 Hove
46,Statielei 16,2019-04-18,08:00:00,269,196,73,FMN GV 03 Hove
46,Statielei 16,2019-04-18,09:00:00,93,56,37,FMN GV 03 Hove
46,Statielei 16,2019-04-18,10:00:00,88,58,30,FMN GV 03 Hove
46,Statielei 16,2019-04-18,11:00:00,106,63,43,FMN GV 03 Hove
46,Statielei 16,2019-04-18,12:00:00,122,71,51,FMN GV 03 Hove
46,Statielei 16,2019-04-18,13:00:00,135,62,73,FMN GV 03 Hove
46,Statielei 16,2019-04-18,14:00:00,154,81,73,FMN GV 03 Hove
46,Statielei 16,2019-04-18,15:00:00,192,75,117,FMN GV 03 Hove
46,Statielei 16,2019-04-18,16:00:00,251,115,136,FMN GV 03 Hove
46,Statielei 16,2019-04-18,17:00:00,283,97,186,FMN GV 03 Hove
46,Statielei 16,2019-04-18,18:00:00,226,92,134,FMN GV 03 Hove
46,Statielei 16,2019-04-18,19:00:00,139,68,71,FMN GV 03 Hove
46,Statielei 16,2019-04-18,20:00:00,111,77,34,FMN GV 03 Hove
46,Statielei 16,2019-04-18,21:00:00,52,24,28,FMN GV 03 Hove
46,Statielei 16,2019-04-18,22:00:00,45,18,27,FMN GV 03 Hove
46,Statielei 16,2019-04-18,23:00:00,17,9,8,FMN GV 03 Hove
46,Statielei 16,2019-04-19,00:00:00,19,6,13,FMN GV 03 Hove
46,Statielei 16,2019-04-19,01:00:00,8,4,4,FMN GV 03 Hove
46,Statielei 16,2019-04-19,02:00:00,2,1,1,FMN GV 03 Hove
46,Statielei 16,2019-04-19,03:00:00,4,2,2,FMN GV 03 Hove
46,Statielei 16,2019-04-19,04:00:00,9,6,3,FMN GV 03 Hove
46,Statielei 16,2019-04-19,05:00:00,24,12,12,FMN GV 03 Hove
46,Statielei 16,2019-04-19,06:00:00,71,49,22,FMN GV 03 Hove
46,Statielei 16,2019-04-19,07:00:00,171,122,49,FMN GV 03 Hove
46,Statielei 16,2019-04-19,08:00:00,206,139,67,FMN GV 03 Hove
46,Statielei 16,2019-04-19,09:00:00,100,66,34,FMN GV 03 Hove
46,Statielei 16,2019-04-19,10:00:00,104,54,50,FMN GV 03 Hove
46,Statielei 16,2019-04-19,11:00:00,124,67,57,FMN GV 03 Hove
46,Statielei 16,2019-04-19,12:00:00,139,78,61,FMN GV 03 Hove
46,Statielei 16,2019-04-19,13:00:00,164,77,87,FMN GV 03 Hove
46,Statielei 16,2019-04-19,14:00:00,194,93,101,FMN GV 03 Hove
46,Statielei 16,2019-04-19,15:00:00,170,85,85,FMN GV 03 Hove
46,Statielei 16,2019-04-19,16:00:00,254,106,148,FMN GV 03 Hove
46,Statielei 16,2019-04-19,17:00:00,285,116,169,FMN GV 03 Hove
46,Statielei 16,2019-04-19,18:00:00,133,68,65,FMN GV 03 Hove
46,Statielei 16,2019-04-19,19:00:00,123,69,54,FMN GV 03 Hove
46,Statielei 16,2019-04-19,20:00:00,58,26,32,FMN GV 03 Hove
46,Statielei 16,2019-04-19,21:00:00,68,34,34,FMN GV 03 Hove
46,Statielei 16,2019-04-19,22:00:00,51,19,32,FMN GV 03 Hove
46,Statielei 16,2019-04-19,23:00:00,24,5,19,FMN GV 03 Hove
46,Statielei 16,2019-04-20,00:00:00,20,11,9,FMN GV 03 Hove
46,Statielei 16,2019-04-20,01:00:00,16,6,10,FMN GV 03 Hove
46,Statielei 16,2019-04-20,02:00:00,11,2,9,FMN GV 03 Hove
46,Statielei 16,2019-04-20,03:00:00,13,7,6,FMN GV 03 Hove
46,Statielei 16,2019-04-20,04:00:00,9,6,3,FMN GV 03 Hove
46,Statielei 16,2019-04-20,05:00:00,9,5,4,FMN GV 03 Hove
46,Statielei 16,2019-04-20,06:00:00,11,7,4,FMN GV 03 Hove
46,Statielei 16,2019-04-20,07:00:00,17,8,9,FMN GV 03 Hove
46,Statielei 16,2019-04-20,08:00:00,43,25,18,FMN GV 03 Hove
46,Statielei 16,2019-04-20,09:00:00,51,22,29,FMN GV 03 Hove
46,Statielei 16,2019-04-20,10:00:00,114,63,51,FMN GV 03 Hove
46,Statielei 16,2019-04-20,11:00:00,158,87,71,FMN GV 03 Hove
46,Statielei 16,2019-04-20,12:00:00,173,100,73,FMN GV 03 Hove
46,Statielei 16,2019-04-20,13:00:00,216,118,98,FMN GV 03 Hove
46,Statielei 16,2019-04-20,14:00:00,227,113,114,FMN GV 03 Hove
46,Statielei 16,2019-04-20,15:00:00,201,97,104,FMN GV 03 Hove
46,Statielei 16,2019-04-20,16:00:00,184,101,83,FMN GV 03 Hove
46,Statielei 16,2019-04-20,17:00:00,149,72,77,FMN GV 03 Hove
46,Statielei 16,2019-04-20,18:00:00,114,59,55,FMN GV 03 Hove
46,Statielei 16,2019-04-20,19:00:00,55,25,30,FMN GV 03 Hove
46,Statielei 16,2019-04-20,20:00:00,63,30,33,FMN GV 03 Hove
46,Statielei 16,2019-04-20,21:00:00,38,12,26,FMN GV 03 Hove
46,Statielei 16,2019-04-20,22:00:00,34,11,23,FMN GV 03 Hove
46,Statielei 16,2019-04-20,23:00:00,24,11,13,FMN GV 03 Hove
46,Statielei 16,2019-04-21,00:00:00,14,6,8,FMN GV 03 Hove
46,Statielei 16,2019-04-21,01:00:00,11,5,6,FMN GV 03 Hove
46,Statielei 16,2019-04-21,02:00:00,13,4,9,FMN GV 03 Hove
46,Statielei 16,2019-04-21,03:00:00,6,3,3,FMN GV 03 Hove
46,Statielei 16,2019-04-21,04:00:00,6,3,3,FMN GV 03 Hove
46,Statielei 16,2019-04-21,05:00:00,9,8,1,FMN GV 03 Hove
46,Statielei 16,2019-04-21,06:00:00,5,3,2,FMN GV 03 Hove
46,Statielei 16,2019-04-21,07:00:00,15,2,13,FMN GV 03 Hove
46,Statielei 16,2019-04-21,08:00:00,41,13,28,FMN GV 03 Hove
46,Statielei 16,2019-04-21,09:00:00,95,42,53,FMN GV 03 Hove
46,Statielei 16,2019-04-21,10:00:00,153,83,70,FMN GV 03 Hove
46,Statielei 16,2019-04-21,11:00:00,196,95,101,FMN GV 03 Hove
46,Statielei 16,2019-04-21,12:00:00,186,85,101,FMN GV 03 Hove
46,Statielei 16,2019-04-21,13:00:00,239,121,118,FMN GV 03 Hove
46,Statielei 16,2019-04-21,14:00:00,222,105,117,FMN GV 03 Hove
46,Statielei 16,2019-04-21,15:00:00,206,101,105,FMN GV 03 Hove
46,Statielei 16,2019-04-21,16:00:00,180,108,72,FMN GV 03 Hove
46,Statielei 16,2019-04-21,17:00:00,141,91,50,FMN GV 03 Hove
46,Statielei 16,2019-04-21,18:00:00,116,80,36,FMN GV 03 Hove
46,Statielei 16,2019-04-21,19:00:00,83,50,33,FMN GV 03 Hove
46,Statielei 16,2019-04-21,20:00:00,103,53,50,FMN GV 03 Hove
46,Statielei 16,2019-04-21,21:00:00,65,48,17,FMN GV 03 Hove
46,Statielei 16,2019-04-21,22:00:00,36,20,16,FMN GV 03 Hove
46,Statielei 16,2019-04-21,23:00:00,37,22,15,FMN GV 03 Hove
46,Statielei 16,2019-04-22,00:00:00,18,5,13,FMN GV 03 Hove
46,Statielei 16,2019-04-22,01:00:00,8,4,4,FMN GV 03 Hove
46,Statielei 16,2019-04-22,02:00:00,5,1,4,FMN GV 03 Hove
46,Statielei 16,2019-04-22,03:00:00,4,1,3,FMN GV 03 Hove
46,Statielei 16,2019-04-22,04:00:00,7,3,4,FMN GV 03 Hove
46,Statielei 16,2019-04-22,05:00:00,9,9,0,FMN GV 03 Hove
46,Statielei 16,2019-04-22,06:00:00,11,8,3,FMN GV 03 Hove
46,Statielei 16,2019-04-22,07:00:00,14,4,10,FMN GV 03 Hove
46,Statielei 16,2019-04-22,08:00:00,49,22,27,FMN GV 03 Hove
46,Statielei 16,2019-04-22,09:00:00,96,40,56,FMN GV 03 Hove
46,Statielei 16,2019-04-22,10:00:00,182,91,91,FMN GV 03 Hove
46,Statielei 16,2019-04-22,11:00:00,252,132,120,FMN GV 03 Hove
46,Statielei 16,2019-04-22,12:00:00,216,118,98,FMN GV 03 Hove
46,Statielei 16,2019-04-22,13:00:00,281,173,108,FMN GV 03 Hove
46,Statielei 16,2019-04-22,14:00:00,288,148,140,FMN GV 03 Hove
46,Statielei 16,2019-04-22,15:00:00,294,142,152,FMN GV 03 Hove
46,Statielei 16,2019-04-22,16:00:00,250,134,116,FMN GV 03 Hove
46,Statielei 16,2019-04-22,17:00:00,243,133,110,FMN GV 03 Hove
46,Statielei 16,2019-04-22,18:00:00,153,72,81,FMN GV 03 Hove
46,Statielei 16,2019-04-22,19:00:00,107,64,43,FMN GV 03 Hove
46,Statielei 16,2019-04-22,20:00:00,88,49,39,FMN GV 03 Hove
46,Statielei 16,2019-04-22,21:00:00,48,22,26,FMN GV 03 Hove
46,Statielei 16,2019-04-22,22:00:00,29,11,18,FMN GV 03 Hove
46,Statielei 16,2019-04-22,23:00:00,11,5,6,FMN GV 03 Hove
46,Statielei 16,2019-04-23,00:00:00,3,2,1,FMN GV 03 Hove
46,Statielei 16,2019-04-23,01:00:00,2,1,1,FMN GV 03 Hove
46,Statielei 16,2019-04-23,02:00:00,2,2,0,FMN GV 03 Hove
46,Statielei 16,2019-04-23,03:00:00,3,1,2,FMN GV 03 Hove
46,Statielei 16,2019-04-23,04:00:00,12,8,4,FMN GV 03 Hove
46,Statielei 16,2019-04-23,05:00:00,34,21,13,FMN GV 03 Hove
46,Statielei 16,2019-04-23,06:00:00,111,78,33,FMN GV 03 Hove
46,Statielei 16,2019-04-23,07:00:00,375,294,81,FMN GV 03 Hove
46,Statielei 16,2019-04-23,08:00:00,445,346,99,FMN GV 03 Hove
46,Statielei 16,2019-04-23,09:00:00,126,79,47,FMN GV 03 Hove
46,Statielei 16,2019-04-23,10:00:00,52,25,27,FMN GV 03 Hove
46,Statielei 16,2019-04-23,11:00:00,83,51,32,FMN GV 03 Hove
46,Statielei 16,2019-04-23,12:00:00,98,54,44,FMN GV 03 Hove
46,Statielei 16,2019-04-23,13:00:00,126,72,54,FMN GV 03 Hove
46,Statielei 16,2019-04-23,14:00:00,121,59,62,FMN GV 03 Hove
46,Statielei 16,2019-04-23,15:00:00,180,72,108,FMN GV 03 Hove
46,Statielei 16,2019-04-23,16:00:00,335,118,217,FMN GV 03 Hove
46,Statielei 16,2019-04-23,17:00:00,396,111,285,FMN GV 03 Hove
46,Statielei 16,2019-04-23,18:00:00,249,91,158,FMN GV 03 Hove
46,Statielei 16,2019-04-23,19:00:00,132,64,68,FMN GV 03 Hove
46,Statielei 16,2019-04-23,20:00:00,83,42,41,FMN GV 03 Hove
46,Statielei 16,2019-04-23,21:00:00,60,26,34,FMN GV 03 Hove
46,Statielei 16,2019-04-23,22:00:00,47,16,31,FMN GV 03 Hove
46,Statielei 16,2019-04-23,23:00:00,20,3,17,FMN GV 03 Hove
46,Statielei 16,2019-04-24,00:00:00,7,2,5,FMN GV 03 Hove
46,Statielei 16,2019-04-24,01:00:00,2,1,1,FMN GV 03 Hove
46,Statielei 16,2019-04-24,02:00:00,3,1,2,FMN GV 03 Hove
46,Statielei 16,2019-04-24,03:00:00,3,1,2,FMN GV 03 Hove
46,Statielei 16,2019-04-24,04:00:00,4,4,0,FMN GV 03 Hove
46,Statielei 16,2019-04-24,05:00:00,21,12,9,FMN GV 03 Hove
46,Statielei 16,2019-04-24,06:00:00,112,86,26,FMN GV 03 Hove
46,Statielei 16,2019-04-24,07:00:00,332,250,82,FMN GV 03 Hove
46,Statielei 16,2019-04-24,08:00:00,343,257,86,FMN GV 03 Hove
46,Statielei 16,2019-04-24,09:00:00,182,124,58,FMN GV 03 Hove
46,Statielei 16,2019-04-24,10:00:00,134,83,51,FMN GV 03 Hove
46,Statielei 16,2019-04-24,11:00:00,124,62,62,FMN GV 03 Hove
46,Statielei 16,2019-04-24,12:00:00,228,89,139,FMN GV 03 Hove
46,Statielei 16,2019-04-24,13:00:00,145,62,83,FMN GV 03 Hove
46,Statielei 16,2019-04-24,14:00:00,106,48,58,FMN GV 03 Hove
46,Statielei 16,2019-04-24,15:00:00,113,41,72,FMN GV 03 Hove
46,Statielei 16,2019-04-24,16:00:00,207,74,133,FMN GV 03 Hove
46,Statielei 16,2019-04-24,17:00:00,255,80,175,FMN GV 03 Hove
46,Statielei 16,2019-04-24,18:00:00,165,56,109,FMN GV 03 Hove
46,Statielei 16,2019-04-24,19:00:00,70,26,44,FMN GV 03 Hove
46,Statielei 16,2019-04-24,20:00:00,39,20,19,FMN GV 03 Hove
46,Statielei 16,2019-04-24,21:00:00,32,11,21,FMN GV 03 Hove
46,Statielei 16,2019-04-24,22:00:00,29,15,14,FMN GV 03 Hove
46,Statielei 16,2019-04-24,23:00:00,15,7,8,FMN GV 03 Hove
46,Statielei 16,2019-04-25,00:00:00,7,1,6,FMN GV 03 Hove
46,Statielei 16,2019-04-25,01:00:00,0,0,0,FMN GV 03 Hove
46,Statielei 16,2019-04-25,02:00:00,2,2,0,FMN GV 03 Hove
46,Statielei 16,2019-04-25,03:00:00,1,0,1,FMN GV 03 Hove
46,Statielei 16,2019-04-25,04:00:00,5,4,1,FMN GV 03 Hove
46,Statielei 16,2019-04-25,05:00:00,15,10,5,FMN GV 03 Hove
46,Statielei 16,2019-04-25,06:00:00,96,69,27,FMN GV 03 Hove
46,Statielei 16,2019-04-25,07:00:00,282,207,75,FMN GV 03 Hove
46,Statielei 16,2019-04-25,08:00:00,279,222,57,FMN GV 03 Hove
46,Statielei 16,2019-04-25,09:00:00,74,58,16,FMN GV 03 Hove
46,Statielei 16,2019-04-25,10:00:00,44,29,15,FMN GV 03 Hove
46,Statielei 16,2019-04-25,11:00:00,53,34,19,FMN GV 03 Hove
46,Statielei 16,2019-04-25,12:00:00,80,43,37,FMN GV 03 Hove
46,Statielei 16,2019-04-25,13:00:00,64,37,27,FMN GV 03 Hove
46,Statielei 16,2019-04-25,14:00:00,38,7,31,FMN GV 03 Hove
46,Statielei 16,2019-04-25,15:00:00,91,28,63,FMN GV 03 Hove
46,Statielei 16,2019-04-25,16:00:00,171,41,130,FMN GV 03 Hove
46,Statielei 16,2019-04-25,17:00:00,217,59,158,FMN GV 03 Hove
46,Statielei 16,2019-04-25,18:00:00,130,35,95,FMN GV 03 Hove
46,Statielei 16,2019-04-25,19:00:00,83,30,53,FMN GV 03 Hove
46,Statielei 16,2019-04-25,20:00:00,51,33,18,FMN GV 03 Hove
46,Statielei 16,2019-04-25,21:00:00,34,11,23,FMN GV 03 Hove
46,Statielei 16,2019-04-25,22:00:00,31,11,20,FMN GV 03 Hove
46,Statielei 16,2019-04-25,23:00:00,24,9,15,FMN GV 03 Hove
46,Statielei 16,2019-04-26,00:00:00,8,2,6,FMN GV 03 Hove
46,Statielei 16,2019-04-26,01:00:00,8,2,6,FMN GV 03 Hove
46,Statielei 16,2019-04-26,02:00:00,5,3,2,FMN GV 03 Hove
46,Statielei 16,2019-04-26,03:00:00,2,1,1,FMN GV 03 Hove
46,Statielei 16,2019-04-26,04:00:00,4,3,1,FMN GV 03 Hove
46,Statielei 16,2019-04-26,05:00:00,19,8,11,FMN GV 03 Hove
46,Statielei 16,2019-04-26,06:00:00,69,57,12,FMN GV 03 Hove
46,Statielei 16,2019-04-26,07:00:00,252,189,63,FMN GV 03 Hove
46,Statielei 16,2019-04-26,08:00:00,310,243,67,FMN GV 03 Hove
46,Statielei 16,2019-04-26,09:00:00,99,73,26,FMN GV 03 Hove
46,Statielei 16,2019-04-26,10:00:00,74,38,36,FMN GV 03 Hove
46,Statielei 16,2019-04-26,11:00:00,80,39,41,FMN GV 03 Hove
46,Statielei 16,2019-04-26,12:00:00,109,46,63,FMN GV 03 Hove
46,Statielei 16,2019-04-26,13:00:00,121,61,60,FMN GV 03 Hove
46,Statielei 16,2019-04-26,14:00:00,103,58,45,FMN GV 03 Hove
46,Statielei 16,2019-04-26,15:00:00,163,61,102,FMN GV 03 Hove
46,Statielei 16,2019-04-26,16:00:00,251,76,175,FMN GV 03 Hove
46,Statielei 16,2019-04-26,17:00:00,252,73,179,FMN GV 03 Hove
46,Statielei 16,2019-04-26,18:00:00,160,70,90,FMN GV 03 Hove
46,Statielei 16,2019-04-26,19:00:00,130,52,78,FMN GV 03 Hove
46,Statielei 16,2019-04-26,20:00:00,63,25,38,FMN GV 03 Hove
46,Statielei 16,2019-04-26,21:00:00,40,17,23,FMN GV 03 Hove
46,Statielei 16,2019-04-26,22:00:00,31,15,16,FMN GV 03 Hove
46,Statielei 16,2019-04-26,23:00:00,18,7,11,FMN GV 03 Hove
46,Statielei 16,2019-04-27,00:00:00,31,13,18,FMN GV 03 Hove
46,Statielei 16,2019-04-27,01:00:00,18,8,10,FMN GV 03 Hove
46,Statielei 16,2019-04-27,02:00:00,13,4,9,FMN GV 03 Hove
46,Statielei 16,2019-04-27,03:00:00,11,4,7,FMN GV 03 Hove
46,Statielei 16,2019-04-27,04:00:00,13,6,7,FMN GV 03 Hove
46,Statielei 16,2019-04-27,05:00:00,11,5,6,FMN GV 03 Hove
46,Statielei 16,2019-04-27,06:00:00,17,13,4,FMN GV 03 Hove
46,Statielei 16,2019-04-27,07:00:00,5,2,3,FMN GV 03 Hove
46,Statielei 16,2019-04-27,08:00:00,11,7,4,FMN GV 03 Hove
46,Statielei 16,2019-04-27,09:00:00,39,22,17,FMN GV 03 Hove
46,Statielei 16,2019-04-27,10:00:00,49,28,21,FMN GV 03 Hove
46,Statielei 16,2019-04-27,11:00:00,68,38,30,FMN GV 03 Hove
46,Statielei 16,2019-04-27,12:00:00,79,43,36,FMN GV 03 Hove
46,Statielei 16,2019-04-27,13:00:00,61,39,22,FMN GV 03 Hove
46,Statielei 16,2019-04-27,14:00:00,60,32,28,FMN GV 03 Hove
46,Statielei 16,2019-04-27,15:00:00,54,30,24,FMN GV 03 Hove
46,Statielei 16,2019-04-27,16:00:00,51,28,23,FMN GV 03 Hove
46,Statielei 16,2019-04-27,17:00:00,53,27,26,FMN GV 03 Hove
46,Statielei 16,2019-04-27,18:00:00,59,30,29,FMN GV 03 Hove
46,Statielei 16,2019-04-27,19:00:00,41,25,16,FMN GV 03 Hove
46,Statielei 16,2019-04-27,20:00:00,18,10,8,FMN GV 03 Hove
46,Statielei 16,2019-04-27,21:00:00,18,8,10,FMN GV 03 Hove
46,Statielei 16,2019-04-27,22:00:00,18,5,13,FMN GV 03 Hove
46,Statielei 16,2019-04-27,23:00:00,14,9,5,FMN GV 03 Hove
46,Statielei 16,2019-04-28,00:00:00,16,10,6,FMN GV 03 Hove
46,Statielei 16,2019-04-28,01:00:00,7,2,5,FMN GV 03 Hove
46,Statielei 16,2019-04-28,02:00:00,3,2,1,FMN GV 03 Hove
46,Statielei 16,2019-04-28,03:00:00,3,1,2,FMN GV 03 Hove
46,Statielei 16,2019-04-28,04:00:00,4,1,3,FMN GV 03 Hove
46,Statielei 16,2019-04-28,05:00:00,7,5,2,FMN GV 03 Hove
46,Statielei 16,2019-04-28,06:00:00,12,10,2,FMN GV 03 Hove
46,Statielei 16,2019-04-28,07:00:00,18,12,6,FMN GV 03 Hove
46,Statielei 16,2019-04-28,08:00:00,20,13,7,FMN GV 03 Hove
46,Statielei 16,2019-04-28,09:00:00,25,16,9,FMN GV 03 Hove
46,Statielei 16,2019-04-28,10:00:00,64,42,22,FMN GV 03 Hove
46,Statielei 16,2019-04-28,11:00:00,64,40,24,FMN GV 03 Hove
46,Statielei 16,2019-04-28,12:00:00,132,80,52,FMN GV 03 Hove
46,Statielei 16,2019-04-28,13:00:00,65,41,24,FMN GV 03 Hove
46,Statielei 16,2019-04-28,14:00:00,86,51,35,FMN GV 03 Hove
46,Statielei 16,2019-04-28,15:00:00,58,21,37,FMN GV 03 Hove
46,Statielei 16,2019-04-28,16:00:00,48,21,27,FMN GV 03 Hove
46,Statielei 16,2019-04-28,17:00:00,80,31,49,FMN GV 03 Hove
46,Statielei 16,2019-04-28,18:00:00,43,16,27,FMN GV 03 Hove
46,Statielei 16,2019-04-28,19:00:00,52,22,30,FMN GV 03 Hove
46,Statielei 16,2019-04-28,20:00:00,36,16,20,FMN GV 03 Hove
46,Statielei 16,2019-04-28,21:00:00,19,10,9,FMN GV 03 Hove
46,Statielei 16,2019-04-28,22:00:00,10,3,7,FMN GV 03 Hove
46,Statielei 16,2019-04-28,23:00:00,5,0,5,FMN GV 03 Hove
46,Statielei 16,2019-04-29,00:00:00,2,2,0,FMN GV 03 Hove
46,Statielei 16,2019-04-29,01:00:00,1,1,0,FMN GV 03 Hove
46,Statielei 16,2019-04-29,02:00:00,3,3,0,FMN GV 03 Hove
46,Statielei 16,2019-04-29,03:00:00,2,1,1,FMN GV 03 Hove
46,Statielei 16,2019-04-29,04:00:00,11,7,4,FMN GV 03 Hove
46,Statielei 16,2019-04-29,05:00:00,27,16,11,FMN GV 03 Hove
46,Statielei 16,2019-04-29,06:00:00,93,67,26,FMN GV 03 Hove
46,Statielei 16,2019-04-29,07:00:00,320,240,80,FMN GV 03 Hove
46,Statielei 16,2019-04-29,08:00:00,359,271,88,FMN GV 03 Hove
46,Statielei 16,2019-04-29,09:00:00,115,74,41,FMN GV 03 Hove
46,Statielei 16,2019-04-29,10:00:00,71,42,29,FMN GV 03 Hove
46,Statielei 16,2019-04-29,11:00:00,80,40,40,FMN GV 03 Hove
46,Statielei 16,2019-04-29,12:00:00,96,53,43,FMN GV 03 Hove
46,Statielei 16,2019-04-29,13:00:00,97,48,49,FMN GV 03 Hove
46,Statielei 16,2019-04-29,14:00:00,116,49,67,FMN GV 03 Hove
46,Statielei 16,2019-04-29,15:00:00,160,75,85,FMN GV 03 Hove
46,Statielei 16,2019-04-29,16:00:00,290,101,189,FMN GV 03 Hove
46,Statielei 16,2019-04-29,17:00:00,318,96,222,FMN GV 03 Hove
46,Statielei 16,2019-04-29,18:00:00,210,66,144,FMN GV 03 Hove
46,Statielei 16,2019-04-29,19:00:00,103,46,57,FMN GV 03 Hove
46,Statielei 16,2019-04-29,20:00:00,63,36,27,FMN GV 03 Hove
46,Statielei 16,2019-04-29,21:00:00,46,20,26,FMN GV 03 Hove
46,Statielei 16,2019-04-29,22:00:00,46,13,33,FMN GV 03 Hove
46,Statielei 16,2019-04-29,23:00:00,11,7,4,FMN GV 03 Hove
46,Statielei 16,2019-04-30,00:00:00,7,3,4,FMN GV 03 Hove
46,Statielei 16,2019-04-30,01:00:00,2,0,2,FMN GV 03 Hove
46,Statielei 16,2019-04-30,02:00:00,2,2,0,FMN GV 03 Hove
46,Statielei 16,2019-04-30,03:00:00,2,0,2,FMN GV 03 Hove
46,Statielei 16,2019-04-30,04:00:00,13,9,4,FMN GV 03 Hove
46,Statielei 16,2019-04-30,05:00:00,35,20,15,FMN GV 03 Hove
46,Statielei 16,2019-04-30,06:00:00,121,83,38,FMN GV 03 Hove
46,Statielei 16,2019-04-30,07:00:00,324,253,71,FMN GV 03 Hove
46,Statielei 16,2019-04-30,08:00:00,417,310,107,FMN GV 03 Hove
46,Statielei 16,2019-04-30,09:00:00,105,80,25,FMN GV 03 Hove
46,Statielei 16,2019-04-30,10:00:00,53,36,17,FMN GV 03 Hove
46,Statielei 16,2019-04-30,11:00:00,75,48,27,FMN GV 03 Hove
46,Statielei 16,2019-04-30,12:00:00,109,63,46,FMN GV 03 Hove
46,Statielei 16,2019-04-30,13:00:00,88,53,35,FMN GV 03 Hove
46,Statielei 16,2019-04-30,14:00:00,121,62,59,FMN GV 03 Hove
46,Statielei 16,2019-04-30,15:00:00,164,55,109,FMN GV 03 Hove
46,Statielei 16,2019-04-30,16:00:00,271,73,198,FMN GV 03 Hove
46,Statielei 16,2019-04-30,17:00:00,301,79,222,FMN GV 03 Hove
46,Statielei 16,2019-04-30,18:00:00,203,78,125,FMN GV 03 Hove
46,Statielei 16,2019-04-30,19:00:00,133,63,70,FMN GV 03 Hove
46,Statielei 16,2019-04-30,20:00:00,87,46,41,FMN GV 03 Hove
46,Statielei 16,2019-04-30,21:00:00,55,30,25,FMN GV 03 Hove
46,Statielei 16,2019-04-30,22:00:00,38,13,25,FMN GV 03 Hove
46,Statielei 16,2019-04-30,23:00:00,22,7,15,FMN GV 03 Hove
46,Statielei 16,2019-05-01,00:00:00,14,10,4,FMN GV 03 Hove
46,Statielei 16,2019-05-01,01:00:00,13,6,7,FMN GV 03 Hove
46,Statielei 16,2019-05-01,02:00:00,7,4,3,FMN GV 03 Hove
46,Statielei 16,2019-05-01,03:00:00,3,1,2,FMN GV 03 Hove
46,Statielei 16,2019-05-01,04:00:00,8,2,6,FMN GV 03 Hove
46,Statielei 16,2019-05-01,05:00:00,10,3,7,FMN GV 03 Hove
46,Statielei 16,2019-05-01,06:00:00,11,8,3,FMN GV 03 Hove
46,Statielei 16,2019-05-01,07:00:00,19,12,7,FMN GV 03 Hove
46,Statielei 16,2019-05-01,08:00:00,94,50,44,FMN GV 03 Hove
46,Statielei 16,2019-05-01,09:00:00,255,167,88,FMN GV 03 Hove
46,Statielei 16,2019-05-01,10:00:00,594,484,110,FMN GV 03 Hove
46,Statielei 16,2019-05-01,11:00:00,515,418,97,FMN GV 03 Hove
46,Statielei 16,2019-05-01,12:00:00,507,396,111,FMN GV 03 Hove
46,Statielei 16,2019-05-01,13:00:00,371,271,100,FMN GV 03 Hove
46,Statielei 16,2019-05-01,14:00:00,305,199,106,FMN GV 03 Hove
46,Statielei 16,2019-05-01,15:00:00,302,206,96,FMN GV 03 Hove
46,Statielei 16,2019-05-01,16:00:00,223,126,97,FMN GV 03 Hove
46,Statielei 16,2019-05-01,17:00:00,146,73,73,FMN GV 03 Hove
46,Statielei 16,2019-05-01,18:00:00,123,65,58,FMN GV 03 Hove
46,Statielei 16,2019-05-01,19:00:00,60,43,17,FMN GV 03 Hove
46,Statielei 16,2019-05-01,20:00:00,57,32,25,FMN GV 03 Hove
46,Statielei 16,2019-05-01,21:00:00,34,14,20,FMN GV 03 Hove
46,Statielei 16,2019-05-01,22:00:00,22,9,13,FMN GV 03 Hove
46,Statielei 16,2019-05-01,23:00:00,13,5,8,FMN GV 03 Hove
46,Statielei 16,2019-05-02,00:00:00,2,1,1,FMN GV 03 Hove
46,Statielei 16,2019-05-02,01:00:00,4,3,1,FMN GV 03 Hove
46,Statielei 16,2019-05-02,02:00:00,4,3,1,FMN GV 03 Hove
46,Statielei 16,2019-05-02,03:00:00,2,2,0,FMN GV 03 Hove
46,Statielei 16,2019-05-02,04:00:00,10,6,4,FMN GV 03 Hove
46,Statielei 16,2019-05-02,05:00:00,22,14,8,FMN GV 03 Hove
46,Statielei 16,2019-05-02,06:00:00,90,62,28,FMN GV 03 Hove
46,Statielei 16,2019-05-02,07:00:00,264,203,61,FMN GV 03 Hove
46,Statielei 16,2019-05-02,08:00:00,332,256,76,FMN GV 03 Hove
46,Statielei 16,2019-05-02,09:00:00,107,66,41,FMN GV 03 Hove
46,Statielei 16,2019-05-02,10:00:00,59,32,27,FMN GV 03 Hove
46,Statielei 16,2019-05-02,11:00:00,60,37,23,FMN GV 03 Hove
46,Statielei 16,2019-05-02,12:00:00,72,41,31,FMN GV 03 Hove
46,Statielei 16,2019-05-02,13:00:00,52,22,30,FMN GV 03 Hove
46,Statielei 16,2019-05-02,14:00:00,49,21,28,FMN GV 03 Hove
46,Statielei 16,2019-05-02,15:00:00,81,39,42,FMN GV 03 Hove
46,Statielei 16,2019-05-02,16:00:00,206,49,157,FMN GV 03 Hove
46,Statielei 16,2019-05-02,17:00:00,246,70,176,FMN GV 03 Hove
46,Statielei 16,2019-05-02,18:00:00,146,51,95,FMN GV 03 Hove
46,Statielei 16,2019-05-02,19:00:00,71,27,44,FMN GV 03 Hove
46,Statielei 16,2019-05-02,20:00:00,55,29,26,FMN GV 03 Hove
46,Statielei 16,2019-05-02,21:00:00,25,10,15,FMN GV 03 Hove
46,Statielei 16,2019-05-02,22:00:00,42,16,26,FMN GV 03 Hove
46,Statielei 16,2019-05-02,23:00:00,8,5,3,FMN GV 03 Hove
46,Statielei 16,2019-05-03,00:00:00,8,2,6,FMN GV 03 Hove
46,Statielei 16,2019-05-03,01:00:00,3,0,3,FMN GV 03 Hove
46,Statielei 16,2019-05-03,02:00:00,4,2,2,FMN GV 03 Hove
46,Statielei 16,2019-05-03,03:00:00,3,2,1,FMN GV 03 Hove
46,Statielei 16,2019-05-03,04:00:00,6,5,1,FMN GV 03 Hove
46,Statielei 16,2019-05-03,05:00:00,18,5,13,FMN GV 03 Hove
46,Statielei 16,2019-05-03,06:00:00,75,59,16,FMN GV 03 Hove
46,Statielei 16,2019-05-03,07:00:00,231,173,58,FMN GV 03 Hove
46,Statielei 16,2019-05-03,08:00:00,274,206,68,FMN GV 03 Hove
46,Statielei 16,2019-05-03,09:00:00,92,54,38,FMN GV 03 Hove
46,Statielei 16,2019-05-03,10:00:00,60,32,28,FMN GV 03 Hove
46,Statielei 16,2019-05-03,11:00:00,87,50,37,FMN GV 03 Hove
46,Statielei 16,2019-05-03,12:00:00,91,40,51,FMN GV 03 Hove
46,Statielei 16,2019-05-03,13:00:00,78,37,41,FMN GV 03 Hove
46,Statielei 16,2019-05-03,14:00:00,105,48,57,FMN GV 03 Hove
46,Statielei 16,2019-05-03,15:00:00,135,45,90,FMN GV 03 Hove
46,Statielei 16,2019-05-03,16:00:00,237,103,134,FMN GV 03 Hove
46,Statielei 16,2019-05-03,17:00:00,203,57,146,FMN GV 03 Hove
46,Statielei 16,2019-05-03,18:00:00,141,50,91,FMN GV 03 Hove
46,Statielei 16,2019-05-03,19:00:00,54,25,29,FMN GV 03 Hove
46,Statielei 16,2019-05-03,20:00:00,43,15,28,FMN GV 03 Hove
46,Statielei 16,2019-05-03,21:00:00,27,15,12,FMN GV 03 Hove
46,Statielei 16,2019-05-03,22:00:00,31,19,12,FMN GV 03 Hove
46,Statielei 16,2019-05-03,23:00:00,22,8,14,FMN GV 03 Hove
46,Statielei 16,2019-05-04,00:00:00,9,3,6,FMN GV 03 Hove
46,Statielei 16,2019-05-04,01:00:00,5,2,3,FMN GV 03 Hove
46,Statielei 16,2019-05-04,02:00:00,5,2,3,FMN GV 03 Hove
46,Statielei 16,2019-05-04,03:00:00,2,0,2,FMN GV 03 Hove
46,Statielei 16,2019-05-04,04:00:00,2,2,0,FMN GV 03 Hove
46,Statielei 16,2019-05-04,05:00:00,10,5,5,FMN GV 03 Hove
46,Statielei 16,2019-05-04,06:00:00,9,4,5,FMN GV 03 Hove
46,Statielei 16,2019-05-04,07:00:00,10,4,6,FMN GV 03 Hove
46,Statielei 16,2019-05-04,08:00:00,23,14,9,FMN GV 03 Hove
46,Statielei 16,2019-05-04,09:00:00,42,28,14,FMN GV 03 Hove
46,Statielei 16,2019-05-04,10:00:00,28,15,13,FMN GV 03 Hove
46,Statielei 16,2019-05-04,11:00:00,42,22,20,FMN GV 03 Hove
46,Statielei 16,2019-05-04,12:00:00,47,24,23,FMN GV 03 Hove
46,Statielei 16,2019-05-04,13:00:00,62,38,24,FMN GV 03 Hove
46,Statielei 16,2019-05-04,14:00:00,39,21,18,FMN GV 03 Hove
46,Statielei 16,2019-05-04,15:00:00,38,12,26,FMN GV 03 Hove
46,Statielei 16,2019-05-04,16:00:00,30,10,20,FMN GV 03 Hove
46,Statielei 16,2019-05-04,17:00:00,38,20,18,FMN GV 03 Hove
46,Statielei 16,2019-05-04,18:00:00,27,16,11,FMN GV 03 Hove
46,Statielei 16,2019-05-04,19:00:00,22,11,11,FMN GV 03 Hove
46,Statielei 16,2019-05-04,20:00:00,24,13,11,FMN GV 03 Hove
46,Statielei 16,2019-05-04,21:00:00,17,10,7,FMN GV 03 Hove
46,Statielei 16,2019-05-04,22:00:00,23,13,10,FMN GV 03 Hove
46,Statielei 16,2019-05-04,23:00:00,8,5,3,FMN GV 03 Hove
46,Statielei 16,2019-05-05,00:00:00,8,2,6,FMN GV 03 Hove
46,Statielei 16,2019-05-05,01:00:00,4,1,3,FMN GV 03 Hove
46,Statielei 16,2019-05-05,02:00:00,10,7,3,FMN GV 03 Hove
46,Statielei 16,2019-05-05,03:00:00,4,1,3,FMN GV 03 Hove
46,Statielei 16,2019-05-05,04:00:00,1,0,1,FMN GV 03 Hove
46,Statielei 16,2019-05-05,05:00:00,4,3,1,FMN GV 03 Hove
46,Statielei 16,2019-05-05,06:00:00,10,6,4,FMN GV 03 Hove
46,Statielei 16,2019-05-05,07:00:00,8,3,5,FMN GV 03 Hove
46,Statielei 16,2019-05-05,08:00:00,16,7,9,FMN GV 03 Hove
46,Statielei 16,2019-05-05,09:00:00,37,16,21,FMN GV 03 Hove
46,Statielei 16,2019-05-05,10:00:00,55,25,30,FMN GV 03 Hove
46,Statielei 16,2019-05-05,11:00:00,72,45,27,FMN GV 03 Hove
46,Statielei 16,2019-05-05,12:00:00,62,34,28,FMN GV 03 Hove
46,Statielei 16,2019-05-05,13:00:00,64,42,22,FMN GV 03 Hove
46,Statielei 16,2019-05-05,14:00:00,50,25,25,FMN GV 03 Hove
46,Statielei 16,2019-05-05,15:00:00,49,26,23,FMN GV 03 Hove
46,Statielei 16,2019-05-05,16:00:00,56,27,29,FMN GV 03 Hove
46,Statielei 16,2019-05-05,17:00:00,62,28,34,FMN GV 03 Hove
46,Statielei 16,2019-05-05,18:00:00,58,38,20,FMN GV 03 Hove
46,Statielei 16,2019-05-05,19:00:00,39,27,12,FMN GV 03 Hove
46,Statielei 16,2019-05-05,20:00:00,18,13,5,FMN GV 03 Hove
46,Statielei 16,2019-05-05,21:00:00,20,9,11,FMN GV 03 Hove
46,Statielei 16,2019-05-05,22:00:00,17,10,7,FMN GV 03 Hove
46,Statielei 16,2019-05-05,23:00:00,7,2,5,FMN GV 03 Hove
46,Statielei 16,2019-05-06,00:00:00,2,1,1,FMN GV 03 Hove
46,Statielei 16,2019-05-06,01:00:00,2,0,2,FMN GV 03 Hove
46,Statielei 16,2019-05-06,02:00:00,3,3,0,FMN GV 03 Hove
46,Statielei 16,2019-05-06,03:00:00,0,0,0,FMN GV 03 Hove
46,Statielei 16,2019-05-06,04:00:00,7,7,0,FMN GV 03 Hove
46,Statielei 16,2019-05-06,05:00:00,27,17,10,FMN GV 03 Hove
46,Statielei 16,2019-05-06,06:00:00,97,69,28,FMN GV 03 Hove
46,Statielei 16,2019-05-06,07:00:00,293,231,62,FMN GV 03 Hove
46,Statielei 16,2019-05-06,08:00:00,338,273,65,FMN GV 03 Hove
46,Statielei 16,2019-05-06,09:00:00,89,66,23,FMN GV 03 Hove
46,Statielei 16,2019-05-06,10:00:00,31,24,7,FMN GV 03 Hove
46,Statielei 16,2019-05-06,11:00:00,35,24,11,FMN GV 03 Hove
46,Statielei 16,2019-05-06,12:00:00,66,30,36,FMN GV 03 Hove
46,Statielei 16,2019-05-06,13:00:00,63,28,35,FMN GV 03 Hove
46,Statielei 16,2019-05-06,14:00:00,38,12,26,FMN GV 03 Hove
46,Statielei 16,2019-05-06,15:00:00,101,36,65,FMN GV 03 Hove
46,Statielei 16,2019-05-06,16:00:00,206,50,156,FMN GV 03 Hove
46,Statielei 16,2019-05-06,17:00:00,263,66,197,FMN GV 03 Hove
46,Statielei 16,2019-05-06,18:00:00,156,44,112,FMN GV 03 Hove
46,Statielei 16,2019-05-06,19:00:00,82,44,38,FMN GV 03 Hove
46,Statielei 16,2019-05-06,20:00:00,53,19,34,FMN GV 03 Hove
46,Statielei 16,2019-05-06,21:00:00,23,13,10,FMN GV 03 Hove
46,Statielei 16,2019-05-06,22:00:00,28,13,15,FMN GV 03 Hove
46,Statielei 16,2019-05-06,23:00:00,9,1,8,FMN GV 03 Hove
46,Statielei 16,2019-05-07,00:00:00,2,2,0,FMN GV 03 Hove
46,Statielei 16,2019-05-07,01:00:00,1,1,0,FMN GV 03 Hove
46,Statielei 16,2019-05-07,02:00:00,3,3,0,FMN GV 03 Hove
46,Statielei 16,2019-05-07,03:00:00,1,0,1,FMN GV 03 Hove
46,Statielei 16,2019-05-07,04:00:00,8,6,2,FMN GV 03 Hove
46,Statielei 16,2019-05-07,05:00:00,30,18,12,FMN GV 03 Hove
46,Statielei 16,2019-05-07,06:00:00,98,76,22,FMN GV 03 Hove
46,Statielei 16,2019-05-07,07:00:00,315,253,62,FMN GV 03 Hove
46,Statielei 16,2019-05-07,08:00:00,349,278,71,FMN GV 03 Hove
46,Statielei 16,2019-05-07,09:00:00,103,78,25,FMN GV 03 Hove
46,Statielei 16,2019-05-07,10:00:00,74,52,22,FMN GV 03 Hove
46,Statielei 16,2019-05-07,11:00:00,88,53,35,FMN GV 03 Hove
46,Statielei 16,2019-05-07,12:00:00,86,46,40,FMN GV 03 Hove
46,Statielei 16,2019-05-07,13:00:00,92,54,38,FMN GV 03 Hove
46,Statielei 16,2019-05-07,14:00:00,113,51,62,FMN GV 03 Hove
46,Statielei 16,2019-05-07,15:00:00,125,38,87,FMN GV 03 Hove
46,Statielei 16,2019-05-07,16:00:00,257,60,197,FMN GV 03 Hove
46,Statielei 16,2019-05-07,17:00:00,312,85,227,FMN GV 03 Hove
46,Statielei 16,2019-05-07,18:00:00,194,68,126,FMN GV 03 Hove
46,Statielei 16,2019-05-07,19:00:00,106,47,59,FMN GV 03 Hove
46,Statielei 16,2019-05-07,20:00:00,78,39,39,FMN GV 03 Hove
46,Statielei 16,2019-05-07,21:00:00,41,18,23,FMN GV 03 Hove
46,Statielei 16,2019-05-07,22:00:00,35,15,20,FMN GV 03 Hove
46,Statielei 16,2019-05-07,23:00:00,14,3,11,FMN GV 03 Hove
46,Statielei 16,2019-05-08,00:00:00,7,6,1,FMN GV 03 Hove
46,Statielei 16,2019-05-08,01:00:00,4,1,3,FMN GV 03 Hove
46,Statielei 16,2019-05-08,02:00:00,4,4,0,FMN GV 03 Hove
46,Statielei 16,2019-05-08,03:00:00,3,2,1,FMN GV 03 Hove
46,Statielei 16,2019-05-08,04:00:00,2,1,1,FMN GV 03 Hove
46,Statielei 16,2019-05-08,05:00:00,18,12,6,FMN GV 03 Hove
46,Statielei 16,2019-05-08,06:00:00,71,57,14,FMN GV 03 Hove
46,Statielei 16,2019-05-08,07:00:00,190,149,41,FMN GV 03 Hove
46,Statielei 16,2019-05-08,08:00:00,243,189,54,FMN GV 03 Hove
46,Statielei 16,2019-05-08,09:00:00,82,65,17,FMN GV 03 Hove
46,Statielei 16,2019-05-08,10:00:00,50,28,22,FMN GV 03 Hove
46,Statielei 16,2019-05-08,11:00:00,39,15,24,FMN GV 03 Hove
46,Statielei 16,2019-05-08,12:00:00,114,33,81,FMN GV 03 Hove
46,Statielei 16,2019-05-08,13:00:00,53,23,30,FMN GV 03 Hove
46,Statielei 16,2019-05-08,14:00:00,43,18,25,FMN GV 03 Hove
46,Statielei 16,2019-05-08,15:00:00,41,15,26,FMN GV 03 Hove
46,Statielei 16,2019-05-08,16:00:00,130,35,95,FMN GV 03 Hove
46,Statielei 16,2019-05-08,17:00:00,166,49,117,FMN GV 03 Hove
46,Statielei 16,2019-05-08,18:00:00,108,36,72,FMN GV 03 Hove
46,Statielei 16,2019-05-08,19:00:00,62,29,33,FMN GV 03 Hove
46,Statielei 16,2019-05-08,20:00:00,64,43,21,FMN GV 03 Hove
46,Statielei 16,2019-05-08,21:00:00,37,24,13,FMN GV 03 Hove
46,Statielei 16,2019-05-08,22:00:00,24,9,15,FMN GV 03 Hove
46,Statielei 16,2019-05-08,23:00:00,16,6,10,FMN GV 03 Hove
46,Statielei 16,2019-05-09,00:00:00,5,3,2,FMN GV 03 Hove
46,Statielei 16,2019-05-09,01:00:00,0,0,0,FMN GV 03 Hove
46,Statielei 16,2019-05-09,02:00:00,3,1,2,FMN GV 03 Hove
46,Statielei 16,2019-05-09,03:00:00,1,1,0,FMN GV 03 Hove
46,Statielei 16,2019-05-09,04:00:00,4,3,1,FMN GV 03 Hove
46,Statielei 16,2019-05-09,05:00:00,22,12,10,FMN GV 03 Hove
46,Statielei 16,2019-05-09,06:00:00,84,65,19,FMN GV 03 Hove
46,Statielei 16,2019-05-09,07:00:00,271,222,49,FMN GV 03 Hove
46,Statielei 16,2019-05-09,08:00:00,291,237,54,FMN GV 03 Hove
46,Statielei 16,2019-05-09,09:00:00,87,58,29,FMN GV 03 Hove
46,Statielei 16,2019-05-09,10:00:00,62,37,25,FMN GV 03 Hove
46,Statielei 16,2019-05-09,11:00:00,66,43,23,FMN GV 03 Hove
46,Statielei 16,2019-05-09,12:00:00,75,36,39,FMN GV 03 Hove
46,Statielei 16,2019-05-09,13:00:00,71,52,19,FMN GV 03 Hove
46,Statielei 16,2019-05-09,14:00:00,74,26,48,FMN GV 03 Hove
46,Statielei 16,2019-05-09,15:00:00,111,40,71,FMN GV 03 Hove
46,Statielei 16,2019-05-09,16:00:00,203,54,149,FMN GV 03 Hove
46,Statielei 16,2019-05-09,17:00:00,232,57,175,FMN GV 03 Hove
46,Statielei 16,2019-05-09,18:00:00,139,54,85,FMN GV 03 Hove
46,Statielei 16,2019-05-09,19:00:00,66,28,38,FMN GV 03 Hove
46,Statielei 16,2019-05-09,20:00:00,44,20,24,FMN GV 03 Hove
46,Statielei 16,2019-05-09,21:00:00,29,12,17,FMN GV 03 Hove
46,Statielei 16,2019-05-09,22:00:00,22,10,12,FMN GV 03 Hove
46,Statielei 16,2019-05-09,23:00:00,9,2,7,FMN GV 03 Hove
46,Statielei 16,2019-05-10,00:00:00,12,3,9,FMN GV 03 Hove
46,Statielei 16,2019-05-10,01:00:00,5,1,4,FMN GV 03 Hove
46,Statielei 16,2019-05-10,02:00:00,2,2,0,FMN GV 03 Hove
46,Statielei 16,2019-05-10,03:00:00,3,1,2,FMN GV 03 Hove
46,Statielei 16,2019-05-10,04:00:00,2,2,0,FMN GV 03 Hove
46,Statielei 16,2019-05-10,05:00:00,10,3,7,FMN GV 03 Hove
46,Statielei 16,2019-05-10,06:00:00,65,44,21,FMN GV 03 Hove
46,Statielei 16,2019-05-10,07:00:00,171,131,40,FMN GV 03 Hove
46,Statielei 16,2019-05-10,08:00:00,212,178,34,FMN GV 03 Hove
46,Statielei 16,2019-05-10,09:00:00,50,46,4,FMN GV 03 Hove
46,Statielei 16,2019-05-10,10:00:00,26,14,12,FMN GV 03 Hove
46,Statielei 16,2019-05-10,11:00:00,28,13,15,FMN GV 03 Hove
46,Statielei 16,2019-05-10,12:00:00,55,27,28,FMN GV 03 Hove
46,Statielei 16,2019-05-10,13:00:00,52,30,22,FMN GV 03 Hove
46,Statielei 16,2019-05-10,14:00:00,68,25,43,FMN GV 03 Hove
46,Statielei 16,2019-05-10,15:00:00,83,30,53,FMN GV 03 Hove
46,Statielei 16,2019-05-10,16:00:00,171,47,124,FMN GV 03 Hove
46,Statielei 16,2019-05-10,17:00:00,171,48,123,FMN GV 03 Hove
46,Statielei 16,2019-05-10,18:00:00,119,52,67,FMN GV 03 Hove
46,Statielei 16,2019-05-10,19:00:00,78,46,32,FMN GV 03 Hove
46,Statielei 16,2019-05-10,20:00:00,34,18,16,FMN GV 03 Hove
46,Statielei 16,2019-05-10,21:00:00,39,27,12,FMN GV 03 Hove
46,Statielei 16,2019-05-10,22:00:00,19,7,12,FMN GV 03 Hove
46,Statielei 16,2019-05-10,23:00:00,23,9,14,FMN GV 03 Hove
46,Statielei 16,2019-05-11,00:00:00,22,13,9,FMN GV 03 Hove
46,Statielei 16,2019-05-11,01:00:00,4,1,3,FMN GV 03 Hove
46,Statielei 16,2019-05-11,02:00:00,9,2,7,FMN GV 03 Hove
46,Statielei 16,2019-05-11,03:00:00,3,2,1,FMN GV 03 Hove
46,Statielei 16,2019-05-11,04:00:00,4,2,2,FMN GV 03 Hove
46,Statielei 16,2019-05-11,05:00:00,2,2,0,FMN GV 03 Hove
46,Statielei 16,2019-05-11,06:00:00,8,5,3,FMN GV 03 Hove
46,Statielei 16,2019-05-11,07:00:00,11,6,5,FMN GV 03 Hove
46,Statielei 16,2019-05-11,08:00:00,32,22,10,FMN GV 03 Hove
46,Statielei 16,2019-05-11,09:00:00,57,37,20,FMN GV 03 Hove
46,Statielei 16,2019-05-11,10:00:00,75,43,32,FMN GV 03 Hove
46,Statielei 16,2019-05-11,11:00:00,80,43,37,FMN GV 03 Hove
46,Statielei 16,2019-05-11,12:00:00,118,74,44,FMN GV 03 Hove
46,Statielei 16,2019-05-11,13:00:00,131,78,53,FMN GV 03 Hove
46,Statielei 16,2019-05-11,14:00:00,98,59,39,FMN GV 03 Hove
46,Statielei 16,2019-05-11,15:00:00,104,59,45,FMN GV 03 Hove
46,Statielei 16,2019-05-11,16:00:00,99,52,47,FMN GV 03 Hove
46,Statielei 16,2019-05-11,17:00:00,85,33,52,FMN GV 03 Hove
46,Statielei 16,2019-05-11,18:00:00,65,33,32,FMN GV 03 Hove
46,Statielei 16,2019-05-11,19:00:00,42,22,20,FMN GV 03 Hove
46,Statielei 16,2019-05-11,20:00:00,47,26,21,FMN GV 03 Hove
46,Statielei 16,2019-05-11,21:00:00,32,22,10,FMN GV 03 Hove
46,Statielei 16,2019-05-11,22:00:00,36,14,22,FMN GV 03 Hove
46,Statielei 16,2019-05-11,23:00:00,15,4,11,FMN GV 03 Hove
46,Statielei 16,2019-05-12,00:00:00,14,5,9,FMN GV 03 Hove
46,Statielei 16,2019-05-12,01:00:00,8,3,5,FMN GV 03 Hove
46,Statielei 16,2019-05-12,02:00:00,6,0,6,FMN GV 03 Hove
46,Statielei 16,2019-05-12,03:00:00,5,1,4,FMN GV 03 Hove
46,Statielei 16,2019-05-12,04:00:00,6,2,4,FMN GV 03 Hove
46,Statielei 16,2019-05-12,05:00:00,5,3,2,FMN GV 03 Hove
46,Statielei 16,2019-05-12,06:00:00,9,6,3,FMN GV 03 Hove
46,Statielei 16,2019-05-12,07:00:00,28,9,19,FMN GV 03 Hove
46,Statielei 16,2019-05-12,08:00:00,29,11,18,FMN GV 03 Hove
46,Statielei 16,2019-05-12,09:00:00,123,68,55,FMN GV 03 Hove
46,Statielei 16,2019-05-12,10:00:00,112,50,62,FMN GV 03 Hove
46,Statielei 16,2019-05-12,11:00:00,142,85,57,FMN GV 03 Hove
46,Statielei 16,2019-05-12,12:00:00,149,101,48,FMN GV 03 Hove
46,Statielei 16,2019-05-12,13:00:00,168,118,50,FMN GV 03 Hove
46,Statielei 16,2019-05-12,14:00:00,126,72,54,FMN GV 03 Hove
46,Statielei 16,2019-05-12,15:00:00,114,74,40,FMN GV 03 Hove
46,Statielei 16,2019-05-12,16:00:00,147,60,87,FMN GV 03 Hove
46,Statielei 16,2019-05-12,17:00:00,130,56,74,FMN GV 03 Hove
46,Statielei 16,2019-05-12,18:00:00,91,40,51,FMN GV 03 Hove
46,Statielei 16,2019-05-12,19:00:00,66,25,41,FMN GV 03 Hove
46,Statielei 16,2019-05-12,20:00:00,45,25,20,FMN GV 03 Hove
46,Statielei 16,2019-05-12,21:00:00,26,13,13,FMN GV 03 Hove
46,Statielei 16,2019-05-12,22:00:00,35,18,17,FMN GV 03 Hove
46,Statielei 16,2019-05-12,23:00:00,10,7,3,FMN GV 03 Hove
46,Statielei 16,2019-05-13,00:00:00,2,2,0,FMN GV 03 Hove
46,Statielei 16,2019-05-13,01:00:00,0,0,0,FMN GV 03 Hove
46,Statielei 16,2019-05-13,02:00:00,3,3,0,FMN GV 03 Hove
46,Statielei 16,2019-05-13,03:00:00,2,1,1,FMN GV 03 Hove
46,Statielei 16,2019-05-13,04:00:00,5,1,4,FMN GV 03 Hove
46,Statielei 16,2019-05-13,05:00:00,26,15,11,FMN GV 03 Hove
46,Statielei 16,2019-05-13,06:00:00,88,71,17,FMN GV 03 Hove
46,Statielei 16,2019-05-13,07:00:00,325,277,48,FMN GV 03 Hove
46,Statielei 16,2019-05-13,08:00:00,386,318,68,FMN GV 03 Hove
46,Statielei 16,2019-05-13,09:00:00,123,94,29,FMN GV 03 Hove
46,Statielei 16,2019-05-13,10:00:00,66,42,24,FMN GV 03 Hove
46,Statielei 16,2019-05-13,11:00:00,79,47,32,FMN GV 03 Hove
46,Statielei 16,2019-05-13,12:00:00,113,54,59,FMN GV 03 Hove
46,Statielei 16,2019-05-13,13:00:00,107,61,46,FMN GV 03 Hove
46,Statielei 16,2019-05-13,14:00:00,88,40,48,FMN GV 03 Hove
46,Statielei 16,2019-05-13,15:00:00,128,51,77,FMN GV 03 Hove
46,Statielei 16,2019-05-13,16:00:00,286,83,203,FMN GV 03 Hove
46,Statielei 16,2019-05-13,17:00:00,351,92,259,FMN GV 03 Hove
46,Statielei 16,2019-05-13,18:00:00,213,70,143,FMN GV 03 Hove
46,Statielei 16,2019-05-13,19:00:00,123,44,79,FMN GV 03 Hove
46,Statielei 16,2019-05-13,20:00:00,59,41,18,FMN GV 03 Hove
46,Statielei 16,2019-05-13,21:00:00,48,26,22,FMN GV 03 Hove
46,Statielei 16,2019-05-13,22:00:00,27,7,20,FMN GV 03 Hove
46,Statielei 16,2019-05-13,23:00:00,7,0,7,FMN GV 03 Hove
46,Statielei 16,2019-05-14,00:00:00,5,2,3,FMN GV 03 Hove
46,Statielei 16,2019-05-14,01:00:00,2,0,2,FMN GV 03 Hove
46,Statielei 16,2019-05-14,02:00:00,4,4,0,FMN GV 03 Hove
46,Statielei 16,2019-05-14,03:00:00,1,0,1,FMN GV 03 Hove
46,Statielei 16,2019-05-14,04:00:00,6,2,4,FMN GV 03 Hove
46,Statielei 16,2019-05-14,05:00:00,28,16,12,FMN GV 03 Hove
46,Statielei 16,2019-05-14,06:00:00,109,79,30,FMN GV 03 Hove
46,Statielei 16,2019-05-14,07:00:00,403,309,94,FMN GV 03 Hove
46,Statielei 16,2019-05-14,08:00:00,458,376,82,FMN GV 03 Hove
46,Statielei 16,2019-05-14,09:00:00,170,98,72,FMN GV 03 Hove
46,Statielei 16,2019-05-14,10:00:00,112,50,62,FMN GV 03 Hove
46,Statielei 16,2019-05-14,11:00:00,79,48,31,FMN GV 03 Hove
46,Statielei 16,2019-05-14,12:00:00,159,100,59,FMN GV 03 Hove
46,Statielei 16,2019-05-14,13:00:00,117,69,48,FMN GV 03 Hove
46,Statielei 16,2019-05-14,14:00:00,104,47,57,FMN GV 03 Hove
46,Statielei 16,2019-05-14,15:00:00,174,65,109,FMN GV 03 Hove
46,Statielei 16,2019-05-14,16:00:00,337,85,252,FMN GV 03 Hove
46,Statielei 16,2019-05-14,17:00:00,397,100,297,FMN GV 03 Hove
46,Statielei 16,2019-05-14,18:00:00,266,88,178,FMN GV 03 Hove
46,Statielei 16,2019-05-14,19:00:00,133,58,75,FMN GV 03 Hove
46,Statielei 16,2019-05-14,20:00:00,96,51,45,FMN GV 03 Hove
46,Statielei 16,2019-05-14,21:00:00,77,44,33,FMN GV 03 Hove
46,Statielei 16,2019-05-14,22:00:00,58,23,35,FMN GV 03 Hove
46,Statielei 16,2019-05-14,23:00:00,14,6,8,FMN GV 03 Hove
46,Statielei 16,2019-05-15,00:00:00,2,0,2,FMN GV 03 Hove
46,Statielei 16,2019-05-15,01:00:00,4,0,4,FMN GV 03 Hove
46,Statielei 16,2019-05-15,02:00:00,6,3,3,FMN GV 03 Hove
46,Statielei 16,2019-05-15,03:00:00,1,1,0,FMN GV 03 Hove
46,Statielei 16,2019-05-15,04:00:00,8,5,3,FMN GV 03 Hove
46,Statielei 16,2019-05-15,05:00:00,30,16,14,FMN GV 03 Hove
46,Statielei 16,2019-05-15,06:00:00,108,76,32,FMN GV 03 Hove
46,Statielei 16,2019-05-15,07:00:00,361,296,65,FMN GV 03 Hove
46,Statielei 16,2019-05-15,08:00:00,399,318,81,FMN GV 03 Hove
46,Statielei 16,2019-05-15,09:00:00,155,113,42,FMN GV 03 Hove
46,Statielei 16,2019-05-15,10:00:00,164,109,55,FMN GV 03 Hove
46,Statielei 16,2019-05-15,11:00:00,138,68,70,FMN GV 03 Hove
46,Statielei 16,2019-05-15,12:00:00,227,92,135,FMN GV 03 Hove
46,Statielei 16,2019-05-15,13:00:00,196,73,123,FMN GV 03 Hove
46,Statielei 16,2019-05-15,14:00:00,167,86,81,FMN GV 03 Hove
46,Statielei 16,2019-05-15,15:00:00,172,83,89,FMN GV 03 Hove
46,Statielei 16,2019-05-15,16:00:00,227,82,145,FMN GV 03 Hove
46,Statielei 16,2019-05-15,17:00:00,350,95,255,FMN GV 03 Hove
46,Statielei 16,2019-05-15,18:00:00,278,108,170,FMN GV 03 Hove
46,Statielei 16,2019-05-15,19:00:00,144,71,73,FMN GV 03 Hove
46,Statielei 16,2019-05-15,20:00:00,105,57,48,FMN GV 03 Hove
46,Statielei 16,2019-05-15,21:00:00,67,37,30,FMN GV 03 Hove
46,Statielei 16,2019-05-15,22:00:00,36,18,18,FMN GV 03 Hove
46,Statielei 16,2019-05-15,23:00:00,22,4,18,FMN GV 03 Hove
46,Statielei 16,2019-05-16,00:00:00,5,1,4,FMN GV 03 Hove
46,Statielei 16,2019-05-16,01:00:00,2,1,1,FMN GV 03 Hove
46,Statielei 16,2019-05-16,02:00:00,4,3,1,FMN GV 03 Hove
46,Statielei 16,2019-05-16,03:00:00,1,0,1,FMN GV 03 Hove
46,Statielei 16,2019-05-16,04:00:00,9,8,1,FMN GV 03 Hove
46,Statielei 16,2019-05-16,05:00:00,20,12,8,FMN GV 03 Hove
46,Statielei 16,2019-05-16,06:00:00,102,74,28,FMN GV 03 Hove
46,Statielei 16,2019-05-16,07:00:00,374,303,71,FMN GV 03 Hove
46,Statielei 16,2019-05-16,08:00:00,418,348,70,FMN GV 03 Hove
46,Statielei 16,2019-05-16,09:00:00,126,96,30,FMN GV 03 Hove
46,Statielei 16,2019-05-16,10:00:00,91,61,30,FMN GV 03 Hove
46,Statielei 16,2019-05-16,11:00:00,84,49,35,FMN GV 03 Hove
46,Statielei 16,2019-05-16,12:00:00,120,59,61,FMN GV 03 Hove
46,Statielei 16,2019-05-16,13:00:00,139,72,67,FMN GV 03 Hove
46,Statielei 16,2019-05-16,14:00:00,140,63,77,FMN GV 03 Hove
46,Statielei 16,2019-05-16,15:00:00,165,57,108,FMN GV 03 Hove
46,Statielei 16,2019-05-16,16:00:00,273,75,198,FMN GV 03 Hove
46,Statielei 16,2019-05-16,17:00:00,329,85,244,FMN GV 03 Hove
46,Statielei 16,2019-05-16,18:00:00,227,88,139,FMN GV 03 Hove
46,Statielei 16,2019-05-16,19:00:00,122,61,61,FMN GV 03 Hove
46,Statielei 16,2019-05-16,20:00:00,85,39,46,FMN GV 03 Hove
46,Statielei 16,2019-05-16,21:00:00,61,34,27,FMN GV 03 Hove
46,Statielei 16,2019-05-16,22:00:00,37,18,19,FMN GV 03 Hove
46,Statielei 16,2019-05-16,23:00:00,30,8,22,FMN GV 03 Hove
46,Statielei 16,2019-05-17,00:00:00,16,4,12,FMN GV 03 Hove
46,Statielei 16,2019-05-17,01:00:00,6,3,3,FMN GV 03 Hove
46,Statielei 16,2019-05-17,02:00:00,3,1,2,FMN GV 03 Hove
46,Statielei 16,2019-05-17,03:00:00,5,4,1,FMN GV 03 Hove
46,Statielei 16,2019-05-17,04:00:00,5,3,2,FMN GV 03 Hove
46,Statielei 16,2019-05-17,05:00:00,17,11,6,FMN GV 03 Hove
46,Statielei 16,2019-05-17,06:00:00,91,62,29,FMN GV 03 Hove
46,Statielei 16,2019-05-17,07:00:00,252,204,48,FMN GV 03 Hove
46,Statielei 16,2019-05-17,08:00:00,313,246,67,FMN GV 03 Hove
46,Statielei 16,2019-05-17,09:00:00,108,83,25,FMN GV 03 Hove
46,Statielei 16,2019-05-17,10:00:00,66,41,25,FMN GV 03 Hove
46,Statielei 16,2019-05-17,11:00:00,53,38,15,FMN GV 03 Hove
46,Statielei 16,2019-05-17,12:00:00,89,51,38,FMN GV 03 Hove
46,Statielei 16,2019-05-17,13:00:00,88,48,40,FMN GV 03 Hove
46,Statielei 16,2019-05-17,14:00:00,130,62,68,FMN GV 03 Hove
46,Statielei 16,2019-05-17,15:00:00,136,46,90,FMN GV 03 Hove
46,Statielei 16,2019-05-17,16:00:00,241,58,183,FMN GV 03 Hove
46,Statielei 16,2019-05-17,17:00:00,189,55,134,FMN GV 03 Hove
46,Statielei 16,2019-05-17,18:00:00,157,69,88,FMN GV 03 Hove
46,Statielei 16,2019-05-17,19:00:00,77,42,35,FMN GV 03 Hove
46,Statielei 16,2019-05-17,20:00:00,61,30,31,FMN GV 03 Hove
46,Statielei 16,2019-05-17,21:00:00,41,19,22,FMN GV 03 Hove
46,Statielei 16,2019-05-17,22:00:00,27,15,12,FMN GV 03 Hove
46,Statielei 16,2019-05-17,23:00:00,30,13,17,FMN GV 03 Hove
46,Statielei 16,2019-05-18,00:00:00,19,6,13,FMN GV 03 Hove
46,Statielei 16,2019-05-18,01:00:00,13,4,9,FMN GV 03 Hove
46,Statielei 16,2019-05-18,02:00:00,12,4,8,FMN GV 03 Hove
46,Statielei 16,2019-05-18,03:00:00,8,3,5,FMN GV 03 Hove
46,Statielei 16,2019-05-18,04:00:00,14,9,5,FMN GV 03 Hove
46,Statielei 16,2019-05-18,05:00:00,6,6,0,FMN GV 03 Hove
46,Statielei 16,2019-05-18,06:00:00,10,7,3,FMN GV 03 Hove
46,Statielei 16,2019-05-18,07:00:00,12,6,6,FMN GV 03 Hove
46,Statielei 16,2019-05-18,08:00:00,37,20,17,FMN GV 03 Hove
46,Statielei 16,2019-05-18,09:00:00,76,44,32,FMN GV 03 Hove
46,Statielei 16,2019-05-18,10:00:00,89,46,43,FMN GV 03 Hove
46,Statielei 16,2019-05-18,11:00:00,122,51,71,FMN GV 03 Hove
46,Statielei 16,2019-05-18,12:00:00,125,64,61,FMN GV 03 Hove
46,Statielei 16,2019-05-18,13:00:00,168,120,48,FMN GV 03 Hove
46,Statielei 16,2019-05-18,14:00:00,144,83,61,FMN GV 03 Hove
46,Statielei 16,2019-05-18,15:00:00,157,104,53,FMN GV 03 Hove
46,Statielei 16,2019-05-18,16:00:00,153,83,70,FMN GV 03 Hove
46,Statielei 16,2019-05-18,17:00:00,139,60,79,FMN GV 03 Hove
46,Statielei 16,2019-05-18,18:00:00,73,42,31,FMN GV 03 Hove
46,Statielei 16,2019-05-18,19:00:00,42,26,16,FMN GV 03 Hove
46,Statielei 16,2019-05-18,20:00:00,46,25,21,FMN GV 03 Hove
46,Statielei 16,2019-05-18,21:00:00,34,12,22,FMN GV 03 Hove
46,Statielei 16,2019-05-18,22:00:00,25,9,16,FMN GV 03 Hove
46,Statielei 16,2019-05-18,23:00:00,22,14,8,FMN GV 03 Hove
46,Statielei 16,2019-05-19,00:00:00,20,10,10,FMN GV 03 Hove
46,Statielei 16,2019-05-19,01:00:00,8,4,4,FMN GV 03 Hove
46,Statielei 16,2019-05-19,02:00:00,17,9,8,FMN GV 03 Hove
46,Statielei 16,2019-05-19,03:00:00,3,1,2,FMN GV 03 Hove
46,Statielei 16,2019-05-19,04:00:00,5,4,1,FMN GV 03 Hove
46,Statielei 16,2019-05-19,05:00:00,10,8,2,FMN GV 03 Hove
46,Statielei 16,2019-05-19,06:00:00,10,6,4,FMN GV 03 Hove
46,Statielei 16,2019-05-19,07:00:00,15,5,10,FMN GV 03 Hove
46,Statielei 16,2019-05-19,08:00:00,33,11,22,FMN GV 03 Hove
46,Statielei 16,2019-05-19,09:00:00,48,28,20,FMN GV 03 Hove
46,Statielei 16,2019-05-19,10:00:00,60,25,35,FMN GV 03 Hove
46,Statielei 16,2019-05-19,11:00:00,89,43,46,FMN GV 03 Hove
46,Statielei 16,2019-05-19,12:00:00,112,78,34,FMN GV 03 Hove
46,Statielei 16,2019-05-19,13:00:00,96,59,37,FMN GV 03 Hove
46,Statielei 16,2019-05-19,14:00:00,129,68,61,FMN GV 03 Hove
46,Statielei 16,2019-05-19,15:00:00,128,70,58,FMN GV 03 Hove
46,Statielei 16,2019-05-19,16:00:00,86,50,36,FMN GV 03 Hove
46,Statielei 16,2019-05-19,17:00:00,106,52,54,FMN GV 03 Hove
46,Statielei 16,2019-05-19,18:00:00,65,31,34,FMN GV 03 Hove
46,Statielei 16,2019-05-19,19:00:00,34,20,14,FMN GV 03 Hove
46,Statielei 16,2019-05-19,20:00:00,33,21,12,FMN GV 03 Hove
46,Statielei 16,2019-05-19,21:00:00,16,8,8,FMN GV 03 Hove
46,Statielei 16,2019-05-19,22:00:00,19,13,6,FMN GV 03 Hove
46,Statielei 16,2019-05-19,23:00:00,4,3,1,FMN GV 03 Hove
46,Statielei 16,2019-05-20,00:00:00,3,1,2,FMN GV 03 Hove
46,Statielei 16,2019-05-20,01:00:00,3,1,2,FMN GV 03 Hove
46,Statielei 16,2019-05-20,02:00:00,2,0,2,FMN GV 03 Hove
46,Statielei 16,2019-05-20,03:00:00,1,0,1,FMN GV 03 Hove
46,Statielei 16,2019-05-20,04:00:00,12,8,4,FMN GV 03 Hove
46,Statielei 16,2019-05-20,05:00:00,25,15,10,FMN GV 03 Hove
46,Statielei 16,2019-05-20,06:00:00,102,81,21,FMN GV 03 Hove
46,Statielei 16,2019-05-20,07:00:00,290,233,57,FMN GV 03 Hove
46,Statielei 16,2019-05-20,08:00:00,335,275,60,FMN GV 03 Hove
46,Statielei 16,2019-05-20,09:00:00,85,70,15,FMN GV 03 Hove
46,Statielei 16,2019-05-20,10:00:00,61,43,18,FMN GV 03 Hove
46,Statielei 16,2019-05-20,11:00:00,44,34,10,FMN GV 03 Hove
46,Statielei 16,2019-05-20,12:00:00,75,40,35,FMN GV 03 Hove
46,Statielei 16,2019-05-20,13:00:00,83,44,39,FMN GV 03 Hove
46,Statielei 16,2019-05-20,14:00:00,60,24,36,FMN GV 03 Hove
46,Statielei 16,2019-05-20,15:00:00,118,39,79,FMN GV 03 Hove
46,Statielei 16,2019-05-20,16:00:00,245,65,180,FMN GV 03 Hove
46,Statielei 16,2019-05-20,17:00:00,277,68,209,FMN GV 03 Hove
46,Statielei 16,2019-05-20,18:00:00,161,58,103,FMN GV 03 Hove
46,Statielei 16,2019-05-20,19:00:00,78,30,48,FMN GV 03 Hove
46,Statielei 16,2019-05-20,20:00:00,26,18,8,FMN GV 03 Hove
46,Statielei 16,2019-05-20,21:00:00,25,10,15,FMN GV 03 Hove
46,Statielei 16,2019-05-20,22:00:00,25,11,14,FMN GV 03 Hove
46,Statielei 16,2019-05-20,23:00:00,8,2,6,FMN GV 03 Hove
46,Statielei 16,2019-05-21,00:00:00,3,1,2,FMN GV 03 Hove
46,Statielei 16,2019-05-21,01:00:00,3,1,2,FMN GV 03 Hove
46,Statielei 16,2019-05-21,02:00:00,4,2,2,FMN GV 03 Hove
46,Statielei 16,2019-05-21,03:00:00,2,1,1,FMN GV 03 Hove
46,Statielei 16,2019-05-21,04:00:00,7,5,2,FMN GV 03 Hove
46,Statielei 16,2019-05-21,05:00:00,20,13,7,FMN GV 03 Hove
46,Statielei 16,2019-05-21,06:00:00,89,60,29,FMN GV 03 Hove
46,Statielei 16,2019-05-21,07:00:00,327,262,65,FMN GV 03 Hove
46,Statielei 16,2019-05-21,08:00:00,362,294,68,FMN GV 03 Hove
46,Statielei 16,2019-05-21,09:00:00,117,87,30,FMN GV 03 Hove
46,Statielei 16,2019-05-21,10:00:00,58,37,21,FMN GV 03 Hove
46,Statielei 16,2019-05-21,11:00:00,61,40,21,FMN GV 03 Hove
46,Statielei 16,2019-05-21,12:00:00,90,56,34,FMN GV 03 Hove
46,Statielei 16,2019-05-21,13:00:00,91,57,34,FMN GV 03 Hove
46,Statielei 16,2019-05-21,14:00:00,92,28,64,FMN GV 03 Hove
46,Statielei 16,2019-05-21,15:00:00,115,43,72,FMN GV 03 Hove
46,Statielei 16,2019-05-21,16:00:00,272,70,202,FMN GV 03 Hove
46,Statielei 16,2019-05-21,17:00:00,276,77,199,FMN GV 03 Hove
46,Statielei 16,2019-05-21,18:00:00,222,79,143,FMN GV 03 Hove
46,Statielei 16,2019-05-21,19:00:00,104,45,59,FMN GV 03 Hove
46,Statielei 16,2019-05-21,20:00:00,89,41,48,FMN GV 03 Hove
46,Statielei 16,2019-05-21,21:00:00,53,24,29,FMN GV 03 Hove
46,Statielei 16,2019-05-21,22:00:00,48,22,26,FMN GV 03 Hove
46,Statielei 16,2019-05-21,23:00:00,15,3,12,FMN GV 03 Hove
46,Statielei 16,2019-05-22,00:00:00,8,4,4,FMN GV 03 Hove
46,Statielei 16,2019-05-22,01:00:00,0,0,0,FMN GV 03 Hove
46,Statielei 16,2019-05-22,02:00:00,6,3,3,FMN GV 03 Hove
46,Statielei 16,2019-05-22,03:00:00,2,1,1,FMN GV 03 Hove
46,Statielei 16,2019-05-22,04:00:00,8,5,3,FMN GV 03 Hove
46,Statielei 16,2019-05-22,05:00:00,27,15,12,FMN GV 03 Hove
46,Statielei 16,2019-05-22,06:00:00,108,87,21,FMN GV 03 Hove
46,Statielei 16,2019-05-22,07:00:00,305,235,70,FMN GV 03 Hove
46,Statielei 16,2019-05-22,08:00:00,355,286,69,FMN GV 03 Hove
46,Statielei 16,2019-05-22,09:00:00,170,124,46,FMN GV 03 Hove
46,Statielei 16,2019-05-22,10:00:00,152,90,62,FMN GV 03 Hove
46,Statielei 16,2019-05-22,11:00:00,125,72,53,FMN GV 03 Hove
46,Statielei 16,2019-05-22,12:00:00,247,106,141,FMN GV 03 Hove
46,Statielei 16,2019-05-22,13:00:00,155,62,93,FMN GV 03 Hove
46,Statielei 16,2019-05-22,14:00:00,126,43,83,FMN GV 03 Hove
46,Statielei 16,2019-05-22,15:00:00,140,59,81,FMN GV 03 Hove
46,Statielei 16,2019-05-22,16:00:00,252,92,160,FMN GV 03 Hove
46,Statielei 16,2019-05-22,17:00:00,355,117,238,FMN GV 03 Hove
46,Statielei 16,2019-05-22,18:00:00,231,79,152,FMN GV 03 Hove
46,Statielei 16,2019-05-22,19:00:00,150,65,85,FMN GV 03 Hove
46,Statielei 16,2019-05-22,20:00:00,104,62,42,FMN GV 03 Hove
46,Statielei 16,2019-05-22,21:00:00,85,57,28,FMN GV 03 Hove
46,Statielei 16,2019-05-22,22:00:00,47,25,22,FMN GV 03 Hove
46,Statielei 16,2019-05-22,23:00:00,22,5,17,FMN GV 03 Hove
46,Statielei 16,2019-05-23,00:00:00,10,5,5,FMN GV 03 Hove
46,Statielei 16,2019-05-23,01:00:00,1,1,0,FMN GV 03 Hove
46,Statielei 16,2019-05-23,02:00:00,6,3,3,FMN GV 03 Hove
46,Statielei 16,2019-05-23,03:00:00,1,0,1,FMN GV 03 Hove
46,Statielei 16,2019-05-23,04:00:00,9,9,0,FMN GV 03 Hove
46,Statielei 16,2019-05-23,05:00:00,23,12,11,FMN GV 03 Hove
46,Statielei 16,2019-05-23,06:00:00,110,86,24,FMN GV 03 Hove
46,Statielei 16,2019-05-23,07:00:00,341,271,70,FMN GV 03 Hove
46,Statielei 16,2019-05-23,08:00:00,397,324,73,FMN GV 03 Hove
46,Statielei 16,2019-05-23,09:00:00,163,122,41,FMN GV 03 Hove
46,Statielei 16,2019-05-23,10:00:00,91,43,48,FMN GV 03 Hove
46,Statielei 16,2019-05-23,11:00:00,93,59,34,FMN GV 03 Hove
46,Statielei 16,2019-05-23,12:00:00,129,75,54,FMN GV 03 Hove
46,Statielei 16,2019-05-23,13:00:00,140,76,64,FMN GV 03 Hove
46,Statielei 16,2019-05-23,14:00:00,132,63,69,FMN GV 03 Hove
46,Statielei 16,2019-05-23,15:00:00,182,68,114,FMN GV 03 Hove
46,Statielei 16,2019-05-23,16:00:00,332,94,238,FMN GV 03 Hove
46,Statielei 16,2019-05-23,17:00:00,377,91,286,FMN GV 03 Hove
46,Statielei 16,2019-05-23,18:00:00,223,89,134,FMN GV 03 Hove
46,Statielei 16,2019-05-23,19:00:00,144,63,81,FMN GV 03 Hove
46,Statielei 16,2019-05-23,20:00:00,100,50,50,FMN GV 03 Hove
46,Statielei 16,2019-05-23,21:00:00,42,19,23,FMN GV 03 Hove
46,Statielei 16,2019-05-23,22:00:00,52,19,33,FMN GV 03 Hove
46,Statielei 16,2019-05-23,23:00:00,30,14,16,FMN GV 03 Hove
46,Statielei 16,2019-05-24,00:00:00,17,5,12,FMN GV 03 Hove
46,Statielei 16,2019-05-24,01:00:00,8,6,2,FMN GV 03 Hove
46,Statielei 16,2019-05-24,02:00:00,6,5,1,FMN GV 03 Hove
46,Statielei 16,2019-05-24,03:00:00,3,2,1,FMN GV 03 Hove
46,Statielei 16,2019-05-24,04:00:00,4,4,0,FMN GV 03 Hove
46,Statielei 16,2019-05-24,05:00:00,27,16,11,FMN GV 03 Hove
46,Statielei 16,2019-05-24,06:00:00,90,67,23,FMN GV 03 Hove
46,Statielei 16,2019-05-24,07:00:00,295,237,58,FMN GV 03 Hove
46,Statielei 16,2019-05-24,08:00:00,336,255,81,FMN GV 03 Hove
46,Statielei 16,2019-05-24,09:00:00,133,87,46,FMN GV 03 Hove
46,Statielei 16,2019-05-24,10:00:00,90,63,27,FMN GV 03 Hove
46,Statielei 16,2019-05-24,11:00:00,96,57,39,FMN GV 03 Hove
46,Statielei 16,2019-05-24,12:00:00,141,87,54,FMN GV 03 Hove
46,Statielei 16,2019-05-24,13:00:00,129,68,61,FMN GV 03 Hove
46,Statielei 16,2019-05-24,14:00:00,138,57,81,FMN GV 03 Hove
46,Statielei 16,2019-05-24,15:00:00,211,73,138,FMN GV 03 Hove
46,Statielei 16,2019-05-24,16:00:00,318,105,213,FMN GV 03 Hove
46,Statielei 16,2019-05-24,17:00:00,291,100,191,FMN GV 03 Hove
46,Statielei 16,2019-05-24,18:00:00,220,105,115,FMN GV 03 Hove
46,Statielei 16,2019-05-24,19:00:00,120,69,51,FMN GV 03 Hove
46,Statielei 16,2019-05-24,20:00:00,90,56,34,FMN GV 03 Hove
46,Statielei 16,2019-05-24,21:00:00,55,38,17,FMN GV 03 Hove
46,Statielei 16,2019-05-24,22:00:00,57,19,38,FMN GV 03 Hove
46,Statielei 16,2019-05-24,23:00:00,30,10,20,FMN GV 03 Hove
46,Statielei 16,2019-05-25,00:00:00,31,7,24,FMN GV 03 Hove
46,Statielei 16,2019-05-25,01:00:00,16,6,10,FMN GV 03 Hove
46,Statielei 16,2019-05-25,02:00:00,15,7,8,FMN GV 03 Hove
46,Statielei 16,2019-05-25,03:00:00,2,1,1,FMN GV 03 Hove
46,Statielei 16,2019-05-25,04:00:00,4,3,1,FMN GV 03 Hove
46,Statielei 16,2019-05-25,05:00:00,7,5,2,FMN GV 03 Hove
46,Statielei 16,2019-05-25,06:00:00,15,12,3,FMN GV 03 Hove
46,Statielei 16,2019-05-25,07:00:00,15,10,5,FMN GV 03 Hove
46,Statielei 16,2019-05-25,08:00:00,37,19,18,FMN GV 03 Hove
46,Statielei 16,2019-05-25,09:00:00,103,60,43,FMN GV 03 Hove
46,Statielei 16,2019-05-25,10:00:00,70,44,26,FMN GV 03 Hove
46,Statielei 16,2019-05-25,11:00:00,81,51,30,FMN GV 03 Hove
46,Statielei 16,2019-05-25,12:00:00,160,119,41,FMN GV 03 Hove
46,Statielei 16,2019-05-25,13:00:00,158,96,62,FMN GV 03 Hove
46,Statielei 16,2019-05-25,14:00:00,112,73,39,FMN GV 03 Hove
46,Statielei 16,2019-05-25,15:00:00,128,64,64,FMN GV 03 Hove
46,Statielei 16,2019-05-25,16:00:00,111,44,67,FMN GV 03 Hove
46,Statielei 16,2019-05-25,17:00:00,116,50,66,FMN GV 03 Hove
46,Statielei 16,2019-05-25,18:00:00,94,44,50,FMN GV 03 Hove
46,Statielei 16,2019-05-25,19:00:00,82,34,48,FMN GV 03 Hove
46,Statielei 16,2019-05-25,20:00:00,48,22,26,FMN GV 03 Hove
46,Statielei 16,2019-05-25,21:00:00,31,14,17,FMN GV 03 Hove
46,Statielei 16,2019-05-25,22:00:00,49,16,33,FMN GV 03 Hove
46,Statielei 16,2019-05-25,23:00:00,22,8,14,FMN GV 03 Hove
46,Statielei 16,2019-05-26,00:00:00,20,7,13,FMN GV 03 Hove
46,Statielei 16,2019-05-26,01:00:00,5,2,3,FMN GV 03 Hove
46,Statielei 16,2019-05-26,02:00:00,3,1,2,FMN GV 03 Hove
46,Statielei 16,2019-05-26,03:00:00,3,1,2,FMN GV 03 Hove
46,Statielei 16,2019-05-26,04:00:00,8,8,0,FMN GV 03 Hove
46,Statielei 16,2019-05-26,05:00:00,8,7,1,FMN GV 03 Hove
46,Statielei 16,2019-05-26,06:00:00,10,5,5,FMN GV 03 Hove
46,Statielei 16,2019-05-26,07:00:00,21,6,15,FMN GV 03 Hove
46,Statielei 16,2019-05-26,08:00:00,37,14,23,FMN GV 03 Hove
46,Statielei 16,2019-05-26,09:00:00,95,36,59,FMN GV 03 Hove
46,Statielei 16,2019-05-26,10:00:00,135,66,69,FMN GV 03 Hove
46,Statielei 16,2019-05-26,11:00:00,137,74,63,FMN GV 03 Hove
46,Statielei 16,2019-05-26,12:00:00,160,97,63,FMN GV 03 Hove
46,Statielei 16,2019-05-26,13:00:00,177,105,72,FMN GV 03 Hove
46,Statielei 16,2019-05-26,14:00:00,158,98,60,FMN GV 03 Hove
46,Statielei 16,2019-05-26,15:00:00,137,75,62,FMN GV 03 Hove
46,Statielei 16,2019-05-26,16:00:00,121,63,58,FMN GV 03 Hove
46,Statielei 16,2019-05-26,17:00:00,98,50,48,FMN GV 03 Hove
46,Statielei 16,2019-05-26,18:00:00,60,34,26,FMN GV 03 Hove
46,Statielei 16,2019-05-26,19:00:00,45,28,17,FMN GV 03 Hove
46,Statielei 16,2019-05-26,20:00:00,50,31,19,FMN GV 03 Hove
46,Statielei 16,2019-05-26,21:00:00,36,20,16,FMN GV 03 Hove
46,Statielei 16,2019-05-26,22:00:00,23,8,15,FMN GV 03 Hove
46,Statielei 16,2019-05-26,23:00:00,10,5,5,FMN GV 03 Hove
46,Statielei 16,2019-05-27,00:00:00,0,0,0,FMN GV 03 Hove
46,Statielei 16,2019-05-27,01:00:00,5,0,5,FMN GV 03 Hove
46,Statielei 16,2019-05-27,02:00:00,1,1,0,FMN GV 03 Hove
46,Statielei 16,2019-05-27,03:00:00,0,0,0,FMN GV 03 Hove
46,Statielei 16,2019-05-27,04:00:00,9,8,1,FMN GV 03 Hove
46,Statielei 16,2019-05-27,05:00:00,27,15,12,FMN GV 03 Hove
46,Statielei 16,2019-05-27,06:00:00,108,82,26,FMN GV 03 Hove
46,Statielei 16,2019-05-27,07:00:00,320,259,61,FMN GV 03 Hove
46,Statielei 16,2019-05-27,08:00:00,389,324,65,FMN GV 03 Hove
46,Statielei 16,2019-05-27,09:00:00,142,101,41,FMN GV 03 Hove
46,Statielei 16,2019-05-27,10:00:00,90,49,41,FMN GV 03 Hove
46,Statielei 16,2019-05-27,11:00:00,74,46,28,FMN GV 03 Hove
46,Statielei 16,2019-05-27,12:00:00,90,42,48,FMN GV 03 Hove
46,Statielei 16,2019-05-27,13:00:00,98,52,46,FMN GV 03 Hove
46,Statielei 16,2019-05-27,14:00:00,111,62,49,FMN GV 03 Hove
46,Statielei 16,2019-05-27,15:00:00,159,57,102,FMN GV 03 Hove
46,Statielei 16,2019-05-27,16:00:00,259,63,196,FMN GV 03 Hove
46,Statielei 16,2019-05-27,17:00:00,318,91,227,FMN GV 03 Hove
46,Statielei 16,2019-05-27,18:00:00,181,55,126,FMN GV 03 Hove
46,Statielei 16,2019-05-27,19:00:00,97,40,57,FMN GV 03 Hove
46,Statielei 16,2019-05-27,20:00:00,43,24,19,FMN GV 03 Hove
46,Statielei 16,2019-05-27,21:00:00,31,16,15,FMN GV 03 Hove
46,Statielei 16,2019-05-27,22:00:00,26,7,19,FMN GV 03 Hove
46,Statielei 16,2019-05-27,23:00:00,15,6,9,FMN GV 03 Hove
46,Statielei 16,2019-05-28,00:00:00,6,3,3,FMN GV 03 Hove
46,Statielei 16,2019-05-28,01:00:00,5,2,3,FMN GV 03 Hove
46,Statielei 16,2019-05-28,02:00:00,1,1,0,FMN GV 03 Hove
46,Statielei 16,2019-05-28,03:00:00,1,0,1,FMN GV 03 Hove
46,Statielei 16,2019-05-28,04:00:00,6,4,2,FMN GV 03 Hove
46,Statielei 16,2019-05-28,05:00:00,21,15,6,FMN GV 03 Hove
46,Statielei 16,2019-05-28,06:00:00,98,73,25,FMN GV 03 Hove
46,Statielei 16,2019-05-28,07:00:00,249,212,37,FMN GV 03 Hove
46,Statielei 16,2019-05-28,08:00:00,276,213,63,FMN GV 03 Hove
46,Statielei 16,2019-05-28,09:00:00,86,67,19,FMN GV 03 Hove
46,Statielei 16,2019-05-28,10:00:00,33,19,14,FMN GV 03 Hove
46,Statielei 16,2019-05-28,11:00:00,21,9,12,FMN GV 03 Hove
46,Statielei 16,2019-05-28,12:00:00,52,31,21,FMN GV 03 Hove
46,Statielei 16,2019-05-28,13:00:00,51,32,19,FMN GV 03 Hove
46,Statielei 16,2019-05-28,14:00:00,44,15,29,FMN GV 03 Hove
46,Statielei 16,2019-05-28,15:00:00,76,27,49,FMN GV 03 Hove
46,Statielei 16,2019-05-28,16:00:00,212,53,159,FMN GV 03 Hove
46,Statielei 16,2019-05-28,17:00:00,220,57,163,FMN GV 03 Hove
46,Statielei 16,2019-05-28,18:00:00,141,39,102,FMN GV 03 Hove
46,Statielei 16,2019-05-28,19:00:00,78,34,44,FMN GV 03 Hove
46,Statielei 16,2019-05-28,20:00:00,57,23,34,FMN GV 03 Hove
46,Statielei 16,2019-05-28,21:00:00,38,20,18,FMN GV 03 Hove
46,Statielei 16,2019-05-28,22:00:00,23,9,14,FMN GV 03 Hove
46,Statielei 16,2019-05-28,23:00:00,13,6,7,FMN GV 03 Hove
46,Statielei 16,2019-05-29,00:00:00,7,4,3,FMN GV 03 Hove
46,Statielei 16,2019-05-29,01:00:00,1,0,1,FMN GV 03 Hove
46,Statielei 16,2019-05-29,02:00:00,2,2,0,FMN GV 03 Hove
46,Statielei 16,2019-05-29,03:00:00,2,0,2,FMN GV 03 Hove
46,Statielei 16,2019-05-29,04:00:00,10,7,3,FMN GV 03 Hove
46,Statielei 16,2019-05-29,05:00:00,32,21,11,FMN GV 03 Hove
46,Statielei 16,2019-05-29,06:00:00,86,71,15,FMN GV 03 Hove
46,Statielei 16,2019-05-29,07:00:00,264,205,59,FMN GV 03 Hove
46,Statielei 16,2019-05-29,08:00:00,325,263,62,FMN GV 03 Hove
46,Statielei 16,2019-05-29,09:00:00,175,131,44,FMN GV 03 Hove
46,Statielei 16,2019-05-29,10:00:00,119,75,44,FMN GV 03 Hove
46,Statielei 16,2019-05-29,11:00:00,149,63,86,FMN GV 03 Hove
46,Statielei 16,2019-05-29,12:00:00,179,67,112,FMN GV 03 Hove
46,Statielei 16,2019-05-29,13:00:00,174,78,96,FMN GV 03 Hove
46,Statielei 16,2019-05-29,14:00:00,120,50,70,FMN GV 03 Hove
46,Statielei 16,2019-05-29,15:00:00,136,52,84,FMN GV 03 Hove
46,Statielei 16,2019-05-29,16:00:00,219,95,124,FMN GV 03 Hove
46,Statielei 16,2019-05-29,17:00:00,287,100,187,FMN GV 03 Hove
46,Statielei 16,2019-05-29,18:00:00,190,62,128,FMN GV 03 Hove
46,Statielei 16,2019-05-29,19:00:00,141,69,72,FMN GV 03 Hove
46,Statielei 16,2019-05-29,20:00:00,84,48,36,FMN GV 03 Hove
46,Statielei 16,2019-05-29,21:00:00,68,34,34,FMN GV 03 Hove
46,Statielei 16,2019-05-29,22:00:00,35,12,23,FMN GV 03 Hove
46,Statielei 16,2019-05-29,23:00:00,27,10,17,FMN GV 03 Hove
46,Statielei 16,2019-05-30,00:00:00,27,11,16,FMN GV 03 Hove
46,Statielei 16,2019-05-30,01:00:00,17,6,11,FMN GV 03 Hove
46,Statielei 16,2019-05-30,02:00:00,7,0,7,FMN GV 03 Hove
46,Statielei 16,2019-05-30,03:00:00,5,2,3,FMN GV 03 Hove
46,Statielei 16,2019-05-30,04:00:00,6,3,3,FMN GV 03 Hove
46,Statielei 16,2019-05-30,05:00:00,7,4,3,FMN GV 03 Hove
46,Statielei 16,2019-05-30,06:00:00,15,7,8,FMN GV 03 Hove
46,Statielei 16,2019-05-30,07:00:00,10,2,8,FMN GV 03 Hove
46,Statielei 16,2019-05-30,08:00:00,23,10,13,FMN GV 03 Hove
46,Statielei 16,2019-05-30,09:00:00,53,25,28,FMN GV 03 Hove
46,Statielei 16,2019-05-30,10:00:00,72,39,33,FMN GV 03 Hove
46,Statielei 16,2019-05-30,11:00:00,103,54,49,FMN GV 03 Hove
46,Statielei 16,2019-05-30,12:00:00,98,54,44,FMN GV 03 Hove
46,Statielei 16,2019-05-30,13:00:00,102,55,47,FMN GV 03 Hove
46,Statielei 16,2019-05-30,14:00:00,156,57,99,FMN GV 03 Hove
46,Statielei 16,2019-05-30,15:00:00,197,72,125,FMN GV 03 Hove
46,Statielei 16,2019-05-30,16:00:00,151,87,64,FMN GV 03 Hove
46,Statielei 16,2019-05-30,17:00:00,110,68,42,FMN GV 03 Hove
46,Statielei 16,2019-05-30,18:00:00,92,49,43,FMN GV 03 Hove
46,Statielei 16,2019-05-30,19:00:00,81,47,34,FMN GV 03 Hove
46,Statielei 16,2019-05-30,20:00:00,51,24,27,FMN GV 03 Hove
46,Statielei 16,2019-05-30,21:00:00,43,28,15,FMN GV 03 Hove
46,Statielei 16,2019-05-30,22:00:00,26,12,14,FMN GV 03 Hove
46,Statielei 16,2019-05-30,23:00:00,20,12,8,FMN GV 03 Hove
46,Statielei 16,2019-05-31,00:00:00,20,10,10,FMN GV 03 Hove
46,Statielei 16,2019-05-31,01:00:00,4,2,2,FMN GV 03 Hove
46,Statielei 16,2019-05-31,02:00:00,4,2,2,FMN GV 03 Hove
46,Statielei 16,2019-05-31,03:00:00,4,2,2,FMN GV 03 Hove
46,Statielei 16,2019-05-31,04:00:00,11,7,4,FMN GV 03 Hove
46,Statielei 16,2019-05-31,05:00:00,13,9,4,FMN GV 03 Hove
46,Statielei 16,2019-05-31,06:00:00,37,24,13,FMN GV 03 Hove
46,Statielei 16,2019-05-31,07:00:00,75,61,14,FMN GV 03 Hove
46,Statielei 16,2019-05-31,08:00:00,83,59,24,FMN GV 03 Hove
46,Statielei 16,2019-05-31,09:00:00,71,43,28,FMN GV 03 Hove
46,Statielei 16,2019-05-31,10:00:00,92,65,27,FMN GV 03 Hove
46,Statielei 16,2019-05-31,11:00:00,143,86,57,FMN GV 03 Hove
46,Statielei 16,2019-05-31,12:00:00,113,68,45,FMN GV 03 Hove
46,Statielei 16,2019-05-31,13:00:00,128,81,47,FMN GV 03 Hove
46,Statielei 16,2019-05-31,14:00:00,126,69,57,FMN GV 03 Hove
46,Statielei 16,2019-05-31,15:00:00,154,76,78,FMN GV 03 Hove
46,Statielei 16,2019-05-31,16:00:00,146,64,82,FMN GV 03 Hove
46,Statielei 16,2019-05-31,17:00:00,150,65,85,FMN GV 03 Hove
46,Statielei 16,2019-05-31,18:00:00,105,48,57,FMN GV 03 Hove
46,Statielei 16,2019-05-31,19:00:00,71,36,35,FMN GV 03 Hove
46,Statielei 16,2019-05-31,20:00:00,77,36,41,FMN GV 03 Hove
46,Statielei 16,2019-05-31,21:00:00,62,28,34,FMN GV 03 Hove
46,Statielei 16,2019-05-31,22:00:00,15,7,8,FMN GV 03 Hove
46,Statielei 16,2019-05-31,23:00:00,34,5,29,FMN GV 03 Hove
46,Statielei 16,2019-06-01,00:00:00,19,5,14,FMN GV 03 Hove
46,Statielei 16,2019-06-01,01:00:00,12,8,4,FMN GV 03 Hove
46,Statielei 16,2019-06-01,02:00:00,8,4,4,FMN GV 03 Hove
46,Statielei 16,2019-06-01,03:00:00,1,0,1,FMN GV 03 Hove
46,Statielei 16,2019-06-01,04:00:00,4,2,2,FMN GV 03 Hove
46,Statielei 16,2019-06-01,05:00:00,11,7,4,FMN GV 03 Hove
46,Statielei 16,2019-06-01,06:00:00,38,24,14,FMN GV 03 Hove
46,Statielei 16,2019-06-01,07:00:00,21,8,13,FMN GV 03 Hove
46,Statielei 16,2019-06-01,08:00:00,41,21,20,FMN GV 03 Hove
46,Statielei 16,2019-06-01,09:00:00,77,40,37,FMN GV 03 Hove
46,Statielei 16,2019-06-01,10:00:00,132,59,73,FMN GV 03 Hove
46,Statielei 16,2019-06-01,11:00:00,154,93,61,FMN GV 03 Hove
46,Statielei 16,2019-06-01,12:00:00,156,88,68,FMN GV 03 Hove
46,Statielei 16,2019-06-01,13:00:00,189,87,102,FMN GV 03 Hove
46,Statielei 16,2019-06-01,14:00:00,224,138,86,FMN GV 03 Hove
46,Statielei 16,2019-06-01,15:00:00,191,111,80,FMN GV 03 Hove
46,Statielei 16,2019-06-01,16:00:00,189,96,93,FMN GV 03 Hove
46,Statielei 16,2019-06-01,17:00:00,146,66,80,FMN GV 03 Hove
46,Statielei 16,2019-06-01,18:00:00,124,60,64,FMN GV 03 Hove
46,Statielei 16,2019-06-01,19:00:00,95,67,28,FMN GV 03 Hove
46,Statielei 16,2019-06-01,20:00:00,48,25,23,FMN GV 03 Hove
46,Statielei 16,2019-06-01,21:00:00,52,32,20,FMN GV 03 Hove
46,Statielei 16,2019-06-01,22:00:00,47,26,21,FMN GV 03 Hove
46,Statielei 16,2019-06-01,23:00:00,36,13,23,FMN GV 03 Hove
46,Statielei 16,2019-06-02,00:00:00,27,11,16,FMN GV 03 Hove
46,Statielei 16,2019-06-02,01:00:00,16,10,6,FMN GV 03 Hove
46,Statielei 16,2019-06-02,02:00:00,13,4,9,FMN GV 03 Hove
46,Statielei 16,2019-06-02,03:00:00,10,4,6,FMN GV 03 Hove
46,Statielei 16,2019-06-02,04:00:00,5,2,3,FMN GV 03 Hove
46,Statielei 16,2019-06-02,05:00:00,9,7,2,FMN GV 03 Hove
46,Statielei 16,2019-06-02,06:00:00,11,4,7,FMN GV 03 Hove
46,Statielei 16,2019-06-02,07:00:00,16,3,13,FMN GV 03 Hove
46,Statielei 16,2019-06-02,08:00:00,34,15,19,FMN GV 03 Hove
46,Statielei 16,2019-06-02,09:00:00,120,53,67,FMN GV 03 Hove
46,Statielei 16,2019-06-02,10:00:00,152,70,82,FMN GV 03 Hove
46,Statielei 16,2019-06-02,11:00:00,202,118,84,FMN GV 03 Hove
46,Statielei 16,2019-06-02,12:00:00,188,113,75,FMN GV 03 Hove
46,Statielei 16,2019-06-02,13:00:00,206,120,86,FMN GV 03 Hove
46,Statielei 16,2019-06-02,14:00:00,193,104,89,FMN GV 03 Hove
46,Statielei 16,2019-06-02,15:00:00,185,114,71,FMN GV 03 Hove
46,Statielei 16,2019-06-02,16:00:00,180,109,71,FMN GV 03 Hove
46,Statielei 16,2019-06-02,17:00:00,144,74,70,FMN GV 03 Hove
46,Statielei 16,2019-06-02,18:00:00,104,67,37,FMN GV 03 Hove
46,Statielei 16,2019-06-02,19:00:00,78,42,36,FMN GV 03 Hove
46,Statielei 16,2019-06-02,20:00:00,79,49,30,FMN GV 03 Hove
46,Statielei 16,2019-06-02,21:00:00,43,27,16,FMN GV 03 Hove
46,Statielei 16,2019-06-02,22:00:00,31,15,16,FMN GV 03 Hove
46,Statielei 16,2019-06-02,23:00:00,10,6,4,FMN GV 03 Hove
46,Statielei 16,2019-06-03,00:00:00,0,0,0,FMN GV 03 Hove
46,Statielei 16,2019-06-03,01:00:00,3,1,2,FMN GV 03 Hove
46,Statielei 16,2019-06-03,02:00:00,2,2,0,FMN GV 03 Hove
46,Statielei 16,2019-06-03,03:00:00,0,0,0,FMN GV 03 Hove
46,Statielei 16,2019-06-03,04:00:00,4,3,1,FMN GV 03 Hove
46,Statielei 16,2019-06-03,05:00:00,28,19,9,FMN GV 03 Hove
46,Statielei 16,2019-06-03,06:00:00,111,85,26,FMN GV 03 Hove
46,Statielei 16,2019-06-03,07:00:00,281,232,49,FMN GV 03 Hove
46,Statielei 16,2019-06-03,08:00:00,342,286,56,FMN GV 03 Hove
46,Statielei 16,2019-06-03,09:00:00,120,86,34,FMN GV 03 Hove
46,Statielei 16,2019-06-03,10:00:00,63,29,34,FMN GV 03 Hove
46,Statielei 16,2019-06-03,11:00:00,58,33,25,FMN GV 03 Hove
46,Statielei 16,2019-06-03,12:00:00,71,43,28,FMN GV 03 Hove
46,Statielei 16,2019-06-03,13:00:00,93,46,47,FMN GV 03 Hove
46,Statielei 16,2019-06-03,14:00:00,62,32,30,FMN GV 03 Hove
46,Statielei 16,2019-06-03,15:00:00,137,49,88,FMN GV 03 Hove
46,Statielei 16,2019-06-03,16:00:00,221,45,176,FMN GV 03 Hove
46,Statielei 16,2019-06-03,17:00:00,289,73,216,FMN GV 03 Hove
46,Statielei 16,2019-06-03,18:00:00,186,59,127,FMN GV 03 Hove
46,Statielei 16,2019-06-03,19:00:00,89,27,62,FMN GV 03 Hove
46,Statielei 16,2019-06-03,20:00:00,60,27,33,FMN GV 03 Hove
46,Statielei 16,2019-06-03,21:00:00,33,21,12,FMN GV 03 Hove
46,Statielei 16,2019-06-03,22:00:00,29,12,17,FMN GV 03 Hove
46,Statielei 16,2019-06-03,23:00:00,11,2,9,FMN GV 03 Hove
46,Statielei 16,2019-06-04,00:00:00,1,1,0,FMN GV 03 Hove
46,Statielei 16,2019-06-04,01:00:00,3,1,2,FMN GV 03 Hove
46,Statielei 16,2019-06-04,02:00:00,2,1,1,FMN GV 03 Hove
46,Statielei 16,2019-06-04,03:00:00,0,0,0,FMN GV 03 Hove
46,Statielei 16,2019-06-04,04:00:00,5,4,1,FMN GV 03 Hove
46,Statielei 16,2019-06-04,05:00:00,21,12,9,FMN GV 03 Hove
46,Statielei 16,2019-06-04,06:00:00,106,81,25,FMN GV 03 Hove
46,Statielei 16,2019-06-04,07:00:00,320,253,67,FMN GV 03 Hove
46,Statielei 16,2019-06-04,08:00:00,337,270,67,FMN GV 03 Hove
46,Statielei 16,2019-06-04,09:00:00,96,64,32,FMN GV 03 Hove
46,Statielei 16,2019-06-04,10:00:00,70,43,27,FMN GV 03 Hove
46,Statielei 16,2019-06-04,11:00:00,62,35,27,FMN GV 03 Hove
46,Statielei 16,2019-06-04,12:00:00,76,38,38,FMN GV 03 Hove
46,Statielei 16,2019-06-04,13:00:00,63,31,32,FMN GV 03 Hove
46,Statielei 16,2019-06-04,14:00:00,70,32,38,FMN GV 03 Hove
46,Statielei 16,2019-06-04,15:00:00,112,33,79,FMN GV 03 Hove
46,Statielei 16,2019-06-04,16:00:00,248,61,187,FMN GV 03 Hove
46,Statielei 16,2019-06-04,17:00:00,260,65,195,FMN GV 03 Hove
46,Statielei 16,2019-06-04,18:00:00,154,61,93,FMN GV 03 Hove
46,Statielei 16,2019-06-04,19:00:00,69,29,40,FMN GV 03 Hove
46,Statielei 16,2019-06-04,20:00:00,51,31,20,FMN GV 03 Hove
46,Statielei 16,2019-06-04,21:00:00,21,8,13,FMN GV 03 Hove
46,Statielei 16,2019-06-04,22:00:00,30,10,20,FMN GV 03 Hove
46,Statielei 16,2019-06-04,23:00:00,9,1,8,FMN GV 03 Hove
46,Statielei 16,2019-06-05,00:00:00,3,2,1,FMN GV 03 Hove
46,Statielei 16,2019-06-05,01:00:00,2,1,1,FMN GV 03 Hove
46,Statielei 16,2019-06-05,02:00:00,3,1,2,FMN GV 03 Hove
46,Statielei 16,2019-06-05,03:00:00,1,0,1,FMN GV 03 Hove
46,Statielei 16,2019-06-05,04:00:00,4,2,2,FMN GV 03 Hove
46,Statielei 16,2019-06-05,05:00:00,24,16,8,FMN GV 03 Hove
46,Statielei 16,2019-06-05,06:00:00,80,66,14,FMN GV 03 Hove
46,Statielei 16,2019-06-05,07:00:00,204,166,38,FMN GV 03 Hove
46,Statielei 16,2019-06-05,08:00:00,162,135,27,FMN GV 03 Hove
46,Statielei 16,2019-06-05,09:00:00,54,49,5,FMN GV 03 Hove
46,Statielei 16,2019-06-05,10:00:00,44,29,15,FMN GV 03 Hove
46,Statielei 16,2019-06-05,11:00:00,45,23,22,FMN GV 03 Hove
46,Statielei 16,2019-06-05,12:00:00,98,35,63,FMN GV 03 Hove
46,Statielei 16,2019-06-05,13:00:00,91,50,41,FMN GV 03 Hove
46,Statielei 16,2019-06-05,14:00:00,59,26,33,FMN GV 03 Hove
46,Statielei 16,2019-06-05,15:00:00,65,24,41,FMN GV 03 Hove
46,Statielei 16,2019-06-05,16:00:00,137,46,91,FMN GV 03 Hove
46,Statielei 16,2019-06-05,17:00:00,168,46,122,FMN GV 03 Hove
46,Statielei 16,2019-06-05,18:00:00,121,43,78,FMN GV 03 Hove
46,Statielei 16,2019-06-05,19:00:00,83,36,47,FMN GV 03 Hove
46,Statielei 16,2019-06-05,20:00:00,67,41,26,FMN GV 03 Hove
46,Statielei 16,2019-06-05,21:00:00,54,15,39,FMN GV 03 Hove
46,Statielei 16,2019-06-05,22:00:00,15,6,9,FMN GV 03 Hove
46,Statielei 16,2019-06-05,23:00:00,7,1,6,FMN GV 03 Hove
46,Statielei 16,2019-06-06,00:00:00,4,2,2,FMN GV 03 Hove
46,Statielei 16,2019-06-06,01:00:00,1,0,1,FMN GV 03 Hove
46,Statielei 16,2019-06-06,02:00:00,1,1,0,FMN GV 03 Hove
46,Statielei 16,2019-06-06,03:00:00,2,1,1,FMN GV 03 Hove
46,Statielei 16,2019-06-06,04:00:00,4,4,0,FMN GV 03 Hove
46,Statielei 16,2019-06-06,05:00:00,17,11,6,FMN GV 03 Hove
46,Statielei 16,2019-06-06,06:00:00,86,71,15,FMN GV 03 Hove
46,Statielei 16,2019-06-06,07:00:00,276,219,57,FMN GV 03 Hove
46,Statielei 16,2019-06-06,08:00:00,335,275,60,FMN GV 03 Hove
46,Statielei 16,2019-06-06,09:00:00,90,68,22,FMN GV 03 Hove
46,Statielei 16,2019-06-06,10:00:00,58,34,24,FMN GV 03 Hove
46,Statielei 16,2019-06-06,11:00:00,66,44,22,FMN GV 03 Hove
46,Statielei 16,2019-06-06,12:00:00,91,57,34,FMN GV 03 Hove
46,Statielei 16,2019-06-06,13:00:00,107,66,41,FMN GV 03 Hove
46,Statielei 16,2019-06-06,14:00:00,90,36,54,FMN GV 03 Hove
46,Statielei 16,2019-06-06,15:00:00,130,56,74,FMN GV 03 Hove
46,Statielei 16,2019-06-06,16:00:00,242,55,187,FMN GV 03 Hove
46,Statielei 16,2019-06-06,17:00:00,280,81,199,FMN GV 03 Hove
46,Statielei 16,2019-06-06,18:00:00,187,78,109,FMN GV 03 Hove
46,Statielei 16,2019-06-06,19:00:00,116,44,72,FMN GV 03 Hove
46,Statielei 16,2019-06-06,20:00:00,112,54,58,FMN GV 03 Hove
46,Statielei 16,2019-06-06,21:00:00,41,24,17,FMN GV 03 Hove
46,Statielei 16,2019-06-06,22:00:00,45,15,30,FMN GV 03 Hove
46,Statielei 16,2019-06-06,23:00:00,23,7,16,FMN GV 03 Hove
46,Statielei 16,2019-06-07,00:00:00,16,5,11,FMN GV 03 Hove
46,Statielei 16,2019-06-07,01:00:00,5,3,2,FMN GV 03 Hove
46,Statielei 16,2019-06-07,02:00:00,1,1,0,FMN GV 03 Hove
46,Statielei 16,2019-06-07,03:00:00,2,1,1,FMN GV 03 Hove
46,Statielei 16,2019-06-07,04:00:00,7,5,2,FMN GV 03 Hove
46,Statielei 16,2019-06-07,05:00:00,19,11,8,FMN GV 03 Hove
46,Statielei 16,2019-06-07,06:00:00,83,67,16,FMN GV 03 Hove
46,Statielei 16,2019-06-07,07:00:00,253,196,57,FMN GV 03 Hove
46,Statielei 16,2019-06-07,08:00:00,303,234,69,FMN GV 03 Hove
46,Statielei 16,2019-06-07,09:00:00,99,75,24,FMN GV 03 Hove
46,Statielei 16,2019-06-07,10:00:00,69,45,24,FMN GV 03 Hove
46,Statielei 16,2019-06-07,11:00:00,77,43,34,FMN GV 03 Hove
46,Statielei 16,2019-06-07,12:00:00,106,57,49,FMN GV 03 Hove
46,Statielei 16,2019-06-07,13:00:00,111,57,54,FMN GV 03 Hove
46,Statielei 16,2019-06-07,14:00:00,95,35,60,FMN GV 03 Hove
46,Statielei 16,2019-06-07,15:00:00,153,67,86,FMN GV 03 Hove
46,Statielei 16,2019-06-07,16:00:00,207,51,156,FMN GV 03 Hove
46,Statielei 16,2019-06-07,17:00:00,179,43,136,FMN GV 03 Hove
46,Statielei 16,2019-06-07,18:00:00,111,37,74,FMN GV 03 Hove
46,Statielei 16,2019-06-07,19:00:00,53,29,24,FMN GV 03 Hove
46,Statielei 16,2019-06-07,20:00:00,33,17,16,FMN GV 03 Hove
46,Statielei 16,2019-06-07,21:00:00,38,25,13,FMN GV 03 Hove
46,Statielei 16,2019-06-07,22:00:00,30,13,17,FMN GV 03 Hove
46,Statielei 16,2019-06-07,23:00:00,22,10,12,FMN GV 03 Hove
46,Statielei 16,2019-06-08,00:00:00,13,9,4,FMN GV 03 Hove
46,Statielei 16,2019-06-08,01:00:00,14,4,10,FMN GV 03 Hove
46,Statielei 16,2019-06-08,02:00:00,7,3,4,FMN GV 03 Hove
46,Statielei 16,2019-06-08,03:00:00,2,0,2,FMN GV 03 Hove
46,Statielei 16,2019-06-08,04:00:00,2,1,1,FMN GV 03 Hove
46,Statielei 16,2019-06-08,05:00:00,8,4,4,FMN GV 03 Hove
46,Statielei 16,2019-06-08,06:00:00,15,7,8,FMN GV 03 Hove
46,Statielei 16,2019-06-08,07:00:00,6,4,2,FMN GV 03 Hove
46,Statielei 16,2019-06-08,08:00:00,13,4,9,FMN GV 03 Hove
46,Statielei 16,2019-06-08,09:00:00,21,15,6,FMN GV 03 Hove
46,Statielei 16,2019-06-08,10:00:00,44,15,29,FMN GV 03 Hove
46,Statielei 16,2019-06-08,11:00:00,32,13,19,FMN GV 03 Hove
46,Statielei 16,2019-06-08,12:00:00,34,17,17,FMN GV 03 Hove
46,Statielei 16,2019-06-08,13:00:00,41,21,20,FMN GV 03 Hove
46,Statielei 16,2019-06-08,14:00:00,46,33,13,FMN GV 03 Hove
46,Statielei 16,2019-06-08,15:00:00,27,12,15,FMN GV 03 Hove
46,Statielei 16,2019-06-08,16:00:00,35,16,19,FMN GV 03 Hove
46,Statielei 16,2019-06-08,17:00:00,39,25,14,FMN GV 03 Hove
46,Statielei 16,2019-06-08,18:00:00,27,14,13,FMN GV 03 Hove
46,Statielei 16,2019-06-08,19:00:00,34,24,10,FMN GV 03 Hove
46,Statielei 16,2019-06-08,20:00:00,38,17,21,FMN GV 03 Hove
46,Statielei 16,2019-06-08,21:00:00,28,15,13,FMN GV 03 Hove
46,Statielei 16,2019-06-08,22:00:00,19,7,12,FMN GV 03 Hove
46,Statielei 16,2019-06-08,23:00:00,21,8,13,FMN GV 03 Hove
46,Statielei 16,2019-06-09,00:00:00,11,8,3,FMN GV 03 Hove
46,Statielei 16,2019-06-09,01:00:00,9,1,8,FMN GV 03 Hove
46,Statielei 16,2019-06-09,02:00:00,8,1,7,FMN GV 03 Hove
46,Statielei 16,2019-06-09,03:00:00,0,0,0,FMN GV 03 Hove
46,Statielei 16,2019-06-09,04:00:00,4,3,1,FMN GV 03 Hove
46,Statielei 16,2019-06-09,05:00:00,8,6,2,FMN GV 03 Hove
46,Statielei 16,2019-06-09,06:00:00,23,11,12,FMN GV 03 Hove
46,Statielei 16,2019-06-09,07:00:00,16,6,10,FMN GV 03 Hove
46,Statielei 16,2019-06-09,08:00:00,47,16,31,FMN GV 03 Hove
46,Statielei 16,2019-06-09,09:00:00,80,34,46,FMN GV 03 Hove
46,Statielei 16,2019-06-09,10:00:00,129,54,75,FMN GV 03 Hove
46,Statielei 16,2019-06-09,11:00:00,144,80,64,FMN GV 03 Hove
46,Statielei 16,2019-06-09,12:00:00,174,101,73,FMN GV 03 Hove
46,Statielei 16,2019-06-09,13:00:00,149,89,60,FMN GV 03 Hove
46,Statielei 16,2019-06-09,14:00:00,196,95,101,FMN GV 03 Hove
46,Statielei 16,2019-06-09,15:00:00,165,89,76,FMN GV 03 Hove
46,Statielei 16,2019-06-09,16:00:00,131,81,50,FMN GV 03 Hove
46,Statielei 16,2019-06-09,17:00:00,100,51,49,FMN GV 03 Hove
46,Statielei 16,2019-06-09,18:00:00,75,45,30,FMN GV 03 Hove
46,Statielei 16,2019-06-09,19:00:00,54,28,26,FMN GV 03 Hove
46,Statielei 16,2019-06-09,20:00:00,43,31,12,FMN GV 03 Hove
46,Statielei 16,2019-06-09,21:00:00,36,17,19,FMN GV 03 Hove
46,Statielei 16,2019-06-09,22:00:00,25,12,13,FMN GV 03 Hove
46,Statielei 16,2019-06-09,23:00:00,8,7,1,FMN GV 03 Hove
46,Statielei 16,2019-06-10,00:00:00,10,3,7,FMN GV 03 Hove
46,Statielei 16,2019-06-10,01:00:00,4,3,1,FMN GV 03 Hove
46,Statielei 16,2019-06-10,02:00:00,3,1,2,FMN GV 03 Hove
46,Statielei 16,2019-06-10,03:00:00,1,0,1,FMN GV 03 Hove
46,Statielei 16,2019-06-10,04:00:00,4,1,3,FMN GV 03 Hove
46,Statielei 16,2019-06-10,05:00:00,3,2,1,FMN GV 03 Hove
46,Statielei 16,2019-06-10,06:00:00,10,7,3,FMN GV 03 Hove
46,Statielei 16,2019-06-10,07:00:00,13,7,6,FMN GV 03 Hove
46,Statielei 16,2019-06-10,08:00:00,24,10,14,FMN GV 03 Hove
46,Statielei 16,2019-06-10,09:00:00,71,41,30,FMN GV 03 Hove
46,Statielei 16,2019-06-10,10:00:00,133,66,67,FMN GV 03 Hove
46,Statielei 16,2019-06-10,11:00:00,135,66,69,FMN GV 03 Hove
46,Statielei 16,2019-06-10,12:00:00,140,78,62,FMN GV 03 Hove
46,Statielei 16,2019-06-10,13:00:00,110,61,49,FMN GV 03 Hove
46,Statielei 16,2019-06-10,14:00:00,144,74,70,FMN GV 03 Hove
46,Statielei 16,2019-06-10,15:00:00,66,38,28,FMN GV 03 Hove
46,Statielei 16,2019-06-10,16:00:00,80,34,46,FMN GV 03 Hove
46,Statielei 16,2019-06-10,17:00:00,64,31,33,FMN GV 03 Hove
46,Statielei 16,2019-06-10,18:00:00,40,18,22,FMN GV 03 Hove
46,Statielei 16,2019-06-10,19:00:00,29,14,15,FMN GV 03 Hove
46,Statielei 16,2019-06-10,20:00:00,18,11,7,FMN GV 03 Hove
46,Statielei 16,2019-06-10,21:00:00,22,14,8,FMN GV 03 Hove
46,Statielei 16,2019-06-10,22:00:00,17,5,12,FMN GV 03 Hove
46,Statielei 16,2019-06-10,23:00:00,6,2,4,FMN GV 03 Hove
46,Statielei 16,2019-06-11,00:00:00,10,2,8,FMN GV 03 Hove
46,Statielei 16,2019-06-11,01:00:00,2,0,2,FMN GV 03 Hove
46,Statielei 16,2019-06-11,02:00:00,1,1,0,FMN GV 03 Hove
46,Statielei 16,2019-06-11,03:00:00,3,2,1,FMN GV 03 Hove
46,Statielei 16,2019-06-11,04:00:00,8,3,5,FMN GV 03 Hove
46,Statielei 16,2019-06-11,05:00:00,18,13,5,FMN GV 03 Hove
46,Statielei 16,2019-06-11,06:00:00,103,82,21,FMN GV 03 Hove
46,Statielei 16,2019-06-11,07:00:00,302,250,52,FMN GV 03 Hove
46,Statielei 16,2019-06-11,08:00:00,340,278,62,FMN GV 03 Hove
46,Statielei 16,2019-06-11,09:00:00,99,72,27,FMN GV 03 Hove
46,Statielei 16,2019-06-11,10:00:00,81,53,28,FMN GV 03 Hove
46,Statielei 16,2019-06-11,11:00:00,83,43,40,FMN GV 03 Hove
46,Statielei 16,2019-06-11,12:00:00,108,62,46,FMN GV 03 Hove
46,Statielei 16,2019-06-11,13:00:00,107,58,49,FMN GV 03 Hove
46,Statielei 16,2019-06-11,14:00:00,91,43,48,FMN GV 03 Hove
46,Statielei 16,2019-06-11,15:00:00,116,51,65,FMN GV 03 Hove
46,Statielei 16,2019-06-11,16:00:00,245,63,182,FMN GV 03 Hove
46,Statielei 16,2019-06-11,17:00:00,303,65,238,FMN GV 03 Hove
46,Statielei 16,2019-06-11,18:00:00,186,61,125,FMN GV 03 Hove
46,Statielei 16,2019-06-11,19:00:00,97,38,59,FMN GV 03 Hove
46,Statielei 16,2019-06-11,20:00:00,73,48,25,FMN GV 03 Hove
46,Statielei 16,2019-06-11,21:00:00,47,21,26,FMN GV 03 Hove
46,Statielei 16,2019-06-11,22:00:00,39,13,26,FMN GV 03 Hove
46,Statielei 16,2019-06-11,23:00:00,14,7,7,FMN GV 03 Hove
46,Statielei 16,2019-06-12,00:00:00,8,4,4,FMN GV 03 Hove
46,Statielei 16,2019-06-12,01:00:00,2,1,1,FMN GV 03 Hove
46,Statielei 16,2019-06-12,02:00:00,2,1,1,FMN GV 03 Hove
46,Statielei 16,2019-06-12,03:00:00,2,2,0,FMN GV 03 Hove
46,Statielei 16,2019-06-12,04:00:00,7,6,1,FMN GV 03 Hove
46,Statielei 16,2019-06-12,05:00:00,19,12,7,FMN GV 03 Hove
46,Statielei 16,2019-06-12,06:00:00,70,58,12,FMN GV 03 Hove
46,Statielei 16,2019-06-12,07:00:00,192,159,33,FMN GV 03 Hove
46,Statielei 16,2019-06-12,08:00:00,186,154,32,FMN GV 03 Hove
46,Statielei 16,2019-06-12,09:00:00,52,40,12,FMN GV 03 Hove
46,Statielei 16,2019-06-12,10:00:00,47,19,28,FMN GV 03 Hove
46,Statielei 16,2019-06-12,11:00:00,45,19,26,FMN GV 03 Hove
46,Statielei 16,2019-06-12,12:00:00,79,32,47,FMN GV 03 Hove
46,Statielei 16,2019-06-12,13:00:00,32,13,19,FMN GV 03 Hove
46,Statielei 16,2019-06-12,14:00:00,45,17,28,FMN GV 03 Hove
46,Statielei 16,2019-06-12,15:00:00,50,15,35,FMN GV 03 Hove
46,Statielei 16,2019-06-12,16:00:00,112,33,79,FMN GV 03 Hove
46,Statielei 16,2019-06-12,17:00:00,138,43,95,FMN GV 03 Hove
46,Statielei 16,2019-06-12,18:00:00,99,34,65,FMN GV 03 Hove
46,Statielei 16,2019-06-12,19:00:00,91,38,53,FMN GV 03 Hove
46,Statielei 16,2019-06-12,20:00:00,51,25,26,FMN GV 03 Hove
46,Statielei 16,2019-06-12,21:00:00,38,19,19,FMN GV 03 Hove
46,Statielei 16,2019-06-12,22:00:00,24,13,11,FMN GV 03 Hove
46,Statielei 16,2019-06-12,23:00:00,12,4,8,FMN GV 03 Hove
46,Statielei 16,2019-06-13,00:00:00,7,2,5,FMN GV 03 Hove
46,Statielei 16,2019-06-13,01:00:00,2,1,1,FMN GV 03 Hove
46,Statielei 16,2019-06-13,02:00:00,1,1,0,FMN GV 03 Hove
46,Statielei 16,2019-06-13,03:00:00,2,1,1,FMN GV 03 Hove
46,Statielei 16,2019-06-13,04:00:00,9,7,2,FMN GV 03 Hove
46,Statielei 16,2019-06-13,05:00:00,25,16,9,FMN GV 03 Hove
46,Statielei 16,2019-06-13,06:00:00,87,71,16,FMN GV 03 Hove
46,Statielei 16,2019-06-13,07:00:00,316,245,71,FMN GV 03 Hove
46,Statielei 16,2019-06-13,08:00:00,346,279,67,FMN GV 03 Hove
46,Statielei 16,2019-06-13,09:00:00,110,69,41,FMN GV 03 Hove
46,Statielei 16,2019-06-13,10:00:00,77,43,34,FMN GV 03 Hove
46,Statielei 16,2019-06-13,11:00:00,69,28,41,FMN GV 03 Hove
46,Statielei 16,2019-06-13,12:00:00,79,49,30,FMN GV 03 Hove
46,Statielei 16,2019-06-13,13:00:00,63,29,34,FMN GV 03 Hove
46,Statielei 16,2019-06-13,14:00:00,50,19,31,FMN GV 03 Hove
46,Statielei 16,2019-06-13,15:00:00,99,31,68,FMN GV 03 Hove
46,Statielei 16,2019-06-13,16:00:00,173,48,125,FMN GV 03 Hove
46,Statielei 16,2019-06-13,17:00:00,222,55,167,FMN GV 03 Hove
46,Statielei 16,2019-06-13,18:00:00,172,61,111,FMN GV 03 Hove
46,Statielei 16,2019-06-13,19:00:00,64,28,36,FMN GV 03 Hove
46,Statielei 16,2019-06-13,20:00:00,70,34,36,FMN GV 03 Hove
46,Statielei 16,2019-06-13,21:00:00,31,11,20,FMN GV 03 Hove
46,Statielei 16,2019-06-13,22:00:00,35,10,25,FMN GV 03 Hove
46,Statielei 16,2019-06-13,23:00:00,13,0,13,FMN GV 03 Hove
46,Statielei 16,2019-06-14,00:00:00,8,4,4,FMN GV 03 Hove
46,Statielei 16,2019-06-14,01:00:00,1,0,1,FMN GV 03 Hove
46,Statielei 16,2019-06-14,02:00:00,2,1,1,FMN GV 03 Hove
46,Statielei 16,2019-06-14,03:00:00,2,1,1,FMN GV 03 Hove
46,Statielei 16,2019-06-14,04:00:00,8,8,0,FMN GV 03 Hove
46,Statielei 16,2019-06-14,05:00:00,23,15,8,FMN GV 03 Hove
46,Statielei 16,2019-06-14,06:00:00,82,65,17,FMN GV 03 Hove
46,Statielei 16,2019-06-14,07:00:00,258,206,52,FMN GV 03 Hove
46,Statielei 16,2019-06-14,08:00:00,265,226,39,FMN GV 03 Hove
46,Statielei 16,2019-06-14,09:00:00,66,34,32,FMN GV 03 Hove
46,Statielei 16,2019-06-14,10:00:00,62,32,30,FMN GV 03 Hove
46,Statielei 16,2019-06-14,11:00:00,70,41,29,FMN GV 03 Hove
46,Statielei 16,2019-06-14,12:00:00,99,55,44,FMN GV 03 Hove
46,Statielei 16,2019-06-14,13:00:00,149,88,61,FMN GV 03 Hove
46,Statielei 16,2019-06-14,14:00:00,126,54,72,FMN GV 03 Hove
46,Statielei 16,2019-06-14,15:00:00,160,72,88,FMN GV 03 Hove
46,Statielei 16,2019-06-14,16:00:00,235,71,164,FMN GV 03 Hove
46,Statielei 16,2019-06-14,17:00:00,226,74,152,FMN GV 03 Hove
46,Statielei 16,2019-06-14,18:00:00,182,78,104,FMN GV 03 Hove
46,Statielei 16,2019-06-14,19:00:00,117,59,58,FMN GV 03 Hove
46,Statielei 16,2019-06-14,20:00:00,92,44,48,FMN GV 03 Hove
46,Statielei 16,2019-06-14,21:00:00,56,31,25,FMN GV 03 Hove
46,Statielei 16,2019-06-14,22:00:00,60,28,32,FMN GV 03 Hove
46,Statielei 16,2019-06-14,23:00:00,31,9,22,FMN GV 03 Hove
46,Statielei 16,2019-06-15,00:00:00,26,9,17,FMN GV 03 Hove
46,Statielei 16,2019-06-15,01:00:00,9,1,8,FMN GV 03 Hove
46,Statielei 16,2019-06-15,02:00:00,13,2,11,FMN GV 03 Hove
46,Statielei 16,2019-06-15,03:00:00,2,0,2,FMN GV 03 Hove
46,Statielei 16,2019-06-15,04:00:00,5,5,0,FMN GV 03 Hove
46,Statielei 16,2019-06-15,05:00:00,7,7,0,FMN GV 03 Hove
46,Statielei 16,2019-06-15,06:00:00,5,4,1,FMN GV 03 Hove
46,Statielei 16,2019-06-15,07:00:00,8,3,5,FMN GV 03 Hove
46,Statielei 16,2019-06-15,08:00:00,18,12,6,FMN GV 03 Hove
46,Statielei 16,2019-06-15,09:00:00,34,26,8,FMN GV 03 Hove
46,Statielei 16,2019-06-15,10:00:00,41,21,20,FMN GV 03 Hove
46,Statielei 16,2019-06-15,11:00:00,32,23,9,FMN GV 03 Hove
46,Statielei 16,2019-06-15,12:00:00,49,24,25,FMN GV 03 Hove
46,Statielei 16,2019-06-15,13:00:00,58,27,31,FMN GV 03 Hove
46,Statielei 16,2019-06-15,14:00:00,83,33,50,FMN GV 03 Hove
46,Statielei 16,2019-06-15,15:00:00,62,29,33,FMN GV 03 Hove
46,Statielei 16,2019-06-15,16:00:00,82,40,42,FMN GV 03 Hove
46,Statielei 16,2019-06-15,17:00:00,102,63,39,FMN GV 03 Hove
46,Statielei 16,2019-06-15,18:00:00,83,51,32,FMN GV 03 Hove
46,Statielei 16,2019-06-15,19:00:00,55,36,19,FMN GV 03 Hove
46,Statielei 16,2019-06-15,20:00:00,37,19,18,FMN GV 03 Hove
46,Statielei 16,2019-06-15,21:00:00,34,17,17,FMN GV 03 Hove
46,Statielei 16,2019-06-15,22:00:00,39,20,19,FMN GV 03 Hove
46,Statielei 16,2019-06-15,23:00:00,21,10,11,FMN GV 03 Hove
46,Statielei 16,2019-06-16,00:00:00,12,5,7,FMN GV 03 Hove
46,Statielei 16,2019-06-16,01:00:00,13,3,10,FMN GV 03 Hove
46,Statielei 16,2019-06-16,02:00:00,4,1,3,FMN GV 03 Hove
46,Statielei 16,2019-06-16,03:00:00,6,3,3,FMN GV 03 Hove
46,Statielei 16,2019-06-16,04:00:00,6,3,3,FMN GV 03 Hove
46,Statielei 16,2019-06-16,05:00:00,13,10,3,FMN GV 03 Hove
46,Statielei 16,2019-06-16,06:00:00,9,4,5,FMN GV 03 Hove
46,Statielei 16,2019-06-16,07:00:00,16,7,9,FMN GV 03 Hove
46,Statielei 16,2019-06-16,08:00:00,41,11,30,FMN GV 03 Hove
46,Statielei 16,2019-06-16,09:00:00,106,47,59,FMN GV 03 Hove
46,Statielei 16,2019-06-16,10:00:00,106,42,64,FMN GV 03 Hove
46,Statielei 16,2019-06-16,11:00:00,130,69,61,FMN GV 03 Hove
46,Statielei 16,2019-06-16,12:00:00,121,71,50,FMN GV 03 Hove
46,Statielei 16,2019-06-16,13:00:00,146,88,58,FMN GV 03 Hove
46,Statielei 16,2019-06-16,14:00:00,195,112,83,FMN GV 03 Hove
46,Statielei 16,2019-06-16,15:00:00,180,74,106,FMN GV 03 Hove
46,Statielei 16,2019-06-16,16:00:00,121,64,57,FMN GV 03 Hove
46,Statielei 16,2019-06-16,17:00:00,109,54,55,FMN GV 03 Hove
46,Statielei 16,2019-06-16,18:00:00,88,59,29,FMN GV 03 Hove
46,Statielei 16,2019-06-16,19:00:00,51,26,25,FMN GV 03 Hove
46,Statielei 16,2019-06-16,20:00:00,41,22,19,FMN GV 03 Hove
46,Statielei 16,2019-06-16,21:00:00,41,26,15,FMN GV 03 Hove
46,Statielei 16,2019-06-16,22:00:00,25,12,13,FMN GV 03 Hove
46,Statielei 16,2019-06-16,23:00:00,6,3,3,FMN GV 03 Hove
46,Statielei 16,2019-06-17,00:00:00,2,0,2,FMN GV 03 Hove
46,Statielei 16,2019-06-17,01:00:00,5,3,2,FMN GV 03 Hove
46,Statielei 16,2019-06-17,02:00:00,2,2,0,FMN GV 03 Hove
46,Statielei 16,2019-06-17,03:00:00,2,1,1,FMN GV 03 Hove
46,Statielei 16,2019-06-17,04:00:00,10,7,3,FMN GV 03 Hove
46,Statielei 16,2019-06-17,05:00:00,25,18,7,FMN GV 03 Hove
46,Statielei 16,2019-06-17,06:00:00,118,90,28,FMN GV 03 Hove
46,Statielei 16,2019-06-17,07:00:00,392,318,74,FMN GV 03 Hove
46,Statielei 16,2019-06-17,08:00:00,384,310,74,FMN GV 03 Hove
46,Statielei 16,2019-06-17,09:00:00,135,99,36,FMN GV 03 Hove
46,Statielei 16,2019-06-17,10:00:00,100,55,45,FMN GV 03 Hove
46,Statielei 16,2019-06-17,11:00:00,108,51,57,FMN GV 03 Hove
46,Statielei 16,2019-06-17,12:00:00,157,74,83,FMN GV 03 Hove
46,Statielei 16,2019-06-17,13:00:00,149,78,71,FMN GV 03 Hove
46,Statielei 16,2019-06-17,14:00:00,133,58,75,FMN GV 03 Hove
46,Statielei 16,2019-06-17,15:00:00,162,67,95,FMN GV 03 Hove
46,Statielei 16,2019-06-17,16:00:00,264,85,179,FMN GV 03 Hove
46,Statielei 16,2019-06-17,17:00:00,365,92,273,FMN GV 03 Hove
46,Statielei 16,2019-06-17,18:00:00,240,90,150,FMN GV 03 Hove
46,Statielei 16,2019-06-17,19:00:00,141,49,92,FMN GV 03 Hove
46,Statielei 16,2019-06-17,20:00:00,110,53,57,FMN GV 03 Hove
46,Statielei 16,2019-06-17,21:00:00,52,32,20,FMN GV 03 Hove
46,Statielei 16,2019-06-17,22:00:00,44,20,24,FMN GV 03 Hove
46,Statielei 16,2019-06-17,23:00:00,10,0,10,FMN GV 03 Hove
46,Statielei 16,2019-06-18,00:00:00,7,3,4,FMN GV 03 Hove
46,Statielei 16,2019-06-18,01:00:00,7,3,4,FMN GV 03 Hove
46,Statielei 16,2019-06-18,02:00:00,4,3,1,FMN GV 03 Hove
46,Statielei 16,2019-06-18,03:00:00,5,2,3,FMN GV 03 Hove
46,Statielei 16,2019-06-18,04:00:00,13,9,4,FMN GV 03 Hove
46,Statielei 16,2019-06-18,05:00:00,35,21,14,FMN GV 03 Hove
46,Statielei 16,2019-06-18,06:00:00,139,107,32,FMN GV 03 Hove
46,Statielei 16,2019-06-18,07:00:00,419,323,96,FMN GV 03 Hove
46,Statielei 16,2019-06-18,08:00:00,454,352,102,FMN GV 03 Hove
46,Statielei 16,2019-06-18,09:00:00,139,105,34,FMN GV 03 Hove
46,Statielei 16,2019-06-18,10:00:00,114,62,52,FMN GV 03 Hove
46,Statielei 16,2019-06-18,11:00:00,135,47,88,FMN GV 03 Hove
46,Statielei 16,2019-06-18,12:00:00,147,73,74,FMN GV 03 Hove
46,Statielei 16,2019-06-18,13:00:00,139,63,76,FMN GV 03 Hove
46,Statielei 16,2019-06-18,14:00:00,128,64,64,FMN GV 03 Hove
46,Statielei 16,2019-06-18,15:00:00,163,68,95,FMN GV 03 Hove
46,Statielei 16,2019-06-18,16:00:00,322,76,246,FMN GV 03 Hove
46,Statielei 16,2019-06-18,17:00:00,387,116,271,FMN GV 03 Hove
46,Statielei 16,2019-06-18,18:00:00,256,85,171,FMN GV 03 Hove
46,Statielei 16,2019-06-18,19:00:00,165,85,80,FMN GV 03 Hove
46,Statielei 16,2019-06-18,20:00:00,121,67,54,FMN GV 03 Hove
46,Statielei 16,2019-06-18,21:00:00,83,44,39,FMN GV 03 Hove
46,Statielei 16,2019-06-18,22:00:00,68,27,41,FMN GV 03 Hove
46,Statielei 16,2019-06-18,23:00:00,29,12,17,FMN GV 03 Hove
46,Statielei 16,2019-06-19,00:00:00,13,4,9,FMN GV 03 Hove
46,Statielei 16,2019-06-19,01:00:00,9,2,7,FMN GV 03 Hove
46,Statielei 16,2019-06-19,02:00:00,5,2,3,FMN GV 03 Hove
46,Statielei 16,2019-06-19,03:00:00,4,1,3,FMN GV 03 Hove
46,Statielei 16,2019-06-19,04:00:00,11,6,5,FMN GV 03 Hove
46,Statielei 16,2019-06-19,05:00:00,31,19,12,FMN GV 03 Hove
46,Statielei 16,2019-06-19,06:00:00,91,79,12,FMN GV 03 Hove
46,Statielei 16,2019-06-19,07:00:00,286,224,62,FMN GV 03 Hove
46,Statielei 16,2019-06-19,08:00:00,263,210,53,FMN GV 03 Hove
46,Statielei 16,2019-06-19,09:00:00,102,79,23,FMN GV 03 Hove
46,Statielei 16,2019-06-19,10:00:00,140,63,77,FMN GV 03 Hove
46,Statielei 16,2019-06-19,11:00:00,112,49,63,FMN GV 03 Hove
46,Statielei 16,2019-06-19,12:00:00,133,61,72,FMN GV 03 Hove
46,Statielei 16,2019-06-19,13:00:00,84,32,52,FMN GV 03 Hove
46,Statielei 16,2019-06-19,14:00:00,103,48,55,FMN GV 03 Hove
46,Statielei 16,2019-06-19,15:00:00,98,44,54,FMN GV 03 Hove
46,Statielei 16,2019-06-19,16:00:00,179,36,143,FMN GV 03 Hove
46,Statielei 16,2019-06-19,17:00:00,208,64,144,FMN GV 03 Hove
46,Statielei 16,2019-06-19,18:00:00,79,31,48,FMN GV 03 Hove
46,Statielei 16,2019-06-19,19:00:00,57,20,37,FMN GV 03 Hove
46,Statielei 16,2019-06-19,20:00:00,60,35,25,FMN GV 03 Hove
46,Statielei 16,2019-06-19,21:00:00,46,26,20,FMN GV 03 Hove
46,Statielei 16,2019-06-19,22:00:00,21,7,14,FMN GV 03 Hove
46,Statielei 16,2019-06-19,23:00:00,19,5,14,FMN GV 03 Hove
46,Statielei 16,2019-06-20,00:00:00,10,2,8,FMN GV 03 Hove
46,Statielei 16,2019-06-20,01:00:00,4,4,0,FMN GV 03 Hove
46,Statielei 16,2019-06-20,02:00:00,2,1,1,FMN GV 03 Hove
46,Statielei 16,2019-06-20,03:00:00,3,0,3,FMN GV 03 Hove
46,Statielei 16,2019-06-20,04:00:00,7,5,2,FMN GV 03 Hove
46,Statielei 16,2019-06-20,05:00:00,23,16,7,FMN GV 03 Hove
46,Statielei 16,2019-06-20,06:00:00,96,76,20,FMN GV 03 Hove
46,Statielei 16,2019-06-20,07:00:00,309,244,65,FMN GV 03 Hove
46,Statielei 16,2019-06-20,08:00:00,342,277,65,FMN GV 03 Hove
46,Statielei 16,2019-06-20,09:00:00,97,73,24,FMN GV 03 Hove
46,Statielei 16,2019-06-20,10:00:00,93,55,38,FMN GV 03 Hove
46,Statielei 16,2019-06-20,11:00:00,80,40,40,FMN GV 03 Hove
46,Statielei 16,2019-06-20,12:00:00,106,56,50,FMN GV 03 Hove
46,Statielei 16,2019-06-20,13:00:00,99,52,47,FMN GV 03 Hove
46,Statielei 16,2019-06-20,14:00:00,95,44,51,FMN GV 03 Hove
46,Statielei 16,2019-06-20,15:00:00,131,47,84,FMN GV 03 Hove
46,Statielei 16,2019-06-20,16:00:00,212,58,154,FMN GV 03 Hove
46,Statielei 16,2019-06-20,17:00:00,281,81,200,FMN GV 03 Hove
46,Statielei 16,2019-06-20,18:00:00,197,72,125,FMN GV 03 Hove
46,Statielei 16,2019-06-20,19:00:00,104,51,53,FMN GV 03 Hove
46,Statielei 16,2019-06-20,20:00:00,92,55,37,FMN GV 03 Hove
46,Statielei 16,2019-06-20,21:00:00,53,21,32,FMN GV 03 Hove
46,Statielei 16,2019-06-20,22:00:00,49,17,32,FMN GV 03 Hove
46,Statielei 16,2019-06-20,23:00:00,24,11,13,FMN GV 03 Hove
46,Statielei 16,2019-06-21,00:00:00,16,4,12,FMN GV 03 Hove
46,Statielei 16,2019-06-21,01:00:00,17,5,12,FMN GV 03 Hove
46,Statielei 16,2019-06-21,02:00:00,5,2,3,FMN GV 03 Hove
46,Statielei 16,2019-06-21,03:00:00,1,0,1,FMN GV 03 Hove
46,Statielei 16,2019-06-21,04:00:00,13,9,4,FMN GV 03 Hove
46,Statielei 16,2019-06-21,05:00:00,27,15,12,FMN GV 03 Hove
46,Statielei 16,2019-06-21,06:00:00,92,67,25,FMN GV 03 Hove
46,Statielei 16,2019-06-21,07:00:00,265,213,52,FMN GV 03 Hove
46,Statielei 16,2019-06-21,08:00:00,311,245,66,FMN GV 03 Hove
46,Statielei 16,2019-06-21,09:00:00,108,71,37,FMN GV 03 Hove
46,Statielei 16,2019-06-21,10:00:00,104,61,43,FMN GV 03 Hove
46,Statielei 16,2019-06-21,11:00:00,99,51,48,FMN GV 03 Hove
46,Statielei 16,2019-06-21,12:00:00,145,70,75,FMN GV 03 Hove
46,Statielei 16,2019-06-21,13:00:00,115,74,41,FMN GV 03 Hove
46,Statielei 16,2019-06-21,14:00:00,143,62,81,FMN GV 03 Hove
46,Statielei 16,2019-06-21,15:00:00,174,70,104,FMN GV 03 Hove
46,Statielei 16,2019-06-21,16:00:00,244,79,165,FMN GV 03 Hove
46,Statielei 16,2019-06-21,17:00:00,331,117,214,FMN GV 03 Hove
46,Statielei 16,2019-06-21,18:00:00,207,99,108,FMN GV 03 Hove
46,Statielei 16,2019-06-21,19:00:00,129,67,62,FMN GV 03 Hove
46,Statielei 16,2019-06-21,20:00:00,89,50,39,FMN GV 03 Hove
46,Statielei 16,2019-06-21,21:00:00,59,32,27,FMN GV 03 Hove
46,Statielei 16,2019-06-21,22:00:00,47,15,32,FMN GV 03 Hove
46,Statielei 16,2019-06-21,23:00:00,29,5,24,FMN GV 03 Hove
46,Statielei 16,2019-06-22,00:00:00,31,11,20,FMN GV 03 Hove
46,Statielei 16,2019-06-22,01:00:00,25,5,20,FMN GV 03 Hove
46,Statielei 16,2019-06-22,02:00:00,7,3,4,FMN GV 03 Hove
46,Statielei 16,2019-06-22,03:00:00,2,2,0,FMN GV 03 Hove
46,Statielei 16,2019-06-22,04:00:00,12,7,5,FMN GV 03 Hove
46,Statielei 16,2019-06-22,05:00:00,15,8,7,FMN GV 03 Hove
46,Statielei 16,2019-06-22,06:00:00,21,8,13,FMN GV 03 Hove
46,Statielei 16,2019-06-22,07:00:00,31,16,15,FMN GV 03 Hove
46,Statielei 16,2019-06-22,08:00:00,47,24,23,FMN GV 03 Hove
46,Statielei 16,2019-06-22,09:00:00,99,48,51,FMN GV 03 Hove
46,Statielei 16,2019-06-22,10:00:00,144,91,53,FMN GV 03 Hove
46,Statielei 16,2019-06-22,11:00:00,159,106,53,FMN GV 03 Hove
46,Statielei 16,2019-06-22,12:00:00,167,101,66,FMN GV 03 Hove
46,Statielei 16,2019-06-22,13:00:00,202,137,65,FMN GV 03 Hove
46,Statielei 16,2019-06-22,14:00:00,225,129,96,FMN GV 03 Hove
46,Statielei 16,2019-06-22,15:00:00,207,102,105,FMN GV 03 Hove
46,Statielei 16,2019-06-22,16:00:00,155,80,75,FMN GV 03 Hove
46,Statielei 16,2019-06-22,17:00:00,193,64,129,FMN GV 03 Hove
46,Statielei 16,2019-06-22,18:00:00,107,64,43,FMN GV 03 Hove
46,Statielei 16,2019-06-22,19:00:00,85,43,42,FMN GV 03 Hove
46,Statielei 16,2019-06-22,20:00:00,79,41,38,FMN GV 03 Hove
46,Statielei 16,2019-06-22,21:00:00,75,37,38,FMN GV 03 Hove
46,Statielei 16,2019-06-22,22:00:00,46,21,25,FMN GV 03 Hove
46,Statielei 16,2019-06-22,23:00:00,43,16,27,FMN GV 03 Hove
46,Statielei 16,2019-06-23,00:00:00,38,11,27,FMN GV 03 Hove
46,Statielei 16,2019-06-23,01:00:00,6,0,6,FMN GV 03 Hove
46,Statielei 16,2019-06-23,02:00:00,10,7,3,FMN GV 03 Hove
46,Statielei 16,2019-06-23,03:00:00,5,2,3,FMN GV 03 Hove
46,Statielei 16,2019-06-23,04:00:00,8,3,5,FMN GV 03 Hove
46,Statielei 16,2019-06-23,05:00:00,12,8,4,FMN GV 03 Hove
46,Statielei 16,2019-06-23,06:00:00,15,9,6,FMN GV 03 Hove
46,Statielei 16,2019-06-23,07:00:00,40,17,23,FMN GV 03 Hove
46,Statielei 16,2019-06-23,08:00:00,60,32,28,FMN GV 03 Hove
46,Statielei 16,2019-06-23,09:00:00,134,64,70,FMN GV 03 Hove
46,Statielei 16,2019-06-23,10:00:00,185,97,88,FMN GV 03 Hove
46,Statielei 16,2019-06-23,11:00:00,227,126,101,FMN GV 03 Hove
46,Statielei 16,2019-06-23,12:00:00,242,143,99,FMN GV 03 Hove
46,Statielei 16,2019-06-23,13:00:00,219,122,97,FMN GV 03 Hove
46,Statielei 16,2019-06-23,14:00:00,345,158,187,FMN GV 03 Hove
46,Statielei 16,2019-06-23,15:00:00,221,133,88,FMN GV 03 Hove
46,Statielei 16,2019-06-23,16:00:00,260,158,102,FMN GV 03 Hove
46,Statielei 16,2019-06-23,17:00:00,169,75,94,FMN GV 03 Hove
46,Statielei 16,2019-06-23,18:00:00,103,46,57,FMN GV 03 Hove
46,Statielei 16,2019-06-23,19:00:00,100,46,54,FMN GV 03 Hove
46,Statielei 16,2019-06-23,20:00:00,113,65,48,FMN GV 03 Hove
46,Statielei 16,2019-06-23,21:00:00,53,31,22,FMN GV 03 Hove
46,Statielei 16,2019-06-23,22:00:00,38,23,15,FMN GV 03 Hove
46,Statielei 16,2019-06-23,23:00:00,27,13,14,FMN GV 03 Hove
46,Statielei 16,2019-06-24,00:00:00,20,14,6,FMN GV 03 Hove
46,Statielei 16,2019-06-24,01:00:00,2,2,0,FMN GV 03 Hove
46,Statielei 16,2019-06-24,02:00:00,2,0,2,FMN GV 03 Hove
46,Statielei 16,2019-06-24,03:00:00,0,0,0,FMN GV 03 Hove
46,Statielei 16,2019-06-24,04:00:00,16,9,7,FMN GV 03 Hove
46,Statielei 16,2019-06-24,05:00:00,22,15,7,FMN GV 03 Hove
46,Statielei 16,2019-06-24,06:00:00,131,95,36,FMN GV 03 Hove
46,Statielei 16,2019-06-24,07:00:00,373,304,69,FMN GV 03 Hove
46,Statielei 16,2019-06-24,08:00:00,373,295,78,FMN GV 03 Hove
46,Statielei 16,2019-06-24,09:00:00,177,108,69,FMN GV 03 Hove
46,Statielei 16,2019-06-24,10:00:00,90,53,37,FMN GV 03 Hove
46,Statielei 16,2019-06-24,11:00:00,95,52,43,FMN GV 03 Hove
46,Statielei 16,2019-06-24,12:00:00,112,50,62,FMN GV 03 Hove
46,Statielei 16,2019-06-24,13:00:00,125,65,60,FMN GV 03 Hove
46,Statielei 16,2019-06-24,14:00:00,104,52,52,FMN GV 03 Hove
46,Statielei 16,2019-06-24,15:00:00,144,55,89,FMN GV 03 Hove
46,Statielei 16,2019-06-24,16:00:00,256,71,185,FMN GV 03 Hove
46,Statielei 16,2019-06-24,17:00:00,383,90,293,FMN GV 03 Hove
46,Statielei 16,2019-06-24,18:00:00,221,84,137,FMN GV 03 Hove
46,Statielei 16,2019-06-24,19:00:00,160,56,104,FMN GV 03 Hove
46,Statielei 16,2019-06-24,20:00:00,123,64,59,FMN GV 03 Hove
46,Statielei 16,2019-06-24,21:00:00,103,62,41,FMN GV 03 Hove
46,Statielei 16,2019-06-24,22:00:00,59,25,34,FMN GV 03 Hove
46,Statielei 16,2019-06-24,23:00:00,35,9,26,FMN GV 03 Hove
46,Statielei 16,2019-06-25,00:00:00,12,2,10,FMN GV 03 Hove
46,Statielei 16,2019-06-25,01:00:00,7,4,3,FMN GV 03 Hove
46,Statielei 16,2019-06-25,02:00:00,1,1,0,FMN GV 03 Hove
46,Statielei 16,2019-06-25,03:00:00,1,0,1,FMN GV 03 Hove
46,Statielei 16,2019-06-25,04:00:00,15,10,5,FMN GV 03 Hove
46,Statielei 16,2019-06-25,05:00:00,33,22,11,FMN GV 03 Hove
46,Statielei 16,2019-06-25,06:00:00,154,101,53,FMN GV 03 Hove
46,Statielei 16,2019-06-25,07:00:00,338,272,66,FMN GV 03 Hove
46,Statielei 16,2019-06-25,08:00:00,359,276,83,FMN GV 03 Hove
46,Statielei 16,2019-06-25,09:00:00,173,128,45,FMN GV 03 Hove
46,Statielei 16,2019-06-25,10:00:00,108,67,41,FMN GV 03 Hove
46,Statielei 16,2019-06-25,11:00:00,112,60,52,FMN GV 03 Hove
46,Statielei 16,2019-06-25,12:00:00,104,53,51,FMN GV 03 Hove
46,Statielei 16,2019-06-25,13:00:00,113,68,45,FMN GV 03 Hove
46,Statielei 16,2019-06-25,14:00:00,95,41,54,FMN GV 03 Hove
46,Statielei 16,2019-06-25,15:00:00,177,75,102,FMN GV 03 Hove
46,Statielei 16,2019-06-25,16:00:00,250,77,173,FMN GV 03 Hove
46,Statielei 16,2019-06-25,17:00:00,371,100,271,FMN GV 03 Hove
46,Statielei 16,2019-06-25,18:00:00,245,80,165,FMN GV 03 Hove
46,Statielei 16,2019-06-25,19:00:00,153,70,83,FMN GV 03 Hove
46,Statielei 16,2019-06-25,20:00:00,127,63,64,FMN GV 03 Hove
46,Statielei 16,2019-06-25,21:00:00,112,64,48,FMN GV 03 Hove
46,Statielei 16,2019-06-25,22:00:00,69,37,32,FMN GV 03 Hove
46,Statielei 16,2019-06-25,23:00:00,33,8,25,FMN GV 03 Hove
46,Statielei 16,2019-06-26,00:00:00,30,14,16,FMN GV 03 Hove
46,Statielei 16,2019-06-26,01:00:00,16,7,9,FMN GV 03 Hove
46,Statielei 16,2019-06-26,02:00:00,12,7,5,FMN GV 03 Hove
46,Statielei 16,2019-06-26,03:00:00,5,1,4,FMN GV 03 Hove
46,Statielei 16,2019-06-26,04:00:00,18,8,10,FMN GV 03 Hove
46,Statielei 16,2019-06-26,05:00:00,33,16,17,FMN GV 03 Hove
46,Statielei 16,2019-06-26,06:00:00,121,79,42,FMN GV 03 Hove
46,Statielei 16,2019-06-26,07:00:00,300,228,72,FMN GV 03 Hove
46,Statielei 16,2019-06-26,08:00:00,329,260,69,FMN GV 03 Hove
46,Statielei 16,2019-06-26,09:00:00,168,111,57,FMN GV 03 Hove
46,Statielei 16,2019-06-26,10:00:00,153,93,60,FMN GV 03 Hove
46,Statielei 16,2019-06-26,11:00:00,140,55,85,FMN GV 03 Hove
46,Statielei 16,2019-06-26,12:00:00,155,81,74,FMN GV 03 Hove
46,Statielei 16,2019-06-26,13:00:00,185,93,92,FMN GV 03 Hove
46,Statielei 16,2019-06-26,14:00:00,130,59,71,FMN GV 03 Hove
46,Statielei 16,2019-06-26,15:00:00,152,64,88,FMN GV 03 Hove
46,Statielei 16,2019-06-26,16:00:00,216,67,149,FMN GV 03 Hove
46,Statielei 16,2019-06-26,17:00:00,313,103,210,FMN GV 03 Hove
46,Statielei 16,2019-06-26,18:00:00,211,79,132,FMN GV 03 Hove
46,Statielei 16,2019-06-26,19:00:00,163,93,70,FMN GV 03 Hove
46,Statielei 16,2019-06-26,20:00:00,105,63,42,FMN GV 03 Hove
46,Statielei 16,2019-06-26,21:00:00,117,61,56,FMN GV 03 Hove
46,Statielei 16,2019-06-26,22:00:00,87,36,51,FMN GV 03 Hove
46,Statielei 16,2019-06-26,23:00:00,45,24,21,FMN GV 03 Hove
46,Statielei 16,2019-06-27,00:00:00,26,6,20,FMN GV 03 Hove
46,Statielei 16,2019-06-27,01:00:00,5,0,5,FMN GV 03 Hove
46,Statielei 16,2019-06-27,02:00:00,6,2,4,FMN GV 03 Hove
46,Statielei 16,2019-06-27,03:00:00,5,2,3,FMN GV 03 Hove
46,Statielei 16,2019-06-27,04:00:00,7,4,3,FMN GV 03 Hove
46,Statielei 16,2019-06-27,05:00:00,36,27,9,FMN GV 03 Hove
46,Statielei 16,2019-06-27,06:00:00,125,90,35,FMN GV 03 Hove
46,Statielei 16,2019-06-27,07:00:00,357,279,78,FMN GV 03 Hove
46,Statielei 16,2019-06-27,08:00:00,352,271,81,FMN GV 03 Hove
46,Statielei 16,2019-06-27,09:00:00,201,163,38,FMN GV 03 Hove
46,Statielei 16,2019-06-27,10:00:00,115,67,48,FMN GV 03 Hove
46,Statielei 16,2019-06-27,11:00:00,99,49,50,FMN GV 03 Hove
46,Statielei 16,2019-06-27,12:00:00,155,80,75,FMN GV 03 Hove
46,Statielei 16,2019-06-27,13:00:00,140,77,63,FMN GV 03 Hove
46,Statielei 16,2019-06-27,14:00:00,154,66,88,FMN GV 03 Hove
46,Statielei 16,2019-06-27,15:00:00,197,79,118,FMN GV 03 Hove
46,Statielei 16,2019-06-27,16:00:00,267,87,180,FMN GV 03 Hove
46,Statielei 16,2019-06-27,17:00:00,361,103,258,FMN GV 03 Hove
46,Statielei 16,2019-06-27,18:00:00,245,91,154,FMN GV 03 Hove
46,Statielei 16,2019-06-27,19:00:00,176,83,93,FMN GV 03 Hove
46,Statielei 16,2019-06-27,20:00:00,110,63,47,FMN GV 03 Hove
46,Statielei 16,2019-06-27,21:00:00,96,50,46,FMN GV 03 Hove
46,Statielei 16,2019-06-27,22:00:00,80,40,40,FMN GV 03 Hove
46,Statielei 16,2019-06-27,23:00:00,37,19,18,FMN GV 03 Hove
46,Statielei 16,2019-06-28,00:00:00,26,3,23,FMN GV 03 Hove
46,Statielei 16,2019-06-28,01:00:00,9,3,6,FMN GV 03 Hove
46,Statielei 16,2019-06-28,02:00:00,6,3,3,FMN GV 03 Hove
46,Statielei 16,2019-06-28,03:00:00,3,1,2,FMN GV 03 Hove
46,Statielei 16,2019-06-28,04:00:00,10,5,5,FMN GV 03 Hove
46,Statielei 16,2019-06-28,05:00:00,26,16,10,FMN GV 03 Hove
46,Statielei 16,2019-06-28,06:00:00,94,72,22,FMN GV 03 Hove
46,Statielei 16,2019-06-28,07:00:00,250,186,64,FMN GV 03 Hove
46,Statielei 16,2019-06-28,08:00:00,269,203,66,FMN GV 03 Hove
46,Statielei 16,2019-06-28,09:00:00,117,83,34,FMN GV 03 Hove
46,Statielei 16,2019-06-28,10:00:00,110,73,37,FMN GV 03 Hove
46,Statielei 16,2019-06-28,11:00:00,118,61,57,FMN GV 03 Hove
46,Statielei 16,2019-06-28,12:00:00,119,59,60,FMN GV 03 Hove
46,Statielei 16,2019-06-28,13:00:00,121,58,63,FMN GV 03 Hove
46,Statielei 16,2019-06-28,14:00:00,135,69,66,FMN GV 03 Hove
46,Statielei 16,2019-06-28,15:00:00,165,69,96,FMN GV 03 Hove
46,Statielei 16,2019-06-28,16:00:00,250,85,165,FMN GV 03 Hove
46,Statielei 16,2019-06-28,17:00:00,282,93,189,FMN GV 03 Hove
46,Statielei 16,2019-06-28,18:00:00,193,93,100,FMN GV 03 Hove
46,Statielei 16,2019-06-28,19:00:00,120,56,64,FMN GV 03 Hove
46,Statielei 16,2019-06-28,20:00:00,84,44,40,FMN GV 03 Hove
46,Statielei 16,2019-06-28,21:00:00,59,25,34,FMN GV 03 Hove
46,Statielei 16,2019-06-28,22:00:00,81,29,52,FMN GV 03 Hove
46,Statielei 16,2019-06-28,23:00:00,52,21,31,FMN GV 03 Hove
46,Statielei 16,2019-06-29,00:00:00,35,11,24,FMN GV 03 Hove
46,Statielei 16,2019-06-29,01:00:00,35,24,11,FMN GV 03 Hove
46,Statielei 16,2019-06-29,02:00:00,31,19,12,FMN GV 03 Hove
46,Statielei 16,2019-06-29,03:00:00,7,5,2,FMN GV 03 Hove
46,Statielei 16,2019-06-29,04:00:00,9,8,1,FMN GV 03 Hove
46,Statielei 16,2019-06-29,05:00:00,11,9,2,FMN GV 03 Hove
46,Statielei 16,2019-06-29,06:00:00,14,9,5,FMN GV 03 Hove
46,Statielei 16,2019-06-29,07:00:00,27,12,15,FMN GV 03 Hove
46,Statielei 16,2019-06-29,08:00:00,48,21,27,FMN GV 03 Hove
46,Statielei 16,2019-06-29,09:00:00,102,61,41,FMN GV 03 Hove
46,Statielei 16,2019-06-29,10:00:00,118,60,58,FMN GV 03 Hove
46,Statielei 16,2019-06-29,11:00:00,153,73,80,FMN GV 03 Hove
46,Statielei 16,2019-06-29,12:00:00,133,72,61,FMN GV 03 Hove
46,Statielei 16,2019-06-29,13:00:00,111,63,48,FMN GV 03 Hove
46,Statielei 16,2019-06-29,14:00:00,130,62,68,FMN GV 03 Hove
46,Statielei 16,2019-06-29,15:00:00,108,50,58,FMN GV 03 Hove
46,Statielei 16,2019-06-29,16:00:00,118,73,45,FMN GV 03 Hove
46,Statielei 16,2019-06-29,17:00:00,119,51,68,FMN GV 03 Hove
46,Statielei 16,2019-06-29,18:00:00,105,42,63,FMN GV 03 Hove
46,Statielei 16,2019-06-29,19:00:00,62,37,25,FMN GV 03 Hove
46,Statielei 16,2019-06-29,20:00:00,68,48,20,FMN GV 03 Hove
46,Statielei 16,2019-06-29,21:00:00,54,39,15,FMN GV 03 Hove
46,Statielei 16,2019-06-29,22:00:00,47,31,16,FMN GV 03 Hove
46,Statielei 16,2019-06-29,23:00:00,47,17,30,FMN GV 03 Hove
46,Statielei 16,2019-06-30,00:00:00,18,7,11,FMN GV 03 Hove
46,Statielei 16,2019-06-30,01:00:00,26,13,13,FMN GV 03 Hove
46,Statielei 16,2019-06-30,02:00:00,12,4,8,FMN GV 03 Hove
46,Statielei 16,2019-06-30,03:00:00,5,2,3,FMN GV 03 Hove
46,Statielei 16,2019-06-30,04:00:00,5,2,3,FMN GV 03 Hove
46,Statielei 16,2019-06-30,05:00:00,6,4,2,FMN GV 03 Hove
46,Statielei 16,2019-06-30,06:00:00,11,4,7,FMN GV 03 Hove
46,Statielei 16,2019-06-30,07:00:00,30,12,18,FMN GV 03 Hove
46,Statielei 16,2019-06-30,08:00:00,65,28,37,FMN GV 03 Hove
46,Statielei 16,2019-06-30,09:00:00,118,50,68,FMN GV 03 Hove
46,Statielei 16,2019-06-30,10:00:00,166,106,60,FMN GV 03 Hove
46,Statielei 16,2019-06-30,11:00:00,196,112,84,FMN GV 03 Hove
46,Statielei 16,2019-06-30,12:00:00,210,132,78,FMN GV 03 Hove
46,Statielei 16,2019-06-30,13:00:00,164,89,75,FMN GV 03 Hove
46,Statielei 16,2019-06-30,14:00:00,185,93,92,FMN GV 03 Hove
46,Statielei 16,2019-06-30,15:00:00,159,89,70,FMN GV 03 Hove
46,Statielei 16,2019-06-30,16:00:00,143,79,64,FMN GV 03 Hove
46,Statielei 16,2019-06-30,17:00:00,132,71,61,FMN GV 03 Hove
46,Statielei 16,2019-06-30,18:00:00,122,64,58,FMN GV 03 Hove
46,Statielei 16,2019-06-30,19:00:00,86,50,36,FMN GV 03 Hove
46,Statielei 16,2019-06-30,20:00:00,87,51,36,FMN GV 03 Hove
46,Statielei 16,2019-06-30,21:00:00,46,28,18,FMN GV 03 Hove
46,Statielei 16,2019-06-30,22:00:00,52,24,28,FMN GV 03 Hove
46,Statielei 16,2019-06-30,23:00:00,9,4,5,FMN GV 03 Hove
46,Statielei 16,2019-07-01,00:00:00,9,2,7,FMN GV 03 Hove
46,Statielei 16,2019-07-01,01:00:00,5,3,2,FMN GV 03 Hove
46,Statielei 16,2019-07-01,02:00:00,3,3,0,FMN GV 03 Hove
46,Statielei 16,2019-07-01,03:00:00,5,3,2,FMN GV 03 Hove
46,Statielei 16,2019-07-01,04:00:00,13,9,4,FMN GV 03 Hove
46,Statielei 16,2019-07-01,05:00:00,33,19,14,FMN GV 03 Hove
46,Statielei 16,2019-07-01,06:00:00,117,93,24,FMN GV 03 Hove
46,Statielei 16,2019-07-01,07:00:00,284,218,66,FMN GV 03 Hove
46,Statielei 16,2019-07-01,08:00:00,294,230,64,FMN GV 03 Hove
46,Statielei 16,2019-07-01,09:00:00,118,83,35,FMN GV 03 Hove
46,Statielei 16,2019-07-01,10:00:00,83,50,33,FMN GV 03 Hove
46,Statielei 16,2019-07-01,11:00:00,63,34,29,FMN GV 03 Hove
46,Statielei 16,2019-07-01,12:00:00,97,61,36,FMN GV 03 Hove
46,Statielei 16,2019-07-01,13:00:00,117,62,55,FMN GV 03 Hove
46,Statielei 16,2019-07-01,14:00:00,112,46,66,FMN GV 03 Hove
46,Statielei 16,2019-07-01,15:00:00,108,45,63,FMN GV 03 Hove
46,Statielei 16,2019-07-01,16:00:00,241,80,161,FMN GV 03 Hove
46,Statielei 16,2019-07-01,17:00:00,320,98,222,FMN GV 03 Hove
46,Statielei 16,2019-07-01,18:00:00,225,74,151,FMN GV 03 Hove
46,Statielei 16,2019-07-01,19:00:00,141,61,80,FMN GV 03 Hove
46,Statielei 16,2019-07-01,20:00:00,85,48,37,FMN GV 03 Hove
46,Statielei 16,2019-07-01,21:00:00,64,43,21,FMN GV 03 Hove
46,Statielei 16,2019-07-01,22:00:00,46,12,34,FMN GV 03 Hove
46,Statielei 16,2019-07-01,23:00:00,13,5,8,FMN GV 03 Hove
46,Statielei 16,2019-07-02,00:00:00,6,2,4,FMN GV 03 Hove
46,Statielei 16,2019-07-02,01:00:00,6,3,3,FMN GV 03 Hove
46,Statielei 16,2019-07-02,02:00:00,1,1,0,FMN GV 03 Hove
46,Statielei 16,2019-07-02,03:00:00,2,0,2,FMN GV 03 Hove
46,Statielei 16,2019-07-02,04:00:00,14,10,4,FMN GV 03 Hove
46,Statielei 16,2019-07-02,05:00:00,29,19,10,FMN GV 03 Hove
46,Statielei 16,2019-07-02,06:00:00,139,100,39,FMN GV 03 Hove
46,Statielei 16,2019-07-02,07:00:00,316,240,76,FMN GV 03 Hove
46,Statielei 16,2019-07-02,08:00:00,319,244,75,FMN GV 03 Hove
46,Statielei 16,2019-07-02,09:00:00,125,92,33,FMN GV 03 Hove
46,Statielei 16,2019-07-02,10:00:00,70,46,24,FMN GV 03 Hove
46,Statielei 16,2019-07-02,11:00:00,80,49,31,FMN GV 03 Hove
46,Statielei 16,2019-07-02,12:00:00,124,77,47,FMN GV 03 Hove
46,Statielei 16,2019-07-02,13:00:00,114,55,59,FMN GV 03 Hove
46,Statielei 16,2019-07-02,14:00:00,112,49,63,FMN GV 03 Hove
46,Statielei 16,2019-07-02,15:00:00,148,57,91,FMN GV 03 Hove
46,Statielei 16,2019-07-02,16:00:00,249,75,174,FMN GV 03 Hove
46,Statielei 16,2019-07-02,17:00:00,353,105,248,FMN GV 03 Hove
46,Statielei 16,2019-07-02,18:00:00,236,77,159,FMN GV 03 Hove
46,Statielei 16,2019-07-02,19:00:00,138,75,63,FMN GV 03 Hove
46,Statielei 16,2019-07-02,20:00:00,100,56,44,FMN GV 03 Hove
46,Statielei 16,2019-07-02,21:00:00,68,46,22,FMN GV 03 Hove
46,Statielei 16,2019-07-02,22:00:00,63,21,42,FMN GV 03 Hove
46,Statielei 16,2019-07-02,23:00:00,18,7,11,FMN GV 03 Hove
46,Statielei 16,2019-07-03,00:00:00,7,1,6,FMN GV 03 Hove
46,Statielei 16,2019-07-03,01:00:00,4,1,3,FMN GV 03 Hove
46,Statielei 16,2019-07-03,02:00:00,3,2,1,FMN GV 03 Hove
46,Statielei 16,2019-07-03,03:00:00,2,0,2,FMN GV 03 Hove
46,Statielei 16,2019-07-03,04:00:00,13,9,4,FMN GV 03 Hove
46,Statielei 16,2019-07-03,05:00:00,26,17,9,FMN GV 03 Hove
46,Statielei 16,2019-07-03,06:00:00,105,82,23,FMN GV 03 Hove
46,Statielei 16,2019-07-03,07:00:00,269,187,82,FMN GV 03 Hove
46,Statielei 16,2019-07-03,08:00:00,279,221,58,FMN GV 03 Hove
46,Statielei 16,2019-07-03,09:00:00,157,122,35,FMN GV 03 Hove
46,Statielei 16,2019-07-03,10:00:00,143,93,50,FMN GV 03 Hove
46,Statielei 16,2019-07-03,11:00:00,131,67,64,FMN GV 03 Hove
46,Statielei 16,2019-07-03,12:00:00,150,63,87,FMN GV 03 Hove
46,Statielei 16,2019-07-03,13:00:00,106,52,54,FMN GV 03 Hove
46,Statielei 16,2019-07-03,14:00:00,139,70,69,FMN GV 03 Hove
46,Statielei 16,2019-07-03,15:00:00,128,58,70,FMN GV 03 Hove
46,Statielei 16,2019-07-03,16:00:00,231,81,150,FMN GV 03 Hove
46,Statielei 16,2019-07-03,17:00:00,287,96,191,FMN GV 03 Hove
46,Statielei 16,2019-07-03,18:00:00,235,96,139,FMN GV 03 Hove
46,Statielei 16,2019-07-03,19:00:00,113,52,61,FMN GV 03 Hove
46,Statielei 16,2019-07-03,20:00:00,92,61,31,FMN GV 03 Hove
46,Statielei 16,2019-07-03,21:00:00,91,65,26,FMN GV 03 Hove
46,Statielei 16,2019-07-03,22:00:00,57,27,30,FMN GV 03 Hove
46,Statielei 16,2019-07-03,23:00:00,32,14,18,FMN GV 03 Hove
46,Statielei 16,2019-07-04,00:00:00,17,5,12,FMN GV 03 Hove
46,Statielei 16,2019-07-04,01:00:00,5,2,3,FMN GV 03 Hove
46,Statielei 16,2019-07-04,02:00:00,3,2,1,FMN GV 03 Hove
46,Statielei 16,2019-07-04,03:00:00,3,0,3,FMN GV 03 Hove
46,Statielei 16,2019-07-04,04:00:00,11,6,5,FMN GV 03 Hove
46,Statielei 16,2019-07-04,05:00:00,22,14,8,FMN GV 03 Hove
46,Statielei 16,2019-07-04,06:00:00,97,73,24,FMN GV 03 Hove
46,Statielei 16,2019-07-04,07:00:00,248,180,68,FMN GV 03 Hove
46,Statielei 16,2019-07-04,08:00:00,279,221,58,FMN GV 03 Hove
46,Statielei 16,2019-07-04,09:00:00,108,82,26,FMN GV 03 Hove
46,Statielei 16,2019-07-04,10:00:00,99,62,37,FMN GV 03 Hove
46,Statielei 16,2019-07-04,11:00:00,65,30,35,FMN GV 03 Hove
46,Statielei 16,2019-07-04,12:00:00,92,53,39,FMN GV 03 Hove
46,Statielei 16,2019-07-04,13:00:00,135,74,61,FMN GV 03 Hove
46,Statielei 16,2019-07-04,14:00:00,117,47,70,FMN GV 03 Hove
46,Statielei 16,2019-07-04,15:00:00,142,72,70,FMN GV 03 Hove
46,Statielei 16,2019-07-04,16:00:00,252,104,148,FMN GV 03 Hove
46,Statielei 16,2019-07-04,17:00:00,303,106,197,FMN GV 03 Hove
46,Statielei 16,2019-07-04,18:00:00,225,76,149,FMN GV 03 Hove
46,Statielei 16,2019-07-04,19:00:00,136,61,75,FMN GV 03 Hove
46,Statielei 16,2019-07-04,20:00:00,106,59,47,FMN GV 03 Hove
46,Statielei 16,2019-07-04,21:00:00,61,32,29,FMN GV 03 Hove
46,Statielei 16,2019-07-04,22:00:00,51,17,34,FMN GV 03 Hove
46,Statielei 16,2019-07-04,23:00:00,20,5,15,FMN GV 03 Hove
46,Statielei 16,2019-07-05,00:00:00,17,10,7,FMN GV 03 Hove
46,Statielei 16,2019-07-05,01:00:00,7,3,4,FMN GV 03 Hove
46,Statielei 16,2019-07-05,02:00:00,6,6,0,FMN GV 03 Hove
46,Statielei 16,2019-07-05,03:00:00,2,1,1,FMN GV 03 Hove
46,Statielei 16,2019-07-05,04:00:00,15,11,4,FMN GV 03 Hove
46,Statielei 16,2019-07-05,05:00:00,29,18,11,FMN GV 03 Hove
46,Statielei 16,2019-07-05,06:00:00,82,62,20,FMN GV 03 Hove
46,Statielei 16,2019-07-05,07:00:00,215,161,54,FMN GV 03 Hove
46,Statielei 16,2019-07-05,08:00:00,235,181,54,FMN GV 03 Hove
46,Statielei 16,2019-07-05,09:00:00,130,75,55,FMN GV 03 Hove
46,Statielei 16,2019-07-05,10:00:00,92,65,27,FMN GV 03 Hove
46,Statielei 16,2019-07-05,11:00:00,96,58,38,FMN GV 03 Hove
46,Statielei 16,2019-07-05,12:00:00,101,56,45,FMN GV 03 Hove
46,Statielei 16,2019-07-05,13:00:00,127,62,65,FMN GV 03 Hove
46,Statielei 16,2019-07-05,14:00:00,148,67,81,FMN GV 03 Hove
46,Statielei 16,2019-07-05,15:00:00,162,67,95,FMN GV 03 Hove
46,Statielei 16,2019-07-05,16:00:00,238,100,138,FMN GV 03 Hove
46,Statielei 16,2019-07-05,17:00:00,246,84,162,FMN GV 03 Hove
46,Statielei 16,2019-07-05,18:00:00,184,75,109,FMN GV 03 Hove
46,Statielei 16,2019-07-05,19:00:00,103,57,46,FMN GV 03 Hove
46,Statielei 16,2019-07-05,20:00:00,71,41,30,FMN GV 03 Hove
46,Statielei 16,2019-07-05,21:00:00,60,37,23,FMN GV 03 Hove
46,Statielei 16,2019-07-05,22:00:00,42,21,21,FMN GV 03 Hove
46,Statielei 16,2019-07-05,23:00:00,26,8,18,FMN GV 03 Hove
46,Statielei 16,2019-07-06,00:00:00,20,8,12,FMN GV 03 Hove
46,Statielei 16,2019-07-06,01:00:00,10,3,7,FMN GV 03 Hove
46,Statielei 16,2019-07-06,02:00:00,11,4,7,FMN GV 03 Hove
46,Statielei 16,2019-07-06,03:00:00,7,1,6,FMN GV 03 Hove
46,Statielei 16,2019-07-06,04:00:00,5,2,3,FMN GV 03 Hove
46,Statielei 16,2019-07-06,05:00:00,7,6,1,FMN GV 03 Hove
46,Statielei 16,2019-07-06,06:00:00,14,8,6,FMN GV 03 Hove
46,Statielei 16,2019-07-06,07:00:00,19,11,8,FMN GV 03 Hove
46,Statielei 16,2019-07-06,08:00:00,40,25,15,FMN GV 03 Hove
46,Statielei 16,2019-07-06,09:00:00,90,49,41,FMN GV 03 Hove
46,Statielei 16,2019-07-06,10:00:00,106,49,57,FMN GV 03 Hove
46,Statielei 16,2019-07-06,11:00:00,136,65,71,FMN GV 03 Hove
46,Statielei 16,2019-07-06,12:00:00,132,76,56,FMN GV 03 Hove
46,Statielei 16,2019-07-06,13:00:00,127,74,53,FMN GV 03 Hove
46,Statielei 16,2019-07-06,14:00:00,170,102,68,FMN GV 03 Hove
46,Statielei 16,2019-07-06,15:00:00,127,75,52,FMN GV 03 Hove
46,Statielei 16,2019-07-06,16:00:00,117,67,50,FMN GV 03 Hove
46,Statielei 16,2019-07-06,17:00:00,96,41,55,FMN GV 03 Hove
46,Statielei 16,2019-07-06,18:00:00,88,50,38,FMN GV 03 Hove
46,Statielei 16,2019-07-06,19:00:00,72,41,31,FMN GV 03 Hove
46,Statielei 16,2019-07-06,20:00:00,39,18,21,FMN GV 03 Hove
46,Statielei 16,2019-07-06,21:00:00,26,13,13,FMN GV 03 Hove
46,Statielei 16,2019-07-06,22:00:00,34,10,24,FMN GV 03 Hove
46,Statielei 16,2019-07-06,23:00:00,22,4,18,FMN GV 03 Hove
46,Statielei 16,2019-07-07,00:00:00,7,5,2,FMN GV 03 Hove
46,Statielei 16,2019-07-07,01:00:00,12,7,5,FMN GV 03 Hove
46,Statielei 16,2019-07-07,02:00:00,6,2,4,FMN GV 03 Hove
46,Statielei 16,2019-07-07,03:00:00,4,1,3,FMN GV 03 Hove
46,Statielei 16,2019-07-07,04:00:00,5,2,3,FMN GV 03 Hove
46,Statielei 16,2019-07-07,05:00:00,10,7,3,FMN GV 03 Hove
46,Statielei 16,2019-07-07,06:00:00,12,7,5,FMN GV 03 Hove
46,Statielei 16,2019-07-07,07:00:00,16,6,10,FMN GV 03 Hove
46,Statielei 16,2019-07-07,08:00:00,41,13,28,FMN GV 03 Hove
46,Statielei 16,2019-07-07,09:00:00,79,41,38,FMN GV 03 Hove
46,Statielei 16,2019-07-07,10:00:00,126,76,50,FMN GV 03 Hove
46,Statielei 16,2019-07-07,11:00:00,168,103,65,FMN GV 03 Hove
46,Statielei 16,2019-07-07,12:00:00,171,115,56,FMN GV 03 Hove
46,Statielei 16,2019-07-07,13:00:00,179,106,73,FMN GV 03 Hove
46,Statielei 16,2019-07-07,14:00:00,177,112,65,FMN GV 03 Hove
46,Statielei 16,2019-07-07,15:00:00,161,90,71,FMN GV 03 Hove
46,Statielei 16,2019-07-07,16:00:00,123,53,70,FMN GV 03 Hove
46,Statielei 16,2019-07-07,17:00:00,120,56,64,FMN GV 03 Hove
46,Statielei 16,2019-07-07,18:00:00,159,93,66,FMN GV 03 Hove
46,Statielei 16,2019-07-07,19:00:00,80,58,22,FMN GV 03 Hove
46,Statielei 16,2019-07-07,20:00:00,55,27,28,FMN GV 03 Hove
46,Statielei 16,2019-07-07,21:00:00,59,30,29,FMN GV 03 Hove
46,Statielei 16,2019-07-07,22:00:00,33,16,17,FMN GV 03 Hove
46,Statielei 16,2019-07-07,23:00:00,16,9,7,FMN GV 03 Hove
46,Statielei 16,2019-07-08,00:00:00,6,2,4,FMN GV 03 Hove
46,Statielei 16,2019-07-08,01:00:00,3,1,2,FMN GV 03 Hove
46,Statielei 16,2019-07-08,02:00:00,1,0,1,FMN GV 03 Hove
46,Statielei 16,2019-07-08,03:00:00,1,0,1,FMN GV 03 Hove
46,Statielei 16,2019-07-08,04:00:00,14,10,4,FMN GV 03 Hove
46,Statielei 16,2019-07-08,05:00:00,23,14,9,FMN GV 03 Hove
46,Statielei 16,2019-07-08,06:00:00,102,79,23,FMN GV 03 Hove
46,Statielei 16,2019-07-08,07:00:00,215,168,47,FMN GV 03 Hove
46,Statielei 16,2019-07-08,08:00:00,196,155,41,FMN GV 03 Hove
46,Statielei 16,2019-07-08,09:00:00,75,49,26,FMN GV 03 Hove
46,Statielei 16,2019-07-08,10:00:00,55,30,25,FMN GV 03 Hove
46,Statielei 16,2019-07-08,11:00:00,64,45,19,FMN GV 03 Hove
46,Statielei 16,2019-07-08,12:00:00,67,40,27,FMN GV 03 Hove
46,Statielei 16,2019-07-08,13:00:00,63,36,27,FMN GV 03 Hove
46,Statielei 16,2019-07-08,14:00:00,98,40,58,FMN GV 03 Hove
46,Statielei 16,2019-07-08,15:00:00,93,43,50,FMN GV 03 Hove
46,Statielei 16,2019-07-08,16:00:00,200,69,131,FMN GV 03 Hove
46,Statielei 16,2019-07-08,17:00:00,255,80,175,FMN GV 03 Hove
46,Statielei 16,2019-07-08,18:00:00,180,61,119,FMN GV 03 Hove
46,Statielei 16,2019-07-08,19:00:00,66,28,38,FMN GV 03 Hove
46,Statielei 16,2019-07-08,20:00:00,45,21,24,FMN GV 03 Hove
46,Statielei 16,2019-07-08,21:00:00,44,27,17,FMN GV 03 Hove
46,Statielei 16,2019-07-08,22:00:00,24,9,15,FMN GV 03 Hove
46,Statielei 16,2019-07-08,23:00:00,18,10,8,FMN GV 03 Hove
46,Statielei 16,2019-07-09,00:00:00,9,4,5,FMN GV 03 Hove
46,Statielei 16,2019-07-09,01:00:00,1,0,1,FMN GV 03 Hove
46,Statielei 16,2019-07-09,02:00:00,5,3,2,FMN GV 03 Hove
46,Statielei 16,2019-07-09,03:00:00,5,1,4,FMN GV 03 Hove
46,Statielei 16,2019-07-09,04:00:00,10,6,4,FMN GV 03 Hove
46,Statielei 16,2019-07-09,05:00:00,29,17,12,FMN GV 03 Hove
46,Statielei 16,2019-07-09,06:00:00,105,72,33,FMN GV 03 Hove
46,Statielei 16,2019-07-09,07:00:00,273,206,67,FMN GV 03 Hove
46,Statielei 16,2019-07-09,08:00:00,252,194,58,FMN GV 03 Hove
46,Statielei 16,2019-07-09,09:00:00,98,75,23,FMN GV 03 Hove
46,Statielei 16,2019-07-09,10:00:00,91,53,38,FMN GV 03 Hove
46,Statielei 16,2019-07-09,11:00:00,79,48,31,FMN GV 03 Hove
46,Statielei 16,2019-07-09,12:00:00,91,47,44,FMN GV 03 Hove
46,Statielei 16,2019-07-09,13:00:00,103,57,46,FMN GV 03 Hove
46,Statielei 16,2019-07-09,14:00:00,114,65,49,FMN GV 03 Hove
46,Statielei 16,2019-07-09,15:00:00,113,64,49,FMN GV 03 Hove
46,Statielei 16,2019-07-09,16:00:00,221,78,143,FMN GV 03 Hove
46,Statielei 16,2019-07-09,17:00:00,311,88,223,FMN GV 03 Hove
46,Statielei 16,2019-07-09,18:00:00,206,79,127,FMN GV 03 Hove
46,Statielei 16,2019-07-09,19:00:00,106,61,45,FMN GV 03 Hove
46,Statielei 16,2019-07-09,20:00:00,97,53,44,FMN GV 03 Hove
46,Statielei 16,2019-07-09,21:00:00,51,29,22,FMN GV 03 Hove
46,Statielei 16,2019-07-09,22:00:00,29,16,13,FMN GV 03 Hove
46,Statielei 16,2019-07-09,23:00:00,17,4,13,FMN GV 03 Hove
46,Statielei 16,2019-07-10,00:00:00,14,3,11,FMN GV 03 Hove
46,Statielei 16,2019-07-10,01:00:00,5,4,1,FMN GV 03 Hove
46,Statielei 16,2019-07-10,02:00:00,2,2,0,FMN GV 03 Hove
46,Statielei 16,2019-07-10,03:00:00,2,0,2,FMN GV 03 Hove
46,Statielei 16,2019-07-10,04:00:00,11,9,2,FMN GV 03 Hove
46,Statielei 16,2019-07-10,05:00:00,24,13,11,FMN GV 03 Hove
46,Statielei 16,2019-07-10,06:00:00,77,64,13,FMN GV 03 Hove
46,Statielei 16,2019-07-10,07:00:00,195,146,49,FMN GV 03 Hove
46,Statielei 16,2019-07-10,08:00:00,230,170,60,FMN GV 03 Hove
46,Statielei 16,2019-07-10,09:00:00,136,114,22,FMN GV 03 Hove
46,Statielei 16,2019-07-10,10:00:00,133,88,45,FMN GV 03 Hove
46,Statielei 16,2019-07-10,11:00:00,130,67,63,FMN GV 03 Hove
46,Statielei 16,2019-07-10,12:00:00,97,43,54,FMN GV 03 Hove
46,Statielei 16,2019-07-10,13:00:00,121,56,65,FMN GV 03 Hove
46,Statielei 16,2019-07-10,14:00:00,106,59,47,FMN GV 03 Hove
46,Statielei 16,2019-07-10,15:00:00,82,44,38,FMN GV 03 Hove
46,Statielei 16,2019-07-10,16:00:00,172,54,118,FMN GV 03 Hove
46,Statielei 16,2019-07-10,17:00:00,234,88,146,FMN GV 03 Hove
46,Statielei 16,2019-07-10,18:00:00,160,52,108,FMN GV 03 Hove
46,Statielei 16,2019-07-10,19:00:00,79,45,34,FMN GV 03 Hove
46,Statielei 16,2019-07-10,20:00:00,61,36,25,FMN GV 03 Hove
46,Statielei 16,2019-07-10,21:00:00,42,19,23,FMN GV 03 Hove
46,Statielei 16,2019-07-10,22:00:00,30,14,16,FMN GV 03 Hove
46,Statielei 16,2019-07-10,23:00:00,26,16,10,FMN GV 03 Hove
46,Statielei 16,2019-07-11,00:00:00,7,3,4,FMN GV 03 Hove
46,Statielei 16,2019-07-11,01:00:00,5,1,4,FMN GV 03 Hove
46,Statielei 16,2019-07-11,02:00:00,2,2,0,FMN GV 03 Hove
46,Statielei 16,2019-07-11,03:00:00,3,0,3,FMN GV 03 Hove
46,Statielei 16,2019-07-11,04:00:00,8,6,2,FMN GV 03 Hove
46,Statielei 16,2019-07-11,05:00:00,20,13,7,FMN GV 03 Hove
46,Statielei 16,2019-07-11,06:00:00,77,56,21,FMN GV 03 Hove
46,Statielei 16,2019-07-11,07:00:00,148,108,40,FMN GV 03 Hove
46,Statielei 16,2019-07-11,08:00:00,139,104,35,FMN GV 03 Hove
46,Statielei 16,2019-07-11,09:00:00,77,54,23,FMN GV 03 Hove
46,Statielei 16,2019-07-11,10:00:00,71,50,21,FMN GV 03 Hove
46,Statielei 16,2019-07-11,11:00:00,75,42,33,FMN GV 03 Hove
46,Statielei 16,2019-07-11,12:00:00,94,53,41,FMN GV 03 Hove
46,Statielei 16,2019-07-11,13:00:00,79,40,39,FMN GV 03 Hove
46,Statielei 16,2019-07-11,14:00:00,119,69,50,FMN GV 03 Hove
46,Statielei 16,2019-07-11,15:00:00,98,53,45,FMN GV 03 Hove
46,Statielei 16,2019-07-11,16:00:00,166,64,102,FMN GV 03 Hove
46,Statielei 16,2019-07-11,17:00:00,198,83,115,FMN GV 03 Hove
46,Statielei 16,2019-07-11,18:00:00,174,58,116,FMN GV 03 Hove
46,Statielei 16,2019-07-11,19:00:00,106,53,53,FMN GV 03 Hove
46,Statielei 16,2019-07-11,20:00:00,96,65,31,FMN GV 03 Hove
46,Statielei 16,2019-07-11,21:00:00,47,30,17,FMN GV 03 Hove
46,Statielei 16,2019-07-11,22:00:00,30,17,13,FMN GV 03 Hove
46,Statielei 16,2019-07-11,23:00:00,30,5,25,FMN GV 03 Hove
46,Statielei 16,2019-07-12,00:00:00,8,4,4,FMN GV 03 Hove
46,Statielei 16,2019-07-12,01:00:00,4,3,1,FMN GV 03 Hove
46,Statielei 16,2019-07-12,02:00:00,4,3,1,FMN GV 03 Hove
46,Statielei 16,2019-07-12,03:00:00,4,1,3,FMN GV 03 Hove
46,Statielei 16,2019-07-12,04:00:00,10,7,3,FMN GV 03 Hove
46,Statielei 16,2019-07-12,05:00:00,17,12,5,FMN GV 03 Hove
46,Statielei 16,2019-07-12,06:00:00,62,47,15,FMN GV 03 Hove
46,Statielei 16,2019-07-12,07:00:00,131,94,37,FMN GV 03 Hove
46,Statielei 16,2019-07-12,08:00:00,131,100,31,FMN GV 03 Hove
46,Statielei 16,2019-07-12,09:00:00,60,39,21,FMN GV 03 Hove
46,Statielei 16,2019-07-12,10:00:00,45,23,22,FMN GV 03 Hove
46,Statielei 16,2019-07-12,11:00:00,67,40,27,FMN GV 03 Hove
46,Statielei 16,2019-07-12,12:00:00,34,23,11,FMN GV 03 Hove
46,Statielei 16,2019-07-12,13:00:00,46,18,28,FMN GV 03 Hove
46,Statielei 16,2019-07-12,14:00:00,41,20,21,FMN GV 03 Hove
46,Statielei 16,2019-07-12,15:00:00,61,29,32,FMN GV 03 Hove
46,Statielei 16,2019-07-12,16:00:00,125,42,83,FMN GV 03 Hove
46,Statielei 16,2019-07-12,17:00:00,134,53,81,FMN GV 03 Hove
46,Statielei 16,2019-07-12,18:00:00,115,50,65,FMN GV 03 Hove
46,Statielei 16,2019-07-12,19:00:00,45,18,27,FMN GV 03 Hove
46,Statielei 16,2019-07-12,20:00:00,52,30,22,FMN GV 03 Hove
46,Statielei 16,2019-07-12,21:00:00,39,19,20,FMN GV 03 Hove
46,Statielei 16,2019-07-12,22:00:00,25,8,17,FMN GV 03 Hove
46,Statielei 16,2019-07-12,23:00:00,19,6,13,FMN GV 03 Hove
46,Statielei 16,2019-07-13,00:00:00,17,3,14,FMN GV 03 Hove
46,Statielei 16,2019-07-13,01:00:00,13,6,7,FMN GV 03 Hove
46,Statielei 16,2019-07-13,02:00:00,7,5,2,FMN GV 03 Hove
46,Statielei 16,2019-07-13,03:00:00,3,3,0,FMN GV 03 Hove
46,Statielei 16,2019-07-13,04:00:00,8,4,4,FMN GV 03 Hove
46,Statielei 16,2019-07-13,05:00:00,10,8,2,FMN GV 03 Hove
46,Statielei 16,2019-07-13,06:00:00,11,8,3,FMN GV 03 Hove
46,Statielei 16,2019-07-13,07:00:00,11,8,3,FMN GV 03 Hove
46,Statielei 16,2019-07-13,08:00:00,16,10,6,FMN GV 03 Hove
46,Statielei 16,2019-07-13,09:00:00,15,8,7,FMN GV 03 Hove
46,Statielei 16,2019-07-13,10:00:00,33,18,15,FMN GV 03 Hove
46,Statielei 16,2019-07-13,11:00:00,59,41,18,FMN GV 03 Hove
46,Statielei 16,2019-07-13,12:00:00,51,28,23,FMN GV 03 Hove
46,Statielei 16,2019-07-13,13:00:00,54,28,26,FMN GV 03 Hove
46,Statielei 16,2019-07-13,14:00:00,79,51,28,FMN GV 03 Hove
46,Statielei 16,2019-07-13,15:00:00,80,32,48,FMN GV 03 Hove
46,Statielei 16,2019-07-13,16:00:00,65,35,30,FMN GV 03 Hove
46,Statielei 16,2019-07-13,17:00:00,89,46,43,FMN GV 03 Hove
46,Statielei 16,2019-07-13,18:00:00,66,38,28,FMN GV 03 Hove
46,Statielei 16,2019-07-13,19:00:00,47,26,21,FMN GV 03 Hove
46,Statielei 16,2019-07-13,20:00:00,46,20,26,FMN GV 03 Hove
46,Statielei 16,2019-07-13,21:00:00,24,12,12,FMN GV 03 Hove
46,Statielei 16,2019-07-13,22:00:00,21,11,10,FMN GV 03 Hove
46,Statielei 16,2019-07-13,23:00:00,14,5,9,FMN GV 03 Hove
46,Statielei 16,2019-07-14,00:00:00,14,4,10,FMN GV 03 Hove
46,Statielei 16,2019-07-14,01:00:00,6,0,6,FMN GV 03 Hove
46,Statielei 16,2019-07-14,02:00:00,5,1,4,FMN GV 03 Hove
46,Statielei 16,2019-07-14,03:00:00,2,0,2,FMN GV 03 Hove
46,Statielei 16,2019-07-14,04:00:00,9,2,7,FMN GV 03 Hove
46,Statielei 16,2019-07-14,05:00:00,11,9,2,FMN GV 03 Hove
46,Statielei 16,2019-07-14,06:00:00,39,10,29,FMN GV 03 Hove
46,Statielei 16,2019-07-14,07:00:00,16,9,7,FMN GV 03 Hove
46,Statielei 16,2019-07-14,08:00:00,26,10,16,FMN GV 03 Hove
46,Statielei 16,2019-07-14,09:00:00,72,30,42,FMN GV 03 Hove
46,Statielei 16,2019-07-14,10:00:00,72,32,40,FMN GV 03 Hove
46,Statielei 16,2019-07-14,11:00:00,120,78,42,FMN GV 03 Hove
46,Statielei 16,2019-07-14,12:00:00,81,53,28,FMN GV 03 Hove
46,Statielei 16,2019-07-14,13:00:00,99,45,54,FMN GV 03 Hove
46,Statielei 16,2019-07-14,14:00:00,116,58,58,FMN GV 03 Hove
46,Statielei 16,2019-07-14,15:00:00,126,64,62,FMN GV 03 Hove
46,Statielei 16,2019-07-14,16:00:00,120,81,39,FMN GV 03 Hove
46,Statielei 16,2019-07-14,17:00:00,82,39,43,FMN GV 03 Hove
46,Statielei 16,2019-07-14,18:00:00,57,34,23,FMN GV 03 Hove
46,Statielei 16,2019-07-14,19:00:00,49,24,25,FMN GV 03 Hove
46,Statielei 16,2019-07-14,20:00:00,53,31,22,FMN GV 03 Hove
46,Statielei 16,2019-07-14,21:00:00,20,11,9,FMN GV 03 Hove
46,Statielei 16,2019-07-14,22:00:00,30,14,16,FMN GV 03 Hove
46,Statielei 16,2019-07-14,23:00:00,8,3,5,FMN GV 03 Hove
46,Statielei 16,2019-07-15,00:00:00,13,5,8,FMN GV 03 Hove
46,Statielei 16,2019-07-15,01:00:00,3,0,3,FMN GV 03 Hove
46,Statielei 16,2019-07-15,02:00:00,4,3,1,FMN GV 03 Hove
46,Statielei 16,2019-07-15,03:00:00,4,2,2,FMN GV 03 Hove
46,Statielei 16,2019-07-15,04:00:00,12,5,7,FMN GV 03 Hove
46,Statielei 16,2019-07-15,05:00:00,24,16,8,FMN GV 03 Hove
46,Statielei 16,2019-07-15,06:00:00,95,72,23,FMN GV 03 Hove
46,Statielei 16,2019-07-15,07:00:00,184,145,39,FMN GV 03 Hove
46,Statielei 16,2019-07-15,08:00:00,201,163,38,FMN GV 03 Hove
46,Statielei 16,2019-07-15,09:00:00,76,46,30,FMN GV 03 Hove
46,Statielei 16,2019-07-15,10:00:00,72,44,28,FMN GV 03 Hove
46,Statielei 16,2019-07-15,11:00:00,49,33,16,FMN GV 03 Hove
46,Statielei 16,2019-07-15,12:00:00,71,37,34,FMN GV 03 Hove
46,Statielei 16,2019-07-15,13:00:00,64,34,30,FMN GV 03 Hove
46,Statielei 16,2019-07-15,14:00:00,100,48,52,FMN GV 03 Hove
46,Statielei 16,2019-07-15,15:00:00,106,52,54,FMN GV 03 Hove
46,Statielei 16,2019-07-15,16:00:00,163,50,113,FMN GV 03 Hove
46,Statielei 16,2019-07-15,17:00:00,234,83,151,FMN GV 03 Hove
46,Statielei 16,2019-07-15,18:00:00,157,68,89,FMN GV 03 Hove
46,Statielei 16,2019-07-15,19:00:00,100,39,61,FMN GV 03 Hove
46,Statielei 16,2019-07-15,20:00:00,52,31,21,FMN GV 03 Hove
46,Statielei 16,2019-07-15,21:00:00,48,32,16,FMN GV 03 Hove
46,Statielei 16,2019-07-15,22:00:00,23,6,17,FMN GV 03 Hove
46,Statielei 16,2019-07-15,23:00:00,8,2,6,FMN GV 03 Hove
46,Statielei 16,2019-07-16,00:00:00,8,4,4,FMN GV 03 Hove
46,Statielei 16,2019-07-16,01:00:00,1,0,1,FMN GV 03 Hove
46,Statielei 16,2019-07-16,02:00:00,6,4,2,FMN GV 03 Hove
46,Statielei 16,2019-07-16,03:00:00,3,2,1,FMN GV 03 Hove
46,Statielei 16,2019-07-16,04:00:00,11,4,7,FMN GV 03 Hove
46,Statielei 16,2019-07-16,05:00:00,29,19,10,FMN GV 03 Hove
46,Statielei 16,2019-07-16,06:00:00,114,80,34,FMN GV 03 Hove
46,Statielei 16,2019-07-16,07:00:00,228,170,58,FMN GV 03 Hove
46,Statielei 16,2019-07-16,08:00:00,206,156,50,FMN GV 03 Hove
46,Statielei 16,2019-07-16,09:00:00,67,50,17,FMN GV 03 Hove
46,Statielei 16,2019-07-16,10:00:00,50,33,17,FMN GV 03 Hove
46,Statielei 16,2019-07-16,11:00:00,71,46,25,FMN GV 03 Hove
46,Statielei 16,2019-07-16,12:00:00,79,49,30,FMN GV 03 Hove
46,Statielei 16,2019-07-16,13:00:00,101,60,41,FMN GV 03 Hove
46,Statielei 16,2019-07-16,14:00:00,136,80,56,FMN GV 03 Hove
46,Statielei 16,2019-07-16,15:00:00,126,65,61,FMN GV 03 Hove
46,Statielei 16,2019-07-16,16:00:00,195,52,143,FMN GV 03 Hove
46,Statielei 16,2019-07-16,17:00:00,298,95,203,FMN GV 03 Hove
46,Statielei 16,2019-07-16,18:00:00,208,90,118,FMN GV 03 Hove
46,Statielei 16,2019-07-16,19:00:00,93,49,44,FMN GV 03 Hove
46,Statielei 16,2019-07-16,20:00:00,88,46,42,FMN GV 03 Hove
46,Statielei 16,2019-07-16,21:00:00,73,52,21,FMN GV 03 Hove
46,Statielei 16,2019-07-16,22:00:00,24,6,18,FMN GV 03 Hove
46,Statielei 16,2019-07-16,23:00:00,20,9,11,FMN GV 03 Hove
46,Statielei 16,2019-07-17,00:00:00,6,1,5,FMN GV 03 Hove
46,Statielei 16,2019-07-17,01:00:00,4,3,1,FMN GV 03 Hove
46,Statielei 16,2019-07-17,02:00:00,4,4,0,FMN GV 03 Hove
46,Statielei 16,2019-07-17,03:00:00,2,1,1,FMN GV 03 Hove
46,Statielei 16,2019-07-17,04:00:00,8,4,4,FMN GV 03 Hove
46,Statielei 16,2019-07-17,05:00:00,25,11,14,FMN GV 03 Hove
46,Statielei 16,2019-07-17,06:00:00,94,72,22,FMN GV 03 Hove
46,Statielei 16,2019-07-17,07:00:00,204,160,44,FMN GV 03 Hove
46,Statielei 16,2019-07-17,08:00:00,234,183,51,FMN GV 03 Hove
46,Statielei 16,2019-07-17,09:00:00,151,105,46,FMN GV 03 Hove
46,Statielei 16,2019-07-17,10:00:00,176,109,67,FMN GV 03 Hove
46,Statielei 16,2019-07-17,11:00:00,162,72,90,FMN GV 03 Hove
46,Statielei 16,2019-07-17,12:00:00,162,71,91,FMN GV 03 Hove
46,Statielei 16,2019-07-17,13:00:00,146,70,76,FMN GV 03 Hove
46,Statielei 16,2019-07-17,14:00:00,152,82,70,FMN GV 03 Hove
46,Statielei 16,2019-07-17,15:00:00,163,82,81,FMN GV 03 Hove
46,Statielei 16,2019-07-17,16:00:00,200,80,120,FMN GV 03 Hove
46,Statielei 16,2019-07-17,17:00:00,311,125,186,FMN GV 03 Hove
46,Statielei 16,2019-07-17,18:00:00,202,76,126,FMN GV 03 Hove
46,Statielei 16,2019-07-17,19:00:00,132,68,64,FMN GV 03 Hove
46,Statielei 16,2019-07-17,20:00:00,101,65,36,FMN GV 03 Hove
46,Statielei 16,2019-07-17,21:00:00,92,55,37,FMN GV 03 Hove
46,Statielei 16,2019-07-17,22:00:00,42,22,20,FMN GV 03 Hove
46,Statielei 16,2019-07-17,23:00:00,35,16,19,FMN GV 03 Hove
46,Statielei 16,2019-07-18,00:00:00,13,8,5,FMN GV 03 Hove
46,Statielei 16,2019-07-18,01:00:00,6,2,4,FMN GV 03 Hove
46,Statielei 16,2019-07-18,02:00:00,4,3,1,FMN GV 03 Hove
46,Statielei 16,2019-07-18,03:00:00,4,1,3,FMN GV 03 Hove
46,Statielei 16,2019-07-18,04:00:00,10,6,4,FMN GV 03 Hove
46,Statielei 16,2019-07-18,05:00:00,17,7,10,FMN GV 03 Hove
46,Statielei 16,2019-07-18,06:00:00,106,81,25,FMN GV 03 Hove
46,Statielei 16,2019-07-18,07:00:00,199,155,44,FMN GV 03 Hove
46,Statielei 16,2019-07-18,08:00:00,190,143,47,FMN GV 03 Hove
46,Statielei 16,2019-07-18,09:00:00,104,58,46,FMN GV 03 Hove
46,Statielei 16,2019-07-18,10:00:00,69,41,28,FMN GV 03 Hove
46,Statielei 16,2019-07-18,11:00:00,84,44,40,FMN GV 03 Hove
46,Statielei 16,2019-07-18,12:00:00,88,51,37,FMN GV 03 Hove
46,Statielei 16,2019-07-18,13:00:00,105,69,36,FMN GV 03 Hove
46,Statielei 16,2019-07-18,14:00:00,86,43,43,FMN GV 03 Hove
46,Statielei 16,2019-07-18,15:00:00,97,51,46,FMN GV 03 Hove
46,Statielei 16,2019-07-18,16:00:00,172,59,113,FMN GV 03 Hove
46,Statielei 16,2019-07-18,17:00:00,225,71,154,FMN GV 03 Hove
46,Statielei 16,2019-07-18,18:00:00,161,65,96,FMN GV 03 Hove
46,Statielei 16,2019-07-18,19:00:00,81,32,49,FMN GV 03 Hove
46,Statielei 16,2019-07-18,20:00:00,85,54,31,FMN GV 03 Hove
46,Statielei 16,2019-07-18,21:00:00,46,26,20,FMN GV 03 Hove
46,Statielei 16,2019-07-18,22:00:00,31,15,16,FMN GV 03 Hove
46,Statielei 16,2019-07-18,23:00:00,22,2,20,FMN GV 03 Hove
46,Statielei 16,2019-07-19,00:00:00,11,4,7,FMN GV 03 Hove
46,Statielei 16,2019-07-19,01:00:00,6,1,5,FMN GV 03 Hove
46,Statielei 16,2019-07-19,02:00:00,9,6,3,FMN GV 03 Hove
46,Statielei 16,2019-07-19,03:00:00,3,3,0,FMN GV 03 Hove
46,Statielei 16,2019-07-19,04:00:00,11,6,5,FMN GV 03 Hove
46,Statielei 16,2019-07-19,05:00:00,19,12,7,FMN GV 03 Hove
46,Statielei 16,2019-07-19,06:00:00,81,57,24,FMN GV 03 Hove
46,Statielei 16,2019-07-19,07:00:00,194,131,63,FMN GV 03 Hove
46,Statielei 16,2019-07-19,08:00:00,168,124,44,FMN GV 03 Hove
46,Statielei 16,2019-07-19,09:00:00,97,60,37,FMN GV 03 Hove
46,Statielei 16,2019-07-19,10:00:00,99,67,32,FMN GV 03 Hove
46,Statielei 16,2019-07-19,11:00:00,120,63,57,FMN GV 03 Hove
46,Statielei 16,2019-07-19,12:00:00,91,49,42,FMN GV 03 Hove
46,Statielei 16,2019-07-19,13:00:00,154,70,84,FMN GV 03 Hove
46,Statielei 16,2019-07-19,14:00:00,115,60,55,FMN GV 03 Hove
46,Statielei 16,2019-07-19,15:00:00,135,59,76,FMN GV 03 Hove
46,Statielei 16,2019-07-19,16:00:00,206,90,116,FMN GV 03 Hove
46,Statielei 16,2019-07-19,17:00:00,224,82,142,FMN GV 03 Hove
46,Statielei 16,2019-07-19,18:00:00,168,77,91,FMN GV 03 Hove
46,Statielei 16,2019-07-19,19:00:00,94,48,46,FMN GV 03 Hove
46,Statielei 16,2019-07-19,20:00:00,84,41,43,FMN GV 03 Hove
46,Statielei 16,2019-07-19,21:00:00,49,24,25,FMN GV 03 Hove
46,Statielei 16,2019-07-19,22:00:00,56,31,25,FMN GV 03 Hove
46,Statielei 16,2019-07-19,23:00:00,25,8,17,FMN GV 03 Hove
46,Statielei 16,2019-07-20,00:00:00,12,2,10,FMN GV 03 Hove
46,Statielei 16,2019-07-20,01:00:00,18,10,8,FMN GV 03 Hove
46,Statielei 16,2019-07-20,02:00:00,8,4,4,FMN GV 03 Hove
46,Statielei 16,2019-07-20,03:00:00,5,3,2,FMN GV 03 Hove
46,Statielei 16,2019-07-20,04:00:00,5,4,1,FMN GV 03 Hove
46,Statielei 16,2019-07-20,05:00:00,10,6,4,FMN GV 03 Hove
46,Statielei 16,2019-07-20,06:00:00,14,6,8,FMN GV 03 Hove
46,Statielei 16,2019-07-20,07:00:00,25,10,15,FMN GV 03 Hove
46,Statielei 16,2019-07-20,08:00:00,21,8,13,FMN GV 03 Hove
46,Statielei 16,2019-07-20,09:00:00,25,17,8,FMN GV 03 Hove
46,Statielei 16,2019-07-20,10:00:00,35,26,9,FMN GV 03 Hove
46,Statielei 16,2019-07-20,11:00:00,48,24,24,FMN GV 03 Hove
46,Statielei 16,2019-07-20,12:00:00,59,42,17,FMN GV 03 Hove
46,Statielei 16,2019-07-20,13:00:00,73,37,36,FMN GV 03 Hove
46,Statielei 16,2019-07-20,14:00:00,94,68,26,FMN GV 03 Hove
46,Statielei 16,2019-07-20,15:00:00,47,23,24,FMN GV 03 Hove
46,Statielei 16,2019-07-20,16:00:00,70,34,36,FMN GV 03 Hove
46,Statielei 16,2019-07-20,17:00:00,71,34,37,FMN GV 03 Hove
46,Statielei 16,2019-07-20,18:00:00,58,31,27,FMN GV 03 Hove
46,Statielei 16,2019-07-20,19:00:00,48,30,18,FMN GV 03 Hove
46,Statielei 16,2019-07-20,20:00:00,35,18,17,FMN GV 03 Hove
46,Statielei 16,2019-07-20,21:00:00,40,19,21,FMN GV 03 Hove
46,Statielei 16,2019-07-20,22:00:00,26,8,18,FMN GV 03 Hove
46,Statielei 16,2019-07-20,23:00:00,21,12,9,FMN GV 03 Hove
46,Statielei 16,2019-07-21,00:00:00,16,8,8,FMN GV 03 Hove
46,Statielei 16,2019-07-21,01:00:00,9,6,3,FMN GV 03 Hove
46,Statielei 16,2019-07-21,02:00:00,16,12,4,FMN GV 03 Hove
46,Statielei 16,2019-07-21,03:00:00,0,0,0,FMN GV 03 Hove
46,Statielei 16,2019-07-21,04:00:00,9,4,5,FMN GV 03 Hove
46,Statielei 16,2019-07-21,05:00:00,11,9,2,FMN GV 03 Hove
46,Statielei 16,2019-07-21,06:00:00,13,9,4,FMN GV 03 Hove
46,Statielei 16,2019-07-21,07:00:00,22,7,15,FMN GV 03 Hove
46,Statielei 16,2019-07-21,08:00:00,45,23,22,FMN GV 03 Hove
46,Statielei 16,2019-07-21,09:00:00,159,72,87,FMN GV 03 Hove
46,Statielei 16,2019-07-21,10:00:00,144,78,66,FMN GV 03 Hove
46,Statielei 16,2019-07-21,11:00:00,205,115,90,FMN GV 03 Hove
46,Statielei 16,2019-07-21,12:00:00,207,126,81,FMN GV 03 Hove
46,Statielei 16,2019-07-21,13:00:00,190,114,76,FMN GV 03 Hove
46,Statielei 16,2019-07-21,14:00:00,213,124,89,FMN GV 03 Hove
46,Statielei 16,2019-07-21,15:00:00,159,87,72,FMN GV 03 Hove
46,Statielei 16,2019-07-21,16:00:00,165,92,73,FMN GV 03 Hove
46,Statielei 16,2019-07-21,17:00:00,160,78,82,FMN GV 03 Hove
46,Statielei 16,2019-07-21,18:00:00,94,52,42,FMN GV 03 Hove
46,Statielei 16,2019-07-21,19:00:00,87,47,40,FMN GV 03 Hove
46,Statielei 16,2019-07-21,20:00:00,88,51,37,FMN GV 03 Hove
46,Statielei 16,2019-07-21,21:00:00,52,32,20,FMN GV 03 Hove
46,Statielei 16,2019-07-21,22:00:00,35,12,23,FMN GV 03 Hove
46,Statielei 16,2019-07-21,23:00:00,13,5,8,FMN GV 03 Hove
46,Statielei 16,2019-07-22,00:00:00,3,1,2,FMN GV 03 Hove
46,Statielei 16,2019-07-22,01:00:00,1,1,0,FMN GV 03 Hove
46,Statielei 16,2019-07-22,02:00:00,2,1,1,FMN GV 03 Hove
46,Statielei 16,2019-07-22,03:00:00,2,0,2,FMN GV 03 Hove
46,Statielei 16,2019-07-22,04:00:00,11,9,2,FMN GV 03 Hove
46,Statielei 16,2019-07-22,05:00:00,25,15,10,FMN GV 03 Hove
46,Statielei 16,2019-07-22,06:00:00,81,53,28,FMN GV 03 Hove
46,Statielei 16,2019-07-22,07:00:00,202,154,48,FMN GV 03 Hove
46,Statielei 16,2019-07-22,08:00:00,227,168,59,FMN GV 03 Hove
46,Statielei 16,2019-07-22,09:00:00,111,75,36,FMN GV 03 Hove
46,Statielei 16,2019-07-22,10:00:00,107,63,44,FMN GV 03 Hove
46,Statielei 16,2019-07-22,11:00:00,133,75,58,FMN GV 03 Hove
46,Statielei 16,2019-07-22,12:00:00,107,58,49,FMN GV 03 Hove
46,Statielei 16,2019-07-22,13:00:00,121,67,54,FMN GV 03 Hove
46,Statielei 16,2019-07-22,14:00:00,121,74,47,FMN GV 03 Hove
46,Statielei 16,2019-07-22,15:00:00,149,76,73,FMN GV 03 Hove
46,Statielei 16,2019-07-22,16:00:00,168,79,89,FMN GV 03 Hove
46,Statielei 16,2019-07-22,17:00:00,312,109,203,FMN GV 03 Hove
46,Statielei 16,2019-07-22,18:00:00,188,71,117,FMN GV 03 Hove
46,Statielei 16,2019-07-22,19:00:00,103,55,48,FMN GV 03 Hove
46,Statielei 16,2019-07-22,20:00:00,92,54,38,FMN GV 03 Hove
46,Statielei 16,2019-07-22,21:00:00,52,24,28,FMN GV 03 Hove
46,Statielei 16,2019-07-22,22:00:00,35,15,20,FMN GV 03 Hove
46,Statielei 16,2019-07-22,23:00:00,23,10,13,FMN GV 03 Hove
46,Statielei 16,2019-07-23,00:00:00,9,3,6,FMN GV 03 Hove
46,Statielei 16,2019-07-23,01:00:00,2,1,1,FMN GV 03 Hove
46,Statielei 16,2019-07-23,02:00:00,5,4,1,FMN GV 03 Hove
46,Statielei 16,2019-07-23,03:00:00,1,1,0,FMN GV 03 Hove
46,Statielei 16,2019-07-23,04:00:00,16,10,6,FMN GV 03 Hove
46,Statielei 16,2019-07-23,05:00:00,37,20,17,FMN GV 03 Hove
46,Statielei 16,2019-07-23,06:00:00,130,92,38,FMN GV 03 Hove
46,Statielei 16,2019-07-23,07:00:00,232,178,54,FMN GV 03 Hove
46,Statielei 16,2019-07-23,08:00:00,252,196,56,FMN GV 03 Hove
46,Statielei 16,2019-07-23,09:00:00,113,76,37,FMN GV 03 Hove
46,Statielei 16,2019-07-23,10:00:00,77,46,31,FMN GV 03 Hove
46,Statielei 16,2019-07-23,11:00:00,94,57,37,FMN GV 03 Hove
46,Statielei 16,2019-07-23,12:00:00,103,60,43,FMN GV 03 Hove
46,Statielei 16,2019-07-23,13:00:00,96,63,33,FMN GV 03 Hove
46,Statielei 16,2019-07-23,14:00:00,90,48,42,FMN GV 03 Hove
46,Statielei 16,2019-07-23,15:00:00,100,58,42,FMN GV 03 Hove
46,Statielei 16,2019-07-23,16:00:00,170,44,126,FMN GV 03 Hove
46,Statielei 16,2019-07-23,17:00:00,270,68,202,FMN GV 03 Hove
46,Statielei 16,2019-07-23,18:00:00,186,74,112,FMN GV 03 Hove
46,Statielei 16,2019-07-23,19:00:00,132,55,77,FMN GV 03 Hove
46,Statielei 16,2019-07-23,20:00:00,114,62,52,FMN GV 03 Hove
46,Statielei 16,2019-07-23,21:00:00,86,54,32,FMN GV 03 Hove
46,Statielei 16,2019-07-23,22:00:00,53,23,30,FMN GV 03 Hove
46,Statielei 16,2019-07-23,23:00:00,34,15,19,FMN GV 03 Hove
46,Statielei 16,2019-07-24,00:00:00,16,4,12,FMN GV 03 Hove
46,Statielei 16,2019-07-24,01:00:00,6,2,4,FMN GV 03 Hove
46,Statielei 16,2019-07-24,02:00:00,6,3,3,FMN GV 03 Hove
46,Statielei 16,2019-07-24,03:00:00,2,1,1,FMN GV 03 Hove
46,Statielei 16,2019-07-24,04:00:00,15,9,6,FMN GV 03 Hove
46,Statielei 16,2019-07-24,05:00:00,40,22,18,FMN GV 03 Hove
46,Statielei 16,2019-07-24,06:00:00,94,68,26,FMN GV 03 Hove
46,Statielei 16,2019-07-24,07:00:00,185,143,42,FMN GV 03 Hove
46,Statielei 16,2019-07-24,08:00:00,215,162,53,FMN GV 03 Hove
46,Statielei 16,2019-07-24,09:00:00,122,79,43,FMN GV 03 Hove
46,Statielei 16,2019-07-24,10:00:00,88,55,33,FMN GV 03 Hove
46,Statielei 16,2019-07-24,11:00:00,73,36,37,FMN GV 03 Hove
46,Statielei 16,2019-07-24,12:00:00,86,33,53,FMN GV 03 Hove
46,Statielei 16,2019-07-24,13:00:00,66,33,33,FMN GV 03 Hove
46,Statielei 16,2019-07-24,14:00:00,51,20,31,FMN GV 03 Hove
46,Statielei 16,2019-07-24,15:00:00,67,20,47,FMN GV 03 Hove
46,Statielei 16,2019-07-24,16:00:00,129,42,87,FMN GV 03 Hove
46,Statielei 16,2019-07-24,17:00:00,160,44,116,FMN GV 03 Hove
46,Statielei 16,2019-07-24,18:00:00,137,57,80,FMN GV 03 Hove
46,Statielei 16,2019-07-24,19:00:00,80,47,33,FMN GV 03 Hove
46,Statielei 16,2019-07-24,20:00:00,70,48,22,FMN GV 03 Hove
46,Statielei 16,2019-07-24,21:00:00,64,38,26,FMN GV 03 Hove
46,Statielei 16,2019-07-24,22:00:00,43,22,21,FMN GV 03 Hove
46,Statielei 16,2019-07-24,23:00:00,17,4,13,FMN GV 03 Hove
46,Statielei 16,2019-07-25,00:00:00,8,4,4,FMN GV 03 Hove
46,Statielei 16,2019-07-25,01:00:00,1,0,1,FMN GV 03 Hove
46,Statielei 16,2019-07-25,02:00:00,6,3,3,FMN GV 03 Hove
46,Statielei 16,2019-07-25,03:00:00,6,1,5,FMN GV 03 Hove
46,Statielei 16,2019-07-25,04:00:00,13,8,5,FMN GV 03 Hove
46,Statielei 16,2019-07-25,05:00:00,28,20,8,FMN GV 03 Hove
46,Statielei 16,2019-07-25,06:00:00,88,62,26,FMN GV 03 Hove
46,Statielei 16,2019-07-25,07:00:00,169,130,39,FMN GV 03 Hove
46,Statielei 16,2019-07-25,08:00:00,167,127,40,FMN GV 03 Hove
46,Statielei 16,2019-07-25,09:00:00,75,53,22,FMN GV 03 Hove
46,Statielei 16,2019-07-25,10:00:00,66,42,24,FMN GV 03 Hove
46,Statielei 16,2019-07-25,11:00:00,36,14,22,FMN GV 03 Hove
46,Statielei 16,2019-07-25,12:00:00,58,32,26,FMN GV 03 Hove
46,Statielei 16,2019-07-25,13:00:00,51,30,21,FMN GV 03 Hove
46,Statielei 16,2019-07-25,14:00:00,58,29,29,FMN GV 03 Hove
46,Statielei 16,2019-07-25,15:00:00,47,13,34,FMN GV 03 Hove
46,Statielei 16,2019-07-25,16:00:00,102,32,70,FMN GV 03 Hove
46,Statielei 16,2019-07-25,17:00:00,154,46,108,FMN GV 03 Hove
46,Statielei 16,2019-07-25,18:00:00,87,30,57,FMN GV 03 Hove
46,Statielei 16,2019-07-25,19:00:00,53,20,33,FMN GV 03 Hove
46,Statielei 16,2019-07-25,20:00:00,44,22,22,FMN GV 03 Hove
46,Statielei 16,2019-07-25,21:00:00,41,25,16,FMN GV 03 Hove
46,Statielei 16,2019-07-25,22:00:00,33,20,13,FMN GV 03 Hove
46,Statielei 16,2019-07-25,23:00:00,15,7,8,FMN GV 03 Hove
46,Statielei 16,2019-07-26,00:00:00,7,1,6,FMN GV 03 Hove
46,Statielei 16,2019-07-26,01:00:00,10,2,8,FMN GV 03 Hove
46,Statielei 16,2019-07-26,02:00:00,6,1,5,FMN GV 03 Hove
46,Statielei 16,2019-07-26,03:00:00,7,5,2,FMN GV 03 Hove
46,Statielei 16,2019-07-26,04:00:00,12,8,4,FMN GV 03 Hove
46,Statielei 16,2019-07-26,05:00:00,27,14,13,FMN GV 03 Hove
46,Statielei 16,2019-07-26,06:00:00,70,47,23,FMN GV 03 Hove
46,Statielei 16,2019-07-26,07:00:00,122,86,36,FMN GV 03 Hove
46,Statielei 16,2019-07-26,08:00:00,122,90,32,FMN GV 03 Hove
46,Statielei 16,2019-07-26,09:00:00,75,45,30,FMN GV 03 Hove
46,Statielei 16,2019-07-26,10:00:00,54,31,23,FMN GV 03 Hove
46,Statielei 16,2019-07-26,11:00:00,52,30,22,FMN GV 03 Hove
46,Statielei 16,2019-07-26,12:00:00,77,42,35,FMN GV 03 Hove
46,Statielei 16,2019-07-26,13:00:00,86,46,40,FMN GV 03 Hove
46,Statielei 16,2019-07-26,14:00:00,74,40,34,FMN GV 03 Hove
46,Statielei 16,2019-07-26,15:00:00,78,33,45,FMN GV 03 Hove
46,Statielei 16,2019-07-26,16:00:00,122,42,80,FMN GV 03 Hove
46,Statielei 16,2019-07-26,17:00:00,131,46,85,FMN GV 03 Hove
46,Statielei 16,2019-07-26,18:00:00,108,60,48,FMN GV 03 Hove
46,Statielei 16,2019-07-26,19:00:00,80,33,47,FMN GV 03 Hove
46,Statielei 16,2019-07-26,20:00:00,57,28,29,FMN GV 03 Hove
46,Statielei 16,2019-07-26,21:00:00,47,23,24,FMN GV 03 Hove
46,Statielei 16,2019-07-26,22:00:00,33,14,19,FMN GV 03 Hove
46,Statielei 16,2019-07-26,23:00:00,20,8,12,FMN GV 03 Hove
46,Statielei 16,2019-07-27,00:00:00,27,12,15,FMN GV 03 Hove
46,Statielei 16,2019-07-27,01:00:00,11,6,5,FMN GV 03 Hove
46,Statielei 16,2019-07-27,02:00:00,16,9,7,FMN GV 03 Hove
46,Statielei 16,2019-07-27,03:00:00,2,0,2,FMN GV 03 Hove
46,Statielei 16,2019-07-27,04:00:00,8,3,5,FMN GV 03 Hove
46,Statielei 16,2019-07-27,05:00:00,10,10,0,FMN GV 03 Hove
46,Statielei 16,2019-07-27,06:00:00,8,4,4,FMN GV 03 Hove
46,Statielei 16,2019-07-27,07:00:00,6,3,3,FMN GV 03 Hove
46,Statielei 16,2019-07-27,08:00:00,17,8,9,FMN GV 03 Hove
46,Statielei 16,2019-07-27,09:00:00,41,26,15,FMN GV 03 Hove
46,Statielei 16,2019-07-27,10:00:00,75,37,38,FMN GV 03 Hove
46,Statielei 16,2019-07-27,11:00:00,85,60,25,FMN GV 03 Hove
46,Statielei 16,2019-07-27,12:00:00,54,29,25,FMN GV 03 Hove
46,Statielei 16,2019-07-27,13:00:00,32,12,20,FMN GV 03 Hove
46,Statielei 16,2019-07-27,14:00:00,19,8,11,FMN GV 03 Hove
46,Statielei 16,2019-07-27,15:00:00,44,16,28,FMN GV 03 Hove
46,Statielei 16,2019-07-27,16:00:00,29,13,16,FMN GV 03 Hove
46,Statielei 16,2019-07-27,17:00:00,33,22,11,FMN GV 03 Hove
46,Statielei 16,2019-07-27,18:00:00,17,7,10,FMN GV 03 Hove
46,Statielei 16,2019-07-27,19:00:00,19,8,11,FMN GV 03 Hove
46,Statielei 16,2019-07-27,20:00:00,17,12,5,FMN GV 03 Hove
46,Statielei 16,2019-07-27,21:00:00,14,5,9,FMN GV 03 Hove
46,Statielei 16,2019-07-27,22:00:00,9,5,4,FMN GV 03 Hove
46,Statielei 16,2019-07-27,23:00:00,11,7,4,FMN GV 03 Hove
46,Statielei 16,2019-07-28,00:00:00,4,2,2,FMN GV 03 Hove
46,Statielei 16,2019-07-28,01:00:00,3,2,1,FMN GV 03 Hove
46,Statielei 16,2019-07-28,02:00:00,4,0,4,FMN GV 03 Hove
46,Statielei 16,2019-07-28,03:00:00,8,1,7,FMN GV 03 Hove
46,Statielei 16,2019-07-28,04:00:00,2,2,0,FMN GV 03 Hove
46,Statielei 16,2019-07-28,05:00:00,2,2,0,FMN GV 03 Hove
46,Statielei 16,2019-07-28,06:00:00,7,4,3,FMN GV 03 Hove
46,Statielei 16,2019-07-28,07:00:00,5,2,3,FMN GV 03 Hove
46,Statielei 16,2019-07-28,08:00:00,9,3,6,FMN GV 03 Hove
46,Statielei 16,2019-07-28,09:00:00,20,8,12,FMN GV 03 Hove
46,Statielei 16,2019-07-28,10:00:00,29,13,16,FMN GV 03 Hove
46,Statielei 16,2019-07-28,11:00:00,28,16,12,FMN GV 03 Hove
46,Statielei 16,2019-07-28,12:00:00,31,25,6,FMN GV 03 Hove
46,Statielei 16,2019-07-28,13:00:00,14,12,2,FMN GV 03 Hove
46,Statielei 16,2019-07-28,14:00:00,14,6,8,FMN GV 03 Hove
46,Statielei 16,2019-07-28,15:00:00,44,22,22,FMN GV 03 Hove
46,Statielei 16,2019-07-28,16:00:00,34,14,20,FMN GV 03 Hove
46,Statielei 16,2019-07-28,17:00:00,37,23,14,FMN GV 03 Hove
46,Statielei 16,2019-07-28,18:00:00,19,13,6,FMN GV 03 Hove
46,Statielei 16,2019-07-28,19:00:00,32,16,16,FMN GV 03 Hove
46,Statielei 16,2019-07-28,20:00:00,31,20,11,FMN GV 03 Hove
46,Statielei 16,2019-07-28,21:00:00,26,17,9,FMN GV 03 Hove
46,Statielei 16,2019-07-28,22:00:00,7,5,2,FMN GV 03 Hove
46,Statielei 16,2019-07-28,23:00:00,7,4,3,FMN GV 03 Hove
46,Statielei 16,2019-07-29,00:00:00,7,3,4,FMN GV 03 Hove
46,Statielei 16,2019-07-29,01:00:00,4,2,2,FMN GV 03 Hove
46,Statielei 16,2019-07-29,02:00:00,2,1,1,FMN GV 03 Hove
46,Statielei 16,2019-07-29,03:00:00,2,1,1,FMN GV 03 Hove
46,Statielei 16,2019-07-29,04:00:00,12,9,3,FMN GV 03 Hove
46,Statielei 16,2019-07-29,05:00:00,23,15,8,FMN GV 03 Hove
46,Statielei 16,2019-07-29,06:00:00,101,75,26,FMN GV 03 Hove
46,Statielei 16,2019-07-29,07:00:00,206,158,48,FMN GV 03 Hove
46,Statielei 16,2019-07-29,08:00:00,227,186,41,FMN GV 03 Hove
46,Statielei 16,2019-07-29,09:00:00,99,63,36,FMN GV 03 Hove
46,Statielei 16,2019-07-29,10:00:00,84,52,32,FMN GV 03 Hove
46,Statielei 16,2019-07-29,11:00:00,114,69,45,FMN GV 03 Hove
46,Statielei 16,2019-07-29,12:00:00,109,66,43,FMN GV 03 Hove
46,Statielei 16,2019-07-29,13:00:00,168,86,82,FMN GV 03 Hove
46,Statielei 16,2019-07-29,14:00:00,140,67,73,FMN GV 03 Hove
46,Statielei 16,2019-07-29,15:00:00,164,79,85,FMN GV 03 Hove
46,Statielei 16,2019-07-29,16:00:00,246,95,151,FMN GV 03 Hove
46,Statielei 16,2019-07-29,17:00:00,340,106,234,FMN GV 03 Hove
46,Statielei 16,2019-07-29,18:00:00,236,92,144,FMN GV 03 Hove
46,Statielei 16,2019-07-29,19:00:00,148,62,86,FMN GV 03 Hove
46,Statielei 16,2019-07-29,20:00:00,86,49,37,FMN GV 03 Hove
46,Statielei 16,2019-07-29,21:00:00,58,29,29,FMN GV 03 Hove
46,Statielei 16,2019-07-29,22:00:00,54,21,33,FMN GV 03 Hove
46,Statielei 16,2019-07-29,23:00:00,8,2,6,FMN GV 03 Hove
46,Statielei 16,2019-07-30,00:00:00,6,0,6,FMN GV 03 Hove
46,Statielei 16,2019-07-30,01:00:00,4,0,4,FMN GV 03 Hove
46,Statielei 16,2019-07-30,02:00:00,5,3,2,FMN GV 03 Hove
46,Statielei 16,2019-07-30,03:00:00,1,0,1,FMN GV 03 Hove
46,Statielei 16,2019-07-30,04:00:00,13,8,5,FMN GV 03 Hove
46,Statielei 16,2019-07-30,05:00:00,31,23,8,FMN GV 03 Hove
46,Statielei 16,2019-07-30,06:00:00,115,86,29,FMN GV 03 Hove
46,Statielei 16,2019-07-30,07:00:00,263,201,62,FMN GV 03 Hove
46,Statielei 16,2019-07-30,08:00:00,262,194,68,FMN GV 03 Hove
46,Statielei 16,2019-07-30,09:00:00,105,72,33,FMN GV 03 Hove
46,Statielei 16,2019-07-30,10:00:00,102,63,39,FMN GV 03 Hove
46,Statielei 16,2019-07-30,11:00:00,97,54,43,FMN GV 03 Hove
46,Statielei 16,2019-07-30,12:00:00,117,66,51,FMN GV 03 Hove
46,Statielei 16,2019-07-30,13:00:00,116,69,47,FMN GV 03 Hove
46,Statielei 16,2019-07-30,14:00:00,118,56,62,FMN GV 03 Hove
46,Statielei 16,2019-07-30,15:00:00,146,67,79,FMN GV 03 Hove
46,Statielei 16,2019-07-30,16:00:00,241,78,163,FMN GV 03 Hove
46,Statielei 16,2019-07-30,17:00:00,322,106,216,FMN GV 03 Hove
46,Statielei 16,2019-07-30,18:00:00,223,91,132,FMN GV 03 Hove
46,Statielei 16,2019-07-30,19:00:00,127,59,68,FMN GV 03 Hove
46,Statielei 16,2019-07-30,20:00:00,85,54,31,FMN GV 03 Hove
46,Statielei 16,2019-07-30,21:00:00,70,44,26,FMN GV 03 Hove
46,Statielei 16,2019-07-30,22:00:00,58,24,34,FMN GV 03 Hove
46,Statielei 16,2019-07-30,23:00:00,20,8,12,FMN GV 03 Hove
46,Statielei 16,2019-07-31,00:00:00,18,4,14,FMN GV 03 Hove
46,Statielei 16,2019-07-31,01:00:00,6,1,5,FMN GV 03 Hove
46,Statielei 16,2019-07-31,02:00:00,5,4,1,FMN GV 03 Hove
46,Statielei 16,2019-07-31,03:00:00,2,1,1,FMN GV 03 Hove
46,Statielei 16,2019-07-31,04:00:00,11,7,4,FMN GV 03 Hove
46,Statielei 16,2019-07-31,05:00:00,22,12,10,FMN GV 03 Hove
46,Statielei 16,2019-07-31,06:00:00,93,70,23,FMN GV 03 Hove
46,Statielei 16,2019-07-31,07:00:00,176,136,40,FMN GV 03 Hove
46,Statielei 16,2019-07-31,08:00:00,207,159,48,FMN GV 03 Hove
46,Statielei 16,2019-07-31,09:00:00,137,87,50,FMN GV 03 Hove
46,Statielei 16,2019-07-31,10:00:00,112,81,31,FMN GV 03 Hove
46,Statielei 16,2019-07-31,11:00:00,88,48,40,FMN GV 03 Hove
46,Statielei 16,2019-07-31,12:00:00,92,49,43,FMN GV 03 Hove
46,Statielei 16,2019-07-31,13:00:00,85,39,46,FMN GV 03 Hove
46,Statielei 16,2019-07-31,14:00:00,167,91,76,FMN GV 03 Hove
46,Statielei 16,2019-07-31,15:00:00,87,40,47,FMN GV 03 Hove
46,Statielei 16,2019-07-31,16:00:00,157,58,99,FMN GV 03 Hove
46,Statielei 16,2019-07-31,17:00:00,233,78,155,FMN GV 03 Hove
46,Statielei 16,2019-07-31,18:00:00,152,61,91,FMN GV 03 Hove
46,Statielei 16,2019-07-31,19:00:00,95,47,48,FMN GV 03 Hove
46,Statielei 16,2019-07-31,20:00:00,68,40,28,FMN GV 03 Hove
46,Statielei 16,2019-07-31,21:00:00,62,36,26,FMN GV 03 Hove
46,Statielei 16,2019-07-31,22:00:00,39,15,24,FMN GV 03 Hove
46,Statielei 16,2019-07-31,23:00:00,20,3,17,FMN GV 03 Hove
46,Statielei 16,2019-08-01,00:00:00,6,4,2,FMN GV 03 Hove
46,Statielei 16,2019-08-01,01:00:00,8,3,5,FMN GV 03 Hove
46,Statielei 16,2019-08-01,02:00:00,6,3,3,FMN GV 03 Hove
46,Statielei 16,2019-08-01,03:00:00,2,1,1,FMN GV 03 Hove
46,Statielei 16,2019-08-01,04:00:00,7,4,3,FMN GV 03 Hove
46,Statielei 16,2019-08-01,05:00:00,24,15,9,FMN GV 03 Hove
46,Statielei 16,2019-08-01,06:00:00,88,71,17,FMN GV 03 Hove
46,Statielei 16,2019-08-01,07:00:00,189,150,39,FMN GV 03 Hove
46,Statielei 16,2019-08-01,08:00:00,216,173,43,FMN GV 03 Hove
46,Statielei 16,2019-08-01,09:00:00,114,74,40,FMN GV 03 Hove
46,Statielei 16,2019-08-01,10:00:00,78,51,27,FMN GV 03 Hove
46,Statielei 16,2019-08-01,11:00:00,112,72,40,FMN GV 03 Hove
46,Statielei 16,2019-08-01,12:00:00,89,48,41,FMN GV 03 Hove
46,Statielei 16,2019-08-01,13:00:00,124,72,52,FMN GV 03 Hove
46,Statielei 16,2019-08-01,14:00:00,118,74,44,FMN GV 03 Hove
46,Statielei 16,2019-08-01,15:00:00,120,55,65,FMN GV 03 Hove
46,Statielei 16,2019-08-01,16:00:00,184,65,119,FMN GV 03 Hove
46,Statielei 16,2019-08-01,17:00:00,278,80,198,FMN GV 03 Hove
46,Statielei 16,2019-08-01,18:00:00,154,61,93,FMN GV 03 Hove
46,Statielei 16,2019-08-01,19:00:00,100,39,61,FMN GV 03 Hove
46,Statielei 16,2019-08-01,20:00:00,115,70,45,FMN GV 03 Hove
46,Statielei 16,2019-08-01,21:00:00,68,36,32,FMN GV 03 Hove
46,Statielei 16,2019-08-01,22:00:00,36,16,20,FMN GV 03 Hove
46,Statielei 16,2019-08-01,23:00:00,33,9,24,FMN GV 03 Hove
46,Statielei 16,2019-08-02,00:00:00,7,3,4,FMN GV 03 Hove
46,Statielei 16,2019-08-02,01:00:00,6,3,3,FMN GV 03 Hove
46,Statielei 16,2019-08-02,02:00:00,6,5,1,FMN GV 03 Hove
46,Statielei 16,2019-08-02,03:00:00,1,0,1,FMN GV 03 Hove
46,Statielei 16,2019-08-02,04:00:00,11,7,4,FMN GV 03 Hove
46,Statielei 16,2019-08-02,05:00:00,19,13,6,FMN GV 03 Hove
46,Statielei 16,2019-08-02,06:00:00,79,60,19,FMN GV 03 Hove
46,Statielei 16,2019-08-02,07:00:00,153,119,34,FMN GV 03 Hove
46,Statielei 16,2019-08-02,08:00:00,183,136,47,FMN GV 03 Hove
46,Statielei 16,2019-08-02,09:00:00,68,51,17,FMN GV 03 Hove
46,Statielei 16,2019-08-02,10:00:00,67,42,25,FMN GV 03 Hove
46,Statielei 16,2019-08-02,11:00:00,46,27,19,FMN GV 03 Hove
46,Statielei 16,2019-08-02,12:00:00,54,29,25,FMN GV 03 Hove
46,Statielei 16,2019-08-02,13:00:00,63,33,30,FMN GV 03 Hove
46,Statielei 16,2019-08-02,14:00:00,85,38,47,FMN GV 03 Hove
46,Statielei 16,2019-08-02,15:00:00,103,42,61,FMN GV 03 Hove
46,Statielei 16,2019-08-02,16:00:00,135,50,85,FMN GV 03 Hove
46,Statielei 16,2019-08-02,17:00:00,183,54,129,FMN GV 03 Hove
46,Statielei 16,2019-08-02,18:00:00,146,74,72,FMN GV 03 Hove
46,Statielei 16,2019-08-02,19:00:00,70,45,25,FMN GV 03 Hove
46,Statielei 16,2019-08-02,20:00:00,42,26,16,FMN GV 03 Hove
46,Statielei 16,2019-08-02,21:00:00,37,17,20,FMN GV 03 Hove
46,Statielei 16,2019-08-02,22:00:00,24,9,15,FMN GV 03 Hove
46,Statielei 16,2019-08-02,23:00:00,20,3,17,FMN GV 03 Hove
46,Statielei 16,2019-08-03,00:00:00,24,10,14,FMN GV 03 Hove
46,Statielei 16,2019-08-03,01:00:00,27,9,18,FMN GV 03 Hove
46,Statielei 16,2019-08-03,02:00:00,11,10,1,FMN GV 03 Hove
46,Statielei 16,2019-08-03,03:00:00,6,1,5,FMN GV 03 Hove
46,Statielei 16,2019-08-03,04:00:00,6,2,4,FMN GV 03 Hove
46,Statielei 16,2019-08-03,05:00:00,7,3,4,FMN GV 03 Hove
46,Statielei 16,2019-08-03,06:00:00,9,7,2,FMN GV 03 Hove
46,Statielei 16,2019-08-03,07:00:00,17,9,8,FMN GV 03 Hove
46,Statielei 16,2019-08-03,08:00:00,32,17,15,FMN GV 03 Hove
46,Statielei 16,2019-08-03,09:00:00,42,17,25,FMN GV 03 Hove
46,Statielei 16,2019-08-03,10:00:00,63,28,35,FMN GV 03 Hove
46,Statielei 16,2019-08-03,11:00:00,91,63,28,FMN GV 03 Hove
46,Statielei 16,2019-08-03,12:00:00,109,69,40,FMN GV 03 Hove
46,Statielei 16,2019-08-03,13:00:00,98,60,38,FMN GV 03 Hove
46,Statielei 16,2019-08-03,14:00:00,109,75,34,FMN GV 03 Hove
46,Statielei 16,2019-08-03,15:00:00,140,59,81,FMN GV 03 Hove
46,Statielei 16,2019-08-03,16:00:00,131,77,54,FMN GV 03 Hove
46,Statielei 16,2019-08-03,17:00:00,96,40,56,FMN GV 03 Hove
46,Statielei 16,2019-08-03,18:00:00,77,47,30,FMN GV 03 Hove
46,Statielei 16,2019-08-03,19:00:00,47,25,22,FMN GV 03 Hove
46,Statielei 16,2019-08-03,20:00:00,37,22,15,FMN GV 03 Hove
46,Statielei 16,2019-08-03,21:00:00,21,13,8,FMN GV 03 Hove
46,Statielei 16,2019-08-03,22:00:00,20,10,10,FMN GV 03 Hove
46,Statielei 16,2019-08-03,23:00:00,19,12,7,FMN GV 03 Hove
46,Statielei 16,2019-08-04,00:00:00,20,11,9,FMN GV 03 Hove
46,Statielei 16,2019-08-04,01:00:00,27,11,16,FMN GV 03 Hove
46,Statielei 16,2019-08-04,02:00:00,13,7,6,FMN GV 03 Hove
46,Statielei 16,2019-08-04,03:00:00,2,0,2,FMN GV 03 Hove
46,Statielei 16,2019-08-04,04:00:00,6,3,3,FMN GV 03 Hove
46,Statielei 16,2019-08-04,05:00:00,4,3,1,FMN GV 03 Hove
46,Statielei 16,2019-08-04,06:00:00,13,9,4,FMN GV 03 Hove
46,Statielei 16,2019-08-04,07:00:00,19,6,13,FMN GV 03 Hove
46,Statielei 16,2019-08-04,08:00:00,29,7,22,FMN GV 03 Hove
46,Statielei 16,2019-08-04,09:00:00,95,52,43,FMN GV 03 Hove
46,Statielei 16,2019-08-04,10:00:00,129,76,53,FMN GV 03 Hove
46,Statielei 16,2019-08-04,11:00:00,169,85,84,FMN GV 03 Hove
46,Statielei 16,2019-08-04,12:00:00,188,101,87,FMN GV 03 Hove
46,Statielei 16,2019-08-04,13:00:00,210,127,83,FMN GV 03 Hove
46,Statielei 16,2019-08-04,14:00:00,263,153,110,FMN GV 03 Hove
46,Statielei 16,2019-08-04,15:00:00,218,102,116,FMN GV 03 Hove
46,Statielei 16,2019-08-04,16:00:00,205,117,88,FMN GV 03 Hove
46,Statielei 16,2019-08-04,17:00:00,190,104,86,FMN GV 03 Hove
46,Statielei 16,2019-08-04,18:00:00,129,64,65,FMN GV 03 Hove
46,Statielei 16,2019-08-04,19:00:00,86,49,37,FMN GV 03 Hove
46,Statielei 16,2019-08-04,20:00:00,78,48,30,FMN GV 03 Hove
46,Statielei 16,2019-08-04,21:00:00,60,31,29,FMN GV 03 Hove
46,Statielei 16,2019-08-04,22:00:00,38,14,24,FMN GV 03 Hove
46,Statielei 16,2019-08-04,23:00:00,13,5,8,FMN GV 03 Hove
46,Statielei 16,2019-08-05,00:00:00,14,0,14,FMN GV 03 Hove
46,Statielei 16,2019-08-05,01:00:00,2,2,0,FMN GV 03 Hove
46,Statielei 16,2019-08-05,02:00:00,4,2,2,FMN GV 03 Hove
46,Statielei 16,2019-08-05,03:00:00,0,0,0,FMN GV 03 Hove
46,Statielei 16,2019-08-05,04:00:00,6,5,1,FMN GV 03 Hove
46,Statielei 16,2019-08-05,05:00:00,18,10,8,FMN GV 03 Hove
46,Statielei 16,2019-08-05,06:00:00,89,71,18,FMN GV 03 Hove
46,Statielei 16,2019-08-05,07:00:00,217,175,42,FMN GV 03 Hove
46,Statielei 16,2019-08-05,08:00:00,215,171,44,FMN GV 03 Hove
46,Statielei 16,2019-08-05,09:00:00,94,62,32,FMN GV 03 Hove
46,Statielei 16,2019-08-05,10:00:00,85,49,36,FMN GV 03 Hove
46,Statielei 16,2019-08-05,11:00:00,102,72,30,FMN GV 03 Hove
46,Statielei 16,2019-08-05,12:00:00,78,40,38,FMN GV 03 Hove
46,Statielei 16,2019-08-05,13:00:00,114,62,52,FMN GV 03 Hove
46,Statielei 16,2019-08-05,14:00:00,125,66,59,FMN GV 03 Hove
46,Statielei 16,2019-08-05,15:00:00,127,62,65,FMN GV 03 Hove
46,Statielei 16,2019-08-05,16:00:00,213,74,139,FMN GV 03 Hove
46,Statielei 16,2019-08-05,17:00:00,296,89,207,FMN GV 03 Hove
46,Statielei 16,2019-08-05,18:00:00,197,83,114,FMN GV 03 Hove
46,Statielei 16,2019-08-05,19:00:00,85,41,44,FMN GV 03 Hove
46,Statielei 16,2019-08-05,20:00:00,77,49,28,FMN GV 03 Hove
46,Statielei 16,2019-08-05,21:00:00,51,27,24,FMN GV 03 Hove
46,Statielei 16,2019-08-05,22:00:00,38,14,24,FMN GV 03 Hove
46,Statielei 16,2019-08-05,23:00:00,17,6,11,FMN GV 03 Hove
46,Statielei 16,2019-08-06,00:00:00,5,4,1,FMN GV 03 Hove
46,Statielei 16,2019-08-06,01:00:00,0,0,0,FMN GV 03 Hove
46,Statielei 16,2019-08-06,02:00:00,0,0,0,FMN GV 03 Hove
46,Statielei 16,2019-08-06,03:00:00,3,0,3,FMN GV 03 Hove
46,Statielei 16,2019-08-06,04:00:00,7,3,4,FMN GV 03 Hove
46,Statielei 16,2019-08-06,05:00:00,17,7,10,FMN GV 03 Hove
46,Statielei 16,2019-08-06,06:00:00,105,79,26,FMN GV 03 Hove
46,Statielei 16,2019-08-06,07:00:00,252,197,55,FMN GV 03 Hove
46,Statielei 16,2019-08-06,08:00:00,249,181,68,FMN GV 03 Hove
46,Statielei 16,2019-08-06,09:00:00,93,68,25,FMN GV 03 Hove
46,Statielei 16,2019-08-06,10:00:00,64,43,21,FMN GV 03 Hove
46,Statielei 16,2019-08-06,11:00:00,83,44,39,FMN GV 03 Hove
46,Statielei 16,2019-08-06,12:00:00,86,49,37,FMN GV 03 Hove
46,Statielei 16,2019-08-06,13:00:00,103,59,44,FMN GV 03 Hove
46,Statielei 16,2019-08-06,14:00:00,136,77,59,FMN GV 03 Hove
46,Statielei 16,2019-08-06,15:00:00,109,53,56,FMN GV 03 Hove
46,Statielei 16,2019-08-06,16:00:00,223,65,158,FMN GV 03 Hove
46,Statielei 16,2019-08-06,17:00:00,299,94,205,FMN GV 03 Hove
46,Statielei 16,2019-08-06,18:00:00,234,82,152,FMN GV 03 Hove
46,Statielei 16,2019-08-06,19:00:00,125,53,72,FMN GV 03 Hove
46,Statielei 16,2019-08-06,20:00:00,121,78,43,FMN GV 03 Hove
46,Statielei 16,2019-08-06,21:00:00,60,42,18,FMN GV 03 Hove
46,Statielei 16,2019-08-06,22:00:00,41,16,25,FMN GV 03 Hove
46,Statielei 16,2019-08-06,23:00:00,21,4,17,FMN GV 03 Hove
46,Statielei 16,2019-08-07,00:00:00,9,1,8,FMN GV 03 Hove
46,Statielei 16,2019-08-07,01:00:00,7,2,5,FMN GV 03 Hove
46,Statielei 16,2019-08-07,02:00:00,7,2,5,FMN GV 03 Hove
46,Statielei 16,2019-08-07,03:00:00,5,3,2,FMN GV 03 Hove
46,Statielei 16,2019-08-07,04:00:00,7,6,1,FMN GV 03 Hove
46,Statielei 16,2019-08-07,05:00:00,19,10,9,FMN GV 03 Hove
46,Statielei 16,2019-08-07,06:00:00,78,59,19,FMN GV 03 Hove
46,Statielei 16,2019-08-07,07:00:00,184,143,41,FMN GV 03 Hove
46,Statielei 16,2019-08-07,08:00:00,233,175,58,FMN GV 03 Hove
46,Statielei 16,2019-08-07,09:00:00,134,102,32,FMN GV 03 Hove
46,Statielei 16,2019-08-07,10:00:00,118,74,44,FMN GV 03 Hove
46,Statielei 16,2019-08-07,11:00:00,118,60,58,FMN GV 03 Hove
46,Statielei 16,2019-08-07,12:00:00,132,51,81,FMN GV 03 Hove
46,Statielei 16,2019-08-07,13:00:00,107,65,42,FMN GV 03 Hove
46,Statielei 16,2019-08-07,14:00:00,95,53,42,FMN GV 03 Hove
46,Statielei 16,2019-08-07,15:00:00,122,51,71,FMN GV 03 Hove
46,Statielei 16,2019-08-07,16:00:00,162,55,107,FMN GV 03 Hove
46,Statielei 16,2019-08-07,17:00:00,250,85,165,FMN GV 03 Hove
46,Statielei 16,2019-08-07,18:00:00,182,78,104,FMN GV 03 Hove
46,Statielei 16,2019-08-07,19:00:00,103,51,52,FMN GV 03 Hove
46,Statielei 16,2019-08-07,20:00:00,89,52,37,FMN GV 03 Hove
46,Statielei 16,2019-08-07,21:00:00,67,40,27,FMN GV 03 Hove
46,Statielei 16,2019-08-07,22:00:00,31,13,18,FMN GV 03 Hove
46,Statielei 16,2019-08-07,23:00:00,18,4,14,FMN GV 03 Hove
46,Statielei 16,2019-08-08,00:00:00,7,0,7,FMN GV 03 Hove
46,Statielei 16,2019-08-08,01:00:00,5,1,4,FMN GV 03 Hove
46,Statielei 16,2019-08-08,02:00:00,3,2,1,FMN GV 03 Hove
46,Statielei 16,2019-08-08,03:00:00,3,1,2,FMN GV 03 Hove
46,Statielei 16,2019-08-08,04:00:00,9,7,2,FMN GV 03 Hove
46,Statielei 16,2019-08-08,05:00:00,23,14,9,FMN GV 03 Hove
46,Statielei 16,2019-08-08,06:00:00,111,83,28,FMN GV 03 Hove
46,Statielei 16,2019-08-08,07:00:00,239,184,55,FMN GV 03 Hove
46,Statielei 16,2019-08-08,08:00:00,235,177,58,FMN GV 03 Hove
46,Statielei 16,2019-08-08,09:00:00,106,84,22,FMN GV 03 Hove
46,Statielei 16,2019-08-08,10:00:00,85,41,44,FMN GV 03 Hove
46,Statielei 16,2019-08-08,11:00:00,91,49,42,FMN GV 03 Hove
46,Statielei 16,2019-08-08,12:00:00,87,57,30,FMN GV 03 Hove
46,Statielei 16,2019-08-08,13:00:00,114,70,44,FMN GV 03 Hove
46,Statielei 16,2019-08-08,14:00:00,158,84,74,FMN GV 03 Hove
46,Statielei 16,2019-08-08,15:00:00,139,67,72,FMN GV 03 Hove
46,Statielei 16,2019-08-08,16:00:00,226,67,159,FMN GV 03 Hove
46,Statielei 16,2019-08-08,17:00:00,312,98,214,FMN GV 03 Hove
46,Statielei 16,2019-08-08,18:00:00,201,77,124,FMN GV 03 Hove
46,Statielei 16,2019-08-08,19:00:00,132,60,72,FMN GV 03 Hove
46,Statielei 16,2019-08-08,20:00:00,78,53,25,FMN GV 03 Hove
46,Statielei 16,2019-08-08,21:00:00,50,33,17,FMN GV 03 Hove
46,Statielei 16,2019-08-08,22:00:00,40,16,24,FMN GV 03 Hove
46,Statielei 16,2019-08-08,23:00:00,28,9,19,FMN GV 03 Hove
46,Statielei 16,2019-08-09,00:00:00,15,2,13,FMN GV 03 Hove
46,Statielei 16,2019-08-09,01:00:00,7,3,4,FMN GV 03 Hove
46,Statielei 16,2019-08-09,02:00:00,3,2,1,FMN GV 03 Hove
46,Statielei 16,2019-08-09,03:00:00,2,0,2,FMN GV 03 Hove
46,Statielei 16,2019-08-09,04:00:00,5,5,0,FMN GV 03 Hove
46,Statielei 16,2019-08-09,05:00:00,19,12,7,FMN GV 03 Hove
46,Statielei 16,2019-08-09,06:00:00,65,50,15,FMN GV 03 Hove
46,Statielei 16,2019-08-09,07:00:00,108,83,25,FMN GV 03 Hove
46,Statielei 16,2019-08-09,08:00:00,113,83,30,FMN GV 03 Hove
46,Statielei 16,2019-08-09,09:00:00,57,42,15,FMN GV 03 Hove
46,Statielei 16,2019-08-09,10:00:00,34,15,19,FMN GV 03 Hove
46,Statielei 16,2019-08-09,11:00:00,19,16,3,FMN GV 03 Hove
46,Statielei 16,2019-08-09,12:00:00,29,14,15,FMN GV 03 Hove
46,Statielei 16,2019-08-09,13:00:00,37,22,15,FMN GV 03 Hove
46,Statielei 16,2019-08-09,14:00:00,58,25,33,FMN GV 03 Hove
46,Statielei 16,2019-08-09,15:00:00,65,27,38,FMN GV 03 Hove
46,Statielei 16,2019-08-09,16:00:00,114,34,80,FMN GV 03 Hove
46,Statielei 16,2019-08-09,17:00:00,126,39,87,FMN GV 03 Hove
46,Statielei 16,2019-08-09,18:00:00,80,37,43,FMN GV 03 Hove
46,Statielei 16,2019-08-09,19:00:00,60,36,24,FMN GV 03 Hove
46,Statielei 16,2019-08-09,20:00:00,27,15,12,FMN GV 03 Hove
46,Statielei 16,2019-08-09,21:00:00,32,15,17,FMN GV 03 Hove
46,Statielei 16,2019-08-09,22:00:00,16,9,7,FMN GV 03 Hove
46,Statielei 16,2019-08-09,23:00:00,17,5,12,FMN GV 03 Hove
46,Statielei 16,2019-08-10,00:00:00,22,8,14,FMN GV 03 Hove
46,Statielei 16,2019-08-10,01:00:00,6,3,3,FMN GV 03 Hove
46,Statielei 16,2019-08-10,02:00:00,9,3,6,FMN GV 03 Hove
46,Statielei 16,2019-08-10,03:00:00,5,2,3,FMN GV 03 Hove
46,Statielei 16,2019-08-10,04:00:00,6,3,3,FMN GV 03 Hove
46,Statielei 16,2019-08-10,05:00:00,10,7,3,FMN GV 03 Hove
46,Statielei 16,2019-08-10,06:00:00,9,6,3,FMN GV 03 Hove
46,Statielei 16,2019-08-10,07:00:00,6,4,2,FMN GV 03 Hove
46,Statielei 16,2019-08-10,08:00:00,24,13,11,FMN GV 03 Hove
46,Statielei 16,2019-08-10,09:00:00,36,23,13,FMN GV 03 Hove
46,Statielei 16,2019-08-10,10:00:00,63,31,32,FMN GV 03 Hove
46,Statielei 16,2019-08-10,11:00:00,47,32,15,FMN GV 03 Hove
46,Statielei 16,2019-08-10,12:00:00,67,39,28,FMN GV 03 Hove
46,Statielei 16,2019-08-10,13:00:00,64,36,28,FMN GV 03 Hove
46,Statielei 16,2019-08-10,14:00:00,76,40,36,FMN GV 03 Hove
46,Statielei 16,2019-08-10,15:00:00,81,34,47,FMN GV 03 Hove
46,Statielei 16,2019-08-10,16:00:00,71,42,29,FMN GV 03 Hove
46,Statielei 16,2019-08-10,17:00:00,65,32,33,FMN GV 03 Hove
46,Statielei 16,2019-08-10,18:00:00,35,12,23,FMN GV 03 Hove
46,Statielei 16,2019-08-10,19:00:00,43,25,18,FMN GV 03 Hove
46,Statielei 16,2019-08-10,20:00:00,38,24,14,FMN GV 03 Hove
46,Statielei 16,2019-08-10,21:00:00,23,14,9,FMN GV 03 Hove
46,Statielei 16,2019-08-10,22:00:00,20,10,10,FMN GV 03 Hove
46,Statielei 16,2019-08-10,23:00:00,20,8,12,FMN GV 03 Hove
46,Statielei 16,2019-08-11,00:00:00,15,7,8,FMN GV 03 Hove
46,Statielei 16,2019-08-11,01:00:00,15,2,13,FMN GV 03 Hove
46,Statielei 16,2019-08-11,02:00:00,8,1,7,FMN GV 03 Hove
46,Statielei 16,2019-08-11,03:00:00,4,1,3,FMN GV 03 Hove
46,Statielei 16,2019-08-11,04:00:00,7,3,4,FMN GV 03 Hove
46,Statielei 16,2019-08-11,05:00:00,9,7,2,FMN GV 03 Hove
46,Statielei 16,2019-08-11,06:00:00,10,9,1,FMN GV 03 Hove
46,Statielei 16,2019-08-11,07:00:00,18,12,6,FMN GV 03 Hove
46,Statielei 16,2019-08-11,08:00:00,25,9,16,FMN GV 03 Hove
46,Statielei 16,2019-08-11,09:00:00,77,44,33,FMN GV 03 Hove
46,Statielei 16,2019-08-11,10:00:00,137,67,70,FMN GV 03 Hove
46,Statielei 16,2019-08-11,11:00:00,131,67,64,FMN GV 03 Hove
46,Statielei 16,2019-08-11,12:00:00,181,114,67,FMN GV 03 Hove
46,Statielei 16,2019-08-11,13:00:00,161,100,61,FMN GV 03 Hove
46,Statielei 16,2019-08-11,14:00:00,149,99,50,FMN GV 03 Hove
46,Statielei 16,2019-08-11,15:00:00,135,79,56,FMN GV 03 Hove
46,Statielei 16,2019-08-11,16:00:00,122,51,71,FMN GV 03 Hove
46,Statielei 16,2019-08-11,17:00:00,129,60,69,FMN GV 03 Hove
46,Statielei 16,2019-08-11,18:00:00,91,60,31,FMN GV 03 Hove
46,Statielei 16,2019-08-11,19:00:00,64,21,43,FMN GV 03 Hove
46,Statielei 16,2019-08-11,20:00:00,49,19,30,FMN GV 03 Hove
46,Statielei 16,2019-08-11,21:00:00,25,15,10,FMN GV 03 Hove
46,Statielei 16,2019-08-11,22:00:00,34,21,13,FMN GV 03 Hove
46,Statielei 16,2019-08-11,23:00:00,12,3,9,FMN GV 03 Hove
46,Statielei 16,2019-08-12,00:00:00,10,2,8,FMN GV 03 Hove
46,Statielei 16,2019-08-12,01:00:00,3,0,3,FMN GV 03 Hove
46,Statielei 16,2019-08-12,02:00:00,2,1,1,FMN GV 03 Hove
46,Statielei 16,2019-08-12,03:00:00,0,0,0,FMN GV 03 Hove
46,Statielei 16,2019-08-12,04:00:00,8,4,4,FMN GV 03 Hove
46,Statielei 16,2019-08-12,05:00:00,25,18,7,FMN GV 03 Hove
46,Statielei 16,2019-08-12,06:00:00,80,60,20,FMN GV 03 Hove
46,Statielei 16,2019-08-12,07:00:00,176,133,43,FMN GV 03 Hove
46,Statielei 16,2019-08-12,08:00:00,177,138,39,FMN GV 03 Hove
46,Statielei 16,2019-08-12,09:00:00,90,63,27,FMN GV 03 Hove
46,Statielei 16,2019-08-12,10:00:00,82,39,43,FMN GV 03 Hove
46,Statielei 16,2019-08-12,11:00:00,95,48,47,FMN GV 03 Hove
46,Statielei 16,2019-08-12,12:00:00,68,45,23,FMN GV 03 Hove
46,Statielei 16,2019-08-12,13:00:00,76,40,36,FMN GV 03 Hove
46,Statielei 16,2019-08-12,14:00:00,94,39,55,FMN GV 03 Hove
46,Statielei 16,2019-08-12,15:00:00,44,20,24,FMN GV 03 Hove
46,Statielei 16,2019-08-12,16:00:00,133,43,90,FMN GV 03 Hove
46,Statielei 16,2019-08-12,17:00:00,192,50,142,FMN GV 03 Hove
46,Statielei 16,2019-08-12,18:00:00,110,30,80,FMN GV 03 Hove
46,Statielei 16,2019-08-12,19:00:00,47,18,29,FMN GV 03 Hove
46,Statielei 16,2019-08-12,20:00:00,29,18,11,FMN GV 03 Hove
46,Statielei 16,2019-08-12,21:00:00,15,11,4,FMN GV 03 Hove
46,Statielei 16,2019-08-12,22:00:00,13,6,7,FMN GV 03 Hove
46,Statielei 16,2019-08-12,23:00:00,5,1,4,FMN GV 03 Hove
46,Statielei 16,2019-08-13,00:00:00,2,2,0,FMN GV 03 Hove
46,Statielei 16,2019-08-13,01:00:00,3,3,0,FMN GV 03 Hove
46,Statielei 16,2019-08-13,02:00:00,2,1,1,FMN GV 03 Hove
46,Statielei 16,2019-08-13,03:00:00,0,0,0,FMN GV 03 Hove
46,Statielei 16,2019-08-13,04:00:00,5,3,2,FMN GV 03 Hove
46,Statielei 16,2019-08-13,05:00:00,17,10,7,FMN GV 03 Hove
46,Statielei 16,2019-08-13,06:00:00,81,65,16,FMN GV 03 Hove
46,Statielei 16,2019-08-13,07:00:00,165,129,36,FMN GV 03 Hove
46,Statielei 16,2019-08-13,08:00:00,168,127,41,FMN GV 03 Hove
46,Statielei 16,2019-08-13,09:00:00,78,56,22,FMN GV 03 Hove
46,Statielei 16,2019-08-13,10:00:00,90,57,33,FMN GV 03 Hove
46,Statielei 16,2019-08-13,11:00:00,86,50,36,FMN GV 03 Hove
46,Statielei 16,2019-08-13,12:00:00,88,67,21,FMN GV 03 Hove
46,Statielei 16,2019-08-13,13:00:00,65,32,33,FMN GV 03 Hove
46,Statielei 16,2019-08-13,14:00:00,53,23,30,FMN GV 03 Hove
46,Statielei 16,2019-08-13,15:00:00,52,26,26,FMN GV 03 Hove
46,Statielei 16,2019-08-13,16:00:00,118,36,82,FMN GV 03 Hove
46,Statielei 16,2019-08-13,17:00:00,243,67,176,FMN GV 03 Hove
46,Statielei 16,2019-08-13,18:00:00,111,47,64,FMN GV 03 Hove
46,Statielei 16,2019-08-13,19:00:00,66,29,37,FMN GV 03 Hove
46,Statielei 16,2019-08-13,20:00:00,44,25,19,FMN GV 03 Hove
46,Statielei 16,2019-08-13,21:00:00,32,15,17,FMN GV 03 Hove
46,Statielei 16,2019-08-13,22:00:00,36,18,18,FMN GV 03 Hove
46,Statielei 16,2019-08-13,23:00:00,10,2,8,FMN GV 03 Hove
46,Statielei 16,2019-08-14,00:00:00,7,2,5,FMN GV 03 Hove
46,Statielei 16,2019-08-14,01:00:00,1,1,0,FMN GV 03 Hove
46,Statielei 16,2019-08-14,02:00:00,3,2,1,FMN GV 03 Hove
46,Statielei 16,2019-08-14,03:00:00,10,5,5,FMN GV 03 Hove
46,Statielei 16,2019-08-14,04:00:00,6,4,2,FMN GV 03 Hove
46,Statielei 16,2019-08-14,05:00:00,28,19,9,FMN GV 03 Hove
46,Statielei 16,2019-08-14,06:00:00,76,56,20,FMN GV 03 Hove
46,Statielei 16,2019-08-14,07:00:00,159,117,42,FMN GV 03 Hove
46,Statielei 16,2019-08-14,08:00:00,174,138,36,FMN GV 03 Hove
46,Statielei 16,2019-08-14,09:00:00,132,92,40,FMN GV 03 Hove
46,Statielei 16,2019-08-14,10:00:00,153,89,64,FMN GV 03 Hove
46,Statielei 16,2019-08-14,11:00:00,118,54,64,FMN GV 03 Hove
46,Statielei 16,2019-08-14,12:00:00,103,47,56,FMN GV 03 Hove
46,Statielei 16,2019-08-14,13:00:00,97,49,48,FMN GV 03 Hove
46,Statielei 16,2019-08-14,14:00:00,104,56,48,FMN GV 03 Hove
46,Statielei 16,2019-08-14,15:00:00,106,50,56,FMN GV 03 Hove
46,Statielei 16,2019-08-14,16:00:00,150,53,97,FMN GV 03 Hove
46,Statielei 16,2019-08-14,17:00:00,199,62,137,FMN GV 03 Hove
46,Statielei 16,2019-08-14,18:00:00,104,35,69,FMN GV 03 Hove
46,Statielei 16,2019-08-14,19:00:00,50,24,26,FMN GV 03 Hove
46,Statielei 16,2019-08-14,20:00:00,33,24,9,FMN GV 03 Hove
46,Statielei 16,2019-08-14,21:00:00,43,28,15,FMN GV 03 Hove
46,Statielei 16,2019-08-14,22:00:00,28,9,19,FMN GV 03 Hove
46,Statielei 16,2019-08-14,23:00:00,12,5,7,FMN GV 03 Hove
46,Statielei 16,2019-08-15,00:00:00,5,1,4,FMN GV 03 Hove
46,Statielei 16,2019-08-15,01:00:00,9,3,6,FMN GV 03 Hove
46,Statielei 16,2019-08-15,02:00:00,5,0,5,FMN GV 03 Hove
46,Statielei 16,2019-08-15,03:00:00,1,0,1,FMN GV 03 Hove
46,Statielei 16,2019-08-15,04:00:00,7,4,3,FMN GV 03 Hove
46,Statielei 16,2019-08-15,05:00:00,11,8,3,FMN GV 03 Hove
46,Statielei 16,2019-08-15,06:00:00,6,6,0,FMN GV 03 Hove
46,Statielei 16,2019-08-15,07:00:00,10,6,4,FMN GV 03 Hove
46,Statielei 16,2019-08-15,08:00:00,17,9,8,FMN GV 03 Hove
46,Statielei 16,2019-08-15,09:00:00,37,15,22,FMN GV 03 Hove
46,Statielei 16,2019-08-15,10:00:00,44,27,17,FMN GV 03 Hove
46,Statielei 16,2019-08-15,11:00:00,40,27,13,FMN GV 03 Hove
46,Statielei 16,2019-08-15,12:00:00,60,34,26,FMN GV 03 Hove
46,Statielei 16,2019-08-15,13:00:00,62,40,22,FMN GV 03 Hove
46,Statielei 16,2019-08-15,14:00:00,78,37,41,FMN GV 03 Hove
46,Statielei 16,2019-08-15,15:00:00,72,31,41,FMN GV 03 Hove
46,Statielei 16,2019-08-15,16:00:00,59,19,40,FMN GV 03 Hove
46,Statielei 16,2019-08-15,17:00:00,72,39,33,FMN GV 03 Hove
46,Statielei 16,2019-08-15,18:00:00,62,39,23,FMN GV 03 Hove
46,Statielei 16,2019-08-15,19:00:00,32,19,13,FMN GV 03 Hove
46,Statielei 16,2019-08-15,20:00:00,30,10,20,FMN GV 03 Hove
46,Statielei 16,2019-08-15,21:00:00,55,33,22,FMN GV 03 Hove
46,Statielei 16,2019-08-15,22:00:00,21,10,11,FMN GV 03 Hove
46,Statielei 16,2019-08-15,23:00:00,10,5,5,FMN GV 03 Hove
46,Statielei 16,2019-08-16,00:00:00,5,2,3,FMN GV 03 Hove
46,Statielei 16,2019-08-16,01:00:00,10,6,4,FMN GV 03 Hove
46,Statielei 16,2019-08-16,02:00:00,2,2,0,FMN GV 03 Hove
46,Statielei 16,2019-08-16,03:00:00,1,0,1,FMN GV 03 Hove
46,Statielei 16,2019-08-16,04:00:00,13,8,5,FMN GV 03 Hove
46,Statielei 16,2019-08-16,05:00:00,19,13,6,FMN GV 03 Hove
46,Statielei 16,2019-08-16,06:00:00,39,30,9,FMN GV 03 Hove
46,Statielei 16,2019-08-16,07:00:00,70,52,18,FMN GV 03 Hove
46,Statielei 16,2019-08-16,08:00:00,84,54,30,FMN GV 03 Hove
46,Statielei 16,2019-08-16,09:00:00,66,34,32,FMN GV 03 Hove
46,Statielei 16,2019-08-16,10:00:00,94,46,48,FMN GV 03 Hove
46,Statielei 16,2019-08-16,11:00:00,115,62,53,FMN GV 03 Hove
46,Statielei 16,2019-08-16,12:00:00,122,69,53,FMN GV 03 Hove
46,Statielei 16,2019-08-16,13:00:00,135,84,51,FMN GV 03 Hove
46,Statielei 16,2019-08-16,14:00:00,148,78,70,FMN GV 03 Hove
46,Statielei 16,2019-08-16,15:00:00,166,76,90,FMN GV 03 Hove
46,Statielei 16,2019-08-16,16:00:00,161,69,92,FMN GV 03 Hove
46,Statielei 16,2019-08-16,17:00:00,182,82,100,FMN GV 03 Hove
46,Statielei 16,2019-08-16,18:00:00,103,53,50,FMN GV 03 Hove
46,Statielei 16,2019-08-16,19:00:00,62,38,24,FMN GV 03 Hove
46,Statielei 16,2019-08-16,20:00:00,60,32,28,FMN GV 03 Hove
46,Statielei 16,2019-08-16,21:00:00,23,11,12,FMN GV 03 Hove
46,Statielei 16,2019-08-16,22:00:00,18,8,10,FMN GV 03 Hove
46,Statielei 16,2019-08-16,23:00:00,20,12,8,FMN GV 03 Hove
46,Statielei 16,2019-08-17,00:00:00,13,3,10,FMN GV 03 Hove
46,Statielei 16,2019-08-17,01:00:00,10,1,9,FMN GV 03 Hove
46,Statielei 16,2019-08-17,02:00:00,8,5,3,FMN GV 03 Hove
46,Statielei 16,2019-08-17,03:00:00,6,2,4,FMN GV 03 Hove
46,Statielei 16,2019-08-17,04:00:00,6,4,2,FMN GV 03 Hove
46,Statielei 16,2019-08-17,05:00:00,8,6,2,FMN GV 03 Hove
46,Statielei 16,2019-08-17,06:00:00,13,9,4,FMN GV 03 Hove
46,Statielei 16,2019-08-17,07:00:00,10,5,5,FMN GV 03 Hove
46,Statielei 16,2019-08-17,08:00:00,17,8,9,FMN GV 03 Hove
46,Statielei 16,2019-08-17,09:00:00,21,12,9,FMN GV 03 Hove
46,Statielei 16,2019-08-17,10:00:00,35,18,17,FMN GV 03 Hove
46,Statielei 16,2019-08-17,11:00:00,29,16,13,FMN GV 03 Hove
46,Statielei 16,2019-08-17,12:00:00,35,22,13,FMN GV 03 Hove
46,Statielei 16,2019-08-17,13:00:00,53,27,26,FMN GV 03 Hove
46,Statielei 16,2019-08-17,14:00:00,57,30,27,FMN GV 03 Hove
46,Statielei 16,2019-08-17,15:00:00,44,20,24,FMN GV 03 Hove
46,Statielei 16,2019-08-17,16:00:00,58,34,24,FMN GV 03 Hove
46,Statielei 16,2019-08-17,17:00:00,49,30,19,FMN GV 03 Hove
46,Statielei 16,2019-08-17,18:00:00,32,13,19,FMN GV 03 Hove
46,Statielei 16,2019-08-17,19:00:00,27,12,15,FMN GV 03 Hove
46,Statielei 16,2019-08-17,20:00:00,18,14,4,FMN GV 03 Hove
46,Statielei 16,2019-08-17,21:00:00,30,11,19,FMN GV 03 Hove
46,Statielei 16,2019-08-17,22:00:00,10,7,3,FMN GV 03 Hove
46,Statielei 16,2019-08-17,23:00:00,11,3,8,FMN GV 03 Hove
46,Statielei 16,2019-08-18,00:00:00,16,8,8,FMN GV 03 Hove
46,Statielei 16,2019-08-18,01:00:00,7,1,6,FMN GV 03 Hove
46,Statielei 16,2019-08-18,02:00:00,6,0,6,FMN GV 03 Hove
46,Statielei 16,2019-08-18,03:00:00,1,0,1,FMN GV 03 Hove
46,Statielei 16,2019-08-18,04:00:00,3,3,0,FMN GV 03 Hove
46,Statielei 16,2019-08-18,05:00:00,4,3,1,FMN GV 03 Hove
46,Statielei 16,2019-08-18,06:00:00,9,6,3,FMN GV 03 Hove
46,Statielei 16,2019-08-18,07:00:00,10,3,7,FMN GV 03 Hove
46,Statielei 16,2019-08-18,08:00:00,15,4,11,FMN GV 03 Hove
46,Statielei 16,2019-08-18,09:00:00,16,7,9,FMN GV 03 Hove
46,Statielei 16,2019-08-18,10:00:00,17,9,8,FMN GV 03 Hove
46,Statielei 16,2019-08-18,11:00:00,24,6,18,FMN GV 03 Hove
46,Statielei 16,2019-08-18,12:00:00,43,27,16,FMN GV 03 Hove
46,Statielei 16,2019-08-18,13:00:00,39,18,21,FMN GV 03 Hove
46,Statielei 16,2019-08-18,14:00:00,51,24,27,FMN GV 03 Hove
46,Statielei 16,2019-08-18,15:00:00,77,34,43,FMN GV 03 Hove
46,Statielei 16,2019-08-18,16:00:00,69,46,23,FMN GV 03 Hove
46,Statielei 16,2019-08-18,17:00:00,68,46,22,FMN GV 03 Hove
46,Statielei 16,2019-08-18,18:00:00,74,37,37,FMN GV 03 Hove
46,Statielei 16,2019-08-18,19:00:00,31,19,12,FMN GV 03 Hove
46,Statielei 16,2019-08-18,20:00:00,40,30,10,FMN GV 03 Hove
46,Statielei 16,2019-08-18,21:00:00,31,18,13,FMN GV 03 Hove
46,Statielei 16,2019-08-18,22:00:00,15,9,6,FMN GV 03 Hove
46,Statielei 16,2019-08-18,23:00:00,16,2,14,FMN GV 03 Hove
46,Statielei 16,2019-08-19,00:00:00,6,3,3,FMN GV 03 Hove
46,Statielei 16,2019-08-19,01:00:00,4,1,3,FMN GV 03 Hove
46,Statielei 16,2019-08-19,02:00:00,2,1,1,FMN GV 03 Hove
46,Statielei 16,2019-08-19,03:00:00,6,1,5,FMN GV 03 Hove
46,Statielei 16,2019-08-19,04:00:00,6,5,1,FMN GV 03 Hove
46,Statielei 16,2019-08-19,05:00:00,30,20,10,FMN GV 03 Hove
46,Statielei 16,2019-08-19,06:00:00,92,74,18,FMN GV 03 Hove
46,Statielei 16,2019-08-19,07:00:00,234,175,59,FMN GV 03 Hove
46,Statielei 16,2019-08-19,08:00:00,249,207,42,FMN GV 03 Hove
46,Statielei 16,2019-08-19,09:00:00,83,62,21,FMN GV 03 Hove
46,Statielei 16,2019-08-19,10:00:00,76,38,38,FMN GV 03 Hove
46,Statielei 16,2019-08-19,11:00:00,96,50,46,FMN GV 03 Hove
46,Statielei 16,2019-08-19,12:00:00,114,78,36,FMN GV 03 Hove
46,Statielei 16,2019-08-19,13:00:00,108,64,44,FMN GV 03 Hove
46,Statielei 16,2019-08-19,14:00:00,96,46,50,FMN GV 03 Hove
46,Statielei 16,2019-08-19,15:00:00,102,50,52,FMN GV 03 Hove
46,Statielei 16,2019-08-19,16:00:00,189,54,135,FMN GV 03 Hove
46,Statielei 16,2019-08-19,17:00:00,301,92,209,FMN GV 03 Hove
46,Statielei 16,2019-08-19,18:00:00,218,64,154,FMN GV 03 Hove
46,Statielei 16,2019-08-19,19:00:00,100,48,52,FMN GV 03 Hove
46,Statielei 16,2019-08-19,20:00:00,67,44,23,FMN GV 03 Hove
46,Statielei 16,2019-08-19,21:00:00,34,18,16,FMN GV 03 Hove
46,Statielei 16,2019-08-19,22:00:00,24,10,14,FMN GV 03 Hove
46,Statielei 16,2019-08-19,23:00:00,10,3,7,FMN GV 03 Hove
46,Statielei 16,2019-08-20,00:00:00,10,4,6,FMN GV 03 Hove
46,Statielei 16,2019-08-20,01:00:00,0,0,0,FMN GV 03 Hove
46,Statielei 16,2019-08-20,02:00:00,4,4,0,FMN GV 03 Hove
46,Statielei 16,2019-08-20,03:00:00,2,1,1,FMN GV 03 Hove
46,Statielei 16,2019-08-20,04:00:00,7,4,3,FMN GV 03 Hove
46,Statielei 16,2019-08-20,05:00:00,26,18,8,FMN GV 03 Hove
46,Statielei 16,2019-08-20,06:00:00,112,81,31,FMN GV 03 Hove
46,Statielei 16,2019-08-20,07:00:00,288,212,76,FMN GV 03 Hove
46,Statielei 16,2019-08-20,08:00:00,308,242,66,FMN GV 03 Hove
46,Statielei 16,2019-08-20,09:00:00,99,76,23,FMN GV 03 Hove
46,Statielei 16,2019-08-20,10:00:00,84,54,30,FMN GV 03 Hove
46,Statielei 16,2019-08-20,11:00:00,91,55,36,FMN GV 03 Hove
46,Statielei 16,2019-08-20,12:00:00,113,63,50,FMN GV 03 Hove
46,Statielei 16,2019-08-20,13:00:00,116,60,56,FMN GV 03 Hove
46,Statielei 16,2019-08-20,14:00:00,115,59,56,FMN GV 03 Hove
46,Statielei 16,2019-08-20,15:00:00,147,69,78,FMN GV 03 Hove
46,Statielei 16,2019-08-20,16:00:00,265,83,182,FMN GV 03 Hove
46,Statielei 16,2019-08-20,17:00:00,330,112,218,FMN GV 03 Hove
46,Statielei 16,2019-08-20,18:00:00,253,82,171,FMN GV 03 Hove
46,Statielei 16,2019-08-20,19:00:00,126,61,65,FMN GV 03 Hove
46,Statielei 16,2019-08-20,20:00:00,97,58,39,FMN GV 03 Hove
46,Statielei 16,2019-08-20,21:00:00,52,24,28,FMN GV 03 Hove
46,Statielei 16,2019-08-20,22:00:00,43,22,21,FMN GV 03 Hove
46,Statielei 16,2019-08-20,23:00:00,17,9,8,FMN GV 03 Hove
46,Statielei 16,2019-08-21,00:00:00,16,6,10,FMN GV 03 Hove
46,Statielei 16,2019-08-21,01:00:00,4,0,4,FMN GV 03 Hove
46,Statielei 16,2019-08-21,02:00:00,6,4,2,FMN GV 03 Hove
46,Statielei 16,2019-08-21,03:00:00,4,2,2,FMN GV 03 Hove
46,Statielei 16,2019-08-21,04:00:00,10,6,4,FMN GV 03 Hove
46,Statielei 16,2019-08-21,05:00:00,30,19,11,FMN GV 03 Hove
46,Statielei 16,2019-08-21,06:00:00,105,82,23,FMN GV 03 Hove
46,Statielei 16,2019-08-21,07:00:00,248,183,65,FMN GV 03 Hove
46,Statielei 16,2019-08-21,08:00:00,285,216,69,FMN GV 03 Hove
46,Statielei 16,2019-08-21,09:00:00,173,136,37,FMN GV 03 Hove
46,Statielei 16,2019-08-21,10:00:00,185,116,69,FMN GV 03 Hove
46,Statielei 16,2019-08-21,11:00:00,171,105,66,FMN GV 03 Hove
46,Statielei 16,2019-08-21,12:00:00,176,66,110,FMN GV 03 Hove
46,Statielei 16,2019-08-21,13:00:00,141,59,82,FMN GV 03 Hove
46,Statielei 16,2019-08-21,14:00:00,154,79,75,FMN GV 03 Hove
46,Statielei 16,2019-08-21,15:00:00,183,96,87,FMN GV 03 Hove
46,Statielei 16,2019-08-21,16:00:00,263,131,132,FMN GV 03 Hove
46,Statielei 16,2019-08-21,17:00:00,313,95,218,FMN GV 03 Hove
46,Statielei 16,2019-08-21,18:00:00,233,85,148,FMN GV 03 Hove
46,Statielei 16,2019-08-21,19:00:00,136,62,74,FMN GV 03 Hove
46,Statielei 16,2019-08-21,20:00:00,112,78,34,FMN GV 03 Hove
46,Statielei 16,2019-08-21,21:00:00,69,37,32,FMN GV 03 Hove
46,Statielei 16,2019-08-21,22:00:00,38,13,25,FMN GV 03 Hove
46,Statielei 16,2019-08-21,23:00:00,31,18,13,FMN GV 03 Hove
46,Statielei 16,2019-08-22,00:00:00,19,5,14,FMN GV 03 Hove
46,Statielei 16,2019-08-22,01:00:00,7,2,5,FMN GV 03 Hove
46,Statielei 16,2019-08-22,02:00:00,6,3,3,FMN GV 03 Hove
46,Statielei 16,2019-08-22,03:00:00,5,0,5,FMN GV 03 Hove
46,Statielei 16,2019-08-22,04:00:00,11,9,2,FMN GV 03 Hove
46,Statielei 16,2019-08-22,05:00:00,20,11,9,FMN GV 03 Hove
46,Statielei 16,2019-08-22,06:00:00,105,80,25,FMN GV 03 Hove
46,Statielei 16,2019-08-22,07:00:00,264,193,71,FMN GV 03 Hove
46,Statielei 16,2019-08-22,08:00:00,303,233,70,FMN GV 03 Hove
46,Statielei 16,2019-08-22,09:00:00,97,80,17,FMN GV 03 Hove
46,Statielei 16,2019-08-22,10:00:00,116,64,52,FMN GV 03 Hove
46,Statielei 16,2019-08-22,11:00:00,105,63,42,FMN GV 03 Hove
46,Statielei 16,2019-08-22,12:00:00,137,69,68,FMN GV 03 Hove
46,Statielei 16,2019-08-22,13:00:00,144,82,62,FMN GV 03 Hove
46,Statielei 16,2019-08-22,14:00:00,142,67,75,FMN GV 03 Hove
46,Statielei 16,2019-08-22,15:00:00,147,66,81,FMN GV 03 Hove
46,Statielei 16,2019-08-22,16:00:00,245,94,151,FMN GV 03 Hove
46,Statielei 16,2019-08-22,17:00:00,364,127,237,FMN GV 03 Hove
46,Statielei 16,2019-08-22,18:00:00,246,105,141,FMN GV 03 Hove
46,Statielei 16,2019-08-22,19:00:00,132,64,68,FMN GV 03 Hove
46,Statielei 16,2019-08-22,20:00:00,91,56,35,FMN GV 03 Hove
46,Statielei 16,2019-08-22,21:00:00,60,36,24,FMN GV 03 Hove
46,Statielei 16,2019-08-22,22:00:00,34,13,21,FMN GV 03 Hove
46,Statielei 16,2019-08-22,23:00:00,22,8,14,FMN GV 03 Hove
46,Statielei 16,2019-08-23,00:00:00,26,13,13,FMN GV 03 Hove
46,Statielei 16,2019-08-23,01:00:00,6,3,3,FMN GV 03 Hove
46,Statielei 16,2019-08-23,02:00:00,11,4,7,FMN GV 03 Hove
46,Statielei 16,2019-08-23,03:00:00,3,2,1,FMN GV 03 Hove
46,Statielei 16,2019-08-23,04:00:00,9,5,4,FMN GV 03 Hove
46,Statielei 16,2019-08-23,05:00:00,21,13,8,FMN GV 03 Hove
46,Statielei 16,2019-08-23,06:00:00,86,62,24,FMN GV 03 Hove
46,Statielei 16,2019-08-23,07:00:00,198,144,54,FMN GV 03 Hove
46,Statielei 16,2019-08-23,08:00:00,252,190,62,FMN GV 03 Hove
46,Statielei 16,2019-08-23,09:00:00,125,87,38,FMN GV 03 Hove
46,Statielei 16,2019-08-23,10:00:00,108,66,42,FMN GV 03 Hove
46,Statielei 16,2019-08-23,11:00:00,112,56,56,FMN GV 03 Hove
46,Statielei 16,2019-08-23,12:00:00,111,53,58,FMN GV 03 Hove
46,Statielei 16,2019-08-23,13:00:00,181,105,76,FMN GV 03 Hove
46,Statielei 16,2019-08-23,14:00:00,144,65,79,FMN GV 03 Hove
46,Statielei 16,2019-08-23,15:00:00,181,86,95,FMN GV 03 Hove
46,Statielei 16,2019-08-23,16:00:00,251,94,157,FMN GV 03 Hove
46,Statielei 16,2019-08-23,17:00:00,280,93,187,FMN GV 03 Hove
46,Statielei 16,2019-08-23,18:00:00,205,94,111,FMN GV 03 Hove
46,Statielei 16,2019-08-23,19:00:00,118,64,54,FMN GV 03 Hove
46,Statielei 16,2019-08-23,20:00:00,89,36,53,FMN GV 03 Hove
46,Statielei 16,2019-08-23,21:00:00,75,40,35,FMN GV 03 Hove
46,Statielei 16,2019-08-23,22:00:00,40,21,19,FMN GV 03 Hove
46,Statielei 16,2019-08-23,23:00:00,40,9,31,FMN GV 03 Hove
46,Statielei 16,2019-08-24,00:00:00,45,19,26,FMN GV 03 Hove
46,Statielei 16,2019-08-24,01:00:00,23,11,12,FMN GV 03 Hove
46,Statielei 16,2019-08-24,02:00:00,30,23,7,FMN GV 03 Hove
46,Statielei 16,2019-08-24,03:00:00,11,9,2,FMN GV 03 Hove
46,Statielei 16,2019-08-24,04:00:00,10,6,4,FMN GV 03 Hove
46,Statielei 16,2019-08-24,05:00:00,15,11,4,FMN GV 03 Hove
46,Statielei 16,2019-08-24,06:00:00,18,5,13,FMN GV 03 Hove
46,Statielei 16,2019-08-24,07:00:00,14,8,6,FMN GV 03 Hove
46,Statielei 16,2019-08-24,08:00:00,47,30,17,FMN GV 03 Hove
46,Statielei 16,2019-08-24,09:00:00,67,38,29,FMN GV 03 Hove
46,Statielei 16,2019-08-24,10:00:00,134,73,61,FMN GV 03 Hove
46,Statielei 16,2019-08-24,11:00:00,138,83,55,FMN GV 03 Hove
46,Statielei 16,2019-08-24,12:00:00,158,71,87,FMN GV 03 Hove
46,Statielei 16,2019-08-24,13:00:00,165,99,66,FMN GV 03 Hove
46,Statielei 16,2019-08-24,14:00:00,185,92,93,FMN GV 03 Hove
46,Statielei 16,2019-08-24,15:00:00,183,92,91,FMN GV 03 Hove
46,Statielei 16,2019-08-24,16:00:00,168,99,69,FMN GV 03 Hove
46,Statielei 16,2019-08-24,17:00:00,151,77,74,FMN GV 03 Hove
46,Statielei 16,2019-08-24,18:00:00,124,61,63,FMN GV 03 Hove
46,Statielei 16,2019-08-24,19:00:00,77,36,41,FMN GV 03 Hove
46,Statielei 16,2019-08-24,20:00:00,82,33,49,FMN GV 03 Hove
46,Statielei 16,2019-08-24,21:00:00,84,39,45,FMN GV 03 Hove
46,Statielei 16,2019-08-24,22:00:00,56,33,23,FMN GV 03 Hove
46,Statielei 16,2019-08-24,23:00:00,50,22,28,FMN GV 03 Hove
46,Statielei 16,2019-08-25,00:00:00,35,22,13,FMN GV 03 Hove
46,Statielei 16,2019-08-25,01:00:00,22,10,12,FMN GV 03 Hove
46,Statielei 16,2019-08-25,02:00:00,24,19,5,FMN GV 03 Hove
46,Statielei 16,2019-08-25,03:00:00,22,15,7,FMN GV 03 Hove
46,Statielei 16,2019-08-25,04:00:00,10,4,6,FMN GV 03 Hove
46,Statielei 16,2019-08-25,05:00:00,6,4,2,FMN GV 03 Hove
46,Statielei 16,2019-08-25,06:00:00,14,5,9,FMN GV 03 Hove
46,Statielei 16,2019-08-25,07:00:00,16,5,11,FMN GV 03 Hove
46,Statielei 16,2019-08-25,08:00:00,45,25,20,FMN GV 03 Hove
46,Statielei 16,2019-08-25,09:00:00,92,32,60,FMN GV 03 Hove
46,Statielei 16,2019-08-25,10:00:00,153,72,81,FMN GV 03 Hove
46,Statielei 16,2019-08-25,11:00:00,223,157,66,FMN GV 03 Hove
46,Statielei 16,2019-08-25,12:00:00,208,129,79,FMN GV 03 Hove
46,Statielei 16,2019-08-25,13:00:00,207,117,90,FMN GV 03 Hove
46,Statielei 16,2019-08-25,14:00:00,213,130,83,FMN GV 03 Hove
46,Statielei 16,2019-08-25,15:00:00,211,121,90,FMN GV 03 Hove
46,Statielei 16,2019-08-25,16:00:00,155,77,78,FMN GV 03 Hove
46,Statielei 16,2019-08-25,17:00:00,131,64,67,FMN GV 03 Hove
46,Statielei 16,2019-08-25,18:00:00,132,69,63,FMN GV 03 Hove
46,Statielei 16,2019-08-25,19:00:00,84,37,47,FMN GV 03 Hove
46,Statielei 16,2019-08-25,20:00:00,100,60,40,FMN GV 03 Hove
46,Statielei 16,2019-08-25,21:00:00,64,34,30,FMN GV 03 Hove
46,Statielei 16,2019-08-25,22:00:00,49,25,24,FMN GV 03 Hove
46,Statielei 16,2019-08-25,23:00:00,11,6,5,FMN GV 03 Hove
46,Statielei 16,2019-08-26,00:00:00,13,4,9,FMN GV 03 Hove
46,Statielei 16,2019-08-26,01:00:00,2,0,2,FMN GV 03 Hove
46,Statielei 16,2019-08-26,02:00:00,3,2,1,FMN GV 03 Hove
46,Statielei 16,2019-08-26,03:00:00,3,1,2,FMN GV 03 Hove
46,Statielei 16,2019-08-26,04:00:00,5,1,4,FMN GV 03 Hove
46,Statielei 16,2019-08-26,05:00:00,19,13,6,FMN GV 03 Hove
46,Statielei 16,2019-08-26,06:00:00,120,90,30,FMN GV 03 Hove
46,Statielei 16,2019-08-26,07:00:00,253,197,56,FMN GV 03 Hove
46,Statielei 16,2019-08-26,08:00:00,327,248,79,FMN GV 03 Hove
46,Statielei 16,2019-08-26,09:00:00,129,95,34,FMN GV 03 Hove
46,Statielei 16,2019-08-26,10:00:00,101,66,35,FMN GV 03 Hove
46,Statielei 16,2019-08-26,11:00:00,118,73,45,FMN GV 03 Hove
46,Statielei 16,2019-08-26,12:00:00,83,40,43,FMN GV 03 Hove
46,Statielei 16,2019-08-26,13:00:00,101,62,39,FMN GV 03 Hove
46,Statielei 16,2019-08-26,14:00:00,116,63,53,FMN GV 03 Hove
46,Statielei 16,2019-08-26,15:00:00,142,61,81,FMN GV 03 Hove
46,Statielei 16,2019-08-26,16:00:00,222,84,138,FMN GV 03 Hove
46,Statielei 16,2019-08-26,17:00:00,331,103,228,FMN GV 03 Hove
46,Statielei 16,2019-08-26,18:00:00,255,105,150,FMN GV 03 Hove
46,Statielei 16,2019-08-26,19:00:00,130,52,78,FMN GV 03 Hove
46,Statielei 16,2019-08-26,20:00:00,102,63,39,FMN GV 03 Hove
46,Statielei 16,2019-08-26,21:00:00,40,24,16,FMN GV 03 Hove
46,Statielei 16,2019-08-26,22:00:00,46,10,36,FMN GV 03 Hove
46,Statielei 16,2019-08-26,23:00:00,17,7,10,FMN GV 03 Hove
46,Statielei 16,2019-08-27,00:00:00,4,1,3,FMN GV 03 Hove
46,Statielei 16,2019-08-27,01:00:00,4,4,0,FMN GV 03 Hove
46,Statielei 16,2019-08-27,02:00:00,5,2,3,FMN GV 03 Hove
46,Statielei 16,2019-08-27,03:00:00,5,3,2,FMN GV 03 Hove
46,Statielei 16,2019-08-27,04:00:00,7,2,5,FMN GV 03 Hove
46,Statielei 16,2019-08-27,05:00:00,25,11,14,FMN GV 03 Hove
46,Statielei 16,2019-08-27,06:00:00,134,96,38,FMN GV 03 Hove
46,Statielei 16,2019-08-27,07:00:00,305,226,79,FMN GV 03 Hove
46,Statielei 16,2019-08-27,08:00:00,336,255,81,FMN GV 03 Hove
46,Statielei 16,2019-08-27,09:00:00,147,100,47,FMN GV 03 Hove
46,Statielei 16,2019-08-27,10:00:00,80,53,27,FMN GV 03 Hove
46,Statielei 16,2019-08-27,11:00:00,79,43,36,FMN GV 03 Hove
46,Statielei 16,2019-08-27,12:00:00,98,60,38,FMN GV 03 Hove
46,Statielei 16,2019-08-27,13:00:00,82,40,42,FMN GV 03 Hove
46,Statielei 16,2019-08-27,14:00:00,99,45,54,FMN GV 03 Hove
46,Statielei 16,2019-08-27,15:00:00,128,47,81,FMN GV 03 Hove
46,Statielei 16,2019-08-27,16:00:00,254,87,167,FMN GV 03 Hove
46,Statielei 16,2019-08-27,17:00:00,321,93,228,FMN GV 03 Hove
46,Statielei 16,2019-08-27,18:00:00,271,97,174,FMN GV 03 Hove
46,Statielei 16,2019-08-27,19:00:00,134,66,68,FMN GV 03 Hove
46,Statielei 16,2019-08-27,20:00:00,106,67,39,FMN GV 03 Hove
46,Statielei 16,2019-08-27,21:00:00,58,37,21,FMN GV 03 Hove
46,Statielei 16,2019-08-27,22:00:00,55,26,29,FMN GV 03 Hove
46,Statielei 16,2019-08-27,23:00:00,25,8,17,FMN GV 03 Hove
46,Statielei 16,2019-08-28,00:00:00,27,8,19,FMN GV 03 Hove
46,Statielei 16,2019-08-28,01:00:00,12,7,5,FMN GV 03 Hove
46,Statielei 16,2019-08-28,02:00:00,3,3,0,FMN GV 03 Hove
46,Statielei 16,2019-08-28,03:00:00,2,1,1,FMN GV 03 Hove
46,Statielei 16,2019-08-28,04:00:00,11,5,6,FMN GV 03 Hove
46,Statielei 16,2019-08-28,05:00:00,26,14,12,FMN GV 03 Hove
46,Statielei 16,2019-08-28,06:00:00,116,88,28,FMN GV 03 Hove
46,Statielei 16,2019-08-28,07:00:00,250,181,69,FMN GV 03 Hove
46,Statielei 16,2019-08-28,08:00:00,197,161,36,FMN GV 03 Hove
46,Statielei 16,2019-08-28,09:00:00,93,75,18,FMN GV 03 Hove
46,Statielei 16,2019-08-28,10:00:00,106,69,37,FMN GV 03 Hove
46,Statielei 16,2019-08-28,11:00:00,118,61,57,FMN GV 03 Hove
46,Statielei 16,2019-08-28,12:00:00,134,67,67,FMN GV 03 Hove
46,Statielei 16,2019-08-28,13:00:00,101,54,47,FMN GV 03 Hove
46,Statielei 16,2019-08-28,14:00:00,109,46,63,FMN GV 03 Hove
46,Statielei 16,2019-08-28,15:00:00,148,64,84,FMN GV 03 Hove
46,Statielei 16,2019-08-28,16:00:00,221,86,135,FMN GV 03 Hove
46,Statielei 16,2019-08-28,17:00:00,283,89,194,FMN GV 03 Hove
46,Statielei 16,2019-08-28,18:00:00,191,67,124,FMN GV 03 Hove
46,Statielei 16,2019-08-28,19:00:00,110,42,68,FMN GV 03 Hove
46,Statielei 16,2019-08-28,20:00:00,82,53,29,FMN GV 03 Hove
46,Statielei 16,2019-08-28,21:00:00,65,30,35,FMN GV 03 Hove
46,Statielei 16,2019-08-28,22:00:00,36,17,19,FMN GV 03 Hove
46,Statielei 16,2019-08-28,23:00:00,21,9,12,FMN GV 03 Hove
46,Statielei 16,2019-08-29,00:00:00,15,4,11,FMN GV 03 Hove
46,Statielei 16,2019-08-29,01:00:00,5,1,4,FMN GV 03 Hove
46,Statielei 16,2019-08-29,02:00:00,2,1,1,FMN GV 03 Hove
46,Statielei 16,2019-08-29,03:00:00,3,1,2,FMN GV 03 Hove
46,Statielei 16,2019-08-29,04:00:00,7,4,3,FMN GV 03 Hove
46,Statielei 16,2019-08-29,05:00:00,19,12,7,FMN GV 03 Hove
46,Statielei 16,2019-08-29,06:00:00,99,78,21,FMN GV 03 Hove
46,Statielei 16,2019-08-29,07:00:00,254,195,59,FMN GV 03 Hove
46,Statielei 16,2019-08-29,08:00:00,318,256,62,FMN GV 03 Hove
46,Statielei 16,2019-08-29,09:00:00,110,78,32,FMN GV 03 Hove
46,Statielei 16,2019-08-29,10:00:00,80,60,20,FMN GV 03 Hove
46,Statielei 16,2019-08-29,11:00:00,90,44,46,FMN GV 03 Hove
46,Statielei 16,2019-08-29,12:00:00,84,46,38,FMN GV 03 Hove
46,Statielei 16,2019-08-29,13:00:00,98,55,43,FMN GV 03 Hove
46,Statielei 16,2019-08-29,14:00:00,119,62,57,FMN GV 03 Hove
46,Statielei 16,2019-08-29,15:00:00,128,61,67,FMN GV 03 Hove
46,Statielei 16,2019-08-29,16:00:00,226,80,146,FMN GV 03 Hove
46,Statielei 16,2019-08-29,17:00:00,333,105,228,FMN GV 03 Hove
46,Statielei 16,2019-08-29,18:00:00,231,82,149,FMN GV 03 Hove
46,Statielei 16,2019-08-29,19:00:00,116,59,57,FMN GV 03 Hove
46,Statielei 16,2019-08-29,20:00:00,103,64,39,FMN GV 03 Hove
46,Statielei 16,2019-08-29,21:00:00,30,15,15,FMN GV 03 Hove
46,Statielei 16,2019-08-29,22:00:00,37,18,19,FMN GV 03 Hove
46,Statielei 16,2019-08-29,23:00:00,29,10,19,FMN GV 03 Hove
46,Statielei 16,2019-08-30,00:00:00,18,8,10,FMN GV 03 Hove
46,Statielei 16,2019-08-30,01:00:00,3,1,2,FMN GV 03 Hove
46,Statielei 16,2019-08-30,02:00:00,9,7,2,FMN GV 03 Hove
46,Statielei 16,2019-08-30,03:00:00,9,3,6,FMN GV 03 Hove
46,Statielei 16,2019-08-30,04:00:00,6,4,2,FMN GV 03 Hove
46,Statielei 16,2019-08-30,05:00:00,23,14,9,FMN GV 03 Hove
46,Statielei 16,2019-08-30,06:00:00,90,73,17,FMN GV 03 Hove
46,Statielei 16,2019-08-30,07:00:00,217,156,61,FMN GV 03 Hove
46,Statielei 16,2019-08-30,08:00:00,269,220,49,FMN GV 03 Hove
46,Statielei 16,2019-08-30,09:00:00,109,75,34,FMN GV 03 Hove
46,Statielei 16,2019-08-30,10:00:00,86,53,33,FMN GV 03 Hove
46,Statielei 16,2019-08-30,11:00:00,100,50,50,FMN GV 03 Hove
46,Statielei 16,2019-08-30,12:00:00,138,81,57,FMN GV 03 Hove
46,Statielei 16,2019-08-30,13:00:00,174,88,86,FMN GV 03 Hove
46,Statielei 16,2019-08-30,14:00:00,151,84,67,FMN GV 03 Hove
46,Statielei 16,2019-08-30,15:00:00,182,80,102,FMN GV 03 Hove
46,Statielei 16,2019-08-30,16:00:00,270,109,161,FMN GV 03 Hove
46,Statielei 16,2019-08-30,17:00:00,268,88,180,FMN GV 03 Hove
46,Statielei 16,2019-08-30,18:00:00,218,87,131,FMN GV 03 Hove
46,Statielei 16,2019-08-30,19:00:00,120,53,67,FMN GV 03 Hove
46,Statielei 16,2019-08-30,20:00:00,81,44,37,FMN GV 03 Hove
46,Statielei 16,2019-08-30,21:00:00,47,28,19,FMN GV 03 Hove
46,Statielei 16,2019-08-30,22:00:00,41,20,21,FMN GV 03 Hove
46,Statielei 16,2019-08-30,23:00:00,19,4,15,FMN GV 03 Hove
46,Statielei 16,2019-08-31,00:00:00,27,12,15,FMN GV 03 Hove
46,Statielei 16,2019-08-31,01:00:00,15,4,11,FMN GV 03 Hove
46,Statielei 16,2019-08-31,02:00:00,14,10,4,FMN GV 03 Hove
46,Statielei 16,2019-08-31,03:00:00,16,4,12,FMN GV 03 Hove
46,Statielei 16,2019-08-31,04:00:00,5,2,3,FMN GV 03 Hove
46,Statielei 16,2019-08-31,05:00:00,11,6,5,FMN GV 03 Hove
46,Statielei 16,2019-08-31,06:00:00,13,6,7,FMN GV 03 Hove
46,Statielei 16,2019-08-31,07:00:00,20,10,10,FMN GV 03 Hove
46,Statielei 16,2019-08-31,08:00:00,45,19,26,FMN GV 03 Hove
46,Statielei 16,2019-08-31,09:00:00,66,36,30,FMN GV 03 Hove
46,Statielei 16,2019-08-31,10:00:00,124,70,54,FMN GV 03 Hove
46,Statielei 16,2019-08-31,11:00:00,150,86,64,FMN GV 03 Hove
46,Statielei 16,2019-08-31,12:00:00,139,88,51,FMN GV 03 Hove
46,Statielei 16,2019-08-31,13:00:00,181,114,67,FMN GV 03 Hove
46,Statielei 16,2019-08-31,14:00:00,165,84,81,FMN GV 03 Hove
46,Statielei 16,2019-08-31,15:00:00,185,103,82,FMN GV 03 Hove
46,Statielei 16,2019-08-31,16:00:00,172,84,88,FMN GV 03 Hove
46,Statielei 16,2019-08-31,17:00:00,144,58,86,FMN GV 03 Hove
46,Statielei 16,2019-08-31,18:00:00,98,40,58,FMN GV 03 Hove
46,Statielei 16,2019-08-31,19:00:00,64,47,17,FMN GV 03 Hove
46,Statielei 16,2019-08-31,20:00:00,42,22,20,FMN GV 03 Hove
46,Statielei 16,2019-08-31,21:00:00,44,30,14,FMN GV 03 Hove
46,Statielei 16,2019-08-31,22:00:00,29,14,15,FMN GV 03 Hove
46,Statielei 16,2019-08-31,23:00:00,17,11,6,FMN GV 03 Hove
46,Statielei 16,2019-09-01,00:00:00,22,11,11,FMN GV 03 Hove
46,Statielei 16,2019-09-01,01:00:00,8,4,4,FMN GV 03 Hove
46,Statielei 16,2019-09-01,02:00:00,4,1,3,FMN GV 03 Hove
46,Statielei 16,2019-09-01,03:00:00,6,0,6,FMN GV 03 Hove
46,Statielei 16,2019-09-01,04:00:00,4,2,2,FMN GV 03 Hove
46,Statielei 16,2019-09-01,05:00:00,11,8,3,FMN GV 03 Hove
46,Statielei 16,2019-09-01,06:00:00,13,9,4,FMN GV 03 Hove
46,Statielei 16,2019-09-01,07:00:00,15,7,8,FMN GV 03 Hove
46,Statielei 16,2019-09-01,08:00:00,22,8,14,FMN GV 03 Hove
46,Statielei 16,2019-09-01,09:00:00,91,44,47,FMN GV 03 Hove
46,Statielei 16,2019-09-01,10:00:00,112,56,56,FMN GV 03 Hove
46,Statielei 16,2019-09-01,11:00:00,116,75,41,FMN GV 03 Hove
46,Statielei 16,2019-09-01,12:00:00,127,83,44,FMN GV 03 Hove
46,Statielei 16,2019-09-01,13:00:00,117,70,47,FMN GV 03 Hove
46,Statielei 16,2019-09-01,14:00:00,158,101,57,FMN GV 03 Hove
46,Statielei 16,2019-09-01,15:00:00,162,93,69,FMN GV 03 Hove
46,Statielei 16,2019-09-01,16:00:00,120,56,64,FMN GV 03 Hove
46,Statielei 16,2019-09-01,17:00:00,154,67,87,FMN GV 03 Hove
46,Statielei 16,2019-09-01,18:00:00,76,39,37,FMN GV 03 Hove
46,Statielei 16,2019-09-01,19:00:00,82,43,39,FMN GV 03 Hove
46,Statielei 16,2019-09-01,20:00:00,43,18,25,FMN GV 03 Hove
46,Statielei 16,2019-09-01,21:00:00,30,16,14,FMN GV 03 Hove
46,Statielei 16,2019-09-01,22:00:00,13,6,7,FMN GV 03 Hove
46,Statielei 16,2019-09-01,23:00:00,9,7,2,FMN GV 03 Hove
46,Statielei 16,2019-09-02,00:00:00,5,1,4,FMN GV 03 Hove
46,Statielei 16,2019-09-02,01:00:00,2,0,2,FMN GV 03 Hove
46,Statielei 16,2019-09-02,02:00:00,5,3,2,FMN GV 03 Hove
46,Statielei 16,2019-09-02,03:00:00,1,0,1,FMN GV 03 Hove
46,Statielei 16,2019-09-02,04:00:00,10,8,2,FMN GV 03 Hove
46,Statielei 16,2019-09-02,05:00:00,27,16,11,FMN GV 03 Hove
46,Statielei 16,2019-09-02,06:00:00,101,79,22,FMN GV 03 Hove
46,Statielei 16,2019-09-02,07:00:00,344,271,73,FMN GV 03 Hove
46,Statielei 16,2019-09-02,08:00:00,379,287,92,FMN GV 03 Hove
46,Statielei 16,2019-09-02,09:00:00,180,143,37,FMN GV 03 Hove
46,Statielei 16,2019-09-02,10:00:00,100,68,32,FMN GV 03 Hove
46,Statielei 16,2019-09-02,11:00:00,89,59,30,FMN GV 03 Hove
46,Statielei 16,2019-09-02,12:00:00,95,62,33,FMN GV 03 Hove
46,Statielei 16,2019-09-02,13:00:00,122,63,59,FMN GV 03 Hove
46,Statielei 16,2019-09-02,14:00:00,117,52,65,FMN GV 03 Hove
46,Statielei 16,2019-09-02,15:00:00,219,84,135,FMN GV 03 Hove
46,Statielei 16,2019-09-02,16:00:00,331,98,233,FMN GV 03 Hove
46,Statielei 16,2019-09-02,17:00:00,338,95,243,FMN GV 03 Hove
46,Statielei 16,2019-09-02,18:00:00,266,103,163,FMN GV 03 Hove
46,Statielei 16,2019-09-02,19:00:00,121,61,60,FMN GV 03 Hove
46,Statielei 16,2019-09-02,20:00:00,62,31,31,FMN GV 03 Hove
46,Statielei 16,2019-09-02,21:00:00,42,18,24,FMN GV 03 Hove
46,Statielei 16,2019-09-02,22:00:00,25,7,18,FMN GV 03 Hove
46,Statielei 16,2019-09-02,23:00:00,7,6,1,FMN GV 03 Hove
46,Statielei 16,2019-09-03,00:00:00,4,2,2,FMN GV 03 Hove
46,Statielei 16,2019-09-03,01:00:00,3,0,3,FMN GV 03 Hove
46,Statielei 16,2019-09-03,02:00:00,3,2,1,FMN GV 03 Hove
46,Statielei 16,2019-09-03,03:00:00,2,1,1,FMN GV 03 Hove
46,Statielei 16,2019-09-03,04:00:00,10,6,4,FMN GV 03 Hove
46,Statielei 16,2019-09-03,05:00:00,26,13,13,FMN GV 03 Hove
46,Statielei 16,2019-09-03,06:00:00,134,104,30,FMN GV 03 Hove
46,Statielei 16,2019-09-03,07:00:00,428,332,96,FMN GV 03 Hove
46,Statielei 16,2019-09-03,08:00:00,436,335,101,FMN GV 03 Hove
46,Statielei 16,2019-09-03,09:00:00,117,89,28,FMN GV 03 Hove
46,Statielei 16,2019-09-03,10:00:00,84,52,32,FMN GV 03 Hove
46,Statielei 16,2019-09-03,11:00:00,62,34,28,FMN GV 03 Hove
46,Statielei 16,2019-09-03,12:00:00,97,51,46,FMN GV 03 Hove
46,Statielei 16,2019-09-03,13:00:00,106,60,46,FMN GV 03 Hove
46,Statielei 16,2019-09-03,14:00:00,111,55,56,FMN GV 03 Hove
46,Statielei 16,2019-09-03,15:00:00,161,64,97,FMN GV 03 Hove
46,Statielei 16,2019-09-03,16:00:00,319,88,231,FMN GV 03 Hove
46,Statielei 16,2019-09-03,17:00:00,436,115,321,FMN GV 03 Hove
46,Statielei 16,2019-09-03,18:00:00,252,104,148,FMN GV 03 Hove
46,Statielei 16,2019-09-03,19:00:00,112,48,64,FMN GV 03 Hove
46,Statielei 16,2019-09-03,20:00:00,65,32,33,FMN GV 03 Hove
46,Statielei 16,2019-09-03,21:00:00,42,19,23,FMN GV 03 Hove
46,Statielei 16,2019-09-03,22:00:00,35,14,21,FMN GV 03 Hove
46,Statielei 16,2019-09-03,23:00:00,10,3,7,FMN GV 03 Hove
46,Statielei 16,2019-09-04,00:00:00,9,5,4,FMN GV 03 Hove
46,Statielei 16,2019-09-04,01:00:00,4,1,3,FMN GV 03 Hove
46,Statielei 16,2019-09-04,02:00:00,4,2,2,FMN GV 03 Hove
46,Statielei 16,2019-09-04,03:00:00,1,1,0,FMN GV 03 Hove
46,Statielei 16,2019-09-04,04:00:00,8,5,3,FMN GV 03 Hove
46,Statielei 16,2019-09-04,05:00:00,25,16,9,FMN GV 03 Hove
46,Statielei 16,2019-09-04,06:00:00,88,71,17,FMN GV 03 Hove
46,Statielei 16,2019-09-04,07:00:00,312,243,69,FMN GV 03 Hove
46,Statielei 16,2019-09-04,08:00:00,323,247,76,FMN GV 03 Hove
46,Statielei 16,2019-09-04,09:00:00,142,105,37,FMN GV 03 Hove
46,Statielei 16,2019-09-04,10:00:00,103,60,43,FMN GV 03 Hove
46,Statielei 16,2019-09-04,11:00:00,98,47,51,FMN GV 03 Hove
46,Statielei 16,2019-09-04,12:00:00,201,73,128,FMN GV 03 Hove
46,Statielei 16,2019-09-04,13:00:00,144,53,91,FMN GV 03 Hove
46,Statielei 16,2019-09-04,14:00:00,86,39,47,FMN GV 03 Hove
46,Statielei 16,2019-09-04,15:00:00,52,20,32,FMN GV 03 Hove
46,Statielei 16,2019-09-04,16:00:00,135,34,101,FMN GV 03 Hove
46,Statielei 16,2019-09-04,17:00:00,250,51,199,FMN GV 03 Hove
46,Statielei 16,2019-09-04,18:00:00,165,61,104,FMN GV 03 Hove
46,Statielei 16,2019-09-04,19:00:00,77,37,40,FMN GV 03 Hove
46,Statielei 16,2019-09-04,20:00:00,59,36,23,FMN GV 03 Hove
46,Statielei 16,2019-09-04,21:00:00,34,17,17,FMN GV 03 Hove
46,Statielei 16,2019-09-04,22:00:00,29,9,20,FMN GV 03 Hove
46,Statielei 16,2019-09-04,23:00:00,15,7,8,FMN GV 03 Hove
46,Statielei 16,2019-09-05,00:00:00,6,4,2,FMN GV 03 Hove
46,Statielei 16,2019-09-05,01:00:00,3,1,2,FMN GV 03 Hove
46,Statielei 16,2019-09-05,02:00:00,3,2,1,FMN GV 03 Hove
46,Statielei 16,2019-09-05,03:00:00,3,0,3,FMN GV 03 Hove
46,Statielei 16,2019-09-05,04:00:00,7,4,3,FMN GV 03 Hove
46,Statielei 16,2019-09-05,05:00:00,14,9,5,FMN GV 03 Hove
46,Statielei 16,2019-09-05,06:00:00,90,68,22,FMN GV 03 Hove
46,Statielei 16,2019-09-05,07:00:00,315,246,69,FMN GV 03 Hove
46,Statielei 16,2019-09-05,08:00:00,305,244,61,FMN GV 03 Hove
46,Statielei 16,2019-09-05,09:00:00,79,61,18,FMN GV 03 Hove
46,Statielei 16,2019-09-05,10:00:00,47,32,15,FMN GV 03 Hove
46,Statielei 16,2019-09-05,11:00:00,36,19,17,FMN GV 03 Hove
46,Statielei 16,2019-09-05,12:00:00,64,26,38,FMN GV 03 Hove
46,Statielei 16,2019-09-05,13:00:00,49,26,23,FMN GV 03 Hove
46,Statielei 16,2019-09-05,14:00:00,61,27,34,FMN GV 03 Hove
46,Statielei 16,2019-09-05,15:00:00,104,32,72,FMN GV 03 Hove
46,Statielei 16,2019-09-05,16:00:00,213,51,162,FMN GV 03 Hove
46,Statielei 16,2019-09-05,17:00:00,278,72,206,FMN GV 03 Hove
46,Statielei 16,2019-09-05,18:00:00,182,58,124,FMN GV 03 Hove
46,Statielei 16,2019-09-05,19:00:00,85,45,40,FMN GV 03 Hove
46,Statielei 16,2019-09-05,20:00:00,47,18,29,FMN GV 03 Hove
46,Statielei 16,2019-09-05,21:00:00,37,13,24,FMN GV 03 Hove
46,Statielei 16,2019-09-05,22:00:00,39,16,23,FMN GV 03 Hove
46,Statielei 16,2019-09-05,23:00:00,17,6,11,FMN GV 03 Hove
46,Statielei 16,2019-09-06,00:00:00,11,8,3,FMN GV 03 Hove
46,Statielei 16,2019-09-06,01:00:00,4,1,3,FMN GV 03 Hove
46,Statielei 16,2019-09-06,02:00:00,6,4,2,FMN GV 03 Hove
46,Statielei 16,2019-09-06,03:00:00,2,1,1,FMN GV 03 Hove
46,Statielei 16,2019-09-06,04:00:00,7,6,1,FMN GV 03 Hove
46,Statielei 16,2019-09-06,05:00:00,25,14,11,FMN GV 03 Hove
46,Statielei 16,2019-09-06,06:00:00,73,55,18,FMN GV 03 Hove
46,Statielei 16,2019-09-06,07:00:00,288,224,64,FMN GV 03 Hove
46,Statielei 16,2019-09-06,08:00:00,329,263,66,FMN GV 03 Hove
46,Statielei 16,2019-09-06,09:00:00,107,80,27,FMN GV 03 Hove
46,Statielei 16,2019-09-06,10:00:00,88,48,40,FMN GV 03 Hove
46,Statielei 16,2019-09-06,11:00:00,93,55,38,FMN GV 03 Hove
46,Statielei 16,2019-09-06,12:00:00,111,51,60,FMN GV 03 Hove
46,Statielei 16,2019-09-06,13:00:00,121,58,63,FMN GV 03 Hove
46,Statielei 16,2019-09-06,14:00:00,132,55,77,FMN GV 03 Hove
46,Statielei 16,2019-09-06,15:00:00,174,62,112,FMN GV 03 Hove
46,Statielei 16,2019-09-06,16:00:00,258,81,177,FMN GV 03 Hove
46,Statielei 16,2019-09-06,17:00:00,250,84,166,FMN GV 03 Hove
46,Statielei 16,2019-09-06,18:00:00,158,51,107,FMN GV 03 Hove
46,Statielei 16,2019-09-06,19:00:00,81,40,41,FMN GV 03 Hove
46,Statielei 16,2019-09-06,20:00:00,54,23,31,FMN GV 03 Hove
46,Statielei 16,2019-09-06,21:00:00,39,24,15,FMN GV 03 Hove
46,Statielei 16,2019-09-06,22:00:00,34,19,15,FMN GV 03 Hove
46,Statielei 16,2019-09-06,23:00:00,29,15,14,FMN GV 03 Hove
46,Statielei 16,2019-09-07,00:00:00,20,5,15,FMN GV 03 Hove
46,Statielei 16,2019-09-07,01:00:00,14,10,4,FMN GV 03 Hove
46,Statielei 16,2019-09-07,02:00:00,10,2,8,FMN GV 03 Hove
46,Statielei 16,2019-09-07,03:00:00,3,2,1,FMN GV 03 Hove
46,Statielei 16,2019-09-07,04:00:00,10,5,5,FMN GV 03 Hove
46,Statielei 16,2019-09-07,05:00:00,10,5,5,FMN GV 03 Hove
46,Statielei 16,2019-09-07,06:00:00,10,5,5,FMN GV 03 Hove
46,Statielei 16,2019-09-07,07:00:00,20,11,9,FMN GV 03 Hove
46,Statielei 16,2019-09-07,08:00:00,23,9,14,FMN GV 03 Hove
46,Statielei 16,2019-09-07,09:00:00,66,36,30,FMN GV 03 Hove
46,Statielei 16,2019-09-07,10:00:00,89,55,34,FMN GV 03 Hove
46,Statielei 16,2019-09-07,11:00:00,88,53,35,FMN GV 03 Hove
46,Statielei 16,2019-09-07,12:00:00,68,33,35,FMN GV 03 Hove
46,Statielei 16,2019-09-07,13:00:00,67,44,23,FMN GV 03 Hove
46,Statielei 16,2019-09-07,14:00:00,71,40,31,FMN GV 03 Hove
46,Statielei 16,2019-09-07,15:00:00,70,36,34,FMN GV 03 Hove
46,Statielei 16,2019-09-07,16:00:00,57,25,32,FMN GV 03 Hove
46,Statielei 16,2019-09-07,17:00:00,83,48,35,FMN GV 03 Hove
46,Statielei 16,2019-09-07,18:00:00,55,28,27,FMN GV 03 Hove
46,Statielei 16,2019-09-07,19:00:00,33,16,17,FMN GV 03 Hove
46,Statielei 16,2019-09-07,20:00:00,37,22,15,FMN GV 03 Hove
46,Statielei 16,2019-09-07,21:00:00,36,21,15,FMN GV 03 Hove
46,Statielei 16,2019-09-07,22:00:00,27,11,16,FMN GV 03 Hove
46,Statielei 16,2019-09-07,23:00:00,12,4,8,FMN GV 03 Hove
46,Statielei 16,2019-09-08,00:00:00,11,3,8,FMN GV 03 Hove
46,Statielei 16,2019-09-08,01:00:00,14,11,3,FMN GV 03 Hove
46,Statielei 16,2019-09-08,02:00:00,7,3,4,FMN GV 03 Hove
46,Statielei 16,2019-09-08,03:00:00,6,2,4,FMN GV 03 Hove
46,Statielei 16,2019-09-08,04:00:00,14,10,4,FMN GV 03 Hove
46,Statielei 16,2019-09-08,05:00:00,13,11,2,FMN GV 03 Hove
46,Statielei 16,2019-09-08,06:00:00,9,6,3,FMN GV 03 Hove
46,Statielei 16,2019-09-08,07:00:00,10,6,4,FMN GV 03 Hove
46,Statielei 16,2019-09-08,08:00:00,26,16,10,FMN GV 03 Hove
46,Statielei 16,2019-09-08,09:00:00,66,36,30,FMN GV 03 Hove
46,Statielei 16,2019-09-08,10:00:00,131,66,65,FMN GV 03 Hove
46,Statielei 16,2019-09-08,11:00:00,151,96,55,FMN GV 03 Hove
46,Statielei 16,2019-09-08,12:00:00,149,86,63,FMN GV 03 Hove
46,Statielei 16,2019-09-08,13:00:00,223,140,83,FMN GV 03 Hove
46,Statielei 16,2019-09-08,14:00:00,174,119,55,FMN GV 03 Hove
46,Statielei 16,2019-09-08,15:00:00,142,82,60,FMN GV 03 Hove
46,Statielei 16,2019-09-08,16:00:00,129,61,68,FMN GV 03 Hove
46,Statielei 16,2019-09-08,17:00:00,112,43,69,FMN GV 03 Hove
46,Statielei 16,2019-09-08,18:00:00,89,39,50,FMN GV 03 Hove
46,Statielei 16,2019-09-08,19:00:00,95,44,51,FMN GV 03 Hove
46,Statielei 16,2019-09-08,20:00:00,38,21,17,FMN GV 03 Hove
46,Statielei 16,2019-09-08,21:00:00,25,10,15,FMN GV 03 Hove
46,Statielei 16,2019-09-08,22:00:00,16,10,6,FMN GV 03 Hove
46,Statielei 16,2019-09-08,23:00:00,8,4,4,FMN GV 03 Hove
46,Statielei 16,2019-09-09,00:00:00,5,2,3,FMN GV 03 Hove
46,Statielei 16,2019-09-09,01:00:00,1,0,1,FMN GV 03 Hove
46,Statielei 16,2019-09-09,02:00:00,3,2,1,FMN GV 03 Hove
46,Statielei 16,2019-09-09,03:00:00,2,0,2,FMN GV 03 Hove
46,Statielei 16,2019-09-09,04:00:00,14,10,4,FMN GV 03 Hove
46,Statielei 16,2019-09-09,05:00:00,28,23,5,FMN GV 03 Hove
46,Statielei 16,2019-09-09,06:00:00,94,74,20,FMN GV 03 Hove
46,Statielei 16,2019-09-09,07:00:00,338,286,52,FMN GV 03 Hove
46,Statielei 16,2019-09-09,08:00:00,391,300,91,FMN GV 03 Hove
46,Statielei 16,2019-09-09,09:00:00,120,87,33,FMN GV 03 Hove
46,Statielei 16,2019-09-09,10:00:00,75,34,41,FMN GV 03 Hove
46,Statielei 16,2019-09-09,11:00:00,70,46,24,FMN GV 03 Hove
46,Statielei 16,2019-09-09,12:00:00,99,48,51,FMN GV 03 Hove
46,Statielei 16,2019-09-09,13:00:00,99,51,48,FMN GV 03 Hove
46,Statielei 16,2019-09-09,14:00:00,95,38,57,FMN GV 03 Hove
46,Statielei 16,2019-09-09,15:00:00,171,62,109,FMN GV 03 Hove
46,Statielei 16,2019-09-09,16:00:00,330,101,229,FMN GV 03 Hove
46,Statielei 16,2019-09-09,17:00:00,379,111,268,FMN GV 03 Hove
46,Statielei 16,2019-09-09,18:00:00,198,73,125,FMN GV 03 Hove
46,Statielei 16,2019-09-09,19:00:00,96,30,66,FMN GV 03 Hove
46,Statielei 16,2019-09-09,20:00:00,50,28,22,FMN GV 03 Hove
46,Statielei 16,2019-09-09,21:00:00,28,12,16,FMN GV 03 Hove
46,Statielei 16,2019-09-09,22:00:00,32,15,17,FMN GV 03 Hove
46,Statielei 16,2019-09-09,23:00:00,10,7,3,FMN GV 03 Hove
46,Statielei 16,2019-09-10,00:00:00,7,2,5,FMN GV 03 Hove
46,Statielei 16,2019-09-10,01:00:00,3,2,1,FMN GV 03 Hove
46,Statielei 16,2019-09-10,02:00:00,0,0,0,FMN GV 03 Hove
46,Statielei 16,2019-09-10,03:00:00,3,0,3,FMN GV 03 Hove
46,Statielei 16,2019-09-10,04:00:00,7,3,4,FMN GV 03 Hove
46,Statielei 16,2019-09-10,05:00:00,27,18,9,FMN GV 03 Hove
46,Statielei 16,2019-09-10,06:00:00,134,97,37,FMN GV 03 Hove
46,Statielei 16,2019-09-10,07:00:00,366,287,79,FMN GV 03 Hove
46,Statielei 16,2019-09-10,08:00:00,429,330,99,FMN GV 03 Hove
46,Statielei 16,2019-09-10,09:00:00,127,93,34,FMN GV 03 Hove
46,Statielei 16,2019-09-10,10:00:00,73,41,32,FMN GV 03 Hove
46,Statielei 16,2019-09-10,11:00:00,109,62,47,FMN GV 03 Hove
46,Statielei 16,2019-09-10,12:00:00,115,59,56,FMN GV 03 Hove
46,Statielei 16,2019-09-10,13:00:00,119,66,53,FMN GV 03 Hove
46,Statielei 16,2019-09-10,14:00:00,133,70,63,FMN GV 03 Hove
46,Statielei 16,2019-09-10,15:00:00,181,64,117,FMN GV 03 Hove
46,Statielei 16,2019-09-10,16:00:00,326,97,229,FMN GV 03 Hove
46,Statielei 16,2019-09-10,17:00:00,366,112,254,FMN GV 03 Hove
46,Statielei 16,2019-09-10,18:00:00,261,92,169,FMN GV 03 Hove
46,Statielei 16,2019-09-10,19:00:00,133,74,59,FMN GV 03 Hove
46,Statielei 16,2019-09-10,20:00:00,61,32,29,FMN GV 03 Hove
46,Statielei 16,2019-09-10,21:00:00,57,23,34,FMN GV 03 Hove
46,Statielei 16,2019-09-10,22:00:00,39,17,22,FMN GV 03 Hove
46,Statielei 16,2019-09-10,23:00:00,13,7,6,FMN GV 03 Hove
46,Statielei 16,2019-09-11,00:00:00,8,2,6,FMN GV 03 Hove
46,Statielei 16,2019-09-11,01:00:00,4,2,2,FMN GV 03 Hove
46,Statielei 16,2019-09-11,02:00:00,7,1,6,FMN GV 03 Hove
46,Statielei 16,2019-09-11,03:00:00,2,1,1,FMN GV 03 Hove
46,Statielei 16,2019-09-11,04:00:00,6,2,4,FMN GV 03 Hove
46,Statielei 16,2019-09-11,05:00:00,23,17,6,FMN GV 03 Hove
46,Statielei 16,2019-09-11,06:00:00,95,73,22,FMN GV 03 Hove
46,Statielei 16,2019-09-11,07:00:00,288,231,57,FMN GV 03 Hove
46,Statielei 16,2019-09-11,08:00:00,271,209,62,FMN GV 03 Hove
46,Statielei 16,2019-09-11,09:00:00,87,64,23,FMN GV 03 Hove
46,Statielei 16,2019-09-11,10:00:00,41,25,16,FMN GV 03 Hove
46,Statielei 16,2019-09-11,11:00:00,52,26,26,FMN GV 03 Hove
46,Statielei 16,2019-09-11,12:00:00,140,56,84,FMN GV 03 Hove
46,Statielei 16,2019-09-11,13:00:00,109,36,73,FMN GV 03 Hove
46,Statielei 16,2019-09-11,14:00:00,61,28,33,FMN GV 03 Hove
46,Statielei 16,2019-09-11,15:00:00,74,31,43,FMN GV 03 Hove
46,Statielei 16,2019-09-11,16:00:00,165,48,117,FMN GV 03 Hove
46,Statielei 16,2019-09-11,17:00:00,238,70,168,FMN GV 03 Hove
46,Statielei 16,2019-09-11,18:00:00,121,52,69,FMN GV 03 Hove
46,Statielei 16,2019-09-11,19:00:00,56,26,30,FMN GV 03 Hove
46,Statielei 16,2019-09-11,20:00:00,38,25,13,FMN GV 03 Hove
46,Statielei 16,2019-09-11,21:00:00,31,14,17,FMN GV 03 Hove
46,Statielei 16,2019-09-11,22:00:00,26,15,11,FMN GV 03 Hove
46,Statielei 16,2019-09-11,23:00:00,5,1,4,FMN GV 03 Hove
46,Statielei 16,2019-09-12,00:00:00,9,4,5,FMN GV 03 Hove
46,Statielei 16,2019-09-12,01:00:00,3,0,3,FMN GV 03 Hove
46,Statielei 16,2019-09-12,02:00:00,5,2,3,FMN GV 03 Hove
46,Statielei 16,2019-09-12,03:00:00,0,0,0,FMN GV 03 Hove
46,Statielei 16,2019-09-12,04:00:00,9,7,2,FMN GV 03 Hove
46,Statielei 16,2019-09-12,05:00:00,23,18,5,FMN GV 03 Hove
46,Statielei 16,2019-09-12,06:00:00,100,77,23,FMN GV 03 Hove
46,Statielei 16,2019-09-12,07:00:00,336,268,68,FMN GV 03 Hove
46,Statielei 16,2019-09-12,08:00:00,372,301,71,FMN GV 03 Hove
46,Statielei 16,2019-09-12,09:00:00,113,83,30,FMN GV 03 Hove
46,Statielei 16,2019-09-12,10:00:00,83,51,32,FMN GV 03 Hove
46,Statielei 16,2019-09-12,11:00:00,90,57,33,FMN GV 03 Hove
46,Statielei 16,2019-09-12,12:00:00,109,53,56,FMN GV 03 Hove
46,Statielei 16,2019-09-12,13:00:00,121,66,55,FMN GV 03 Hove
46,Statielei 16,2019-09-12,14:00:00,127,59,68,FMN GV 03 Hove
46,Statielei 16,2019-09-12,15:00:00,165,60,105,FMN GV 03 Hove
46,Statielei 16,2019-09-12,16:00:00,321,100,221,FMN GV 03 Hove
46,Statielei 16,2019-09-12,17:00:00,343,108,235,FMN GV 03 Hove
46,Statielei 16,2019-09-12,18:00:00,221,73,148,FMN GV 03 Hove
46,Statielei 16,2019-09-12,19:00:00,109,52,57,FMN GV 03 Hove
46,Statielei 16,2019-09-12,20:00:00,71,37,34,FMN GV 03 Hove
46,Statielei 16,2019-09-12,21:00:00,59,18,41,FMN GV 03 Hove
46,Statielei 16,2019-09-12,22:00:00,38,15,23,FMN GV 03 Hove
46,Statielei 16,2019-09-12,23:00:00,18,7,11,FMN GV 03 Hove
46,Statielei 16,2019-09-13,00:00:00,15,6,9,FMN GV 03 Hove
46,Statielei 16,2019-09-13,01:00:00,3,0,3,FMN GV 03 Hove
46,Statielei 16,2019-09-13,02:00:00,7,2,5,FMN GV 03 Hove
46,Statielei 16,2019-09-13,03:00:00,2,1,1,FMN GV 03 Hove
46,Statielei 16,2019-09-13,04:00:00,8,5,3,FMN GV 03 Hove
46,Statielei 16,2019-09-13,05:00:00,18,9,9,FMN GV 03 Hove
46,Statielei 16,2019-09-13,06:00:00,90,67,23,FMN GV 03 Hove
46,Statielei 16,2019-09-13,07:00:00,265,206,59,FMN GV 03 Hove
46,Statielei 16,2019-09-13,08:00:00,296,233,63,FMN GV 03 Hove
46,Statielei 16,2019-09-13,09:00:00,99,76,23,FMN GV 03 Hove
46,Statielei 16,2019-09-13,10:00:00,59,34,25,FMN GV 03 Hove
46,Statielei 16,2019-09-13,11:00:00,68,42,26,FMN GV 03 Hove
46,Statielei 16,2019-09-13,12:00:00,79,35,44,FMN GV 03 Hove
46,Statielei 16,2019-09-13,13:00:00,84,40,44,FMN GV 03 Hove
46,Statielei 16,2019-09-13,14:00:00,98,47,51,FMN GV 03 Hove
46,Statielei 16,2019-09-13,15:00:00,150,57,93,FMN GV 03 Hove
46,Statielei 16,2019-09-13,16:00:00,251,77,174,FMN GV 03 Hove
46,Statielei 16,2019-09-13,17:00:00,234,74,160,FMN GV 03 Hove
46,Statielei 16,2019-09-13,18:00:00,188,66,122,FMN GV 03 Hove
46,Statielei 16,2019-09-13,19:00:00,93,52,41,FMN GV 03 Hove
46,Statielei 16,2019-09-13,20:00:00,64,28,36,FMN GV 03 Hove
46,Statielei 16,2019-09-13,21:00:00,53,30,23,FMN GV 03 Hove
46,Statielei 16,2019-09-13,22:00:00,31,9,22,FMN GV 03 Hove
46,Statielei 16,2019-09-13,23:00:00,16,6,10,FMN GV 03 Hove
46,Statielei 16,2019-09-14,00:00:00,18,9,9,FMN GV 03 Hove
46,Statielei 16,2019-09-14,01:00:00,17,6,11,FMN GV 03 Hove
46,Statielei 16,2019-09-14,02:00:00,10,3,7,FMN GV 03 Hove
46,Statielei 16,2019-09-14,03:00:00,7,1,6,FMN GV 03 Hove
46,Statielei 16,2019-09-14,04:00:00,13,5,8,FMN GV 03 Hove
46,Statielei 16,2019-09-14,05:00:00,10,6,4,FMN GV 03 Hove
46,Statielei 16,2019-09-14,06:00:00,12,5,7,FMN GV 03 Hove
46,Statielei 16,2019-09-14,07:00:00,19,10,9,FMN GV 03 Hove
46,Statielei 16,2019-09-14,08:00:00,47,30,17,FMN GV 03 Hove
46,Statielei 16,2019-09-14,09:00:00,87,49,38,FMN GV 03 Hove
46,Statielei 16,2019-09-14,10:00:00,93,41,52,FMN GV 03 Hove
46,Statielei 16,2019-09-14,11:00:00,167,115,52,FMN GV 03 Hove
46,Statielei 16,2019-09-14,12:00:00,157,90,67,FMN GV 03 Hove
46,Statielei 16,2019-09-14,13:00:00,156,102,54,FMN GV 03 Hove
46,Statielei 16,2019-09-14,14:00:00,153,79,74,FMN GV 03 Hove
46,Statielei 16,2019-09-14,15:00:00,169,98,71,FMN GV 03 Hove
46,Statielei 16,2019-09-14,16:00:00,178,82,96,FMN GV 03 Hove
46,Statielei 16,2019-09-14,17:00:00,150,70,80,FMN GV 03 Hove
46,Statielei 16,2019-09-14,18:00:00,127,60,67,FMN GV 03 Hove
46,Statielei 16,2019-09-14,19:00:00,87,52,35,FMN GV 03 Hove
46,Statielei 16,2019-09-14,20:00:00,41,24,17,FMN GV 03 Hove
46,Statielei 16,2019-09-14,21:00:00,39,23,16,FMN GV 03 Hove
46,Statielei 16,2019-09-14,22:00:00,37,16,21,FMN GV 03 Hove
46,Statielei 16,2019-09-14,23:00:00,29,22,7,FMN GV 03 Hove
46,Statielei 16,2019-09-15,00:00:00,21,10,11,FMN GV 03 Hove
46,Statielei 16,2019-09-15,01:00:00,6,4,2,FMN GV 03 Hove
46,Statielei 16,2019-09-15,02:00:00,19,5,14,FMN GV 03 Hove
46,Statielei 16,2019-09-15,03:00:00,14,0,14,FMN GV 03 Hove
46,Statielei 16,2019-09-15,04:00:00,8,5,3,FMN GV 03 Hove
46,Statielei 16,2019-09-15,05:00:00,13,12,1,FMN GV 03 Hove
46,Statielei 16,2019-09-15,06:00:00,9,5,4,FMN GV 03 Hove
46,Statielei 16,2019-09-15,07:00:00,19,5,14,FMN GV 03 Hove
46,Statielei 16,2019-09-15,08:00:00,32,8,24,FMN GV 03 Hove
46,Statielei 16,2019-09-15,09:00:00,91,42,49,FMN GV 03 Hove
46,Statielei 16,2019-09-15,10:00:00,178,91,87,FMN GV 03 Hove
46,Statielei 16,2019-09-15,11:00:00,207,133,74,FMN GV 03 Hove
46,Statielei 16,2019-09-15,12:00:00,259,178,81,FMN GV 03 Hove
46,Statielei 16,2019-09-15,13:00:00,243,158,85,FMN GV 03 Hove
46,Statielei 16,2019-09-15,14:00:00,267,143,124,FMN GV 03 Hove
46,Statielei 16,2019-09-15,15:00:00,250,111,139,FMN GV 03 Hove
46,Statielei 16,2019-09-15,16:00:00,224,100,124,FMN GV 03 Hove
46,Statielei 16,2019-09-15,17:00:00,208,79,129,FMN GV 03 Hove
46,Statielei 16,2019-09-15,18:00:00,153,60,93,FMN GV 03 Hove
46,Statielei 16,2019-09-15,19:00:00,105,52,53,FMN GV 03 Hove
46,Statielei 16,2019-09-15,20:00:00,57,40,17,FMN GV 03 Hove
46,Statielei 16,2019-09-15,21:00:00,35,19,16,FMN GV 03 Hove
46,Statielei 16,2019-09-15,22:00:00,28,12,16,FMN GV 03 Hove
46,Statielei 16,2019-09-15,23:00:00,7,5,2,FMN GV 03 Hove
46,Statielei 16,2019-09-16,00:00:00,5,2,3,FMN GV 03 Hove
46,Statielei 16,2019-09-16,01:00:00,3,2,1,FMN GV 03 Hove
46,Statielei 16,2019-09-16,02:00:00,2,2,0,FMN GV 03 Hove
46,Statielei 16,2019-09-16,03:00:00,1,0,1,FMN GV 03 Hove
46,Statielei 16,2019-09-16,04:00:00,13,8,5,FMN GV 03 Hove
46,Statielei 16,2019-09-16,05:00:00,25,15,10,FMN GV 03 Hove
46,Statielei 16,2019-09-16,06:00:00,110,90,20,FMN GV 03 Hove
46,Statielei 16,2019-09-16,07:00:00,351,267,84,FMN GV 03 Hove
46,Statielei 16,2019-09-16,08:00:00,374,297,77,FMN GV 03 Hove
46,Statielei 16,2019-09-16,09:00:00,104,83,21,FMN GV 03 Hove
46,Statielei 16,2019-09-16,10:00:00,69,39,30,FMN GV 03 Hove
46,Statielei 16,2019-09-16,11:00:00,62,42,20,FMN GV 03 Hove
46,Statielei 16,2019-09-16,12:00:00,90,48,42,FMN GV 03 Hove
46,Statielei 16,2019-09-16,13:00:00,83,46,37,FMN GV 03 Hove
46,Statielei 16,2019-09-16,14:00:00,72,40,32,FMN GV 03 Hove
46,Statielei 16,2019-09-16,15:00:00,130,56,74,FMN GV 03 Hove
46,Statielei 16,2019-09-16,16:00:00,244,59,185,FMN GV 03 Hove
46,Statielei 16,2019-09-16,17:00:00,321,88,233,FMN GV 03 Hove
46,Statielei 16,2019-09-16,18:00:00,214,78,136,FMN GV 03 Hove
46,Statielei 16,2019-09-16,19:00:00,78,31,47,FMN GV 03 Hove
46,Statielei 16,2019-09-16,20:00:00,41,24,17,FMN GV 03 Hove
46,Statielei 16,2019-09-16,21:00:00,29,9,20,FMN GV 03 Hove
46,Statielei 16,2019-09-16,22:00:00,32,14,18,FMN GV 03 Hove
46,Statielei 16,2019-09-16,23:00:00,12,5,7,FMN GV 03 Hove
46,Statielei 16,2019-09-17,00:00:00,4,4,0,FMN GV 03 Hove
46,Statielei 16,2019-09-17,01:00:00,1,0,1,FMN GV 03 Hove
46,Statielei 16,2019-09-17,02:00:00,3,2,1,FMN GV 03 Hove
46,Statielei 16,2019-09-17,03:00:00,0,0,0,FMN GV 03 Hove
46,Statielei 16,2019-09-17,04:00:00,6,5,1,FMN GV 03 Hove
46,Statielei 16,2019-09-17,05:00:00,33,18,15,FMN GV 03 Hove
46,Statielei 16,2019-09-17,06:00:00,133,94,39,FMN GV 03 Hove
46,Statielei 16,2019-09-17,07:00:00,356,277,79,FMN GV 03 Hove
46,Statielei 16,2019-09-17,08:00:00,420,331,89,FMN GV 03 Hove
46,Statielei 16,2019-09-17,09:00:00,133,103,30,FMN GV 03 Hove
46,Statielei 16,2019-09-17,10:00:00,66,51,15,FMN GV 03 Hove
46,Statielei 16,2019-09-17,11:00:00,75,47,28,FMN GV 03 Hove
46,Statielei 16,2019-09-17,12:00:00,102,59,43,FMN GV 03 Hove
46,Statielei 16,2019-09-17,13:00:00,120,58,62,FMN GV 03 Hove
46,Statielei 16,2019-09-17,14:00:00,75,37,38,FMN GV 03 Hove
46,Statielei 16,2019-09-17,15:00:00,140,39,101,FMN GV 03 Hove
46,Statielei 16,2019-09-17,16:00:00,294,68,226,FMN GV 03 Hove
46,Statielei 16,2019-09-17,17:00:00,348,107,241,FMN GV 03 Hove
46,Statielei 16,2019-09-17,18:00:00,235,86,149,FMN GV 03 Hove
46,Statielei 16,2019-09-17,19:00:00,104,51,53,FMN GV 03 Hove
46,Statielei 16,2019-09-17,20:00:00,72,36,36,FMN GV 03 Hove
46,Statielei 16,2019-09-17,21:00:00,34,18,16,FMN GV 03 Hove
46,Statielei 16,2019-09-17,22:00:00,48,21,27,FMN GV 03 Hove
46,Statielei 16,2019-09-17,23:00:00,12,6,6,FMN GV 03 Hove
46,Statielei 16,2019-09-18,00:00:00,9,4,5,FMN GV 03 Hove
46,Statielei 16,2019-09-18,01:00:00,2,1,1,FMN GV 03 Hove
46,Statielei 16,2019-09-18,02:00:00,9,7,2,FMN GV 03 Hove
46,Statielei 16,2019-09-18,03:00:00,3,2,1,FMN GV 03 Hove
46,Statielei 16,2019-09-18,04:00:00,10,5,5,FMN GV 03 Hove
46,Statielei 16,2019-09-18,05:00:00,16,9,7,FMN GV 03 Hove
46,Statielei 16,2019-09-18,06:00:00,103,73,30,FMN GV 03 Hove
46,Statielei 16,2019-09-18,07:00:00,319,238,81,FMN GV 03 Hove
46,Statielei 16,2019-09-18,08:00:00,371,299,72,FMN GV 03 Hove
46,Statielei 16,2019-09-18,09:00:00,134,96,38,FMN GV 03 Hove
46,Statielei 16,2019-09-18,10:00:00,97,63,34,FMN GV 03 Hove
46,Statielei 16,2019-09-18,11:00:00,128,56,72,FMN GV 03 Hove
46,Statielei 16,2019-09-18,12:00:00,227,93,134,FMN GV 03 Hove
46,Statielei 16,2019-09-18,13:00:00,149,56,93,FMN GV 03 Hove
46,Statielei 16,2019-09-18,14:00:00,132,65,67,FMN GV 03 Hove
46,Statielei 16,2019-09-18,15:00:00,137,53,84,FMN GV 03 Hove
46,Statielei 16,2019-09-18,16:00:00,209,68,141,FMN GV 03 Hove
46,Statielei 16,2019-09-18,17:00:00,302,87,215,FMN GV 03 Hove
46,Statielei 16,2019-09-18,18:00:00,204,73,131,FMN GV 03 Hove
46,Statielei 16,2019-09-18,19:00:00,106,56,50,FMN GV 03 Hove
46,Statielei 16,2019-09-18,20:00:00,61,35,26,FMN GV 03 Hove
46,Statielei 16,2019-09-18,21:00:00,40,17,23,FMN GV 03 Hove
46,Statielei 16,2019-09-18,22:00:00,38,18,20,FMN GV 03 Hove
46,Statielei 16,2019-09-18,23:00:00,20,6,14,FMN GV 03 Hove
46,Statielei 16,2019-09-19,00:00:00,3,2,1,FMN GV 03 Hove
46,Statielei 16,2019-09-19,01:00:00,4,3,1,FMN GV 03 Hove
46,Statielei 16,2019-09-19,02:00:00,4,2,2,FMN GV 03 Hove
46,Statielei 16,2019-09-19,03:00:00,1,0,1,FMN GV 03 Hove
46,Statielei 16,2019-09-19,04:00:00,10,4,6,FMN GV 03 Hove
46,Statielei 16,2019-09-19,05:00:00,27,14,13,FMN GV 03 Hove
46,Statielei 16,2019-09-19,06:00:00,97,76,21,FMN GV 03 Hove
46,Statielei 16,2019-09-19,07:00:00,368,292,76,FMN GV 03 Hove
46,Statielei 16,2019-09-19,08:00:00,377,302,75,FMN GV 03 Hove
46,Statielei 16,2019-09-19,09:00:00,130,101,29,FMN GV 03 Hove
46,Statielei 16,2019-09-19,10:00:00,68,41,27,FMN GV 03 Hove
46,Statielei 16,2019-09-19,11:00:00,69,47,22,FMN GV 03 Hove
46,Statielei 16,2019-09-19,12:00:00,117,71,46,FMN GV 03 Hove
46,Statielei 16,2019-09-19,13:00:00,120,73,47,FMN GV 03 Hove
46,Statielei 16,2019-09-19,14:00:00,87,43,44,FMN GV 03 Hove
46,Statielei 16,2019-09-19,15:00:00,140,45,95,FMN GV 03 Hove
46,Statielei 16,2019-09-19,16:00:00,312,86,226,FMN GV 03 Hove
46,Statielei 16,2019-09-19,17:00:00,338,93,245,FMN GV 03 Hove
46,Statielei 16,2019-09-19,18:00:00,232,84,148,FMN GV 03 Hove
46,Statielei 16,2019-09-19,19:00:00,116,71,45,FMN GV 03 Hove
46,Statielei 16,2019-09-19,20:00:00,67,32,35,FMN GV 03 Hove
46,Statielei 16,2019-09-19,21:00:00,38,14,24,FMN GV 03 Hove
46,Statielei 16,2019-09-19,22:00:00,39,11,28,FMN GV 03 Hove
46,Statielei 16,2019-09-19,23:00:00,27,8,19,FMN GV 03 Hove
46,Statielei 16,2019-09-20,00:00:00,16,9,7,FMN GV 03 Hove
46,Statielei 16,2019-09-20,01:00:00,6,4,2,FMN GV 03 Hove
46,Statielei 16,2019-09-20,02:00:00,3,2,1,FMN GV 03 Hove
46,Statielei 16,2019-09-20,03:00:00,4,2,2,FMN GV 03 Hove
46,Statielei 16,2019-09-20,04:00:00,9,7,2,FMN GV 03 Hove
46,Statielei 16,2019-09-20,05:00:00,21,11,10,FMN GV 03 Hove
46,Statielei 16,2019-09-20,06:00:00,77,59,18,FMN GV 03 Hove
46,Statielei 16,2019-09-20,07:00:00,280,210,70,FMN GV 03 Hove
46,Statielei 16,2019-09-20,08:00:00,361,272,89,FMN GV 03 Hove
46,Statielei 16,2019-09-20,09:00:00,102,81,21,FMN GV 03 Hove
46,Statielei 16,2019-09-20,10:00:00,98,64,34,FMN GV 03 Hove
46,Statielei 16,2019-09-20,11:00:00,96,66,30,FMN GV 03 Hove
46,Statielei 16,2019-09-20,12:00:00,112,60,52,FMN GV 03 Hove
46,Statielei 16,2019-09-20,13:00:00,189,114,75,FMN GV 03 Hove
46,Statielei 16,2019-09-20,14:00:00,117,53,64,FMN GV 03 Hove
46,Statielei 16,2019-09-20,15:00:00,214,80,134,FMN GV 03 Hove
46,Statielei 16,2019-09-20,16:00:00,290,88,202,FMN GV 03 Hove
46,Statielei 16,2019-09-20,17:00:00,303,106,197,FMN GV 03 Hove
46,Statielei 16,2019-09-20,18:00:00,158,64,94,FMN GV 03 Hove
46,Statielei 16,2019-09-20,19:00:00,107,54,53,FMN GV 03 Hove
46,Statielei 16,2019-09-20,20:00:00,67,33,34,FMN GV 03 Hove
46,Statielei 16,2019-09-20,21:00:00,41,21,20,FMN GV 03 Hove
46,Statielei 16,2019-09-20,22:00:00,37,22,15,FMN GV 03 Hove
46,Statielei 16,2019-09-20,23:00:00,25,7,18,FMN GV 03 Hove
46,Statielei 16,2019-09-21,00:00:00,16,3,13,FMN GV 03 Hove
46,Statielei 16,2019-09-21,01:00:00,14,8,6,FMN GV 03 Hove
46,Statielei 16,2019-09-21,02:00:00,11,6,5,FMN GV 03 Hove
46,Statielei 16,2019-09-21,03:00:00,5,0,5,FMN GV 03 Hove
46,Statielei 16,2019-09-21,04:00:00,10,6,4,FMN GV 03 Hove
46,Statielei 16,2019-09-21,05:00:00,11,9,2,FMN GV 03 Hove
46,Statielei 16,2019-09-21,06:00:00,21,10,11,FMN GV 03 Hove
46,Statielei 16,2019-09-21,07:00:00,20,17,3,FMN GV 03 Hove
46,Statielei 16,2019-09-21,08:00:00,53,35,18,FMN GV 03 Hove
46,Statielei 16,2019-09-21,09:00:00,95,56,39,FMN GV 03 Hove
46,Statielei 16,2019-09-21,10:00:00,153,77,76,FMN GV 03 Hove
46,Statielei 16,2019-09-21,11:00:00,166,88,78,FMN GV 03 Hove
46,Statielei 16,2019-09-21,12:00:00,156,84,72,FMN GV 03 Hove
46,Statielei 16,2019-09-21,13:00:00,221,139,82,FMN GV 03 Hove
46,Statielei 16,2019-09-21,14:00:00,240,142,98,FMN GV 03 Hove
46,Statielei 16,2019-09-21,15:00:00,203,109,94,FMN GV 03 Hove
46,Statielei 16,2019-09-21,16:00:00,203,104,99,FMN GV 03 Hove
46,Statielei 16,2019-09-21,17:00:00,183,91,92,FMN GV 03 Hove
46,Statielei 16,2019-09-21,18:00:00,120,56,64,FMN GV 03 Hove
46,Statielei 16,2019-09-21,19:00:00,74,45,29,FMN GV 03 Hove
46,Statielei 16,2019-09-21,20:00:00,54,35,19,FMN GV 03 Hove
46,Statielei 16,2019-09-21,21:00:00,42,22,20,FMN GV 03 Hove
46,Statielei 16,2019-09-21,22:00:00,22,7,15,FMN GV 03 Hove
46,Statielei 16,2019-09-21,23:00:00,29,7,22,FMN GV 03 Hove
46,Statielei 16,2019-09-22,00:00:00,26,8,18,FMN GV 03 Hove
46,Statielei 16,2019-09-22,01:00:00,16,4,12,FMN GV 03 Hove
46,Statielei 16,2019-09-22,02:00:00,7,4,3,FMN GV 03 Hove
46,Statielei 16,2019-09-22,03:00:00,4,1,3,FMN GV 03 Hove
46,Statielei 16,2019-09-22,04:00:00,9,6,3,FMN GV 03 Hove
46,Statielei 16,2019-09-22,05:00:00,10,6,4,FMN GV 03 Hove
46,Statielei 16,2019-09-22,06:00:00,13,8,5,FMN GV 03 Hove
46,Statielei 16,2019-09-22,07:00:00,14,6,8,FMN GV 03 Hove
46,Statielei 16,2019-09-22,08:00:00,27,7,20,FMN GV 03 Hove
46,Statielei 16,2019-09-22,09:00:00,95,51,44,FMN GV 03 Hove
46,Statielei 16,2019-09-22,10:00:00,178,90,88,FMN GV 03 Hove
46,Statielei 16,2019-09-22,11:00:00,182,126,56,FMN GV 03 Hove
46,Statielei 16,2019-09-22,12:00:00,187,103,84,FMN GV 03 Hove
46,Statielei 16,2019-09-22,13:00:00,205,107,98,FMN GV 03 Hove
46,Statielei 16,2019-09-22,14:00:00,223,144,79,FMN GV 03 Hove
46,Statielei 16,2019-09-22,15:00:00,179,97,82,FMN GV 03 Hove
46,Statielei 16,2019-09-22,16:00:00,176,79,97,FMN GV 03 Hove
46,Statielei 16,2019-09-22,17:00:00,108,56,52,FMN GV 03 Hove
46,Statielei 16,2019-09-22,18:00:00,84,47,37,FMN GV 03 Hove
46,Statielei 16,2019-09-22,19:00:00,34,16,18,FMN GV 03 Hove
46,Statielei 16,2019-09-22,20:00:00,22,13,9,FMN GV 03 Hove
46,Statielei 16,2019-09-22,21:00:00,19,9,10,FMN GV 03 Hove
46,Statielei 16,2019-09-22,22:00:00,16,6,10,FMN GV 03 Hove
46,Statielei 16,2019-09-22,23:00:00,4,1,3,FMN GV 03 Hove
46,Statielei 16,2019-09-23,00:00:00,4,1,3,FMN GV 03 Hove
46,Statielei 16,2019-09-23,01:00:00,0,0,0,FMN GV 03 Hove
46,Statielei 16,2019-09-23,02:00:00,3,3,0,FMN GV 03 Hove
46,Statielei 16,2019-09-23,03:00:00,1,0,1,FMN GV 03 Hove
46,Statielei 16,2019-09-23,04:00:00,6,3,3,FMN GV 03 Hove
46,Statielei 16,2019-09-23,05:00:00,27,21,6,FMN GV 03 Hove
46,Statielei 16,2019-09-23,06:00:00,102,83,19,FMN GV 03 Hove
46,Statielei 16,2019-09-23,07:00:00,308,245,63,FMN GV 03 Hove
46,Statielei 16,2019-09-23,08:00:00,355,296,59,FMN GV 03 Hove
46,Statielei 16,2019-09-23,09:00:00,110,88,22,FMN GV 03 Hove
46,Statielei 16,2019-09-23,10:00:00,56,37,19,FMN GV 03 Hove
46,Statielei 16,2019-09-23,11:00:00,69,46,23,FMN GV 03 Hove
46,Statielei 16,2019-09-23,12:00:00,110,60,50,FMN GV 03 Hove
46,Statielei 16,2019-09-23,13:00:00,84,53,31,FMN GV 03 Hove
46,Statielei 16,2019-09-23,14:00:00,78,45,33,FMN GV 03 Hove
46,Statielei 16,2019-09-23,15:00:00,146,52,94,FMN GV 03 Hove
46,Statielei 16,2019-09-23,16:00:00,299,80,219,FMN GV 03 Hove
46,Statielei 16,2019-09-23,17:00:00,309,79,230,FMN GV 03 Hove
46,Statielei 16,2019-09-23,18:00:00,210,69,141,FMN GV 03 Hove
46,Statielei 16,2019-09-23,19:00:00,90,46,44,FMN GV 03 Hove
46,Statielei 16,2019-09-23,20:00:00,40,19,21,FMN GV 03 Hove
46,Statielei 16,2019-09-23,21:00:00,32,14,18,FMN GV 03 Hove
46,Statielei 16,2019-09-23,22:00:00,40,8,32,FMN GV 03 Hove
46,Statielei 16,2019-09-23,23:00:00,11,4,7,FMN GV 03 Hove
46,Statielei 16,2019-09-24,00:00:00,6,1,5,FMN GV 03 Hove
46,Statielei 16,2019-09-24,01:00:00,4,0,4,FMN GV 03 Hove
46,Statielei 16,2019-09-24,02:00:00,4,3,1,FMN GV 03 Hove
46,Statielei 16,2019-09-24,03:00:00,3,0,3,FMN GV 03 Hove
46,Statielei 16,2019-09-24,04:00:00,5,3,2,FMN GV 03 Hove
46,Statielei 16,2019-09-24,05:00:00,21,13,8,FMN GV 03 Hove
46,Statielei 16,2019-09-24,06:00:00,98,76,22,FMN GV 03 Hove
46,Statielei 16,2019-09-24,07:00:00,310,248,62,FMN GV 03 Hove
46,Statielei 16,2019-09-24,08:00:00,329,265,64,FMN GV 03 Hove
46,Statielei 16,2019-09-24,09:00:00,97,72,25,FMN GV 03 Hove
46,Statielei 16,2019-09-24,10:00:00,52,39,13,FMN GV 03 Hove
46,Statielei 16,2019-09-24,11:00:00,43,24,19,FMN GV 03 Hove
46,Statielei 16,2019-09-24,12:00:00,82,48,34,FMN GV 03 Hove
46,Statielei 16,2019-09-24,13:00:00,57,33,24,FMN GV 03 Hove
46,Statielei 16,2019-09-24,14:00:00,37,15,22,FMN GV 03 Hove
46,Statielei 16,2019-09-24,15:00:00,88,27,61,FMN GV 03 Hove
46,Statielei 16,2019-09-24,16:00:00,195,47,148,FMN GV 03 Hove
46,Statielei 16,2019-09-24,17:00:00,232,66,166,FMN GV 03 Hove
46,Statielei 16,2019-09-24,18:00:00,134,32,102,FMN GV 03 Hove
46,Statielei 16,2019-09-24,19:00:00,61,13,48,FMN GV 03 Hove
46,Statielei 16,2019-09-24,20:00:00,16,7,9,FMN GV 03 Hove
46,Statielei 16,2019-09-24,21:00:00,23,9,14,FMN GV 03 Hove
46,Statielei 16,2019-09-24,22:00:00,39,14,25,FMN GV 03 Hove
46,Statielei 16,2019-09-24,23:00:00,8,3,5,FMN GV 03 Hove
46,Statielei 16,2019-09-25,00:00:00,5,1,4,FMN GV 03 Hove
46,Statielei 16,2019-09-25,01:00:00,1,0,1,FMN GV 03 Hove
46,Statielei 16,2019-09-25,02:00:00,5,4,1,FMN GV 03 Hove
46,Statielei 16,2019-09-25,03:00:00,1,0,1,FMN GV 03 Hove
46,Statielei 16,2019-09-25,04:00:00,5,4,1,FMN GV 03 Hove
46,Statielei 16,2019-09-25,05:00:00,17,11,6,FMN GV 03 Hove
46,Statielei 16,2019-09-25,06:00:00,77,63,14,FMN GV 03 Hove
46,Statielei 16,2019-09-25,07:00:00,202,160,42,FMN GV 03 Hove
46,Statielei 16,2019-09-25,08:00:00,267,217,50,FMN GV 03 Hove
46,Statielei 16,2019-09-25,09:00:00,134,101,33,FMN GV 03 Hove
46,Statielei 16,2019-09-25,10:00:00,60,33,27,FMN GV 03 Hove
46,Statielei 16,2019-09-25,11:00:00,77,42,35,FMN GV 03 Hove
46,Statielei 16,2019-09-25,12:00:00,147,67,80,FMN GV 03 Hove
46,Statielei 16,2019-09-25,13:00:00,83,34,49,FMN GV 03 Hove
46,Statielei 16,2019-09-25,14:00:00,81,30,51,FMN GV 03 Hove
46,Statielei 16,2019-09-25,15:00:00,99,37,62,FMN GV 03 Hove
46,Statielei 16,2019-09-25,16:00:00,159,39,120,FMN GV 03 Hove
46,Statielei 16,2019-09-25,17:00:00,170,51,119,FMN GV 03 Hove
46,Statielei 16,2019-09-25,18:00:00,132,43,89,FMN GV 03 Hove
46,Statielei 16,2019-09-25,19:00:00,52,26,26,FMN GV 03 Hove
46,Statielei 16,2019-09-25,20:00:00,48,24,24,FMN GV 03 Hove
46,Statielei 16,2019-09-25,21:00:00,27,13,14,FMN GV 03 Hove
46,Statielei 16,2019-09-25,22:00:00,27,7,20,FMN GV 03 Hove
46,Statielei 16,2019-09-25,23:00:00,9,1,8,FMN GV 03 Hove
46,Statielei 16,2019-09-26,00:00:00,6,1,5,FMN GV 03 Hove
46,Statielei 16,2019-09-26,01:00:00,8,3,5,FMN GV 03 Hove
46,Statielei 16,2019-09-26,02:00:00,1,1,0,FMN GV 03 Hove
46,Statielei 16,2019-09-26,03:00:00,1,0,1,FMN GV 03 Hove
46,Statielei 16,2019-09-26,04:00:00,6,4,2,FMN GV 03 Hove
46,Statielei 16,2019-09-26,05:00:00,15,11,4,FMN GV 03 Hove
46,Statielei 16,2019-09-26,06:00:00,83,64,19,FMN GV 03 Hove
46,Statielei 16,2019-09-26,07:00:00,216,170,46,FMN GV 03 Hove
46,Statielei 16,2019-09-26,08:00:00,289,242,47,FMN GV 03 Hove
46,Statielei 16,2019-09-26,09:00:00,54,40,14,FMN GV 03 Hove
46,Statielei 16,2019-09-26,10:00:00,27,10,17,FMN GV 03 Hove
46,Statielei 16,2019-09-26,11:00:00,29,18,11,FMN GV 03 Hove
46,Statielei 16,2019-09-26,12:00:00,47,25,22,FMN GV 03 Hove
46,Statielei 16,2019-09-26,13:00:00,50,25,25,FMN GV 03 Hove
46,Statielei 16,2019-09-26,14:00:00,49,30,19,FMN GV 03 Hove
46,Statielei 16,2019-09-26,15:00:00,106,49,57,FMN GV 03 Hove
46,Statielei 16,2019-09-26,16:00:00,186,36,150,FMN GV 03 Hove
46,Statielei 16,2019-09-26,17:00:00,210,66,144,FMN GV 03 Hove
46,Statielei 16,2019-09-26,18:00:00,123,39,84,FMN GV 03 Hove
46,Statielei 16,2019-09-26,19:00:00,61,22,39,FMN GV 03 Hove
46,Statielei 16,2019-09-26,20:00:00,25,7,18,FMN GV 03 Hove
46,Statielei 16,2019-09-26,21:00:00,21,4,17,FMN GV 03 Hove
46,Statielei 16,2019-09-26,22:00:00,33,10,23,FMN GV 03 Hove
46,Statielei 16,2019-09-26,23:00:00,10,0,10,FMN GV 03 Hove
46,Statielei 16,2019-09-27,00:00:00,8,0,8,FMN GV 03 Hove
46,Statielei 16,2019-09-27,01:00:00,0,0,0,FMN GV 03 Hove
46,Statielei 16,2019-09-27,02:00:00,3,2,1,FMN GV 03 Hove
46,Statielei 16,2019-09-27,03:00:00,3,0,3,FMN GV 03 Hove
46,Statielei 16,2019-09-27,04:00:00,4,3,1,FMN GV 03 Hove
46,Statielei 16,2019-09-27,05:00:00,22,15,7,FMN GV 03 Hove
46,Statielei 16,2019-09-27,06:00:00,80,62,18,FMN GV 03 Hove
46,Statielei 16,2019-09-27,07:00:00,240,177,63,FMN GV 03 Hove
46,Statielei 16,2019-09-27,08:00:00,288,240,48,FMN GV 03 Hove
46,Statielei 16,2019-09-27,09:00:00,95,62,33,FMN GV 03 Hove
46,Statielei 16,2019-09-27,10:00:00,92,53,39,FMN GV 03 Hove
46,Statielei 16,2019-09-27,11:00:00,69,48,21,FMN GV 03 Hove
46,Statielei 16,2019-09-27,12:00:00,111,59,52,FMN GV 03 Hove
46,Statielei 16,2019-09-27,13:00:00,126,70,56,FMN GV 03 Hove
46,Statielei 16,2019-09-27,14:00:00,120,71,49,FMN GV 03 Hove
46,Statielei 16,2019-09-27,15:00:00,162,68,94,FMN GV 03 Hove
46,Statielei 16,2019-09-27,16:00:00,218,50,168,FMN GV 03 Hove
46,Statielei 16,2019-09-27,17:00:00,212,66,146,FMN GV 03 Hove
46,Statielei 16,2019-09-27,18:00:00,126,35,91,FMN GV 03 Hove
46,Statielei 16,2019-09-27,19:00:00,52,23,29,FMN GV 03 Hove
46,Statielei 16,2019-09-27,20:00:00,35,22,13,FMN GV 03 Hove
46,Statielei 16,2019-09-27,21:00:00,34,16,18,FMN GV 03 Hove
46,Statielei 16,2019-09-27,22:00:00,25,11,14,FMN GV 03 Hove
46,Statielei 16,2019-09-27,23:00:00,19,6,13,FMN GV 03 Hove
46,Statielei 16,2019-09-28,00:00:00,13,7,6,FMN GV 03 Hove
46,Statielei 16,2019-09-28,01:00:00,14,8,6,FMN GV 03 Hove
46,Statielei 16,2019-09-28,02:00:00,15,11,4,FMN GV 03 Hove
46,Statielei 16,2019-09-28,03:00:00,6,5,1,FMN GV 03 Hove
46,Statielei 16,2019-09-28,04:00:00,5,1,4,FMN GV 03 Hove
46,Statielei 16,2019-09-28,05:00:00,17,12,5,FMN GV 03 Hove
46,Statielei 16,2019-09-28,06:00:00,13,8,5,FMN GV 03 Hove
46,Statielei 16,2019-09-28,07:00:00,16,8,8,FMN GV 03 Hove
46,Statielei 16,2019-09-28,08:00:00,36,16,20,FMN GV 03 Hove
46,Statielei 16,2019-09-28,09:00:00,45,25,20,FMN GV 03 Hove
46,Statielei 16,2019-09-28,10:00:00,70,45,25,FMN GV 03 Hove
46,Statielei 16,2019-09-28,11:00:00,73,49,24,FMN GV 03 Hove
46,Statielei 16,2019-09-28,12:00:00,56,28,28,FMN GV 03 Hove
46,Statielei 16,2019-09-28,13:00:00,52,31,21,FMN GV 03 Hove
46,Statielei 16,2019-09-28,14:00:00,51,21,30,FMN GV 03 Hove
46,Statielei 16,2019-09-28,15:00:00,63,37,26,FMN GV 03 Hove
46,Statielei 16,2019-09-28,16:00:00,47,17,30,FMN GV 03 Hove
46,Statielei 16,2019-09-28,17:00:00,68,37,31,FMN GV 03 Hove
46,Statielei 16,2019-09-28,18:00:00,54,30,24,FMN GV 03 Hove
46,Statielei 16,2019-09-28,19:00:00,42,25,17,FMN GV 03 Hove
46,Statielei 16,2019-09-28,20:00:00,33,14,19,FMN GV 03 Hove
46,Statielei 16,2019-09-28,21:00:00,23,10,13,FMN GV 03 Hove
46,Statielei 16,2019-09-28,22:00:00,11,5,6,FMN GV 03 Hove
46,Statielei 16,2019-09-28,23:00:00,11,7,4,FMN GV 03 Hove
46,Statielei 16,2019-09-29,00:00:00,24,12,12,FMN GV 03 Hove
46,Statielei 16,2019-09-29,01:00:00,8,2,6,FMN GV 03 Hove
46,Statielei 16,2019-09-29,02:00:00,4,1,3,FMN GV 03 Hove
46,Statielei 16,2019-09-29,03:00:00,5,3,2,FMN GV 03 Hove
46,Statielei 16,2019-09-29,04:00:00,3,1,2,FMN GV 03 Hove
46,Statielei 16,2019-09-29,05:00:00,3,3,0,FMN GV 03 Hove
46,Statielei 16,2019-09-29,06:00:00,6,5,1,FMN GV 03 Hove
46,Statielei 16,2019-09-29,07:00:00,13,8,5,FMN GV 03 Hove
46,Statielei 16,2019-09-29,08:00:00,6,2,4,FMN GV 03 Hove
46,Statielei 16,2019-09-29,09:00:00,21,8,13,FMN GV 03 Hove
46,Statielei 16,2019-09-29,10:00:00,21,6,15,FMN GV 03 Hove
46,Statielei 16,2019-09-29,11:00:00,40,24,16,FMN GV 03 Hove
46,Statielei 16,2019-09-29,12:00:00,29,22,7,FMN GV 03 Hove
46,Statielei 16,2019-09-29,13:00:00,39,23,16,FMN GV 03 Hove
46,Statielei 16,2019-09-29,14:00:00,37,16,21,FMN GV 03 Hove
46,Statielei 16,2019-09-29,15:00:00,35,16,19,FMN GV 03 Hove
46,Statielei 16,2019-09-29,16:00:00,31,9,22,FMN GV 03 Hove
46,Statielei 16,2019-09-29,17:00:00,35,16,19,FMN GV 03 Hove
46,Statielei 16,2019-09-29,18:00:00,19,12,7,FMN GV 03 Hove
46,Statielei 16,2019-09-29,19:00:00,12,6,6,FMN GV 03 Hove
46,Statielei 16,2019-09-29,20:00:00,15,9,6,FMN GV 03 Hove
46,Statielei 16,2019-09-29,21:00:00,16,10,6,FMN GV 03 Hove
46,Statielei 16,2019-09-29,22:00:00,12,6,6,FMN GV 03 Hove
46,Statielei 16,2019-09-29,23:00:00,7,3,4,FMN GV 03 Hove
46,Statielei 16,2019-09-30,00:00:00,3,2,1,FMN GV 03 Hove
46,Statielei 16,2019-09-30,01:00:00,1,0,1,FMN GV 03 Hove
46,Statielei 16,2019-09-30,02:00:00,2,2,0,FMN GV 03 Hove
46,Statielei 16,2019-09-30,03:00:00,1,1,0,FMN GV 03 Hove
46,Statielei 16,2019-09-30,04:00:00,7,5,2,FMN GV 03 Hove
46,Statielei 16,2019-09-30,05:00:00,23,17,6,FMN GV 03 Hove
46,Statielei 16,2019-09-30,06:00:00,103,80,23,FMN GV 03 Hove
46,Statielei 16,2019-09-30,07:00:00,270,217,53,FMN GV 03 Hove
46,Statielei 16,2019-09-30,08:00:00,349,293,56,FMN GV 03 Hove
46,Statielei 16,2019-09-30,09:00:00,98,72,26,FMN GV 03 Hove
46,Statielei 16,2019-09-30,10:00:00,60,42,18,FMN GV 03 Hove
46,Statielei 16,2019-09-30,11:00:00,53,28,25,FMN GV 03 Hove
46,Statielei 16,2019-09-30,12:00:00,81,44,37,FMN GV 03 Hove
46,Statielei 16,2019-09-30,13:00:00,103,59,44,FMN GV 03 Hove
46,Statielei 16,2019-09-30,14:00:00,87,37,50,FMN GV 03 Hove
46,Statielei 16,2019-09-30,15:00:00,143,49,94,FMN GV 03 Hove
46,Statielei 16,2019-09-30,16:00:00,271,68,203,FMN GV 03 Hove
46,Statielei 16,2019-09-30,17:00:00,303,83,220,FMN GV 03 Hove
46,Statielei 16,2019-09-30,18:00:00,200,64,136,FMN GV 03 Hove
46,Statielei 16,2019-09-30,19:00:00,69,29,40,FMN GV 03 Hove
46,Statielei 16,2019-09-30,20:00:00,39,14,25,FMN GV 03 Hove
46,Statielei 16,2019-09-30,21:00:00,25,9,16,FMN GV 03 Hove
46,Statielei 16,2019-09-30,22:00:00,32,9,23,FMN GV 03 Hove
46,Statielei 16,2019-09-30,23:00:00,15,6,9,FMN GV 03 Hove
46,Statielei 16,2019-10-01,00:00:00,2,2,0,FMN GV 03 Hove
46,Statielei 16,2019-10-01,01:00:00,1,0,1,FMN GV 03 Hove
46,Statielei 16,2019-10-01,02:00:00,4,2,2,FMN GV 03 Hove
46,Statielei 16,2019-10-01,03:00:00,1,0,1,FMN GV 03 Hove
46,Statielei 16,2019-10-01,04:00:00,4,4,0,FMN GV 03 Hove
46,Statielei 16,2019-10-01,05:00:00,25,18,7,FMN GV 03 Hove
46,Statielei 16,2019-10-01,06:00:00,72,60,12,FMN GV 03 Hove
46,Statielei 16,2019-10-01,07:00:00,223,178,45,FMN GV 03 Hove
46,Statielei 16,2019-10-01,08:00:00,178,146,32,FMN GV 03 Hove
46,Statielei 16,2019-10-01,09:00:00,50,39,11,FMN GV 03 Hove
46,Statielei 16,2019-10-01,10:00:00,27,22,5,FMN GV 03 Hove
46,Statielei 16,2019-10-01,11:00:00,24,7,17,FMN GV 03 Hove
46,Statielei 16,2019-10-01,12:00:00,56,33,23,FMN GV 03 Hove
46,Statielei 16,2019-10-01,13:00:00,57,29,28,FMN GV 03 Hove
46,Statielei 16,2019-10-01,14:00:00,45,13,32,FMN GV 03 Hove
46,Statielei 16,2019-10-01,15:00:00,88,37,51,FMN GV 03 Hove
46,Statielei 16,2019-10-01,16:00:00,178,44,134,FMN GV 03 Hove
46,Statielei 16,2019-10-01,17:00:00,197,53,144,FMN GV 03 Hove
46,Statielei 16,2019-10-01,18:00:00,121,29,92,FMN GV 03 Hove
46,Statielei 16,2019-10-01,19:00:00,49,19,30,FMN GV 03 Hove
46,Statielei 16,2019-10-01,20:00:00,37,18,19,FMN GV 03 Hove
46,Statielei 16,2019-10-01,21:00:00,20,9,11,FMN GV 03 Hove
46,Statielei 16,2019-10-01,22:00:00,38,17,21,FMN GV 03 Hove
46,Statielei 16,2019-10-01,23:00:00,11,5,6,FMN GV 03 Hove
46,Statielei 16,2019-10-02,00:00:00,6,2,4,FMN GV 03 Hove
46,Statielei 16,2019-10-02,01:00:00,4,2,2,FMN GV 03 Hove
46,Statielei 16,2019-10-02,02:00:00,4,3,1,FMN GV 03 Hove
46,Statielei 16,2019-10-02,03:00:00,3,1,2,FMN GV 03 Hove
46,Statielei 16,2019-10-02,04:00:00,13,9,4,FMN GV 03 Hove
46,Statielei 16,2019-10-02,05:00:00,25,20,5,FMN GV 03 Hove
46,Statielei 16,2019-10-02,06:00:00,99,74,25,FMN GV 03 Hove
46,Statielei 16,2019-10-02,07:00:00,307,229,78,FMN GV 03 Hove
46,Statielei 16,2019-10-02,08:00:00,371,306,65,FMN GV 03 Hove
46,Statielei 16,2019-10-02,09:00:00,119,97,22,FMN GV 03 Hove
46,Statielei 16,2019-10-02,10:00:00,96,59,37,FMN GV 03 Hove
46,Statielei 16,2019-10-02,11:00:00,114,63,51,FMN GV 03 Hove
46,Statielei 16,2019-10-02,12:00:00,160,59,101,FMN GV 03 Hove
46,Statielei 16,2019-10-02,13:00:00,110,35,75,FMN GV 03 Hove
46,Statielei 16,2019-10-02,14:00:00,81,36,45,FMN GV 03 Hove
46,Statielei 16,2019-10-02,15:00:00,80,36,44,FMN GV 03 Hove
46,Statielei 16,2019-10-02,16:00:00,163,32,131,FMN GV 03 Hove
46,Statielei 16,2019-10-02,17:00:00,246,62,184,FMN GV 03 Hove
46,Statielei 16,2019-10-02,18:00:00,198,81,117,FMN GV 03 Hove
46,Statielei 16,2019-10-02,19:00:00,89,38,51,FMN GV 03 Hove
46,Statielei 16,2019-10-02,20:00:00,41,16,25,FMN GV 03 Hove
46,Statielei 16,2019-10-02,21:00:00,22,7,15,FMN GV 03 Hove
46,Statielei 16,2019-10-02,22:00:00,33,15,18,FMN GV 03 Hove
46,Statielei 16,2019-10-02,23:00:00,15,6,9,FMN GV 03 Hove
46,Statielei 16,2019-10-03,00:00:00,8,2,6,FMN GV 03 Hove
46,Statielei 16,2019-10-03,01:00:00,1,0,1,FMN GV 03 Hove
46,Statielei 16,2019-10-03,02:00:00,2,2,0,FMN GV 03 Hove
46,Statielei 16,2019-10-03,03:00:00,3,0,3,FMN GV 03 Hove
46,Statielei 16,2019-10-03,04:00:00,11,8,3,FMN GV 03 Hove
46,Statielei 16,2019-10-03,05:00:00,24,18,6,FMN GV 03 Hove
46,Statielei 16,2019-10-03,06:00:00,91,72,19,FMN GV 03 Hove
46,Statielei 16,2019-10-03,07:00:00,278,225,53,FMN GV 03 Hove
46,Statielei 16,2019-10-03,08:00:00,339,283,56,FMN GV 03 Hove
46,Statielei 16,2019-10-03,09:00:00,76,62,14,FMN GV 03 Hove
46,Statielei 16,2019-10-03,10:00:00,67,40,27,FMN GV 03 Hove
46,Statielei 16,2019-10-03,11:00:00,57,39,18,FMN GV 03 Hove
46,Statielei 16,2019-10-03,12:00:00,69,39,30,FMN GV 03 Hove
46,Statielei 16,2019-10-03,13:00:00,68,33,35,FMN GV 03 Hove
46,Statielei 16,2019-10-03,14:00:00,100,42,58,FMN GV 03 Hove
46,Statielei 16,2019-10-03,15:00:00,115,44,71,FMN GV 03 Hove
46,Statielei 16,2019-10-03,16:00:00,246,63,183,FMN GV 03 Hove
46,Statielei 16,2019-10-03,17:00:00,271,63,208,FMN GV 03 Hove
46,Statielei 16,2019-10-03,18:00:00,161,49,112,FMN GV 03 Hove
46,Statielei 16,2019-10-03,19:00:00,71,31,40,FMN GV 03 Hove
46,Statielei 16,2019-10-03,20:00:00,44,16,28,FMN GV 03 Hove
46,Statielei 16,2019-10-03,21:00:00,31,13,18,FMN GV 03 Hove
46,Statielei 16,2019-10-03,22:00:00,41,20,21,FMN GV 03 Hove
46,Statielei 16,2019-10-03,23:00:00,16,7,9,FMN GV 03 Hove
46,Statielei 16,2019-10-04,00:00:00,9,1,8,FMN GV 03 Hove
46,Statielei 16,2019-10-04,01:00:00,2,0,2,FMN GV 03 Hove
46,Statielei 16,2019-10-04,02:00:00,2,0,2,FMN GV 03 Hove
46,Statielei 16,2019-10-04,03:00:00,1,1,0,FMN GV 03 Hove
46,Statielei 16,2019-10-04,04:00:00,9,6,3,FMN GV 03 Hove
46,Statielei 16,2019-10-04,05:00:00,12,7,5,FMN GV 03 Hove
46,Statielei 16,2019-10-04,06:00:00,61,48,13,FMN GV 03 Hove
46,Statielei 16,2019-10-04,07:00:00,166,131,35,FMN GV 03 Hove
46,Statielei 16,2019-10-04,08:00:00,243,200,43,FMN GV 03 Hove
46,Statielei 16,2019-10-04,09:00:00,79,60,19,FMN GV 03 Hove
46,Statielei 16,2019-10-04,10:00:00,54,31,23,FMN GV 03 Hove
46,Statielei 16,2019-10-04,11:00:00,33,23,10,FMN GV 03 Hove
46,Statielei 16,2019-10-04,12:00:00,75,41,34,FMN GV 03 Hove
46,Statielei 16,2019-10-04,13:00:00,58,20,38,FMN GV 03 Hove
46,Statielei 16,2019-10-04,14:00:00,68,26,42,FMN GV 03 Hove
46,Statielei 16,2019-10-04,15:00:00,95,41,54,FMN GV 03 Hove
46,Statielei 16,2019-10-04,16:00:00,173,57,116,FMN GV 03 Hove
46,Statielei 16,2019-10-04,17:00:00,154,40,114,FMN GV 03 Hove
46,Statielei 16,2019-10-04,18:00:00,93,40,53,FMN GV 03 Hove
46,Statielei 16,2019-10-04,19:00:00,50,22,28,FMN GV 03 Hove
46,Statielei 16,2019-10-04,20:00:00,50,16,34,FMN GV 03 Hove
46,Statielei 16,2019-10-04,21:00:00,42,20,22,FMN GV 03 Hove
46,Statielei 16,2019-10-04,22:00:00,15,7,8,FMN GV 03 Hove
46,Statielei 16,2019-10-04,23:00:00,15,5,10,FMN GV 03 Hove
46,Statielei 16,2019-10-05,00:00:00,21,9,12,FMN GV 03 Hove
46,Statielei 16,2019-10-05,01:00:00,13,6,7,FMN GV 03 Hove
46,Statielei 16,2019-10-05,02:00:00,5,2,3,FMN GV 03 Hove
46,Statielei 16,2019-10-05,03:00:00,8,7,1,FMN GV 03 Hove
46,Statielei 16,2019-10-05,04:00:00,7,3,4,FMN GV 03 Hove
46,Statielei 16,2019-10-05,05:00:00,7,5,2,FMN GV 03 Hove
46,Statielei 16,2019-10-05,06:00:00,6,3,3,FMN GV 03 Hove
46,Statielei 16,2019-10-05,07:00:00,7,2,5,FMN GV 03 Hove
46,Statielei 16,2019-10-05,08:00:00,35,24,11,FMN GV 03 Hove
46,Statielei 16,2019-10-05,09:00:00,68,34,34,FMN GV 03 Hove
46,Statielei 16,2019-10-05,10:00:00,65,42,23,FMN GV 03 Hove
46,Statielei 16,2019-10-05,11:00:00,74,43,31,FMN GV 03 Hove
46,Statielei 16,2019-10-05,12:00:00,95,52,43,FMN GV 03 Hove
46,Statielei 16,2019-10-05,13:00:00,113,65,48,FMN GV 03 Hove
46,Statielei 16,2019-10-05,14:00:00,126,68,58,FMN GV 03 Hove
46,Statielei 16,2019-10-05,15:00:00,127,69,58,FMN GV 03 Hove
46,Statielei 16,2019-10-05,16:00:00,126,57,69,FMN GV 03 Hove
46,Statielei 16,2019-10-05,17:00:00,91,46,45,FMN GV 03 Hove
46,Statielei 16,2019-10-05,18:00:00,56,27,29,FMN GV 03 Hove
46,Statielei 16,2019-10-05,19:00:00,45,27,18,FMN GV 03 Hove
46,Statielei 16,2019-10-05,20:00:00,30,15,15,FMN GV 03 Hove
46,Statielei 16,2019-10-05,21:00:00,26,9,17,FMN GV 03 Hove
46,Statielei 16,2019-10-05,22:00:00,21,4,17,FMN GV 03 Hove
46,Statielei 16,2019-10-05,23:00:00,19,7,12,FMN GV 03 Hove
46,Statielei 16,2019-10-06,00:00:00,17,10,7,FMN GV 03 Hove
46,Statielei 16,2019-10-06,01:00:00,14,8,6,FMN GV 03 Hove
46,Statielei 16,2019-10-06,02:00:00,10,2,8,FMN GV 03 Hove
46,Statielei 16,2019-10-06,03:00:00,14,10,4,FMN GV 03 Hove
46,Statielei 16,2019-10-06,04:00:00,12,7,5,FMN GV 03 Hove
46,Statielei 16,2019-10-06,05:00:00,3,3,0,FMN GV 03 Hove
46,Statielei 16,2019-10-06,06:00:00,3,2,1,FMN GV 03 Hove
46,Statielei 16,2019-10-06,07:00:00,6,3,3,FMN GV 03 Hove
46,Statielei 16,2019-10-06,08:00:00,6,1,5,FMN GV 03 Hove
46,Statielei 16,2019-10-06,09:00:00,25,12,13,FMN GV 03 Hove
46,Statielei 16,2019-10-06,10:00:00,26,13,13,FMN GV 03 Hove
46,Statielei 16,2019-10-06,11:00:00,32,17,15,FMN GV 03 Hove
46,Statielei 16,2019-10-06,12:00:00,41,23,18,FMN GV 03 Hove
46,Statielei 16,2019-10-06,13:00:00,25,13,12,FMN GV 03 Hove
46,Statielei 16,2019-10-06,14:00:00,21,14,7,FMN GV 03 Hove
46,Statielei 16,2019-10-06,15:00:00,31,16,15,FMN GV 03 Hove
46,Statielei 16,2019-10-06,16:00:00,35,17,18,FMN GV 03 Hove
46,Statielei 16,2019-10-06,17:00:00,22,14,8,FMN GV 03 Hove
46,Statielei 16,2019-10-06,18:00:00,24,14,10,FMN GV 03 Hove
46,Statielei 16,2019-10-06,19:00:00,31,16,15,FMN GV 03 Hove
46,Statielei 16,2019-10-06,20:00:00,18,7,11,FMN GV 03 Hove
46,Statielei 16,2019-10-06,21:00:00,10,4,6,FMN GV 03 Hove
46,Statielei 16,2019-10-06,22:00:00,9,5,4,FMN GV 03 Hove
46,Statielei 16,2019-10-06,23:00:00,3,0,3,FMN GV 03 Hove
46,Statielei 16,2019-10-07,00:00:00,3,1,2,FMN GV 03 Hove
46,Statielei 16,2019-10-07,01:00:00,2,0,2,FMN GV 03 Hove
46,Statielei 16,2019-10-07,02:00:00,4,3,1,FMN GV 03 Hove
46,Statielei 16,2019-10-07,03:00:00,1,0,1,FMN GV 03 Hove
46,Statielei 16,2019-10-07,04:00:00,3,2,1,FMN GV 03 Hove
46,Statielei 16,2019-10-07,05:00:00,22,13,9,FMN GV 03 Hove
46,Statielei 16,2019-10-07,06:00:00,102,79,23,FMN GV 03 Hove
46,Statielei 16,2019-10-07,07:00:00,314,257,57,FMN GV 03 Hove
46,Statielei 16,2019-10-07,08:00:00,365,295,70,FMN GV 03 Hove
46,Statielei 16,2019-10-07,09:00:00,100,80,20,FMN GV 03 Hove
46,Statielei 16,2019-10-07,10:00:00,70,45,25,FMN GV 03 Hove
46,Statielei 16,2019-10-07,11:00:00,62,37,25,FMN GV 03 Hove
46,Statielei 16,2019-10-07,12:00:00,87,48,39,FMN GV 03 Hove
46,Statielei 16,2019-10-07,13:00:00,112,67,45,FMN GV 03 Hove
46,Statielei 16,2019-10-07,14:00:00,78,30,48,FMN GV 03 Hove
46,Statielei 16,2019-10-07,15:00:00,121,46,75,FMN GV 03 Hove
46,Statielei 16,2019-10-07,16:00:00,263,62,201,FMN GV 03 Hove
46,Statielei 16,2019-10-07,17:00:00,312,86,226,FMN GV 03 Hove
46,Statielei 16,2019-10-07,18:00:00,222,64,158,FMN GV 03 Hove
46,Statielei 16,2019-10-07,19:00:00,64,19,45,FMN GV 03 Hove
46,Statielei 16,2019-10-07,20:00:00,44,20,24,FMN GV 03 Hove
46,Statielei 16,2019-10-07,21:00:00,45,15,30,FMN GV 03 Hove
46,Statielei 16,2019-10-07,22:00:00,26,11,15,FMN GV 03 Hove
46,Statielei 16,2019-10-07,23:00:00,10,6,4,FMN GV 03 Hove
46,Statielei 16,2019-10-08,00:00:00,3,0,3,FMN GV 03 Hove
46,Statielei 16,2019-10-08,01:00:00,7,4,3,FMN GV 03 Hove
46,Statielei 16,2019-10-08,02:00:00,2,2,0,FMN GV 03 Hove
46,Statielei 16,2019-10-08,03:00:00,2,1,1,FMN GV 03 Hove
46,Statielei 16,2019-10-08,04:00:00,4,3,1,FMN GV 03 Hove
46,Statielei 16,2019-10-08,05:00:00,9,6,3,FMN GV 03 Hove
46,Statielei 16,2019-10-08,06:00:00,75,60,15,FMN GV 03 Hove
46,Statielei 16,2019-10-08,07:00:00,253,208,45,FMN GV 03 Hove
46,Statielei 16,2019-10-08,08:00:00,305,252,53,FMN GV 03 Hove
46,Statielei 16,2019-10-08,09:00:00,96,65,31,FMN GV 03 Hove
46,Statielei 16,2019-10-08,10:00:00,53,31,22,FMN GV 03 Hove
46,Statielei 16,2019-10-08,11:00:00,46,26,20,FMN GV 03 Hove
46,Statielei 16,2019-10-08,12:00:00,77,45,32,FMN GV 03 Hove
46,Statielei 16,2019-10-08,13:00:00,72,44,28,FMN GV 03 Hove
46,Statielei 16,2019-10-08,14:00:00,70,28,42,FMN GV 03 Hove
46,Statielei 16,2019-10-08,15:00:00,94,38,56,FMN GV 03 Hove
46,Statielei 16,2019-10-08,16:00:00,230,51,179,FMN GV 03 Hove
46,Statielei 16,2019-10-08,17:00:00,269,67,202,FMN GV 03 Hove
46,Statielei 16,2019-10-08,18:00:00,160,51,109,FMN GV 03 Hove
46,Statielei 16,2019-10-08,19:00:00,80,31,49,FMN GV 03 Hove
46,Statielei 16,2019-10-08,20:00:00,38,14,24,FMN GV 03 Hove
46,Statielei 16,2019-10-08,21:00:00,45,20,25,FMN GV 03 Hove
46,Statielei 16,2019-10-08,22:00:00,39,22,17,FMN GV 03 Hove
46,Statielei 16,2019-10-08,23:00:00,14,4,10,FMN GV 03 Hove
46,Statielei 16,2019-10-09,00:00:00,3,1,2,FMN GV 03 Hove
46,Statielei 16,2019-10-09,01:00:00,5,2,3,FMN GV 03 Hove
46,Statielei 16,2019-10-09,02:00:00,3,3,0,FMN GV 03 Hove
46,Statielei 16,2019-10-09,03:00:00,0,0,0,FMN GV 03 Hove
46,Statielei 16,2019-10-09,04:00:00,4,3,1,FMN GV 03 Hove
46,Statielei 16,2019-10-09,05:00:00,19,11,8,FMN GV 03 Hove
46,Statielei 16,2019-10-09,06:00:00,87,65,22,FMN GV 03 Hove
46,Statielei 16,2019-10-09,07:00:00,228,190,38,FMN GV 03 Hove
46,Statielei 16,2019-10-09,08:00:00,261,203,58,FMN GV 03 Hove
46,Statielei 16,2019-10-09,09:00:00,72,59,13,FMN GV 03 Hove
46,Statielei 16,2019-10-09,10:00:00,43,30,13,FMN GV 03 Hove
46,Statielei 16,2019-10-09,11:00:00,42,17,25,FMN GV 03 Hove
46,Statielei 16,2019-10-09,12:00:00,129,62,67,FMN GV 03 Hove
46,Statielei 16,2019-10-09,13:00:00,91,46,45,FMN GV 03 Hove
46,Statielei 16,2019-10-09,14:00:00,57,25,32,FMN GV 03 Hove
46,Statielei 16,2019-10-09,15:00:00,103,25,78,FMN GV 03 Hove
46,Statielei 16,2019-10-09,16:00:00,170,41,129,FMN GV 03 Hove
46,Statielei 16,2019-10-09,17:00:00,204,53,151,FMN GV 03 Hove
46,Statielei 16,2019-10-09,18:00:00,136,56,80,FMN GV 03 Hove
46,Statielei 16,2019-10-09,19:00:00,62,25,37,FMN GV 03 Hove
46,Statielei 16,2019-10-09,20:00:00,50,23,27,FMN GV 03 Hove
46,Statielei 16,2019-10-09,21:00:00,23,11,12,FMN GV 03 Hove
46,Statielei 16,2019-10-09,22:00:00,34,15,19,FMN GV 03 Hove
46,Statielei 16,2019-10-09,23:00:00,12,8,4,FMN GV 03 Hove
46,Statielei 16,2019-10-10,00:00:00,8,3,5,FMN GV 03 Hove
46,Statielei 16,2019-10-10,01:00:00,1,0,1,FMN GV 03 Hove
46,Statielei 16,2019-10-10,02:00:00,6,4,2,FMN GV 03 Hove
46,Statielei 16,2019-10-10,03:00:00,3,1,2,FMN GV 03 Hove
46,Statielei 16,2019-10-10,04:00:00,6,4,2,FMN GV 03 Hove
46,Statielei 16,2019-10-10,05:00:00,22,16,6,FMN GV 03 Hove
46,Statielei 16,2019-10-10,06:00:00,96,73,23,FMN GV 03 Hove
46,Statielei 16,2019-10-10,07:00:00,293,240,53,FMN GV 03 Hove
46,Statielei 16,2019-10-10,08:00:00,361,303,58,FMN GV 03 Hove
46,Statielei 16,2019-10-10,09:00:00,119,96,23,FMN GV 03 Hove
46,Statielei 16,2019-10-10,10:00:00,72,51,21,FMN GV 03 Hove
46,Statielei 16,2019-10-10,11:00:00,86,40,46,FMN GV 03 Hove
46,Statielei 16,2019-10-10,12:00:00,100,49,51,FMN GV 03 Hove
46,Statielei 16,2019-10-10,13:00:00,102,53,49,FMN GV 03 Hove
46,Statielei 16,2019-10-10,14:00:00,101,46,55,FMN GV 03 Hove
46,Statielei 16,2019-10-10,15:00:00,133,46,87,FMN GV 03 Hove
46,Statielei 16,2019-10-10,16:00:00,270,66,204,FMN GV 03 Hove
46,Statielei 16,2019-10-10,17:00:00,304,74,230,FMN GV 03 Hove
46,Statielei 16,2019-10-10,18:00:00,183,72,111,FMN GV 03 Hove
46,Statielei 16,2019-10-10,19:00:00,102,49,53,FMN GV 03 Hove
46,Statielei 16,2019-10-10,20:00:00,52,22,30,FMN GV 03 Hove
46,Statielei 16,2019-10-10,21:00:00,44,20,24,FMN GV 03 Hove
46,Statielei 16,2019-10-10,22:00:00,44,16,28,FMN GV 03 Hove
46,Statielei 16,2019-10-10,23:00:00,17,11,6,FMN GV 03 Hove
46,Statielei 16,2019-10-11,00:00:00,10,4,6,FMN GV 03 Hove
46,Statielei 16,2019-10-11,01:00:00,8,6,2,FMN GV 03 Hove
46,Statielei 16,2019-10-11,02:00:00,7,4,3,FMN GV 03 Hove
46,Statielei 16,2019-10-11,03:00:00,5,0,5,FMN GV 03 Hove
46,Statielei 16,2019-10-11,04:00:00,9,5,4,FMN GV 03 Hove
46,Statielei 16,2019-10-11,05:00:00,19,10,9,FMN GV 03 Hove
46,Statielei 16,2019-10-11,06:00:00,73,64,9,FMN GV 03 Hove
46,Statielei 16,2019-10-11,07:00:00,236,183,53,FMN GV 03 Hove
46,Statielei 16,2019-10-11,08:00:00,282,228,54,FMN GV 03 Hove
46,Statielei 16,2019-10-11,09:00:00,69,47,22,FMN GV 03 Hove
46,Statielei 16,2019-10-11,10:00:00,39,25,14,FMN GV 03 Hove
46,Statielei 16,2019-10-11,11:00:00,47,33,14,FMN GV 03 Hove
46,Statielei 16,2019-10-11,12:00:00,76,32,44,FMN GV 03 Hove
46,Statielei 16,2019-10-11,13:00:00,73,29,44,FMN GV 03 Hove
46,Statielei 16,2019-10-11,14:00:00,72,35,37,FMN GV 03 Hove
46,Statielei 16,2019-10-11,15:00:00,90,37,53,FMN GV 03 Hove
46,Statielei 16,2019-10-11,16:00:00,203,52,151,FMN GV 03 Hove
46,Statielei 16,2019-10-11,17:00:00,202,61,141,FMN GV 03 Hove
46,Statielei 16,2019-10-11,18:00:00,138,43,95,FMN GV 03 Hove
46,Statielei 16,2019-10-11,19:00:00,74,38,36,FMN GV 03 Hove
46,Statielei 16,2019-10-11,20:00:00,37,20,17,FMN GV 03 Hove
46,Statielei 16,2019-10-11,21:00:00,22,11,11,FMN GV 03 Hove
46,Statielei 16,2019-10-11,22:00:00,23,10,13,FMN GV 03 Hove
46,Statielei 16,2019-10-11,23:00:00,29,14,15,FMN GV 03 Hove
46,Statielei 16,2019-10-12,00:00:00,23,11,12,FMN GV 03 Hove
46,Statielei 16,2019-10-12,01:00:00,13,6,7,FMN GV 03 Hove
46,Statielei 16,2019-10-12,02:00:00,21,9,12,FMN GV 03 Hove
46,Statielei 16,2019-10-12,03:00:00,8,2,6,FMN GV 03 Hove
46,Statielei 16,2019-10-12,04:00:00,7,3,4,FMN GV 03 Hove
46,Statielei 16,2019-10-12,05:00:00,2,1,1,FMN GV 03 Hove
46,Statielei 16,2019-10-12,06:00:00,12,10,2,FMN GV 03 Hove
46,Statielei 16,2019-10-12,07:00:00,13,4,9,FMN GV 03 Hove
46,Statielei 16,2019-10-12,08:00:00,35,21,14,FMN GV 03 Hove
46,Statielei 16,2019-10-12,09:00:00,66,32,34,FMN GV 03 Hove
46,Statielei 16,2019-10-12,10:00:00,68,28,40,FMN GV 03 Hove
46,Statielei 16,2019-10-12,11:00:00,96,56,40,FMN GV 03 Hove
46,Statielei 16,2019-10-12,12:00:00,90,55,35,FMN GV 03 Hove
46,Statielei 16,2019-10-12,13:00:00,132,79,53,FMN GV 03 Hove
46,Statielei 16,2019-10-12,14:00:00,110,63,47,FMN GV 03 Hove
46,Statielei 16,2019-10-12,15:00:00,97,51,46,FMN GV 03 Hove
46,Statielei 16,2019-10-12,16:00:00,99,43,56,FMN GV 03 Hove
46,Statielei 16,2019-10-12,17:00:00,96,45,51,FMN GV 03 Hove
46,Statielei 16,2019-10-12,18:00:00,85,48,37,FMN GV 03 Hove
46,Statielei 16,2019-10-12,19:00:00,59,29,30,FMN GV 03 Hove
46,Statielei 16,2019-10-12,20:00:00,31,23,8,FMN GV 03 Hove
46,Statielei 16,2019-10-12,21:00:00,30,19,11,FMN GV 03 Hove
46,Statielei 16,2019-10-12,22:00:00,26,11,15,FMN GV 03 Hove
46,Statielei 16,2019-10-12,23:00:00,19,8,11,FMN GV 03 Hove
46,Statielei 16,2019-10-13,00:00:00,26,16,10,FMN GV 03 Hove
46,Statielei 16,2019-10-13,01:00:00,26,13,13,FMN GV 03 Hove
46,Statielei 16,2019-10-13,02:00:00,11,3,8,FMN GV 03 Hove
46,Statielei 16,2019-10-13,03:00:00,5,2,3,FMN GV 03 Hove
46,Statielei 16,2019-10-13,04:00:00,5,4,1,FMN GV 03 Hove
46,Statielei 16,2019-10-13,05:00:00,7,3,4,FMN GV 03 Hove
46,Statielei 16,2019-10-13,06:00:00,9,6,3,FMN GV 03 Hove
46,Statielei 16,2019-10-13,07:00:00,15,9,6,FMN GV 03 Hove
46,Statielei 16,2019-10-13,08:00:00,40,12,28,FMN GV 03 Hove
46,Statielei 16,2019-10-13,09:00:00,71,24,47,FMN GV 03 Hove
46,Statielei 16,2019-10-13,10:00:00,123,52,71,FMN GV 03 Hove
46,Statielei 16,2019-10-13,11:00:00,138,84,54,FMN GV 03 Hove
46,Statielei 16,2019-10-13,12:00:00,144,94,50,FMN GV 03 Hove
46,Statielei 16,2019-10-13,13:00:00,169,96,73,FMN GV 03 Hove
46,Statielei 16,2019-10-13,14:00:00,123,70,53,FMN GV 03 Hove
46,Statielei 16,2019-10-13,15:00:00,141,96,45,FMN GV 03 Hove
46,Statielei 16,2019-10-13,16:00:00,108,56,52,FMN GV 03 Hove
46,Statielei 16,2019-10-13,17:00:00,103,43,60,FMN GV 03 Hove
46,Statielei 16,2019-10-13,18:00:00,66,30,36,FMN GV 03 Hove
46,Statielei 16,2019-10-13,19:00:00,37,24,13,FMN GV 03 Hove
46,Statielei 16,2019-10-13,20:00:00,24,14,10,FMN GV 03 Hove
46,Statielei 16,2019-10-13,21:00:00,13,6,7,FMN GV 03 Hove
46,Statielei 16,2019-10-13,22:00:00,9,5,4,FMN GV 03 Hove
46,Statielei 16,2019-10-13,23:00:00,6,2,4,FMN GV 03 Hove
46,Statielei 16,2019-10-14,00:00:00,3,0,3,FMN GV 03 Hove
46,Statielei 16,2019-10-14,01:00:00,0,0,0,FMN GV 03 Hove
46,Statielei 16,2019-10-14,02:00:00,0,0,0,FMN GV 03 Hove
46,Statielei 16,2019-10-14,03:00:00,0,0,0,FMN GV 03 Hove
46,Statielei 16,2019-10-14,04:00:00,8,7,1,FMN GV 03 Hove
46,Statielei 16,2019-10-14,05:00:00,31,19,12,FMN GV 03 Hove
46,Statielei 16,2019-10-14,06:00:00,98,77,21,FMN GV 03 Hove
46,Statielei 16,2019-10-14,07:00:00,313,251,62,FMN GV 03 Hove
46,Statielei 16,2019-10-14,08:00:00,357,294,63,FMN GV 03 Hove
46,Statielei 16,2019-10-14,09:00:00,108,87,21,FMN GV 03 Hove
46,Statielei 16,2019-10-14,10:00:00,39,28,11,FMN GV 03 Hove
46,Statielei 16,2019-10-14,11:00:00,44,31,13,FMN GV 03 Hove
46,Statielei 16,2019-10-14,12:00:00,72,43,29,FMN GV 03 Hove
46,Statielei 16,2019-10-14,13:00:00,80,41,39,FMN GV 03 Hove
46,Statielei 16,2019-10-14,14:00:00,83,43,40,FMN GV 03 Hove
46,Statielei 16,2019-10-14,15:00:00,177,76,101,FMN GV 03 Hove
46,Statielei 16,2019-10-14,16:00:00,273,73,200,FMN GV 03 Hove
46,Statielei 16,2019-10-14,17:00:00,320,84,236,FMN GV 03 Hove
46,Statielei 16,2019-10-14,18:00:00,194,71,123,FMN GV 03 Hove
46,Statielei 16,2019-10-14,19:00:00,73,21,52,FMN GV 03 Hove
46,Statielei 16,2019-10-14,20:00:00,36,22,14,FMN GV 03 Hove
46,Statielei 16,2019-10-14,21:00:00,22,11,11,FMN GV 03 Hove
46,Statielei 16,2019-10-14,22:00:00,26,6,20,FMN GV 03 Hove
46,Statielei 16,2019-10-14,23:00:00,15,5,10,FMN GV 03 Hove
46,Statielei 16,2019-10-15,00:00:00,3,0,3,FMN GV 03 Hove
46,Statielei 16,2019-10-15,01:00:00,3,1,2,FMN GV 03 Hove
46,Statielei 16,2019-10-15,02:00:00,2,1,1,FMN GV 03 Hove
46,Statielei 16,2019-10-15,03:00:00,4,2,2,FMN GV 03 Hove
46,Statielei 16,2019-10-15,04:00:00,9,8,1,FMN GV 03 Hove
46,Statielei 16,2019-10-15,05:00:00,23,14,9,FMN GV 03 Hove
46,Statielei 16,2019-10-15,06:00:00,90,75,15,FMN GV 03 Hove
46,Statielei 16,2019-10-15,07:00:00,285,232,53,FMN GV 03 Hove
46,Statielei 16,2019-10-15,08:00:00,305,245,60,FMN GV 03 Hove
46,Statielei 16,2019-10-15,09:00:00,83,64,19,FMN GV 03 Hove
46,Statielei 16,2019-10-15,10:00:00,50,36,14,FMN GV 03 Hove
46,Statielei 16,2019-10-15,11:00:00,51,33,18,FMN GV 03 Hove
46,Statielei 16,2019-10-15,12:00:00,73,42,31,FMN GV 03 Hove
46,Statielei 16,2019-10-15,13:00:00,87,50,37,FMN GV 03 Hove
46,Statielei 16,2019-10-15,14:00:00,65,27,38,FMN GV 03 Hove
46,Statielei 16,2019-10-15,15:00:00,95,31,64,FMN GV 03 Hove
46,Statielei 16,2019-10-15,16:00:00,258,65,193,FMN GV 03 Hove
46,Statielei 16,2019-10-15,17:00:00,236,58,178,FMN GV 03 Hove
46,Statielei 16,2019-10-15,18:00:00,150,50,100,FMN GV 03 Hove
46,Statielei 16,2019-10-15,19:00:00,67,28,39,FMN GV 03 Hove
46,Statielei 16,2019-10-15,20:00:00,43,23,20,FMN GV 03 Hove
46,Statielei 16,2019-10-15,21:00:00,36,13,23,FMN GV 03 Hove
46,Statielei 16,2019-10-15,22:00:00,39,17,22,FMN GV 03 Hove
46,Statielei 16,2019-10-15,23:00:00,19,4,15,FMN GV 03 Hove
46,Statielei 16,2019-10-16,00:00:00,7,5,2,FMN GV 03 Hove
46,Statielei 16,2019-10-16,01:00:00,1,0,1,FMN GV 03 Hove
46,Statielei 16,2019-10-16,02:00:00,3,2,1,FMN GV 03 Hove
46,Statielei 16,2019-10-16,03:00:00,4,3,1,FMN GV 03 Hove
46,Statielei 16,2019-10-16,04:00:00,7,5,2,FMN GV 03 Hove
46,Statielei 16,2019-10-16,05:00:00,24,14,10,FMN GV 03 Hove
46,Statielei 16,2019-10-16,06:00:00,73,60,13,FMN GV 03 Hove
46,Statielei 16,2019-10-16,07:00:00,279,222,57,FMN GV 03 Hove
46,Statielei 16,2019-10-16,08:00:00,319,267,52,FMN GV 03 Hove
46,Statielei 16,2019-10-16,09:00:00,104,79,25,FMN GV 03 Hove
46,Statielei 16,2019-10-16,10:00:00,66,36,30,FMN GV 03 Hove
46,Statielei 16,2019-10-16,11:00:00,72,28,44,FMN GV 03 Hove
46,Statielei 16,2019-10-16,12:00:00,121,42,79,FMN GV 03 Hove
46,Statielei 16,2019-10-16,13:00:00,81,24,57,FMN GV 03 Hove
46,Statielei 16,2019-10-16,14:00:00,62,26,36,FMN GV 03 Hove
46,Statielei 16,2019-10-16,15:00:00,60,24,36,FMN GV 03 Hove
46,Statielei 16,2019-10-16,16:00:00,161,38,123,FMN GV 03 Hove
46,Statielei 16,2019-10-16,17:00:00,181,38,143,FMN GV 03 Hove
46,Statielei 16,2019-10-16,18:00:00,129,43,86,FMN GV 03 Hove
46,Statielei 16,2019-10-16,19:00:00,51,18,33,FMN GV 03 Hove
46,Statielei 16,2019-10-16,20:00:00,32,15,17,FMN GV 03 Hove
46,Statielei 16,2019-10-16,21:00:00,13,3,10,FMN GV 03 Hove
46,Statielei 16,2019-10-16,22:00:00,21,4,17,FMN GV 03 Hove
46,Statielei 16,2019-10-16,23:00:00,12,3,9,FMN GV 03 Hove
46,Statielei 16,2019-10-17,00:00:00,3,1,2,FMN GV 03 Hove
46,Statielei 16,2019-10-17,01:00:00,3,1,2,FMN GV 03 Hove
46,Statielei 16,2019-10-17,02:00:00,2,2,0,FMN GV 03 Hove
46,Statielei 16,2019-10-17,03:00:00,1,1,0,FMN GV 03 Hove
46,Statielei 16,2019-10-17,04:00:00,5,5,0,FMN GV 03 Hove
46,Statielei 16,2019-10-17,05:00:00,22,13,9,FMN GV 03 Hove
46,Statielei 16,2019-10-17,06:00:00,85,66,19,FMN GV 03 Hove
46,Statielei 16,2019-10-17,07:00:00,287,220,67,FMN GV 03 Hove
46,Statielei 16,2019-10-17,08:00:00,346,294,52,FMN GV 03 Hove
46,Statielei 16,2019-10-17,09:00:00,92,72,20,FMN GV 03 Hove
46,Statielei 16,2019-10-17,10:00:00,77,47,30,FMN GV 03 Hove
46,Statielei 16,2019-10-17,11:00:00,64,36,28,FMN GV 03 Hove
46,Statielei 16,2019-10-17,12:00:00,98,48,50,FMN GV 03 Hove
46,Statielei 16,2019-10-17,13:00:00,89,56,33,FMN GV 03 Hove
46,Statielei 16,2019-10-17,14:00:00,123,47,76,FMN GV 03 Hove
46,Statielei 16,2019-10-17,15:00:00,148,55,93,FMN GV 03 Hove
46,Statielei 16,2019-10-17,16:00:00,258,65,193,FMN GV 03 Hove
46,Statielei 16,2019-10-17,17:00:00,320,92,228,FMN GV 03 Hove
46,Statielei 16,2019-10-17,18:00:00,169,67,102,FMN GV 03 Hove
46,Statielei 16,2019-10-17,19:00:00,84,39,45,FMN GV 03 Hove
46,Statielei 16,2019-10-17,20:00:00,47,22,25,FMN GV 03 Hove
46,Statielei 16,2019-10-17,21:00:00,36,14,22,FMN GV 03 Hove
46,Statielei 16,2019-10-17,22:00:00,46,21,25,FMN GV 03 Hove
46,Statielei 16,2019-10-17,23:00:00,25,15,10,FMN GV 03 Hove
46,Statielei 16,2019-10-18,00:00:00,10,3,7,FMN GV 03 Hove
46,Statielei 16,2019-10-18,01:00:00,5,1,4,FMN GV 03 Hove
46,Statielei 16,2019-10-18,02:00:00,6,3,3,FMN GV 03 Hove
46,Statielei 16,2019-10-18,03:00:00,1,1,0,FMN GV 03 Hove
46,Statielei 16,2019-10-18,04:00:00,7,6,1,FMN GV 03 Hove
46,Statielei 16,2019-10-18,05:00:00,21,13,8,FMN GV 03 Hove
46,Statielei 16,2019-10-18,06:00:00,81,67,14,FMN GV 03 Hove
46,Statielei 16,2019-10-18,07:00:00,245,189,56,FMN GV 03 Hove
46,Statielei 16,2019-10-18,08:00:00,295,237,58,FMN GV 03 Hove
46,Statielei 16,2019-10-18,09:00:00,74,57,17,FMN GV 03 Hove
46,Statielei 16,2019-10-18,10:00:00,22,16,6,FMN GV 03 Hove
46,Statielei 16,2019-10-18,11:00:00,34,22,12,FMN GV 03 Hove
46,Statielei 16,2019-10-18,12:00:00,58,27,31,FMN GV 03 Hove
46,Statielei 16,2019-10-18,13:00:00,92,37,55,FMN GV 03 Hove
46,Statielei 16,2019-10-18,14:00:00,67,29,38,FMN GV 03 Hove
46,Statielei 16,2019-10-18,15:00:00,143,50,93,FMN GV 03 Hove
46,Statielei 16,2019-10-18,16:00:00,183,56,127,FMN GV 03 Hove
46,Statielei 16,2019-10-18,17:00:00,216,53,163,FMN GV 03 Hove
46,Statielei 16,2019-10-18,18:00:00,125,48,77,FMN GV 03 Hove
46,Statielei 16,2019-10-18,19:00:00,84,44,40,FMN GV 03 Hove
46,Statielei 16,2019-10-18,20:00:00,48,23,25,FMN GV 03 Hove
46,Statielei 16,2019-10-18,21:00:00,44,20,24,FMN GV 03 Hove
46,Statielei 16,2019-10-18,22:00:00,35,14,21,FMN GV 03 Hove
46,Statielei 16,2019-10-18,23:00:00,20,10,10,FMN GV 03 Hove
46,Statielei 16,2019-10-19,00:00:00,25,10,15,FMN GV 03 Hove
46,Statielei 16,2019-10-19,01:00:00,10,4,6,FMN GV 03 Hove
46,Statielei 16,2019-10-19,02:00:00,20,9,11,FMN GV 03 Hove
46,Statielei 16,2019-10-19,03:00:00,9,5,4,FMN GV 03 Hove
46,Statielei 16,2019-10-19,04:00:00,20,7,13,FMN GV 03 Hove
46,Statielei 16,2019-10-19,05:00:00,6,3,3,FMN GV 03 Hove
46,Statielei 16,2019-10-19,06:00:00,9,2,7,FMN GV 03 Hove
46,Statielei 16,2019-10-19,07:00:00,9,4,5,FMN GV 03 Hove
46,Statielei 16,2019-10-19,08:00:00,15,11,4,FMN GV 03 Hove
46,Statielei 16,2019-10-19,09:00:00,19,14,5,FMN GV 03 Hove
46,Statielei 16,2019-10-19,10:00:00,15,4,11,FMN GV 03 Hove
46,Statielei 16,2019-10-19,11:00:00,42,19,23,FMN GV 03 Hove
46,Statielei 16,2019-10-19,12:00:00,49,25,24,FMN GV 03 Hove
46,Statielei 16,2019-10-19,13:00:00,86,51,35,FMN GV 03 Hove
46,Statielei 16,2019-10-19,14:00:00,68,39,29,FMN GV 03 Hove
46,Statielei 16,2019-10-19,15:00:00,97,59,38,FMN GV 03 Hove
46,Statielei 16,2019-10-19,16:00:00,58,36,22,FMN GV 03 Hove
46,Statielei 16,2019-10-19,17:00:00,67,45,22,FMN GV 03 Hove
46,Statielei 16,2019-10-19,18:00:00,57,30,27,FMN GV 03 Hove
46,Statielei 16,2019-10-19,19:00:00,47,26,21,FMN GV 03 Hove
46,Statielei 16,2019-10-19,20:00:00,23,11,12,FMN GV 03 Hove
46,Statielei 16,2019-10-19,21:00:00,26,14,12,FMN GV 03 Hove
46,Statielei 16,2019-10-19,22:00:00,27,16,11,FMN GV 03 Hove
46,Statielei 16,2019-10-19,23:00:00,11,6,5,FMN GV 03 Hove
46,Statielei 16,2019-10-20,00:00:00,15,7,8,FMN GV 03 Hove
46,Statielei 16,2019-10-20,01:00:00,22,2,20,FMN GV 03 Hove
46,Statielei 16,2019-10-20,02:00:00,11,3,8,FMN GV 03 Hove
46,Statielei 16,2019-10-20,03:00:00,2,0,2,FMN GV 03 Hove
46,Statielei 16,2019-10-20,04:00:00,3,1,2,FMN GV 03 Hove
46,Statielei 16,2019-10-20,05:00:00,4,2,2,FMN GV 03 Hove
46,Statielei 16,2019-10-20,06:00:00,12,6,6,FMN GV 03 Hove
46,Statielei 16,2019-10-20,07:00:00,6,3,3,FMN GV 03 Hove
46,Statielei 16,2019-10-20,08:00:00,23,12,11,FMN GV 03 Hove
46,Statielei 16,2019-10-20,09:00:00,64,21,43,FMN GV 03 Hove
46,Statielei 16,2019-10-20,10:00:00,55,25,30,FMN GV 03 Hove
46,Statielei 16,2019-10-20,11:00:00,63,28,35,FMN GV 03 Hove
46,Statielei 16,2019-10-20,12:00:00,53,34,19,FMN GV 03 Hove
46,Statielei 16,2019-10-20,13:00:00,34,20,14,FMN GV 03 Hove
46,Statielei 16,2019-10-20,14:00:00,45,29,16,FMN GV 03 Hove
46,Statielei 16,2019-10-20,15:00:00,43,27,16,FMN GV 03 Hove
46,Statielei 16,2019-10-20,16:00:00,51,25,26,FMN GV 03 Hove
46,Statielei 16,2019-10-20,17:00:00,48,22,26,FMN GV 03 Hove
46,Statielei 16,2019-10-20,18:00:00,37,23,14,FMN GV 03 Hove
46,Statielei 16,2019-10-20,19:00:00,15,4,11,FMN GV 03 Hove
46,Statielei 16,2019-10-20,20:00:00,17,12,5,FMN GV 03 Hove
46,Statielei 16,2019-10-20,21:00:00,22,16,6,FMN GV 03 Hove
46,Statielei 16,2019-10-20,22:00:00,13,7,6,FMN GV 03 Hove
46,Statielei 16,2019-10-20,23:00:00,8,5,3,FMN GV 03 Hove
46,Statielei 16,2019-10-21,00:00:00,7,3,4,FMN GV 03 Hove
46,Statielei 16,2019-10-21,01:00:00,0,0,0,FMN GV 03 Hove
46,Statielei 16,2019-10-21,02:00:00,2,1,1,FMN GV 03 Hove
46,Statielei 16,2019-10-21,03:00:00,2,1,1,FMN GV 03 Hove
46,Statielei 16,2019-10-21,04:00:00,9,7,2,FMN GV 03 Hove
46,Statielei 16,2019-10-21,05:00:00,21,14,7,FMN GV 03 Hove
46,Statielei 16,2019-10-21,06:00:00,53,40,13,FMN GV 03 Hove
46,Statielei 16,2019-10-21,07:00:00,252,209,43,FMN GV 03 Hove
46,Statielei 16,2019-10-21,08:00:00,314,248,66,FMN GV 03 Hove
46,Statielei 16,2019-10-21,09:00:00,96,79,17,FMN GV 03 Hove
46,Statielei 16,2019-10-21,10:00:00,44,30,14,FMN GV 03 Hove
46,Statielei 16,2019-10-21,11:00:00,53,32,21,FMN GV 03 Hove
46,Statielei 16,2019-10-21,12:00:00,61,35,26,FMN GV 03 Hove
46,Statielei 16,2019-10-21,13:00:00,65,33,32,FMN GV 03 Hove
46,Statielei 16,2019-10-21,14:00:00,54,25,29,FMN GV 03 Hove
46,Statielei 16,2019-10-21,15:00:00,94,33,61,FMN GV 03 Hove
46,Statielei 16,2019-10-21,16:00:00,214,57,157,FMN GV 03 Hove
46,Statielei 16,2019-10-21,17:00:00,223,57,166,FMN GV 03 Hove
46,Statielei 16,2019-10-21,18:00:00,162,58,104,FMN GV 03 Hove
46,Statielei 16,2019-10-21,19:00:00,56,19,37,FMN GV 03 Hove
46,Statielei 16,2019-10-21,20:00:00,21,8,13,FMN GV 03 Hove
46,Statielei 16,2019-10-21,21:00:00,15,3,12,FMN GV 03 Hove
46,Statielei 16,2019-10-21,22:00:00,27,13,14,FMN GV 03 Hove
46,Statielei 16,2019-10-21,23:00:00,12,6,6,FMN GV 03 Hove
46,Statielei 16,2019-10-22,00:00:00,0,0,0,FMN GV 03 Hove
46,Statielei 16,2019-10-22,01:00:00,1,1,0,FMN GV 03 Hove
46,Statielei 16,2019-10-22,02:00:00,5,2,3,FMN GV 03 Hove
46,Statielei 16,2019-10-22,03:00:00,3,1,2,FMN GV 03 Hove
46,Statielei 16,2019-10-22,04:00:00,6,5,1,FMN GV 03 Hove
46,Statielei 16,2019-10-22,05:00:00,33,21,12,FMN GV 03 Hove
46,Statielei 16,2019-10-22,06:00:00,92,71,21,FMN GV 03 Hove
46,Statielei 16,2019-10-22,07:00:00,355,284,71,FMN GV 03 Hove
46,Statielei 16,2019-10-22,08:00:00,419,328,91,FMN GV 03 Hove
46,Statielei 16,2019-10-22,09:00:00,103,78,25,FMN GV 03 Hove
46,Statielei 16,2019-10-22,10:00:00,63,43,20,FMN GV 03 Hove
46,Statielei 16,2019-10-22,11:00:00,59,36,23,FMN GV 03 Hove
46,Statielei 16,2019-10-22,12:00:00,101,50,51,FMN GV 03 Hove
46,Statielei 16,2019-10-22,13:00:00,109,61,48,FMN GV 03 Hove
46,Statielei 16,2019-10-22,14:00:00,87,40,47,FMN GV 03 Hove
46,Statielei 16,2019-10-22,15:00:00,141,53,88,FMN GV 03 Hove
46,Statielei 16,2019-10-22,16:00:00,282,72,210,FMN GV 03 Hove
46,Statielei 16,2019-10-22,17:00:00,325,93,232,FMN GV 03 Hove
46,Statielei 16,2019-10-22,18:00:00,230,82,148,FMN GV 03 Hove
46,Statielei 16,2019-10-22,19:00:00,104,50,54,FMN GV 03 Hove
46,Statielei 16,2019-10-22,20:00:00,60,24,36,FMN GV 03 Hove
46,Statielei 16,2019-10-22,21:00:00,40,19,21,FMN GV 03 Hove
46,Statielei 16,2019-10-22,22:00:00,38,17,21,FMN GV 03 Hove
46,Statielei 16,2019-10-22,23:00:00,20,4,16,FMN GV 03 Hove
46,Statielei 16,2019-10-23,00:00:00,1,1,0,FMN GV 03 Hove
46,Statielei 16,2019-10-23,01:00:00,2,2,0,FMN GV 03 Hove
46,Statielei 16,2019-10-23,02:00:00,2,2,0,FMN GV 03 Hove
46,Statielei 16,2019-10-23,03:00:00,2,1,1,FMN GV 03 Hove
46,Statielei 16,2019-10-23,04:00:00,8,7,1,FMN GV 03 Hove
46,Statielei 16,2019-10-23,05:00:00,23,14,9,FMN GV 03 Hove
46,Statielei 16,2019-10-23,06:00:00,105,76,29,FMN GV 03 Hove
46,Statielei 16,2019-10-23,07:00:00,327,244,83,FMN GV 03 Hove
46,Statielei 16,2019-10-23,08:00:00,323,271,52,FMN GV 03 Hove
46,Statielei 16,2019-10-23,09:00:00,116,95,21,FMN GV 03 Hove
46,Statielei 16,2019-10-23,10:00:00,79,54,25,FMN GV 03 Hove
46,Statielei 16,2019-10-23,11:00:00,93,53,40,FMN GV 03 Hove
46,Statielei 16,2019-10-23,12:00:00,164,67,97,FMN GV 03 Hove
46,Statielei 16,2019-10-23,13:00:00,154,57,97,FMN GV 03 Hove
46,Statielei 16,2019-10-23,14:00:00,154,76,78,FMN GV 03 Hove
46,Statielei 16,2019-10-23,15:00:00,133,58,75,FMN GV 03 Hove
46,Statielei 16,2019-10-23,16:00:00,226,81,145,FMN GV 03 Hove
46,Statielei 16,2019-10-23,17:00:00,310,90,220,FMN GV 03 Hove
46,Statielei 16,2019-10-23,18:00:00,189,79,110,FMN GV 03 Hove
46,Statielei 16,2019-10-23,19:00:00,89,44,45,FMN GV 03 Hove
46,Statielei 16,2019-10-23,20:00:00,57,30,27,FMN GV 03 Hove
46,Statielei 16,2019-10-23,21:00:00,41,10,31,FMN GV 03 Hove
46,Statielei 16,2019-10-23,22:00:00,30,13,17,FMN GV 03 Hove
46,Statielei 16,2019-10-23,23:00:00,18,5,13,FMN GV 03 Hove
46,Statielei 16,2019-10-24,00:00:00,11,4,7,FMN GV 03 Hove
46,Statielei 16,2019-10-24,01:00:00,4,1,3,FMN GV 03 Hove
46,Statielei 16,2019-10-24,02:00:00,5,2,3,FMN GV 03 Hove
46,Statielei 16,2019-10-24,03:00:00,3,2,1,FMN GV 03 Hove
46,Statielei 16,2019-10-24,04:00:00,12,7,5,FMN GV 03 Hove
46,Statielei 16,2019-10-24,05:00:00,23,16,7,FMN GV 03 Hove
46,Statielei 16,2019-10-24,06:00:00,106,82,24,FMN GV 03 Hove
46,Statielei 16,2019-10-24,07:00:00,335,260,75,FMN GV 03 Hove
46,Statielei 16,2019-10-24,08:00:00,393,328,65,FMN GV 03 Hove
46,Statielei 16,2019-10-24,09:00:00,134,89,45,FMN GV 03 Hove
46,Statielei 16,2019-10-24,10:00:00,84,49,35,FMN GV 03 Hove
46,Statielei 16,2019-10-24,11:00:00,83,57,26,FMN GV 03 Hove
46,Statielei 16,2019-10-24,12:00:00,112,65,47,FMN GV 03 Hove
46,Statielei 16,2019-10-24,13:00:00,134,73,61,FMN GV 03 Hove
46,Statielei 16,2019-10-24,14:00:00,119,55,64,FMN GV 03 Hove
46,Statielei 16,2019-10-24,15:00:00,184,63,121,FMN GV 03 Hove
46,Statielei 16,2019-10-24,16:00:00,267,60,207,FMN GV 03 Hove
46,Statielei 16,2019-10-24,17:00:00,332,92,240,FMN GV 03 Hove
46,Statielei 16,2019-10-24,18:00:00,206,85,121,FMN GV 03 Hove
46,Statielei 16,2019-10-24,19:00:00,108,46,62,FMN GV 03 Hove
46,Statielei 16,2019-10-24,20:00:00,44,15,29,FMN GV 03 Hove
46,Statielei 16,2019-10-24,21:00:00,51,27,24,FMN GV 03 Hove
46,Statielei 16,2019-10-24,22:00:00,40,19,21,FMN GV 03 Hove
46,Statielei 16,2019-10-24,23:00:00,25,10,15,FMN GV 03 Hove
46,Statielei 16,2019-10-25,00:00:00,8,3,5,FMN GV 03 Hove
46,Statielei 16,2019-10-25,01:00:00,4,2,2,FMN GV 03 Hove
46,Statielei 16,2019-10-25,02:00:00,3,2,1,FMN GV 03 Hove
46,Statielei 16,2019-10-25,03:00:00,2,1,1,FMN GV 03 Hove
46,Statielei 16,2019-10-25,04:00:00,16,10,6,FMN GV 03 Hove
46,Statielei 16,2019-10-25,05:00:00,22,15,7,FMN GV 03 Hove
46,Statielei 16,2019-10-25,06:00:00,77,61,16,FMN GV 03 Hove
46,Statielei 16,2019-10-25,07:00:00,258,201,57,FMN GV 03 Hove
46,Statielei 16,2019-10-25,08:00:00,342,293,49,FMN GV 03 Hove
46,Statielei 16,2019-10-25,09:00:00,85,67,18,FMN GV 03 Hove
46,Statielei 16,2019-10-25,10:00:00,73,48,25,FMN GV 03 Hove
46,Statielei 16,2019-10-25,11:00:00,74,42,32,FMN GV 03 Hove
46,Statielei 16,2019-10-25,12:00:00,95,45,50,FMN GV 03 Hove
46,Statielei 16,2019-10-25,13:00:00,122,52,70,FMN GV 03 Hove
46,Statielei 16,2019-10-25,14:00:00,126,48,78,FMN GV 03 Hove
46,Statielei 16,2019-10-25,15:00:00,174,65,109,FMN GV 03 Hove
46,Statielei 16,2019-10-25,16:00:00,276,87,189,FMN GV 03 Hove
46,Statielei 16,2019-10-25,17:00:00,245,70,175,FMN GV 03 Hove
46,Statielei 16,2019-10-25,18:00:00,182,72,110,FMN GV 03 Hove
46,Statielei 16,2019-10-25,19:00:00,136,48,88,FMN GV 03 Hove
46,Statielei 16,2019-10-25,20:00:00,52,28,24,FMN GV 03 Hove
46,Statielei 16,2019-10-25,21:00:00,31,10,21,FMN GV 03 Hove
46,Statielei 16,2019-10-25,22:00:00,30,12,18,FMN GV 03 Hove
46,Statielei 16,2019-10-25,23:00:00,27,16,11,FMN GV 03 Hove
46,Statielei 16,2019-10-26,00:00:00,29,16,13,FMN GV 03 Hove
46,Statielei 16,2019-10-26,01:00:00,11,4,7,FMN GV 03 Hove
46,Statielei 16,2019-10-26,02:00:00,11,2,9,FMN GV 03 Hove
46,Statielei 16,2019-10-26,03:00:00,10,1,9,FMN GV 03 Hove
46,Statielei 16,2019-10-26,04:00:00,4,3,1,FMN GV 03 Hove
46,Statielei 16,2019-10-26,05:00:00,10,5,5,FMN GV 03 Hove
46,Statielei 16,2019-10-26,06:00:00,15,9,6,FMN GV 03 Hove
46,Statielei 16,2019-10-26,07:00:00,11,5,6,FMN GV 03 Hove
46,Statielei 16,2019-10-26,08:00:00,26,10,16,FMN GV 03 Hove
46,Statielei 16,2019-10-26,09:00:00,65,34,31,FMN GV 03 Hove
46,Statielei 16,2019-10-26,10:00:00,78,38,40,FMN GV 03 Hove
46,Statielei 16,2019-10-26,11:00:00,93,55,38,FMN GV 03 Hove
46,Statielei 16,2019-10-26,12:00:00,112,65,47,FMN GV 03 Hove
46,Statielei 16,2019-10-26,13:00:00,128,71,57,FMN GV 03 Hove
46,Statielei 16,2019-10-26,14:00:00,159,77,82,FMN GV 03 Hove
46,Statielei 16,2019-10-26,15:00:00,144,72,72,FMN GV 03 Hove
46,Statielei 16,2019-10-26,16:00:00,133,69,64,FMN GV 03 Hove
46,Statielei 16,2019-10-26,17:00:00,95,57,38,FMN GV 03 Hove
46,Statielei 16,2019-10-26,18:00:00,57,29,28,FMN GV 03 Hove
46,Statielei 16,2019-10-26,19:00:00,60,36,24,FMN GV 03 Hove
46,Statielei 16,2019-10-26,20:00:00,34,14,20,FMN GV 03 Hove
46,Statielei 16,2019-10-26,21:00:00,26,16,10,FMN GV 03 Hove
46,Statielei 16,2019-10-26,22:00:00,22,10,12,FMN GV 03 Hove
46,Statielei 16,2019-10-26,23:00:00,12,6,6,FMN GV 03 Hove
46,Statielei 16,2019-10-27,00:00:00,21,10,11,FMN GV 03 Hove
46,Statielei 16,2019-10-27,01:00:00,13,6,7,FMN GV 03 Hove
46,Statielei 16,2019-10-27,02:00:00,20,10,10,FMN GV 03 Hove
46,Statielei 16,2019-10-27,03:00:00,7,1,6,FMN GV 03 Hove
46,Statielei 16,2019-10-27,04:00:00,3,3,0,FMN GV 03 Hove
46,Statielei 16,2019-10-27,05:00:00,5,5,0,FMN GV 03 Hove
46,Statielei 16,2019-10-27,06:00:00,12,7,5,FMN GV 03 Hove
46,Statielei 16,2019-10-27,07:00:00,6,5,1,FMN GV 03 Hove
46,Statielei 16,2019-10-27,08:00:00,22,5,17,FMN GV 03 Hove
46,Statielei 16,2019-10-27,09:00:00,48,23,25,FMN GV 03 Hove
46,Statielei 16,2019-10-27,10:00:00,65,32,33,FMN GV 03 Hove
46,Statielei 16,2019-10-27,11:00:00,94,58,36,FMN GV 03 Hove
46,Statielei 16,2019-10-27,12:00:00,75,51,24,FMN GV 03 Hove
46,Statielei 16,2019-10-27,13:00:00,82,56,26,FMN GV 03 Hove
46,Statielei 16,2019-10-27,14:00:00,90,42,48,FMN GV 03 Hove
46,Statielei 16,2019-10-27,15:00:00,70,30,40,FMN GV 03 Hove
46,Statielei 16,2019-10-27,16:00:00,109,70,39,FMN GV 03 Hove
46,Statielei 16,2019-10-27,17:00:00,69,39,30,FMN GV 03 Hove
46,Statielei 16,2019-10-27,18:00:00,29,17,12,FMN GV 03 Hove
46,Statielei 16,2019-10-27,19:00:00,25,12,13,FMN GV 03 Hove
46,Statielei 16,2019-10-27,20:00:00,16,7,9,FMN GV 03 Hove
46,Statielei 16,2019-10-27,21:00:00,22,7,15,FMN GV 03 Hove
46,Statielei 16,2019-10-27,22:00:00,12,8,4,FMN GV 03 Hove
46,Statielei 16,2019-10-27,23:00:00,9,2,7,FMN GV 03 Hove
46,Statielei 16,2019-10-28,00:00:00,3,1,2,FMN GV 03 Hove
46,Statielei 16,2019-10-28,01:00:00,1,1,0,FMN GV 03 Hove
46,Statielei 16,2019-10-28,02:00:00,3,3,0,FMN GV 03 Hove
46,Statielei 16,2019-10-28,03:00:00,2,1,1,FMN GV 03 Hove
46,Statielei 16,2019-10-28,04:00:00,8,6,2,FMN GV 03 Hove
46,Statielei 16,2019-10-28,05:00:00,18,13,5,FMN GV 03 Hove
46,Statielei 16,2019-10-28,06:00:00,103,76,27,FMN GV 03 Hove
46,Statielei 16,2019-10-28,07:00:00,209,165,44,FMN GV 03 Hove
46,Statielei 16,2019-10-28,08:00:00,231,181,50,FMN GV 03 Hove
46,Statielei 16,2019-10-28,09:00:00,70,53,17,FMN GV 03 Hove
46,Statielei 16,2019-10-28,10:00:00,74,54,20,FMN GV 03 Hove
46,Statielei 16,2019-10-28,11:00:00,58,36,22,FMN GV 03 Hove
46,Statielei 16,2019-10-28,12:00:00,67,35,32,FMN GV 03 Hove
46,Statielei 16,2019-10-28,13:00:00,100,50,50,FMN GV 03 Hove
46,Statielei 16,2019-10-28,14:00:00,94,54,40,FMN GV 03 Hove
46,Statielei 16,2019-10-28,15:00:00,80,35,45,FMN GV 03 Hove
46,Statielei 16,2019-10-28,16:00:00,205,63,142,FMN GV 03 Hove
46,Statielei 16,2019-10-28,17:00:00,245,74,171,FMN GV 03 Hove
46,Statielei 16,2019-10-28,18:00:00,161,55,106,FMN GV 03 Hove
46,Statielei 16,2019-10-28,19:00:00,62,22,40,FMN GV 03 Hove
46,Statielei 16,2019-10-28,20:00:00,35,18,17,FMN GV 03 Hove
46,Statielei 16,2019-10-28,21:00:00,27,15,12,FMN GV 03 Hove
46,Statielei 16,2019-10-28,22:00:00,19,7,12,FMN GV 03 Hove
46,Statielei 16,2019-10-28,23:00:00,11,4,7,FMN GV 03 Hove
46,Statielei 16,2019-10-29,00:00:00,3,2,1,FMN GV 03 Hove
46,Statielei 16,2019-10-29,01:00:00,1,0,1,FMN GV 03 Hove
46,Statielei 16,2019-10-29,02:00:00,2,1,1,FMN GV 03 Hove
46,Statielei 16,2019-10-29,03:00:00,2,1,1,FMN GV 03 Hove
46,Statielei 16,2019-10-29,04:00:00,9,6,3,FMN GV 03 Hove
46,Statielei 16,2019-10-29,05:00:00,18,14,4,FMN GV 03 Hove
46,Statielei 16,2019-10-29,06:00:00,106,77,29,FMN GV 03 Hove
46,Statielei 16,2019-10-29,07:00:00,257,194,63,FMN GV 03 Hove
46,Statielei 16,2019-10-29,08:00:00,236,177,59,FMN GV 03 Hove
46,Statielei 16,2019-10-29,09:00:00,64,45,19,FMN GV 03 Hove
46,Statielei 16,2019-10-29,10:00:00,79,42,37,FMN GV 03 Hove
46,Statielei 16,2019-10-29,11:00:00,86,59,27,FMN GV 03 Hove
46,Statielei 16,2019-10-29,12:00:00,102,55,47,FMN GV 03 Hove
46,Statielei 16,2019-10-29,13:00:00,104,59,45,FMN GV 03 Hove
46,Statielei 16,2019-10-29,14:00:00,91,40,51,FMN GV 03 Hove
46,Statielei 16,2019-10-29,15:00:00,127,66,61,FMN GV 03 Hove
46,Statielei 16,2019-10-29,16:00:00,203,54,149,FMN GV 03 Hove
46,Statielei 16,2019-10-29,17:00:00,284,93,191,FMN GV 03 Hove
46,Statielei 16,2019-10-29,18:00:00,166,64,102,FMN GV 03 Hove
46,Statielei 16,2019-10-29,19:00:00,52,15,37,FMN GV 03 Hove
46,Statielei 16,2019-10-29,20:00:00,36,15,21,FMN GV 03 Hove
46,Statielei 16,2019-10-29,21:00:00,34,12,22,FMN GV 03 Hove
46,Statielei 16,2019-10-29,22:00:00,29,9,20,FMN GV 03 Hove
46,Statielei 16,2019-10-29,23:00:00,15,11,4,FMN GV 03 Hove
46,Statielei 16,2019-10-30,00:00:00,10,4,6,FMN GV 03 Hove
46,Statielei 16,2019-10-30,01:00:00,2,0,2,FMN GV 03 Hove
46,Statielei 16,2019-10-30,02:00:00,5,5,0,FMN GV 03 Hove
46,Statielei 16,2019-10-30,03:00:00,1,0,1,FMN GV 03 Hove
46,Statielei 16,2019-10-30,04:00:00,8,4,4,FMN GV 03 Hove
46,Statielei 16,2019-10-30,05:00:00,14,11,3,FMN GV 03 Hove
46,Statielei 16,2019-10-30,06:00:00,86,67,19,FMN GV 03 Hove
46,Statielei 16,2019-10-30,07:00:00,200,147,53,FMN GV 03 Hove
46,Statielei 16,2019-10-30,08:00:00,210,165,45,FMN GV 03 Hove
46,Statielei 16,2019-10-30,09:00:00,113,85,28,FMN GV 03 Hove
46,Statielei 16,2019-10-30,10:00:00,95,65,30,FMN GV 03 Hove
46,Statielei 16,2019-10-30,11:00:00,82,45,37,FMN GV 03 Hove
46,Statielei 16,2019-10-30,12:00:00,87,37,50,FMN GV 03 Hove
46,Statielei 16,2019-10-30,13:00:00,96,52,44,FMN GV 03 Hove
46,Statielei 16,2019-10-30,14:00:00,67,31,36,FMN GV 03 Hove
46,Statielei 16,2019-10-30,15:00:00,99,36,63,FMN GV 03 Hove
46,Statielei 16,2019-10-30,16:00:00,168,46,122,FMN GV 03 Hove
46,Statielei 16,2019-10-30,17:00:00,221,75,146,FMN GV 03 Hove
46,Statielei 16,2019-10-30,18:00:00,126,45,81,FMN GV 03 Hove
46,Statielei 16,2019-10-30,19:00:00,55,27,28,FMN GV 03 Hove
46,Statielei 16,2019-10-30,20:00:00,31,12,19,FMN GV 03 Hove
46,Statielei 16,2019-10-30,21:00:00,29,12,17,FMN GV 03 Hove
46,Statielei 16,2019-10-30,22:00:00,31,9,22,FMN GV 03 Hove
46,Statielei 16,2019-10-30,23:00:00,14,3,11,FMN GV 03 Hove
46,Statielei 16,2019-10-31,00:00:00,7,2,5,FMN GV 03 Hove
46,Statielei 16,2019-10-31,01:00:00,5,2,3,FMN GV 03 Hove
46,Statielei 16,2019-10-31,02:00:00,5,4,1,FMN GV 03 Hove
46,Statielei 16,2019-10-31,03:00:00,1,0,1,FMN GV 03 Hove
46,Statielei 16,2019-10-31,04:00:00,9,7,2,FMN GV 03 Hove
46,Statielei 16,2019-10-31,05:00:00,13,9,4,FMN GV 03 Hove
46,Statielei 16,2019-10-31,06:00:00,74,59,15,FMN GV 03 Hove
46,Statielei 16,2019-10-31,07:00:00,144,104,40,FMN GV 03 Hove
46,Statielei 16,2019-10-31,08:00:00,170,126,44,FMN GV 03 Hove
46,Statielei 16,2019-10-31,09:00:00,69,51,18,FMN GV 03 Hove
46,Statielei 16,2019-10-31,10:00:00,62,44,18,FMN GV 03 Hove
46,Statielei 16,2019-10-31,11:00:00,78,44,34,FMN GV 03 Hove
46,Statielei 16,2019-10-31,12:00:00,92,55,37,FMN GV 03 Hove
46,Statielei 16,2019-10-31,13:00:00,90,48,42,FMN GV 03 Hove
46,Statielei 16,2019-10-31,14:00:00,92,43,49,FMN GV 03 Hove
46,Statielei 16,2019-10-31,15:00:00,93,36,57,FMN GV 03 Hove
46,Statielei 16,2019-10-31,16:00:00,165,63,102,FMN GV 03 Hove
46,Statielei 16,2019-10-31,17:00:00,161,57,104,FMN GV 03 Hove
46,Statielei 16,2019-10-31,18:00:00,98,36,62,FMN GV 03 Hove
46,Statielei 16,2019-10-31,19:00:00,35,19,16,FMN GV 03 Hove
46,Statielei 16,2019-10-31,20:00:00,44,27,17,FMN GV 03 Hove
46,Statielei 16,2019-10-31,21:00:00,28,11,17,FMN GV 03 Hove
46,Statielei 16,2019-10-31,22:00:00,25,13,12,FMN GV 03 Hove
46,Statielei 16,2019-10-31,23:00:00,24,12,12,FMN GV 03 Hove
46,Statielei 16,2019-11-01,00:00:00,15,8,7,FMN GV 03 Hove
46,Statielei 16,2019-11-01,01:00:00,19,8,11,FMN GV 03 Hove
46,Statielei 16,2019-11-01,02:00:00,12,3,9,FMN GV 03 Hove
46,Statielei 16,2019-11-01,03:00:00,5,1,4,FMN GV 03 Hove
46,Statielei 16,2019-11-01,04:00:00,5,2,3,FMN GV 03 Hove
46,Statielei 16,2019-11-01,05:00:00,8,5,3,FMN GV 03 Hove
46,Statielei 16,2019-11-01,06:00:00,10,5,5,FMN GV 03 Hove
46,Statielei 16,2019-11-01,07:00:00,9,4,5,FMN GV 03 Hove
46,Statielei 16,2019-11-01,08:00:00,15,7,8,FMN GV 03 Hove
46,Statielei 16,2019-11-01,09:00:00,17,11,6,FMN GV 03 Hove
46,Statielei 16,2019-11-01,10:00:00,30,20,10,FMN GV 03 Hove
46,Statielei 16,2019-11-01,11:00:00,14,6,8,FMN GV 03 Hove
46,Statielei 16,2019-11-01,12:00:00,21,9,12,FMN GV 03 Hove
46,Statielei 16,2019-11-01,13:00:00,16,8,8,FMN GV 03 Hove
46,Statielei 16,2019-11-01,14:00:00,24,14,10,FMN GV 03 Hove
46,Statielei 16,2019-11-01,15:00:00,23,14,9,FMN GV 03 Hove
46,Statielei 16,2019-11-01,16:00:00,17,8,9,FMN GV 03 Hove
46,Statielei 16,2019-11-01,17:00:00,19,9,10,FMN GV 03 Hove
46,Statielei 16,2019-11-01,18:00:00,21,10,11,FMN GV 03 Hove
46,Statielei 16,2019-11-01,19:00:00,15,8,7,FMN GV 03 Hove
46,Statielei 16,2019-11-01,20:00:00,25,18,7,FMN GV 03 Hove
46,Statielei 16,2019-11-01,21:00:00,8,3,5,FMN GV 03 Hove
46,Statielei 16,2019-11-01,22:00:00,9,4,5,FMN GV 03 Hove
46,Statielei 16,2019-11-01,23:00:00,9,4,5,FMN GV 03 Hove
46,Statielei 16,2019-11-02,00:00:00,7,1,6,FMN GV 03 Hove
46,Statielei 16,2019-11-02,01:00:00,12,4,8,FMN GV 03 Hove
46,Statielei 16,2019-11-02,02:00:00,5,3,2,FMN GV 03 Hove
46,Statielei 16,2019-11-02,03:00:00,4,0,4,FMN GV 03 Hove
46,Statielei 16,2019-11-02,04:00:00,5,3,2,FMN GV 03 Hove
46,Statielei 16,2019-11-02,05:00:00,8,6,2,FMN GV 03 Hove
46,Statielei 16,2019-11-02,06:00:00,7,4,3,FMN GV 03 Hove
46,Statielei 16,2019-11-02,07:00:00,6,3,3,FMN GV 03 Hove
46,Statielei 16,2019-11-02,08:00:00,10,6,4,FMN GV 03 Hove
46,Statielei 16,2019-11-02,09:00:00,26,17,9,FMN GV 03 Hove
46,Statielei 16,2019-11-02,10:00:00,16,8,8,FMN GV 03 Hove
46,Statielei 16,2019-11-02,11:00:00,31,20,11,FMN GV 03 Hove
46,Statielei 16,2019-11-02,12:00:00,52,27,25,FMN GV 03 Hove
46,Statielei 16,2019-11-02,13:00:00,76,43,33,FMN GV 03 Hove
46,Statielei 16,2019-11-02,14:00:00,69,41,28,FMN GV 03 Hove
46,Statielei 16,2019-11-02,15:00:00,74,35,39,FMN GV 03 Hove
46,Statielei 16,2019-11-02,16:00:00,56,25,31,FMN GV 03 Hove
46,Statielei 16,2019-11-02,17:00:00,39,27,12,FMN GV 03 Hove
46,Statielei 16,2019-11-02,18:00:00,26,14,12,FMN GV 03 Hove
46,Statielei 16,2019-11-02,19:00:00,39,28,11,FMN GV 03 Hove
46,Statielei 16,2019-11-02,20:00:00,13,7,6,FMN GV 03 Hove
46,Statielei 16,2019-11-02,21:00:00,25,13,12,FMN GV 03 Hove
46,Statielei 16,2019-11-02,22:00:00,19,6,13,FMN GV 03 Hove
46,Statielei 16,2019-11-02,23:00:00,22,13,9,FMN GV 03 Hove
46,Statielei 16,2019-11-03,00:00:00,7,3,4,FMN GV 03 Hove
46,Statielei 16,2019-11-03,01:00:00,11,5,6,FMN GV 03 Hove
46,Statielei 16,2019-11-03,02:00:00,1,0,1,FMN GV 03 Hove
46,Statielei 16,2019-11-03,03:00:00,2,0,2,FMN GV 03 Hove
46,Statielei 16,2019-11-03,04:00:00,6,1,5,FMN GV 03 Hove
46,Statielei 16,2019-11-03,05:00:00,4,4,0,FMN GV 03 Hove
46,Statielei 16,2019-11-03,06:00:00,5,2,3,FMN GV 03 Hove
46,Statielei 16,2019-11-03,07:00:00,5,3,2,FMN GV 03 Hove
46,Statielei 16,2019-11-03,08:00:00,18,8,10,FMN GV 03 Hove
46,Statielei 16,2019-11-03,09:00:00,36,16,20,FMN GV 03 Hove
46,Statielei 16,2019-11-03,10:00:00,61,32,29,FMN GV 03 Hove
46,Statielei 16,2019-11-03,11:00:00,38,31,7,FMN GV 03 Hove
46,Statielei 16,2019-11-03,12:00:00,39,25,14,FMN GV 03 Hove
46,Statielei 16,2019-11-03,13:00:00,28,19,9,FMN GV 03 Hove
46,Statielei 16,2019-11-03,14:00:00,20,10,10,FMN GV 03 Hove
46,Statielei 16,2019-11-03,15:00:00,32,20,12,FMN GV 03 Hove
46,Statielei 16,2019-11-03,16:00:00,12,5,7,FMN GV 03 Hove
46,Statielei 16,2019-11-03,17:00:00,22,10,12,FMN GV 03 Hove
46,Statielei 16,2019-11-03,18:00:00,28,15,13,FMN GV 03 Hove
46,Statielei 16,2019-11-03,19:00:00,23,6,17,FMN GV 03 Hove
46,Statielei 16,2019-11-03,20:00:00,9,4,5,FMN GV 03 Hove
46,Statielei 16,2019-11-03,21:00:00,11,8,3,FMN GV 03 Hove
46,Statielei 16,2019-11-03,22:00:00,6,4,2,FMN GV 03 Hove
46,Statielei 16,2019-11-03,23:00:00,6,4,2,FMN GV 03 Hove
46,Statielei 16,2019-11-04,00:00:00,0,0,0,FMN GV 03 Hove
46,Statielei 16,2019-11-04,01:00:00,0,0,0,FMN GV 03 Hove
46,Statielei 16,2019-11-04,02:00:00,1,1,0,FMN GV 03 Hove
46,Statielei 16,2019-11-04,03:00:00,1,0,1,FMN GV 03 Hove
46,Statielei 16,2019-11-04,04:00:00,8,4,4,FMN GV 03 Hove
46,Statielei 16,2019-11-04,05:00:00,15,11,4,FMN GV 03 Hove
46,Statielei 16,2019-11-04,06:00:00,80,65,15,FMN GV 03 Hove
46,Statielei 16,2019-11-04,07:00:00,281,225,56,FMN GV 03 Hove
46,Statielei 16,2019-11-04,08:00:00,317,272,45,FMN GV 03 Hove
46,Statielei 16,2019-11-04,09:00:00,88,72,16,FMN GV 03 Hove
46,Statielei 16,2019-11-04,10:00:00,40,27,13,FMN GV 03 Hove
46,Statielei 16,2019-11-04,11:00:00,45,25,20,FMN GV 03 Hove
46,Statielei 16,2019-11-04,12:00:00,65,35,30,FMN GV 03 Hove
46,Statielei 16,2019-11-04,13:00:00,65,39,26,FMN GV 03 Hove
46,Statielei 16,2019-11-04,14:00:00,64,34,30,FMN GV 03 Hove
46,Statielei 16,2019-11-04,15:00:00,92,31,61,FMN GV 03 Hove
46,Statielei 16,2019-11-04,16:00:00,253,57,196,FMN GV 03 Hove
46,Statielei 16,2019-11-04,17:00:00,256,58,198,FMN GV 03 Hove
46,Statielei 16,2019-11-04,18:00:00,136,47,89,FMN GV 03 Hove
46,Statielei 16,2019-11-04,19:00:00,42,11,31,FMN GV 03 Hove
46,Statielei 16,2019-11-04,20:00:00,24,11,13,FMN GV 03 Hove
46,Statielei 16,2019-11-04,21:00:00,17,9,8,FMN GV 03 Hove
46,Statielei 16,2019-11-04,22:00:00,31,12,19,FMN GV 03 Hove
46,Statielei 16,2019-11-04,23:00:00,14,5,9,FMN GV 03 Hove
46,Statielei 16,2019-11-05,00:00:00,4,0,4,FMN GV 03 Hove
46,Statielei 16,2019-11-05,01:00:00,0,0,0,FMN GV 03 Hove
46,Statielei 16,2019-11-05,02:00:00,3,2,1,FMN GV 03 Hove
46,Statielei 16,2019-11-05,03:00:00,3,3,0,FMN GV 03 Hove
46,Statielei 16,2019-11-05,04:00:00,6,3,3,FMN GV 03 Hove
46,Statielei 16,2019-11-05,05:00:00,23,16,7,FMN GV 03 Hove
46,Statielei 16,2019-11-05,06:00:00,98,76,22,FMN GV 03 Hove
46,Statielei 16,2019-11-05,07:00:00,326,269,57,FMN GV 03 Hove
46,Statielei 16,2019-11-05,08:00:00,362,299,63,FMN GV 03 Hove
46,Statielei 16,2019-11-05,09:00:00,91,69,22,FMN GV 03 Hove
46,Statielei 16,2019-11-05,10:00:00,50,36,14,FMN GV 03 Hove
46,Statielei 16,2019-11-05,11:00:00,54,34,20,FMN GV 03 Hove
46,Statielei 16,2019-11-05,12:00:00,102,58,44,FMN GV 03 Hove
46,Statielei 16,2019-11-05,13:00:00,98,52,46,FMN GV 03 Hove
46,Statielei 16,2019-11-05,14:00:00,59,29,30,FMN GV 03 Hove
46,Statielei 16,2019-11-05,15:00:00,117,42,75,FMN GV 03 Hove
46,Statielei 16,2019-11-05,16:00:00,276,58,218,FMN GV 03 Hove
46,Statielei 16,2019-11-05,17:00:00,267,75,192,FMN GV 03 Hove
46,Statielei 16,2019-11-05,18:00:00,178,54,124,FMN GV 03 Hove
46,Statielei 16,2019-11-05,19:00:00,66,24,42,FMN GV 03 Hove
46,Statielei 16,2019-11-05,20:00:00,40,17,23,FMN GV 03 Hove
46,Statielei 16,2019-11-05,21:00:00,43,18,25,FMN GV 03 Hove
46,Statielei 16,2019-11-05,22:00:00,47,24,23,FMN GV 03 Hove
46,Statielei 16,2019-11-05,23:00:00,18,6,12,FMN GV 03 Hove
46,Statielei 16,2019-11-06,00:00:00,4,2,2,FMN GV 03 Hove
46,Statielei 16,2019-11-06,01:00:00,3,0,3,FMN GV 03 Hove
46,Statielei 16,2019-11-06,02:00:00,2,2,0,FMN GV 03 Hove
46,Statielei 16,2019-11-06,03:00:00,1,1,0,FMN GV 03 Hove
46,Statielei 16,2019-11-06,04:00:00,6,3,3,FMN GV 03 Hove
46,Statielei 16,2019-11-06,05:00:00,23,13,10,FMN GV 03 Hove
46,Statielei 16,2019-11-06,06:00:00,82,63,19,FMN GV 03 Hove
46,Statielei 16,2019-11-06,07:00:00,275,224,51,FMN GV 03 Hove
46,Statielei 16,2019-11-06,08:00:00,311,250,61,FMN GV 03 Hove
46,Statielei 16,2019-11-06,09:00:00,77,63,14,FMN GV 03 Hove
46,Statielei 16,2019-11-06,10:00:00,90,57,33,FMN GV 03 Hove
46,Statielei 16,2019-11-06,11:00:00,92,41,51,FMN GV 03 Hove
46,Statielei 16,2019-11-06,12:00:00,136,52,84,FMN GV 03 Hove
46,Statielei 16,2019-11-06,13:00:00,136,61,75,FMN GV 03 Hove
46,Statielei 16,2019-11-06,14:00:00,101,45,56,FMN GV 03 Hove
46,Statielei 16,2019-11-06,15:00:00,109,35,74,FMN GV 03 Hove
46,Statielei 16,2019-11-06,16:00:00,171,44,127,FMN GV 03 Hove
46,Statielei 16,2019-11-06,17:00:00,217,63,154,FMN GV 03 Hove
46,Statielei 16,2019-11-06,18:00:00,145,48,97,FMN GV 03 Hove
46,Statielei 16,2019-11-06,19:00:00,76,35,41,FMN GV 03 Hove
46,Statielei 16,2019-11-06,20:00:00,36,22,14,FMN GV 03 Hove
46,Statielei 16,2019-11-06,21:00:00,36,12,24,FMN GV 03 Hove
46,Statielei 16,2019-11-06,22:00:00,32,11,21,FMN GV 03 Hove
46,Statielei 16,2019-11-06,23:00:00,11,4,7,FMN GV 03 Hove
46,Statielei 16,2019-11-07,00:00:00,13,2,11,FMN GV 03 Hove
46,Statielei 16,2019-11-07,01:00:00,2,0,2,FMN GV 03 Hove
46,Statielei 16,2019-11-07,02:00:00,3,3,0,FMN GV 03 Hove
46,Statielei 16,2019-11-07,03:00:00,1,1,0,FMN GV 03 Hove
46,Statielei 16,2019-11-07,04:00:00,9,6,3,FMN GV 03 Hove
46,Statielei 16,2019-11-07,05:00:00,17,13,4,FMN GV 03 Hove
46,Statielei 16,2019-11-07,06:00:00,98,76,22,FMN GV 03 Hove
46,Statielei 16,2019-11-07,07:00:00,261,210,51,FMN GV 03 Hove
46,Statielei 16,2019-11-07,08:00:00,298,237,61,FMN GV 03 Hove
46,Statielei 16,2019-11-07,09:00:00,54,47,7,FMN GV 03 Hove
46,Statielei 16,2019-11-07,10:00:00,21,14,7,FMN GV 03 Hove
46,Statielei 16,2019-11-07,11:00:00,18,12,6,FMN GV 03 Hove
46,Statielei 16,2019-11-07,12:00:00,43,27,16,FMN GV 03 Hove
46,Statielei 16,2019-11-07,13:00:00,51,27,24,FMN GV 03 Hove
46,Statielei 16,2019-11-07,14:00:00,51,21,30,FMN GV 03 Hove
46,Statielei 16,2019-11-07,15:00:00,99,31,68,FMN GV 03 Hove
46,Statielei 16,2019-11-07,16:00:00,205,50,155,FMN GV 03 Hove
46,Statielei 16,2019-11-07,17:00:00,237,73,164,FMN GV 03 Hove
46,Statielei 16,2019-11-07,18:00:00,131,41,90,FMN GV 03 Hove
46,Statielei 16,2019-11-07,19:00:00,68,33,35,FMN GV 03 Hove
46,Statielei 16,2019-11-07,20:00:00,34,17,17,FMN GV 03 Hove
46,Statielei 16,2019-11-07,21:00:00,31,12,19,FMN GV 03 Hove
46,Statielei 16,2019-11-07,22:00:00,49,19,30,FMN GV 03 Hove
46,Statielei 16,2019-11-07,23:00:00,15,4,11,FMN GV 03 Hove
46,Statielei 16,2019-11-08,00:00:00,7,1,6,FMN GV 03 Hove
46,Statielei 16,2019-11-08,01:00:00,7,1,6,FMN GV 03 Hove
46,Statielei 16,2019-11-08,02:00:00,4,2,2,FMN GV 03 Hove
46,Statielei 16,2019-11-08,03:00:00,4,2,2,FMN GV 03 Hove
46,Statielei 16,2019-11-08,04:00:00,9,4,5,FMN GV 03 Hove
46,Statielei 16,2019-11-08,05:00:00,17,9,8,FMN GV 03 Hove
46,Statielei 16,2019-11-08,06:00:00,68,57,11,FMN GV 03 Hove
46,Statielei 16,2019-11-08,07:00:00,229,181,48,FMN GV 03 Hove
46,Statielei 16,2019-11-08,08:00:00,310,258,52,FMN GV 03 Hove
46,Statielei 16,2019-11-08,09:00:00,88,60,28,FMN GV 03 Hove
46,Statielei 16,2019-11-08,10:00:00,65,40,25,FMN GV 03 Hove
46,Statielei 16,2019-11-08,11:00:00,86,54,32,FMN GV 03 Hove
46,Statielei 16,2019-11-08,12:00:00,109,61,48,FMN GV 03 Hove
46,Statielei 16,2019-11-08,13:00:00,123,54,69,FMN GV 03 Hove
46,Statielei 16,2019-11-08,14:00:00,128,60,68,FMN GV 03 Hove
46,Statielei 16,2019-11-08,15:00:00,156,56,100,FMN GV 03 Hove
46,Statielei 16,2019-11-08,16:00:00,259,63,196,FMN GV 03 Hove
46,Statielei 16,2019-11-08,17:00:00,275,80,195,FMN GV 03 Hove
46,Statielei 16,2019-11-08,18:00:00,127,45,82,FMN GV 03 Hove
46,Statielei 16,2019-11-08,19:00:00,55,24,31,FMN GV 03 Hove
46,Statielei 16,2019-11-08,20:00:00,41,19,22,FMN GV 03 Hove
46,Statielei 16,2019-11-08,21:00:00,39,18,21,FMN GV 03 Hove
46,Statielei 16,2019-11-08,22:00:00,24,6,18,FMN GV 03 Hove
46,Statielei 16,2019-11-08,23:00:00,26,16,10,FMN GV 03 Hove
46,Statielei 16,2019-11-09,00:00:00,29,10,19,FMN GV 03 Hove
46,Statielei 16,2019-11-09,01:00:00,14,8,6,FMN GV 03 Hove
46,Statielei 16,2019-11-09,02:00:00,15,4,11,FMN GV 03 Hove
46,Statielei 16,2019-11-09,03:00:00,3,3,0,FMN GV 03 Hove
46,Statielei 16,2019-11-09,04:00:00,8,4,4,FMN GV 03 Hove
46,Statielei 16,2019-11-09,05:00:00,10,6,4,FMN GV 03 Hove
46,Statielei 16,2019-11-09,06:00:00,13,7,6,FMN GV 03 Hove
46,Statielei 16,2019-11-09,07:00:00,12,4,8,FMN GV 03 Hove
46,Statielei 16,2019-11-09,08:00:00,26,19,7,FMN GV 03 Hove
46,Statielei 16,2019-11-09,09:00:00,51,26,25,FMN GV 03 Hove
46,Statielei 16,2019-11-09,10:00:00,64,30,34,FMN GV 03 Hove
46,Statielei 16,2019-11-09,11:00:00,80,40,40,FMN GV 03 Hove
46,Statielei 16,2019-11-09,12:00:00,92,56,36,FMN GV 03 Hove
46,Statielei 16,2019-11-09,13:00:00,97,61,36,FMN GV 03 Hove
46,Statielei 16,2019-11-09,14:00:00,110,57,53,FMN GV 03 Hove
46,Statielei 16,2019-11-09,15:00:00,116,70,46,FMN GV 03 Hove
46,Statielei 16,2019-11-09,16:00:00,99,50,49,FMN GV 03 Hove
46,Statielei 16,2019-11-09,17:00:00,57,25,32,FMN GV 03 Hove
46,Statielei 16,2019-11-09,18:00:00,46,26,20,FMN GV 03 Hove
46,Statielei 16,2019-11-09,19:00:00,46,30,16,FMN GV 03 Hove
46,Statielei 16,2019-11-09,20:00:00,21,9,12,FMN GV 03 Hove
46,Statielei 16,2019-11-09,21:00:00,26,15,11,FMN GV 03 Hove
46,Statielei 16,2019-11-09,22:00:00,19,5,14,FMN GV 03 Hove
46,Statielei 16,2019-11-09,23:00:00,28,8,20,FMN GV 03 Hove
46,Statielei 16,2019-11-10,00:00:00,16,3,13,FMN GV 03 Hove
46,Statielei 16,2019-11-10,01:00:00,14,5,9,FMN GV 03 Hove
46,Statielei 16,2019-11-10,02:00:00,10,5,5,FMN GV 03 Hove
46,Statielei 16,2019-11-10,03:00:00,0,0,0,FMN GV 03 Hove
46,Statielei 16,2019-11-10,04:00:00,8,4,4,FMN GV 03 Hove
46,Statielei 16,2019-11-10,05:00:00,6,4,2,FMN GV 03 Hove
46,Statielei 16,2019-11-10,06:00:00,6,4,2,FMN GV 03 Hove
46,Statielei 16,2019-11-10,07:00:00,12,5,7,FMN GV 03 Hove
46,Statielei 16,2019-11-10,08:00:00,13,6,7,FMN GV 03 Hove
46,Statielei 16,2019-11-10,09:00:00,54,28,26,FMN GV 03 Hove
46,Statielei 16,2019-11-10,10:00:00,85,34,51,FMN GV 03 Hove
46,Statielei 16,2019-11-10,11:00:00,114,66,48,FMN GV 03 Hove
46,Statielei 16,2019-11-10,12:00:00,97,53,44,FMN GV 03 Hove
46,Statielei 16,2019-11-10,13:00:00,87,48,39,FMN GV 03 Hove
46,Statielei 16,2019-11-10,14:00:00,109,67,42,FMN GV 03 Hove
46,Statielei 16,2019-11-10,15:00:00,94,42,52,FMN GV 03 Hove
46,Statielei 16,2019-11-10,16:00:00,112,63,49,FMN GV 03 Hove
46,Statielei 16,2019-11-10,17:00:00,79,36,43,FMN GV 03 Hove
46,Statielei 16,2019-11-10,18:00:00,39,24,15,FMN GV 03 Hove
46,Statielei 16,2019-11-10,19:00:00,41,35,6,FMN GV 03 Hove
46,Statielei 16,2019-11-10,20:00:00,19,9,10,FMN GV 03 Hove
46,Statielei 16,2019-11-10,21:00:00,21,11,10,FMN GV 03 Hove
46,Statielei 16,2019-11-10,22:00:00,43,27,16,FMN GV 03 Hove
46,Statielei 16,2019-11-10,23:00:00,14,6,8,FMN GV 03 Hove
46,Statielei 16,2019-11-11,00:00:00,9,3,6,FMN GV 03 Hove
46,Statielei 16,2019-11-11,01:00:00,11,4,7,FMN GV 03 Hove
46,Statielei 16,2019-11-11,02:00:00,6,1,5,FMN GV 03 Hove
46,Statielei 16,2019-11-11,03:00:00,7,2,5,FMN GV 03 Hove
46,Statielei 16,2019-11-11,04:00:00,4,2,2,FMN GV 03 Hove
46,Statielei 16,2019-11-11,05:00:00,5,2,3,FMN GV 03 Hove
46,Statielei 16,2019-11-11,06:00:00,6,3,3,FMN GV 03 Hove
46,Statielei 16,2019-11-11,07:00:00,12,4,8,FMN GV 03 Hove
46,Statielei 16,2019-11-11,08:00:00,23,9,14,FMN GV 03 Hove
46,Statielei 16,2019-11-11,09:00:00,28,10,18,FMN GV 03 Hove
46,Statielei 16,2019-11-11,10:00:00,42,27,15,FMN GV 03 Hove
46,Statielei 16,2019-11-11,11:00:00,51,31,20,FMN GV 03 Hove
46,Statielei 16,2019-11-11,12:00:00,28,19,9,FMN GV 03 Hove
46,Statielei 16,2019-11-11,13:00:00,22,9,13,FMN GV 03 Hove
46,Statielei 16,2019-11-11,14:00:00,16,10,6,FMN GV 03 Hove
46,Statielei 16,2019-11-11,15:00:00,15,8,7,FMN GV 03 Hove
46,Statielei 16,2019-11-11,16:00:00,13,6,7,FMN GV 03 Hove
46,Statielei 16,2019-11-11,17:00:00,14,11,3,FMN GV 03 Hove
46,Statielei 16,2019-11-11,18:00:00,12,7,5,FMN GV 03 Hove
46,Statielei 16,2019-11-11,19:00:00,10,5,5,FMN GV 03 Hove
46,Statielei 16,2019-11-11,20:00:00,8,4,4,FMN GV 03 Hove
46,Statielei 16,2019-11-11,21:00:00,7,5,2,FMN GV 03 Hove
46,Statielei 16,2019-11-11,22:00:00,9,4,5,FMN GV 03 Hove
46,Statielei 16,2019-11-11,23:00:00,1,1,0,FMN GV 03 Hove
46,Statielei 16,2019-11-12,00:00:00,3,1,2,FMN GV 03 Hove
46,Statielei 16,2019-11-12,01:00:00,1,1,0,FMN GV 03 Hove
46,Statielei 16,2019-11-12,02:00:00,1,1,0,FMN GV 03 Hove
46,Statielei 16,2019-11-12,03:00:00,1,0,1,FMN GV 03 Hove
46,Statielei 16,2019-11-12,04:00:00,8,6,2,FMN GV 03 Hove
46,Statielei 16,2019-11-12,05:00:00,26,17,9,FMN GV 03 Hove
46,Statielei 16,2019-11-12,06:00:00,67,56,11,FMN GV 03 Hove
46,Statielei 16,2019-11-12,07:00:00,256,206,50,FMN GV 03 Hove
46,Statielei 16,2019-11-12,08:00:00,301,256,45,FMN GV 03 Hove
46,Statielei 16,2019-11-12,09:00:00,83,63,20,FMN GV 03 Hove
46,Statielei 16,2019-11-12,10:00:00,44,32,12,FMN GV 03 Hove
46,Statielei 16,2019-11-12,11:00:00,51,32,19,FMN GV 03 Hove
46,Statielei 16,2019-11-12,12:00:00,59,35,24,FMN GV 03 Hove
46,Statielei 16,2019-11-12,13:00:00,82,54,28,FMN GV 03 Hove
46,Statielei 16,2019-11-12,14:00:00,58,22,36,FMN GV 03 Hove
46,Statielei 16,2019-11-12,15:00:00,97,40,57,FMN GV 03 Hove
46,Statielei 16,2019-11-12,16:00:00,224,44,180,FMN GV 03 Hove
46,Statielei 16,2019-11-12,17:00:00,231,66,165,FMN GV 03 Hove
46,Statielei 16,2019-11-12,18:00:00,142,40,102,FMN GV 03 Hove
46,Statielei 16,2019-11-12,19:00:00,45,15,30,FMN GV 03 Hove
46,Statielei 16,2019-11-12,20:00:00,39,12,27,FMN GV 03 Hove
46,Statielei 16,2019-11-12,21:00:00,35,12,23,FMN GV 03 Hove
46,Statielei 16,2019-11-12,22:00:00,35,17,18,FMN GV 03 Hove
46,Statielei 16,2019-11-12,23:00:00,14,6,8,FMN GV 03 Hove
46,Statielei 16,2019-11-13,00:00:00,3,2,1,FMN GV 03 Hove
46,Statielei 16,2019-11-13,01:00:00,1,0,1,FMN GV 03 Hove
46,Statielei 16,2019-11-13,02:00:00,4,2,2,FMN GV 03 Hove
46,Statielei 16,2019-11-13,03:00:00,1,0,1,FMN GV 03 Hove
46,Statielei 16,2019-11-13,04:00:00,7,5,2,FMN GV 03 Hove
46,Statielei 16,2019-11-13,05:00:00,26,18,8,FMN GV 03 Hove
46,Statielei 16,2019-11-13,06:00:00,85,62,23,FMN GV 03 Hove
46,Statielei 16,2019-11-13,07:00:00,255,198,57,FMN GV 03 Hove
46,Statielei 16,2019-11-13,08:00:00,302,245,57,FMN GV 03 Hove
46,Statielei 16,2019-11-13,09:00:00,97,72,25,FMN GV 03 Hove
46,Statielei 16,2019-11-13,10:00:00,85,56,29,FMN GV 03 Hove
46,Statielei 16,2019-11-13,11:00:00,74,34,40,FMN GV 03 Hove
46,Statielei 16,2019-11-13,12:00:00,127,50,77,FMN GV 03 Hove
46,Statielei 16,2019-11-13,13:00:00,96,32,64,FMN GV 03 Hove
46,Statielei 16,2019-11-13,14:00:00,61,24,37,FMN GV 03 Hove
46,Statielei 16,2019-11-13,15:00:00,78,31,47,FMN GV 03 Hove
46,Statielei 16,2019-11-13,16:00:00,146,44,102,FMN GV 03 Hove
46,Statielei 16,2019-11-13,17:00:00,226,69,157,FMN GV 03 Hove
46,Statielei 16,2019-11-13,18:00:00,151,57,94,FMN GV 03 Hove
46,Statielei 16,2019-11-13,19:00:00,54,22,32,FMN GV 03 Hove
46,Statielei 16,2019-11-13,20:00:00,31,13,18,FMN GV 03 Hove
46,Statielei 16,2019-11-13,21:00:00,28,10,18,FMN GV 03 Hove
46,Statielei 16,2019-11-13,22:00:00,30,13,17,FMN GV 03 Hove
46,Statielei 16,2019-11-13,23:00:00,14,4,10,FMN GV 03 Hove
46,Statielei 16,2019-11-14,00:00:00,6,1,5,FMN GV 03 Hove
46,Statielei 16,2019-11-14,01:00:00,5,1,4,FMN GV 03 Hove
46,Statielei 16,2019-11-14,02:00:00,0,0,0,FMN GV 03 Hove
46,Statielei 16,2019-11-14,03:00:00,2,1,1,FMN GV 03 Hove
46,Statielei 16,2019-11-14,04:00:00,7,5,2,FMN GV 03 Hove
46,Statielei 16,2019-11-14,05:00:00,17,12,5,FMN GV 03 Hove
46,Statielei 16,2019-11-14,06:00:00,85,64,21,FMN GV 03 Hove
46,Statielei 16,2019-11-14,07:00:00,249,191,58,FMN GV 03 Hove
46,Statielei 16,2019-11-14,08:00:00,267,217,50,FMN GV 03 Hove
46,Statielei 16,2019-11-14,09:00:00,69,57,12,FMN GV 03 Hove
46,Statielei 16,2019-11-14,10:00:00,47,34,13,FMN GV 03 Hove
46,Statielei 16,2019-11-14,11:00:00,31,15,16,FMN GV 03 Hove
46,Statielei 16,2019-11-14,12:00:00,42,20,22,FMN GV 03 Hove
46,Statielei 16,2019-11-14,13:00:00,49,24,25,FMN GV 03 Hove
46,Statielei 16,2019-11-14,14:00:00,82,40,42,FMN GV 03 Hove
46,Statielei 16,2019-11-14,15:00:00,108,34,74,FMN GV 03 Hove
46,Statielei 16,2019-11-14,16:00:00,215,48,167,FMN GV 03 Hove
46,Statielei 16,2019-11-14,17:00:00,202,60,142,FMN GV 03 Hove
46,Statielei 16,2019-11-14,18:00:00,118,43,75,FMN GV 03 Hove
46,Statielei 16,2019-11-14,19:00:00,57,30,27,FMN GV 03 Hove
46,Statielei 16,2019-11-14,20:00:00,45,21,24,FMN GV 03 Hove
46,Statielei 16,2019-11-14,21:00:00,23,13,10,FMN GV 03 Hove
46,Statielei 16,2019-11-14,22:00:00,32,13,19,FMN GV 03 Hove
46,Statielei 16,2019-11-14,23:00:00,14,7,7,FMN GV 03 Hove
46,Statielei 16,2019-11-15,00:00:00,10,2,8,FMN GV 03 Hove
46,Statielei 16,2019-11-15,01:00:00,6,1,5,FMN GV 03 Hove
46,Statielei 16,2019-11-15,02:00:00,1,1,0,FMN GV 03 Hove
46,Statielei 16,2019-11-15,03:00:00,2,1,1,FMN GV 03 Hove
46,Statielei 16,2019-11-15,04:00:00,6,4,2,FMN GV 03 Hove
46,Statielei 16,2019-11-15,05:00:00,17,11,6,FMN GV 03 Hove
46,Statielei 16,2019-11-15,06:00:00,62,44,18,FMN GV 03 Hove
46,Statielei 16,2019-11-15,07:00:00,219,161,58,FMN GV 03 Hove
46,Statielei 16,2019-11-15,08:00:00,280,221,59,FMN GV 03 Hove
46,Statielei 16,2019-11-15,09:00:00,81,66,15,FMN GV 03 Hove
46,Statielei 16,2019-11-15,10:00:00,47,29,18,FMN GV 03 Hove
46,Statielei 16,2019-11-15,11:00:00,54,29,25,FMN GV 03 Hove
46,Statielei 16,2019-11-15,12:00:00,75,42,33,FMN GV 03 Hove
46,Statielei 16,2019-11-15,13:00:00,81,32,49,FMN GV 03 Hove
46,Statielei 16,2019-11-15,14:00:00,67,28,39,FMN GV 03 Hove
46,Statielei 16,2019-11-15,15:00:00,121,39,82,FMN GV 03 Hove
46,Statielei 16,2019-11-15,16:00:00,167,46,121,FMN GV 03 Hove
46,Statielei 16,2019-11-15,17:00:00,207,54,153,FMN GV 03 Hove
46,Statielei 16,2019-11-15,18:00:00,126,56,70,FMN GV 03 Hove
46,Statielei 16,2019-11-15,19:00:00,67,24,43,FMN GV 03 Hove
46,Statielei 16,2019-11-15,20:00:00,35,22,13,FMN GV 03 Hove
46,Statielei 16,2019-11-15,21:00:00,27,16,11,FMN GV 03 Hove
46,Statielei 16,2019-11-15,22:00:00,31,15,16,FMN GV 03 Hove
46,Statielei 16,2019-11-15,23:00:00,26,8,18,FMN GV 03 Hove
46,Statielei 16,2019-11-16,00:00:00,21,15,6,FMN GV 03 Hove
46,Statielei 16,2019-11-16,01:00:00,10,4,6,FMN GV 03 Hove
46,Statielei 16,2019-11-16,02:00:00,12,7,5,FMN GV 03 Hove
46,Statielei 16,2019-11-16,03:00:00,6,3,3,FMN GV 03 Hove
46,Statielei 16,2019-11-16,04:00:00,5,2,3,FMN GV 03 Hove
46,Statielei 16,2019-11-16,05:00:00,8,3,5,FMN GV 03 Hove
46,Statielei 16,2019-11-16,06:00:00,14,10,4,FMN GV 03 Hove
46,Statielei 16,2019-11-16,07:00:00,7,4,3,FMN GV 03 Hove
46,Statielei 16,2019-11-16,08:00:00,24,16,8,FMN GV 03 Hove
46,Statielei 16,2019-11-16,09:00:00,50,34,16,FMN GV 03 Hove
46,Statielei 16,2019-11-16,10:00:00,75,47,28,FMN GV 03 Hove
46,Statielei 16,2019-11-16,11:00:00,81,47,34,FMN GV 03 Hove
46,Statielei 16,2019-11-16,12:00:00,115,60,55,FMN GV 03 Hove
46,Statielei 16,2019-11-16,13:00:00,101,67,34,FMN GV 03 Hove
46,Statielei 16,2019-11-16,14:00:00,95,54,41,FMN GV 03 Hove
46,Statielei 16,2019-11-16,15:00:00,96,49,47,FMN GV 03 Hove
46,Statielei 16,2019-11-16,16:00:00,78,35,43,FMN GV 03 Hove
46,Statielei 16,2019-11-16,17:00:00,63,38,25,FMN GV 03 Hove
46,Statielei 16,2019-11-16,18:00:00,48,33,15,FMN GV 03 Hove
46,Statielei 16,2019-11-16,19:00:00,37,23,14,FMN GV 03 Hove
46,Statielei 16,2019-11-16,20:00:00,27,12,15,FMN GV 03 Hove
46,Statielei 16,2019-11-16,21:00:00,19,10,9,FMN GV 03 Hove
46,Statielei 16,2019-11-16,22:00:00,37,25,12,FMN GV 03 Hove
46,Statielei 16,2019-11-16,23:00:00,21,12,9,FMN GV 03 Hove
46,Statielei 16,2019-11-17,00:00:00,12,8,4,FMN GV 03 Hove
46,Statielei 16,2019-11-17,01:00:00,19,9,10,FMN GV 03 Hove
46,Statielei 16,2019-11-17,02:00:00,6,0,6,FMN GV 03 Hove
46,Statielei 16,2019-11-17,03:00:00,12,3,9,FMN GV 03 Hove
46,Statielei 16,2019-11-17,04:00:00,7,5,2,FMN GV 03 Hove
46,Statielei 16,2019-11-17,05:00:00,7,4,3,FMN GV 03 Hove
46,Statielei 16,2019-11-17,06:00:00,7,4,3,FMN GV 03 Hove
46,Statielei 16,2019-11-17,07:00:00,12,9,3,FMN GV 03 Hove
46,Statielei 16,2019-11-17,08:00:00,22,10,12,FMN GV 03 Hove
46,Statielei 16,2019-11-17,09:00:00,40,20,20,FMN GV 03 Hove
46,Statielei 16,2019-11-17,10:00:00,61,33,28,FMN GV 03 Hove
46,Statielei 16,2019-11-17,11:00:00,72,42,30,FMN GV 03 Hove
46,Statielei 16,2019-11-17,12:00:00,83,59,24,FMN GV 03 Hove
46,Statielei 16,2019-11-17,13:00:00,102,58,44,FMN GV 03 Hove
46,Statielei 16,2019-11-17,14:00:00,117,55,62,FMN GV 03 Hove
46,Statielei 16,2019-11-17,15:00:00,84,41,43,FMN GV 03 Hove
46,Statielei 16,2019-11-17,16:00:00,51,31,20,FMN GV 03 Hove
46,Statielei 16,2019-11-17,17:00:00,48,19,29,FMN GV 03 Hove
46,Statielei 16,2019-11-17,18:00:00,40,25,15,FMN GV 03 Hove
46,Statielei 16,2019-11-17,19:00:00,27,13,14,FMN GV 03 Hove
46,Statielei 16,2019-11-17,20:00:00,18,11,7,FMN GV 03 Hove
46,Statielei 16,2019-11-17,21:00:00,16,10,6,FMN GV 03 Hove
46,Statielei 16,2019-11-17,22:00:00,11,6,5,FMN GV 03 Hove
46,Statielei 16,2019-11-17,23:00:00,9,2,7,FMN GV 03 Hove
46,Statielei 16,2019-11-18,00:00:00,2,1,1,FMN GV 03 Hove
46,Statielei 16,2019-11-18,01:00:00,1,0,1,FMN GV 03 Hove
46,Statielei 16,2019-11-18,02:00:00,2,1,1,FMN GV 03 Hove
46,Statielei 16,2019-11-18,03:00:00,1,1,0,FMN GV 03 Hove
46,Statielei 16,2019-11-18,04:00:00,6,3,3,FMN GV 03 Hove
46,Statielei 16,2019-11-18,05:00:00,14,9,5,FMN GV 03 Hove
46,Statielei 16,2019-11-18,06:00:00,71,55,16,FMN GV 03 Hove
46,Statielei 16,2019-11-18,07:00:00,237,183,54,FMN GV 03 Hove
46,Statielei 16,2019-11-18,08:00:00,292,244,48,FMN GV 03 Hove
46,Statielei 16,2019-11-18,09:00:00,83,63,20,FMN GV 03 Hove
46,Statielei 16,2019-11-18,10:00:00,45,33,12,FMN GV 03 Hove
46,Statielei 16,2019-11-18,11:00:00,42,23,19,FMN GV 03 Hove
46,Statielei 16,2019-11-18,12:00:00,31,19,12,FMN GV 03 Hove
46,Statielei 16,2019-11-18,13:00:00,39,20,19,FMN GV 03 Hove
46,Statielei 16,2019-11-18,14:00:00,31,15,16,FMN GV 03 Hove
46,Statielei 16,2019-11-18,15:00:00,96,34,62,FMN GV 03 Hove
46,Statielei 16,2019-11-18,16:00:00,184,44,140,FMN GV 03 Hove
46,Statielei 16,2019-11-18,17:00:00,201,47,154,FMN GV 03 Hove
46,Statielei 16,2019-11-18,18:00:00,120,34,86,FMN GV 03 Hove
46,Statielei 16,2019-11-18,19:00:00,37,12,25,FMN GV 03 Hove
46,Statielei 16,2019-11-18,20:00:00,13,8,5,FMN GV 03 Hove
46,Statielei 16,2019-11-18,21:00:00,18,9,9,FMN GV 03 Hove
46,Statielei 16,2019-11-18,22:00:00,15,4,11,FMN GV 03 Hove
46,Statielei 16,2019-11-18,23:00:00,4,1,3,FMN GV 03 Hove
46,Statielei 16,2019-11-19,00:00:00,5,1,4,FMN GV 03 Hove
46,Statielei 16,2019-11-19,01:00:00,0,0,0,FMN GV 03 Hove
46,Statielei 16,2019-11-19,02:00:00,1,1,0,FMN GV 03 Hove
46,Statielei 16,2019-11-19,03:00:00,0,0,0,FMN GV 03 Hove
46,Statielei 16,2019-11-19,04:00:00,4,2,2,FMN GV 03 Hove
46,Statielei 16,2019-11-19,05:00:00,20,11,9,FMN GV 03 Hove
46,Statielei 16,2019-11-19,06:00:00,89,70,19,FMN GV 03 Hove
46,Statielei 16,2019-11-19,07:00:00,263,209,54,FMN GV 03 Hove
46,Statielei 16,2019-11-19,08:00:00,355,276,79,FMN GV 03 Hove
46,Statielei 16,2019-11-19,09:00:00,77,56,21,FMN GV 03 Hove
46,Statielei 16,2019-11-19,10:00:00,52,33,19,FMN GV 03 Hove
46,Statielei 16,2019-11-19,11:00:00,73,37,36,FMN GV 03 Hove
46,Statielei 16,2019-11-19,12:00:00,75,47,28,FMN GV 03 Hove
46,Statielei 16,2019-11-19,13:00:00,90,50,40,FMN GV 03 Hove
46,Statielei 16,2019-11-19,14:00:00,82,38,44,FMN GV 03 Hove
46,Statielei 16,2019-11-19,15:00:00,108,40,68,FMN GV 03 Hove
46,Statielei 16,2019-11-19,16:00:00,254,60,194,FMN GV 03 Hove
46,Statielei 16,2019-11-19,17:00:00,248,72,176,FMN GV 03 Hove
46,Statielei 16,2019-11-19,18:00:00,154,48,106,FMN GV 03 Hove
46,Statielei 16,2019-11-19,19:00:00,62,18,44,FMN GV 03 Hove
46,Statielei 16,2019-11-19,20:00:00,34,17,17,FMN GV 03 Hove
46,Statielei 16,2019-11-19,21:00:00,35,16,19,FMN GV 03 Hove
46,Statielei 16,2019-11-19,22:00:00,40,14,26,FMN GV 03 Hove
46,Statielei 16,2019-11-19,23:00:00,15,5,10,FMN GV 03 Hove
46,Statielei 16,2019-11-20,00:00:00,5,1,4,FMN GV 03 Hove
46,Statielei 16,2019-11-20,01:00:00,3,1,2,FMN GV 03 Hove
46,Statielei 16,2019-11-20,02:00:00,1,1,0,FMN GV 03 Hove
46,Statielei 16,2019-11-20,03:00:00,2,0,2,FMN GV 03 Hove
46,Statielei 16,2019-11-20,04:00:00,7,3,4,FMN GV 03 Hove
46,Statielei 16,2019-11-20,05:00:00,15,9,6,FMN GV 03 Hove
46,Statielei 16,2019-11-20,06:00:00,82,61,21,FMN GV 03 Hove
46,Statielei 16,2019-11-20,07:00:00,217,165,52,FMN GV 03 Hove
46,Statielei 16,2019-11-20,08:00:00,282,234,48,FMN GV 03 Hove
46,Statielei 16,2019-11-20,09:00:00,90,68,22,FMN GV 03 Hove
46,Statielei 16,2019-11-20,10:00:00,79,56,23,FMN GV 03 Hove
46,Statielei 16,2019-11-20,11:00:00,86,51,35,FMN GV 03 Hove
46,Statielei 16,2019-11-20,12:00:00,132,42,90,FMN GV 03 Hove
46,Statielei 16,2019-11-20,13:00:00,121,56,65,FMN GV 03 Hove
46,Statielei 16,2019-11-20,14:00:00,91,45,46,FMN GV 03 Hove
46,Statielei 16,2019-11-20,15:00:00,97,43,54,FMN GV 03 Hove
46,Statielei 16,2019-11-20,16:00:00,173,61,112,FMN GV 03 Hove
46,Statielei 16,2019-11-20,17:00:00,217,69,148,FMN GV 03 Hove
46,Statielei 16,2019-11-20,18:00:00,127,41,86,FMN GV 03 Hove
46,Statielei 16,2019-11-20,19:00:00,58,31,27,FMN GV 03 Hove
46,Statielei 16,2019-11-20,20:00:00,37,24,13,FMN GV 03 Hove
46,Statielei 16,2019-11-20,21:00:00,25,7,18,FMN GV 03 Hove
46,Statielei 16,2019-11-20,22:00:00,36,11,25,FMN GV 03 Hove
46,Statielei 16,2019-11-20,23:00:00,10,4,6,FMN GV 03 Hove
46,Statielei 16,2019-11-21,00:00:00,3,0,3,FMN GV 03 Hove
46,Statielei 16,2019-11-21,01:00:00,2,0,2,FMN GV 03 Hove
46,Statielei 16,2019-11-21,02:00:00,0,0,0,FMN GV 03 Hove
46,Statielei 16,2019-11-21,03:00:00,0,0,0,FMN GV 03 Hove
46,Statielei 16,2019-11-21,04:00:00,4,1,3,FMN GV 03 Hove
46,Statielei 16,2019-11-21,05:00:00,12,7,5,FMN GV 03 Hove
46,Statielei 16,2019-11-21,06:00:00,66,51,15,FMN GV 03 Hove
46,Statielei 16,2019-11-21,07:00:00,249,198,51,FMN GV 03 Hove
46,Statielei 16,2019-11-21,08:00:00,315,261,54,FMN GV 03 Hove
46,Statielei 16,2019-11-21,09:00:00,87,69,18,FMN GV 03 Hove
46,Statielei 16,2019-11-21,10:00:00,56,40,16,FMN GV 03 Hove
46,Statielei 16,2019-11-21,11:00:00,52,34,18,FMN GV 03 Hove
46,Statielei 16,2019-11-21,12:00:00,62,26,36,FMN GV 03 Hove
46,Statielei 16,2019-11-21,13:00:00,77,42,35,FMN GV 03 Hove
46,Statielei 16,2019-11-21,14:00:00,72,28,44,FMN GV 03 Hove
46,Statielei 16,2019-11-21,15:00:00,96,26,70,FMN GV 03 Hove
46,Statielei 16,2019-11-21,16:00:00,187,42,145,FMN GV 03 Hove
46,Statielei 16,2019-11-21,17:00:00,228,62,166,FMN GV 03 Hove
46,Statielei 16,2019-11-21,18:00:00,145,52,93,FMN GV 03 Hove
46,Statielei 16,2019-11-21,19:00:00,63,30,33,FMN GV 03 Hove
46,Statielei 16,2019-11-21,20:00:00,37,18,19,FMN GV 03 Hove
46,Statielei 16,2019-11-21,21:00:00,31,17,14,FMN GV 03 Hove
46,Statielei 16,2019-11-21,22:00:00,39,13,26,FMN GV 03 Hove
46,Statielei 16,2019-11-21,23:00:00,14,10,4,FMN GV 03 Hove
46,Statielei 16,2019-11-22,00:00:00,8,2,6,FMN GV 03 Hove
46,Statielei 16,2019-11-22,01:00:00,5,1,4,FMN GV 03 Hove
46,Statielei 16,2019-11-22,02:00:00,2,1,1,FMN GV 03 Hove
46,Statielei 16,2019-11-22,03:00:00,1,1,0,FMN GV 03 Hove
46,Statielei 16,2019-11-22,04:00:00,9,5,4,FMN GV 03 Hove
46,Statielei 16,2019-11-22,05:00:00,12,5,7,FMN GV 03 Hove
46,Statielei 16,2019-11-22,06:00:00,57,43,14,FMN GV 03 Hove
46,Statielei 16,2019-11-22,07:00:00,229,173,56,FMN GV 03 Hove
46,Statielei 16,2019-11-22,08:00:00,286,228,58,FMN GV 03 Hove
46,Statielei 16,2019-11-22,09:00:00,75,54,21,FMN GV 03 Hove
46,Statielei 16,2019-11-22,10:00:00,52,35,17,FMN GV 03 Hove
46,Statielei 16,2019-11-22,11:00:00,73,52,21,FMN GV 03 Hove
46,Statielei 16,2019-11-22,12:00:00,88,47,41,FMN GV 03 Hove
46,Statielei 16,2019-11-22,13:00:00,106,52,54,FMN GV 03 Hove
46,Statielei 16,2019-11-22,14:00:00,86,32,54,FMN GV 03 Hove
46,Statielei 16,2019-11-22,15:00:00,131,48,83,FMN GV 03 Hove
46,Statielei 16,2019-11-22,16:00:00,205,55,150,FMN GV 03 Hove
46,Statielei 16,2019-11-22,17:00:00,206,62,144,FMN GV 03 Hove
46,Statielei 16,2019-11-22,18:00:00,126,50,76,FMN GV 03 Hove
46,Statielei 16,2019-11-22,19:00:00,54,36,18,FMN GV 03 Hove
46,Statielei 16,2019-11-22,20:00:00,28,12,16,FMN GV 03 Hove
46,Statielei 16,2019-11-22,21:00:00,27,12,15,FMN GV 03 Hove
46,Statielei 16,2019-11-22,22:00:00,25,9,16,FMN GV 03 Hove
46,Statielei 16,2019-11-22,23:00:00,14,5,9,FMN GV 03 Hove
46,Statielei 16,2019-11-23,00:00:00,25,14,11,FMN GV 03 Hove
46,Statielei 16,2019-11-23,01:00:00,15,4,11,FMN GV 03 Hove
46,Statielei 16,2019-11-23,02:00:00,14,5,9,FMN GV 03 Hove
46,Statielei 16,2019-11-23,03:00:00,7,3,4,FMN GV 03 Hove
46,Statielei 16,2019-11-23,04:00:00,5,2,3,FMN GV 03 Hove
46,Statielei 16,2019-11-23,05:00:00,7,6,1,FMN GV 03 Hove
46,Statielei 16,2019-11-23,06:00:00,16,8,8,FMN GV 03 Hove
46,Statielei 16,2019-11-23,07:00:00,8,7,1,FMN GV 03 Hove
46,Statielei 16,2019-11-23,08:00:00,26,15,11,FMN GV 03 Hove
46,Statielei 16,2019-11-23,09:00:00,38,21,17,FMN GV 03 Hove
46,Statielei 16,2019-11-23,10:00:00,48,18,30,FMN GV 03 Hove
46,Statielei 16,2019-11-23,11:00:00,49,32,17,FMN GV 03 Hove
46,Statielei 16,2019-11-23,12:00:00,48,26,22,FMN GV 03 Hove
46,Statielei 16,2019-11-23,13:00:00,57,26,31,FMN GV 03 Hove
46,Statielei 16,2019-11-23,14:00:00,57,33,24,FMN GV 03 Hove
46,Statielei 16,2019-11-23,15:00:00,62,32,30,FMN GV 03 Hove
46,Statielei 16,2019-11-23,16:00:00,37,15,22,FMN GV 03 Hove
46,Statielei 16,2019-11-23,17:00:00,72,36,36,FMN GV 03 Hove
46,Statielei 16,2019-11-23,18:00:00,35,17,18,FMN GV 03 Hove
46,Statielei 16,2019-11-23,19:00:00,43,23,20,FMN GV 03 Hove
46,Statielei 16,2019-11-23,20:00:00,20,7,13,FMN GV 03 Hove
46,Statielei 16,2019-11-23,21:00:00,11,5,6,FMN GV 03 Hove
46,Statielei 16,2019-11-23,22:00:00,12,0,12,FMN GV 03 Hove
46,Statielei 16,2019-11-23,23:00:00,14,9,5,FMN GV 03 Hove
46,Statielei 16,2019-11-24,00:00:00,26,13,13,FMN GV 03 Hove
46,Statielei 16,2019-11-24,01:00:00,11,4,7,FMN GV 03 Hove
46,Statielei 16,2019-11-24,02:00:00,1,0,1,FMN GV 03 Hove
46,Statielei 16,2019-11-24,03:00:00,6,5,1,FMN GV 03 Hove
46,Statielei 16,2019-11-24,04:00:00,8,4,4,FMN GV 03 Hove
46,Statielei 16,2019-11-24,05:00:00,5,4,1,FMN GV 03 Hove
46,Statielei 16,2019-11-24,06:00:00,10,6,4,FMN GV 03 Hove
46,Statielei 16,2019-11-24,07:00:00,6,3,3,FMN GV 03 Hove
46,Statielei 16,2019-11-24,08:00:00,15,7,8,FMN GV 03 Hove
46,Statielei 16,2019-11-24,09:00:00,77,29,48,FMN GV 03 Hove
46,Statielei 16,2019-11-24,10:00:00,113,58,55,FMN GV 03 Hove
46,Statielei 16,2019-11-24,11:00:00,95,56,39,FMN GV 03 Hove
46,Statielei 16,2019-11-24,12:00:00,94,59,35,FMN GV 03 Hove
46,Statielei 16,2019-11-24,13:00:00,105,63,42,FMN GV 03 Hove
46,Statielei 16,2019-11-24,14:00:00,139,66,73,FMN GV 03 Hove
46,Statielei 16,2019-11-24,15:00:00,106,62,44,FMN GV 03 Hove
46,Statielei 16,2019-11-24,16:00:00,82,48,34,FMN GV 03 Hove
46,Statielei 16,2019-11-24,17:00:00,56,22,34,FMN GV 03 Hove
46,Statielei 16,2019-11-24,18:00:00,32,17,15,FMN GV 03 Hove
46,Statielei 16,2019-11-24,19:00:00,22,12,10,FMN GV 03 Hove
46,Statielei 16,2019-11-24,20:00:00,19,11,8,FMN GV 03 Hove
46,Statielei 16,2019-11-24,21:00:00,12,3,9,FMN GV 03 Hove
46,Statielei 16,2019-11-24,22:00:00,21,10,11,FMN GV 03 Hove
46,Statielei 16,2019-11-24,23:00:00,5,3,2,FMN GV 03 Hove
46,Statielei 16,2019-11-25,00:00:00,5,2,3,FMN GV 03 Hove
46,Statielei 16,2019-11-25,01:00:00,0,0,0,FMN GV 03 Hove
46,Statielei 16,2019-11-25,02:00:00,0,0,0,FMN GV 03 Hove
46,Statielei 16,2019-11-25,03:00:00,2,2,0,FMN GV 03 Hove
46,Statielei 16,2019-11-25,04:00:00,9,6,3,FMN GV 03 Hove
46,Statielei 16,2019-11-25,05:00:00,20,16,4,FMN GV 03 Hove
46,Statielei 16,2019-11-25,06:00:00,86,66,20,FMN GV 03 Hove
46,Statielei 16,2019-11-25,07:00:00,287,232,55,FMN GV 03 Hove
46,Statielei 16,2019-11-25,08:00:00,323,267,56,FMN GV 03 Hove
46,Statielei 16,2019-11-25,09:00:00,98,81,17,FMN GV 03 Hove
46,Statielei 16,2019-11-25,10:00:00,59,42,17,FMN GV 03 Hove
46,Statielei 16,2019-11-25,11:00:00,59,33,26,FMN GV 03 Hove
46,Statielei 16,2019-11-25,12:00:00,77,41,36,FMN GV 03 Hove
46,Statielei 16,2019-11-25,13:00:00,85,43,42,FMN GV 03 Hove
46,Statielei 16,2019-11-25,14:00:00,82,34,48,FMN GV 03 Hove
46,Statielei 16,2019-11-25,15:00:00,129,55,74,FMN GV 03 Hove
46,Statielei 16,2019-11-25,16:00:00,235,57,178,FMN GV 03 Hove
46,Statielei 16,2019-11-25,17:00:00,255,68,187,FMN GV 03 Hove
46,Statielei 16,2019-11-25,18:00:00,169,43,126,FMN GV 03 Hove
46,Statielei 16,2019-11-25,19:00:00,76,24,52,FMN GV 03 Hove
46,Statielei 16,2019-11-25,20:00:00,40,24,16,FMN GV 03 Hove
46,Statielei 16,2019-11-25,21:00:00,22,8,14,FMN GV 03 Hove
46,Statielei 16,2019-11-25,22:00:00,31,11,20,FMN GV 03 Hove
46,Statielei 16,2019-11-25,23:00:00,5,3,2,FMN GV 03 Hove
46,Statielei 16,2019-11-26,00:00:00,6,4,2,FMN GV 03 Hove
46,Statielei 16,2019-11-26,01:00:00,0,0,0,FMN GV 03 Hove
46,Statielei 16,2019-11-26,02:00:00,2,0,2,FMN GV 03 Hove
46,Statielei 16,2019-11-26,03:00:00,3,3,0,FMN GV 03 Hove
46,Statielei 16,2019-11-26,04:00:00,8,4,4,FMN GV 03 Hove
46,Statielei 16,2019-11-26,05:00:00,23,15,8,FMN GV 03 Hove
46,Statielei 16,2019-11-26,06:00:00,99,83,16,FMN GV 03 Hove
46,Statielei 16,2019-11-26,07:00:00,316,247,69,FMN GV 03 Hove
46,Statielei 16,2019-11-26,08:00:00,314,266,48,FMN GV 03 Hove
46,Statielei 16,2019-11-26,09:00:00,88,64,24,FMN GV 03 Hove
46,Statielei 16,2019-11-26,10:00:00,33,23,10,FMN GV 03 Hove
46,Statielei 16,2019-11-26,11:00:00,66,44,22,FMN GV 03 Hove
46,Statielei 16,2019-11-26,12:00:00,63,41,22,FMN GV 03 Hove
46,Statielei 16,2019-11-26,13:00:00,76,39,37,FMN GV 03 Hove
46,Statielei 16,2019-11-26,14:00:00,59,20,39,FMN GV 03 Hove
46,Statielei 16,2019-11-26,15:00:00,94,29,65,FMN GV 03 Hove
46,Statielei 16,2019-11-26,16:00:00,219,45,174,FMN GV 03 Hove
46,Statielei 16,2019-11-26,17:00:00,240,62,178,FMN GV 03 Hove
46,Statielei 16,2019-11-26,18:00:00,156,39,117,FMN GV 03 Hove
46,Statielei 16,2019-11-26,19:00:00,54,23,31,FMN GV 03 Hove
46,Statielei 16,2019-11-26,20:00:00,33,15,18,FMN GV 03 Hove
46,Statielei 16,2019-11-26,21:00:00,32,16,16,FMN GV 03 Hove
46,Statielei 16,2019-11-26,22:00:00,32,13,19,FMN GV 03 Hove
46,Statielei 16,2019-11-26,23:00:00,10,2,8,FMN GV 03 Hove
46,Statielei 16,2019-11-27,00:00:00,1,0,1,FMN GV 03 Hove
46,Statielei 16,2019-11-27,01:00:00,3,2,1,FMN GV 03 Hove
46,Statielei 16,2019-11-27,02:00:00,1,1,0,FMN GV 03 Hove
46,Statielei 16,2019-11-27,03:00:00,2,0,2,FMN GV 03 Hove
46,Statielei 16,2019-11-27,04:00:00,5,2,3,FMN GV 03 Hove
46,Statielei 16,2019-11-27,05:00:00,12,9,3,FMN GV 03 Hove
46,Statielei 16,2019-11-27,06:00:00,49,40,9,FMN GV 03 Hove
46,Statielei 16,2019-11-27,07:00:00,203,158,45,FMN GV 03 Hove
46,Statielei 16,2019-11-27,08:00:00,267,216,51,FMN GV 03 Hove
46,Statielei 16,2019-11-27,09:00:00,106,67,39,FMN GV 03 Hove
46,Statielei 16,2019-11-27,10:00:00,73,49,24,FMN GV 03 Hove
46,Statielei 16,2019-11-27,11:00:00,66,34,32,FMN GV 03 Hove
46,Statielei 16,2019-11-27,12:00:00,138,60,78,FMN GV 03 Hove
46,Statielei 16,2019-11-27,13:00:00,80,28,52,FMN GV 03 Hove
46,Statielei 16,2019-11-27,14:00:00,45,21,24,FMN GV 03 Hove
46,Statielei 16,2019-11-27,15:00:00,56,22,34,FMN GV 03 Hove
46,Statielei 16,2019-11-27,16:00:00,124,29,95,FMN GV 03 Hove
46,Statielei 16,2019-11-27,17:00:00,157,37,120,FMN GV 03 Hove
46,Statielei 16,2019-11-27,18:00:00,110,41,69,FMN GV 03 Hove
46,Statielei 16,2019-11-27,19:00:00,48,14,34,FMN GV 03 Hove
46,Statielei 16,2019-11-27,20:00:00,30,15,15,FMN GV 03 Hove
46,Statielei 16,2019-11-27,21:00:00,14,7,7,FMN GV 03 Hove
46,Statielei 16,2019-11-27,22:00:00,32,13,19,FMN GV 03 Hove
46,Statielei 16,2019-11-27,23:00:00,9,2,7,FMN GV 03 Hove
46,Statielei 16,2019-11-28,00:00:00,5,2,3,FMN GV 03 Hove
46,Statielei 16,2019-11-28,01:00:00,3,1,2,FMN GV 03 Hove
46,Statielei 16,2019-11-28,02:00:00,0,0,0,FMN GV 03 Hove
46,Statielei 16,2019-11-28,03:00:00,1,0,1,FMN GV 03 Hove
46,Statielei 16,2019-11-28,04:00:00,5,3,2,FMN GV 03 Hove
46,Statielei 16,2019-11-28,05:00:00,13,8,5,FMN GV 03 Hove
46,Statielei 16,2019-11-28,06:00:00,67,50,17,FMN GV 03 Hove
46,Statielei 16,2019-11-28,07:00:00,197,164,33,FMN GV 03 Hove
46,Statielei 16,2019-11-28,08:00:00,277,233,44,FMN GV 03 Hove
46,Statielei 16,2019-11-28,09:00:00,51,41,10,FMN GV 03 Hove
46,Statielei 16,2019-11-28,10:00:00,40,26,14,FMN GV 03 Hove
46,Statielei 16,2019-11-28,11:00:00,26,16,10,FMN GV 03 Hove
46,Statielei 16,2019-11-28,12:00:00,40,22,18,FMN GV 03 Hove
46,Statielei 16,2019-11-28,13:00:00,49,20,29,FMN GV 03 Hove
46,Statielei 16,2019-11-28,14:00:00,29,12,17,FMN GV 03 Hove
46,Statielei 16,2019-11-28,15:00:00,79,26,53,FMN GV 03 Hove
46,Statielei 16,2019-11-28,16:00:00,165,40,125,FMN GV 03 Hove
46,Statielei 16,2019-11-28,17:00:00,151,38,113,FMN GV 03 Hove
46,Statielei 16,2019-11-28,18:00:00,102,35,67,FMN GV 03 Hove
46,Statielei 16,2019-11-28,19:00:00,39,11,28,FMN GV 03 Hove
46,Statielei 16,2019-11-28,20:00:00,16,10,6,FMN GV 03 Hove
46,Statielei 16,2019-11-28,21:00:00,16,5,11,FMN GV 03 Hove
46,Statielei 16,2019-11-28,22:00:00,23,9,14,FMN GV 03 Hove
46,Statielei 16,2019-11-28,23:00:00,13,5,8,FMN GV 03 Hove
46,Statielei 16,2019-11-29,00:00:00,3,1,2,FMN GV 03 Hove
46,Statielei 16,2019-11-29,01:00:00,3,1,2,FMN GV 03 Hove
46,Statielei 16,2019-11-29,02:00:00,3,0,3,FMN GV 03 Hove
46,Statielei 16,2019-11-29,03:00:00,3,2,1,FMN GV 03 Hove
46,Statielei 16,2019-11-29,04:00:00,5,4,1,FMN GV 03 Hove
46,Statielei 16,2019-11-29,05:00:00,17,8,9,FMN GV 03 Hove
46,Statielei 16,2019-11-29,06:00:00,69,52,17,FMN GV 03 Hove
46,Statielei 16,2019-11-29,07:00:00,212,161,51,FMN GV 03 Hove
46,Statielei 16,2019-11-29,08:00:00,246,211,35,FMN GV 03 Hove
46,Statielei 16,2019-11-29,09:00:00,89,71,18,FMN GV 03 Hove
46,Statielei 16,2019-11-29,10:00:00,73,49,24,FMN GV 03 Hove
46,Statielei 16,2019-11-29,11:00:00,65,38,27,FMN GV 03 Hove
46,Statielei 16,2019-11-29,12:00:00,80,35,45,FMN GV 03 Hove
46,Statielei 16,2019-11-29,13:00:00,95,46,49,FMN GV 03 Hove
46,Statielei 16,2019-11-29,14:00:00,81,34,47,FMN GV 03 Hove
46,Statielei 16,2019-11-29,15:00:00,145,53,92,FMN GV 03 Hove
46,Statielei 16,2019-11-29,16:00:00,217,66,151,FMN GV 03 Hove
46,Statielei 16,2019-11-29,17:00:00,176,54,122,FMN GV 03 Hove
46,Statielei 16,2019-11-29,18:00:00,113,48,65,FMN GV 03 Hove
46,Statielei 16,2019-11-29,19:00:00,71,40,31,FMN GV 03 Hove
46,Statielei 16,2019-11-29,20:00:00,42,24,18,FMN GV 03 Hove
46,Statielei 16,2019-11-29,21:00:00,22,8,14,FMN GV 03 Hove
46,Statielei 16,2019-11-29,22:00:00,29,18,11,FMN GV 03 Hove
46,Statielei 16,2019-11-29,23:00:00,25,7,18,FMN GV 03 Hove
46,Statielei 16,2019-11-30,00:00:00,18,5,13,FMN GV 03 Hove
46,Statielei 16,2019-11-30,01:00:00,17,2,15,FMN GV 03 Hove
46,Statielei 16,2019-11-30,02:00:00,13,2,11,FMN GV 03 Hove
46,Statielei 16,2019-11-30,03:00:00,2,0,2,FMN GV 03 Hove
46,Statielei 16,2019-11-30,04:00:00,7,4,3,FMN GV 03 Hove
46,Statielei 16,2019-11-30,05:00:00,1,1,0,FMN GV 03 Hove
46,Statielei 16,2019-11-30,06:00:00,8,6,2,FMN GV 03 Hove
46,Statielei 16,2019-11-30,07:00:00,12,6,6,FMN GV 03 Hove
46,Statielei 16,2019-11-30,08:00:00,27,16,11,FMN GV 03 Hove
46,Statielei 16,2019-11-30,09:00:00,44,30,14,FMN GV 03 Hove
46,Statielei 16,2019-11-30,10:00:00,83,50,33,FMN GV 03 Hove
46,Statielei 16,2019-11-30,11:00:00,81,42,39,FMN GV 03 Hove
46,Statielei 16,2019-11-30,12:00:00,77,42,35,FMN GV 03 Hove
46,Statielei 16,2019-11-30,13:00:00,118,72,46,FMN GV 03 Hove
46,Statielei 16,2019-11-30,14:00:00,108,57,51,FMN GV 03 Hove
46,Statielei 16,2019-11-30,15:00:00,106,44,62,FMN GV 03 Hove
46,Statielei 16,2019-11-30,16:00:00,77,45,32,FMN GV 03 Hove
46,Statielei 16,2019-11-30,17:00:00,63,27,36,FMN GV 03 Hove
46,Statielei 16,2019-11-30,18:00:00,54,31,23,FMN GV 03 Hove
46,Statielei 16,2019-11-30,19:00:00,36,19,17,FMN GV 03 Hove
46,Statielei 16,2019-11-30,20:00:00,32,20,12,FMN GV 03 Hove
46,Statielei 16,2019-11-30,21:00:00,17,10,7,FMN GV 03 Hove
46,Statielei 16,2019-11-30,22:00:00,22,13,9,FMN GV 03 Hove
46,Statielei 16,2019-11-30,23:00:00,23,4,19,FMN GV 03 Hove
46,Statielei 16,2019-12-01,00:00:00,15,7,8,FMN GV 03 Hove
46,Statielei 16,2019-12-01,01:00:00,8,4,4,FMN GV 03 Hove
46,Statielei 16,2019-12-01,02:00:00,10,4,6,FMN GV 03 Hove
46,Statielei 16,2019-12-01,03:00:00,5,2,3,FMN GV 03 Hove
46,Statielei 16,2019-12-01,04:00:00,8,4,4,FMN GV 03 Hove
46,Statielei 16,2019-12-01,05:00:00,1,1,0,FMN GV 03 Hove
46,Statielei 16,2019-12-01,06:00:00,10,7,3,FMN GV 03 Hove
46,Statielei 16,2019-12-01,07:00:00,11,4,7,FMN GV 03 Hove
46,Statielei 16,2019-12-01,08:00:00,17,5,12,FMN GV 03 Hove
46,Statielei 16,2019-12-01,09:00:00,53,23,30,FMN GV 03 Hove
46,Statielei 16,2019-12-01,10:00:00,45,25,20,FMN GV 03 Hove
46,Statielei 16,2019-12-01,11:00:00,102,60,42,FMN GV 03 Hove
46,Statielei 16,2019-12-01,12:00:00,74,48,26,FMN GV 03 Hove
46,Statielei 16,2019-12-01,13:00:00,71,50,21,FMN GV 03 Hove
46,Statielei 16,2019-12-01,14:00:00,48,30,18,FMN GV 03 Hove
46,Statielei 16,2019-12-01,15:00:00,53,26,27,FMN GV 03 Hove
46,Statielei 16,2019-12-01,16:00:00,41,25,16,FMN GV 03 Hove
46,Statielei 16,2019-12-01,17:00:00,45,28,17,FMN GV 03 Hove
46,Statielei 16,2019-12-01,18:00:00,28,14,14,FMN GV 03 Hove
46,Statielei 16,2019-12-01,19:00:00,25,8,17,FMN GV 03 Hove
46,Statielei 16,2019-12-01,20:00:00,25,14,11,FMN GV 03 Hove
46,Statielei 16,2019-12-01,21:00:00,10,4,6,FMN GV 03 Hove
46,Statielei 16,2019-12-01,22:00:00,14,9,5,FMN GV 03 Hove
46,Statielei 16,2019-12-01,23:00:00,7,3,4,FMN GV 03 Hove
46,Statielei 16,2019-12-02,00:00:00,1,1,0,FMN GV 03 Hove
46,Statielei 16,2019-12-02,01:00:00,2,0,2,FMN GV 03 Hove
46,Statielei 16,2019-12-02,02:00:00,0,0,0,FMN GV 03 Hove
46,Statielei 16,2019-12-02,03:00:00,0,0,0,FMN GV 03 Hove
46,Statielei 16,2019-12-02,04:00:00,11,6,5,FMN GV 03 Hove
46,Statielei 16,2019-12-02,05:00:00,18,14,4,FMN GV 03 Hove
46,Statielei 16,2019-12-02,06:00:00,83,70,13,FMN GV 03 Hove
46,Statielei 16,2019-12-02,07:00:00,241,198,43,FMN GV 03 Hove
46,Statielei 16,2019-12-02,08:00:00,321,259,62,FMN GV 03 Hove
46,Statielei 16,2019-12-02,09:00:00,107,71,36,FMN GV 03 Hove
46,Statielei 16,2019-12-02,10:00:00,40,31,9,FMN GV 03 Hove
46,Statielei 16,2019-12-02,11:00:00,48,24,24,FMN GV 03 Hove
46,Statielei 16,2019-12-02,12:00:00,54,27,27,FMN GV 03 Hove
46,Statielei 16,2019-12-02,13:00:00,75,45,30,FMN GV 03 Hove
46,Statielei 16,2019-12-02,14:00:00,62,30,32,FMN GV 03 Hove
46,Statielei 16,2019-12-02,15:00:00,136,53,83,FMN GV 03 Hove
46,Statielei 16,2019-12-02,16:00:00,228,51,177,FMN GV 03 Hove
46,Statielei 16,2019-12-02,17:00:00,211,57,154,FMN GV 03 Hove
46,Statielei 16,2019-12-02,18:00:00,146,39,107,FMN GV 03 Hove
46,Statielei 16,2019-12-02,19:00:00,55,18,37,FMN GV 03 Hove
46,Statielei 16,2019-12-02,20:00:00,38,18,20,FMN GV 03 Hove
46,Statielei 16,2019-12-02,21:00:00,13,4,9,FMN GV 03 Hove
46,Statielei 16,2019-12-02,22:00:00,37,16,21,FMN GV 03 Hove
46,Statielei 16,2019-12-02,23:00:00,7,3,4,FMN GV 03 Hove
46,Statielei 16,2019-12-03,00:00:00,4,1,3,FMN GV 03 Hove
46,Statielei 16,2019-12-03,01:00:00,1,0,1,FMN GV 03 Hove
46,Statielei 16,2019-12-03,02:00:00,0,0,0,FMN GV 03 Hove
46,Statielei 16,2019-12-03,03:00:00,0,0,0,FMN GV 03 Hove
46,Statielei 16,2019-12-03,04:00:00,11,6,5,FMN GV 03 Hove
46,Statielei 16,2019-12-03,05:00:00,20,14,6,FMN GV 03 Hove
46,Statielei 16,2019-12-03,06:00:00,89,73,16,FMN GV 03 Hove
46,Statielei 16,2019-12-03,07:00:00,259,219,40,FMN GV 03 Hove
46,Statielei 16,2019-12-03,08:00:00,310,246,64,FMN GV 03 Hove
46,Statielei 16,2019-12-03,09:00:00,96,67,29,FMN GV 03 Hove
46,Statielei 16,2019-12-03,10:00:00,65,41,24,FMN GV 03 Hove
46,Statielei 16,2019-12-03,11:00:00,50,26,24,FMN GV 03 Hove
46,Statielei 16,2019-12-03,12:00:00,76,45,31,FMN GV 03 Hove
46,Statielei 16,2019-12-03,13:00:00,107,56,51,FMN GV 03 Hove
46,Statielei 16,2019-12-03,14:00:00,71,33,38,FMN GV 03 Hove
46,Statielei 16,2019-12-03,15:00:00,112,33,79,FMN GV 03 Hove
46,Statielei 16,2019-12-03,16:00:00,229,55,174,FMN GV 03 Hove
46,Statielei 16,2019-12-03,17:00:00,238,72,166,FMN GV 03 Hove
46,Statielei 16,2019-12-03,18:00:00,146,51,95,FMN GV 03 Hove
46,Statielei 16,2019-12-03,19:00:00,60,23,37,FMN GV 03 Hove
46,Statielei 16,2019-12-03,20:00:00,33,12,21,FMN GV 03 Hove
46,Statielei 16,2019-12-03,21:00:00,42,20,22,FMN GV 03 Hove
46,Statielei 16,2019-12-03,22:00:00,29,10,19,FMN GV 03 Hove
46,Statielei 16,2019-12-03,23:00:00,16,6,10,FMN GV 03 Hove
46,Statielei 16,2019-12-04,00:00:00,8,1,7,FMN GV 03 Hove
46,Statielei 16,2019-12-04,01:00:00,2,0,2,FMN GV 03 Hove
46,Statielei 16,2019-12-04,02:00:00,3,0,3,FMN GV 03 Hove
46,Statielei 16,2019-12-04,03:00:00,0,0,0,FMN GV 03 Hove
46,Statielei 16,2019-12-04,04:00:00,9,3,6,FMN GV 03 Hove
46,Statielei 16,2019-12-04,05:00:00,14,10,4,FMN GV 03 Hove
46,Statielei 16,2019-12-04,06:00:00,68,54,14,FMN GV 03 Hove
46,Statielei 16,2019-12-04,07:00:00,187,147,40,FMN GV 03 Hove
46,Statielei 16,2019-12-04,08:00:00,259,208,51,FMN GV 03 Hove
46,Statielei 16,2019-12-04,09:00:00,94,76,18,FMN GV 03 Hove
46,Statielei 16,2019-12-04,10:00:00,66,46,20,FMN GV 03 Hove
46,Statielei 16,2019-12-04,11:00:00,79,33,46,FMN GV 03 Hove
46,Statielei 16,2019-12-04,12:00:00,122,36,86,FMN GV 03 Hove
46,Statielei 16,2019-12-04,13:00:00,97,41,56,FMN GV 03 Hove
46,Statielei 16,2019-12-04,14:00:00,92,40,52,FMN GV 03 Hove
46,Statielei 16,2019-12-04,15:00:00,101,39,62,FMN GV 03 Hove
46,Statielei 16,2019-12-04,16:00:00,145,44,101,FMN GV 03 Hove
46,Statielei 16,2019-12-04,17:00:00,189,51,138,FMN GV 03 Hove
46,Statielei 16,2019-12-04,18:00:00,106,36,70,FMN GV 03 Hove
46,Statielei 16,2019-12-04,19:00:00,66,27,39,FMN GV 03 Hove
46,Statielei 16,2019-12-04,20:00:00,27,13,14,FMN GV 03 Hove
46,Statielei 16,2019-12-04,21:00:00,26,11,15,FMN GV 03 Hove
46,Statielei 16,2019-12-04,22:00:00,29,14,15,FMN GV 03 Hove
46,Statielei 16,2019-12-04,23:00:00,15,8,7,FMN GV 03 Hove
46,Statielei 16,2019-12-05,00:00:00,2,1,1,FMN GV 03 Hove
46,Statielei 16,2019-12-05,01:00:00,5,0,5,FMN GV 03 Hove
46,Statielei 16,2019-12-05,02:00:00,4,1,3,FMN GV 03 Hove
46,Statielei 16,2019-12-05,03:00:00,0,0,0,FMN GV 03 Hove
46,Statielei 16,2019-12-05,04:00:00,3,2,1,FMN GV 03 Hove
46,Statielei 16,2019-12-05,05:00:00,22,16,6,FMN GV 03 Hove
46,Statielei 16,2019-12-05,06:00:00,89,72,17,FMN GV 03 Hove
46,Statielei 16,2019-12-05,07:00:00,182,147,35,FMN GV 03 Hove
46,Statielei 16,2019-12-05,08:00:00,262,222,40,FMN GV 03 Hove
46,Statielei 16,2019-12-05,09:00:00,66,56,10,FMN GV 03 Hove
46,Statielei 16,2019-12-05,10:00:00,43,23,20,FMN GV 03 Hove
46,Statielei 16,2019-12-05,11:00:00,45,29,16,FMN GV 03 Hove
46,Statielei 16,2019-12-05,12:00:00,74,37,37,FMN GV 03 Hove
46,Statielei 16,2019-12-05,13:00:00,77,36,41,FMN GV 03 Hove
46,Statielei 16,2019-12-05,14:00:00,68,35,33,FMN GV 03 Hove
46,Statielei 16,2019-12-05,15:00:00,90,33,57,FMN GV 03 Hove
46,Statielei 16,2019-12-05,16:00:00,182,37,145,FMN GV 03 Hove
46,Statielei 16,2019-12-05,17:00:00,202,57,145,FMN GV 03 Hove
46,Statielei 16,2019-12-05,18:00:00,105,30,75,FMN GV 03 Hove
46,Statielei 16,2019-12-05,19:00:00,51,16,35,FMN GV 03 Hove
46,Statielei 16,2019-12-05,20:00:00,33,10,23,FMN GV 03 Hove
46,Statielei 16,2019-12-05,21:00:00,24,11,13,FMN GV 03 Hove
46,Statielei 16,2019-12-05,22:00:00,30,12,18,FMN GV 03 Hove
46,Statielei 16,2019-12-05,23:00:00,13,7,6,FMN GV 03 Hove
46,Statielei 16,2019-12-06,00:00:00,5,3,2,FMN GV 03 Hove
46,Statielei 16,2019-12-06,01:00:00,2,0,2,FMN GV 03 Hove
46,Statielei 16,2019-12-06,02:00:00,1,0,1,FMN GV 03 Hove
46,Statielei 16,2019-12-06,03:00:00,1,1,0,FMN GV 03 Hove
46,Statielei 16,2019-12-06,04:00:00,6,4,2,FMN GV 03 Hove
46,Statielei 16,2019-12-06,05:00:00,13,7,6,FMN GV 03 Hove
46,Statielei 16,2019-12-06,06:00:00,40,31,9,FMN GV 03 Hove
46,Statielei 16,2019-12-06,07:00:00,140,119,21,FMN GV 03 Hove
46,Statielei 16,2019-12-06,08:00:00,182,162,20,FMN GV 03 Hove
46,Statielei 16,2019-12-06,09:00:00,31,23,8,FMN GV 03 Hove
46,Statielei 16,2019-12-06,10:00:00,32,18,14,FMN GV 03 Hove
46,Statielei 16,2019-12-06,11:00:00,26,13,13,FMN GV 03 Hove
46,Statielei 16,2019-12-06,12:00:00,40,21,19,FMN GV 03 Hove
46,Statielei 16,2019-12-06,13:00:00,47,22,25,FMN GV 03 Hove
46,Statielei 16,2019-12-06,14:00:00,48,15,33,FMN GV 03 Hove
46,Statielei 16,2019-12-06,15:00:00,64,24,40,FMN GV 03 Hove
46,Statielei 16,2019-12-06,16:00:00,108,26,82,FMN GV 03 Hove
46,Statielei 16,2019-12-06,17:00:00,122,32,90,FMN GV 03 Hove
46,Statielei 16,2019-12-06,18:00:00,84,29,55,FMN GV 03 Hove
46,Statielei 16,2019-12-06,19:00:00,52,26,26,FMN GV 03 Hove
46,Statielei 16,2019-12-06,20:00:00,23,11,12,FMN GV 03 Hove
46,Statielei 16,2019-12-06,21:00:00,16,8,8,FMN GV 03 Hove
46,Statielei 16,2019-12-06,22:00:00,24,8,16,FMN GV 03 Hove
46,Statielei 16,2019-12-06,23:00:00,17,7,10,FMN GV 03 Hove
46,Statielei 16,2019-12-07,00:00:00,24,8,16,FMN GV 03 Hove
46,Statielei 16,2019-12-07,01:00:00,9,4,5,FMN GV 03 Hove
46,Statielei 16,2019-12-07,02:00:00,4,2,2,FMN GV 03 Hove
46,Statielei 16,2019-12-07,03:00:00,7,4,3,FMN GV 03 Hove
46,Statielei 16,2019-12-07,04:00:00,10,4,6,FMN GV 03 Hove
46,Statielei 16,2019-12-07,05:00:00,4,3,1,FMN GV 03 Hove
46,Statielei 16,2019-12-07,06:00:00,15,13,2,FMN GV 03 Hove
46,Statielei 16,2019-12-07,07:00:00,2,2,0,FMN GV 03 Hove
46,Statielei 16,2019-12-07,08:00:00,0,0,0,FMN GV 03 Hove
46,Statielei 16,2019-12-07,09:00:00,0,0,0,FMN GV 03 Hove
46,Statielei 16,2019-12-07,10:00:00,0,0,0,FMN GV 03 Hove
46,Statielei 16,2019-12-07,11:00:00,0,0,0,FMN GV 03 Hove
46,Statielei 16,2019-12-07,12:00:00,0,0,0,FMN GV 03 Hove
46,Statielei 16,2019-12-07,13:00:00,0,0,0,FMN GV 03 Hove
46,Statielei 16,2019-12-07,14:00:00,0,0,0,FMN GV 03 Hove
46,Statielei 16,2019-12-07,15:00:00,0,0,0,FMN GV 03 Hove
46,Statielei 16,2019-12-07,16:00:00,0,0,0,FMN GV 03 Hove
46,Statielei 16,2019-12-07,17:00:00,0,0,0,FMN GV 03 Hove
46,Statielei 16,2019-12-07,18:00:00,0,0,0,FMN GV 03 Hove
46,Statielei 16,2019-12-07,19:00:00,0,0,0,FMN GV 03 Hove
46,Statielei 16,2019-12-07,20:00:00,0,0,0,FMN GV 03 Hove
46,Statielei 16,2019-12-07,21:00:00,0,0,0,FMN GV 03 Hove
46,Statielei 16,2019-12-07,22:00:00,0,0,0,FMN GV 03 Hove
46,Statielei 16,2019-12-07,23:00:00,0,0,0,FMN GV 03 Hove
46,Statielei 16,2019-12-08,00:00:00,12,2,10,FMN GV 03 Hove
46,Statielei 16,2019-12-08,01:00:00,6,4,2,FMN GV 03 Hove
46,Statielei 16,2019-12-08,02:00:00,3,3,0,FMN GV 03 Hove
46,Statielei 16,2019-12-08,03:00:00,3,1,2,FMN GV 03 Hove
46,Statielei 16,2019-12-08,04:00:00,2,1,1,FMN GV 03 Hove
46,Statielei 16,2019-12-08,05:00:00,7,6,1,FMN GV 03 Hove
46,Statielei 16,2019-12-08,06:00:00,1,0,1,FMN GV 03 Hove
46,Statielei 16,2019-12-08,07:00:00,5,2,3,FMN GV 03 Hove
46,Statielei 16,2019-12-08,08:00:00,14,6,8,FMN GV 03 Hove
46,Statielei 16,2019-12-08,09:00:00,35,13,22,FMN GV 03 Hove
46,Statielei 16,2019-12-08,10:00:00,28,13,15,FMN GV 03 Hove
46,Statielei 16,2019-12-08,11:00:00,59,36,23,FMN GV 03 Hove
46,Statielei 16,2019-12-08,12:00:00,60,36,24,FMN GV 03 Hove
46,Statielei 16,2019-12-08,13:00:00,46,33,13,FMN GV 03 Hove
46,Statielei 16,2019-12-08,14:00:00,57,28,29,FMN GV 03 Hove
46,Statielei 16,2019-12-08,15:00:00,50,25,25,FMN GV 03 Hove
46,Statielei 16,2019-12-08,16:00:00,53,22,31,FMN GV 03 Hove
46,Statielei 16,2019-12-08,17:00:00,34,11,23,FMN GV 03 Hove
46,Statielei 16,2019-12-08,18:00:00,33,18,15,FMN GV 03 Hove
46,Statielei 16,2019-12-08,19:00:00,18,10,8,FMN GV 03 Hove
46,Statielei 16,2019-12-08,20:00:00,21,10,11,FMN GV 03 Hove
46,Statielei 16,2019-12-08,21:00:00,14,6,8,FMN GV 03 Hove
46,Statielei 16,2019-12-08,22:00:00,7,1,6,FMN GV 03 Hove
46,Statielei 16,2019-12-08,23:00:00,9,3,6,FMN GV 03 Hove
46,Statielei 16,2019-12-09,00:00:00,3,2,1,FMN GV 03 Hove
46,Statielei 16,2019-12-09,01:00:00,2,1,1,FMN GV 03 Hove
46,Statielei 16,2019-12-09,02:00:00,1,1,0,FMN GV 03 Hove
46,Statielei 16,2019-12-09,03:00:00,0,0,0,FMN GV 03 Hove
46,Statielei 16,2019-12-09,04:00:00,2,0,2,FMN GV 03 Hove
46,Statielei 16,2019-12-09,05:00:00,14,7,7,FMN GV 03 Hove
46,Statielei 16,2019-12-09,06:00:00,50,36,14,FMN GV 03 Hove
46,Statielei 16,2019-12-09,07:00:00,152,121,31,FMN GV 03 Hove
46,Statielei 16,2019-12-09,08:00:00,175,136,39,FMN GV 03 Hove
46,Statielei 16,2019-12-09,09:00:00,51,38,13,FMN GV 03 Hove
46,Statielei 16,2019-12-09,10:00:00,38,23,15,FMN GV 03 Hove
46,Statielei 16,2019-12-09,11:00:00,27,15,12,FMN GV 03 Hove
46,Statielei 16,2019-12-09,12:00:00,51,33,18,FMN GV 03 Hove
46,Statielei 16,2019-12-09,13:00:00,50,28,22,FMN GV 03 Hove
46,Statielei 16,2019-12-09,14:00:00,56,32,24,FMN GV 03 Hove
46,Statielei 16,2019-12-09,15:00:00,73,30,43,FMN GV 03 Hove
46,Statielei 16,2019-12-09,16:00:00,145,52,93,FMN GV 03 Hove
46,Statielei 16,2019-12-09,17:00:00,167,53,114,FMN GV 03 Hove
46,Statielei 16,2019-12-09,18:00:00,105,38,67,FMN GV 03 Hove
46,Statielei 16,2019-12-09,19:00:00,34,11,23,FMN GV 03 Hove
46,Statielei 16,2019-12-09,20:00:00,28,16,12,FMN GV 03 Hove
46,Statielei 16,2019-12-09,21:00:00,22,10,12,FMN GV 03 Hove
46,Statielei 16,2019-12-09,22:00:00,18,5,13,FMN GV 03 Hove
46,Statielei 16,2019-12-09,23:00:00,10,5,5,FMN GV 03 Hove
46,Statielei 16,2019-12-10,00:00:00,4,3,1,FMN GV 03 Hove
46,Statielei 16,2019-12-10,01:00:00,2,2,0,FMN GV 03 Hove
46,Statielei 16,2019-12-10,02:00:00,3,3,0,FMN GV 03 Hove
46,Statielei 16,2019-12-10,03:00:00,2,1,1,FMN GV 03 Hove
46,Statielei 16,2019-12-10,04:00:00,4,4,0,FMN GV 03 Hove
46,Statielei 16,2019-12-10,05:00:00,27,13,14,FMN GV 03 Hove
46,Statielei 16,2019-12-10,06:00:00,86,60,26,FMN GV 03 Hove
46,Statielei 16,2019-12-10,07:00:00,227,176,51,FMN GV 03 Hove
46,Statielei 16,2019-12-10,08:00:00,261,196,65,FMN GV 03 Hove
46,Statielei 16,2019-12-10,09:00:00,77,51,26,FMN GV 03 Hove
46,Statielei 16,2019-12-10,10:00:00,53,33,20,FMN GV 03 Hove
46,Statielei 16,2019-12-10,11:00:00,49,29,20,FMN GV 03 Hove
46,Statielei 16,2019-12-10,12:00:00,68,42,26,FMN GV 03 Hove
46,Statielei 16,2019-12-10,13:00:00,77,44,33,FMN GV 03 Hove
46,Statielei 16,2019-12-10,14:00:00,78,35,43,FMN GV 03 Hove
46,Statielei 16,2019-12-10,15:00:00,107,41,66,FMN GV 03 Hove
46,Statielei 16,2019-12-10,16:00:00,185,55,130,FMN GV 03 Hove
46,Statielei 16,2019-12-10,17:00:00,234,66,168,FMN GV 03 Hove
46,Statielei 16,2019-12-10,18:00:00,157,54,103,FMN GV 03 Hove
46,Statielei 16,2019-12-10,19:00:00,76,35,41,FMN GV 03 Hove
46,Statielei 16,2019-12-10,20:00:00,46,31,15,FMN GV 03 Hove
46,Statielei 16,2019-12-10,21:00:00,27,9,18,FMN GV 03 Hove
46,Statielei 16,2019-12-10,22:00:00,35,14,21,FMN GV 03 Hove
46,Statielei 16,2019-12-10,23:00:00,14,9,5,FMN GV 03 Hove
46,Statielei 16,2019-12-11,00:00:00,9,2,7,FMN GV 03 Hove
46,Statielei 16,2019-12-11,01:00:00,4,2,2,FMN GV 03 Hove
46,Statielei 16,2019-12-11,02:00:00,1,1,0,FMN GV 03 Hove
46,Statielei 16,2019-12-11,03:00:00,1,0,1,FMN GV 03 Hove
46,Statielei 16,2019-12-11,04:00:00,1,0,1,FMN GV 03 Hove
46,Statielei 16,2019-12-11,05:00:00,25,11,14,FMN GV 03 Hove
46,Statielei 16,2019-12-11,06:00:00,58,38,20,FMN GV 03 Hove
46,Statielei 16,2019-12-11,07:00:00,158,120,38,FMN GV 03 Hove
46,Statielei 16,2019-12-11,08:00:00,184,140,44,FMN GV 03 Hove
46,Statielei 16,2019-12-11,09:00:00,82,59,23,FMN GV 03 Hove
46,Statielei 16,2019-12-11,10:00:00,76,48,28,FMN GV 03 Hove
46,Statielei 16,2019-12-11,11:00:00,70,39,31,FMN GV 03 Hove
46,Statielei 16,2019-12-11,12:00:00,103,47,56,FMN GV 03 Hove
46,Statielei 16,2019-12-11,13:00:00,89,41,48,FMN GV 03 Hove
46,Statielei 16,2019-12-11,14:00:00,70,41,29,FMN GV 03 Hove
46,Statielei 16,2019-12-11,15:00:00,74,32,42,FMN GV 03 Hove
46,Statielei 16,2019-12-11,16:00:00,127,45,82,FMN GV 03 Hove
46,Statielei 16,2019-12-11,17:00:00,165,50,115,FMN GV 03 Hove
46,Statielei 16,2019-12-11,18:00:00,97,36,61,FMN GV 03 Hove
46,Statielei 16,2019-12-11,19:00:00,57,27,30,FMN GV 03 Hove
46,Statielei 16,2019-12-11,20:00:00,34,19,15,FMN GV 03 Hove
46,Statielei 16,2019-12-11,21:00:00,23,11,12,FMN GV 03 Hove
46,Statielei 16,2019-12-11,22:00:00,17,8,9,FMN GV 03 Hove
46,Statielei 16,2019-12-11,23:00:00,13,5,8,FMN GV 03 Hove
46,Statielei 16,2019-12-12,00:00:00,2,1,1,FMN GV 03 Hove
46,Statielei 16,2019-12-12,01:00:00,3,1,2,FMN GV 03 Hove
46,Statielei 16,2019-12-12,02:00:00,3,2,1,FMN GV 03 Hove
46,Statielei 16,2019-12-12,03:00:00,0,0,0,FMN GV 03 Hove
46,Statielei 16,2019-12-12,04:00:00,12,7,5,FMN GV 03 Hove
46,Statielei 16,2019-12-12,05:00:00,19,12,7,FMN GV 03 Hove
46,Statielei 16,2019-12-12,06:00:00,76,57,19,FMN GV 03 Hove
46,Statielei 16,2019-12-12,07:00:00,217,167,50,FMN GV 03 Hove
46,Statielei 16,2019-12-12,08:00:00,253,195,58,FMN GV 03 Hove
46,Statielei 16,2019-12-12,09:00:00,78,54,24,FMN GV 03 Hove
46,Statielei 16,2019-12-12,10:00:00,58,30,28,FMN GV 03 Hove
46,Statielei 16,2019-12-12,11:00:00,68,36,32,FMN GV 03 Hove
46,Statielei 16,2019-12-12,12:00:00,71,32,39,FMN GV 03 Hove
46,Statielei 16,2019-12-12,13:00:00,77,43,34,FMN GV 03 Hove
46,Statielei 16,2019-12-12,14:00:00,86,44,42,FMN GV 03 Hove
46,Statielei 16,2019-12-12,15:00:00,97,34,63,FMN GV 03 Hove
46,Statielei 16,2019-12-12,16:00:00,177,51,126,FMN GV 03 Hove
46,Statielei 16,2019-12-12,17:00:00,203,56,147,FMN GV 03 Hove
46,Statielei 16,2019-12-12,18:00:00,142,53,89,FMN GV 03 Hove
46,Statielei 16,2019-12-12,19:00:00,67,26,41,FMN GV 03 Hove
46,Statielei 16,2019-12-12,20:00:00,42,24,18,FMN GV 03 Hove
46,Statielei 16,2019-12-12,21:00:00,39,18,21,FMN GV 03 Hove
46,Statielei 16,2019-12-12,22:00:00,31,11,20,FMN GV 03 Hove
46,Statielei 16,2019-12-12,23:00:00,17,7,10,FMN GV 03 Hove
46,Statielei 16,2019-12-13,00:00:00,6,0,6,FMN GV 03 Hove
46,Statielei 16,2019-12-13,01:00:00,5,1,4,FMN GV 03 Hove
46,Statielei 16,2019-12-13,02:00:00,2,1,1,FMN GV 03 Hove
46,Statielei 16,2019-12-13,03:00:00,3,3,0,FMN GV 03 Hove
46,Statielei 16,2019-12-13,04:00:00,7,5,2,FMN GV 03 Hove
46,Statielei 16,2019-12-13,05:00:00,15,8,7,FMN GV 03 Hove
46,Statielei 16,2019-12-13,06:00:00,51,32,19,FMN GV 03 Hove
46,Statielei 16,2019-12-13,07:00:00,132,92,40,FMN GV 03 Hove
46,Statielei 16,2019-12-13,08:00:00,162,126,36,FMN GV 03 Hove
46,Statielei 16,2019-12-13,09:00:00,58,38,20,FMN GV 03 Hove
46,Statielei 16,2019-12-13,10:00:00,46,27,19,FMN GV 03 Hove
46,Statielei 16,2019-12-13,11:00:00,42,28,14,FMN GV 03 Hove
46,Statielei 16,2019-12-13,12:00:00,51,27,24,FMN GV 03 Hove
46,Statielei 16,2019-12-13,13:00:00,68,33,35,FMN GV 03 Hove
46,Statielei 16,2019-12-13,14:00:00,70,34,36,FMN GV 03 Hove
46,Statielei 16,2019-12-13,15:00:00,88,37,51,FMN GV 03 Hove
46,Statielei 16,2019-12-13,16:00:00,129,32,97,FMN GV 03 Hove
46,Statielei 16,2019-12-13,17:00:00,139,46,93,FMN GV 03 Hove
46,Statielei 16,2019-12-13,18:00:00,82,37,45,FMN GV 03 Hove
46,Statielei 16,2019-12-13,19:00:00,50,26,24,FMN GV 03 Hove
46,Statielei 16,2019-12-13,20:00:00,33,18,15,FMN GV 03 Hove
46,Statielei 16,2019-12-13,21:00:00,20,9,11,FMN GV 03 Hove
46,Statielei 16,2019-12-13,22:00:00,20,9,11,FMN GV 03 Hove
46,Statielei 16,2019-12-13,23:00:00,11,5,6,FMN GV 03 Hove
46,Statielei 16,2019-12-14,00:00:00,15,6,9,FMN GV 03 Hove
46,Statielei 16,2019-12-14,01:00:00,8,4,4,FMN GV 03 Hove
46,Statielei 16,2019-12-14,02:00:00,4,2,2,FMN GV 03 Hove
46,Statielei 16,2019-12-14,03:00:00,4,2,2,FMN GV 03 Hove
46,Statielei 16,2019-12-14,04:00:00,3,2,1,FMN GV 03 Hove
46,Statielei 16,2019-12-14,05:00:00,7,5,2,FMN GV 03 Hove
46,Statielei 16,2019-12-14,06:00:00,4,1,3,FMN GV 03 Hove
46,Statielei 16,2019-12-14,07:00:00,8,7,1,FMN GV 03 Hove
46,Statielei 16,2019-12-14,08:00:00,17,12,5,FMN GV 03 Hove
46,Statielei 16,2019-12-14,09:00:00,39,18,21,FMN GV 03 Hove
46,Statielei 16,2019-12-14,10:00:00,44,19,25,FMN GV 03 Hove
46,Statielei 16,2019-12-14,11:00:00,34,18,16,FMN GV 03 Hove
46,Statielei 16,2019-12-14,12:00:00,50,28,22,FMN GV 03 Hove
46,Statielei 16,2019-12-14,13:00:00,66,41,25,FMN GV 03 Hove
46,Statielei 16,2019-12-14,14:00:00,62,37,25,FMN GV 03 Hove
46,Statielei 16,2019-12-14,15:00:00,68,38,30,FMN GV 03 Hove
46,Statielei 16,2019-12-14,16:00:00,64,32,32,FMN GV 03 Hove
46,Statielei 16,2019-12-14,17:00:00,44,20,24,FMN GV 03 Hove
46,Statielei 16,2019-12-14,18:00:00,26,16,10,FMN GV 03 Hove
46,Statielei 16,2019-12-14,19:00:00,26,11,15,FMN GV 03 Hove
46,Statielei 16,2019-12-14,20:00:00,16,11,5,FMN GV 03 Hove
46,Statielei 16,2019-12-14,21:00:00,23,13,10,FMN GV 03 Hove
46,Statielei 16,2019-12-14,22:00:00,22,7,15,FMN GV 03 Hove
46,Statielei 16,2019-12-14,23:00:00,11,5,6,FMN GV 03 Hove
46,Statielei 16,2019-12-15,00:00:00,9,4,5,FMN GV 03 Hove
46,Statielei 16,2019-12-15,01:00:00,8,2,6,FMN GV 03 Hove
46,Statielei 16,2019-12-15,02:00:00,5,1,4,FMN GV 03 Hove
46,Statielei 16,2019-12-15,03:00:00,1,1,0,FMN GV 03 Hove
46,Statielei 16,2019-12-15,04:00:00,1,1,0,FMN GV 03 Hove
46,Statielei 16,2019-12-15,05:00:00,7,4,3,FMN GV 03 Hove
46,Statielei 16,2019-12-15,06:00:00,8,5,3,FMN GV 03 Hove
46,Statielei 16,2019-12-15,07:00:00,6,3,3,FMN GV 03 Hove
46,Statielei 16,2019-12-15,08:00:00,17,10,7,FMN GV 03 Hove
46,Statielei 16,2019-12-15,09:00:00,49,20,29,FMN GV 03 Hove
46,Statielei 16,2019-12-15,10:00:00,64,32,32,FMN GV 03 Hove
46,Statielei 16,2019-12-15,11:00:00,71,35,36,FMN GV 03 Hove
46,Statielei 16,2019-12-15,12:00:00,76,46,30,FMN GV 03 Hove
46,Statielei 16,2019-12-15,13:00:00,74,46,28,FMN GV 03 Hove
46,Statielei 16,2019-12-15,14:00:00,80,42,38,FMN GV 03 Hove
46,Statielei 16,2019-12-15,15:00:00,77,36,41,FMN GV 03 Hove
46,Statielei 16,2019-12-15,16:00:00,74,40,34,FMN GV 03 Hove
46,Statielei 16,2019-12-15,17:00:00,55,26,29,FMN GV 03 Hove
46,Statielei 16,2019-12-15,18:00:00,41,21,20,FMN GV 03 Hove
46,Statielei 16,2019-12-15,19:00:00,22,11,11,FMN GV 03 Hove
46,Statielei 16,2019-12-15,20:00:00,21,12,9,FMN GV 03 Hove
46,Statielei 16,2019-12-15,21:00:00,20,8,12,FMN GV 03 Hove
46,Statielei 16,2019-12-15,22:00:00,18,10,8,FMN GV 03 Hove
46,Statielei 16,2019-12-15,23:00:00,6,3,3,FMN GV 03 Hove
46,Statielei 16,2019-12-16,00:00:00,1,1,0,FMN GV 03 Hove
46,Statielei 16,2019-12-16,01:00:00,0,0,0,FMN GV 03 Hove
46,Statielei 16,2019-12-16,02:00:00,1,1,0,FMN GV 03 Hove
46,Statielei 16,2019-12-16,03:00:00,0,0,0,FMN GV 03 Hove
46,Statielei 16,2019-12-16,04:00:00,4,2,2,FMN GV 03 Hove
46,Statielei 16,2019-12-16,05:00:00,17,12,5,FMN GV 03 Hove
46,Statielei 16,2019-12-16,06:00:00,66,49,17,FMN GV 03 Hove
46,Statielei 16,2019-12-16,07:00:00,207,165,42,FMN GV 03 Hove
46,Statielei 16,2019-12-16,08:00:00,228,183,45,FMN GV 03 Hove
46,Statielei 16,2019-12-16,09:00:00,76,55,21,FMN GV 03 Hove
46,Statielei 16,2019-12-16,10:00:00,54,33,21,FMN GV 03 Hove
46,Statielei 16,2019-12-16,11:00:00,61,36,25,FMN GV 03 Hove
46,Statielei 16,2019-12-16,12:00:00,59,34,25,FMN GV 03 Hove
46,Statielei 16,2019-12-16,13:00:00,83,42,41,FMN GV 03 Hove
46,Statielei 16,2019-12-16,14:00:00,66,35,31,FMN GV 03 Hove
46,Statielei 16,2019-12-16,15:00:00,93,36,57,FMN GV 03 Hove
46,Statielei 16,2019-12-16,16:00:00,169,50,119,FMN GV 03 Hove
46,Statielei 16,2019-12-16,17:00:00,229,67,162,FMN GV 03 Hove
46,Statielei 16,2019-12-16,18:00:00,137,53,84,FMN GV 03 Hove
46,Statielei 16,2019-12-16,19:00:00,53,27,26,FMN GV 03 Hove
46,Statielei 16,2019-12-16,20:00:00,43,25,18,FMN GV 03 Hove
46,Statielei 16,2019-12-16,21:00:00,26,11,15,FMN GV 03 Hove
46,Statielei 16,2019-12-16,22:00:00,13,6,7,FMN GV 03 Hove
46,Statielei 16,2019-12-16,23:00:00,14,4,10,FMN GV 03 Hove
46,Statielei 16,2019-12-17,00:00:00,5,2,3,FMN GV 03 Hove
46,Statielei 16,2019-12-17,01:00:00,3,3,0,FMN GV 03 Hove
46,Statielei 16,2019-12-17,02:00:00,2,1,1,FMN GV 03 Hove
46,Statielei 16,2019-12-17,03:00:00,1,0,1,FMN GV 03 Hove
46,Statielei 16,2019-12-17,04:00:00,7,4,3,FMN GV 03 Hove
46,Statielei 16,2019-12-17,05:00:00,22,14,8,FMN GV 03 Hove
46,Statielei 16,2019-12-17,06:00:00,87,61,26,FMN GV 03 Hove
46,Statielei 16,2019-12-17,07:00:00,275,213,62,FMN GV 03 Hove
46,Statielei 16,2019-12-17,08:00:00,298,226,72,FMN GV 03 Hove
46,Statielei 16,2019-12-17,09:00:00,86,67,19,FMN GV 03 Hove
46,Statielei 16,2019-12-17,10:00:00,52,31,21,FMN GV 03 Hove
46,Statielei 16,2019-12-17,11:00:00,55,33,22,FMN GV 03 Hove
46,Statielei 16,2019-12-17,12:00:00,88,47,41,FMN GV 03 Hove
46,Statielei 16,2019-12-17,13:00:00,79,44,35,FMN GV 03 Hove
46,Statielei 16,2019-12-17,14:00:00,75,38,37,FMN GV 03 Hove
46,Statielei 16,2019-12-17,15:00:00,108,41,67,FMN GV 03 Hove
46,Statielei 16,2019-12-17,16:00:00,214,61,153,FMN GV 03 Hove
46,Statielei 16,2019-12-17,17:00:00,256,72,184,FMN GV 03 Hove
46,Statielei 16,2019-12-17,18:00:00,165,59,106,FMN GV 03 Hove
46,Statielei 16,2019-12-17,19:00:00,87,39,48,FMN GV 03 Hove
46,Statielei 16,2019-12-17,20:00:00,58,32,26,FMN GV 03 Hove
46,Statielei 16,2019-12-17,21:00:00,41,24,17,FMN GV 03 Hove
46,Statielei 16,2019-12-17,22:00:00,32,15,17,FMN GV 03 Hove
46,Statielei 16,2019-12-17,23:00:00,7,4,3,FMN GV 03 Hove
46,Statielei 16,2019-12-18,00:00:00,7,1,6,FMN GV 03 Hove
46,Statielei 16,2019-12-18,01:00:00,6,2,4,FMN GV 03 Hove
46,Statielei 16,2019-12-18,02:00:00,4,1,3,FMN GV 03 Hove
46,Statielei 16,2019-12-18,03:00:00,3,0,3,FMN GV 03 Hove
46,Statielei 16,2019-12-18,04:00:00,4,1,3,FMN GV 03 Hove
46,Statielei 16,2019-12-18,05:00:00,24,15,9,FMN GV 03 Hove
46,Statielei 16,2019-12-18,06:00:00,59,47,12,FMN GV 03 Hove
46,Statielei 16,2019-12-18,07:00:00,205,145,60,FMN GV 03 Hove
46,Statielei 16,2019-12-18,08:00:00,225,177,48,FMN GV 03 Hove
46,Statielei 16,2019-12-18,09:00:00,106,72,34,FMN GV 03 Hove
46,Statielei 16,2019-12-18,10:00:00,88,57,31,FMN GV 03 Hove
46,Statielei 16,2019-12-18,11:00:00,83,44,39,FMN GV 03 Hove
46,Statielei 16,2019-12-18,12:00:00,127,57,70,FMN GV 03 Hove
46,Statielei 16,2019-12-18,13:00:00,96,40,56,FMN GV 03 Hove
46,Statielei 16,2019-12-18,14:00:00,84,42,42,FMN GV 03 Hove
46,Statielei 16,2019-12-18,15:00:00,89,40,49,FMN GV 03 Hove
46,Statielei 16,2019-12-18,16:00:00,154,53,101,FMN GV 03 Hove
46,Statielei 16,2019-12-18,17:00:00,193,55,138,FMN GV 03 Hove
46,Statielei 16,2019-12-18,18:00:00,137,50,87,FMN GV 03 Hove
46,Statielei 16,2019-12-18,19:00:00,61,27,34,FMN GV 03 Hove
46,Statielei 16,2019-12-18,20:00:00,43,28,15,FMN GV 03 Hove
46,Statielei 16,2019-12-18,21:00:00,41,25,16,FMN GV 03 Hove
46,Statielei 16,2019-12-18,22:00:00,27,15,12,FMN GV 03 Hove
46,Statielei 16,2019-12-18,23:00:00,17,6,11,FMN GV 03 Hove
46,Statielei 16,2019-12-19,00:00:00,7,3,4,FMN GV 03 Hove
46,Statielei 16,2019-12-19,01:00:00,5,0,5,FMN GV 03 Hove
46,Statielei 16,2019-12-19,02:00:00,5,2,3,FMN GV 03 Hove
46,Statielei 16,2019-12-19,03:00:00,0,0,0,FMN GV 03 Hove
46,Statielei 16,2019-12-19,04:00:00,8,4,4,FMN GV 03 Hove
46,Statielei 16,2019-12-19,05:00:00,13,9,4,FMN GV 03 Hove
46,Statielei 16,2019-12-19,06:00:00,68,52,16,FMN GV 03 Hove
46,Statielei 16,2019-12-19,07:00:00,237,179,58,FMN GV 03 Hove
46,Statielei 16,2019-12-19,08:00:00,263,210,53,FMN GV 03 Hove
46,Statielei 16,2019-12-19,09:00:00,84,58,26,FMN GV 03 Hove
46,Statielei 16,2019-12-19,10:00:00,58,40,18,FMN GV 03 Hove
46,Statielei 16,2019-12-19,11:00:00,68,40,28,FMN GV 03 Hove
46,Statielei 16,2019-12-19,12:00:00,86,51,35,FMN GV 03 Hove
46,Statielei 16,2019-12-19,13:00:00,94,56,38,FMN GV 03 Hove
46,Statielei 16,2019-12-19,14:00:00,85,41,44,FMN GV 03 Hove
46,Statielei 16,2019-12-19,15:00:00,108,48,60,FMN GV 03 Hove
46,Statielei 16,2019-12-19,16:00:00,204,67,137,FMN GV 03 Hove
46,Statielei 16,2019-12-19,17:00:00,228,67,161,FMN GV 03 Hove
46,Statielei 16,2019-12-19,18:00:00,152,53,99,FMN GV 03 Hove
46,Statielei 16,2019-12-19,19:00:00,79,35,44,FMN GV 03 Hove
46,Statielei 16,2019-12-19,20:00:00,50,22,28,FMN GV 03 Hove
46,Statielei 16,2019-12-19,21:00:00,32,18,14,FMN GV 03 Hove
46,Statielei 16,2019-12-19,22:00:00,39,20,19,FMN GV 03 Hove
46,Statielei 16,2019-12-19,23:00:00,17,6,11,FMN GV 03 Hove
46,Statielei 16,2019-12-20,00:00:00,9,3,6,FMN GV 03 Hove
46,Statielei 16,2019-12-20,01:00:00,3,1,2,FMN GV 03 Hove
46,Statielei 16,2019-12-20,02:00:00,2,1,1,FMN GV 03 Hove
46,Statielei 16,2019-12-20,03:00:00,3,1,2,FMN GV 03 Hove
46,Statielei 16,2019-12-20,04:00:00,10,7,3,FMN GV 03 Hove
46,Statielei 16,2019-12-20,05:00:00,16,10,6,FMN GV 03 Hove
46,Statielei 16,2019-12-20,06:00:00,60,45,15,FMN GV 03 Hove
46,Statielei 16,2019-12-20,07:00:00,159,118,41,FMN GV 03 Hove
46,Statielei 16,2019-12-20,08:00:00,191,150,41,FMN GV 03 Hove
46,Statielei 16,2019-12-20,09:00:00,75,50,25,FMN GV 03 Hove
46,Statielei 16,2019-12-20,10:00:00,46,24,22,FMN GV 03 Hove
46,Statielei 16,2019-12-20,11:00:00,50,29,21,FMN GV 03 Hove
46,Statielei 16,2019-12-20,12:00:00,79,41,38,FMN GV 03 Hove
46,Statielei 16,2019-12-20,13:00:00,77,37,40,FMN GV 03 Hove
46,Statielei 16,2019-12-20,14:00:00,70,42,28,FMN GV 03 Hove
46,Statielei 16,2019-12-20,15:00:00,101,36,65,FMN GV 03 Hove
46,Statielei 16,2019-12-20,16:00:00,141,47,94,FMN GV 03 Hove
46,Statielei 16,2019-12-20,17:00:00,150,50,100,FMN GV 03 Hove
46,Statielei 16,2019-12-20,18:00:00,94,36,58,FMN GV 03 Hove
46,Statielei 16,2019-12-20,19:00:00,50,22,28,FMN GV 03 Hove
46,Statielei 16,2019-12-20,20:00:00,47,22,25,FMN GV 03 Hove
46,Statielei 16,2019-12-20,21:00:00,18,6,12,FMN GV 03 Hove
46,Statielei 16,2019-12-20,22:00:00,28,11,17,FMN GV 03 Hove
46,Statielei 16,2019-12-20,23:00:00,16,6,10,FMN GV 03 Hove
46,Statielei 16,2019-12-21,00:00:00,25,11,14,FMN GV 03 Hove
46,Statielei 16,2019-12-21,01:00:00,13,6,7,FMN GV 03 Hove
46,Statielei 16,2019-12-21,02:00:00,8,5,3,FMN GV 03 Hove
46,Statielei 16,2019-12-21,03:00:00,5,1,4,FMN GV 03 Hove
46,Statielei 16,2019-12-21,04:00:00,9,3,6,FMN GV 03 Hove
46,Statielei 16,2019-12-21,05:00:00,8,4,4,FMN GV 03 Hove
46,Statielei 16,2019-12-21,06:00:00,12,6,6,FMN GV 03 Hove
46,Statielei 16,2019-12-21,07:00:00,4,2,2,FMN GV 03 Hove
46,Statielei 16,2019-12-21,08:00:00,26,13,13,FMN GV 03 Hove
46,Statielei 16,2019-12-21,09:00:00,47,29,18,FMN GV 03 Hove
46,Statielei 16,2019-12-21,10:00:00,67,35,32,FMN GV 03 Hove
46,Statielei 16,2019-12-21,11:00:00,58,28,30,FMN GV 03 Hove
46,Statielei 16,2019-12-21,12:00:00,84,41,43,FMN GV 03 Hove
46,Statielei 16,2019-12-21,13:00:00,85,50,35,FMN GV 03 Hove
46,Statielei 16,2019-12-21,14:00:00,86,43,43,FMN GV 03 Hove
46,Statielei 16,2019-12-21,15:00:00,82,40,42,FMN GV 03 Hove
46,Statielei 16,2019-12-21,16:00:00,69,30,39,FMN GV 03 Hove
46,Statielei 16,2019-12-21,17:00:00,73,34,39,FMN GV 03 Hove
46,Statielei 16,2019-12-21,18:00:00,51,29,22,FMN GV 03 Hove
46,Statielei 16,2019-12-21,19:00:00,39,26,13,FMN GV 03 Hove
46,Statielei 16,2019-12-21,20:00:00,28,15,13,FMN GV 03 Hove
46,Statielei 16,2019-12-21,21:00:00,23,11,12,FMN GV 03 Hove
46,Statielei 16,2019-12-21,22:00:00,24,10,14,FMN GV 03 Hove
46,Statielei 16,2019-12-21,23:00:00,12,5,7,FMN GV 03 Hove
46,Statielei 16,2019-12-22,00:00:00,9,7,2,FMN GV 03 Hove
46,Statielei 16,2019-12-22,01:00:00,3,1,2,FMN GV 03 Hove
46,Statielei 16,2019-12-22,02:00:00,6,4,2,FMN GV 03 Hove
46,Statielei 16,2019-12-22,03:00:00,3,0,3,FMN GV 03 Hove
46,Statielei 16,2019-12-22,04:00:00,2,2,0,FMN GV 03 Hove
46,Statielei 16,2019-12-22,05:00:00,1,1,0,FMN GV 03 Hove
46,Statielei 16,2019-12-22,06:00:00,9,7,2,FMN GV 03 Hove
46,Statielei 16,2019-12-22,07:00:00,4,1,3,FMN GV 03 Hove
46,Statielei 16,2019-12-22,08:00:00,12,2,10,FMN GV 03 Hove
46,Statielei 16,2019-12-22,09:00:00,19,8,11,FMN GV 03 Hove
46,Statielei 16,2019-12-22,10:00:00,35,14,21,FMN GV 03 Hove
46,Statielei 16,2019-12-22,11:00:00,44,26,18,FMN GV 03 Hove
46,Statielei 16,2019-12-22,12:00:00,47,29,18,FMN GV 03 Hove
46,Statielei 16,2019-12-22,13:00:00,42,27,15,FMN GV 03 Hove
46,Statielei 16,2019-12-22,14:00:00,57,32,25,FMN GV 03 Hove
46,Statielei 16,2019-12-22,15:00:00,35,16,19,FMN GV 03 Hove
46,Statielei 16,2019-12-22,16:00:00,31,16,15,FMN GV 03 Hove
46,Statielei 16,2019-12-22,17:00:00,35,20,15,FMN GV 03 Hove
46,Statielei 16,2019-12-22,18:00:00,24,9,15,FMN GV 03 Hove
46,Statielei 16,2019-12-22,19:00:00,14,5,9,FMN GV 03 Hove
46,Statielei 16,2019-12-22,20:00:00,12,5,7,FMN GV 03 Hove
46,Statielei 16,2019-12-22,21:00:00,14,5,9,FMN GV 03 Hove
46,Statielei 16,2019-12-22,22:00:00,11,7,4,FMN GV 03 Hove
46,Statielei 16,2019-12-22,23:00:00,2,2,0,FMN GV 03 Hove
46,Statielei 16,2019-12-23,00:00:00,4,1,3,FMN GV 03 Hove
46,Statielei 16,2019-12-23,01:00:00,0,0,0,FMN GV 03 Hove
46,Statielei 16,2019-12-23,02:00:00,0,0,0,FMN GV 03 Hove
46,Statielei 16,2019-12-23,03:00:00,0,0,0,FMN GV 03 Hove
46,Statielei 16,2019-12-23,04:00:00,7,2,5,FMN GV 03 Hove
46,Statielei 16,2019-12-23,05:00:00,13,9,4,FMN GV 03 Hove
46,Statielei 16,2019-12-23,06:00:00,43,31,12,FMN GV 03 Hove
46,Statielei 16,2019-12-23,07:00:00,140,111,29,FMN GV 03 Hove
46,Statielei 16,2019-12-23,08:00:00,154,125,29,FMN GV 03 Hove
46,Statielei 16,2019-12-23,09:00:00,53,37,16,FMN GV 03 Hove
46,Statielei 16,2019-12-23,10:00:00,32,23,9,FMN GV 03 Hove
46,Statielei 16,2019-12-23,11:00:00,31,22,9,FMN GV 03 Hove
46,Statielei 16,2019-12-23,12:00:00,47,26,21,FMN GV 03 Hove
46,Statielei 16,2019-12-23,13:00:00,48,27,21,FMN GV 03 Hove
46,Statielei 16,2019-12-23,14:00:00,41,21,20,FMN GV 03 Hove
46,Statielei 16,2019-12-23,15:00:00,70,31,39,FMN GV 03 Hove
46,Statielei 16,2019-12-23,16:00:00,118,37,81,FMN GV 03 Hove
46,Statielei 16,2019-12-23,17:00:00,140,39,101,FMN GV 03 Hove
46,Statielei 16,2019-12-23,18:00:00,88,27,61,FMN GV 03 Hove
46,Statielei 16,2019-12-23,19:00:00,52,22,30,FMN GV 03 Hove
46,Statielei 16,2019-12-23,20:00:00,23,10,13,FMN GV 03 Hove
46,Statielei 16,2019-12-23,21:00:00,9,3,6,FMN GV 03 Hove
46,Statielei 16,2019-12-23,22:00:00,20,7,13,FMN GV 03 Hove
46,Statielei 16,2019-12-23,23:00:00,10,4,6,FMN GV 03 Hove
46,Statielei 16,2019-12-24,00:00:00,2,1,1,FMN GV 03 Hove
46,Statielei 16,2019-12-24,01:00:00,0,0,0,FMN GV 03 Hove
46,Statielei 16,2019-12-24,02:00:00,2,2,0,FMN GV 03 Hove
46,Statielei 16,2019-12-24,03:00:00,1,0,1,FMN GV 03 Hove
46,Statielei 16,2019-12-24,04:00:00,1,1,0,FMN GV 03 Hove
46,Statielei 16,2019-12-24,05:00:00,10,5,5,FMN GV 03 Hove
46,Statielei 16,2019-12-24,06:00:00,31,24,7,FMN GV 03 Hove
46,Statielei 16,2019-12-24,07:00:00,97,76,21,FMN GV 03 Hove
46,Statielei 16,2019-12-24,08:00:00,112,86,26,FMN GV 03 Hove
46,Statielei 16,2019-12-24,09:00:00,31,23,8,FMN GV 03 Hove
46,Statielei 16,2019-12-24,10:00:00,23,16,7,FMN GV 03 Hove
46,Statielei 16,2019-12-24,11:00:00,27,17,10,FMN GV 03 Hove
46,Statielei 16,2019-12-24,12:00:00,23,14,9,FMN GV 03 Hove
46,Statielei 16,2019-12-24,13:00:00,37,17,20,FMN GV 03 Hove
46,Statielei 16,2019-12-24,14:00:00,30,10,20,FMN GV 03 Hove
46,Statielei 16,2019-12-24,15:00:00,40,11,29,FMN GV 03 Hove
46,Statielei 16,2019-12-24,16:00:00,87,20,67,FMN GV 03 Hove
46,Statielei 16,2019-12-24,17:00:00,103,29,74,FMN GV 03 Hove
46,Statielei 16,2019-12-24,18:00:00,58,22,36,FMN GV 03 Hove
46,Statielei 16,2019-12-24,19:00:00,35,13,22,FMN GV 03 Hove
46,Statielei 16,2019-12-24,20:00:00,26,17,9,FMN GV 03 Hove
46,Statielei 16,2019-12-24,21:00:00,13,8,5,FMN GV 03 Hove
46,Statielei 16,2019-12-24,22:00:00,12,5,7,FMN GV 03 Hove
46,Statielei 16,2019-12-24,23:00:00,8,5,3,FMN GV 03 Hove
46,Statielei 16,2019-12-25,00:00:00,2,1,1,FMN GV 03 Hove
46,Statielei 16,2019-12-25,01:00:00,0,0,0,FMN GV 03 Hove
46,Statielei 16,2019-12-25,02:00:00,2,1,1,FMN GV 03 Hove
46,Statielei 16,2019-12-25,03:00:00,0,0,0,FMN GV 03 Hove
46,Statielei 16,2019-12-25,04:00:00,2,2,0,FMN GV 03 Hove
46,Statielei 16,2019-12-25,05:00:00,6,4,2,FMN GV 03 Hove
46,Statielei 16,2019-12-25,06:00:00,16,12,4,FMN GV 03 Hove
46,Statielei 16,2019-12-25,07:00:00,47,38,9,FMN GV 03 Hove
46,Statielei 16,2019-12-25,08:00:00,62,46,16,FMN GV 03 Hove
46,Statielei 16,2019-12-25,09:00:00,24,18,6,FMN GV 03 Hove
46,Statielei 16,2019-12-25,10:00:00,20,13,7,FMN GV 03 Hove
46,Statielei 16,2019-12-25,11:00:00,32,16,16,FMN GV 03 Hove
46,Statielei 16,2019-12-25,12:00:00,26,9,17,FMN GV 03 Hove
46,Statielei 16,2019-12-25,13:00:00,22,7,15,FMN GV 03 Hove
46,Statielei 16,2019-12-25,14:00:00,18,10,8,FMN GV 03 Hove
46,Statielei 16,2019-12-25,15:00:00,24,11,13,FMN GV 03 Hove
46,Statielei 16,2019-12-25,16:00:00,39,16,23,FMN GV 03 Hove
46,Statielei 16,2019-12-25,17:00:00,59,19,40,FMN GV 03 Hove
46,Statielei 16,2019-12-25,18:00:00,33,12,21,FMN GV 03 Hove
46,Statielei 16,2019-12-25,19:00:00,19,10,9,FMN GV 03 Hove
46,Statielei 16,2019-12-25,20:00:00,11,5,6,FMN GV 03 Hove
46,Statielei 16,2019-12-25,21:00:00,8,4,4,FMN GV 03 Hove
46,Statielei 16,2019-12-25,22:00:00,4,3,1,FMN GV 03 Hove
46,Statielei 16,2019-12-25,23:00:00,5,1,4,FMN GV 03 Hove
46,Statielei 16,2019-12-26,00:00:00,2,0,2,FMN GV 03 Hove
46,Statielei 16,2019-12-26,01:00:00,2,2,0,FMN GV 03 Hove
46,Statielei 16,2019-12-26,02:00:00,2,0,2,FMN GV 03 Hove
46,Statielei 16,2019-12-26,03:00:00,0,0,0,FMN GV 03 Hove
46,Statielei 16,2019-12-26,04:00:00,5,4,1,FMN GV 03 Hove
46,Statielei 16,2019-12-26,05:00:00,5,2,3,FMN GV 03 Hove
46,Statielei 16,2019-12-26,06:00:00,27,20,7,FMN GV 03 Hove
46,Statielei 16,2019-12-26,07:00:00,83,61,22,FMN GV 03 Hove
46,Statielei 16,2019-12-26,08:00:00,97,81,16,FMN GV 03 Hove
46,Statielei 16,2019-12-26,09:00:00,36,25,11,FMN GV 03 Hove
46,Statielei 16,2019-12-26,10:00:00,22,18,4,FMN GV 03 Hove
46,Statielei 16,2019-12-26,11:00:00,30,18,12,FMN GV 03 Hove
46,Statielei 16,2019-12-26,12:00:00,28,21,7,FMN GV 03 Hove
46,Statielei 16,2019-12-26,13:00:00,33,22,11,FMN GV 03 Hove
46,Statielei 16,2019-12-26,14:00:00,30,13,17,FMN GV 03 Hove
46,Statielei 16,2019-12-26,15:00:00,36,14,22,FMN GV 03 Hove
46,Statielei 16,2019-12-26,16:00:00,72,21,51,FMN GV 03 Hove
46,Statielei 16,2019-12-26,17:00:00,91,31,60,FMN GV 03 Hove
46,Statielei 16,2019-12-26,18:00:00,56,26,30,FMN GV 03 Hove
46,Statielei 16,2019-12-26,19:00:00,27,15,12,FMN GV 03 Hove
46,Statielei 16,2019-12-26,20:00:00,21,13,8,FMN GV 03 Hove
46,Statielei 16,2019-12-26,21:00:00,9,3,6,FMN GV 03 Hove
46,Statielei 16,2019-12-26,22:00:00,9,4,5,FMN GV 03 Hove
46,Statielei 16,2019-12-26,23:00:00,10,6,4,FMN GV 03 Hove
46,Statielei 16,2019-12-27,00:00:00,7,2,5,FMN GV 03 Hove
46,Statielei 16,2019-12-27,01:00:00,1,0,1,FMN GV 03 Hove
46,Statielei 16,2019-12-27,02:00:00,0,0,0,FMN GV 03 Hove
46,Statielei 16,2019-12-27,03:00:00,1,1,0,FMN GV 03 Hove
46,Statielei 16,2019-12-27,04:00:00,4,3,1,FMN GV 03 Hove
46,Statielei 16,2019-12-27,05:00:00,13,8,5,FMN GV 03 Hove
46,Statielei 16,2019-12-27,06:00:00,28,22,6,FMN GV 03 Hove
46,Statielei 16,2019-12-27,07:00:00,84,73,11,FMN GV 03 Hove
46,Statielei 16,2019-12-27,08:00:00,130,98,32,FMN GV 03 Hove
46,Statielei 16,2019-12-27,09:00:00,55,36,19,FMN GV 03 Hove
46,Statielei 16,2019-12-27,10:00:00,40,26,14,FMN GV 03 Hove
46,Statielei 16,2019-12-27,11:00:00,38,23,15,FMN GV 03 Hove
46,Statielei 16,2019-12-27,12:00:00,53,28,25,FMN GV 03 Hove
46,Statielei 16,2019-12-27,13:00:00,54,28,26,FMN GV 03 Hove
46,Statielei 16,2019-12-27,14:00:00,47,18,29,FMN GV 03 Hove
46,Statielei 16,2019-12-27,15:00:00,62,22,40,FMN GV 03 Hove
46,Statielei 16,2019-12-27,16:00:00,93,31,62,FMN GV 03 Hove
46,Statielei 16,2019-12-27,17:00:00,98,28,70,FMN GV 03 Hove
46,Statielei 16,2019-12-27,18:00:00,62,30,32,FMN GV 03 Hove
46,Statielei 16,2019-12-27,19:00:00,44,23,21,FMN GV 03 Hove
46,Statielei 16,2019-12-27,20:00:00,24,12,12,FMN GV 03 Hove
46,Statielei 16,2019-12-27,21:00:00,13,7,6,FMN GV 03 Hove
46,Statielei 16,2019-12-27,22:00:00,15,10,5,FMN GV 03 Hove
46,Statielei 16,2019-12-27,23:00:00,12,4,8,FMN GV 03 Hove
46,Statielei 16,2019-12-28,00:00:00,16,6,10,FMN GV 03 Hove
46,Statielei 16,2019-12-28,01:00:00,16,5,11,FMN GV 03 Hove
46,Statielei 16,2019-12-28,02:00:00,5,2,3,FMN GV 03 Hove
46,Statielei 16,2019-12-28,03:00:00,2,0,2,FMN GV 03 Hove
46,Statielei 16,2019-12-28,04:00:00,8,5,3,FMN GV 03 Hove
46,Statielei 16,2019-12-28,05:00:00,6,5,1,FMN GV 03 Hove
46,Statielei 16,2019-12-28,06:00:00,10,6,4,FMN GV 03 Hove
46,Statielei 16,2019-12-28,07:00:00,14,7,7,FMN GV 03 Hove
46,Statielei 16,2019-12-28,08:00:00,26,17,9,FMN GV 03 Hove
46,Statielei 16,2019-12-28,09:00:00,44,20,24,FMN GV 03 Hove
46,Statielei 16,2019-12-28,10:00:00,60,29,31,FMN GV 03 Hove
46,Statielei 16,2019-12-28,11:00:00,61,35,26,FMN GV 03 Hove
46,Statielei 16,2019-12-28,12:00:00,79,48,31,FMN GV 03 Hove
46,Statielei 16,2019-12-28,13:00:00,86,55,31,FMN GV 03 Hove
46,Statielei 16,2019-12-28,14:00:00,80,45,35,FMN GV 03 Hove
46,Statielei 16,2019-12-28,15:00:00,79,42,37,FMN GV 03 Hove
46,Statielei 16,2019-12-28,16:00:00,71,38,33,FMN GV 03 Hove
46,Statielei 16,2019-12-28,17:00:00,62,36,26,FMN GV 03 Hove
46,Statielei 16,2019-12-28,18:00:00,47,23,24,FMN GV 03 Hove
46,Statielei 16,2019-12-28,19:00:00,37,26,11,FMN GV 03 Hove
46,Statielei 16,2019-12-28,20:00:00,29,20,9,FMN GV 03 Hove
46,Statielei 16,2019-12-28,21:00:00,15,7,8,FMN GV 03 Hove
46,Statielei 16,2019-12-28,22:00:00,17,7,10,FMN GV 03 Hove
46,Statielei 16,2019-12-28,23:00:00,15,8,7,FMN GV 03 Hove
46,Statielei 16,2019-12-29,00:00:00,12,7,5,FMN GV 03 Hove
46,Statielei 16,2019-12-29,01:00:00,2,1,1,FMN GV 03 Hove
46,Statielei 16,2019-12-29,02:00:00,8,1,7,FMN GV 03 Hove
46,Statielei 16,2019-12-29,03:00:00,4,1,3,FMN GV 03 Hove
46,Statielei 16,2019-12-29,04:00:00,8,2,6,FMN GV 03 Hove
46,Statielei 16,2019-12-29,05:00:00,5,4,1,FMN GV 03 Hove
46,Statielei 16,2019-12-29,06:00:00,3,1,2,FMN GV 03 Hove
46,Statielei 16,2019-12-29,07:00:00,10,4,6,FMN GV 03 Hove
46,Statielei 16,2019-12-29,08:00:00,15,4,11,FMN GV 03 Hove
46,Statielei 16,2019-12-29,09:00:00,45,21,24,FMN GV 03 Hove
46,Statielei 16,2019-12-29,10:00:00,58,33,25,FMN GV 03 Hove
46,Statielei 16,2019-12-29,11:00:00,59,35,24,FMN GV 03 Hove
46,Statielei 16,2019-12-29,12:00:00,68,39,29,FMN GV 03 Hove
46,Statielei 16,2019-12-29,13:00:00,80,50,30,FMN GV 03 Hove
46,Statielei 16,2019-12-29,14:00:00,70,38,32,FMN GV 03 Hove
46,Statielei 16,2019-12-29,15:00:00,72,36,36,FMN GV 03 Hove
46,Statielei 16,2019-12-29,16:00:00,55,31,24,FMN GV 03 Hove
46,Statielei 16,2019-12-29,17:00:00,60,32,28,FMN GV 03 Hove
46,Statielei 16,2019-12-29,18:00:00,35,18,17,FMN GV 03 Hove
46,Statielei 16,2019-12-29,19:00:00,28,17,11,FMN GV 03 Hove
46,Statielei 16,2019-12-29,20:00:00,20,15,5,FMN GV 03 Hove
46,Statielei 16,2019-12-29,21:00:00,15,9,6,FMN GV 03 Hove
46,Statielei 16,2019-12-29,22:00:00,11,3,8,FMN GV 03 Hove
46,Statielei 16,2019-12-29,23:00:00,4,3,1,FMN GV 03 Hove
46,Statielei 16,2019-12-30,00:00:00,2,1,1,FMN GV 03 Hove
46,Statielei 16,2019-12-30,01:00:00,1,1,0,FMN GV 03 Hove
46,Statielei 16,2019-12-30,02:00:00,2,1,1,FMN GV 03 Hove
46,Statielei 16,2019-12-30,03:00:00,0,0,0,FMN GV 03 Hove
46,Statielei 16,2019-12-30,04:00:00,4,2,2,FMN GV 03 Hove
46,Statielei 16,2019-12-30,05:00:00,15,8,7,FMN GV 03 Hove
46,Statielei 16,2019-12-30,06:00:00,48,38,10,FMN GV 03 Hove
46,Statielei 16,2019-12-30,07:00:00,131,105,26,FMN GV 03 Hove
46,Statielei 16,2019-12-30,08:00:00,149,115,34,FMN GV 03 Hove
46,Statielei 16,2019-12-30,09:00:00,58,38,20,FMN GV 03 Hove
46,Statielei 16,2019-12-30,10:00:00,36,19,17,FMN GV 03 Hove
46,Statielei 16,2019-12-30,11:00:00,42,21,21,FMN GV 03 Hove
46,Statielei 16,2019-12-30,12:00:00,44,22,22,FMN GV 03 Hove
46,Statielei 16,2019-12-30,13:00:00,41,26,15,FMN GV 03 Hove
46,Statielei 16,2019-12-30,14:00:00,45,24,21,FMN GV 03 Hove
46,Statielei 16,2019-12-30,15:00:00,66,28,38,FMN GV 03 Hove
46,Statielei 16,2019-12-30,16:00:00,101,22,79,FMN GV 03 Hove
46,Statielei 16,2019-12-30,17:00:00,164,55,109,FMN GV 03 Hove
46,Statielei 16,2019-12-30,18:00:00,86,25,61,FMN GV 03 Hove
46,Statielei 16,2019-12-30,19:00:00,38,19,19,FMN GV 03 Hove
46,Statielei 16,2019-12-30,20:00:00,16,9,7,FMN GV 03 Hove
46,Statielei 16,2019-12-30,21:00:00,21,7,14,FMN GV 03 Hove
46,Statielei 16,2019-12-30,22:00:00,17,5,12,FMN GV 03 Hove
46,Statielei 16,2019-12-30,23:00:00,5,3,2,FMN GV 03 Hove
46,Statielei 16,2019-12-31,00:00:00,2,1,1,FMN GV 03 Hove
46,Statielei 16,2019-12-31,01:00:00,2,1,1,FMN GV 03 Hove
46,Statielei 16,2019-12-31,02:00:00,3,2,1,FMN GV 03 Hove
46,Statielei 16,2019-12-31,03:00:00,0,0,0,FMN GV 03 Hove
46,Statielei 16,2019-12-31,04:00:00,7,6,1,FMN GV 03 Hove
46,Statielei 16,2019-12-31,05:00:00,8,2,6,FMN GV 03 Hove
46,Statielei 16,2019-12-31,06:00:00,46,29,17,FMN GV 03 Hove
46,Statielei 16,2019-12-31,07:00:00,122,97,25,FMN GV 03 Hove
46,Statielei 16,2019-12-31,08:00:00,126,102,24,FMN GV 03 Hove
46,Statielei 16,2019-12-31,09:00:00,39,29,10,FMN GV 03 Hove
46,Statielei 16,2019-12-31,10:00:00,20,13,7,FMN GV 03 Hove
46,Statielei 16,2019-12-31,11:00:00,23,12,11,FMN GV 03 Hove
46,Statielei 16,2019-12-31,12:00:00,36,20,16,FMN GV 03 Hove
46,Statielei 16,2019-12-31,13:00:00,37,20,17,FMN GV 03 Hove
46,Statielei 16,2019-12-31,14:00:00,49,25,24,FMN GV 03 Hove
46,Statielei 16,2019-12-31,15:00:00,46,19,27,FMN GV 03 Hove
46,Statielei 16,2019-12-31,16:00:00,92,27,65,FMN GV 03 Hove
46,Statielei 16,2019-12-31,17:00:00,119,38,81,FMN GV 03 Hove
46,Statielei 16,2019-12-31,18:00:00,81,31,50,FMN GV 03 Hove
46,Statielei 16,2019-12-31,19:00:00,31,10,21,FMN GV 03 Hove
46,Statielei 16,2019-12-31,20:00:00,26,15,11,FMN GV 03 Hove
46,Statielei 16,2019-12-31,21:00:00,18,8,10,FMN GV 03 Hove
46,Statielei 16,2019-12-31,22:00:00,11,4,7,FMN GV 03 Hove
46,Statielei 16,2019-12-31,23:00:00,5,1,4,FMN GV 03 Hove
46,Statielei 16,2020-01-01,00:00:00,1,0,1,FMN GV 03 Hove
46,Statielei 16,2020-01-01,01:00:00,0,0,0,FMN GV 03 Hove
46,Statielei 16,2020-01-01,02:00:00,1,1,0,FMN GV 03 Hove
46,Statielei 16,2020-01-01,03:00:00,1,1,0,FMN GV 03 Hove
46,Statielei 16,2020-01-01,04:00:00,2,2,0,FMN GV 03 Hove
46,Statielei 16,2020-01-01,05:00:00,4,3,1,FMN GV 03 Hove
46,Statielei 16,2020-01-01,06:00:00,25,16,9,FMN GV 03 Hove
46,Statielei 16,2020-01-01,07:00:00,63,49,14,FMN GV 03 Hove
46,Statielei 16,2020-01-01,08:00:00,81,60,21,FMN GV 03 Hove
46,Statielei 16,2020-01-01,09:00:00,31,26,5,FMN GV 03 Hove
46,Statielei 16,2020-01-01,10:00:00,33,16,17,FMN GV 03 Hove
46,Statielei 16,2020-01-01,11:00:00,31,15,16,FMN GV 03 Hove
46,Statielei 16,2020-01-01,12:00:00,42,18,24,FMN GV 03 Hove
46,Statielei 16,2020-01-01,13:00:00,34,20,14,FMN GV 03 Hove
46,Statielei 16,2020-01-01,14:00:00,20,6,14,FMN GV 03 Hove
46,Statielei 16,2020-01-01,15:00:00,25,15,10,FMN GV 03 Hove
46,Statielei 16,2020-01-01,16:00:00,46,10,36,FMN GV 03 Hove
46,Statielei 16,2020-01-01,17:00:00,65,23,42,FMN GV 03 Hove
46,Statielei 16,2020-01-01,18:00:00,41,17,24,FMN GV 03 Hove
46,Statielei 16,2020-01-01,19:00:00,23,12,11,FMN GV 03 Hove
46,Statielei 16,2020-01-01,20:00:00,11,5,6,FMN GV 03 Hove
46,Statielei 16,2020-01-01,21:00:00,12,7,5,FMN GV 03 Hove
46,Statielei 16,2020-01-01,22:00:00,10,5,5,FMN GV 03 Hove
46,Statielei 16,2020-01-01,23:00:00,4,1,3,FMN GV 03 Hove
46,Statielei 16,2020-01-02,00:00:00,3,1,2,FMN GV 03 Hove
46,Statielei 16,2020-01-02,01:00:00,2,1,1,FMN GV 03 Hove
46,Statielei 16,2020-01-02,02:00:00,0,0,0,FMN GV 03 Hove
46,Statielei 16,2020-01-02,03:00:00,0,0,0,FMN GV 03 Hove
46,Statielei 16,2020-01-02,04:00:00,2,1,1,FMN GV 03 Hove
46,Statielei 16,2020-01-02,05:00:00,8,3,5,FMN GV 03 Hove
46,Statielei 16,2020-01-02,06:00:00,45,32,13,FMN GV 03 Hove
46,Statielei 16,2020-01-02,07:00:00,127,104,23,FMN GV 03 Hove
46,Statielei 16,2020-01-02,08:00:00,139,112,27,FMN GV 03 Hove
46,Statielei 16,2020-01-02,09:00:00,42,32,10,FMN GV 03 Hove
46,Statielei 16,2020-01-02,10:00:00,36,18,18,FMN GV 03 Hove
46,Statielei 16,2020-01-02,11:00:00,40,22,18,FMN GV 03 Hove
46,Statielei 16,2020-01-02,12:00:00,39,18,21,FMN GV 03 Hove
46,Statielei 16,2020-01-02,13:00:00,47,25,22,FMN GV 03 Hove
46,Statielei 16,2020-01-02,14:00:00,35,16,19,FMN GV 03 Hove
46,Statielei 16,2020-01-02,15:00:00,50,17,33,FMN GV 03 Hove
46,Statielei 16,2020-01-02,16:00:00,115,35,80,FMN GV 03 Hove
46,Statielei 16,2020-01-02,17:00:00,130,39,91,FMN GV 03 Hove
46,Statielei 16,2020-01-02,18:00:00,86,38,48,FMN GV 03 Hove
46,Statielei 16,2020-01-02,19:00:00,33,14,19,FMN GV 03 Hove
46,Statielei 16,2020-01-02,20:00:00,30,16,14,FMN GV 03 Hove
46,Statielei 16,2020-01-02,21:00:00,23,15,8,FMN GV 03 Hove
46,Statielei 16,2020-01-02,22:00:00,22,8,14,FMN GV 03 Hove
46,Statielei 16,2020-01-02,23:00:00,14,5,9,FMN GV 03 Hove
46,Statielei 16,2020-01-03,00:00:00,7,4,3,FMN GV 03 Hove
46,Statielei 16,2020-01-03,01:00:00,6,2,4,FMN GV 03 Hove
46,Statielei 16,2020-01-03,02:00:00,5,1,4,FMN GV 03 Hove
46,Statielei 16,2020-01-03,03:00:00,1,0,1,FMN GV 03 Hove
46,Statielei 16,2020-01-03,04:00:00,3,3,0,FMN GV 03 Hove
46,Statielei 16,2020-01-03,05:00:00,9,6,3,FMN GV 03 Hove
46,Statielei 16,2020-01-03,06:00:00,32,24,8,FMN GV 03 Hove
46,Statielei 16,2020-01-03,07:00:00,117,88,29,FMN GV 03 Hove
46,Statielei 16,2020-01-03,08:00:00,124,95,29,FMN GV 03 Hove
46,Statielei 16,2020-01-03,09:00:00,51,37,14,FMN GV 03 Hove
46,Statielei 16,2020-01-03,10:00:00,37,22,15,FMN GV 03 Hove
46,Statielei 16,2020-01-03,11:00:00,45,29,16,FMN GV 03 Hove
46,Statielei 16,2020-01-03,12:00:00,45,22,23,FMN GV 03 Hove
46,Statielei 16,2020-01-03,13:00:00,45,25,20,FMN GV 03 Hove
46,Statielei 16,2020-01-03,14:00:00,39,19,20,FMN GV 03 Hove
46,Statielei 16,2020-01-03,15:00:00,60,20,40,FMN GV 03 Hove
46,Statielei 16,2020-01-03,16:00:00,104,35,69,FMN GV 03 Hove
46,Statielei 16,2020-01-03,17:00:00,104,38,66,FMN GV 03 Hove
46,Statielei 16,2020-01-03,18:00:00,64,30,34,FMN GV 03 Hove
46,Statielei 16,2020-01-03,19:00:00,33,15,18,FMN GV 03 Hove
46,Statielei 16,2020-01-03,20:00:00,20,12,8,FMN GV 03 Hove
46,Statielei 16,2020-01-03,21:00:00,17,9,8,FMN GV 03 Hove
46,Statielei 16,2020-01-03,22:00:00,8,5,3,FMN GV 03 Hove
46,Statielei 16,2020-01-03,23:00:00,11,2,9,FMN GV 03 Hove
46,Statielei 16,2020-01-04,00:00:00,12,6,6,FMN GV 03 Hove
46,Statielei 16,2020-01-04,01:00:00,11,1,10,FMN GV 03 Hove
46,Statielei 16,2020-01-04,02:00:00,5,2,3,FMN GV 03 Hove
46,Statielei 16,2020-01-04,03:00:00,7,3,4,FMN GV 03 Hove
46,Statielei 16,2020-01-04,04:00:00,6,2,4,FMN GV 03 Hove
46,Statielei 16,2020-01-04,05:00:00,8,8,0,FMN GV 03 Hove
46,Statielei 16,2020-01-04,06:00:00,10,7,3,FMN GV 03 Hove
46,Statielei 16,2020-01-04,07:00:00,5,3,2,FMN GV 03 Hove
46,Statielei 16,2020-01-04,08:00:00,21,10,11,FMN GV 03 Hove
46,Statielei 16,2020-01-04,09:00:00,45,20,25,FMN GV 03 Hove
46,Statielei 16,2020-01-04,10:00:00,55,28,27,FMN GV 03 Hove
46,Statielei 16,2020-01-04,11:00:00,62,39,23,FMN GV 03 Hove
46,Statielei 16,2020-01-04,12:00:00,78,45,33,FMN GV 03 Hove
46,Statielei 16,2020-01-04,13:00:00,84,46,38,FMN GV 03 Hove
46,Statielei 16,2020-01-04,14:00:00,82,44,38,FMN GV 03 Hove
46,Statielei 16,2020-01-04,15:00:00,79,44,35,FMN GV 03 Hove
46,Statielei 16,2020-01-04,16:00:00,76,39,37,FMN GV 03 Hove
46,Statielei 16,2020-01-04,17:00:00,56,27,29,FMN GV 03 Hove
46,Statielei 16,2020-01-04,18:00:00,51,23,28,FMN GV 03 Hove
46,Statielei 16,2020-01-04,19:00:00,33,22,11,FMN GV 03 Hove
46,Statielei 16,2020-01-04,20:00:00,30,17,13,FMN GV 03 Hove
46,Statielei 16,2020-01-04,21:00:00,22,12,10,FMN GV 03 Hove
46,Statielei 16,2020-01-04,22:00:00,17,5,12,FMN GV 03 Hove
46,Statielei 16,2020-01-04,23:00:00,12,7,5,FMN GV 03 Hove
46,Statielei 16,2020-01-05,00:00:00,11,6,5,FMN GV 03 Hove
46,Statielei 16,2020-01-05,01:00:00,11,4,7,FMN GV 03 Hove
46,Statielei 16,2020-01-05,02:00:00,4,0,4,FMN GV 03 Hove
46,Statielei 16,2020-01-05,03:00:00,5,2,3,FMN GV 03 Hove
46,Statielei 16,2020-01-05,04:00:00,2,2,0,FMN GV 03 Hove
46,Statielei 16,2020-01-05,05:00:00,4,4,0,FMN GV 03 Hove
46,Statielei 16,2020-01-05,06:00:00,7,5,2,FMN GV 03 Hove
46,Statielei 16,2020-01-05,07:00:00,6,2,4,FMN GV 03 Hove
46,Statielei 16,2020-01-05,08:00:00,21,9,12,FMN GV 03 Hove
46,Statielei 16,2020-01-05,09:00:00,44,18,26,FMN GV 03 Hove
46,Statielei 16,2020-01-05,10:00:00,57,28,29,FMN GV 03 Hove
46,Statielei 16,2020-01-05,11:00:00,74,37,37,FMN GV 03 Hove
46,Statielei 16,2020-01-05,12:00:00,76,49,27,FMN GV 03 Hove
46,Statielei 16,2020-01-05,13:00:00,78,47,31,FMN GV 03 Hove
46,Statielei 16,2020-01-05,14:00:00,76,41,35,FMN GV 03 Hove
46,Statielei 16,2020-01-05,15:00:00,82,35,47,FMN GV 03 Hove
46,Statielei 16,2020-01-05,16:00:00,71,38,33,FMN GV 03 Hove
46,Statielei 16,2020-01-05,17:00:00,67,36,31,FMN GV 03 Hove
46,Statielei 16,2020-01-05,18:00:00,47,23,24,FMN GV 03 Hove
46,Statielei 16,2020-01-05,19:00:00,23,13,10,FMN GV 03 Hove
46,Statielei 16,2020-01-05,20:00:00,18,11,7,FMN GV 03 Hove
46,Statielei 16,2020-01-05,21:00:00,14,7,7,FMN GV 03 Hove
46,Statielei 16,2020-01-05,22:00:00,8,3,5,FMN GV 03 Hove
46,Statielei 16,2020-01-05,23:00:00,5,1,4,FMN GV 03 Hove
46,Statielei 16,2020-01-06,00:00:00,4,2,2,FMN GV 03 Hove
46,Statielei 16,2020-01-06,01:00:00,3,0,3,FMN GV 03 Hove
46,Statielei 16,2020-01-06,02:00:00,3,2,1,FMN GV 03 Hove
46,Statielei 16,2020-01-06,03:00:00,0,0,0,FMN GV 03 Hove
46,Statielei 16,2020-01-06,04:00:00,3,2,1,FMN GV 03 Hove
46,Statielei 16,2020-01-06,05:00:00,16,10,6,FMN GV 03 Hove
46,Statielei 16,2020-01-06,06:00:00,91,70,21,FMN GV 03 Hove
46,Statielei 16,2020-01-06,07:00:00,253,197,56,FMN GV 03 Hove
46,Statielei 16,2020-01-06,08:00:00,286,220,66,FMN GV 03 Hove
46,Statielei 16,2020-01-06,09:00:00,90,66,24,FMN GV 03 Hove
46,Statielei 16,2020-01-06,10:00:00,59,35,24,FMN GV 03 Hove
46,Statielei 16,2020-01-06,11:00:00,68,44,24,FMN GV 03 Hove
46,Statielei 16,2020-01-06,12:00:00,78,44,34,FMN GV 03 Hove
46,Statielei 16,2020-01-06,13:00:00,96,46,50,FMN GV 03 Hove
46,Statielei 16,2020-01-06,14:00:00,87,42,45,FMN GV 03 Hove
46,Statielei 16,2020-01-06,15:00:00,112,44,68,FMN GV 03 Hove
46,Statielei 16,2020-01-06,16:00:00,217,61,156,FMN GV 03 Hove
46,Statielei 16,2020-01-06,17:00:00,269,81,188,FMN GV 03 Hove
46,Statielei 16,2020-01-06,18:00:00,167,55,112,FMN GV 03 Hove
46,Statielei 16,2020-01-06,19:00:00,78,35,43,FMN GV 03 Hove
46,Statielei 16,2020-01-06,20:00:00,45,22,23,FMN GV 03 Hove
46,Statielei 16,2020-01-06,21:00:00,29,16,13,FMN GV 03 Hove
46,Statielei 16,2020-01-06,22:00:00,25,7,18,FMN GV 03 Hove
46,Statielei 16,2020-01-06,23:00:00,12,4,8,FMN GV 03 Hove
46,Statielei 16,2020-01-07,00:00:00,7,5,2,FMN GV 03 Hove
46,Statielei 16,2020-01-07,01:00:00,0,0,0,FMN GV 03 Hove
46,Statielei 16,2020-01-07,02:00:00,1,1,0,FMN GV 03 Hove
46,Statielei 16,2020-01-07,03:00:00,1,1,0,FMN GV 03 Hove
46,Statielei 16,2020-01-07,04:00:00,5,4,1,FMN GV 03 Hove
46,Statielei 16,2020-01-07,05:00:00,28,16,12,FMN GV 03 Hove
46,Statielei 16,2020-01-07,06:00:00,84,67,17,FMN GV 03 Hove
46,Statielei 16,2020-01-07,07:00:00,265,202,63,FMN GV 03 Hove
46,Statielei 16,2020-01-07,08:00:00,278,218,60,FMN GV 03 Hove
46,Statielei 16,2020-01-07,09:00:00,93,64,29,FMN GV 03 Hove
46,Statielei 16,2020-01-07,10:00:00,66,45,21,FMN GV 03 Hove
46,Statielei 16,2020-01-07,11:00:00,61,35,26,FMN GV 03 Hove
46,Statielei 16,2020-01-07,12:00:00,81,43,38,FMN GV 03 Hove
46,Statielei 16,2020-01-07,13:00:00,90,52,38,FMN GV 03 Hove
46,Statielei 16,2020-01-07,14:00:00,75,27,48,FMN GV 03 Hove
46,Statielei 16,2020-01-07,15:00:00,119,46,73,FMN GV 03 Hove
46,Statielei 16,2020-01-07,16:00:00,205,61,144,FMN GV 03 Hove
46,Statielei 16,2020-01-07,17:00:00,254,74,180,FMN GV 03 Hove
46,Statielei 16,2020-01-07,18:00:00,167,61,106,FMN GV 03 Hove
46,Statielei 16,2020-01-07,19:00:00,79,34,45,FMN GV 03 Hove
46,Statielei 16,2020-01-07,20:00:00,62,40,22,FMN GV 03 Hove
46,Statielei 16,2020-01-07,21:00:00,39,17,22,FMN GV 03 Hove
46,Statielei 16,2020-01-07,22:00:00,30,15,15,FMN GV 03 Hove
46,Statielei 16,2020-01-07,23:00:00,10,4,6,FMN GV 03 Hove
46,Statielei 16,2020-01-08,00:00:00,7,2,5,FMN GV 03 Hove
46,Statielei 16,2020-01-08,01:00:00,4,3,1,FMN GV 03 Hove
46,Statielei 16,2020-01-08,02:00:00,2,2,0,FMN GV 03 Hove
46,Statielei 16,2020-01-08,03:00:00,1,1,0,FMN GV 03 Hove
46,Statielei 16,2020-01-08,04:00:00,5,4,1,FMN GV 03 Hove
46,Statielei 16,2020-01-08,05:00:00,18,12,6,FMN GV 03 Hove
46,Statielei 16,2020-01-08,06:00:00,66,51,15,FMN GV 03 Hove
46,Statielei 16,2020-01-08,07:00:00,185,149,36,FMN GV 03 Hove
46,Statielei 16,2020-01-08,08:00:00,213,167,46,FMN GV 03 Hove
46,Statielei 16,2020-01-08,09:00:00,76,53,23,FMN GV 03 Hove
46,Statielei 16,2020-01-08,10:00:00,85,56,29,FMN GV 03 Hove
46,Statielei 16,2020-01-08,11:00:00,76,39,37,FMN GV 03 Hove
46,Statielei 16,2020-01-08,12:00:00,116,52,64,FMN GV 03 Hove
46,Statielei 16,2020-01-08,13:00:00,90,37,53,FMN GV 03 Hove
46,Statielei 16,2020-01-08,14:00:00,70,38,32,FMN GV 03 Hove
46,Statielei 16,2020-01-08,15:00:00,86,32,54,FMN GV 03 Hove
46,Statielei 16,2020-01-08,16:00:00,128,38,90,FMN GV 03 Hove
46,Statielei 16,2020-01-08,17:00:00,178,56,122,FMN GV 03 Hove
46,Statielei 16,2020-01-08,18:00:00,121,45,76,FMN GV 03 Hove
46,Statielei 16,2020-01-08,19:00:00,76,44,32,FMN GV 03 Hove
46,Statielei 16,2020-01-08,20:00:00,44,23,21,FMN GV 03 Hove
46,Statielei 16,2020-01-08,21:00:00,27,15,12,FMN GV 03 Hove
46,Statielei 16,2020-01-08,22:00:00,29,11,18,FMN GV 03 Hove
46,Statielei 16,2020-01-08,23:00:00,15,5,10,FMN GV 03 Hove
46,Statielei 16,2020-01-09,00:00:00,0,0,0,FMN GV 03 Hove
46,Statielei 16,2020-01-09,01:00:00,0,0,0,FMN GV 03 Hove
46,Statielei 16,2020-01-09,02:00:00,0,0,0,FMN GV 03 Hove
46,Statielei 16,2020-01-09,03:00:00,0,0,0,FMN GV 03 Hove
46,Statielei 16,2020-01-09,04:00:00,0,0,0,FMN GV 03 Hove
46,Statielei 16,2020-01-09,05:00:00,0,0,0,FMN GV 03 Hove
46,Statielei 16,2020-01-09,06:00:00,0,0,0,FMN GV 03 Hove
46,Statielei 16,2020-01-09,07:00:00,0,0,0,FMN GV 03 Hove
46,Statielei 16,2020-01-09,08:00:00,268,223,45,FMN GV 03 Hove
46,Statielei 16,2020-01-09,09:00:00,68,55,13,FMN GV 03 Hove
46,Statielei 16,2020-01-09,10:00:00,45,37,8,FMN GV 03 Hove
46,Statielei 16,2020-01-09,11:00:00,40,24,16,FMN GV 03 Hove
46,Statielei 16,2020-01-09,12:00:00,68,31,37,FMN GV 03 Hove
46,Statielei 16,2020-01-09,13:00:00,71,41,30,FMN GV 03 Hove
46,Statielei 16,2020-01-09,14:00:00,57,24,33,FMN GV 03 Hove
46,Statielei 16,2020-01-09,15:00:00,100,39,61,FMN GV 03 Hove
46,Statielei 16,2020-01-09,16:00:00,208,54,154,FMN GV 03 Hove
46,Statielei 16,2020-01-09,17:00:00,230,57,173,FMN GV 03 Hove
46,Statielei 16,2020-01-09,18:00:00,141,46,95,FMN GV 03 Hove
46,Statielei 16,2020-01-09,19:00:00,50,19,31,FMN GV 03 Hove
46,Statielei 16,2020-01-09,20:00:00,42,9,33,FMN GV 03 Hove
46,Statielei 16,2020-01-09,21:00:00,25,11,14,FMN GV 03 Hove
46,Statielei 16,2020-01-09,22:00:00,36,12,24,FMN GV 03 Hove
46,Statielei 16,2020-01-09,23:00:00,11,8,3,FMN GV 03 Hove
46,Statielei 16,2020-01-10,00:00:00,7,3,4,FMN GV 03 Hove
46,Statielei 16,2020-01-10,01:00:00,0,0,0,FMN GV 03 Hove
46,Statielei 16,2020-01-10,02:00:00,2,1,1,FMN GV 03 Hove
46,Statielei 16,2020-01-10,03:00:00,1,1,0,FMN GV 03 Hove
46,Statielei 16,2020-01-10,04:00:00,4,3,1,FMN GV 03 Hove
46,Statielei 16,2020-01-10,05:00:00,21,16,5,FMN GV 03 Hove
46,Statielei 16,2020-01-10,06:00:00,57,46,11,FMN GV 03 Hove
46,Statielei 16,2020-01-10,07:00:00,216,172,44,FMN GV 03 Hove
46,Statielei 16,2020-01-10,08:00:00,301,249,52,FMN GV 03 Hove
46,Statielei 16,2020-01-10,09:00:00,84,70,14,FMN GV 03 Hove
46,Statielei 16,2020-01-10,10:00:00,41,30,11,FMN GV 03 Hove
46,Statielei 16,2020-01-10,11:00:00,47,30,17,FMN GV 03 Hove
46,Statielei 16,2020-01-10,12:00:00,62,32,30,FMN GV 03 Hove
46,Statielei 16,2020-01-10,13:00:00,92,49,43,FMN GV 03 Hove
46,Statielei 16,2020-01-10,14:00:00,59,25,34,FMN GV 03 Hove
46,Statielei 16,2020-01-10,15:00:00,111,30,81,FMN GV 03 Hove
46,Statielei 16,2020-01-10,16:00:00,200,50,150,FMN GV 03 Hove
46,Statielei 16,2020-01-10,17:00:00,208,70,138,FMN GV 03 Hove
46,Statielei 16,2020-01-10,18:00:00,108,46,62,FMN GV 03 Hove
46,Statielei 16,2020-01-10,19:00:00,64,32,32,FMN GV 03 Hove
46,Statielei 16,2020-01-10,20:00:00,49,26,23,FMN GV 03 Hove
46,Statielei 16,2020-01-10,21:00:00,28,12,16,FMN GV 03 Hove
46,Statielei 16,2020-01-10,22:00:00,27,7,20,FMN GV 03 Hove
46,Statielei 16,2020-01-10,23:00:00,16,2,14,FMN GV 03 Hove
46,Statielei 16,2020-01-11,00:00:00,21,8,13,FMN GV 03 Hove
46,Statielei 16,2020-01-11,01:00:00,20,4,16,FMN GV 03 Hove
46,Statielei 16,2020-01-11,02:00:00,16,7,9,FMN GV 03 Hove
46,Statielei 16,2020-01-11,03:00:00,8,2,6,FMN GV 03 Hove
46,Statielei 16,2020-01-11,04:00:00,8,4,4,FMN GV 03 Hove
46,Statielei 16,2020-01-11,05:00:00,9,8,1,FMN GV 03 Hove
46,Statielei 16,2020-01-11,06:00:00,11,8,3,FMN GV 03 Hove
46,Statielei 16,2020-01-11,07:00:00,8,3,5,FMN GV 03 Hove
46,Statielei 16,2020-01-11,08:00:00,28,19,9,FMN GV 03 Hove
46,Statielei 16,2020-01-11,09:00:00,61,38,23,FMN GV 03 Hove
46,Statielei 16,2020-01-11,10:00:00,81,31,50,FMN GV 03 Hove
46,Statielei 16,2020-01-11,11:00:00,109,58,51,FMN GV 03 Hove
46,Statielei 16,2020-01-11,12:00:00,117,78,39,FMN GV 03 Hove
46,Statielei 16,2020-01-11,13:00:00,107,59,48,FMN GV 03 Hove
46,Statielei 16,2020-01-11,14:00:00,121,56,65,FMN GV 03 Hove
46,Statielei 16,2020-01-11,15:00:00,109,57,52,FMN GV 03 Hove
46,Statielei 16,2020-01-11,16:00:00,132,46,86,FMN GV 03 Hove
46,Statielei 16,2020-01-11,17:00:00,80,37,43,FMN GV 03 Hove
46,Statielei 16,2020-01-11,18:00:00,47,34,13,FMN GV 03 Hove
46,Statielei 16,2020-01-11,19:00:00,35,27,8,FMN GV 03 Hove
46,Statielei 16,2020-01-11,20:00:00,20,7,13,FMN GV 03 Hove
46,Statielei 16,2020-01-11,21:00:00,20,11,9,FMN GV 03 Hove
46,Statielei 16,2020-01-11,22:00:00,32,18,14,FMN GV 03 Hove
46,Statielei 16,2020-01-11,23:00:00,8,6,2,FMN GV 03 Hove
46,Statielei 16,2020-01-12,00:00:00,18,6,12,FMN GV 03 Hove
46,Statielei 16,2020-01-12,01:00:00,11,3,8,FMN GV 03 Hove
46,Statielei 16,2020-01-12,02:00:00,5,1,4,FMN GV 03 Hove
46,Statielei 16,2020-01-12,03:00:00,7,1,6,FMN GV 03 Hove
46,Statielei 16,2020-01-12,04:00:00,4,4,0,FMN GV 03 Hove
46,Statielei 16,2020-01-12,05:00:00,7,5,2,FMN GV 03 Hove
46,Statielei 16,2020-01-12,06:00:00,13,9,4,FMN GV 03 Hove
46,Statielei 16,2020-01-12,07:00:00,8,5,3,FMN GV 03 Hove
46,Statielei 16,2020-01-12,08:00:00,25,13,12,FMN GV 03 Hove
46,Statielei 16,2020-01-12,09:00:00,64,27,37,FMN GV 03 Hove
46,Statielei 16,2020-01-12,10:00:00,66,32,34,FMN GV 03 Hove
46,Statielei 16,2020-01-12,11:00:00,72,52,20,FMN GV 03 Hove
46,Statielei 16,2020-01-12,12:00:00,65,51,14,FMN GV 03 Hove
46,Statielei 16,2020-01-12,13:00:00,61,44,17,FMN GV 03 Hove
46,Statielei 16,2020-01-12,14:00:00,53,30,23,FMN GV 03 Hove
46,Statielei 16,2020-01-12,15:00:00,57,22,35,FMN GV 03 Hove
46,Statielei 16,2020-01-12,16:00:00,49,23,26,FMN GV 03 Hove
46,Statielei 16,2020-01-12,17:00:00,37,16,21,FMN GV 03 Hove
46,Statielei 16,2020-01-12,18:00:00,24,10,14,FMN GV 03 Hove
46,Statielei 16,2020-01-12,19:00:00,17,9,8,FMN GV 03 Hove
46,Statielei 16,2020-01-12,20:00:00,14,8,6,FMN GV 03 Hove
46,Statielei 16,2020-01-12,21:00:00,15,6,9,FMN GV 03 Hove
46,Statielei 16,2020-01-12,22:00:00,13,7,6,FMN GV 03 Hove
46,Statielei 16,2020-01-12,23:00:00,3,2,1,FMN GV 03 Hove
46,Statielei 16,2020-01-13,00:00:00,0,0,0,FMN GV 03 Hove
46,Statielei 16,2020-01-13,01:00:00,3,0,3,FMN GV 03 Hove
46,Statielei 16,2020-01-13,02:00:00,0,0,0,FMN GV 03 Hove
46,Statielei 16,2020-01-13,03:00:00,0,0,0,FMN GV 03 Hove
46,Statielei 16,2020-01-13,04:00:00,9,6,3,FMN GV 03 Hove
46,Statielei 16,2020-01-13,05:00:00,29,20,9,FMN GV 03 Hove
46,Statielei 16,2020-01-13,06:00:00,90,69,21,FMN GV 03 Hove
46,Statielei 16,2020-01-13,07:00:00,306,244,62,FMN GV 03 Hove
46,Statielei 16,2020-01-13,08:00:00,344,277,67,FMN GV 03 Hove
46,Statielei 16,2020-01-13,09:00:00,92,74,18,FMN GV 03 Hove
46,Statielei 16,2020-01-13,10:00:00,61,43,18,FMN GV 03 Hove
46,Statielei 16,2020-01-13,11:00:00,65,34,31,FMN GV 03 Hove
46,Statielei 16,2020-01-13,12:00:00,73,36,37,FMN GV 03 Hove
46,Statielei 16,2020-01-13,13:00:00,90,42,48,FMN GV 03 Hove
46,Statielei 16,2020-01-13,14:00:00,61,27,34,FMN GV 03 Hove
46,Statielei 16,2020-01-13,15:00:00,124,41,83,FMN GV 03 Hove
46,Statielei 16,2020-01-13,16:00:00,254,62,192,FMN GV 03 Hove
46,Statielei 16,2020-01-13,17:00:00,274,73,201,FMN GV 03 Hove
46,Statielei 16,2020-01-13,18:00:00,168,53,115,FMN GV 03 Hove
46,Statielei 16,2020-01-13,19:00:00,61,16,45,FMN GV 03 Hove
46,Statielei 16,2020-01-13,20:00:00,25,13,12,FMN GV 03 Hove
46,Statielei 16,2020-01-13,21:00:00,20,6,14,FMN GV 03 Hove
46,Statielei 16,2020-01-13,22:00:00,24,14,10,FMN GV 03 Hove
46,Statielei 16,2020-01-13,23:00:00,14,7,7,FMN GV 03 Hove
46,Statielei 16,2020-01-14,00:00:00,1,0,1,FMN GV 03 Hove
46,Statielei 16,2020-01-14,01:00:00,1,0,1,FMN GV 03 Hove
46,Statielei 16,2020-01-14,02:00:00,0,0,0,FMN GV 03 Hove
46,Statielei 16,2020-01-14,03:00:00,1,0,1,FMN GV 03 Hove
46,Statielei 16,2020-01-14,04:00:00,2,2,0,FMN GV 03 Hove
46,Statielei 16,2020-01-14,05:00:00,21,13,8,FMN GV 03 Hove
46,Statielei 16,2020-01-14,06:00:00,75,60,15,FMN GV 03 Hove
46,Statielei 16,2020-01-14,07:00:00,259,206,53,FMN GV 03 Hove
46,Statielei 16,2020-01-14,08:00:00,300,248,52,FMN GV 03 Hove
46,Statielei 16,2020-01-14,09:00:00,64,55,9,FMN GV 03 Hove
46,Statielei 16,2020-01-14,10:00:00,35,20,15,FMN GV 03 Hove
46,Statielei 16,2020-01-14,11:00:00,29,18,11,FMN GV 03 Hove
46,Statielei 16,2020-01-14,12:00:00,55,30,25,FMN GV 03 Hove
46,Statielei 16,2020-01-14,13:00:00,66,35,31,FMN GV 03 Hove
46,Statielei 16,2020-01-14,14:00:00,40,14,26,FMN GV 03 Hove
46,Statielei 16,2020-01-14,15:00:00,80,24,56,FMN GV 03 Hove
46,Statielei 16,2020-01-14,16:00:00,215,50,165,FMN GV 03 Hove
46,Statielei 16,2020-01-14,17:00:00,195,52,143,FMN GV 03 Hove
46,Statielei 16,2020-01-14,18:00:00,144,44,100,FMN GV 03 Hove
46,Statielei 16,2020-01-14,19:00:00,58,26,32,FMN GV 03 Hove
46,Statielei 16,2020-01-14,20:00:00,39,21,18,FMN GV 03 Hove
46,Statielei 16,2020-01-14,21:00:00,32,16,16,FMN GV 03 Hove
46,Statielei 16,2020-01-14,22:00:00,27,17,10,FMN GV 03 Hove
46,Statielei 16,2020-01-14,23:00:00,20,4,16,FMN GV 03 Hove
46,Statielei 16,2020-01-15,00:00:00,2,1,1,FMN GV 03 Hove
46,Statielei 16,2020-01-15,01:00:00,1,0,1,FMN GV 03 Hove
46,Statielei 16,2020-01-15,02:00:00,0,0,0,FMN GV 03 Hove
46,Statielei 16,2020-01-15,03:00:00,2,2,0,FMN GV 03 Hove
46,Statielei 16,2020-01-15,04:00:00,7,4,3,FMN GV 03 Hove
46,Statielei 16,2020-01-15,05:00:00,21,15,6,FMN GV 03 Hove
46,Statielei 16,2020-01-15,06:00:00,67,56,11,FMN GV 03 Hove
46,Statielei 16,2020-01-15,07:00:00,231,181,50,FMN GV 03 Hove
46,Statielei 16,2020-01-15,08:00:00,273,223,50,FMN GV 03 Hove
46,Statielei 16,2020-01-15,09:00:00,91,73,18,FMN GV 03 Hove
46,Statielei 16,2020-01-15,10:00:00,72,44,28,FMN GV 03 Hove
46,Statielei 16,2020-01-15,11:00:00,71,34,37,FMN GV 03 Hove
46,Statielei 16,2020-01-15,12:00:00,119,34,85,FMN GV 03 Hove
46,Statielei 16,2020-01-15,13:00:00,83,32,51,FMN GV 03 Hove
46,Statielei 16,2020-01-15,14:00:00,49,23,26,FMN GV 03 Hove
46,Statielei 16,2020-01-15,15:00:00,52,17,35,FMN GV 03 Hove
46,Statielei 16,2020-01-15,16:00:00,117,30,87,FMN GV 03 Hove
46,Statielei 16,2020-01-15,17:00:00,183,47,136,FMN GV 03 Hove
46,Statielei 16,2020-01-15,18:00:00,117,37,80,FMN GV 03 Hove
46,Statielei 16,2020-01-15,19:00:00,48,23,25,FMN GV 03 Hove
46,Statielei 16,2020-01-15,20:00:00,31,19,12,FMN GV 03 Hove
46,Statielei 16,2020-01-15,21:00:00,17,6,11,FMN GV 03 Hove
46,Statielei 16,2020-01-15,22:00:00,35,17,18,FMN GV 03 Hove
46,Statielei 16,2020-01-15,23:00:00,8,5,3,FMN GV 03 Hove
46,Statielei 16,2020-01-16,00:00:00,5,3,2,FMN GV 03 Hove
46,Statielei 16,2020-01-16,01:00:00,2,1,1,FMN GV 03 Hove
46,Statielei 16,2020-01-16,02:00:00,0,0,0,FMN GV 03 Hove
46,Statielei 16,2020-01-16,03:00:00,0,0,0,FMN GV 03 Hove
46,Statielei 16,2020-01-16,04:00:00,5,2,3,FMN GV 03 Hove
46,Statielei 16,2020-01-16,05:00:00,29,20,9,FMN GV 03 Hove
46,Statielei 16,2020-01-16,06:00:00,86,63,23,FMN GV 03 Hove
46,Statielei 16,2020-01-16,07:00:00,272,214,58,FMN GV 03 Hove
46,Statielei 16,2020-01-16,08:00:00,327,256,71,FMN GV 03 Hove
46,Statielei 16,2020-01-16,09:00:00,110,85,25,FMN GV 03 Hove
46,Statielei 16,2020-01-16,10:00:00,53,33,20,FMN GV 03 Hove
46,Statielei 16,2020-01-16,11:00:00,68,43,25,FMN GV 03 Hove
46,Statielei 16,2020-01-16,12:00:00,99,44,55,FMN GV 03 Hove
46,Statielei 16,2020-01-16,13:00:00,111,64,47,FMN GV 03 Hove
46,Statielei 16,2020-01-16,14:00:00,108,49,59,FMN GV 03 Hove
46,Statielei 16,2020-01-16,15:00:00,141,53,88,FMN GV 03 Hove
46,Statielei 16,2020-01-16,16:00:00,262,77,185,FMN GV 03 Hove
46,Statielei 16,2020-01-16,17:00:00,261,61,200,FMN GV 03 Hove
46,Statielei 16,2020-01-16,18:00:00,163,64,99,FMN GV 03 Hove
46,Statielei 16,2020-01-16,19:00:00,73,37,36,FMN GV 03 Hove
46,Statielei 16,2020-01-16,20:00:00,36,12,24,FMN GV 03 Hove
46,Statielei 16,2020-01-16,21:00:00,36,16,20,FMN GV 03 Hove
46,Statielei 16,2020-01-16,22:00:00,40,10,30,FMN GV 03 Hove
46,Statielei 16,2020-01-16,23:00:00,17,6,11,FMN GV 03 Hove
46,Statielei 16,2020-01-17,00:00:00,2,0,2,FMN GV 03 Hove
46,Statielei 16,2020-01-17,01:00:00,5,2,3,FMN GV 03 Hove
46,Statielei 16,2020-01-17,02:00:00,3,0,3,FMN GV 03 Hove
46,Statielei 16,2020-01-17,03:00:00,0,0,0,FMN GV 03 Hove
46,Statielei 16,2020-01-17,04:00:00,6,2,4,FMN GV 03 Hove
46,Statielei 16,2020-01-17,05:00:00,21,15,6,FMN GV 03 Hove
46,Statielei 16,2020-01-17,06:00:00,71,52,19,FMN GV 03 Hove
46,Statielei 16,2020-01-17,07:00:00,207,163,44,FMN GV 03 Hove
46,Statielei 16,2020-01-17,08:00:00,255,218,37,FMN GV 03 Hove
46,Statielei 16,2020-01-17,09:00:00,66,55,11,FMN GV 03 Hove
46,Statielei 16,2020-01-17,10:00:00,41,29,12,FMN GV 03 Hove
46,Statielei 16,2020-01-17,11:00:00,44,30,14,FMN GV 03 Hove
46,Statielei 16,2020-01-17,12:00:00,54,28,26,FMN GV 03 Hove
46,Statielei 16,2020-01-17,13:00:00,76,39,37,FMN GV 03 Hove
46,Statielei 16,2020-01-17,14:00:00,62,21,41,FMN GV 03 Hove
46,Statielei 16,2020-01-17,15:00:00,129,50,79,FMN GV 03 Hove
46,Statielei 16,2020-01-17,16:00:00,182,57,125,FMN GV 03 Hove
46,Statielei 16,2020-01-17,17:00:00,199,59,140,FMN GV 03 Hove
46,Statielei 16,2020-01-17,18:00:00,102,39,63,FMN GV 03 Hove
46,Statielei 16,2020-01-17,19:00:00,58,34,24,FMN GV 03 Hove
46,Statielei 16,2020-01-17,20:00:00,39,21,18,FMN GV 03 Hove
46,Statielei 16,2020-01-17,21:00:00,23,12,11,FMN GV 03 Hove
46,Statielei 16,2020-01-17,22:00:00,22,9,13,FMN GV 03 Hove
46,Statielei 16,2020-01-17,23:00:00,22,11,11,FMN GV 03 Hove
46,Statielei 16,2020-01-18,00:00:00,25,9,16,FMN GV 03 Hove
46,Statielei 16,2020-01-18,01:00:00,31,13,18,FMN GV 03 Hove
46,Statielei 16,2020-01-18,02:00:00,10,3,7,FMN GV 03 Hove
46,Statielei 16,2020-01-18,03:00:00,10,2,8,FMN GV 03 Hove
46,Statielei 16,2020-01-18,04:00:00,5,3,2,FMN GV 03 Hove
46,Statielei 16,2020-01-18,05:00:00,5,4,1,FMN GV 03 Hove
46,Statielei 16,2020-01-18,06:00:00,8,7,1,FMN GV 03 Hove
46,Statielei 16,2020-01-18,07:00:00,11,6,5,FMN GV 03 Hove
46,Statielei 16,2020-01-18,08:00:00,38,17,21,FMN GV 03 Hove
46,Statielei 16,2020-01-18,09:00:00,62,40,22,FMN GV 03 Hove
46,Statielei 16,2020-01-18,10:00:00,74,36,38,FMN GV 03 Hove
46,Statielei 16,2020-01-18,11:00:00,80,39,41,FMN GV 03 Hove
46,Statielei 16,2020-01-18,12:00:00,106,58,48,FMN GV 03 Hove
46,Statielei 16,2020-01-18,13:00:00,111,74,37,FMN GV 03 Hove
46,Statielei 16,2020-01-18,14:00:00,122,65,57,FMN GV 03 Hove
46,Statielei 16,2020-01-18,15:00:00,94,50,44,FMN GV 03 Hove
46,Statielei 16,2020-01-18,16:00:00,90,46,44,FMN GV 03 Hove
46,Statielei 16,2020-01-18,17:00:00,46,24,22,FMN GV 03 Hove
46,Statielei 16,2020-01-18,18:00:00,58,35,23,FMN GV 03 Hove
46,Statielei 16,2020-01-18,19:00:00,47,28,19,FMN GV 03 Hove
46,Statielei 16,2020-01-18,20:00:00,29,14,15,FMN GV 03 Hove
46,Statielei 16,2020-01-18,21:00:00,18,8,10,FMN GV 03 Hove
46,Statielei 16,2020-01-18,22:00:00,25,8,17,FMN GV 03 Hove
46,Statielei 16,2020-01-18,23:00:00,23,16,7,FMN GV 03 Hove
46,Statielei 16,2020-01-19,00:00:00,16,1,15,FMN GV 03 Hove
46,Statielei 16,2020-01-19,01:00:00,8,2,6,FMN GV 03 Hove
46,Statielei 16,2020-01-19,02:00:00,3,2,1,FMN GV 03 Hove
46,Statielei 16,2020-01-19,03:00:00,3,1,2,FMN GV 03 Hove
46,Statielei 16,2020-01-19,04:00:00,8,5,3,FMN GV 03 Hove
46,Statielei 16,2020-01-19,05:00:00,3,2,1,FMN GV 03 Hove
46,Statielei 16,2020-01-19,06:00:00,3,3,0,FMN GV 03 Hove
46,Statielei 16,2020-01-19,07:00:00,11,1,10,FMN GV 03 Hove
46,Statielei 16,2020-01-19,08:00:00,5,3,2,FMN GV 03 Hove
46,Statielei 16,2020-01-19,09:00:00,51,20,31,FMN GV 03 Hove
46,Statielei 16,2020-01-19,10:00:00,63,26,37,FMN GV 03 Hove
46,Statielei 16,2020-01-19,11:00:00,80,44,36,FMN GV 03 Hove
46,Statielei 16,2020-01-19,12:00:00,98,67,31,FMN GV 03 Hove
46,Statielei 16,2020-01-19,13:00:00,112,70,42,FMN GV 03 Hove
46,Statielei 16,2020-01-19,14:00:00,112,58,54,FMN GV 03 Hove
46,Statielei 16,2020-01-19,15:00:00,95,49,46,FMN GV 03 Hove
46,Statielei 16,2020-01-19,16:00:00,87,62,25,FMN GV 03 Hove
46,Statielei 16,2020-01-19,17:00:00,58,37,21,FMN GV 03 Hove
46,Statielei 16,2020-01-19,18:00:00,39,19,20,FMN GV 03 Hove
46,Statielei 16,2020-01-19,19:00:00,16,9,7,FMN GV 03 Hove
46,Statielei 16,2020-01-19,20:00:00,25,18,7,FMN GV 03 Hove
46,Statielei 16,2020-01-19,21:00:00,10,7,3,FMN GV 03 Hove
46,Statielei 16,2020-01-19,22:00:00,21,7,14,FMN GV 03 Hove
46,Statielei 16,2020-01-19,23:00:00,9,2,7,FMN GV 03 Hove
46,Statielei 16,2020-01-20,00:00:00,5,3,2,FMN GV 03 Hove
46,Statielei 16,2020-01-20,01:00:00,0,0,0,FMN GV 03 Hove
46,Statielei 16,2020-01-20,02:00:00,0,0,0,FMN GV 03 Hove
46,Statielei 16,2020-01-20,03:00:00,1,0,1,FMN GV 03 Hove
46,Statielei 16,2020-01-20,04:00:00,7,6,1,FMN GV 03 Hove
46,Statielei 16,2020-01-20,05:00:00,25,17,8,FMN GV 03 Hove
46,Statielei 16,2020-01-20,06:00:00,77,66,11,FMN GV 03 Hove
46,Statielei 16,2020-01-20,07:00:00,233,187,46,FMN GV 03 Hove
46,Statielei 16,2020-01-20,08:00:00,304,265,39,FMN GV 03 Hove
46,Statielei 16,2020-01-20,09:00:00,89,68,21,FMN GV 03 Hove
46,Statielei 16,2020-01-20,10:00:00,37,27,10,FMN GV 03 Hove
46,Statielei 16,2020-01-20,11:00:00,43,29,14,FMN GV 03 Hove
46,Statielei 16,2020-01-20,12:00:00,66,44,22,FMN GV 03 Hove
46,Statielei 16,2020-01-20,13:00:00,64,36,28,FMN GV 03 Hove
46,Statielei 16,2020-01-20,14:00:00,80,33,47,FMN GV 03 Hove
46,Statielei 16,2020-01-20,15:00:00,103,36,67,FMN GV 03 Hove
46,Statielei 16,2020-01-20,16:00:00,204,51,153,FMN GV 03 Hove
46,Statielei 16,2020-01-20,17:00:00,246,66,180,FMN GV 03 Hove
46,Statielei 16,2020-01-20,18:00:00,135,31,104,FMN GV 03 Hove
46,Statielei 16,2020-01-20,19:00:00,52,23,29,FMN GV 03 Hove
46,Statielei 16,2020-01-20,20:00:00,38,16,22,FMN GV 03 Hove
46,Statielei 16,2020-01-20,21:00:00,21,8,13,FMN GV 03 Hove
46,Statielei 16,2020-01-20,22:00:00,21,6,15,FMN GV 03 Hove
46,Statielei 16,2020-01-20,23:00:00,7,3,4,FMN GV 03 Hove
46,Statielei 16,2020-01-21,00:00:00,4,3,1,FMN GV 03 Hove
46,Statielei 16,2020-01-21,01:00:00,3,1,2,FMN GV 03 Hove
46,Statielei 16,2020-01-21,02:00:00,0,0,0,FMN GV 03 Hove
46,Statielei 16,2020-01-21,03:00:00,0,0,0,FMN GV 03 Hove
46,Statielei 16,2020-01-21,04:00:00,7,3,4,FMN GV 03 Hove
46,Statielei 16,2020-01-21,05:00:00,27,18,9,FMN GV 03 Hove
46,Statielei 16,2020-01-21,06:00:00,85,64,21,FMN GV 03 Hove
46,Statielei 16,2020-01-21,07:00:00,256,202,54,FMN GV 03 Hove
46,Statielei 16,2020-01-21,08:00:00,327,261,66,FMN GV 03 Hove
46,Statielei 16,2020-01-21,09:00:00,80,66,14,FMN GV 03 Hove
46,Statielei 16,2020-01-21,10:00:00,57,44,13,FMN GV 03 Hove
46,Statielei 16,2020-01-21,11:00:00,38,25,13,FMN GV 03 Hove
46,Statielei 16,2020-01-21,12:00:00,69,41,28,FMN GV 03 Hove
46,Statielei 16,2020-01-21,13:00:00,84,44,40,FMN GV 03 Hove
46,Statielei 16,2020-01-21,14:00:00,63,30,33,FMN GV 03 Hove
46,Statielei 16,2020-01-21,15:00:00,108,43,65,FMN GV 03 Hove
46,Statielei 16,2020-01-21,16:00:00,237,52,185,FMN GV 03 Hove
46,Statielei 16,2020-01-21,17:00:00,223,69,154,FMN GV 03 Hove
46,Statielei 16,2020-01-21,18:00:00,148,45,103,FMN GV 03 Hove
46,Statielei 16,2020-01-21,19:00:00,57,20,37,FMN GV 03 Hove
46,Statielei 16,2020-01-21,20:00:00,42,22,20,FMN GV 03 Hove
46,Statielei 16,2020-01-21,21:00:00,28,11,17,FMN GV 03 Hove
46,Statielei 16,2020-01-21,22:00:00,32,11,21,FMN GV 03 Hove
46,Statielei 16,2020-01-21,23:00:00,5,3,2,FMN GV 03 Hove
46,Statielei 16,2020-01-22,00:00:00,2,1,1,FMN GV 03 Hove
46,Statielei 16,2020-01-22,01:00:00,1,0,1,FMN GV 03 Hove
46,Statielei 16,2020-01-22,02:00:00,1,0,1,FMN GV 03 Hove
46,Statielei 16,2020-01-22,03:00:00,0,0,0,FMN GV 03 Hove
46,Statielei 16,2020-01-22,04:00:00,7,5,2,FMN GV 03 Hove
46,Statielei 16,2020-01-22,05:00:00,18,11,7,FMN GV 03 Hove
46,Statielei 16,2020-01-22,06:00:00,74,50,24,FMN GV 03 Hove
46,Statielei 16,2020-01-22,07:00:00,206,168,38,FMN GV 03 Hove
46,Statielei 16,2020-01-22,08:00:00,270,212,58,FMN GV 03 Hove
46,Statielei 16,2020-01-22,09:00:00,112,68,44,FMN GV 03 Hove
46,Statielei 16,2020-01-22,10:00:00,67,38,29,FMN GV 03 Hove
46,Statielei 16,2020-01-22,11:00:00,65,27,38,FMN GV 03 Hove
46,Statielei 16,2020-01-22,12:00:00,140,55,85,FMN GV 03 Hove
46,Statielei 16,2020-01-22,13:00:00,91,36,55,FMN GV 03 Hove
46,Statielei 16,2020-01-22,14:00:00,54,27,27,FMN GV 03 Hove
46,Statielei 16,2020-01-22,15:00:00,77,33,44,FMN GV 03 Hove
46,Statielei 16,2020-01-22,16:00:00,132,44,88,FMN GV 03 Hove
46,Statielei 16,2020-01-22,17:00:00,188,62,126,FMN GV 03 Hove
46,Statielei 16,2020-01-22,18:00:00,119,37,82,FMN GV 03 Hove
46,Statielei 16,2020-01-22,19:00:00,52,27,25,FMN GV 03 Hove
46,Statielei 16,2020-01-22,20:00:00,32,15,17,FMN GV 03 Hove
46,Statielei 16,2020-01-22,21:00:00,18,7,11,FMN GV 03 Hove
46,Statielei 16,2020-01-22,22:00:00,21,10,11,FMN GV 03 Hove
46,Statielei 16,2020-01-22,23:00:00,21,10,11,FMN GV 03 Hove
46,Statielei 16,2020-01-23,00:00:00,3,2,1,FMN GV 03 Hove
46,Statielei 16,2020-01-23,01:00:00,4,1,3,FMN GV 03 Hove
46,Statielei 16,2020-01-23,02:00:00,1,1,0,FMN GV 03 Hove
46,Statielei 16,2020-01-23,03:00:00,2,1,1,FMN GV 03 Hove
46,Statielei 16,2020-01-23,04:00:00,10,6,4,FMN GV 03 Hove
46,Statielei 16,2020-01-23,05:00:00,19,13,6,FMN GV 03 Hove
46,Statielei 16,2020-01-23,06:00:00,79,59,20,FMN GV 03 Hove
46,Statielei 16,2020-01-23,07:00:00,257,193,64,FMN GV 03 Hove
46,Statielei 16,2020-01-23,08:00:00,282,233,49,FMN GV 03 Hove
46,Statielei 16,2020-01-23,09:00:00,76,50,26,FMN GV 03 Hove
46,Statielei 16,2020-01-23,10:00:00,46,30,16,FMN GV 03 Hove
46,Statielei 16,2020-01-23,11:00:00,67,37,30,FMN GV 03 Hove
46,Statielei 16,2020-01-23,12:00:00,90,50,40,FMN GV 03 Hove
46,Statielei 16,2020-01-23,13:00:00,68,36,32,FMN GV 03 Hove
46,Statielei 16,2020-01-23,14:00:00,68,35,33,FMN GV 03 Hove
46,Statielei 16,2020-01-23,15:00:00,116,44,72,FMN GV 03 Hove
46,Statielei 16,2020-01-23,16:00:00,213,57,156,FMN GV 03 Hove
46,Statielei 16,2020-01-23,17:00:00,227,65,162,FMN GV 03 Hove
46,Statielei 16,2020-01-23,18:00:00,130,39,91,FMN GV 03 Hove
46,Statielei 16,2020-01-23,19:00:00,56,28,28,FMN GV 03 Hove
46,Statielei 16,2020-01-23,20:00:00,45,14,31,FMN GV 03 Hove
46,Statielei 16,2020-01-23,21:00:00,40,17,23,FMN GV 03 Hove
46,Statielei 16,2020-01-23,22:00:00,42,16,26,FMN GV 03 Hove
46,Statielei 16,2020-01-23,23:00:00,18,6,12,FMN GV 03 Hove
46,Statielei 16,2020-01-24,00:00:00,14,3,11,FMN GV 03 Hove
46,Statielei 16,2020-01-24,01:00:00,6,2,4,FMN GV 03 Hove
46,Statielei 16,2020-01-24,02:00:00,2,1,1,FMN GV 03 Hove
46,Statielei 16,2020-01-24,03:00:00,2,1,1,FMN GV 03 Hove
46,Statielei 16,2020-01-24,04:00:00,15,7,8,FMN GV 03 Hove
46,Statielei 16,2020-01-24,05:00:00,20,13,7,FMN GV 03 Hove
46,Statielei 16,2020-01-24,06:00:00,66,50,16,FMN GV 03 Hove
46,Statielei 16,2020-01-24,07:00:00,213,173,40,FMN GV 03 Hove
46,Statielei 16,2020-01-24,08:00:00,257,201,56,FMN GV 03 Hove
46,Statielei 16,2020-01-24,09:00:00,86,73,13,FMN GV 03 Hove
46,Statielei 16,2020-01-24,10:00:00,46,29,17,FMN GV 03 Hove
46,Statielei 16,2020-01-24,11:00:00,39,27,12,FMN GV 03 Hove
46,Statielei 16,2020-01-24,12:00:00,70,33,37,FMN GV 03 Hove
46,Statielei 16,2020-01-24,13:00:00,84,43,41,FMN GV 03 Hove
46,Statielei 16,2020-01-24,14:00:00,63,27,36,FMN GV 03 Hove
46,Statielei 16,2020-01-24,15:00:00,94,32,62,FMN GV 03 Hove
46,Statielei 16,2020-01-24,16:00:00,177,55,122,FMN GV 03 Hove
46,Statielei 16,2020-01-24,17:00:00,179,53,126,FMN GV 03 Hove
46,Statielei 16,2020-01-24,18:00:00,106,46,60,FMN GV 03 Hove
46,Statielei 16,2020-01-24,19:00:00,62,26,36,FMN GV 03 Hove
46,Statielei 16,2020-01-24,20:00:00,53,32,21,FMN GV 03 Hove
46,Statielei 16,2020-01-24,21:00:00,21,15,6,FMN GV 03 Hove
46,Statielei 16,2020-01-24,22:00:00,30,9,21,FMN GV 03 Hove
46,Statielei 16,2020-01-24,23:00:00,17,4,13,FMN GV 03 Hove
46,Statielei 16,2020-01-25,00:00:00,20,7,13,FMN GV 03 Hove
46,Statielei 16,2020-01-25,01:00:00,12,3,9,FMN GV 03 Hove
46,Statielei 16,2020-01-25,02:00:00,11,3,8,FMN GV 03 Hove
46,Statielei 16,2020-01-25,03:00:00,4,0,4,FMN GV 03 Hove
46,Statielei 16,2020-01-25,04:00:00,12,8,4,FMN GV 03 Hove
46,Statielei 16,2020-01-25,05:00:00,7,5,2,FMN GV 03 Hove
46,Statielei 16,2020-01-25,06:00:00,8,5,3,FMN GV 03 Hove
46,Statielei 16,2020-01-25,07:00:00,17,10,7,FMN GV 03 Hove
46,Statielei 16,2020-01-25,08:00:00,21,16,5,FMN GV 03 Hove
46,Statielei 16,2020-01-25,09:00:00,53,32,21,FMN GV 03 Hove
46,Statielei 16,2020-01-25,10:00:00,60,35,25,FMN GV 03 Hove
46,Statielei 16,2020-01-25,11:00:00,68,33,35,FMN GV 03 Hove
46,Statielei 16,2020-01-25,12:00:00,65,28,37,FMN GV 03 Hove
46,Statielei 16,2020-01-25,13:00:00,68,39,29,FMN GV 03 Hove
46,Statielei 16,2020-01-25,14:00:00,79,49,30,FMN GV 03 Hove
46,Statielei 16,2020-01-25,15:00:00,47,21,26,FMN GV 03 Hove
46,Statielei 16,2020-01-25,16:00:00,65,33,32,FMN GV 03 Hove
46,Statielei 16,2020-01-25,17:00:00,54,32,22,FMN GV 03 Hove
46,Statielei 16,2020-01-25,18:00:00,28,10,18,FMN GV 03 Hove
46,Statielei 16,2020-01-25,19:00:00,30,15,15,FMN GV 03 Hove
46,Statielei 16,2020-01-25,20:00:00,16,7,9,FMN GV 03 Hove
46,Statielei 16,2020-01-25,21:00:00,15,13,2,FMN GV 03 Hove
46,Statielei 16,2020-01-25,22:00:00,16,6,10,FMN GV 03 Hove
46,Statielei 16,2020-01-25,23:00:00,9,3,6,FMN GV 03 Hove
46,Statielei 16,2020-01-26,00:00:00,9,1,8,FMN GV 03 Hove
46,Statielei 16,2020-01-26,01:00:00,17,7,10,FMN GV 03 Hove
46,Statielei 16,2020-01-26,02:00:00,9,1,8,FMN GV 03 Hove
46,Statielei 16,2020-01-26,03:00:00,3,0,3,FMN GV 03 Hove
46,Statielei 16,2020-01-26,04:00:00,4,2,2,FMN GV 03 Hove
46,Statielei 16,2020-01-26,05:00:00,5,4,1,FMN GV 03 Hove
46,Statielei 16,2020-01-26,06:00:00,7,5,2,FMN GV 03 Hove
46,Statielei 16,2020-01-26,07:00:00,5,4,1,FMN GV 03 Hove
46,Statielei 16,2020-01-26,08:00:00,14,6,8,FMN GV 03 Hove
46,Statielei 16,2020-01-26,09:00:00,60,22,38,FMN GV 03 Hove
46,Statielei 16,2020-01-26,10:00:00,71,35,36,FMN GV 03 Hove
46,Statielei 16,2020-01-26,11:00:00,97,50,47,FMN GV 03 Hove
46,Statielei 16,2020-01-26,12:00:00,96,64,32,FMN GV 03 Hove
46,Statielei 16,2020-01-26,13:00:00,94,53,41,FMN GV 03 Hove
46,Statielei 16,2020-01-26,14:00:00,115,57,58,FMN GV 03 Hove
46,Statielei 16,2020-01-26,15:00:00,87,50,37,FMN GV 03 Hove
46,Statielei 16,2020-01-26,16:00:00,72,44,28,FMN GV 03 Hove
46,Statielei 16,2020-01-26,17:00:00,54,37,17,FMN GV 03 Hove
46,Statielei 16,2020-01-26,18:00:00,30,18,12,FMN GV 03 Hove
46,Statielei 16,2020-01-26,19:00:00,28,11,17,FMN GV 03 Hove
46,Statielei 16,2020-01-26,20:00:00,15,9,6,FMN GV 03 Hove
46,Statielei 16,2020-01-26,21:00:00,11,6,5,FMN GV 03 Hove
46,Statielei 16,2020-01-26,22:00:00,5,1,4,FMN GV 03 Hove
46,Statielei 16,2020-01-26,23:00:00,8,3,5,FMN GV 03 Hove
46,Statielei 16,2020-01-27,00:00:00,4,0,4,FMN GV 03 Hove
46,Statielei 16,2020-01-27,01:00:00,1,0,1,FMN GV 03 Hove
46,Statielei 16,2020-01-27,02:00:00,1,1,0,FMN GV 03 Hove
46,Statielei 16,2020-01-27,03:00:00,2,0,2,FMN GV 03 Hove
46,Statielei 16,2020-01-27,04:00:00,4,1,3,FMN GV 03 Hove
46,Statielei 16,2020-01-27,05:00:00,19,13,6,FMN GV 03 Hove
46,Statielei 16,2020-01-27,06:00:00,76,63,13,FMN GV 03 Hove
46,Statielei 16,2020-01-27,07:00:00,244,202,42,FMN GV 03 Hove
46,Statielei 16,2020-01-27,08:00:00,269,219,50,FMN GV 03 Hove
46,Statielei 16,2020-01-27,09:00:00,101,69,32,FMN GV 03 Hove
46,Statielei 16,2020-01-27,10:00:00,41,25,16,FMN GV 03 Hove
46,Statielei 16,2020-01-27,11:00:00,44,30,14,FMN GV 03 Hove
46,Statielei 16,2020-01-27,12:00:00,58,30,28,FMN GV 03 Hove
46,Statielei 16,2020-01-27,13:00:00,59,37,22,FMN GV 03 Hove
46,Statielei 16,2020-01-27,14:00:00,76,42,34,FMN GV 03 Hove
46,Statielei 16,2020-01-27,15:00:00,85,29,56,FMN GV 03 Hove
46,Statielei 16,2020-01-27,16:00:00,219,60,159,FMN GV 03 Hove
46,Statielei 16,2020-01-27,17:00:00,239,74,165,FMN GV 03 Hove
46,Statielei 16,2020-01-27,18:00:00,127,36,91,FMN GV 03 Hove
46,Statielei 16,2020-01-27,19:00:00,49,21,28,FMN GV 03 Hove
46,Statielei 16,2020-01-27,20:00:00,30,14,16,FMN GV 03 Hove
46,Statielei 16,2020-01-27,21:00:00,25,11,14,FMN GV 03 Hove
46,Statielei 16,2020-01-27,22:00:00,23,11,12,FMN GV 03 Hove
46,Statielei 16,2020-01-27,23:00:00,13,2,11,FMN GV 03 Hove
46,Statielei 16,2020-01-28,00:00:00,4,1,3,FMN GV 03 Hove
46,Statielei 16,2020-01-28,01:00:00,0,0,0,FMN GV 03 Hove
46,Statielei 16,2020-01-28,02:00:00,2,1,1,FMN GV 03 Hove
46,Statielei 16,2020-01-28,03:00:00,1,0,1,FMN GV 03 Hove
46,Statielei 16,2020-01-28,04:00:00,4,3,1,FMN GV 03 Hove
46,Statielei 16,2020-01-28,05:00:00,21,14,7,FMN GV 03 Hove
46,Statielei 16,2020-01-28,06:00:00,66,56,10,FMN GV 03 Hove
46,Statielei 16,2020-01-28,07:00:00,219,176,43,FMN GV 03 Hove
46,Statielei 16,2020-01-28,08:00:00,246,191,55,FMN GV 03 Hove
46,Statielei 16,2020-01-28,09:00:00,62,49,13,FMN GV 03 Hove
46,Statielei 16,2020-01-28,10:00:00,19,9,10,FMN GV 03 Hove
46,Statielei 16,2020-01-28,11:00:00,18,14,4,FMN GV 03 Hove
46,Statielei 16,2020-01-28,12:00:00,55,29,26,FMN GV 03 Hove
46,Statielei 16,2020-01-28,13:00:00,51,30,21,FMN GV 03 Hove
46,Statielei 16,2020-01-28,14:00:00,10,5,5,FMN GV 03 Hove
46,Statielei 16,2020-01-28,15:00:00,1,0,1,FMN GV 03 Hove
46,Statielei 16,2020-01-28,16:00:00,154,41,113,FMN GV 03 Hove
46,Statielei 16,2020-01-28,17:00:00,185,61,124,FMN GV 03 Hove
46,Statielei 16,2020-01-28,18:00:00,128,38,90,FMN GV 03 Hove
46,Statielei 16,2020-01-28,19:00:00,61,24,37,FMN GV 03 Hove
46,Statielei 16,2020-01-28,20:00:00,33,15,18,FMN GV 03 Hove
46,Statielei 16,2020-01-28,21:00:00,26,8,18,FMN GV 03 Hove
46,Statielei 16,2020-01-28,22:00:00,32,12,20,FMN GV 03 Hove
46,Statielei 16,2020-01-28,23:00:00,15,6,9,FMN GV 03 Hove
46,Statielei 16,2020-01-29,00:00:00,3,3,0,FMN GV 03 Hove
46,Statielei 16,2020-01-29,01:00:00,0,0,0,FMN GV 03 Hove
46,Statielei 16,2020-01-29,02:00:00,2,1,1,FMN GV 03 Hove
46,Statielei 16,2020-01-29,03:00:00,2,1,1,FMN GV 03 Hove
46,Statielei 16,2020-01-29,04:00:00,5,2,3,FMN GV 03 Hove
46,Statielei 16,2020-01-29,05:00:00,19,13,6,FMN GV 03 Hove
46,Statielei 16,2020-01-29,06:00:00,73,57,16,FMN GV 03 Hove
46,Statielei 16,2020-01-29,07:00:00,239,187,52,FMN GV 03 Hove
46,Statielei 16,2020-01-29,08:00:00,292,243,49,FMN GV 03 Hove
46,Statielei 16,2020-01-29,09:00:00,94,76,18,FMN GV 03 Hove
46,Statielei 16,2020-01-29,10:00:00,80,51,29,FMN GV 03 Hove
46,Statielei 16,2020-01-29,11:00:00,99,52,47,FMN GV 03 Hove
46,Statielei 16,2020-01-29,12:00:00,145,60,85,FMN GV 03 Hove
46,Statielei 16,2020-01-29,13:00:00,87,32,55,FMN GV 03 Hove
46,Statielei 16,2020-01-29,14:00:00,99,45,54,FMN GV 03 Hove
46,Statielei 16,2020-01-29,15:00:00,87,23,64,FMN GV 03 Hove
46,Statielei 16,2020-01-29,16:00:00,135,45,90,FMN GV 03 Hove
46,Statielei 16,2020-01-29,17:00:00,218,73,145,FMN GV 03 Hove
46,Statielei 16,2020-01-29,18:00:00,135,35,100,FMN GV 03 Hove
46,Statielei 16,2020-01-29,19:00:00,65,33,32,FMN GV 03 Hove
46,Statielei 16,2020-01-29,20:00:00,35,14,21,FMN GV 03 Hove
46,Statielei 16,2020-01-29,21:00:00,30,12,18,FMN GV 03 Hove
46,Statielei 16,2020-01-29,22:00:00,36,14,22,FMN GV 03 Hove
46,Statielei 16,2020-01-29,23:00:00,17,9,8,FMN GV 03 Hove
46,Statielei 16,2020-01-30,00:00:00,3,1,2,FMN GV 03 Hove
46,Statielei 16,2020-01-30,01:00:00,4,3,1,FMN GV 03 Hove
46,Statielei 16,2020-01-30,02:00:00,2,1,1,FMN GV 03 Hove
46,Statielei 16,2020-01-30,03:00:00,2,1,1,FMN GV 03 Hove
46,Statielei 16,2020-01-30,04:00:00,9,5,4,FMN GV 03 Hove
46,Statielei 16,2020-01-30,05:00:00,19,15,4,FMN GV 03 Hove
46,Statielei 16,2020-01-30,06:00:00,90,71,19,FMN GV 03 Hove
46,Statielei 16,2020-01-30,07:00:00,253,202,51,FMN GV 03 Hove
46,Statielei 16,2020-01-30,08:00:00,289,231,58,FMN GV 03 Hove
46,Statielei 16,2020-01-30,09:00:00,94,74,20,FMN GV 03 Hove
46,Statielei 16,2020-01-30,10:00:00,45,32,13,FMN GV 03 Hove
46,Statielei 16,2020-01-30,11:00:00,58,41,17,FMN GV 03 Hove
46,Statielei 16,2020-01-30,12:00:00,85,52,33,FMN GV 03 Hove
46,Statielei 16,2020-01-30,13:00:00,79,47,32,FMN GV 03 Hove
46,Statielei 16,2020-01-30,14:00:00,81,33,48,FMN GV 03 Hove
46,Statielei 16,2020-01-30,15:00:00,108,35,73,FMN GV 03 Hove
46,Statielei 16,2020-01-30,16:00:00,202,56,146,FMN GV 03 Hove
46,Statielei 16,2020-01-30,17:00:00,221,60,161,FMN GV 03 Hove
46,Statielei 16,2020-01-30,18:00:00,144,48,96,FMN GV 03 Hove
46,Statielei 16,2020-01-30,19:00:00,63,21,42,FMN GV 03 Hove
46,Statielei 16,2020-01-30,20:00:00,34,17,17,FMN GV 03 Hove
46,Statielei 16,2020-01-30,21:00:00,30,9,21,FMN GV 03 Hove
46,Statielei 16,2020-01-30,22:00:00,34,10,24,FMN GV 03 Hove
46,Statielei 16,2020-01-30,23:00:00,14,5,9,FMN GV 03 Hove
46,Statielei 16,2020-01-31,00:00:00,7,1,6,FMN GV 03 Hove
46,Statielei 16,2020-01-31,01:00:00,4,1,3,FMN GV 03 Hove
46,Statielei 16,2020-01-31,02:00:00,9,4,5,FMN GV 03 Hove
46,Statielei 16,2020-01-31,03:00:00,5,0,5,FMN GV 03 Hove
46,Statielei 16,2020-01-31,04:00:00,9,6,3,FMN GV 03 Hove
46,Statielei 16,2020-01-31,05:00:00,17,10,7,FMN GV 03 Hove
46,Statielei 16,2020-01-31,06:00:00,65,51,14,FMN GV 03 Hove
46,Statielei 16,2020-01-31,07:00:00,178,139,39,FMN GV 03 Hove
46,Statielei 16,2020-01-31,08:00:00,252,217,35,FMN GV 03 Hove
46,Statielei 16,2020-01-31,09:00:00,78,58,20,FMN GV 03 Hove
46,Statielei 16,2020-01-31,10:00:00,42,25,17,FMN GV 03 Hove
46,Statielei 16,2020-01-31,11:00:00,63,42,21,FMN GV 03 Hove
46,Statielei 16,2020-01-31,12:00:00,65,31,34,FMN GV 03 Hove
46,Statielei 16,2020-01-31,13:00:00,88,41,47,FMN GV 03 Hove
46,Statielei 16,2020-01-31,14:00:00,81,31,50,FMN GV 03 Hove
46,Statielei 16,2020-01-31,15:00:00,116,36,80,FMN GV 03 Hove
46,Statielei 16,2020-01-31,16:00:00,176,58,118,FMN GV 03 Hove
46,Statielei 16,2020-01-31,17:00:00,194,68,126,FMN GV 03 Hove
46,Statielei 16,2020-01-31,18:00:00,97,34,63,FMN GV 03 Hove
46,Statielei 16,2020-01-31,19:00:00,56,30,26,FMN GV 03 Hove
46,Statielei 16,2020-01-31,20:00:00,40,19,21,FMN GV 03 Hove
46,Statielei 16,2020-01-31,21:00:00,30,18,12,FMN GV 03 Hove
46,Statielei 16,2020-01-31,22:00:00,27,9,18,FMN GV 03 Hove
46,Statielei 16,2020-01-31,23:00:00,21,7,14,FMN GV 03 Hove
46,Statielei 16,2020-02-01,00:00:00,24,12,12,FMN GV 03 Hove
46,Statielei 16,2020-02-01,01:00:00,19,9,10,FMN GV 03 Hove
46,Statielei 16,2020-02-01,02:00:00,11,6,5,FMN GV 03 Hove
46,Statielei 16,2020-02-01,03:00:00,5,1,4,FMN GV 03 Hove
46,Statielei 16,2020-02-01,04:00:00,4,2,2,FMN GV 03 Hove
46,Statielei 16,2020-02-01,05:00:00,3,1,2,FMN GV 03 Hove
46,Statielei 16,2020-02-01,06:00:00,10,8,2,FMN GV 03 Hove
46,Statielei 16,2020-02-01,07:00:00,6,3,3,FMN GV 03 Hove
46,Statielei 16,2020-02-01,08:00:00,23,11,12,FMN GV 03 Hove
46,Statielei 16,2020-02-01,09:00:00,29,16,13,FMN GV 03 Hove
46,Statielei 16,2020-02-01,10:00:00,50,35,15,FMN GV 03 Hove
46,Statielei 16,2020-02-01,11:00:00,53,28,25,FMN GV 03 Hove
46,Statielei 16,2020-02-01,12:00:00,58,32,26,FMN GV 03 Hove
46,Statielei 16,2020-02-01,13:00:00,67,37,30,FMN GV 03 Hove
46,Statielei 16,2020-02-01,14:00:00,58,33,25,FMN GV 03 Hove
46,Statielei 16,2020-02-01,15:00:00,74,48,26,FMN GV 03 Hove
46,Statielei 16,2020-02-01,16:00:00,62,24,38,FMN GV 03 Hove
46,Statielei 16,2020-02-01,17:00:00,60,30,30,FMN GV 03 Hove
46,Statielei 16,2020-02-01,18:00:00,43,24,19,FMN GV 03 Hove
46,Statielei 16,2020-02-01,19:00:00,39,24,15,FMN GV 03 Hove
46,Statielei 16,2020-02-01,20:00:00,45,27,18,FMN GV 03 Hove
46,Statielei 16,2020-02-01,21:00:00,11,6,5,FMN GV 03 Hove
46,Statielei 16,2020-02-01,22:00:00,29,9,20,FMN GV 03 Hove
46,Statielei 16,2020-02-01,23:00:00,24,8,16,FMN GV 03 Hove
46,Statielei 16,2020-02-02,00:00:00,15,5,10,FMN GV 03 Hove
46,Statielei 16,2020-02-02,01:00:00,20,8,12,FMN GV 03 Hove
46,Statielei 16,2020-02-02,02:00:00,4,1,3,FMN GV 03 Hove
46,Statielei 16,2020-02-02,03:00:00,9,3,6,FMN GV 03 Hove
46,Statielei 16,2020-02-02,04:00:00,10,6,4,FMN GV 03 Hove
46,Statielei 16,2020-02-02,05:00:00,8,5,3,FMN GV 03 Hove
46,Statielei 16,2020-02-02,06:00:00,8,5,3,FMN GV 03 Hove
46,Statielei 16,2020-02-02,07:00:00,8,4,4,FMN GV 03 Hove
46,Statielei 16,2020-02-02,08:00:00,8,2,6,FMN GV 03 Hove
46,Statielei 16,2020-02-02,09:00:00,28,9,19,FMN GV 03 Hove
46,Statielei 16,2020-02-02,10:00:00,11,8,3,FMN GV 03 Hove
46,Statielei 16,2020-02-02,11:00:00,26,14,12,FMN GV 03 Hove
46,Statielei 16,2020-02-02,12:00:00,39,24,15,FMN GV 03 Hove
46,Statielei 16,2020-02-02,13:00:00,60,26,34,FMN GV 03 Hove
46,Statielei 16,2020-02-02,14:00:00,45,22,23,FMN GV 03 Hove
46,Statielei 16,2020-02-02,15:00:00,42,28,14,FMN GV 03 Hove
46,Statielei 16,2020-02-02,16:00:00,47,29,18,FMN GV 03 Hove
46,Statielei 16,2020-02-02,17:00:00,37,18,19,FMN GV 03 Hove
46,Statielei 16,2020-02-02,18:00:00,28,14,14,FMN GV 03 Hove
46,Statielei 16,2020-02-02,19:00:00,18,10,8,FMN GV 03 Hove
46,Statielei 16,2020-02-02,20:00:00,20,13,7,FMN GV 03 Hove
46,Statielei 16,2020-02-02,21:00:00,16,8,8,FMN GV 03 Hove
46,Statielei 16,2020-02-02,22:00:00,18,9,9,FMN GV 03 Hove
46,Statielei 16,2020-02-02,23:00:00,8,1,7,FMN GV 03 Hove
46,Statielei 16,2020-02-03,00:00:00,2,0,2,FMN GV 03 Hove
46,Statielei 16,2020-02-03,01:00:00,4,2,2,FMN GV 03 Hove
46,Statielei 16,2020-02-03,02:00:00,2,1,1,FMN GV 03 Hove
46,Statielei 16,2020-02-03,03:00:00,2,1,1,FMN GV 03 Hove
46,Statielei 16,2020-02-03,04:00:00,11,6,5,FMN GV 03 Hove
46,Statielei 16,2020-02-03,05:00:00,28,19,9,FMN GV 03 Hove
46,Statielei 16,2020-02-03,06:00:00,75,61,14,FMN GV 03 Hove
46,Statielei 16,2020-02-03,07:00:00,254,203,51,FMN GV 03 Hove
46,Statielei 16,2020-02-03,08:00:00,286,236,50,FMN GV 03 Hove
46,Statielei 16,2020-02-03,09:00:00,80,61,19,FMN GV 03 Hove
46,Statielei 16,2020-02-03,10:00:00,56,38,18,FMN GV 03 Hove
46,Statielei 16,2020-02-03,11:00:00,64,41,23,FMN GV 03 Hove
46,Statielei 16,2020-02-03,12:00:00,77,46,31,FMN GV 03 Hove
46,Statielei 16,2020-02-03,13:00:00,65,36,29,FMN GV 03 Hove
46,Statielei 16,2020-02-03,14:00:00,72,34,38,FMN GV 03 Hove
46,Statielei 16,2020-02-03,15:00:00,114,43,71,FMN GV 03 Hove
46,Statielei 16,2020-02-03,16:00:00,216,58,158,FMN GV 03 Hove
46,Statielei 16,2020-02-03,17:00:00,261,67,194,FMN GV 03 Hove
46,Statielei 16,2020-02-03,18:00:00,131,48,83,FMN GV 03 Hove
46,Statielei 16,2020-02-03,19:00:00,64,26,38,FMN GV 03 Hove
46,Statielei 16,2020-02-03,20:00:00,25,10,15,FMN GV 03 Hove
46,Statielei 16,2020-02-03,21:00:00,20,11,9,FMN GV 03 Hove
46,Statielei 16,2020-02-03,22:00:00,20,7,13,FMN GV 03 Hove
46,Statielei 16,2020-02-03,23:00:00,10,3,7,FMN GV 03 Hove
46,Statielei 16,2020-02-04,00:00:00,1,0,1,FMN GV 03 Hove
46,Statielei 16,2020-02-04,01:00:00,1,0,1,FMN GV 03 Hove
46,Statielei 16,2020-02-04,02:00:00,1,1,0,FMN GV 03 Hove
46,Statielei 16,2020-02-04,03:00:00,1,0,1,FMN GV 03 Hove
46,Statielei 16,2020-02-04,04:00:00,13,7,6,FMN GV 03 Hove
46,Statielei 16,2020-02-04,05:00:00,21,16,5,FMN GV 03 Hove
46,Statielei 16,2020-02-04,06:00:00,80,64,16,FMN GV 03 Hove
46,Statielei 16,2020-02-04,07:00:00,248,189,59,FMN GV 03 Hove
46,Statielei 16,2020-02-04,08:00:00,265,229,36,FMN GV 03 Hove
46,Statielei 16,2020-02-04,09:00:00,69,55,14,FMN GV 03 Hove
46,Statielei 16,2020-02-04,10:00:00,43,32,11,FMN GV 03 Hove
46,Statielei 16,2020-02-04,11:00:00,42,25,17,FMN GV 03 Hove
46,Statielei 16,2020-02-04,12:00:00,53,30,23,FMN GV 03 Hove
46,Statielei 16,2020-02-04,13:00:00,39,23,16,FMN GV 03 Hove
46,Statielei 16,2020-02-04,14:00:00,46,16,30,FMN GV 03 Hove
46,Statielei 16,2020-02-04,15:00:00,83,30,53,FMN GV 03 Hove
46,Statielei 16,2020-02-04,16:00:00,164,43,121,FMN GV 03 Hove
46,Statielei 16,2020-02-04,17:00:00,216,60,156,FMN GV 03 Hove
46,Statielei 16,2020-02-04,18:00:00,113,26,87,FMN GV 03 Hove
46,Statielei 16,2020-02-04,19:00:00,49,19,30,FMN GV 03 Hove
46,Statielei 16,2020-02-04,20:00:00,23,9,14,FMN GV 03 Hove
46,Statielei 16,2020-02-04,21:00:00,30,14,16,FMN GV 03 Hove
46,Statielei 16,2020-02-04,22:00:00,22,6,16,FMN GV 03 Hove
46,Statielei 16,2020-02-04,23:00:00,6,3,3,FMN GV 03 Hove
46,Statielei 16,2020-02-05,00:00:00,8,5,3,FMN GV 03 Hove
46,Statielei 16,2020-02-05,01:00:00,1,1,0,FMN GV 03 Hove
46,Statielei 16,2020-02-05,02:00:00,1,1,0,FMN GV 03 Hove
46,Statielei 16,2020-02-05,03:00:00,2,1,1,FMN GV 03 Hove
46,Statielei 16,2020-02-05,04:00:00,10,4,6,FMN GV 03 Hove
46,Statielei 16,2020-02-05,05:00:00,19,14,5,FMN GV 03 Hove
46,Statielei 16,2020-02-05,06:00:00,74,55,19,FMN GV 03 Hove
46,Statielei 16,2020-02-05,07:00:00,268,212,56,FMN GV 03 Hove
46,Statielei 16,2020-02-05,08:00:00,294,230,64,FMN GV 03 Hove
46,Statielei 16,2020-02-05,09:00:00,108,79,29,FMN GV 03 Hove
46,Statielei 16,2020-02-05,10:00:00,78,40,38,FMN GV 03 Hove
46,Statielei 16,2020-02-05,11:00:00,80,44,36,FMN GV 03 Hove
46,Statielei 16,2020-02-05,12:00:00,135,54,81,FMN GV 03 Hove
46,Statielei 16,2020-02-05,13:00:00,131,51,80,FMN GV 03 Hove
46,Statielei 16,2020-02-05,14:00:00,101,48,53,FMN GV 03 Hove
46,Statielei 16,2020-02-05,15:00:00,119,59,60,FMN GV 03 Hove
46,Statielei 16,2020-02-05,16:00:00,185,59,126,FMN GV 03 Hove
46,Statielei 16,2020-02-05,17:00:00,241,79,162,FMN GV 03 Hove
46,Statielei 16,2020-02-05,18:00:00,156,47,109,FMN GV 03 Hove
46,Statielei 16,2020-02-05,19:00:00,73,35,38,FMN GV 03 Hove
46,Statielei 16,2020-02-05,20:00:00,47,28,19,FMN GV 03 Hove
46,Statielei 16,2020-02-05,21:00:00,18,4,14,FMN GV 03 Hove
46,Statielei 16,2020-02-05,22:00:00,28,15,13,FMN GV 03 Hove
46,Statielei 16,2020-02-05,23:00:00,18,8,10,FMN GV 03 Hove
46,Statielei 16,2020-02-06,00:00:00,0,0,0,FMN GV 03 Hove
46,Statielei 16,2020-02-06,01:00:00,1,0,1,FMN GV 03 Hove
46,Statielei 16,2020-02-06,02:00:00,2,1,1,FMN GV 03 Hove
46,Statielei 16,2020-02-06,03:00:00,1,1,0,FMN GV 03 Hove
46,Statielei 16,2020-02-06,04:00:00,11,7,4,FMN GV 03 Hove
46,Statielei 16,2020-02-06,05:00:00,19,13,6,FMN GV 03 Hove
46,Statielei 16,2020-02-06,06:00:00,100,76,24,FMN GV 03 Hove
46,Statielei 16,2020-02-06,07:00:00,265,214,51,FMN GV 03 Hove
46,Statielei 16,2020-02-06,08:00:00,340,293,47,FMN GV 03 Hove
46,Statielei 16,2020-02-06,09:00:00,106,82,24,FMN GV 03 Hove
46,Statielei 16,2020-02-06,10:00:00,63,39,24,FMN GV 03 Hove
46,Statielei 16,2020-02-06,11:00:00,68,43,25,FMN GV 03 Hove
46,Statielei 16,2020-02-06,12:00:00,91,50,41,FMN GV 03 Hove
46,Statielei 16,2020-02-06,13:00:00,110,58,52,FMN GV 03 Hove
46,Statielei 16,2020-02-06,14:00:00,99,44,55,FMN GV 03 Hove
46,Statielei 16,2020-02-06,15:00:00,117,47,70,FMN GV 03 Hove
46,Statielei 16,2020-02-06,16:00:00,233,53,180,FMN GV 03 Hove
46,Statielei 16,2020-02-06,17:00:00,252,76,176,FMN GV 03 Hove
46,Statielei 16,2020-02-06,18:00:00,139,44,95,FMN GV 03 Hove
46,Statielei 16,2020-02-06,19:00:00,64,35,29,FMN GV 03 Hove
46,Statielei 16,2020-02-06,20:00:00,46,18,28,FMN GV 03 Hove
46,Statielei 16,2020-02-06,21:00:00,35,8,27,FMN GV 03 Hove
46,Statielei 16,2020-02-06,22:00:00,37,12,25,FMN GV 03 Hove
46,Statielei 16,2020-02-06,23:00:00,8,5,3,FMN GV 03 Hove
46,Statielei 16,2020-02-07,00:00:00,7,3,4,FMN GV 03 Hove
46,Statielei 16,2020-02-07,01:00:00,6,2,4,FMN GV 03 Hove
46,Statielei 16,2020-02-07,02:00:00,3,1,2,FMN GV 03 Hove
46,Statielei 16,2020-02-07,03:00:00,2,2,0,FMN GV 03 Hove
46,Statielei 16,2020-02-07,04:00:00,16,10,6,FMN GV 03 Hove
46,Statielei 16,2020-02-07,05:00:00,23,17,6,FMN GV 03 Hove
46,Statielei 16,2020-02-07,06:00:00,71,55,16,FMN GV 03 Hove
46,Statielei 16,2020-02-07,07:00:00,224,172,52,FMN GV 03 Hove
46,Statielei 16,2020-02-07,08:00:00,263,223,40,FMN GV 03 Hove
46,Statielei 16,2020-02-07,09:00:00,73,53,20,FMN GV 03 Hove
46,Statielei 16,2020-02-07,10:00:00,76,46,30,FMN GV 03 Hove
46,Statielei 16,2020-02-07,11:00:00,69,39,30,FMN GV 03 Hove
46,Statielei 16,2020-02-07,12:00:00,93,52,41,FMN GV 03 Hove
46,Statielei 16,2020-02-07,13:00:00,117,66,51,FMN GV 03 Hove
46,Statielei 16,2020-02-07,14:00:00,135,62,73,FMN GV 03 Hove
46,Statielei 16,2020-02-07,15:00:00,167,56,111,FMN GV 03 Hove
46,Statielei 16,2020-02-07,16:00:00,231,75,156,FMN GV 03 Hove
46,Statielei 16,2020-02-07,17:00:00,236,76,160,FMN GV 03 Hove
46,Statielei 16,2020-02-07,18:00:00,101,50,51,FMN GV 03 Hove
46,Statielei 16,2020-02-07,19:00:00,67,32,35,FMN GV 03 Hove
46,Statielei 16,2020-02-07,20:00:00,69,37,32,FMN GV 03 Hove
46,Statielei 16,2020-02-07,21:00:00,27,14,13,FMN GV 03 Hove
46,Statielei 16,2020-02-07,22:00:00,17,9,8,FMN GV 03 Hove
46,Statielei 16,2020-02-07,23:00:00,28,16,12,FMN GV 03 Hove
46,Statielei 16,2020-02-08,00:00:00,13,4,9,FMN GV 03 Hove
46,Statielei 16,2020-02-08,01:00:00,12,4,8,FMN GV 03 Hove
46,Statielei 16,2020-02-08,02:00:00,17,5,12,FMN GV 03 Hove
46,Statielei 16,2020-02-08,03:00:00,11,4,7,FMN GV 03 Hove
46,Statielei 16,2020-02-08,04:00:00,11,5,6,FMN GV 03 Hove
46,Statielei 16,2020-02-08,05:00:00,4,3,1,FMN GV 03 Hove
46,Statielei 16,2020-02-08,06:00:00,15,9,6,FMN GV 03 Hove
46,Statielei 16,2020-02-08,07:00:00,13,7,6,FMN GV 03 Hove
46,Statielei 16,2020-02-08,08:00:00,23,11,12,FMN GV 03 Hove
46,Statielei 16,2020-02-08,09:00:00,76,37,39,FMN GV 03 Hove
46,Statielei 16,2020-02-08,10:00:00,83,41,42,FMN GV 03 Hove
46,Statielei 16,2020-02-08,11:00:00,97,60,37,FMN GV 03 Hove
46,Statielei 16,2020-02-08,12:00:00,82,50,32,FMN GV 03 Hove
46,Statielei 16,2020-02-08,13:00:00,79,54,25,FMN GV 03 Hove
46,Statielei 16,2020-02-08,14:00:00,49,26,23,FMN GV 03 Hove
46,Statielei 16,2020-02-08,15:00:00,40,23,17,FMN GV 03 Hove
46,Statielei 16,2020-02-08,16:00:00,24,12,12,FMN GV 03 Hove
46,Statielei 16,2020-02-08,17:00:00,30,10,20,FMN GV 03 Hove
46,Statielei 16,2020-02-08,18:00:00,37,20,17,FMN GV 03 Hove
46,Statielei 16,2020-02-08,19:00:00,22,14,8,FMN GV 03 Hove
46,Statielei 16,2020-02-08,20:00:00,20,9,11,FMN GV 03 Hove
46,Statielei 16,2020-02-08,21:00:00,13,6,7,FMN GV 03 Hove
46,Statielei 16,2020-02-08,22:00:00,13,6,7,FMN GV 03 Hove
46,Statielei 16,2020-02-08,23:00:00,11,2,9,FMN GV 03 Hove
46,Statielei 16,2020-02-09,00:00:00,7,2,5,FMN GV 03 Hove
46,Statielei 16,2020-02-09,01:00:00,9,5,4,FMN GV 03 Hove
46,Statielei 16,2020-02-09,02:00:00,7,3,4,FMN GV 03 Hove
46,Statielei 16,2020-02-09,03:00:00,5,1,4,FMN GV 03 Hove
46,Statielei 16,2020-02-09,04:00:00,7,5,2,FMN GV 03 Hove
46,Statielei 16,2020-02-09,05:00:00,3,1,2,FMN GV 03 Hove
46,Statielei 16,2020-02-09,06:00:00,8,3,5,FMN GV 03 Hove
46,Statielei 16,2020-02-09,07:00:00,4,1,3,FMN GV 03 Hove
46,Statielei 16,2020-02-09,08:00:00,5,3,2,FMN GV 03 Hove
46,Statielei 16,2020-02-09,09:00:00,22,8,14,FMN GV 03 Hove
46,Statielei 16,2020-02-09,10:00:00,12,8,4,FMN GV 03 Hove
46,Statielei 16,2020-02-09,11:00:00,17,9,8,FMN GV 03 Hove
46,Statielei 16,2020-02-09,12:00:00,12,8,4,FMN GV 03 Hove
46,Statielei 16,2020-02-09,13:00:00,8,4,4,FMN GV 03 Hove
46,Statielei 16,2020-02-09,14:00:00,8,6,2,FMN GV 03 Hove
46,Statielei 16,2020-02-09,15:00:00,6,4,2,FMN GV 03 Hove
46,Statielei 16,2020-02-09,16:00:00,1,0,1,FMN GV 03 Hove
46,Statielei 16,2020-02-09,17:00:00,4,2,2,FMN GV 03 Hove
46,Statielei 16,2020-02-09,18:00:00,5,3,2,FMN GV 03 Hove
46,Statielei 16,2020-02-09,19:00:00,8,6,2,FMN GV 03 Hove
46,Statielei 16,2020-02-09,20:00:00,6,2,4,FMN GV 03 Hove
46,Statielei 16,2020-02-09,21:00:00,2,1,1,FMN GV 03 Hove
46,Statielei 16,2020-02-09,22:00:00,3,2,1,FMN GV 03 Hove
46,Statielei 16,2020-02-09,23:00:00,4,2,2,FMN GV 03 Hove
46,Statielei 16,2020-02-10,00:00:00,0,0,0,FMN GV 03 Hove
46,Statielei 16,2020-02-10,01:00:00,1,0,1,FMN GV 03 Hove
46,Statielei 16,2020-02-10,02:00:00,0,0,0,FMN GV 03 Hove
46,Statielei 16,2020-02-10,03:00:00,0,0,0,FMN GV 03 Hove
46,Statielei 16,2020-02-10,04:00:00,6,4,2,FMN GV 03 Hove
46,Statielei 16,2020-02-10,05:00:00,6,4,2,FMN GV 03 Hove
46,Statielei 16,2020-02-10,06:00:00,31,28,3,FMN GV 03 Hove
46,Statielei 16,2020-02-10,07:00:00,106,95,11,FMN GV 03 Hove
46,Statielei 16,2020-02-10,08:00:00,158,133,25,FMN GV 03 Hove
46,Statielei 16,2020-02-10,09:00:00,43,36,7,FMN GV 03 Hove
46,Statielei 16,2020-02-10,10:00:00,20,11,9,FMN GV 03 Hove
46,Statielei 16,2020-02-10,11:00:00,26,16,10,FMN GV 03 Hove
46,Statielei 16,2020-02-10,12:00:00,44,25,19,FMN GV 03 Hove
46,Statielei 16,2020-02-10,13:00:00,46,32,14,FMN GV 03 Hove
46,Statielei 16,2020-02-10,14:00:00,31,16,15,FMN GV 03 Hove
46,Statielei 16,2020-02-10,15:00:00,47,14,33,FMN GV 03 Hove
46,Statielei 16,2020-02-10,16:00:00,97,25,72,FMN GV 03 Hove
46,Statielei 16,2020-02-10,17:00:00,114,29,85,FMN GV 03 Hove
46,Statielei 16,2020-02-10,18:00:00,67,18,49,FMN GV 03 Hove
46,Statielei 16,2020-02-10,19:00:00,36,15,21,FMN GV 03 Hove
46,Statielei 16,2020-02-10,20:00:00,25,9,16,FMN GV 03 Hove
46,Statielei 16,2020-02-10,21:00:00,16,6,10,FMN GV 03 Hove
46,Statielei 16,2020-02-10,22:00:00,15,8,7,FMN GV 03 Hove
46,Statielei 16,2020-02-10,23:00:00,2,0,2,FMN GV 03 Hove
46,Statielei 16,2020-02-11,00:00:00,3,2,1,FMN GV 03 Hove
46,Statielei 16,2020-02-11,01:00:00,0,0,0,FMN GV 03 Hove
46,Statielei 16,2020-02-11,02:00:00,1,1,0,FMN GV 03 Hove
46,Statielei 16,2020-02-11,03:00:00,1,1,0,FMN GV 03 Hove
46,Statielei 16,2020-02-11,04:00:00,10,6,4,FMN GV 03 Hove
46,Statielei 16,2020-02-11,05:00:00,13,10,3,FMN GV 03 Hove
46,Statielei 16,2020-02-11,06:00:00,62,52,10,FMN GV 03 Hove
46,Statielei 16,2020-02-11,07:00:00,239,193,46,FMN GV 03 Hove
46,Statielei 16,2020-02-11,08:00:00,257,214,43,FMN GV 03 Hove
46,Statielei 16,2020-02-11,09:00:00,96,73,23,FMN GV 03 Hove
46,Statielei 16,2020-02-11,10:00:00,44,32,12,FMN GV 03 Hove
46,Statielei 16,2020-02-11,11:00:00,61,38,23,FMN GV 03 Hove
46,Statielei 16,2020-02-11,12:00:00,54,29,25,FMN GV 03 Hove
46,Statielei 16,2020-02-11,13:00:00,61,33,28,FMN GV 03 Hove
46,Statielei 16,2020-02-11,14:00:00,43,12,31,FMN GV 03 Hove
46,Statielei 16,2020-02-11,15:00:00,97,35,62,FMN GV 03 Hove
46,Statielei 16,2020-02-11,16:00:00,159,37,122,FMN GV 03 Hove
46,Statielei 16,2020-02-11,17:00:00,203,54,149,FMN GV 03 Hove
46,Statielei 16,2020-02-11,18:00:00,130,36,94,FMN GV 03 Hove
46,Statielei 16,2020-02-11,19:00:00,47,19,28,FMN GV 03 Hove
46,Statielei 16,2020-02-11,20:00:00,37,20,17,FMN GV 03 Hove
46,Statielei 16,2020-02-11,21:00:00,28,10,18,FMN GV 03 Hove
46,Statielei 16,2020-02-11,22:00:00,37,18,19,FMN GV 03 Hove
46,Statielei 16,2020-02-11,23:00:00,12,2,10,FMN GV 03 Hove
46,Statielei 16,2020-02-12,00:00:00,4,1,3,FMN GV 03 Hove
46,Statielei 16,2020-02-12,01:00:00,1,0,1,FMN GV 03 Hove
46,Statielei 16,2020-02-12,02:00:00,3,2,1,FMN GV 03 Hove
46,Statielei 16,2020-02-12,03:00:00,1,0,1,FMN GV 03 Hove
46,Statielei 16,2020-02-12,04:00:00,12,7,5,FMN GV 03 Hove
46,Statielei 16,2020-02-12,05:00:00,15,9,6,FMN GV 03 Hove
46,Statielei 16,2020-02-12,06:00:00,72,52,20,FMN GV 03 Hove
46,Statielei 16,2020-02-12,07:00:00,251,203,48,FMN GV 03 Hove
46,Statielei 16,2020-02-12,08:00:00,281,234,47,FMN GV 03 Hove
46,Statielei 16,2020-02-12,09:00:00,117,94,23,FMN GV 03 Hove
46,Statielei 16,2020-02-12,10:00:00,88,56,32,FMN GV 03 Hove
46,Statielei 16,2020-02-12,11:00:00,108,49,59,FMN GV 03 Hove
46,Statielei 16,2020-02-12,12:00:00,152,53,99,FMN GV 03 Hove
46,Statielei 16,2020-02-12,13:00:00,117,54,63,FMN GV 03 Hove
46,Statielei 16,2020-02-12,14:00:00,76,35,41,FMN GV 03 Hove
46,Statielei 16,2020-02-12,15:00:00,107,39,68,FMN GV 03 Hove
46,Statielei 16,2020-02-12,16:00:00,159,54,105,FMN GV 03 Hove
46,Statielei 16,2020-02-12,17:00:00,228,71,157,FMN GV 03 Hove
46,Statielei 16,2020-02-12,18:00:00,135,44,91,FMN GV 03 Hove
46,Statielei 16,2020-02-12,19:00:00,64,29,35,FMN GV 03 Hove
46,Statielei 16,2020-02-12,20:00:00,40,22,18,FMN GV 03 Hove
46,Statielei 16,2020-02-12,21:00:00,28,17,11,FMN GV 03 Hove
46,Statielei 16,2020-02-12,22:00:00,30,14,16,FMN GV 03 Hove
46,Statielei 16,2020-02-12,23:00:00,14,7,7,FMN GV 03 Hove
46,Statielei 16,2020-02-13,00:00:00,5,1,4,FMN GV 03 Hove
46,Statielei 16,2020-02-13,01:00:00,1,0,1,FMN GV 03 Hove
46,Statielei 16,2020-02-13,02:00:00,3,2,1,FMN GV 03 Hove
46,Statielei 16,2020-02-13,03:00:00,0,0,0,FMN GV 03 Hove
46,Statielei 16,2020-02-13,04:00:00,6,4,2,FMN GV 03 Hove
46,Statielei 16,2020-02-13,05:00:00,14,11,3,FMN GV 03 Hove
46,Statielei 16,2020-02-13,06:00:00,66,47,19,FMN GV 03 Hove
46,Statielei 16,2020-02-13,07:00:00,165,132,33,FMN GV 03 Hove
46,Statielei 16,2020-02-13,08:00:00,195,177,18,FMN GV 03 Hove
46,Statielei 16,2020-02-13,09:00:00,46,38,8,FMN GV 03 Hove
46,Statielei 16,2020-02-13,10:00:00,27,18,9,FMN GV 03 Hove
46,Statielei 16,2020-02-13,11:00:00,20,14,6,FMN GV 03 Hove
46,Statielei 16,2020-02-13,12:00:00,36,16,20,FMN GV 03 Hove
46,Statielei 16,2020-02-13,13:00:00,41,27,14,FMN GV 03 Hove
46,Statielei 16,2020-02-13,14:00:00,35,16,19,FMN GV 03 Hove
46,Statielei 16,2020-02-13,15:00:00,78,32,46,FMN GV 03 Hove
46,Statielei 16,2020-02-13,16:00:00,132,28,104,FMN GV 03 Hove
46,Statielei 16,2020-02-13,17:00:00,159,43,116,FMN GV 03 Hove
46,Statielei 16,2020-02-13,18:00:00,85,27,58,FMN GV 03 Hove
46,Statielei 16,2020-02-13,19:00:00,42,20,22,FMN GV 03 Hove
46,Statielei 16,2020-02-13,20:00:00,33,19,14,FMN GV 03 Hove
46,Statielei 16,2020-02-13,21:00:00,22,12,10,FMN GV 03 Hove
46,Statielei 16,2020-02-13,22:00:00,27,8,19,FMN GV 03 Hove
46,Statielei 16,2020-02-13,23:00:00,17,3,14,FMN GV 03 Hove
46,Statielei 16,2020-02-14,00:00:00,6,5,1,FMN GV 03 Hove
46,Statielei 16,2020-02-14,01:00:00,6,2,4,FMN GV 03 Hove
46,Statielei 16,2020-02-14,02:00:00,4,1,3,FMN GV 03 Hove
46,Statielei 16,2020-02-14,03:00:00,3,1,2,FMN GV 03 Hove
46,Statielei 16,2020-02-14,04:00:00,6,3,3,FMN GV 03 Hove
46,Statielei 16,2020-02-14,05:00:00,15,8,7,FMN GV 03 Hove
46,Statielei 16,2020-02-14,06:00:00,69,49,20,FMN GV 03 Hove
46,Statielei 16,2020-02-14,07:00:00,256,206,50,FMN GV 03 Hove
46,Statielei 16,2020-02-14,08:00:00,288,234,54,FMN GV 03 Hove
46,Statielei 16,2020-02-14,09:00:00,80,59,21,FMN GV 03 Hove
46,Statielei 16,2020-02-14,10:00:00,45,29,16,FMN GV 03 Hove
46,Statielei 16,2020-02-14,11:00:00,75,36,39,FMN GV 03 Hove
46,Statielei 16,2020-02-14,12:00:00,85,46,39,FMN GV 03 Hove
46,Statielei 16,2020-02-14,13:00:00,113,54,59,FMN GV 03 Hove
46,Statielei 16,2020-02-14,14:00:00,113,54,59,FMN GV 03 Hove
46,Statielei 16,2020-02-14,15:00:00,151,54,97,FMN GV 03 Hove
46,Statielei 16,2020-02-14,16:00:00,238,84,154,FMN GV 03 Hove
46,Statielei 16,2020-02-14,17:00:00,229,76,153,FMN GV 03 Hove
46,Statielei 16,2020-02-14,18:00:00,126,49,77,FMN GV 03 Hove
46,Statielei 16,2020-02-14,19:00:00,66,32,34,FMN GV 03 Hove
46,Statielei 16,2020-02-14,20:00:00,50,26,24,FMN GV 03 Hove
46,Statielei 16,2020-02-14,21:00:00,55,19,36,FMN GV 03 Hove
46,Statielei 16,2020-02-14,22:00:00,44,18,26,FMN GV 03 Hove
46,Statielei 16,2020-02-14,23:00:00,25,8,17,FMN GV 03 Hove
46,Statielei 16,2020-02-15,00:00:00,27,10,17,FMN GV 03 Hove
46,Statielei 16,2020-02-15,01:00:00,27,18,9,FMN GV 03 Hove
46,Statielei 16,2020-02-15,02:00:00,35,19,16,FMN GV 03 Hove
46,Statielei 16,2020-02-15,03:00:00,10,5,5,FMN GV 03 Hove
46,Statielei 16,2020-02-15,04:00:00,5,1,4,FMN GV 03 Hove
46,Statielei 16,2020-02-15,05:00:00,5,3,2,FMN GV 03 Hove
46,Statielei 16,2020-02-15,06:00:00,11,6,5,FMN GV 03 Hove
46,Statielei 16,2020-02-15,07:00:00,11,5,6,FMN GV 03 Hove
46,Statielei 16,2020-02-15,08:00:00,39,20,19,FMN GV 03 Hove
46,Statielei 16,2020-02-15,09:00:00,59,36,23,FMN GV 03 Hove
46,Statielei 16,2020-02-15,10:00:00,103,55,48,FMN GV 03 Hove
46,Statielei 16,2020-02-15,11:00:00,85,52,33,FMN GV 03 Hove
46,Statielei 16,2020-02-15,12:00:00,100,57,43,FMN GV 03 Hove
46,Statielei 16,2020-02-15,13:00:00,111,67,44,FMN GV 03 Hove
46,Statielei 16,2020-02-15,14:00:00,102,52,50,FMN GV 03 Hove
46,Statielei 16,2020-02-15,15:00:00,87,46,41,FMN GV 03 Hove
46,Statielei 16,2020-02-15,16:00:00,79,43,36,FMN GV 03 Hove
46,Statielei 16,2020-02-15,17:00:00,72,31,41,FMN GV 03 Hove
46,Statielei 16,2020-02-15,18:00:00,60,33,27,FMN GV 03 Hove
46,Statielei 16,2020-02-15,19:00:00,29,18,11,FMN GV 03 Hove
46,Statielei 16,2020-02-15,20:00:00,30,13,17,FMN GV 03 Hove
46,Statielei 16,2020-02-15,21:00:00,20,7,13,FMN GV 03 Hove
46,Statielei 16,2020-02-15,22:00:00,20,6,14,FMN GV 03 Hove
46,Statielei 16,2020-02-15,23:00:00,14,10,4,FMN GV 03 Hove
46,Statielei 16,2020-02-16,00:00:00,18,4,14,FMN GV 03 Hove
46,Statielei 16,2020-02-16,01:00:00,13,5,8,FMN GV 03 Hove
46,Statielei 16,2020-02-16,02:00:00,8,4,4,FMN GV 03 Hove
46,Statielei 16,2020-02-16,03:00:00,6,1,5,FMN GV 03 Hove
46,Statielei 16,2020-02-16,04:00:00,4,4,0,FMN GV 03 Hove
46,Statielei 16,2020-02-16,05:00:00,2,1,1,FMN GV 03 Hove
46,Statielei 16,2020-02-16,06:00:00,6,1,5,FMN GV 03 Hove
46,Statielei 16,2020-02-16,07:00:00,11,6,5,FMN GV 03 Hove
46,Statielei 16,2020-02-16,08:00:00,11,1,10,FMN GV 03 Hove
46,Statielei 16,2020-02-16,09:00:00,12,8,4,FMN GV 03 Hove
46,Statielei 16,2020-02-16,10:00:00,17,9,8,FMN GV 03 Hove
46,Statielei 16,2020-02-16,11:00:00,23,7,16,FMN GV 03 Hove
46,Statielei 16,2020-02-16,12:00:00,27,11,16,FMN GV 03 Hove
46,Statielei 16,2020-02-16,13:00:00,28,14,14,FMN GV 03 Hove
46,Statielei 16,2020-02-16,14:00:00,27,15,12,FMN GV 03 Hove
46,Statielei 16,2020-02-16,15:00:00,20,13,7,FMN GV 03 Hove
46,Statielei 16,2020-02-16,16:00:00,7,2,5,FMN GV 03 Hove
46,Statielei 16,2020-02-16,17:00:00,15,9,6,FMN GV 03 Hove
46,Statielei 16,2020-02-16,18:00:00,12,7,5,FMN GV 03 Hove
46,Statielei 16,2020-02-16,19:00:00,6,3,3,FMN GV 03 Hove
46,Statielei 16,2020-02-16,20:00:00,7,6,1,FMN GV 03 Hove
46,Statielei 16,2020-02-16,21:00:00,5,4,1,FMN GV 03 Hove
46,Statielei 16,2020-02-16,22:00:00,7,2,5,FMN GV 03 Hove
46,Statielei 16,2020-02-16,23:00:00,4,2,2,FMN GV 03 Hove
46,Statielei 16,2020-02-17,00:00:00,0,0,0,FMN GV 03 Hove
46,Statielei 16,2020-02-17,01:00:00,1,0,1,FMN GV 03 Hove
46,Statielei 16,2020-02-17,02:00:00,0,0,0,FMN GV 03 Hove
46,Statielei 16,2020-02-17,03:00:00,0,0,0,FMN GV 03 Hove
46,Statielei 16,2020-02-17,04:00:00,8,4,4,FMN GV 03 Hove
46,Statielei 16,2020-02-17,05:00:00,23,16,7,FMN GV 03 Hove
46,Statielei 16,2020-02-17,06:00:00,74,59,15,FMN GV 03 Hove
46,Statielei 16,2020-02-17,07:00:00,243,201,42,FMN GV 03 Hove
46,Statielei 16,2020-02-17,08:00:00,292,241,51,FMN GV 03 Hove
46,Statielei 16,2020-02-17,09:00:00,84,62,22,FMN GV 03 Hove
46,Statielei 16,2020-02-17,10:00:00,50,30,20,FMN GV 03 Hove
46,Statielei 16,2020-02-17,11:00:00,58,34,24,FMN GV 03 Hove
46,Statielei 16,2020-02-17,12:00:00,61,34,27,FMN GV 03 Hove
46,Statielei 16,2020-02-17,13:00:00,60,33,27,FMN GV 03 Hove
46,Statielei 16,2020-02-17,14:00:00,51,23,28,FMN GV 03 Hove
46,Statielei 16,2020-02-17,15:00:00,82,31,51,FMN GV 03 Hove
46,Statielei 16,2020-02-17,16:00:00,171,35,136,FMN GV 03 Hove
46,Statielei 16,2020-02-17,17:00:00,220,52,168,FMN GV 03 Hove
46,Statielei 16,2020-02-17,18:00:00,138,37,101,FMN GV 03 Hove
46,Statielei 16,2020-02-17,19:00:00,53,22,31,FMN GV 03 Hove
46,Statielei 16,2020-02-17,20:00:00,36,16,20,FMN GV 03 Hove
46,Statielei 16,2020-02-17,21:00:00,25,12,13,FMN GV 03 Hove
46,Statielei 16,2020-02-17,22:00:00,16,6,10,FMN GV 03 Hove
46,Statielei 16,2020-02-17,23:00:00,7,3,4,FMN GV 03 Hove
46,Statielei 16,2020-02-18,00:00:00,3,1,2,FMN GV 03 Hove
46,Statielei 16,2020-02-18,01:00:00,1,0,1,FMN GV 03 Hove
46,Statielei 16,2020-02-18,02:00:00,2,1,1,FMN GV 03 Hove
46,Statielei 16,2020-02-18,03:00:00,2,0,2,FMN GV 03 Hove
46,Statielei 16,2020-02-18,04:00:00,7,3,4,FMN GV 03 Hove
46,Statielei 16,2020-02-18,05:00:00,22,16,6,FMN GV 03 Hove
46,Statielei 16,2020-02-18,06:00:00,87,67,20,FMN GV 03 Hove
46,Statielei 16,2020-02-18,07:00:00,290,230,60,FMN GV 03 Hove
46,Statielei 16,2020-02-18,08:00:00,328,265,63,FMN GV 03 Hove
46,Statielei 16,2020-02-18,09:00:00,103,72,31,FMN GV 03 Hove
46,Statielei 16,2020-02-18,10:00:00,51,39,12,FMN GV 03 Hove
46,Statielei 16,2020-02-18,11:00:00,58,33,25,FMN GV 03 Hove
46,Statielei 16,2020-02-18,12:00:00,73,40,33,FMN GV 03 Hove
46,Statielei 16,2020-02-18,13:00:00,76,47,29,FMN GV 03 Hove
46,Statielei 16,2020-02-18,14:00:00,64,22,42,FMN GV 03 Hove
46,Statielei 16,2020-02-18,15:00:00,114,48,66,FMN GV 03 Hove
46,Statielei 16,2020-02-18,16:00:00,223,76,147,FMN GV 03 Hove
46,Statielei 16,2020-02-18,17:00:00,280,85,195,FMN GV 03 Hove
46,Statielei 16,2020-02-18,18:00:00,160,52,108,FMN GV 03 Hove
46,Statielei 16,2020-02-18,19:00:00,68,23,45,FMN GV 03 Hove
46,Statielei 16,2020-02-18,20:00:00,26,11,15,FMN GV 03 Hove
46,Statielei 16,2020-02-18,21:00:00,30,16,14,FMN GV 03 Hove
46,Statielei 16,2020-02-18,22:00:00,36,15,21,FMN GV 03 Hove
46,Statielei 16,2020-02-18,23:00:00,16,5,11,FMN GV 03 Hove
46,Statielei 16,2020-02-19,00:00:00,3,1,2,FMN GV 03 Hove
46,Statielei 16,2020-02-19,01:00:00,1,0,1,FMN GV 03 Hove
46,Statielei 16,2020-02-19,02:00:00,2,1,1,FMN GV 03 Hove
46,Statielei 16,2020-02-19,03:00:00,1,1,0,FMN GV 03 Hove
46,Statielei 16,2020-02-19,04:00:00,11,6,5,FMN GV 03 Hove
46,Statielei 16,2020-02-19,05:00:00,20,14,6,FMN GV 03 Hove
46,Statielei 16,2020-02-19,06:00:00,74,60,14,FMN GV 03 Hove
46,Statielei 16,2020-02-19,07:00:00,256,208,48,FMN GV 03 Hove
46,Statielei 16,2020-02-19,08:00:00,305,241,64,FMN GV 03 Hove
46,Statielei 16,2020-02-19,09:00:00,126,94,32,FMN GV 03 Hove
46,Statielei 16,2020-02-19,10:00:00,92,63,29,FMN GV 03 Hove
46,Statielei 16,2020-02-19,11:00:00,90,35,55,FMN GV 03 Hove
46,Statielei 16,2020-02-19,12:00:00,163,62,101,FMN GV 03 Hove
46,Statielei 16,2020-02-19,13:00:00,107,41,66,FMN GV 03 Hove
46,Statielei 16,2020-02-19,14:00:00,99,39,60,FMN GV 03 Hove
46,Statielei 16,2020-02-19,15:00:00,91,39,52,FMN GV 03 Hove
46,Statielei 16,2020-02-19,16:00:00,187,69,118,FMN GV 03 Hove
46,Statielei 16,2020-02-19,17:00:00,239,70,169,FMN GV 03 Hove
46,Statielei 16,2020-02-19,18:00:00,173,54,119,FMN GV 03 Hove
46,Statielei 16,2020-02-19,19:00:00,61,26,35,FMN GV 03 Hove
46,Statielei 16,2020-02-19,20:00:00,38,21,17,FMN GV 03 Hove
46,Statielei 16,2020-02-19,21:00:00,21,4,17,FMN GV 03 Hove
46,Statielei 16,2020-02-19,22:00:00,40,15,25,FMN GV 03 Hove
46,Statielei 16,2020-02-19,23:00:00,15,6,9,FMN GV 03 Hove
46,Statielei 16,2020-02-20,00:00:00,5,5,0,FMN GV 03 Hove
46,Statielei 16,2020-02-20,01:00:00,0,0,0,FMN GV 03 Hove
46,Statielei 16,2020-02-20,02:00:00,1,1,0,FMN GV 03 Hove
46,Statielei 16,2020-02-20,03:00:00,0,0,0,FMN GV 03 Hove
46,Statielei 16,2020-02-20,04:00:00,9,6,3,FMN GV 03 Hove
46,Statielei 16,2020-02-20,05:00:00,25,18,7,FMN GV 03 Hove
46,Statielei 16,2020-02-20,06:00:00,80,63,17,FMN GV 03 Hove
46,Statielei 16,2020-02-20,07:00:00,260,216,44,FMN GV 03 Hove
46,Statielei 16,2020-02-20,08:00:00,303,242,61,FMN GV 03 Hove
46,Statielei 16,2020-02-20,09:00:00,91,71,20,FMN GV 03 Hove
46,Statielei 16,2020-02-20,10:00:00,44,31,13,FMN GV 03 Hove
46,Statielei 16,2020-02-20,11:00:00,63,39,24,FMN GV 03 Hove
46,Statielei 16,2020-02-20,12:00:00,56,33,23,FMN GV 03 Hove
46,Statielei 16,2020-02-20,13:00:00,78,45,33,FMN GV 03 Hove
46,Statielei 16,2020-02-20,14:00:00,58,35,23,FMN GV 03 Hove
46,Statielei 16,2020-02-20,15:00:00,89,24,65,FMN GV 03 Hove
46,Statielei 16,2020-02-20,16:00:00,215,55,160,FMN GV 03 Hove
46,Statielei 16,2020-02-20,17:00:00,214,66,148,FMN GV 03 Hove
46,Statielei 16,2020-02-20,18:00:00,131,44,87,FMN GV 03 Hove
46,Statielei 16,2020-02-20,19:00:00,42,12,30,FMN GV 03 Hove
46,Statielei 16,2020-02-20,20:00:00,34,6,28,FMN GV 03 Hove
46,Statielei 16,2020-02-20,21:00:00,15,6,9,FMN GV 03 Hove
46,Statielei 16,2020-02-20,22:00:00,24,9,15,FMN GV 03 Hove
46,Statielei 16,2020-02-20,23:00:00,13,4,9,FMN GV 03 Hove
46,Statielei 16,2020-02-21,00:00:00,8,5,3,FMN GV 03 Hove
46,Statielei 16,2020-02-21,01:00:00,3,0,3,FMN GV 03 Hove
46,Statielei 16,2020-02-21,02:00:00,2,1,1,FMN GV 03 Hove
46,Statielei 16,2020-02-21,03:00:00,2,1,1,FMN GV 03 Hove
46,Statielei 16,2020-02-21,04:00:00,12,7,5,FMN GV 03 Hove
46,Statielei 16,2020-02-21,05:00:00,20,12,8,FMN GV 03 Hove
46,Statielei 16,2020-02-21,06:00:00,72,57,15,FMN GV 03 Hove
46,Statielei 16,2020-02-21,07:00:00,221,186,35,FMN GV 03 Hove
46,Statielei 16,2020-02-21,08:00:00,264,216,48,FMN GV 03 Hove
46,Statielei 16,2020-02-21,09:00:00,103,71,32,FMN GV 03 Hove
46,Statielei 16,2020-02-21,10:00:00,85,50,35,FMN GV 03 Hove
46,Statielei 16,2020-02-21,11:00:00,44,28,16,FMN GV 03 Hove
46,Statielei 16,2020-02-21,12:00:00,89,43,46,FMN GV 03 Hove
46,Statielei 16,2020-02-21,13:00:00,119,65,54,FMN GV 03 Hove
46,Statielei 16,2020-02-21,14:00:00,96,36,60,FMN GV 03 Hove
46,Statielei 16,2020-02-21,15:00:00,145,48,97,FMN GV 03 Hove
46,Statielei 16,2020-02-21,16:00:00,208,58,150,FMN GV 03 Hove
46,Statielei 16,2020-02-21,17:00:00,228,67,161,FMN GV 03 Hove
46,Statielei 16,2020-02-21,18:00:00,119,47,72,FMN GV 03 Hove
46,Statielei 16,2020-02-21,19:00:00,61,33,28,FMN GV 03 Hove
46,Statielei 16,2020-02-21,20:00:00,46,25,21,FMN GV 03 Hove
46,Statielei 16,2020-02-21,21:00:00,38,22,16,FMN GV 03 Hove
46,Statielei 16,2020-02-21,22:00:00,30,7,23,FMN GV 03 Hove
46,Statielei 16,2020-02-21,23:00:00,29,9,20,FMN GV 03 Hove
46,Statielei 16,2020-02-22,00:00:00,18,11,7,FMN GV 03 Hove
46,Statielei 16,2020-02-22,01:00:00,20,4,16,FMN GV 03 Hove
46,Statielei 16,2020-02-22,02:00:00,24,6,18,FMN GV 03 Hove
46,Statielei 16,2020-02-22,03:00:00,18,5,13,FMN GV 03 Hove
46,Statielei 16,2020-02-22,04:00:00,3,2,1,FMN GV 03 Hove
46,Statielei 16,2020-02-22,05:00:00,4,3,1,FMN GV 03 Hove
46,Statielei 16,2020-02-22,06:00:00,7,6,1,FMN GV 03 Hove
46,Statielei 16,2020-02-22,07:00:00,12,4,8,FMN GV 03 Hove
46,Statielei 16,2020-02-22,08:00:00,33,14,19,FMN GV 03 Hove
46,Statielei 16,2020-02-22,09:00:00,52,28,24,FMN GV 03 Hove
46,Statielei 16,2020-02-22,10:00:00,55,33,22,FMN GV 03 Hove
46,Statielei 16,2020-02-22,11:00:00,57,28,29,FMN GV 03 Hove
46,Statielei 16,2020-02-22,12:00:00,90,53,37,FMN GV 03 Hove
46,Statielei 16,2020-02-22,13:00:00,66,35,31,FMN GV 03 Hove
46,Statielei 16,2020-02-22,14:00:00,66,27,39,FMN GV 03 Hove
46,Statielei 16,2020-02-22,15:00:00,44,28,16,FMN GV 03 Hove
46,Statielei 16,2020-02-22,16:00:00,38,22,16,FMN GV 03 Hove
46,Statielei 16,2020-02-22,17:00:00,32,16,16,FMN GV 03 Hove
46,Statielei 16,2020-02-22,18:00:00,27,20,7,FMN GV 03 Hove
46,Statielei 16,2020-02-22,19:00:00,23,13,10,FMN GV 03 Hove
46,Statielei 16,2020-02-22,20:00:00,17,12,5,FMN GV 03 Hove
46,Statielei 16,2020-02-22,21:00:00,12,7,5,FMN GV 03 Hove
46,Statielei 16,2020-02-22,22:00:00,15,6,9,FMN GV 03 Hove
46,Statielei 16,2020-02-22,23:00:00,10,4,6,FMN GV 03 Hove
46,Statielei 16,2020-02-23,00:00:00,8,4,4,FMN GV 03 Hove
46,Statielei 16,2020-02-23,01:00:00,3,0,3,FMN GV 03 Hove
46,Statielei 16,2020-02-23,02:00:00,11,4,7,FMN GV 03 Hove
46,Statielei 16,2020-02-23,03:00:00,11,1,10,FMN GV 03 Hove
46,Statielei 16,2020-02-23,04:00:00,8,5,3,FMN GV 03 Hove
46,Statielei 16,2020-02-23,05:00:00,4,1,3,FMN GV 03 Hove
46,Statielei 16,2020-02-23,06:00:00,6,3,3,FMN GV 03 Hove
46,Statielei 16,2020-02-23,07:00:00,3,0,3,FMN GV 03 Hove
46,Statielei 16,2020-02-23,08:00:00,9,6,3,FMN GV 03 Hove
46,Statielei 16,2020-02-23,09:00:00,10,5,5,FMN GV 03 Hove
46,Statielei 16,2020-02-23,10:00:00,8,6,2,FMN GV 03 Hove
46,Statielei 16,2020-02-23,11:00:00,12,6,6,FMN GV 03 Hove
46,Statielei 16,2020-02-23,12:00:00,17,9,8,FMN GV 03 Hove
46,Statielei 16,2020-02-23,13:00:00,18,10,8,FMN GV 03 Hove
46,Statielei 16,2020-02-23,14:00:00,14,8,6,FMN GV 03 Hove
46,Statielei 16,2020-02-23,15:00:00,10,9,1,FMN GV 03 Hove
46,Statielei 16,2020-02-23,16:00:00,15,5,10,FMN GV 03 Hove
46,Statielei 16,2020-02-23,17:00:00,6,4,2,FMN GV 03 Hove
46,Statielei 16,2020-02-23,18:00:00,14,5,9,FMN GV 03 Hove
46,Statielei 16,2020-02-23,19:00:00,13,5,8,FMN GV 03 Hove
46,Statielei 16,2020-02-23,20:00:00,15,11,4,FMN GV 03 Hove
46,Statielei 16,2020-02-23,21:00:00,10,5,5,FMN GV 03 Hove
46,Statielei 16,2020-02-23,22:00:00,10,7,3,FMN GV 03 Hove
46,Statielei 16,2020-02-23,23:00:00,7,3,4,FMN GV 03 Hove
46,Statielei 16,2020-02-24,00:00:00,2,1,1,FMN GV 03 Hove
46,Statielei 16,2020-02-24,01:00:00,0,0,0,FMN GV 03 Hove
46,Statielei 16,2020-02-24,02:00:00,0,0,0,FMN GV 03 Hove
46,Statielei 16,2020-02-24,03:00:00,1,1,0,FMN GV 03 Hove
46,Statielei 16,2020-02-24,04:00:00,8,3,5,FMN GV 03 Hove
46,Statielei 16,2020-02-24,05:00:00,19,12,7,FMN GV 03 Hove
46,Statielei 16,2020-02-24,06:00:00,64,52,12,FMN GV 03 Hove
46,Statielei 16,2020-02-24,07:00:00,149,116,33,FMN GV 03 Hove
46,Statielei 16,2020-02-24,08:00:00,137,111,26,FMN GV 03 Hove
46,Statielei 16,2020-02-24,09:00:00,49,36,13,FMN GV 03 Hove
46,Statielei 16,2020-02-24,10:00:00,29,25,4,FMN GV 03 Hove
46,Statielei 16,2020-02-24,11:00:00,24,10,14,FMN GV 03 Hove
46,Statielei 16,2020-02-24,12:00:00,34,15,19,FMN GV 03 Hove
46,Statielei 16,2020-02-24,13:00:00,37,17,20,FMN GV 03 Hove
46,Statielei 16,2020-02-24,14:00:00,46,26,20,FMN GV 03 Hove
46,Statielei 16,2020-02-24,15:00:00,53,20,33,FMN GV 03 Hove
46,Statielei 16,2020-02-24,16:00:00,111,34,77,FMN GV 03 Hove
46,Statielei 16,2020-02-24,17:00:00,129,34,95,FMN GV 03 Hove
46,Statielei 16,2020-02-24,18:00:00,102,29,73,FMN GV 03 Hove
46,Statielei 16,2020-02-24,19:00:00,34,10,24,FMN GV 03 Hove
46,Statielei 16,2020-02-24,20:00:00,22,10,12,FMN GV 03 Hove
46,Statielei 16,2020-02-24,21:00:00,17,8,9,FMN GV 03 Hove
46,Statielei 16,2020-02-24,22:00:00,10,4,6,FMN GV 03 Hove
46,Statielei 16,2020-02-24,23:00:00,4,2,2,FMN GV 03 Hove
46,Statielei 16,2020-02-25,00:00:00,3,0,3,FMN GV 03 Hove
46,Statielei 16,2020-02-25,01:00:00,1,1,0,FMN GV 03 Hove
46,Statielei 16,2020-02-25,02:00:00,2,1,1,FMN GV 03 Hove
46,Statielei 16,2020-02-25,03:00:00,0,0,0,FMN GV 03 Hove
46,Statielei 16,2020-02-25,04:00:00,10,5,5,FMN GV 03 Hove
46,Statielei 16,2020-02-25,05:00:00,19,13,6,FMN GV 03 Hove
46,Statielei 16,2020-02-25,06:00:00,70,57,13,FMN GV 03 Hove
46,Statielei 16,2020-02-25,07:00:00,159,117,42,FMN GV 03 Hove
46,Statielei 16,2020-02-25,08:00:00,173,132,41,FMN GV 03 Hove
46,Statielei 16,2020-02-25,09:00:00,93,60,33,FMN GV 03 Hove
46,Statielei 16,2020-02-25,10:00:00,71,41,30,FMN GV 03 Hove
46,Statielei 16,2020-02-25,11:00:00,59,36,23,FMN GV 03 Hove
46,Statielei 16,2020-02-25,12:00:00,72,47,25,FMN GV 03 Hove
46,Statielei 16,2020-02-25,13:00:00,10,5,5,FMN GV 03 Hove
46,Statielei 16,2020-02-25,14:00:00,9,5,4,FMN GV 03 Hove
46,Statielei 16,2020-02-25,15:00:00,16,6,10,FMN GV 03 Hove
46,Statielei 16,2020-02-25,16:00:00,132,43,89,FMN GV 03 Hove
46,Statielei 16,2020-02-25,17:00:00,161,46,115,FMN GV 03 Hove
46,Statielei 16,2020-02-25,18:00:00,110,43,67,FMN GV 03 Hove
46,Statielei 16,2020-02-25,19:00:00,30,8,22,FMN GV 03 Hove
46,Statielei 16,2020-02-25,20:00:00,19,8,11,FMN GV 03 Hove
46,Statielei 16,2020-02-25,21:00:00,20,9,11,FMN GV 03 Hove
46,Statielei 16,2020-02-25,22:00:00,12,7,5,FMN GV 03 Hove
46,Statielei 16,2020-02-25,23:00:00,5,4,1,FMN GV 03 Hove
46,Statielei 16,2020-02-26,00:00:00,3,1,2,FMN GV 03 Hove
46,Statielei 16,2020-02-26,01:00:00,1,0,1,FMN GV 03 Hove
46,Statielei 16,2020-02-26,02:00:00,1,1,0,FMN GV 03 Hove
46,Statielei 16,2020-02-26,03:00:00,1,1,0,FMN GV 03 Hove
46,Statielei 16,2020-02-26,04:00:00,3,3,0,FMN GV 03 Hove
46,Statielei 16,2020-02-26,05:00:00,12,9,3,FMN GV 03 Hove
46,Statielei 16,2020-02-26,06:00:00,34,27,7,FMN GV 03 Hove
46,Statielei 16,2020-02-26,07:00:00,89,67,22,FMN GV 03 Hove
46,Statielei 16,2020-02-26,08:00:00,97,79,18,FMN GV 03 Hove
46,Statielei 16,2020-02-26,09:00:00,51,35,16,FMN GV 03 Hove
46,Statielei 16,2020-02-26,10:00:00,33,20,13,FMN GV 03 Hove
46,Statielei 16,2020-02-26,11:00:00,20,9,11,FMN GV 03 Hove
46,Statielei 16,2020-02-26,12:00:00,23,9,14,FMN GV 03 Hove
46,Statielei 16,2020-02-26,13:00:00,41,20,21,FMN GV 03 Hove
46,Statielei 16,2020-02-26,14:00:00,28,14,14,FMN GV 03 Hove
46,Statielei 16,2020-02-26,15:00:00,36,17,19,FMN GV 03 Hove
46,Statielei 16,2020-02-26,16:00:00,64,17,47,FMN GV 03 Hove
46,Statielei 16,2020-02-26,17:00:00,93,28,65,FMN GV 03 Hove
46,Statielei 16,2020-02-26,18:00:00,76,32,44,FMN GV 03 Hove
46,Statielei 16,2020-02-26,19:00:00,31,12,19,FMN GV 03 Hove
46,Statielei 16,2020-02-26,20:00:00,21,10,11,FMN GV 03 Hove
46,Statielei 16,2020-02-26,21:00:00,17,9,8,FMN GV 03 Hove
46,Statielei 16,2020-02-26,22:00:00,11,6,5,FMN GV 03 Hove
46,Statielei 16,2020-02-26,23:00:00,7,2,5,FMN GV 03 Hove
46,Statielei 16,2020-02-27,00:00:00,3,1,2,FMN GV 03 Hove
46,Statielei 16,2020-02-27,01:00:00,2,1,1,FMN GV 03 Hove
46,Statielei 16,2020-02-27,02:00:00,0,0,0,FMN GV 03 Hove
46,Statielei 16,2020-02-27,03:00:00,2,1,1,FMN GV 03 Hove
46,Statielei 16,2020-02-27,04:00:00,6,4,2,FMN GV 03 Hove
46,Statielei 16,2020-02-27,05:00:00,12,8,4,FMN GV 03 Hove
46,Statielei 16,2020-02-27,06:00:00,45,38,7,FMN GV 03 Hove
46,Statielei 16,2020-02-27,07:00:00,94,79,15,FMN GV 03 Hove
46,Statielei 16,2020-02-27,08:00:00,119,88,31,FMN GV 03 Hove
46,Statielei 16,2020-02-27,09:00:00,58,46,12,FMN GV 03 Hove
46,Statielei 16,2020-02-27,10:00:00,26,19,7,FMN GV 03 Hove
46,Statielei 16,2020-02-27,11:00:00,19,12,7,FMN GV 03 Hove
46,Statielei 16,2020-02-27,12:00:00,22,11,11,FMN GV 03 Hove
46,Statielei 16,2020-02-27,13:00:00,21,15,6,FMN GV 03 Hove
46,Statielei 16,2020-02-27,14:00:00,21,10,11,FMN GV 03 Hove
46,Statielei 16,2020-02-27,15:00:00,35,11,24,FMN GV 03 Hove
46,Statielei 16,2020-02-27,16:00:00,67,15,52,FMN GV 03 Hove
46,Statielei 16,2020-02-27,17:00:00,91,28,63,FMN GV 03 Hove
46,Statielei 16,2020-02-27,18:00:00,69,26,43,FMN GV 03 Hove
46,Statielei 16,2020-02-27,19:00:00,26,7,19,FMN GV 03 Hove
46,Statielei 16,2020-02-27,20:00:00,18,5,13,FMN GV 03 Hove
46,Statielei 16,2020-02-27,21:00:00,16,6,10,FMN GV 03 Hove
46,Statielei 16,2020-02-27,22:00:00,15,7,8,FMN GV 03 Hove
46,Statielei 16,2020-02-27,23:00:00,5,2,3,FMN GV 03 Hove
46,Statielei 16,2020-02-28,00:00:00,3,1,2,FMN GV 03 Hove
46,Statielei 16,2020-02-28,01:00:00,3,0,3,FMN GV 03 Hove
46,Statielei 16,2020-02-28,02:00:00,3,3,0,FMN GV 03 Hove
46,Statielei 16,2020-02-28,03:00:00,1,0,1,FMN GV 03 Hove
46,Statielei 16,2020-02-28,04:00:00,8,3,5,FMN GV 03 Hove
46,Statielei 16,2020-02-28,05:00:00,8,3,5,FMN GV 03 Hove
46,Statielei 16,2020-02-28,06:00:00,35,29,6,FMN GV 03 Hove
46,Statielei 16,2020-02-28,07:00:00,77,61,16,FMN GV 03 Hove
46,Statielei 16,2020-02-28,08:00:00,107,82,25,FMN GV 03 Hove
46,Statielei 16,2020-02-28,09:00:00,55,36,19,FMN GV 03 Hove
46,Statielei 16,2020-02-28,10:00:00,54,33,21,FMN GV 03 Hove
46,Statielei 16,2020-02-28,11:00:00,55,34,21,FMN GV 03 Hove
46,Statielei 16,2020-02-28,12:00:00,63,33,30,FMN GV 03 Hove
46,Statielei 16,2020-02-28,13:00:00,58,35,23,FMN GV 03 Hove
46,Statielei 16,2020-02-28,14:00:00,65,30,35,FMN GV 03 Hove
46,Statielei 16,2020-02-28,15:00:00,48,22,26,FMN GV 03 Hove
46,Statielei 16,2020-02-28,16:00:00,75,24,51,FMN GV 03 Hove
46,Statielei 16,2020-02-28,17:00:00,81,24,57,FMN GV 03 Hove
46,Statielei 16,2020-02-28,18:00:00,51,20,31,FMN GV 03 Hove
46,Statielei 16,2020-02-28,19:00:00,37,18,19,FMN GV 03 Hove
46,Statielei 16,2020-02-28,20:00:00,17,10,7,FMN GV 03 Hove
46,Statielei 16,2020-02-28,21:00:00,26,12,14,FMN GV 03 Hove
46,Statielei 16,2020-02-28,22:00:00,9,6,3,FMN GV 03 Hove
46,Statielei 16,2020-02-28,23:00:00,10,4,6,FMN GV 03 Hove
46,Statielei 16,2020-02-29,00:00:00,9,4,5,FMN GV 03 Hove
46,Statielei 16,2020-02-29,01:00:00,6,2,4,FMN GV 03 Hove
46,Statielei 16,2020-02-29,02:00:00,9,2,7,FMN GV 03 Hove
46,Statielei 16,2020-02-29,03:00:00,7,2,5,FMN GV 03 Hove
46,Statielei 16,2020-02-29,04:00:00,11,3,8,FMN GV 03 Hove
46,Statielei 16,2020-02-29,05:00:00,6,4,2,FMN GV 03 Hove
46,Statielei 16,2020-02-29,06:00:00,9,7,2,FMN GV 03 Hove
46,Statielei 16,2020-02-29,07:00:00,6,3,3,FMN GV 03 Hove
46,Statielei 16,2020-02-29,08:00:00,15,7,8,FMN GV 03 Hove
46,Statielei 16,2020-02-29,09:00:00,48,25,23,FMN GV 03 Hove
46,Statielei 16,2020-02-29,10:00:00,57,34,23,FMN GV 03 Hove
46,Statielei 16,2020-02-29,11:00:00,58,33,25,FMN GV 03 Hove
46,Statielei 16,2020-02-29,12:00:00,56,34,22,FMN GV 03 Hove
46,Statielei 16,2020-02-29,13:00:00,30,17,13,FMN GV 03 Hove
46,Statielei 16,2020-02-29,14:00:00,22,16,6,FMN GV 03 Hove
46,Statielei 16,2020-02-29,15:00:00,23,12,11,FMN GV 03 Hove
46,Statielei 16,2020-02-29,16:00:00,27,13,14,FMN GV 03 Hove
46,Statielei 16,2020-02-29,17:00:00,36,23,13,FMN GV 03 Hove
46,Statielei 16,2020-02-29,18:00:00,30,16,14,FMN GV 03 Hove
46,Statielei 16,2020-02-29,19:00:00,22,14,8,FMN GV 03 Hove
46,Statielei 16,2020-02-29,20:00:00,17,13,4,FMN GV 03 Hove
46,Statielei 16,2020-02-29,21:00:00,10,6,4,FMN GV 03 Hove
46,Statielei 16,2020-02-29,22:00:00,12,4,8,FMN GV 03 Hove
46,Statielei 16,2020-02-29,23:00:00,12,6,6,FMN GV 03 Hove
46,Statielei 16,2020-03-01,00:00:00,6,0,6,FMN GV 03 Hove
46,Statielei 16,2020-03-01,01:00:00,11,2,9,FMN GV 03 Hove
46,Statielei 16,2020-03-01,02:00:00,3,1,2,FMN GV 03 Hove
46,Statielei 16,2020-03-01,03:00:00,1,1,0,FMN GV 03 Hove
46,Statielei 16,2020-03-01,04:00:00,5,3,2,FMN GV 03 Hove
46,Statielei 16,2020-03-01,05:00:00,2,2,0,FMN GV 03 Hove
46,Statielei 16,2020-03-01,06:00:00,8,5,3,FMN GV 03 Hove
46,Statielei 16,2020-03-01,07:00:00,4,1,3,FMN GV 03 Hove
46,Statielei 16,2020-03-01,08:00:00,21,6,15,FMN GV 03 Hove
46,Statielei 16,2020-03-01,09:00:00,57,24,33,FMN GV 03 Hove
46,Statielei 16,2020-03-01,10:00:00,57,26,31,FMN GV 03 Hove
46,Statielei 16,2020-03-01,11:00:00,71,46,25,FMN GV 03 Hove
46,Statielei 16,2020-03-01,12:00:00,60,34,26,FMN GV 03 Hove
46,Statielei 16,2020-03-01,13:00:00,69,42,27,FMN GV 03 Hove
46,Statielei 16,2020-03-01,14:00:00,56,34,22,FMN GV 03 Hove
46,Statielei 16,2020-03-01,15:00:00,45,28,17,FMN GV 03 Hove
46,Statielei 16,2020-03-01,16:00:00,51,25,26,FMN GV 03 Hove
46,Statielei 16,2020-03-01,17:00:00,47,25,22,FMN GV 03 Hove
46,Statielei 16,2020-03-01,18:00:00,33,19,14,FMN GV 03 Hove
46,Statielei 16,2020-03-01,19:00:00,17,6,11,FMN GV 03 Hove
46,Statielei 16,2020-03-01,20:00:00,18,9,9,FMN GV 03 Hove
46,Statielei 16,2020-03-01,21:00:00,10,6,4,FMN GV 03 Hove
46,Statielei 16,2020-03-01,22:00:00,9,7,2,FMN GV 03 Hove
46,Statielei 16,2020-03-01,23:00:00,7,4,3,FMN GV 03 Hove
46,Statielei 16,2020-03-02,00:00:00,4,2,2,FMN GV 03 Hove
46,Statielei 16,2020-03-02,01:00:00,3,0,3,FMN GV 03 Hove
46,Statielei 16,2020-03-02,02:00:00,0,0,0,FMN GV 03 Hove
46,Statielei 16,2020-03-02,03:00:00,0,0,0,FMN GV 03 Hove
46,Statielei 16,2020-03-02,04:00:00,7,5,2,FMN GV 03 Hove
46,Statielei 16,2020-03-02,05:00:00,18,10,8,FMN GV 03 Hove
46,Statielei 16,2020-03-02,06:00:00,64,51,13,FMN GV 03 Hove
46,Statielei 16,2020-03-02,07:00:00,231,192,39,FMN GV 03 Hove
46,Statielei 16,2020-03-02,08:00:00,282,228,54,FMN GV 03 Hove
46,Statielei 16,2020-03-02,09:00:00,66,55,11,FMN GV 03 Hove
46,Statielei 16,2020-03-02,10:00:00,32,26,6,FMN GV 03 Hove
46,Statielei 16,2020-03-02,11:00:00,28,19,9,FMN GV 03 Hove
46,Statielei 16,2020-03-02,12:00:00,40,19,21,FMN GV 03 Hove
46,Statielei 16,2020-03-02,13:00:00,43,21,22,FMN GV 03 Hove
46,Statielei 16,2020-03-02,14:00:00,37,18,19,FMN GV 03 Hove
46,Statielei 16,2020-03-02,15:00:00,95,35,60,FMN GV 03 Hove
46,Statielei 16,2020-03-02,16:00:00,165,38,127,FMN GV 03 Hove
46,Statielei 16,2020-03-02,17:00:00,206,38,168,FMN GV 03 Hove
46,Statielei 16,2020-03-02,18:00:00,99,29,70,FMN GV 03 Hove
46,Statielei 16,2020-03-02,19:00:00,55,17,38,FMN GV 03 Hove
46,Statielei 16,2020-03-02,20:00:00,27,14,13,FMN GV 03 Hove
46,Statielei 16,2020-03-02,21:00:00,14,6,8,FMN GV 03 Hove
46,Statielei 16,2020-03-02,22:00:00,20,7,13,FMN GV 03 Hove
46,Statielei 16,2020-03-02,23:00:00,8,1,7,FMN GV 03 Hove
46,Statielei 16,2020-03-03,00:00:00,3,1,2,FMN GV 03 Hove
46,Statielei 16,2020-03-03,01:00:00,1,0,1,FMN GV 03 Hove
46,Statielei 16,2020-03-03,02:00:00,1,1,0,FMN GV 03 Hove
46,Statielei 16,2020-03-03,03:00:00,0,0,0,FMN GV 03 Hove
46,Statielei 16,2020-03-03,04:00:00,8,5,3,FMN GV 03 Hove
46,Statielei 16,2020-03-03,05:00:00,28,17,11,FMN GV 03 Hove
46,Statielei 16,2020-03-03,06:00:00,75,57,18,FMN GV 03 Hove
46,Statielei 16,2020-03-03,07:00:00,248,206,42,FMN GV 03 Hove
46,Statielei 16,2020-03-03,08:00:00,304,248,56,FMN GV 03 Hove
46,Statielei 16,2020-03-03,09:00:00,121,83,38,FMN GV 03 Hove
46,Statielei 16,2020-03-03,10:00:00,62,41,21,FMN GV 03 Hove
46,Statielei 16,2020-03-03,11:00:00,71,49,22,FMN GV 03 Hove
46,Statielei 16,2020-03-03,12:00:00,80,45,35,FMN GV 03 Hove
46,Statielei 16,2020-03-03,13:00:00,98,52,46,FMN GV 03 Hove
46,Statielei 16,2020-03-03,14:00:00,68,33,35,FMN GV 03 Hove
46,Statielei 16,2020-03-03,15:00:00,104,40,64,FMN GV 03 Hove
46,Statielei 16,2020-03-03,16:00:00,213,47,166,FMN GV 03 Hove
46,Statielei 16,2020-03-03,17:00:00,263,57,206,FMN GV 03 Hove
46,Statielei 16,2020-03-03,18:00:00,147,46,101,FMN GV 03 Hove
46,Statielei 16,2020-03-03,19:00:00,67,28,39,FMN GV 03 Hove
46,Statielei 16,2020-03-03,20:00:00,37,18,19,FMN GV 03 Hove
46,Statielei 16,2020-03-03,21:00:00,32,15,17,FMN GV 03 Hove
46,Statielei 16,2020-03-03,22:00:00,32,11,21,FMN GV 03 Hove
46,Statielei 16,2020-03-03,23:00:00,14,4,10,FMN GV 03 Hove
46,Statielei 16,2020-03-04,00:00:00,4,3,1,FMN GV 03 Hove
46,Statielei 16,2020-03-04,01:00:00,2,0,2,FMN GV 03 Hove
46,Statielei 16,2020-03-04,02:00:00,1,1,0,FMN GV 03 Hove
46,Statielei 16,2020-03-04,03:00:00,0,0,0,FMN GV 03 Hove
46,Statielei 16,2020-03-04,04:00:00,7,3,4,FMN GV 03 Hove
46,Statielei 16,2020-03-04,05:00:00,24,17,7,FMN GV 03 Hove
46,Statielei 16,2020-03-04,06:00:00,82,66,16,FMN GV 03 Hove
46,Statielei 16,2020-03-04,07:00:00,283,220,63,FMN GV 03 Hove
46,Statielei 16,2020-03-04,08:00:00,319,251,68,FMN GV 03 Hove
46,Statielei 16,2020-03-04,09:00:00,142,105,37,FMN GV 03 Hove
46,Statielei 16,2020-03-04,10:00:00,116,64,52,FMN GV 03 Hove
46,Statielei 16,2020-03-04,11:00:00,115,49,66,FMN GV 03 Hove
46,Statielei 16,2020-03-04,12:00:00,180,69,111,FMN GV 03 Hove
46,Statielei 16,2020-03-04,13:00:00,123,53,70,FMN GV 03 Hove
46,Statielei 16,2020-03-04,14:00:00,86,39,47,FMN GV 03 Hove
46,Statielei 16,2020-03-04,15:00:00,84,29,55,FMN GV 03 Hove
46,Statielei 16,2020-03-04,16:00:00,185,54,131,FMN GV 03 Hove
46,Statielei 16,2020-03-04,17:00:00,235,68,167,FMN GV 03 Hove
46,Statielei 16,2020-03-04,18:00:00,162,63,99,FMN GV 03 Hove
46,Statielei 16,2020-03-04,19:00:00,64,26,38,FMN GV 03 Hove
46,Statielei 16,2020-03-04,20:00:00,50,26,24,FMN GV 03 Hove
46,Statielei 16,2020-03-04,21:00:00,34,11,23,FMN GV 03 Hove
46,Statielei 16,2020-03-04,22:00:00,29,10,19,FMN GV 03 Hove
46,Statielei 16,2020-03-04,23:00:00,12,5,7,FMN GV 03 Hove
46,Statielei 16,2020-03-05,00:00:00,1,0,1,FMN GV 03 Hove
46,Statielei 16,2020-03-05,01:00:00,0,0,0,FMN GV 03 Hove
46,Statielei 16,2020-03-05,02:00:00,2,1,1,FMN GV 03 Hove
46,Statielei 16,2020-03-05,03:00:00,1,0,1,FMN GV 03 Hove
46,Statielei 16,2020-03-05,04:00:00,4,3,1,FMN GV 03 Hove
46,Statielei 16,2020-03-05,05:00:00,17,11,6,FMN GV 03 Hove
46,Statielei 16,2020-03-05,06:00:00,57,45,12,FMN GV 03 Hove
46,Statielei 16,2020-03-05,07:00:00,191,164,27,FMN GV 03 Hove
46,Statielei 16,2020-03-05,08:00:00,246,213,33,FMN GV 03 Hove
46,Statielei 16,2020-03-05,09:00:00,68,48,20,FMN GV 03 Hove
46,Statielei 16,2020-03-05,10:00:00,36,28,8,FMN GV 03 Hove
46,Statielei 16,2020-03-05,11:00:00,26,14,12,FMN GV 03 Hove
46,Statielei 16,2020-03-05,12:00:00,39,22,17,FMN GV 03 Hove
46,Statielei 16,2020-03-05,13:00:00,37,18,19,FMN GV 03 Hove
46,Statielei 16,2020-03-05,14:00:00,23,10,13,FMN GV 03 Hove
46,Statielei 16,2020-03-05,15:00:00,55,15,40,FMN GV 03 Hove
46,Statielei 16,2020-03-05,16:00:00,141,24,117,FMN GV 03 Hove
46,Statielei 16,2020-03-05,17:00:00,157,31,126,FMN GV 03 Hove
46,Statielei 16,2020-03-05,18:00:00,98,24,74,FMN GV 03 Hove
46,Statielei 16,2020-03-05,19:00:00,36,13,23,FMN GV 03 Hove
46,Statielei 16,2020-03-05,20:00:00,20,12,8,FMN GV 03 Hove
46,Statielei 16,2020-03-05,21:00:00,15,8,7,FMN GV 03 Hove
46,Statielei 16,2020-03-05,22:00:00,15,6,9,FMN GV 03 Hove
46,Statielei 16,2020-03-05,23:00:00,6,3,3,FMN GV 03 Hove
46,Statielei 16,2020-03-06,00:00:00,1,0,1,FMN GV 03 Hove
46,Statielei 16,2020-03-06,01:00:00,1,0,1,FMN GV 03 Hove
46,Statielei 16,2020-03-06,02:00:00,3,1,2,FMN GV 03 Hove
46,Statielei 16,2020-03-06,03:00:00,2,1,1,FMN GV 03 Hove
46,Statielei 16,2020-03-06,04:00:00,9,6,3,FMN GV 03 Hove
46,Statielei 16,2020-03-06,05:00:00,11,7,4,FMN GV 03 Hove
46,Statielei 16,2020-03-06,06:00:00,54,44,10,FMN GV 03 Hove
46,Statielei 16,2020-03-06,07:00:00,184,159,25,FMN GV 03 Hove
46,Statielei 16,2020-03-06,08:00:00,217,176,41,FMN GV 03 Hove
46,Statielei 16,2020-03-06,09:00:00,80,64,16,FMN GV 03 Hove
46,Statielei 16,2020-03-06,10:00:00,41,29,12,FMN GV 03 Hove
46,Statielei 16,2020-03-06,11:00:00,55,27,28,FMN GV 03 Hove
46,Statielei 16,2020-03-06,12:00:00,79,32,47,FMN GV 03 Hove
46,Statielei 16,2020-03-06,13:00:00,61,33,28,FMN GV 03 Hove
46,Statielei 16,2020-03-06,14:00:00,58,19,39,FMN GV 03 Hove
46,Statielei 16,2020-03-06,15:00:00,82,24,58,FMN GV 03 Hove
46,Statielei 16,2020-03-06,16:00:00,159,47,112,FMN GV 03 Hove
46,Statielei 16,2020-03-06,17:00:00,155,36,119,FMN GV 03 Hove
46,Statielei 16,2020-03-06,18:00:00,68,28,40,FMN GV 03 Hove
46,Statielei 16,2020-03-06,19:00:00,53,28,25,FMN GV 03 Hove
46,Statielei 16,2020-03-06,20:00:00,27,17,10,FMN GV 03 Hove
46,Statielei 16,2020-03-06,21:00:00,32,20,12,FMN GV 03 Hove
46,Statielei 16,2020-03-06,22:00:00,27,9,18,FMN GV 03 Hove
46,Statielei 16,2020-03-06,23:00:00,15,5,10,FMN GV 03 Hove
46,Statielei 16,2020-03-07,00:00:00,12,5,7,FMN GV 03 Hove
46,Statielei 16,2020-03-07,01:00:00,8,1,7,FMN GV 03 Hove
46,Statielei 16,2020-03-07,02:00:00,8,1,7,FMN GV 03 Hove
46,Statielei 16,2020-03-07,03:00:00,4,2,2,FMN GV 03 Hove
46,Statielei 16,2020-03-07,04:00:00,8,5,3,FMN GV 03 Hove
46,Statielei 16,2020-03-07,05:00:00,12,5,7,FMN GV 03 Hove
46,Statielei 16,2020-03-07,06:00:00,15,10,5,FMN GV 03 Hove
46,Statielei 16,2020-03-07,07:00:00,7,2,5,FMN GV 03 Hove
46,Statielei 16,2020-03-07,08:00:00,46,21,25,FMN GV 03 Hove
46,Statielei 16,2020-03-07,09:00:00,74,43,31,FMN GV 03 Hove
46,Statielei 16,2020-03-07,10:00:00,143,70,73,FMN GV 03 Hove
46,Statielei 16,2020-03-07,11:00:00,124,59,65,FMN GV 03 Hove
46,Statielei 16,2020-03-07,12:00:00,118,59,59,FMN GV 03 Hove
46,Statielei 16,2020-03-07,13:00:00,176,96,80,FMN GV 03 Hove
46,Statielei 16,2020-03-07,14:00:00,185,102,83,FMN GV 03 Hove
46,Statielei 16,2020-03-07,15:00:00,137,69,68,FMN GV 03 Hove
46,Statielei 16,2020-03-07,16:00:00,123,71,52,FMN GV 03 Hove
46,Statielei 16,2020-03-07,17:00:00,111,67,44,FMN GV 03 Hove
46,Statielei 16,2020-03-07,18:00:00,53,32,21,FMN GV 03 Hove
46,Statielei 16,2020-03-07,19:00:00,51,34,17,FMN GV 03 Hove
46,Statielei 16,2020-03-07,20:00:00,26,15,11,FMN GV 03 Hove
46,Statielei 16,2020-03-07,21:00:00,29,17,12,FMN GV 03 Hove
46,Statielei 16,2020-03-07,22:00:00,16,4,12,FMN GV 03 Hove
46,Statielei 16,2020-03-07,23:00:00,15,9,6,FMN GV 03 Hove
46,Statielei 16,2020-03-08,00:00:00,21,5,16,FMN GV 03 Hove
46,Statielei 16,2020-03-08,01:00:00,15,4,11,FMN GV 03 Hove
46,Statielei 16,2020-03-08,02:00:00,16,9,7,FMN GV 03 Hove
46,Statielei 16,2020-03-08,03:00:00,4,0,4,FMN GV 03 Hove
46,Statielei 16,2020-03-08,04:00:00,10,6,4,FMN GV 03 Hove
46,Statielei 16,2020-03-08,05:00:00,4,3,1,FMN GV 03 Hove
46,Statielei 16,2020-03-08,06:00:00,7,3,4,FMN GV 03 Hove
46,Statielei 16,2020-03-08,07:00:00,10,4,6,FMN GV 03 Hove
46,Statielei 16,2020-03-08,08:00:00,21,4,17,FMN GV 03 Hove
46,Statielei 16,2020-03-08,09:00:00,66,35,31,FMN GV 03 Hove
46,Statielei 16,2020-03-08,10:00:00,50,21,29,FMN GV 03 Hove
46,Statielei 16,2020-03-08,11:00:00,38,21,17,FMN GV 03 Hove
46,Statielei 16,2020-03-08,12:00:00,42,22,20,FMN GV 03 Hove
46,Statielei 16,2020-03-08,13:00:00,34,17,17,FMN GV 03 Hove
46,Statielei 16,2020-03-08,14:00:00,30,22,8,FMN GV 03 Hove
46,Statielei 16,2020-03-08,15:00:00,26,11,15,FMN GV 03 Hove
46,Statielei 16,2020-03-08,16:00:00,20,9,11,FMN GV 03 Hove
46,Statielei 16,2020-03-08,17:00:00,26,8,18,FMN GV 03 Hove
46,Statielei 16,2020-03-08,18:00:00,18,11,7,FMN GV 03 Hove
46,Statielei 16,2020-03-08,19:00:00,15,10,5,FMN GV 03 Hove
46,Statielei 16,2020-03-08,20:00:00,14,11,3,FMN GV 03 Hove
46,Statielei 16,2020-03-08,21:00:00,4,1,3,FMN GV 03 Hove
46,Statielei 16,2020-03-08,22:00:00,9,7,2,FMN GV 03 Hove
46,Statielei 16,2020-03-08,23:00:00,3,3,0,FMN GV 03 Hove
46,Statielei 16,2020-03-09,00:00:00,6,2,4,FMN GV 03 Hove
46,Statielei 16,2020-03-09,01:00:00,0,0,0,FMN GV 03 Hove
46,Statielei 16,2020-03-09,02:00:00,0,0,0,FMN GV 03 Hove
46,Statielei 16,2020-03-09,03:00:00,0,0,0,FMN GV 03 Hove
46,Statielei 16,2020-03-09,04:00:00,9,6,3,FMN GV 03 Hove
46,Statielei 16,2020-03-09,05:00:00,24,14,10,FMN GV 03 Hove
46,Statielei 16,2020-03-09,06:00:00,72,57,15,FMN GV 03 Hove
46,Statielei 16,2020-03-09,07:00:00,274,216,58,FMN GV 03 Hove
46,Statielei 16,2020-03-09,08:00:00,314,260,54,FMN GV 03 Hove
46,Statielei 16,2020-03-09,09:00:00,104,83,21,FMN GV 03 Hove
46,Statielei 16,2020-03-09,10:00:00,53,35,18,FMN GV 03 Hove
46,Statielei 16,2020-03-09,11:00:00,52,33,19,FMN GV 03 Hove
46,Statielei 16,2020-03-09,12:00:00,68,39,29,FMN GV 03 Hove
46,Statielei 16,2020-03-09,13:00:00,58,37,21,FMN GV 03 Hove
46,Statielei 16,2020-03-09,14:00:00,47,20,27,FMN GV 03 Hove
46,Statielei 16,2020-03-09,15:00:00,100,37,63,FMN GV 03 Hove
46,Statielei 16,2020-03-09,16:00:00,203,40,163,FMN GV 03 Hove
46,Statielei 16,2020-03-09,17:00:00,283,71,212,FMN GV 03 Hove
46,Statielei 16,2020-03-09,18:00:00,150,56,94,FMN GV 03 Hove
46,Statielei 16,2020-03-09,19:00:00,70,28,42,FMN GV 03 Hove
46,Statielei 16,2020-03-09,20:00:00,33,16,17,FMN GV 03 Hove
46,Statielei 16,2020-03-09,21:00:00,26,8,18,FMN GV 03 Hove
46,Statielei 16,2020-03-09,22:00:00,30,12,18,FMN GV 03 Hove
46,Statielei 16,2020-03-09,23:00:00,12,5,7,FMN GV 03 Hove
46,Statielei 16,2020-03-10,00:00:00,4,4,0,FMN GV 03 Hove
46,Statielei 16,2020-03-10,01:00:00,1,0,1,FMN GV 03 Hove
46,Statielei 16,2020-03-10,02:00:00,2,1,1,FMN GV 03 Hove
46,Statielei 16,2020-03-10,03:00:00,1,0,1,FMN GV 03 Hove
46,Statielei 16,2020-03-10,04:00:00,2,1,1,FMN GV 03 Hove
46,Statielei 16,2020-03-10,05:00:00,20,11,9,FMN GV 03 Hove
46,Statielei 16,2020-03-10,06:00:00,52,45,7,FMN GV 03 Hove
46,Statielei 16,2020-03-10,07:00:00,202,165,37,FMN GV 03 Hove
46,Statielei 16,2020-03-10,08:00:00,234,198,36,FMN GV 03 Hove
46,Statielei 16,2020-03-10,09:00:00,61,50,11,FMN GV 03 Hove
46,Statielei 16,2020-03-10,10:00:00,24,15,9,FMN GV 03 Hove
46,Statielei 16,2020-03-10,11:00:00,19,10,9,FMN GV 03 Hove
46,Statielei 16,2020-03-10,12:00:00,44,25,19,FMN GV 03 Hove
46,Statielei 16,2020-03-10,13:00:00,49,31,18,FMN GV 03 Hove
46,Statielei 16,2020-03-10,14:00:00,41,15,26,FMN GV 03 Hove
46,Statielei 16,2020-03-10,15:00:00,62,24,38,FMN GV 03 Hove
46,Statielei 16,2020-03-10,16:00:00,159,23,136,FMN GV 03 Hove
46,Statielei 16,2020-03-10,17:00:00,169,39,130,FMN GV 03 Hove
46,Statielei 16,2020-03-10,18:00:00,130,46,84,FMN GV 03 Hove
46,Statielei 16,2020-03-10,19:00:00,40,17,23,FMN GV 03 Hove
46,Statielei 16,2020-03-10,20:00:00,39,16,23,FMN GV 03 Hove
46,Statielei 16,2020-03-10,21:00:00,30,16,14,FMN GV 03 Hove
46,Statielei 16,2020-03-10,22:00:00,29,13,16,FMN GV 03 Hove
46,Statielei 16,2020-03-10,23:00:00,13,6,7,FMN GV 03 Hove
46,Statielei 16,2020-03-11,00:00:00,2,2,0,FMN GV 03 Hove
46,Statielei 16,2020-03-11,01:00:00,2,1,1,FMN GV 03 Hove
46,Statielei 16,2020-03-11,02:00:00,1,1,0,FMN GV 03 Hove
46,Statielei 16,2020-03-11,03:00:00,1,1,0,FMN GV 03 Hove
46,Statielei 16,2020-03-11,04:00:00,8,5,3,FMN GV 03 Hove
46,Statielei 16,2020-03-11,05:00:00,24,15,9,FMN GV 03 Hove
46,Statielei 16,2020-03-11,06:00:00,58,48,10,FMN GV 03 Hove
46,Statielei 16,2020-03-11,07:00:00,200,151,49,FMN GV 03 Hove
46,Statielei 16,2020-03-11,08:00:00,216,179,37,FMN GV 03 Hove
46,Statielei 16,2020-03-11,09:00:00,78,60,18,FMN GV 03 Hove
46,Statielei 16,2020-03-11,10:00:00,42,25,17,FMN GV 03 Hove
46,Statielei 16,2020-03-11,11:00:00,47,15,32,FMN GV 03 Hove
46,Statielei 16,2020-03-11,12:00:00,98,39,59,FMN GV 03 Hove
46,Statielei 16,2020-03-11,13:00:00,76,36,40,FMN GV 03 Hove
46,Statielei 16,2020-03-11,14:00:00,55,20,35,FMN GV 03 Hove
46,Statielei 16,2020-03-11,15:00:00,82,30,52,FMN GV 03 Hove
46,Statielei 16,2020-03-11,16:00:00,140,41,99,FMN GV 03 Hove
46,Statielei 16,2020-03-11,17:00:00,191,62,129,FMN GV 03 Hove
46,Statielei 16,2020-03-11,18:00:00,119,53,66,FMN GV 03 Hove
46,Statielei 16,2020-03-11,19:00:00,55,27,28,FMN GV 03 Hove
46,Statielei 16,2020-03-11,20:00:00,26,11,15,FMN GV 03 Hove
46,Statielei 16,2020-03-11,21:00:00,21,8,13,FMN GV 03 Hove
46,Statielei 16,2020-03-11,22:00:00,27,12,15,FMN GV 03 Hove
46,Statielei 16,2020-03-11,23:00:00,6,4,2,FMN GV 03 Hove
46,Statielei 16,2020-03-12,00:00:00,2,0,2,FMN GV 03 Hove
46,Statielei 16,2020-03-12,01:00:00,1,1,0,FMN GV 03 Hove
46,Statielei 16,2020-03-12,02:00:00,3,2,1,FMN GV 03 Hove
46,Statielei 16,2020-03-12,03:00:00,1,1,0,FMN GV 03 Hove
46,Statielei 16,2020-03-12,04:00:00,8,4,4,FMN GV 03 Hove
46,Statielei 16,2020-03-12,05:00:00,19,12,7,FMN GV 03 Hove
46,Statielei 16,2020-03-12,06:00:00,81,65,16,FMN GV 03 Hove
46,Statielei 16,2020-03-12,07:00:00,212,171,41,FMN GV 03 Hove
46,Statielei 16,2020-03-12,08:00:00,277,229,48,FMN GV 03 Hove
46,Statielei 16,2020-03-12,09:00:00,87,69,18,FMN GV 03 Hove
46,Statielei 16,2020-03-12,10:00:00,77,51,26,FMN GV 03 Hove
46,Statielei 16,2020-03-12,11:00:00,72,44,28,FMN GV 03 Hove
46,Statielei 16,2020-03-12,12:00:00,105,54,51,FMN GV 03 Hove
46,Statielei 16,2020-03-12,13:00:00,73,39,34,FMN GV 03 Hove
46,Statielei 16,2020-03-12,14:00:00,73,25,48,FMN GV 03 Hove
46,Statielei 16,2020-03-12,15:00:00,113,37,76,FMN GV 03 Hove
46,Statielei 16,2020-03-12,16:00:00,177,39,138,FMN GV 03 Hove
46,Statielei 16,2020-03-12,17:00:00,217,58,159,FMN GV 03 Hove
46,Statielei 16,2020-03-12,18:00:00,147,53,94,FMN GV 03 Hove
46,Statielei 16,2020-03-12,19:00:00,59,22,37,FMN GV 03 Hove
46,Statielei 16,2020-03-12,20:00:00,42,18,24,FMN GV 03 Hove
46,Statielei 16,2020-03-12,21:00:00,25,11,14,FMN GV 03 Hove
46,Statielei 16,2020-03-12,22:00:00,33,10,23,FMN GV 03 Hove
46,Statielei 16,2020-03-12,23:00:00,11,4,7,FMN GV 03 Hove
46,Statielei 16,2020-03-13,00:00:00,8,3,5,FMN GV 03 Hove
46,Statielei 16,2020-03-13,01:00:00,2,0,2,FMN GV 03 Hove
46,Statielei 16,2020-03-13,02:00:00,3,1,2,FMN GV 03 Hove
46,Statielei 16,2020-03-13,03:00:00,1,1,0,FMN GV 03 Hove
46,Statielei 16,2020-03-13,04:00:00,9,4,5,FMN GV 03 Hove
46,Statielei 16,2020-03-13,05:00:00,15,9,6,FMN GV 03 Hove
46,Statielei 16,2020-03-13,06:00:00,69,53,16,FMN GV 03 Hove
46,Statielei 16,2020-03-13,07:00:00,196,159,37,FMN GV 03 Hove
46,Statielei 16,2020-03-13,08:00:00,188,157,31,FMN GV 03 Hove
46,Statielei 16,2020-03-13,09:00:00,76,57,19,FMN GV 03 Hove
46,Statielei 16,2020-03-13,10:00:00,50,26,24,FMN GV 03 Hove
46,Statielei 16,2020-03-13,11:00:00,61,32,29,FMN GV 03 Hove
46,Statielei 16,2020-03-13,12:00:00,65,27,38,FMN GV 03 Hove
46,Statielei 16,2020-03-13,13:00:00,74,39,35,FMN GV 03 Hove
46,Statielei 16,2020-03-13,14:00:00,78,35,43,FMN GV 03 Hove
46,Statielei 16,2020-03-13,15:00:00,96,32,64,FMN GV 03 Hove
46,Statielei 16,2020-03-13,16:00:00,168,48,120,FMN GV 03 Hove
46,Statielei 16,2020-03-13,17:00:00,166,50,116,FMN GV 03 Hove
46,Statielei 16,2020-03-13,18:00:00,99,44,55,FMN GV 03 Hove
46,Statielei 16,2020-03-13,19:00:00,49,30,19,FMN GV 03 Hove
46,Statielei 16,2020-03-13,20:00:00,23,9,14,FMN GV 03 Hove
46,Statielei 16,2020-03-13,21:00:00,24,10,14,FMN GV 03 Hove
46,Statielei 16,2020-03-13,22:00:00,10,5,5,FMN GV 03 Hove
46,Statielei 16,2020-03-13,23:00:00,12,4,8,FMN GV 03 Hove
46,Statielei 16,2020-03-14,00:00:00,13,7,6,FMN GV 03 Hove
46,Statielei 16,2020-03-14,01:00:00,5,2,3,FMN GV 03 Hove
46,Statielei 16,2020-03-14,02:00:00,3,2,1,FMN GV 03 Hove
46,Statielei 16,2020-03-14,03:00:00,1,1,0,FMN GV 03 Hove
46,Statielei 16,2020-03-14,04:00:00,1,1,0,FMN GV 03 Hove
46,Statielei 16,2020-03-14,05:00:00,3,2,1,FMN GV 03 Hove
46,Statielei 16,2020-03-14,06:00:00,17,12,5,FMN GV 03 Hove
46,Statielei 16,2020-03-14,07:00:00,7,4,3,FMN GV 03 Hove
46,Statielei 16,2020-03-14,08:00:00,24,10,14,FMN GV 03 Hove
46,Statielei 16,2020-03-14,09:00:00,50,19,31,FMN GV 03 Hove
46,Statielei 16,2020-03-14,10:00:00,86,32,54,FMN GV 03 Hove
46,Statielei 16,2020-03-14,11:00:00,123,51,72,FMN GV 03 Hove
46,Statielei 16,2020-03-14,12:00:00,141,91,50,FMN GV 03 Hove
46,Statielei 16,2020-03-14,13:00:00,161,87,74,FMN GV 03 Hove
46,Statielei 16,2020-03-14,14:00:00,145,80,65,FMN GV 03 Hove
46,Statielei 16,2020-03-14,15:00:00,133,71,62,FMN GV 03 Hove
46,Statielei 16,2020-03-14,16:00:00,114,71,43,FMN GV 03 Hove
46,Statielei 16,2020-03-14,17:00:00,62,42,20,FMN GV 03 Hove
46,Statielei 16,2020-03-14,18:00:00,39,20,19,FMN GV 03 Hove
46,Statielei 16,2020-03-14,19:00:00,17,7,10,FMN GV 03 Hove
46,Statielei 16,2020-03-14,20:00:00,25,14,11,FMN GV 03 Hove
46,Statielei 16,2020-03-14,21:00:00,15,8,7,FMN GV 03 Hove
46,Statielei 16,2020-03-14,22:00:00,13,7,6,FMN GV 03 Hove
46,Statielei 16,2020-03-14,23:00:00,14,10,4,FMN GV 03 Hove
46,Statielei 16,2020-03-15,00:00:00,13,8,5,FMN GV 03 Hove
46,Statielei 16,2020-03-15,01:00:00,6,4,2,FMN GV 03 Hove
46,Statielei 16,2020-03-15,02:00:00,3,3,0,FMN GV 03 Hove
46,Statielei 16,2020-03-15,03:00:00,5,1,4,FMN GV 03 Hove
46,Statielei 16,2020-03-15,04:00:00,4,3,1,FMN GV 03 Hove
46,Statielei 16,2020-03-15,05:00:00,7,5,2,FMN GV 03 Hove
46,Statielei 16,2020-03-15,06:00:00,12,8,4,FMN GV 03 Hove
46,Statielei 16,2020-03-15,07:00:00,10,5,5,FMN GV 03 Hove
46,Statielei 16,2020-03-15,08:00:00,14,5,9,FMN GV 03 Hove
46,Statielei 16,2020-03-15,09:00:00,96,22,74,FMN GV 03 Hove
46,Statielei 16,2020-03-15,10:00:00,185,71,114,FMN GV 03 Hove
46,Statielei 16,2020-03-15,11:00:00,162,89,73,FMN GV 03 Hove
46,Statielei 16,2020-03-15,12:00:00,165,93,72,FMN GV 03 Hove
46,Statielei 16,2020-03-15,13:00:00,155,86,69,FMN GV 03 Hove
46,Statielei 16,2020-03-15,14:00:00,141,63,78,FMN GV 03 Hove
46,Statielei 16,2020-03-15,15:00:00,168,98,70,FMN GV 03 Hove
46,Statielei 16,2020-03-15,16:00:00,121,67,54,FMN GV 03 Hove
46,Statielei 16,2020-03-15,17:00:00,74,43,31,FMN GV 03 Hove
46,Statielei 16,2020-03-15,18:00:00,48,28,20,FMN GV 03 Hove
46,Statielei 16,2020-03-15,19:00:00,24,14,10,FMN GV 03 Hove
46,Statielei 16,2020-03-15,20:00:00,13,11,2,FMN GV 03 Hove
46,Statielei 16,2020-03-15,21:00:00,20,15,5,FMN GV 03 Hove
46,Statielei 16,2020-03-15,22:00:00,14,10,4,FMN GV 03 Hove
46,Statielei 16,2020-03-15,23:00:00,5,2,3,FMN GV 03 Hove
46,Statielei 16,2020-03-16,00:00:00,2,0,2,FMN GV 03 Hove
46,Statielei 16,2020-03-16,01:00:00,0,0,0,FMN GV 03 Hove
46,Statielei 16,2020-03-16,02:00:00,2,1,1,FMN GV 03 Hove
46,Statielei 16,2020-03-16,03:00:00,2,0,2,FMN GV 03 Hove
46,Statielei 16,2020-03-16,04:00:00,12,8,4,FMN GV 03 Hove
46,Statielei 16,2020-03-16,05:00:00,19,13,6,FMN GV 03 Hove
46,Statielei 16,2020-03-16,06:00:00,75,55,20,FMN GV 03 Hove
46,Statielei 16,2020-03-16,07:00:00,212,169,43,FMN GV 03 Hove
46,Statielei 16,2020-03-16,08:00:00,172,128,44,FMN GV 03 Hove
46,Statielei 16,2020-03-16,09:00:00,82,54,28,FMN GV 03 Hove
46,Statielei 16,2020-03-16,10:00:00,65,38,27,FMN GV 03 Hove
46,Statielei 16,2020-03-16,11:00:00,67,28,39,FMN GV 03 Hove
46,Statielei 16,2020-03-16,12:00:00,82,35,47,FMN GV 03 Hove
46,Statielei 16,2020-03-16,13:00:00,94,35,59,FMN GV 03 Hove
46,Statielei 16,2020-03-16,14:00:00,115,54,61,FMN GV 03 Hove
46,Statielei 16,2020-03-16,15:00:00,126,60,66,FMN GV 03 Hove
46,Statielei 16,2020-03-16,16:00:00,208,73,135,FMN GV 03 Hove
46,Statielei 16,2020-03-16,17:00:00,200,72,128,FMN GV 03 Hove
46,Statielei 16,2020-03-16,18:00:00,100,39,61,FMN GV 03 Hove
46,Statielei 16,2020-03-16,19:00:00,47,22,25,FMN GV 03 Hove
46,Statielei 16,2020-03-16,20:00:00,36,21,15,FMN GV 03 Hove
46,Statielei 16,2020-03-16,21:00:00,13,4,9,FMN GV 03 Hove
46,Statielei 16,2020-03-16,22:00:00,19,14,5,FMN GV 03 Hove
46,Statielei 16,2020-03-16,23:00:00,7,6,1,FMN GV 03 Hove
46,Statielei 16,2020-03-17,00:00:00,0,0,0,FMN GV 03 Hove
46,Statielei 16,2020-03-17,01:00:00,3,1,2,FMN GV 03 Hove
46,Statielei 16,2020-03-17,02:00:00,1,1,0,FMN GV 03 Hove
46,Statielei 16,2020-03-17,03:00:00,4,0,4,FMN GV 03 Hove
46,Statielei 16,2020-03-17,04:00:00,10,7,3,FMN GV 03 Hove
46,Statielei 16,2020-03-17,05:00:00,21,16,5,FMN GV 03 Hove
46,Statielei 16,2020-03-17,06:00:00,71,55,16,FMN GV 03 Hove
46,Statielei 16,2020-03-17,07:00:00,175,137,38,FMN GV 03 Hove
46,Statielei 16,2020-03-17,08:00:00,138,92,46,FMN GV 03 Hove
46,Statielei 16,2020-03-17,09:00:00,73,51,22,FMN GV 03 Hove
46,Statielei 16,2020-03-17,10:00:00,69,41,28,FMN GV 03 Hove
46,Statielei 16,2020-03-17,11:00:00,118,55,63,FMN GV 03 Hove
46,Statielei 16,2020-03-17,12:00:00,111,61,50,FMN GV 03 Hove
46,Statielei 16,2020-03-17,13:00:00,129,63,66,FMN GV 03 Hove
46,Statielei 16,2020-03-17,14:00:00,151,63,88,FMN GV 03 Hove
46,Statielei 16,2020-03-17,15:00:00,199,87,112,FMN GV 03 Hove
46,Statielei 16,2020-03-17,16:00:00,240,91,149,FMN GV 03 Hove
46,Statielei 16,2020-03-17,17:00:00,211,76,135,FMN GV 03 Hove
46,Statielei 16,2020-03-17,18:00:00,129,73,56,FMN GV 03 Hove
46,Statielei 16,2020-03-17,19:00:00,50,30,20,FMN GV 03 Hove
46,Statielei 16,2020-03-17,20:00:00,28,14,14,FMN GV 03 Hove
46,Statielei 16,2020-03-17,21:00:00,18,7,11,FMN GV 03 Hove
46,Statielei 16,2020-03-17,22:00:00,18,9,9,FMN GV 03 Hove
46,Statielei 16,2020-03-17,23:00:00,6,4,2,FMN GV 03 Hove
46,Statielei 16,2020-03-18,00:00:00,0,0,0,FMN GV 03 Hove
46,Statielei 16,2020-03-18,01:00:00,3,0,3,FMN GV 03 Hove
46,Statielei 16,2020-03-18,02:00:00,2,1,1,FMN GV 03 Hove
46,Statielei 16,2020-03-18,03:00:00,3,1,2,FMN GV 03 Hove
46,Statielei 16,2020-03-18,04:00:00,9,6,3,FMN GV 03 Hove
46,Statielei 16,2020-03-18,05:00:00,21,18,3,FMN GV 03 Hove
46,Statielei 16,2020-03-18,06:00:00,50,34,16,FMN GV 03 Hove
46,Statielei 16,2020-03-18,07:00:00,135,100,35,FMN GV 03 Hove
46,Statielei 16,2020-03-18,08:00:00,128,89,39,FMN GV 03 Hove
46,Statielei 16,2020-03-18,09:00:00,77,44,33,FMN GV 03 Hove
46,Statielei 16,2020-03-18,10:00:00,136,61,75,FMN GV 03 Hove
46,Statielei 16,2020-03-18,11:00:00,116,48,68,FMN GV 03 Hove
46,Statielei 16,2020-03-18,12:00:00,125,59,66,FMN GV 03 Hove
46,Statielei 16,2020-03-18,13:00:00,161,73,88,FMN GV 03 Hove
46,Statielei 16,2020-03-18,14:00:00,204,87,117,FMN GV 03 Hove
46,Statielei 16,2020-03-18,15:00:00,206,110,96,FMN GV 03 Hove
46,Statielei 16,2020-03-18,16:00:00,208,105,103,FMN GV 03 Hove
46,Statielei 16,2020-03-18,17:00:00,178,79,99,FMN GV 03 Hove
46,Statielei 16,2020-03-18,18:00:00,134,81,53,FMN GV 03 Hove
46,Statielei 16,2020-03-18,19:00:00,40,23,17,FMN GV 03 Hove
46,Statielei 16,2020-03-18,20:00:00,20,12,8,FMN GV 03 Hove
46,Statielei 16,2020-03-18,21:00:00,11,8,3,FMN GV 03 Hove
46,Statielei 16,2020-03-18,22:00:00,12,4,8,FMN GV 03 Hove
46,Statielei 16,2020-03-18,23:00:00,2,0,2,FMN GV 03 Hove
46,Statielei 16,2020-03-19,00:00:00,0,0,0,FMN GV 03 Hove
46,Statielei 16,2020-03-19,01:00:00,0,0,0,FMN GV 03 Hove
46,Statielei 16,2020-03-19,02:00:00,1,1,0,FMN GV 03 Hove
46,Statielei 16,2020-03-19,03:00:00,2,1,1,FMN GV 03 Hove
46,Statielei 16,2020-03-19,04:00:00,10,7,3,FMN GV 03 Hove
46,Statielei 16,2020-03-19,05:00:00,20,18,2,FMN GV 03 Hove
46,Statielei 16,2020-03-19,06:00:00,49,33,16,FMN GV 03 Hove
46,Statielei 16,2020-03-19,07:00:00,115,89,26,FMN GV 03 Hove
46,Statielei 16,2020-03-19,08:00:00,85,60,25,FMN GV 03 Hove
46,Statielei 16,2020-03-19,09:00:00,45,21,24,FMN GV 03 Hove
46,Statielei 16,2020-03-19,10:00:00,41,17,24,FMN GV 03 Hove
46,Statielei 16,2020-03-19,11:00:00,67,35,32,FMN GV 03 Hove
46,Statielei 16,2020-03-19,12:00:00,76,41,35,FMN GV 03 Hove
46,Statielei 16,2020-03-19,13:00:00,123,60,63,FMN GV 03 Hove
46,Statielei 16,2020-03-19,14:00:00,155,84,71,FMN GV 03 Hove
46,Statielei 16,2020-03-19,15:00:00,161,80,81,FMN GV 03 Hove
46,Statielei 16,2020-03-19,16:00:00,162,70,92,FMN GV 03 Hove
46,Statielei 16,2020-03-19,17:00:00,151,75,76,FMN GV 03 Hove
46,Statielei 16,2020-03-19,18:00:00,109,60,49,FMN GV 03 Hove
46,Statielei 16,2020-03-19,19:00:00,37,17,20,FMN GV 03 Hove
46,Statielei 16,2020-03-19,20:00:00,23,13,10,FMN GV 03 Hove
46,Statielei 16,2020-03-19,21:00:00,11,6,5,FMN GV 03 Hove
46,Statielei 16,2020-03-19,22:00:00,11,4,7,FMN GV 03 Hove
46,Statielei 16,2020-03-19,23:00:00,0,0,0,FMN GV 03 Hove
46,Statielei 16,2020-03-20,00:00:00,3,1,2,FMN GV 03 Hove
46,Statielei 16,2020-03-20,01:00:00,0,0,0,FMN GV 03 Hove
46,Statielei 16,2020-03-20,02:00:00,1,1,0,FMN GV 03 Hove
46,Statielei 16,2020-03-20,03:00:00,3,1,2,FMN GV 03 Hove
46,Statielei 16,2020-03-20,04:00:00,5,3,2,FMN GV 03 Hove
46,Statielei 16,2020-03-20,05:00:00,15,11,4,FMN GV 03 Hove
46,Statielei 16,2020-03-20,06:00:00,47,31,16,FMN GV 03 Hove
46,Statielei 16,2020-03-20,07:00:00,95,77,18,FMN GV 03 Hove
46,Statielei 16,2020-03-20,08:00:00,64,42,22,FMN GV 03 Hove
46,Statielei 16,2020-03-20,09:00:00,31,20,11,FMN GV 03 Hove
46,Statielei 16,2020-03-20,10:00:00,30,18,12,FMN GV 03 Hove
46,Statielei 16,2020-03-20,11:00:00,41,24,17,FMN GV 03 Hove
46,Statielei 16,2020-03-20,12:00:00,63,31,32,FMN GV 03 Hove
46,Statielei 16,2020-03-20,13:00:00,62,29,33,FMN GV 03 Hove
46,Statielei 16,2020-03-20,14:00:00,61,23,38,FMN GV 03 Hove
46,Statielei 16,2020-03-20,15:00:00,56,26,30,FMN GV 03 Hove
46,Statielei 16,2020-03-20,16:00:00,92,44,48,FMN GV 03 Hove
46,Statielei 16,2020-03-20,17:00:00,67,24,43,FMN GV 03 Hove
46,Statielei 16,2020-03-20,18:00:00,29,11,18,FMN GV 03 Hove
46,Statielei 16,2020-03-20,19:00:00,13,5,8,FMN GV 03 Hove
46,Statielei 16,2020-03-20,20:00:00,7,2,5,FMN GV 03 Hove
46,Statielei 16,2020-03-20,21:00:00,8,5,3,FMN GV 03 Hove
46,Statielei 16,2020-03-20,22:00:00,10,7,3,FMN GV 03 Hove
46,Statielei 16,2020-03-20,23:00:00,5,3,2,FMN GV 03 Hove
46,Statielei 16,2020-03-21,00:00:00,4,2,2,FMN GV 03 Hove
46,Statielei 16,2020-03-21,01:00:00,0,0,0,FMN GV 03 Hove
46,Statielei 16,2020-03-21,02:00:00,1,1,0,FMN GV 03 Hove
46,Statielei 16,2020-03-21,03:00:00,0,0,0,FMN GV 03 Hove
46,Statielei 16,2020-03-21,04:00:00,6,2,4,FMN GV 03 Hove
46,Statielei 16,2020-03-21,05:00:00,4,3,1,FMN GV 03 Hove
46,Statielei 16,2020-03-21,06:00:00,8,4,4,FMN GV 03 Hove
46,Statielei 16,2020-03-21,07:00:00,14,4,10,FMN GV 03 Hove
46,Statielei 16,2020-03-21,08:00:00,30,14,16,FMN GV 03 Hove
46,Statielei 16,2020-03-21,09:00:00,43,12,31,FMN GV 03 Hove
46,Statielei 16,2020-03-21,10:00:00,127,48,79,FMN GV 03 Hove
46,Statielei 16,2020-03-21,11:00:00,157,68,89,FMN GV 03 Hove
46,Statielei 16,2020-03-21,12:00:00,198,105,93,FMN GV 03 Hove
46,Statielei 16,2020-03-21,13:00:00,205,111,94,FMN GV 03 Hove
46,Statielei 16,2020-03-21,14:00:00,246,136,110,FMN GV 03 Hove
46,Statielei 16,2020-03-21,15:00:00,271,152,119,FMN GV 03 Hove
46,Statielei 16,2020-03-21,16:00:00,238,152,86,FMN GV 03 Hove
46,Statielei 16,2020-03-21,17:00:00,118,74,44,FMN GV 03 Hove
46,Statielei 16,2020-03-21,18:00:00,67,51,16,FMN GV 03 Hove
46,Statielei 16,2020-03-21,19:00:00,15,11,4,FMN GV 03 Hove
46,Statielei 16,2020-03-21,20:00:00,10,4,6,FMN GV 03 Hove
46,Statielei 16,2020-03-21,21:00:00,6,5,1,FMN GV 03 Hove
46,Statielei 16,2020-03-21,22:00:00,11,6,5,FMN GV 03 Hove
46,Statielei 16,2020-03-21,23:00:00,0,0,0,FMN GV 03 Hove
46,Statielei 16,2020-03-22,00:00:00,3,2,1,FMN GV 03 Hove
46,Statielei 16,2020-03-22,01:00:00,1,1,0,FMN GV 03 Hove
46,Statielei 16,2020-03-22,02:00:00,0,0,0,FMN GV 03 Hove
46,Statielei 16,2020-03-22,03:00:00,1,1,0,FMN GV 03 Hove
46,Statielei 16,2020-03-22,04:00:00,1,0,1,FMN GV 03 Hove
46,Statielei 16,2020-03-22,05:00:00,8,8,0,FMN GV 03 Hove
46,Statielei 16,2020-03-22,06:00:00,8,6,2,FMN GV 03 Hove
46,Statielei 16,2020-03-22,07:00:00,9,3,6,FMN GV 03 Hove
46,Statielei 16,2020-03-22,08:00:00,24,4,20,FMN GV 03 Hove
46,Statielei 16,2020-03-22,09:00:00,102,28,74,FMN GV 03 Hove
46,Statielei 16,2020-03-22,10:00:00,161,58,103,FMN GV 03 Hove
46,Statielei 16,2020-03-22,11:00:00,253,125,128,FMN GV 03 Hove
46,Statielei 16,2020-03-22,12:00:00,227,120,107,FMN GV 03 Hove
46,Statielei 16,2020-03-22,13:00:00,286,154,132,FMN GV 03 Hove
46,Statielei 16,2020-03-22,14:00:00,370,185,185,FMN GV 03 Hove
46,Statielei 16,2020-03-22,15:00:00,336,210,126,FMN GV 03 Hove
46,Statielei 16,2020-03-22,16:00:00,237,159,78,FMN GV 03 Hove
46,Statielei 16,2020-03-22,17:00:00,129,95,34,FMN GV 03 Hove
46,Statielei 16,2020-03-22,18:00:00,60,47,13,FMN GV 03 Hove
46,Statielei 16,2020-03-22,19:00:00,22,14,8,FMN GV 03 Hove
46,Statielei 16,2020-03-22,20:00:00,12,9,3,FMN GV 03 Hove
46,Statielei 16,2020-03-22,21:00:00,6,3,3,FMN GV 03 Hove
46,Statielei 16,2020-03-22,22:00:00,6,3,3,FMN GV 03 Hove
46,Statielei 16,2020-03-22,23:00:00,3,1,2,FMN GV 03 Hove
46,Statielei 16,2020-03-23,00:00:00,1,1,0,FMN GV 03 Hove
46,Statielei 16,2020-03-23,01:00:00,0,0,0,FMN GV 03 Hove
46,Statielei 16,2020-03-23,02:00:00,1,0,1,FMN GV 03 Hove
46,Statielei 16,2020-03-23,03:00:00,1,1,0,FMN GV 03 Hove
46,Statielei 16,2020-03-23,04:00:00,10,6,4,FMN GV 03 Hove
46,Statielei 16,2020-03-23,05:00:00,11,8,3,FMN GV 03 Hove
46,Statielei 16,2020-03-23,06:00:00,45,34,11,FMN GV 03 Hove
46,Statielei 16,2020-03-23,07:00:00,90,66,24,FMN GV 03 Hove
46,Statielei 16,2020-03-23,08:00:00,69,50,19,FMN GV 03 Hove
46,Statielei 16,2020-03-23,09:00:00,39,21,18,FMN GV 03 Hove
46,Statielei 16,2020-03-23,10:00:00,41,28,13,FMN GV 03 Hove
46,Statielei 16,2020-03-23,11:00:00,63,32,31,FMN GV 03 Hove
46,Statielei 16,2020-03-23,12:00:00,89,42,47,FMN GV 03 Hove
46,Statielei 16,2020-03-23,13:00:00,117,55,62,FMN GV 03 Hove
46,Statielei 16,2020-03-23,14:00:00,147,74,73,FMN GV 03 Hove
46,Statielei 16,2020-03-23,15:00:00,149,84,65,FMN GV 03 Hove
46,Statielei 16,2020-03-23,16:00:00,156,64,92,FMN GV 03 Hove
46,Statielei 16,2020-03-23,17:00:00,162,71,91,FMN GV 03 Hove
46,Statielei 16,2020-03-23,18:00:00,95,53,42,FMN GV 03 Hove
46,Statielei 16,2020-03-23,19:00:00,41,20,21,FMN GV 03 Hove
46,Statielei 16,2020-03-23,20:00:00,20,10,10,FMN GV 03 Hove
46,Statielei 16,2020-03-23,21:00:00,26,14,12,FMN GV 03 Hove
46,Statielei 16,2020-03-23,22:00:00,17,7,10,FMN GV 03 Hove
46,Statielei 16,2020-03-23,23:00:00,3,1,2,FMN GV 03 Hove
46,Statielei 16,2020-03-24,00:00:00,1,0,1,FMN GV 03 Hove
46,Statielei 16,2020-03-24,01:00:00,0,0,0,FMN GV 03 Hove
46,Statielei 16,2020-03-24,02:00:00,1,1,0,FMN GV 03 Hove
46,Statielei 16,2020-03-24,03:00:00,2,1,1,FMN GV 03 Hove
46,Statielei 16,2020-03-24,04:00:00,7,4,3,FMN GV 03 Hove
46,Statielei 16,2020-03-24,05:00:00,17,8,9,FMN GV 03 Hove
46,Statielei 16,2020-03-24,06:00:00,52,43,9,FMN GV 03 Hove
46,Statielei 16,2020-03-24,07:00:00,92,66,26,FMN GV 03 Hove
46,Statielei 16,2020-03-24,08:00:00,74,54,20,FMN GV 03 Hove
46,Statielei 16,2020-03-24,09:00:00,42,20,22,FMN GV 03 Hove
46,Statielei 16,2020-03-24,10:00:00,62,39,23,FMN GV 03 Hove
46,Statielei 16,2020-03-24,11:00:00,71,27,44,FMN GV 03 Hove
46,Statielei 16,2020-03-24,12:00:00,114,54,60,FMN GV 03 Hove
46,Statielei 16,2020-03-24,13:00:00,154,82,72,FMN GV 03 Hove
46,Statielei 16,2020-03-24,14:00:00,198,94,104,FMN GV 03 Hove
46,Statielei 16,2020-03-24,15:00:00,211,102,109,FMN GV 03 Hove
46,Statielei 16,2020-03-24,16:00:00,256,129,127,FMN GV 03 Hove
46,Statielei 16,2020-03-24,17:00:00,227,113,114,FMN GV 03 Hove
46,Statielei 16,2020-03-24,18:00:00,127,78,49,FMN GV 03 Hove
46,Statielei 16,2020-03-24,19:00:00,40,26,14,FMN GV 03 Hove
46,Statielei 16,2020-03-24,20:00:00,27,14,13,FMN GV 03 Hove
46,Statielei 16,2020-03-24,21:00:00,21,13,8,FMN GV 03 Hove
46,Statielei 16,2020-03-24,22:00:00,12,5,7,FMN GV 03 Hove
46,Statielei 16,2020-03-24,23:00:00,5,1,4,FMN GV 03 Hove
46,Statielei 16,2020-03-25,00:00:00,3,2,1,FMN GV 03 Hove
46,Statielei 16,2020-03-25,01:00:00,1,1,0,FMN GV 03 Hove
46,Statielei 16,2020-03-25,02:00:00,1,1,0,FMN GV 03 Hove
46,Statielei 16,2020-03-25,03:00:00,2,1,1,FMN GV 03 Hove
46,Statielei 16,2020-03-25,04:00:00,7,5,2,FMN GV 03 Hove
46,Statielei 16,2020-03-25,05:00:00,9,6,3,FMN GV 03 Hove
46,Statielei 16,2020-03-25,06:00:00,39,30,9,FMN GV 03 Hove
46,Statielei 16,2020-03-25,07:00:00,74,54,20,FMN GV 03 Hove
46,Statielei 16,2020-03-25,08:00:00,73,53,20,FMN GV 03 Hove
46,Statielei 16,2020-03-25,09:00:00,38,19,19,FMN GV 03 Hove
46,Statielei 16,2020-03-25,10:00:00,70,38,32,FMN GV 03 Hove
46,Statielei 16,2020-03-25,11:00:00,98,52,46,FMN GV 03 Hove
46,Statielei 16,2020-03-25,12:00:00,130,66,64,FMN GV 03 Hove
46,Statielei 16,2020-03-25,13:00:00,148,74,74,FMN GV 03 Hove
46,Statielei 16,2020-03-25,14:00:00,253,119,134,FMN GV 03 Hove
46,Statielei 16,2020-03-25,15:00:00,232,130,102,FMN GV 03 Hove
46,Statielei 16,2020-03-25,16:00:00,278,146,132,FMN GV 03 Hove
46,Statielei 16,2020-03-25,17:00:00,224,124,100,FMN GV 03 Hove
46,Statielei 16,2020-03-25,18:00:00,145,91,54,FMN GV 03 Hove
46,Statielei 16,2020-03-25,19:00:00,49,32,17,FMN GV 03 Hove
46,Statielei 16,2020-03-25,20:00:00,16,13,3,FMN GV 03 Hove
46,Statielei 16,2020-03-25,21:00:00,20,10,10,FMN GV 03 Hove
46,Statielei 16,2020-03-25,22:00:00,20,9,11,FMN GV 03 Hove
46,Statielei 16,2020-03-25,23:00:00,2,0,2,FMN GV 03 Hove
46,Statielei 16,2020-03-26,00:00:00,0,0,0,FMN GV 03 Hove
46,Statielei 16,2020-03-26,01:00:00,1,0,1,FMN GV 03 Hove
46,Statielei 16,2020-03-26,02:00:00,0,0,0,FMN GV 03 Hove
46,Statielei 16,2020-03-26,03:00:00,3,2,1,FMN GV 03 Hove
46,Statielei 16,2020-03-26,04:00:00,7,5,2,FMN GV 03 Hove
46,Statielei 16,2020-03-26,05:00:00,12,6,6,FMN GV 03 Hove
46,Statielei 16,2020-03-26,06:00:00,40,33,7,FMN GV 03 Hove
46,Statielei 16,2020-03-26,07:00:00,97,69,28,FMN GV 03 Hove
46,Statielei 16,2020-03-26,08:00:00,75,50,25,FMN GV 03 Hove
46,Statielei 16,2020-03-26,09:00:00,36,25,11,FMN GV 03 Hove
46,Statielei 16,2020-03-26,10:00:00,51,27,24,FMN GV 03 Hove
46,Statielei 16,2020-03-26,11:00:00,79,36,43,FMN GV 03 Hove
46,Statielei 16,2020-03-26,12:00:00,104,51,53,FMN GV 03 Hove
46,Statielei 16,2020-03-26,13:00:00,141,73,68,FMN GV 03 Hove
46,Statielei 16,2020-03-26,14:00:00,183,78,105,FMN GV 03 Hove
46,Statielei 16,2020-03-26,15:00:00,192,100,92,FMN GV 03 Hove
46,Statielei 16,2020-03-26,16:00:00,224,123,101,FMN GV 03 Hove
46,Statielei 16,2020-03-26,17:00:00,189,96,93,FMN GV 03 Hove
46,Statielei 16,2020-03-26,18:00:00,139,94,45,FMN GV 03 Hove
46,Statielei 16,2020-03-26,19:00:00,45,26,19,FMN GV 03 Hove
46,Statielei 16,2020-03-26,20:00:00,14,8,6,FMN GV 03 Hove
46,Statielei 16,2020-03-26,21:00:00,20,13,7,FMN GV 03 Hove
46,Statielei 16,2020-03-26,22:00:00,13,6,7,FMN GV 03 Hove
46,Statielei 16,2020-03-26,23:00:00,4,1,3,FMN GV 03 Hove
46,Statielei 16,2020-03-27,00:00:00,1,1,0,FMN GV 03 Hove
46,Statielei 16,2020-03-27,01:00:00,0,0,0,FMN GV 03 Hove
46,Statielei 16,2020-03-27,02:00:00,1,1,0,FMN GV 03 Hove
46,Statielei 16,2020-03-27,03:00:00,3,2,1,FMN GV 03 Hove
46,Statielei 16,2020-03-27,04:00:00,6,4,2,FMN GV 03 Hove
46,Statielei 16,2020-03-27,05:00:00,9,8,1,FMN GV 03 Hove
46,Statielei 16,2020-03-27,06:00:00,46,34,12,FMN GV 03 Hove
46,Statielei 16,2020-03-27,07:00:00,70,54,16,FMN GV 03 Hove
46,Statielei 16,2020-03-27,08:00:00,70,40,30,FMN GV 03 Hove
46,Statielei 16,2020-03-27,09:00:00,52,32,20,FMN GV 03 Hove
46,Statielei 16,2020-03-27,10:00:00,82,35,47,FMN GV 03 Hove
46,Statielei 16,2020-03-27,11:00:00,116,66,50,FMN GV 03 Hove
46,Statielei 16,2020-03-27,12:00:00,120,64,56,FMN GV 03 Hove
46,Statielei 16,2020-03-27,13:00:00,182,93,89,FMN GV 03 Hove
46,Statielei 16,2020-03-27,14:00:00,199,90,109,FMN GV 03 Hove
46,Statielei 16,2020-03-27,15:00:00,258,139,119,FMN GV 03 Hove
46,Statielei 16,2020-03-27,16:00:00,249,140,109,FMN GV 03 Hove
46,Statielei 16,2020-03-27,17:00:00,195,96,99,FMN GV 03 Hove
46,Statielei 16,2020-03-27,18:00:00,99,68,31,FMN GV 03 Hove
46,Statielei 16,2020-03-27,19:00:00,38,23,15,FMN GV 03 Hove
46,Statielei 16,2020-03-27,20:00:00,33,12,21,FMN GV 03 Hove
46,Statielei 16,2020-03-27,21:00:00,12,10,2,FMN GV 03 Hove
46,Statielei 16,2020-03-27,22:00:00,15,5,10,FMN GV 03 Hove
46,Statielei 16,2020-03-27,23:00:00,5,5,0,FMN GV 03 Hove
46,Statielei 16,2020-03-28,00:00:00,1,0,1,FMN GV 03 Hove
46,Statielei 16,2020-03-28,01:00:00,1,1,0,FMN GV 03 Hove
46,Statielei 16,2020-03-28,02:00:00,1,1,0,FMN GV 03 Hove
46,Statielei 16,2020-03-28,03:00:00,0,0,0,FMN GV 03 Hove
46,Statielei 16,2020-03-28,04:00:00,4,4,0,FMN GV 03 Hove
46,Statielei 16,2020-03-28,05:00:00,6,5,1,FMN GV 03 Hove
46,Statielei 16,2020-03-28,06:00:00,14,8,6,FMN GV 03 Hove
46,Statielei 16,2020-03-28,07:00:00,11,3,8,FMN GV 03 Hove
46,Statielei 16,2020-03-28,08:00:00,28,12,16,FMN GV 03 Hove
46,Statielei 16,2020-03-28,09:00:00,58,19,39,FMN GV 03 Hove
46,Statielei 16,2020-03-28,10:00:00,145,50,95,FMN GV 03 Hove
46,Statielei 16,2020-03-28,11:00:00,277,125,152,FMN GV 03 Hove
46,Statielei 16,2020-03-28,12:00:00,276,155,121,FMN GV 03 Hove
46,Statielei 16,2020-03-28,13:00:00,278,140,138,FMN GV 03 Hove
46,Statielei 16,2020-03-28,14:00:00,440,220,220,FMN GV 03 Hove
46,Statielei 16,2020-03-28,15:00:00,445,257,188,FMN GV 03 Hove
46,Statielei 16,2020-03-28,16:00:00,316,186,130,FMN GV 03 Hove
46,Statielei 16,2020-03-28,17:00:00,217,155,62,FMN GV 03 Hove
46,Statielei 16,2020-03-28,18:00:00,79,63,16,FMN GV 03 Hove
46,Statielei 16,2020-03-28,19:00:00,20,12,8,FMN GV 03 Hove
46,Statielei 16,2020-03-28,20:00:00,18,12,6,FMN GV 03 Hove
46,Statielei 16,2020-03-28,21:00:00,9,7,2,FMN GV 03 Hove
46,Statielei 16,2020-03-28,22:00:00,7,4,3,FMN GV 03 Hove
46,Statielei 16,2020-03-28,23:00:00,5,3,2,FMN GV 03 Hove
46,Statielei 16,2020-03-29,00:00:00,0,0,0,FMN GV 03 Hove
46,Statielei 16,2020-03-29,01:00:00,2,1,1,FMN GV 03 Hove
46,Statielei 16,2020-03-29,02:00:00,0,0,0,FMN GV 03 Hove
46,Statielei 16,2020-03-29,03:00:00,0,0,0,FMN GV 03 Hove
46,Statielei 16,2020-03-29,04:00:00,1,1,0,FMN GV 03 Hove
46,Statielei 16,2020-03-29,05:00:00,4,3,1,FMN GV 03 Hove
46,Statielei 16,2020-03-29,06:00:00,8,7,1,FMN GV 03 Hove
46,Statielei 16,2020-03-29,07:00:00,10,3,7,FMN GV 03 Hove
46,Statielei 16,2020-03-29,08:00:00,13,5,8,FMN GV 03 Hove
46,Statielei 16,2020-03-29,09:00:00,54,26,28,FMN GV 03 Hove
46,Statielei 16,2020-03-29,10:00:00,102,41,61,FMN GV 03 Hove
46,Statielei 16,2020-03-29,11:00:00,101,55,46,FMN GV 03 Hove
46,Statielei 16,2020-03-29,12:00:00,117,74,43,FMN GV 03 Hove
46,Statielei 16,2020-03-29,13:00:00,89,54,35,FMN GV 03 Hove
46,Statielei 16,2020-03-29,14:00:00,77,50,27,FMN GV 03 Hove
46,Statielei 16,2020-03-29,15:00:00,81,47,34,FMN GV 03 Hove
46,Statielei 16,2020-03-29,16:00:00,53,27,26,FMN GV 03 Hove
46,Statielei 16,2020-03-29,17:00:00,67,36,31,FMN GV 03 Hove
46,Statielei 16,2020-03-29,18:00:00,37,22,15,FMN GV 03 Hove
46,Statielei 16,2020-03-29,19:00:00,19,15,4,FMN GV 03 Hove
46,Statielei 16,2020-03-29,20:00:00,14,10,4,FMN GV 03 Hove
46,Statielei 16,2020-03-29,21:00:00,12,7,5,FMN GV 03 Hove
46,Statielei 16,2020-03-29,22:00:00,8,6,2,FMN GV 03 Hove
46,Statielei 16,2020-03-29,23:00:00,2,0,2,FMN GV 03 Hove
46,Statielei 16,2020-03-30,00:00:00,0,0,0,FMN GV 03 Hove
46,Statielei 16,2020-03-30,01:00:00,0,0,0,FMN GV 03 Hove
46,Statielei 16,2020-03-30,02:00:00,1,0,1,FMN GV 03 Hove
46,Statielei 16,2020-03-30,03:00:00,1,0,1,FMN GV 03 Hove
46,Statielei 16,2020-03-30,04:00:00,5,3,2,FMN GV 03 Hove
46,Statielei 16,2020-03-30,05:00:00,18,14,4,FMN GV 03 Hove
46,Statielei 16,2020-03-30,06:00:00,30,23,7,FMN GV 03 Hove
46,Statielei 16,2020-03-30,07:00:00,61,49,12,FMN GV 03 Hove
46,Statielei 16,2020-03-30,08:00:00,60,42,18,FMN GV 03 Hove
46,Statielei 16,2020-03-30,09:00:00,30,19,11,FMN GV 03 Hove
46,Statielei 16,2020-03-30,10:00:00,50,30,20,FMN GV 03 Hove
46,Statielei 16,2020-03-30,11:00:00,52,29,23,FMN GV 03 Hove
46,Statielei 16,2020-03-30,12:00:00,75,43,32,FMN GV 03 Hove
46,Statielei 16,2020-03-30,13:00:00,93,46,47,FMN GV 03 Hove
46,Statielei 16,2020-03-30,14:00:00,99,49,50,FMN GV 03 Hove
46,Statielei 16,2020-03-30,15:00:00,93,54,39,FMN GV 03 Hove
46,Statielei 16,2020-03-30,16:00:00,91,38,53,FMN GV 03 Hove
46,Statielei 16,2020-03-30,17:00:00,97,47,50,FMN GV 03 Hove
46,Statielei 16,2020-03-30,18:00:00,76,35,41,FMN GV 03 Hove
46,Statielei 16,2020-03-30,19:00:00,42,16,26,FMN GV 03 Hove
46,Statielei 16,2020-03-30,20:00:00,19,12,7,FMN GV 03 Hove
46,Statielei 16,2020-03-30,21:00:00,11,7,4,FMN GV 03 Hove
46,Statielei 16,2020-03-30,22:00:00,16,8,8,FMN GV 03 Hove
46,Statielei 16,2020-03-30,23:00:00,3,0,3,FMN GV 03 Hove
46,Statielei 16,2020-03-31,00:00:00,1,1,0,FMN GV 03 Hove
46,Statielei 16,2020-03-31,01:00:00,0,0,0,FMN GV 03 Hove
46,Statielei 16,2020-03-31,02:00:00,1,1,0,FMN GV 03 Hove
46,Statielei 16,2020-03-31,03:00:00,1,1,0,FMN GV 03 Hove
46,Statielei 16,2020-03-31,04:00:00,9,6,3,FMN GV 03 Hove
46,Statielei 16,2020-03-31,05:00:00,15,11,4,FMN GV 03 Hove
46,Statielei 16,2020-03-31,06:00:00,42,36,6,FMN GV 03 Hove
46,Statielei 16,2020-03-31,07:00:00,72,55,17,FMN GV 03 Hove
46,Statielei 16,2020-03-31,08:00:00,77,56,21,FMN GV 03 Hove
46,Statielei 16,2020-03-31,09:00:00,34,21,13,FMN GV 03 Hove
46,Statielei 16,2020-03-31,10:00:00,56,26,30,FMN GV 03 Hove
46,Statielei 16,2020-03-31,11:00:00,46,21,25,FMN GV 03 Hove
46,Statielei 16,2020-03-31,12:00:00,82,38,44,FMN GV 03 Hove
46,Statielei 16,2020-03-31,13:00:00,119,70,49,FMN GV 03 Hove
46,Statielei 16,2020-03-31,14:00:00,174,77,97,FMN GV 03 Hove
46,Statielei 16,2020-03-31,15:00:00,184,92,92,FMN GV 03 Hove
46,Statielei 16,2020-03-31,16:00:00,219,100,119,FMN GV 03 Hove
46,Statielei 16,2020-03-31,17:00:00,177,80,97,FMN GV 03 Hove
46,Statielei 16,2020-03-31,18:00:00,153,93,60,FMN GV 03 Hove
46,Statielei 16,2020-03-31,19:00:00,73,41,32,FMN GV 03 Hove
46,Statielei 16,2020-03-31,20:00:00,38,24,14,FMN GV 03 Hove
46,Statielei 16,2020-03-31,21:00:00,14,8,6,FMN GV 03 Hove
46,Statielei 16,2020-03-31,22:00:00,15,8,7,FMN GV 03 Hove
46,Statielei 16,2020-03-31,23:00:00,5,3,2,FMN GV 03 Hove
46,Statielei 16,2020-04-01,00:00:00,0,0,0,FMN GV 03 Hove
46,Statielei 16,2020-04-01,01:00:00,0,0,0,FMN GV 03 Hove
46,Statielei 16,2020-04-01,02:00:00,2,2,0,FMN GV 03 Hove
46,Statielei 16,2020-04-01,03:00:00,2,2,0,FMN GV 03 Hove
46,Statielei 16,2020-04-01,04:00:00,7,5,2,FMN GV 03 Hove
46,Statielei 16,2020-04-01,05:00:00,12,9,3,FMN GV 03 Hove
46,Statielei 16,2020-04-01,06:00:00,38,29,9,FMN GV 03 Hove
46,Statielei 16,2020-04-01,07:00:00,84,65,19,FMN GV 03 Hove
46,Statielei 16,2020-04-01,08:00:00,60,42,18,FMN GV 03 Hove
46,Statielei 16,2020-04-01,09:00:00,32,17,15,FMN GV 03 Hove
46,Statielei 16,2020-04-01,10:00:00,58,30,28,FMN GV 03 Hove
46,Statielei 16,2020-04-01,11:00:00,81,44,37,FMN GV 03 Hove
46,Statielei 16,2020-04-01,12:00:00,112,58,54,FMN GV 03 Hove
46,Statielei 16,2020-04-01,13:00:00,153,75,78,FMN GV 03 Hove
46,Statielei 16,2020-04-01,14:00:00,224,108,116,FMN GV 03 Hove
46,Statielei 16,2020-04-01,15:00:00,230,113,117,FMN GV 03 Hove
46,Statielei 16,2020-04-01,16:00:00,269,134,135,FMN GV 03 Hove
46,Statielei 16,2020-04-01,17:00:00,198,102,96,FMN GV 03 Hove
46,Statielei 16,2020-04-01,18:00:00,154,105,49,FMN GV 03 Hove
46,Statielei 16,2020-04-01,19:00:00,63,40,23,FMN GV 03 Hove
46,Statielei 16,2020-04-01,20:00:00,46,33,13,FMN GV 03 Hove
46,Statielei 16,2020-04-01,21:00:00,25,13,12,FMN GV 03 Hove
46,Statielei 16,2020-04-01,22:00:00,23,11,12,FMN GV 03 Hove
46,Statielei 16,2020-04-01,23:00:00,3,1,2,FMN GV 03 Hove
46,Statielei 16,2020-04-02,00:00:00,2,2,0,FMN GV 03 Hove
46,Statielei 16,2020-04-02,01:00:00,0,0,0,FMN GV 03 Hove
46,Statielei 16,2020-04-02,02:00:00,1,1,0,FMN GV 03 Hove
46,Statielei 16,2020-04-02,03:00:00,2,1,1,FMN GV 03 Hove
46,Statielei 16,2020-04-02,04:00:00,4,4,0,FMN GV 03 Hove
46,Statielei 16,2020-04-02,05:00:00,14,10,4,FMN GV 03 Hove
46,Statielei 16,2020-04-02,06:00:00,40,28,12,FMN GV 03 Hove
46,Statielei 16,2020-04-02,07:00:00,95,63,32,FMN GV 03 Hove
46,Statielei 16,2020-04-02,08:00:00,67,46,21,FMN GV 03 Hove
46,Statielei 16,2020-04-02,09:00:00,37,24,13,FMN GV 03 Hove
46,Statielei 16,2020-04-02,10:00:00,48,24,24,FMN GV 03 Hove
46,Statielei 16,2020-04-02,11:00:00,69,38,31,FMN GV 03 Hove
46,Statielei 16,2020-04-02,12:00:00,114,65,49,FMN GV 03 Hove
46,Statielei 16,2020-04-02,13:00:00,106,48,58,FMN GV 03 Hove
46,Statielei 16,2020-04-02,14:00:00,122,69,53,FMN GV 03 Hove
46,Statielei 16,2020-04-02,15:00:00,113,66,47,FMN GV 03 Hove
46,Statielei 16,2020-04-02,16:00:00,140,74,66,FMN GV 03 Hove
46,Statielei 16,2020-04-02,17:00:00,145,61,84,FMN GV 03 Hove
46,Statielei 16,2020-04-02,18:00:00,82,44,38,FMN GV 03 Hove
46,Statielei 16,2020-04-02,19:00:00,48,30,18,FMN GV 03 Hove
46,Statielei 16,2020-04-02,20:00:00,34,24,10,FMN GV 03 Hove
46,Statielei 16,2020-04-02,21:00:00,15,12,3,FMN GV 03 Hove
46,Statielei 16,2020-04-02,22:00:00,25,12,13,FMN GV 03 Hove
46,Statielei 16,2020-04-02,23:00:00,1,0,1,FMN GV 03 Hove
46,Statielei 16,2020-04-03,00:00:00,3,2,1,FMN GV 03 Hove
46,Statielei 16,2020-04-03,01:00:00,3,1,2,FMN GV 03 Hove
46,Statielei 16,2020-04-03,02:00:00,2,2,0,FMN GV 03 Hove
46,Statielei 16,2020-04-03,03:00:00,2,1,1,FMN GV 03 Hove
46,Statielei 16,2020-04-03,04:00:00,9,7,2,FMN GV 03 Hove
46,Statielei 16,2020-04-03,05:00:00,14,12,2,FMN GV 03 Hove
46,Statielei 16,2020-04-03,06:00:00,39,32,7,FMN GV 03 Hove
46,Statielei 16,2020-04-03,07:00:00,65,43,22,FMN GV 03 Hove
46,Statielei 16,2020-04-03,08:00:00,71,51,20,FMN GV 03 Hove
46,Statielei 16,2020-04-03,09:00:00,42,23,19,FMN GV 03 Hove
46,Statielei 16,2020-04-03,10:00:00,55,28,27,FMN GV 03 Hove
46,Statielei 16,2020-04-03,11:00:00,87,50,37,FMN GV 03 Hove
46,Statielei 16,2020-04-03,12:00:00,61,28,33,FMN GV 03 Hove
46,Statielei 16,2020-04-03,13:00:00,106,54,52,FMN GV 03 Hove
46,Statielei 16,2020-04-03,14:00:00,140,73,67,FMN GV 03 Hove
46,Statielei 16,2020-04-03,15:00:00,165,73,92,FMN GV 03 Hove
46,Statielei 16,2020-04-03,16:00:00,197,99,98,FMN GV 03 Hove
46,Statielei 16,2020-04-03,17:00:00,162,81,81,FMN GV 03 Hove
46,Statielei 16,2020-04-03,18:00:00,90,50,40,FMN GV 03 Hove
46,Statielei 16,2020-04-03,19:00:00,44,27,17,FMN GV 03 Hove
46,Statielei 16,2020-04-03,20:00:00,22,16,6,FMN GV 03 Hove
46,Statielei 16,2020-04-03,21:00:00,10,7,3,FMN GV 03 Hove
46,Statielei 16,2020-04-03,22:00:00,18,7,11,FMN GV 03 Hove
46,Statielei 16,2020-04-03,23:00:00,2,0,2,FMN GV 03 Hove
46,Statielei 16,2020-04-04,00:00:00,7,4,3,FMN GV 03 Hove
46,Statielei 16,2020-04-04,01:00:00,1,0,1,FMN GV 03 Hove
46,Statielei 16,2020-04-04,02:00:00,1,1,0,FMN GV 03 Hove
46,Statielei 16,2020-04-04,03:00:00,1,0,1,FMN GV 03 Hove
46,Statielei 16,2020-04-04,04:00:00,4,3,1,FMN GV 03 Hove
46,Statielei 16,2020-04-04,05:00:00,5,3,2,FMN GV 03 Hove
46,Statielei 16,2020-04-04,06:00:00,11,9,2,FMN GV 03 Hove
46,Statielei 16,2020-04-04,07:00:00,13,2,11,FMN GV 03 Hove
46,Statielei 16,2020-04-04,08:00:00,38,14,24,FMN GV 03 Hove
46,Statielei 16,2020-04-04,09:00:00,79,30,49,FMN GV 03 Hove
46,Statielei 16,2020-04-04,10:00:00,143,59,84,FMN GV 03 Hove
46,Statielei 16,2020-04-04,11:00:00,198,99,99,FMN GV 03 Hove
46,Statielei 16,2020-04-04,12:00:00,252,113,139,FMN GV 03 Hove
46,Statielei 16,2020-04-04,13:00:00,286,134,152,FMN GV 03 Hove
46,Statielei 16,2020-04-04,14:00:00,417,198,219,FMN GV 03 Hove
46,Statielei 16,2020-04-04,15:00:00,417,235,182,FMN GV 03 Hove
46,Statielei 16,2020-04-04,16:00:00,320,212,108,FMN GV 03 Hove
46,Statielei 16,2020-04-04,17:00:00,241,150,91,FMN GV 03 Hove
46,Statielei 16,2020-04-04,18:00:00,140,93,47,FMN GV 03 Hove
46,Statielei 16,2020-04-04,19:00:00,40,31,9,FMN GV 03 Hove
46,Statielei 16,2020-04-04,20:00:00,24,19,5,FMN GV 03 Hove
46,Statielei 16,2020-04-04,21:00:00,11,7,4,FMN GV 03 Hove
46,Statielei 16,2020-04-04,22:00:00,13,7,6,FMN GV 03 Hove
46,Statielei 16,2020-04-04,23:00:00,3,1,2,FMN GV 03 Hove
46,Statielei 16,2020-04-05,00:00:00,2,2,0,FMN GV 03 Hove
46,Statielei 16,2020-04-05,01:00:00,0,0,0,FMN GV 03 Hove
46,Statielei 16,2020-04-05,02:00:00,2,0,2,FMN GV 03 Hove
46,Statielei 16,2020-04-05,03:00:00,0,0,0,FMN GV 03 Hove
46,Statielei 16,2020-04-05,04:00:00,3,3,0,FMN GV 03 Hove
46,Statielei 16,2020-04-05,05:00:00,6,4,2,FMN GV 03 Hove
46,Statielei 16,2020-04-05,06:00:00,11,6,5,FMN GV 03 Hove
46,Statielei 16,2020-04-05,07:00:00,21,12,9,FMN GV 03 Hove
46,Statielei 16,2020-04-05,08:00:00,59,19,40,FMN GV 03 Hove
46,Statielei 16,2020-04-05,09:00:00,122,25,97,FMN GV 03 Hove
46,Statielei 16,2020-04-05,10:00:00,295,96,199,FMN GV 03 Hove
46,Statielei 16,2020-04-05,11:00:00,391,170,221,FMN GV 03 Hove
46,Statielei 16,2020-04-05,12:00:00,447,246,201,FMN GV 03 Hove
46,Statielei 16,2020-04-05,13:00:00,494,260,234,FMN GV 03 Hove
46,Statielei 16,2020-04-05,14:00:00,630,333,297,FMN GV 03 Hove
46,Statielei 16,2020-04-05,15:00:00,561,320,241,FMN GV 03 Hove
46,Statielei 16,2020-04-05,16:00:00,419,265,154,FMN GV 03 Hove
46,Statielei 16,2020-04-05,17:00:00,307,220,87,FMN GV 03 Hove
46,Statielei 16,2020-04-05,18:00:00,154,110,44,FMN GV 03 Hove
46,Statielei 16,2020-04-05,19:00:00,83,59,24,FMN GV 03 Hove
46,Statielei 16,2020-04-05,20:00:00,55,42,13,FMN GV 03 Hove
46,Statielei 16,2020-04-05,21:00:00,23,14,9,FMN GV 03 Hove
46,Statielei 16,2020-04-05,22:00:00,20,11,9,FMN GV 03 Hove
46,Statielei 16,2020-04-05,23:00:00,2,1,1,FMN GV 03 Hove
46,Statielei 16,2020-04-06,00:00:00,1,0,1,FMN GV 03 Hove
46,Statielei 16,2020-04-06,01:00:00,1,1,0,FMN GV 03 Hove
46,Statielei 16,2020-04-06,02:00:00,0,0,0,FMN GV 03 Hove
46,Statielei 16,2020-04-06,03:00:00,1,0,1,FMN GV 03 Hove
46,Statielei 16,2020-04-06,04:00:00,14,10,4,FMN GV 03 Hove
46,Statielei 16,2020-04-06,05:00:00,22,15,7,FMN GV 03 Hove
46,Statielei 16,2020-04-06,06:00:00,58,46,12,FMN GV 03 Hove
46,Statielei 16,2020-04-06,07:00:00,106,73,33,FMN GV 03 Hove
46,Statielei 16,2020-04-06,08:00:00,78,54,24,FMN GV 03 Hove
46,Statielei 16,2020-04-06,09:00:00,62,32,30,FMN GV 03 Hove
46,Statielei 16,2020-04-06,10:00:00,87,47,40,FMN GV 03 Hove
46,Statielei 16,2020-04-06,11:00:00,113,64,49,FMN GV 03 Hove
46,Statielei 16,2020-04-06,12:00:00,149,79,70,FMN GV 03 Hove
46,Statielei 16,2020-04-06,13:00:00,175,98,77,FMN GV 03 Hove
46,Statielei 16,2020-04-06,14:00:00,241,97,144,FMN GV 03 Hove
46,Statielei 16,2020-04-06,15:00:00,218,99,119,FMN GV 03 Hove
46,Statielei 16,2020-04-06,16:00:00,270,138,132,FMN GV 03 Hove
46,Statielei 16,2020-04-06,17:00:00,192,99,93,FMN GV 03 Hove
46,Statielei 16,2020-04-06,18:00:00,111,57,54,FMN GV 03 Hove
46,Statielei 16,2020-04-06,19:00:00,50,24,26,FMN GV 03 Hove
46,Statielei 16,2020-04-06,20:00:00,37,19,18,FMN GV 03 Hove
46,Statielei 16,2020-04-06,21:00:00,32,19,13,FMN GV 03 Hove
46,Statielei 16,2020-04-06,22:00:00,18,9,9,FMN GV 03 Hove
46,Statielei 16,2020-04-06,23:00:00,5,0,5,FMN GV 03 Hove
46,Statielei 16,2020-04-07,00:00:00,1,1,0,FMN GV 03 Hove
46,Statielei 16,2020-04-07,01:00:00,1,0,1,FMN GV 03 Hove
46,Statielei 16,2020-04-07,02:00:00,1,1,0,FMN GV 03 Hove
46,Statielei 16,2020-04-07,03:00:00,1,0,1,FMN GV 03 Hove
46,Statielei 16,2020-04-07,04:00:00,11,7,4,FMN GV 03 Hove
46,Statielei 16,2020-04-07,05:00:00,23,16,7,FMN GV 03 Hove
46,Statielei 16,2020-04-07,06:00:00,57,46,11,FMN GV 03 Hove
46,Statielei 16,2020-04-07,07:00:00,106,75,31,FMN GV 03 Hove
46,Statielei 16,2020-04-07,08:00:00,87,66,21,FMN GV 03 Hove
46,Statielei 16,2020-04-07,09:00:00,59,38,21,FMN GV 03 Hove
46,Statielei 16,2020-04-07,10:00:00,102,44,58,FMN GV 03 Hove
46,Statielei 16,2020-04-07,11:00:00,119,53,66,FMN GV 03 Hove
46,Statielei 16,2020-04-07,12:00:00,161,84,77,FMN GV 03 Hove
46,Statielei 16,2020-04-07,13:00:00,237,118,119,FMN GV 03 Hove
46,Statielei 16,2020-04-07,14:00:00,347,166,181,FMN GV 03 Hove
46,Statielei 16,2020-04-07,15:00:00,353,181,172,FMN GV 03 Hove
46,Statielei 16,2020-04-07,16:00:00,363,199,164,FMN GV 03 Hove
46,Statielei 16,2020-04-07,17:00:00,328,180,148,FMN GV 03 Hove
46,Statielei 16,2020-04-07,18:00:00,185,109,76,FMN GV 03 Hove
46,Statielei 16,2020-04-07,19:00:00,108,67,41,FMN GV 03 Hove
46,Statielei 16,2020-04-07,20:00:00,65,38,27,FMN GV 03 Hove
46,Statielei 16,2020-04-07,21:00:00,35,20,15,FMN GV 03 Hove
46,Statielei 16,2020-04-07,22:00:00,25,14,11,FMN GV 03 Hove
46,Statielei 16,2020-04-07,23:00:00,10,5,5,FMN GV 03 Hove
46,Statielei 16,2020-04-08,00:00:00,1,0,1,FMN GV 03 Hove
46,Statielei 16,2020-04-08,01:00:00,1,1,0,FMN GV 03 Hove
46,Statielei 16,2020-04-08,02:00:00,3,1,2,FMN GV 03 Hove
46,Statielei 16,2020-04-08,03:00:00,1,0,1,FMN GV 03 Hove
46,Statielei 16,2020-04-08,04:00:00,13,7,6,FMN GV 03 Hove
46,Statielei 16,2020-04-08,05:00:00,25,19,6,FMN GV 03 Hove
46,Statielei 16,2020-04-08,06:00:00,76,53,23,FMN GV 03 Hove
46,Statielei 16,2020-04-08,07:00:00,109,78,31,FMN GV 03 Hove
46,Statielei 16,2020-04-08,08:00:00,95,54,41,FMN GV 03 Hove
46,Statielei 16,2020-04-08,09:00:00,81,37,44,FMN GV 03 Hove
46,Statielei 16,2020-04-08,10:00:00,152,59,93,FMN GV 03 Hove
46,Statielei 16,2020-04-08,11:00:00,184,73,111,FMN GV 03 Hove
46,Statielei 16,2020-04-08,12:00:00,195,95,100,FMN GV 03 Hove
46,Statielei 16,2020-04-08,13:00:00,300,151,149,FMN GV 03 Hove
46,Statielei 16,2020-04-08,14:00:00,400,192,208,FMN GV 03 Hove
46,Statielei 16,2020-04-08,15:00:00,394,211,183,FMN GV 03 Hove
46,Statielei 16,2020-04-08,16:00:00,358,212,146,FMN GV 03 Hove
46,Statielei 16,2020-04-08,17:00:00,372,216,156,FMN GV 03 Hove
46,Statielei 16,2020-04-08,18:00:00,255,151,104,FMN GV 03 Hove
46,Statielei 16,2020-04-08,19:00:00,149,96,53,FMN GV 03 Hove
46,Statielei 16,2020-04-08,20:00:00,87,64,23,FMN GV 03 Hove
46,Statielei 16,2020-04-08,21:00:00,45,28,17,FMN GV 03 Hove
46,Statielei 16,2020-04-08,22:00:00,24,13,11,FMN GV 03 Hove
46,Statielei 16,2020-04-08,23:00:00,7,5,2,FMN GV 03 Hove
46,Statielei 16,2020-04-09,00:00:00,1,1,0,FMN GV 03 Hove
46,Statielei 16,2020-04-09,01:00:00,0,0,0,FMN GV 03 Hove
46,Statielei 16,2020-04-09,02:00:00,0,0,0,FMN GV 03 Hove
46,Statielei 16,2020-04-09,03:00:00,1,0,1,FMN GV 03 Hove
46,Statielei 16,2020-04-09,04:00:00,10,6,4,FMN GV 03 Hove
46,Statielei 16,2020-04-09,05:00:00,21,17,4,FMN GV 03 Hove
46,Statielei 16,2020-04-09,06:00:00,58,46,12,FMN GV 03 Hove
46,Statielei 16,2020-04-09,07:00:00,110,75,35,FMN GV 03 Hove
46,Statielei 16,2020-04-09,08:00:00,100,65,35,FMN GV 03 Hove
46,Statielei 16,2020-04-09,09:00:00,68,46,22,FMN GV 03 Hove
46,Statielei 16,2020-04-09,10:00:00,136,59,77,FMN GV 03 Hove
46,Statielei 16,2020-04-09,11:00:00,137,77,60,FMN GV 03 Hove
46,Statielei 16,2020-04-09,12:00:00,168,98,70,FMN GV 03 Hove
46,Statielei 16,2020-04-09,13:00:00,232,132,100,FMN GV 03 Hove
46,Statielei 16,2020-04-09,14:00:00,251,130,121,FMN GV 03 Hove
46,Statielei 16,2020-04-09,15:00:00,345,173,172,FMN GV 03 Hove
46,Statielei 16,2020-04-09,16:00:00,346,197,149,FMN GV 03 Hove
46,Statielei 16,2020-04-09,17:00:00,267,150,117,FMN GV 03 Hove
46,Statielei 16,2020-04-09,18:00:00,227,146,81,FMN GV 03 Hove
46,Statielei 16,2020-04-09,19:00:00,123,80,43,FMN GV 03 Hove
46,Statielei 16,2020-04-09,20:00:00,50,31,19,FMN GV 03 Hove
46,Statielei 16,2020-04-09,21:00:00,51,25,26,FMN GV 03 Hove
46,Statielei 16,2020-04-09,22:00:00,34,18,16,FMN GV 03 Hove
46,Statielei 16,2020-04-09,23:00:00,9,5,4,FMN GV 03 Hove
46,Statielei 16,2020-04-10,00:00:00,2,2,0,FMN GV 03 Hove
46,Statielei 16,2020-04-10,01:00:00,3,2,1,FMN GV 03 Hove
46,Statielei 16,2020-04-10,02:00:00,0,0,0,FMN GV 03 Hove
46,Statielei 16,2020-04-10,03:00:00,0,0,0,FMN GV 03 Hove
46,Statielei 16,2020-04-10,04:00:00,11,6,5,FMN GV 03 Hove
46,Statielei 16,2020-04-10,05:00:00,12,9,3,FMN GV 03 Hove
46,Statielei 16,2020-04-10,06:00:00,45,28,17,FMN GV 03 Hove
46,Statielei 16,2020-04-10,07:00:00,87,60,27,FMN GV 03 Hove
46,Statielei 16,2020-04-10,08:00:00,79,42,37,FMN GV 03 Hove
46,Statielei 16,2020-04-10,09:00:00,84,36,48,FMN GV 03 Hove
46,Statielei 16,2020-04-10,10:00:00,148,80,68,FMN GV 03 Hove
46,Statielei 16,2020-04-10,11:00:00,178,89,89,FMN GV 03 Hove
46,Statielei 16,2020-04-10,12:00:00,238,119,119,FMN GV 03 Hove
46,Statielei 16,2020-04-10,13:00:00,291,150,141,FMN GV 03 Hove
46,Statielei 16,2020-04-10,14:00:00,408,203,205,FMN GV 03 Hove
46,Statielei 16,2020-04-10,15:00:00,400,215,185,FMN GV 03 Hove
46,Statielei 16,2020-04-10,16:00:00,384,214,170,FMN GV 03 Hove
46,Statielei 16,2020-04-10,17:00:00,305,180,125,FMN GV 03 Hove
46,Statielei 16,2020-04-10,18:00:00,205,129,76,FMN GV 03 Hove
46,Statielei 16,2020-04-10,19:00:00,93,61,32,FMN GV 03 Hove
46,Statielei 16,2020-04-10,20:00:00,47,31,16,FMN GV 03 Hove
46,Statielei 16,2020-04-10,21:00:00,36,22,14,FMN GV 03 Hove
46,Statielei 16,2020-04-10,22:00:00,14,6,8,FMN GV 03 Hove
46,Statielei 16,2020-04-10,23:00:00,10,6,4,FMN GV 03 Hove
46,Statielei 16,2020-04-11,00:00:00,2,0,2,FMN GV 03 Hove
46,Statielei 16,2020-04-11,01:00:00,1,1,0,FMN GV 03 Hove
46,Statielei 16,2020-04-11,02:00:00,1,0,1,FMN GV 03 Hove
46,Statielei 16,2020-04-11,03:00:00,1,1,0,FMN GV 03 Hove
46,Statielei 16,2020-04-11,04:00:00,1,1,0,FMN GV 03 Hove
46,Statielei 16,2020-04-11,05:00:00,4,3,1,FMN GV 03 Hove
46,Statielei 16,2020-04-11,06:00:00,8,6,2,FMN GV 03 Hove
46,Statielei 16,2020-04-11,07:00:00,25,14,11,FMN GV 03 Hove
46,Statielei 16,2020-04-11,08:00:00,47,12,35,FMN GV 03 Hove
46,Statielei 16,2020-04-11,09:00:00,132,54,78,FMN GV 03 Hove
46,Statielei 16,2020-04-11,10:00:00,227,79,148,FMN GV 03 Hove
46,Statielei 16,2020-04-11,11:00:00,371,183,188,FMN GV 03 Hove
46,Statielei 16,2020-04-11,12:00:00,383,203,180,FMN GV 03 Hove
46,Statielei 16,2020-04-11,13:00:00,516,274,242,FMN GV 03 Hove
46,Statielei 16,2020-04-11,14:00:00,587,292,295,FMN GV 03 Hove
46,Statielei 16,2020-04-11,15:00:00,541,294,247,FMN GV 03 Hove
46,Statielei 16,2020-04-11,16:00:00,540,328,212,FMN GV 03 Hove
46,Statielei 16,2020-04-11,17:00:00,376,251,125,FMN GV 03 Hove
46,Statielei 16,2020-04-11,18:00:00,214,137,77,FMN GV 03 Hove
46,Statielei 16,2020-04-11,19:00:00,136,96,40,FMN GV 03 Hove
46,Statielei 16,2020-04-11,20:00:00,83,61,22,FMN GV 03 Hove
46,Statielei 16,2020-04-11,21:00:00,31,16,15,FMN GV 03 Hove
46,Statielei 16,2020-04-11,22:00:00,16,9,7,FMN GV 03 Hove
46,Statielei 16,2020-04-11,23:00:00,10,7,3,FMN GV 03 Hove
46,Statielei 16,2020-04-12,00:00:00,4,1,3,FMN GV 03 Hove
46,Statielei 16,2020-04-12,01:00:00,3,3,0,FMN GV 03 Hove
46,Statielei 16,2020-04-12,02:00:00,1,1,0,FMN GV 03 Hove
46,Statielei 16,2020-04-12,03:00:00,0,0,0,FMN GV 03 Hove
46,Statielei 16,2020-04-12,04:00:00,4,2,2,FMN GV 03 Hove
46,Statielei 16,2020-04-12,05:00:00,8,6,2,FMN GV 03 Hove
46,Statielei 16,2020-04-12,06:00:00,7,5,2,FMN GV 03 Hove
46,Statielei 16,2020-04-12,07:00:00,31,12,19,FMN GV 03 Hove
46,Statielei 16,2020-04-12,08:00:00,38,11,27,FMN GV 03 Hove
46,Statielei 16,2020-04-12,09:00:00,117,42,75,FMN GV 03 Hove
46,Statielei 16,2020-04-12,10:00:00,249,113,136,FMN GV 03 Hove
46,Statielei 16,2020-04-12,11:00:00,324,159,165,FMN GV 03 Hove
46,Statielei 16,2020-04-12,12:00:00,408,228,180,FMN GV 03 Hove
46,Statielei 16,2020-04-12,13:00:00,430,230,200,FMN GV 03 Hove
46,Statielei 16,2020-04-12,14:00:00,468,262,206,FMN GV 03 Hove
46,Statielei 16,2020-04-12,15:00:00,474,251,223,FMN GV 03 Hove
46,Statielei 16,2020-04-12,16:00:00,377,248,129,FMN GV 03 Hove
46,Statielei 16,2020-04-12,17:00:00,265,170,95,FMN GV 03 Hove
46,Statielei 16,2020-04-12,18:00:00,160,105,55,FMN GV 03 Hove
46,Statielei 16,2020-04-12,19:00:00,87,53,34,FMN GV 03 Hove
46,Statielei 16,2020-04-12,20:00:00,62,40,22,FMN GV 03 Hove
46,Statielei 16,2020-04-12,21:00:00,28,22,6,FMN GV 03 Hove
46,Statielei 16,2020-04-12,22:00:00,14,9,5,FMN GV 03 Hove
46,Statielei 16,2020-04-12,23:00:00,1,0,1,FMN GV 03 Hove
46,Statielei 16,2020-04-13,00:00:00,1,1,0,FMN GV 03 Hove
46,Statielei 16,2020-04-13,01:00:00,2,1,1,FMN GV 03 Hove
46,Statielei 16,2020-04-13,02:00:00,0,0,0,FMN GV 03 Hove
46,Statielei 16,2020-04-13,03:00:00,1,1,0,FMN GV 03 Hove
46,Statielei 16,2020-04-13,04:00:00,2,1,1,FMN GV 03 Hove
46,Statielei 16,2020-04-13,05:00:00,7,4,3,FMN GV 03 Hove
46,Statielei 16,2020-04-13,06:00:00,7,4,3,FMN GV 03 Hove
46,Statielei 16,2020-04-13,07:00:00,10,2,8,FMN GV 03 Hove
46,Statielei 16,2020-04-13,08:00:00,23,13,10,FMN GV 03 Hove
46,Statielei 16,2020-04-13,09:00:00,36,14,22,FMN GV 03 Hove
46,Statielei 16,2020-04-13,10:00:00,35,21,14,FMN GV 03 Hove
46,Statielei 16,2020-04-13,11:00:00,58,20,38,FMN GV 03 Hove
46,Statielei 16,2020-04-13,12:00:00,91,48,43,FMN GV 03 Hove
46,Statielei 16,2020-04-13,13:00:00,144,64,80,FMN GV 03 Hove
46,Statielei 16,2020-04-13,14:00:00,226,106,120,FMN GV 03 Hove
46,Statielei 16,2020-04-13,15:00:00,220,126,94,FMN GV 03 Hove
46,Statielei 16,2020-04-13,16:00:00,175,102,73,FMN GV 03 Hove
46,Statielei 16,2020-04-13,17:00:00,155,93,62,FMN GV 03 Hove
46,Statielei 16,2020-04-13,18:00:00,95,65,30,FMN GV 03 Hove
46,Statielei 16,2020-04-13,19:00:00,40,27,13,FMN GV 03 Hove
46,Statielei 16,2020-04-13,20:00:00,42,27,15,FMN GV 03 Hove
46,Statielei 16,2020-04-13,21:00:00,15,6,9,FMN GV 03 Hove
46,Statielei 16,2020-04-13,22:00:00,9,5,4,FMN GV 03 Hove
46,Statielei 16,2020-04-13,23:00:00,2,1,1,FMN GV 03 Hove
46,Statielei 16,2020-04-14,00:00:00,2,0,2,FMN GV 03 Hove
46,Statielei 16,2020-04-14,01:00:00,2,2,0,FMN GV 03 Hove
46,Statielei 16,2020-04-14,02:00:00,1,1,0,FMN GV 03 Hove
46,Statielei 16,2020-04-14,03:00:00,2,1,1,FMN GV 03 Hove
46,Statielei 16,2020-04-14,04:00:00,5,2,3,FMN GV 03 Hove
46,Statielei 16,2020-04-14,05:00:00,14,11,3,FMN GV 03 Hove
46,Statielei 16,2020-04-14,06:00:00,51,38,13,FMN GV 03 Hove
46,Statielei 16,2020-04-14,07:00:00,85,61,24,FMN GV 03 Hove
46,Statielei 16,2020-04-14,08:00:00,75,48,27,FMN GV 03 Hove
46,Statielei 16,2020-04-14,09:00:00,50,30,20,FMN GV 03 Hove
46,Statielei 16,2020-04-14,10:00:00,56,30,26,FMN GV 03 Hove
46,Statielei 16,2020-04-14,11:00:00,65,36,29,FMN GV 03 Hove
46,Statielei 16,2020-04-14,12:00:00,70,35,35,FMN GV 03 Hove
46,Statielei 16,2020-04-14,13:00:00,104,63,41,FMN GV 03 Hove
46,Statielei 16,2020-04-14,14:00:00,146,75,71,FMN GV 03 Hove
46,Statielei 16,2020-04-14,15:00:00,133,60,73,FMN GV 03 Hove
46,Statielei 16,2020-04-14,16:00:00,178,96,82,FMN GV 03 Hove
46,Statielei 16,2020-04-14,17:00:00,186,99,87,FMN GV 03 Hove
46,Statielei 16,2020-04-14,18:00:00,98,47,51,FMN GV 03 Hove
46,Statielei 16,2020-04-14,19:00:00,60,30,30,FMN GV 03 Hove
46,Statielei 16,2020-04-14,20:00:00,41,24,17,FMN GV 03 Hove
46,Statielei 16,2020-04-14,21:00:00,25,20,5,FMN GV 03 Hove
46,Statielei 16,2020-04-14,22:00:00,12,7,5,FMN GV 03 Hove
46,Statielei 16,2020-04-14,23:00:00,9,6,3,FMN GV 03 Hove
46,Statielei 16,2020-04-15,00:00:00,5,2,3,FMN GV 03 Hove
46,Statielei 16,2020-04-15,01:00:00,1,1,0,FMN GV 03 Hove
46,Statielei 16,2020-04-15,02:00:00,0,0,0,FMN GV 03 Hove
46,Statielei 16,2020-04-15,03:00:00,0,0,0,FMN GV 03 Hove
46,Statielei 16,2020-04-15,04:00:00,9,5,4,FMN GV 03 Hove
46,Statielei 16,2020-04-15,05:00:00,16,11,5,FMN GV 03 Hove
46,Statielei 16,2020-04-15,06:00:00,50,36,14,FMN GV 03 Hove
46,Statielei 16,2020-04-15,07:00:00,85,60,25,FMN GV 03 Hove
46,Statielei 16,2020-04-15,08:00:00,79,54,25,FMN GV 03 Hove
46,Statielei 16,2020-04-15,09:00:00,56,27,29,FMN GV 03 Hove
46,Statielei 16,2020-04-15,10:00:00,93,53,40,FMN GV 03 Hove
46,Statielei 16,2020-04-15,11:00:00,124,61,63,FMN GV 03 Hove
46,Statielei 16,2020-04-15,12:00:00,174,78,96,FMN GV 03 Hove
46,Statielei 16,2020-04-15,13:00:00,237,112,125,FMN GV 03 Hove
46,Statielei 16,2020-04-15,14:00:00,281,139,142,FMN GV 03 Hove
46,Statielei 16,2020-04-15,15:00:00,329,153,176,FMN GV 03 Hove
46,Statielei 16,2020-04-15,16:00:00,312,163,149,FMN GV 03 Hove
46,Statielei 16,2020-04-15,17:00:00,278,147,131,FMN GV 03 Hove
46,Statielei 16,2020-04-15,18:00:00,176,106,70,FMN GV 03 Hove
46,Statielei 16,2020-04-15,19:00:00,114,80,34,FMN GV 03 Hove
46,Statielei 16,2020-04-15,20:00:00,69,44,25,FMN GV 03 Hove
46,Statielei 16,2020-04-15,21:00:00,33,22,11,FMN GV 03 Hove
46,Statielei 16,2020-04-15,22:00:00,17,11,6,FMN GV 03 Hove
46,Statielei 16,2020-04-15,23:00:00,6,2,4,FMN GV 03 Hove
46,Statielei 16,2020-04-16,00:00:00,1,0,1,FMN GV 03 Hove
46,Statielei 16,2020-04-16,01:00:00,3,2,1,FMN GV 03 Hove
46,Statielei 16,2020-04-16,02:00:00,1,1,0,FMN GV 03 Hove
46,Statielei 16,2020-04-16,03:00:00,3,0,3,FMN GV 03 Hove
46,Statielei 16,2020-04-16,04:00:00,15,11,4,FMN GV 03 Hove
46,Statielei 16,2020-04-16,05:00:00,21,12,9,FMN GV 03 Hove
46,Statielei 16,2020-04-16,06:00:00,57,44,13,FMN GV 03 Hove
46,Statielei 16,2020-04-16,07:00:00,92,69,23,FMN GV 03 Hove
46,Statielei 16,2020-04-16,08:00:00,88,57,31,FMN GV 03 Hove
46,Statielei 16,2020-04-16,09:00:00,89,36,53,FMN GV 03 Hove
46,Statielei 16,2020-04-16,10:00:00,151,69,82,FMN GV 03 Hove
46,Statielei 16,2020-04-16,11:00:00,173,80,93,FMN GV 03 Hove
46,Statielei 16,2020-04-16,12:00:00,205,112,93,FMN GV 03 Hove
46,Statielei 16,2020-04-16,13:00:00,297,146,151,FMN GV 03 Hove
46,Statielei 16,2020-04-16,14:00:00,395,189,206,FMN GV 03 Hove
46,Statielei 16,2020-04-16,15:00:00,397,219,178,FMN GV 03 Hove
46,Statielei 16,2020-04-16,16:00:00,423,207,216,FMN GV 03 Hove
46,Statielei 16,2020-04-16,17:00:00,371,204,167,FMN GV 03 Hove
46,Statielei 16,2020-04-16,18:00:00,256,152,104,FMN GV 03 Hove
46,Statielei 16,2020-04-16,19:00:00,134,88,46,FMN GV 03 Hove
46,Statielei 16,2020-04-16,20:00:00,84,62,22,FMN GV 03 Hove
46,Statielei 16,2020-04-16,21:00:00,49,32,17,FMN GV 03 Hove
46,Statielei 16,2020-04-16,22:00:00,23,14,9,FMN GV 03 Hove
46,Statielei 16,2020-04-16,23:00:00,8,3,5,FMN GV 03 Hove
46,Statielei 16,2020-04-17,00:00:00,2,2,0,FMN GV 03 Hove
46,Statielei 16,2020-04-17,01:00:00,0,0,0,FMN GV 03 Hove
46,Statielei 16,2020-04-17,02:00:00,0,0,0,FMN GV 03 Hove
46,Statielei 16,2020-04-17,03:00:00,4,2,2,FMN GV 03 Hove
46,Statielei 16,2020-04-17,04:00:00,8,5,3,FMN GV 03 Hove
46,Statielei 16,2020-04-17,05:00:00,20,18,2,FMN GV 03 Hove
46,Statielei 16,2020-04-17,06:00:00,59,40,19,FMN GV 03 Hove
46,Statielei 16,2020-04-17,07:00:00,74,43,31,FMN GV 03 Hove
46,Statielei 16,2020-04-17,08:00:00,100,59,41,FMN GV 03 Hove
46,Statielei 16,2020-04-17,09:00:00,101,51,50,FMN GV 03 Hove
46,Statielei 16,2020-04-17,10:00:00,135,56,79,FMN GV 03 Hove
46,Statielei 16,2020-04-17,11:00:00,184,101,83,FMN GV 03 Hove
46,Statielei 16,2020-04-17,12:00:00,185,92,93,FMN GV 03 Hove
46,Statielei 16,2020-04-17,13:00:00,300,150,150,FMN GV 03 Hove
46,Statielei 16,2020-04-17,14:00:00,367,182,185,FMN GV 03 Hove
46,Statielei 16,2020-04-17,15:00:00,329,181,148,FMN GV 03 Hove
46,Statielei 16,2020-04-17,16:00:00,368,185,183,FMN GV 03 Hove
46,Statielei 16,2020-04-17,17:00:00,307,185,122,FMN GV 03 Hove
46,Statielei 16,2020-04-17,18:00:00,236,140,96,FMN GV 03 Hove
46,Statielei 16,2020-04-17,19:00:00,115,80,35,FMN GV 03 Hove
46,Statielei 16,2020-04-17,20:00:00,59,43,16,FMN GV 03 Hove
46,Statielei 16,2020-04-17,21:00:00,48,35,13,FMN GV 03 Hove
46,Statielei 16,2020-04-17,22:00:00,27,12,15,FMN GV 03 Hove
46,Statielei 16,2020-04-17,23:00:00,15,8,7,FMN GV 03 Hove
46,Statielei 16,2020-04-18,00:00:00,2,1,1,FMN GV 03 Hove
46,Statielei 16,2020-04-18,01:00:00,2,1,1,FMN GV 03 Hove
46,Statielei 16,2020-04-18,02:00:00,1,1,0,FMN GV 03 Hove
46,Statielei 16,2020-04-18,03:00:00,0,0,0,FMN GV 03 Hove
46,Statielei 16,2020-04-18,04:00:00,5,4,1,FMN GV 03 Hove
46,Statielei 16,2020-04-18,05:00:00,10,8,2,FMN GV 03 Hove
46,Statielei 16,2020-04-18,06:00:00,9,4,5,FMN GV 03 Hove
46,Statielei 16,2020-04-18,07:00:00,15,6,9,FMN GV 03 Hove
46,Statielei 16,2020-04-18,08:00:00,32,18,14,FMN GV 03 Hove
46,Statielei 16,2020-04-18,09:00:00,63,21,42,FMN GV 03 Hove
46,Statielei 16,2020-04-18,10:00:00,105,62,43,FMN GV 03 Hove
46,Statielei 16,2020-04-18,11:00:00,122,65,57,FMN GV 03 Hove
46,Statielei 16,2020-04-18,12:00:00,48,33,15,FMN GV 03 Hove
46,Statielei 16,2020-04-18,13:00:00,33,15,18,FMN GV 03 Hove
46,Statielei 16,2020-04-18,14:00:00,102,57,45,FMN GV 03 Hove
46,Statielei 16,2020-04-18,15:00:00,133,82,51,FMN GV 03 Hove
46,Statielei 16,2020-04-18,16:00:00,117,67,50,FMN GV 03 Hove
46,Statielei 16,2020-04-18,17:00:00,139,73,66,FMN GV 03 Hove
46,Statielei 16,2020-04-18,18:00:00,85,51,34,FMN GV 03 Hove
46,Statielei 16,2020-04-18,19:00:00,40,26,14,FMN GV 03 Hove
46,Statielei 16,2020-04-18,20:00:00,31,18,13,FMN GV 03 Hove
46,Statielei 16,2020-04-18,21:00:00,20,13,7,FMN GV 03 Hove
46,Statielei 16,2020-04-18,22:00:00,7,4,3,FMN GV 03 Hove
46,Statielei 16,2020-04-18,23:00:00,11,5,6,FMN GV 03 Hove
46,Statielei 16,2020-04-19,00:00:00,5,3,2,FMN GV 03 Hove
46,Statielei 16,2020-04-19,01:00:00,2,1,1,FMN GV 03 Hove
46,Statielei 16,2020-04-19,02:00:00,1,0,1,FMN GV 03 Hove
46,Statielei 16,2020-04-19,03:00:00,0,0,0,FMN GV 03 Hove
46,Statielei 16,2020-04-19,04:00:00,4,3,1,FMN GV 03 Hove
46,Statielei 16,2020-04-19,05:00:00,8,6,2,FMN GV 03 Hove
46,Statielei 16,2020-04-19,06:00:00,10,6,4,FMN GV 03 Hove
46,Statielei 16,2020-04-19,07:00:00,17,7,10,FMN GV 03 Hove
46,Statielei 16,2020-04-19,08:00:00,62,23,39,FMN GV 03 Hove
46,Statielei 16,2020-04-19,09:00:00,156,63,93,FMN GV 03 Hove
46,Statielei 16,2020-04-19,10:00:00,286,100,186,FMN GV 03 Hove
46,Statielei 16,2020-04-19,11:00:00,364,177,187,FMN GV 03 Hove
46,Statielei 16,2020-04-19,12:00:00,349,203,146,FMN GV 03 Hove
46,Statielei 16,2020-04-19,13:00:00,459,263,196,FMN GV 03 Hove
46,Statielei 16,2020-04-19,14:00:00,493,238,255,FMN GV 03 Hove
46,Statielei 16,2020-04-19,15:00:00,525,301,224,FMN GV 03 Hove
46,Statielei 16,2020-04-19,16:00:00,467,286,181,FMN GV 03 Hove
46,Statielei 16,2020-04-19,17:00:00,382,256,126,FMN GV 03 Hove
46,Statielei 16,2020-04-19,18:00:00,195,140,55,FMN GV 03 Hove
46,Statielei 16,2020-04-19,19:00:00,110,86,24,FMN GV 03 Hove
46,Statielei 16,2020-04-19,20:00:00,57,38,19,FMN GV 03 Hove
46,Statielei 16,2020-04-19,21:00:00,28,19,9,FMN GV 03 Hove
46,Statielei 16,2020-04-19,22:00:00,13,9,4,FMN GV 03 Hove
46,Statielei 16,2020-04-19,23:00:00,5,1,4,FMN GV 03 Hove
46,Statielei 16,2020-04-20,00:00:00,2,2,0,FMN GV 03 Hove
46,Statielei 16,2020-04-20,01:00:00,2,2,0,FMN GV 03 Hove
46,Statielei 16,2020-04-20,02:00:00,0,0,0,FMN GV 03 Hove
46,Statielei 16,2020-04-20,03:00:00,1,1,0,FMN GV 03 Hove
46,Statielei 16,2020-04-20,04:00:00,8,5,3,FMN GV 03 Hove
46,Statielei 16,2020-04-20,05:00:00,18,12,6,FMN GV 03 Hove
46,Statielei 16,2020-04-20,06:00:00,63,48,15,FMN GV 03 Hove
46,Statielei 16,2020-04-20,07:00:00,114,86,28,FMN GV 03 Hove
46,Statielei 16,2020-04-20,08:00:00,103,78,25,FMN GV 03 Hove
46,Statielei 16,2020-04-20,09:00:00,68,36,32,FMN GV 03 Hove
46,Statielei 16,2020-04-20,10:00:00,72,39,33,FMN GV 03 Hove
46,Statielei 16,2020-04-20,11:00:00,71,38,33,FMN GV 03 Hove
46,Statielei 16,2020-04-20,12:00:00,116,63,53,FMN GV 03 Hove
46,Statielei 16,2020-04-20,13:00:00,137,75,62,FMN GV 03 Hove
46,Statielei 16,2020-04-20,14:00:00,155,76,79,FMN GV 03 Hove
46,Statielei 16,2020-04-20,15:00:00,216,112,104,FMN GV 03 Hove
46,Statielei 16,2020-04-20,16:00:00,239,131,108,FMN GV 03 Hove
46,Statielei 16,2020-04-20,17:00:00,220,101,119,FMN GV 03 Hove
46,Statielei 16,2020-04-20,18:00:00,147,85,62,FMN GV 03 Hove
46,Statielei 16,2020-04-20,19:00:00,100,51,49,FMN GV 03 Hove
46,Statielei 16,2020-04-20,20:00:00,61,35,26,FMN GV 03 Hove
46,Statielei 16,2020-04-20,21:00:00,34,18,16,FMN GV 03 Hove
46,Statielei 16,2020-04-20,22:00:00,23,12,11,FMN GV 03 Hove
46,Statielei 16,2020-04-20,23:00:00,3,0,3,FMN GV 03 Hove
46,Statielei 16,2020-04-21,00:00:00,2,1,1,FMN GV 03 Hove
46,Statielei 16,2020-04-21,01:00:00,0,0,0,FMN GV 03 Hove
46,Statielei 16,2020-04-21,02:00:00,1,1,0,FMN GV 03 Hove
46,Statielei 16,2020-04-21,03:00:00,2,1,1,FMN GV 03 Hove
46,Statielei 16,2020-04-21,04:00:00,8,4,4,FMN GV 03 Hove
46,Statielei 16,2020-04-21,05:00:00,23,12,11,FMN GV 03 Hove
46,Statielei 16,2020-04-21,06:00:00,67,55,12,FMN GV 03 Hove
46,Statielei 16,2020-04-21,07:00:00,106,79,27,FMN GV 03 Hove
46,Statielei 16,2020-04-21,08:00:00,103,76,27,FMN GV 03 Hove
46,Statielei 16,2020-04-21,09:00:00,51,28,23,FMN GV 03 Hove
46,Statielei 16,2020-04-21,10:00:00,83,48,35,FMN GV 03 Hove
46,Statielei 16,2020-04-21,11:00:00,125,59,66,FMN GV 03 Hove
46,Statielei 16,2020-04-21,12:00:00,119,67,52,FMN GV 03 Hove
46,Statielei 16,2020-04-21,13:00:00,165,78,87,FMN GV 03 Hove
46,Statielei 16,2020-04-21,14:00:00,166,85,81,FMN GV 03 Hove
46,Statielei 16,2020-04-21,15:00:00,203,98,105,FMN GV 03 Hove
46,Statielei 16,2020-04-21,16:00:00,266,123,143,FMN GV 03 Hove
46,Statielei 16,2020-04-21,17:00:00,257,114,143,FMN GV 03 Hove
46,Statielei 16,2020-04-21,18:00:00,211,111,100,FMN GV 03 Hove
46,Statielei 16,2020-04-21,19:00:00,120,70,50,FMN GV 03 Hove
46,Statielei 16,2020-04-21,20:00:00,83,50,33,FMN GV 03 Hove
46,Statielei 16,2020-04-21,21:00:00,56,38,18,FMN GV 03 Hove
46,Statielei 16,2020-04-21,22:00:00,24,14,10,FMN GV 03 Hove
46,Statielei 16,2020-04-21,23:00:00,5,1,4,FMN GV 03 Hove
46,Statielei 16,2020-04-22,00:00:00,3,2,1,FMN GV 03 Hove
46,Statielei 16,2020-04-22,01:00:00,0,0,0,FMN GV 03 Hove
46,Statielei 16,2020-04-22,02:00:00,3,3,0,FMN GV 03 Hove
46,Statielei 16,2020-04-22,03:00:00,0,0,0,FMN GV 03 Hove
46,Statielei 16,2020-04-22,04:00:00,8,5,3,FMN GV 03 Hove
46,Statielei 16,2020-04-22,05:00:00,18,9,9,FMN GV 03 Hove
46,Statielei 16,2020-04-22,06:00:00,70,56,14,FMN GV 03 Hove
46,Statielei 16,2020-04-22,07:00:00,135,91,44,FMN GV 03 Hove
46,Statielei 16,2020-04-22,08:00:00,108,74,34,FMN GV 03 Hove
46,Statielei 16,2020-04-22,09:00:00,59,30,29,FMN GV 03 Hove
46,Statielei 16,2020-04-22,10:00:00,87,37,50,FMN GV 03 Hove
46,Statielei 16,2020-04-22,11:00:00,121,67,54,FMN GV 03 Hove
46,Statielei 16,2020-04-22,12:00:00,174,98,76,FMN GV 03 Hove
46,Statielei 16,2020-04-22,13:00:00,216,95,121,FMN GV 03 Hove
46,Statielei 16,2020-04-22,14:00:00,251,118,133,FMN GV 03 Hove
46,Statielei 16,2020-04-22,15:00:00,315,155,160,FMN GV 03 Hove
46,Statielei 16,2020-04-22,16:00:00,346,183,163,FMN GV 03 Hove
46,Statielei 16,2020-04-22,17:00:00,361,188,173,FMN GV 03 Hove
46,Statielei 16,2020-04-22,18:00:00,267,145,122,FMN GV 03 Hove
46,Statielei 16,2020-04-22,19:00:00,156,94,62,FMN GV 03 Hove
46,Statielei 16,2020-04-22,20:00:00,131,92,39,FMN GV 03 Hove
46,Statielei 16,2020-04-22,21:00:00,64,34,30,FMN GV 03 Hove
46,Statielei 16,2020-04-22,22:00:00,36,24,12,FMN GV 03 Hove
46,Statielei 16,2020-04-22,23:00:00,7,3,4,FMN GV 03 Hove
46,Statielei 16,2020-04-23,00:00:00,3,3,0,FMN GV 03 Hove
46,Statielei 16,2020-04-23,01:00:00,6,4,2,FMN GV 03 Hove
46,Statielei 16,2020-04-23,02:00:00,3,2,1,FMN GV 03 Hove
46,Statielei 16,2020-04-23,03:00:00,0,0,0,FMN GV 03 Hove
46,Statielei 16,2020-04-23,04:00:00,5,2,3,FMN GV 03 Hove
46,Statielei 16,2020-04-23,05:00:00,26,15,11,FMN GV 03 Hove
46,Statielei 16,2020-04-23,06:00:00,72,61,11,FMN GV 03 Hove
46,Statielei 16,2020-04-23,07:00:00,126,84,42,FMN GV 03 Hove
46,Statielei 16,2020-04-23,08:00:00,108,70,38,FMN GV 03 Hove
46,Statielei 16,2020-04-23,09:00:00,86,45,41,FMN GV 03 Hove
46,Statielei 16,2020-04-23,10:00:00,133,66,67,FMN GV 03 Hove
46,Statielei 16,2020-04-23,11:00:00,166,71,95,FMN GV 03 Hove
46,Statielei 16,2020-04-23,12:00:00,201,102,99,FMN GV 03 Hove
46,Statielei 16,2020-04-23,13:00:00,325,159,166,FMN GV 03 Hove
46,Statielei 16,2020-04-23,14:00:00,404,197,207,FMN GV 03 Hove
46,Statielei 16,2020-04-23,15:00:00,353,165,188,FMN GV 03 Hove
46,Statielei 16,2020-04-23,16:00:00,371,180,191,FMN GV 03 Hove
46,Statielei 16,2020-04-23,17:00:00,380,191,189,FMN GV 03 Hove
46,Statielei 16,2020-04-23,18:00:00,272,146,126,FMN GV 03 Hove
46,Statielei 16,2020-04-23,19:00:00,173,103,70,FMN GV 03 Hove
46,Statielei 16,2020-04-23,20:00:00,135,93,42,FMN GV 03 Hove
46,Statielei 16,2020-04-23,21:00:00,67,40,27,FMN GV 03 Hove
46,Statielei 16,2020-04-23,22:00:00,32,18,14,FMN GV 03 Hove
46,Statielei 16,2020-04-23,23:00:00,11,6,5,FMN GV 03 Hove
46,Statielei 16,2020-04-24,00:00:00,4,3,1,FMN GV 03 Hove
46,Statielei 16,2020-04-24,01:00:00,3,1,2,FMN GV 03 Hove
46,Statielei 16,2020-04-24,02:00:00,2,2,0,FMN GV 03 Hove
46,Statielei 16,2020-04-24,03:00:00,1,1,0,FMN GV 03 Hove
46,Statielei 16,2020-04-24,04:00:00,8,6,2,FMN GV 03 Hove
46,Statielei 16,2020-04-24,05:00:00,17,8,9,FMN GV 03 Hove
46,Statielei 16,2020-04-24,06:00:00,65,48,17,FMN GV 03 Hove
46,Statielei 16,2020-04-24,07:00:00,104,67,37,FMN GV 03 Hove
46,Statielei 16,2020-04-24,08:00:00,96,66,30,FMN GV 03 Hove
46,Statielei 16,2020-04-24,09:00:00,65,30,35,FMN GV 03 Hove
46,Statielei 16,2020-04-24,10:00:00,95,43,52,FMN GV 03 Hove
46,Statielei 16,2020-04-24,11:00:00,120,64,56,FMN GV 03 Hove
46,Statielei 16,2020-04-24,12:00:00,152,72,80,FMN GV 03 Hove
46,Statielei 16,2020-04-24,13:00:00,279,156,123,FMN GV 03 Hove
46,Statielei 16,2020-04-24,14:00:00,354,171,183,FMN GV 03 Hove
46,Statielei 16,2020-04-24,15:00:00,285,157,128,FMN GV 03 Hove
46,Statielei 16,2020-04-24,16:00:00,380,208,172,FMN GV 03 Hove
46,Statielei 16,2020-04-24,17:00:00,312,163,149,FMN GV 03 Hove
46,Statielei 16,2020-04-24,18:00:00,183,106,77,FMN GV 03 Hove
46,Statielei 16,2020-04-24,19:00:00,114,76,38,FMN GV 03 Hove
46,Statielei 16,2020-04-24,20:00:00,62,39,23,FMN GV 03 Hove
46,Statielei 16,2020-04-24,21:00:00,51,33,18,FMN GV 03 Hove
46,Statielei 16,2020-04-24,22:00:00,25,12,13,FMN GV 03 Hove
46,Statielei 16,2020-04-24,23:00:00,12,5,7,FMN GV 03 Hove
46,Statielei 16,2020-04-25,00:00:00,2,2,0,FMN GV 03 Hove
46,Statielei 16,2020-04-25,01:00:00,1,1,0,FMN GV 03 Hove
46,Statielei 16,2020-04-25,02:00:00,0,0,0,FMN GV 03 Hove
46,Statielei 16,2020-04-25,03:00:00,2,2,0,FMN GV 03 Hove
46,Statielei 16,2020-04-25,04:00:00,6,4,2,FMN GV 03 Hove
46,Statielei 16,2020-04-25,05:00:00,9,8,1,FMN GV 03 Hove
46,Statielei 16,2020-04-25,06:00:00,13,7,6,FMN GV 03 Hove
46,Statielei 16,2020-04-25,07:00:00,18,4,14,FMN GV 03 Hove
46,Statielei 16,2020-04-25,08:00:00,37,13,24,FMN GV 03 Hove
46,Statielei 16,2020-04-25,09:00:00,80,36,44,FMN GV 03 Hove
46,Statielei 16,2020-04-25,10:00:00,158,73,85,FMN GV 03 Hove
46,Statielei 16,2020-04-25,11:00:00,203,96,107,FMN GV 03 Hove
46,Statielei 16,2020-04-25,12:00:00,249,121,128,FMN GV 03 Hove
46,Statielei 16,2020-04-25,13:00:00,332,173,159,FMN GV 03 Hove
46,Statielei 16,2020-04-25,14:00:00,410,220,190,FMN GV 03 Hove
46,Statielei 16,2020-04-25,15:00:00,485,276,209,FMN GV 03 Hove
46,Statielei 16,2020-04-25,16:00:00,423,242,181,FMN GV 03 Hove
46,Statielei 16,2020-04-25,17:00:00,302,190,112,FMN GV 03 Hove
46,Statielei 16,2020-04-25,18:00:00,220,143,77,FMN GV 03 Hove
46,Statielei 16,2020-04-25,19:00:00,116,83,33,FMN GV 03 Hove
46,Statielei 16,2020-04-25,20:00:00,72,49,23,FMN GV 03 Hove
46,Statielei 16,2020-04-25,21:00:00,39,27,12,FMN GV 03 Hove
46,Statielei 16,2020-04-25,22:00:00,16,13,3,FMN GV 03 Hove
46,Statielei 16,2020-04-25,23:00:00,7,5,2,FMN GV 03 Hove
46,Statielei 16,2020-04-26,00:00:00,5,1,4,FMN GV 03 Hove
46,Statielei 16,2020-04-26,01:00:00,3,0,3,FMN GV 03 Hove
46,Statielei 16,2020-04-26,02:00:00,3,2,1,FMN GV 03 Hove
46,Statielei 16,2020-04-26,03:00:00,1,1,0,FMN GV 03 Hove
46,Statielei 16,2020-04-26,04:00:00,3,1,2,FMN GV 03 Hove
46,Statielei 16,2020-04-26,05:00:00,5,3,2,FMN GV 03 Hove
46,Statielei 16,2020-04-26,06:00:00,13,8,5,FMN GV 03 Hove
46,Statielei 16,2020-04-26,07:00:00,28,9,19,FMN GV 03 Hove
46,Statielei 16,2020-04-26,08:00:00,80,29,51,FMN GV 03 Hove
46,Statielei 16,2020-04-26,09:00:00,188,55,133,FMN GV 03 Hove
46,Statielei 16,2020-04-26,10:00:00,342,137,205,FMN GV 03 Hove
46,Statielei 16,2020-04-26,11:00:00,391,209,182,FMN GV 03 Hove
46,Statielei 16,2020-04-26,12:00:00,458,271,187,FMN GV 03 Hove
46,Statielei 16,2020-04-26,13:00:00,515,278,237,FMN GV 03 Hove
46,Statielei 16,2020-04-26,14:00:00,692,371,321,FMN GV 03 Hove
46,Statielei 16,2020-04-26,15:00:00,565,326,239,FMN GV 03 Hove
46,Statielei 16,2020-04-26,16:00:00,564,322,242,FMN GV 03 Hove
46,Statielei 16,2020-04-26,17:00:00,448,276,172,FMN GV 03 Hove
46,Statielei 16,2020-04-26,18:00:00,271,188,83,FMN GV 03 Hove
46,Statielei 16,2020-04-26,19:00:00,136,93,43,FMN GV 03 Hove
46,Statielei 16,2020-04-26,20:00:00,86,64,22,FMN GV 03 Hove
46,Statielei 16,2020-04-26,21:00:00,36,26,10,FMN GV 03 Hove
46,Statielei 16,2020-04-26,22:00:00,24,13,11,FMN GV 03 Hove
46,Statielei 16,2020-04-26,23:00:00,6,4,2,FMN GV 03 Hove
46,Statielei 16,2020-04-27,00:00:00,3,3,0,FMN GV 03 Hove
46,Statielei 16,2020-04-27,01:00:00,1,1,0,FMN GV 03 Hove
46,Statielei 16,2020-04-27,02:00:00,1,1,0,FMN GV 03 Hove
46,Statielei 16,2020-04-27,03:00:00,1,0,1,FMN GV 03 Hove
46,Statielei 16,2020-04-27,04:00:00,16,8,8,FMN GV 03 Hove
46,Statielei 16,2020-04-27,05:00:00,27,15,12,FMN GV 03 Hove
46,Statielei 16,2020-04-27,06:00:00,62,45,17,FMN GV 03 Hove
46,Statielei 16,2020-04-27,07:00:00,118,83,35,FMN GV 03 Hove
46,Statielei 16,2020-04-27,08:00:00,120,87,33,FMN GV 03 Hove
46,Statielei 16,2020-04-27,09:00:00,79,48,31,FMN GV 03 Hove
46,Statielei 16,2020-04-27,10:00:00,81,33,48,FMN GV 03 Hove
46,Statielei 16,2020-04-27,11:00:00,117,69,48,FMN GV 03 Hove
46,Statielei 16,2020-04-27,12:00:00,161,86,75,FMN GV 03 Hove
46,Statielei 16,2020-04-27,13:00:00,220,107,113,FMN GV 03 Hove
46,Statielei 16,2020-04-27,14:00:00,313,162,151,FMN GV 03 Hove
46,Statielei 16,2020-04-27,15:00:00,348,181,167,FMN GV 03 Hove
46,Statielei 16,2020-04-27,16:00:00,357,178,179,FMN GV 03 Hove
46,Statielei 16,2020-04-27,17:00:00,344,180,164,FMN GV 03 Hove
46,Statielei 16,2020-04-27,18:00:00,228,137,91,FMN GV 03 Hove
46,Statielei 16,2020-04-27,19:00:00,173,105,68,FMN GV 03 Hove
46,Statielei 16,2020-04-27,20:00:00,103,64,39,FMN GV 03 Hove
46,Statielei 16,2020-04-27,21:00:00,42,28,14,FMN GV 03 Hove
46,Statielei 16,2020-04-27,22:00:00,24,16,8,FMN GV 03 Hove
46,Statielei 16,2020-04-27,23:00:00,9,4,5,FMN GV 03 Hove
46,Statielei 16,2020-04-28,00:00:00,3,2,1,FMN GV 03 Hove
46,Statielei 16,2020-04-28,01:00:00,0,0,0,FMN GV 03 Hove
46,Statielei 16,2020-04-28,02:00:00,1,1,0,FMN GV 03 Hove
46,Statielei 16,2020-04-28,03:00:00,1,0,1,FMN GV 03 Hove
46,Statielei 16,2020-04-28,04:00:00,12,6,6,FMN GV 03 Hove
46,Statielei 16,2020-04-28,05:00:00,23,14,9,FMN GV 03 Hove
46,Statielei 16,2020-04-28,06:00:00,51,41,10,FMN GV 03 Hove
46,Statielei 16,2020-04-28,07:00:00,89,66,23,FMN GV 03 Hove
46,Statielei 16,2020-04-28,08:00:00,65,42,23,FMN GV 03 Hove
46,Statielei 16,2020-04-28,09:00:00,21,16,5,FMN GV 03 Hove
46,Statielei 16,2020-04-28,10:00:00,23,8,15,FMN GV 03 Hove
46,Statielei 16,2020-04-28,11:00:00,20,12,8,FMN GV 03 Hove
46,Statielei 16,2020-04-28,12:00:00,29,18,11,FMN GV 03 Hove
46,Statielei 16,2020-04-28,13:00:00,30,16,14,FMN GV 03 Hove
46,Statielei 16,2020-04-28,14:00:00,38,14,24,FMN GV 03 Hove
46,Statielei 16,2020-04-28,15:00:00,44,15,29,FMN GV 03 Hove
46,Statielei 16,2020-04-28,16:00:00,89,33,56,FMN GV 03 Hove
46,Statielei 16,2020-04-28,17:00:00,102,34,68,FMN GV 03 Hove
46,Statielei 16,2020-04-28,18:00:00,80,34,46,FMN GV 03 Hove
46,Statielei 16,2020-04-28,19:00:00,35,19,16,FMN GV 03 Hove
46,Statielei 16,2020-04-28,20:00:00,23,13,10,FMN GV 03 Hove
46,Statielei 16,2020-04-28,21:00:00,23,16,7,FMN GV 03 Hove
46,Statielei 16,2020-04-28,22:00:00,10,5,5,FMN GV 03 Hove
46,Statielei 16,2020-04-28,23:00:00,5,3,2,FMN GV 03 Hove
46,Statielei 16,2020-04-29,00:00:00,1,1,0,FMN GV 03 Hove
46,Statielei 16,2020-04-29,01:00:00,1,0,1,FMN GV 03 Hove
46,Statielei 16,2020-04-29,02:00:00,2,2,0,FMN GV 03 Hove
46,Statielei 16,2020-04-29,03:00:00,2,2,0,FMN GV 03 Hove
46,Statielei 16,2020-04-29,04:00:00,9,4,5,FMN GV 03 Hove
46,Statielei 16,2020-04-29,05:00:00,18,11,7,FMN GV 03 Hove
46,Statielei 16,2020-04-29,06:00:00,57,42,15,FMN GV 03 Hove
46,Statielei 16,2020-04-29,07:00:00,101,74,27,FMN GV 03 Hove
46,Statielei 16,2020-04-29,08:00:00,72,46,26,FMN GV 03 Hove
46,Statielei 16,2020-04-29,09:00:00,41,21,20,FMN GV 03 Hove
46,Statielei 16,2020-04-29,10:00:00,55,27,28,FMN GV 03 Hove
46,Statielei 16,2020-04-29,11:00:00,44,24,20,FMN GV 03 Hove
46,Statielei 16,2020-04-29,12:00:00,84,43,41,FMN GV 03 Hove
46,Statielei 16,2020-04-29,13:00:00,128,68,60,FMN GV 03 Hove
46,Statielei 16,2020-04-29,14:00:00,157,82,75,FMN GV 03 Hove
46,Statielei 16,2020-04-29,15:00:00,150,74,76,FMN GV 03 Hove
46,Statielei 16,2020-04-29,16:00:00,203,95,108,FMN GV 03 Hove
46,Statielei 16,2020-04-29,17:00:00,164,77,87,FMN GV 03 Hove
46,Statielei 16,2020-04-29,18:00:00,86,44,42,FMN GV 03 Hove
46,Statielei 16,2020-04-29,19:00:00,41,26,15,FMN GV 03 Hove
46,Statielei 16,2020-04-29,20:00:00,31,19,12,FMN GV 03 Hove
46,Statielei 16,2020-04-29,21:00:00,21,9,12,FMN GV 03 Hove
46,Statielei 16,2020-04-29,22:00:00,22,11,11,FMN GV 03 Hove
46,Statielei 16,2020-04-29,23:00:00,2,2,0,FMN GV 03 Hove
46,Statielei 16,2020-04-30,00:00:00,2,0,2,FMN GV 03 Hove
46,Statielei 16,2020-04-30,01:00:00,1,1,0,FMN GV 03 Hove
46,Statielei 16,2020-04-30,02:00:00,2,2,0,FMN GV 03 Hove
46,Statielei 16,2020-04-30,03:00:00,0,0,0,FMN GV 03 Hove
46,Statielei 16,2020-04-30,04:00:00,10,6,4,FMN GV 03 Hove
46,Statielei 16,2020-04-30,05:00:00,9,6,3,FMN GV 03 Hove
46,Statielei 16,2020-04-30,06:00:00,39,29,10,FMN GV 03 Hove
46,Statielei 16,2020-04-30,07:00:00,69,50,19,FMN GV 03 Hove
46,Statielei 16,2020-04-30,08:00:00,74,44,30,FMN GV 03 Hove
46,Statielei 16,2020-04-30,09:00:00,51,32,19,FMN GV 03 Hove
46,Statielei 16,2020-04-30,10:00:00,68,39,29,FMN GV 03 Hove
46,Statielei 16,2020-04-30,11:00:00,65,32,33,FMN GV 03 Hove
46,Statielei 16,2020-04-30,12:00:00,89,55,34,FMN GV 03 Hove
46,Statielei 16,2020-04-30,13:00:00,98,47,51,FMN GV 03 Hove
46,Statielei 16,2020-04-30,14:00:00,117,54,63,FMN GV 03 Hove
46,Statielei 16,2020-04-30,15:00:00,155,82,73,FMN GV 03 Hove
46,Statielei 16,2020-04-30,16:00:00,148,83,65,FMN GV 03 Hove
46,Statielei 16,2020-04-30,17:00:00,146,73,73,FMN GV 03 Hove
46,Statielei 16,2020-04-30,18:00:00,117,67,50,FMN GV 03 Hove
46,Statielei 16,2020-04-30,19:00:00,43,21,22,FMN GV 03 Hove
46,Statielei 16,2020-04-30,20:00:00,34,15,19,FMN GV 03 Hove
46,Statielei 16,2020-04-30,21:00:00,13,9,4,FMN GV 03 Hove
46,Statielei 16,2020-04-30,22:00:00,14,7,7,FMN GV 03 Hove
46,Statielei 16,2020-04-30,23:00:00,8,3,5,FMN GV 03 Hove
46,Statielei 16,2020-05-01,00:00:00,5,1,4,FMN GV 03 Hove
46,Statielei 16,2020-05-01,01:00:00,1,0,1,FMN GV 03 Hove
46,Statielei 16,2020-05-01,02:00:00,1,1,0,FMN GV 03 Hove
46,Statielei 16,2020-05-01,03:00:00,0,0,0,FMN GV 03 Hove
46,Statielei 16,2020-05-01,04:00:00,2,2,0,FMN GV 03 Hove
46,Statielei 16,2020-05-01,05:00:00,2,2,0,FMN GV 03 Hove
46,Statielei 16,2020-05-01,06:00:00,6,4,2,FMN GV 03 Hove
46,Statielei 16,2020-05-01,07:00:00,15,6,9,FMN GV 03 Hove
46,Statielei 16,2020-05-01,08:00:00,29,11,18,FMN GV 03 Hove
46,Statielei 16,2020-05-01,09:00:00,76,36,40,FMN GV 03 Hove
46,Statielei 16,2020-05-01,10:00:00,117,54,63,FMN GV 03 Hove
46,Statielei 16,2020-05-01,11:00:00,132,64,68,FMN GV 03 Hove
46,Statielei 16,2020-05-01,12:00:00,128,73,55,FMN GV 03 Hove
46,Statielei 16,2020-05-01,13:00:00,75,47,28,FMN GV 03 Hove
46,Statielei 16,2020-05-01,14:00:00,103,58,45,FMN GV 03 Hove
46,Statielei 16,2020-05-01,15:00:00,93,46,47,FMN GV 03 Hove
46,Statielei 16,2020-05-01,16:00:00,121,71,50,FMN GV 03 Hove
46,Statielei 16,2020-05-01,17:00:00,77,42,35,FMN GV 03 Hove
46,Statielei 16,2020-05-01,18:00:00,38,24,14,FMN GV 03 Hove
46,Statielei 16,2020-05-01,19:00:00,39,26,13,FMN GV 03 Hove
46,Statielei 16,2020-05-01,20:00:00,27,18,9,FMN GV 03 Hove
46,Statielei 16,2020-05-01,21:00:00,21,11,10,FMN GV 03 Hove
46,Statielei 16,2020-05-01,22:00:00,11,5,6,FMN GV 03 Hove
46,Statielei 16,2020-05-01,23:00:00,5,2,3,FMN GV 03 Hove
46,Statielei 16,2020-05-02,00:00:00,4,3,1,FMN GV 03 Hove
46,Statielei 16,2020-05-02,01:00:00,2,0,2,FMN GV 03 Hove
46,Statielei 16,2020-05-02,02:00:00,1,1,0,FMN GV 03 Hove
46,Statielei 16,2020-05-02,03:00:00,0,0,0,FMN GV 03 Hove
46,Statielei 16,2020-05-02,04:00:00,6,2,4,FMN GV 03 Hove
46,Statielei 16,2020-05-02,05:00:00,5,4,1,FMN GV 03 Hove
46,Statielei 16,2020-05-02,06:00:00,9,4,5,FMN GV 03 Hove
46,Statielei 16,2020-05-02,07:00:00,7,2,5,FMN GV 03 Hove
46,Statielei 16,2020-05-02,08:00:00,12,6,6,FMN GV 03 Hove
46,Statielei 16,2020-05-02,09:00:00,26,13,13,FMN GV 03 Hove
46,Statielei 16,2020-05-02,10:00:00,36,19,17,FMN GV 03 Hove
46,Statielei 16,2020-05-02,11:00:00,43,18,25,FMN GV 03 Hove
46,Statielei 16,2020-05-02,12:00:00,42,19,23,FMN GV 03 Hove
46,Statielei 16,2020-05-02,13:00:00,76,34,42,FMN GV 03 Hove
46,Statielei 16,2020-05-02,14:00:00,194,90,104,FMN GV 03 Hove
46,Statielei 16,2020-05-02,15:00:00,249,128,121,FMN GV 03 Hove
46,Statielei 16,2020-05-02,16:00:00,246,126,120,FMN GV 03 Hove
46,Statielei 16,2020-05-02,17:00:00,210,131,79,FMN GV 03 Hove
46,Statielei 16,2020-05-02,18:00:00,107,63,44,FMN GV 03 Hove
46,Statielei 16,2020-05-02,19:00:00,57,43,14,FMN GV 03 Hove
46,Statielei 16,2020-05-02,20:00:00,41,31,10,FMN GV 03 Hove
46,Statielei 16,2020-05-02,21:00:00,27,17,10,FMN GV 03 Hove
46,Statielei 16,2020-05-02,22:00:00,9,2,7,FMN GV 03 Hove
46,Statielei 16,2020-05-02,23:00:00,4,2,2,FMN GV 03 Hove
46,Statielei 16,2020-05-03,00:00:00,4,0,4,FMN GV 03 Hove
46,Statielei 16,2020-05-03,01:00:00,2,1,1,FMN GV 03 Hove
46,Statielei 16,2020-05-03,02:00:00,1,0,1,FMN GV 03 Hove
46,Statielei 16,2020-05-03,03:00:00,2,1,1,FMN GV 03 Hove
46,Statielei 16,2020-05-03,04:00:00,2,2,0,FMN GV 03 Hove
46,Statielei 16,2020-05-03,05:00:00,3,3,0,FMN GV 03 Hove
46,Statielei 16,2020-05-03,06:00:00,18,6,12,FMN GV 03 Hove
46,Statielei 16,2020-05-03,07:00:00,42,12,30,FMN GV 03 Hove
46,Statielei 16,2020-05-03,08:00:00,77,22,55,FMN GV 03 Hove
46,Statielei 16,2020-05-03,09:00:00,214,66,148,FMN GV 03 Hove
46,Statielei 16,2020-05-03,10:00:00,349,148,201,FMN GV 03 Hove
46,Statielei 16,2020-05-03,11:00:00,455,224,231,FMN GV 03 Hove
46,Statielei 16,2020-05-03,12:00:00,507,288,219,FMN GV 03 Hove
46,Statielei 16,2020-05-03,13:00:00,569,332,237,FMN GV 03 Hove
46,Statielei 16,2020-05-03,14:00:00,666,378,288,FMN GV 03 Hove
46,Statielei 16,2020-05-03,15:00:00,555,307,248,FMN GV 03 Hove
46,Statielei 16,2020-05-03,16:00:00,496,296,200,FMN GV 03 Hove
46,Statielei 16,2020-05-03,17:00:00,429,275,154,FMN GV 03 Hove
46,Statielei 16,2020-05-03,18:00:00,229,150,79,FMN GV 03 Hove
46,Statielei 16,2020-05-03,19:00:00,94,50,44,FMN GV 03 Hove
46,Statielei 16,2020-05-03,20:00:00,58,38,20,FMN GV 03 Hove
46,Statielei 16,2020-05-03,21:00:00,25,19,6,FMN GV 03 Hove
46,Statielei 16,2020-05-03,22:00:00,16,6,10,FMN GV 03 Hove
46,Statielei 16,2020-05-03,23:00:00,9,5,4,FMN GV 03 Hove
46,Statielei 16,2020-05-04,00:00:00,4,1,3,FMN GV 03 Hove
46,Statielei 16,2020-05-04,01:00:00,2,2,0,FMN GV 03 Hove
46,Statielei 16,2020-05-04,02:00:00,1,1,0,FMN GV 03 Hove
46,Statielei 16,2020-05-04,03:00:00,1,0,1,FMN GV 03 Hove
46,Statielei 16,2020-05-04,04:00:00,12,7,5,FMN GV 03 Hove
46,Statielei 16,2020-05-04,05:00:00,23,14,9,FMN GV 03 Hove
46,Statielei 16,2020-05-04,06:00:00,57,41,16,FMN GV 03 Hove
46,Statielei 16,2020-05-04,07:00:00,120,85,35,FMN GV 03 Hove
46,Statielei 16,2020-05-04,08:00:00,85,61,24,FMN GV 03 Hove
46,Statielei 16,2020-05-04,09:00:00,40,30,10,FMN GV 03 Hove
46,Statielei 16,2020-05-04,10:00:00,25,18,7,FMN GV 03 Hove
46,Statielei 16,2020-05-04,11:00:00,40,22,18,FMN GV 03 Hove
46,Statielei 16,2020-05-04,12:00:00,65,37,28,FMN GV 03 Hove
46,Statielei 16,2020-05-04,13:00:00,108,52,56,FMN GV 03 Hove
46,Statielei 16,2020-05-04,14:00:00,142,78,64,FMN GV 03 Hove
46,Statielei 16,2020-05-04,15:00:00,148,71,77,FMN GV 03 Hove
46,Statielei 16,2020-05-04,16:00:00,194,100,94,FMN GV 03 Hove
46,Statielei 16,2020-05-04,17:00:00,203,92,111,FMN GV 03 Hove
46,Statielei 16,2020-05-04,18:00:00,103,56,47,FMN GV 03 Hove
46,Statielei 16,2020-05-04,19:00:00,96,60,36,FMN GV 03 Hove
46,Statielei 16,2020-05-04,20:00:00,63,33,30,FMN GV 03 Hove
46,Statielei 16,2020-05-04,21:00:00,39,26,13,FMN GV 03 Hove
46,Statielei 16,2020-05-04,22:00:00,16,7,9,FMN GV 03 Hove
46,Statielei 16,2020-05-04,23:00:00,9,6,3,FMN GV 03 Hove
46,Statielei 16,2020-05-05,00:00:00,3,2,1,FMN GV 03 Hove
46,Statielei 16,2020-05-05,01:00:00,4,2,2,FMN GV 03 Hove
46,Statielei 16,2020-05-05,02:00:00,1,1,0,FMN GV 03 Hove
46,Statielei 16,2020-05-05,03:00:00,2,1,1,FMN GV 03 Hove
46,Statielei 16,2020-05-05,04:00:00,12,6,6,FMN GV 03 Hove
46,Statielei 16,2020-05-05,05:00:00,20,11,9,FMN GV 03 Hove
46,Statielei 16,2020-05-05,06:00:00,71,58,13,FMN GV 03 Hove
46,Statielei 16,2020-05-05,07:00:00,161,114,47,FMN GV 03 Hove
46,Statielei 16,2020-05-05,08:00:00,125,88,37,FMN GV 03 Hove
46,Statielei 16,2020-05-05,09:00:00,88,44,44,FMN GV 03 Hove
46,Statielei 16,2020-05-05,10:00:00,80,51,29,FMN GV 03 Hove
46,Statielei 16,2020-05-05,11:00:00,87,49,38,FMN GV 03 Hove
46,Statielei 16,2020-05-05,12:00:00,114,58,56,FMN GV 03 Hove
46,Statielei 16,2020-05-05,13:00:00,160,74,86,FMN GV 03 Hove
46,Statielei 16,2020-05-05,14:00:00,176,97,79,FMN GV 03 Hove
46,Statielei 16,2020-05-05,15:00:00,216,93,123,FMN GV 03 Hove
46,Statielei 16,2020-05-05,16:00:00,251,121,130,FMN GV 03 Hove
46,Statielei 16,2020-05-05,17:00:00,303,132,171,FMN GV 03 Hove
46,Statielei 16,2020-05-05,18:00:00,206,102,104,FMN GV 03 Hove
46,Statielei 16,2020-05-05,19:00:00,148,91,57,FMN GV 03 Hove
46,Statielei 16,2020-05-05,20:00:00,99,64,35,FMN GV 03 Hove
46,Statielei 16,2020-05-05,21:00:00,48,30,18,FMN GV 03 Hove
46,Statielei 16,2020-05-05,22:00:00,18,10,8,FMN GV 03 Hove
46,Statielei 16,2020-05-05,23:00:00,8,3,5,FMN GV 03 Hove
46,Statielei 16,2020-05-06,00:00:00,1,0,1,FMN GV 03 Hove
46,Statielei 16,2020-05-06,01:00:00,3,1,2,FMN GV 03 Hove
46,Statielei 16,2020-05-06,02:00:00,2,2,0,FMN GV 03 Hove
46,Statielei 16,2020-05-06,03:00:00,1,0,1,FMN GV 03 Hove
46,Statielei 16,2020-05-06,04:00:00,11,6,5,FMN GV 03 Hove
46,Statielei 16,2020-05-06,05:00:00,22,13,9,FMN GV 03 Hove
46,Statielei 16,2020-05-06,06:00:00,76,54,22,FMN GV 03 Hove
46,Statielei 16,2020-05-06,07:00:00,141,106,35,FMN GV 03 Hove
46,Statielei 16,2020-05-06,08:00:00,107,73,34,FMN GV 03 Hove
46,Statielei 16,2020-05-06,09:00:00,88,48,40,FMN GV 03 Hove
46,Statielei 16,2020-05-06,10:00:00,115,54,61,FMN GV 03 Hove
46,Statielei 16,2020-05-06,11:00:00,138,64,74,FMN GV 03 Hove
46,Statielei 16,2020-05-06,12:00:00,180,101,79,FMN GV 03 Hove
46,Statielei 16,2020-05-06,13:00:00,208,92,116,FMN GV 03 Hove
46,Statielei 16,2020-05-06,14:00:00,285,137,148,FMN GV 03 Hove
46,Statielei 16,2020-05-06,15:00:00,326,169,157,FMN GV 03 Hove
46,Statielei 16,2020-05-06,16:00:00,361,180,181,FMN GV 03 Hove
46,Statielei 16,2020-05-06,17:00:00,342,163,179,FMN GV 03 Hove
46,Statielei 16,2020-05-06,18:00:00,262,145,117,FMN GV 03 Hove
46,Statielei 16,2020-05-06,19:00:00,199,118,81,FMN GV 03 Hove
46,Statielei 16,2020-05-06,20:00:00,141,103,38,FMN GV 03 Hove
46,Statielei 16,2020-05-06,21:00:00,85,58,27,FMN GV 03 Hove
46,Statielei 16,2020-05-06,22:00:00,40,24,16,FMN GV 03 Hove
46,Statielei 16,2020-05-06,23:00:00,12,5,7,FMN GV 03 Hove
46,Statielei 16,2020-05-07,00:00:00,4,3,1,FMN GV 03 Hove
46,Statielei 16,2020-05-07,01:00:00,4,2,2,FMN GV 03 Hove
46,Statielei 16,2020-05-07,02:00:00,1,1,0,FMN GV 03 Hove
46,Statielei 16,2020-05-07,03:00:00,0,0,0,FMN GV 03 Hove
46,Statielei 16,2020-05-07,04:00:00,7,5,2,FMN GV 03 Hove
46,Statielei 16,2020-05-07,05:00:00,27,19,8,FMN GV 03 Hove
46,Statielei 16,2020-05-07,06:00:00,82,53,29,FMN GV 03 Hove
46,Statielei 16,2020-05-07,07:00:00,145,100,45,FMN GV 03 Hove
46,Statielei 16,2020-05-07,08:00:00,139,89,50,FMN GV 03 Hove
46,Statielei 16,2020-05-07,09:00:00,84,46,38,FMN GV 03 Hove
46,Statielei 16,2020-05-07,10:00:00,118,53,65,FMN GV 03 Hove
46,Statielei 16,2020-05-07,11:00:00,143,63,80,FMN GV 03 Hove
46,Statielei 16,2020-05-07,12:00:00,197,105,92,FMN GV 03 Hove
46,Statielei 16,2020-05-07,13:00:00,269,136,133,FMN GV 03 Hove
46,Statielei 16,2020-05-07,14:00:00,338,158,180,FMN GV 03 Hove
46,Statielei 16,2020-05-07,15:00:00,330,170,160,FMN GV 03 Hove
46,Statielei 16,2020-05-07,16:00:00,416,217,199,FMN GV 03 Hove
46,Statielei 16,2020-05-07,17:00:00,376,179,197,FMN GV 03 Hove
46,Statielei 16,2020-05-07,18:00:00,282,139,143,FMN GV 03 Hove
46,Statielei 16,2020-05-07,19:00:00,156,102,54,FMN GV 03 Hove
46,Statielei 16,2020-05-07,20:00:00,133,102,31,FMN GV 03 Hove
46,Statielei 16,2020-05-07,21:00:00,74,44,30,FMN GV 03 Hove
46,Statielei 16,2020-05-07,22:00:00,35,17,18,FMN GV 03 Hove
46,Statielei 16,2020-05-07,23:00:00,13,6,7,FMN GV 03 Hove
46,Statielei 16,2020-05-08,00:00:00,7,4,3,FMN GV 03 Hove
46,Statielei 16,2020-05-08,01:00:00,7,3,4,FMN GV 03 Hove
46,Statielei 16,2020-05-08,02:00:00,1,1,0,FMN GV 03 Hove
46,Statielei 16,2020-05-08,03:00:00,0,0,0,FMN GV 03 Hove
46,Statielei 16,2020-05-08,04:00:00,6,4,2,FMN GV 03 Hove
46,Statielei 16,2020-05-08,05:00:00,22,13,9,FMN GV 03 Hove
46,Statielei 16,2020-05-08,06:00:00,70,45,25,FMN GV 03 Hove
46,Statielei 16,2020-05-08,07:00:00,151,104,47,FMN GV 03 Hove
46,Statielei 16,2020-05-08,08:00:00,104,63,41,FMN GV 03 Hove
46,Statielei 16,2020-05-08,09:00:00,95,50,45,FMN GV 03 Hove
46,Statielei 16,2020-05-08,10:00:00,125,63,62,FMN GV 03 Hove
46,Statielei 16,2020-05-08,11:00:00,183,89,94,FMN GV 03 Hove
46,Statielei 16,2020-05-08,12:00:00,205,94,111,FMN GV 03 Hove
46,Statielei 16,2020-05-08,13:00:00,271,119,152,FMN GV 03 Hove
46,Statielei 16,2020-05-08,14:00:00,358,192,166,FMN GV 03 Hove
46,Statielei 16,2020-05-08,15:00:00,340,185,155,FMN GV 03 Hove
46,Statielei 16,2020-05-08,16:00:00,340,183,157,FMN GV 03 Hove
46,Statielei 16,2020-05-08,17:00:00,350,202,148,FMN GV 03 Hove
46,Statielei 16,2020-05-08,18:00:00,229,126,103,FMN GV 03 Hove
46,Statielei 16,2020-05-08,19:00:00,133,92,41,FMN GV 03 Hove
46,Statielei 16,2020-05-08,20:00:00,98,62,36,FMN GV 03 Hove
46,Statielei 16,2020-05-08,21:00:00,67,49,18,FMN GV 03 Hove
46,Statielei 16,2020-05-08,22:00:00,36,25,11,FMN GV 03 Hove
46,Statielei 16,2020-05-08,23:00:00,21,8,13,FMN GV 03 Hove
46,Statielei 16,2020-05-09,00:00:00,9,4,5,FMN GV 03 Hove
46,Statielei 16,2020-05-09,01:00:00,3,3,0,FMN GV 03 Hove
46,Statielei 16,2020-05-09,02:00:00,5,1,4,FMN GV 03 Hove
46,Statielei 16,2020-05-09,03:00:00,1,0,1,FMN GV 03 Hove
46,Statielei 16,2020-05-09,04:00:00,2,1,1,FMN GV 03 Hove
46,Statielei 16,2020-05-09,05:00:00,7,3,4,FMN GV 03 Hove
46,Statielei 16,2020-05-09,06:00:00,25,17,8,FMN GV 03 Hove
46,Statielei 16,2020-05-09,07:00:00,40,11,29,FMN GV 03 Hove
46,Statielei 16,2020-05-09,08:00:00,69,19,50,FMN GV 03 Hove
46,Statielei 16,2020-05-09,09:00:00,217,73,144,FMN GV 03 Hove
46,Statielei 16,2020-05-09,10:00:00,304,114,190,FMN GV 03 Hove
46,Statielei 16,2020-05-09,11:00:00,369,193,176,FMN GV 03 Hove
46,Statielei 16,2020-05-09,12:00:00,411,200,211,FMN GV 03 Hove
46,Statielei 16,2020-05-09,13:00:00,528,275,253,FMN GV 03 Hove
46,Statielei 16,2020-05-09,14:00:00,590,321,269,FMN GV 03 Hove
46,Statielei 16,2020-05-09,15:00:00,590,324,266,FMN GV 03 Hove
46,Statielei 16,2020-05-09,16:00:00,527,307,220,FMN GV 03 Hove
46,Statielei 16,2020-05-09,17:00:00,489,310,179,FMN GV 03 Hove
46,Statielei 16,2020-05-09,18:00:00,307,200,107,FMN GV 03 Hove
46,Statielei 16,2020-05-09,19:00:00,157,109,48,FMN GV 03 Hove
46,Statielei 16,2020-05-09,20:00:00,142,91,51,FMN GV 03 Hove
46,Statielei 16,2020-05-09,21:00:00,98,76,22,FMN GV 03 Hove
46,Statielei 16,2020-05-09,22:00:00,51,34,17,FMN GV 03 Hove
46,Statielei 16,2020-05-09,23:00:00,23,15,8,FMN GV 03 Hove
46,Statielei 16,2020-05-10,00:00:00,18,14,4,FMN GV 03 Hove
46,Statielei 16,2020-05-10,01:00:00,8,4,4,FMN GV 03 Hove
46,Statielei 16,2020-05-10,02:00:00,1,1,0,FMN GV 03 Hove
46,Statielei 16,2020-05-10,03:00:00,3,3,0,FMN GV 03 Hove
46,Statielei 16,2020-05-10,04:00:00,2,1,1,FMN GV 03 Hove
46,Statielei 16,2020-05-10,05:00:00,8,7,1,FMN GV 03 Hove
46,Statielei 16,2020-05-10,06:00:00,18,13,5,FMN GV 03 Hove
46,Statielei 16,2020-05-10,07:00:00,10,7,3,FMN GV 03 Hove
46,Statielei 16,2020-05-10,08:00:00,36,8,28,FMN GV 03 Hove
46,Statielei 16,2020-05-10,09:00:00,98,47,51,FMN GV 03 Hove
46,Statielei 16,2020-05-10,10:00:00,131,58,73,FMN GV 03 Hove
46,Statielei 16,2020-05-10,11:00:00,202,82,120,FMN GV 03 Hove
46,Statielei 16,2020-05-10,12:00:00,177,106,71,FMN GV 03 Hove
46,Statielei 16,2020-05-10,13:00:00,164,94,70,FMN GV 03 Hove
46,Statielei 16,2020-05-10,14:00:00,247,150,97,FMN GV 03 Hove
46,Statielei 16,2020-05-10,15:00:00,230,129,101,FMN GV 03 Hove
46,Statielei 16,2020-05-10,16:00:00,99,62,37,FMN GV 03 Hove
46,Statielei 16,2020-05-10,17:00:00,73,50,23,FMN GV 03 Hove
46,Statielei 16,2020-05-10,18:00:00,37,22,15,FMN GV 03 Hove
46,Statielei 16,2020-05-10,19:00:00,30,22,8,FMN GV 03 Hove
46,Statielei 16,2020-05-10,20:00:00,22,11,11,FMN GV 03 Hove
46,Statielei 16,2020-05-10,21:00:00,26,16,10,FMN GV 03 Hove
46,Statielei 16,2020-05-10,22:00:00,8,6,2,FMN GV 03 Hove
46,Statielei 16,2020-05-10,23:00:00,3,1,2,FMN GV 03 Hove
46,Statielei 16,2020-05-11,00:00:00,3,2,1,FMN GV 03 Hove
46,Statielei 16,2020-05-11,01:00:00,0,0,0,FMN GV 03 Hove
46,Statielei 16,2020-05-11,02:00:00,0,0,0,FMN GV 03 Hove
46,Statielei 16,2020-05-11,03:00:00,0,0,0,FMN GV 03 Hove
46,Statielei 16,2020-05-11,04:00:00,8,5,3,FMN GV 03 Hove
46,Statielei 16,2020-05-11,05:00:00,14,8,6,FMN GV 03 Hove
46,Statielei 16,2020-05-11,06:00:00,61,44,17,FMN GV 03 Hove
46,Statielei 16,2020-05-11,07:00:00,118,93,25,FMN GV 03 Hove
46,Statielei 16,2020-05-11,08:00:00,97,65,32,FMN GV 03 Hove
46,Statielei 16,2020-05-11,09:00:00,49,40,9,FMN GV 03 Hove
46,Statielei 16,2020-05-11,10:00:00,41,20,21,FMN GV 03 Hove
46,Statielei 16,2020-05-11,11:00:00,36,22,14,FMN GV 03 Hove
46,Statielei 16,2020-05-11,12:00:00,72,42,30,FMN GV 03 Hove
46,Statielei 16,2020-05-11,13:00:00,80,45,35,FMN GV 03 Hove
46,Statielei 16,2020-05-11,14:00:00,66,33,33,FMN GV 03 Hove
46,Statielei 16,2020-05-11,15:00:00,110,52,58,FMN GV 03 Hove
46,Statielei 16,2020-05-11,16:00:00,150,57,93,FMN GV 03 Hove
46,Statielei 16,2020-05-11,17:00:00,146,66,80,FMN GV 03 Hove
46,Statielei 16,2020-05-11,18:00:00,105,47,58,FMN GV 03 Hove
46,Statielei 16,2020-05-11,19:00:00,59,34,25,FMN GV 03 Hove
46,Statielei 16,2020-05-11,20:00:00,47,31,16,FMN GV 03 Hove
46,Statielei 16,2020-05-11,21:00:00,12,5,7,FMN GV 03 Hove
46,Statielei 16,2020-05-11,22:00:00,15,6,9,FMN GV 03 Hove
46,Statielei 16,2020-05-11,23:00:00,2,1,1,FMN GV 03 Hove
46,Statielei 16,2020-05-12,00:00:00,3,2,1,FMN GV 03 Hove
46,Statielei 16,2020-05-12,01:00:00,2,2,0,FMN GV 03 Hove
46,Statielei 16,2020-05-12,02:00:00,3,3,0,FMN GV 03 Hove
46,Statielei 16,2020-05-12,03:00:00,1,0,1,FMN GV 03 Hove
46,Statielei 16,2020-05-12,04:00:00,8,4,4,FMN GV 03 Hove
46,Statielei 16,2020-05-12,05:00:00,21,17,4,FMN GV 03 Hove
46,Statielei 16,2020-05-12,06:00:00,64,47,17,FMN GV 03 Hove
46,Statielei 16,2020-05-12,07:00:00,145,107,38,FMN GV 03 Hove
46,Statielei 16,2020-05-12,08:00:00,116,78,38,FMN GV 03 Hove
46,Statielei 16,2020-05-12,09:00:00,70,40,30,FMN GV 03 Hove
46,Statielei 16,2020-05-12,10:00:00,74,37,37,FMN GV 03 Hove
46,Statielei 16,2020-05-12,11:00:00,80,45,35,FMN GV 03 Hove
46,Statielei 16,2020-05-12,12:00:00,91,47,44,FMN GV 03 Hove
46,Statielei 16,2020-05-12,13:00:00,113,66,47,FMN GV 03 Hove
46,Statielei 16,2020-05-12,14:00:00,141,63,78,FMN GV 03 Hove
46,Statielei 16,2020-05-12,15:00:00,129,69,60,FMN GV 03 Hove
46,Statielei 16,2020-05-12,16:00:00,207,84,123,FMN GV 03 Hove
46,Statielei 16,2020-05-12,17:00:00,197,73,124,FMN GV 03 Hove
46,Statielei 16,2020-05-12,18:00:00,138,72,66,FMN GV 03 Hove
46,Statielei 16,2020-05-12,19:00:00,88,53,35,FMN GV 03 Hove
46,Statielei 16,2020-05-12,20:00:00,61,42,19,FMN GV 03 Hove
46,Statielei 16,2020-05-12,21:00:00,45,25,20,FMN GV 03 Hove
46,Statielei 16,2020-05-12,22:00:00,20,11,9,FMN GV 03 Hove
46,Statielei 16,2020-05-12,23:00:00,5,2,3,FMN GV 03 Hove
46,Statielei 16,2020-05-13,00:00:00,3,3,0,FMN GV 03 Hove
46,Statielei 16,2020-05-13,01:00:00,3,1,2,FMN GV 03 Hove
46,Statielei 16,2020-05-13,02:00:00,0,0,0,FMN GV 03 Hove
46,Statielei 16,2020-05-13,03:00:00,3,0,3,FMN GV 03 Hove
46,Statielei 16,2020-05-13,04:00:00,12,10,2,FMN GV 03 Hove
46,Statielei 16,2020-05-13,05:00:00,24,17,7,FMN GV 03 Hove
46,Statielei 16,2020-05-13,06:00:00,72,54,18,FMN GV 03 Hove
46,Statielei 16,2020-05-13,07:00:00,151,107,44,FMN GV 03 Hove
46,Statielei 16,2020-05-13,08:00:00,123,83,40,FMN GV 03 Hove
46,Statielei 16,2020-05-13,09:00:00,79,44,35,FMN GV 03 Hove
46,Statielei 16,2020-05-13,10:00:00,75,39,36,FMN GV 03 Hove
46,Statielei 16,2020-05-13,11:00:00,114,68,46,FMN GV 03 Hove
46,Statielei 16,2020-05-13,12:00:00,129,74,55,FMN GV 03 Hove
46,Statielei 16,2020-05-13,13:00:00,100,41,59,FMN GV 03 Hove
46,Statielei 16,2020-05-13,14:00:00,126,75,51,FMN GV 03 Hove
46,Statielei 16,2020-05-13,15:00:00,145,67,78,FMN GV 03 Hove
46,Statielei 16,2020-05-13,16:00:00,181,67,114,FMN GV 03 Hove
46,Statielei 16,2020-05-13,17:00:00,200,88,112,FMN GV 03 Hove
46,Statielei 16,2020-05-13,18:00:00,171,83,88,FMN GV 03 Hove
46,Statielei 16,2020-05-13,19:00:00,113,56,57,FMN GV 03 Hove
46,Statielei 16,2020-05-13,20:00:00,85,55,30,FMN GV 03 Hove
46,Statielei 16,2020-05-13,21:00:00,52,39,13,FMN GV 03 Hove
46,Statielei 16,2020-05-13,22:00:00,18,12,6,FMN GV 03 Hove
46,Statielei 16,2020-05-13,23:00:00,7,5,2,FMN GV 03 Hove
46,Statielei 16,2020-05-14,00:00:00,4,4,0,FMN GV 03 Hove
46,Statielei 16,2020-05-14,01:00:00,3,1,2,FMN GV 03 Hove
46,Statielei 16,2020-05-14,02:00:00,0,0,0,FMN GV 03 Hove
46,Statielei 16,2020-05-14,03:00:00,1,0,1,FMN GV 03 Hove
46,Statielei 16,2020-05-14,04:00:00,14,10,4,FMN GV 03 Hove
46,Statielei 16,2020-05-14,05:00:00,21,14,7,FMN GV 03 Hove
46,Statielei 16,2020-05-14,06:00:00,70,48,22,FMN GV 03 Hove
46,Statielei 16,2020-05-14,07:00:00,151,121,30,FMN GV 03 Hove
46,Statielei 16,2020-05-14,08:00:00,141,100,41,FMN GV 03 Hove
46,Statielei 16,2020-05-14,09:00:00,84,55,29,FMN GV 03 Hove
46,Statielei 16,2020-05-14,10:00:00,106,63,43,FMN GV 03 Hove
46,Statielei 16,2020-05-14,11:00:00,78,43,35,FMN GV 03 Hove
46,Statielei 16,2020-05-14,12:00:00,99,53,46,FMN GV 03 Hove
46,Statielei 16,2020-05-14,13:00:00,130,79,51,FMN GV 03 Hove
46,Statielei 16,2020-05-14,14:00:00,165,84,81,FMN GV 03 Hove
46,Statielei 16,2020-05-14,15:00:00,182,83,99,FMN GV 03 Hove
46,Statielei 16,2020-05-14,16:00:00,258,108,150,FMN GV 03 Hove
46,Statielei 16,2020-05-14,17:00:00,256,126,130,FMN GV 03 Hove
46,Statielei 16,2020-05-14,18:00:00,212,106,106,FMN GV 03 Hove
46,Statielei 16,2020-05-14,19:00:00,127,85,42,FMN GV 03 Hove
46,Statielei 16,2020-05-14,20:00:00,95,67,28,FMN GV 03 Hove
46,Statielei 16,2020-05-14,21:00:00,68,51,17,FMN GV 03 Hove
46,Statielei 16,2020-05-14,22:00:00,29,17,12,FMN GV 03 Hove
46,Statielei 16,2020-05-14,23:00:00,11,5,6,FMN GV 03 Hove
46,Statielei 16,2020-05-15,00:00:00,3,1,2,FMN GV 03 Hove
46,Statielei 16,2020-05-15,01:00:00,1,0,1,FMN GV 03 Hove
46,Statielei 16,2020-05-15,02:00:00,1,1,0,FMN GV 03 Hove
46,Statielei 16,2020-05-15,03:00:00,2,1,1,FMN GV 03 Hove
46,Statielei 16,2020-05-15,04:00:00,7,4,3,FMN GV 03 Hove
46,Statielei 16,2020-05-15,05:00:00,21,17,4,FMN GV 03 Hove
46,Statielei 16,2020-05-15,06:00:00,68,47,21,FMN GV 03 Hove
46,Statielei 16,2020-05-15,07:00:00,156,125,31,FMN GV 03 Hove
46,Statielei 16,2020-05-15,08:00:00,119,81,38,FMN GV 03 Hove
46,Statielei 16,2020-05-15,09:00:00,89,57,32,FMN GV 03 Hove
46,Statielei 16,2020-05-15,10:00:00,80,38,42,FMN GV 03 Hove
46,Statielei 16,2020-05-15,11:00:00,126,77,49,FMN GV 03 Hove
46,Statielei 16,2020-05-15,12:00:00,156,92,64,FMN GV 03 Hove
46,Statielei 16,2020-05-15,13:00:00,192,86,106,FMN GV 03 Hove
46,Statielei 16,2020-05-15,14:00:00,223,116,107,FMN GV 03 Hove
46,Statielei 16,2020-05-15,15:00:00,235,126,109,FMN GV 03 Hove
46,Statielei 16,2020-05-15,16:00:00,317,149,168,FMN GV 03 Hove
46,Statielei 16,2020-05-15,17:00:00,282,126,156,FMN GV 03 Hove
46,Statielei 16,2020-05-15,18:00:00,180,95,85,FMN GV 03 Hove
46,Statielei 16,2020-05-15,19:00:00,94,52,42,FMN GV 03 Hove
46,Statielei 16,2020-05-15,20:00:00,65,41,24,FMN GV 03 Hove
46,Statielei 16,2020-05-15,21:00:00,32,22,10,FMN GV 03 Hove
46,Statielei 16,2020-05-15,22:00:00,18,10,8,FMN GV 03 Hove
46,Statielei 16,2020-05-15,23:00:00,11,4,7,FMN GV 03 Hove
46,Statielei 16,2020-05-16,00:00:00,9,5,4,FMN GV 03 Hove
46,Statielei 16,2020-05-16,01:00:00,5,2,3,FMN GV 03 Hove
46,Statielei 16,2020-05-16,02:00:00,8,4,4,FMN GV 03 Hove
46,Statielei 16,2020-05-16,03:00:00,2,0,2,FMN GV 03 Hove
46,Statielei 16,2020-05-16,04:00:00,5,3,2,FMN GV 03 Hove
46,Statielei 16,2020-05-16,05:00:00,10,6,4,FMN GV 03 Hove
46,Statielei 16,2020-05-16,06:00:00,17,12,5,FMN GV 03 Hove
46,Statielei 16,2020-05-16,07:00:00,17,3,14,FMN GV 03 Hove
46,Statielei 16,2020-05-16,08:00:00,60,19,41,FMN GV 03 Hove
46,Statielei 16,2020-05-16,09:00:00,104,43,61,FMN GV 03 Hove
46,Statielei 16,2020-05-16,10:00:00,187,82,105,FMN GV 03 Hove
46,Statielei 16,2020-05-16,11:00:00,247,130,117,FMN GV 03 Hove
46,Statielei 16,2020-05-16,12:00:00,255,151,104,FMN GV 03 Hove
46,Statielei 16,2020-05-16,13:00:00,290,167,123,FMN GV 03 Hove
46,Statielei 16,2020-05-16,14:00:00,359,203,156,FMN GV 03 Hove
46,Statielei 16,2020-05-16,15:00:00,357,191,166,FMN GV 03 Hove
46,Statielei 16,2020-05-16,16:00:00,306,181,125,FMN GV 03 Hove
46,Statielei 16,2020-05-16,17:00:00,210,113,97,FMN GV 03 Hove
46,Statielei 16,2020-05-16,18:00:00,141,82,59,FMN GV 03 Hove
46,Statielei 16,2020-05-16,19:00:00,95,64,31,FMN GV 03 Hove
46,Statielei 16,2020-05-16,20:00:00,49,29,20,FMN GV 03 Hove
46,Statielei 16,2020-05-16,21:00:00,41,28,13,FMN GV 03 Hove
46,Statielei 16,2020-05-16,22:00:00,35,20,15,FMN GV 03 Hove
46,Statielei 16,2020-05-16,23:00:00,13,7,6,FMN GV 03 Hove
46,Statielei 16,2020-05-17,00:00:00,6,2,4,FMN GV 03 Hove
46,Statielei 16,2020-05-17,01:00:00,11,8,3,FMN GV 03 Hove
46,Statielei 16,2020-05-17,02:00:00,1,0,1,FMN GV 03 Hove
46,Statielei 16,2020-05-17,03:00:00,6,4,2,FMN GV 03 Hove
46,Statielei 16,2020-05-17,04:00:00,2,2,0,FMN GV 03 Hove
46,Statielei 16,2020-05-17,05:00:00,7,5,2,FMN GV 03 Hove
46,Statielei 16,2020-05-17,06:00:00,16,11,5,FMN GV 03 Hove
46,Statielei 16,2020-05-17,07:00:00,23,9,14,FMN GV 03 Hove
46,Statielei 16,2020-05-17,08:00:00,81,23,58,FMN GV 03 Hove
46,Statielei 16,2020-05-17,09:00:00,205,77,128,FMN GV 03 Hove
46,Statielei 16,2020-05-17,10:00:00,296,121,175,FMN GV 03 Hove
46,Statielei 16,2020-05-17,11:00:00,426,207,219,FMN GV 03 Hove
46,Statielei 16,2020-05-17,12:00:00,463,255,208,FMN GV 03 Hove
46,Statielei 16,2020-05-17,13:00:00,474,275,199,FMN GV 03 Hove
46,Statielei 16,2020-05-17,14:00:00,507,258,249,FMN GV 03 Hove
46,Statielei 16,2020-05-17,15:00:00,471,290,181,FMN GV 03 Hove
46,Statielei 16,2020-05-17,16:00:00,398,260,138,FMN GV 03 Hove
46,Statielei 16,2020-05-17,17:00:00,302,175,127,FMN GV 03 Hove
46,Statielei 16,2020-05-17,18:00:00,207,143,64,FMN GV 03 Hove
46,Statielei 16,2020-05-17,19:00:00,126,72,54,FMN GV 03 Hove
46,Statielei 16,2020-05-17,20:00:00,117,81,36,FMN GV 03 Hove
46,Statielei 16,2020-05-17,21:00:00,55,36,19,FMN GV 03 Hove
46,Statielei 16,2020-05-17,22:00:00,34,21,13,FMN GV 03 Hove
46,Statielei 16,2020-05-17,23:00:00,8,3,5,FMN GV 03 Hove
46,Statielei 16,2020-05-18,00:00:00,4,2,2,FMN GV 03 Hove
46,Statielei 16,2020-05-18,01:00:00,2,1,1,FMN GV 03 Hove
46,Statielei 16,2020-05-18,02:00:00,1,1,0,FMN GV 03 Hove
46,Statielei 16,2020-05-18,03:00:00,3,0,3,FMN GV 03 Hove
46,Statielei 16,2020-05-18,04:00:00,8,8,0,FMN GV 03 Hove
46,Statielei 16,2020-05-18,05:00:00,30,17,13,FMN GV 03 Hove
46,Statielei 16,2020-05-18,06:00:00,73,59,14,FMN GV 03 Hove
46,Statielei 16,2020-05-18,07:00:00,199,157,42,FMN GV 03 Hove
46,Statielei 16,2020-05-18,08:00:00,171,118,53,FMN GV 03 Hove
46,Statielei 16,2020-05-18,09:00:00,74,41,33,FMN GV 03 Hove
46,Statielei 16,2020-05-18,10:00:00,94,48,46,FMN GV 03 Hove
46,Statielei 16,2020-05-18,11:00:00,87,47,40,FMN GV 03 Hove
46,Statielei 16,2020-05-18,12:00:00,132,65,67,FMN GV 03 Hove
46,Statielei 16,2020-05-18,13:00:00,173,89,84,FMN GV 03 Hove
46,Statielei 16,2020-05-18,14:00:00,191,106,85,FMN GV 03 Hove
46,Statielei 16,2020-05-18,15:00:00,196,83,113,FMN GV 03 Hove
46,Statielei 16,2020-05-18,16:00:00,284,119,165,FMN GV 03 Hove
46,Statielei 16,2020-05-18,17:00:00,263,119,144,FMN GV 03 Hove
46,Statielei 16,2020-05-18,18:00:00,191,71,120,FMN GV 03 Hove
46,Statielei 16,2020-05-18,19:00:00,130,66,64,FMN GV 03 Hove
46,Statielei 16,2020-05-18,20:00:00,105,56,49,FMN GV 03 Hove
46,Statielei 16,2020-05-18,21:00:00,55,35,20,FMN GV 03 Hove
46,Statielei 16,2020-05-18,22:00:00,23,15,8,FMN GV 03 Hove
46,Statielei 16,2020-05-18,23:00:00,5,3,2,FMN GV 03 Hove
46,Statielei 16,2020-05-19,00:00:00,2,1,1,FMN GV 03 Hove
46,Statielei 16,2020-05-19,01:00:00,1,0,1,FMN GV 03 Hove
46,Statielei 16,2020-05-19,02:00:00,2,2,0,FMN GV 03 Hove
46,Statielei 16,2020-05-19,03:00:00,2,1,1,FMN GV 03 Hove
46,Statielei 16,2020-05-19,04:00:00,11,6,5,FMN GV 03 Hove
46,Statielei 16,2020-05-19,05:00:00,30,18,12,FMN GV 03 Hove
46,Statielei 16,2020-05-19,06:00:00,89,72,17,FMN GV 03 Hove
46,Statielei 16,2020-05-19,07:00:00,226,182,44,FMN GV 03 Hove
46,Statielei 16,2020-05-19,08:00:00,191,132,59,FMN GV 03 Hove
46,Statielei 16,2020-05-19,09:00:00,111,72,39,FMN GV 03 Hove
46,Statielei 16,2020-05-19,10:00:00,127,69,58,FMN GV 03 Hove
46,Statielei 16,2020-05-19,11:00:00,137,70,67,FMN GV 03 Hove
46,Statielei 16,2020-05-19,12:00:00,198,104,94,FMN GV 03 Hove
46,Statielei 16,2020-05-19,13:00:00,202,106,96,FMN GV 03 Hove
46,Statielei 16,2020-05-19,14:00:00,225,118,107,FMN GV 03 Hove
46,Statielei 16,2020-05-19,15:00:00,237,115,122,FMN GV 03 Hove
46,Statielei 16,2020-05-19,16:00:00,318,131,187,FMN GV 03 Hove
46,Statielei 16,2020-05-19,17:00:00,312,122,190,FMN GV 03 Hove
46,Statielei 16,2020-05-19,18:00:00,265,129,136,FMN GV 03 Hove
46,Statielei 16,2020-05-19,19:00:00,187,119,68,FMN GV 03 Hove
46,Statielei 16,2020-05-19,20:00:00,114,70,44,FMN GV 03 Hove
46,Statielei 16,2020-05-19,21:00:00,81,53,28,FMN GV 03 Hove
46,Statielei 16,2020-05-19,22:00:00,39,25,14,FMN GV 03 Hove
46,Statielei 16,2020-05-19,23:00:00,16,8,8,FMN GV 03 Hove
46,Statielei 16,2020-05-20,00:00:00,2,1,1,FMN GV 03 Hove
46,Statielei 16,2020-05-20,01:00:00,1,1,0,FMN GV 03 Hove
46,Statielei 16,2020-05-20,02:00:00,4,1,3,FMN GV 03 Hove
46,Statielei 16,2020-05-20,03:00:00,2,0,2,FMN GV 03 Hove
46,Statielei 16,2020-05-20,04:00:00,7,6,1,FMN GV 03 Hove
46,Statielei 16,2020-05-20,05:00:00,33,20,13,FMN GV 03 Hove
46,Statielei 16,2020-05-20,06:00:00,79,55,24,FMN GV 03 Hove
46,Statielei 16,2020-05-20,07:00:00,209,153,56,FMN GV 03 Hove
46,Statielei 16,2020-05-20,08:00:00,147,105,42,FMN GV 03 Hove
46,Statielei 16,2020-05-20,09:00:00,155,101,54,FMN GV 03 Hove
46,Statielei 16,2020-05-20,10:00:00,201,110,91,FMN GV 03 Hove
46,Statielei 16,2020-05-20,11:00:00,196,108,88,FMN GV 03 Hove
46,Statielei 16,2020-05-20,12:00:00,221,107,114,FMN GV 03 Hove
46,Statielei 16,2020-05-20,13:00:00,242,119,123,FMN GV 03 Hove
46,Statielei 16,2020-05-20,14:00:00,248,131,117,FMN GV 03 Hove
46,Statielei 16,2020-05-20,15:00:00,249,130,119,FMN GV 03 Hove
46,Statielei 16,2020-05-20,16:00:00,280,135,145,FMN GV 03 Hove
46,Statielei 16,2020-05-20,17:00:00,301,124,177,FMN GV 03 Hove
46,Statielei 16,2020-05-20,18:00:00,239,129,110,FMN GV 03 Hove
46,Statielei 16,2020-05-20,19:00:00,138,71,67,FMN GV 03 Hove
46,Statielei 16,2020-05-20,20:00:00,153,97,56,FMN GV 03 Hove
46,Statielei 16,2020-05-20,21:00:00,96,56,40,FMN GV 03 Hove
46,Statielei 16,2020-05-20,22:00:00,64,39,25,FMN GV 03 Hove
46,Statielei 16,2020-05-20,23:00:00,27,15,12,FMN GV 03 Hove
46,Statielei 16,2020-05-21,00:00:00,13,4,9,FMN GV 03 Hove
46,Statielei 16,2020-05-21,01:00:00,13,9,4,FMN GV 03 Hove
46,Statielei 16,2020-05-21,02:00:00,7,4,3,FMN GV 03 Hove
46,Statielei 16,2020-05-21,03:00:00,0,0,0,FMN GV 03 Hove
46,Statielei 16,2020-05-21,04:00:00,5,5,0,FMN GV 03 Hove
46,Statielei 16,2020-05-21,05:00:00,10,5,5,FMN GV 03 Hove
46,Statielei 16,2020-05-21,06:00:00,15,5,10,FMN GV 03 Hove
46,Statielei 16,2020-05-21,07:00:00,41,15,26,FMN GV 03 Hove
46,Statielei 16,2020-05-21,08:00:00,75,19,56,FMN GV 03 Hove
46,Statielei 16,2020-05-21,09:00:00,258,68,190,FMN GV 03 Hove
46,Statielei 16,2020-05-21,10:00:00,327,138,189,FMN GV 03 Hove
46,Statielei 16,2020-05-21,11:00:00,514,291,223,FMN GV 03 Hove
46,Statielei 16,2020-05-21,12:00:00,425,253,172,FMN GV 03 Hove
46,Statielei 16,2020-05-21,13:00:00,490,270,220,FMN GV 03 Hove
46,Statielei 16,2020-05-21,14:00:00,523,268,255,FMN GV 03 Hove
46,Statielei 16,2020-05-21,15:00:00,448,239,209,FMN GV 03 Hove
46,Statielei 16,2020-05-21,16:00:00,378,208,170,FMN GV 03 Hove
46,Statielei 16,2020-05-21,17:00:00,320,196,124,FMN GV 03 Hove
46,Statielei 16,2020-05-21,18:00:00,212,135,77,FMN GV 03 Hove
46,Statielei 16,2020-05-21,19:00:00,168,102,66,FMN GV 03 Hove
46,Statielei 16,2020-05-21,20:00:00,145,95,50,FMN GV 03 Hove
46,Statielei 16,2020-05-21,21:00:00,136,110,26,FMN GV 03 Hove
46,Statielei 16,2020-05-21,22:00:00,72,56,16,FMN GV 03 Hove
46,Statielei 16,2020-05-21,23:00:00,43,32,11,FMN GV 03 Hove
46,Statielei 16,2020-05-22,00:00:00,14,8,6,FMN GV 03 Hove
46,Statielei 16,2020-05-22,01:00:00,8,3,5,FMN GV 03 Hove
46,Statielei 16,2020-05-22,02:00:00,4,1,3,FMN GV 03 Hove
46,Statielei 16,2020-05-22,03:00:00,6,4,2,FMN GV 03 Hove
46,Statielei 16,2020-05-22,04:00:00,11,8,3,FMN GV 03 Hove
46,Statielei 16,2020-05-22,05:00:00,18,8,10,FMN GV 03 Hove
46,Statielei 16,2020-05-22,06:00:00,29,23,6,FMN GV 03 Hove
46,Statielei 16,2020-05-22,07:00:00,57,38,19,FMN GV 03 Hove
46,Statielei 16,2020-05-22,08:00:00,95,48,47,FMN GV 03 Hove
46,Statielei 16,2020-05-22,09:00:00,120,51,69,FMN GV 03 Hove
46,Statielei 16,2020-05-22,10:00:00,155,86,69,FMN GV 03 Hove
46,Statielei 16,2020-05-22,11:00:00,198,92,106,FMN GV 03 Hove
46,Statielei 16,2020-05-22,12:00:00,215,120,95,FMN GV 03 Hove
46,Statielei 16,2020-05-22,13:00:00,186,102,84,FMN GV 03 Hove
46,Statielei 16,2020-05-22,14:00:00,217,114,103,FMN GV 03 Hove
46,Statielei 16,2020-05-22,15:00:00,146,80,66,FMN GV 03 Hove
46,Statielei 16,2020-05-22,16:00:00,172,97,75,FMN GV 03 Hove
46,Statielei 16,2020-05-22,17:00:00,142,66,76,FMN GV 03 Hove
46,Statielei 16,2020-05-22,18:00:00,128,72,56,FMN GV 03 Hove
46,Statielei 16,2020-05-22,19:00:00,95,51,44,FMN GV 03 Hove
46,Statielei 16,2020-05-22,20:00:00,73,42,31,FMN GV 03 Hove
46,Statielei 16,2020-05-22,21:00:00,51,35,16,FMN GV 03 Hove
46,Statielei 16,2020-05-22,22:00:00,35,23,12,FMN GV 03 Hove
46,Statielei 16,2020-05-22,23:00:00,13,7,6,FMN GV 03 Hove
46,Statielei 16,2020-05-23,00:00:00,8,5,3,FMN GV 03 Hove
46,Statielei 16,2020-05-23,01:00:00,2,1,1,FMN GV 03 Hove
46,Statielei 16,2020-05-23,02:00:00,3,3,0,FMN GV 03 Hove
46,Statielei 16,2020-05-23,03:00:00,5,3,2,FMN GV 03 Hove
46,Statielei 16,2020-05-23,04:00:00,7,5,2,FMN GV 03 Hove
46,Statielei 16,2020-05-23,05:00:00,9,7,2,FMN GV 03 Hove
46,Statielei 16,2020-05-23,06:00:00,16,9,7,FMN GV 03 Hove
46,Statielei 16,2020-05-23,07:00:00,14,3,11,FMN GV 03 Hove
46,Statielei 16,2020-05-23,08:00:00,51,18,33,FMN GV 03 Hove
46,Statielei 16,2020-05-23,09:00:00,111,59,52,FMN GV 03 Hove
46,Statielei 16,2020-05-23,10:00:00,166,78,88,FMN GV 03 Hove
46,Statielei 16,2020-05-23,11:00:00,189,104,85,FMN GV 03 Hove
46,Statielei 16,2020-05-23,12:00:00,202,127,75,FMN GV 03 Hove
46,Statielei 16,2020-05-23,13:00:00,208,110,98,FMN GV 03 Hove
46,Statielei 16,2020-05-23,14:00:00,261,139,122,FMN GV 03 Hove
46,Statielei 16,2020-05-23,15:00:00,267,148,119,FMN GV 03 Hove
46,Statielei 16,2020-05-23,16:00:00,193,90,103,FMN GV 03 Hove
46,Statielei 16,2020-05-23,17:00:00,198,121,77,FMN GV 03 Hove
46,Statielei 16,2020-05-23,18:00:00,113,69,44,FMN GV 03 Hove
46,Statielei 16,2020-05-23,19:00:00,69,32,37,FMN GV 03 Hove
46,Statielei 16,2020-05-23,20:00:00,59,37,22,FMN GV 03 Hove
46,Statielei 16,2020-05-23,21:00:00,37,21,16,FMN GV 03 Hove
46,Statielei 16,2020-05-23,22:00:00,20,12,8,FMN GV 03 Hove
46,Statielei 16,2020-05-23,23:00:00,21,13,8,FMN GV 03 Hove
46,Statielei 16,2020-05-24,00:00:00,8,6,2,FMN GV 03 Hove
46,Statielei 16,2020-05-24,01:00:00,9,5,4,FMN GV 03 Hove
46,Statielei 16,2020-05-24,02:00:00,4,2,2,FMN GV 03 Hove
46,Statielei 16,2020-05-24,03:00:00,1,0,1,FMN GV 03 Hove
46,Statielei 16,2020-05-24,04:00:00,1,1,0,FMN GV 03 Hove
46,Statielei 16,2020-05-24,05:00:00,11,8,3,FMN GV 03 Hove
46,Statielei 16,2020-05-24,06:00:00,15,8,7,FMN GV 03 Hove
46,Statielei 16,2020-05-24,07:00:00,30,4,26,FMN GV 03 Hove
46,Statielei 16,2020-05-24,08:00:00,74,22,52,FMN GV 03 Hove
46,Statielei 16,2020-05-24,09:00:00,205,100,105,FMN GV 03 Hove
46,Statielei 16,2020-05-24,10:00:00,265,122,143,FMN GV 03 Hove
46,Statielei 16,2020-05-24,11:00:00,259,120,139,FMN GV 03 Hove
46,Statielei 16,2020-05-24,12:00:00,267,179,88,FMN GV 03 Hove
46,Statielei 16,2020-05-24,13:00:00,279,173,106,FMN GV 03 Hove
46,Statielei 16,2020-05-24,14:00:00,247,134,113,FMN GV 03 Hove
46,Statielei 16,2020-05-24,15:00:00,253,138,115,FMN GV 03 Hove
46,Statielei 16,2020-05-24,16:00:00,223,121,102,FMN GV 03 Hove
46,Statielei 16,2020-05-24,17:00:00,167,110,57,FMN GV 03 Hove
46,Statielei 16,2020-05-24,18:00:00,137,71,66,FMN GV 03 Hove
46,Statielei 16,2020-05-24,19:00:00,79,46,33,FMN GV 03 Hove
46,Statielei 16,2020-05-24,20:00:00,62,38,24,FMN GV 03 Hove
46,Statielei 16,2020-05-24,21:00:00,42,23,19,FMN GV 03 Hove
46,Statielei 16,2020-05-24,22:00:00,22,14,8,FMN GV 03 Hove
46,Statielei 16,2020-05-24,23:00:00,10,7,3,FMN GV 03 Hove
46,Statielei 16,2020-05-25,00:00:00,4,3,1,FMN GV 03 Hove
46,Statielei 16,2020-05-25,01:00:00,4,3,1,FMN GV 03 Hove
46,Statielei 16,2020-05-25,02:00:00,1,1,0,FMN GV 03 Hove
46,Statielei 16,2020-05-25,03:00:00,2,1,1,FMN GV 03 Hove
46,Statielei 16,2020-05-25,04:00:00,9,5,4,FMN GV 03 Hove
46,Statielei 16,2020-05-25,05:00:00,26,16,10,FMN GV 03 Hove
46,Statielei 16,2020-05-25,06:00:00,76,49,27,FMN GV 03 Hove
46,Statielei 16,2020-05-25,07:00:00,203,159,44,FMN GV 03 Hove
46,Statielei 16,2020-05-25,08:00:00,206,147,59,FMN GV 03 Hove
46,Statielei 16,2020-05-25,09:00:00,84,54,30,FMN GV 03 Hove
46,Statielei 16,2020-05-25,10:00:00,78,46,32,FMN GV 03 Hove
46,Statielei 16,2020-05-25,11:00:00,82,46,36,FMN GV 03 Hove
46,Statielei 16,2020-05-25,12:00:00,143,70,73,FMN GV 03 Hove
46,Statielei 16,2020-05-25,13:00:00,140,76,64,FMN GV 03 Hove
46,Statielei 16,2020-05-25,14:00:00,158,80,78,FMN GV 03 Hove
46,Statielei 16,2020-05-25,15:00:00,202,101,101,FMN GV 03 Hove
46,Statielei 16,2020-05-25,16:00:00,233,102,131,FMN GV 03 Hove
46,Statielei 16,2020-05-25,17:00:00,262,109,153,FMN GV 03 Hove
46,Statielei 16,2020-05-25,18:00:00,184,76,108,FMN GV 03 Hove
46,Statielei 16,2020-05-25,19:00:00,135,70,65,FMN GV 03 Hove
46,Statielei 16,2020-05-25,20:00:00,107,63,44,FMN GV 03 Hove
46,Statielei 16,2020-05-25,21:00:00,65,46,19,FMN GV 03 Hove
46,Statielei 16,2020-05-25,22:00:00,52,27,25,FMN GV 03 Hove
46,Statielei 16,2020-05-25,23:00:00,12,5,7,FMN GV 03 Hove
46,Statielei 16,2020-05-26,00:00:00,5,2,3,FMN GV 03 Hove
46,Statielei 16,2020-05-26,01:00:00,0,0,0,FMN GV 03 Hove
46,Statielei 16,2020-05-26,02:00:00,2,1,1,FMN GV 03 Hove
46,Statielei 16,2020-05-26,03:00:00,2,0,2,FMN GV 03 Hove
46,Statielei 16,2020-05-26,04:00:00,10,9,1,FMN GV 03 Hove
46,Statielei 16,2020-05-26,05:00:00,26,18,8,FMN GV 03 Hove
46,Statielei 16,2020-05-26,06:00:00,107,72,35,FMN GV 03 Hove
46,Statielei 16,2020-05-26,07:00:00,236,173,63,FMN GV 03 Hove
46,Statielei 16,2020-05-26,08:00:00,232,167,65,FMN GV 03 Hove
46,Statielei 16,2020-05-26,09:00:00,105,69,36,FMN GV 03 Hove
46,Statielei 16,2020-05-26,10:00:00,130,69,61,FMN GV 03 Hove
46,Statielei 16,2020-05-26,11:00:00,154,88,66,FMN GV 03 Hove
46,Statielei 16,2020-05-26,12:00:00,199,109,90,FMN GV 03 Hove
46,Statielei 16,2020-05-26,13:00:00,203,110,93,FMN GV 03 Hove
46,Statielei 16,2020-05-26,14:00:00,225,120,105,FMN GV 03 Hove
46,Statielei 16,2020-05-26,15:00:00,245,118,127,FMN GV 03 Hove
46,Statielei 16,2020-05-26,16:00:00,307,139,168,FMN GV 03 Hove
46,Statielei 16,2020-05-26,17:00:00,350,143,207,FMN GV 03 Hove
46,Statielei 16,2020-05-26,18:00:00,261,107,154,FMN GV 03 Hove
46,Statielei 16,2020-05-26,19:00:00,196,110,86,FMN GV 03 Hove
46,Statielei 16,2020-05-26,20:00:00,130,93,37,FMN GV 03 Hove
46,Statielei 16,2020-05-26,21:00:00,104,71,33,FMN GV 03 Hove
46,Statielei 16,2020-05-26,22:00:00,51,28,23,FMN GV 03 Hove
46,Statielei 16,2020-05-26,23:00:00,19,12,7,FMN GV 03 Hove
46,Statielei 16,2020-05-27,00:00:00,5,3,2,FMN GV 03 Hove
46,Statielei 16,2020-05-27,01:00:00,7,5,2,FMN GV 03 Hove
46,Statielei 16,2020-05-27,02:00:00,4,1,3,FMN GV 03 Hove
46,Statielei 16,2020-05-27,03:00:00,4,1,3,FMN GV 03 Hove
46,Statielei 16,2020-05-27,04:00:00,15,10,5,FMN GV 03 Hove
46,Statielei 16,2020-05-27,05:00:00,32,19,13,FMN GV 03 Hove
46,Statielei 16,2020-05-27,06:00:00,98,73,25,FMN GV 03 Hove
46,Statielei 16,2020-05-27,07:00:00,228,173,55,FMN GV 03 Hove
46,Statielei 16,2020-05-27,08:00:00,191,144,47,FMN GV 03 Hove
46,Statielei 16,2020-05-27,09:00:00,161,108,53,FMN GV 03 Hove
46,Statielei 16,2020-05-27,10:00:00,186,102,84,FMN GV 03 Hove
46,Statielei 16,2020-05-27,11:00:00,177,94,83,FMN GV 03 Hove
46,Statielei 16,2020-05-27,12:00:00,204,102,102,FMN GV 03 Hove
46,Statielei 16,2020-05-27,13:00:00,253,134,119,FMN GV 03 Hove
46,Statielei 16,2020-05-27,14:00:00,223,125,98,FMN GV 03 Hove
46,Statielei 16,2020-05-27,15:00:00,263,138,125,FMN GV 03 Hove
46,Statielei 16,2020-05-27,16:00:00,327,133,194,FMN GV 03 Hove
46,Statielei 16,2020-05-27,17:00:00,320,144,176,FMN GV 03 Hove
46,Statielei 16,2020-05-27,18:00:00,268,115,153,FMN GV 03 Hove
46,Statielei 16,2020-05-27,19:00:00,198,93,105,FMN GV 03 Hove
46,Statielei 16,2020-05-27,20:00:00,161,107,54,FMN GV 03 Hove
46,Statielei 16,2020-05-27,21:00:00,127,89,38,FMN GV 03 Hove
46,Statielei 16,2020-05-27,22:00:00,57,29,28,FMN GV 03 Hove
46,Statielei 16,2020-05-27,23:00:00,23,12,11,FMN GV 03 Hove
46,Statielei 16,2020-05-28,00:00:00,5,3,2,FMN GV 03 Hove
46,Statielei 16,2020-05-28,01:00:00,2,2,0,FMN GV 03 Hove
46,Statielei 16,2020-05-28,02:00:00,1,1,0,FMN GV 03 Hove
46,Statielei 16,2020-05-28,03:00:00,2,2,0,FMN GV 03 Hove
46,Statielei 16,2020-05-28,04:00:00,11,8,3,FMN GV 03 Hove
46,Statielei 16,2020-05-28,05:00:00,25,17,8,FMN GV 03 Hove
46,Statielei 16,2020-05-28,06:00:00,93,72,21,FMN GV 03 Hove
46,Statielei 16,2020-05-28,07:00:00,209,151,58,FMN GV 03 Hove
46,Statielei 16,2020-05-28,08:00:00,206,135,71,FMN GV 03 Hove
46,Statielei 16,2020-05-28,09:00:00,115,73,42,FMN GV 03 Hove
46,Statielei 16,2020-05-28,10:00:00,118,67,51,FMN GV 03 Hove
46,Statielei 16,2020-05-28,11:00:00,139,76,63,FMN GV 03 Hove
46,Statielei 16,2020-05-28,12:00:00,175,92,83,FMN GV 03 Hove
46,Statielei 16,2020-05-28,13:00:00,180,109,71,FMN GV 03 Hove
46,Statielei 16,2020-05-28,14:00:00,212,110,102,FMN GV 03 Hove
46,Statielei 16,2020-05-28,15:00:00,260,104,156,FMN GV 03 Hove
46,Statielei 16,2020-05-28,16:00:00,275,114,161,FMN GV 03 Hove
46,Statielei 16,2020-05-28,17:00:00,275,131,144,FMN GV 03 Hove
46,Statielei 16,2020-05-28,18:00:00,259,138,121,FMN GV 03 Hove
46,Statielei 16,2020-05-28,19:00:00,186,103,83,FMN GV 03 Hove
46,Statielei 16,2020-05-28,20:00:00,174,106,68,FMN GV 03 Hove
46,Statielei 16,2020-05-28,21:00:00,113,80,33,FMN GV 03 Hove
46,Statielei 16,2020-05-28,22:00:00,59,39,20,FMN GV 03 Hove
46,Statielei 16,2020-05-28,23:00:00,23,15,8,FMN GV 03 Hove
46,Statielei 16,2020-05-29,00:00:00,9,3,6,FMN GV 03 Hove
46,Statielei 16,2020-05-29,01:00:00,7,7,0,FMN GV 03 Hove
46,Statielei 16,2020-05-29,02:00:00,5,1,4,FMN GV 03 Hove
46,Statielei 16,2020-05-29,03:00:00,1,0,1,FMN GV 03 Hove
46,Statielei 16,2020-05-29,04:00:00,13,11,2,FMN GV 03 Hove
46,Statielei 16,2020-05-29,05:00:00,16,9,7,FMN GV 03 Hove
46,Statielei 16,2020-05-29,06:00:00,81,60,21,FMN GV 03 Hove
46,Statielei 16,2020-05-29,07:00:00,192,135,57,FMN GV 03 Hove
46,Statielei 16,2020-05-29,08:00:00,180,130,50,FMN GV 03 Hove
46,Statielei 16,2020-05-29,09:00:00,111,64,47,FMN GV 03 Hove
46,Statielei 16,2020-05-29,10:00:00,130,73,57,FMN GV 03 Hove
46,Statielei 16,2020-05-29,11:00:00,178,107,71,FMN GV 03 Hove
46,Statielei 16,2020-05-29,12:00:00,193,97,96,FMN GV 03 Hove
46,Statielei 16,2020-05-29,13:00:00,250,129,121,FMN GV 03 Hove
46,Statielei 16,2020-05-29,14:00:00,254,133,121,FMN GV 03 Hove
46,Statielei 16,2020-05-29,15:00:00,251,125,126,FMN GV 03 Hove
46,Statielei 16,2020-05-29,16:00:00,281,140,141,FMN GV 03 Hove
46,Statielei 16,2020-05-29,17:00:00,301,135,166,FMN GV 03 Hove
46,Statielei 16,2020-05-29,18:00:00,187,97,90,FMN GV 03 Hove
46,Statielei 16,2020-05-29,19:00:00,146,72,74,FMN GV 03 Hove
46,Statielei 16,2020-05-29,20:00:00,121,71,50,FMN GV 03 Hove
46,Statielei 16,2020-05-29,21:00:00,65,34,31,FMN GV 03 Hove
46,Statielei 16,2020-05-29,22:00:00,58,42,16,FMN GV 03 Hove
46,Statielei 16,2020-05-29,23:00:00,29,14,15,FMN GV 03 Hove
46,Statielei 16,2020-05-30,00:00:00,22,14,8,FMN GV 03 Hove
46,Statielei 16,2020-05-30,01:00:00,8,3,5,FMN GV 03 Hove
46,Statielei 16,2020-05-30,02:00:00,4,3,1,FMN GV 03 Hove
46,Statielei 16,2020-05-30,03:00:00,2,1,1,FMN GV 03 Hove
46,Statielei 16,2020-05-30,04:00:00,9,6,3,FMN GV 03 Hove
46,Statielei 16,2020-05-30,05:00:00,14,9,5,FMN GV 03 Hove
46,Statielei 16,2020-05-30,06:00:00,21,10,11,FMN GV 03 Hove
46,Statielei 16,2020-05-30,07:00:00,31,9,22,FMN GV 03 Hove
46,Statielei 16,2020-05-30,08:00:00,75,30,45,FMN GV 03 Hove
46,Statielei 16,2020-05-30,09:00:00,155,53,102,FMN GV 03 Hove
46,Statielei 16,2020-05-30,10:00:00,212,106,106,FMN GV 03 Hove
46,Statielei 16,2020-05-30,11:00:00,316,168,148,FMN GV 03 Hove
46,Statielei 16,2020-05-30,12:00:00,272,148,124,FMN GV 03 Hove
46,Statielei 16,2020-05-30,13:00:00,319,176,143,FMN GV 03 Hove
46,Statielei 16,2020-05-30,14:00:00,398,192,206,FMN GV 03 Hove
46,Statielei 16,2020-05-30,15:00:00,372,224,148,FMN GV 03 Hove
46,Statielei 16,2020-05-30,16:00:00,266,157,109,FMN GV 03 Hove
46,Statielei 16,2020-05-30,17:00:00,298,157,141,FMN GV 03 Hove
46,Statielei 16,2020-05-30,18:00:00,197,111,86,FMN GV 03 Hove
46,Statielei 16,2020-05-30,19:00:00,118,70,48,FMN GV 03 Hove
46,Statielei 16,2020-05-30,20:00:00,112,74,38,FMN GV 03 Hove
46,Statielei 16,2020-05-30,21:00:00,83,50,33,FMN GV 03 Hove
46,Statielei 16,2020-05-30,22:00:00,56,36,20,FMN GV 03 Hove
46,Statielei 16,2020-05-30,23:00:00,29,16,13,FMN GV 03 Hove
46,Statielei 16,2020-05-31,00:00:00,31,20,11,FMN GV 03 Hove
46,Statielei 16,2020-05-31,01:00:00,9,5,4,FMN GV 03 Hove
46,Statielei 16,2020-05-31,02:00:00,8,4,4,FMN GV 03 Hove
46,Statielei 16,2020-05-31,03:00:00,6,4,2,FMN GV 03 Hove
46,Statielei 16,2020-05-31,04:00:00,4,4,0,FMN GV 03 Hove
46,Statielei 16,2020-05-31,05:00:00,15,15,0,FMN GV 03 Hove
46,Statielei 16,2020-05-31,06:00:00,16,8,8,FMN GV 03 Hove
46,Statielei 16,2020-05-31,07:00:00,23,8,15,FMN GV 03 Hove
46,Statielei 16,2020-05-31,08:00:00,85,29,56,FMN GV 03 Hove
46,Statielei 16,2020-05-31,09:00:00,155,58,97,FMN GV 03 Hove
46,Statielei 16,2020-05-31,10:00:00,269,121,148,FMN GV 03 Hove
46,Statielei 16,2020-05-31,11:00:00,340,168,172,FMN GV 03 Hove
46,Statielei 16,2020-05-31,12:00:00,381,205,176,FMN GV 03 Hove
46,Statielei 16,2020-05-31,13:00:00,357,214,143,FMN GV 03 Hove
46,Statielei 16,2020-05-31,14:00:00,407,203,204,FMN GV 03 Hove
46,Statielei 16,2020-05-31,15:00:00,349,180,169,FMN GV 03 Hove
46,Statielei 16,2020-05-31,16:00:00,284,148,136,FMN GV 03 Hove
46,Statielei 16,2020-05-31,17:00:00,299,181,118,FMN GV 03 Hove
46,Statielei 16,2020-05-31,18:00:00,175,100,75,FMN GV 03 Hove
46,Statielei 16,2020-05-31,19:00:00,151,109,42,FMN GV 03 Hove
46,Statielei 16,2020-05-31,20:00:00,123,86,37,FMN GV 03 Hove
46,Statielei 16,2020-05-31,21:00:00,82,51,31,FMN GV 03 Hove
46,Statielei 16,2020-05-31,22:00:00,48,29,19,FMN GV 03 Hove
46,Statielei 16,2020-05-31,23:00:00,35,21,14,FMN GV 03 Hove
46,Statielei 16,2020-06-01,00:00:00,8,4,4,FMN GV 03 Hove
46,Statielei 16,2020-06-01,01:00:00,6,3,3,FMN GV 03 Hove
46,Statielei 16,2020-06-01,02:00:00,3,1,2,FMN GV 03 Hove
46,Statielei 16,2020-06-01,03:00:00,1,1,0,FMN GV 03 Hove
46,Statielei 16,2020-06-01,04:00:00,6,4,2,FMN GV 03 Hove
46,Statielei 16,2020-06-01,05:00:00,7,7,0,FMN GV 03 Hove
46,Statielei 16,2020-06-01,06:00:00,12,6,6,FMN GV 03 Hove
46,Statielei 16,2020-06-01,07:00:00,40,18,22,FMN GV 03 Hove
46,Statielei 16,2020-06-01,08:00:00,102,29,73,FMN GV 03 Hove
46,Statielei 16,2020-06-01,09:00:00,163,60,103,FMN GV 03 Hove
46,Statielei 16,2020-06-01,10:00:00,280,112,168,FMN GV 03 Hove
46,Statielei 16,2020-06-01,11:00:00,320,167,153,FMN GV 03 Hove
46,Statielei 16,2020-06-01,12:00:00,339,190,149,FMN GV 03 Hove
46,Statielei 16,2020-06-01,13:00:00,375,214,161,FMN GV 03 Hove
46,Statielei 16,2020-06-01,14:00:00,448,241,207,FMN GV 03 Hove
46,Statielei 16,2020-06-01,15:00:00,388,197,191,FMN GV 03 Hove
46,Statielei 16,2020-06-01,16:00:00,385,229,156,FMN GV 03 Hove
46,Statielei 16,2020-06-01,17:00:00,280,162,118,FMN GV 03 Hove
46,Statielei 16,2020-06-01,18:00:00,226,155,71,FMN GV 03 Hove
46,Statielei 16,2020-06-01,19:00:00,164,101,63,FMN GV 03 Hove
46,Statielei 16,2020-06-01,20:00:00,108,61,47,FMN GV 03 Hove
46,Statielei 16,2020-06-01,21:00:00,75,60,15,FMN GV 03 Hove
46,Statielei 16,2020-06-01,22:00:00,56,30,26,FMN GV 03 Hove
46,Statielei 16,2020-06-01,23:00:00,23,15,8,FMN GV 03 Hove
46,Statielei 16,2020-06-02,00:00:00,9,5,4,FMN GV 03 Hove
46,Statielei 16,2020-06-02,01:00:00,0,0,0,FMN GV 03 Hove
46,Statielei 16,2020-06-02,02:00:00,0,0,0,FMN GV 03 Hove
46,Statielei 16,2020-06-02,03:00:00,1,0,1,FMN GV 03 Hove
46,Statielei 16,2020-06-02,04:00:00,12,8,4,FMN GV 03 Hove
46,Statielei 16,2020-06-02,05:00:00,27,19,8,FMN GV 03 Hove
46,Statielei 16,2020-06-02,06:00:00,104,79,25,FMN GV 03 Hove
46,Statielei 16,2020-06-02,07:00:00,272,194,78,FMN GV 03 Hove
46,Statielei 16,2020-06-02,08:00:00,232,172,60,FMN GV 03 Hove
46,Statielei 16,2020-06-02,09:00:00,119,72,47,FMN GV 03 Hove
46,Statielei 16,2020-06-02,10:00:00,91,52,39,FMN GV 03 Hove
46,Statielei 16,2020-06-02,11:00:00,139,83,56,FMN GV 03 Hove
46,Statielei 16,2020-06-02,12:00:00,165,84,81,FMN GV 03 Hove
46,Statielei 16,2020-06-02,13:00:00,157,92,65,FMN GV 03 Hove
46,Statielei 16,2020-06-02,14:00:00,159,80,79,FMN GV 03 Hove
46,Statielei 16,2020-06-02,15:00:00,190,85,105,FMN GV 03 Hove
46,Statielei 16,2020-06-02,16:00:00,290,124,166,FMN GV 03 Hove
46,Statielei 16,2020-06-02,17:00:00,290,102,188,FMN GV 03 Hove
46,Statielei 16,2020-06-02,18:00:00,263,112,151,FMN GV 03 Hove
46,Statielei 16,2020-06-02,19:00:00,201,101,100,FMN GV 03 Hove
46,Statielei 16,2020-06-02,20:00:00,123,73,50,FMN GV 03 Hove
46,Statielei 16,2020-06-02,21:00:00,123,87,36,FMN GV 03 Hove
46,Statielei 16,2020-06-02,22:00:00,34,19,15,FMN GV 03 Hove
46,Statielei 16,2020-06-02,23:00:00,14,4,10,FMN GV 03 Hove
46,Statielei 16,2020-06-03,00:00:00,7,6,1,FMN GV 03 Hove
46,Statielei 16,2020-06-03,01:00:00,3,2,1,FMN GV 03 Hove
46,Statielei 16,2020-06-03,02:00:00,2,2,0,FMN GV 03 Hove
46,Statielei 16,2020-06-03,03:00:00,1,0,1,FMN GV 03 Hove
46,Statielei 16,2020-06-03,04:00:00,13,9,4,FMN GV 03 Hove
46,Statielei 16,2020-06-03,05:00:00,33,21,12,FMN GV 03 Hove
46,Statielei 16,2020-06-03,06:00:00,105,81,24,FMN GV 03 Hove
46,Statielei 16,2020-06-03,07:00:00,229,168,61,FMN GV 03 Hove
46,Statielei 16,2020-06-03,08:00:00,221,165,56,FMN GV 03 Hove
46,Statielei 16,2020-06-03,09:00:00,145,94,51,FMN GV 03 Hove
46,Statielei 16,2020-06-03,10:00:00,175,101,74,FMN GV 03 Hove
46,Statielei 16,2020-06-03,11:00:00,178,85,93,FMN GV 03 Hove
46,Statielei 16,2020-06-03,12:00:00,208,98,110,FMN GV 03 Hove
46,Statielei 16,2020-06-03,13:00:00,212,112,100,FMN GV 03 Hove
46,Statielei 16,2020-06-03,14:00:00,213,106,107,FMN GV 03 Hove
46,Statielei 16,2020-06-03,15:00:00,249,108,141,FMN GV 03 Hove
46,Statielei 16,2020-06-03,16:00:00,257,117,140,FMN GV 03 Hove
46,Statielei 16,2020-06-03,17:00:00,322,138,184,FMN GV 03 Hove
46,Statielei 16,2020-06-03,18:00:00,242,108,134,FMN GV 03 Hove
46,Statielei 16,2020-06-03,19:00:00,172,89,83,FMN GV 03 Hove
46,Statielei 16,2020-06-03,20:00:00,163,102,61,FMN GV 03 Hove
46,Statielei 16,2020-06-03,21:00:00,130,96,34,FMN GV 03 Hove
46,Statielei 16,2020-06-03,22:00:00,61,32,29,FMN GV 03 Hove
46,Statielei 16,2020-06-03,23:00:00,16,9,7,FMN GV 03 Hove
46,Statielei 16,2020-06-04,00:00:00,9,4,5,FMN GV 03 Hove
46,Statielei 16,2020-06-04,01:00:00,4,3,1,FMN GV 03 Hove
46,Statielei 16,2020-06-04,02:00:00,3,2,1,FMN GV 03 Hove
46,Statielei 16,2020-06-04,03:00:00,1,0,1,FMN GV 03 Hove
46,Statielei 16,2020-06-04,04:00:00,10,8,2,FMN GV 03 Hove
46,Statielei 16,2020-06-04,05:00:00,31,20,11,FMN GV 03 Hove
46,Statielei 16,2020-06-04,06:00:00,77,60,17,FMN GV 03 Hove
46,Statielei 16,2020-06-04,07:00:00,211,159,52,FMN GV 03 Hove
46,Statielei 16,2020-06-04,08:00:00,183,132,51,FMN GV 03 Hove
46,Statielei 16,2020-06-04,09:00:00,76,56,20,FMN GV 03 Hove
46,Statielei 16,2020-06-04,10:00:00,38,20,18,FMN GV 03 Hove
46,Statielei 16,2020-06-04,11:00:00,58,32,26,FMN GV 03 Hove
46,Statielei 16,2020-06-04,12:00:00,73,37,36,FMN GV 03 Hove
46,Statielei 16,2020-06-04,13:00:00,75,33,42,FMN GV 03 Hove
46,Statielei 16,2020-06-04,14:00:00,69,33,36,FMN GV 03 Hove
46,Statielei 16,2020-06-04,15:00:00,89,40,49,FMN GV 03 Hove
46,Statielei 16,2020-06-04,16:00:00,155,54,101,FMN GV 03 Hove
46,Statielei 16,2020-06-04,17:00:00,171,61,110,FMN GV 03 Hove
46,Statielei 16,2020-06-04,18:00:00,124,51,73,FMN GV 03 Hove
46,Statielei 16,2020-06-04,19:00:00,81,36,45,FMN GV 03 Hove
46,Statielei 16,2020-06-04,20:00:00,71,38,33,FMN GV 03 Hove
46,Statielei 16,2020-06-04,21:00:00,62,44,18,FMN GV 03 Hove
46,Statielei 16,2020-06-04,22:00:00,30,14,16,FMN GV 03 Hove
46,Statielei 16,2020-06-04,23:00:00,13,8,5,FMN GV 03 Hove
46,Statielei 16,2020-06-05,00:00:00,4,4,0,FMN GV 03 Hove
46,Statielei 16,2020-06-05,01:00:00,3,2,1,FMN GV 03 Hove
46,Statielei 16,2020-06-05,02:00:00,1,0,1,FMN GV 03 Hove
46,Statielei 16,2020-06-05,03:00:00,0,0,0,FMN GV 03 Hove
46,Statielei 16,2020-06-05,04:00:00,7,5,2,FMN GV 03 Hove
46,Statielei 16,2020-06-05,05:00:00,20,12,8,FMN GV 03 Hove
46,Statielei 16,2020-06-05,06:00:00,56,47,9,FMN GV 03 Hove
46,Statielei 16,2020-06-05,07:00:00,133,100,33,FMN GV 03 Hove
46,Statielei 16,2020-06-05,08:00:00,117,86,31,FMN GV 03 Hove
46,Statielei 16,2020-06-05,09:00:00,56,36,20,FMN GV 03 Hove
46,Statielei 16,2020-06-05,10:00:00,29,17,12,FMN GV 03 Hove
46,Statielei 16,2020-06-05,11:00:00,30,19,11,FMN GV 03 Hove
46,Statielei 16,2020-06-05,12:00:00,54,26,28,FMN GV 03 Hove
46,Statielei 16,2020-06-05,13:00:00,55,30,25,FMN GV 03 Hove
46,Statielei 16,2020-06-05,14:00:00,58,24,34,FMN GV 03 Hove
46,Statielei 16,2020-06-05,15:00:00,65,31,34,FMN GV 03 Hove
46,Statielei 16,2020-06-05,16:00:00,95,28,67,FMN GV 03 Hove
46,Statielei 16,2020-06-05,17:00:00,98,44,54,FMN GV 03 Hove
46,Statielei 16,2020-06-05,18:00:00,78,35,43,FMN GV 03 Hove
46,Statielei 16,2020-06-05,19:00:00,44,21,23,FMN GV 03 Hove
46,Statielei 16,2020-06-05,20:00:00,35,19,16,FMN GV 03 Hove
46,Statielei 16,2020-06-05,21:00:00,31,13,18,FMN GV 03 Hove
46,Statielei 16,2020-06-05,22:00:00,17,9,8,FMN GV 03 Hove
46,Statielei 16,2020-06-05,23:00:00,7,3,4,FMN GV 03 Hove
46,Statielei 16,2020-06-06,00:00:00,8,7,1,FMN GV 03 Hove
46,Statielei 16,2020-06-06,01:00:00,3,2,1,FMN GV 03 Hove
46,Statielei 16,2020-06-06,02:00:00,3,2,1,FMN GV 03 Hove
46,Statielei 16,2020-06-06,03:00:00,2,1,1,FMN GV 03 Hove
46,Statielei 16,2020-06-06,04:00:00,5,2,3,FMN GV 03 Hove
46,Statielei 16,2020-06-06,05:00:00,8,5,3,FMN GV 03 Hove
46,Statielei 16,2020-06-06,06:00:00,8,5,3,FMN GV 03 Hove
46,Statielei 16,2020-06-06,07:00:00,9,6,3,FMN GV 03 Hove
46,Statielei 16,2020-06-06,08:00:00,33,10,23,FMN GV 03 Hove
46,Statielei 16,2020-06-06,09:00:00,67,36,31,FMN GV 03 Hove
46,Statielei 16,2020-06-06,10:00:00,118,52,66,FMN GV 03 Hove
46,Statielei 16,2020-06-06,11:00:00,146,83,63,FMN GV 03 Hove
46,Statielei 16,2020-06-06,12:00:00,122,63,59,FMN GV 03 Hove
46,Statielei 16,2020-06-06,13:00:00,144,84,60,FMN GV 03 Hove
46,Statielei 16,2020-06-06,14:00:00,144,85,59,FMN GV 03 Hove
46,Statielei 16,2020-06-06,15:00:00,171,87,84,FMN GV 03 Hove
46,Statielei 16,2020-06-06,16:00:00,135,73,62,FMN GV 03 Hove
46,Statielei 16,2020-06-06,17:00:00,123,69,54,FMN GV 03 Hove
46,Statielei 16,2020-06-06,18:00:00,86,48,38,FMN GV 03 Hove
46,Statielei 16,2020-06-06,19:00:00,35,24,11,FMN GV 03 Hove
46,Statielei 16,2020-06-06,20:00:00,47,25,22,FMN GV 03 Hove
46,Statielei 16,2020-06-06,21:00:00,30,17,13,FMN GV 03 Hove
46,Statielei 16,2020-06-06,22:00:00,16,9,7,FMN GV 03 Hove
46,Statielei 16,2020-06-06,23:00:00,11,7,4,FMN GV 03 Hove
46,Statielei 16,2020-06-07,00:00:00,15,7,8,FMN GV 03 Hove
46,Statielei 16,2020-06-07,01:00:00,9,5,4,FMN GV 03 Hove
46,Statielei 16,2020-06-07,02:00:00,1,0,1,FMN GV 03 Hove
46,Statielei 16,2020-06-07,03:00:00,7,3,4,FMN GV 03 Hove
46,Statielei 16,2020-06-07,04:00:00,2,1,1,FMN GV 03 Hove
46,Statielei 16,2020-06-07,05:00:00,5,4,1,FMN GV 03 Hove
46,Statielei 16,2020-06-07,06:00:00,10,9,1,FMN GV 03 Hove
46,Statielei 16,2020-06-07,07:00:00,21,6,15,FMN GV 03 Hove
46,Statielei 16,2020-06-07,08:00:00,82,25,57,FMN GV 03 Hove
46,Statielei 16,2020-06-07,09:00:00,121,43,78,FMN GV 03 Hove
46,Statielei 16,2020-06-07,10:00:00,159,73,86,FMN GV 03 Hove
46,Statielei 16,2020-06-07,11:00:00,195,112,83,FMN GV 03 Hove
46,Statielei 16,2020-06-07,12:00:00,225,149,76,FMN GV 03 Hove
46,Statielei 16,2020-06-07,13:00:00,219,134,85,FMN GV 03 Hove
46,Statielei 16,2020-06-07,14:00:00,256,111,145,FMN GV 03 Hove
46,Statielei 16,2020-06-07,15:00:00,242,131,111,FMN GV 03 Hove
46,Statielei 16,2020-06-07,16:00:00,205,113,92,FMN GV 03 Hove
46,Statielei 16,2020-06-07,17:00:00,203,116,87,FMN GV 03 Hove
46,Statielei 16,2020-06-07,18:00:00,103,67,36,FMN GV 03 Hove
46,Statielei 16,2020-06-07,19:00:00,72,41,31,FMN GV 03 Hove
46,Statielei 16,2020-06-07,20:00:00,66,40,26,FMN GV 03 Hove
46,Statielei 16,2020-06-07,21:00:00,38,29,9,FMN GV 03 Hove
46,Statielei 16,2020-06-07,22:00:00,26,17,9,FMN GV 03 Hove
46,Statielei 16,2020-06-07,23:00:00,16,6,10,FMN GV 03 Hove
46,Statielei 16,2020-06-08,00:00:00,4,3,1,FMN GV 03 Hove
46,Statielei 16,2020-06-08,01:00:00,5,2,3,FMN GV 03 Hove
46,Statielei 16,2020-06-08,02:00:00,1,1,0,FMN GV 03 Hove
46,Statielei 16,2020-06-08,03:00:00,0,0,0,FMN GV 03 Hove
46,Statielei 16,2020-06-08,04:00:00,8,6,2,FMN GV 03 Hove
46,Statielei 16,2020-06-08,05:00:00,23,14,9,FMN GV 03 Hove
46,Statielei 16,2020-06-08,06:00:00,64,50,14,FMN GV 03 Hove
46,Statielei 16,2020-06-08,07:00:00,173,131,42,FMN GV 03 Hove
46,Statielei 16,2020-06-08,08:00:00,153,108,45,FMN GV 03 Hove
46,Statielei 16,2020-06-08,09:00:00,57,41,16,FMN GV 03 Hove
46,Statielei 16,2020-06-08,10:00:00,40,26,14,FMN GV 03 Hove
46,Statielei 16,2020-06-08,11:00:00,38,14,24,FMN GV 03 Hove
46,Statielei 16,2020-06-08,12:00:00,61,27,34,FMN GV 03 Hove
46,Statielei 16,2020-06-08,13:00:00,40,25,15,FMN GV 03 Hove
46,Statielei 16,2020-06-08,14:00:00,52,24,28,FMN GV 03 Hove
46,Statielei 16,2020-06-08,15:00:00,69,31,38,FMN GV 03 Hove
46,Statielei 16,2020-06-08,16:00:00,150,48,102,FMN GV 03 Hove
46,Statielei 16,2020-06-08,17:00:00,142,49,93,FMN GV 03 Hove
46,Statielei 16,2020-06-08,18:00:00,76,29,47,FMN GV 03 Hove
46,Statielei 16,2020-06-08,19:00:00,62,20,42,FMN GV 03 Hove
46,Statielei 16,2020-06-08,20:00:00,34,17,17,FMN GV 03 Hove
46,Statielei 16,2020-06-08,21:00:00,26,15,11,FMN GV 03 Hove
46,Statielei 16,2020-06-08,22:00:00,18,11,7,FMN GV 03 Hove
46,Statielei 16,2020-06-08,23:00:00,8,7,1,FMN GV 03 Hove
46,Statielei 16,2020-06-09,00:00:00,2,1,1,FMN GV 03 Hove
46,Statielei 16,2020-06-09,01:00:00,2,1,1,FMN GV 03 Hove
46,Statielei 16,2020-06-09,02:00:00,1,1,0,FMN GV 03 Hove
46,Statielei 16,2020-06-09,03:00:00,0,0,0,FMN GV 03 Hove
46,Statielei 16,2020-06-09,04:00:00,10,5,5,FMN GV 03 Hove
46,Statielei 16,2020-06-09,05:00:00,24,17,7,FMN GV 03 Hove
46,Statielei 16,2020-06-09,06:00:00,74,58,16,FMN GV 03 Hove
46,Statielei 16,2020-06-09,07:00:00,258,204,54,FMN GV 03 Hove
46,Statielei 16,2020-06-09,08:00:00,218,165,53,FMN GV 03 Hove
46,Statielei 16,2020-06-09,09:00:00,93,65,28,FMN GV 03 Hove
46,Statielei 16,2020-06-09,10:00:00,76,38,38,FMN GV 03 Hove
46,Statielei 16,2020-06-09,11:00:00,76,49,27,FMN GV 03 Hove
46,Statielei 16,2020-06-09,12:00:00,109,59,50,FMN GV 03 Hove
46,Statielei 16,2020-06-09,13:00:00,129,70,59,FMN GV 03 Hove
46,Statielei 16,2020-06-09,14:00:00,106,54,52,FMN GV 03 Hove
46,Statielei 16,2020-06-09,15:00:00,149,70,79,FMN GV 03 Hove
46,Statielei 16,2020-06-09,16:00:00,247,89,158,FMN GV 03 Hove
46,Statielei 16,2020-06-09,17:00:00,255,95,160,FMN GV 03 Hove
46,Statielei 16,2020-06-09,18:00:00,174,65,109,FMN GV 03 Hove
46,Statielei 16,2020-06-09,19:00:00,133,70,63,FMN GV 03 Hove
46,Statielei 16,2020-06-09,20:00:00,91,52,39,FMN GV 03 Hove
46,Statielei 16,2020-06-09,21:00:00,88,61,27,FMN GV 03 Hove
46,Statielei 16,2020-06-09,22:00:00,30,14,16,FMN GV 03 Hove
46,Statielei 16,2020-06-09,23:00:00,11,6,5,FMN GV 03 Hove
46,Statielei 16,2020-06-10,00:00:00,10,4,6,FMN GV 03 Hove
46,Statielei 16,2020-06-10,01:00:00,6,3,3,FMN GV 03 Hove
46,Statielei 16,2020-06-10,02:00:00,3,1,2,FMN GV 03 Hove
46,Statielei 16,2020-06-10,03:00:00,4,3,1,FMN GV 03 Hove
46,Statielei 16,2020-06-10,04:00:00,11,8,3,FMN GV 03 Hove
46,Statielei 16,2020-06-10,05:00:00,26,18,8,FMN GV 03 Hove
46,Statielei 16,2020-06-10,06:00:00,90,70,20,FMN GV 03 Hove
46,Statielei 16,2020-06-10,07:00:00,233,185,48,FMN GV 03 Hove
46,Statielei 16,2020-06-10,08:00:00,213,160,53,FMN GV 03 Hove
46,Statielei 16,2020-06-10,09:00:00,130,79,51,FMN GV 03 Hove
46,Statielei 16,2020-06-10,10:00:00,116,78,38,FMN GV 03 Hove
46,Statielei 16,2020-06-10,11:00:00,157,86,71,FMN GV 03 Hove
46,Statielei 16,2020-06-10,12:00:00,147,74,73,FMN GV 03 Hove
46,Statielei 16,2020-06-10,13:00:00,179,82,97,FMN GV 03 Hove
46,Statielei 16,2020-06-10,14:00:00,129,66,63,FMN GV 03 Hove
46,Statielei 16,2020-06-10,15:00:00,164,72,92,FMN GV 03 Hove
46,Statielei 16,2020-06-10,16:00:00,225,71,154,FMN GV 03 Hove
46,Statielei 16,2020-06-10,17:00:00,260,88,172,FMN GV 03 Hove
46,Statielei 16,2020-06-10,18:00:00,225,82,143,FMN GV 03 Hove
46,Statielei 16,2020-06-10,19:00:00,150,74,76,FMN GV 03 Hove
46,Statielei 16,2020-06-10,20:00:00,115,65,50,FMN GV 03 Hove
46,Statielei 16,2020-06-10,21:00:00,78,56,22,FMN GV 03 Hove
46,Statielei 16,2020-06-10,22:00:00,36,21,15,FMN GV 03 Hove
46,Statielei 16,2020-06-10,23:00:00,19,11,8,FMN GV 03 Hove
46,Statielei 16,2020-06-11,00:00:00,13,5,8,FMN GV 03 Hove
46,Statielei 16,2020-06-11,01:00:00,6,5,1,FMN GV 03 Hove
46,Statielei 16,2020-06-11,02:00:00,7,5,2,FMN GV 03 Hove
46,Statielei 16,2020-06-11,03:00:00,1,0,1,FMN GV 03 Hove
46,Statielei 16,2020-06-11,04:00:00,11,6,5,FMN GV 03 Hove
46,Statielei 16,2020-06-11,05:00:00,22,19,3,FMN GV 03 Hove
46,Statielei 16,2020-06-11,06:00:00,84,61,23,FMN GV 03 Hove
46,Statielei 16,2020-06-11,07:00:00,249,202,47,FMN GV 03 Hove
46,Statielei 16,2020-06-11,08:00:00,228,153,75,FMN GV 03 Hove
46,Statielei 16,2020-06-11,09:00:00,113,74,39,FMN GV 03 Hove
46,Statielei 16,2020-06-11,10:00:00,96,51,45,FMN GV 03 Hove
46,Statielei 16,2020-06-11,11:00:00,110,60,50,FMN GV 03 Hove
46,Statielei 16,2020-06-11,12:00:00,133,67,66,FMN GV 03 Hove
46,Statielei 16,2020-06-11,13:00:00,145,69,76,FMN GV 03 Hove
46,Statielei 16,2020-06-11,14:00:00,109,44,65,FMN GV 03 Hove
46,Statielei 16,2020-06-11,15:00:00,115,46,69,FMN GV 03 Hove
46,Statielei 16,2020-06-11,16:00:00,208,77,131,FMN GV 03 Hove
46,Statielei 16,2020-06-11,17:00:00,224,75,149,FMN GV 03 Hove
46,Statielei 16,2020-06-11,18:00:00,225,101,124,FMN GV 03 Hove
46,Statielei 16,2020-06-11,19:00:00,137,67,70,FMN GV 03 Hove
46,Statielei 16,2020-06-11,20:00:00,133,88,45,FMN GV 03 Hove
46,Statielei 16,2020-06-11,21:00:00,98,73,25,FMN GV 03 Hove
46,Statielei 16,2020-06-11,22:00:00,50,33,17,FMN GV 03 Hove
46,Statielei 16,2020-06-11,23:00:00,16,10,6,FMN GV 03 Hove
46,Statielei 16,2020-06-12,00:00:00,16,5,11,FMN GV 03 Hove
46,Statielei 16,2020-06-12,01:00:00,3,1,2,FMN GV 03 Hove
46,Statielei 16,2020-06-12,02:00:00,3,3,0,FMN GV 03 Hove
46,Statielei 16,2020-06-12,03:00:00,1,0,1,FMN GV 03 Hove
46,Statielei 16,2020-06-12,04:00:00,11,6,5,FMN GV 03 Hove
46,Statielei 16,2020-06-12,05:00:00,19,13,6,FMN GV 03 Hove
46,Statielei 16,2020-06-12,06:00:00,89,63,26,FMN GV 03 Hove
46,Statielei 16,2020-06-12,07:00:00,240,180,60,FMN GV 03 Hove
46,Statielei 16,2020-06-12,08:00:00,224,154,70,FMN GV 03 Hove
46,Statielei 16,2020-06-12,09:00:00,112,66,46,FMN GV 03 Hove
46,Statielei 16,2020-06-12,10:00:00,114,60,54,FMN GV 03 Hove
46,Statielei 16,2020-06-12,11:00:00,182,96,86,FMN GV 03 Hove
46,Statielei 16,2020-06-12,12:00:00,179,104,75,FMN GV 03 Hove
46,Statielei 16,2020-06-12,13:00:00,201,99,102,FMN GV 03 Hove
46,Statielei 16,2020-06-12,14:00:00,184,84,100,FMN GV 03 Hove
46,Statielei 16,2020-06-12,15:00:00,183,84,99,FMN GV 03 Hove
46,Statielei 16,2020-06-12,16:00:00,239,96,143,FMN GV 03 Hove
46,Statielei 16,2020-06-12,17:00:00,199,71,128,FMN GV 03 Hove
46,Statielei 16,2020-06-12,18:00:00,153,63,90,FMN GV 03 Hove
46,Statielei 16,2020-06-12,19:00:00,111,66,45,FMN GV 03 Hove
46,Statielei 16,2020-06-12,20:00:00,81,49,32,FMN GV 03 Hove
46,Statielei 16,2020-06-12,21:00:00,34,13,21,FMN GV 03 Hove
46,Statielei 16,2020-06-12,22:00:00,28,11,17,FMN GV 03 Hove
46,Statielei 16,2020-06-12,23:00:00,24,7,17,FMN GV 03 Hove
46,Statielei 16,2020-06-13,00:00:00,11,6,5,FMN GV 03 Hove
46,Statielei 16,2020-06-13,01:00:00,18,5,13,FMN GV 03 Hove
46,Statielei 16,2020-06-13,02:00:00,8,2,6,FMN GV 03 Hove
46,Statielei 16,2020-06-13,03:00:00,3,0,3,FMN GV 03 Hove
46,Statielei 16,2020-06-13,04:00:00,5,3,2,FMN GV 03 Hove
46,Statielei 16,2020-06-13,05:00:00,10,6,4,FMN GV 03 Hove
46,Statielei 16,2020-06-13,06:00:00,16,3,13,FMN GV 03 Hove
46,Statielei 16,2020-06-13,07:00:00,24,7,17,FMN GV 03 Hove
46,Statielei 16,2020-06-13,08:00:00,76,31,45,FMN GV 03 Hove
46,Statielei 16,2020-06-13,09:00:00,134,49,85,FMN GV 03 Hove
46,Statielei 16,2020-06-13,10:00:00,226,97,129,FMN GV 03 Hove
46,Statielei 16,2020-06-13,11:00:00,252,135,117,FMN GV 03 Hove
46,Statielei 16,2020-06-13,12:00:00,244,133,111,FMN GV 03 Hove
46,Statielei 16,2020-06-13,13:00:00,282,145,137,FMN GV 03 Hove
46,Statielei 16,2020-06-13,14:00:00,288,159,129,FMN GV 03 Hove
46,Statielei 16,2020-06-13,15:00:00,275,153,122,FMN GV 03 Hove
46,Statielei 16,2020-06-13,16:00:00,240,121,119,FMN GV 03 Hove
46,Statielei 16,2020-06-13,17:00:00,263,146,117,FMN GV 03 Hove
46,Statielei 16,2020-06-13,18:00:00,158,95,63,FMN GV 03 Hove
46,Statielei 16,2020-06-13,19:00:00,95,59,36,FMN GV 03 Hove
46,Statielei 16,2020-06-13,20:00:00,95,65,30,FMN GV 03 Hove
46,Statielei 16,2020-06-13,21:00:00,85,46,39,FMN GV 03 Hove
46,Statielei 16,2020-06-13,22:00:00,47,26,21,FMN GV 03 Hove
46,Statielei 16,2020-06-13,23:00:00,35,23,12,FMN GV 03 Hove
46,Statielei 16,2020-06-14,00:00:00,24,17,7,FMN GV 03 Hove
46,Statielei 16,2020-06-14,01:00:00,30,10,20,FMN GV 03 Hove
46,Statielei 16,2020-06-14,02:00:00,17,8,9,FMN GV 03 Hove
46,Statielei 16,2020-06-14,03:00:00,10,4,6,FMN GV 03 Hove
46,Statielei 16,2020-06-14,04:00:00,1,0,1,FMN GV 03 Hove
46,Statielei 16,2020-06-14,05:00:00,9,6,3,FMN GV 03 Hove
46,Statielei 16,2020-06-14,06:00:00,21,10,11,FMN GV 03 Hove
46,Statielei 16,2020-06-14,07:00:00,43,15,28,FMN GV 03 Hove
46,Statielei 16,2020-06-14,08:00:00,86,28,58,FMN GV 03 Hove
46,Statielei 16,2020-06-14,09:00:00,186,82,104,FMN GV 03 Hove
46,Statielei 16,2020-06-14,10:00:00,248,123,125,FMN GV 03 Hove
46,Statielei 16,2020-06-14,11:00:00,290,168,122,FMN GV 03 Hove
46,Statielei 16,2020-06-14,12:00:00,298,169,129,FMN GV 03 Hove
46,Statielei 16,2020-06-14,13:00:00,349,203,146,FMN GV 03 Hove
46,Statielei 16,2020-06-14,14:00:00,365,200,165,FMN GV 03 Hove
46,Statielei 16,2020-06-14,15:00:00,332,181,151,FMN GV 03 Hove
46,Statielei 16,2020-06-14,16:00:00,300,173,127,FMN GV 03 Hove
46,Statielei 16,2020-06-14,17:00:00,247,146,101,FMN GV 03 Hove
46,Statielei 16,2020-06-14,18:00:00,181,124,57,FMN GV 03 Hove
46,Statielei 16,2020-06-14,19:00:00,117,75,42,FMN GV 03 Hove
46,Statielei 16,2020-06-14,20:00:00,130,83,47,FMN GV 03 Hove
46,Statielei 16,2020-06-14,21:00:00,59,44,15,FMN GV 03 Hove
46,Statielei 16,2020-06-14,22:00:00,33,19,14,FMN GV 03 Hove
46,Statielei 16,2020-06-14,23:00:00,17,7,10,FMN GV 03 Hove
46,Statielei 16,2020-06-15,00:00:00,11,4,7,FMN GV 03 Hove
46,Statielei 16,2020-06-15,01:00:00,2,1,1,FMN GV 03 Hove
46,Statielei 16,2020-06-15,02:00:00,0,0,0,FMN GV 03 Hove
46,Statielei 16,2020-06-15,03:00:00,2,2,0,FMN GV 03 Hove
46,Statielei 16,2020-06-15,04:00:00,9,5,4,FMN GV 03 Hove
46,Statielei 16,2020-06-15,05:00:00,25,18,7,FMN GV 03 Hove
46,Statielei 16,2020-06-15,06:00:00,95,70,25,FMN GV 03 Hove
46,Statielei 16,2020-06-15,07:00:00,264,203,61,FMN GV 03 Hove
46,Statielei 16,2020-06-15,08:00:00,277,185,92,FMN GV 03 Hove
46,Statielei 16,2020-06-15,09:00:00,109,60,49,FMN GV 03 Hove
46,Statielei 16,2020-06-15,10:00:00,108,62,46,FMN GV 03 Hove
46,Statielei 16,2020-06-15,11:00:00,122,65,57,FMN GV 03 Hove
46,Statielei 16,2020-06-15,12:00:00,149,77,72,FMN GV 03 Hove
46,Statielei 16,2020-06-15,13:00:00,172,95,77,FMN GV 03 Hove
46,Statielei 16,2020-06-15,14:00:00,184,96,88,FMN GV 03 Hove
46,Statielei 16,2020-06-15,15:00:00,206,104,102,FMN GV 03 Hove
46,Statielei 16,2020-06-15,16:00:00,290,103,187,FMN GV 03 Hove
46,Statielei 16,2020-06-15,17:00:00,276,94,182,FMN GV 03 Hove
46,Statielei 16,2020-06-15,18:00:00,220,95,125,FMN GV 03 Hove
46,Statielei 16,2020-06-15,19:00:00,137,68,69,FMN GV 03 Hove
46,Statielei 16,2020-06-15,20:00:00,119,62,57,FMN GV 03 Hove
46,Statielei 16,2020-06-15,21:00:00,115,77,38,FMN GV 03 Hove
46,Statielei 16,2020-06-15,22:00:00,53,27,26,FMN GV 03 Hove
46,Statielei 16,2020-06-15,23:00:00,15,5,10,FMN GV 03 Hove
46,Statielei 16,2020-06-16,00:00:00,8,4,4,FMN GV 03 Hove
46,Statielei 16,2020-06-16,01:00:00,6,1,5,FMN GV 03 Hove
46,Statielei 16,2020-06-16,02:00:00,3,2,1,FMN GV 03 Hove
46,Statielei 16,2020-06-16,03:00:00,0,0,0,FMN GV 03 Hove
46,Statielei 16,2020-06-16,04:00:00,10,6,4,FMN GV 03 Hove
46,Statielei 16,2020-06-16,05:00:00,25,15,10,FMN GV 03 Hove
46,Statielei 16,2020-06-16,06:00:00,95,74,21,FMN GV 03 Hove
46,Statielei 16,2020-06-16,07:00:00,262,199,63,FMN GV 03 Hove
46,Statielei 16,2020-06-16,08:00:00,260,187,73,FMN GV 03 Hove
46,Statielei 16,2020-06-16,09:00:00,112,71,41,FMN GV 03 Hove
46,Statielei 16,2020-06-16,10:00:00,117,65,52,FMN GV 03 Hove
46,Statielei 16,2020-06-16,11:00:00,120,62,58,FMN GV 03 Hove
46,Statielei 16,2020-06-16,12:00:00,149,78,71,FMN GV 03 Hove
46,Statielei 16,2020-06-16,13:00:00,130,67,63,FMN GV 03 Hove
46,Statielei 16,2020-06-16,14:00:00,130,67,63,FMN GV 03 Hove
46,Statielei 16,2020-06-16,15:00:00,183,78,105,FMN GV 03 Hove
46,Statielei 16,2020-06-16,16:00:00,235,81,154,FMN GV 03 Hove
46,Statielei 16,2020-06-16,17:00:00,270,88,182,FMN GV 03 Hove
46,Statielei 16,2020-06-16,18:00:00,160,67,93,FMN GV 03 Hove
46,Statielei 16,2020-06-16,19:00:00,145,60,85,FMN GV 03 Hove
46,Statielei 16,2020-06-16,20:00:00,119,71,48,FMN GV 03 Hove
46,Statielei 16,2020-06-16,21:00:00,84,53,31,FMN GV 03 Hove
46,Statielei 16,2020-06-16,22:00:00,51,31,20,FMN GV 03 Hove
46,Statielei 16,2020-06-16,23:00:00,22,12,10,FMN GV 03 Hove
46,Statielei 16,2020-06-17,00:00:00,11,4,7,FMN GV 03 Hove
46,Statielei 16,2020-06-17,01:00:00,4,1,3,FMN GV 03 Hove
46,Statielei 16,2020-06-17,02:00:00,1,0,1,FMN GV 03 Hove
46,Statielei 16,2020-06-17,03:00:00,4,1,3,FMN GV 03 Hove
46,Statielei 16,2020-06-17,04:00:00,5,2,3,FMN GV 03 Hove
46,Statielei 16,2020-06-17,05:00:00,22,12,10,FMN GV 03 Hove
46,Statielei 16,2020-06-17,06:00:00,80,57,23,FMN GV 03 Hove
46,Statielei 16,2020-06-17,07:00:00,205,162,43,FMN GV 03 Hove
46,Statielei 16,2020-06-17,08:00:00,182,128,54,FMN GV 03 Hove
46,Statielei 16,2020-06-17,09:00:00,135,90,45,FMN GV 03 Hove
46,Statielei 16,2020-06-17,10:00:00,143,88,55,FMN GV 03 Hove
46,Statielei 16,2020-06-17,11:00:00,134,59,75,FMN GV 03 Hove
46,Statielei 16,2020-06-17,12:00:00,160,76,84,FMN GV 03 Hove
46,Statielei 16,2020-06-17,13:00:00,118,62,56,FMN GV 03 Hove
46,Statielei 16,2020-06-17,14:00:00,117,70,47,FMN GV 03 Hove
46,Statielei 16,2020-06-17,15:00:00,143,45,98,FMN GV 03 Hove
46,Statielei 16,2020-06-17,16:00:00,94,42,52,FMN GV 03 Hove
46,Statielei 16,2020-06-17,17:00:00,110,36,74,FMN GV 03 Hove
46,Statielei 16,2020-06-17,18:00:00,71,32,39,FMN GV 03 Hove
46,Statielei 16,2020-06-17,19:00:00,36,8,28,FMN GV 03 Hove
46,Statielei 16,2020-06-17,20:00:00,39,25,14,FMN GV 03 Hove
46,Statielei 16,2020-06-17,21:00:00,20,12,8,FMN GV 03 Hove
46,Statielei 16,2020-06-17,22:00:00,16,7,9,FMN GV 03 Hove
46,Statielei 16,2020-06-17,23:00:00,9,2,7,FMN GV 03 Hove
46,Statielei 16,2020-06-18,00:00:00,2,0,2,FMN GV 03 Hove
46,Statielei 16,2020-06-18,01:00:00,3,1,2,FMN GV 03 Hove
46,Statielei 16,2020-06-18,02:00:00,0,0,0,FMN GV 03 Hove
46,Statielei 16,2020-06-18,03:00:00,0,0,0,FMN GV 03 Hove
46,Statielei 16,2020-06-18,04:00:00,6,3,3,FMN GV 03 Hove
46,Statielei 16,2020-06-18,05:00:00,21,14,7,FMN GV 03 Hove
46,Statielei 16,2020-06-18,06:00:00,71,48,23,FMN GV 03 Hove
46,Statielei 16,2020-06-18,07:00:00,203,158,45,FMN GV 03 Hove
46,Statielei 16,2020-06-18,08:00:00,212,158,54,FMN GV 03 Hove
46,Statielei 16,2020-06-18,09:00:00,98,64,34,FMN GV 03 Hove
46,Statielei 16,2020-06-18,10:00:00,82,52,30,FMN GV 03 Hove
46,Statielei 16,2020-06-18,11:00:00,97,62,35,FMN GV 03 Hove
46,Statielei 16,2020-06-18,12:00:00,133,73,60,FMN GV 03 Hove
46,Statielei 16,2020-06-18,13:00:00,118,59,59,FMN GV 03 Hove
46,Statielei 16,2020-06-18,14:00:00,138,65,73,FMN GV 03 Hove
46,Statielei 16,2020-06-18,15:00:00,162,70,92,FMN GV 03 Hove
46,Statielei 16,2020-06-18,16:00:00,185,68,117,FMN GV 03 Hove
46,Statielei 16,2020-06-18,17:00:00,219,71,148,FMN GV 03 Hove
46,Statielei 16,2020-06-18,18:00:00,199,78,121,FMN GV 03 Hove
46,Statielei 16,2020-06-18,19:00:00,130,63,67,FMN GV 03 Hove
46,Statielei 16,2020-06-18,20:00:00,110,58,52,FMN GV 03 Hove
46,Statielei 16,2020-06-18,21:00:00,80,53,27,FMN GV 03 Hove
46,Statielei 16,2020-06-18,22:00:00,53,33,20,FMN GV 03 Hove
46,Statielei 16,2020-06-18,23:00:00,22,12,10,FMN GV 03 Hove
46,Statielei 16,2020-06-19,00:00:00,10,5,5,FMN GV 03 Hove
46,Statielei 16,2020-06-19,01:00:00,7,2,5,FMN GV 03 Hove
46,Statielei 16,2020-06-19,02:00:00,3,2,1,FMN GV 03 Hove
46,Statielei 16,2020-06-19,03:00:00,4,2,2,FMN GV 03 Hove
46,Statielei 16,2020-06-19,04:00:00,8,4,4,FMN GV 03 Hove
46,Statielei 16,2020-06-19,05:00:00,30,20,10,FMN GV 03 Hove
46,Statielei 16,2020-06-19,06:00:00,78,55,23,FMN GV 03 Hove
46,Statielei 16,2020-06-19,07:00:00,243,183,60,FMN GV 03 Hove
46,Statielei 16,2020-06-19,08:00:00,218,151,67,FMN GV 03 Hove
46,Statielei 16,2020-06-19,09:00:00,137,79,58,FMN GV 03 Hove
46,Statielei 16,2020-06-19,10:00:00,128,73,55,FMN GV 03 Hove
46,Statielei 16,2020-06-19,11:00:00,159,93,66,FMN GV 03 Hove
46,Statielei 16,2020-06-19,12:00:00,137,78,59,FMN GV 03 Hove
46,Statielei 16,2020-06-19,13:00:00,138,68,70,FMN GV 03 Hove
46,Statielei 16,2020-06-19,14:00:00,154,72,82,FMN GV 03 Hove
46,Statielei 16,2020-06-19,15:00:00,229,113,116,FMN GV 03 Hove
46,Statielei 16,2020-06-19,16:00:00,268,104,164,FMN GV 03 Hove
46,Statielei 16,2020-06-19,17:00:00,240,104,136,FMN GV 03 Hove
46,Statielei 16,2020-06-19,18:00:00,184,86,98,FMN GV 03 Hove
46,Statielei 16,2020-06-19,19:00:00,110,60,50,FMN GV 03 Hove
46,Statielei 16,2020-06-19,20:00:00,107,66,41,FMN GV 03 Hove
46,Statielei 16,2020-06-19,21:00:00,81,43,38,FMN GV 03 Hove
46,Statielei 16,2020-06-19,22:00:00,33,18,15,FMN GV 03 Hove
46,Statielei 16,2020-06-19,23:00:00,30,11,19,FMN GV 03 Hove
46,Statielei 16,2020-06-20,00:00:00,31,10,21,FMN GV 03 Hove
46,Statielei 16,2020-06-20,01:00:00,39,4,35,FMN GV 03 Hove
46,Statielei 16,2020-06-20,02:00:00,14,5,9,FMN GV 03 Hove
46,Statielei 16,2020-06-20,03:00:00,9,5,4,FMN GV 03 Hove
46,Statielei 16,2020-06-20,04:00:00,5,2,3,FMN GV 03 Hove
46,Statielei 16,2020-06-20,05:00:00,9,5,4,FMN GV 03 Hove
46,Statielei 16,2020-06-20,06:00:00,16,9,7,FMN GV 03 Hove
46,Statielei 16,2020-06-20,07:00:00,19,6,13,FMN GV 03 Hove
46,Statielei 16,2020-06-20,08:00:00,61,25,36,FMN GV 03 Hove
46,Statielei 16,2020-06-20,09:00:00,113,56,57,FMN GV 03 Hove
46,Statielei 16,2020-06-20,10:00:00,145,68,77,FMN GV 03 Hove
46,Statielei 16,2020-06-20,11:00:00,200,106,94,FMN GV 03 Hove
46,Statielei 16,2020-06-20,12:00:00,212,125,87,FMN GV 03 Hove
46,Statielei 16,2020-06-20,13:00:00,223,133,90,FMN GV 03 Hove
46,Statielei 16,2020-06-20,14:00:00,298,185,113,FMN GV 03 Hove
46,Statielei 16,2020-06-20,15:00:00,235,114,121,FMN GV 03 Hove
46,Statielei 16,2020-06-20,16:00:00,226,128,98,FMN GV 03 Hove
46,Statielei 16,2020-06-20,17:00:00,216,111,105,FMN GV 03 Hove
46,Statielei 16,2020-06-20,18:00:00,155,88,67,FMN GV 03 Hove
46,Statielei 16,2020-06-20,19:00:00,99,52,47,FMN GV 03 Hove
46,Statielei 16,2020-06-20,20:00:00,105,69,36,FMN GV 03 Hove
46,Statielei 16,2020-06-20,21:00:00,75,45,30,FMN GV 03 Hove
46,Statielei 16,2020-06-20,22:00:00,50,26,24,FMN GV 03 Hove
46,Statielei 16,2020-06-20,23:00:00,29,19,10,FMN GV 03 Hove
46,Statielei 16,2020-06-21,00:00:00,25,14,11,FMN GV 03 Hove
46,Statielei 16,2020-06-21,01:00:00,47,21,26,FMN GV 03 Hove
46,Statielei 16,2020-06-21,02:00:00,17,8,9,FMN GV 03 Hove
46,Statielei 16,2020-06-21,03:00:00,8,1,7,FMN GV 03 Hove
46,Statielei 16,2020-06-21,04:00:00,3,1,2,FMN GV 03 Hove
46,Statielei 16,2020-06-21,05:00:00,13,10,3,FMN GV 03 Hove
46,Statielei 16,2020-06-21,06:00:00,11,5,6,FMN GV 03 Hove
46,Statielei 16,2020-06-21,07:00:00,31,9,22,FMN GV 03 Hove
46,Statielei 16,2020-06-21,08:00:00,85,21,64,FMN GV 03 Hove
46,Statielei 16,2020-06-21,09:00:00,166,77,89,FMN GV 03 Hove
46,Statielei 16,2020-06-21,10:00:00,191,86,105,FMN GV 03 Hove
46,Statielei 16,2020-06-21,11:00:00,257,139,118,FMN GV 03 Hove
46,Statielei 16,2020-06-21,12:00:00,290,148,142,FMN GV 03 Hove
46,Statielei 16,2020-06-21,13:00:00,249,132,117,FMN GV 03 Hove
46,Statielei 16,2020-06-21,14:00:00,291,147,144,FMN GV 03 Hove
46,Statielei 16,2020-06-21,15:00:00,228,108,120,FMN GV 03 Hove
46,Statielei 16,2020-06-21,16:00:00,213,117,96,FMN GV 03 Hove
46,Statielei 16,2020-06-21,17:00:00,183,104,79,FMN GV 03 Hove
46,Statielei 16,2020-06-21,18:00:00,122,83,39,FMN GV 03 Hove
46,Statielei 16,2020-06-21,19:00:00,81,53,28,FMN GV 03 Hove
46,Statielei 16,2020-06-21,20:00:00,66,38,28,FMN GV 03 Hove
46,Statielei 16,2020-06-21,21:00:00,43,25,18,FMN GV 03 Hove
46,Statielei 16,2020-06-21,22:00:00,27,15,12,FMN GV 03 Hove
46,Statielei 16,2020-06-21,23:00:00,14,10,4,FMN GV 03 Hove
46,Statielei 16,2020-06-22,00:00:00,3,1,2,FMN GV 03 Hove
46,Statielei 16,2020-06-22,01:00:00,4,3,1,FMN GV 03 Hove
46,Statielei 16,2020-06-22,02:00:00,2,1,1,FMN GV 03 Hove
46,Statielei 16,2020-06-22,03:00:00,4,0,4,FMN GV 03 Hove
46,Statielei 16,2020-06-22,04:00:00,18,7,11,FMN GV 03 Hove
46,Statielei 16,2020-06-22,05:00:00,31,19,12,FMN GV 03 Hove
46,Statielei 16,2020-06-22,06:00:00,84,66,18,FMN GV 03 Hove
46,Statielei 16,2020-06-22,07:00:00,275,217,58,FMN GV 03 Hove
46,Statielei 16,2020-06-22,08:00:00,274,195,79,FMN GV 03 Hove
46,Statielei 16,2020-06-22,09:00:00,91,57,34,FMN GV 03 Hove
46,Statielei 16,2020-06-22,10:00:00,119,68,51,FMN GV 03 Hove
46,Statielei 16,2020-06-22,11:00:00,131,74,57,FMN GV 03 Hove
46,Statielei 16,2020-06-22,12:00:00,144,69,75,FMN GV 03 Hove
46,Statielei 16,2020-06-22,13:00:00,144,75,69,FMN GV 03 Hove
46,Statielei 16,2020-06-22,14:00:00,147,73,74,FMN GV 03 Hove
46,Statielei 16,2020-06-22,15:00:00,235,109,126,FMN GV 03 Hove
46,Statielei 16,2020-06-22,16:00:00,275,100,175,FMN GV 03 Hove
46,Statielei 16,2020-06-22,17:00:00,300,115,185,FMN GV 03 Hove
46,Statielei 16,2020-06-22,18:00:00,241,112,129,FMN GV 03 Hove
46,Statielei 16,2020-06-22,19:00:00,162,81,81,FMN GV 03 Hove
46,Statielei 16,2020-06-22,20:00:00,116,66,50,FMN GV 03 Hove
46,Statielei 16,2020-06-22,21:00:00,122,79,43,FMN GV 03 Hove
46,Statielei 16,2020-06-22,22:00:00,62,25,37,FMN GV 03 Hove
46,Statielei 16,2020-06-22,23:00:00,20,7,13,FMN GV 03 Hove
46,Statielei 16,2020-06-23,00:00:00,11,3,8,FMN GV 03 Hove
46,Statielei 16,2020-06-23,01:00:00,4,3,1,FMN GV 03 Hove
46,Statielei 16,2020-06-23,02:00:00,2,1,1,FMN GV 03 Hove
46,Statielei 16,2020-06-23,03:00:00,3,1,2,FMN GV 03 Hove
46,Statielei 16,2020-06-23,04:00:00,18,9,9,FMN GV 03 Hove
46,Statielei 16,2020-06-23,05:00:00,32,22,10,FMN GV 03 Hove
46,Statielei 16,2020-06-23,06:00:00,118,86,32,FMN GV 03 Hove
46,Statielei 16,2020-06-23,07:00:00,331,252,79,FMN GV 03 Hove
46,Statielei 16,2020-06-23,08:00:00,296,207,89,FMN GV 03 Hove
46,Statielei 16,2020-06-23,09:00:00,141,101,40,FMN GV 03 Hove
46,Statielei 16,2020-06-23,10:00:00,131,66,65,FMN GV 03 Hove
46,Statielei 16,2020-06-23,11:00:00,144,87,57,FMN GV 03 Hove
46,Statielei 16,2020-06-23,12:00:00,200,107,93,FMN GV 03 Hove
46,Statielei 16,2020-06-23,13:00:00,174,103,71,FMN GV 03 Hove
46,Statielei 16,2020-06-23,14:00:00,183,81,102,FMN GV 03 Hove
46,Statielei 16,2020-06-23,15:00:00,186,88,98,FMN GV 03 Hove
46,Statielei 16,2020-06-23,16:00:00,306,107,199,FMN GV 03 Hove
46,Statielei 16,2020-06-23,17:00:00,375,136,239,FMN GV 03 Hove
46,Statielei 16,2020-06-23,18:00:00,281,114,167,FMN GV 03 Hove
46,Statielei 16,2020-06-23,19:00:00,232,106,126,FMN GV 03 Hove
46,Statielei 16,2020-06-23,20:00:00,156,94,62,FMN GV 03 Hove
46,Statielei 16,2020-06-23,21:00:00,132,91,41,FMN GV 03 Hove
46,Statielei 16,2020-06-23,22:00:00,95,52,43,FMN GV 03 Hove
46,Statielei 16,2020-06-23,23:00:00,34,13,21,FMN GV 03 Hove
46,Statielei 16,2020-06-24,00:00:00,14,6,8,FMN GV 03 Hove
46,Statielei 16,2020-06-24,01:00:00,11,5,6,FMN GV 03 Hove
46,Statielei 16,2020-06-24,02:00:00,5,2,3,FMN GV 03 Hove
46,Statielei 16,2020-06-24,03:00:00,3,2,1,FMN GV 03 Hove
46,Statielei 16,2020-06-24,04:00:00,13,6,7,FMN GV 03 Hove
46,Statielei 16,2020-06-24,05:00:00,44,26,18,FMN GV 03 Hove
46,Statielei 16,2020-06-24,06:00:00,101,72,29,FMN GV 03 Hove
46,Statielei 16,2020-06-24,07:00:00,291,225,66,FMN GV 03 Hove
46,Statielei 16,2020-06-24,08:00:00,286,202,84,FMN GV 03 Hove
46,Statielei 16,2020-06-24,09:00:00,193,132,61,FMN GV 03 Hove
46,Statielei 16,2020-06-24,10:00:00,189,102,87,FMN GV 03 Hove
46,Statielei 16,2020-06-24,11:00:00,196,89,107,FMN GV 03 Hove
46,Statielei 16,2020-06-24,12:00:00,226,88,138,FMN GV 03 Hove
46,Statielei 16,2020-06-24,13:00:00,180,94,86,FMN GV 03 Hove
46,Statielei 16,2020-06-24,14:00:00,190,92,98,FMN GV 03 Hove
46,Statielei 16,2020-06-24,15:00:00,165,69,96,FMN GV 03 Hove
46,Statielei 16,2020-06-24,16:00:00,252,95,157,FMN GV 03 Hove
46,Statielei 16,2020-06-24,17:00:00,300,119,181,FMN GV 03 Hove
46,Statielei 16,2020-06-24,18:00:00,235,105,130,FMN GV 03 Hove
46,Statielei 16,2020-06-24,19:00:00,176,106,70,FMN GV 03 Hove
46,Statielei 16,2020-06-24,20:00:00,142,76,66,FMN GV 03 Hove
46,Statielei 16,2020-06-24,21:00:00,164,103,61,FMN GV 03 Hove
46,Statielei 16,2020-06-24,22:00:00,118,68,50,FMN GV 03 Hove
46,Statielei 16,2020-06-24,23:00:00,49,21,28,FMN GV 03 Hove
46,Statielei 16,2020-06-25,00:00:00,23,13,10,FMN GV 03 Hove
46,Statielei 16,2020-06-25,01:00:00,23,10,13,FMN GV 03 Hove
46,Statielei 16,2020-06-25,02:00:00,6,1,5,FMN GV 03 Hove
46,Statielei 16,2020-06-25,03:00:00,4,1,3,FMN GV 03 Hove
46,Statielei 16,2020-06-25,04:00:00,14,5,9,FMN GV 03 Hove
46,Statielei 16,2020-06-25,05:00:00,35,24,11,FMN GV 03 Hove
46,Statielei 16,2020-06-25,06:00:00,111,83,28,FMN GV 03 Hove
46,Statielei 16,2020-06-25,07:00:00,318,238,80,FMN GV 03 Hove
46,Statielei 16,2020-06-25,08:00:00,127,86,41,FMN GV 03 Hove
46,Statielei 16,2020-06-25,09:00:00,8,2,6,FMN GV 03 Hove
46,Statielei 16,2020-06-25,10:00:00,8,3,5,FMN GV 03 Hove
46,Statielei 16,2020-06-25,11:00:00,7,3,4,FMN GV 03 Hove
46,Statielei 16,2020-06-25,12:00:00,3,1,2,FMN GV 03 Hove
46,Statielei 16,2020-06-25,13:00:00,3,1,2,FMN GV 03 Hove
46,Statielei 16,2020-06-25,14:00:00,27,5,22,FMN GV 03 Hove
46,Statielei 16,2020-06-25,15:00:00,172,77,95,FMN GV 03 Hove
46,Statielei 16,2020-06-25,16:00:00,245,80,165,FMN GV 03 Hove
46,Statielei 16,2020-06-25,17:00:00,287,106,181,FMN GV 03 Hove
46,Statielei 16,2020-06-25,18:00:00,254,110,144,FMN GV 03 Hove
46,Statielei 16,2020-06-25,19:00:00,189,83,106,FMN GV 03 Hove
46,Statielei 16,2020-06-25,20:00:00,156,82,74,FMN GV 03 Hove
46,Statielei 16,2020-06-25,21:00:00,139,88,51,FMN GV 03 Hove
46,Statielei 16,2020-06-25,22:00:00,83,50,33,FMN GV 03 Hove
46,Statielei 16,2020-06-25,23:00:00,68,28,40,FMN GV 03 Hove
46,Statielei 16,2020-06-26,00:00:00,16,8,8,FMN GV 03 Hove
46,Statielei 16,2020-06-26,01:00:00,17,4,13,FMN GV 03 Hove
46,Statielei 16,2020-06-26,02:00:00,8,3,5,FMN GV 03 Hove
46,Statielei 16,2020-06-26,03:00:00,5,3,2,FMN GV 03 Hove
46,Statielei 16,2020-06-26,04:00:00,14,6,8,FMN GV 03 Hove
46,Statielei 16,2020-06-26,05:00:00,25,15,10,FMN GV 03 Hove
46,Statielei 16,2020-06-26,06:00:00,94,69,25,FMN GV 03 Hove
46,Statielei 16,2020-06-26,07:00:00,232,176,56,FMN GV 03 Hove
46,Statielei 16,2020-06-26,08:00:00,231,173,58,FMN GV 03 Hove
46,Statielei 16,2020-06-26,09:00:00,113,69,44,FMN GV 03 Hove
46,Statielei 16,2020-06-26,10:00:00,151,86,65,FMN GV 03 Hove
46,Statielei 16,2020-06-26,11:00:00,130,73,57,FMN GV 03 Hove
46,Statielei 16,2020-06-26,12:00:00,142,72,70,FMN GV 03 Hove
46,Statielei 16,2020-06-26,13:00:00,153,72,81,FMN GV 03 Hove
46,Statielei 16,2020-06-26,14:00:00,109,54,55,FMN GV 03 Hove
46,Statielei 16,2020-06-26,15:00:00,173,72,101,FMN GV 03 Hove
46,Statielei 16,2020-06-26,16:00:00,194,62,132,FMN GV 03 Hove
46,Statielei 16,2020-06-26,17:00:00,189,79,110,FMN GV 03 Hove
46,Statielei 16,2020-06-26,18:00:00,159,69,90,FMN GV 03 Hove
46,Statielei 16,2020-06-26,19:00:00,97,54,43,FMN GV 03 Hove
46,Statielei 16,2020-06-26,20:00:00,76,48,28,FMN GV 03 Hove
46,Statielei 16,2020-06-26,21:00:00,72,37,35,FMN GV 03 Hove
46,Statielei 16,2020-06-26,22:00:00,33,16,17,FMN GV 03 Hove
46,Statielei 16,2020-06-26,23:00:00,26,12,14,FMN GV 03 Hove
46,Statielei 16,2020-06-27,00:00:00,32,13,19,FMN GV 03 Hove
46,Statielei 16,2020-06-27,01:00:00,31,7,24,FMN GV 03 Hove
46,Statielei 16,2020-06-27,02:00:00,8,4,4,FMN GV 03 Hove
46,Statielei 16,2020-06-27,03:00:00,7,1,6,FMN GV 03 Hove
46,Statielei 16,2020-06-27,04:00:00,4,1,3,FMN GV 03 Hove
46,Statielei 16,2020-06-27,05:00:00,10,7,3,FMN GV 03 Hove
46,Statielei 16,2020-06-27,06:00:00,13,7,6,FMN GV 03 Hove
46,Statielei 16,2020-06-27,07:00:00,24,11,13,FMN GV 03 Hove
46,Statielei 16,2020-06-27,08:00:00,55,36,19,FMN GV 03 Hove
46,Statielei 16,2020-06-27,09:00:00,73,35,38,FMN GV 03 Hove
46,Statielei 16,2020-06-27,10:00:00,112,57,55,FMN GV 03 Hove
46,Statielei 16,2020-06-27,11:00:00,117,53,64,FMN GV 03 Hove
46,Statielei 16,2020-06-27,12:00:00,139,84,55,FMN GV 03 Hove
46,Statielei 16,2020-06-27,13:00:00,140,73,67,FMN GV 03 Hove
46,Statielei 16,2020-06-27,14:00:00,160,81,79,FMN GV 03 Hove
46,Statielei 16,2020-06-27,15:00:00,100,65,35,FMN GV 03 Hove
46,Statielei 16,2020-06-27,16:00:00,122,71,51,FMN GV 03 Hove
46,Statielei 16,2020-06-27,17:00:00,129,80,49,FMN GV 03 Hove
46,Statielei 16,2020-06-27,18:00:00,96,59,37,FMN GV 03 Hove
46,Statielei 16,2020-06-27,19:00:00,52,37,15,FMN GV 03 Hove
46,Statielei 16,2020-06-27,20:00:00,48,27,21,FMN GV 03 Hove
46,Statielei 16,2020-06-27,21:00:00,51,29,22,FMN GV 03 Hove
46,Statielei 16,2020-06-27,22:00:00,45,20,25,FMN GV 03 Hove
46,Statielei 16,2020-06-27,23:00:00,21,11,10,FMN GV 03 Hove
46,Statielei 16,2020-06-28,00:00:00,26,10,16,FMN GV 03 Hove
46,Statielei 16,2020-06-28,01:00:00,13,5,8,FMN GV 03 Hove
46,Statielei 16,2020-06-28,02:00:00,10,1,9,FMN GV 03 Hove
46,Statielei 16,2020-06-28,03:00:00,6,1,5,FMN GV 03 Hove
46,Statielei 16,2020-06-28,04:00:00,0,0,0,FMN GV 03 Hove
46,Statielei 16,2020-06-28,05:00:00,6,4,2,FMN GV 03 Hove
46,Statielei 16,2020-06-28,06:00:00,15,8,7,FMN GV 03 Hove
46,Statielei 16,2020-06-28,07:00:00,27,14,13,FMN GV 03 Hove
46,Statielei 16,2020-06-28,08:00:00,69,26,43,FMN GV 03 Hove
46,Statielei 16,2020-06-28,09:00:00,103,47,56,FMN GV 03 Hove
46,Statielei 16,2020-06-28,10:00:00,191,71,120,FMN GV 03 Hove
46,Statielei 16,2020-06-28,11:00:00,172,106,66,FMN GV 03 Hove
46,Statielei 16,2020-06-28,12:00:00,205,109,96,FMN GV 03 Hove
46,Statielei 16,2020-06-28,13:00:00,197,104,93,FMN GV 03 Hove
46,Statielei 16,2020-06-28,14:00:00,231,110,121,FMN GV 03 Hove
46,Statielei 16,2020-06-28,15:00:00,205,109,96,FMN GV 03 Hove
46,Statielei 16,2020-06-28,16:00:00,165,98,67,FMN GV 03 Hove
46,Statielei 16,2020-06-28,17:00:00,159,97,62,FMN GV 03 Hove
46,Statielei 16,2020-06-28,18:00:00,118,77,41,FMN GV 03 Hove
46,Statielei 16,2020-06-28,19:00:00,71,42,29,FMN GV 03 Hove
46,Statielei 16,2020-06-28,20:00:00,88,56,32,FMN GV 03 Hove
46,Statielei 16,2020-06-28,21:00:00,59,36,23,FMN GV 03 Hove
46,Statielei 16,2020-06-28,22:00:00,38,20,18,FMN GV 03 Hove
46,Statielei 16,2020-06-28,23:00:00,17,9,8,FMN GV 03 Hove
46,Statielei 16,2020-06-29,00:00:00,11,4,7,FMN GV 03 Hove
46,Statielei 16,2020-06-29,01:00:00,5,1,4,FMN GV 03 Hove
46,Statielei 16,2020-06-29,02:00:00,8,7,1,FMN GV 03 Hove
46,Statielei 16,2020-06-29,03:00:00,5,0,5,FMN GV 03 Hove
46,Statielei 16,2020-06-29,04:00:00,7,4,3,FMN GV 03 Hove
46,Statielei 16,2020-06-29,05:00:00,21,13,8,FMN GV 03 Hove
46,Statielei 16,2020-06-29,06:00:00,94,74,20,FMN GV 03 Hove
46,Statielei 16,2020-06-29,07:00:00,242,192,50,FMN GV 03 Hove
46,Statielei 16,2020-06-29,08:00:00,259,182,77,FMN GV 03 Hove
46,Statielei 16,2020-06-29,09:00:00,100,63,37,FMN GV 03 Hove
46,Statielei 16,2020-06-29,10:00:00,116,75,41,FMN GV 03 Hove
46,Statielei 16,2020-06-29,11:00:00,106,57,49,FMN GV 03 Hove
46,Statielei 16,2020-06-29,12:00:00,102,56,46,FMN GV 03 Hove
46,Statielei 16,2020-06-29,13:00:00,123,66,57,FMN GV 03 Hove
46,Statielei 16,2020-06-29,14:00:00,128,70,58,FMN GV 03 Hove
46,Statielei 16,2020-06-29,15:00:00,163,78,85,FMN GV 03 Hove
46,Statielei 16,2020-06-29,16:00:00,233,86,147,FMN GV 03 Hove
46,Statielei 16,2020-06-29,17:00:00,231,72,159,FMN GV 03 Hove
46,Statielei 16,2020-06-29,18:00:00,202,79,123,FMN GV 03 Hove
46,Statielei 16,2020-06-29,19:00:00,109,51,58,FMN GV 03 Hove
46,Statielei 16,2020-06-29,20:00:00,94,52,42,FMN GV 03 Hove
46,Statielei 16,2020-06-29,21:00:00,78,46,32,FMN GV 03 Hove
46,Statielei 16,2020-06-29,22:00:00,25,11,14,FMN GV 03 Hove
46,Statielei 16,2020-06-29,23:00:00,13,4,9,FMN GV 03 Hove
46,Statielei 16,2020-06-30,00:00:00,15,6,9,FMN GV 03 Hove
46,Statielei 16,2020-06-30,01:00:00,8,5,3,FMN GV 03 Hove
46,Statielei 16,2020-06-30,02:00:00,2,2,0,FMN GV 03 Hove
46,Statielei 16,2020-06-30,03:00:00,4,2,2,FMN GV 03 Hove
46,Statielei 16,2020-06-30,04:00:00,9,5,4,FMN GV 03 Hove
46,Statielei 16,2020-06-30,05:00:00,31,19,12,FMN GV 03 Hove
46,Statielei 16,2020-06-30,06:00:00,86,66,20,FMN GV 03 Hove
46,Statielei 16,2020-06-30,07:00:00,215,164,51,FMN GV 03 Hove
46,Statielei 16,2020-06-30,08:00:00,213,167,46,FMN GV 03 Hove
46,Statielei 16,2020-06-30,09:00:00,126,79,47,FMN GV 03 Hove
46,Statielei 16,2020-06-30,10:00:00,92,53,39,FMN GV 03 Hove
46,Statielei 16,2020-06-30,11:00:00,95,55,40,FMN GV 03 Hove
46,Statielei 16,2020-06-30,12:00:00,119,61,58,FMN GV 03 Hove
46,Statielei 16,2020-06-30,13:00:00,90,48,42,FMN GV 03 Hove
46,Statielei 16,2020-06-30,14:00:00,98,41,57,FMN GV 03 Hove
46,Statielei 16,2020-06-30,15:00:00,79,32,47,FMN GV 03 Hove
46,Statielei 16,2020-06-30,16:00:00,139,45,94,FMN GV 03 Hove
46,Statielei 16,2020-06-30,17:00:00,174,63,111,FMN GV 03 Hove
46,Statielei 16,2020-06-30,18:00:00,113,36,77,FMN GV 03 Hove
46,Statielei 16,2020-06-30,19:00:00,70,37,33,FMN GV 03 Hove
46,Statielei 16,2020-06-30,20:00:00,34,16,18,FMN GV 03 Hove
46,Statielei 16,2020-06-30,21:00:00,32,19,13,FMN GV 03 Hove
46,Statielei 16,2020-06-30,22:00:00,34,16,18,FMN GV 03 Hove
46,Statielei 16,2020-06-30,23:00:00,13,2,11,FMN GV 03 Hove
46,Statielei 16,2020-07-01,00:00:00,12,4,8,FMN GV 03 Hove
46,Statielei 16,2020-07-01,01:00:00,3,2,1,FMN GV 03 Hove
46,Statielei 16,2020-07-01,02:00:00,3,1,2,FMN GV 03 Hove
46,Statielei 16,2020-07-01,03:00:00,1,0,1,FMN GV 03 Hove
46,Statielei 16,2020-07-01,04:00:00,9,5,4,FMN GV 03 Hove
46,Statielei 16,2020-07-01,05:00:00,16,10,6,FMN GV 03 Hove
46,Statielei 16,2020-07-01,06:00:00,40,31,9,FMN GV 03 Hove
46,Statielei 16,2020-07-01,07:00:00,103,75,28,FMN GV 03 Hove
46,Statielei 16,2020-07-01,08:00:00,60,44,16,FMN GV 03 Hove
46,Statielei 16,2020-07-01,09:00:00,30,22,8,FMN GV 03 Hove
46,Statielei 16,2020-07-01,10:00:00,46,33,13,FMN GV 03 Hove
46,Statielei 16,2020-07-01,11:00:00,53,27,26,FMN GV 03 Hove
46,Statielei 16,2020-07-01,12:00:00,61,35,26,FMN GV 03 Hove
46,Statielei 16,2020-07-01,13:00:00,41,23,18,FMN GV 03 Hove
46,Statielei 16,2020-07-01,14:00:00,59,29,30,FMN GV 03 Hove
46,Statielei 16,2020-07-01,15:00:00,73,29,44,FMN GV 03 Hove
46,Statielei 16,2020-07-01,16:00:00,93,28,65,FMN GV 03 Hove
46,Statielei 16,2020-07-01,17:00:00,141,61,80,FMN GV 03 Hove
46,Statielei 16,2020-07-01,18:00:00,131,60,71,FMN GV 03 Hove
46,Statielei 16,2020-07-01,19:00:00,106,46,60,FMN GV 03 Hove
46,Statielei 16,2020-07-01,20:00:00,91,51,40,FMN GV 03 Hove
46,Statielei 16,2020-07-01,21:00:00,52,40,12,FMN GV 03 Hove
46,Statielei 16,2020-07-01,22:00:00,32,20,12,FMN GV 03 Hove
46,Statielei 16,2020-07-01,23:00:00,19,7,12,FMN GV 03 Hove
46,Statielei 16,2020-07-02,00:00:00,7,3,4,FMN GV 03 Hove
46,Statielei 16,2020-07-02,01:00:00,7,0,7,FMN GV 03 Hove
46,Statielei 16,2020-07-02,02:00:00,2,2,0,FMN GV 03 Hove
46,Statielei 16,2020-07-02,03:00:00,0,0,0,FMN GV 03 Hove
46,Statielei 16,2020-07-02,04:00:00,9,5,4,FMN GV 03 Hove
46,Statielei 16,2020-07-02,05:00:00,30,21,9,FMN GV 03 Hove
46,Statielei 16,2020-07-02,06:00:00,98,73,25,FMN GV 03 Hove
46,Statielei 16,2020-07-02,07:00:00,197,147,50,FMN GV 03 Hove
46,Statielei 16,2020-07-02,08:00:00,170,137,33,FMN GV 03 Hove
46,Statielei 16,2020-07-02,09:00:00,90,51,39,FMN GV 03 Hove
46,Statielei 16,2020-07-02,10:00:00,86,49,37,FMN GV 03 Hove
46,Statielei 16,2020-07-02,11:00:00,101,58,43,FMN GV 03 Hove
46,Statielei 16,2020-07-02,12:00:00,95,54,41,FMN GV 03 Hove
46,Statielei 16,2020-07-02,13:00:00,83,40,43,FMN GV 03 Hove
46,Statielei 16,2020-07-02,14:00:00,124,75,49,FMN GV 03 Hove
46,Statielei 16,2020-07-02,15:00:00,136,64,72,FMN GV 03 Hove
46,Statielei 16,2020-07-02,16:00:00,191,67,124,FMN GV 03 Hove
46,Statielei 16,2020-07-02,17:00:00,215,80,135,FMN GV 03 Hove
46,Statielei 16,2020-07-02,18:00:00,184,77,107,FMN GV 03 Hove
46,Statielei 16,2020-07-02,19:00:00,98,53,45,FMN GV 03 Hove
46,Statielei 16,2020-07-02,20:00:00,112,73,39,FMN GV 03 Hove
46,Statielei 16,2020-07-02,21:00:00,81,53,28,FMN GV 03 Hove
46,Statielei 16,2020-07-02,22:00:00,63,30,33,FMN GV 03 Hove
46,Statielei 16,2020-07-02,23:00:00,40,17,23,FMN GV 03 Hove
46,Statielei 16,2020-07-03,00:00:00,23,12,11,FMN GV 03 Hove
46,Statielei 16,2020-07-03,01:00:00,13,5,8,FMN GV 03 Hove
46,Statielei 16,2020-07-03,02:00:00,5,3,2,FMN GV 03 Hove
46,Statielei 16,2020-07-03,03:00:00,3,1,2,FMN GV 03 Hove
46,Statielei 16,2020-07-03,04:00:00,6,5,1,FMN GV 03 Hove
46,Statielei 16,2020-07-03,05:00:00,26,17,9,FMN GV 03 Hove
46,Statielei 16,2020-07-03,06:00:00,75,54,21,FMN GV 03 Hove
46,Statielei 16,2020-07-03,07:00:00,164,116,48,FMN GV 03 Hove
46,Statielei 16,2020-07-03,08:00:00,168,134,34,FMN GV 03 Hove
46,Statielei 16,2020-07-03,09:00:00,90,62,28,FMN GV 03 Hove
46,Statielei 16,2020-07-03,10:00:00,107,64,43,FMN GV 03 Hove
46,Statielei 16,2020-07-03,11:00:00,128,78,50,FMN GV 03 Hove
46,Statielei 16,2020-07-03,12:00:00,122,59,63,FMN GV 03 Hove
46,Statielei 16,2020-07-03,13:00:00,144,79,65,FMN GV 03 Hove
46,Statielei 16,2020-07-03,14:00:00,144,73,71,FMN GV 03 Hove
46,Statielei 16,2020-07-03,15:00:00,174,84,90,FMN GV 03 Hove
46,Statielei 16,2020-07-03,16:00:00,198,62,136,FMN GV 03 Hove
46,Statielei 16,2020-07-03,17:00:00,229,91,138,FMN GV 03 Hove
46,Statielei 16,2020-07-03,18:00:00,180,97,83,FMN GV 03 Hove
46,Statielei 16,2020-07-03,19:00:00,103,59,44,FMN GV 03 Hove
46,Statielei 16,2020-07-03,20:00:00,89,54,35,FMN GV 03 Hove
46,Statielei 16,2020-07-03,21:00:00,60,35,25,FMN GV 03 Hove
46,Statielei 16,2020-07-03,22:00:00,39,21,18,FMN GV 03 Hove
46,Statielei 16,2020-07-03,23:00:00,31,14,17,FMN GV 03 Hove
46,Statielei 16,2020-07-04,00:00:00,19,10,9,FMN GV 03 Hove
46,Statielei 16,2020-07-04,01:00:00,27,12,15,FMN GV 03 Hove
46,Statielei 16,2020-07-04,02:00:00,10,4,6,FMN GV 03 Hove
46,Statielei 16,2020-07-04,03:00:00,5,3,2,FMN GV 03 Hove
46,Statielei 16,2020-07-04,04:00:00,5,4,1,FMN GV 03 Hove
46,Statielei 16,2020-07-04,05:00:00,5,1,4,FMN GV 03 Hove
46,Statielei 16,2020-07-04,06:00:00,14,7,7,FMN GV 03 Hove
46,Statielei 16,2020-07-04,07:00:00,19,12,7,FMN GV 03 Hove
46,Statielei 16,2020-07-04,08:00:00,31,18,13,FMN GV 03 Hove
46,Statielei 16,2020-07-04,09:00:00,53,22,31,FMN GV 03 Hove
46,Statielei 16,2020-07-04,10:00:00,59,34,25,FMN GV 03 Hove
46,Statielei 16,2020-07-04,11:00:00,76,44,32,FMN GV 03 Hove
46,Statielei 16,2020-07-04,12:00:00,68,41,27,FMN GV 03 Hove
46,Statielei 16,2020-07-04,13:00:00,69,32,37,FMN GV 03 Hove
46,Statielei 16,2020-07-04,14:00:00,100,50,50,FMN GV 03 Hove
46,Statielei 16,2020-07-04,15:00:00,81,45,36,FMN GV 03 Hove
46,Statielei 16,2020-07-04,16:00:00,91,51,40,FMN GV 03 Hove
46,Statielei 16,2020-07-04,17:00:00,83,43,40,FMN GV 03 Hove
46,Statielei 16,2020-07-04,18:00:00,71,48,23,FMN GV 03 Hove
46,Statielei 16,2020-07-04,19:00:00,42,21,21,FMN GV 03 Hove
46,Statielei 16,2020-07-04,20:00:00,31,21,10,FMN GV 03 Hove
46,Statielei 16,2020-07-04,21:00:00,17,7,10,FMN GV 03 Hove
46,Statielei 16,2020-07-04,22:00:00,31,21,10,FMN GV 03 Hove
46,Statielei 16,2020-07-04,23:00:00,22,11,11,FMN GV 03 Hove
46,Statielei 16,2020-07-05,00:00:00,9,6,3,FMN GV 03 Hove
46,Statielei 16,2020-07-05,01:00:00,14,8,6,FMN GV 03 Hove
46,Statielei 16,2020-07-05,02:00:00,8,4,4,FMN GV 03 Hove
46,Statielei 16,2020-07-05,03:00:00,2,2,0,FMN GV 03 Hove
46,Statielei 16,2020-07-05,04:00:00,2,1,1,FMN GV 03 Hove
46,Statielei 16,2020-07-05,05:00:00,4,3,1,FMN GV 03 Hove
46,Statielei 16,2020-07-05,06:00:00,11,5,6,FMN GV 03 Hove
46,Statielei 16,2020-07-05,07:00:00,21,8,13,FMN GV 03 Hove
46,Statielei 16,2020-07-05,08:00:00,26,11,15,FMN GV 03 Hove
46,Statielei 16,2020-07-05,09:00:00,55,24,31,FMN GV 03 Hove
46,Statielei 16,2020-07-05,10:00:00,73,28,45,FMN GV 03 Hove
46,Statielei 16,2020-07-05,11:00:00,102,58,44,FMN GV 03 Hove
46,Statielei 16,2020-07-05,12:00:00,109,74,35,FMN GV 03 Hove
46,Statielei 16,2020-07-05,13:00:00,91,53,38,FMN GV 03 Hove
46,Statielei 16,2020-07-05,14:00:00,96,46,50,FMN GV 03 Hove
46,Statielei 16,2020-07-05,15:00:00,112,70,42,FMN GV 03 Hove
46,Statielei 16,2020-07-05,16:00:00,90,51,39,FMN GV 03 Hove
46,Statielei 16,2020-07-05,17:00:00,110,60,50,FMN GV 03 Hove
46,Statielei 16,2020-07-05,18:00:00,72,42,30,FMN GV 03 Hove
46,Statielei 16,2020-07-05,19:00:00,49,29,20,FMN GV 03 Hove
46,Statielei 16,2020-07-05,20:00:00,76,37,39,FMN GV 03 Hove
46,Statielei 16,2020-07-05,21:00:00,39,19,20,FMN GV 03 Hove
46,Statielei 16,2020-07-05,22:00:00,31,11,20,FMN GV 03 Hove
46,Statielei 16,2020-07-05,23:00:00,5,4,1,FMN GV 03 Hove
46,Statielei 16,2020-07-06,00:00:00,7,5,2,FMN GV 03 Hove
46,Statielei 16,2020-07-06,01:00:00,1,1,0,FMN GV 03 Hove
46,Statielei 16,2020-07-06,02:00:00,2,2,0,FMN GV 03 Hove
46,Statielei 16,2020-07-06,03:00:00,5,3,2,FMN GV 03 Hove
46,Statielei 16,2020-07-06,04:00:00,7,3,4,FMN GV 03 Hove
46,Statielei 16,2020-07-06,05:00:00,19,14,5,FMN GV 03 Hove
46,Statielei 16,2020-07-06,06:00:00,86,62,24,FMN GV 03 Hove
46,Statielei 16,2020-07-06,07:00:00,183,144,39,FMN GV 03 Hove
46,Statielei 16,2020-07-06,08:00:00,209,155,54,FMN GV 03 Hove
46,Statielei 16,2020-07-06,09:00:00,79,51,28,FMN GV 03 Hove
46,Statielei 16,2020-07-06,10:00:00,73,43,30,FMN GV 03 Hove
46,Statielei 16,2020-07-06,11:00:00,86,49,37,FMN GV 03 Hove
46,Statielei 16,2020-07-06,12:00:00,84,42,42,FMN GV 03 Hove
46,Statielei 16,2020-07-06,13:00:00,105,60,45,FMN GV 03 Hove
46,Statielei 16,2020-07-06,14:00:00,107,64,43,FMN GV 03 Hove
46,Statielei 16,2020-07-06,15:00:00,133,55,78,FMN GV 03 Hove
46,Statielei 16,2020-07-06,16:00:00,214,73,141,FMN GV 03 Hove
46,Statielei 16,2020-07-06,17:00:00,227,79,148,FMN GV 03 Hove
46,Statielei 16,2020-07-06,18:00:00,185,93,92,FMN GV 03 Hove
46,Statielei 16,2020-07-06,19:00:00,85,43,42,FMN GV 03 Hove
46,Statielei 16,2020-07-06,20:00:00,55,37,18,FMN GV 03 Hove
46,Statielei 16,2020-07-06,21:00:00,44,24,20,FMN GV 03 Hove
46,Statielei 16,2020-07-06,22:00:00,32,16,16,FMN GV 03 Hove
46,Statielei 16,2020-07-06,23:00:00,7,4,3,FMN GV 03 Hove
46,Statielei 16,2020-07-07,00:00:00,7,1,6,FMN GV 03 Hove
46,Statielei 16,2020-07-07,01:00:00,0,0,0,FMN GV 03 Hove
46,Statielei 16,2020-07-07,02:00:00,1,0,1,FMN GV 03 Hove
46,Statielei 16,2020-07-07,03:00:00,1,0,1,FMN GV 03 Hove
46,Statielei 16,2020-07-07,04:00:00,8,5,3,FMN GV 03 Hove
46,Statielei 16,2020-07-07,05:00:00,33,18,15,FMN GV 03 Hove
46,Statielei 16,2020-07-07,06:00:00,104,82,22,FMN GV 03 Hove
46,Statielei 16,2020-07-07,07:00:00,213,149,64,FMN GV 03 Hove
46,Statielei 16,2020-07-07,08:00:00,197,148,49,FMN GV 03 Hove
46,Statielei 16,2020-07-07,09:00:00,111,66,45,FMN GV 03 Hove
46,Statielei 16,2020-07-07,10:00:00,140,87,53,FMN GV 03 Hove
46,Statielei 16,2020-07-07,11:00:00,105,58,47,FMN GV 03 Hove
46,Statielei 16,2020-07-07,12:00:00,120,74,46,FMN GV 03 Hove
46,Statielei 16,2020-07-07,13:00:00,154,82,72,FMN GV 03 Hove
46,Statielei 16,2020-07-07,14:00:00,166,99,67,FMN GV 03 Hove
46,Statielei 16,2020-07-07,15:00:00,150,71,79,FMN GV 03 Hove
46,Statielei 16,2020-07-07,16:00:00,248,113,135,FMN GV 03 Hove
46,Statielei 16,2020-07-07,17:00:00,289,116,173,FMN GV 03 Hove
46,Statielei 16,2020-07-07,18:00:00,239,98,141,FMN GV 03 Hove
46,Statielei 16,2020-07-07,19:00:00,148,61,87,FMN GV 03 Hove
46,Statielei 16,2020-07-07,20:00:00,123,75,48,FMN GV 03 Hove
46,Statielei 16,2020-07-07,21:00:00,70,49,21,FMN GV 03 Hove
46,Statielei 16,2020-07-07,22:00:00,64,34,30,FMN GV 03 Hove
46,Statielei 16,2020-07-07,23:00:00,22,9,13,FMN GV 03 Hove
46,Statielei 16,2020-07-08,00:00:00,16,8,8,FMN GV 03 Hove
46,Statielei 16,2020-07-08,01:00:00,13,4,9,FMN GV 03 Hove
46,Statielei 16,2020-07-08,02:00:00,5,2,3,FMN GV 03 Hove
46,Statielei 16,2020-07-08,03:00:00,1,0,1,FMN GV 03 Hove
46,Statielei 16,2020-07-08,04:00:00,11,8,3,FMN GV 03 Hove
46,Statielei 16,2020-07-08,05:00:00,12,8,4,FMN GV 03 Hove
46,Statielei 16,2020-07-08,06:00:00,53,39,14,FMN GV 03 Hove
46,Statielei 16,2020-07-08,07:00:00,95,70,25,FMN GV 03 Hove
46,Statielei 16,2020-07-08,08:00:00,85,60,25,FMN GV 03 Hove
46,Statielei 16,2020-07-08,09:00:00,37,24,13,FMN GV 03 Hove
46,Statielei 16,2020-07-08,10:00:00,27,18,9,FMN GV 03 Hove
46,Statielei 16,2020-07-08,11:00:00,48,33,15,FMN GV 03 Hove
46,Statielei 16,2020-07-08,12:00:00,40,14,26,FMN GV 03 Hove
46,Statielei 16,2020-07-08,13:00:00,41,23,18,FMN GV 03 Hove
46,Statielei 16,2020-07-08,14:00:00,38,21,17,FMN GV 03 Hove
46,Statielei 16,2020-07-08,15:00:00,46,19,27,FMN GV 03 Hove
46,Statielei 16,2020-07-08,16:00:00,70,26,44,FMN GV 03 Hove
46,Statielei 16,2020-07-08,17:00:00,110,40,70,FMN GV 03 Hove
46,Statielei 16,2020-07-08,18:00:00,53,15,38,FMN GV 03 Hove
46,Statielei 16,2020-07-08,19:00:00,39,17,22,FMN GV 03 Hove
46,Statielei 16,2020-07-08,20:00:00,31,23,8,FMN GV 03 Hove
46,Statielei 16,2020-07-08,21:00:00,44,34,10,FMN GV 03 Hove
46,Statielei 16,2020-07-08,22:00:00,21,11,10,FMN GV 03 Hove
46,Statielei 16,2020-07-08,23:00:00,12,4,8,FMN GV 03 Hove
46,Statielei 16,2020-07-09,00:00:00,6,2,4,FMN GV 03 Hove
46,Statielei 16,2020-07-09,01:00:00,1,0,1,FMN GV 03 Hove
46,Statielei 16,2020-07-09,02:00:00,1,0,1,FMN GV 03 Hove
46,Statielei 16,2020-07-09,03:00:00,3,2,1,FMN GV 03 Hove
46,Statielei 16,2020-07-09,04:00:00,6,4,2,FMN GV 03 Hove
46,Statielei 16,2020-07-09,05:00:00,18,12,6,FMN GV 03 Hove
46,Statielei 16,2020-07-09,06:00:00,56,41,15,FMN GV 03 Hove
46,Statielei 16,2020-07-09,07:00:00,128,100,28,FMN GV 03 Hove
46,Statielei 16,2020-07-09,08:00:00,136,95,41,FMN GV 03 Hove
46,Statielei 16,2020-07-09,09:00:00,63,44,19,FMN GV 03 Hove
46,Statielei 16,2020-07-09,10:00:00,48,28,20,FMN GV 03 Hove
46,Statielei 16,2020-07-09,11:00:00,58,32,26,FMN GV 03 Hove
46,Statielei 16,2020-07-09,12:00:00,69,35,34,FMN GV 03 Hove
46,Statielei 16,2020-07-09,13:00:00,77,49,28,FMN GV 03 Hove
46,Statielei 16,2020-07-09,14:00:00,113,67,46,FMN GV 03 Hove
46,Statielei 16,2020-07-09,15:00:00,98,45,53,FMN GV 03 Hove
46,Statielei 16,2020-07-09,16:00:00,176,79,97,FMN GV 03 Hove
46,Statielei 16,2020-07-09,17:00:00,169,74,95,FMN GV 03 Hove
46,Statielei 16,2020-07-09,18:00:00,147,63,84,FMN GV 03 Hove
46,Statielei 16,2020-07-09,19:00:00,117,52,65,FMN GV 03 Hove
46,Statielei 16,2020-07-09,20:00:00,97,56,41,FMN GV 03 Hove
46,Statielei 16,2020-07-09,21:00:00,68,39,29,FMN GV 03 Hove
46,Statielei 16,2020-07-09,22:00:00,40,23,17,FMN GV 03 Hove
46,Statielei 16,2020-07-09,23:00:00,30,15,15,FMN GV 03 Hove
46,Statielei 16,2020-07-10,00:00:00,20,6,14,FMN GV 03 Hove
46,Statielei 16,2020-07-10,01:00:00,15,7,8,FMN GV 03 Hove
46,Statielei 16,2020-07-10,02:00:00,5,2,3,FMN GV 03 Hove
46,Statielei 16,2020-07-10,03:00:00,4,4,0,FMN GV 03 Hove
46,Statielei 16,2020-07-10,04:00:00,13,9,4,FMN GV 03 Hove
46,Statielei 16,2020-07-10,05:00:00,19,13,6,FMN GV 03 Hove
46,Statielei 16,2020-07-10,06:00:00,71,51,20,FMN GV 03 Hove
46,Statielei 16,2020-07-10,07:00:00,112,82,30,FMN GV 03 Hove
46,Statielei 16,2020-07-10,08:00:00,120,81,39,FMN GV 03 Hove
46,Statielei 16,2020-07-10,09:00:00,42,28,14,FMN GV 03 Hove
46,Statielei 16,2020-07-10,10:00:00,51,22,29,FMN GV 03 Hove
46,Statielei 16,2020-07-10,11:00:00,65,38,27,FMN GV 03 Hove
46,Statielei 16,2020-07-10,12:00:00,70,32,38,FMN GV 03 Hove
46,Statielei 16,2020-07-10,13:00:00,80,36,44,FMN GV 03 Hove
46,Statielei 16,2020-07-10,14:00:00,99,48,51,FMN GV 03 Hove
46,Statielei 16,2020-07-10,15:00:00,128,66,62,FMN GV 03 Hove
46,Statielei 16,2020-07-10,16:00:00,164,77,87,FMN GV 03 Hove
46,Statielei 16,2020-07-10,17:00:00,177,62,115,FMN GV 03 Hove
46,Statielei 16,2020-07-10,18:00:00,133,71,62,FMN GV 03 Hove
46,Statielei 16,2020-07-10,19:00:00,99,58,41,FMN GV 03 Hove
46,Statielei 16,2020-07-10,20:00:00,84,47,37,FMN GV 03 Hove
46,Statielei 16,2020-07-10,21:00:00,52,31,21,FMN GV 03 Hove
46,Statielei 16,2020-07-10,22:00:00,29,18,11,FMN GV 03 Hove
46,Statielei 16,2020-07-10,23:00:00,19,9,10,FMN GV 03 Hove
46,Statielei 16,2020-07-11,00:00:00,23,8,15,FMN GV 03 Hove
46,Statielei 16,2020-07-11,01:00:00,17,11,6,FMN GV 03 Hove
46,Statielei 16,2020-07-11,02:00:00,4,2,2,FMN GV 03 Hove
46,Statielei 16,2020-07-11,03:00:00,10,3,7,FMN GV 03 Hove
46,Statielei 16,2020-07-11,04:00:00,12,8,4,FMN GV 03 Hove
46,Statielei 16,2020-07-11,05:00:00,10,6,4,FMN GV 03 Hove
46,Statielei 16,2020-07-11,06:00:00,18,13,5,FMN GV 03 Hove
46,Statielei 16,2020-07-11,07:00:00,21,9,12,FMN GV 03 Hove
46,Statielei 16,2020-07-11,08:00:00,49,21,28,FMN GV 03 Hove
46,Statielei 16,2020-07-11,09:00:00,82,39,43,FMN GV 03 Hove
46,Statielei 16,2020-07-11,10:00:00,130,73,57,FMN GV 03 Hove
46,Statielei 16,2020-07-11,11:00:00,139,64,75,FMN GV 03 Hove
46,Statielei 16,2020-07-11,12:00:00,148,85,63,FMN GV 03 Hove
46,Statielei 16,2020-07-11,13:00:00,171,116,55,FMN GV 03 Hove
46,Statielei 16,2020-07-11,14:00:00,196,105,91,FMN GV 03 Hove
46,Statielei 16,2020-07-11,15:00:00,199,105,94,FMN GV 03 Hove
46,Statielei 16,2020-07-11,16:00:00,203,114,89,FMN GV 03 Hove
46,Statielei 16,2020-07-11,17:00:00,122,70,52,FMN GV 03 Hove
46,Statielei 16,2020-07-11,18:00:00,119,74,45,FMN GV 03 Hove
46,Statielei 16,2020-07-11,19:00:00,60,33,27,FMN GV 03 Hove
46,Statielei 16,2020-07-11,20:00:00,58,36,22,FMN GV 03 Hove
46,Statielei 16,2020-07-11,21:00:00,46,26,20,FMN GV 03 Hove
46,Statielei 16,2020-07-11,22:00:00,36,18,18,FMN GV 03 Hove
46,Statielei 16,2020-07-11,23:00:00,23,14,9,FMN GV 03 Hove
46,Statielei 16,2020-07-12,00:00:00,17,10,7,FMN GV 03 Hove
46,Statielei 16,2020-07-12,01:00:00,18,8,10,FMN GV 03 Hove
46,Statielei 16,2020-07-12,02:00:00,6,3,3,FMN GV 03 Hove
46,Statielei 16,2020-07-12,03:00:00,7,5,2,FMN GV 03 Hove
46,Statielei 16,2020-07-12,04:00:00,4,4,0,FMN GV 03 Hove
46,Statielei 16,2020-07-12,05:00:00,5,4,1,FMN GV 03 Hove
46,Statielei 16,2020-07-12,06:00:00,18,13,5,FMN GV 03 Hove
46,Statielei 16,2020-07-12,07:00:00,15,7,8,FMN GV 03 Hove
46,Statielei 16,2020-07-12,08:00:00,45,16,29,FMN GV 03 Hove
46,Statielei 16,2020-07-12,09:00:00,104,59,45,FMN GV 03 Hove
46,Statielei 16,2020-07-12,10:00:00,186,82,104,FMN GV 03 Hove
46,Statielei 16,2020-07-12,11:00:00,199,112,87,FMN GV 03 Hove
46,Statielei 16,2020-07-12,12:00:00,229,140,89,FMN GV 03 Hove
46,Statielei 16,2020-07-12,13:00:00,245,133,112,FMN GV 03 Hove
46,Statielei 16,2020-07-12,14:00:00,283,152,131,FMN GV 03 Hove
46,Statielei 16,2020-07-12,15:00:00,268,162,106,FMN GV 03 Hove
46,Statielei 16,2020-07-12,16:00:00,219,137,82,FMN GV 03 Hove
46,Statielei 16,2020-07-12,17:00:00,217,123,94,FMN GV 03 Hove
46,Statielei 16,2020-07-12,18:00:00,113,65,48,FMN GV 03 Hove
46,Statielei 16,2020-07-12,19:00:00,88,54,34,FMN GV 03 Hove
46,Statielei 16,2020-07-12,20:00:00,78,41,37,FMN GV 03 Hove
46,Statielei 16,2020-07-12,21:00:00,56,45,11,FMN GV 03 Hove
46,Statielei 16,2020-07-12,22:00:00,32,23,9,FMN GV 03 Hove
46,Statielei 16,2020-07-12,23:00:00,9,6,3,FMN GV 03 Hove
46,Statielei 16,2020-07-13,00:00:00,6,4,2,FMN GV 03 Hove
46,Statielei 16,2020-07-13,01:00:00,11,2,9,FMN GV 03 Hove
46,Statielei 16,2020-07-13,02:00:00,1,1,0,FMN GV 03 Hove
46,Statielei 16,2020-07-13,03:00:00,2,1,1,FMN GV 03 Hove
46,Statielei 16,2020-07-13,04:00:00,20,10,10,FMN GV 03 Hove
46,Statielei 16,2020-07-13,05:00:00,26,17,9,FMN GV 03 Hove
46,Statielei 16,2020-07-13,06:00:00,91,69,22,FMN GV 03 Hove
46,Statielei 16,2020-07-13,07:00:00,191,144,47,FMN GV 03 Hove
46,Statielei 16,2020-07-13,08:00:00,201,136,65,FMN GV 03 Hove
46,Statielei 16,2020-07-13,09:00:00,99,60,39,FMN GV 03 Hove
46,Statielei 16,2020-07-13,10:00:00,107,38,69,FMN GV 03 Hove
46,Statielei 16,2020-07-13,11:00:00,165,103,62,FMN GV 03 Hove
46,Statielei 16,2020-07-13,12:00:00,129,74,55,FMN GV 03 Hove
46,Statielei 16,2020-07-13,13:00:00,194,107,87,FMN GV 03 Hove
46,Statielei 16,2020-07-13,14:00:00,209,112,97,FMN GV 03 Hove
46,Statielei 16,2020-07-13,15:00:00,204,95,109,FMN GV 03 Hove
46,Statielei 16,2020-07-13,16:00:00,279,130,149,FMN GV 03 Hove
46,Statielei 16,2020-07-13,17:00:00,345,151,194,FMN GV 03 Hove
46,Statielei 16,2020-07-13,18:00:00,185,81,104,FMN GV 03 Hove
46,Statielei 16,2020-07-13,19:00:00,123,56,67,FMN GV 03 Hove
46,Statielei 16,2020-07-13,20:00:00,100,59,41,FMN GV 03 Hove
46,Statielei 16,2020-07-13,21:00:00,84,58,26,FMN GV 03 Hove
46,Statielei 16,2020-07-13,22:00:00,47,29,18,FMN GV 03 Hove
46,Statielei 16,2020-07-13,23:00:00,16,4,12,FMN GV 03 Hove
46,Statielei 16,2020-07-14,00:00:00,8,3,5,FMN GV 03 Hove
46,Statielei 16,2020-07-14,01:00:00,8,2,6,FMN GV 03 Hove
46,Statielei 16,2020-07-14,02:00:00,9,5,4,FMN GV 03 Hove
46,Statielei 16,2020-07-14,03:00:00,1,0,1,FMN GV 03 Hove
46,Statielei 16,2020-07-14,04:00:00,17,5,12,FMN GV 03 Hove
46,Statielei 16,2020-07-14,05:00:00,28,18,10,FMN GV 03 Hove
46,Statielei 16,2020-07-14,06:00:00,75,59,16,FMN GV 03 Hove
46,Statielei 16,2020-07-14,07:00:00,139,102,37,FMN GV 03 Hove
46,Statielei 16,2020-07-14,08:00:00,145,107,38,FMN GV 03 Hove
46,Statielei 16,2020-07-14,09:00:00,57,36,21,FMN GV 03 Hove
46,Statielei 16,2020-07-14,10:00:00,76,39,37,FMN GV 03 Hove
46,Statielei 16,2020-07-14,11:00:00,38,19,19,FMN GV 03 Hove
46,Statielei 16,2020-07-14,12:00:00,71,43,28,FMN GV 03 Hove
46,Statielei 16,2020-07-14,13:00:00,71,36,35,FMN GV 03 Hove
46,Statielei 16,2020-07-14,14:00:00,50,24,26,FMN GV 03 Hove
46,Statielei 16,2020-07-14,15:00:00,67,35,32,FMN GV 03 Hove
46,Statielei 16,2020-07-14,16:00:00,111,44,67,FMN GV 03 Hove
46,Statielei 16,2020-07-14,17:00:00,157,54,103,FMN GV 03 Hove
46,Statielei 16,2020-07-14,18:00:00,102,37,65,FMN GV 03 Hove
46,Statielei 16,2020-07-14,19:00:00,67,24,43,FMN GV 03 Hove
46,Statielei 16,2020-07-14,20:00:00,52,30,22,FMN GV 03 Hove
46,Statielei 16,2020-07-14,21:00:00,45,23,22,FMN GV 03 Hove
46,Statielei 16,2020-07-14,22:00:00,29,18,11,FMN GV 03 Hove
46,Statielei 16,2020-07-14,23:00:00,14,7,7,FMN GV 03 Hove
46,Statielei 16,2020-07-15,00:00:00,5,1,4,FMN GV 03 Hove
46,Statielei 16,2020-07-15,01:00:00,8,6,2,FMN GV 03 Hove
46,Statielei 16,2020-07-15,02:00:00,11,4,7,FMN GV 03 Hove
46,Statielei 16,2020-07-15,03:00:00,2,1,1,FMN GV 03 Hove
46,Statielei 16,2020-07-15,04:00:00,10,4,6,FMN GV 03 Hove
46,Statielei 16,2020-07-15,05:00:00,27,19,8,FMN GV 03 Hove
46,Statielei 16,2020-07-15,06:00:00,75,58,17,FMN GV 03 Hove
46,Statielei 16,2020-07-15,07:00:00,155,109,46,FMN GV 03 Hove
46,Statielei 16,2020-07-15,08:00:00,147,108,39,FMN GV 03 Hove
46,Statielei 16,2020-07-15,09:00:00,145,79,66,FMN GV 03 Hove
46,Statielei 16,2020-07-15,10:00:00,147,90,57,FMN GV 03 Hove
46,Statielei 16,2020-07-15,11:00:00,134,66,68,FMN GV 03 Hove
46,Statielei 16,2020-07-15,12:00:00,119,56,63,FMN GV 03 Hove
46,Statielei 16,2020-07-15,13:00:00,105,60,45,FMN GV 03 Hove
46,Statielei 16,2020-07-15,14:00:00,138,89,49,FMN GV 03 Hove
46,Statielei 16,2020-07-15,15:00:00,140,52,88,FMN GV 03 Hove
46,Statielei 16,2020-07-15,16:00:00,206,87,119,FMN GV 03 Hove
46,Statielei 16,2020-07-15,17:00:00,199,65,134,FMN GV 03 Hove
46,Statielei 16,2020-07-15,18:00:00,150,60,90,FMN GV 03 Hove
46,Statielei 16,2020-07-15,19:00:00,122,45,77,FMN GV 03 Hove
46,Statielei 16,2020-07-15,20:00:00,84,56,28,FMN GV 03 Hove
46,Statielei 16,2020-07-15,21:00:00,53,38,15,FMN GV 03 Hove
46,Statielei 16,2020-07-15,22:00:00,35,16,19,FMN GV 03 Hove
46,Statielei 16,2020-07-15,23:00:00,16,9,7,FMN GV 03 Hove
46,Statielei 16,2020-07-16,00:00:00,13,1,12,FMN GV 03 Hove
46,Statielei 16,2020-07-16,01:00:00,4,1,3,FMN GV 03 Hove
46,Statielei 16,2020-07-16,02:00:00,5,2,3,FMN GV 03 Hove
46,Statielei 16,2020-07-16,03:00:00,3,1,2,FMN GV 03 Hove
46,Statielei 16,2020-07-16,04:00:00,10,5,5,FMN GV 03 Hove
46,Statielei 16,2020-07-16,05:00:00,20,12,8,FMN GV 03 Hove
46,Statielei 16,2020-07-16,06:00:00,61,49,12,FMN GV 03 Hove
46,Statielei 16,2020-07-16,07:00:00,117,89,28,FMN GV 03 Hove
46,Statielei 16,2020-07-16,08:00:00,112,78,34,FMN GV 03 Hove
46,Statielei 16,2020-07-16,09:00:00,65,41,24,FMN GV 03 Hove
46,Statielei 16,2020-07-16,10:00:00,50,35,15,FMN GV 03 Hove
46,Statielei 16,2020-07-16,11:00:00,54,33,21,FMN GV 03 Hove
46,Statielei 16,2020-07-16,12:00:00,70,50,20,FMN GV 03 Hove
46,Statielei 16,2020-07-16,13:00:00,45,24,21,FMN GV 03 Hove
46,Statielei 16,2020-07-16,14:00:00,73,48,25,FMN GV 03 Hove
46,Statielei 16,2020-07-16,15:00:00,94,41,53,FMN GV 03 Hove
46,Statielei 16,2020-07-16,16:00:00,107,41,66,FMN GV 03 Hove
46,Statielei 16,2020-07-16,17:00:00,141,51,90,FMN GV 03 Hove
46,Statielei 16,2020-07-16,18:00:00,106,41,65,FMN GV 03 Hove
46,Statielei 16,2020-07-16,19:00:00,74,23,51,FMN GV 03 Hove
46,Statielei 16,2020-07-16,20:00:00,75,36,39,FMN GV 03 Hove
46,Statielei 16,2020-07-16,21:00:00,62,44,18,FMN GV 03 Hove
46,Statielei 16,2020-07-16,22:00:00,31,11,20,FMN GV 03 Hove
46,Statielei 16,2020-07-16,23:00:00,22,10,12,FMN GV 03 Hove
46,Statielei 16,2020-07-17,00:00:00,5,4,1,FMN GV 03 Hove
46,Statielei 16,2020-07-17,01:00:00,6,3,3,FMN GV 03 Hove
46,Statielei 16,2020-07-17,02:00:00,3,2,1,FMN GV 03 Hove
46,Statielei 16,2020-07-17,03:00:00,7,5,2,FMN GV 03 Hove
46,Statielei 16,2020-07-17,04:00:00,12,8,4,FMN GV 03 Hove
46,Statielei 16,2020-07-17,05:00:00,20,13,7,FMN GV 03 Hove
46,Statielei 16,2020-07-17,06:00:00,72,55,17,FMN GV 03 Hove
46,Statielei 16,2020-07-17,07:00:00,117,91,26,FMN GV 03 Hove
46,Statielei 16,2020-07-17,08:00:00,133,89,44,FMN GV 03 Hove
46,Statielei 16,2020-07-17,09:00:00,101,58,43,FMN GV 03 Hove
46,Statielei 16,2020-07-17,10:00:00,102,60,42,FMN GV 03 Hove
46,Statielei 16,2020-07-17,11:00:00,110,55,55,FMN GV 03 Hove
46,Statielei 16,2020-07-17,12:00:00,118,60,58,FMN GV 03 Hove
46,Statielei 16,2020-07-17,13:00:00,113,53,60,FMN GV 03 Hove
46,Statielei 16,2020-07-17,14:00:00,107,53,54,FMN GV 03 Hove
46,Statielei 16,2020-07-17,15:00:00,135,62,73,FMN GV 03 Hove
46,Statielei 16,2020-07-17,16:00:00,192,83,109,FMN GV 03 Hove
46,Statielei 16,2020-07-17,17:00:00,178,76,102,FMN GV 03 Hove
46,Statielei 16,2020-07-17,18:00:00,137,62,75,FMN GV 03 Hove
46,Statielei 16,2020-07-17,19:00:00,93,48,45,FMN GV 03 Hove
46,Statielei 16,2020-07-17,20:00:00,74,42,32,FMN GV 03 Hove
46,Statielei 16,2020-07-17,21:00:00,38,19,19,FMN GV 03 Hove
46,Statielei 16,2020-07-17,22:00:00,31,16,15,FMN GV 03 Hove
46,Statielei 16,2020-07-17,23:00:00,26,12,14,FMN GV 03 Hove
46,Statielei 16,2020-07-18,00:00:00,38,18,20,FMN GV 03 Hove
46,Statielei 16,2020-07-18,01:00:00,25,12,13,FMN GV 03 Hove
46,Statielei 16,2020-07-18,02:00:00,4,2,2,FMN GV 03 Hove
46,Statielei 16,2020-07-18,03:00:00,2,0,2,FMN GV 03 Hove
46,Statielei 16,2020-07-18,04:00:00,11,3,8,FMN GV 03 Hove
46,Statielei 16,2020-07-18,05:00:00,4,1,3,FMN GV 03 Hove
46,Statielei 16,2020-07-18,06:00:00,18,13,5,FMN GV 03 Hove
46,Statielei 16,2020-07-18,07:00:00,21,10,11,FMN GV 03 Hove
46,Statielei 16,2020-07-18,08:00:00,48,21,27,FMN GV 03 Hove
46,Statielei 16,2020-07-18,09:00:00,84,48,36,FMN GV 03 Hove
46,Statielei 16,2020-07-18,10:00:00,154,76,78,FMN GV 03 Hove
46,Statielei 16,2020-07-18,11:00:00,195,111,84,FMN GV 03 Hove
46,Statielei 16,2020-07-18,12:00:00,169,105,64,FMN GV 03 Hove
46,Statielei 16,2020-07-18,13:00:00,200,95,105,FMN GV 03 Hove
46,Statielei 16,2020-07-18,14:00:00,224,125,99,FMN GV 03 Hove
46,Statielei 16,2020-07-18,15:00:00,218,108,110,FMN GV 03 Hove
46,Statielei 16,2020-07-18,16:00:00,207,120,87,FMN GV 03 Hove
46,Statielei 16,2020-07-18,17:00:00,154,92,62,FMN GV 03 Hove
46,Statielei 16,2020-07-18,18:00:00,124,73,51,FMN GV 03 Hove
46,Statielei 16,2020-07-18,19:00:00,75,53,22,FMN GV 03 Hove
46,Statielei 16,2020-07-18,20:00:00,89,58,31,FMN GV 03 Hove
46,Statielei 16,2020-07-18,21:00:00,45,25,20,FMN GV 03 Hove
46,Statielei 16,2020-07-18,22:00:00,56,28,28,FMN GV 03 Hove
46,Statielei 16,2020-07-18,23:00:00,24,14,10,FMN GV 03 Hove
46,Statielei 16,2020-07-19,00:00:00,22,8,14,FMN GV 03 Hove
46,Statielei 16,2020-07-19,01:00:00,15,6,9,FMN GV 03 Hove
46,Statielei 16,2020-07-19,02:00:00,6,3,3,FMN GV 03 Hove
46,Statielei 16,2020-07-19,03:00:00,2,0,2,FMN GV 03 Hove
46,Statielei 16,2020-07-19,04:00:00,4,2,2,FMN GV 03 Hove
46,Statielei 16,2020-07-19,05:00:00,2,2,0,FMN GV 03 Hove
46,Statielei 16,2020-07-19,06:00:00,13,7,6,FMN GV 03 Hove
46,Statielei 16,2020-07-19,07:00:00,20,5,15,FMN GV 03 Hove
46,Statielei 16,2020-07-19,08:00:00,37,15,22,FMN GV 03 Hove
46,Statielei 16,2020-07-19,09:00:00,104,54,50,FMN GV 03 Hove
46,Statielei 16,2020-07-19,10:00:00,159,82,77,FMN GV 03 Hove
46,Statielei 16,2020-07-19,11:00:00,215,113,102,FMN GV 03 Hove
46,Statielei 16,2020-07-19,12:00:00,241,122,119,FMN GV 03 Hove
46,Statielei 16,2020-07-19,13:00:00,193,101,92,FMN GV 03 Hove
46,Statielei 16,2020-07-19,14:00:00,230,135,95,FMN GV 03 Hove
46,Statielei 16,2020-07-19,15:00:00,218,124,94,FMN GV 03 Hove
46,Statielei 16,2020-07-19,16:00:00,216,120,96,FMN GV 03 Hove
46,Statielei 16,2020-07-19,17:00:00,152,95,57,FMN GV 03 Hove
46,Statielei 16,2020-07-19,18:00:00,104,67,37,FMN GV 03 Hove
46,Statielei 16,2020-07-19,19:00:00,95,53,42,FMN GV 03 Hove
46,Statielei 16,2020-07-19,20:00:00,83,52,31,FMN GV 03 Hove
46,Statielei 16,2020-07-19,21:00:00,60,36,24,FMN GV 03 Hove
46,Statielei 16,2020-07-19,22:00:00,36,19,17,FMN GV 03 Hove
46,Statielei 16,2020-07-19,23:00:00,16,10,6,FMN GV 03 Hove
46,Statielei 16,2020-07-20,00:00:00,6,4,2,FMN GV 03 Hove
46,Statielei 16,2020-07-20,01:00:00,2,1,1,FMN GV 03 Hove
46,Statielei 16,2020-07-20,02:00:00,1,1,0,FMN GV 03 Hove
46,Statielei 16,2020-07-20,03:00:00,4,0,4,FMN GV 03 Hove
46,Statielei 16,2020-07-20,04:00:00,8,4,4,FMN GV 03 Hove
46,Statielei 16,2020-07-20,05:00:00,13,8,5,FMN GV 03 Hove
46,Statielei 16,2020-07-20,06:00:00,52,41,11,FMN GV 03 Hove
46,Statielei 16,2020-07-20,07:00:00,69,48,21,FMN GV 03 Hove
46,Statielei 16,2020-07-20,08:00:00,83,53,30,FMN GV 03 Hove
46,Statielei 16,2020-07-20,09:00:00,95,52,43,FMN GV 03 Hove
46,Statielei 16,2020-07-20,10:00:00,91,37,54,FMN GV 03 Hove
46,Statielei 16,2020-07-20,11:00:00,119,59,60,FMN GV 03 Hove
46,Statielei 16,2020-07-20,12:00:00,124,75,49,FMN GV 03 Hove
46,Statielei 16,2020-07-20,13:00:00,152,84,68,FMN GV 03 Hove
46,Statielei 16,2020-07-20,14:00:00,171,96,75,FMN GV 03 Hove
46,Statielei 16,2020-07-20,15:00:00,154,78,76,FMN GV 03 Hove
46,Statielei 16,2020-07-20,16:00:00,181,89,92,FMN GV 03 Hove
46,Statielei 16,2020-07-20,17:00:00,194,107,87,FMN GV 03 Hove
46,Statielei 16,2020-07-20,18:00:00,128,64,64,FMN GV 03 Hove
46,Statielei 16,2020-07-20,19:00:00,79,39,40,FMN GV 03 Hove
46,Statielei 16,2020-07-20,20:00:00,59,41,18,FMN GV 03 Hove
46,Statielei 16,2020-07-20,21:00:00,58,40,18,FMN GV 03 Hove
46,Statielei 16,2020-07-20,22:00:00,32,22,10,FMN GV 03 Hove
46,Statielei 16,2020-07-20,23:00:00,12,6,6,FMN GV 03 Hove
46,Statielei 16,2020-07-21,00:00:00,12,5,7,FMN GV 03 Hove
46,Statielei 16,2020-07-21,01:00:00,5,2,3,FMN GV 03 Hove
46,Statielei 16,2020-07-21,02:00:00,2,0,2,FMN GV 03 Hove
46,Statielei 16,2020-07-21,03:00:00,2,1,1,FMN GV 03 Hove
46,Statielei 16,2020-07-21,04:00:00,3,1,2,FMN GV 03 Hove
46,Statielei 16,2020-07-21,05:00:00,15,12,3,FMN GV 03 Hove
46,Statielei 16,2020-07-21,06:00:00,23,12,11,FMN GV 03 Hove
46,Statielei 16,2020-07-21,07:00:00,18,8,10,FMN GV 03 Hove
46,Statielei 16,2020-07-21,08:00:00,37,17,20,FMN GV 03 Hove
46,Statielei 16,2020-07-21,09:00:00,86,38,48,FMN GV 03 Hove
46,Statielei 16,2020-07-21,10:00:00,161,87,74,FMN GV 03 Hove
46,Statielei 16,2020-07-21,11:00:00,229,89,140,FMN GV 03 Hove
46,Statielei 16,2020-07-21,12:00:00,186,99,87,FMN GV 03 Hove
46,Statielei 16,2020-07-21,13:00:00,226,125,101,FMN GV 03 Hove
46,Statielei 16,2020-07-21,14:00:00,265,140,125,FMN GV 03 Hove
46,Statielei 16,2020-07-21,15:00:00,265,135,130,FMN GV 03 Hove
46,Statielei 16,2020-07-21,16:00:00,228,142,86,FMN GV 03 Hove
46,Statielei 16,2020-07-21,17:00:00,227,128,99,FMN GV 03 Hove
46,Statielei 16,2020-07-21,18:00:00,152,103,49,FMN GV 03 Hove
46,Statielei 16,2020-07-21,19:00:00,99,49,50,FMN GV 03 Hove
46,Statielei 16,2020-07-21,20:00:00,90,56,34,FMN GV 03 Hove
46,Statielei 16,2020-07-21,21:00:00,65,41,24,FMN GV 03 Hove
46,Statielei 16,2020-07-21,22:00:00,28,14,14,FMN GV 03 Hove
46,Statielei 16,2020-07-21,23:00:00,24,16,8,FMN GV 03 Hove
46,Statielei 16,2020-07-22,00:00:00,16,9,7,FMN GV 03 Hove
46,Statielei 16,2020-07-22,01:00:00,3,1,2,FMN GV 03 Hove
46,Statielei 16,2020-07-22,02:00:00,1,1,0,FMN GV 03 Hove
46,Statielei 16,2020-07-22,03:00:00,6,3,3,FMN GV 03 Hove
46,Statielei 16,2020-07-22,04:00:00,14,7,7,FMN GV 03 Hove
46,Statielei 16,2020-07-22,05:00:00,23,15,8,FMN GV 03 Hove
46,Statielei 16,2020-07-22,06:00:00,74,57,17,FMN GV 03 Hove
46,Statielei 16,2020-07-22,07:00:00,149,111,38,FMN GV 03 Hove
46,Statielei 16,2020-07-22,08:00:00,137,105,32,FMN GV 03 Hove
46,Statielei 16,2020-07-22,09:00:00,103,51,52,FMN GV 03 Hove
46,Statielei 16,2020-07-22,10:00:00,119,77,42,FMN GV 03 Hove
46,Statielei 16,2020-07-22,11:00:00,145,81,64,FMN GV 03 Hove
46,Statielei 16,2020-07-22,12:00:00,149,72,77,FMN GV 03 Hove
46,Statielei 16,2020-07-22,13:00:00,150,93,57,FMN GV 03 Hove
46,Statielei 16,2020-07-22,14:00:00,171,83,88,FMN GV 03 Hove
46,Statielei 16,2020-07-22,15:00:00,164,85,79,FMN GV 03 Hove
46,Statielei 16,2020-07-22,16:00:00,209,90,119,FMN GV 03 Hove
46,Statielei 16,2020-07-22,17:00:00,257,104,153,FMN GV 03 Hove
46,Statielei 16,2020-07-22,18:00:00,159,71,88,FMN GV 03 Hove
46,Statielei 16,2020-07-22,19:00:00,110,46,64,FMN GV 03 Hove
46,Statielei 16,2020-07-22,20:00:00,95,49,46,FMN GV 03 Hove
46,Statielei 16,2020-07-22,21:00:00,73,42,31,FMN GV 03 Hove
46,Statielei 16,2020-07-22,22:00:00,37,18,19,FMN GV 03 Hove
46,Statielei 16,2020-07-22,23:00:00,14,7,7,FMN GV 03 Hove
46,Statielei 16,2020-07-23,00:00:00,10,4,6,FMN GV 03 Hove
46,Statielei 16,2020-07-23,01:00:00,7,0,7,FMN GV 03 Hove
46,Statielei 16,2020-07-23,02:00:00,1,1,0,FMN GV 03 Hove
46,Statielei 16,2020-07-23,03:00:00,1,0,1,FMN GV 03 Hove
46,Statielei 16,2020-07-23,04:00:00,11,9,2,FMN GV 03 Hove
46,Statielei 16,2020-07-23,05:00:00,32,17,15,FMN GV 03 Hove
46,Statielei 16,2020-07-23,06:00:00,80,64,16,FMN GV 03 Hove
46,Statielei 16,2020-07-23,07:00:00,140,112,28,FMN GV 03 Hove
46,Statielei 16,2020-07-23,08:00:00,163,110,53,FMN GV 03 Hove
46,Statielei 16,2020-07-23,09:00:00,98,54,44,FMN GV 03 Hove
46,Statielei 16,2020-07-23,10:00:00,120,59,61,FMN GV 03 Hove
46,Statielei 16,2020-07-23,11:00:00,153,74,79,FMN GV 03 Hove
46,Statielei 16,2020-07-23,12:00:00,144,82,62,FMN GV 03 Hove
46,Statielei 16,2020-07-23,13:00:00,168,93,75,FMN GV 03 Hove
46,Statielei 16,2020-07-23,14:00:00,193,96,97,FMN GV 03 Hove
46,Statielei 16,2020-07-23,15:00:00,188,105,83,FMN GV 03 Hove
46,Statielei 16,2020-07-23,16:00:00,242,104,138,FMN GV 03 Hove
46,Statielei 16,2020-07-23,17:00:00,255,113,142,FMN GV 03 Hove
46,Statielei 16,2020-07-23,18:00:00,177,86,91,FMN GV 03 Hove
46,Statielei 16,2020-07-23,19:00:00,136,61,75,FMN GV 03 Hove
46,Statielei 16,2020-07-23,20:00:00,98,61,37,FMN GV 03 Hove
46,Statielei 16,2020-07-23,21:00:00,74,42,32,FMN GV 03 Hove
46,Statielei 16,2020-07-23,22:00:00,45,26,19,FMN GV 03 Hove
46,Statielei 16,2020-07-23,23:00:00,16,5,11,FMN GV 03 Hove
46,Statielei 16,2020-07-24,00:00:00,21,10,11,FMN GV 03 Hove
46,Statielei 16,2020-07-24,01:00:00,10,4,6,FMN GV 03 Hove
46,Statielei 16,2020-07-24,02:00:00,3,1,2,FMN GV 03 Hove
46,Statielei 16,2020-07-24,03:00:00,4,2,2,FMN GV 03 Hove
46,Statielei 16,2020-07-24,04:00:00,6,4,2,FMN GV 03 Hove
46,Statielei 16,2020-07-24,05:00:00,22,14,8,FMN GV 03 Hove
46,Statielei 16,2020-07-24,06:00:00,63,50,13,FMN GV 03 Hove
46,Statielei 16,2020-07-24,07:00:00,110,77,33,FMN GV 03 Hove
46,Statielei 16,2020-07-24,08:00:00,112,69,43,FMN GV 03 Hove
46,Statielei 16,2020-07-24,09:00:00,77,44,33,FMN GV 03 Hove
46,Statielei 16,2020-07-24,10:00:00,73,35,38,FMN GV 03 Hove
46,Statielei 16,2020-07-24,11:00:00,60,37,23,FMN GV 03 Hove
46,Statielei 16,2020-07-24,12:00:00,70,41,29,FMN GV 03 Hove
46,Statielei 16,2020-07-24,13:00:00,85,43,42,FMN GV 03 Hove
46,Statielei 16,2020-07-24,14:00:00,98,56,42,FMN GV 03 Hove
46,Statielei 16,2020-07-24,15:00:00,73,34,39,FMN GV 03 Hove
46,Statielei 16,2020-07-24,16:00:00,120,52,68,FMN GV 03 Hove
46,Statielei 16,2020-07-24,17:00:00,132,61,71,FMN GV 03 Hove
46,Statielei 16,2020-07-24,18:00:00,104,39,65,FMN GV 03 Hove
46,Statielei 16,2020-07-24,19:00:00,66,35,31,FMN GV 03 Hove
46,Statielei 16,2020-07-24,20:00:00,59,36,23,FMN GV 03 Hove
46,Statielei 16,2020-07-24,21:00:00,45,30,15,FMN GV 03 Hove
46,Statielei 16,2020-07-24,22:00:00,15,8,7,FMN GV 03 Hove
46,Statielei 16,2020-07-24,23:00:00,11,5,6,FMN GV 03 Hove
46,Statielei 16,2020-07-25,00:00:00,29,12,17,FMN GV 03 Hove
46,Statielei 16,2020-07-25,01:00:00,10,2,8,FMN GV 03 Hove
46,Statielei 16,2020-07-25,02:00:00,4,3,1,FMN GV 03 Hove
46,Statielei 16,2020-07-25,03:00:00,6,3,3,FMN GV 03 Hove
46,Statielei 16,2020-07-25,04:00:00,3,2,1,FMN GV 03 Hove
46,Statielei 16,2020-07-25,05:00:00,12,5,7,FMN GV 03 Hove
46,Statielei 16,2020-07-25,06:00:00,19,12,7,FMN GV 03 Hove
46,Statielei 16,2020-07-25,07:00:00,17,11,6,FMN GV 03 Hove
46,Statielei 16,2020-07-25,08:00:00,30,10,20,FMN GV 03 Hove
46,Statielei 16,2020-07-25,09:00:00,57,28,29,FMN GV 03 Hove
46,Statielei 16,2020-07-25,10:00:00,80,39,41,FMN GV 03 Hove
46,Statielei 16,2020-07-25,11:00:00,64,35,29,FMN GV 03 Hove
46,Statielei 16,2020-07-25,12:00:00,101,67,34,FMN GV 03 Hove
46,Statielei 16,2020-07-25,13:00:00,95,51,44,FMN GV 03 Hove
46,Statielei 16,2020-07-25,14:00:00,111,67,44,FMN GV 03 Hove
46,Statielei 16,2020-07-25,15:00:00,105,50,55,FMN GV 03 Hove
46,Statielei 16,2020-07-25,16:00:00,128,63,65,FMN GV 03 Hove
46,Statielei 16,2020-07-25,17:00:00,95,55,40,FMN GV 03 Hove
46,Statielei 16,2020-07-25,18:00:00,53,26,27,FMN GV 03 Hove
46,Statielei 16,2020-07-25,19:00:00,43,27,16,FMN GV 03 Hove
46,Statielei 16,2020-07-25,20:00:00,46,25,21,FMN GV 03 Hove
46,Statielei 16,2020-07-25,21:00:00,23,10,13,FMN GV 03 Hove
46,Statielei 16,2020-07-25,22:00:00,15,7,8,FMN GV 03 Hove
46,Statielei 16,2020-07-25,23:00:00,7,3,4,FMN GV 03 Hove
46,Statielei 16,2020-07-26,00:00:00,9,1,8,FMN GV 03 Hove
46,Statielei 16,2020-07-26,01:00:00,10,6,4,FMN GV 03 Hove
46,Statielei 16,2020-07-26,02:00:00,9,5,4,FMN GV 03 Hove
46,Statielei 16,2020-07-26,03:00:00,4,1,3,FMN GV 03 Hove
46,Statielei 16,2020-07-26,04:00:00,1,1,0,FMN GV 03 Hove
46,Statielei 16,2020-07-26,05:00:00,8,6,2,FMN GV 03 Hove
46,Statielei 16,2020-07-26,06:00:00,12,7,5,FMN GV 03 Hove
46,Statielei 16,2020-07-26,07:00:00,17,5,12,FMN GV 03 Hove
46,Statielei 16,2020-07-26,08:00:00,37,12,25,FMN GV 03 Hove
46,Statielei 16,2020-07-26,09:00:00,66,19,47,FMN GV 03 Hove
46,Statielei 16,2020-07-26,10:00:00,117,52,65,FMN GV 03 Hove
46,Statielei 16,2020-07-26,11:00:00,110,55,55,FMN GV 03 Hove
46,Statielei 16,2020-07-26,12:00:00,125,81,44,FMN GV 03 Hove
46,Statielei 16,2020-07-26,13:00:00,152,89,63,FMN GV 03 Hove
46,Statielei 16,2020-07-26,14:00:00,215,133,82,FMN GV 03 Hove
46,Statielei 16,2020-07-26,15:00:00,194,104,90,FMN GV 03 Hove
46,Statielei 16,2020-07-26,16:00:00,185,113,72,FMN GV 03 Hove
46,Statielei 16,2020-07-26,17:00:00,171,88,83,FMN GV 03 Hove
46,Statielei 16,2020-07-26,18:00:00,93,62,31,FMN GV 03 Hove
46,Statielei 16,2020-07-26,19:00:00,54,41,13,FMN GV 03 Hove
46,Statielei 16,2020-07-26,20:00:00,70,40,30,FMN GV 03 Hove
46,Statielei 16,2020-07-26,21:00:00,42,29,13,FMN GV 03 Hove
46,Statielei 16,2020-07-26,22:00:00,24,13,11,FMN GV 03 Hove
46,Statielei 16,2020-07-26,23:00:00,15,8,7,FMN GV 03 Hove
46,Statielei 16,2020-07-27,00:00:00,2,0,2,FMN GV 03 Hove
46,Statielei 16,2020-07-27,01:00:00,3,2,1,FMN GV 03 Hove
46,Statielei 16,2020-07-27,02:00:00,5,3,2,FMN GV 03 Hove
46,Statielei 16,2020-07-27,03:00:00,3,2,1,FMN GV 03 Hove
46,Statielei 16,2020-07-27,04:00:00,10,5,5,FMN GV 03 Hove
46,Statielei 16,2020-07-27,05:00:00,26,12,14,FMN GV 03 Hove
46,Statielei 16,2020-07-27,06:00:00,64,53,11,FMN GV 03 Hove
46,Statielei 16,2020-07-27,07:00:00,112,84,28,FMN GV 03 Hove
46,Statielei 16,2020-07-27,08:00:00,115,77,38,FMN GV 03 Hove
46,Statielei 16,2020-07-27,09:00:00,37,22,15,FMN GV 03 Hove
46,Statielei 16,2020-07-27,10:00:00,19,7,12,FMN GV 03 Hove
46,Statielei 16,2020-07-27,11:00:00,34,22,12,FMN GV 03 Hove
46,Statielei 16,2020-07-27,12:00:00,48,22,26,FMN GV 03 Hove
46,Statielei 16,2020-07-27,13:00:00,77,48,29,FMN GV 03 Hove
46,Statielei 16,2020-07-27,14:00:00,112,54,58,FMN GV 03 Hove
46,Statielei 16,2020-07-27,15:00:00,131,66,65,FMN GV 03 Hove
46,Statielei 16,2020-07-27,16:00:00,189,80,109,FMN GV 03 Hove
46,Statielei 16,2020-07-27,17:00:00,222,82,140,FMN GV 03 Hove
46,Statielei 16,2020-07-27,18:00:00,117,48,69,FMN GV 03 Hove
46,Statielei 16,2020-07-27,19:00:00,78,39,39,FMN GV 03 Hove
46,Statielei 16,2020-07-27,20:00:00,69,43,26,FMN GV 03 Hove
46,Statielei 16,2020-07-27,21:00:00,58,38,20,FMN GV 03 Hove
46,Statielei 16,2020-07-27,22:00:00,20,12,8,FMN GV 03 Hove
46,Statielei 16,2020-07-27,23:00:00,9,4,5,FMN GV 03 Hove
46,Statielei 16,2020-07-28,00:00:00,7,5,2,FMN GV 03 Hove
46,Statielei 16,2020-07-28,01:00:00,3,3,0,FMN GV 03 Hove
46,Statielei 16,2020-07-28,02:00:00,7,3,4,FMN GV 03 Hove
46,Statielei 16,2020-07-28,03:00:00,1,0,1,FMN GV 03 Hove
46,Statielei 16,2020-07-28,04:00:00,10,5,5,FMN GV 03 Hove
46,Statielei 16,2020-07-28,05:00:00,25,13,12,FMN GV 03 Hove
46,Statielei 16,2020-07-28,06:00:00,81,61,20,FMN GV 03 Hove
46,Statielei 16,2020-07-28,07:00:00,137,104,33,FMN GV 03 Hove
46,Statielei 16,2020-07-28,08:00:00,110,83,27,FMN GV 03 Hove
46,Statielei 16,2020-07-28,09:00:00,56,30,26,FMN GV 03 Hove
46,Statielei 16,2020-07-28,10:00:00,73,32,41,FMN GV 03 Hove
46,Statielei 16,2020-07-28,11:00:00,87,42,45,FMN GV 03 Hove
46,Statielei 16,2020-07-28,12:00:00,103,43,60,FMN GV 03 Hove
46,Statielei 16,2020-07-28,13:00:00,104,55,49,FMN GV 03 Hove
46,Statielei 16,2020-07-28,14:00:00,130,65,65,FMN GV 03 Hove
46,Statielei 16,2020-07-28,15:00:00,152,66,86,FMN GV 03 Hove
46,Statielei 16,2020-07-28,16:00:00,202,106,96,FMN GV 03 Hove
46,Statielei 16,2020-07-28,17:00:00,215,87,128,FMN GV 03 Hove
46,Statielei 16,2020-07-28,18:00:00,148,69,79,FMN GV 03 Hove
46,Statielei 16,2020-07-28,19:00:00,85,47,38,FMN GV 03 Hove
46,Statielei 16,2020-07-28,20:00:00,75,47,28,FMN GV 03 Hove
46,Statielei 16,2020-07-28,21:00:00,53,35,18,FMN GV 03 Hove
46,Statielei 16,2020-07-28,22:00:00,38,20,18,FMN GV 03 Hove
46,Statielei 16,2020-07-28,23:00:00,8,5,3,FMN GV 03 Hove
46,Statielei 16,2020-07-29,00:00:00,4,3,1,FMN GV 03 Hove
46,Statielei 16,2020-07-29,01:00:00,2,2,0,FMN GV 03 Hove
46,Statielei 16,2020-07-29,02:00:00,3,1,2,FMN GV 03 Hove
46,Statielei 16,2020-07-29,03:00:00,2,1,1,FMN GV 03 Hove
46,Statielei 16,2020-07-29,04:00:00,10,5,5,FMN GV 03 Hove
46,Statielei 16,2020-07-29,05:00:00,28,14,14,FMN GV 03 Hove
46,Statielei 16,2020-07-29,06:00:00,76,56,20,FMN GV 03 Hove
46,Statielei 16,2020-07-29,07:00:00,117,80,37,FMN GV 03 Hove
46,Statielei 16,2020-07-29,08:00:00,101,72,29,FMN GV 03 Hove
46,Statielei 16,2020-07-29,09:00:00,94,48,46,FMN GV 03 Hove
46,Statielei 16,2020-07-29,10:00:00,109,62,47,FMN GV 03 Hove
46,Statielei 16,2020-07-29,11:00:00,99,61,38,FMN GV 03 Hove
46,Statielei 16,2020-07-29,12:00:00,94,44,50,FMN GV 03 Hove
46,Statielei 16,2020-07-29,13:00:00,116,68,48,FMN GV 03 Hove
46,Statielei 16,2020-07-29,14:00:00,121,60,61,FMN GV 03 Hove
46,Statielei 16,2020-07-29,15:00:00,146,74,72,FMN GV 03 Hove
46,Statielei 16,2020-07-29,16:00:00,175,76,99,FMN GV 03 Hove
46,Statielei 16,2020-07-29,17:00:00,183,71,112,FMN GV 03 Hove
46,Statielei 16,2020-07-29,18:00:00,157,72,85,FMN GV 03 Hove
46,Statielei 16,2020-07-29,19:00:00,119,67,52,FMN GV 03 Hove
46,Statielei 16,2020-07-29,20:00:00,96,61,35,FMN GV 03 Hove
46,Statielei 16,2020-07-29,21:00:00,58,36,22,FMN GV 03 Hove
46,Statielei 16,2020-07-29,22:00:00,47,30,17,FMN GV 03 Hove
46,Statielei 16,2020-07-29,23:00:00,20,10,10,FMN GV 03 Hove
46,Statielei 16,2020-07-30,00:00:00,2,1,1,FMN GV 03 Hove
46,Statielei 16,2020-07-30,01:00:00,1,1,0,FMN GV 03 Hove
46,Statielei 16,2020-07-30,02:00:00,1,1,0,FMN GV 03 Hove
46,Statielei 16,2020-07-30,03:00:00,2,1,1,FMN GV 03 Hove
46,Statielei 16,2020-07-30,04:00:00,6,3,3,FMN GV 03 Hove
46,Statielei 16,2020-07-30,05:00:00,19,8,11,FMN GV 03 Hove
46,Statielei 16,2020-07-30,06:00:00,71,57,14,FMN GV 03 Hove
46,Statielei 16,2020-07-30,07:00:00,115,81,34,FMN GV 03 Hove
46,Statielei 16,2020-07-30,08:00:00,102,64,38,FMN GV 03 Hove
46,Statielei 16,2020-07-30,09:00:00,79,47,32,FMN GV 03 Hove
46,Statielei 16,2020-07-30,10:00:00,102,46,56,FMN GV 03 Hove
46,Statielei 16,2020-07-30,11:00:00,96,35,61,FMN GV 03 Hove
46,Statielei 16,2020-07-30,12:00:00,131,81,50,FMN GV 03 Hove
46,Statielei 16,2020-07-30,13:00:00,153,82,71,FMN GV 03 Hove
46,Statielei 16,2020-07-30,14:00:00,101,46,55,FMN GV 03 Hove
46,Statielei 16,2020-07-30,15:00:00,153,82,71,FMN GV 03 Hove
46,Statielei 16,2020-07-30,16:00:00,177,79,98,FMN GV 03 Hove
46,Statielei 16,2020-07-30,17:00:00,184,77,107,FMN GV 03 Hove
46,Statielei 16,2020-07-30,18:00:00,122,49,73,FMN GV 03 Hove
46,Statielei 16,2020-07-30,19:00:00,115,57,58,FMN GV 03 Hove
46,Statielei 16,2020-07-30,20:00:00,109,68,41,FMN GV 03 Hove
46,Statielei 16,2020-07-30,21:00:00,101,74,27,FMN GV 03 Hove
46,Statielei 16,2020-07-30,22:00:00,51,34,17,FMN GV 03 Hove
46,Statielei 16,2020-07-30,23:00:00,13,10,3,FMN GV 03 Hove
46,Statielei 16,2020-07-31,00:00:00,2,1,1,FMN GV 03 Hove
46,Statielei 16,2020-07-31,01:00:00,2,1,1,FMN GV 03 Hove
46,Statielei 16,2020-07-31,02:00:00,1,0,1,FMN GV 03 Hove
46,Statielei 16,2020-07-31,03:00:00,1,0,1,FMN GV 03 Hove
46,Statielei 16,2020-07-31,04:00:00,6,3,3,FMN GV 03 Hove
46,Statielei 16,2020-07-31,05:00:00,18,11,7,FMN GV 03 Hove
46,Statielei 16,2020-07-31,06:00:00,69,54,15,FMN GV 03 Hove
46,Statielei 16,2020-07-31,07:00:00,99,62,37,FMN GV 03 Hove
46,Statielei 16,2020-07-31,08:00:00,109,69,40,FMN GV 03 Hove
46,Statielei 16,2020-07-31,09:00:00,89,48,41,FMN GV 03 Hove
46,Statielei 16,2020-07-31,10:00:00,112,60,52,FMN GV 03 Hove
46,Statielei 16,2020-07-31,11:00:00,125,72,53,FMN GV 03 Hove
46,Statielei 16,2020-07-31,12:00:00,107,54,53,FMN GV 03 Hove
46,Statielei 16,2020-07-31,13:00:00,82,48,34,FMN GV 03 Hove
46,Statielei 16,2020-07-31,14:00:00,111,56,55,FMN GV 03 Hove
46,Statielei 16,2020-07-31,15:00:00,98,44,54,FMN GV 03 Hove
46,Statielei 16,2020-07-31,16:00:00,118,49,69,FMN GV 03 Hove
46,Statielei 16,2020-07-31,17:00:00,158,63,95,FMN GV 03 Hove
46,Statielei 16,2020-07-31,18:00:00,92,47,45,FMN GV 03 Hove
46,Statielei 16,2020-07-31,19:00:00,83,42,41,FMN GV 03 Hove
46,Statielei 16,2020-07-31,20:00:00,67,38,29,FMN GV 03 Hove
46,Statielei 16,2020-07-31,21:00:00,58,44,14,FMN GV 03 Hove
46,Statielei 16,2020-07-31,22:00:00,42,25,17,FMN GV 03 Hove
46,Statielei 16,2020-07-31,23:00:00,33,20,13,FMN GV 03 Hove
46,Statielei 16,2020-08-01,00:00:00,1,0,1,FMN GV 03 Hove
46,Statielei 16,2020-08-01,01:00:00,2,1,1,FMN GV 03 Hove
46,Statielei 16,2020-08-01,02:00:00,0,0,0,FMN GV 03 Hove
46,Statielei 16,2020-08-01,03:00:00,1,0,1,FMN GV 03 Hove
46,Statielei 16,2020-08-01,04:00:00,5,2,3,FMN GV 03 Hove
46,Statielei 16,2020-08-01,05:00:00,8,4,4,FMN GV 03 Hove
46,Statielei 16,2020-08-01,06:00:00,19,10,9,FMN GV 03 Hove
46,Statielei 16,2020-08-01,07:00:00,28,15,13,FMN GV 03 Hove
46,Statielei 16,2020-08-01,08:00:00,61,26,35,FMN GV 03 Hove
46,Statielei 16,2020-08-01,09:00:00,96,28,68,FMN GV 03 Hove
46,Statielei 16,2020-08-01,10:00:00,141,78,63,FMN GV 03 Hove
46,Statielei 16,2020-08-01,11:00:00,115,68,47,FMN GV 03 Hove
46,Statielei 16,2020-08-01,12:00:00,134,75,59,FMN GV 03 Hove
46,Statielei 16,2020-08-01,13:00:00,107,50,57,FMN GV 03 Hove
46,Statielei 16,2020-08-01,14:00:00,156,106,50,FMN GV 03 Hove
46,Statielei 16,2020-08-01,15:00:00,161,82,79,FMN GV 03 Hove
46,Statielei 16,2020-08-01,16:00:00,135,99,36,FMN GV 03 Hove
46,Statielei 16,2020-08-01,17:00:00,131,76,55,FMN GV 03 Hove
46,Statielei 16,2020-08-01,18:00:00,84,46,38,FMN GV 03 Hove
46,Statielei 16,2020-08-01,19:00:00,58,30,28,FMN GV 03 Hove
46,Statielei 16,2020-08-01,20:00:00,55,33,22,FMN GV 03 Hove
46,Statielei 16,2020-08-01,21:00:00,31,22,9,FMN GV 03 Hove
46,Statielei 16,2020-08-01,22:00:00,45,31,14,FMN GV 03 Hove
46,Statielei 16,2020-08-01,23:00:00,44,24,20,FMN GV 03 Hove
46,Statielei 16,2020-08-02,00:00:00,5,4,1,FMN GV 03 Hove
46,Statielei 16,2020-08-02,01:00:00,0,0,0,FMN GV 03 Hove
46,Statielei 16,2020-08-02,02:00:00,0,0,0,FMN GV 03 Hove
46,Statielei 16,2020-08-02,03:00:00,0,0,0,FMN GV 03 Hove
46,Statielei 16,2020-08-02,04:00:00,3,2,1,FMN GV 03 Hove
46,Statielei 16,2020-08-02,05:00:00,11,9,2,FMN GV 03 Hove
46,Statielei 16,2020-08-02,06:00:00,13,8,5,FMN GV 03 Hove
46,Statielei 16,2020-08-02,07:00:00,19,7,12,FMN GV 03 Hove
46,Statielei 16,2020-08-02,08:00:00,36,17,19,FMN GV 03 Hove
46,Statielei 16,2020-08-02,09:00:00,63,20,43,FMN GV 03 Hove
46,Statielei 16,2020-08-02,10:00:00,117,40,77,FMN GV 03 Hove
46,Statielei 16,2020-08-02,11:00:00,149,88,61,FMN GV 03 Hove
46,Statielei 16,2020-08-02,12:00:00,182,115,67,FMN GV 03 Hove
46,Statielei 16,2020-08-02,13:00:00,135,78,57,FMN GV 03 Hove
46,Statielei 16,2020-08-02,14:00:00,204,111,93,FMN GV 03 Hove
46,Statielei 16,2020-08-02,15:00:00,186,100,86,FMN GV 03 Hove
46,Statielei 16,2020-08-02,16:00:00,175,107,68,FMN GV 03 Hove
46,Statielei 16,2020-08-02,17:00:00,170,99,71,FMN GV 03 Hove
46,Statielei 16,2020-08-02,18:00:00,111,81,30,FMN GV 03 Hove
46,Statielei 16,2020-08-02,19:00:00,72,45,27,FMN GV 03 Hove
46,Statielei 16,2020-08-02,20:00:00,70,41,29,FMN GV 03 Hove
46,Statielei 16,2020-08-02,21:00:00,51,37,14,FMN GV 03 Hove
46,Statielei 16,2020-08-02,22:00:00,28,19,9,FMN GV 03 Hove
46,Statielei 16,2020-08-02,23:00:00,7,2,5,FMN GV 03 Hove
46,Statielei 16,2020-08-03,00:00:00,1,1,0,FMN GV 03 Hove
46,Statielei 16,2020-08-03,01:00:00,2,1,1,FMN GV 03 Hove
46,Statielei 16,2020-08-03,02:00:00,1,1,0,FMN GV 03 Hove
46,Statielei 16,2020-08-03,03:00:00,2,1,1,FMN GV 03 Hove
46,Statielei 16,2020-08-03,04:00:00,12,5,7,FMN GV 03 Hove
46,Statielei 16,2020-08-03,05:00:00,14,7,7,FMN GV 03 Hove
46,Statielei 16,2020-08-03,06:00:00,68,54,14,FMN GV 03 Hove
46,Statielei 16,2020-08-03,07:00:00,106,80,26,FMN GV 03 Hove
46,Statielei 16,2020-08-03,08:00:00,93,55,38,FMN GV 03 Hove
46,Statielei 16,2020-08-03,09:00:00,51,35,16,FMN GV 03 Hove
46,Statielei 16,2020-08-03,10:00:00,58,29,29,FMN GV 03 Hove
46,Statielei 16,2020-08-03,11:00:00,67,41,26,FMN GV 03 Hove
46,Statielei 16,2020-08-03,12:00:00,94,46,48,FMN GV 03 Hove
46,Statielei 16,2020-08-03,13:00:00,109,58,51,FMN GV 03 Hove
46,Statielei 16,2020-08-03,14:00:00,99,59,40,FMN GV 03 Hove
46,Statielei 16,2020-08-03,15:00:00,102,43,59,FMN GV 03 Hove
46,Statielei 16,2020-08-03,16:00:00,117,49,68,FMN GV 03 Hove
46,Statielei 16,2020-08-03,17:00:00,142,65,77,FMN GV 03 Hove
46,Statielei 16,2020-08-03,18:00:00,89,32,57,FMN GV 03 Hove
46,Statielei 16,2020-08-03,19:00:00,59,19,40,FMN GV 03 Hove
46,Statielei 16,2020-08-03,20:00:00,49,33,16,FMN GV 03 Hove
46,Statielei 16,2020-08-03,21:00:00,30,13,17,FMN GV 03 Hove
46,Statielei 16,2020-08-03,22:00:00,29,13,16,FMN GV 03 Hove
46,Statielei 16,2020-08-03,23:00:00,8,3,5,FMN GV 03 Hove
46,Statielei 16,2020-08-04,00:00:00,1,1,0,FMN GV 03 Hove
46,Statielei 16,2020-08-04,01:00:00,2,2,0,FMN GV 03 Hove
46,Statielei 16,2020-08-04,02:00:00,1,1,0,FMN GV 03 Hove
46,Statielei 16,2020-08-04,03:00:00,0,0,0,FMN GV 03 Hove
46,Statielei 16,2020-08-04,04:00:00,9,5,4,FMN GV 03 Hove
46,Statielei 16,2020-08-04,05:00:00,28,16,12,FMN GV 03 Hove
46,Statielei 16,2020-08-04,06:00:00,68,54,14,FMN GV 03 Hove
46,Statielei 16,2020-08-04,07:00:00,139,94,45,FMN GV 03 Hove
46,Statielei 16,2020-08-04,08:00:00,121,73,48,FMN GV 03 Hove
46,Statielei 16,2020-08-04,09:00:00,99,54,45,FMN GV 03 Hove
46,Statielei 16,2020-08-04,10:00:00,118,54,64,FMN GV 03 Hove
46,Statielei 16,2020-08-04,11:00:00,82,42,40,FMN GV 03 Hove
46,Statielei 16,2020-08-04,12:00:00,116,60,56,FMN GV 03 Hove
46,Statielei 16,2020-08-04,13:00:00,138,75,63,FMN GV 03 Hove
46,Statielei 16,2020-08-04,14:00:00,148,76,72,FMN GV 03 Hove
46,Statielei 16,2020-08-04,15:00:00,170,84,86,FMN GV 03 Hove
46,Statielei 16,2020-08-04,16:00:00,221,88,133,FMN GV 03 Hove
46,Statielei 16,2020-08-04,17:00:00,228,105,123,FMN GV 03 Hove
46,Statielei 16,2020-08-04,18:00:00,161,70,91,FMN GV 03 Hove
46,Statielei 16,2020-08-04,19:00:00,155,80,75,FMN GV 03 Hove
46,Statielei 16,2020-08-04,20:00:00,96,55,41,FMN GV 03 Hove
46,Statielei 16,2020-08-04,21:00:00,79,49,30,FMN GV 03 Hove
46,Statielei 16,2020-08-04,22:00:00,41,26,15,FMN GV 03 Hove
46,Statielei 16,2020-08-04,23:00:00,19,7,12,FMN GV 03 Hove
46,Statielei 16,2020-08-05,00:00:00,1,1,0,FMN GV 03 Hove
46,Statielei 16,2020-08-05,01:00:00,0,0,0,FMN GV 03 Hove
46,Statielei 16,2020-08-05,02:00:00,2,2,0,FMN GV 03 Hove
46,Statielei 16,2020-08-05,03:00:00,1,0,1,FMN GV 03 Hove
46,Statielei 16,2020-08-05,04:00:00,14,9,5,FMN GV 03 Hove
46,Statielei 16,2020-08-05,05:00:00,26,16,10,FMN GV 03 Hove
46,Statielei 16,2020-08-05,06:00:00,72,54,18,FMN GV 03 Hove
46,Statielei 16,2020-08-05,07:00:00,113,79,34,FMN GV 03 Hove
46,Statielei 16,2020-08-05,08:00:00,115,75,40,FMN GV 03 Hove
46,Statielei 16,2020-08-05,09:00:00,146,79,67,FMN GV 03 Hove
46,Statielei 16,2020-08-05,10:00:00,181,110,71,FMN GV 03 Hove
46,Statielei 16,2020-08-05,11:00:00,129,63,66,FMN GV 03 Hove
46,Statielei 16,2020-08-05,12:00:00,124,72,52,FMN GV 03 Hove
46,Statielei 16,2020-08-05,13:00:00,124,73,51,FMN GV 03 Hove
46,Statielei 16,2020-08-05,14:00:00,147,83,64,FMN GV 03 Hove
46,Statielei 16,2020-08-05,15:00:00,137,60,77,FMN GV 03 Hove
46,Statielei 16,2020-08-05,16:00:00,195,79,116,FMN GV 03 Hove
46,Statielei 16,2020-08-05,17:00:00,195,75,120,FMN GV 03 Hove
46,Statielei 16,2020-08-05,18:00:00,160,72,88,FMN GV 03 Hove
46,Statielei 16,2020-08-05,19:00:00,121,58,63,FMN GV 03 Hove
46,Statielei 16,2020-08-05,20:00:00,109,69,40,FMN GV 03 Hove
46,Statielei 16,2020-08-05,21:00:00,101,61,40,FMN GV 03 Hove
46,Statielei 16,2020-08-05,22:00:00,56,29,27,FMN GV 03 Hove
46,Statielei 16,2020-08-05,23:00:00,25,10,15,FMN GV 03 Hove
46,Statielei 16,2020-08-06,00:00:00,5,2,3,FMN GV 03 Hove
46,Statielei 16,2020-08-06,01:00:00,1,1,0,FMN GV 03 Hove
46,Statielei 16,2020-08-06,02:00:00,2,2,0,FMN GV 03 Hove
46,Statielei 16,2020-08-06,03:00:00,0,0,0,FMN GV 03 Hove
46,Statielei 16,2020-08-06,04:00:00,11,6,5,FMN GV 03 Hove
46,Statielei 16,2020-08-06,05:00:00,23,16,7,FMN GV 03 Hove
46,Statielei 16,2020-08-06,06:00:00,81,61,20,FMN GV 03 Hove
46,Statielei 16,2020-08-06,07:00:00,130,89,41,FMN GV 03 Hove
46,Statielei 16,2020-08-06,08:00:00,142,89,53,FMN GV 03 Hove
46,Statielei 16,2020-08-06,09:00:00,94,52,42,FMN GV 03 Hove
46,Statielei 16,2020-08-06,10:00:00,84,45,39,FMN GV 03 Hove
46,Statielei 16,2020-08-06,11:00:00,111,68,43,FMN GV 03 Hove
46,Statielei 16,2020-08-06,12:00:00,74,35,39,FMN GV 03 Hove
46,Statielei 16,2020-08-06,13:00:00,106,62,44,FMN GV 03 Hove
46,Statielei 16,2020-08-06,14:00:00,95,38,57,FMN GV 03 Hove
46,Statielei 16,2020-08-06,15:00:00,87,34,53,FMN GV 03 Hove
46,Statielei 16,2020-08-06,16:00:00,153,64,89,FMN GV 03 Hove
46,Statielei 16,2020-08-06,17:00:00,173,70,103,FMN GV 03 Hove
46,Statielei 16,2020-08-06,18:00:00,140,70,70,FMN GV 03 Hove
46,Statielei 16,2020-08-06,19:00:00,84,39,45,FMN GV 03 Hove
46,Statielei 16,2020-08-06,20:00:00,112,73,39,FMN GV 03 Hove
46,Statielei 16,2020-08-06,21:00:00,70,46,24,FMN GV 03 Hove
46,Statielei 16,2020-08-06,22:00:00,52,31,21,FMN GV 03 Hove
46,Statielei 16,2020-08-06,23:00:00,23,14,9,FMN GV 03 Hove
46,Statielei 16,2020-08-07,00:00:00,3,2,1,FMN GV 03 Hove
46,Statielei 16,2020-08-07,01:00:00,1,1,0,FMN GV 03 Hove
46,Statielei 16,2020-08-07,02:00:00,0,0,0,FMN GV 03 Hove
46,Statielei 16,2020-08-07,03:00:00,1,0,1,FMN GV 03 Hove
46,Statielei 16,2020-08-07,04:00:00,10,5,5,FMN GV 03 Hove
46,Statielei 16,2020-08-07,05:00:00,22,13,9,FMN GV 03 Hove
46,Statielei 16,2020-08-07,06:00:00,67,51,16,FMN GV 03 Hove
46,Statielei 16,2020-08-07,07:00:00,124,88,36,FMN GV 03 Hove
46,Statielei 16,2020-08-07,08:00:00,128,75,53,FMN GV 03 Hove
46,Statielei 16,2020-08-07,09:00:00,100,56,44,FMN GV 03 Hove
46,Statielei 16,2020-08-07,10:00:00,92,43,49,FMN GV 03 Hove
46,Statielei 16,2020-08-07,11:00:00,105,52,53,FMN GV 03 Hove
46,Statielei 16,2020-08-07,12:00:00,96,47,49,FMN GV 03 Hove
46,Statielei 16,2020-08-07,13:00:00,88,49,39,FMN GV 03 Hove
46,Statielei 16,2020-08-07,14:00:00,83,40,43,FMN GV 03 Hove
46,Statielei 16,2020-08-07,15:00:00,91,34,57,FMN GV 03 Hove
46,Statielei 16,2020-08-07,16:00:00,113,39,74,FMN GV 03 Hove
46,Statielei 16,2020-08-07,17:00:00,126,61,65,FMN GV 03 Hove
46,Statielei 16,2020-08-07,18:00:00,95,43,52,FMN GV 03 Hove
46,Statielei 16,2020-08-07,19:00:00,78,46,32,FMN GV 03 Hove
46,Statielei 16,2020-08-07,20:00:00,63,36,27,FMN GV 03 Hove
46,Statielei 16,2020-08-07,21:00:00,46,34,12,FMN GV 03 Hove
46,Statielei 16,2020-08-07,22:00:00,44,22,22,FMN GV 03 Hove
46,Statielei 16,2020-08-07,23:00:00,25,14,11,FMN GV 03 Hove
46,Statielei 16,2020-08-08,00:00:00,7,5,2,FMN GV 03 Hove
46,Statielei 16,2020-08-08,01:00:00,4,3,1,FMN GV 03 Hove
46,Statielei 16,2020-08-08,02:00:00,3,0,3,FMN GV 03 Hove
46,Statielei 16,2020-08-08,03:00:00,1,1,0,FMN GV 03 Hove
46,Statielei 16,2020-08-08,04:00:00,3,1,2,FMN GV 03 Hove
46,Statielei 16,2020-08-08,05:00:00,18,9,9,FMN GV 03 Hove
46,Statielei 16,2020-08-08,06:00:00,28,13,15,FMN GV 03 Hove
46,Statielei 16,2020-08-08,07:00:00,45,19,26,FMN GV 03 Hove
46,Statielei 16,2020-08-08,08:00:00,92,40,52,FMN GV 03 Hove
46,Statielei 16,2020-08-08,09:00:00,119,61,58,FMN GV 03 Hove
46,Statielei 16,2020-08-08,10:00:00,135,83,52,FMN GV 03 Hove
46,Statielei 16,2020-08-08,11:00:00,104,50,54,FMN GV 03 Hove
46,Statielei 16,2020-08-08,12:00:00,75,44,31,FMN GV 03 Hove
46,Statielei 16,2020-08-08,13:00:00,72,36,36,FMN GV 03 Hove
46,Statielei 16,2020-08-08,14:00:00,65,39,26,FMN GV 03 Hove
46,Statielei 16,2020-08-08,15:00:00,61,25,36,FMN GV 03 Hove
46,Statielei 16,2020-08-08,16:00:00,67,28,39,FMN GV 03 Hove
46,Statielei 16,2020-08-08,17:00:00,63,36,27,FMN GV 03 Hove
46,Statielei 16,2020-08-08,18:00:00,55,32,23,FMN GV 03 Hove
46,Statielei 16,2020-08-08,19:00:00,49,28,21,FMN GV 03 Hove
46,Statielei 16,2020-08-08,20:00:00,64,47,17,FMN GV 03 Hove
46,Statielei 16,2020-08-08,21:00:00,42,27,15,FMN GV 03 Hove
46,Statielei 16,2020-08-08,22:00:00,45,19,26,FMN GV 03 Hove
46,Statielei 16,2020-08-08,23:00:00,29,14,15,FMN GV 03 Hove
46,Statielei 16,2020-08-09,00:00:00,27,17,10,FMN GV 03 Hove
46,Statielei 16,2020-08-09,01:00:00,10,6,4,FMN GV 03 Hove
46,Statielei 16,2020-08-09,02:00:00,4,4,0,FMN GV 03 Hove
46,Statielei 16,2020-08-09,03:00:00,1,0,1,FMN GV 03 Hove
46,Statielei 16,2020-08-09,04:00:00,2,0,2,FMN GV 03 Hove
46,Statielei 16,2020-08-09,05:00:00,10,7,3,FMN GV 03 Hove
46,Statielei 16,2020-08-09,06:00:00,25,9,16,FMN GV 03 Hove
46,Statielei 16,2020-08-09,07:00:00,58,22,36,FMN GV 03 Hove
46,Statielei 16,2020-08-09,08:00:00,96,31,65,FMN GV 03 Hove
46,Statielei 16,2020-08-09,09:00:00,133,76,57,FMN GV 03 Hove
46,Statielei 16,2020-08-09,10:00:00,139,92,47,FMN GV 03 Hove
46,Statielei 16,2020-08-09,11:00:00,122,83,39,FMN GV 03 Hove
46,Statielei 16,2020-08-09,12:00:00,107,44,63,FMN GV 03 Hove
46,Statielei 16,2020-08-09,13:00:00,73,30,43,FMN GV 03 Hove
46,Statielei 16,2020-08-09,14:00:00,70,33,37,FMN GV 03 Hove
46,Statielei 16,2020-08-09,15:00:00,63,32,31,FMN GV 03 Hove
46,Statielei 16,2020-08-09,16:00:00,61,25,36,FMN GV 03 Hove
46,Statielei 16,2020-08-09,17:00:00,67,44,23,FMN GV 03 Hove
46,Statielei 16,2020-08-09,18:00:00,62,37,25,FMN GV 03 Hove
46,Statielei 16,2020-08-09,19:00:00,61,38,23,FMN GV 03 Hove
46,Statielei 16,2020-08-09,20:00:00,79,47,32,FMN GV 03 Hove
46,Statielei 16,2020-08-09,21:00:00,61,40,21,FMN GV 03 Hove
46,Statielei 16,2020-08-09,22:00:00,25,17,8,FMN GV 03 Hove
46,Statielei 16,2020-08-09,23:00:00,22,13,9,FMN GV 03 Hove
46,Statielei 16,2020-08-10,00:00:00,10,7,3,FMN GV 03 Hove
46,Statielei 16,2020-08-10,01:00:00,7,2,5,FMN GV 03 Hove
46,Statielei 16,2020-08-10,02:00:00,2,0,2,FMN GV 03 Hove
46,Statielei 16,2020-08-10,03:00:00,3,0,3,FMN GV 03 Hove
46,Statielei 16,2020-08-10,04:00:00,9,7,2,FMN GV 03 Hove
46,Statielei 16,2020-08-10,05:00:00,32,19,13,FMN GV 03 Hove
46,Statielei 16,2020-08-10,06:00:00,63,49,14,FMN GV 03 Hove
46,Statielei 16,2020-08-10,07:00:00,113,77,36,FMN GV 03 Hove
46,Statielei 16,2020-08-10,08:00:00,126,86,40,FMN GV 03 Hove
46,Statielei 16,2020-08-10,09:00:00,70,40,30,FMN GV 03 Hove
46,Statielei 16,2020-08-10,10:00:00,84,44,40,FMN GV 03 Hove
46,Statielei 16,2020-08-10,11:00:00,72,47,25,FMN GV 03 Hove
46,Statielei 16,2020-08-10,12:00:00,70,36,34,FMN GV 03 Hove
46,Statielei 16,2020-08-10,13:00:00,66,37,29,FMN GV 03 Hove
46,Statielei 16,2020-08-10,14:00:00,69,38,31,FMN GV 03 Hove
46,Statielei 16,2020-08-10,15:00:00,71,29,42,FMN GV 03 Hove
46,Statielei 16,2020-08-10,16:00:00,125,53,72,FMN GV 03 Hove
46,Statielei 16,2020-08-10,17:00:00,140,50,90,FMN GV 03 Hove
46,Statielei 16,2020-08-10,18:00:00,108,37,71,FMN GV 03 Hove
46,Statielei 16,2020-08-10,19:00:00,90,36,54,FMN GV 03 Hove
46,Statielei 16,2020-08-10,20:00:00,94,51,43,FMN GV 03 Hove
46,Statielei 16,2020-08-10,21:00:00,81,47,34,FMN GV 03 Hove
46,Statielei 16,2020-08-10,22:00:00,42,21,21,FMN GV 03 Hove
46,Statielei 16,2020-08-10,23:00:00,19,9,10,FMN GV 03 Hove
46,Statielei 16,2020-08-11,00:00:00,2,2,0,FMN GV 03 Hove
46,Statielei 16,2020-08-11,01:00:00,6,3,3,FMN GV 03 Hove
46,Statielei 16,2020-08-11,02:00:00,0,0,0,FMN GV 03 Hove
46,Statielei 16,2020-08-11,03:00:00,1,0,1,FMN GV 03 Hove
46,Statielei 16,2020-08-11,04:00:00,9,4,5,FMN GV 03 Hove
46,Statielei 16,2020-08-11,05:00:00,36,20,16,FMN GV 03 Hove
46,Statielei 16,2020-08-11,06:00:00,76,47,29,FMN GV 03 Hove
46,Statielei 16,2020-08-11,07:00:00,134,90,44,FMN GV 03 Hove
46,Statielei 16,2020-08-11,08:00:00,144,95,49,FMN GV 03 Hove
46,Statielei 16,2020-08-11,09:00:00,107,70,37,FMN GV 03 Hove
46,Statielei 16,2020-08-11,10:00:00,82,58,24,FMN GV 03 Hove
46,Statielei 16,2020-08-11,11:00:00,75,38,37,FMN GV 03 Hove
46,Statielei 16,2020-08-11,12:00:00,69,34,35,FMN GV 03 Hove
46,Statielei 16,2020-08-11,13:00:00,83,47,36,FMN GV 03 Hove
46,Statielei 16,2020-08-11,14:00:00,61,33,28,FMN GV 03 Hove
46,Statielei 16,2020-08-11,15:00:00,76,31,45,FMN GV 03 Hove
46,Statielei 16,2020-08-11,16:00:00,141,51,90,FMN GV 03 Hove
46,Statielei 16,2020-08-11,17:00:00,113,53,60,FMN GV 03 Hove
46,Statielei 16,2020-08-11,18:00:00,120,51,69,FMN GV 03 Hove
46,Statielei 16,2020-08-11,19:00:00,110,50,60,FMN GV 03 Hove
46,Statielei 16,2020-08-11,20:00:00,75,48,27,FMN GV 03 Hove
46,Statielei 16,2020-08-11,21:00:00,55,41,14,FMN GV 03 Hove
46,Statielei 16,2020-08-11,22:00:00,23,10,13,FMN GV 03 Hove
46,Statielei 16,2020-08-11,23:00:00,22,6,16,FMN GV 03 Hove
46,Statielei 16,2020-08-12,00:00:00,1,1,0,FMN GV 03 Hove
46,Statielei 16,2020-08-12,01:00:00,2,2,0,FMN GV 03 Hove
46,Statielei 16,2020-08-12,02:00:00,0,0,0,FMN GV 03 Hove
46,Statielei 16,2020-08-12,03:00:00,5,3,2,FMN GV 03 Hove
46,Statielei 16,2020-08-12,04:00:00,8,6,2,FMN GV 03 Hove
46,Statielei 16,2020-08-12,05:00:00,26,11,15,FMN GV 03 Hove
46,Statielei 16,2020-08-12,06:00:00,70,51,19,FMN GV 03 Hove
46,Statielei 16,2020-08-12,07:00:00,121,71,50,FMN GV 03 Hove
46,Statielei 16,2020-08-12,08:00:00,148,94,54,FMN GV 03 Hove
46,Statielei 16,2020-08-12,09:00:00,143,90,53,FMN GV 03 Hove
46,Statielei 16,2020-08-12,10:00:00,120,70,50,FMN GV 03 Hove
46,Statielei 16,2020-08-12,11:00:00,111,49,62,FMN GV 03 Hove
46,Statielei 16,2020-08-12,12:00:00,84,43,41,FMN GV 03 Hove
46,Statielei 16,2020-08-12,13:00:00,78,36,42,FMN GV 03 Hove
46,Statielei 16,2020-08-12,14:00:00,69,31,38,FMN GV 03 Hove
46,Statielei 16,2020-08-12,15:00:00,94,55,39,FMN GV 03 Hove
46,Statielei 16,2020-08-12,16:00:00,116,47,69,FMN GV 03 Hove
46,Statielei 16,2020-08-12,17:00:00,145,56,89,FMN GV 03 Hove
46,Statielei 16,2020-08-12,18:00:00,111,51,60,FMN GV 03 Hove
46,Statielei 16,2020-08-12,19:00:00,78,41,37,FMN GV 03 Hove
46,Statielei 16,2020-08-12,20:00:00,110,75,35,FMN GV 03 Hove
46,Statielei 16,2020-08-12,21:00:00,73,46,27,FMN GV 03 Hove
46,Statielei 16,2020-08-12,22:00:00,46,21,25,FMN GV 03 Hove
46,Statielei 16,2020-08-12,23:00:00,21,8,13,FMN GV 03 Hove
46,Statielei 16,2020-08-13,00:00:00,5,3,2,FMN GV 03 Hove
46,Statielei 16,2020-08-13,01:00:00,4,2,2,FMN GV 03 Hove
46,Statielei 16,2020-08-13,02:00:00,1,1,0,FMN GV 03 Hove
46,Statielei 16,2020-08-13,03:00:00,5,2,3,FMN GV 03 Hove
46,Statielei 16,2020-08-13,04:00:00,9,7,2,FMN GV 03 Hove
46,Statielei 16,2020-08-13,05:00:00,24,16,8,FMN GV 03 Hove
46,Statielei 16,2020-08-13,06:00:00,56,35,21,FMN GV 03 Hove
46,Statielei 16,2020-08-13,07:00:00,115,70,45,FMN GV 03 Hove
46,Statielei 16,2020-08-13,08:00:00,116,75,41,FMN GV 03 Hove
46,Statielei 16,2020-08-13,09:00:00,92,49,43,FMN GV 03 Hove
46,Statielei 16,2020-08-13,10:00:00,95,59,36,FMN GV 03 Hove
46,Statielei 16,2020-08-13,11:00:00,72,45,27,FMN GV 03 Hove
46,Statielei 16,2020-08-13,12:00:00,65,28,37,FMN GV 03 Hove
46,Statielei 16,2020-08-13,13:00:00,88,52,36,FMN GV 03 Hove
46,Statielei 16,2020-08-13,14:00:00,89,47,42,FMN GV 03 Hove
46,Statielei 16,2020-08-13,15:00:00,81,36,45,FMN GV 03 Hove
46,Statielei 16,2020-08-13,16:00:00,133,51,82,FMN GV 03 Hove
46,Statielei 16,2020-08-13,17:00:00,140,66,74,FMN GV 03 Hove
46,Statielei 16,2020-08-13,18:00:00,78,26,52,FMN GV 03 Hove
46,Statielei 16,2020-08-13,19:00:00,44,20,24,FMN GV 03 Hove
46,Statielei 16,2020-08-13,20:00:00,69,46,23,FMN GV 03 Hove
46,Statielei 16,2020-08-13,21:00:00,70,46,24,FMN GV 03 Hove
46,Statielei 16,2020-08-13,22:00:00,29,16,13,FMN GV 03 Hove
46,Statielei 16,2020-08-13,23:00:00,17,12,5,FMN GV 03 Hove
46,Statielei 16,2020-08-14,00:00:00,8,4,4,FMN GV 03 Hove
46,Statielei 16,2020-08-14,01:00:00,8,5,3,FMN GV 03 Hove
46,Statielei 16,2020-08-14,02:00:00,1,1,0,FMN GV 03 Hove
46,Statielei 16,2020-08-14,03:00:00,0,0,0,FMN GV 03 Hove
46,Statielei 16,2020-08-14,04:00:00,11,7,4,FMN GV 03 Hove
46,Statielei 16,2020-08-14,05:00:00,31,18,13,FMN GV 03 Hove
46,Statielei 16,2020-08-14,06:00:00,54,36,18,FMN GV 03 Hove
46,Statielei 16,2020-08-14,07:00:00,89,57,32,FMN GV 03 Hove
46,Statielei 16,2020-08-14,08:00:00,102,58,44,FMN GV 03 Hove
46,Statielei 16,2020-08-14,09:00:00,97,52,45,FMN GV 03 Hove
46,Statielei 16,2020-08-14,10:00:00,122,74,48,FMN GV 03 Hove
46,Statielei 16,2020-08-14,11:00:00,116,60,56,FMN GV 03 Hove
46,Statielei 16,2020-08-14,12:00:00,82,46,36,FMN GV 03 Hove
46,Statielei 16,2020-08-14,13:00:00,76,37,39,FMN GV 03 Hove
46,Statielei 16,2020-08-14,14:00:00,101,48,53,FMN GV 03 Hove
46,Statielei 16,2020-08-14,15:00:00,90,49,41,FMN GV 03 Hove
46,Statielei 16,2020-08-14,16:00:00,108,49,59,FMN GV 03 Hove
46,Statielei 16,2020-08-14,17:00:00,126,53,73,FMN GV 03 Hove
46,Statielei 16,2020-08-14,18:00:00,101,49,52,FMN GV 03 Hove
46,Statielei 16,2020-08-14,19:00:00,82,38,44,FMN GV 03 Hove
46,Statielei 16,2020-08-14,20:00:00,64,34,30,FMN GV 03 Hove
46,Statielei 16,2020-08-14,21:00:00,43,26,17,FMN GV 03 Hove
46,Statielei 16,2020-08-14,22:00:00,37,17,20,FMN GV 03 Hove
46,Statielei 16,2020-08-14,23:00:00,16,6,10,FMN GV 03 Hove
46,Statielei 16,2020-08-15,00:00:00,14,5,9,FMN GV 03 Hove
46,Statielei 16,2020-08-15,01:00:00,17,5,12,FMN GV 03 Hove
46,Statielei 16,2020-08-15,02:00:00,0,0,0,FMN GV 03 Hove
46,Statielei 16,2020-08-15,03:00:00,2,1,1,FMN GV 03 Hove
46,Statielei 16,2020-08-15,04:00:00,3,3,0,FMN GV 03 Hove
46,Statielei 16,2020-08-15,05:00:00,7,5,2,FMN GV 03 Hove
46,Statielei 16,2020-08-15,06:00:00,18,10,8,FMN GV 03 Hove
46,Statielei 16,2020-08-15,07:00:00,17,8,9,FMN GV 03 Hove
46,Statielei 16,2020-08-15,08:00:00,72,32,40,FMN GV 03 Hove
46,Statielei 16,2020-08-15,09:00:00,99,49,50,FMN GV 03 Hove
46,Statielei 16,2020-08-15,10:00:00,164,69,95,FMN GV 03 Hove
46,Statielei 16,2020-08-15,11:00:00,166,81,85,FMN GV 03 Hove
46,Statielei 16,2020-08-15,12:00:00,170,99,71,FMN GV 03 Hove
46,Statielei 16,2020-08-15,13:00:00,159,91,68,FMN GV 03 Hove
46,Statielei 16,2020-08-15,14:00:00,169,73,96,FMN GV 03 Hove
46,Statielei 16,2020-08-15,15:00:00,159,82,77,FMN GV 03 Hove
46,Statielei 16,2020-08-15,16:00:00,139,80,59,FMN GV 03 Hove
46,Statielei 16,2020-08-15,17:00:00,138,80,58,FMN GV 03 Hove
46,Statielei 16,2020-08-15,18:00:00,50,36,14,FMN GV 03 Hove
46,Statielei 16,2020-08-15,19:00:00,46,19,27,FMN GV 03 Hove
46,Statielei 16,2020-08-15,20:00:00,46,28,18,FMN GV 03 Hove
46,Statielei 16,2020-08-15,21:00:00,48,37,11,FMN GV 03 Hove
46,Statielei 16,2020-08-15,22:00:00,34,23,11,FMN GV 03 Hove
46,Statielei 16,2020-08-15,23:00:00,22,8,14,FMN GV 03 Hove
46,Statielei 16,2020-08-16,00:00:00,13,9,4,FMN GV 03 Hove
46,Statielei 16,2020-08-16,01:00:00,12,3,9,FMN GV 03 Hove
46,Statielei 16,2020-08-16,02:00:00,2,1,1,FMN GV 03 Hove
46,Statielei 16,2020-08-16,03:00:00,1,1,0,FMN GV 03 Hove
46,Statielei 16,2020-08-16,04:00:00,2,1,1,FMN GV 03 Hove
46,Statielei 16,2020-08-16,05:00:00,6,4,2,FMN GV 03 Hove
46,Statielei 16,2020-08-16,06:00:00,11,6,5,FMN GV 03 Hove
46,Statielei 16,2020-08-16,07:00:00,35,15,20,FMN GV 03 Hove
46,Statielei 16,2020-08-16,08:00:00,68,22,46,FMN GV 03 Hove
46,Statielei 16,2020-08-16,09:00:00,151,62,89,FMN GV 03 Hove
46,Statielei 16,2020-08-16,10:00:00,208,95,113,FMN GV 03 Hove
46,Statielei 16,2020-08-16,11:00:00,202,123,79,FMN GV 03 Hove
46,Statielei 16,2020-08-16,12:00:00,200,127,73,FMN GV 03 Hove
46,Statielei 16,2020-08-16,13:00:00,205,131,74,FMN GV 03 Hove
46,Statielei 16,2020-08-16,14:00:00,196,115,81,FMN GV 03 Hove
46,Statielei 16,2020-08-16,15:00:00,106,68,38,FMN GV 03 Hove
46,Statielei 16,2020-08-16,16:00:00,150,93,57,FMN GV 03 Hove
46,Statielei 16,2020-08-16,17:00:00,83,45,38,FMN GV 03 Hove
46,Statielei 16,2020-08-16,18:00:00,49,28,21,FMN GV 03 Hove
46,Statielei 16,2020-08-16,19:00:00,40,18,22,FMN GV 03 Hove
46,Statielei 16,2020-08-16,20:00:00,42,26,16,FMN GV 03 Hove
46,Statielei 16,2020-08-16,21:00:00,42,26,16,FMN GV 03 Hove
46,Statielei 16,2020-08-16,22:00:00,12,7,5,FMN GV 03 Hove
46,Statielei 16,2020-08-16,23:00:00,12,7,5,FMN GV 03 Hove
46,Statielei 16,2020-08-17,00:00:00,10,4,6,FMN GV 03 Hove
46,Statielei 16,2020-08-17,01:00:00,8,4,4,FMN GV 03 Hove
46,Statielei 16,2020-08-17,02:00:00,0,0,0,FMN GV 03 Hove
46,Statielei 16,2020-08-17,03:00:00,3,0,3,FMN GV 03 Hove
46,Statielei 16,2020-08-17,04:00:00,7,5,2,FMN GV 03 Hove
46,Statielei 16,2020-08-17,05:00:00,11,4,7,FMN GV 03 Hove
46,Statielei 16,2020-08-17,06:00:00,50,35,15,FMN GV 03 Hove
46,Statielei 16,2020-08-17,07:00:00,124,89,35,FMN GV 03 Hove
46,Statielei 16,2020-08-17,08:00:00,118,74,44,FMN GV 03 Hove
46,Statielei 16,2020-08-17,09:00:00,81,37,44,FMN GV 03 Hove
46,Statielei 16,2020-08-17,10:00:00,101,58,43,FMN GV 03 Hove
46,Statielei 16,2020-08-17,11:00:00,88,53,35,FMN GV 03 Hove
46,Statielei 16,2020-08-17,12:00:00,107,56,51,FMN GV 03 Hove
46,Statielei 16,2020-08-17,13:00:00,119,66,53,FMN GV 03 Hove
46,Statielei 16,2020-08-17,14:00:00,169,88,81,FMN GV 03 Hove
46,Statielei 16,2020-08-17,15:00:00,75,42,33,FMN GV 03 Hove
46,Statielei 16,2020-08-17,16:00:00,134,67,67,FMN GV 03 Hove
46,Statielei 16,2020-08-17,17:00:00,192,76,116,FMN GV 03 Hove
46,Statielei 16,2020-08-17,18:00:00,143,59,84,FMN GV 03 Hove
46,Statielei 16,2020-08-17,19:00:00,99,38,61,FMN GV 03 Hove
46,Statielei 16,2020-08-17,20:00:00,82,49,33,FMN GV 03 Hove
46,Statielei 16,2020-08-17,21:00:00,41,23,18,FMN GV 03 Hove
46,Statielei 16,2020-08-17,22:00:00,26,17,9,FMN GV 03 Hove
46,Statielei 16,2020-08-17,23:00:00,7,3,4,FMN GV 03 Hove
46,Statielei 16,2020-08-18,00:00:00,6,0,6,FMN GV 03 Hove
46,Statielei 16,2020-08-18,01:00:00,2,1,1,FMN GV 03 Hove
46,Statielei 16,2020-08-18,02:00:00,2,2,0,FMN GV 03 Hove
46,Statielei 16,2020-08-18,03:00:00,2,0,2,FMN GV 03 Hove
46,Statielei 16,2020-08-18,04:00:00,8,4,4,FMN GV 03 Hove
46,Statielei 16,2020-08-18,05:00:00,24,14,10,FMN GV 03 Hove
46,Statielei 16,2020-08-18,06:00:00,68,48,20,FMN GV 03 Hove
46,Statielei 16,2020-08-18,07:00:00,172,118,54,FMN GV 03 Hove
46,Statielei 16,2020-08-18,08:00:00,135,85,50,FMN GV 03 Hove
46,Statielei 16,2020-08-18,09:00:00,95,55,40,FMN GV 03 Hove
46,Statielei 16,2020-08-18,10:00:00,93,55,38,FMN GV 03 Hove
46,Statielei 16,2020-08-18,11:00:00,112,61,51,FMN GV 03 Hove
46,Statielei 16,2020-08-18,12:00:00,124,63,61,FMN GV 03 Hove
46,Statielei 16,2020-08-18,13:00:00,140,83,57,FMN GV 03 Hove
46,Statielei 16,2020-08-18,14:00:00,118,60,58,FMN GV 03 Hove
46,Statielei 16,2020-08-18,15:00:00,124,55,69,FMN GV 03 Hove
46,Statielei 16,2020-08-18,16:00:00,171,59,112,FMN GV 03 Hove
46,Statielei 16,2020-08-18,17:00:00,175,66,109,FMN GV 03 Hove
46,Statielei 16,2020-08-18,18:00:00,183,86,97,FMN GV 03 Hove
46,Statielei 16,2020-08-18,19:00:00,135,64,71,FMN GV 03 Hove
46,Statielei 16,2020-08-18,20:00:00,100,66,34,FMN GV 03 Hove
46,Statielei 16,2020-08-18,21:00:00,55,41,14,FMN GV 03 Hove
46,Statielei 16,2020-08-18,22:00:00,37,17,20,FMN GV 03 Hove
46,Statielei 16,2020-08-18,23:00:00,14,4,10,FMN GV 03 Hove
46,Statielei 16,2020-08-19,00:00:00,9,3,6,FMN GV 03 Hove
46,Statielei 16,2020-08-19,01:00:00,6,4,2,FMN GV 03 Hove
46,Statielei 16,2020-08-19,02:00:00,1,1,0,FMN GV 03 Hove
46,Statielei 16,2020-08-19,03:00:00,0,0,0,FMN GV 03 Hove
46,Statielei 16,2020-08-19,04:00:00,9,3,6,FMN GV 03 Hove
46,Statielei 16,2020-08-19,05:00:00,21,12,9,FMN GV 03 Hove
46,Statielei 16,2020-08-19,06:00:00,67,46,21,FMN GV 03 Hove
46,Statielei 16,2020-08-19,07:00:00,135,89,46,FMN GV 03 Hove
46,Statielei 16,2020-08-19,08:00:00,162,106,56,FMN GV 03 Hove
46,Statielei 16,2020-08-19,09:00:00,107,62,45,FMN GV 03 Hove
46,Statielei 16,2020-08-19,10:00:00,131,77,54,FMN GV 03 Hove
46,Statielei 16,2020-08-19,11:00:00,135,65,70,FMN GV 03 Hove
46,Statielei 16,2020-08-19,12:00:00,151,66,85,FMN GV 03 Hove
46,Statielei 16,2020-08-19,13:00:00,136,72,64,FMN GV 03 Hove
46,Statielei 16,2020-08-19,14:00:00,149,91,58,FMN GV 03 Hove
46,Statielei 16,2020-08-19,15:00:00,149,65,84,FMN GV 03 Hove
46,Statielei 16,2020-08-19,16:00:00,161,60,101,FMN GV 03 Hove
46,Statielei 16,2020-08-19,17:00:00,207,96,111,FMN GV 03 Hove
46,Statielei 16,2020-08-19,18:00:00,164,79,85,FMN GV 03 Hove
46,Statielei 16,2020-08-19,19:00:00,77,35,42,FMN GV 03 Hove
46,Statielei 16,2020-08-19,20:00:00,72,44,28,FMN GV 03 Hove
46,Statielei 16,2020-08-19,21:00:00,30,20,10,FMN GV 03 Hove
46,Statielei 16,2020-08-19,22:00:00,26,11,15,FMN GV 03 Hove
46,Statielei 16,2020-08-19,23:00:00,13,5,8,FMN GV 03 Hove
46,Statielei 16,2020-08-20,00:00:00,8,2,6,FMN GV 03 Hove
46,Statielei 16,2020-08-20,01:00:00,0,0,0,FMN GV 03 Hove
46,Statielei 16,2020-08-20,02:00:00,4,3,1,FMN GV 03 Hove
46,Statielei 16,2020-08-20,03:00:00,4,3,1,FMN GV 03 Hove
46,Statielei 16,2020-08-20,04:00:00,8,4,4,FMN GV 03 Hove
46,Statielei 16,2020-08-20,05:00:00,18,13,5,FMN GV 03 Hove
46,Statielei 16,2020-08-20,06:00:00,60,38,22,FMN GV 03 Hove
46,Statielei 16,2020-08-20,07:00:00,144,101,43,FMN GV 03 Hove
46,Statielei 16,2020-08-20,08:00:00,162,98,64,FMN GV 03 Hove
46,Statielei 16,2020-08-20,09:00:00,136,87,49,FMN GV 03 Hove
46,Statielei 16,2020-08-20,10:00:00,107,55,52,FMN GV 03 Hove
46,Statielei 16,2020-08-20,11:00:00,100,52,48,FMN GV 03 Hove
46,Statielei 16,2020-08-20,12:00:00,101,60,41,FMN GV 03 Hove
46,Statielei 16,2020-08-20,13:00:00,95,53,42,FMN GV 03 Hove
46,Statielei 16,2020-08-20,14:00:00,100,51,49,FMN GV 03 Hove
46,Statielei 16,2020-08-20,15:00:00,119,51,68,FMN GV 03 Hove
46,Statielei 16,2020-08-20,16:00:00,206,100,106,FMN GV 03 Hove
46,Statielei 16,2020-08-20,17:00:00,228,94,134,FMN GV 03 Hove
46,Statielei 16,2020-08-20,18:00:00,149,65,84,FMN GV 03 Hove
46,Statielei 16,2020-08-20,19:00:00,146,61,85,FMN GV 03 Hove
46,Statielei 16,2020-08-20,20:00:00,105,63,42,FMN GV 03 Hove
46,Statielei 16,2020-08-20,21:00:00,77,48,29,FMN GV 03 Hove
46,Statielei 16,2020-08-20,22:00:00,53,27,26,FMN GV 03 Hove
46,Statielei 16,2020-08-20,23:00:00,26,15,11,FMN GV 03 Hove
46,Statielei 16,2020-08-21,00:00:00,14,5,9,FMN GV 03 Hove
46,Statielei 16,2020-08-21,01:00:00,5,0,5,FMN GV 03 Hove
46,Statielei 16,2020-08-21,02:00:00,2,2,0,FMN GV 03 Hove
46,Statielei 16,2020-08-21,03:00:00,3,0,3,FMN GV 03 Hove
46,Statielei 16,2020-08-21,04:00:00,8,8,0,FMN GV 03 Hove
46,Statielei 16,2020-08-21,05:00:00,16,9,7,FMN GV 03 Hove
46,Statielei 16,2020-08-21,06:00:00,36,26,10,FMN GV 03 Hove
46,Statielei 16,2020-08-21,07:00:00,76,46,30,FMN GV 03 Hove
46,Statielei 16,2020-08-21,08:00:00,104,66,38,FMN GV 03 Hove
46,Statielei 16,2020-08-21,09:00:00,63,35,28,FMN GV 03 Hove
46,Statielei 16,2020-08-21,10:00:00,93,63,30,FMN GV 03 Hove
46,Statielei 16,2020-08-21,11:00:00,114,64,50,FMN GV 03 Hove
46,Statielei 16,2020-08-21,12:00:00,118,70,48,FMN GV 03 Hove
46,Statielei 16,2020-08-21,13:00:00,156,79,77,FMN GV 03 Hove
46,Statielei 16,2020-08-21,14:00:00,140,77,63,FMN GV 03 Hove
46,Statielei 16,2020-08-21,15:00:00,145,73,72,FMN GV 03 Hove
46,Statielei 16,2020-08-21,16:00:00,144,66,78,FMN GV 03 Hove
46,Statielei 16,2020-08-21,17:00:00,156,80,76,FMN GV 03 Hove
46,Statielei 16,2020-08-21,18:00:00,133,70,63,FMN GV 03 Hove
46,Statielei 16,2020-08-21,19:00:00,111,60,51,FMN GV 03 Hove
46,Statielei 16,2020-08-21,20:00:00,111,66,45,FMN GV 03 Hove
46,Statielei 16,2020-08-21,21:00:00,60,35,25,FMN GV 03 Hove
46,Statielei 16,2020-08-21,22:00:00,29,15,14,FMN GV 03 Hove
46,Statielei 16,2020-08-21,23:00:00,21,13,8,FMN GV 03 Hove
46,Statielei 16,2020-08-22,00:00:00,32,7,25,FMN GV 03 Hove
46,Statielei 16,2020-08-22,01:00:00,19,7,12,FMN GV 03 Hove
46,Statielei 16,2020-08-22,02:00:00,2,2,0,FMN GV 03 Hove
46,Statielei 16,2020-08-22,03:00:00,3,1,2,FMN GV 03 Hove
46,Statielei 16,2020-08-22,04:00:00,8,5,3,FMN GV 03 Hove
46,Statielei 16,2020-08-22,05:00:00,9,7,2,FMN GV 03 Hove
46,Statielei 16,2020-08-22,06:00:00,24,13,11,FMN GV 03 Hove
46,Statielei 16,2020-08-22,07:00:00,23,10,13,FMN GV 03 Hove
46,Statielei 16,2020-08-22,08:00:00,52,27,25,FMN GV 03 Hove
46,Statielei 16,2020-08-22,09:00:00,116,61,55,FMN GV 03 Hove
46,Statielei 16,2020-08-22,10:00:00,152,67,85,FMN GV 03 Hove
46,Statielei 16,2020-08-22,11:00:00,143,69,74,FMN GV 03 Hove
46,Statielei 16,2020-08-22,12:00:00,168,99,69,FMN GV 03 Hove
46,Statielei 16,2020-08-22,13:00:00,158,96,62,FMN GV 03 Hove
46,Statielei 16,2020-08-22,14:00:00,129,75,54,FMN GV 03 Hove
46,Statielei 16,2020-08-22,15:00:00,94,58,36,FMN GV 03 Hove
46,Statielei 16,2020-08-22,16:00:00,133,57,76,FMN GV 03 Hove
46,Statielei 16,2020-08-22,17:00:00,109,54,55,FMN GV 03 Hove
46,Statielei 16,2020-08-22,18:00:00,87,40,47,FMN GV 03 Hove
46,Statielei 16,2020-08-22,19:00:00,78,32,46,FMN GV 03 Hove
46,Statielei 16,2020-08-22,20:00:00,56,40,16,FMN GV 03 Hove
46,Statielei 16,2020-08-22,21:00:00,34,21,13,FMN GV 03 Hove
46,Statielei 16,2020-08-22,22:00:00,24,12,12,FMN GV 03 Hove
46,Statielei 16,2020-08-22,23:00:00,26,15,11,FMN GV 03 Hove
46,Statielei 16,2020-08-23,00:00:00,19,3,16,FMN GV 03 Hove
46,Statielei 16,2020-08-23,01:00:00,16,8,8,FMN GV 03 Hove
46,Statielei 16,2020-08-23,02:00:00,0,0,0,FMN GV 03 Hove
46,Statielei 16,2020-08-23,03:00:00,0,0,0,FMN GV 03 Hove
46,Statielei 16,2020-08-23,04:00:00,3,3,0,FMN GV 03 Hove
46,Statielei 16,2020-08-23,05:00:00,6,2,4,FMN GV 03 Hove
46,Statielei 16,2020-08-23,06:00:00,13,8,5,FMN GV 03 Hove
46,Statielei 16,2020-08-23,07:00:00,26,7,19,FMN GV 03 Hove
46,Statielei 16,2020-08-23,08:00:00,42,14,28,FMN GV 03 Hove
46,Statielei 16,2020-08-23,09:00:00,99,49,50,FMN GV 03 Hove
46,Statielei 16,2020-08-23,10:00:00,103,49,54,FMN GV 03 Hove
46,Statielei 16,2020-08-23,11:00:00,127,81,46,FMN GV 03 Hove
46,Statielei 16,2020-08-23,12:00:00,130,69,61,FMN GV 03 Hove
46,Statielei 16,2020-08-23,13:00:00,117,70,47,FMN GV 03 Hove
46,Statielei 16,2020-08-23,14:00:00,145,68,77,FMN GV 03 Hove
46,Statielei 16,2020-08-23,15:00:00,149,85,64,FMN GV 03 Hove
46,Statielei 16,2020-08-23,16:00:00,133,76,57,FMN GV 03 Hove
46,Statielei 16,2020-08-23,17:00:00,131,70,61,FMN GV 03 Hove
46,Statielei 16,2020-08-23,18:00:00,102,63,39,FMN GV 03 Hove
46,Statielei 16,2020-08-23,19:00:00,69,43,26,FMN GV 03 Hove
46,Statielei 16,2020-08-23,20:00:00,52,29,23,FMN GV 03 Hove
46,Statielei 16,2020-08-23,21:00:00,22,12,10,FMN GV 03 Hove
46,Statielei 16,2020-08-23,22:00:00,12,4,8,FMN GV 03 Hove
46,Statielei 16,2020-08-23,23:00:00,13,11,2,FMN GV 03 Hove
46,Statielei 16,2020-08-24,00:00:00,10,4,6,FMN GV 03 Hove
46,Statielei 16,2020-08-24,01:00:00,7,3,4,FMN GV 03 Hove
46,Statielei 16,2020-08-24,02:00:00,2,1,1,FMN GV 03 Hove
46,Statielei 16,2020-08-24,03:00:00,0,0,0,FMN GV 03 Hove
46,Statielei 16,2020-08-24,04:00:00,5,2,3,FMN GV 03 Hove
46,Statielei 16,2020-08-24,05:00:00,25,13,12,FMN GV 03 Hove
46,Statielei 16,2020-08-24,06:00:00,57,43,14,FMN GV 03 Hove
46,Statielei 16,2020-08-24,07:00:00,140,100,40,FMN GV 03 Hove
46,Statielei 16,2020-08-24,08:00:00,143,97,46,FMN GV 03 Hove
46,Statielei 16,2020-08-24,09:00:00,88,51,37,FMN GV 03 Hove
46,Statielei 16,2020-08-24,10:00:00,74,48,26,FMN GV 03 Hove
46,Statielei 16,2020-08-24,11:00:00,74,43,31,FMN GV 03 Hove
46,Statielei 16,2020-08-24,12:00:00,102,51,51,FMN GV 03 Hove
46,Statielei 16,2020-08-24,13:00:00,114,60,54,FMN GV 03 Hove
46,Statielei 16,2020-08-24,14:00:00,122,56,66,FMN GV 03 Hove
46,Statielei 16,2020-08-24,15:00:00,121,60,61,FMN GV 03 Hove
46,Statielei 16,2020-08-24,16:00:00,191,92,99,FMN GV 03 Hove
46,Statielei 16,2020-08-24,17:00:00,160,71,89,FMN GV 03 Hove
46,Statielei 16,2020-08-24,18:00:00,141,64,77,FMN GV 03 Hove
46,Statielei 16,2020-08-24,19:00:00,98,42,56,FMN GV 03 Hove
46,Statielei 16,2020-08-24,20:00:00,67,49,18,FMN GV 03 Hove
46,Statielei 16,2020-08-24,21:00:00,38,18,20,FMN GV 03 Hove
46,Statielei 16,2020-08-24,22:00:00,48,25,23,FMN GV 03 Hove
46,Statielei 16,2020-08-24,23:00:00,19,9,10,FMN GV 03 Hove
46,Statielei 16,2020-08-25,00:00:00,9,2,7,FMN GV 03 Hove
46,Statielei 16,2020-08-25,01:00:00,4,1,3,FMN GV 03 Hove
46,Statielei 16,2020-08-25,02:00:00,2,2,0,FMN GV 03 Hove
46,Statielei 16,2020-08-25,03:00:00,0,0,0,FMN GV 03 Hove
46,Statielei 16,2020-08-25,04:00:00,6,3,3,FMN GV 03 Hove
46,Statielei 16,2020-08-25,05:00:00,20,9,11,FMN GV 03 Hove
46,Statielei 16,2020-08-25,06:00:00,53,41,12,FMN GV 03 Hove
46,Statielei 16,2020-08-25,07:00:00,147,105,42,FMN GV 03 Hove
46,Statielei 16,2020-08-25,08:00:00,138,95,43,FMN GV 03 Hove
46,Statielei 16,2020-08-25,09:00:00,76,51,25,FMN GV 03 Hove
46,Statielei 16,2020-08-25,10:00:00,45,30,15,FMN GV 03 Hove
46,Statielei 16,2020-08-25,11:00:00,55,34,21,FMN GV 03 Hove
46,Statielei 16,2020-08-25,12:00:00,63,31,32,FMN GV 03 Hove
46,Statielei 16,2020-08-25,13:00:00,43,21,22,FMN GV 03 Hove
46,Statielei 16,2020-08-25,14:00:00,49,26,23,FMN GV 03 Hove
46,Statielei 16,2020-08-25,15:00:00,73,36,37,FMN GV 03 Hove
46,Statielei 16,2020-08-25,16:00:00,152,69,83,FMN GV 03 Hove
46,Statielei 16,2020-08-25,17:00:00,165,59,106,FMN GV 03 Hove
46,Statielei 16,2020-08-25,18:00:00,112,44,68,FMN GV 03 Hove
46,Statielei 16,2020-08-25,19:00:00,92,46,46,FMN GV 03 Hove
46,Statielei 16,2020-08-25,20:00:00,49,32,17,FMN GV 03 Hove
46,Statielei 16,2020-08-25,21:00:00,44,25,19,FMN GV 03 Hove
46,Statielei 16,2020-08-25,22:00:00,28,14,14,FMN GV 03 Hove
46,Statielei 16,2020-08-25,23:00:00,14,6,8,FMN GV 03 Hove
46,Statielei 16,2020-08-26,00:00:00,5,2,3,FMN GV 03 Hove
46,Statielei 16,2020-08-26,01:00:00,5,0,5,FMN GV 03 Hove
46,Statielei 16,2020-08-26,02:00:00,1,1,0,FMN GV 03 Hove
46,Statielei 16,2020-08-26,03:00:00,0,0,0,FMN GV 03 Hove
46,Statielei 16,2020-08-26,04:00:00,5,4,1,FMN GV 03 Hove
46,Statielei 16,2020-08-26,05:00:00,12,4,8,FMN GV 03 Hove
46,Statielei 16,2020-08-26,06:00:00,37,27,10,FMN GV 03 Hove
46,Statielei 16,2020-08-26,07:00:00,96,66,30,FMN GV 03 Hove
46,Statielei 16,2020-08-26,08:00:00,124,88,36,FMN GV 03 Hove
46,Statielei 16,2020-08-26,09:00:00,59,32,27,FMN GV 03 Hove
46,Statielei 16,2020-08-26,10:00:00,68,41,27,FMN GV 03 Hove
46,Statielei 16,2020-08-26,11:00:00,68,37,31,FMN GV 03 Hove
46,Statielei 16,2020-08-26,12:00:00,55,32,23,FMN GV 03 Hove
46,Statielei 16,2020-08-26,13:00:00,71,37,34,FMN GV 03 Hove
46,Statielei 16,2020-08-26,14:00:00,78,38,40,FMN GV 03 Hove
46,Statielei 16,2020-08-26,15:00:00,72,37,35,FMN GV 03 Hove
46,Statielei 16,2020-08-26,16:00:00,120,45,75,FMN GV 03 Hove
46,Statielei 16,2020-08-26,17:00:00,144,55,89,FMN GV 03 Hove
46,Statielei 16,2020-08-26,18:00:00,90,43,47,FMN GV 03 Hove
46,Statielei 16,2020-08-26,19:00:00,74,27,47,FMN GV 03 Hove
46,Statielei 16,2020-08-26,20:00:00,50,31,19,FMN GV 03 Hove
46,Statielei 16,2020-08-26,21:00:00,38,23,15,FMN GV 03 Hove
46,Statielei 16,2020-08-26,22:00:00,30,16,14,FMN GV 03 Hove
46,Statielei 16,2020-08-26,23:00:00,8,6,2,FMN GV 03 Hove
46,Statielei 16,2020-08-27,00:00:00,5,5,0,FMN GV 03 Hove
46,Statielei 16,2020-08-27,01:00:00,5,3,2,FMN GV 03 Hove
46,Statielei 16,2020-08-27,02:00:00,3,2,1,FMN GV 03 Hove
46,Statielei 16,2020-08-27,03:00:00,1,0,1,FMN GV 03 Hove
46,Statielei 16,2020-08-27,04:00:00,5,2,3,FMN GV 03 Hove
46,Statielei 16,2020-08-27,05:00:00,24,14,10,FMN GV 03 Hove
46,Statielei 16,2020-08-27,06:00:00,64,47,17,FMN GV 03 Hove
46,Statielei 16,2020-08-27,07:00:00,155,101,54,FMN GV 03 Hove
46,Statielei 16,2020-08-27,08:00:00,173,123,50,FMN GV 03 Hove
46,Statielei 16,2020-08-27,09:00:00,110,62,48,FMN GV 03 Hove
46,Statielei 16,2020-08-27,10:00:00,80,48,32,FMN GV 03 Hove
46,Statielei 16,2020-08-27,11:00:00,104,50,54,FMN GV 03 Hove
46,Statielei 16,2020-08-27,12:00:00,115,53,62,FMN GV 03 Hove
46,Statielei 16,2020-08-27,13:00:00,133,75,58,FMN GV 03 Hove
46,Statielei 16,2020-08-27,14:00:00,176,90,86,FMN GV 03 Hove
46,Statielei 16,2020-08-27,15:00:00,201,100,101,FMN GV 03 Hove
46,Statielei 16,2020-08-27,16:00:00,231,91,140,FMN GV 03 Hove
46,Statielei 16,2020-08-27,17:00:00,228,91,137,FMN GV 03 Hove
46,Statielei 16,2020-08-27,18:00:00,192,89,103,FMN GV 03 Hove
46,Statielei 16,2020-08-27,19:00:00,108,45,63,FMN GV 03 Hove
46,Statielei 16,2020-08-27,20:00:00,93,58,35,FMN GV 03 Hove
46,Statielei 16,2020-08-27,21:00:00,45,28,17,FMN GV 03 Hove
46,Statielei 16,2020-08-27,22:00:00,34,18,16,FMN GV 03 Hove
46,Statielei 16,2020-08-27,23:00:00,21,10,11,FMN GV 03 Hove
46,Statielei 16,2020-08-28,00:00:00,12,6,6,FMN GV 03 Hove
46,Statielei 16,2020-08-28,01:00:00,9,3,6,FMN GV 03 Hove
46,Statielei 16,2020-08-28,02:00:00,3,3,0,FMN GV 03 Hove
46,Statielei 16,2020-08-28,03:00:00,1,0,1,FMN GV 03 Hove
46,Statielei 16,2020-08-28,04:00:00,6,1,5,FMN GV 03 Hove
46,Statielei 16,2020-08-28,05:00:00,19,10,9,FMN GV 03 Hove
46,Statielei 16,2020-08-28,06:00:00,38,28,10,FMN GV 03 Hove
46,Statielei 16,2020-08-28,07:00:00,89,51,38,FMN GV 03 Hove
46,Statielei 16,2020-08-28,08:00:00,134,97,37,FMN GV 03 Hove
46,Statielei 16,2020-08-28,09:00:00,71,50,21,FMN GV 03 Hove
46,Statielei 16,2020-08-28,10:00:00,65,37,28,FMN GV 03 Hove
46,Statielei 16,2020-08-28,11:00:00,90,42,48,FMN GV 03 Hove
46,Statielei 16,2020-08-28,12:00:00,85,36,49,FMN GV 03 Hove
46,Statielei 16,2020-08-28,13:00:00,98,51,47,FMN GV 03 Hove
46,Statielei 16,2020-08-28,14:00:00,98,56,42,FMN GV 03 Hove
46,Statielei 16,2020-08-28,15:00:00,113,49,64,FMN GV 03 Hove
46,Statielei 16,2020-08-28,16:00:00,97,41,56,FMN GV 03 Hove
46,Statielei 16,2020-08-28,17:00:00,104,39,65,FMN GV 03 Hove
46,Statielei 16,2020-08-28,18:00:00,90,46,44,FMN GV 03 Hove
46,Statielei 16,2020-08-28,19:00:00,58,30,28,FMN GV 03 Hove
46,Statielei 16,2020-08-28,20:00:00,52,23,29,FMN GV 03 Hove
46,Statielei 16,2020-08-28,21:00:00,22,15,7,FMN GV 03 Hove
46,Statielei 16,2020-08-28,22:00:00,27,13,14,FMN GV 03 Hove
46,Statielei 16,2020-08-28,23:00:00,12,4,8,FMN GV 03 Hove
46,Statielei 16,2020-08-29,00:00:00,21,11,10,FMN GV 03 Hove
46,Statielei 16,2020-08-29,01:00:00,10,4,6,FMN GV 03 Hove
46,Statielei 16,2020-08-29,02:00:00,5,3,2,FMN GV 03 Hove
46,Statielei 16,2020-08-29,03:00:00,5,3,2,FMN GV 03 Hove
46,Statielei 16,2020-08-29,04:00:00,3,2,1,FMN GV 03 Hove
46,Statielei 16,2020-08-29,05:00:00,6,2,4,FMN GV 03 Hove
46,Statielei 16,2020-08-29,06:00:00,16,7,9,FMN GV 03 Hove
46,Statielei 16,2020-08-29,07:00:00,20,13,7,FMN GV 03 Hove
46,Statielei 16,2020-08-29,08:00:00,55,21,34,FMN GV 03 Hove
46,Statielei 16,2020-08-29,09:00:00,82,34,48,FMN GV 03 Hove
46,Statielei 16,2020-08-29,10:00:00,92,42,50,FMN GV 03 Hove
46,Statielei 16,2020-08-29,11:00:00,118,69,49,FMN GV 03 Hove
46,Statielei 16,2020-08-29,12:00:00,107,47,60,FMN GV 03 Hove
46,Statielei 16,2020-08-29,13:00:00,112,63,49,FMN GV 03 Hove
46,Statielei 16,2020-08-29,14:00:00,125,75,50,FMN GV 03 Hove
46,Statielei 16,2020-08-29,15:00:00,161,69,92,FMN GV 03 Hove
46,Statielei 16,2020-08-29,16:00:00,102,65,37,FMN GV 03 Hove
46,Statielei 16,2020-08-29,17:00:00,85,47,38,FMN GV 03 Hove
46,Statielei 16,2020-08-29,18:00:00,50,22,28,FMN GV 03 Hove
46,Statielei 16,2020-08-29,19:00:00,40,21,19,FMN GV 03 Hove
46,Statielei 16,2020-08-29,20:00:00,35,20,15,FMN GV 03 Hove
46,Statielei 16,2020-08-29,21:00:00,20,11,9,FMN GV 03 Hove
46,Statielei 16,2020-08-29,22:00:00,22,4,18,FMN GV 03 Hove
46,Statielei 16,2020-08-29,23:00:00,22,9,13,FMN GV 03 Hove
46,Statielei 16,2020-08-30,00:00:00,17,10,7,FMN GV 03 Hove
46,Statielei 16,2020-08-30,01:00:00,8,2,6,FMN GV 03 Hove
46,Statielei 16,2020-08-30,02:00:00,4,1,3,FMN GV 03 Hove
46,Statielei 16,2020-08-30,03:00:00,2,0,2,FMN GV 03 Hove
46,Statielei 16,2020-08-30,04:00:00,3,2,1,FMN GV 03 Hove
46,Statielei 16,2020-08-30,05:00:00,7,5,2,FMN GV 03 Hove
46,Statielei 16,2020-08-30,06:00:00,7,6,1,FMN GV 03 Hove
46,Statielei 16,2020-08-30,07:00:00,23,6,17,FMN GV 03 Hove
46,Statielei 16,2020-08-30,08:00:00,61,28,33,FMN GV 03 Hove
46,Statielei 16,2020-08-30,09:00:00,106,42,64,FMN GV 03 Hove
46,Statielei 16,2020-08-30,10:00:00,119,43,76,FMN GV 03 Hove
46,Statielei 16,2020-08-30,11:00:00,158,103,55,FMN GV 03 Hove
46,Statielei 16,2020-08-30,12:00:00,116,85,31,FMN GV 03 Hove
46,Statielei 16,2020-08-30,13:00:00,82,47,35,FMN GV 03 Hove
46,Statielei 16,2020-08-30,14:00:00,75,38,37,FMN GV 03 Hove
46,Statielei 16,2020-08-30,15:00:00,77,34,43,FMN GV 03 Hove
46,Statielei 16,2020-08-30,16:00:00,50,22,28,FMN GV 03 Hove
46,Statielei 16,2020-08-30,17:00:00,62,36,26,FMN GV 03 Hove
46,Statielei 16,2020-08-30,18:00:00,38,22,16,FMN GV 03 Hove
46,Statielei 16,2020-08-30,19:00:00,49,24,25,FMN GV 03 Hove
46,Statielei 16,2020-08-30,20:00:00,38,24,14,FMN GV 03 Hove
46,Statielei 16,2020-08-30,21:00:00,16,10,6,FMN GV 03 Hove
46,Statielei 16,2020-08-30,22:00:00,20,14,6,FMN GV 03 Hove
46,Statielei 16,2020-08-30,23:00:00,7,4,3,FMN GV 03 Hove
46,Statielei 16,2020-08-31,00:00:00,10,6,4,FMN GV 03 Hove
46,Statielei 16,2020-08-31,01:00:00,5,1,4,FMN GV 03 Hove
46,Statielei 16,2020-08-31,02:00:00,3,0,3,FMN GV 03 Hove
46,Statielei 16,2020-08-31,03:00:00,0,0,0,FMN GV 03 Hove
46,Statielei 16,2020-08-31,04:00:00,9,7,2,FMN GV 03 Hove
46,Statielei 16,2020-08-31,05:00:00,32,22,10,FMN GV 03 Hove
46,Statielei 16,2020-08-31,06:00:00,76,55,21,FMN GV 03 Hove
46,Statielei 16,2020-08-31,07:00:00,167,130,37,FMN GV 03 Hove
46,Statielei 16,2020-08-31,08:00:00,178,127,51,FMN GV 03 Hove
46,Statielei 16,2020-08-31,09:00:00,93,62,31,FMN GV 03 Hove
46,Statielei 16,2020-08-31,10:00:00,64,47,17,FMN GV 03 Hove
46,Statielei 16,2020-08-31,11:00:00,71,43,28,FMN GV 03 Hove
46,Statielei 16,2020-08-31,12:00:00,99,49,50,FMN GV 03 Hove
46,Statielei 16,2020-08-31,13:00:00,138,78,60,FMN GV 03 Hove
46,Statielei 16,2020-08-31,14:00:00,153,77,76,FMN GV 03 Hove
46,Statielei 16,2020-08-31,15:00:00,152,67,85,FMN GV 03 Hove
46,Statielei 16,2020-08-31,16:00:00,229,106,123,FMN GV 03 Hove
46,Statielei 16,2020-08-31,17:00:00,244,95,149,FMN GV 03 Hove
46,Statielei 16,2020-08-31,18:00:00,181,78,103,FMN GV 03 Hove
46,Statielei 16,2020-08-31,19:00:00,105,52,53,FMN GV 03 Hove
46,Statielei 16,2020-08-31,20:00:00,68,44,24,FMN GV 03 Hove
46,Statielei 16,2020-08-31,21:00:00,41,21,20,FMN GV 03 Hove
46,Statielei 16,2020-08-31,22:00:00,30,14,16,FMN GV 03 Hove
46,Statielei 16,2020-08-31,23:00:00,15,8,7,FMN GV 03 Hove
46,Statielei 16,2020-09-01,00:00:00,12,4,8,FMN GV 03 Hove
46,Statielei 16,2020-09-01,01:00:00,1,0,1,FMN GV 03 Hove
46,Statielei 16,2020-09-01,02:00:00,1,0,1,FMN GV 03 Hove
46,Statielei 16,2020-09-01,03:00:00,0,0,0,FMN GV 03 Hove
46,Statielei 16,2020-09-01,04:00:00,7,5,2,FMN GV 03 Hove
46,Statielei 16,2020-09-01,05:00:00,29,17,12,FMN GV 03 Hove
46,Statielei 16,2020-09-01,06:00:00,85,64,21,FMN GV 03 Hove
46,Statielei 16,2020-09-01,07:00:00,276,211,65,FMN GV 03 Hove
46,Statielei 16,2020-09-01,08:00:00,261,194,67,FMN GV 03 Hove
46,Statielei 16,2020-09-01,09:00:00,156,104,52,FMN GV 03 Hove
46,Statielei 16,2020-09-01,10:00:00,105,57,48,FMN GV 03 Hove
46,Statielei 16,2020-09-01,11:00:00,103,60,43,FMN GV 03 Hove
46,Statielei 16,2020-09-01,12:00:00,140,60,80,FMN GV 03 Hove
46,Statielei 16,2020-09-01,13:00:00,138,79,59,FMN GV 03 Hove
46,Statielei 16,2020-09-01,14:00:00,153,81,72,FMN GV 03 Hove
46,Statielei 16,2020-09-01,15:00:00,214,91,123,FMN GV 03 Hove
46,Statielei 16,2020-09-01,16:00:00,254,83,171,FMN GV 03 Hove
46,Statielei 16,2020-09-01,17:00:00,265,80,185,FMN GV 03 Hove
46,Statielei 16,2020-09-01,18:00:00,235,100,135,FMN GV 03 Hove
46,Statielei 16,2020-09-01,19:00:00,105,47,58,FMN GV 03 Hove
46,Statielei 16,2020-09-01,20:00:00,102,73,29,FMN GV 03 Hove
46,Statielei 16,2020-09-01,21:00:00,42,29,13,FMN GV 03 Hove
46,Statielei 16,2020-09-01,22:00:00,34,23,11,FMN GV 03 Hove
46,Statielei 16,2020-09-01,23:00:00,8,5,3,FMN GV 03 Hove
46,Statielei 16,2020-09-02,00:00:00,4,2,2,FMN GV 03 Hove
46,Statielei 16,2020-09-02,01:00:00,1,1,0,FMN GV 03 Hove
46,Statielei 16,2020-09-02,02:00:00,3,1,2,FMN GV 03 Hove
46,Statielei 16,2020-09-02,03:00:00,1,0,1,FMN GV 03 Hove
46,Statielei 16,2020-09-02,04:00:00,6,2,4,FMN GV 03 Hove
46,Statielei 16,2020-09-02,05:00:00,28,19,9,FMN GV 03 Hove
46,Statielei 16,2020-09-02,06:00:00,96,69,27,FMN GV 03 Hove
46,Statielei 16,2020-09-02,07:00:00,294,226,68,FMN GV 03 Hove
46,Statielei 16,2020-09-02,08:00:00,282,214,68,FMN GV 03 Hove
46,Statielei 16,2020-09-02,09:00:00,144,87,57,FMN GV 03 Hove
46,Statielei 16,2020-09-02,10:00:00,149,94,55,FMN GV 03 Hove
46,Statielei 16,2020-09-02,11:00:00,154,77,77,FMN GV 03 Hove
46,Statielei 16,2020-09-02,12:00:00,234,96,138,FMN GV 03 Hove
46,Statielei 16,2020-09-02,13:00:00,234,88,146,FMN GV 03 Hove
46,Statielei 16,2020-09-02,14:00:00,158,81,77,FMN GV 03 Hove
46,Statielei 16,2020-09-02,15:00:00,193,90,103,FMN GV 03 Hove
46,Statielei 16,2020-09-02,16:00:00,257,108,149,FMN GV 03 Hove
46,Statielei 16,2020-09-02,17:00:00,242,91,151,FMN GV 03 Hove
46,Statielei 16,2020-09-02,18:00:00,210,84,126,FMN GV 03 Hove
46,Statielei 16,2020-09-02,19:00:00,138,73,65,FMN GV 03 Hove
46,Statielei 16,2020-09-02,20:00:00,116,83,33,FMN GV 03 Hove
46,Statielei 16,2020-09-02,21:00:00,43,25,18,FMN GV 03 Hove
46,Statielei 16,2020-09-02,22:00:00,33,18,15,FMN GV 03 Hove
46,Statielei 16,2020-09-02,23:00:00,10,6,4,FMN GV 03 Hove
46,Statielei 16,2020-09-03,00:00:00,7,2,5,FMN GV 03 Hove
46,Statielei 16,2020-09-03,01:00:00,11,4,7,FMN GV 03 Hove
46,Statielei 16,2020-09-03,02:00:00,3,1,2,FMN GV 03 Hove
46,Statielei 16,2020-09-03,03:00:00,2,0,2,FMN GV 03 Hove
46,Statielei 16,2020-09-03,04:00:00,13,6,7,FMN GV 03 Hove
46,Statielei 16,2020-09-03,05:00:00,20,13,7,FMN GV 03 Hove
46,Statielei 16,2020-09-03,06:00:00,63,47,16,FMN GV 03 Hove
46,Statielei 16,2020-09-03,07:00:00,251,191,60,FMN GV 03 Hove
46,Statielei 16,2020-09-03,08:00:00,238,184,54,FMN GV 03 Hove
46,Statielei 16,2020-09-03,09:00:00,72,49,23,FMN GV 03 Hove
46,Statielei 16,2020-09-03,10:00:00,45,30,15,FMN GV 03 Hove
46,Statielei 16,2020-09-03,11:00:00,42,25,17,FMN GV 03 Hove
46,Statielei 16,2020-09-03,12:00:00,68,29,39,FMN GV 03 Hove
46,Statielei 16,2020-09-03,13:00:00,95,48,47,FMN GV 03 Hove
46,Statielei 16,2020-09-03,14:00:00,78,42,36,FMN GV 03 Hove
46,Statielei 16,2020-09-03,15:00:00,163,66,97,FMN GV 03 Hove
46,Statielei 16,2020-09-03,16:00:00,224,73,151,FMN GV 03 Hove
46,Statielei 16,2020-09-03,17:00:00,215,93,122,FMN GV 03 Hove
46,Statielei 16,2020-09-03,18:00:00,160,58,102,FMN GV 03 Hove
46,Statielei 16,2020-09-03,19:00:00,109,56,53,FMN GV 03 Hove
46,Statielei 16,2020-09-03,20:00:00,73,39,34,FMN GV 03 Hove
46,Statielei 16,2020-09-03,21:00:00,49,28,21,FMN GV 03 Hove
46,Statielei 16,2020-09-03,22:00:00,34,21,13,FMN GV 03 Hove
46,Statielei 16,2020-09-03,23:00:00,16,6,10,FMN GV 03 Hove
46,Statielei 16,2020-09-04,00:00:00,10,4,6,FMN GV 03 Hove
46,Statielei 16,2020-09-04,01:00:00,4,0,4,FMN GV 03 Hove
46,Statielei 16,2020-09-04,02:00:00,1,1,0,FMN GV 03 Hove
46,Statielei 16,2020-09-04,03:00:00,1,0,1,FMN GV 03 Hove
46,Statielei 16,2020-09-04,04:00:00,6,3,3,FMN GV 03 Hove
46,Statielei 16,2020-09-04,05:00:00,20,15,5,FMN GV 03 Hove
46,Statielei 16,2020-09-04,06:00:00,56,40,16,FMN GV 03 Hove
46,Statielei 16,2020-09-04,07:00:00,237,179,58,FMN GV 03 Hove
46,Statielei 16,2020-09-04,08:00:00,235,167,68,FMN GV 03 Hove
46,Statielei 16,2020-09-04,09:00:00,92,61,31,FMN GV 03 Hove
46,Statielei 16,2020-09-04,10:00:00,63,38,25,FMN GV 03 Hove
46,Statielei 16,2020-09-04,11:00:00,85,47,38,FMN GV 03 Hove
46,Statielei 16,2020-09-04,12:00:00,104,65,39,FMN GV 03 Hove
46,Statielei 16,2020-09-04,13:00:00,142,70,72,FMN GV 03 Hove
46,Statielei 16,2020-09-04,14:00:00,149,69,80,FMN GV 03 Hove
46,Statielei 16,2020-09-04,15:00:00,182,83,99,FMN GV 03 Hove
46,Statielei 16,2020-09-04,16:00:00,247,104,143,FMN GV 03 Hove
46,Statielei 16,2020-09-04,17:00:00,212,75,137,FMN GV 03 Hove
46,Statielei 16,2020-09-04,18:00:00,184,76,108,FMN GV 03 Hove
46,Statielei 16,2020-09-04,19:00:00,121,58,63,FMN GV 03 Hove
46,Statielei 16,2020-09-04,20:00:00,76,48,28,FMN GV 03 Hove
46,Statielei 16,2020-09-04,21:00:00,42,26,16,FMN GV 03 Hove
46,Statielei 16,2020-09-04,22:00:00,37,16,21,FMN GV 03 Hove
46,Statielei 16,2020-09-04,23:00:00,43,21,22,FMN GV 03 Hove
46,Statielei 16,2020-09-05,00:00:00,24,9,15,FMN GV 03 Hove
46,Statielei 16,2020-09-05,01:00:00,37,17,20,FMN GV 03 Hove
46,Statielei 16,2020-09-05,02:00:00,7,4,3,FMN GV 03 Hove
46,Statielei 16,2020-09-05,03:00:00,12,3,9,FMN GV 03 Hove
46,Statielei 16,2020-09-05,04:00:00,4,3,1,FMN GV 03 Hove
46,Statielei 16,2020-09-05,05:00:00,10,7,3,FMN GV 03 Hove
46,Statielei 16,2020-09-05,06:00:00,10,5,5,FMN GV 03 Hove
46,Statielei 16,2020-09-05,07:00:00,20,8,12,FMN GV 03 Hove
46,Statielei 16,2020-09-05,08:00:00,47,21,26,FMN GV 03 Hove
46,Statielei 16,2020-09-05,09:00:00,75,27,48,FMN GV 03 Hove
46,Statielei 16,2020-09-05,10:00:00,147,63,84,FMN GV 03 Hove
46,Statielei 16,2020-09-05,11:00:00,192,104,88,FMN GV 03 Hove
46,Statielei 16,2020-09-05,12:00:00,151,80,71,FMN GV 03 Hove
46,Statielei 16,2020-09-05,13:00:00,159,90,69,FMN GV 03 Hove
46,Statielei 16,2020-09-05,14:00:00,180,97,83,FMN GV 03 Hove
46,Statielei 16,2020-09-05,15:00:00,192,99,93,FMN GV 03 Hove
46,Statielei 16,2020-09-05,16:00:00,141,87,54,FMN GV 03 Hove
46,Statielei 16,2020-09-05,17:00:00,144,92,52,FMN GV 03 Hove
46,Statielei 16,2020-09-05,18:00:00,113,60,53,FMN GV 03 Hove
46,Statielei 16,2020-09-05,19:00:00,70,37,33,FMN GV 03 Hove
46,Statielei 16,2020-09-05,20:00:00,56,38,18,FMN GV 03 Hove
46,Statielei 16,2020-09-05,21:00:00,50,25,25,FMN GV 03 Hove
46,Statielei 16,2020-09-05,22:00:00,18,6,12,FMN GV 03 Hove
46,Statielei 16,2020-09-05,23:00:00,34,20,14,FMN GV 03 Hove
46,Statielei 16,2020-09-06,00:00:00,18,8,10,FMN GV 03 Hove
46,Statielei 16,2020-09-06,01:00:00,24,9,15,FMN GV 03 Hove
46,Statielei 16,2020-09-06,02:00:00,11,5,6,FMN GV 03 Hove
46,Statielei 16,2020-09-06,03:00:00,1,0,1,FMN GV 03 Hove
46,Statielei 16,2020-09-06,04:00:00,3,1,2,FMN GV 03 Hove
46,Statielei 16,2020-09-06,05:00:00,7,6,1,FMN GV 03 Hove
46,Statielei 16,2020-09-06,06:00:00,15,8,7,FMN GV 03 Hove
46,Statielei 16,2020-09-06,07:00:00,16,6,10,FMN GV 03 Hove
46,Statielei 16,2020-09-06,08:00:00,56,21,35,FMN GV 03 Hove
46,Statielei 16,2020-09-06,09:00:00,137,71,66,FMN GV 03 Hove
46,Statielei 16,2020-09-06,10:00:00,155,65,90,FMN GV 03 Hove
46,Statielei 16,2020-09-06,11:00:00,232,137,95,FMN GV 03 Hove
46,Statielei 16,2020-09-06,12:00:00,223,135,88,FMN GV 03 Hove
46,Statielei 16,2020-09-06,13:00:00,185,125,60,FMN GV 03 Hove
46,Statielei 16,2020-09-06,14:00:00,191,110,81,FMN GV 03 Hove
46,Statielei 16,2020-09-06,15:00:00,206,123,83,FMN GV 03 Hove
46,Statielei 16,2020-09-06,16:00:00,185,104,81,FMN GV 03 Hove
46,Statielei 16,2020-09-06,17:00:00,164,93,71,FMN GV 03 Hove
46,Statielei 16,2020-09-06,18:00:00,95,52,43,FMN GV 03 Hove
46,Statielei 16,2020-09-06,19:00:00,72,41,31,FMN GV 03 Hove
46,Statielei 16,2020-09-06,20:00:00,42,26,16,FMN GV 03 Hove
46,Statielei 16,2020-09-06,21:00:00,27,16,11,FMN GV 03 Hove
46,Statielei 16,2020-09-06,22:00:00,24,15,9,FMN GV 03 Hove
46,Statielei 16,2020-09-06,23:00:00,7,2,5,FMN GV 03 Hove
46,Statielei 16,2020-09-07,00:00:00,3,2,1,FMN GV 03 Hove
46,Statielei 16,2020-09-07,01:00:00,2,2,0,FMN GV 03 Hove
46,Statielei 16,2020-09-07,02:00:00,0,0,0,FMN GV 03 Hove
46,Statielei 16,2020-09-07,03:00:00,4,2,2,FMN GV 03 Hove
46,Statielei 16,2020-09-07,04:00:00,7,4,3,FMN GV 03 Hove
46,Statielei 16,2020-09-07,05:00:00,27,14,13,FMN GV 03 Hove
46,Statielei 16,2020-09-07,06:00:00,87,61,26,FMN GV 03 Hove
46,Statielei 16,2020-09-07,07:00:00,289,224,65,FMN GV 03 Hove
46,Statielei 16,2020-09-07,08:00:00,299,220,79,FMN GV 03 Hove
46,Statielei 16,2020-09-07,09:00:00,94,57,37,FMN GV 03 Hove
46,Statielei 16,2020-09-07,10:00:00,82,49,33,FMN GV 03 Hove
46,Statielei 16,2020-09-07,11:00:00,99,60,39,FMN GV 03 Hove
46,Statielei 16,2020-09-07,12:00:00,132,68,64,FMN GV 03 Hove
46,Statielei 16,2020-09-07,13:00:00,142,78,64,FMN GV 03 Hove
46,Statielei 16,2020-09-07,14:00:00,152,84,68,FMN GV 03 Hove
46,Statielei 16,2020-09-07,15:00:00,191,78,113,FMN GV 03 Hove
46,Statielei 16,2020-09-07,16:00:00,280,95,185,FMN GV 03 Hove
46,Statielei 16,2020-09-07,17:00:00,292,105,187,FMN GV 03 Hove
46,Statielei 16,2020-09-07,18:00:00,183,64,119,FMN GV 03 Hove
46,Statielei 16,2020-09-07,19:00:00,116,55,61,FMN GV 03 Hove
46,Statielei 16,2020-09-07,20:00:00,69,44,25,FMN GV 03 Hove
46,Statielei 16,2020-09-07,21:00:00,39,22,17,FMN GV 03 Hove
46,Statielei 16,2020-09-07,22:00:00,43,25,18,FMN GV 03 Hove
46,Statielei 16,2020-09-07,23:00:00,14,3,11,FMN GV 03 Hove
46,Statielei 16,2020-09-08,00:00:00,2,1,1,FMN GV 03 Hove
46,Statielei 16,2020-09-08,01:00:00,5,0,5,FMN GV 03 Hove
46,Statielei 16,2020-09-08,02:00:00,2,0,2,FMN GV 03 Hove
46,Statielei 16,2020-09-08,03:00:00,1,0,1,FMN GV 03 Hove
46,Statielei 16,2020-09-08,04:00:00,10,7,3,FMN GV 03 Hove
46,Statielei 16,2020-09-08,05:00:00,31,16,15,FMN GV 03 Hove
46,Statielei 16,2020-09-08,06:00:00,99,76,23,FMN GV 03 Hove
46,Statielei 16,2020-09-08,07:00:00,321,251,70,FMN GV 03 Hove
46,Statielei 16,2020-09-08,08:00:00,339,255,84,FMN GV 03 Hove
46,Statielei 16,2020-09-08,09:00:00,71,46,25,FMN GV 03 Hove
46,Statielei 16,2020-09-08,10:00:00,7,4,3,FMN GV 03 Hove
46,Statielei 16,2020-09-08,11:00:00,8,6,2,FMN GV 03 Hove
46,Statielei 16,2020-09-08,12:00:00,1,0,1,FMN GV 03 Hove
46,Statielei 16,2020-09-08,13:00:00,2,1,1,FMN GV 03 Hove
46,Statielei 16,2020-09-08,14:00:00,45,22,23,FMN GV 03 Hove
46,Statielei 16,2020-09-08,15:00:00,167,66,101,FMN GV 03 Hove
46,Statielei 16,2020-09-08,16:00:00,250,102,148,FMN GV 03 Hove
46,Statielei 16,2020-09-08,17:00:00,247,86,161,FMN GV 03 Hove
46,Statielei 16,2020-09-08,18:00:00,175,71,104,FMN GV 03 Hove
46,Statielei 16,2020-09-08,19:00:00,91,47,44,FMN GV 03 Hove
46,Statielei 16,2020-09-08,20:00:00,90,65,25,FMN GV 03 Hove
46,Statielei 16,2020-09-08,21:00:00,46,28,18,FMN GV 03 Hove
46,Statielei 16,2020-09-08,22:00:00,35,20,15,FMN GV 03 Hove
46,Statielei 16,2020-09-08,23:00:00,15,7,8,FMN GV 03 Hove
46,Statielei 16,2020-09-09,00:00:00,4,1,3,FMN GV 03 Hove
46,Statielei 16,2020-09-09,01:00:00,5,2,3,FMN GV 03 Hove
46,Statielei 16,2020-09-09,02:00:00,1,0,1,FMN GV 03 Hove
46,Statielei 16,2020-09-09,03:00:00,0,0,0,FMN GV 03 Hove
46,Statielei 16,2020-09-09,04:00:00,10,6,4,FMN GV 03 Hove
46,Statielei 16,2020-09-09,05:00:00,23,13,10,FMN GV 03 Hove
46,Statielei 16,2020-09-09,06:00:00,94,68,26,FMN GV 03 Hove
46,Statielei 16,2020-09-09,07:00:00,251,199,52,FMN GV 03 Hove
46,Statielei 16,2020-09-09,08:00:00,265,195,70,FMN GV 03 Hove
46,Statielei 16,2020-09-09,09:00:00,95,71,24,FMN GV 03 Hove
46,Statielei 16,2020-09-09,10:00:00,112,65,47,FMN GV 03 Hove
46,Statielei 16,2020-09-09,11:00:00,92,48,44,FMN GV 03 Hove
46,Statielei 16,2020-09-09,12:00:00,188,71,117,FMN GV 03 Hove
46,Statielei 16,2020-09-09,13:00:00,163,82,81,FMN GV 03 Hove
46,Statielei 16,2020-09-09,14:00:00,138,64,74,FMN GV 03 Hove
46,Statielei 16,2020-09-09,15:00:00,177,73,104,FMN GV 03 Hove
46,Statielei 16,2020-09-09,16:00:00,179,61,118,FMN GV 03 Hove
46,Statielei 16,2020-09-09,17:00:00,251,114,137,FMN GV 03 Hove
46,Statielei 16,2020-09-09,18:00:00,184,76,108,FMN GV 03 Hove
46,Statielei 16,2020-09-09,19:00:00,121,66,55,FMN GV 03 Hove
46,Statielei 16,2020-09-09,20:00:00,82,55,27,FMN GV 03 Hove
46,Statielei 16,2020-09-09,21:00:00,44,33,11,FMN GV 03 Hove
46,Statielei 16,2020-09-09,22:00:00,40,18,22,FMN GV 03 Hove
46,Statielei 16,2020-09-09,23:00:00,13,5,8,FMN GV 03 Hove
46,Statielei 16,2020-09-10,00:00:00,4,2,2,FMN GV 03 Hove
46,Statielei 16,2020-09-10,01:00:00,0,0,0,FMN GV 03 Hove
46,Statielei 16,2020-09-10,02:00:00,1,0,1,FMN GV 03 Hove
46,Statielei 16,2020-09-10,03:00:00,2,0,2,FMN GV 03 Hove
46,Statielei 16,2020-09-10,04:00:00,12,8,4,FMN GV 03 Hove
46,Statielei 16,2020-09-10,05:00:00,18,11,7,FMN GV 03 Hove
46,Statielei 16,2020-09-10,06:00:00,106,78,28,FMN GV 03 Hove
46,Statielei 16,2020-09-10,07:00:00,286,219,67,FMN GV 03 Hove
46,Statielei 16,2020-09-10,08:00:00,296,230,66,FMN GV 03 Hove
46,Statielei 16,2020-09-10,09:00:00,112,79,33,FMN GV 03 Hove
46,Statielei 16,2020-09-10,10:00:00,85,55,30,FMN GV 03 Hove
46,Statielei 16,2020-09-10,11:00:00,108,62,46,FMN GV 03 Hove
46,Statielei 16,2020-09-10,12:00:00,140,73,67,FMN GV 03 Hove
46,Statielei 16,2020-09-10,13:00:00,134,73,61,FMN GV 03 Hove
46,Statielei 16,2020-09-10,14:00:00,135,70,65,FMN GV 03 Hove
46,Statielei 16,2020-09-10,15:00:00,210,110,100,FMN GV 03 Hove
46,Statielei 16,2020-09-10,16:00:00,278,105,173,FMN GV 03 Hove
46,Statielei 16,2020-09-10,17:00:00,278,110,168,FMN GV 03 Hove
46,Statielei 16,2020-09-10,18:00:00,273,100,173,FMN GV 03 Hove
46,Statielei 16,2020-09-10,19:00:00,149,76,73,FMN GV 03 Hove
46,Statielei 16,2020-09-10,20:00:00,112,68,44,FMN GV 03 Hove
46,Statielei 16,2020-09-10,21:00:00,54,29,25,FMN GV 03 Hove
46,Statielei 16,2020-09-10,22:00:00,50,25,25,FMN GV 03 Hove
46,Statielei 16,2020-09-10,23:00:00,17,10,7,FMN GV 03 Hove
46,Statielei 16,2020-09-11,00:00:00,9,8,1,FMN GV 03 Hove
46,Statielei 16,2020-09-11,01:00:00,8,1,7,FMN GV 03 Hove
46,Statielei 16,2020-09-11,02:00:00,2,2,0,FMN GV 03 Hove
46,Statielei 16,2020-09-11,03:00:00,5,1,4,FMN GV 03 Hove
46,Statielei 16,2020-09-11,04:00:00,8,4,4,FMN GV 03 Hove
46,Statielei 16,2020-09-11,05:00:00,28,19,9,FMN GV 03 Hove
46,Statielei 16,2020-09-11,06:00:00,76,56,20,FMN GV 03 Hove
46,Statielei 16,2020-09-11,07:00:00,252,201,51,FMN GV 03 Hove
46,Statielei 16,2020-09-11,08:00:00,261,190,71,FMN GV 03 Hove
46,Statielei 16,2020-09-11,09:00:00,104,67,37,FMN GV 03 Hove
46,Statielei 16,2020-09-11,10:00:00,96,57,39,FMN GV 03 Hove
46,Statielei 16,2020-09-11,11:00:00,124,73,51,FMN GV 03 Hove
46,Statielei 16,2020-09-11,12:00:00,161,73,88,FMN GV 03 Hove
46,Statielei 16,2020-09-11,13:00:00,154,74,80,FMN GV 03 Hove
46,Statielei 16,2020-09-11,14:00:00,160,80,80,FMN GV 03 Hove
46,Statielei 16,2020-09-11,15:00:00,243,116,127,FMN GV 03 Hove
46,Statielei 16,2020-09-11,16:00:00,277,102,175,FMN GV 03 Hove
46,Statielei 16,2020-09-11,17:00:00,241,108,133,FMN GV 03 Hove
46,Statielei 16,2020-09-11,18:00:00,163,73,90,FMN GV 03 Hove
46,Statielei 16,2020-09-11,19:00:00,120,72,48,FMN GV 03 Hove
46,Statielei 16,2020-09-11,20:00:00,76,50,26,FMN GV 03 Hove
46,Statielei 16,2020-09-11,21:00:00,46,31,15,FMN GV 03 Hove
46,Statielei 16,2020-09-11,22:00:00,24,10,14,FMN GV 03 Hove
46,Statielei 16,2020-09-11,23:00:00,27,12,15,FMN GV 03 Hove
46,Statielei 16,2020-09-12,00:00:00,18,3,15,FMN GV 03 Hove
46,Statielei 16,2020-09-12,01:00:00,21,5,16,FMN GV 03 Hove
46,Statielei 16,2020-09-12,02:00:00,8,2,6,FMN GV 03 Hove
46,Statielei 16,2020-09-12,03:00:00,2,0,2,FMN GV 03 Hove
46,Statielei 16,2020-09-12,04:00:00,10,4,6,FMN GV 03 Hove
46,Statielei 16,2020-09-12,05:00:00,11,6,5,FMN GV 03 Hove
46,Statielei 16,2020-09-12,06:00:00,17,11,6,FMN GV 03 Hove
46,Statielei 16,2020-09-12,07:00:00,28,13,15,FMN GV 03 Hove
46,Statielei 16,2020-09-12,08:00:00,43,26,17,FMN GV 03 Hove
46,Statielei 16,2020-09-12,09:00:00,89,50,39,FMN GV 03 Hove
46,Statielei 16,2020-09-12,10:00:00,115,68,47,FMN GV 03 Hove
46,Statielei 16,2020-09-12,11:00:00,172,88,84,FMN GV 03 Hove
46,Statielei 16,2020-09-12,12:00:00,149,85,64,FMN GV 03 Hove
46,Statielei 16,2020-09-12,13:00:00,191,121,70,FMN GV 03 Hove
46,Statielei 16,2020-09-12,14:00:00,192,95,97,FMN GV 03 Hove
46,Statielei 16,2020-09-12,15:00:00,205,119,86,FMN GV 03 Hove
46,Statielei 16,2020-09-12,16:00:00,158,83,75,FMN GV 03 Hove
46,Statielei 16,2020-09-12,17:00:00,138,82,56,FMN GV 03 Hove
46,Statielei 16,2020-09-12,18:00:00,120,72,48,FMN GV 03 Hove
46,Statielei 16,2020-09-12,19:00:00,73,35,38,FMN GV 03 Hove
46,Statielei 16,2020-09-12,20:00:00,62,40,22,FMN GV 03 Hove
46,Statielei 16,2020-09-12,21:00:00,37,23,14,FMN GV 03 Hove
46,Statielei 16,2020-09-12,22:00:00,41,24,17,FMN GV 03 Hove
46,Statielei 16,2020-09-12,23:00:00,28,16,12,FMN GV 03 Hove
46,Statielei 16,2020-09-13,00:00:00,14,6,8,FMN GV 03 Hove
46,Statielei 16,2020-09-13,01:00:00,19,4,15,FMN GV 03 Hove
46,Statielei 16,2020-09-13,02:00:00,6,3,3,FMN GV 03 Hove
46,Statielei 16,2020-09-13,03:00:00,3,1,2,FMN GV 03 Hove
46,Statielei 16,2020-09-13,04:00:00,5,3,2,FMN GV 03 Hove
46,Statielei 16,2020-09-13,05:00:00,6,6,0,FMN GV 03 Hove
46,Statielei 16,2020-09-13,06:00:00,8,6,2,FMN GV 03 Hove
46,Statielei 16,2020-09-13,07:00:00,26,4,22,FMN GV 03 Hove
46,Statielei 16,2020-09-13,08:00:00,59,17,42,FMN GV 03 Hove
46,Statielei 16,2020-09-13,09:00:00,122,63,59,FMN GV 03 Hove
46,Statielei 16,2020-09-13,10:00:00,162,86,76,FMN GV 03 Hove
46,Statielei 16,2020-09-13,11:00:00,231,118,113,FMN GV 03 Hove
46,Statielei 16,2020-09-13,12:00:00,220,125,95,FMN GV 03 Hove
46,Statielei 16,2020-09-13,13:00:00,263,145,118,FMN GV 03 Hove
46,Statielei 16,2020-09-13,14:00:00,300,177,123,FMN GV 03 Hove
46,Statielei 16,2020-09-13,15:00:00,204,114,90,FMN GV 03 Hove
46,Statielei 16,2020-09-13,16:00:00,205,113,92,FMN GV 03 Hove
46,Statielei 16,2020-09-13,17:00:00,194,115,79,FMN GV 03 Hove
46,Statielei 16,2020-09-13,18:00:00,161,95,66,FMN GV 03 Hove
46,Statielei 16,2020-09-13,19:00:00,92,53,39,FMN GV 03 Hove
46,Statielei 16,2020-09-13,20:00:00,73,52,21,FMN GV 03 Hove
46,Statielei 16,2020-09-13,21:00:00,29,16,13,FMN GV 03 Hove
46,Statielei 16,2020-09-13,22:00:00,29,13,16,FMN GV 03 Hove
46,Statielei 16,2020-09-13,23:00:00,20,7,13,FMN GV 03 Hove
46,Statielei 16,2020-09-14,00:00:00,1,0,1,FMN GV 03 Hove
46,Statielei 16,2020-09-14,01:00:00,3,0,3,FMN GV 03 Hove
46,Statielei 16,2020-09-14,02:00:00,1,0,1,FMN GV 03 Hove
46,Statielei 16,2020-09-14,03:00:00,3,1,2,FMN GV 03 Hove
46,Statielei 16,2020-09-14,04:00:00,8,5,3,FMN GV 03 Hove
46,Statielei 16,2020-09-14,05:00:00,25,13,12,FMN GV 03 Hove
46,Statielei 16,2020-09-14,06:00:00,85,58,27,FMN GV 03 Hove
46,Statielei 16,2020-09-14,07:00:00,298,241,57,FMN GV 03 Hove
46,Statielei 16,2020-09-14,08:00:00,293,226,67,FMN GV 03 Hove
46,Statielei 16,2020-09-14,09:00:00,122,86,36,FMN GV 03 Hove
46,Statielei 16,2020-09-14,10:00:00,84,54,30,FMN GV 03 Hove
46,Statielei 16,2020-09-14,11:00:00,94,55,39,FMN GV 03 Hove
46,Statielei 16,2020-09-14,12:00:00,144,76,68,FMN GV 03 Hove
46,Statielei 16,2020-09-14,13:00:00,142,83,59,FMN GV 03 Hove
46,Statielei 16,2020-09-14,14:00:00,151,81,70,FMN GV 03 Hove
46,Statielei 16,2020-09-14,15:00:00,193,81,112,FMN GV 03 Hove
46,Statielei 16,2020-09-14,16:00:00,294,112,182,FMN GV 03 Hove
46,Statielei 16,2020-09-14,17:00:00,301,108,193,FMN GV 03 Hove
46,Statielei 16,2020-09-14,18:00:00,198,86,112,FMN GV 03 Hove
46,Statielei 16,2020-09-14,19:00:00,129,61,68,FMN GV 03 Hove
46,Statielei 16,2020-09-14,20:00:00,78,50,28,FMN GV 03 Hove
46,Statielei 16,2020-09-14,21:00:00,50,30,20,FMN GV 03 Hove
46,Statielei 16,2020-09-14,22:00:00,43,17,26,FMN GV 03 Hove
46,Statielei 16,2020-09-14,23:00:00,16,7,9,FMN GV 03 Hove
46,Statielei 16,2020-09-15,00:00:00,4,0,4,FMN GV 03 Hove
46,Statielei 16,2020-09-15,01:00:00,4,1,3,FMN GV 03 Hove
46,Statielei 16,2020-09-15,02:00:00,1,0,1,FMN GV 03 Hove
46,Statielei 16,2020-09-15,03:00:00,1,0,1,FMN GV 03 Hove
46,Statielei 16,2020-09-15,04:00:00,9,3,6,FMN GV 03 Hove
46,Statielei 16,2020-09-15,05:00:00,37,21,16,FMN GV 03 Hove
46,Statielei 16,2020-09-15,06:00:00,97,71,26,FMN GV 03 Hove
46,Statielei 16,2020-09-15,07:00:00,350,276,74,FMN GV 03 Hove
46,Statielei 16,2020-09-15,08:00:00,354,267,87,FMN GV 03 Hove
46,Statielei 16,2020-09-15,09:00:00,131,90,41,FMN GV 03 Hove
46,Statielei 16,2020-09-15,10:00:00,103,71,32,FMN GV 03 Hove
46,Statielei 16,2020-09-15,11:00:00,147,77,70,FMN GV 03 Hove
46,Statielei 16,2020-09-15,12:00:00,128,59,69,FMN GV 03 Hove
46,Statielei 16,2020-09-15,13:00:00,162,88,74,FMN GV 03 Hove
46,Statielei 16,2020-09-15,14:00:00,129,69,60,FMN GV 03 Hove
46,Statielei 16,2020-09-15,15:00:00,180,77,103,FMN GV 03 Hove
46,Statielei 16,2020-09-15,16:00:00,314,120,194,FMN GV 03 Hove
46,Statielei 16,2020-09-15,17:00:00,350,118,232,FMN GV 03 Hove
46,Statielei 16,2020-09-15,18:00:00,259,94,165,FMN GV 03 Hove
46,Statielei 16,2020-09-15,19:00:00,151,82,69,FMN GV 03 Hove
46,Statielei 16,2020-09-15,20:00:00,109,66,43,FMN GV 03 Hove
46,Statielei 16,2020-09-15,21:00:00,61,32,29,FMN GV 03 Hove
46,Statielei 16,2020-09-15,22:00:00,71,35,36,FMN GV 03 Hove
46,Statielei 16,2020-09-15,23:00:00,26,10,16,FMN GV 03 Hove
46,Statielei 16,2020-09-16,00:00:00,9,5,4,FMN GV 03 Hove
46,Statielei 16,2020-09-16,01:00:00,6,0,6,FMN GV 03 Hove
46,Statielei 16,2020-09-16,02:00:00,1,0,1,FMN GV 03 Hove
46,Statielei 16,2020-09-16,03:00:00,1,0,1,FMN GV 03 Hove
46,Statielei 16,2020-09-16,04:00:00,10,7,3,FMN GV 03 Hove
46,Statielei 16,2020-09-16,05:00:00,30,13,17,FMN GV 03 Hove
46,Statielei 16,2020-09-16,06:00:00,97,71,26,FMN GV 03 Hove
46,Statielei 16,2020-09-16,07:00:00,303,239,64,FMN GV 03 Hove
46,Statielei 16,2020-09-16,08:00:00,306,220,86,FMN GV 03 Hove
46,Statielei 16,2020-09-16,09:00:00,127,77,50,FMN GV 03 Hove
46,Statielei 16,2020-09-16,10:00:00,123,66,57,FMN GV 03 Hove
46,Statielei 16,2020-09-16,11:00:00,133,64,69,FMN GV 03 Hove
46,Statielei 16,2020-09-16,12:00:00,226,105,121,FMN GV 03 Hove
46,Statielei 16,2020-09-16,13:00:00,176,75,101,FMN GV 03 Hove
46,Statielei 16,2020-09-16,14:00:00,168,91,77,FMN GV 03 Hove
46,Statielei 16,2020-09-16,15:00:00,167,91,76,FMN GV 03 Hove
46,Statielei 16,2020-09-16,16:00:00,227,92,135,FMN GV 03 Hove
46,Statielei 16,2020-09-16,17:00:00,280,106,174,FMN GV 03 Hove
46,Statielei 16,2020-09-16,18:00:00,241,105,136,FMN GV 03 Hove
46,Statielei 16,2020-09-16,19:00:00,167,93,74,FMN GV 03 Hove
46,Statielei 16,2020-09-16,20:00:00,80,46,34,FMN GV 03 Hove
46,Statielei 16,2020-09-16,21:00:00,57,28,29,FMN GV 03 Hove
46,Statielei 16,2020-09-16,22:00:00,52,28,24,FMN GV 03 Hove
46,Statielei 16,2020-09-16,23:00:00,22,7,15,FMN GV 03 Hove
46,Statielei 16,2020-09-17,00:00:00,14,6,8,FMN GV 03 Hove
46,Statielei 16,2020-09-17,01:00:00,5,2,3,FMN GV 03 Hove
46,Statielei 16,2020-09-17,02:00:00,3,2,1,FMN GV 03 Hove
46,Statielei 16,2020-09-17,03:00:00,7,1,6,FMN GV 03 Hove
46,Statielei 16,2020-09-17,04:00:00,12,8,4,FMN GV 03 Hove
46,Statielei 16,2020-09-17,05:00:00,28,17,11,FMN GV 03 Hove
46,Statielei 16,2020-09-17,06:00:00,87,62,25,FMN GV 03 Hove
46,Statielei 16,2020-09-17,07:00:00,318,243,75,FMN GV 03 Hove
46,Statielei 16,2020-09-17,08:00:00,302,220,82,FMN GV 03 Hove
46,Statielei 16,2020-09-17,09:00:00,121,85,36,FMN GV 03 Hove
46,Statielei 16,2020-09-17,10:00:00,96,61,35,FMN GV 03 Hove
46,Statielei 16,2020-09-17,11:00:00,118,69,49,FMN GV 03 Hove
46,Statielei 16,2020-09-17,12:00:00,141,78,63,FMN GV 03 Hove
46,Statielei 16,2020-09-17,13:00:00,139,85,54,FMN GV 03 Hove
46,Statielei 16,2020-09-17,14:00:00,116,72,44,FMN GV 03 Hove
46,Statielei 16,2020-09-17,15:00:00,189,79,110,FMN GV 03 Hove
46,Statielei 16,2020-09-17,16:00:00,295,109,186,FMN GV 03 Hove
46,Statielei 16,2020-09-17,17:00:00,284,100,184,FMN GV 03 Hove
46,Statielei 16,2020-09-17,18:00:00,238,99,139,FMN GV 03 Hove
46,Statielei 16,2020-09-17,19:00:00,123,67,56,FMN GV 03 Hove
46,Statielei 16,2020-09-17,20:00:00,93,57,36,FMN GV 03 Hove
46,Statielei 16,2020-09-17,21:00:00,47,27,20,FMN GV 03 Hove
46,Statielei 16,2020-09-17,22:00:00,52,27,25,FMN GV 03 Hove
46,Statielei 16,2020-09-17,23:00:00,18,8,10,FMN GV 03 Hove
46,Statielei 16,2020-09-18,00:00:00,12,5,7,FMN GV 03 Hove
46,Statielei 16,2020-09-18,01:00:00,8,3,5,FMN GV 03 Hove
46,Statielei 16,2020-09-18,02:00:00,1,1,0,FMN GV 03 Hove
46,Statielei 16,2020-09-18,03:00:00,2,0,2,FMN GV 03 Hove
46,Statielei 16,2020-09-18,04:00:00,10,7,3,FMN GV 03 Hove
46,Statielei 16,2020-09-18,05:00:00,22,15,7,FMN GV 03 Hove
46,Statielei 16,2020-09-18,06:00:00,71,52,19,FMN GV 03 Hove
46,Statielei 16,2020-09-18,07:00:00,282,214,68,FMN GV 03 Hove
46,Statielei 16,2020-09-18,08:00:00,258,194,64,FMN GV 03 Hove
46,Statielei 16,2020-09-18,09:00:00,148,72,76,FMN GV 03 Hove
46,Statielei 16,2020-09-18,10:00:00,79,40,39,FMN GV 03 Hove
46,Statielei 16,2020-09-18,11:00:00,99,60,39,FMN GV 03 Hove
46,Statielei 16,2020-09-18,12:00:00,147,74,73,FMN GV 03 Hove
46,Statielei 16,2020-09-18,13:00:00,138,73,65,FMN GV 03 Hove
46,Statielei 16,2020-09-18,14:00:00,165,80,85,FMN GV 03 Hove
46,Statielei 16,2020-09-18,15:00:00,215,108,107,FMN GV 03 Hove
46,Statielei 16,2020-09-18,16:00:00,278,117,161,FMN GV 03 Hove
46,Statielei 16,2020-09-18,17:00:00,250,99,151,FMN GV 03 Hove
46,Statielei 16,2020-09-18,18:00:00,178,93,85,FMN GV 03 Hove
46,Statielei 16,2020-09-18,19:00:00,110,69,41,FMN GV 03 Hove
46,Statielei 16,2020-09-18,20:00:00,85,50,35,FMN GV 03 Hove
46,Statielei 16,2020-09-18,21:00:00,37,15,22,FMN GV 03 Hove
46,Statielei 16,2020-09-18,22:00:00,31,15,16,FMN GV 03 Hove
46,Statielei 16,2020-09-18,23:00:00,33,17,16,FMN GV 03 Hove
46,Statielei 16,2020-09-19,00:00:00,18,5,13,FMN GV 03 Hove
46,Statielei 16,2020-09-19,01:00:00,21,4,17,FMN GV 03 Hove
46,Statielei 16,2020-09-19,02:00:00,4,0,4,FMN GV 03 Hove
46,Statielei 16,2020-09-19,03:00:00,4,1,3,FMN GV 03 Hove
46,Statielei 16,2020-09-19,04:00:00,7,4,3,FMN GV 03 Hove
46,Statielei 16,2020-09-19,05:00:00,16,10,6,FMN GV 03 Hove
46,Statielei 16,2020-09-19,06:00:00,15,11,4,FMN GV 03 Hove
46,Statielei 16,2020-09-19,07:00:00,22,13,9,FMN GV 03 Hove
46,Statielei 16,2020-09-19,08:00:00,60,31,29,FMN GV 03 Hove
46,Statielei 16,2020-09-19,09:00:00,109,52,57,FMN GV 03 Hove
46,Statielei 16,2020-09-19,10:00:00,128,70,58,FMN GV 03 Hove
46,Statielei 16,2020-09-19,11:00:00,157,67,90,FMN GV 03 Hove
46,Statielei 16,2020-09-19,12:00:00,194,102,92,FMN GV 03 Hove
46,Statielei 16,2020-09-19,13:00:00,208,110,98,FMN GV 03 Hove
46,Statielei 16,2020-09-19,14:00:00,225,119,106,FMN GV 03 Hove
46,Statielei 16,2020-09-19,15:00:00,189,106,83,FMN GV 03 Hove
46,Statielei 16,2020-09-19,16:00:00,209,104,105,FMN GV 03 Hove
46,Statielei 16,2020-09-19,17:00:00,189,112,77,FMN GV 03 Hove
46,Statielei 16,2020-09-19,18:00:00,114,57,57,FMN GV 03 Hove
46,Statielei 16,2020-09-19,19:00:00,89,66,23,FMN GV 03 Hove
46,Statielei 16,2020-09-19,20:00:00,72,45,27,FMN GV 03 Hove
46,Statielei 16,2020-09-19,21:00:00,36,14,22,FMN GV 03 Hove
46,Statielei 16,2020-09-19,22:00:00,48,17,31,FMN GV 03 Hove
46,Statielei 16,2020-09-19,23:00:00,46,27,19,FMN GV 03 Hove
46,Statielei 16,2020-09-20,00:00:00,30,15,15,FMN GV 03 Hove
46,Statielei 16,2020-09-20,01:00:00,19,7,12,FMN GV 03 Hove
46,Statielei 16,2020-09-20,02:00:00,7,4,3,FMN GV 03 Hove
46,Statielei 16,2020-09-20,03:00:00,3,1,2,FMN GV 03 Hove
46,Statielei 16,2020-09-20,04:00:00,3,3,0,FMN GV 03 Hove
46,Statielei 16,2020-09-20,05:00:00,8,8,0,FMN GV 03 Hove
46,Statielei 16,2020-09-20,06:00:00,19,11,8,FMN GV 03 Hove
46,Statielei 16,2020-09-20,07:00:00,16,7,9,FMN GV 03 Hove
46,Statielei 16,2020-09-20,08:00:00,51,21,30,FMN GV 03 Hove
46,Statielei 16,2020-09-20,09:00:00,116,66,50,FMN GV 03 Hove
46,Statielei 16,2020-09-20,10:00:00,196,121,75,FMN GV 03 Hove
46,Statielei 16,2020-09-20,11:00:00,279,155,124,FMN GV 03 Hove
46,Statielei 16,2020-09-20,12:00:00,252,151,101,FMN GV 03 Hove
46,Statielei 16,2020-09-20,13:00:00,290,172,118,FMN GV 03 Hove
46,Statielei 16,2020-09-20,14:00:00,343,204,139,FMN GV 03 Hove
46,Statielei 16,2020-09-20,15:00:00,312,168,144,FMN GV 03 Hove
46,Statielei 16,2020-09-20,16:00:00,291,174,117,FMN GV 03 Hove
46,Statielei 16,2020-09-20,17:00:00,227,108,119,FMN GV 03 Hove
46,Statielei 16,2020-09-20,18:00:00,137,79,58,FMN GV 03 Hove
46,Statielei 16,2020-09-20,19:00:00,102,58,44,FMN GV 03 Hove
46,Statielei 16,2020-09-20,20:00:00,79,52,27,FMN GV 03 Hove
46,Statielei 16,2020-09-20,21:00:00,44,25,19,FMN GV 03 Hove
46,Statielei 16,2020-09-20,22:00:00,26,9,17,FMN GV 03 Hove
46,Statielei 16,2020-09-20,23:00:00,13,4,9,FMN GV 03 Hove
46,Statielei 16,2020-09-21,00:00:00,3,1,2,FMN GV 03 Hove
46,Statielei 16,2020-09-21,01:00:00,3,0,3,FMN GV 03 Hove
46,Statielei 16,2020-09-21,02:00:00,1,1,0,FMN GV 03 Hove
46,Statielei 16,2020-09-21,03:00:00,0,0,0,FMN GV 03 Hove
46,Statielei 16,2020-09-21,04:00:00,12,10,2,FMN GV 03 Hove
46,Statielei 16,2020-09-21,05:00:00,29,13,16,FMN GV 03 Hove
46,Statielei 16,2020-09-21,06:00:00,81,63,18,FMN GV 03 Hove
46,Statielei 16,2020-09-21,07:00:00,317,246,71,FMN GV 03 Hove
46,Statielei 16,2020-09-21,08:00:00,272,209,63,FMN GV 03 Hove
46,Statielei 16,2020-09-21,09:00:00,114,87,27,FMN GV 03 Hove
46,Statielei 16,2020-09-21,10:00:00,84,47,37,FMN GV 03 Hove
46,Statielei 16,2020-09-21,11:00:00,98,59,39,FMN GV 03 Hove
46,Statielei 16,2020-09-21,12:00:00,137,80,57,FMN GV 03 Hove
46,Statielei 16,2020-09-21,13:00:00,177,94,83,FMN GV 03 Hove
46,Statielei 16,2020-09-21,14:00:00,181,99,82,FMN GV 03 Hove
46,Statielei 16,2020-09-21,15:00:00,213,101,112,FMN GV 03 Hove
46,Statielei 16,2020-09-21,16:00:00,309,113,196,FMN GV 03 Hove
46,Statielei 16,2020-09-21,17:00:00,295,102,193,FMN GV 03 Hove
46,Statielei 16,2020-09-21,18:00:00,212,99,113,FMN GV 03 Hove
46,Statielei 16,2020-09-21,19:00:00,130,67,63,FMN GV 03 Hove
46,Statielei 16,2020-09-21,20:00:00,64,41,23,FMN GV 03 Hove
46,Statielei 16,2020-09-21,21:00:00,45,24,21,FMN GV 03 Hove
46,Statielei 16,2020-09-21,22:00:00,26,11,15,FMN GV 03 Hove
46,Statielei 16,2020-09-21,23:00:00,9,5,4,FMN GV 03 Hove
46,Statielei 16,2020-09-22,00:00:00,5,2,3,FMN GV 03 Hove
46,Statielei 16,2020-09-22,01:00:00,1,1,0,FMN GV 03 Hove
46,Statielei 16,2020-09-22,02:00:00,2,1,1,FMN GV 03 Hove
46,Statielei 16,2020-09-22,03:00:00,1,0,1,FMN GV 03 Hove
46,Statielei 16,2020-09-22,04:00:00,12,9,3,FMN GV 03 Hove
46,Statielei 16,2020-09-22,05:00:00,33,18,15,FMN GV 03 Hove
46,Statielei 16,2020-09-22,06:00:00,81,63,18,FMN GV 03 Hove
46,Statielei 16,2020-09-22,07:00:00,312,242,70,FMN GV 03 Hove
46,Statielei 16,2020-09-22,08:00:00,325,249,76,FMN GV 03 Hove
46,Statielei 16,2020-09-22,09:00:00,118,82,36,FMN GV 03 Hove
46,Statielei 16,2020-09-22,10:00:00,142,86,56,FMN GV 03 Hove
46,Statielei 16,2020-09-22,11:00:00,129,74,55,FMN GV 03 Hove
46,Statielei 16,2020-09-22,12:00:00,141,81,60,FMN GV 03 Hove
46,Statielei 16,2020-09-22,13:00:00,160,82,78,FMN GV 03 Hove
46,Statielei 16,2020-09-22,14:00:00,160,82,78,FMN GV 03 Hove
46,Statielei 16,2020-09-22,15:00:00,236,103,133,FMN GV 03 Hove
46,Statielei 16,2020-09-22,16:00:00,325,126,199,FMN GV 03 Hove
46,Statielei 16,2020-09-22,17:00:00,322,108,214,FMN GV 03 Hove
46,Statielei 16,2020-09-22,18:00:00,243,110,133,FMN GV 03 Hove
46,Statielei 16,2020-09-22,19:00:00,149,83,66,FMN GV 03 Hove
46,Statielei 16,2020-09-22,20:00:00,73,43,30,FMN GV 03 Hove
46,Statielei 16,2020-09-22,21:00:00,38,19,19,FMN GV 03 Hove
46,Statielei 16,2020-09-22,22:00:00,46,28,18,FMN GV 03 Hove
46,Statielei 16,2020-09-22,23:00:00,18,9,9,FMN GV 03 Hove
46,Statielei 16,2020-09-23,00:00:00,4,2,2,FMN GV 03 Hove
46,Statielei 16,2020-09-23,01:00:00,2,1,1,FMN GV 03 Hove
46,Statielei 16,2020-09-23,02:00:00,1,1,0,FMN GV 03 Hove
46,Statielei 16,2020-09-23,03:00:00,2,2,0,FMN GV 03 Hove
46,Statielei 16,2020-09-23,04:00:00,10,8,2,FMN GV 03 Hove
46,Statielei 16,2020-09-23,05:00:00,27,16,11,FMN GV 03 Hove
46,Statielei 16,2020-09-23,06:00:00,70,54,16,FMN GV 03 Hove
46,Statielei 16,2020-09-23,07:00:00,282,223,59,FMN GV 03 Hove
46,Statielei 16,2020-09-23,08:00:00,238,177,61,FMN GV 03 Hove
46,Statielei 16,2020-09-23,09:00:00,109,85,24,FMN GV 03 Hove
46,Statielei 16,2020-09-23,10:00:00,119,70,49,FMN GV 03 Hove
46,Statielei 16,2020-09-23,11:00:00,118,64,54,FMN GV 03 Hove
46,Statielei 16,2020-09-23,12:00:00,205,88,117,FMN GV 03 Hove
46,Statielei 16,2020-09-23,13:00:00,157,66,91,FMN GV 03 Hove
46,Statielei 16,2020-09-23,14:00:00,128,53,75,FMN GV 03 Hove
46,Statielei 16,2020-09-23,15:00:00,136,59,77,FMN GV 03 Hove
46,Statielei 16,2020-09-23,16:00:00,186,65,121,FMN GV 03 Hove
46,Statielei 16,2020-09-23,17:00:00,226,88,138,FMN GV 03 Hove
46,Statielei 16,2020-09-23,18:00:00,156,65,91,FMN GV 03 Hove
46,Statielei 16,2020-09-23,19:00:00,96,47,49,FMN GV 03 Hove
46,Statielei 16,2020-09-23,20:00:00,56,33,23,FMN GV 03 Hove
46,Statielei 16,2020-09-23,21:00:00,34,18,16,FMN GV 03 Hove
46,Statielei 16,2020-09-23,22:00:00,28,17,11,FMN GV 03 Hove
46,Statielei 16,2020-09-23,23:00:00,11,2,9,FMN GV 03 Hove
46,Statielei 16,2020-09-24,00:00:00,7,3,4,FMN GV 03 Hove
46,Statielei 16,2020-09-24,01:00:00,3,3,0,FMN GV 03 Hove
46,Statielei 16,2020-09-24,02:00:00,3,1,2,FMN GV 03 Hove
46,Statielei 16,2020-09-24,03:00:00,1,0,1,FMN GV 03 Hove
46,Statielei 16,2020-09-24,04:00:00,5,3,2,FMN GV 03 Hove
46,Statielei 16,2020-09-24,05:00:00,31,18,13,FMN GV 03 Hove
46,Statielei 16,2020-09-24,06:00:00,67,56,11,FMN GV 03 Hove
46,Statielei 16,2020-09-24,07:00:00,258,205,53,FMN GV 03 Hove
46,Statielei 16,2020-09-24,08:00:00,255,202,53,FMN GV 03 Hove
46,Statielei 16,2020-09-24,09:00:00,93,62,31,FMN GV 03 Hove
46,Statielei 16,2020-09-24,10:00:00,75,45,30,FMN GV 03 Hove
46,Statielei 16,2020-09-24,11:00:00,81,44,37,FMN GV 03 Hove
46,Statielei 16,2020-09-24,12:00:00,95,47,48,FMN GV 03 Hove
46,Statielei 16,2020-09-24,13:00:00,91,51,40,FMN GV 03 Hove
46,Statielei 16,2020-09-24,14:00:00,81,35,46,FMN GV 03 Hove
46,Statielei 16,2020-09-24,15:00:00,117,45,72,FMN GV 03 Hove
46,Statielei 16,2020-09-24,16:00:00,210,64,146,FMN GV 03 Hove
46,Statielei 16,2020-09-24,17:00:00,191,73,118,FMN GV 03 Hove
46,Statielei 16,2020-09-24,18:00:00,126,52,74,FMN GV 03 Hove
46,Statielei 16,2020-09-24,19:00:00,68,25,43,FMN GV 03 Hove
46,Statielei 16,2020-09-24,20:00:00,34,20,14,FMN GV 03 Hove
46,Statielei 16,2020-09-24,21:00:00,23,9,14,FMN GV 03 Hove
46,Statielei 16,2020-09-24,22:00:00,28,13,15,FMN GV 03 Hove
46,Statielei 16,2020-09-24,23:00:00,6,3,3,FMN GV 03 Hove
46,Statielei 16,2020-09-25,00:00:00,6,3,3,FMN GV 03 Hove
46,Statielei 16,2020-09-25,01:00:00,6,1,5,FMN GV 03 Hove
46,Statielei 16,2020-09-25,02:00:00,1,1,0,FMN GV 03 Hove
46,Statielei 16,2020-09-25,03:00:00,0,0,0,FMN GV 03 Hove
46,Statielei 16,2020-09-25,04:00:00,7,3,4,FMN GV 03 Hove
46,Statielei 16,2020-09-25,05:00:00,19,12,7,FMN GV 03 Hove
46,Statielei 16,2020-09-25,06:00:00,52,42,10,FMN GV 03 Hove
46,Statielei 16,2020-09-25,07:00:00,205,165,40,FMN GV 03 Hove
46,Statielei 16,2020-09-25,08:00:00,179,139,40,FMN GV 03 Hove
46,Statielei 16,2020-09-25,09:00:00,69,54,15,FMN GV 03 Hove
46,Statielei 16,2020-09-25,10:00:00,54,38,16,FMN GV 03 Hove
46,Statielei 16,2020-09-25,11:00:00,59,33,26,FMN GV 03 Hove
46,Statielei 16,2020-09-25,12:00:00,77,34,43,FMN GV 03 Hove
46,Statielei 16,2020-09-25,13:00:00,80,38,42,FMN GV 03 Hove
46,Statielei 16,2020-09-25,14:00:00,64,31,33,FMN GV 03 Hove
46,Statielei 16,2020-09-25,15:00:00,95,35,60,FMN GV 03 Hove
46,Statielei 16,2020-09-25,16:00:00,142,40,102,FMN GV 03 Hove
46,Statielei 16,2020-09-25,17:00:00,103,39,64,FMN GV 03 Hove
46,Statielei 16,2020-09-25,18:00:00,84,31,53,FMN GV 03 Hove
46,Statielei 16,2020-09-25,19:00:00,33,19,14,FMN GV 03 Hove
46,Statielei 16,2020-09-25,20:00:00,23,10,13,FMN GV 03 Hove
46,Statielei 16,2020-09-25,21:00:00,15,5,10,FMN GV 03 Hove
46,Statielei 16,2020-09-25,22:00:00,21,8,13,FMN GV 03 Hove
46,Statielei 16,2020-09-25,23:00:00,10,5,5,FMN GV 03 Hove
46,Statielei 16,2020-09-26,00:00:00,4,1,3,FMN GV 03 Hove
46,Statielei 16,2020-09-26,01:00:00,9,1,8,FMN GV 03 Hove
46,Statielei 16,2020-09-26,02:00:00,5,4,1,FMN GV 03 Hove
46,Statielei 16,2020-09-26,03:00:00,2,1,1,FMN GV 03 Hove
46,Statielei 16,2020-09-26,04:00:00,7,3,4,FMN GV 03 Hove
46,Statielei 16,2020-09-26,05:00:00,4,1,3,FMN GV 03 Hove
46,Statielei 16,2020-09-26,06:00:00,3,1,2,FMN GV 03 Hove
46,Statielei 16,2020-09-26,07:00:00,5,3,2,FMN GV 03 Hove
46,Statielei 16,2020-09-26,08:00:00,22,13,9,FMN GV 03 Hove
46,Statielei 16,2020-09-26,09:00:00,34,17,17,FMN GV 03 Hove
46,Statielei 16,2020-09-26,10:00:00,25,14,11,FMN GV 03 Hove
46,Statielei 16,2020-09-26,11:00:00,29,15,14,FMN GV 03 Hove
46,Statielei 16,2020-09-26,12:00:00,40,22,18,FMN GV 03 Hove
46,Statielei 16,2020-09-26,13:00:00,68,41,27,FMN GV 03 Hove
46,Statielei 16,2020-09-26,14:00:00,66,35,31,FMN GV 03 Hove
46,Statielei 16,2020-09-26,15:00:00,84,49,35,FMN GV 03 Hove
46,Statielei 16,2020-09-26,16:00:00,80,52,28,FMN GV 03 Hove
46,Statielei 16,2020-09-26,17:00:00,50,27,23,FMN GV 03 Hove
46,Statielei 16,2020-09-26,18:00:00,47,33,14,FMN GV 03 Hove
46,Statielei 16,2020-09-26,19:00:00,42,26,16,FMN GV 03 Hove
46,Statielei 16,2020-09-26,20:00:00,13,5,8,FMN GV 03 Hove
46,Statielei 16,2020-09-26,21:00:00,17,8,9,FMN GV 03 Hove
46,Statielei 16,2020-09-26,22:00:00,14,9,5,FMN GV 03 Hove
46,Statielei 16,2020-09-26,23:00:00,5,0,5,FMN GV 03 Hove
46,Statielei 16,2020-09-27,00:00:00,4,1,3,FMN GV 03 Hove
46,Statielei 16,2020-09-27,01:00:00,4,2,2,FMN GV 03 Hove
46,Statielei 16,2020-09-27,02:00:00,4,2,2,FMN GV 03 Hove
46,Statielei 16,2020-09-27,03:00:00,0,0,0,FMN GV 03 Hove
46,Statielei 16,2020-09-27,04:00:00,1,1,0,FMN GV 03 Hove
46,Statielei 16,2020-09-27,05:00:00,4,4,0,FMN GV 03 Hove
46,Statielei 16,2020-09-27,06:00:00,2,1,1,FMN GV 03 Hove
46,Statielei 16,2020-09-27,07:00:00,18,2,16,FMN GV 03 Hove
46,Statielei 16,2020-09-27,08:00:00,76,10,66,FMN GV 03 Hove
46,Statielei 16,2020-09-27,09:00:00,132,22,110,FMN GV 03 Hove
46,Statielei 16,2020-09-27,10:00:00,155,40,115,FMN GV 03 Hove
46,Statielei 16,2020-09-27,11:00:00,256,53,203,FMN GV 03 Hove
46,Statielei 16,2020-09-27,12:00:00,249,62,187,FMN GV 03 Hove
46,Statielei 16,2020-09-27,13:00:00,158,66,92,FMN GV 03 Hove
46,Statielei 16,2020-09-27,14:00:00,159,80,79,FMN GV 03 Hove
46,Statielei 16,2020-09-27,15:00:00,118,57,61,FMN GV 03 Hove
46,Statielei 16,2020-09-27,16:00:00,90,46,44,FMN GV 03 Hove
46,Statielei 16,2020-09-27,17:00:00,92,47,45,FMN GV 03 Hove
46,Statielei 16,2020-09-27,18:00:00,60,40,20,FMN GV 03 Hove
46,Statielei 16,2020-09-27,19:00:00,37,24,13,FMN GV 03 Hove
46,Statielei 16,2020-09-27,20:00:00,27,19,8,FMN GV 03 Hove
46,Statielei 16,2020-09-27,21:00:00,20,14,6,FMN GV 03 Hove
46,Statielei 16,2020-09-27,22:00:00,16,6,10,FMN GV 03 Hove
46,Statielei 16,2020-09-27,23:00:00,8,7,1,FMN GV 03 Hove
46,Statielei 16,2020-09-28,00:00:00,2,2,0,FMN GV 03 Hove
46,Statielei 16,2020-09-28,01:00:00,0,0,0,FMN GV 03 Hove
46,Statielei 16,2020-09-28,02:00:00,2,1,1,FMN GV 03 Hove
46,Statielei 16,2020-09-28,03:00:00,1,1,0,FMN GV 03 Hove
46,Statielei 16,2020-09-28,04:00:00,9,7,2,FMN GV 03 Hove
46,Statielei 16,2020-09-28,05:00:00,24,13,11,FMN GV 03 Hove
46,Statielei 16,2020-09-28,06:00:00,56,46,10,FMN GV 03 Hove
46,Statielei 16,2020-09-28,07:00:00,157,127,30,FMN GV 03 Hove
46,Statielei 16,2020-09-28,08:00:00,164,132,32,FMN GV 03 Hove
46,Statielei 16,2020-09-28,09:00:00,36,23,13,FMN GV 03 Hove
46,Statielei 16,2020-09-28,10:00:00,30,18,12,FMN GV 03 Hove
46,Statielei 16,2020-09-28,11:00:00,25,11,14,FMN GV 03 Hove
46,Statielei 16,2020-09-28,12:00:00,53,33,20,FMN GV 03 Hove
46,Statielei 16,2020-09-28,13:00:00,38,14,24,FMN GV 03 Hove
46,Statielei 16,2020-09-28,14:00:00,25,11,14,FMN GV 03 Hove
46,Statielei 16,2020-09-28,15:00:00,68,28,40,FMN GV 03 Hove
46,Statielei 16,2020-09-28,16:00:00,124,41,83,FMN GV 03 Hove
46,Statielei 16,2020-09-28,17:00:00,131,35,96,FMN GV 03 Hove
46,Statielei 16,2020-09-28,18:00:00,70,24,46,FMN GV 03 Hove
46,Statielei 16,2020-09-28,19:00:00,41,13,28,FMN GV 03 Hove
46,Statielei 16,2020-09-28,20:00:00,21,13,8,FMN GV 03 Hove
46,Statielei 16,2020-09-28,21:00:00,14,4,10,FMN GV 03 Hove
46,Statielei 16,2020-09-28,22:00:00,19,10,9,FMN GV 03 Hove
46,Statielei 16,2020-09-28,23:00:00,6,1,5,FMN GV 03 Hove
46,Statielei 16,2020-09-29,00:00:00,4,2,2,FMN GV 03 Hove
46,Statielei 16,2020-09-29,01:00:00,0,0,0,FMN GV 03 Hove
46,Statielei 16,2020-09-29,02:00:00,1,1,0,FMN GV 03 Hove
46,Statielei 16,2020-09-29,03:00:00,2,0,2,FMN GV 03 Hove
46,Statielei 16,2020-09-29,04:00:00,11,6,5,FMN GV 03 Hove
46,Statielei 16,2020-09-29,05:00:00,14,8,6,FMN GV 03 Hove
46,Statielei 16,2020-09-29,06:00:00,74,49,25,FMN GV 03 Hove
46,Statielei 16,2020-09-29,07:00:00,280,209,71,FMN GV 03 Hove
46,Statielei 16,2020-09-29,08:00:00,264,198,66,FMN GV 03 Hove
46,Statielei 16,2020-09-29,09:00:00,97,71,26,FMN GV 03 Hove
46,Statielei 16,2020-09-29,10:00:00,77,52,25,FMN GV 03 Hove
46,Statielei 16,2020-09-29,11:00:00,88,44,44,FMN GV 03 Hove
46,Statielei 16,2020-09-29,12:00:00,110,62,48,FMN GV 03 Hove
46,Statielei 16,2020-09-29,13:00:00,138,77,61,FMN GV 03 Hove
46,Statielei 16,2020-09-29,14:00:00,150,77,73,FMN GV 03 Hove
46,Statielei 16,2020-09-29,15:00:00,160,70,90,FMN GV 03 Hove
46,Statielei 16,2020-09-29,16:00:00,282,113,169,FMN GV 03 Hove
46,Statielei 16,2020-09-29,17:00:00,268,97,171,FMN GV 03 Hove
46,Statielei 16,2020-09-29,18:00:00,205,83,122,FMN GV 03 Hove
46,Statielei 16,2020-09-29,19:00:00,82,43,39,FMN GV 03 Hove
46,Statielei 16,2020-09-29,20:00:00,52,27,25,FMN GV 03 Hove
46,Statielei 16,2020-09-29,21:00:00,38,17,21,FMN GV 03 Hove
46,Statielei 16,2020-09-29,22:00:00,40,18,22,FMN GV 03 Hove
46,Statielei 16,2020-09-29,23:00:00,11,7,4,FMN GV 03 Hove
46,Statielei 16,2020-09-30,00:00:00,8,2,6,FMN GV 03 Hove
46,Statielei 16,2020-09-30,01:00:00,2,1,1,FMN GV 03 Hove
46,Statielei 16,2020-09-30,02:00:00,5,2,3,FMN GV 03 Hove
46,Statielei 16,2020-09-30,03:00:00,4,3,1,FMN GV 03 Hove
46,Statielei 16,2020-09-30,04:00:00,9,6,3,FMN GV 03 Hove
46,Statielei 16,2020-09-30,05:00:00,34,16,18,FMN GV 03 Hove
46,Statielei 16,2020-09-30,06:00:00,85,66,19,FMN GV 03 Hove
46,Statielei 16,2020-09-30,07:00:00,266,212,54,FMN GV 03 Hove
46,Statielei 16,2020-09-30,08:00:00,273,205,68,FMN GV 03 Hove
46,Statielei 16,2020-09-30,09:00:00,108,74,34,FMN GV 03 Hove
46,Statielei 16,2020-09-30,10:00:00,98,72,26,FMN GV 03 Hove
46,Statielei 16,2020-09-30,11:00:00,95,40,55,FMN GV 03 Hove
46,Statielei 16,2020-09-30,12:00:00,196,95,101,FMN GV 03 Hove
46,Statielei 16,2020-09-30,13:00:00,184,81,103,FMN GV 03 Hove
46,Statielei 16,2020-09-30,14:00:00,106,53,53,FMN GV 03 Hove
46,Statielei 16,2020-09-30,15:00:00,147,74,73,FMN GV 03 Hove
46,Statielei 16,2020-09-30,16:00:00,178,75,103,FMN GV 03 Hove
46,Statielei 16,2020-09-30,17:00:00,233,87,146,FMN GV 03 Hove
46,Statielei 16,2020-09-30,18:00:00,170,71,99,FMN GV 03 Hove
46,Statielei 16,2020-09-30,19:00:00,126,71,55,FMN GV 03 Hove
46,Statielei 16,2020-09-30,20:00:00,54,31,23,FMN GV 03 Hove
46,Statielei 16,2020-09-30,21:00:00,38,19,19,FMN GV 03 Hove
46,Statielei 16,2020-09-30,22:00:00,45,21,24,FMN GV 03 Hove
46,Statielei 16,2020-09-30,23:00:00,16,7,9,FMN GV 03 Hove
46,Statielei 16,2020-10-01,00:00:00,11,2,9,FMN GV 03 Hove
46,Statielei 16,2020-10-01,01:00:00,8,4,4,FMN GV 03 Hove
46,Statielei 16,2020-10-01,02:00:00,2,1,1,FMN GV 03 Hove
46,Statielei 16,2020-10-01,03:00:00,1,0,1,FMN GV 03 Hove
46,Statielei 16,2020-10-01,04:00:00,9,5,4,FMN GV 03 Hove
46,Statielei 16,2020-10-01,05:00:00,18,13,5,FMN GV 03 Hove
46,Statielei 16,2020-10-01,06:00:00,69,51,18,FMN GV 03 Hove
46,Statielei 16,2020-10-01,07:00:00,239,188,51,FMN GV 03 Hove
46,Statielei 16,2020-10-01,08:00:00,221,173,48,FMN GV 03 Hove
46,Statielei 16,2020-10-01,09:00:00,48,30,18,FMN GV 03 Hove
46,Statielei 16,2020-10-01,10:00:00,32,18,14,FMN GV 03 Hove
46,Statielei 16,2020-10-01,11:00:00,34,21,13,FMN GV 03 Hove
46,Statielei 16,2020-10-01,12:00:00,55,30,25,FMN GV 03 Hove
46,Statielei 16,2020-10-01,13:00:00,57,35,22,FMN GV 03 Hove
46,Statielei 16,2020-10-01,14:00:00,39,18,21,FMN GV 03 Hove
46,Statielei 16,2020-10-01,15:00:00,97,29,68,FMN GV 03 Hove
46,Statielei 16,2020-10-01,16:00:00,171,61,110,FMN GV 03 Hove
46,Statielei 16,2020-10-01,17:00:00,172,53,119,FMN GV 03 Hove
46,Statielei 16,2020-10-01,18:00:00,122,53,69,FMN GV 03 Hove
46,Statielei 16,2020-10-01,19:00:00,62,27,35,FMN GV 03 Hove
46,Statielei 16,2020-10-01,20:00:00,46,22,24,FMN GV 03 Hove
46,Statielei 16,2020-10-01,21:00:00,29,14,15,FMN GV 03 Hove
46,Statielei 16,2020-10-01,22:00:00,37,19,18,FMN GV 03 Hove
46,Statielei 16,2020-10-01,23:00:00,14,8,6,FMN GV 03 Hove
46,Statielei 16,2020-10-02,00:00:00,7,4,3,FMN GV 03 Hove
46,Statielei 16,2020-10-02,01:00:00,5,2,3,FMN GV 03 Hove
46,Statielei 16,2020-10-02,02:00:00,2,1,1,FMN GV 03 Hove
46,Statielei 16,2020-10-02,03:00:00,2,0,2,FMN GV 03 Hove
46,Statielei 16,2020-10-02,04:00:00,11,5,6,FMN GV 03 Hove
46,Statielei 16,2020-10-02,05:00:00,17,11,6,FMN GV 03 Hove
46,Statielei 16,2020-10-02,06:00:00,70,52,18,FMN GV 03 Hove
46,Statielei 16,2020-10-02,07:00:00,192,154,38,FMN GV 03 Hove
46,Statielei 16,2020-10-02,08:00:00,217,154,63,FMN GV 03 Hove
46,Statielei 16,2020-10-02,09:00:00,57,37,20,FMN GV 03 Hove
46,Statielei 16,2020-10-02,10:00:00,37,28,9,FMN GV 03 Hove
46,Statielei 16,2020-10-02,11:00:00,35,17,18,FMN GV 03 Hove
46,Statielei 16,2020-10-02,12:00:00,55,27,28,FMN GV 03 Hove
46,Statielei 16,2020-10-02,13:00:00,55,26,29,FMN GV 03 Hove
46,Statielei 16,2020-10-02,14:00:00,59,23,36,FMN GV 03 Hove
46,Statielei 16,2020-10-02,15:00:00,107,40,67,FMN GV 03 Hove
46,Statielei 16,2020-10-02,16:00:00,166,55,111,FMN GV 03 Hove
46,Statielei 16,2020-10-02,17:00:00,141,55,86,FMN GV 03 Hove
46,Statielei 16,2020-10-02,18:00:00,80,26,54,FMN GV 03 Hove
46,Statielei 16,2020-10-02,19:00:00,57,37,20,FMN GV 03 Hove
46,Statielei 16,2020-10-02,20:00:00,34,21,13,FMN GV 03 Hove
46,Statielei 16,2020-10-02,21:00:00,20,13,7,FMN GV 03 Hove
46,Statielei 16,2020-10-02,22:00:00,19,10,9,FMN GV 03 Hove
46,Statielei 16,2020-10-02,23:00:00,15,6,9,FMN GV 03 Hove
46,Statielei 16,2020-10-03,00:00:00,16,7,9,FMN GV 03 Hove
46,Statielei 16,2020-10-03,01:00:00,15,3,12,FMN GV 03 Hove
46,Statielei 16,2020-10-03,02:00:00,5,2,3,FMN GV 03 Hove
46,Statielei 16,2020-10-03,03:00:00,0,0,0,FMN GV 03 Hove
46,Statielei 16,2020-10-03,04:00:00,8,4,4,FMN GV 03 Hove
46,Statielei 16,2020-10-03,05:00:00,4,2,2,FMN GV 03 Hove
46,Statielei 16,2020-10-03,06:00:00,8,4,4,FMN GV 03 Hove
46,Statielei 16,2020-10-03,07:00:00,10,5,5,FMN GV 03 Hove
46,Statielei 16,2020-10-03,08:00:00,46,21,25,FMN GV 03 Hove
46,Statielei 16,2020-10-03,09:00:00,28,12,16,FMN GV 03 Hove
46,Statielei 16,2020-10-03,10:00:00,29,13,16,FMN GV 03 Hove
46,Statielei 16,2020-10-03,11:00:00,27,22,5,FMN GV 03 Hove
46,Statielei 16,2020-10-03,12:00:00,44,23,21,FMN GV 03 Hove
46,Statielei 16,2020-10-03,13:00:00,55,36,19,FMN GV 03 Hove
46,Statielei 16,2020-10-03,14:00:00,63,36,27,FMN GV 03 Hove
46,Statielei 16,2020-10-03,15:00:00,40,19,21,FMN GV 03 Hove
46,Statielei 16,2020-10-03,16:00:00,65,32,33,FMN GV 03 Hove
46,Statielei 16,2020-10-03,17:00:00,61,39,22,FMN GV 03 Hove
46,Statielei 16,2020-10-03,18:00:00,47,25,22,FMN GV 03 Hove
46,Statielei 16,2020-10-03,19:00:00,39,26,13,FMN GV 03 Hove
46,Statielei 16,2020-10-03,20:00:00,32,18,14,FMN GV 03 Hove
46,Statielei 16,2020-10-03,21:00:00,22,9,13,FMN GV 03 Hove
46,Statielei 16,2020-10-03,22:00:00,23,7,16,FMN GV 03 Hove
46,Statielei 16,2020-10-03,23:00:00,17,6,11,FMN GV 03 Hove
46,Statielei 16,2020-10-04,00:00:00,11,4,7,FMN GV 03 Hove
46,Statielei 16,2020-10-04,01:00:00,25,11,14,FMN GV 03 Hove
46,Statielei 16,2020-10-04,02:00:00,8,4,4,FMN GV 03 Hove
46,Statielei 16,2020-10-04,03:00:00,6,2,4,FMN GV 03 Hove
46,Statielei 16,2020-10-04,04:00:00,3,3,0,FMN GV 03 Hove
46,Statielei 16,2020-10-04,05:00:00,4,3,1,FMN GV 03 Hove
46,Statielei 16,2020-10-04,06:00:00,6,2,4,FMN GV 03 Hove
46,Statielei 16,2020-10-04,07:00:00,8,3,5,FMN GV 03 Hove
46,Statielei 16,2020-10-04,08:00:00,18,2,16,FMN GV 03 Hove
46,Statielei 16,2020-10-04,09:00:00,44,13,31,FMN GV 03 Hove
46,Statielei 16,2020-10-04,10:00:00,43,26,17,FMN GV 03 Hove
46,Statielei 16,2020-10-04,11:00:00,59,28,31,FMN GV 03 Hove
46,Statielei 16,2020-10-04,12:00:00,70,45,25,FMN GV 03 Hove
46,Statielei 16,2020-10-04,13:00:00,83,48,35,FMN GV 03 Hove
46,Statielei 16,2020-10-04,14:00:00,89,54,35,FMN GV 03 Hove
46,Statielei 16,2020-10-04,15:00:00,83,45,38,FMN GV 03 Hove
46,Statielei 16,2020-10-04,16:00:00,64,37,27,FMN GV 03 Hove
46,Statielei 16,2020-10-04,17:00:00,79,39,40,FMN GV 03 Hove
46,Statielei 16,2020-10-04,18:00:00,50,28,22,FMN GV 03 Hove
46,Statielei 16,2020-10-04,19:00:00,32,21,11,FMN GV 03 Hove
46,Statielei 16,2020-10-04,20:00:00,25,17,8,FMN GV 03 Hove
46,Statielei 16,2020-10-04,21:00:00,10,7,3,FMN GV 03 Hove
46,Statielei 16,2020-10-04,22:00:00,18,8,10,FMN GV 03 Hove
46,Statielei 16,2020-10-04,23:00:00,8,7,1,FMN GV 03 Hove
46,Statielei 16,2020-10-05,00:00:00,2,2,0,FMN GV 03 Hove
46,Statielei 16,2020-10-05,01:00:00,3,0,3,FMN GV 03 Hove
46,Statielei 16,2020-10-05,02:00:00,1,0,1,FMN GV 03 Hove
46,Statielei 16,2020-10-05,03:00:00,0,0,0,FMN GV 03 Hove
46,Statielei 16,2020-10-05,04:00:00,9,6,3,FMN GV 03 Hove
46,Statielei 16,2020-10-05,05:00:00,21,14,7,FMN GV 03 Hove
46,Statielei 16,2020-10-05,06:00:00,46,38,8,FMN GV 03 Hove
46,Statielei 16,2020-10-05,07:00:00,174,146,28,FMN GV 03 Hove
46,Statielei 16,2020-10-05,08:00:00,210,167,43,FMN GV 03 Hove
46,Statielei 16,2020-10-05,09:00:00,68,43,25,FMN GV 03 Hove
46,Statielei 16,2020-10-05,10:00:00,47,23,24,FMN GV 03 Hove
46,Statielei 16,2020-10-05,11:00:00,48,27,21,FMN GV 03 Hove
46,Statielei 16,2020-10-05,12:00:00,67,37,30,FMN GV 03 Hove
46,Statielei 16,2020-10-05,13:00:00,69,37,32,FMN GV 03 Hove
46,Statielei 16,2020-10-05,14:00:00,67,29,38,FMN GV 03 Hove
46,Statielei 16,2020-10-05,15:00:00,96,36,60,FMN GV 03 Hove
46,Statielei 16,2020-10-05,16:00:00,167,48,119,FMN GV 03 Hove
46,Statielei 16,2020-10-05,17:00:00,156,49,107,FMN GV 03 Hove
46,Statielei 16,2020-10-05,18:00:00,94,40,54,FMN GV 03 Hove
46,Statielei 16,2020-10-05,19:00:00,62,24,38,FMN GV 03 Hove
46,Statielei 16,2020-10-05,20:00:00,22,13,9,FMN GV 03 Hove
46,Statielei 16,2020-10-05,21:00:00,20,11,9,FMN GV 03 Hove
46,Statielei 16,2020-10-05,22:00:00,25,12,13,FMN GV 03 Hove
46,Statielei 16,2020-10-05,23:00:00,8,4,4,FMN GV 03 Hove
46,Statielei 16,2020-10-06,00:00:00,4,1,3,FMN GV 03 Hove
46,Statielei 16,2020-10-06,01:00:00,0,0,0,FMN GV 03 Hove
46,Statielei 16,2020-10-06,02:00:00,2,1,1,FMN GV 03 Hove
46,Statielei 16,2020-10-06,03:00:00,5,1,4,FMN GV 03 Hove
46,Statielei 16,2020-10-06,04:00:00,14,10,4,FMN GV 03 Hove
46,Statielei 16,2020-10-06,05:00:00,26,15,11,FMN GV 03 Hove
46,Statielei 16,2020-10-06,06:00:00,70,54,16,FMN GV 03 Hove
46,Statielei 16,2020-10-06,07:00:00,240,199,41,FMN GV 03 Hove
46,Statielei 16,2020-10-06,08:00:00,226,172,54,FMN GV 03 Hove
46,Statielei 16,2020-10-06,09:00:00,67,44,23,FMN GV 03 Hove
46,Statielei 16,2020-10-06,10:00:00,44,24,20,FMN GV 03 Hove
46,Statielei 16,2020-10-06,11:00:00,52,25,27,FMN GV 03 Hove
46,Statielei 16,2020-10-06,12:00:00,92,45,47,FMN GV 03 Hove
46,Statielei 16,2020-10-06,13:00:00,96,54,42,FMN GV 03 Hove
46,Statielei 16,2020-10-06,14:00:00,71,37,34,FMN GV 03 Hove
46,Statielei 16,2020-10-06,15:00:00,120,52,68,FMN GV 03 Hove
46,Statielei 16,2020-10-06,16:00:00,207,70,137,FMN GV 03 Hove
46,Statielei 16,2020-10-06,17:00:00,184,56,128,FMN GV 03 Hove
46,Statielei 16,2020-10-06,18:00:00,134,57,77,FMN GV 03 Hove
46,Statielei 16,2020-10-06,19:00:00,55,23,32,FMN GV 03 Hove
46,Statielei 16,2020-10-06,20:00:00,37,16,21,FMN GV 03 Hove
46,Statielei 16,2020-10-06,21:00:00,24,9,15,FMN GV 03 Hove
46,Statielei 16,2020-10-06,22:00:00,32,14,18,FMN GV 03 Hove
46,Statielei 16,2020-10-06,23:00:00,11,3,8,FMN GV 03 Hove
46,Statielei 16,2020-10-07,00:00:00,1,0,1,FMN GV 03 Hove
46,Statielei 16,2020-10-07,01:00:00,4,4,0,FMN GV 03 Hove
46,Statielei 16,2020-10-07,02:00:00,2,1,1,FMN GV 03 Hove
46,Statielei 16,2020-10-07,03:00:00,4,2,2,FMN GV 03 Hove
46,Statielei 16,2020-10-07,04:00:00,7,5,2,FMN GV 03 Hove
46,Statielei 16,2020-10-07,05:00:00,28,20,8,FMN GV 03 Hove
46,Statielei 16,2020-10-07,06:00:00,64,52,12,FMN GV 03 Hove
46,Statielei 16,2020-10-07,07:00:00,221,180,41,FMN GV 03 Hove
46,Statielei 16,2020-10-07,08:00:00,224,180,44,FMN GV 03 Hove
46,Statielei 16,2020-10-07,09:00:00,103,71,32,FMN GV 03 Hove
46,Statielei 16,2020-10-07,10:00:00,59,34,25,FMN GV 03 Hove
46,Statielei 16,2020-10-07,11:00:00,82,41,41,FMN GV 03 Hove
46,Statielei 16,2020-10-07,12:00:00,149,58,91,FMN GV 03 Hove
46,Statielei 16,2020-10-07,13:00:00,136,59,77,FMN GV 03 Hove
46,Statielei 16,2020-10-07,14:00:00,86,44,42,FMN GV 03 Hove
46,Statielei 16,2020-10-07,15:00:00,108,40,68,FMN GV 03 Hove
46,Statielei 16,2020-10-07,16:00:00,159,56,103,FMN GV 03 Hove
46,Statielei 16,2020-10-07,17:00:00,203,78,125,FMN GV 03 Hove
46,Statielei 16,2020-10-07,18:00:00,146,68,78,FMN GV 03 Hove
46,Statielei 16,2020-10-07,19:00:00,62,38,24,FMN GV 03 Hove
46,Statielei 16,2020-10-07,20:00:00,31,19,12,FMN GV 03 Hove
46,Statielei 16,2020-10-07,21:00:00,29,16,13,FMN GV 03 Hove
46,Statielei 16,2020-10-07,22:00:00,34,12,22,FMN GV 03 Hove
46,Statielei 16,2020-10-07,23:00:00,10,5,5,FMN GV 03 Hove
46,Statielei 16,2020-10-08,00:00:00,10,3,7,FMN GV 03 Hove
46,Statielei 16,2020-10-08,01:00:00,6,2,4,FMN GV 03 Hove
46,Statielei 16,2020-10-08,02:00:00,3,3,0,FMN GV 03 Hove
46,Statielei 16,2020-10-08,03:00:00,1,0,1,FMN GV 03 Hove
46,Statielei 16,2020-10-08,04:00:00,17,10,7,FMN GV 03 Hove
46,Statielei 16,2020-10-08,05:00:00,22,11,11,FMN GV 03 Hove
46,Statielei 16,2020-10-08,06:00:00,61,47,14,FMN GV 03 Hove
46,Statielei 16,2020-10-08,07:00:00,236,188,48,FMN GV 03 Hove
46,Statielei 16,2020-10-08,08:00:00,226,167,59,FMN GV 03 Hove
46,Statielei 16,2020-10-08,09:00:00,81,59,22,FMN GV 03 Hove
46,Statielei 16,2020-10-08,10:00:00,47,28,19,FMN GV 03 Hove
46,Statielei 16,2020-10-08,11:00:00,40,21,19,FMN GV 03 Hove
46,Statielei 16,2020-10-08,12:00:00,91,55,36,FMN GV 03 Hove
46,Statielei 16,2020-10-08,13:00:00,60,38,22,FMN GV 03 Hove
46,Statielei 16,2020-10-08,14:00:00,82,47,35,FMN GV 03 Hove
46,Statielei 16,2020-10-08,15:00:00,109,47,62,FMN GV 03 Hove
46,Statielei 16,2020-10-08,16:00:00,157,39,118,FMN GV 03 Hove
46,Statielei 16,2020-10-08,17:00:00,183,54,129,FMN GV 03 Hove
46,Statielei 16,2020-10-08,18:00:00,105,30,75,FMN GV 03 Hove
46,Statielei 16,2020-10-08,19:00:00,31,12,19,FMN GV 03 Hove
46,Statielei 16,2020-10-08,20:00:00,34,19,15,FMN GV 03 Hove
46,Statielei 16,2020-10-08,21:00:00,28,14,14,FMN GV 03 Hove
46,Statielei 16,2020-10-08,22:00:00,36,18,18,FMN GV 03 Hove
46,Statielei 16,2020-10-08,23:00:00,11,4,7,FMN GV 03 Hove
46,Statielei 16,2020-10-09,00:00:00,11,4,7,FMN GV 03 Hove
46,Statielei 16,2020-10-09,01:00:00,12,4,8,FMN GV 03 Hove
46,Statielei 16,2020-10-09,02:00:00,4,2,2,FMN GV 03 Hove
46,Statielei 16,2020-10-09,03:00:00,3,1,2,FMN GV 03 Hove
46,Statielei 16,2020-10-09,04:00:00,13,8,5,FMN GV 03 Hove
46,Statielei 16,2020-10-09,05:00:00,16,9,7,FMN GV 03 Hove
46,Statielei 16,2020-10-09,06:00:00,72,57,15,FMN GV 03 Hove
46,Statielei 16,2020-10-09,07:00:00,209,159,50,FMN GV 03 Hove
46,Statielei 16,2020-10-09,08:00:00,229,182,47,FMN GV 03 Hove
46,Statielei 16,2020-10-09,09:00:00,85,50,35,FMN GV 03 Hove
46,Statielei 16,2020-10-09,10:00:00,91,61,30,FMN GV 03 Hove
46,Statielei 16,2020-10-09,11:00:00,93,52,41,FMN GV 03 Hove
46,Statielei 16,2020-10-09,12:00:00,140,77,63,FMN GV 03 Hove
46,Statielei 16,2020-10-09,13:00:00,152,93,59,FMN GV 03 Hove
46,Statielei 16,2020-10-09,14:00:00,146,58,88,FMN GV 03 Hove
46,Statielei 16,2020-10-09,15:00:00,202,73,129,FMN GV 03 Hove
46,Statielei 16,2020-10-09,16:00:00,242,90,152,FMN GV 03 Hove
46,Statielei 16,2020-10-09,17:00:00,191,75,116,FMN GV 03 Hove
46,Statielei 16,2020-10-09,18:00:00,132,64,68,FMN GV 03 Hove
46,Statielei 16,2020-10-09,19:00:00,84,49,35,FMN GV 03 Hove
46,Statielei 16,2020-10-09,20:00:00,52,30,22,FMN GV 03 Hove
46,Statielei 16,2020-10-09,21:00:00,29,14,15,FMN GV 03 Hove
46,Statielei 16,2020-10-09,22:00:00,20,9,11,FMN GV 03 Hove
46,Statielei 16,2020-10-09,23:00:00,27,12,15,FMN GV 03 Hove
46,Statielei 16,2020-10-10,00:00:00,15,9,6,FMN GV 03 Hove
46,Statielei 16,2020-10-10,01:00:00,13,4,9,FMN GV 03 Hove
46,Statielei 16,2020-10-10,02:00:00,3,2,1,FMN GV 03 Hove
46,Statielei 16,2020-10-10,03:00:00,7,1,6,FMN GV 03 Hove
46,Statielei 16,2020-10-10,04:00:00,3,1,2,FMN GV 03 Hove
46,Statielei 16,2020-10-10,05:00:00,9,3,6,FMN GV 03 Hove
46,Statielei 16,2020-10-10,06:00:00,16,10,6,FMN GV 03 Hove
46,Statielei 16,2020-10-10,07:00:00,9,5,4,FMN GV 03 Hove
46,Statielei 16,2020-10-10,08:00:00,41,18,23,FMN GV 03 Hove
46,Statielei 16,2020-10-10,09:00:00,88,43,45,FMN GV 03 Hove
46,Statielei 16,2020-10-10,10:00:00,132,65,67,FMN GV 03 Hove
46,Statielei 16,2020-10-10,11:00:00,139,86,53,FMN GV 03 Hove
46,Statielei 16,2020-10-10,12:00:00,140,78,62,FMN GV 03 Hove
46,Statielei 16,2020-10-10,13:00:00,107,70,37,FMN GV 03 Hove
46,Statielei 16,2020-10-10,14:00:00,92,56,36,FMN GV 03 Hove
46,Statielei 16,2020-10-10,15:00:00,95,55,40,FMN GV 03 Hove
46,Statielei 16,2020-10-10,16:00:00,87,38,49,FMN GV 03 Hove
46,Statielei 16,2020-10-10,17:00:00,73,34,39,FMN GV 03 Hove
46,Statielei 16,2020-10-10,18:00:00,33,18,15,FMN GV 03 Hove
46,Statielei 16,2020-10-10,19:00:00,23,13,10,FMN GV 03 Hove
46,Statielei 16,2020-10-10,20:00:00,12,5,7,FMN GV 03 Hove
46,Statielei 16,2020-10-10,21:00:00,11,2,9,FMN GV 03 Hove
46,Statielei 16,2020-10-10,22:00:00,13,2,11,FMN GV 03 Hove
46,Statielei 16,2020-10-10,23:00:00,20,8,12,FMN GV 03 Hove
46,Statielei 16,2020-10-11,00:00:00,6,4,2,FMN GV 03 Hove
46,Statielei 16,2020-10-11,01:00:00,6,4,2,FMN GV 03 Hove
46,Statielei 16,2020-10-11,02:00:00,5,2,3,FMN GV 03 Hove
46,Statielei 16,2020-10-11,03:00:00,2,1,1,FMN GV 03 Hove
46,Statielei 16,2020-10-11,04:00:00,1,1,0,FMN GV 03 Hove
46,Statielei 16,2020-10-11,05:00:00,3,3,0,FMN GV 03 Hove
46,Statielei 16,2020-10-11,06:00:00,8,7,1,FMN GV 03 Hove
46,Statielei 16,2020-10-11,07:00:00,9,7,2,FMN GV 03 Hove
46,Statielei 16,2020-10-11,08:00:00,19,1,18,FMN GV 03 Hove
46,Statielei 16,2020-10-11,09:00:00,57,25,32,FMN GV 03 Hove
46,Statielei 16,2020-10-11,10:00:00,48,31,17,FMN GV 03 Hove
46,Statielei 16,2020-10-11,11:00:00,82,43,39,FMN GV 03 Hove
46,Statielei 16,2020-10-11,12:00:00,91,48,43,FMN GV 03 Hove
46,Statielei 16,2020-10-11,13:00:00,99,52,47,FMN GV 03 Hove
46,Statielei 16,2020-10-11,14:00:00,125,71,54,FMN GV 03 Hove
46,Statielei 16,2020-10-11,15:00:00,91,66,25,FMN GV 03 Hove
46,Statielei 16,2020-10-11,16:00:00,120,64,56,FMN GV 03 Hove
46,Statielei 16,2020-10-11,17:00:00,72,39,33,FMN GV 03 Hove
46,Statielei 16,2020-10-11,18:00:00,50,25,25,FMN GV 03 Hove
46,Statielei 16,2020-10-11,19:00:00,36,22,14,FMN GV 03 Hove
46,Statielei 16,2020-10-11,20:00:00,33,26,7,FMN GV 03 Hove
46,Statielei 16,2020-10-11,21:00:00,11,6,5,FMN GV 03 Hove
46,Statielei 16,2020-10-11,22:00:00,10,3,7,FMN GV 03 Hove
46,Statielei 16,2020-10-11,23:00:00,7,2,5,FMN GV 03 Hove
46,Statielei 16,2020-10-12,00:00:00,1,0,1,FMN GV 03 Hove
46,Statielei 16,2020-10-12,01:00:00,2,0,2,FMN GV 03 Hove
46,Statielei 16,2020-10-12,02:00:00,1,1,0,FMN GV 03 Hove
46,Statielei 16,2020-10-12,03:00:00,3,0,3,FMN GV 03 Hove
46,Statielei 16,2020-10-12,04:00:00,15,9,6,FMN GV 03 Hove
46,Statielei 16,2020-10-12,05:00:00,27,15,12,FMN GV 03 Hove
46,Statielei 16,2020-10-12,06:00:00,79,59,20,FMN GV 03 Hove
46,Statielei 16,2020-10-12,07:00:00,264,211,53,FMN GV 03 Hove
46,Statielei 16,2020-10-12,08:00:00,242,190,52,FMN GV 03 Hove
46,Statielei 16,2020-10-12,09:00:00,72,47,25,FMN GV 03 Hove
46,Statielei 16,2020-10-12,10:00:00,66,33,33,FMN GV 03 Hove
46,Statielei 16,2020-10-12,11:00:00,63,39,24,FMN GV 03 Hove
46,Statielei 16,2020-10-12,12:00:00,107,61,46,FMN GV 03 Hove
46,Statielei 16,2020-10-12,13:00:00,103,50,53,FMN GV 03 Hove
46,Statielei 16,2020-10-12,14:00:00,107,52,55,FMN GV 03 Hove
46,Statielei 16,2020-10-12,15:00:00,157,81,76,FMN GV 03 Hove
46,Statielei 16,2020-10-12,16:00:00,216,67,149,FMN GV 03 Hove
46,Statielei 16,2020-10-12,17:00:00,225,78,147,FMN GV 03 Hove
46,Statielei 16,2020-10-12,18:00:00,148,60,88,FMN GV 03 Hove
46,Statielei 16,2020-10-12,19:00:00,57,28,29,FMN GV 03 Hove
46,Statielei 16,2020-10-12,20:00:00,28,18,10,FMN GV 03 Hove
46,Statielei 16,2020-10-12,21:00:00,24,10,14,FMN GV 03 Hove
46,Statielei 16,2020-10-12,22:00:00,29,12,17,FMN GV 03 Hove
46,Statielei 16,2020-10-12,23:00:00,10,2,8,FMN GV 03 Hove
46,Statielei 16,2020-10-13,00:00:00,0,0,0,FMN GV 03 Hove
46,Statielei 16,2020-10-13,01:00:00,3,0,3,FMN GV 03 Hove
46,Statielei 16,2020-10-13,02:00:00,2,2,0,FMN GV 03 Hove
46,Statielei 16,2020-10-13,03:00:00,1,0,1,FMN GV 03 Hove
46,Statielei 16,2020-10-13,04:00:00,8,5,3,FMN GV 03 Hove
46,Statielei 16,2020-10-13,05:00:00,34,22,12,FMN GV 03 Hove
46,Statielei 16,2020-10-13,06:00:00,68,50,18,FMN GV 03 Hove
46,Statielei 16,2020-10-13,07:00:00,261,203,58,FMN GV 03 Hove
46,Statielei 16,2020-10-13,08:00:00,259,194,65,FMN GV 03 Hove
46,Statielei 16,2020-10-13,09:00:00,86,63,23,FMN GV 03 Hove
46,Statielei 16,2020-10-13,10:00:00,73,47,26,FMN GV 03 Hove
46,Statielei 16,2020-10-13,11:00:00,66,31,35,FMN GV 03 Hove
46,Statielei 16,2020-10-13,12:00:00,102,61,41,FMN GV 03 Hove
46,Statielei 16,2020-10-13,13:00:00,88,45,43,FMN GV 03 Hove
46,Statielei 16,2020-10-13,14:00:00,87,40,47,FMN GV 03 Hove
46,Statielei 16,2020-10-13,15:00:00,131,52,79,FMN GV 03 Hove
46,Statielei 16,2020-10-13,16:00:00,235,94,141,FMN GV 03 Hove
46,Statielei 16,2020-10-13,17:00:00,236,73,163,FMN GV 03 Hove
46,Statielei 16,2020-10-13,18:00:00,141,61,80,FMN GV 03 Hove
46,Statielei 16,2020-10-13,19:00:00,69,42,27,FMN GV 03 Hove
46,Statielei 16,2020-10-13,20:00:00,35,17,18,FMN GV 03 Hove
46,Statielei 16,2020-10-13,21:00:00,22,11,11,FMN GV 03 Hove
46,Statielei 16,2020-10-13,22:00:00,30,13,17,FMN GV 03 Hove
46,Statielei 16,2020-10-13,23:00:00,23,7,16,FMN GV 03 Hove
46,Statielei 16,2020-10-14,00:00:00,4,0,4,FMN GV 03 Hove
46,Statielei 16,2020-10-14,01:00:00,0,0,0,FMN GV 03 Hove
46,Statielei 16,2020-10-14,02:00:00,1,1,0,FMN GV 03 Hove
46,Statielei 16,2020-10-14,03:00:00,2,1,1,FMN GV 03 Hove
46,Statielei 16,2020-10-14,04:00:00,11,5,6,FMN GV 03 Hove
46,Statielei 16,2020-10-14,05:00:00,28,21,7,FMN GV 03 Hove
46,Statielei 16,2020-10-14,06:00:00,85,63,22,FMN GV 03 Hove
46,Statielei 16,2020-10-14,07:00:00,237,192,45,FMN GV 03 Hove
46,Statielei 16,2020-10-14,08:00:00,234,179,55,FMN GV 03 Hove
46,Statielei 16,2020-10-14,09:00:00,117,83,34,FMN GV 03 Hove
46,Statielei 16,2020-10-14,10:00:00,111,74,37,FMN GV 03 Hove
46,Statielei 16,2020-10-14,11:00:00,107,50,57,FMN GV 03 Hove
46,Statielei 16,2020-10-14,12:00:00,179,77,102,FMN GV 03 Hove
46,Statielei 16,2020-10-14,13:00:00,150,69,81,FMN GV 03 Hove
46,Statielei 16,2020-10-14,14:00:00,131,66,65,FMN GV 03 Hove
46,Statielei 16,2020-10-14,15:00:00,107,47,60,FMN GV 03 Hove
46,Statielei 16,2020-10-14,16:00:00,197,79,118,FMN GV 03 Hove
46,Statielei 16,2020-10-14,17:00:00,227,82,145,FMN GV 03 Hove
46,Statielei 16,2020-10-14,18:00:00,159,69,90,FMN GV 03 Hove
46,Statielei 16,2020-10-14,19:00:00,67,39,28,FMN GV 03 Hove
46,Statielei 16,2020-10-14,20:00:00,49,31,18,FMN GV 03 Hove
46,Statielei 16,2020-10-14,21:00:00,28,7,21,FMN GV 03 Hove
46,Statielei 16,2020-10-14,22:00:00,24,7,17,FMN GV 03 Hove
46,Statielei 16,2020-10-14,23:00:00,19,11,8,FMN GV 03 Hove
46,Statielei 16,2020-10-15,00:00:00,5,1,4,FMN GV 03 Hove
46,Statielei 16,2020-10-15,01:00:00,0,0,0,FMN GV 03 Hove
46,Statielei 16,2020-10-15,02:00:00,1,0,1,FMN GV 03 Hove
46,Statielei 16,2020-10-15,03:00:00,0,0,0,FMN GV 03 Hove
46,Statielei 16,2020-10-15,04:00:00,8,4,4,FMN GV 03 Hove
46,Statielei 16,2020-10-15,05:00:00,25,16,9,FMN GV 03 Hove
46,Statielei 16,2020-10-15,06:00:00,70,54,16,FMN GV 03 Hove
46,Statielei 16,2020-10-15,07:00:00,283,217,66,FMN GV 03 Hove
46,Statielei 16,2020-10-15,08:00:00,269,213,56,FMN GV 03 Hove
46,Statielei 16,2020-10-15,09:00:00,88,58,30,FMN GV 03 Hove
46,Statielei 16,2020-10-15,10:00:00,81,58,23,FMN GV 03 Hove
46,Statielei 16,2020-10-15,11:00:00,54,31,23,FMN GV 03 Hove
46,Statielei 16,2020-10-15,12:00:00,103,53,50,FMN GV 03 Hove
46,Statielei 16,2020-10-15,13:00:00,119,64,55,FMN GV 03 Hove
46,Statielei 16,2020-10-15,14:00:00,98,43,55,FMN GV 03 Hove
46,Statielei 16,2020-10-15,15:00:00,159,76,83,FMN GV 03 Hove
46,Statielei 16,2020-10-15,16:00:00,255,69,186,FMN GV 03 Hove
46,Statielei 16,2020-10-15,17:00:00,235,94,141,FMN GV 03 Hove
46,Statielei 16,2020-10-15,18:00:00,151,76,75,FMN GV 03 Hove
46,Statielei 16,2020-10-15,19:00:00,65,34,31,FMN GV 03 Hove
46,Statielei 16,2020-10-15,20:00:00,48,23,25,FMN GV 03 Hove
46,Statielei 16,2020-10-15,21:00:00,21,9,12,FMN GV 03 Hove
46,Statielei 16,2020-10-15,22:00:00,32,14,18,FMN GV 03 Hove
46,Statielei 16,2020-10-15,23:00:00,17,5,12,FMN GV 03 Hove
46,Statielei 16,2020-10-16,00:00:00,9,2,7,FMN GV 03 Hove
46,Statielei 16,2020-10-16,01:00:00,3,1,2,FMN GV 03 Hove
46,Statielei 16,2020-10-16,02:00:00,4,1,3,FMN GV 03 Hove
46,Statielei 16,2020-10-16,03:00:00,5,1,4,FMN GV 03 Hove
46,Statielei 16,2020-10-16,04:00:00,3,2,1,FMN GV 03 Hove
46,Statielei 16,2020-10-16,05:00:00,28,21,7,FMN GV 03 Hove
46,Statielei 16,2020-10-16,06:00:00,60,42,18,FMN GV 03 Hove
46,Statielei 16,2020-10-16,07:00:00,220,162,58,FMN GV 03 Hove
46,Statielei 16,2020-10-16,08:00:00,214,156,58,FMN GV 03 Hove
46,Statielei 16,2020-10-16,09:00:00,85,62,23,FMN GV 03 Hove
46,Statielei 16,2020-10-16,10:00:00,62,42,20,FMN GV 03 Hove
46,Statielei 16,2020-10-16,11:00:00,88,56,32,FMN GV 03 Hove
46,Statielei 16,2020-10-16,12:00:00,149,99,50,FMN GV 03 Hove
46,Statielei 16,2020-10-16,13:00:00,129,71,58,FMN GV 03 Hove
46,Statielei 16,2020-10-16,14:00:00,108,58,50,FMN GV 03 Hove
46,Statielei 16,2020-10-16,15:00:00,199,83,116,FMN GV 03 Hove
46,Statielei 16,2020-10-16,16:00:00,193,64,129,FMN GV 03 Hove
46,Statielei 16,2020-10-16,17:00:00,207,78,129,FMN GV 03 Hove
46,Statielei 16,2020-10-16,18:00:00,143,68,75,FMN GV 03 Hove
46,Statielei 16,2020-10-16,19:00:00,60,36,24,FMN GV 03 Hove
46,Statielei 16,2020-10-16,20:00:00,33,17,16,FMN GV 03 Hove
46,Statielei 16,2020-10-16,21:00:00,29,13,16,FMN GV 03 Hove
46,Statielei 16,2020-10-16,22:00:00,20,9,11,FMN GV 03 Hove
46,Statielei 16,2020-10-16,23:00:00,21,6,15,FMN GV 03 Hove
46,Statielei 16,2020-10-17,00:00:00,8,7,1,FMN GV 03 Hove
46,Statielei 16,2020-10-17,01:00:00,11,4,7,FMN GV 03 Hove
46,Statielei 16,2020-10-17,02:00:00,12,4,8,FMN GV 03 Hove
46,Statielei 16,2020-10-17,03:00:00,1,0,1,FMN GV 03 Hove
46,Statielei 16,2020-10-17,04:00:00,8,3,5,FMN GV 03 Hove
46,Statielei 16,2020-10-17,05:00:00,11,9,2,FMN GV 03 Hove
46,Statielei 16,2020-10-17,06:00:00,14,8,6,FMN GV 03 Hove
46,Statielei 16,2020-10-17,07:00:00,16,8,8,FMN GV 03 Hove
46,Statielei 16,2020-10-17,08:00:00,40,21,19,FMN GV 03 Hove
46,Statielei 16,2020-10-17,09:00:00,61,27,34,FMN GV 03 Hove
46,Statielei 16,2020-10-17,10:00:00,108,58,50,FMN GV 03 Hove
46,Statielei 16,2020-10-17,11:00:00,109,62,47,FMN GV 03 Hove
46,Statielei 16,2020-10-17,12:00:00,147,82,65,FMN GV 03 Hove
46,Statielei 16,2020-10-17,13:00:00,166,82,84,FMN GV 03 Hove
46,Statielei 16,2020-10-17,14:00:00,183,102,81,FMN GV 03 Hove
46,Statielei 16,2020-10-17,15:00:00,156,69,87,FMN GV 03 Hove
46,Statielei 16,2020-10-17,16:00:00,155,91,64,FMN GV 03 Hove
46,Statielei 16,2020-10-17,17:00:00,134,82,52,FMN GV 03 Hove
46,Statielei 16,2020-10-17,18:00:00,78,48,30,FMN GV 03 Hove
46,Statielei 16,2020-10-17,19:00:00,45,34,11,FMN GV 03 Hove
46,Statielei 16,2020-10-17,20:00:00,24,16,8,FMN GV 03 Hove
46,Statielei 16,2020-10-17,21:00:00,17,8,9,FMN GV 03 Hove
46,Statielei 16,2020-10-17,22:00:00,15,9,6,FMN GV 03 Hove
46,Statielei 16,2020-10-17,23:00:00,21,6,15,FMN GV 03 Hove
46,Statielei 16,2020-10-18,00:00:00,6,3,3,FMN GV 03 Hove
46,Statielei 16,2020-10-18,01:00:00,8,1,7,FMN GV 03 Hove
46,Statielei 16,2020-10-18,02:00:00,4,1,3,FMN GV 03 Hove
46,Statielei 16,2020-10-18,03:00:00,4,0,4,FMN GV 03 Hove
46,Statielei 16,2020-10-18,04:00:00,2,2,0,FMN GV 03 Hove
46,Statielei 16,2020-10-18,05:00:00,4,4,0,FMN GV 03 Hove
46,Statielei 16,2020-10-18,06:00:00,19,11,8,FMN GV 03 Hove
46,Statielei 16,2020-10-18,07:00:00,9,6,3,FMN GV 03 Hove
46,Statielei 16,2020-10-18,08:00:00,33,13,20,FMN GV 03 Hove
46,Statielei 16,2020-10-18,09:00:00,97,35,62,FMN GV 03 Hove
46,Statielei 16,2020-10-18,10:00:00,126,70,56,FMN GV 03 Hove
46,Statielei 16,2020-10-18,11:00:00,148,91,57,FMN GV 03 Hove
46,Statielei 16,2020-10-18,12:00:00,144,94,50,FMN GV 03 Hove
46,Statielei 16,2020-10-18,13:00:00,101,59,42,FMN GV 03 Hove
46,Statielei 16,2020-10-18,14:00:00,124,70,54,FMN GV 03 Hove
46,Statielei 16,2020-10-18,15:00:00,96,52,44,FMN GV 03 Hove
46,Statielei 16,2020-10-18,16:00:00,84,43,41,FMN GV 03 Hove
46,Statielei 16,2020-10-18,17:00:00,72,36,36,FMN GV 03 Hove
46,Statielei 16,2020-10-18,18:00:00,58,33,25,FMN GV 03 Hove
46,Statielei 16,2020-10-18,19:00:00,25,14,11,FMN GV 03 Hove
46,Statielei 16,2020-10-18,20:00:00,25,16,9,FMN GV 03 Hove
46,Statielei 16,2020-10-18,21:00:00,17,8,9,FMN GV 03 Hove
46,Statielei 16,2020-10-18,22:00:00,14,7,7,FMN GV 03 Hove
46,Statielei 16,2020-10-18,23:00:00,13,5,8,FMN GV 03 Hove
46,Statielei 16,2020-10-19,00:00:00,6,1,5,FMN GV 03 Hove
46,Statielei 16,2020-10-19,01:00:00,3,1,2,FMN GV 03 Hove
46,Statielei 16,2020-10-19,02:00:00,2,1,1,FMN GV 03 Hove
46,Statielei 16,2020-10-19,03:00:00,6,1,5,FMN GV 03 Hove
46,Statielei 16,2020-10-19,04:00:00,8,5,3,FMN GV 03 Hove
46,Statielei 16,2020-10-19,05:00:00,22,11,11,FMN GV 03 Hove
46,Statielei 16,2020-10-19,06:00:00,75,59,16,FMN GV 03 Hove
46,Statielei 16,2020-10-19,07:00:00,247,191,56,FMN GV 03 Hove
46,Statielei 16,2020-10-19,08:00:00,233,185,48,FMN GV 03 Hove
46,Statielei 16,2020-10-19,09:00:00,77,50,27,FMN GV 03 Hove
46,Statielei 16,2020-10-19,10:00:00,61,39,22,FMN GV 03 Hove
46,Statielei 16,2020-10-19,11:00:00,74,46,28,FMN GV 03 Hove
46,Statielei 16,2020-10-19,12:00:00,106,51,55,FMN GV 03 Hove
46,Statielei 16,2020-10-19,13:00:00,114,57,57,FMN GV 03 Hove
46,Statielei 16,2020-10-19,14:00:00,127,70,57,FMN GV 03 Hove
46,Statielei 16,2020-10-19,15:00:00,165,70,95,FMN GV 03 Hove
46,Statielei 16,2020-10-19,16:00:00,233,92,141,FMN GV 03 Hove
46,Statielei 16,2020-10-19,17:00:00,211,77,134,FMN GV 03 Hove
46,Statielei 16,2020-10-19,18:00:00,127,56,71,FMN GV 03 Hove
46,Statielei 16,2020-10-19,19:00:00,64,22,42,FMN GV 03 Hove
46,Statielei 16,2020-10-19,20:00:00,39,21,18,FMN GV 03 Hove
46,Statielei 16,2020-10-19,21:00:00,37,20,17,FMN GV 03 Hove
46,Statielei 16,2020-10-19,22:00:00,26,10,16,FMN GV 03 Hove
46,Statielei 16,2020-10-19,23:00:00,8,4,4,FMN GV 03 Hove
46,Statielei 16,2020-10-20,00:00:00,0,0,0,FMN GV 03 Hove
46,Statielei 16,2020-10-20,01:00:00,0,0,0,FMN GV 03 Hove
46,Statielei 16,2020-10-20,02:00:00,1,1,0,FMN GV 03 Hove
46,Statielei 16,2020-10-20,03:00:00,1,0,1,FMN GV 03 Hove
46,Statielei 16,2020-10-20,04:00:00,5,5,0,FMN GV 03 Hove
46,Statielei 16,2020-10-20,05:00:00,16,8,8,FMN GV 03 Hove
46,Statielei 16,2020-10-20,06:00:00,75,56,19,FMN GV 03 Hove
46,Statielei 16,2020-10-20,07:00:00,229,183,46,FMN GV 03 Hove
46,Statielei 16,2020-10-20,08:00:00,242,180,62,FMN GV 03 Hove
46,Statielei 16,2020-10-20,09:00:00,75,55,20,FMN GV 03 Hove
46,Statielei 16,2020-10-20,10:00:00,54,29,25,FMN GV 03 Hove
46,Statielei 16,2020-10-20,11:00:00,53,35,18,FMN GV 03 Hove
46,Statielei 16,2020-10-20,12:00:00,90,43,47,FMN GV 03 Hove
46,Statielei 16,2020-10-20,13:00:00,70,41,29,FMN GV 03 Hove
46,Statielei 16,2020-10-20,14:00:00,75,40,35,FMN GV 03 Hove
46,Statielei 16,2020-10-20,15:00:00,139,52,87,FMN GV 03 Hove
46,Statielei 16,2020-10-20,16:00:00,186,47,139,FMN GV 03 Hove
46,Statielei 16,2020-10-20,17:00:00,184,65,119,FMN GV 03 Hove
46,Statielei 16,2020-10-20,18:00:00,108,35,73,FMN GV 03 Hove
46,Statielei 16,2020-10-20,19:00:00,32,13,19,FMN GV 03 Hove
46,Statielei 16,2020-10-20,20:00:00,32,18,14,FMN GV 03 Hove
46,Statielei 16,2020-10-20,21:00:00,26,11,15,FMN GV 03 Hove
46,Statielei 16,2020-10-20,22:00:00,23,10,13,FMN GV 03 Hove
46,Statielei 16,2020-10-20,23:00:00,8,1,7,FMN GV 03 Hove
46,Statielei 16,2020-10-21,00:00:00,2,1,1,FMN GV 03 Hove
46,Statielei 16,2020-10-21,01:00:00,0,0,0,FMN GV 03 Hove
46,Statielei 16,2020-10-21,02:00:00,1,1,0,FMN GV 03 Hove
46,Statielei 16,2020-10-21,03:00:00,1,1,0,FMN GV 03 Hove
46,Statielei 16,2020-10-21,04:00:00,6,2,4,FMN GV 03 Hove
46,Statielei 16,2020-10-21,05:00:00,19,13,6,FMN GV 03 Hove
46,Statielei 16,2020-10-21,06:00:00,47,36,11,FMN GV 03 Hove
46,Statielei 16,2020-10-21,07:00:00,154,127,27,FMN GV 03 Hove
46,Statielei 16,2020-10-21,08:00:00,150,114,36,FMN GV 03 Hove
46,Statielei 16,2020-10-21,09:00:00,47,30,17,FMN GV 03 Hove
46,Statielei 16,2020-10-21,10:00:00,33,24,9,FMN GV 03 Hove
46,Statielei 16,2020-10-21,11:00:00,52,32,20,FMN GV 03 Hove
46,Statielei 16,2020-10-21,12:00:00,107,45,62,FMN GV 03 Hove
46,Statielei 16,2020-10-21,13:00:00,122,52,70,FMN GV 03 Hove
46,Statielei 16,2020-10-21,14:00:00,111,53,58,FMN GV 03 Hove
46,Statielei 16,2020-10-21,15:00:00,77,31,46,FMN GV 03 Hove
46,Statielei 16,2020-10-21,16:00:00,129,48,81,FMN GV 03 Hove
46,Statielei 16,2020-10-21,17:00:00,144,60,84,FMN GV 03 Hove
46,Statielei 16,2020-10-21,18:00:00,94,47,47,FMN GV 03 Hove
46,Statielei 16,2020-10-21,19:00:00,77,49,28,FMN GV 03 Hove
46,Statielei 16,2020-10-21,20:00:00,27,12,15,FMN GV 03 Hove
46,Statielei 16,2020-10-21,21:00:00,31,11,20,FMN GV 03 Hove
46,Statielei 16,2020-10-21,22:00:00,32,15,17,FMN GV 03 Hove
46,Statielei 16,2020-10-21,23:00:00,14,4,10,FMN GV 03 Hove
46,Statielei 16,2020-10-22,00:00:00,1,1,0,FMN GV 03 Hove
46,Statielei 16,2020-10-22,01:00:00,0,0,0,FMN GV 03 Hove
46,Statielei 16,2020-10-22,02:00:00,1,1,0,FMN GV 03 Hove
46,Statielei 16,2020-10-22,03:00:00,0,0,0,FMN GV 03 Hove
46,Statielei 16,2020-10-22,04:00:00,9,5,4,FMN GV 03 Hove
46,Statielei 16,2020-10-22,05:00:00,22,12,10,FMN GV 03 Hove
46,Statielei 16,2020-10-22,06:00:00,64,53,11,FMN GV 03 Hove
46,Statielei 16,2020-10-22,07:00:00,254,200,54,FMN GV 03 Hove
46,Statielei 16,2020-10-22,08:00:00,224,176,48,FMN GV 03 Hove
46,Statielei 16,2020-10-22,09:00:00,90,65,25,FMN GV 03 Hove
46,Statielei 16,2020-10-22,10:00:00,87,50,37,FMN GV 03 Hove
46,Statielei 16,2020-10-22,11:00:00,87,42,45,FMN GV 03 Hove
46,Statielei 16,2020-10-22,12:00:00,137,75,62,FMN GV 03 Hove
46,Statielei 16,2020-10-22,13:00:00,123,77,46,FMN GV 03 Hove
46,Statielei 16,2020-10-22,14:00:00,101,54,47,FMN GV 03 Hove
46,Statielei 16,2020-10-22,15:00:00,126,47,79,FMN GV 03 Hove
46,Statielei 16,2020-10-22,16:00:00,212,69,143,FMN GV 03 Hove
46,Statielei 16,2020-10-22,17:00:00,231,77,154,FMN GV 03 Hove
46,Statielei 16,2020-10-22,18:00:00,131,55,76,FMN GV 03 Hove
46,Statielei 16,2020-10-22,19:00:00,76,29,47,FMN GV 03 Hove
46,Statielei 16,2020-10-22,20:00:00,39,18,21,FMN GV 03 Hove
46,Statielei 16,2020-10-22,21:00:00,32,22,10,FMN GV 03 Hove
46,Statielei 16,2020-10-22,22:00:00,31,12,19,FMN GV 03 Hove
46,Statielei 16,2020-10-22,23:00:00,11,4,7,FMN GV 03 Hove
46,Statielei 16,2020-10-23,00:00:00,2,0,2,FMN GV 03 Hove
46,Statielei 16,2020-10-23,01:00:00,3,1,2,FMN GV 03 Hove
46,Statielei 16,2020-10-23,02:00:00,0,0,0,FMN GV 03 Hove
46,Statielei 16,2020-10-23,03:00:00,1,1,0,FMN GV 03 Hove
46,Statielei 16,2020-10-23,04:00:00,5,3,2,FMN GV 03 Hove
46,Statielei 16,2020-10-23,05:00:00,19,11,8,FMN GV 03 Hove
46,Statielei 16,2020-10-23,06:00:00,59,49,10,FMN GV 03 Hove
46,Statielei 16,2020-10-23,07:00:00,207,158,49,FMN GV 03 Hove
46,Statielei 16,2020-10-23,08:00:00,195,154,41,FMN GV 03 Hove
46,Statielei 16,2020-10-23,09:00:00,78,52,26,FMN GV 03 Hove
46,Statielei 16,2020-10-23,10:00:00,80,48,32,FMN GV 03 Hove
46,Statielei 16,2020-10-23,11:00:00,96,55,41,FMN GV 03 Hove
46,Statielei 16,2020-10-23,12:00:00,100,51,49,FMN GV 03 Hove
46,Statielei 16,2020-10-23,13:00:00,126,61,65,FMN GV 03 Hove
46,Statielei 16,2020-10-23,14:00:00,132,65,67,FMN GV 03 Hove
46,Statielei 16,2020-10-23,15:00:00,167,84,83,FMN GV 03 Hove
46,Statielei 16,2020-10-23,16:00:00,224,94,130,FMN GV 03 Hove
46,Statielei 16,2020-10-23,17:00:00,204,95,109,FMN GV 03 Hove
46,Statielei 16,2020-10-23,18:00:00,113,50,63,FMN GV 03 Hove
46,Statielei 16,2020-10-23,19:00:00,53,24,29,FMN GV 03 Hove
46,Statielei 16,2020-10-23,20:00:00,25,12,13,FMN GV 03 Hove
46,Statielei 16,2020-10-23,21:00:00,23,9,14,FMN GV 03 Hove
46,Statielei 16,2020-10-23,22:00:00,23,14,9,FMN GV 03 Hove
46,Statielei 16,2020-10-23,23:00:00,33,10,23,FMN GV 03 Hove
46,Statielei 16,2020-10-24,00:00:00,1,0,1,FMN GV 03 Hove
46,Statielei 16,2020-10-24,01:00:00,0,0,0,FMN GV 03 Hove
46,Statielei 16,2020-10-24,02:00:00,5,3,2,FMN GV 03 Hove
46,Statielei 16,2020-10-24,03:00:00,0,0,0,FMN GV 03 Hove
46,Statielei 16,2020-10-24,04:00:00,6,4,2,FMN GV 03 Hove
46,Statielei 16,2020-10-24,05:00:00,12,7,5,FMN GV 03 Hove
46,Statielei 16,2020-10-24,06:00:00,10,6,4,FMN GV 03 Hove
46,Statielei 16,2020-10-24,07:00:00,13,7,6,FMN GV 03 Hove
46,Statielei 16,2020-10-24,08:00:00,36,16,20,FMN GV 03 Hove
46,Statielei 16,2020-10-24,09:00:00,60,32,28,FMN GV 03 Hove
46,Statielei 16,2020-10-24,10:00:00,81,49,32,FMN GV 03 Hove
46,Statielei 16,2020-10-24,11:00:00,92,49,43,FMN GV 03 Hove
46,Statielei 16,2020-10-24,12:00:00,99,51,48,FMN GV 03 Hove
46,Statielei 16,2020-10-24,13:00:00,147,84,63,FMN GV 03 Hove
46,Statielei 16,2020-10-24,14:00:00,134,61,73,FMN GV 03 Hove
46,Statielei 16,2020-10-24,15:00:00,126,71,55,FMN GV 03 Hove
46,Statielei 16,2020-10-24,16:00:00,124,78,46,FMN GV 03 Hove
46,Statielei 16,2020-10-24,17:00:00,128,84,44,FMN GV 03 Hove
46,Statielei 16,2020-10-24,18:00:00,58,32,26,FMN GV 03 Hove
46,Statielei 16,2020-10-24,19:00:00,34,18,16,FMN GV 03 Hove
46,Statielei 16,2020-10-24,20:00:00,26,13,13,FMN GV 03 Hove
46,Statielei 16,2020-10-24,21:00:00,13,10,3,FMN GV 03 Hove
46,Statielei 16,2020-10-24,22:00:00,22,8,14,FMN GV 03 Hove
46,Statielei 16,2020-10-24,23:00:00,23,7,16,FMN GV 03 Hove
46,Statielei 16,2020-10-25,00:00:00,3,2,1,FMN GV 03 Hove
46,Statielei 16,2020-10-25,01:00:00,2,1,1,FMN GV 03 Hove
46,Statielei 16,2020-10-25,02:00:00,1,1,0,FMN GV 03 Hove
46,Statielei 16,2020-10-25,03:00:00,1,1,0,FMN GV 03 Hove
46,Statielei 16,2020-10-25,04:00:00,1,1,0,FMN GV 03 Hove
46,Statielei 16,2020-10-25,05:00:00,4,3,1,FMN GV 03 Hove
46,Statielei 16,2020-10-25,06:00:00,6,4,2,FMN GV 03 Hove
46,Statielei 16,2020-10-25,07:00:00,6,1,5,FMN GV 03 Hove
46,Statielei 16,2020-10-25,08:00:00,15,8,7,FMN GV 03 Hove
46,Statielei 16,2020-10-25,09:00:00,56,17,39,FMN GV 03 Hove
46,Statielei 16,2020-10-25,10:00:00,60,22,38,FMN GV 03 Hove
46,Statielei 16,2020-10-25,11:00:00,66,48,18,FMN GV 03 Hove
46,Statielei 16,2020-10-25,12:00:00,98,50,48,FMN GV 03 Hove
46,Statielei 16,2020-10-25,13:00:00,74,45,29,FMN GV 03 Hove
46,Statielei 16,2020-10-25,14:00:00,102,57,45,FMN GV 03 Hove
46,Statielei 16,2020-10-25,15:00:00,80,53,27,FMN GV 03 Hove
46,Statielei 16,2020-10-25,16:00:00,105,65,40,FMN GV 03 Hove
46,Statielei 16,2020-10-25,17:00:00,59,30,29,FMN GV 03 Hove
46,Statielei 16,2020-10-25,18:00:00,31,16,15,FMN GV 03 Hove
46,Statielei 16,2020-10-25,19:00:00,18,8,10,FMN GV 03 Hove
46,Statielei 16,2020-10-25,20:00:00,16,9,7,FMN GV 03 Hove
46,Statielei 16,2020-10-25,21:00:00,14,11,3,FMN GV 03 Hove
46,Statielei 16,2020-10-25,22:00:00,12,5,7,FMN GV 03 Hove
46,Statielei 16,2020-10-25,23:00:00,8,7,1,FMN GV 03 Hove
46,Statielei 16,2020-10-26,00:00:00,0,0,0,FMN GV 03 Hove
46,Statielei 16,2020-10-26,01:00:00,0,0,0,FMN GV 03 Hove
46,Statielei 16,2020-10-26,02:00:00,0,0,0,FMN GV 03 Hove
46,Statielei 16,2020-10-26,03:00:00,0,0,0,FMN GV 03 Hove
46,Statielei 16,2020-10-26,04:00:00,14,6,8,FMN GV 03 Hove
46,Statielei 16,2020-10-26,05:00:00,22,16,6,FMN GV 03 Hove
46,Statielei 16,2020-10-26,06:00:00,65,54,11,FMN GV 03 Hove
46,Statielei 16,2020-10-26,07:00:00,241,199,42,FMN GV 03 Hove
46,Statielei 16,2020-10-26,08:00:00,201,152,49,FMN GV 03 Hove
46,Statielei 16,2020-10-26,09:00:00,80,50,30,FMN GV 03 Hove
46,Statielei 16,2020-10-26,10:00:00,62,33,29,FMN GV 03 Hove
46,Statielei 16,2020-10-26,11:00:00,64,38,26,FMN GV 03 Hove
46,Statielei 16,2020-10-26,12:00:00,109,54,55,FMN GV 03 Hove
46,Statielei 16,2020-10-26,13:00:00,96,56,40,FMN GV 03 Hove
46,Statielei 16,2020-10-26,14:00:00,102,50,52,FMN GV 03 Hove
46,Statielei 16,2020-10-26,15:00:00,136,70,66,FMN GV 03 Hove
46,Statielei 16,2020-10-26,16:00:00,204,65,139,FMN GV 03 Hove
46,Statielei 16,2020-10-26,17:00:00,204,81,123,FMN GV 03 Hove
46,Statielei 16,2020-10-26,18:00:00,97,36,61,FMN GV 03 Hove
46,Statielei 16,2020-10-26,19:00:00,43,16,27,FMN GV 03 Hove
46,Statielei 16,2020-10-26,20:00:00,40,22,18,FMN GV 03 Hove
46,Statielei 16,2020-10-26,21:00:00,17,6,11,FMN GV 03 Hove
46,Statielei 16,2020-10-26,22:00:00,21,6,15,FMN GV 03 Hove
46,Statielei 16,2020-10-26,23:00:00,9,3,6,FMN GV 03 Hove
46,Statielei 16,2020-10-27,00:00:00,0,0,0,FMN GV 03 Hove
46,Statielei 16,2020-10-27,01:00:00,0,0,0,FMN GV 03 Hove
46,Statielei 16,2020-10-27,02:00:00,1,1,0,FMN GV 03 Hove
46,Statielei 16,2020-10-27,03:00:00,1,0,1,FMN GV 03 Hove
46,Statielei 16,2020-10-27,04:00:00,11,5,6,FMN GV 03 Hove
46,Statielei 16,2020-10-27,05:00:00,23,12,11,FMN GV 03 Hove
46,Statielei 16,2020-10-27,06:00:00,61,46,15,FMN GV 03 Hove
46,Statielei 16,2020-10-27,07:00:00,248,196,52,FMN GV 03 Hove
46,Statielei 16,2020-10-27,08:00:00,206,156,50,FMN GV 03 Hove
46,Statielei 16,2020-10-27,09:00:00,69,47,22,FMN GV 03 Hove
46,Statielei 16,2020-10-27,10:00:00,47,32,15,FMN GV 03 Hove
46,Statielei 16,2020-10-27,11:00:00,49,29,20,FMN GV 03 Hove
46,Statielei 16,2020-10-27,12:00:00,79,38,41,FMN GV 03 Hove
46,Statielei 16,2020-10-27,13:00:00,89,57,32,FMN GV 03 Hove
46,Statielei 16,2020-10-27,14:00:00,62,35,27,FMN GV 03 Hove
46,Statielei 16,2020-10-27,15:00:00,126,51,75,FMN GV 03 Hove
46,Statielei 16,2020-10-27,16:00:00,202,66,136,FMN GV 03 Hove
46,Statielei 16,2020-10-27,17:00:00,153,49,104,FMN GV 03 Hove
46,Statielei 16,2020-10-27,18:00:00,105,29,76,FMN GV 03 Hove
46,Statielei 16,2020-10-27,19:00:00,37,21,16,FMN GV 03 Hove
46,Statielei 16,2020-10-27,20:00:00,16,5,11,FMN GV 03 Hove
46,Statielei 16,2020-10-27,21:00:00,17,9,8,FMN GV 03 Hove
46,Statielei 16,2020-10-27,22:00:00,21,12,9,FMN GV 03 Hove
46,Statielei 16,2020-10-27,23:00:00,9,6,3,FMN GV 03 Hove
46,Statielei 16,2020-10-28,00:00:00,1,0,1,FMN GV 03 Hove
46,Statielei 16,2020-10-28,01:00:00,0,0,0,FMN GV 03 Hove
46,Statielei 16,2020-10-28,02:00:00,1,1,0,FMN GV 03 Hove
46,Statielei 16,2020-10-28,03:00:00,2,1,1,FMN GV 03 Hove
46,Statielei 16,2020-10-28,04:00:00,6,3,3,FMN GV 03 Hove
46,Statielei 16,2020-10-28,05:00:00,15,8,7,FMN GV 03 Hove
46,Statielei 16,2020-10-28,06:00:00,39,32,7,FMN GV 03 Hove
46,Statielei 16,2020-10-28,07:00:00,191,151,40,FMN GV 03 Hove
46,Statielei 16,2020-10-28,08:00:00,175,135,40,FMN GV 03 Hove
46,Statielei 16,2020-10-28,09:00:00,89,54,35,FMN GV 03 Hove
46,Statielei 16,2020-10-28,10:00:00,93,54,39,FMN GV 03 Hove
46,Statielei 16,2020-10-28,11:00:00,110,67,43,FMN GV 03 Hove
46,Statielei 16,2020-10-28,12:00:00,159,68,91,FMN GV 03 Hove
46,Statielei 16,2020-10-28,13:00:00,98,43,55,FMN GV 03 Hove
46,Statielei 16,2020-10-28,14:00:00,72,29,43,FMN GV 03 Hove
46,Statielei 16,2020-10-28,15:00:00,61,23,38,FMN GV 03 Hove
46,Statielei 16,2020-10-28,16:00:00,85,41,44,FMN GV 03 Hove
46,Statielei 16,2020-10-28,17:00:00,121,42,79,FMN GV 03 Hove
46,Statielei 16,2020-10-28,18:00:00,68,29,39,FMN GV 03 Hove
46,Statielei 16,2020-10-28,19:00:00,17,7,10,FMN GV 03 Hove
46,Statielei 16,2020-10-28,20:00:00,19,8,11,FMN GV 03 Hove
46,Statielei 16,2020-10-28,21:00:00,15,8,7,FMN GV 03 Hove
46,Statielei 16,2020-10-28,22:00:00,10,4,6,FMN GV 03 Hove
46,Statielei 16,2020-10-28,23:00:00,7,2,5,FMN GV 03 Hove
46,Statielei 16,2020-10-29,00:00:00,2,1,1,FMN GV 03 Hove
46,Statielei 16,2020-10-29,01:00:00,1,0,1,FMN GV 03 Hove
46,Statielei 16,2020-10-29,02:00:00,1,0,1,FMN GV 03 Hove
46,Statielei 16,2020-10-29,03:00:00,3,1,2,FMN GV 03 Hove
46,Statielei 16,2020-10-29,04:00:00,6,2,4,FMN GV 03 Hove
46,Statielei 16,2020-10-29,05:00:00,10,8,2,FMN GV 03 Hove
46,Statielei 16,2020-10-29,06:00:00,55,38,17,FMN GV 03 Hove
46,Statielei 16,2020-10-29,07:00:00,187,137,50,FMN GV 03 Hove
46,Statielei 16,2020-10-29,08:00:00,169,135,34,FMN GV 03 Hove
46,Statielei 16,2020-10-29,09:00:00,65,34,31,FMN GV 03 Hove
46,Statielei 16,2020-10-29,10:00:00,61,37,24,FMN GV 03 Hove
46,Statielei 16,2020-10-29,11:00:00,63,33,30,FMN GV 03 Hove
46,Statielei 16,2020-10-29,12:00:00,78,45,33,FMN GV 03 Hove
46,Statielei 16,2020-10-29,13:00:00,66,38,28,FMN GV 03 Hove
46,Statielei 16,2020-10-29,14:00:00,62,31,31,FMN GV 03 Hove
46,Statielei 16,2020-10-29,15:00:00,96,35,61,FMN GV 03 Hove
46,Statielei 16,2020-10-29,16:00:00,142,38,104,FMN GV 03 Hove
46,Statielei 16,2020-10-29,17:00:00,127,41,86,FMN GV 03 Hove
46,Statielei 16,2020-10-29,18:00:00,52,14,38,FMN GV 03 Hove
46,Statielei 16,2020-10-29,19:00:00,23,5,18,FMN GV 03 Hove
46,Statielei 16,2020-10-29,20:00:00,21,10,11,FMN GV 03 Hove
46,Statielei 16,2020-10-29,21:00:00,18,6,12,FMN GV 03 Hove
46,Statielei 16,2020-10-29,22:00:00,19,12,7,FMN GV 03 Hove
46,Statielei 16,2020-10-29,23:00:00,9,4,5,FMN GV 03 Hove
46,Statielei 16,2020-10-30,00:00:00,1,0,1,FMN GV 03 Hove
46,Statielei 16,2020-10-30,01:00:00,0,0,0,FMN GV 03 Hove
46,Statielei 16,2020-10-30,02:00:00,1,1,0,FMN GV 03 Hove
46,Statielei 16,2020-10-30,03:00:00,1,0,1,FMN GV 03 Hove
46,Statielei 16,2020-10-30,04:00:00,10,7,3,FMN GV 03 Hove
46,Statielei 16,2020-10-30,05:00:00,16,12,4,FMN GV 03 Hove
46,Statielei 16,2020-10-30,06:00:00,55,40,15,FMN GV 03 Hove
46,Statielei 16,2020-10-30,07:00:00,184,138,46,FMN GV 03 Hove
46,Statielei 16,2020-10-30,08:00:00,162,122,40,FMN GV 03 Hove
46,Statielei 16,2020-10-30,09:00:00,52,40,12,FMN GV 03 Hove
46,Statielei 16,2020-10-30,10:00:00,62,43,19,FMN GV 03 Hove
46,Statielei 16,2020-10-30,11:00:00,67,42,25,FMN GV 03 Hove
46,Statielei 16,2020-10-30,12:00:00,95,36,59,FMN GV 03 Hove
46,Statielei 16,2020-10-30,13:00:00,106,60,46,FMN GV 03 Hove
46,Statielei 16,2020-10-30,14:00:00,119,54,65,FMN GV 03 Hove
46,Statielei 16,2020-10-30,15:00:00,153,59,94,FMN GV 03 Hove
46,Statielei 16,2020-10-30,16:00:00,169,63,106,FMN GV 03 Hove
46,Statielei 16,2020-10-30,17:00:00,141,50,91,FMN GV 03 Hove
46,Statielei 16,2020-10-30,18:00:00,86,39,47,FMN GV 03 Hove
46,Statielei 16,2020-10-30,19:00:00,37,15,22,FMN GV 03 Hove
46,Statielei 16,2020-10-30,20:00:00,32,24,8,FMN GV 03 Hove
46,Statielei 16,2020-10-30,21:00:00,19,9,10,FMN GV 03 Hove
46,Statielei 16,2020-10-30,22:00:00,11,6,5,FMN GV 03 Hove
46,Statielei 16,2020-10-30,23:00:00,24,10,14,FMN GV 03 Hove
46,Statielei 16,2020-10-31,00:00:00,1,1,0,FMN GV 03 Hove
46,Statielei 16,2020-10-31,01:00:00,0,0,0,FMN GV 03 Hove
46,Statielei 16,2020-10-31,02:00:00,0,0,0,FMN GV 03 Hove
46,Statielei 16,2020-10-31,03:00:00,1,0,1,FMN GV 03 Hove
46,Statielei 16,2020-10-31,04:00:00,7,5,2,FMN GV 03 Hove
46,Statielei 16,2020-10-31,05:00:00,9,7,2,FMN GV 03 Hove
46,Statielei 16,2020-10-31,06:00:00,11,5,6,FMN GV 03 Hove
46,Statielei 16,2020-10-31,07:00:00,12,4,8,FMN GV 03 Hove
46,Statielei 16,2020-10-31,08:00:00,60,28,32,FMN GV 03 Hove
46,Statielei 16,2020-10-31,09:00:00,105,47,58,FMN GV 03 Hove
46,Statielei 16,2020-10-31,10:00:00,207,88,119,FMN GV 03 Hove
46,Statielei 16,2020-10-31,11:00:00,246,114,132,FMN GV 03 Hove
46,Statielei 16,2020-10-31,12:00:00,227,126,101,FMN GV 03 Hove
46,Statielei 16,2020-10-31,13:00:00,247,133,114,FMN GV 03 Hove
46,Statielei 16,2020-10-31,14:00:00,237,129,108,FMN GV 03 Hove
46,Statielei 16,2020-10-31,15:00:00,302,172,130,FMN GV 03 Hove
46,Statielei 16,2020-10-31,16:00:00,211,131,80,FMN GV 03 Hove
46,Statielei 16,2020-10-31,17:00:00,77,52,25,FMN GV 03 Hove
46,Statielei 16,2020-10-31,18:00:00,46,29,17,FMN GV 03 Hove
46,Statielei 16,2020-10-31,19:00:00,22,6,16,FMN GV 03 Hove
46,Statielei 16,2020-10-31,20:00:00,14,13,1,FMN GV 03 Hove
46,Statielei 16,2020-10-31,21:00:00,8,5,3,FMN GV 03 Hove
46,Statielei 16,2020-10-31,22:00:00,11,8,3,FMN GV 03 Hove
46,Statielei 16,2020-10-31,23:00:00,14,4,10,FMN GV 03 Hove
46,Statielei 16,2020-11-01,00:00:00,2,0,2,FMN GV 03 Hove
46,Statielei 16,2020-11-01,01:00:00,0,0,0,FMN GV 03 Hove
46,Statielei 16,2020-11-01,02:00:00,1,0,1,FMN GV 03 Hove
46,Statielei 16,2020-11-01,03:00:00,0,0,0,FMN GV 03 Hove
46,Statielei 16,2020-11-01,04:00:00,0,0,0,FMN GV 03 Hove
46,Statielei 16,2020-11-01,05:00:00,7,7,0,FMN GV 03 Hove
46,Statielei 16,2020-11-01,06:00:00,7,4,3,FMN GV 03 Hove
46,Statielei 16,2020-11-01,07:00:00,10,4,6,FMN GV 03 Hove
46,Statielei 16,2020-11-01,08:00:00,9,2,7,FMN GV 03 Hove
46,Statielei 16,2020-11-01,09:00:00,58,26,32,FMN GV 03 Hove
46,Statielei 16,2020-11-01,10:00:00,84,31,53,FMN GV 03 Hove
46,Statielei 16,2020-11-01,11:00:00,91,60,31,FMN GV 03 Hove
46,Statielei 16,2020-11-01,12:00:00,62,45,17,FMN GV 03 Hove
46,Statielei 16,2020-11-01,13:00:00,57,27,30,FMN GV 03 Hove
46,Statielei 16,2020-11-01,14:00:00,63,34,29,FMN GV 03 Hove
46,Statielei 16,2020-11-01,15:00:00,72,37,35,FMN GV 03 Hove
46,Statielei 16,2020-11-01,16:00:00,48,30,18,FMN GV 03 Hove
46,Statielei 16,2020-11-01,17:00:00,44,32,12,FMN GV 03 Hove
46,Statielei 16,2020-11-01,18:00:00,22,10,12,FMN GV 03 Hove
46,Statielei 16,2020-11-01,19:00:00,14,6,8,FMN GV 03 Hove
46,Statielei 16,2020-11-01,20:00:00,17,11,6,FMN GV 03 Hove
46,Statielei 16,2020-11-01,21:00:00,9,8,1,FMN GV 03 Hove
46,Statielei 16,2020-11-01,22:00:00,13,7,6,FMN GV 03 Hove
46,Statielei 16,2020-11-01,23:00:00,3,1,2,FMN GV 03 Hove
46,Statielei 16,2020-11-02,00:00:00,0,0,0,FMN GV 03 Hove
46,Statielei 16,2020-11-02,01:00:00,0,0,0,FMN GV 03 Hove
46,Statielei 16,2020-11-02,02:00:00,0,0,0,FMN GV 03 Hove
46,Statielei 16,2020-11-02,03:00:00,3,1,2,FMN GV 03 Hove
46,Statielei 16,2020-11-02,04:00:00,11,9,2,FMN GV 03 Hove
46,Statielei 16,2020-11-02,05:00:00,12,7,5,FMN GV 03 Hove
46,Statielei 16,2020-11-02,06:00:00,31,22,9,FMN GV 03 Hove
46,Statielei 16,2020-11-02,07:00:00,67,46,21,FMN GV 03 Hove
46,Statielei 16,2020-11-02,08:00:00,77,47,30,FMN GV 03 Hove
46,Statielei 16,2020-11-02,09:00:00,30,13,17,FMN GV 03 Hove
46,Statielei 16,2020-11-02,10:00:00,38,19,19,FMN GV 03 Hove
46,Statielei 16,2020-11-02,11:00:00,54,31,23,FMN GV 03 Hove
46,Statielei 16,2020-11-02,12:00:00,43,18,25,FMN GV 03 Hove
46,Statielei 16,2020-11-02,13:00:00,48,23,25,FMN GV 03 Hove
46,Statielei 16,2020-11-02,14:00:00,44,22,22,FMN GV 03 Hove
46,Statielei 16,2020-11-02,15:00:00,42,15,27,FMN GV 03 Hove
46,Statielei 16,2020-11-02,16:00:00,66,34,32,FMN GV 03 Hove
46,Statielei 16,2020-11-02,17:00:00,69,27,42,FMN GV 03 Hove
46,Statielei 16,2020-11-02,18:00:00,56,26,30,FMN GV 03 Hove
46,Statielei 16,2020-11-02,19:00:00,25,10,15,FMN GV 03 Hove
46,Statielei 16,2020-11-02,20:00:00,16,8,8,FMN GV 03 Hove
46,Statielei 16,2020-11-02,21:00:00,12,7,5,FMN GV 03 Hove
46,Statielei 16,2020-11-02,22:00:00,6,2,4,FMN GV 03 Hove
46,Statielei 16,2020-11-02,23:00:00,4,2,2,FMN GV 03 Hove
46,Statielei 16,2020-11-03,00:00:00,1,0,1,FMN GV 03 Hove
46,Statielei 16,2020-11-03,01:00:00,0,0,0,FMN GV 03 Hove
46,Statielei 16,2020-11-03,02:00:00,1,1,0,FMN GV 03 Hove
46,Statielei 16,2020-11-03,03:00:00,2,0,2,FMN GV 03 Hove
46,Statielei 16,2020-11-03,04:00:00,10,8,2,FMN GV 03 Hove
46,Statielei 16,2020-11-03,05:00:00,18,11,7,FMN GV 03 Hove
46,Statielei 16,2020-11-03,06:00:00,52,37,15,FMN GV 03 Hove
46,Statielei 16,2020-11-03,07:00:00,100,70,30,FMN GV 03 Hove
46,Statielei 16,2020-11-03,08:00:00,90,66,24,FMN GV 03 Hove
46,Statielei 16,2020-11-03,09:00:00,79,36,43,FMN GV 03 Hove
46,Statielei 16,2020-11-03,10:00:00,84,37,47,FMN GV 03 Hove
46,Statielei 16,2020-11-03,11:00:00,95,51,44,FMN GV 03 Hove
46,Statielei 16,2020-11-03,12:00:00,122,74,48,FMN GV 03 Hove
46,Statielei 16,2020-11-03,13:00:00,100,54,46,FMN GV 03 Hove
46,Statielei 16,2020-11-03,14:00:00,106,55,51,FMN GV 03 Hove
46,Statielei 16,2020-11-03,15:00:00,104,49,55,FMN GV 03 Hove
46,Statielei 16,2020-11-03,16:00:00,126,58,68,FMN GV 03 Hove
46,Statielei 16,2020-11-03,17:00:00,137,59,78,FMN GV 03 Hove
46,Statielei 16,2020-11-03,18:00:00,73,27,46,FMN GV 03 Hove
46,Statielei 16,2020-11-03,19:00:00,32,12,20,FMN GV 03 Hove
46,Statielei 16,2020-11-03,20:00:00,27,12,15,FMN GV 03 Hove
46,Statielei 16,2020-11-03,21:00:00,16,9,7,FMN GV 03 Hove
46,Statielei 16,2020-11-03,22:00:00,8,7,1,FMN GV 03 Hove
46,Statielei 16,2020-11-03,23:00:00,7,3,4,FMN GV 03 Hove
46,Statielei 16,2020-11-04,00:00:00,0,0,0,FMN GV 03 Hove
46,Statielei 16,2020-11-04,01:00:00,1,0,1,FMN GV 03 Hove
46,Statielei 16,2020-11-04,02:00:00,3,0,3,FMN GV 03 Hove
46,Statielei 16,2020-11-04,03:00:00,3,1,2,FMN GV 03 Hove
46,Statielei 16,2020-11-04,04:00:00,7,4,3,FMN GV 03 Hove
46,Statielei 16,2020-11-04,05:00:00,23,16,7,FMN GV 03 Hove
46,Statielei 16,2020-11-04,06:00:00,57,44,13,FMN GV 03 Hove
46,Statielei 16,2020-11-04,07:00:00,109,80,29,FMN GV 03 Hove
46,Statielei 16,2020-11-04,08:00:00,105,75,30,FMN GV 03 Hove
46,Statielei 16,2020-11-04,09:00:00,84,46,38,FMN GV 03 Hove
46,Statielei 16,2020-11-04,10:00:00,131,65,66,FMN GV 03 Hove
46,Statielei 16,2020-11-04,11:00:00,159,76,83,FMN GV 03 Hove
46,Statielei 16,2020-11-04,12:00:00,142,67,75,FMN GV 03 Hove
46,Statielei 16,2020-11-04,13:00:00,121,61,60,FMN GV 03 Hove
46,Statielei 16,2020-11-04,14:00:00,201,112,89,FMN GV 03 Hove
46,Statielei 16,2020-11-04,15:00:00,183,84,99,FMN GV 03 Hove
46,Statielei 16,2020-11-04,16:00:00,189,90,99,FMN GV 03 Hove
46,Statielei 16,2020-11-04,17:00:00,166,90,76,FMN GV 03 Hove
46,Statielei 16,2020-11-04,18:00:00,91,45,46,FMN GV 03 Hove
46,Statielei 16,2020-11-04,19:00:00,30,12,18,FMN GV 03 Hove
46,Statielei 16,2020-11-04,20:00:00,22,14,8,FMN GV 03 Hove
46,Statielei 16,2020-11-04,21:00:00,19,9,10,FMN GV 03 Hove
46,Statielei 16,2020-11-04,22:00:00,15,9,6,FMN GV 03 Hove
46,Statielei 16,2020-11-04,23:00:00,8,7,1,FMN GV 03 Hove
46,Statielei 16,2020-11-05,00:00:00,2,1,1,FMN GV 03 Hove
46,Statielei 16,2020-11-05,01:00:00,0,0,0,FMN GV 03 Hove
46,Statielei 16,2020-11-05,02:00:00,2,1,1,FMN GV 03 Hove
46,Statielei 16,2020-11-05,03:00:00,2,0,2,FMN GV 03 Hove
46,Statielei 16,2020-11-05,04:00:00,6,4,2,FMN GV 03 Hove
46,Statielei 16,2020-11-05,05:00:00,22,13,9,FMN GV 03 Hove
46,Statielei 16,2020-11-05,06:00:00,56,41,15,FMN GV 03 Hove
46,Statielei 16,2020-11-05,07:00:00,97,61,36,FMN GV 03 Hove
46,Statielei 16,2020-11-05,08:00:00,89,57,32,FMN GV 03 Hove
46,Statielei 16,2020-11-05,09:00:00,73,40,33,FMN GV 03 Hove
46,Statielei 16,2020-11-05,10:00:00,74,35,39,FMN GV 03 Hove
46,Statielei 16,2020-11-05,11:00:00,91,48,43,FMN GV 03 Hove
46,Statielei 16,2020-11-05,12:00:00,112,46,66,FMN GV 03 Hove
46,Statielei 16,2020-11-05,13:00:00,155,85,70,FMN GV 03 Hove
46,Statielei 16,2020-11-05,14:00:00,173,77,96,FMN GV 03 Hove
46,Statielei 16,2020-11-05,15:00:00,204,103,101,FMN GV 03 Hove
46,Statielei 16,2020-11-05,16:00:00,218,114,104,FMN GV 03 Hove
46,Statielei 16,2020-11-05,17:00:00,148,71,77,FMN GV 03 Hove
46,Statielei 16,2020-11-05,18:00:00,62,25,37,FMN GV 03 Hove
46,Statielei 16,2020-11-05,19:00:00,33,21,12,FMN GV 03 Hove
46,Statielei 16,2020-11-05,20:00:00,21,10,11,FMN GV 03 Hove
46,Statielei 16,2020-11-05,21:00:00,23,15,8,FMN GV 03 Hove
46,Statielei 16,2020-11-05,22:00:00,12,7,5,FMN GV 03 Hove
46,Statielei 16,2020-11-05,23:00:00,9,2,7,FMN GV 03 Hove
46,Statielei 16,2020-11-06,00:00:00,0,0,0,FMN GV 03 Hove
46,Statielei 16,2020-11-06,01:00:00,0,0,0,FMN GV 03 Hove
46,Statielei 16,2020-11-06,02:00:00,1,1,0,FMN GV 03 Hove
46,Statielei 16,2020-11-06,03:00:00,3,0,3,FMN GV 03 Hove
46,Statielei 16,2020-11-06,04:00:00,8,6,2,FMN GV 03 Hove
46,Statielei 16,2020-11-06,05:00:00,11,5,6,FMN GV 03 Hove
46,Statielei 16,2020-11-06,06:00:00,36,26,10,FMN GV 03 Hove
46,Statielei 16,2020-11-06,07:00:00,75,56,19,FMN GV 03 Hove
46,Statielei 16,2020-11-06,08:00:00,84,53,31,FMN GV 03 Hove
46,Statielei 16,2020-11-06,09:00:00,50,32,18,FMN GV 03 Hove
46,Statielei 16,2020-11-06,10:00:00,79,45,34,FMN GV 03 Hove
46,Statielei 16,2020-11-06,11:00:00,83,51,32,FMN GV 03 Hove
46,Statielei 16,2020-11-06,12:00:00,117,53,64,FMN GV 03 Hove
46,Statielei 16,2020-11-06,13:00:00,161,82,79,FMN GV 03 Hove
46,Statielei 16,2020-11-06,14:00:00,187,96,91,FMN GV 03 Hove
46,Statielei 16,2020-11-06,15:00:00,180,107,73,FMN GV 03 Hove
46,Statielei 16,2020-11-06,16:00:00,180,103,77,FMN GV 03 Hove
46,Statielei 16,2020-11-06,17:00:00,137,72,65,FMN GV 03 Hove
46,Statielei 16,2020-11-06,18:00:00,61,27,34,FMN GV 03 Hove
46,Statielei 16,2020-11-06,19:00:00,31,13,18,FMN GV 03 Hove
46,Statielei 16,2020-11-06,20:00:00,22,10,12,FMN GV 03 Hove
46,Statielei 16,2020-11-06,21:00:00,19,9,10,FMN GV 03 Hove
46,Statielei 16,2020-11-06,22:00:00,11,5,6,FMN GV 03 Hove
46,Statielei 16,2020-11-06,23:00:00,18,10,8,FMN GV 03 Hove
46,Statielei 16,2020-11-07,00:00:00,2,1,1,FMN GV 03 Hove
46,Statielei 16,2020-11-07,01:00:00,2,0,2,FMN GV 03 Hove
46,Statielei 16,2020-11-07,02:00:00,1,1,0,FMN GV 03 Hove
46,Statielei 16,2020-11-07,03:00:00,5,1,4,FMN GV 03 Hove
46,Statielei 16,2020-11-07,04:00:00,5,3,2,FMN GV 03 Hove
46,Statielei 16,2020-11-07,05:00:00,10,5,5,FMN GV 03 Hove
46,Statielei 16,2020-11-07,06:00:00,5,4,1,FMN GV 03 Hove
46,Statielei 16,2020-11-07,07:00:00,6,3,3,FMN GV 03 Hove
46,Statielei 16,2020-11-07,08:00:00,29,15,14,FMN GV 03 Hove
46,Statielei 16,2020-11-07,09:00:00,86,28,58,FMN GV 03 Hove
46,Statielei 16,2020-11-07,10:00:00,151,68,83,FMN GV 03 Hove
46,Statielei 16,2020-11-07,11:00:00,188,93,95,FMN GV 03 Hove
46,Statielei 16,2020-11-07,12:00:00,225,115,110,FMN GV 03 Hove
46,Statielei 16,2020-11-07,13:00:00,316,175,141,FMN GV 03 Hove
46,Statielei 16,2020-11-07,14:00:00,335,187,148,FMN GV 03 Hove
46,Statielei 16,2020-11-07,15:00:00,300,170,130,FMN GV 03 Hove
46,Statielei 16,2020-11-07,16:00:00,263,173,90,FMN GV 03 Hove
46,Statielei 16,2020-11-07,17:00:00,126,76,50,FMN GV 03 Hove
46,Statielei 16,2020-11-07,18:00:00,34,14,20,FMN GV 03 Hove
46,Statielei 16,2020-11-07,19:00:00,33,12,21,FMN GV 03 Hove
46,Statielei 16,2020-11-07,20:00:00,30,19,11,FMN GV 03 Hove
46,Statielei 16,2020-11-07,21:00:00,16,9,7,FMN GV 03 Hove
46,Statielei 16,2020-11-07,22:00:00,14,7,7,FMN GV 03 Hove
46,Statielei 16,2020-11-07,23:00:00,14,8,6,FMN GV 03 Hove
46,Statielei 16,2020-11-08,00:00:00,1,1,0,FMN GV 03 Hove
46,Statielei 16,2020-11-08,01:00:00,0,0,0,FMN GV 03 Hove
46,Statielei 16,2020-11-08,02:00:00,1,1,0,FMN GV 03 Hove
46,Statielei 16,2020-11-08,03:00:00,0,0,0,FMN GV 03 Hove
46,Statielei 16,2020-11-08,04:00:00,1,1,0,FMN GV 03 Hove
46,Statielei 16,2020-11-08,05:00:00,9,7,2,FMN GV 03 Hove
46,Statielei 16,2020-11-08,06:00:00,8,4,4,FMN GV 03 Hove
46,Statielei 16,2020-11-08,07:00:00,14,7,7,FMN GV 03 Hove
46,Statielei 16,2020-11-08,08:00:00,19,10,9,FMN GV 03 Hove
46,Statielei 16,2020-11-08,09:00:00,110,29,81,FMN GV 03 Hove
46,Statielei 16,2020-11-08,10:00:00,148,51,97,FMN GV 03 Hove
46,Statielei 16,2020-11-08,11:00:00,180,98,82,FMN GV 03 Hove
46,Statielei 16,2020-11-08,12:00:00,207,123,84,FMN GV 03 Hove
46,Statielei 16,2020-11-08,13:00:00,215,132,83,FMN GV 03 Hove
46,Statielei 16,2020-11-08,14:00:00,258,148,110,FMN GV 03 Hove
46,Statielei 16,2020-11-08,15:00:00,232,147,85,FMN GV 03 Hove
46,Statielei 16,2020-11-08,16:00:00,210,139,71,FMN GV 03 Hove
46,Statielei 16,2020-11-08,17:00:00,108,75,33,FMN GV 03 Hove
46,Statielei 16,2020-11-08,18:00:00,33,17,16,FMN GV 03 Hove
46,Statielei 16,2020-11-08,19:00:00,20,9,11,FMN GV 03 Hove
46,Statielei 16,2020-11-08,20:00:00,26,21,5,FMN GV 03 Hove
46,Statielei 16,2020-11-08,21:00:00,15,8,7,FMN GV 03 Hove
46,Statielei 16,2020-11-08,22:00:00,12,5,7,FMN GV 03 Hove
46,Statielei 16,2020-11-08,23:00:00,8,4,4,FMN GV 03 Hove
46,Statielei 16,2020-11-09,00:00:00,2,1,1,FMN GV 03 Hove
46,Statielei 16,2020-11-09,01:00:00,0,0,0,FMN GV 03 Hove
46,Statielei 16,2020-11-09,02:00:00,1,1,0,FMN GV 03 Hove
46,Statielei 16,2020-11-09,03:00:00,2,0,2,FMN GV 03 Hove
46,Statielei 16,2020-11-09,04:00:00,7,4,3,FMN GV 03 Hove
46,Statielei 16,2020-11-09,05:00:00,18,12,6,FMN GV 03 Hove
46,Statielei 16,2020-11-09,06:00:00,61,44,17,FMN GV 03 Hove
46,Statielei 16,2020-11-09,07:00:00,124,96,28,FMN GV 03 Hove
46,Statielei 16,2020-11-09,08:00:00,109,77,32,FMN GV 03 Hove
46,Statielei 16,2020-11-09,09:00:00,55,33,22,FMN GV 03 Hove
46,Statielei 16,2020-11-09,10:00:00,63,34,29,FMN GV 03 Hove
46,Statielei 16,2020-11-09,11:00:00,65,44,21,FMN GV 03 Hove
46,Statielei 16,2020-11-09,12:00:00,101,56,45,FMN GV 03 Hove
46,Statielei 16,2020-11-09,13:00:00,146,56,90,FMN GV 03 Hove
46,Statielei 16,2020-11-09,14:00:00,169,97,72,FMN GV 03 Hove
46,Statielei 16,2020-11-09,15:00:00,158,77,81,FMN GV 03 Hove
46,Statielei 16,2020-11-09,16:00:00,208,100,108,FMN GV 03 Hove
46,Statielei 16,2020-11-09,17:00:00,149,66,83,FMN GV 03 Hove
46,Statielei 16,2020-11-09,18:00:00,76,36,40,FMN GV 03 Hove
46,Statielei 16,2020-11-09,19:00:00,40,20,20,FMN GV 03 Hove
46,Statielei 16,2020-11-09,20:00:00,35,15,20,FMN GV 03 Hove
46,Statielei 16,2020-11-09,21:00:00,17,10,7,FMN GV 03 Hove
46,Statielei 16,2020-11-09,22:00:00,27,16,11,FMN GV 03 Hove
46,Statielei 16,2020-11-09,23:00:00,9,4,5,FMN GV 03 Hove
46,Statielei 16,2020-11-10,00:00:00,1,1,0,FMN GV 03 Hove
46,Statielei 16,2020-11-10,01:00:00,1,0,1,FMN GV 03 Hove
46,Statielei 16,2020-11-10,02:00:00,1,1,0,FMN GV 03 Hove
46,Statielei 16,2020-11-10,03:00:00,0,0,0,FMN GV 03 Hove
46,Statielei 16,2020-11-10,04:00:00,11,7,4,FMN GV 03 Hove
46,Statielei 16,2020-11-10,05:00:00,14,8,6,FMN GV 03 Hove
46,Statielei 16,2020-11-10,06:00:00,46,36,10,FMN GV 03 Hove
46,Statielei 16,2020-11-10,07:00:00,104,85,19,FMN GV 03 Hove
46,Statielei 16,2020-11-10,08:00:00,107,69,38,FMN GV 03 Hove
46,Statielei 16,2020-11-10,09:00:00,73,39,34,FMN GV 03 Hove
46,Statielei 16,2020-11-10,10:00:00,49,20,29,FMN GV 03 Hove
46,Statielei 16,2020-11-10,11:00:00,107,58,49,FMN GV 03 Hove
46,Statielei 16,2020-11-10,12:00:00,97,55,42,FMN GV 03 Hove
46,Statielei 16,2020-11-10,13:00:00,116,70,46,FMN GV 03 Hove
46,Statielei 16,2020-11-10,14:00:00,101,57,44,FMN GV 03 Hove
46,Statielei 16,2020-11-10,15:00:00,76,25,51,FMN GV 03 Hove
46,Statielei 16,2020-11-10,16:00:00,85,36,49,FMN GV 03 Hove
46,Statielei 16,2020-11-10,17:00:00,100,30,70,FMN GV 03 Hove
46,Statielei 16,2020-11-10,18:00:00,58,16,42,FMN GV 03 Hove
46,Statielei 16,2020-11-10,19:00:00,27,9,18,FMN GV 03 Hove
46,Statielei 16,2020-11-10,20:00:00,29,15,14,FMN GV 03 Hove
46,Statielei 16,2020-11-10,21:00:00,16,5,11,FMN GV 03 Hove
46,Statielei 16,2020-11-10,22:00:00,18,10,8,FMN GV 03 Hove
46,Statielei 16,2020-11-10,23:00:00,12,3,9,FMN GV 03 Hove
46,Statielei 16,2020-11-11,00:00:00,2,0,2,FMN GV 03 Hove
46,Statielei 16,2020-11-11,01:00:00,0,0,0,FMN GV 03 Hove
46,Statielei 16,2020-11-11,02:00:00,0,0,0,FMN GV 03 Hove
46,Statielei 16,2020-11-11,03:00:00,0,0,0,FMN GV 03 Hove
46,Statielei 16,2020-11-11,04:00:00,3,2,1,FMN GV 03 Hove
46,Statielei 16,2020-11-11,05:00:00,10,8,2,FMN GV 03 Hove
46,Statielei 16,2020-11-11,06:00:00,15,6,9,FMN GV 03 Hove
46,Statielei 16,2020-11-11,07:00:00,14,7,7,FMN GV 03 Hove
46,Statielei 16,2020-11-11,08:00:00,41,27,14,FMN GV 03 Hove
46,Statielei 16,2020-11-11,09:00:00,107,31,76,FMN GV 03 Hove
46,Statielei 16,2020-11-11,10:00:00,114,39,75,FMN GV 03 Hove
46,Statielei 16,2020-11-11,11:00:00,201,110,91,FMN GV 03 Hove
46,Statielei 16,2020-11-11,12:00:00,148,90,58,FMN GV 03 Hove
46,Statielei 16,2020-11-11,13:00:00,190,97,93,FMN GV 03 Hove
46,Statielei 16,2020-11-11,14:00:00,248,138,110,FMN GV 03 Hove
46,Statielei 16,2020-11-11,15:00:00,270,160,110,FMN GV 03 Hove
46,Statielei 16,2020-11-11,16:00:00,153,106,47,FMN GV 03 Hove
46,Statielei 16,2020-11-11,17:00:00,75,42,33,FMN GV 03 Hove
46,Statielei 16,2020-11-11,18:00:00,38,26,12,FMN GV 03 Hove
46,Statielei 16,2020-11-11,19:00:00,23,11,12,FMN GV 03 Hove
46,Statielei 16,2020-11-11,20:00:00,23,15,8,FMN GV 03 Hove
46,Statielei 16,2020-11-11,21:00:00,10,7,3,FMN GV 03 Hove
46,Statielei 16,2020-11-11,22:00:00,8,5,3,FMN GV 03 Hove
46,Statielei 16,2020-11-11,23:00:00,15,6,9,FMN GV 03 Hove
46,Statielei 16,2020-11-12,00:00:00,0,0,0,FMN GV 03 Hove
46,Statielei 16,2020-11-12,01:00:00,0,0,0,FMN GV 03 Hove
46,Statielei 16,2020-11-12,02:00:00,3,2,1,FMN GV 03 Hove
46,Statielei 16,2020-11-12,03:00:00,2,1,1,FMN GV 03 Hove
46,Statielei 16,2020-11-12,04:00:00,9,5,4,FMN GV 03 Hove
46,Statielei 16,2020-11-12,05:00:00,9,6,3,FMN GV 03 Hove
46,Statielei 16,2020-11-12,06:00:00,29,22,7,FMN GV 03 Hove
46,Statielei 16,2020-11-12,07:00:00,90,59,31,FMN GV 03 Hove
46,Statielei 16,2020-11-12,08:00:00,100,73,27,FMN GV 03 Hove
46,Statielei 16,2020-11-12,09:00:00,51,35,16,FMN GV 03 Hove
46,Statielei 16,2020-11-12,10:00:00,59,39,20,FMN GV 03 Hove
46,Statielei 16,2020-11-12,11:00:00,71,43,28,FMN GV 03 Hove
46,Statielei 16,2020-11-12,12:00:00,90,44,46,FMN GV 03 Hove
46,Statielei 16,2020-11-12,13:00:00,129,74,55,FMN GV 03 Hove
46,Statielei 16,2020-11-12,14:00:00,103,55,48,FMN GV 03 Hove
46,Statielei 16,2020-11-12,15:00:00,100,52,48,FMN GV 03 Hove
46,Statielei 16,2020-11-12,16:00:00,121,61,60,FMN GV 03 Hove
46,Statielei 16,2020-11-12,17:00:00,135,49,86,FMN GV 03 Hove
46,Statielei 16,2020-11-12,18:00:00,71,34,37,FMN GV 03 Hove
46,Statielei 16,2020-11-12,19:00:00,46,24,22,FMN GV 03 Hove
46,Statielei 16,2020-11-12,20:00:00,22,9,13,FMN GV 03 Hove
46,Statielei 16,2020-11-12,21:00:00,11,3,8,FMN GV 03 Hove
46,Statielei 16,2020-11-12,22:00:00,20,8,12,FMN GV 03 Hove
46,Statielei 16,2020-11-12,23:00:00,13,9,4,FMN GV 03 Hove
46,Statielei 16,2020-11-13,00:00:00,1,0,1,FMN GV 03 Hove
46,Statielei 16,2020-11-13,01:00:00,0,0,0,FMN GV 03 Hove
46,Statielei 16,2020-11-13,02:00:00,1,1,0,FMN GV 03 Hove
46,Statielei 16,2020-11-13,03:00:00,1,1,0,FMN GV 03 Hove
46,Statielei 16,2020-11-13,04:00:00,11,7,4,FMN GV 03 Hove
46,Statielei 16,2020-11-13,05:00:00,14,8,6,FMN GV 03 Hove
46,Statielei 16,2020-11-13,06:00:00,45,33,12,FMN GV 03 Hove
46,Statielei 16,2020-11-13,07:00:00,87,65,22,FMN GV 03 Hove
46,Statielei 16,2020-11-13,08:00:00,107,70,37,FMN GV 03 Hove
46,Statielei 16,2020-11-13,09:00:00,55,27,28,FMN GV 03 Hove
46,Statielei 16,2020-11-13,10:00:00,73,42,31,FMN GV 03 Hove
46,Statielei 16,2020-11-13,11:00:00,69,36,33,FMN GV 03 Hove
46,Statielei 16,2020-11-13,12:00:00,82,46,36,FMN GV 03 Hove
46,Statielei 16,2020-11-13,13:00:00,95,59,36,FMN GV 03 Hove
46,Statielei 16,2020-11-13,14:00:00,99,45,54,FMN GV 03 Hove
46,Statielei 16,2020-11-13,15:00:00,89,34,55,FMN GV 03 Hove
46,Statielei 16,2020-11-13,16:00:00,127,61,66,FMN GV 03 Hove
46,Statielei 16,2020-11-13,17:00:00,86,32,54,FMN GV 03 Hove
46,Statielei 16,2020-11-13,18:00:00,65,29,36,FMN GV 03 Hove
46,Statielei 16,2020-11-13,19:00:00,25,11,14,FMN GV 03 Hove
46,Statielei 16,2020-11-13,20:00:00,10,8,2,FMN GV 03 Hove
46,Statielei 16,2020-11-13,21:00:00,15,6,9,FMN GV 03 Hove
46,Statielei 16,2020-11-13,22:00:00,9,4,5,FMN GV 03 Hove
46,Statielei 16,2020-11-13,23:00:00,9,7,2,FMN GV 03 Hove
46,Statielei 16,2020-11-14,00:00:00,2,0,2,FMN GV 03 Hove
46,Statielei 16,2020-11-14,01:00:00,1,1,0,FMN GV 03 Hove
46,Statielei 16,2020-11-14,02:00:00,1,1,0,FMN GV 03 Hove
46,Statielei 16,2020-11-14,03:00:00,0,0,0,FMN GV 03 Hove
46,Statielei 16,2020-11-14,04:00:00,5,2,3,FMN GV 03 Hove
46,Statielei 16,2020-11-14,05:00:00,6,4,2,FMN GV 03 Hove
46,Statielei 16,2020-11-14,06:00:00,14,8,6,FMN GV 03 Hove
46,Statielei 16,2020-11-14,07:00:00,11,4,7,FMN GV 03 Hove
46,Statielei 16,2020-11-14,08:00:00,44,20,24,FMN GV 03 Hove
46,Statielei 16,2020-11-14,09:00:00,80,27,53,FMN GV 03 Hove
46,Statielei 16,2020-11-14,10:00:00,163,80,83,FMN GV 03 Hove
46,Statielei 16,2020-11-14,11:00:00,157,81,76,FMN GV 03 Hove
46,Statielei 16,2020-11-14,12:00:00,206,115,91,FMN GV 03 Hove
46,Statielei 16,2020-11-14,13:00:00,240,140,100,FMN GV 03 Hove
46,Statielei 16,2020-11-14,14:00:00,284,158,126,FMN GV 03 Hove
46,Statielei 16,2020-11-14,15:00:00,268,162,106,FMN GV 03 Hove
46,Statielei 16,2020-11-14,16:00:00,237,152,85,FMN GV 03 Hove
46,Statielei 16,2020-11-14,17:00:00,126,65,61,FMN GV 03 Hove
46,Statielei 16,2020-11-14,18:00:00,38,25,13,FMN GV 03 Hove
46,Statielei 16,2020-11-14,19:00:00,25,12,13,FMN GV 03 Hove
46,Statielei 16,2020-11-14,20:00:00,23,12,11,FMN GV 03 Hove
46,Statielei 16,2020-11-14,21:00:00,12,6,6,FMN GV 03 Hove
46,Statielei 16,2020-11-14,22:00:00,11,4,7,FMN GV 03 Hove
46,Statielei 16,2020-11-14,23:00:00,24,12,12,FMN GV 03 Hove
46,Statielei 16,2020-11-15,00:00:00,5,3,2,FMN GV 03 Hove
46,Statielei 16,2020-11-15,01:00:00,0,0,0,FMN GV 03 Hove
46,Statielei 16,2020-11-15,02:00:00,0,0,0,FMN GV 03 Hove
46,Statielei 16,2020-11-15,03:00:00,1,0,1,FMN GV 03 Hove
46,Statielei 16,2020-11-15,04:00:00,1,0,1,FMN GV 03 Hove
46,Statielei 16,2020-11-15,05:00:00,2,2,0,FMN GV 03 Hove
46,Statielei 16,2020-11-15,06:00:00,12,7,5,FMN GV 03 Hove
46,Statielei 16,2020-11-15,07:00:00,17,6,11,FMN GV 03 Hove
46,Statielei 16,2020-11-15,08:00:00,26,10,16,FMN GV 03 Hove
46,Statielei 16,2020-11-15,09:00:00,100,25,75,FMN GV 03 Hove
46,Statielei 16,2020-11-15,10:00:00,137,70,67,FMN GV 03 Hove
46,Statielei 16,2020-11-15,11:00:00,160,109,51,FMN GV 03 Hove
46,Statielei 16,2020-11-15,12:00:00,78,46,32,FMN GV 03 Hove
46,Statielei 16,2020-11-15,13:00:00,36,25,11,FMN GV 03 Hove
46,Statielei 16,2020-11-15,14:00:00,25,18,7,FMN GV 03 Hove
46,Statielei 16,2020-11-15,15:00:00,15,8,7,FMN GV 03 Hove
46,Statielei 16,2020-11-15,16:00:00,19,6,13,FMN GV 03 Hove
46,Statielei 16,2020-11-15,17:00:00,21,15,6,FMN GV 03 Hove
46,Statielei 16,2020-11-15,18:00:00,9,3,6,FMN GV 03 Hove
46,Statielei 16,2020-11-15,19:00:00,13,8,5,FMN GV 03 Hove
46,Statielei 16,2020-11-15,20:00:00,15,10,5,FMN GV 03 Hove
46,Statielei 16,2020-11-15,21:00:00,5,4,1,FMN GV 03 Hove
46,Statielei 16,2020-11-15,22:00:00,7,4,3,FMN GV 03 Hove
46,Statielei 16,2020-11-15,23:00:00,4,1,3,FMN GV 03 Hove
46,Statielei 16,2020-11-16,00:00:00,0,0,0,FMN GV 03 Hove
46,Statielei 16,2020-11-16,01:00:00,0,0,0,FMN GV 03 Hove
46,Statielei 16,2020-11-16,02:00:00,1,1,0,FMN GV 03 Hove
46,Statielei 16,2020-11-16,03:00:00,0,0,0,FMN GV 03 Hove
46,Statielei 16,2020-11-16,04:00:00,12,7,5,FMN GV 03 Hove
46,Statielei 16,2020-11-16,05:00:00,18,12,6,FMN GV 03 Hove
46,Statielei 16,2020-11-16,06:00:00,63,47,16,FMN GV 03 Hove
46,Statielei 16,2020-11-16,07:00:00,209,168,41,FMN GV 03 Hove
46,Statielei 16,2020-11-16,08:00:00,164,116,48,FMN GV 03 Hove
46,Statielei 16,2020-11-16,09:00:00,48,37,11,FMN GV 03 Hove
46,Statielei 16,2020-11-16,10:00:00,38,20,18,FMN GV 03 Hove
46,Statielei 16,2020-11-16,11:00:00,51,33,18,FMN GV 03 Hove
46,Statielei 16,2020-11-16,12:00:00,65,39,26,FMN GV 03 Hove
46,Statielei 16,2020-11-16,13:00:00,76,41,35,FMN GV 03 Hove
46,Statielei 16,2020-11-16,14:00:00,76,29,47,FMN GV 03 Hove
46,Statielei 16,2020-11-16,15:00:00,105,49,56,FMN GV 03 Hove
46,Statielei 16,2020-11-16,16:00:00,189,61,128,FMN GV 03 Hove
46,Statielei 16,2020-11-16,17:00:00,139,49,90,FMN GV 03 Hove
46,Statielei 16,2020-11-16,18:00:00,68,30,38,FMN GV 03 Hove
46,Statielei 16,2020-11-16,19:00:00,32,13,19,FMN GV 03 Hove
46,Statielei 16,2020-11-16,20:00:00,23,10,13,FMN GV 03 Hove
46,Statielei 16,2020-11-16,21:00:00,21,14,7,FMN GV 03 Hove
46,Statielei 16,2020-11-16,22:00:00,27,8,19,FMN GV 03 Hove
46,Statielei 16,2020-11-16,23:00:00,5,0,5,FMN GV 03 Hove
46,Statielei 16,2020-11-17,00:00:00,3,1,2,FMN GV 03 Hove
46,Statielei 16,2020-11-17,01:00:00,0,0,0,FMN GV 03 Hove
46,Statielei 16,2020-11-17,02:00:00,1,1,0,FMN GV 03 Hove
46,Statielei 16,2020-11-17,03:00:00,7,1,6,FMN GV 03 Hove
46,Statielei 16,2020-11-17,04:00:00,7,5,2,FMN GV 03 Hove
46,Statielei 16,2020-11-17,05:00:00,24,15,9,FMN GV 03 Hove
46,Statielei 16,2020-11-17,06:00:00,69,51,18,FMN GV 03 Hove
46,Statielei 16,2020-11-17,07:00:00,214,173,41,FMN GV 03 Hove
46,Statielei 16,2020-11-17,08:00:00,199,153,46,FMN GV 03 Hove
46,Statielei 16,2020-11-17,09:00:00,81,48,33,FMN GV 03 Hove
46,Statielei 16,2020-11-17,10:00:00,44,26,18,FMN GV 03 Hove
46,Statielei 16,2020-11-17,11:00:00,64,33,31,FMN GV 03 Hove
46,Statielei 16,2020-11-17,12:00:00,112,56,56,FMN GV 03 Hove
46,Statielei 16,2020-11-17,13:00:00,93,55,38,FMN GV 03 Hove
46,Statielei 16,2020-11-17,14:00:00,119,52,67,FMN GV 03 Hove
46,Statielei 16,2020-11-17,15:00:00,136,62,74,FMN GV 03 Hove
46,Statielei 16,2020-11-17,16:00:00,204,65,139,FMN GV 03 Hove
46,Statielei 16,2020-11-17,17:00:00,186,64,122,FMN GV 03 Hove
46,Statielei 16,2020-11-17,18:00:00,99,33,66,FMN GV 03 Hove
46,Statielei 16,2020-11-17,19:00:00,55,26,29,FMN GV 03 Hove
46,Statielei 16,2020-11-17,20:00:00,38,12,26,FMN GV 03 Hove
46,Statielei 16,2020-11-17,21:00:00,24,14,10,FMN GV 03 Hove
46,Statielei 16,2020-11-17,22:00:00,25,9,16,FMN GV 03 Hove
46,Statielei 16,2020-11-17,23:00:00,9,5,4,FMN GV 03 Hove
46,Statielei 16,2020-11-18,00:00:00,3,1,2,FMN GV 03 Hove
46,Statielei 16,2020-11-18,01:00:00,0,0,0,FMN GV 03 Hove
46,Statielei 16,2020-11-18,02:00:00,1,1,0,FMN GV 03 Hove
46,Statielei 16,2020-11-18,03:00:00,4,1,3,FMN GV 03 Hove
46,Statielei 16,2020-11-18,04:00:00,9,6,3,FMN GV 03 Hove
46,Statielei 16,2020-11-18,05:00:00,27,18,9,FMN GV 03 Hove
46,Statielei 16,2020-11-18,06:00:00,74,55,19,FMN GV 03 Hove
46,Statielei 16,2020-11-18,07:00:00,226,184,42,FMN GV 03 Hove
46,Statielei 16,2020-11-18,08:00:00,211,155,56,FMN GV 03 Hove
46,Statielei 16,2020-11-18,09:00:00,101,62,39,FMN GV 03 Hove
46,Statielei 16,2020-11-18,10:00:00,133,74,59,FMN GV 03 Hove
46,Statielei 16,2020-11-18,11:00:00,141,64,77,FMN GV 03 Hove
46,Statielei 16,2020-11-18,12:00:00,220,79,141,FMN GV 03 Hove
46,Statielei 16,2020-11-18,13:00:00,237,119,118,FMN GV 03 Hove
46,Statielei 16,2020-11-18,14:00:00,239,107,132,FMN GV 03 Hove
46,Statielei 16,2020-11-18,15:00:00,261,131,130,FMN GV 03 Hove
46,Statielei 16,2020-11-18,16:00:00,226,102,124,FMN GV 03 Hove
46,Statielei 16,2020-11-18,17:00:00,174,73,101,FMN GV 03 Hove
46,Statielei 16,2020-11-18,18:00:00,105,46,59,FMN GV 03 Hove
46,Statielei 16,2020-11-18,19:00:00,44,25,19,FMN GV 03 Hove
46,Statielei 16,2020-11-18,20:00:00,34,19,15,FMN GV 03 Hove
46,Statielei 16,2020-11-18,21:00:00,20,8,12,FMN GV 03 Hove
46,Statielei 16,2020-11-18,22:00:00,35,17,18,FMN GV 03 Hove
46,Statielei 16,2020-11-18,23:00:00,9,4,5,FMN GV 03 Hove
46,Statielei 16,2020-11-19,00:00:00,6,1,5,FMN GV 03 Hove
46,Statielei 16,2020-11-19,01:00:00,0,0,0,FMN GV 03 Hove
46,Statielei 16,2020-11-19,02:00:00,1,1,0,FMN GV 03 Hove
46,Statielei 16,2020-11-19,03:00:00,1,0,1,FMN GV 03 Hove
46,Statielei 16,2020-11-19,04:00:00,9,6,3,FMN GV 03 Hove
46,Statielei 16,2020-11-19,05:00:00,16,8,8,FMN GV 03 Hove
46,Statielei 16,2020-11-19,06:00:00,62,43,19,FMN GV 03 Hove
46,Statielei 16,2020-11-19,07:00:00,175,131,44,FMN GV 03 Hove
46,Statielei 16,2020-11-19,08:00:00,157,120,37,FMN GV 03 Hove
46,Statielei 16,2020-11-19,09:00:00,48,37,11,FMN GV 03 Hove
46,Statielei 16,2020-11-19,10:00:00,42,25,17,FMN GV 03 Hove
46,Statielei 16,2020-11-19,11:00:00,38,24,14,FMN GV 03 Hove
46,Statielei 16,2020-11-19,12:00:00,62,34,28,FMN GV 03 Hove
46,Statielei 16,2020-11-19,13:00:00,47,24,23,FMN GV 03 Hove
46,Statielei 16,2020-11-19,14:00:00,58,28,30,FMN GV 03 Hove
46,Statielei 16,2020-11-19,15:00:00,77,35,42,FMN GV 03 Hove
46,Statielei 16,2020-11-19,16:00:00,144,33,111,FMN GV 03 Hove
46,Statielei 16,2020-11-19,17:00:00,129,52,77,FMN GV 03 Hove
46,Statielei 16,2020-11-19,18:00:00,70,29,41,FMN GV 03 Hove
46,Statielei 16,2020-11-19,19:00:00,40,18,22,FMN GV 03 Hove
46,Statielei 16,2020-11-19,20:00:00,20,6,14,FMN GV 03 Hove
46,Statielei 16,2020-11-19,21:00:00,16,11,5,FMN GV 03 Hove
46,Statielei 16,2020-11-19,22:00:00,25,8,17,FMN GV 03 Hove
46,Statielei 16,2020-11-19,23:00:00,10,5,5,FMN GV 03 Hove
46,Statielei 16,2020-11-20,00:00:00,3,1,2,FMN GV 03 Hove
46,Statielei 16,2020-11-20,01:00:00,0,0,0,FMN GV 03 Hove
46,Statielei 16,2020-11-20,02:00:00,1,1,0,FMN GV 03 Hove
46,Statielei 16,2020-11-20,03:00:00,4,1,3,FMN GV 03 Hove
46,Statielei 16,2020-11-20,04:00:00,9,6,3,FMN GV 03 Hove
46,Statielei 16,2020-11-20,05:00:00,14,9,5,FMN GV 03 Hove
46,Statielei 16,2020-11-20,06:00:00,61,47,14,FMN GV 03 Hove
46,Statielei 16,2020-11-20,07:00:00,174,134,40,FMN GV 03 Hove
46,Statielei 16,2020-11-20,08:00:00,171,123,48,FMN GV 03 Hove
46,Statielei 16,2020-11-20,09:00:00,68,43,25,FMN GV 03 Hove
46,Statielei 16,2020-11-20,10:00:00,72,37,35,FMN GV 03 Hove
46,Statielei 16,2020-11-20,11:00:00,81,45,36,FMN GV 03 Hove
46,Statielei 16,2020-11-20,12:00:00,109,51,58,FMN GV 03 Hove
46,Statielei 16,2020-11-20,13:00:00,155,73,82,FMN GV 03 Hove
46,Statielei 16,2020-11-20,14:00:00,151,72,79,FMN GV 03 Hove
46,Statielei 16,2020-11-20,15:00:00,191,88,103,FMN GV 03 Hove
46,Statielei 16,2020-11-20,16:00:00,178,73,105,FMN GV 03 Hove
46,Statielei 16,2020-11-20,17:00:00,133,51,82,FMN GV 03 Hove
46,Statielei 16,2020-11-20,18:00:00,72,34,38,FMN GV 03 Hove
46,Statielei 16,2020-11-20,19:00:00,38,18,20,FMN GV 03 Hove
46,Statielei 16,2020-11-20,20:00:00,33,20,13,FMN GV 03 Hove
46,Statielei 16,2020-11-20,21:00:00,23,14,9,FMN GV 03 Hove
46,Statielei 16,2020-11-20,22:00:00,13,5,8,FMN GV 03 Hove
46,Statielei 16,2020-11-20,23:00:00,22,12,10,FMN GV 03 Hove
46,Statielei 16,2020-11-21,00:00:00,3,2,1,FMN GV 03 Hove
46,Statielei 16,2020-11-21,01:00:00,0,0,0,FMN GV 03 Hove
46,Statielei 16,2020-11-21,02:00:00,2,1,1,FMN GV 03 Hove
46,Statielei 16,2020-11-21,03:00:00,1,1,0,FMN GV 03 Hove
46,Statielei 16,2020-11-21,04:00:00,5,1,4,FMN GV 03 Hove
46,Statielei 16,2020-11-21,05:00:00,8,4,4,FMN GV 03 Hove
46,Statielei 16,2020-11-21,06:00:00,8,4,4,FMN GV 03 Hove
46,Statielei 16,2020-11-21,07:00:00,11,5,6,FMN GV 03 Hove
46,Statielei 16,2020-11-21,08:00:00,38,13,25,FMN GV 03 Hove
46,Statielei 16,2020-11-21,09:00:00,64,18,46,FMN GV 03 Hove
46,Statielei 16,2020-11-21,10:00:00,99,51,48,FMN GV 03 Hove
46,Statielei 16,2020-11-21,11:00:00,131,72,59,FMN GV 03 Hove
46,Statielei 16,2020-11-21,12:00:00,144,65,79,FMN GV 03 Hove
46,Statielei 16,2020-11-21,13:00:00,184,92,92,FMN GV 03 Hove
46,Statielei 16,2020-11-21,14:00:00,192,105,87,FMN GV 03 Hove
46,Statielei 16,2020-11-21,15:00:00,147,82,65,FMN GV 03 Hove
46,Statielei 16,2020-11-21,16:00:00,118,83,35,FMN GV 03 Hove
46,Statielei 16,2020-11-21,17:00:00,76,51,25,FMN GV 03 Hove
46,Statielei 16,2020-11-21,18:00:00,34,21,13,FMN GV 03 Hove
46,Statielei 16,2020-11-21,19:00:00,29,15,14,FMN GV 03 Hove
46,Statielei 16,2020-11-21,20:00:00,17,6,11,FMN GV 03 Hove
46,Statielei 16,2020-11-21,21:00:00,10,4,6,FMN GV 03 Hove
46,Statielei 16,2020-11-21,22:00:00,6,3,3,FMN GV 03 Hove
46,Statielei 16,2020-11-21,23:00:00,16,13,3,FMN GV 03 Hove
46,Statielei 16,2020-11-22,00:00:00,5,3,2,FMN GV 03 Hove
46,Statielei 16,2020-11-22,01:00:00,1,0,1,FMN GV 03 Hove
46,Statielei 16,2020-11-22,02:00:00,2,0,2,FMN GV 03 Hove
46,Statielei 16,2020-11-22,03:00:00,1,1,0,FMN GV 03 Hove
46,Statielei 16,2020-11-22,04:00:00,1,1,0,FMN GV 03 Hove
46,Statielei 16,2020-11-22,05:00:00,3,2,1,FMN GV 03 Hove
46,Statielei 16,2020-11-22,06:00:00,10,7,3,FMN GV 03 Hove
46,Statielei 16,2020-11-22,07:00:00,11,3,8,FMN GV 03 Hove
46,Statielei 16,2020-11-22,08:00:00,21,8,13,FMN GV 03 Hove
46,Statielei 16,2020-11-22,09:00:00,68,28,40,FMN GV 03 Hove
46,Statielei 16,2020-11-22,10:00:00,56,24,32,FMN GV 03 Hove
46,Statielei 16,2020-11-22,11:00:00,94,57,37,FMN GV 03 Hove
46,Statielei 16,2020-11-22,12:00:00,94,59,35,FMN GV 03 Hove
46,Statielei 16,2020-11-22,13:00:00,52,31,21,FMN GV 03 Hove
46,Statielei 16,2020-11-22,14:00:00,52,25,27,FMN GV 03 Hove
46,Statielei 16,2020-11-22,15:00:00,50,22,28,FMN GV 03 Hove
46,Statielei 16,2020-11-22,16:00:00,52,34,18,FMN GV 03 Hove
46,Statielei 16,2020-11-22,17:00:00,28,16,12,FMN GV 03 Hove
46,Statielei 16,2020-11-22,18:00:00,28,15,13,FMN GV 03 Hove
46,Statielei 16,2020-11-22,19:00:00,31,14,17,FMN GV 03 Hove
46,Statielei 16,2020-11-22,20:00:00,16,9,7,FMN GV 03 Hove
46,Statielei 16,2020-11-22,21:00:00,7,4,3,FMN GV 03 Hove
46,Statielei 16,2020-11-22,22:00:00,9,4,5,FMN GV 03 Hove
46,Statielei 16,2020-11-22,23:00:00,10,6,4,FMN GV 03 Hove
46,Statielei 16,2020-11-23,00:00:00,0,0,0,FMN GV 03 Hove
46,Statielei 16,2020-11-23,01:00:00,0,0,0,FMN GV 03 Hove
46,Statielei 16,2020-11-23,02:00:00,1,1,0,FMN GV 03 Hove
46,Statielei 16,2020-11-23,03:00:00,2,1,1,FMN GV 03 Hove
46,Statielei 16,2020-11-23,04:00:00,13,8,5,FMN GV 03 Hove
46,Statielei 16,2020-11-23,05:00:00,24,15,9,FMN GV 03 Hove
46,Statielei 16,2020-11-23,06:00:00,75,55,20,FMN GV 03 Hove
46,Statielei 16,2020-11-23,07:00:00,196,155,41,FMN GV 03 Hove
46,Statielei 16,2020-11-23,08:00:00,175,130,45,FMN GV 03 Hove
46,Statielei 16,2020-11-23,09:00:00,59,36,23,FMN GV 03 Hove
46,Statielei 16,2020-11-23,10:00:00,40,22,18,FMN GV 03 Hove
46,Statielei 16,2020-11-23,11:00:00,62,32,30,FMN GV 03 Hove
46,Statielei 16,2020-11-23,12:00:00,112,62,50,FMN GV 03 Hove
46,Statielei 16,2020-11-23,13:00:00,142,71,71,FMN GV 03 Hove
46,Statielei 16,2020-11-23,14:00:00,136,74,62,FMN GV 03 Hove
46,Statielei 16,2020-11-23,15:00:00,157,72,85,FMN GV 03 Hove
46,Statielei 16,2020-11-23,16:00:00,224,89,135,FMN GV 03 Hove
46,Statielei 16,2020-11-23,17:00:00,153,54,99,FMN GV 03 Hove
46,Statielei 16,2020-11-23,18:00:00,78,35,43,FMN GV 03 Hove
46,Statielei 16,2020-11-23,19:00:00,36,21,15,FMN GV 03 Hove
46,Statielei 16,2020-11-23,20:00:00,38,19,19,FMN GV 03 Hove
46,Statielei 16,2020-11-23,21:00:00,13,5,8,FMN GV 03 Hove
46,Statielei 16,2020-11-23,22:00:00,20,10,10,FMN GV 03 Hove
46,Statielei 16,2020-11-23,23:00:00,5,3,2,FMN GV 03 Hove
46,Statielei 16,2020-11-24,00:00:00,1,0,1,FMN GV 03 Hove
46,Statielei 16,2020-11-24,01:00:00,0,0,0,FMN GV 03 Hove
46,Statielei 16,2020-11-24,02:00:00,2,1,1,FMN GV 03 Hove
46,Statielei 16,2020-11-24,03:00:00,3,1,2,FMN GV 03 Hove
46,Statielei 16,2020-11-24,04:00:00,12,8,4,FMN GV 03 Hove
46,Statielei 16,2020-11-24,05:00:00,27,17,10,FMN GV 03 Hove
46,Statielei 16,2020-11-24,06:00:00,68,51,17,FMN GV 03 Hove
46,Statielei 16,2020-11-24,07:00:00,236,192,44,FMN GV 03 Hove
46,Statielei 16,2020-11-24,08:00:00,196,140,56,FMN GV 03 Hove
46,Statielei 16,2020-11-24,09:00:00,77,54,23,FMN GV 03 Hove
46,Statielei 16,2020-11-24,10:00:00,66,37,29,FMN GV 03 Hove
46,Statielei 16,2020-11-24,11:00:00,107,55,52,FMN GV 03 Hove
46,Statielei 16,2020-11-24,12:00:00,134,73,61,FMN GV 03 Hove
46,Statielei 16,2020-11-24,13:00:00,151,91,60,FMN GV 03 Hove
46,Statielei 16,2020-11-24,14:00:00,139,79,60,FMN GV 03 Hove
46,Statielei 16,2020-11-24,15:00:00,153,66,87,FMN GV 03 Hove
46,Statielei 16,2020-11-24,16:00:00,248,93,155,FMN GV 03 Hove
46,Statielei 16,2020-11-24,17:00:00,187,58,129,FMN GV 03 Hove
46,Statielei 16,2020-11-24,18:00:00,91,39,52,FMN GV 03 Hove
46,Statielei 16,2020-11-24,19:00:00,46,18,28,FMN GV 03 Hove
46,Statielei 16,2020-11-24,20:00:00,38,16,22,FMN GV 03 Hove
46,Statielei 16,2020-11-24,21:00:00,31,16,15,FMN GV 03 Hove
46,Statielei 16,2020-11-24,22:00:00,28,13,15,FMN GV 03 Hove
46,Statielei 16,2020-11-24,23:00:00,10,6,4,FMN GV 03 Hove
46,Statielei 16,2020-11-25,00:00:00,3,0,3,FMN GV 03 Hove
46,Statielei 16,2020-11-25,01:00:00,0,0,0,FMN GV 03 Hove
46,Statielei 16,2020-11-25,02:00:00,1,1,0,FMN GV 03 Hove
46,Statielei 16,2020-11-25,03:00:00,1,1,0,FMN GV 03 Hove
46,Statielei 16,2020-11-25,04:00:00,10,6,4,FMN GV 03 Hove
46,Statielei 16,2020-11-25,05:00:00,31,20,11,FMN GV 03 Hove
46,Statielei 16,2020-11-25,06:00:00,76,57,19,FMN GV 03 Hove
46,Statielei 16,2020-11-25,07:00:00,207,162,45,FMN GV 03 Hove
46,Statielei 16,2020-11-25,08:00:00,185,136,49,FMN GV 03 Hove
46,Statielei 16,2020-11-25,09:00:00,93,63,30,FMN GV 03 Hove
46,Statielei 16,2020-11-25,10:00:00,95,54,41,FMN GV 03 Hove
46,Statielei 16,2020-11-25,11:00:00,114,55,59,FMN GV 03 Hove
46,Statielei 16,2020-11-25,12:00:00,176,81,95,FMN GV 03 Hove
46,Statielei 16,2020-11-25,13:00:00,191,87,104,FMN GV 03 Hove
46,Statielei 16,2020-11-25,14:00:00,142,70,72,FMN GV 03 Hove
46,Statielei 16,2020-11-25,15:00:00,174,102,72,FMN GV 03 Hove
46,Statielei 16,2020-11-25,16:00:00,196,86,110,FMN GV 03 Hove
46,Statielei 16,2020-11-25,17:00:00,157,60,97,FMN GV 03 Hove
46,Statielei 16,2020-11-25,18:00:00,93,43,50,FMN GV 03 Hove
46,Statielei 16,2020-11-25,19:00:00,47,22,25,FMN GV 03 Hove
46,Statielei 16,2020-11-25,20:00:00,30,13,17,FMN GV 03 Hove
46,Statielei 16,2020-11-25,21:00:00,23,13,10,FMN GV 03 Hove
46,Statielei 16,2020-11-25,22:00:00,26,12,14,FMN GV 03 Hove
46,Statielei 16,2020-11-25,23:00:00,7,3,4,FMN GV 03 Hove
46,Statielei 16,2020-11-26,00:00:00,2,0,2,FMN GV 03 Hove
46,Statielei 16,2020-11-26,01:00:00,0,0,0,FMN GV 03 Hove
46,Statielei 16,2020-11-26,02:00:00,2,2,0,FMN GV 03 Hove
46,Statielei 16,2020-11-26,03:00:00,1,0,1,FMN GV 03 Hove
46,Statielei 16,2020-11-26,04:00:00,14,8,6,FMN GV 03 Hove
46,Statielei 16,2020-11-26,05:00:00,23,10,13,FMN GV 03 Hove
46,Statielei 16,2020-11-26,06:00:00,72,56,16,FMN GV 03 Hove
46,Statielei 16,2020-11-26,07:00:00,216,167,49,FMN GV 03 Hove
46,Statielei 16,2020-11-26,08:00:00,227,164,63,FMN GV 03 Hove
46,Statielei 16,2020-11-26,09:00:00,73,45,28,FMN GV 03 Hove
46,Statielei 16,2020-11-26,10:00:00,58,35,23,FMN GV 03 Hove
46,Statielei 16,2020-11-26,11:00:00,66,35,31,FMN GV 03 Hove
46,Statielei 16,2020-11-26,12:00:00,89,52,37,FMN GV 03 Hove
46,Statielei 16,2020-11-26,13:00:00,116,60,56,FMN GV 03 Hove
46,Statielei 16,2020-11-26,14:00:00,128,61,67,FMN GV 03 Hove
46,Statielei 16,2020-11-26,15:00:00,186,92,94,FMN GV 03 Hove
46,Statielei 16,2020-11-26,16:00:00,191,59,132,FMN GV 03 Hove
46,Statielei 16,2020-11-26,17:00:00,174,70,104,FMN GV 03 Hove
46,Statielei 16,2020-11-26,18:00:00,88,33,55,FMN GV 03 Hove
46,Statielei 16,2020-11-26,19:00:00,42,24,18,FMN GV 03 Hove
46,Statielei 16,2020-11-26,20:00:00,26,13,13,FMN GV 03 Hove
46,Statielei 16,2020-11-26,21:00:00,24,11,13,FMN GV 03 Hove
46,Statielei 16,2020-11-26,22:00:00,16,9,7,FMN GV 03 Hove
46,Statielei 16,2020-11-26,23:00:00,19,8,11,FMN GV 03 Hove
46,Statielei 16,2020-11-27,00:00:00,0,0,0,FMN GV 03 Hove
46,Statielei 16,2020-11-27,01:00:00,0,0,0,FMN GV 03 Hove
46,Statielei 16,2020-11-27,02:00:00,1,1,0,FMN GV 03 Hove
46,Statielei 16,2020-11-27,03:00:00,3,2,1,FMN GV 03 Hove
46,Statielei 16,2020-11-27,04:00:00,6,2,4,FMN GV 03 Hove
46,Statielei 16,2020-11-27,05:00:00,16,14,2,FMN GV 03 Hove
46,Statielei 16,2020-11-27,06:00:00,53,40,13,FMN GV 03 Hove
46,Statielei 16,2020-11-27,07:00:00,168,131,37,FMN GV 03 Hove
46,Statielei 16,2020-11-27,08:00:00,189,139,50,FMN GV 03 Hove
46,Statielei 16,2020-11-27,09:00:00,53,36,17,FMN GV 03 Hove
46,Statielei 16,2020-11-27,10:00:00,61,40,21,FMN GV 03 Hove
46,Statielei 16,2020-11-27,11:00:00,64,38,26,FMN GV 03 Hove
46,Statielei 16,2020-11-27,12:00:00,106,50,56,FMN GV 03 Hove
46,Statielei 16,2020-11-27,13:00:00,133,63,70,FMN GV 03 Hove
46,Statielei 16,2020-11-27,14:00:00,115,55,60,FMN GV 03 Hove
46,Statielei 16,2020-11-27,15:00:00,171,84,87,FMN GV 03 Hove
46,Statielei 16,2020-11-27,16:00:00,174,69,105,FMN GV 03 Hove
46,Statielei 16,2020-11-27,17:00:00,127,48,79,FMN GV 03 Hove
46,Statielei 16,2020-11-27,18:00:00,76,33,43,FMN GV 03 Hove
46,Statielei 16,2020-11-27,19:00:00,47,23,24,FMN GV 03 Hove
46,Statielei 16,2020-11-27,20:00:00,30,12,18,FMN GV 03 Hove
46,Statielei 16,2020-11-27,21:00:00,24,12,12,FMN GV 03 Hove
46,Statielei 16,2020-11-27,22:00:00,8,3,5,FMN GV 03 Hove
46,Statielei 16,2020-11-27,23:00:00,27,14,13,FMN GV 03 Hove
46,Statielei 16,2020-11-28,00:00:00,3,0,3,FMN GV 03 Hove
46,Statielei 16,2020-11-28,01:00:00,0,0,0,FMN GV 03 Hove
46,Statielei 16,2020-11-28,02:00:00,4,4,0,FMN GV 03 Hove
46,Statielei 16,2020-11-28,03:00:00,0,0,0,FMN GV 03 Hove
46,Statielei 16,2020-11-28,04:00:00,4,3,1,FMN GV 03 Hove
46,Statielei 16,2020-11-28,05:00:00,11,6,5,FMN GV 03 Hove
46,Statielei 16,2020-11-28,06:00:00,11,5,6,FMN GV 03 Hove
46,Statielei 16,2020-11-28,07:00:00,14,8,6,FMN GV 03 Hove
46,Statielei 16,2020-11-28,08:00:00,29,9,20,FMN GV 03 Hove
46,Statielei 16,2020-11-28,09:00:00,77,41,36,FMN GV 03 Hove
46,Statielei 16,2020-11-28,10:00:00,119,58,61,FMN GV 03 Hove
46,Statielei 16,2020-11-28,11:00:00,150,79,71,FMN GV 03 Hove
46,Statielei 16,2020-11-28,12:00:00,159,85,74,FMN GV 03 Hove
46,Statielei 16,2020-11-28,13:00:00,249,144,105,FMN GV 03 Hove
46,Statielei 16,2020-11-28,14:00:00,294,148,146,FMN GV 03 Hove
46,Statielei 16,2020-11-28,15:00:00,242,152,90,FMN GV 03 Hove
46,Statielei 16,2020-11-28,16:00:00,198,120,78,FMN GV 03 Hove
46,Statielei 16,2020-11-28,17:00:00,87,56,31,FMN GV 03 Hove
46,Statielei 16,2020-11-28,18:00:00,35,14,21,FMN GV 03 Hove
46,Statielei 16,2020-11-28,19:00:00,17,13,4,FMN GV 03 Hove
46,Statielei 16,2020-11-28,20:00:00,15,9,6,FMN GV 03 Hove
46,Statielei 16,2020-11-28,21:00:00,12,5,7,FMN GV 03 Hove
46,Statielei 16,2020-11-28,22:00:00,11,4,7,FMN GV 03 Hove
46,Statielei 16,2020-11-28,23:00:00,12,5,7,FMN GV 03 Hove
46,Statielei 16,2020-11-29,00:00:00,2,1,1,FMN GV 03 Hove
46,Statielei 16,2020-11-29,01:00:00,0,0,0,FMN GV 03 Hove
46,Statielei 16,2020-11-29,02:00:00,1,0,1,FMN GV 03 Hove
46,Statielei 16,2020-11-29,03:00:00,2,0,2,FMN GV 03 Hove
46,Statielei 16,2020-11-29,04:00:00,1,0,1,FMN GV 03 Hove
46,Statielei 16,2020-11-29,05:00:00,7,5,2,FMN GV 03 Hove
46,Statielei 16,2020-11-29,06:00:00,7,4,3,FMN GV 03 Hove
46,Statielei 16,2020-11-29,07:00:00,15,9,6,FMN GV 03 Hove
46,Statielei 16,2020-11-29,08:00:00,21,10,11,FMN GV 03 Hove
46,Statielei 16,2020-11-29,09:00:00,57,21,36,FMN GV 03 Hove
46,Statielei 16,2020-11-29,10:00:00,111,35,76,FMN GV 03 Hove
46,Statielei 16,2020-11-29,11:00:00,134,78,56,FMN GV 03 Hove
46,Statielei 16,2020-11-29,12:00:00,103,66,37,FMN GV 03 Hove
46,Statielei 16,2020-11-29,13:00:00,97,48,49,FMN GV 03 Hove
46,Statielei 16,2020-11-29,14:00:00,110,53,57,FMN GV 03 Hove
46,Statielei 16,2020-11-29,15:00:00,126,81,45,FMN GV 03 Hove
46,Statielei 16,2020-11-29,16:00:00,72,47,25,FMN GV 03 Hove
46,Statielei 16,2020-11-29,17:00:00,52,28,24,FMN GV 03 Hove
46,Statielei 16,2020-11-29,18:00:00,22,15,7,FMN GV 03 Hove
46,Statielei 16,2020-11-29,19:00:00,15,9,6,FMN GV 03 Hove
46,Statielei 16,2020-11-29,20:00:00,16,10,6,FMN GV 03 Hove
46,Statielei 16,2020-11-29,21:00:00,17,11,6,FMN GV 03 Hove
46,Statielei 16,2020-11-29,22:00:00,8,2,6,FMN GV 03 Hove
46,Statielei 16,2020-11-29,23:00:00,4,0,4,FMN GV 03 Hove
46,Statielei 16,2020-11-30,00:00:00,1,0,1,FMN GV 03 Hove
46,Statielei 16,2020-11-30,01:00:00,0,0,0,FMN GV 03 Hove
46,Statielei 16,2020-11-30,02:00:00,0,0,0,FMN GV 03 Hove
46,Statielei 16,2020-11-30,03:00:00,2,0,2,FMN GV 03 Hove
46,Statielei 16,2020-11-30,04:00:00,8,6,2,FMN GV 03 Hove
46,Statielei 16,2020-11-30,05:00:00,21,13,8,FMN GV 03 Hove
46,Statielei 16,2020-11-30,06:00:00,49,38,11,FMN GV 03 Hove
46,Statielei 16,2020-11-30,07:00:00,179,143,36,FMN GV 03 Hove
46,Statielei 16,2020-11-30,08:00:00,165,130,35,FMN GV 03 Hove
46,Statielei 16,2020-11-30,09:00:00,42,26,16,FMN GV 03 Hove
46,Statielei 16,2020-11-30,10:00:00,28,13,15,FMN GV 03 Hove
46,Statielei 16,2020-11-30,11:00:00,31,22,9,FMN GV 03 Hove
46,Statielei 16,2020-11-30,12:00:00,72,44,28,FMN GV 03 Hove
46,Statielei 16,2020-11-30,13:00:00,57,31,26,FMN GV 03 Hove
46,Statielei 16,2020-11-30,14:00:00,63,33,30,FMN GV 03 Hove
46,Statielei 16,2020-11-30,15:00:00,89,34,55,FMN GV 03 Hove
46,Statielei 16,2020-11-30,16:00:00,128,34,94,FMN GV 03 Hove
46,Statielei 16,2020-11-30,17:00:00,116,29,87,FMN GV 03 Hove
46,Statielei 16,2020-11-30,18:00:00,65,25,40,FMN GV 03 Hove
46,Statielei 16,2020-11-30,19:00:00,19,9,10,FMN GV 03 Hove
46,Statielei 16,2020-11-30,20:00:00,28,13,15,FMN GV 03 Hove
46,Statielei 16,2020-11-30,21:00:00,9,4,5,FMN GV 03 Hove
46,Statielei 16,2020-11-30,22:00:00,11,5,6,FMN GV 03 Hove
46,Statielei 16,2020-11-30,23:00:00,4,0,4,FMN GV 03 Hove
46,Statielei 16,2020-12-01,00:00:00,0,0,0,FMN GV 03 Hove
46,Statielei 16,2020-12-01,01:00:00,1,0,1,FMN GV 03 Hove
46,Statielei 16,2020-12-01,02:00:00,1,1,0,FMN GV 03 Hove
46,Statielei 16,2020-12-01,03:00:00,1,1,0,FMN GV 03 Hove
46,Statielei 16,2020-12-01,04:00:00,9,6,3,FMN GV 03 Hove
46,Statielei 16,2020-12-01,05:00:00,18,12,6,FMN GV 03 Hove
46,Statielei 16,2020-12-01,06:00:00,45,33,12,FMN GV 03 Hove
46,Statielei 16,2020-12-01,07:00:00,135,113,22,FMN GV 03 Hove
46,Statielei 16,2020-12-01,08:00:00,145,110,35,FMN GV 03 Hove
46,Statielei 16,2020-12-01,09:00:00,42,35,7,FMN GV 03 Hove
46,Statielei 16,2020-12-01,10:00:00,27,22,5,FMN GV 03 Hove
46,Statielei 16,2020-12-01,11:00:00,24,13,11,FMN GV 03 Hove
46,Statielei 16,2020-12-01,12:00:00,63,30,33,FMN GV 03 Hove
46,Statielei 16,2020-12-01,13:00:00,65,42,23,FMN GV 03 Hove
46,Statielei 16,2020-12-01,14:00:00,78,27,51,FMN GV 03 Hove
46,Statielei 16,2020-12-01,15:00:00,116,49,67,FMN GV 03 Hove
46,Statielei 16,2020-12-01,16:00:00,154,50,104,FMN GV 03 Hove
46,Statielei 16,2020-12-01,17:00:00,108,35,73,FMN GV 03 Hove
46,Statielei 16,2020-12-01,18:00:00,71,21,50,FMN GV 03 Hove
46,Statielei 16,2020-12-01,19:00:00,39,18,21,FMN GV 03 Hove
46,Statielei 16,2020-12-01,20:00:00,34,18,16,FMN GV 03 Hove
46,Statielei 16,2020-12-01,21:00:00,16,9,7,FMN GV 03 Hove
46,Statielei 16,2020-12-01,22:00:00,17,7,10,FMN GV 03 Hove
46,Statielei 16,2020-12-01,23:00:00,7,1,6,FMN GV 03 Hove
46,Statielei 16,2020-12-02,00:00:00,0,0,0,FMN GV 03 Hove
46,Statielei 16,2020-12-02,01:00:00,0,0,0,FMN GV 03 Hove
46,Statielei 16,2020-12-02,02:00:00,1,1,0,FMN GV 03 Hove
46,Statielei 16,2020-12-02,03:00:00,1,1,0,FMN GV 03 Hove
46,Statielei 16,2020-12-02,04:00:00,6,5,1,FMN GV 03 Hove
46,Statielei 16,2020-12-02,05:00:00,21,15,6,FMN GV 03 Hove
46,Statielei 16,2020-12-02,06:00:00,59,45,14,FMN GV 03 Hove
46,Statielei 16,2020-12-02,07:00:00,207,165,42,FMN GV 03 Hove
46,Statielei 16,2020-12-02,08:00:00,176,131,45,FMN GV 03 Hove
46,Statielei 16,2020-12-02,09:00:00,66,44,22,FMN GV 03 Hove
46,Statielei 16,2020-12-02,10:00:00,84,49,35,FMN GV 03 Hove
46,Statielei 16,2020-12-02,11:00:00,114,68,46,FMN GV 03 Hove
46,Statielei 16,2020-12-02,12:00:00,171,71,100,FMN GV 03 Hove
46,Statielei 16,2020-12-02,13:00:00,140,71,69,FMN GV 03 Hove
46,Statielei 16,2020-12-02,14:00:00,102,53,49,FMN GV 03 Hove
46,Statielei 16,2020-12-02,15:00:00,118,56,62,FMN GV 03 Hove
46,Statielei 16,2020-12-02,16:00:00,128,48,80,FMN GV 03 Hove
46,Statielei 16,2020-12-02,17:00:00,124,43,81,FMN GV 03 Hove
46,Statielei 16,2020-12-02,18:00:00,88,36,52,FMN GV 03 Hove
46,Statielei 16,2020-12-02,19:00:00,34,13,21,FMN GV 03 Hove
46,Statielei 16,2020-12-02,20:00:00,33,22,11,FMN GV 03 Hove
46,Statielei 16,2020-12-02,21:00:00,23,13,10,FMN GV 03 Hove
46,Statielei 16,2020-12-02,22:00:00,23,9,14,FMN GV 03 Hove
46,Statielei 16,2020-12-02,23:00:00,14,3,11,FMN GV 03 Hove
46,Statielei 16,2020-12-03,00:00:00,2,1,1,FMN GV 03 Hove
46,Statielei 16,2020-12-03,01:00:00,1,0,1,FMN GV 03 Hove
46,Statielei 16,2020-12-03,02:00:00,2,2,0,FMN GV 03 Hove
46,Statielei 16,2020-12-03,03:00:00,3,0,3,FMN GV 03 Hove
46,Statielei 16,2020-12-03,04:00:00,6,3,3,FMN GV 03 Hove
46,Statielei 16,2020-12-03,05:00:00,13,8,5,FMN GV 03 Hove
46,Statielei 16,2020-12-03,06:00:00,63,41,22,FMN GV 03 Hove
46,Statielei 16,2020-12-03,07:00:00,167,142,25,FMN GV 03 Hove
46,Statielei 16,2020-12-03,08:00:00,178,141,37,FMN GV 03 Hove
46,Statielei 16,2020-12-03,09:00:00,66,38,28,FMN GV 03 Hove
46,Statielei 16,2020-12-03,10:00:00,44,21,23,FMN GV 03 Hove
46,Statielei 16,2020-12-03,11:00:00,57,37,20,FMN GV 03 Hove
46,Statielei 16,2020-12-03,12:00:00,73,31,42,FMN GV 03 Hove
46,Statielei 16,2020-12-03,13:00:00,52,30,22,FMN GV 03 Hove
46,Statielei 16,2020-12-03,14:00:00,43,22,21,FMN GV 03 Hove
46,Statielei 16,2020-12-03,15:00:00,70,30,40,FMN GV 03 Hove
46,Statielei 16,2020-12-03,16:00:00,128,36,92,FMN GV 03 Hove
46,Statielei 16,2020-12-03,17:00:00,122,37,85,FMN GV 03 Hove
46,Statielei 16,2020-12-03,18:00:00,69,21,48,FMN GV 03 Hove
46,Statielei 16,2020-12-03,19:00:00,33,13,20,FMN GV 03 Hove
46,Statielei 16,2020-12-03,20:00:00,24,10,14,FMN GV 03 Hove
46,Statielei 16,2020-12-03,21:00:00,15,8,7,FMN GV 03 Hove
46,Statielei 16,2020-12-03,22:00:00,13,9,4,FMN GV 03 Hove
46,Statielei 16,2020-12-03,23:00:00,6,0,6,FMN GV 03 Hove
46,Statielei 16,2020-12-04,00:00:00,1,1,0,FMN GV 03 Hove
46,Statielei 16,2020-12-04,01:00:00,0,0,0,FMN GV 03 Hove
46,Statielei 16,2020-12-04,02:00:00,1,1,0,FMN GV 03 Hove
46,Statielei 16,2020-12-04,03:00:00,3,0,3,FMN GV 03 Hove
46,Statielei 16,2020-12-04,04:00:00,2,2,0,FMN GV 03 Hove
46,Statielei 16,2020-12-04,05:00:00,17,10,7,FMN GV 03 Hove
46,Statielei 16,2020-12-04,06:00:00,40,29,11,FMN GV 03 Hove
46,Statielei 16,2020-12-04,07:00:00,147,120,27,FMN GV 03 Hove
46,Statielei 16,2020-12-04,08:00:00,162,119,43,FMN GV 03 Hove
46,Statielei 16,2020-12-04,09:00:00,65,45,20,FMN GV 03 Hove
46,Statielei 16,2020-12-04,10:00:00,46,25,21,FMN GV 03 Hove
46,Statielei 16,2020-12-04,11:00:00,50,27,23,FMN GV 03 Hove
46,Statielei 16,2020-12-04,12:00:00,77,33,44,FMN GV 03 Hove
46,Statielei 16,2020-12-04,13:00:00,77,44,33,FMN GV 03 Hove
46,Statielei 16,2020-12-04,14:00:00,93,45,48,FMN GV 03 Hove
46,Statielei 16,2020-12-04,15:00:00,108,50,58,FMN GV 03 Hove
46,Statielei 16,2020-12-04,16:00:00,128,49,79,FMN GV 03 Hove
46,Statielei 16,2020-12-04,17:00:00,109,34,75,FMN GV 03 Hove
46,Statielei 16,2020-12-04,18:00:00,64,30,34,FMN GV 03 Hove
46,Statielei 16,2020-12-04,19:00:00,28,13,15,FMN GV 03 Hove
46,Statielei 16,2020-12-04,20:00:00,29,14,15,FMN GV 03 Hove
46,Statielei 16,2020-12-04,21:00:00,13,6,7,FMN GV 03 Hove
46,Statielei 16,2020-12-04,22:00:00,11,4,7,FMN GV 03 Hove
46,Statielei 16,2020-12-04,23:00:00,21,9,12,FMN GV 03 Hove
46,Statielei 16,2020-12-05,00:00:00,5,1,4,FMN GV 03 Hove
46,Statielei 16,2020-12-05,01:00:00,0,0,0,FMN GV 03 Hove
46,Statielei 16,2020-12-05,02:00:00,0,0,0,FMN GV 03 Hove
46,Statielei 16,2020-12-05,03:00:00,1,1,0,FMN GV 03 Hove
46,Statielei 16,2020-12-05,04:00:00,4,2,2,FMN GV 03 Hove
46,Statielei 16,2020-12-05,05:00:00,4,3,1,FMN GV 03 Hove
46,Statielei 16,2020-12-05,06:00:00,9,1,8,FMN GV 03 Hove
46,Statielei 16,2020-12-05,07:00:00,13,7,6,FMN GV 03 Hove
46,Statielei 16,2020-12-05,08:00:00,31,22,9,FMN GV 03 Hove
46,Statielei 16,2020-12-05,09:00:00,60,28,32,FMN GV 03 Hove
46,Statielei 16,2020-12-05,10:00:00,105,53,52,FMN GV 03 Hove
46,Statielei 16,2020-12-05,11:00:00,123,80,43,FMN GV 03 Hove
46,Statielei 16,2020-12-05,12:00:00,125,69,56,FMN GV 03 Hove
46,Statielei 16,2020-12-05,13:00:00,156,84,72,FMN GV 03 Hove
46,Statielei 16,2020-12-05,14:00:00,159,75,84,FMN GV 03 Hove
46,Statielei 16,2020-12-05,15:00:00,131,84,47,FMN GV 03 Hove
46,Statielei 16,2020-12-05,16:00:00,113,70,43,FMN GV 03 Hove
46,Statielei 16,2020-12-05,17:00:00,73,40,33,FMN GV 03 Hove
46,Statielei 16,2020-12-05,18:00:00,33,20,13,FMN GV 03 Hove
46,Statielei 16,2020-12-05,19:00:00,22,11,11,FMN GV 03 Hove
46,Statielei 16,2020-12-05,20:00:00,25,12,13,FMN GV 03 Hove
46,Statielei 16,2020-12-05,21:00:00,9,5,4,FMN GV 03 Hove
46,Statielei 16,2020-12-05,22:00:00,13,8,5,FMN GV 03 Hove
46,Statielei 16,2020-12-05,23:00:00,21,10,11,FMN GV 03 Hove
46,Statielei 16,2020-12-06,00:00:00,3,2,1,FMN GV 03 Hove
46,Statielei 16,2020-12-06,01:00:00,1,1,0,FMN GV 03 Hove
46,Statielei 16,2020-12-06,02:00:00,0,0,0,FMN GV 03 Hove
46,Statielei 16,2020-12-06,03:00:00,0,0,0,FMN GV 03 Hove
46,Statielei 16,2020-12-06,04:00:00,2,1,1,FMN GV 03 Hove
46,Statielei 16,2020-12-06,05:00:00,8,4,4,FMN GV 03 Hove
46,Statielei 16,2020-12-06,06:00:00,6,3,3,FMN GV 03 Hove
46,Statielei 16,2020-12-06,07:00:00,13,8,5,FMN GV 03 Hove
46,Statielei 16,2020-12-06,08:00:00,10,6,4,FMN GV 03 Hove
46,Statielei 16,2020-12-06,09:00:00,51,16,35,FMN GV 03 Hove
46,Statielei 16,2020-12-06,10:00:00,99,37,62,FMN GV 03 Hove
46,Statielei 16,2020-12-06,11:00:00,84,50,34,FMN GV 03 Hove
46,Statielei 16,2020-12-06,12:00:00,114,85,29,FMN GV 03 Hove
46,Statielei 16,2020-12-06,13:00:00,97,58,39,FMN GV 03 Hove
46,Statielei 16,2020-12-06,14:00:00,101,57,44,FMN GV 03 Hove
46,Statielei 16,2020-12-06,15:00:00,103,66,37,FMN GV 03 Hove
46,Statielei 16,2020-12-06,16:00:00,67,46,21,FMN GV 03 Hove
46,Statielei 16,2020-12-06,17:00:00,32,16,16,FMN GV 03 Hove
46,Statielei 16,2020-12-06,18:00:00,20,12,8,FMN GV 03 Hove
46,Statielei 16,2020-12-06,19:00:00,17,11,6,FMN GV 03 Hove
46,Statielei 16,2020-12-06,20:00:00,11,7,4,FMN GV 03 Hove
46,Statielei 16,2020-12-06,21:00:00,14,8,6,FMN GV 03 Hove
46,Statielei 16,2020-12-06,22:00:00,7,2,5,FMN GV 03 Hove
46,Statielei 16,2020-12-06,23:00:00,3,1,2,FMN GV 03 Hove
46,Statielei 16,2020-12-07,00:00:00,0,0,0,FMN GV 03 Hove
46,Statielei 16,2020-12-07,01:00:00,1,0,1,FMN GV 03 Hove
46,Statielei 16,2020-12-07,02:00:00,1,1,0,FMN GV 03 Hove
46,Statielei 16,2020-12-07,03:00:00,0,0,0,FMN GV 03 Hove
46,Statielei 16,2020-12-07,04:00:00,4,3,1,FMN GV 03 Hove
46,Statielei 16,2020-12-07,05:00:00,12,8,4,FMN GV 03 Hove
46,Statielei 16,2020-12-07,06:00:00,48,38,10,FMN GV 03 Hove
46,Statielei 16,2020-12-07,07:00:00,170,135,35,FMN GV 03 Hove
46,Statielei 16,2020-12-07,08:00:00,157,112,45,FMN GV 03 Hove
46,Statielei 16,2020-12-07,09:00:00,51,38,13,FMN GV 03 Hove
46,Statielei 16,2020-12-07,10:00:00,59,32,27,FMN GV 03 Hove
46,Statielei 16,2020-12-07,11:00:00,56,34,22,FMN GV 03 Hove
46,Statielei 16,2020-12-07,12:00:00,74,36,38,FMN GV 03 Hove
46,Statielei 16,2020-12-07,13:00:00,49,28,21,FMN GV 03 Hove
46,Statielei 16,2020-12-07,14:00:00,55,32,23,FMN GV 03 Hove
46,Statielei 16,2020-12-07,15:00:00,86,36,50,FMN GV 03 Hove
46,Statielei 16,2020-12-07,16:00:00,128,45,83,FMN GV 03 Hove
46,Statielei 16,2020-12-07,17:00:00,101,24,77,FMN GV 03 Hove
46,Statielei 16,2020-12-07,18:00:00,52,19,33,FMN GV 03 Hove
46,Statielei 16,2020-12-07,19:00:00,33,11,22,FMN GV 03 Hove
46,Statielei 16,2020-12-07,20:00:00,25,14,11,FMN GV 03 Hove
46,Statielei 16,2020-12-07,21:00:00,12,5,7,FMN GV 03 Hove
46,Statielei 16,2020-12-07,22:00:00,13,7,6,FMN GV 03 Hove
46,Statielei 16,2020-12-07,23:00:00,4,1,3,FMN GV 03 Hove
46,Statielei 16,2020-12-08,00:00:00,1,0,1,FMN GV 03 Hove
46,Statielei 16,2020-12-08,01:00:00,0,0,0,FMN GV 03 Hove
46,Statielei 16,2020-12-08,02:00:00,1,1,0,FMN GV 03 Hove
46,Statielei 16,2020-12-08,03:00:00,0,0,0,FMN GV 03 Hove
46,Statielei 16,2020-12-08,04:00:00,8,4,4,FMN GV 03 Hove
46,Statielei 16,2020-12-08,05:00:00,17,11,6,FMN GV 03 Hove
46,Statielei 16,2020-12-08,06:00:00,52,35,17,FMN GV 03 Hove
46,Statielei 16,2020-12-08,07:00:00,190,156,34,FMN GV 03 Hove
46,Statielei 16,2020-12-08,08:00:00,156,118,38,FMN GV 03 Hove
46,Statielei 16,2020-12-08,09:00:00,71,52,19,FMN GV 03 Hove
46,Statielei 16,2020-12-08,10:00:00,70,39,31,FMN GV 03 Hove
46,Statielei 16,2020-12-08,11:00:00,80,43,37,FMN GV 03 Hove
46,Statielei 16,2020-12-08,12:00:00,102,50,52,FMN GV 03 Hove
46,Statielei 16,2020-12-08,13:00:00,99,56,43,FMN GV 03 Hove
46,Statielei 16,2020-12-08,14:00:00,105,53,52,FMN GV 03 Hove
46,Statielei 16,2020-12-08,15:00:00,118,49,69,FMN GV 03 Hove
46,Statielei 16,2020-12-08,16:00:00,149,38,111,FMN GV 03 Hove
46,Statielei 16,2020-12-08,17:00:00,139,45,94,FMN GV 03 Hove
46,Statielei 16,2020-12-08,18:00:00,60,21,39,FMN GV 03 Hove
46,Statielei 16,2020-12-08,19:00:00,26,13,13,FMN GV 03 Hove
46,Statielei 16,2020-12-08,20:00:00,33,18,15,FMN GV 03 Hove
46,Statielei 16,2020-12-08,21:00:00,18,8,10,FMN GV 03 Hove
46,Statielei 16,2020-12-08,22:00:00,26,5,21,FMN GV 03 Hove
46,Statielei 16,2020-12-08,23:00:00,5,2,3,FMN GV 03 Hove
46,Statielei 16,2020-12-09,00:00:00,1,1,0,FMN GV 03 Hove
46,Statielei 16,2020-12-09,01:00:00,0,0,0,FMN GV 03 Hove
46,Statielei 16,2020-12-09,02:00:00,1,1,0,FMN GV 03 Hove
46,Statielei 16,2020-12-09,03:00:00,1,1,0,FMN GV 03 Hove
46,Statielei 16,2020-12-09,04:00:00,4,3,1,FMN GV 03 Hove
46,Statielei 16,2020-12-09,05:00:00,17,11,6,FMN GV 03 Hove
46,Statielei 16,2020-12-09,06:00:00,50,40,10,FMN GV 03 Hove
46,Statielei 16,2020-12-09,07:00:00,169,137,32,FMN GV 03 Hove
46,Statielei 16,2020-12-09,08:00:00,174,134,40,FMN GV 03 Hove
46,Statielei 16,2020-12-09,09:00:00,89,70,19,FMN GV 03 Hove
46,Statielei 16,2020-12-09,10:00:00,88,44,44,FMN GV 03 Hove
46,Statielei 16,2020-12-09,11:00:00,87,47,40,FMN GV 03 Hove
46,Statielei 16,2020-12-09,12:00:00,111,40,71,FMN GV 03 Hove
46,Statielei 16,2020-12-09,13:00:00,101,50,51,FMN GV 03 Hove
46,Statielei 16,2020-12-09,14:00:00,74,33,41,FMN GV 03 Hove
46,Statielei 16,2020-12-09,15:00:00,75,34,41,FMN GV 03 Hove
46,Statielei 16,2020-12-09,16:00:00,102,38,64,FMN GV 03 Hove
46,Statielei 16,2020-12-09,17:00:00,121,46,75,FMN GV 03 Hove
46,Statielei 16,2020-12-09,18:00:00,92,33,59,FMN GV 03 Hove
46,Statielei 16,2020-12-09,19:00:00,42,19,23,FMN GV 03 Hove
46,Statielei 16,2020-12-09,20:00:00,22,12,10,FMN GV 03 Hove
46,Statielei 16,2020-12-09,21:00:00,20,9,11,FMN GV 03 Hove
46,Statielei 16,2020-12-09,22:00:00,21,9,12,FMN GV 03 Hove
46,Statielei 16,2020-12-09,23:00:00,11,3,8,FMN GV 03 Hove
46,Statielei 16,2020-12-10,00:00:00,0,0,0,FMN GV 03 Hove
46,Statielei 16,2020-12-10,01:00:00,0,0,0,FMN GV 03 Hove
46,Statielei 16,2020-12-10,02:00:00,1,1,0,FMN GV 03 Hove
46,Statielei 16,2020-12-10,03:00:00,0,0,0,FMN GV 03 Hove
46,Statielei 16,2020-12-10,04:00:00,9,6,3,FMN GV 03 Hove
46,Statielei 16,2020-12-10,05:00:00,14,9,5,FMN GV 03 Hove
46,Statielei 16,2020-12-10,06:00:00,59,44,15,FMN GV 03 Hove
46,Statielei 16,2020-12-10,07:00:00,184,147,37,FMN GV 03 Hove
46,Statielei 16,2020-12-10,08:00:00,167,133,34,FMN GV 03 Hove
46,Statielei 16,2020-12-10,09:00:00,65,42,23,FMN GV 03 Hove
46,Statielei 16,2020-12-10,10:00:00,72,39,33,FMN GV 03 Hove
46,Statielei 16,2020-12-10,11:00:00,54,33,21,FMN GV 03 Hove
46,Statielei 16,2020-12-10,12:00:00,95,47,48,FMN GV 03 Hove
46,Statielei 16,2020-12-10,13:00:00,123,75,48,FMN GV 03 Hove
46,Statielei 16,2020-12-10,14:00:00,119,59,60,FMN GV 03 Hove
46,Statielei 16,2020-12-10,15:00:00,146,71,75,FMN GV 03 Hove
46,Statielei 16,2020-12-10,16:00:00,143,45,98,FMN GV 03 Hove
46,Statielei 16,2020-12-10,17:00:00,117,38,79,FMN GV 03 Hove
46,Statielei 16,2020-12-10,18:00:00,78,32,46,FMN GV 03 Hove
46,Statielei 16,2020-12-10,19:00:00,29,21,8,FMN GV 03 Hove
46,Statielei 16,2020-12-10,20:00:00,29,14,15,FMN GV 03 Hove
46,Statielei 16,2020-12-10,21:00:00,25,10,15,FMN GV 03 Hove
46,Statielei 16,2020-12-10,22:00:00,23,10,13,FMN GV 03 Hove
46,Statielei 16,2020-12-10,23:00:00,7,2,5,FMN GV 03 Hove
46,Statielei 16,2020-12-11,00:00:00,1,0,1,FMN GV 03 Hove
46,Statielei 16,2020-12-11,01:00:00,1,1,0,FMN GV 03 Hove
46,Statielei 16,2020-12-11,02:00:00,1,1,0,FMN GV 03 Hove
46,Statielei 16,2020-12-11,03:00:00,1,1,0,FMN GV 03 Hove
46,Statielei 16,2020-12-11,04:00:00,4,2,2,FMN GV 03 Hove
46,Statielei 16,2020-12-11,05:00:00,19,14,5,FMN GV 03 Hove
46,Statielei 16,2020-12-11,06:00:00,40,31,9,FMN GV 03 Hove
46,Statielei 16,2020-12-11,07:00:00,133,103,30,FMN GV 03 Hove
46,Statielei 16,2020-12-11,08:00:00,132,100,32,FMN GV 03 Hove
46,Statielei 16,2020-12-11,09:00:00,43,28,15,FMN GV 03 Hove
46,Statielei 16,2020-12-11,10:00:00,46,18,28,FMN GV 03 Hove
46,Statielei 16,2020-12-11,11:00:00,36,17,19,FMN GV 03 Hove
46,Statielei 16,2020-12-11,12:00:00,49,21,28,FMN GV 03 Hove
46,Statielei 16,2020-12-11,13:00:00,46,23,23,FMN GV 03 Hove
46,Statielei 16,2020-12-11,14:00:00,45,20,25,FMN GV 03 Hove
46,Statielei 16,2020-12-11,15:00:00,59,26,33,FMN GV 03 Hove
46,Statielei 16,2020-12-11,16:00:00,89,31,58,FMN GV 03 Hove
46,Statielei 16,2020-12-11,17:00:00,78,22,56,FMN GV 03 Hove
46,Statielei 16,2020-12-11,18:00:00,44,16,28,FMN GV 03 Hove
46,Statielei 16,2020-12-11,19:00:00,24,10,14,FMN GV 03 Hove
46,Statielei 16,2020-12-11,20:00:00,15,10,5,FMN GV 03 Hove
46,Statielei 16,2020-12-11,21:00:00,13,6,7,FMN GV 03 Hove
46,Statielei 16,2020-12-11,22:00:00,14,7,7,FMN GV 03 Hove
46,Statielei 16,2020-12-11,23:00:00,11,8,3,FMN GV 03 Hove
46,Statielei 16,2020-12-12,00:00:00,3,0,3,FMN GV 03 Hove
46,Statielei 16,2020-12-12,01:00:00,1,0,1,FMN GV 03 Hove
46,Statielei 16,2020-12-12,02:00:00,1,1,0,FMN GV 03 Hove
46,Statielei 16,2020-12-12,03:00:00,2,2,0,FMN GV 03 Hove
46,Statielei 16,2020-12-12,04:00:00,2,1,1,FMN GV 03 Hove
46,Statielei 16,2020-12-12,05:00:00,8,5,3,FMN GV 03 Hove
46,Statielei 16,2020-12-12,06:00:00,10,6,4,FMN GV 03 Hove
46,Statielei 16,2020-12-12,07:00:00,10,7,3,FMN GV 03 Hove
46,Statielei 16,2020-12-12,08:00:00,27,12,15,FMN GV 03 Hove
46,Statielei 16,2020-12-12,09:00:00,58,38,20,FMN GV 03 Hove
46,Statielei 16,2020-12-12,10:00:00,63,32,31,FMN GV 03 Hove
46,Statielei 16,2020-12-12,11:00:00,66,31,35,FMN GV 03 Hove
46,Statielei 16,2020-12-12,12:00:00,66,36,30,FMN GV 03 Hove
46,Statielei 16,2020-12-12,13:00:00,75,44,31,FMN GV 03 Hove
46,Statielei 16,2020-12-12,14:00:00,105,60,45,FMN GV 03 Hove
46,Statielei 16,2020-12-12,15:00:00,104,54,50,FMN GV 03 Hove
46,Statielei 16,2020-12-12,16:00:00,60,36,24,FMN GV 03 Hove
46,Statielei 16,2020-12-12,17:00:00,57,31,26,FMN GV 03 Hove
46,Statielei 16,2020-12-12,18:00:00,26,10,16,FMN GV 03 Hove
46,Statielei 16,2020-12-12,19:00:00,18,8,10,FMN GV 03 Hove
46,Statielei 16,2020-12-12,20:00:00,13,8,5,FMN GV 03 Hove
46,Statielei 16,2020-12-12,21:00:00,7,6,1,FMN GV 03 Hove
46,Statielei 16,2020-12-12,22:00:00,8,5,3,FMN GV 03 Hove
46,Statielei 16,2020-12-12,23:00:00,12,5,7,FMN GV 03 Hove
46,Statielei 16,2020-12-13,00:00:00,3,3,0,FMN GV 03 Hove
46,Statielei 16,2020-12-13,01:00:00,0,0,0,FMN GV 03 Hove
46,Statielei 16,2020-12-13,02:00:00,1,0,1,FMN GV 03 Hove
46,Statielei 16,2020-12-13,03:00:00,0,0,0,FMN GV 03 Hove
46,Statielei 16,2020-12-13,04:00:00,0,0,0,FMN GV 03 Hove
46,Statielei 16,2020-12-13,05:00:00,9,5,4,FMN GV 03 Hove
46,Statielei 16,2020-12-13,06:00:00,12,7,5,FMN GV 03 Hove
46,Statielei 16,2020-12-13,07:00:00,13,10,3,FMN GV 03 Hove
46,Statielei 16,2020-12-13,08:00:00,28,7,21,FMN GV 03 Hove
46,Statielei 16,2020-12-13,09:00:00,62,23,39,FMN GV 03 Hove
46,Statielei 16,2020-12-13,10:00:00,133,54,79,FMN GV 03 Hove
46,Statielei 16,2020-12-13,11:00:00,192,97,95,FMN GV 03 Hove
46,Statielei 16,2020-12-13,12:00:00,159,96,63,FMN GV 03 Hove
46,Statielei 16,2020-12-13,13:00:00,145,88,57,FMN GV 03 Hove
46,Statielei 16,2020-12-13,14:00:00,166,92,74,FMN GV 03 Hove
46,Statielei 16,2020-12-13,15:00:00,94,59,35,FMN GV 03 Hove
46,Statielei 16,2020-12-13,16:00:00,106,70,36,FMN GV 03 Hove
46,Statielei 16,2020-12-13,17:00:00,36,17,19,FMN GV 03 Hove
46,Statielei 16,2020-12-13,18:00:00,25,10,15,FMN GV 03 Hove
46,Statielei 16,2020-12-13,19:00:00,20,13,7,FMN GV 03 Hove
46,Statielei 16,2020-12-13,20:00:00,16,12,4,FMN GV 03 Hove
46,Statielei 16,2020-12-13,21:00:00,6,5,1,FMN GV 03 Hove
46,Statielei 16,2020-12-13,22:00:00,11,9,2,FMN GV 03 Hove
46,Statielei 16,2020-12-13,23:00:00,2,1,1,FMN GV 03 Hove
46,Statielei 16,2020-12-14,00:00:00,2,1,1,FMN GV 03 Hove
46,Statielei 16,2020-12-14,01:00:00,1,0,1,FMN GV 03 Hove
46,Statielei 16,2020-12-14,02:00:00,0,0,0,FMN GV 03 Hove
46,Statielei 16,2020-12-14,03:00:00,1,0,1,FMN GV 03 Hove
46,Statielei 16,2020-12-14,04:00:00,9,4,5,FMN GV 03 Hove
46,Statielei 16,2020-12-14,05:00:00,20,12,8,FMN GV 03 Hove
46,Statielei 16,2020-12-14,06:00:00,43,33,10,FMN GV 03 Hove
46,Statielei 16,2020-12-14,07:00:00,145,111,34,FMN GV 03 Hove
46,Statielei 16,2020-12-14,08:00:00,147,111,36,FMN GV 03 Hove
46,Statielei 16,2020-12-14,09:00:00,58,44,14,FMN GV 03 Hove
46,Statielei 16,2020-12-14,10:00:00,31,18,13,FMN GV 03 Hove
46,Statielei 16,2020-12-14,11:00:00,52,30,22,FMN GV 03 Hove
46,Statielei 16,2020-12-14,12:00:00,90,53,37,FMN GV 03 Hove
46,Statielei 16,2020-12-14,13:00:00,88,53,35,FMN GV 03 Hove
46,Statielei 16,2020-12-14,14:00:00,91,44,47,FMN GV 03 Hove
46,Statielei 16,2020-12-14,15:00:00,106,50,56,FMN GV 03 Hove
46,Statielei 16,2020-12-14,16:00:00,122,40,82,FMN GV 03 Hove
46,Statielei 16,2020-12-14,17:00:00,109,35,74,FMN GV 03 Hove
46,Statielei 16,2020-12-14,18:00:00,74,22,52,FMN GV 03 Hove
46,Statielei 16,2020-12-14,19:00:00,27,14,13,FMN GV 03 Hove
46,Statielei 16,2020-12-14,20:00:00,21,9,12,FMN GV 03 Hove
46,Statielei 16,2020-12-14,21:00:00,21,11,10,FMN GV 03 Hove
46,Statielei 16,2020-12-14,22:00:00,12,4,8,FMN GV 03 Hove
46,Statielei 16,2020-12-14,23:00:00,5,3,2,FMN GV 03 Hove
46,Statielei 16,2020-12-15,00:00:00,3,0,3,FMN GV 03 Hove
46,Statielei 16,2020-12-15,01:00:00,1,1,0,FMN GV 03 Hove
46,Statielei 16,2020-12-15,02:00:00,1,1,0,FMN GV 03 Hove
46,Statielei 16,2020-12-15,03:00:00,0,0,0,FMN GV 03 Hove
46,Statielei 16,2020-12-15,04:00:00,9,5,4,FMN GV 03 Hove
46,Statielei 16,2020-12-15,05:00:00,20,10,10,FMN GV 03 Hove
46,Statielei 16,2020-12-15,06:00:00,49,36,13,FMN GV 03 Hove
46,Statielei 16,2020-12-15,07:00:00,159,131,28,FMN GV 03 Hove
46,Statielei 16,2020-12-15,08:00:00,143,112,31,FMN GV 03 Hove
46,Statielei 16,2020-12-15,09:00:00,55,37,18,FMN GV 03 Hove
46,Statielei 16,2020-12-15,10:00:00,63,28,35,FMN GV 03 Hove
46,Statielei 16,2020-12-15,11:00:00,51,32,19,FMN GV 03 Hove
46,Statielei 16,2020-12-15,12:00:00,53,23,30,FMN GV 03 Hove
46,Statielei 16,2020-12-15,13:00:00,43,21,22,FMN GV 03 Hove
46,Statielei 16,2020-12-15,14:00:00,79,40,39,FMN GV 03 Hove
46,Statielei 16,2020-12-15,15:00:00,102,46,56,FMN GV 03 Hove
46,Statielei 16,2020-12-15,16:00:00,138,56,82,FMN GV 03 Hove
46,Statielei 16,2020-12-15,17:00:00,122,40,82,FMN GV 03 Hove
46,Statielei 16,2020-12-15,18:00:00,85,29,56,FMN GV 03 Hove
46,Statielei 16,2020-12-15,19:00:00,35,15,20,FMN GV 03 Hove
46,Statielei 16,2020-12-15,20:00:00,18,6,12,FMN GV 03 Hove
46,Statielei 16,2020-12-15,21:00:00,17,10,7,FMN GV 03 Hove
46,Statielei 16,2020-12-15,22:00:00,18,8,10,FMN GV 03 Hove
46,Statielei 16,2020-12-15,23:00:00,10,5,5,FMN GV 03 Hove
46,Statielei 16,2020-12-16,00:00:00,2,1,1,FMN GV 03 Hove
46,Statielei 16,2020-12-16,01:00:00,1,1,0,FMN GV 03 Hove
46,Statielei 16,2020-12-16,02:00:00,2,2,0,FMN GV 03 Hove
46,Statielei 16,2020-12-16,03:00:00,1,1,0,FMN GV 03 Hove
46,Statielei 16,2020-12-16,04:00:00,8,5,3,FMN GV 03 Hove
46,Statielei 16,2020-12-16,05:00:00,23,13,10,FMN GV 03 Hove
46,Statielei 16,2020-12-16,06:00:00,58,45,13,FMN GV 03 Hove
46,Statielei 16,2020-12-16,07:00:00,173,152,21,FMN GV 03 Hove
46,Statielei 16,2020-12-16,08:00:00,149,108,41,FMN GV 03 Hove
46,Statielei 16,2020-12-16,09:00:00,87,60,27,FMN GV 03 Hove
46,Statielei 16,2020-12-16,10:00:00,106,63,43,FMN GV 03 Hove
46,Statielei 16,2020-12-16,11:00:00,108,53,55,FMN GV 03 Hove
46,Statielei 16,2020-12-16,12:00:00,167,72,95,FMN GV 03 Hove
46,Statielei 16,2020-12-16,13:00:00,169,92,77,FMN GV 03 Hove
46,Statielei 16,2020-12-16,14:00:00,200,103,97,FMN GV 03 Hove
46,Statielei 16,2020-12-16,15:00:00,159,88,71,FMN GV 03 Hove
46,Statielei 16,2020-12-16,16:00:00,167,62,105,FMN GV 03 Hove
46,Statielei 16,2020-12-16,17:00:00,129,45,84,FMN GV 03 Hove
46,Statielei 16,2020-12-16,18:00:00,87,34,53,FMN GV 03 Hove
46,Statielei 16,2020-12-16,19:00:00,45,22,23,FMN GV 03 Hove
46,Statielei 16,2020-12-16,20:00:00,36,20,16,FMN GV 03 Hove
46,Statielei 16,2020-12-16,21:00:00,23,10,13,FMN GV 03 Hove
46,Statielei 16,2020-12-16,22:00:00,19,10,9,FMN GV 03 Hove
46,Statielei 16,2020-12-16,23:00:00,9,5,4,FMN GV 03 Hove
46,Statielei 16,2020-12-17,00:00:00,3,2,1,FMN GV 03 Hove
46,Statielei 16,2020-12-17,01:00:00,0,0,0,FMN GV 03 Hove
46,Statielei 16,2020-12-17,02:00:00,3,2,1,FMN GV 03 Hove
46,Statielei 16,2020-12-17,03:00:00,0,0,0,FMN GV 03 Hove
46,Statielei 16,2020-12-17,04:00:00,4,4,0,FMN GV 03 Hove
46,Statielei 16,2020-12-17,05:00:00,11,5,6,FMN GV 03 Hove
46,Statielei 16,2020-12-17,06:00:00,60,45,15,FMN GV 03 Hove
46,Statielei 16,2020-12-17,07:00:00,166,135,31,FMN GV 03 Hove
46,Statielei 16,2020-12-17,08:00:00,146,104,42,FMN GV 03 Hove
46,Statielei 16,2020-12-17,09:00:00,74,51,23,FMN GV 03 Hove
46,Statielei 16,2020-12-17,10:00:00,79,46,33,FMN GV 03 Hove
46,Statielei 16,2020-12-17,11:00:00,84,49,35,FMN GV 03 Hove
46,Statielei 16,2020-12-17,12:00:00,108,67,41,FMN GV 03 Hove
46,Statielei 16,2020-12-17,13:00:00,145,80,65,FMN GV 03 Hove
46,Statielei 16,2020-12-17,14:00:00,118,64,54,FMN GV 03 Hove
46,Statielei 16,2020-12-17,15:00:00,134,55,79,FMN GV 03 Hove
46,Statielei 16,2020-12-17,16:00:00,157,61,96,FMN GV 03 Hove
46,Statielei 16,2020-12-17,17:00:00,159,48,111,FMN GV 03 Hove
46,Statielei 16,2020-12-17,18:00:00,81,31,50,FMN GV 03 Hove
46,Statielei 16,2020-12-17,19:00:00,38,19,19,FMN GV 03 Hove
46,Statielei 16,2020-12-17,20:00:00,27,10,17,FMN GV 03 Hove
46,Statielei 16,2020-12-17,21:00:00,29,11,18,FMN GV 03 Hove
46,Statielei 16,2020-12-17,22:00:00,21,10,11,FMN GV 03 Hove
46,Statielei 16,2020-12-17,23:00:00,14,8,6,FMN GV 03 Hove
46,Statielei 16,2020-12-18,00:00:00,2,1,1,FMN GV 03 Hove
46,Statielei 16,2020-12-18,01:00:00,2,1,1,FMN GV 03 Hove
46,Statielei 16,2020-12-18,02:00:00,1,1,0,FMN GV 03 Hove
46,Statielei 16,2020-12-18,03:00:00,1,1,0,FMN GV 03 Hove
46,Statielei 16,2020-12-18,04:00:00,6,4,2,FMN GV 03 Hove
46,Statielei 16,2020-12-18,05:00:00,26,12,14,FMN GV 03 Hove
46,Statielei 16,2020-12-18,06:00:00,37,25,12,FMN GV 03 Hove
46,Statielei 16,2020-12-18,07:00:00,134,110,24,FMN GV 03 Hove
46,Statielei 16,2020-12-18,08:00:00,151,111,40,FMN GV 03 Hove
46,Statielei 16,2020-12-18,09:00:00,80,58,22,FMN GV 03 Hove
46,Statielei 16,2020-12-18,10:00:00,75,40,35,FMN GV 03 Hove
46,Statielei 16,2020-12-18,11:00:00,108,51,57,FMN GV 03 Hove
46,Statielei 16,2020-12-18,12:00:00,128,65,63,FMN GV 03 Hove
46,Statielei 16,2020-12-18,13:00:00,195,98,97,FMN GV 03 Hove
46,Statielei 16,2020-12-18,14:00:00,181,85,96,FMN GV 03 Hove
46,Statielei 16,2020-12-18,15:00:00,203,107,96,FMN GV 03 Hove
46,Statielei 16,2020-12-18,16:00:00,171,80,91,FMN GV 03 Hove
46,Statielei 16,2020-12-18,17:00:00,131,52,79,FMN GV 03 Hove
46,Statielei 16,2020-12-18,18:00:00,83,34,49,FMN GV 03 Hove
46,Statielei 16,2020-12-18,19:00:00,50,27,23,FMN GV 03 Hove
46,Statielei 16,2020-12-18,20:00:00,23,9,14,FMN GV 03 Hove
46,Statielei 16,2020-12-18,21:00:00,20,9,11,FMN GV 03 Hove
46,Statielei 16,2020-12-18,22:00:00,9,4,5,FMN GV 03 Hove
46,Statielei 16,2020-12-18,23:00:00,28,19,9,FMN GV 03 Hove
46,Statielei 16,2020-12-19,00:00:00,3,2,1,FMN GV 03 Hove
46,Statielei 16,2020-12-19,01:00:00,1,0,1,FMN GV 03 Hove
46,Statielei 16,2020-12-19,02:00:00,0,0,0,FMN GV 03 Hove
46,Statielei 16,2020-12-19,03:00:00,1,0,1,FMN GV 03 Hove
46,Statielei 16,2020-12-19,04:00:00,5,4,1,FMN GV 03 Hove
46,Statielei 16,2020-12-19,05:00:00,7,3,4,FMN GV 03 Hove
46,Statielei 16,2020-12-19,06:00:00,9,5,4,FMN GV 03 Hove
46,Statielei 16,2020-12-19,07:00:00,8,5,3,FMN GV 03 Hove
46,Statielei 16,2020-12-19,08:00:00,35,17,18,FMN GV 03 Hove
46,Statielei 16,2020-12-19,09:00:00,71,29,42,FMN GV 03 Hove
46,Statielei 16,2020-12-19,10:00:00,117,48,69,FMN GV 03 Hove
46,Statielei 16,2020-12-19,11:00:00,106,68,38,FMN GV 03 Hove
46,Statielei 16,2020-12-19,12:00:00,141,74,67,FMN GV 03 Hove
46,Statielei 16,2020-12-19,13:00:00,80,47,33,FMN GV 03 Hove
46,Statielei 16,2020-12-19,14:00:00,72,45,27,FMN GV 03 Hove
46,Statielei 16,2020-12-19,15:00:00,104,67,37,FMN GV 03 Hove
46,Statielei 16,2020-12-19,16:00:00,77,37,40,FMN GV 03 Hove
46,Statielei 16,2020-12-19,17:00:00,59,28,31,FMN GV 03 Hove
46,Statielei 16,2020-12-19,18:00:00,26,16,10,FMN GV 03 Hove
46,Statielei 16,2020-12-19,19:00:00,17,8,9,FMN GV 03 Hove
46,Statielei 16,2020-12-19,20:00:00,16,7,9,FMN GV 03 Hove
46,Statielei 16,2020-12-19,21:00:00,14,6,8,FMN GV 03 Hove
46,Statielei 16,2020-12-19,22:00:00,11,4,7,FMN GV 03 Hove
46,Statielei 16,2020-12-19,23:00:00,18,9,9,FMN GV 03 Hove
46,Statielei 16,2020-12-20,00:00:00,2,1,1,FMN GV 03 Hove
46,Statielei 16,2020-12-20,01:00:00,2,1,1,FMN GV 03 Hove
46,Statielei 16,2020-12-20,02:00:00,0,0,0,FMN GV 03 Hove
46,Statielei 16,2020-12-20,03:00:00,0,0,0,FMN GV 03 Hove
46,Statielei 16,2020-12-20,04:00:00,4,4,0,FMN GV 03 Hove
46,Statielei 16,2020-12-20,05:00:00,3,3,0,FMN GV 03 Hove
46,Statielei 16,2020-12-20,06:00:00,10,6,4,FMN GV 03 Hove
46,Statielei 16,2020-12-20,07:00:00,12,9,3,FMN GV 03 Hove
46,Statielei 16,2020-12-20,08:00:00,25,11,14,FMN GV 03 Hove
46,Statielei 16,2020-12-20,09:00:00,85,21,64,FMN GV 03 Hove
46,Statielei 16,2020-12-20,10:00:00,149,81,68,FMN GV 03 Hove
46,Statielei 16,2020-12-20,11:00:00,150,94,56,FMN GV 03 Hove
46,Statielei 16,2020-12-20,12:00:00,181,111,70,FMN GV 03 Hove
46,Statielei 16,2020-12-20,13:00:00,201,119,82,FMN GV 03 Hove
46,Statielei 16,2020-12-20,14:00:00,154,83,71,FMN GV 03 Hove
46,Statielei 16,2020-12-20,15:00:00,125,76,49,FMN GV 03 Hove
46,Statielei 16,2020-12-20,16:00:00,97,62,35,FMN GV 03 Hove
46,Statielei 16,2020-12-20,17:00:00,76,40,36,FMN GV 03 Hove
46,Statielei 16,2020-12-20,18:00:00,26,15,11,FMN GV 03 Hove
46,Statielei 16,2020-12-20,19:00:00,17,9,8,FMN GV 03 Hove
46,Statielei 16,2020-12-20,20:00:00,14,9,5,FMN GV 03 Hove
46,Statielei 16,2020-12-20,21:00:00,12,5,7,FMN GV 03 Hove
46,Statielei 16,2020-12-20,22:00:00,18,9,9,FMN GV 03 Hove
46,Statielei 16,2020-12-20,23:00:00,10,6,4,FMN GV 03 Hove
46,Statielei 16,2020-12-21,00:00:00,1,1,0,FMN GV 03 Hove
46,Statielei 16,2020-12-21,01:00:00,1,0,1,FMN GV 03 Hove
46,Statielei 16,2020-12-21,02:00:00,1,1,0,FMN GV 03 Hove
46,Statielei 16,2020-12-21,03:00:00,3,0,3,FMN GV 03 Hove
46,Statielei 16,2020-12-21,04:00:00,3,3,0,FMN GV 03 Hove
46,Statielei 16,2020-12-21,05:00:00,11,7,4,FMN GV 03 Hove
46,Statielei 16,2020-12-21,06:00:00,36,29,7,FMN GV 03 Hove
46,Statielei 16,2020-12-21,07:00:00,63,41,22,FMN GV 03 Hove
46,Statielei 16,2020-12-21,08:00:00,71,45,26,FMN GV 03 Hove
46,Statielei 16,2020-12-21,09:00:00,23,14,9,FMN GV 03 Hove
46,Statielei 16,2020-12-21,10:00:00,20,15,5,FMN GV 03 Hove
46,Statielei 16,2020-12-21,11:00:00,35,19,16,FMN GV 03 Hove
46,Statielei 16,2020-12-21,12:00:00,31,15,16,FMN GV 03 Hove
46,Statielei 16,2020-12-21,13:00:00,33,19,14,FMN GV 03 Hove
46,Statielei 16,2020-12-21,14:00:00,32,16,16,FMN GV 03 Hove
46,Statielei 16,2020-12-21,15:00:00,60,26,34,FMN GV 03 Hove
46,Statielei 16,2020-12-21,16:00:00,37,12,25,FMN GV 03 Hove
46,Statielei 16,2020-12-21,17:00:00,69,30,39,FMN GV 03 Hove
46,Statielei 16,2020-12-21,18:00:00,48,24,24,FMN GV 03 Hove
46,Statielei 16,2020-12-21,19:00:00,24,7,17,FMN GV 03 Hove
46,Statielei 16,2020-12-21,20:00:00,15,9,6,FMN GV 03 Hove
46,Statielei 16,2020-12-21,21:00:00,13,6,7,FMN GV 03 Hove
46,Statielei 16,2020-12-21,22:00:00,11,8,3,FMN GV 03 Hove
46,Statielei 16,2020-12-21,23:00:00,7,1,6,FMN GV 03 Hove
46,Statielei 16,2020-12-22,00:00:00,0,0,0,FMN GV 03 Hove
46,Statielei 16,2020-12-22,01:00:00,1,0,1,FMN GV 03 Hove
46,Statielei 16,2020-12-22,02:00:00,2,2,0,FMN GV 03 Hove
46,Statielei 16,2020-12-22,03:00:00,0,0,0,FMN GV 03 Hove
46,Statielei 16,2020-12-22,04:00:00,3,2,1,FMN GV 03 Hove
46,Statielei 16,2020-12-22,05:00:00,9,5,4,FMN GV 03 Hove
46,Statielei 16,2020-12-22,06:00:00,34,23,11,FMN GV 03 Hove
46,Statielei 16,2020-12-22,07:00:00,70,48,22,FMN GV 03 Hove
46,Statielei 16,2020-12-22,08:00:00,79,53,26,FMN GV 03 Hove
46,Statielei 16,2020-12-22,09:00:00,40,28,12,FMN GV 03 Hove
46,Statielei 16,2020-12-22,10:00:00,52,34,18,FMN GV 03 Hove
46,Statielei 16,2020-12-22,11:00:00,65,38,27,FMN GV 03 Hove
46,Statielei 16,2020-12-22,12:00:00,77,37,40,FMN GV 03 Hove
46,Statielei 16,2020-12-22,13:00:00,113,67,46,FMN GV 03 Hove
46,Statielei 16,2020-12-22,14:00:00,108,61,47,FMN GV 03 Hove
46,Statielei 16,2020-12-22,15:00:00,99,63,36,FMN GV 03 Hove
46,Statielei 16,2020-12-22,16:00:00,114,48,66,FMN GV 03 Hove
46,Statielei 16,2020-12-22,17:00:00,87,33,54,FMN GV 03 Hove
46,Statielei 16,2020-12-22,18:00:00,54,20,34,FMN GV 03 Hove
46,Statielei 16,2020-12-22,19:00:00,31,19,12,FMN GV 03 Hove
46,Statielei 16,2020-12-22,20:00:00,28,12,16,FMN GV 03 Hove
46,Statielei 16,2020-12-22,21:00:00,14,7,7,FMN GV 03 Hove
46,Statielei 16,2020-12-22,22:00:00,13,5,8,FMN GV 03 Hove
46,Statielei 16,2020-12-22,23:00:00,13,9,4,FMN GV 03 Hove
46,Statielei 16,2020-12-23,00:00:00,2,1,1,FMN GV 03 Hove
46,Statielei 16,2020-12-23,01:00:00,1,0,1,FMN GV 03 Hove
46,Statielei 16,2020-12-23,02:00:00,2,2,0,FMN GV 03 Hove
46,Statielei 16,2020-12-23,03:00:00,1,0,1,FMN GV 03 Hove
46,Statielei 16,2020-12-23,04:00:00,8,4,4,FMN GV 03 Hove
46,Statielei 16,2020-12-23,05:00:00,9,6,3,FMN GV 03 Hove
46,Statielei 16,2020-12-23,06:00:00,30,21,9,FMN GV 03 Hove
46,Statielei 16,2020-12-23,07:00:00,58,37,21,FMN GV 03 Hove
46,Statielei 16,2020-12-23,08:00:00,61,39,22,FMN GV 03 Hove
46,Statielei 16,2020-12-23,09:00:00,67,46,21,FMN GV 03 Hove
46,Statielei 16,2020-12-23,10:00:00,45,22,23,FMN GV 03 Hove
46,Statielei 16,2020-12-23,11:00:00,30,14,16,FMN GV 03 Hove
46,Statielei 16,2020-12-23,12:00:00,38,18,20,FMN GV 03 Hove
46,Statielei 16,2020-12-23,13:00:00,43,24,19,FMN GV 03 Hove
46,Statielei 16,2020-12-23,14:00:00,60,36,24,FMN GV 03 Hove
46,Statielei 16,2020-12-23,15:00:00,54,24,30,FMN GV 03 Hove
46,Statielei 16,2020-12-23,16:00:00,76,42,34,FMN GV 03 Hove
46,Statielei 16,2020-12-23,17:00:00,64,29,35,FMN GV 03 Hove
46,Statielei 16,2020-12-23,18:00:00,51,20,31,FMN GV 03 Hove
46,Statielei 16,2020-12-23,19:00:00,16,6,10,FMN GV 03 Hove
46,Statielei 16,2020-12-23,20:00:00,17,12,5,FMN GV 03 Hove
46,Statielei 16,2020-12-23,21:00:00,12,4,8,FMN GV 03 Hove
46,Statielei 16,2020-12-23,22:00:00,9,8,1,FMN GV 03 Hove
46,Statielei 16,2020-12-23,23:00:00,7,3,4,FMN GV 03 Hove
46,Statielei 16,2020-12-24,00:00:00,1,1,0,FMN GV 03 Hove
46,Statielei 16,2020-12-24,01:00:00,0,0,0,FMN GV 03 Hove
46,Statielei 16,2020-12-24,02:00:00,3,2,1,FMN GV 03 Hove
46,Statielei 16,2020-12-24,03:00:00,0,0,0,FMN GV 03 Hove
46,Statielei 16,2020-12-24,04:00:00,4,1,3,FMN GV 03 Hove
46,Statielei 16,2020-12-24,05:00:00,9,5,4,FMN GV 03 Hove
46,Statielei 16,2020-12-24,06:00:00,21,19,2,FMN GV 03 Hove
46,Statielei 16,2020-12-24,07:00:00,36,21,15,FMN GV 03 Hove
46,Statielei 16,2020-12-24,08:00:00,47,34,13,FMN GV 03 Hove
46,Statielei 16,2020-12-24,09:00:00,32,21,11,FMN GV 03 Hove
46,Statielei 16,2020-12-24,10:00:00,40,24,16,FMN GV 03 Hove
46,Statielei 16,2020-12-24,11:00:00,49,25,24,FMN GV 03 Hove
46,Statielei 16,2020-12-24,12:00:00,69,34,35,FMN GV 03 Hove
46,Statielei 16,2020-12-24,13:00:00,67,31,36,FMN GV 03 Hove
46,Statielei 16,2020-12-24,14:00:00,103,44,59,FMN GV 03 Hove
46,Statielei 16,2020-12-24,15:00:00,70,39,31,FMN GV 03 Hove
46,Statielei 16,2020-12-24,16:00:00,51,22,29,FMN GV 03 Hove
46,Statielei 16,2020-12-24,17:00:00,40,14,26,FMN GV 03 Hove
46,Statielei 16,2020-12-24,18:00:00,18,7,11,FMN GV 03 Hove
46,Statielei 16,2020-12-24,19:00:00,8,5,3,FMN GV 03 Hove
46,Statielei 16,2020-12-24,20:00:00,3,2,1,FMN GV 03 Hove
46,Statielei 16,2020-12-24,21:00:00,7,2,5,FMN GV 03 Hove
46,Statielei 16,2020-12-24,22:00:00,10,6,4,FMN GV 03 Hove
46,Statielei 16,2020-12-24,23:00:00,29,27,2,FMN GV 03 Hove
46,Statielei 16,2020-12-25,00:00:00,2,2,0,FMN GV 03 Hove
46,Statielei 16,2020-12-25,01:00:00,1,1,0,FMN GV 03 Hove
46,Statielei 16,2020-12-25,02:00:00,0,0,0,FMN GV 03 Hove
46,Statielei 16,2020-12-25,03:00:00,0,0,0,FMN GV 03 Hove
46,Statielei 16,2020-12-25,04:00:00,1,0,1,FMN GV 03 Hove
46,Statielei 16,2020-12-25,05:00:00,6,6,0,FMN GV 03 Hove
46,Statielei 16,2020-12-25,06:00:00,6,5,1,FMN GV 03 Hove
46,Statielei 16,2020-12-25,07:00:00,4,3,1,FMN GV 03 Hove
46,Statielei 16,2020-12-25,08:00:00,7,3,4,FMN GV 03 Hove
46,Statielei 16,2020-12-25,09:00:00,23,11,12,FMN GV 03 Hove
46,Statielei 16,2020-12-25,10:00:00,58,31,27,FMN GV 03 Hove
46,Statielei 16,2020-12-25,11:00:00,78,39,39,FMN GV 03 Hove
46,Statielei 16,2020-12-25,12:00:00,112,67,45,FMN GV 03 Hove
46,Statielei 16,2020-12-25,13:00:00,109,63,46,FMN GV 03 Hove
46,Statielei 16,2020-12-25,14:00:00,128,66,62,FMN GV 03 Hove
46,Statielei 16,2020-12-25,15:00:00,105,58,47,FMN GV 03 Hove
46,Statielei 16,2020-12-25,16:00:00,59,41,18,FMN GV 03 Hove
46,Statielei 16,2020-12-25,17:00:00,35,23,12,FMN GV 03 Hove
46,Statielei 16,2020-12-25,18:00:00,29,23,6,FMN GV 03 Hove
46,Statielei 16,2020-12-25,19:00:00,11,7,4,FMN GV 03 Hove
46,Statielei 16,2020-12-25,20:00:00,18,11,7,FMN GV 03 Hove
46,Statielei 16,2020-12-25,21:00:00,6,4,2,FMN GV 03 Hove
46,Statielei 16,2020-12-25,22:00:00,13,9,4,FMN GV 03 Hove
46,Statielei 16,2020-12-25,23:00:00,11,10,1,FMN GV 03 Hove
46,Statielei 16,2020-12-26,00:00:00,0,0,0,FMN GV 03 Hove
46,Statielei 16,2020-12-26,01:00:00,0,0,0,FMN GV 03 Hove
46,Statielei 16,2020-12-26,02:00:00,2,2,0,FMN GV 03 Hove
46,Statielei 16,2020-12-26,03:00:00,0,0,0,FMN GV 03 Hove
46,Statielei 16,2020-12-26,04:00:00,5,4,1,FMN GV 03 Hove
46,Statielei 16,2020-12-26,05:00:00,5,3,2,FMN GV 03 Hove
46,Statielei 16,2020-12-26,06:00:00,6,3,3,FMN GV 03 Hove
46,Statielei 16,2020-12-26,07:00:00,6,2,4,FMN GV 03 Hove
46,Statielei 16,2020-12-26,08:00:00,17,11,6,FMN GV 03 Hove
46,Statielei 16,2020-12-26,09:00:00,60,29,31,FMN GV 03 Hove
46,Statielei 16,2020-12-26,10:00:00,80,32,48,FMN GV 03 Hove
46,Statielei 16,2020-12-26,11:00:00,106,58,48,FMN GV 03 Hove
46,Statielei 16,2020-12-26,12:00:00,136,77,59,FMN GV 03 Hove
46,Statielei 16,2020-12-26,13:00:00,107,59,48,FMN GV 03 Hove
46,Statielei 16,2020-12-26,14:00:00,121,56,65,FMN GV 03 Hove
46,Statielei 16,2020-12-26,15:00:00,98,55,43,FMN GV 03 Hove
46,Statielei 16,2020-12-26,16:00:00,74,36,38,FMN GV 03 Hove
46,Statielei 16,2020-12-26,17:00:00,39,16,23,FMN GV 03 Hove
46,Statielei 16,2020-12-26,18:00:00,20,16,4,FMN GV 03 Hove
46,Statielei 16,2020-12-26,19:00:00,10,8,2,FMN GV 03 Hove
46,Statielei 16,2020-12-26,20:00:00,12,7,5,FMN GV 03 Hove
46,Statielei 16,2020-12-26,21:00:00,7,5,2,FMN GV 03 Hove
46,Statielei 16,2020-12-26,22:00:00,12,9,3,FMN GV 03 Hove
46,Statielei 16,2020-12-26,23:00:00,14,3,11,FMN GV 03 Hove
46,Statielei 16,2020-12-27,00:00:00,0,0,0,FMN GV 03 Hove
46,Statielei 16,2020-12-27,01:00:00,1,1,0,FMN GV 03 Hove
46,Statielei 16,2020-12-27,02:00:00,0,0,0,FMN GV 03 Hove
46,Statielei 16,2020-12-27,03:00:00,0,0,0,FMN GV 03 Hove
46,Statielei 16,2020-12-27,04:00:00,0,0,0,FMN GV 03 Hove
46,Statielei 16,2020-12-27,05:00:00,1,1,0,FMN GV 03 Hove
46,Statielei 16,2020-12-27,06:00:00,7,4,3,FMN GV 03 Hove
46,Statielei 16,2020-12-27,07:00:00,6,2,4,FMN GV 03 Hove
46,Statielei 16,2020-12-27,08:00:00,5,3,2,FMN GV 03 Hove
46,Statielei 16,2020-12-27,09:00:00,4,2,2,FMN GV 03 Hove
46,Statielei 16,2020-12-27,10:00:00,6,6,0,FMN GV 03 Hove
46,Statielei 16,2020-12-27,11:00:00,5,3,2,FMN GV 03 Hove
46,Statielei 16,2020-12-27,12:00:00,9,4,5,FMN GV 03 Hove
46,Statielei 16,2020-12-27,13:00:00,10,5,5,FMN GV 03 Hove
46,Statielei 16,2020-12-27,14:00:00,11,4,7,FMN GV 03 Hove
46,Statielei 16,2020-12-27,15:00:00,9,6,3,FMN GV 03 Hove
46,Statielei 16,2020-12-27,16:00:00,7,4,3,FMN GV 03 Hove
46,Statielei 16,2020-12-27,17:00:00,7,4,3,FMN GV 03 Hove
46,Statielei 16,2020-12-27,18:00:00,9,6,3,FMN GV 03 Hove
46,Statielei 16,2020-12-27,19:00:00,8,3,5,FMN GV 03 Hove
46,Statielei 16,2020-12-27,20:00:00,4,4,0,FMN GV 03 Hove
46,Statielei 16,2020-12-27,21:00:00,2,0,2,FMN GV 03 Hove
46,Statielei 16,2020-12-27,22:00:00,4,3,1,FMN GV 03 Hove
46,Statielei 16,2020-12-27,23:00:00,5,2,3,FMN GV 03 Hove
46,Statielei 16,2020-12-28,00:00:00,1,1,0,FMN GV 03 Hove
46,Statielei 16,2020-12-28,01:00:00,0,0,0,FMN GV 03 Hove
46,Statielei 16,2020-12-28,02:00:00,0,0,0,FMN GV 03 Hove
46,Statielei 16,2020-12-28,03:00:00,0,0,0,FMN GV 03 Hove
46,Statielei 16,2020-12-28,04:00:00,2,2,0,FMN GV 03 Hove
46,Statielei 16,2020-12-28,05:00:00,9,6,3,FMN GV 03 Hove
46,Statielei 16,2020-12-28,06:00:00,22,15,7,FMN GV 03 Hove
46,Statielei 16,2020-12-28,07:00:00,45,35,10,FMN GV 03 Hove
46,Statielei 16,2020-12-28,08:00:00,51,32,19,FMN GV 03 Hove
46,Statielei 16,2020-12-28,09:00:00,38,19,19,FMN GV 03 Hove
46,Statielei 16,2020-12-28,10:00:00,57,36,21,FMN GV 03 Hove
46,Statielei 16,2020-12-28,11:00:00,67,34,33,FMN GV 03 Hove
46,Statielei 16,2020-12-28,12:00:00,85,46,39,FMN GV 03 Hove
46,Statielei 16,2020-12-28,13:00:00,75,41,34,FMN GV 03 Hove
46,Statielei 16,2020-12-28,14:00:00,72,37,35,FMN GV 03 Hove
46,Statielei 16,2020-12-28,15:00:00,74,48,26,FMN GV 03 Hove
46,Statielei 16,2020-12-28,16:00:00,70,40,30,FMN GV 03 Hove
46,Statielei 16,2020-12-28,17:00:00,60,19,41,FMN GV 03 Hove
46,Statielei 16,2020-12-28,18:00:00,40,16,24,FMN GV 03 Hove
46,Statielei 16,2020-12-28,19:00:00,26,17,9,FMN GV 03 Hove
46,Statielei 16,2020-12-28,20:00:00,13,9,4,FMN GV 03 Hove
46,Statielei 16,2020-12-28,21:00:00,7,4,3,FMN GV 03 Hove
46,Statielei 16,2020-12-28,22:00:00,11,4,7,FMN GV 03 Hove
46,Statielei 16,2020-12-28,23:00:00,13,4,9,FMN GV 03 Hove
46,Statielei 16,2020-12-29,00:00:00,0,0,0,FMN GV 03 Hove
46,Statielei 16,2020-12-29,01:00:00,0,0,0,FMN GV 03 Hove
46,Statielei 16,2020-12-29,02:00:00,1,1,0,FMN GV 03 Hove
46,Statielei 16,2020-12-29,03:00:00,0,0,0,FMN GV 03 Hove
46,Statielei 16,2020-12-29,04:00:00,3,1,2,FMN GV 03 Hove
46,Statielei 16,2020-12-29,05:00:00,7,5,2,FMN GV 03 Hove
46,Statielei 16,2020-12-29,06:00:00,20,18,2,FMN GV 03 Hove
46,Statielei 16,2020-12-29,07:00:00,45,36,9,FMN GV 03 Hove
46,Statielei 16,2020-12-29,08:00:00,51,30,21,FMN GV 03 Hove
46,Statielei 16,2020-12-29,09:00:00,45,27,18,FMN GV 03 Hove
46,Statielei 16,2020-12-29,10:00:00,50,27,23,FMN GV 03 Hove
46,Statielei 16,2020-12-29,11:00:00,70,41,29,FMN GV 03 Hove
46,Statielei 16,2020-12-29,12:00:00,62,29,33,FMN GV 03 Hove
46,Statielei 16,2020-12-29,13:00:00,74,44,30,FMN GV 03 Hove
46,Statielei 16,2020-12-29,14:00:00,93,43,50,FMN GV 03 Hove
46,Statielei 16,2020-12-29,15:00:00,100,58,42,FMN GV 03 Hove
46,Statielei 16,2020-12-29,16:00:00,111,65,46,FMN GV 03 Hove
46,Statielei 16,2020-12-29,17:00:00,76,37,39,FMN GV 03 Hove
46,Statielei 16,2020-12-29,18:00:00,50,19,31,FMN GV 03 Hove
46,Statielei 16,2020-12-29,19:00:00,21,6,15,FMN GV 03 Hove
46,Statielei 16,2020-12-29,20:00:00,15,8,7,FMN GV 03 Hove
46,Statielei 16,2020-12-29,21:00:00,14,7,7,FMN GV 03 Hove
46,Statielei 16,2020-12-29,22:00:00,10,2,8,FMN GV 03 Hove
46,Statielei 16,2020-12-29,23:00:00,8,6,2,FMN GV 03 Hove
46,Statielei 16,2020-12-30,00:00:00,4,3,1,FMN GV 03 Hove
46,Statielei 16,2020-12-30,01:00:00,0,0,0,FMN GV 03 Hove
46,Statielei 16,2020-12-30,02:00:00,0,0,0,FMN GV 03 Hove
46,Statielei 16,2020-12-30,03:00:00,0,0,0,FMN GV 03 Hove
46,Statielei 16,2020-12-30,04:00:00,0,0,0,FMN GV 03 Hove
46,Statielei 16,2020-12-30,05:00:00,0,0,0,FMN GV 03 Hove
46,Statielei 16,2020-12-30,06:00:00,0,0,0,FMN GV 03 Hove
46,Statielei 16,2020-12-30,07:00:00,0,0,0,FMN GV 03 Hove
46,Statielei 16,2020-12-30,08:00:00,16,14,2,FMN GV 03 Hove
46,Statielei 16,2020-12-30,09:00:00,0,0,0,FMN GV 03 Hove
46,Statielei 16,2020-12-30,10:00:00,0,0,0,FMN GV 03 Hove
46,Statielei 16,2020-12-30,11:00:00,0,0,0,FMN GV 03 Hove
46,Statielei 16,2020-12-30,12:00:00,0,0,0,FMN GV 03 Hove
46,Statielei 16,2020-12-30,13:00:00,0,0,0,FMN GV 03 Hove
46,Statielei 16,2020-12-30,14:00:00,0,0,0,FMN GV 03 Hove
46,Statielei 16,2020-12-30,15:00:00,0,0,0,FMN GV 03 Hove
46,Statielei 16,2020-12-30,16:00:00,0,0,0,FMN GV 03 Hove
46,Statielei 16,2020-12-30,17:00:00,0,0,0,FMN GV 03 Hove
46,Statielei 16,2020-12-30,18:00:00,0,0,0,FMN GV 03 Hove
46,Statielei 16,2020-12-30,19:00:00,0,0,0,FMN GV 03 Hove
46,Statielei 16,2020-12-30,20:00:00,0,0,0,FMN GV 03 Hove
46,Statielei 16,2020-12-30,21:00:00,0,0,0,FMN GV 03 Hove
46,Statielei 16,2020-12-30,22:00:00,0,0,0,FMN GV 03 Hove
46,Statielei 16,2020-12-30,23:00:00,0,0,0,FMN GV 03 Hove
46,Statielei 16,2021-03-01,00:00:00,4,0,4,FMN GV 03 Hove
46,Statielei 16,2021-03-01,01:00:00,2,0,2,FMN GV 03 Hove
46,Statielei 16,2021-03-01,02:00:00,1,0,1,FMN GV 03 Hove
46,Statielei 16,2021-03-01,03:00:00,1,0,1,FMN GV 03 Hove
46,Statielei 16,2021-03-01,04:00:00,10,8,2,FMN GV 03 Hove
46,Statielei 16,2021-03-01,05:00:00,18,13,5,FMN GV 03 Hove
46,Statielei 16,2021-03-01,06:00:00,70,55,15,FMN GV 03 Hove
46,Statielei 16,2021-03-01,07:00:00,196,153,43,FMN GV 03 Hove
46,Statielei 16,2021-03-01,08:00:00,240,183,57,FMN GV 03 Hove
46,Statielei 16,2021-03-01,09:00:00,73,52,21,FMN GV 03 Hove
46,Statielei 16,2021-03-01,10:00:00,58,32,26,FMN GV 03 Hove
46,Statielei 16,2021-03-01,11:00:00,61,40,21,FMN GV 03 Hove
46,Statielei 16,2021-03-01,12:00:00,87,53,34,FMN GV 03 Hove
46,Statielei 16,2021-03-01,13:00:00,99,49,50,FMN GV 03 Hove
46,Statielei 16,2021-03-01,14:00:00,84,48,36,FMN GV 03 Hove
46,Statielei 16,2021-03-01,15:00:00,130,55,75,FMN GV 03 Hove
46,Statielei 16,2021-03-01,16:00:00,205,67,138,FMN GV 03 Hove
46,Statielei 16,2021-03-01,17:00:00,232,82,150,FMN GV 03 Hove
46,Statielei 16,2021-03-01,18:00:00,141,53,88,FMN GV 03 Hove
46,Statielei 16,2021-03-01,19:00:00,86,40,46,FMN GV 03 Hove
46,Statielei 16,2021-03-01,20:00:00,50,26,24,FMN GV 03 Hove
46,Statielei 16,2021-03-01,21:00:00,41,25,16,FMN GV 03 Hove
46,Statielei 16,2021-03-01,22:00:00,44,22,22,FMN GV 03 Hove
46,Statielei 16,2021-03-01,23:00:00,12,5,7,FMN GV 03 Hove
46,Statielei 16,2021-03-02,00:00:00,7,3,4,FMN GV 03 Hove
46,Statielei 16,2021-03-02,01:00:00,0,0,0,FMN GV 03 Hove
46,Statielei 16,2021-03-02,02:00:00,3,3,0,FMN GV 03 Hove
46,Statielei 16,2021-03-02,03:00:00,0,0,0,FMN GV 03 Hove
46,Statielei 16,2021-03-02,04:00:00,12,6,6,FMN GV 03 Hove
46,Statielei 16,2021-03-02,05:00:00,36,20,16,FMN GV 03 Hove
46,Statielei 16,2021-03-02,06:00:00,92,74,18,FMN GV 03 Hove
46,Statielei 16,2021-03-02,07:00:00,276,213,63,FMN GV 03 Hove
46,Statielei 16,2021-03-02,08:00:00,295,226,69,FMN GV 03 Hove
46,Statielei 16,2021-03-02,09:00:00,97,65,32,FMN GV 03 Hove
46,Statielei 16,2021-03-02,10:00:00,76,45,31,FMN GV 03 Hove
46,Statielei 16,2021-03-02,11:00:00,81,48,33,FMN GV 03 Hove
46,Statielei 16,2021-03-02,12:00:00,113,64,49,FMN GV 03 Hove
46,Statielei 16,2021-03-02,13:00:00,125,68,57,FMN GV 03 Hove
46,Statielei 16,2021-03-02,14:00:00,108,52,56,FMN GV 03 Hove
46,Statielei 16,2021-03-02,15:00:00,168,71,97,FMN GV 03 Hove
46,Statielei 16,2021-03-02,16:00:00,258,85,173,FMN GV 03 Hove
46,Statielei 16,2021-03-02,17:00:00,294,100,194,FMN GV 03 Hove
46,Statielei 16,2021-03-02,18:00:00,194,76,118,FMN GV 03 Hove
46,Statielei 16,2021-03-02,19:00:00,104,48,56,FMN GV 03 Hove
46,Statielei 16,2021-03-02,20:00:00,84,46,38,FMN GV 03 Hove
46,Statielei 16,2021-03-02,21:00:00,52,25,27,FMN GV 03 Hove
46,Statielei 16,2021-03-02,22:00:00,43,22,21,FMN GV 03 Hove
46,Statielei 16,2021-03-02,23:00:00,20,10,10,FMN GV 03 Hove
46,Statielei 16,2021-03-03,00:00:00,5,4,1,FMN GV 03 Hove
46,Statielei 16,2021-03-03,01:00:00,3,0,3,FMN GV 03 Hove
46,Statielei 16,2021-03-03,02:00:00,5,3,2,FMN GV 03 Hove
46,Statielei 16,2021-03-03,03:00:00,2,2,0,FMN GV 03 Hove
46,Statielei 16,2021-03-03,04:00:00,9,5,4,FMN GV 03 Hove
46,Statielei 16,2021-03-03,05:00:00,22,9,13,FMN GV 03 Hove
46,Statielei 16,2021-03-03,06:00:00,85,60,25,FMN GV 03 Hove
46,Statielei 16,2021-03-03,07:00:00,248,189,59,FMN GV 03 Hove
46,Statielei 16,2021-03-03,08:00:00,255,193,62,FMN GV 03 Hove
46,Statielei 16,2021-03-03,09:00:00,127,83,44,FMN GV 03 Hove
46,Statielei 16,2021-03-03,10:00:00,122,73,49,FMN GV 03 Hove
46,Statielei 16,2021-03-03,11:00:00,139,70,69,FMN GV 03 Hove
46,Statielei 16,2021-03-03,12:00:00,182,77,105,FMN GV 03 Hove
46,Statielei 16,2021-03-03,13:00:00,150,73,77,FMN GV 03 Hove
46,Statielei 16,2021-03-03,14:00:00,136,63,73,FMN GV 03 Hove
46,Statielei 16,2021-03-03,15:00:00,146,63,83,FMN GV 03 Hove
46,Statielei 16,2021-03-03,16:00:00,213,78,135,FMN GV 03 Hove
46,Statielei 16,2021-03-03,17:00:00,263,101,162,FMN GV 03 Hove
46,Statielei 16,2021-03-03,18:00:00,178,78,100,FMN GV 03 Hove
46,Statielei 16,2021-03-03,19:00:00,93,50,43,FMN GV 03 Hove
46,Statielei 16,2021-03-03,20:00:00,82,46,36,FMN GV 03 Hove
46,Statielei 16,2021-03-03,21:00:00,59,29,30,FMN GV 03 Hove
46,Statielei 16,2021-03-03,22:00:00,18,10,8,FMN GV 03 Hove
46,Statielei 16,2021-03-03,23:00:00,20,11,9,FMN GV 03 Hove
46,Statielei 16,2021-03-04,00:00:00,6,3,3,FMN GV 03 Hove
46,Statielei 16,2021-03-04,01:00:00,1,0,1,FMN GV 03 Hove
46,Statielei 16,2021-03-04,02:00:00,4,2,2,FMN GV 03 Hove
46,Statielei 16,2021-03-04,03:00:00,3,1,2,FMN GV 03 Hove
46,Statielei 16,2021-03-04,04:00:00,4,2,2,FMN GV 03 Hove
46,Statielei 16,2021-03-04,05:00:00,9,7,2,FMN GV 03 Hove
46,Statielei 16,2021-03-04,06:00:00,39,32,7,FMN GV 03 Hove
46,Statielei 16,2021-03-04,07:00:00,121,91,30,FMN GV 03 Hove
46,Statielei 16,2021-03-04,08:00:00,131,95,36,FMN GV 03 Hove
46,Statielei 16,2021-03-04,09:00:00,49,37,12,FMN GV 03 Hove
46,Statielei 16,2021-03-04,10:00:00,43,23,20,FMN GV 03 Hove
46,Statielei 16,2021-03-04,11:00:00,39,22,17,FMN GV 03 Hove
46,Statielei 16,2021-03-04,12:00:00,53,27,26,FMN GV 03 Hove
46,Statielei 16,2021-03-04,13:00:00,57,36,21,FMN GV 03 Hove
46,Statielei 16,2021-03-04,14:00:00,54,27,27,FMN GV 03 Hove
46,Statielei 16,2021-03-04,15:00:00,68,33,35,FMN GV 03 Hove
46,Statielei 16,2021-03-04,16:00:00,119,45,74,FMN GV 03 Hove
46,Statielei 16,2021-03-04,17:00:00,120,37,83,FMN GV 03 Hove
46,Statielei 16,2021-03-04,18:00:00,95,38,57,FMN GV 03 Hove
46,Statielei 16,2021-03-04,19:00:00,45,22,23,FMN GV 03 Hove
46,Statielei 16,2021-03-04,20:00:00,29,17,12,FMN GV 03 Hove
46,Statielei 16,2021-03-04,21:00:00,29,16,13,FMN GV 03 Hove
46,Statielei 16,2021-03-04,22:00:00,21,12,9,FMN GV 03 Hove
46,Statielei 16,2021-03-04,23:00:00,7,3,4,FMN GV 03 Hove
46,Statielei 16,2021-03-05,00:00:00,0,0,0,FMN GV 03 Hove
46,Statielei 16,2021-03-05,01:00:00,0,0,0,FMN GV 03 Hove
46,Statielei 16,2021-03-05,02:00:00,0,0,0,FMN GV 03 Hove
46,Statielei 16,2021-03-05,03:00:00,0,0,0,FMN GV 03 Hove
46,Statielei 16,2021-03-05,04:00:00,0,0,0,FMN GV 03 Hove
46,Statielei 16,2021-03-05,05:00:00,0,0,0,FMN GV 03 Hove
46,Statielei 16,2021-03-05,06:00:00,0,0,0,FMN GV 03 Hove
46,Statielei 16,2021-03-05,07:00:00,0,0,0,FMN GV 03 Hove
46,Statielei 16,2021-03-05,08:00:00,0,0,0,FMN GV 03 Hove
46,Statielei 16,2021-03-05,09:00:00,0,0,0,FMN GV 03 Hove
46,Statielei 16,2021-03-05,10:00:00,0,0,0,FMN GV 03 Hove
46,Statielei 16,2021-03-05,11:00:00,0,0,0,FMN GV 03 Hove
46,Statielei 16,2021-03-05,12:00:00,0,0,0,FMN GV 03 Hove
46,Statielei 16,2021-03-05,13:00:00,79,53,26,FMN GV 03 Hove
46,Statielei 16,2021-03-05,14:00:00,147,70,77,FMN GV 03 Hove
46,Statielei 16,2021-03-05,15:00:00,166,83,83,FMN GV 03 Hove
46,Statielei 16,2021-03-05,16:00:00,204,72,132,FMN GV 03 Hove
46,Statielei 16,2021-03-05,17:00:00,166,63,103,FMN GV 03 Hove
46,Statielei 16,2021-03-05,18:00:00,88,40,48,FMN GV 03 Hove
46,Statielei 16,2021-03-05,19:00:00,51,26,25,FMN GV 03 Hove
46,Statielei 16,2021-03-05,20:00:00,39,15,24,FMN GV 03 Hove
46,Statielei 16,2021-03-05,21:00:00,12,4,8,FMN GV 03 Hove
46,Statielei 16,2021-03-05,22:00:00,17,10,7,FMN GV 03 Hove
46,Statielei 16,2021-03-05,23:00:00,16,9,7,FMN GV 03 Hove
46,Statielei 16,2021-03-06,00:00:00,3,2,1,FMN GV 03 Hove
46,Statielei 16,2021-03-06,01:00:00,5,2,3,FMN GV 03 Hove
46,Statielei 16,2021-03-06,02:00:00,1,1,0,FMN GV 03 Hove
46,Statielei 16,2021-03-06,03:00:00,1,1,0,FMN GV 03 Hove
46,Statielei 16,2021-03-06,04:00:00,7,4,3,FMN GV 03 Hove
46,Statielei 16,2021-03-06,05:00:00,4,1,3,FMN GV 03 Hove
46,Statielei 16,2021-03-06,06:00:00,9,4,5,FMN GV 03 Hove
46,Statielei 16,2021-03-06,07:00:00,14,10,4,FMN GV 03 Hove
46,Statielei 16,2021-03-06,08:00:00,21,7,14,FMN GV 03 Hove
46,Statielei 16,2021-03-06,09:00:00,78,31,47,FMN GV 03 Hove
46,Statielei 16,2021-03-06,10:00:00,99,53,46,FMN GV 03 Hove
46,Statielei 16,2021-03-06,11:00:00,131,70,61,FMN GV 03 Hove
46,Statielei 16,2021-03-06,12:00:00,187,100,87,FMN GV 03 Hove
46,Statielei 16,2021-03-06,13:00:00,199,109,90,FMN GV 03 Hove
46,Statielei 16,2021-03-06,14:00:00,207,121,86,FMN GV 03 Hove
46,Statielei 16,2021-03-06,15:00:00,180,110,70,FMN GV 03 Hove
46,Statielei 16,2021-03-06,16:00:00,155,88,67,FMN GV 03 Hove
46,Statielei 16,2021-03-06,17:00:00,132,67,65,FMN GV 03 Hove
46,Statielei 16,2021-03-06,18:00:00,73,38,35,FMN GV 03 Hove
46,Statielei 16,2021-03-06,19:00:00,24,10,14,FMN GV 03 Hove
46,Statielei 16,2021-03-06,20:00:00,26,12,14,FMN GV 03 Hove
46,Statielei 16,2021-03-06,21:00:00,19,7,12,FMN GV 03 Hove
46,Statielei 16,2021-03-06,22:00:00,7,4,3,FMN GV 03 Hove
46,Statielei 16,2021-03-06,23:00:00,23,8,15,FMN GV 03 Hove
46,Statielei 16,2021-03-07,00:00:00,12,10,2,FMN GV 03 Hove
46,Statielei 16,2021-03-07,01:00:00,0,0,0,FMN GV 03 Hove
46,Statielei 16,2021-03-07,02:00:00,0,0,0,FMN GV 03 Hove
46,Statielei 16,2021-03-07,03:00:00,0,0,0,FMN GV 03 Hove
46,Statielei 16,2021-03-07,04:00:00,3,3,0,FMN GV 03 Hove
46,Statielei 16,2021-03-07,05:00:00,7,6,1,FMN GV 03 Hove
46,Statielei 16,2021-03-07,06:00:00,5,5,0,FMN GV 03 Hove
46,Statielei 16,2021-03-07,07:00:00,7,5,2,FMN GV 03 Hove
46,Statielei 16,2021-03-07,08:00:00,24,5,19,FMN GV 03 Hove
46,Statielei 16,2021-03-07,09:00:00,89,35,54,FMN GV 03 Hove
46,Statielei 16,2021-03-07,10:00:00,138,54,84,FMN GV 03 Hove
46,Statielei 16,2021-03-07,11:00:00,207,138,69,FMN GV 03 Hove
46,Statielei 16,2021-03-07,12:00:00,257,172,85,FMN GV 03 Hove
46,Statielei 16,2021-03-07,13:00:00,237,143,94,FMN GV 03 Hove
46,Statielei 16,2021-03-07,14:00:00,224,117,107,FMN GV 03 Hove
46,Statielei 16,2021-03-07,15:00:00,174,95,79,FMN GV 03 Hove
46,Statielei 16,2021-03-07,16:00:00,140,99,41,FMN GV 03 Hove
46,Statielei 16,2021-03-07,17:00:00,117,70,47,FMN GV 03 Hove
46,Statielei 16,2021-03-07,18:00:00,42,27,15,FMN GV 03 Hove
46,Statielei 16,2021-03-07,19:00:00,25,17,8,FMN GV 03 Hove
46,Statielei 16,2021-03-07,20:00:00,13,8,5,FMN GV 03 Hove
46,Statielei 16,2021-03-07,21:00:00,17,11,6,FMN GV 03 Hove
46,Statielei 16,2021-03-07,22:00:00,9,3,6,FMN GV 03 Hove
46,Statielei 16,2021-03-07,23:00:00,8,5,3,FMN GV 03 Hove
46,Statielei 16,2021-03-08,00:00:00,1,0,1,FMN GV 03 Hove
46,Statielei 16,2021-03-08,01:00:00,1,1,0,FMN GV 03 Hove
46,Statielei 16,2021-03-08,02:00:00,1,1,0,FMN GV 03 Hove
46,Statielei 16,2021-03-08,03:00:00,0,0,0,FMN GV 03 Hove
46,Statielei 16,2021-03-08,04:00:00,8,4,4,FMN GV 03 Hove
46,Statielei 16,2021-03-08,05:00:00,29,23,6,FMN GV 03 Hove
46,Statielei 16,2021-03-08,06:00:00,79,60,19,FMN GV 03 Hove
46,Statielei 16,2021-03-08,07:00:00,229,187,42,FMN GV 03 Hove
46,Statielei 16,2021-03-08,08:00:00,184,139,45,FMN GV 03 Hove
46,Statielei 16,2021-03-08,09:00:00,69,47,22,FMN GV 03 Hove
46,Statielei 16,2021-03-08,10:00:00,42,22,20,FMN GV 03 Hove
46,Statielei 16,2021-03-08,11:00:00,80,53,27,FMN GV 03 Hove
46,Statielei 16,2021-03-08,12:00:00,129,74,55,FMN GV 03 Hove
46,Statielei 16,2021-03-08,13:00:00,120,60,60,FMN GV 03 Hove
46,Statielei 16,2021-03-08,14:00:00,139,64,75,FMN GV 03 Hove
46,Statielei 16,2021-03-08,15:00:00,189,90,99,FMN GV 03 Hove
46,Statielei 16,2021-03-08,16:00:00,238,94,144,FMN GV 03 Hove
46,Statielei 16,2021-03-08,17:00:00,214,72,142,FMN GV 03 Hove
46,Statielei 16,2021-03-08,18:00:00,125,54,71,FMN GV 03 Hove
46,Statielei 16,2021-03-08,19:00:00,59,26,33,FMN GV 03 Hove
46,Statielei 16,2021-03-08,20:00:00,36,17,19,FMN GV 03 Hove
46,Statielei 16,2021-03-08,21:00:00,21,7,14,FMN GV 03 Hove
46,Statielei 16,2021-03-08,22:00:00,26,13,13,FMN GV 03 Hove
46,Statielei 16,2021-03-08,23:00:00,8,2,6,FMN GV 03 Hove
46,Statielei 16,2021-03-09,00:00:00,2,2,0,FMN GV 03 Hove
46,Statielei 16,2021-03-09,01:00:00,0,0,0,FMN GV 03 Hove
46,Statielei 16,2021-03-09,02:00:00,1,1,0,FMN GV 03 Hove
46,Statielei 16,2021-03-09,03:00:00,0,0,0,FMN GV 03 Hove
46,Statielei 16,2021-03-09,04:00:00,7,3,4,FMN GV 03 Hove
46,Statielei 16,2021-03-09,05:00:00,20,17,3,FMN GV 03 Hove
46,Statielei 16,2021-03-09,06:00:00,61,47,14,FMN GV 03 Hove
46,Statielei 16,2021-03-09,07:00:00,205,160,45,FMN GV 03 Hove
46,Statielei 16,2021-03-09,08:00:00,188,139,49,FMN GV 03 Hove
46,Statielei 16,2021-03-09,09:00:00,62,46,16,FMN GV 03 Hove
46,Statielei 16,2021-03-09,10:00:00,49,29,20,FMN GV 03 Hove
46,Statielei 16,2021-03-09,11:00:00,48,25,23,FMN GV 03 Hove
46,Statielei 16,2021-03-09,12:00:00,68,37,31,FMN GV 03 Hove
46,Statielei 16,2021-03-09,13:00:00,74,36,38,FMN GV 03 Hove
46,Statielei 16,2021-03-09,14:00:00,61,25,36,FMN GV 03 Hove
46,Statielei 16,2021-03-09,15:00:00,101,42,59,FMN GV 03 Hove
46,Statielei 16,2021-03-09,16:00:00,170,59,111,FMN GV 03 Hove
46,Statielei 16,2021-03-09,17:00:00,168,51,117,FMN GV 03 Hove
46,Statielei 16,2021-03-09,18:00:00,85,32,53,FMN GV 03 Hove
46,Statielei 16,2021-03-09,19:00:00,23,10,13,FMN GV 03 Hove
46,Statielei 16,2021-03-09,20:00:00,29,12,17,FMN GV 03 Hove
46,Statielei 16,2021-03-09,21:00:00,15,8,7,FMN GV 03 Hove
46,Statielei 16,2021-03-09,22:00:00,22,12,10,FMN GV 03 Hove
46,Statielei 16,2021-03-09,23:00:00,10,6,4,FMN GV 03 Hove
46,Statielei 16,2021-03-10,00:00:00,2,2,0,FMN GV 03 Hove
46,Statielei 16,2021-03-10,01:00:00,1,0,1,FMN GV 03 Hove
46,Statielei 16,2021-03-10,02:00:00,1,1,0,FMN GV 03 Hove
46,Statielei 16,2021-03-10,03:00:00,1,1,0,FMN GV 03 Hove
46,Statielei 16,2021-03-10,04:00:00,5,3,2,FMN GV 03 Hove
46,Statielei 16,2021-03-10,05:00:00,24,15,9,FMN GV 03 Hove
46,Statielei 16,2021-03-10,06:00:00,68,49,19,FMN GV 03 Hove
46,Statielei 16,2021-03-10,07:00:00,190,158,32,FMN GV 03 Hove
46,Statielei 16,2021-03-10,08:00:00,178,133,45,FMN GV 03 Hove
46,Statielei 16,2021-03-10,09:00:00,66,38,28,FMN GV 03 Hove
46,Statielei 16,2021-03-10,10:00:00,81,49,32,FMN GV 03 Hove
46,Statielei 16,2021-03-10,11:00:00,65,36,29,FMN GV 03 Hove
46,Statielei 16,2021-03-10,12:00:00,133,52,81,FMN GV 03 Hove
46,Statielei 16,2021-03-10,13:00:00,106,52,54,FMN GV 03 Hove
46,Statielei 16,2021-03-10,14:00:00,80,36,44,FMN GV 03 Hove
46,Statielei 16,2021-03-10,15:00:00,108,46,62,FMN GV 03 Hove
46,Statielei 16,2021-03-10,16:00:00,106,36,70,FMN GV 03 Hove
46,Statielei 16,2021-03-10,17:00:00,137,45,92,FMN GV 03 Hove
46,Statielei 16,2021-03-10,18:00:00,87,38,49,FMN GV 03 Hove
46,Statielei 16,2021-03-10,19:00:00,27,13,14,FMN GV 03 Hove
46,Statielei 16,2021-03-10,20:00:00,20,8,12,FMN GV 03 Hove
46,Statielei 16,2021-03-10,21:00:00,19,7,12,FMN GV 03 Hove
46,Statielei 16,2021-03-10,22:00:00,16,5,11,FMN GV 03 Hove
46,Statielei 16,2021-03-10,23:00:00,3,2,1,FMN GV 03 Hove
46,Statielei 16,2021-03-11,00:00:00,1,1,0,FMN GV 03 Hove
46,Statielei 16,2021-03-11,01:00:00,0,0,0,FMN GV 03 Hove
46,Statielei 16,2021-03-11,02:00:00,1,1,0,FMN GV 03 Hove
46,Statielei 16,2021-03-11,03:00:00,3,3,0,FMN GV 03 Hove
46,Statielei 16,2021-03-11,04:00:00,4,3,1,FMN GV 03 Hove
46,Statielei 16,2021-03-11,05:00:00,10,7,3,FMN GV 03 Hove
46,Statielei 16,2021-03-11,06:00:00,43,32,11,FMN GV 03 Hove
46,Statielei 16,2021-03-11,07:00:00,140,111,29,FMN GV 03 Hove
46,Statielei 16,2021-03-11,08:00:00,137,99,38,FMN GV 03 Hove
46,Statielei 16,2021-03-11,09:00:00,43,29,14,FMN GV 03 Hove
46,Statielei 16,2021-03-11,10:00:00,33,23,10,FMN GV 03 Hove
46,Statielei 16,2021-03-11,11:00:00,29,16,13,FMN GV 03 Hove
46,Statielei 16,2021-03-11,12:00:00,60,30,30,FMN GV 03 Hove
46,Statielei 16,2021-03-11,13:00:00,38,20,18,FMN GV 03 Hove
46,Statielei 16,2021-03-11,14:00:00,43,21,22,FMN GV 03 Hove
46,Statielei 16,2021-03-11,15:00:00,70,32,38,FMN GV 03 Hove
46,Statielei 16,2021-03-11,16:00:00,127,39,88,FMN GV 03 Hove
46,Statielei 16,2021-03-11,17:00:00,119,43,76,FMN GV 03 Hove
46,Statielei 16,2021-03-11,18:00:00,69,29,40,FMN GV 03 Hove
46,Statielei 16,2021-03-11,19:00:00,30,15,15,FMN GV 03 Hove
46,Statielei 16,2021-03-11,20:00:00,23,6,17,FMN GV 03 Hove
46,Statielei 16,2021-03-11,21:00:00,11,6,5,FMN GV 03 Hove
46,Statielei 16,2021-03-11,22:00:00,18,6,12,FMN GV 03 Hove
46,Statielei 16,2021-03-11,23:00:00,17,8,9,FMN GV 03 Hove
46,Statielei 16,2021-03-12,00:00:00,4,2,2,FMN GV 03 Hove
46,Statielei 16,2021-03-12,01:00:00,0,0,0,FMN GV 03 Hove
46,Statielei 16,2021-03-12,02:00:00,2,2,0,FMN GV 03 Hove
46,Statielei 16,2021-03-12,03:00:00,0,0,0,FMN GV 03 Hove
46,Statielei 16,2021-03-12,04:00:00,8,6,2,FMN GV 03 Hove
46,Statielei 16,2021-03-12,05:00:00,16,9,7,FMN GV 03 Hove
46,Statielei 16,2021-03-12,06:00:00,43,32,11,FMN GV 03 Hove
46,Statielei 16,2021-03-12,07:00:00,167,128,39,FMN GV 03 Hove
46,Statielei 16,2021-03-12,08:00:00,140,106,34,FMN GV 03 Hove
46,Statielei 16,2021-03-12,09:00:00,53,39,14,FMN GV 03 Hove
46,Statielei 16,2021-03-12,10:00:00,54,27,27,FMN GV 03 Hove
46,Statielei 16,2021-03-12,11:00:00,62,41,21,FMN GV 03 Hove
46,Statielei 16,2021-03-12,12:00:00,63,30,33,FMN GV 03 Hove
46,Statielei 16,2021-03-12,13:00:00,70,36,34,FMN GV 03 Hove
46,Statielei 16,2021-03-12,14:00:00,40,15,25,FMN GV 03 Hove
46,Statielei 16,2021-03-12,15:00:00,56,22,34,FMN GV 03 Hove
46,Statielei 16,2021-03-12,16:00:00,112,33,79,FMN GV 03 Hove
46,Statielei 16,2021-03-12,17:00:00,112,30,82,FMN GV 03 Hove
46,Statielei 16,2021-03-12,18:00:00,72,37,35,FMN GV 03 Hove
46,Statielei 16,2021-03-12,19:00:00,40,14,26,FMN GV 03 Hove
46,Statielei 16,2021-03-12,20:00:00,30,17,13,FMN GV 03 Hove
46,Statielei 16,2021-03-12,21:00:00,12,6,6,FMN GV 03 Hove
46,Statielei 16,2021-03-12,22:00:00,13,7,6,FMN GV 03 Hove
46,Statielei 16,2021-03-12,23:00:00,27,17,10,FMN GV 03 Hove
46,Statielei 16,2021-03-13,00:00:00,10,1,9,FMN GV 03 Hove
46,Statielei 16,2021-03-13,01:00:00,0,0,0,FMN GV 03 Hove
46,Statielei 16,2021-03-13,02:00:00,5,4,1,FMN GV 03 Hove
46,Statielei 16,2021-03-13,03:00:00,2,2,0,FMN GV 03 Hove
46,Statielei 16,2021-03-13,04:00:00,2,2,0,FMN GV 03 Hove
46,Statielei 16,2021-03-13,05:00:00,7,4,3,FMN GV 03 Hove
46,Statielei 16,2021-03-13,06:00:00,8,5,3,FMN GV 03 Hove
46,Statielei 16,2021-03-13,07:00:00,8,3,5,FMN GV 03 Hove
46,Statielei 16,2021-03-13,08:00:00,16,9,7,FMN GV 03 Hove
46,Statielei 16,2021-03-13,09:00:00,37,21,16,FMN GV 03 Hove
46,Statielei 16,2021-03-13,10:00:00,53,36,17,FMN GV 03 Hove
46,Statielei 16,2021-03-13,11:00:00,60,33,27,FMN GV 03 Hove
46,Statielei 16,2021-03-13,12:00:00,50,24,26,FMN GV 03 Hove
46,Statielei 16,2021-03-13,13:00:00,24,11,13,FMN GV 03 Hove
46,Statielei 16,2021-03-13,14:00:00,43,24,19,FMN GV 03 Hove
46,Statielei 16,2021-03-13,15:00:00,35,15,20,FMN GV 03 Hove
46,Statielei 16,2021-03-13,16:00:00,31,17,14,FMN GV 03 Hove
46,Statielei 16,2021-03-13,17:00:00,44,20,24,FMN GV 03 Hove
46,Statielei 16,2021-03-13,18:00:00,21,7,14,FMN GV 03 Hove
46,Statielei 16,2021-03-13,19:00:00,12,8,4,FMN GV 03 Hove
46,Statielei 16,2021-03-13,20:00:00,12,8,4,FMN GV 03 Hove
46,Statielei 16,2021-03-13,21:00:00,11,5,6,FMN GV 03 Hove
46,Statielei 16,2021-03-13,22:00:00,10,4,6,FMN GV 03 Hove
46,Statielei 16,2021-03-13,23:00:00,14,9,5,FMN GV 03 Hove
46,Statielei 16,2021-03-14,00:00:00,8,1,7,FMN GV 03 Hove
46,Statielei 16,2021-03-14,01:00:00,1,0,1,FMN GV 03 Hove
46,Statielei 16,2021-03-14,02:00:00,2,1,1,FMN GV 03 Hove
46,Statielei 16,2021-03-14,03:00:00,0,0,0,FMN GV 03 Hove
46,Statielei 16,2021-03-14,04:00:00,1,1,0,FMN GV 03 Hove
46,Statielei 16,2021-03-14,05:00:00,3,2,1,FMN GV 03 Hove
46,Statielei 16,2021-03-14,06:00:00,10,5,5,FMN GV 03 Hove
46,Statielei 16,2021-03-14,07:00:00,6,5,1,FMN GV 03 Hove
46,Statielei 16,2021-03-14,08:00:00,14,1,13,FMN GV 03 Hove
46,Statielei 16,2021-03-14,09:00:00,63,17,46,FMN GV 03 Hove
46,Statielei 16,2021-03-14,10:00:00,97,35,62,FMN GV 03 Hove
46,Statielei 16,2021-03-14,11:00:00,74,41,33,FMN GV 03 Hove
46,Statielei 16,2021-03-14,12:00:00,98,62,36,FMN GV 03 Hove
46,Statielei 16,2021-03-14,13:00:00,111,62,49,FMN GV 03 Hove
46,Statielei 16,2021-03-14,14:00:00,123,70,53,FMN GV 03 Hove
46,Statielei 16,2021-03-14,15:00:00,122,78,44,FMN GV 03 Hove
46,Statielei 16,2021-03-14,16:00:00,69,34,35,FMN GV 03 Hove
46,Statielei 16,2021-03-14,17:00:00,82,49,33,FMN GV 03 Hove
46,Statielei 16,2021-03-14,18:00:00,31,19,12,FMN GV 03 Hove
46,Statielei 16,2021-03-14,19:00:00,26,15,11,FMN GV 03 Hove
46,Statielei 16,2021-03-14,20:00:00,9,3,6,FMN GV 03 Hove
46,Statielei 16,2021-03-14,21:00:00,11,7,4,FMN GV 03 Hove
46,Statielei 16,2021-03-14,22:00:00,12,5,7,FMN GV 03 Hove
46,Statielei 16,2021-03-14,23:00:00,6,5,1,FMN GV 03 Hove
46,Statielei 16,2021-03-15,00:00:00,2,0,2,FMN GV 03 Hove
46,Statielei 16,2021-03-15,01:00:00,0,0,0,FMN GV 03 Hove
46,Statielei 16,2021-03-15,02:00:00,1,1,0,FMN GV 03 Hove
46,Statielei 16,2021-03-15,03:00:00,1,1,0,FMN GV 03 Hove
46,Statielei 16,2021-03-15,04:00:00,5,5,0,FMN GV 03 Hove
46,Statielei 16,2021-03-15,05:00:00,17,11,6,FMN GV 03 Hove
46,Statielei 16,2021-03-15,06:00:00,62,47,15,FMN GV 03 Hove
46,Statielei 16,2021-03-15,07:00:00,218,174,44,FMN GV 03 Hove
46,Statielei 16,2021-03-15,08:00:00,147,113,34,FMN GV 03 Hove
46,Statielei 16,2021-03-15,09:00:00,63,42,21,FMN GV 03 Hove
46,Statielei 16,2021-03-15,10:00:00,55,37,18,FMN GV 03 Hove
46,Statielei 16,2021-03-15,11:00:00,38,22,16,FMN GV 03 Hove
46,Statielei 16,2021-03-15,12:00:00,79,42,37,FMN GV 03 Hove
46,Statielei 16,2021-03-15,13:00:00,62,34,28,FMN GV 03 Hove
46,Statielei 16,2021-03-15,14:00:00,61,25,36,FMN GV 03 Hove
46,Statielei 16,2021-03-15,15:00:00,98,39,59,FMN GV 03 Hove
46,Statielei 16,2021-03-15,16:00:00,164,47,117,FMN GV 03 Hove
46,Statielei 16,2021-03-15,17:00:00,144,55,89,FMN GV 03 Hove
46,Statielei 16,2021-03-15,18:00:00,102,40,62,FMN GV 03 Hove
46,Statielei 16,2021-03-15,19:00:00,34,14,20,FMN GV 03 Hove
46,Statielei 16,2021-03-15,20:00:00,26,11,15,FMN GV 03 Hove
46,Statielei 16,2021-03-15,21:00:00,10,3,7,FMN GV 03 Hove
46,Statielei 16,2021-03-15,22:00:00,16,9,7,FMN GV 03 Hove
46,Statielei 16,2021-03-15,23:00:00,5,1,4,FMN GV 03 Hove
46,Statielei 16,2021-03-16,00:00:00,0,0,0,FMN GV 03 Hove
46,Statielei 16,2021-03-16,01:00:00,0,0,0,FMN GV 03 Hove
46,Statielei 16,2021-03-16,02:00:00,3,2,1,FMN GV 03 Hove
46,Statielei 16,2021-03-16,03:00:00,1,0,1,FMN GV 03 Hove
46,Statielei 16,2021-03-16,04:00:00,6,3,3,FMN GV 03 Hove
46,Statielei 16,2021-03-16,05:00:00,18,11,7,FMN GV 03 Hove
46,Statielei 16,2021-03-16,06:00:00,60,47,13,FMN GV 03 Hove
46,Statielei 16,2021-03-16,07:00:00,203,157,46,FMN GV 03 Hove
46,Statielei 16,2021-03-16,08:00:00,143,103,40,FMN GV 03 Hove
46,Statielei 16,2021-03-16,09:00:00,42,23,19,FMN GV 03 Hove
46,Statielei 16,2021-03-16,10:00:00,26,19,7,FMN GV 03 Hove
46,Statielei 16,2021-03-16,11:00:00,24,13,11,FMN GV 03 Hove
46,Statielei 16,2021-03-16,12:00:00,49,24,25,FMN GV 03 Hove
46,Statielei 16,2021-03-16,13:00:00,45,23,22,FMN GV 03 Hove
46,Statielei 16,2021-03-16,14:00:00,29,13,16,FMN GV 03 Hove
46,Statielei 16,2021-03-16,15:00:00,89,26,63,FMN GV 03 Hove
46,Statielei 16,2021-03-16,16:00:00,124,31,93,FMN GV 03 Hove
46,Statielei 16,2021-03-16,17:00:00,135,39,96,FMN GV 03 Hove
46,Statielei 16,2021-03-16,18:00:00,64,28,36,FMN GV 03 Hove
46,Statielei 16,2021-03-16,19:00:00,23,13,10,FMN GV 03 Hove
46,Statielei 16,2021-03-16,20:00:00,19,8,11,FMN GV 03 Hove
46,Statielei 16,2021-03-16,21:00:00,8,4,4,FMN GV 03 Hove
46,Statielei 16,2021-03-16,22:00:00,15,7,8,FMN GV 03 Hove
46,Statielei 16,2021-03-16,23:00:00,5,1,4,FMN GV 03 Hove
46,Statielei 16,2021-03-17,00:00:00,1,0,1,FMN GV 03 Hove
46,Statielei 16,2021-03-17,01:00:00,0,0,0,FMN GV 03 Hove
46,Statielei 16,2021-03-17,02:00:00,1,1,0,FMN GV 03 Hove
46,Statielei 16,2021-03-17,03:00:00,0,0,0,FMN GV 03 Hove
46,Statielei 16,2021-03-17,04:00:00,5,3,2,FMN GV 03 Hove
46,Statielei 16,2021-03-17,05:00:00,12,7,5,FMN GV 03 Hove
46,Statielei 16,2021-03-17,06:00:00,62,46,16,FMN GV 03 Hove
46,Statielei 16,2021-03-17,07:00:00,162,126,36,FMN GV 03 Hove
46,Statielei 16,2021-03-17,08:00:00,167,122,45,FMN GV 03 Hove
46,Statielei 16,2021-03-17,09:00:00,75,52,23,FMN GV 03 Hove
46,Statielei 16,2021-03-17,10:00:00,75,44,31,FMN GV 03 Hove
46,Statielei 16,2021-03-17,11:00:00,69,28,41,FMN GV 03 Hove
46,Statielei 16,2021-03-17,12:00:00,106,48,58,FMN GV 03 Hove
46,Statielei 16,2021-03-17,13:00:00,92,45,47,FMN GV 03 Hove
46,Statielei 16,2021-03-17,14:00:00,67,35,32,FMN GV 03 Hove
46,Statielei 16,2021-03-17,15:00:00,95,44,51,FMN GV 03 Hove
46,Statielei 16,2021-03-17,16:00:00,141,50,91,FMN GV 03 Hove
46,Statielei 16,2021-03-17,17:00:00,152,57,95,FMN GV 03 Hove
46,Statielei 16,2021-03-17,18:00:00,102,55,47,FMN GV 03 Hove
46,Statielei 16,2021-03-17,19:00:00,55,35,20,FMN GV 03 Hove
46,Statielei 16,2021-03-17,20:00:00,42,24,18,FMN GV 03 Hove
46,Statielei 16,2021-03-17,21:00:00,17,7,10,FMN GV 03 Hove
46,Statielei 16,2021-03-17,22:00:00,16,7,9,FMN GV 03 Hove
46,Statielei 16,2021-03-17,23:00:00,10,6,4,FMN GV 03 Hove
46,Statielei 16,2021-03-18,00:00:00,1,0,1,FMN GV 03 Hove
46,Statielei 16,2021-03-18,01:00:00,0,0,0,FMN GV 03 Hove
46,Statielei 16,2021-03-18,02:00:00,1,1,0,FMN GV 03 Hove
46,Statielei 16,2021-03-18,03:00:00,0,0,0,FMN GV 03 Hove
46,Statielei 16,2021-03-18,04:00:00,9,3,6,FMN GV 03 Hove
46,Statielei 16,2021-03-18,05:00:00,16,11,5,FMN GV 03 Hove
46,Statielei 16,2021-03-18,06:00:00,66,48,18,FMN GV 03 Hove
46,Statielei 16,2021-03-18,07:00:00,181,146,35,FMN GV 03 Hove
46,Statielei 16,2021-03-18,08:00:00,157,122,35,FMN GV 03 Hove
46,Statielei 16,2021-03-18,09:00:00,61,45,16,FMN GV 03 Hove
46,Statielei 16,2021-03-18,10:00:00,47,26,21,FMN GV 03 Hove
46,Statielei 16,2021-03-18,11:00:00,37,21,16,FMN GV 03 Hove
46,Statielei 16,2021-03-18,12:00:00,74,33,41,FMN GV 03 Hove
46,Statielei 16,2021-03-18,13:00:00,60,34,26,FMN GV 03 Hove
46,Statielei 16,2021-03-18,14:00:00,62,31,31,FMN GV 03 Hove
46,Statielei 16,2021-03-18,15:00:00,105,46,59,FMN GV 03 Hove
46,Statielei 16,2021-03-18,16:00:00,164,45,119,FMN GV 03 Hove
46,Statielei 16,2021-03-18,17:00:00,153,55,98,FMN GV 03 Hove
46,Statielei 16,2021-03-18,18:00:00,90,29,61,FMN GV 03 Hove
46,Statielei 16,2021-03-18,19:00:00,33,11,22,FMN GV 03 Hove
46,Statielei 16,2021-03-18,20:00:00,35,20,15,FMN GV 03 Hove
46,Statielei 16,2021-03-18,21:00:00,16,6,10,FMN GV 03 Hove
46,Statielei 16,2021-03-18,22:00:00,18,6,12,FMN GV 03 Hove
46,Statielei 16,2021-03-18,23:00:00,23,10,13,FMN GV 03 Hove
46,Statielei 16,2021-03-19,00:00:00,1,1,0,FMN GV 03 Hove
46,Statielei 16,2021-03-19,01:00:00,0,0,0,FMN GV 03 Hove
46,Statielei 16,2021-03-19,02:00:00,1,1,0,FMN GV 03 Hove
46,Statielei 16,2021-03-19,03:00:00,1,1,0,FMN GV 03 Hove
46,Statielei 16,2021-03-19,04:00:00,8,6,2,FMN GV 03 Hove
46,Statielei 16,2021-03-19,05:00:00,21,14,7,FMN GV 03 Hove
46,Statielei 16,2021-03-19,06:00:00,54,40,14,FMN GV 03 Hove
46,Statielei 16,2021-03-19,07:00:00,185,144,41,FMN GV 03 Hove
46,Statielei 16,2021-03-19,08:00:00,170,123,47,FMN GV 03 Hove
46,Statielei 16,2021-03-19,09:00:00,95,63,32,FMN GV 03 Hove
46,Statielei 16,2021-03-19,10:00:00,77,51,26,FMN GV 03 Hove
46,Statielei 16,2021-03-19,11:00:00,97,42,55,FMN GV 03 Hove
46,Statielei 16,2021-03-19,12:00:00,155,80,75,FMN GV 03 Hove
46,Statielei 16,2021-03-19,13:00:00,141,88,53,FMN GV 03 Hove
46,Statielei 16,2021-03-19,14:00:00,148,62,86,FMN GV 03 Hove
46,Statielei 16,2021-03-19,15:00:00,181,76,105,FMN GV 03 Hove
46,Statielei 16,2021-03-19,16:00:00,204,67,137,FMN GV 03 Hove
46,Statielei 16,2021-03-19,17:00:00,209,79,130,FMN GV 03 Hove
46,Statielei 16,2021-03-19,18:00:00,111,49,62,FMN GV 03 Hove
46,Statielei 16,2021-03-19,19:00:00,55,26,29,FMN GV 03 Hove
46,Statielei 16,2021-03-19,20:00:00,45,27,18,FMN GV 03 Hove
46,Statielei 16,2021-03-19,21:00:00,22,14,8,FMN GV 03 Hove
46,Statielei 16,2021-03-19,22:00:00,14,7,7,FMN GV 03 Hove
46,Statielei 16,2021-03-19,23:00:00,41,22,19,FMN GV 03 Hove
46,Statielei 16,2021-03-20,00:00:00,13,5,8,FMN GV 03 Hove
46,Statielei 16,2021-03-20,01:00:00,2,0,2,FMN GV 03 Hove
46,Statielei 16,2021-03-20,02:00:00,2,2,0,FMN GV 03 Hove
46,Statielei 16,2021-03-20,03:00:00,0,0,0,FMN GV 03 Hove
46,Statielei 16,2021-03-20,04:00:00,8,5,3,FMN GV 03 Hove
46,Statielei 16,2021-03-20,05:00:00,9,6,3,FMN GV 03 Hove
46,Statielei 16,2021-03-20,06:00:00,12,7,5,FMN GV 03 Hove
46,Statielei 16,2021-03-20,07:00:00,16,9,7,FMN GV 03 Hove
46,Statielei 16,2021-03-20,08:00:00,33,14,19,FMN GV 03 Hove
46,Statielei 16,2021-03-20,09:00:00,103,52,51,FMN GV 03 Hove
46,Statielei 16,2021-03-20,10:00:00,152,79,73,FMN GV 03 Hove
46,Statielei 16,2021-03-20,11:00:00,177,93,84,FMN GV 03 Hove
46,Statielei 16,2021-03-20,12:00:00,220,117,103,FMN GV 03 Hove
46,Statielei 16,2021-03-20,13:00:00,256,138,118,FMN GV 03 Hove
46,Statielei 16,2021-03-20,14:00:00,301,162,139,FMN GV 03 Hove
46,Statielei 16,2021-03-20,15:00:00,207,112,95,FMN GV 03 Hove
46,Statielei 16,2021-03-20,16:00:00,179,98,81,FMN GV 03 Hove
46,Statielei 16,2021-03-20,17:00:00,148,81,67,FMN GV 03 Hove
46,Statielei 16,2021-03-20,18:00:00,87,50,37,FMN GV 03 Hove
46,Statielei 16,2021-03-20,19:00:00,30,11,19,FMN GV 03 Hove
46,Statielei 16,2021-03-20,20:00:00,27,15,12,FMN GV 03 Hove
46,Statielei 16,2021-03-20,21:00:00,16,11,5,FMN GV 03 Hove
46,Statielei 16,2021-03-20,22:00:00,25,12,13,FMN GV 03 Hove
46,Statielei 16,2021-03-20,23:00:00,43,27,16,FMN GV 03 Hove
46,Statielei 16,2021-03-21,00:00:00,8,5,3,FMN GV 03 Hove
46,Statielei 16,2021-03-21,01:00:00,2,1,1,FMN GV 03 Hove
46,Statielei 16,2021-03-21,02:00:00,0,0,0,FMN GV 03 Hove
46,Statielei 16,2021-03-21,03:00:00,1,1,0,FMN GV 03 Hove
46,Statielei 16,2021-03-21,04:00:00,6,4,2,FMN GV 03 Hove
46,Statielei 16,2021-03-21,05:00:00,5,4,1,FMN GV 03 Hove
46,Statielei 16,2021-03-21,06:00:00,14,12,2,FMN GV 03 Hove
46,Statielei 16,2021-03-21,07:00:00,18,8,10,FMN GV 03 Hove
46,Statielei 16,2021-03-21,08:00:00,35,18,17,FMN GV 03 Hove
46,Statielei 16,2021-03-21,09:00:00,130,56,74,FMN GV 03 Hove
46,Statielei 16,2021-03-21,10:00:00,137,70,67,FMN GV 03 Hove
46,Statielei 16,2021-03-21,11:00:00,167,103,64,FMN GV 03 Hove
46,Statielei 16,2021-03-21,12:00:00,208,127,81,FMN GV 03 Hove
46,Statielei 16,2021-03-21,13:00:00,153,92,61,FMN GV 03 Hove
46,Statielei 16,2021-03-21,14:00:00,143,85,58,FMN GV 03 Hove
46,Statielei 16,2021-03-21,15:00:00,146,87,59,FMN GV 03 Hove
46,Statielei 16,2021-03-21,16:00:00,124,82,42,FMN GV 03 Hove
46,Statielei 16,2021-03-21,17:00:00,108,69,39,FMN GV 03 Hove
46,Statielei 16,2021-03-21,18:00:00,43,24,19,FMN GV 03 Hove
46,Statielei 16,2021-03-21,19:00:00,18,10,8,FMN GV 03 Hove
46,Statielei 16,2021-03-21,20:00:00,20,14,6,FMN GV 03 Hove
46,Statielei 16,2021-03-21,21:00:00,4,3,1,FMN GV 03 Hove
46,Statielei 16,2021-03-21,22:00:00,9,4,5,FMN GV 03 Hove
46,Statielei 16,2021-03-21,23:00:00,4,1,3,FMN GV 03 Hove
46,Statielei 16,2021-03-22,00:00:00,3,2,1,FMN GV 03 Hove
46,Statielei 16,2021-03-22,01:00:00,0,0,0,FMN GV 03 Hove
46,Statielei 16,2021-03-22,02:00:00,1,1,0,FMN GV 03 Hove
46,Statielei 16,2021-03-22,03:00:00,2,1,1,FMN GV 03 Hove
46,Statielei 16,2021-03-22,04:00:00,9,4,5,FMN GV 03 Hove
46,Statielei 16,2021-03-22,05:00:00,31,23,8,FMN GV 03 Hove
46,Statielei 16,2021-03-22,06:00:00,67,51,16,FMN GV 03 Hove
46,Statielei 16,2021-03-22,07:00:00,216,171,45,FMN GV 03 Hove
46,Statielei 16,2021-03-22,08:00:00,176,124,52,FMN GV 03 Hove
46,Statielei 16,2021-03-22,09:00:00,65,49,16,FMN GV 03 Hove
46,Statielei 16,2021-03-22,10:00:00,56,34,22,FMN GV 03 Hove
46,Statielei 16,2021-03-22,11:00:00,78,44,34,FMN GV 03 Hove
46,Statielei 16,2021-03-22,12:00:00,93,52,41,FMN GV 03 Hove
46,Statielei 16,2021-03-22,13:00:00,81,47,34,FMN GV 03 Hove
46,Statielei 16,2021-03-22,14:00:00,79,35,44,FMN GV 03 Hove
46,Statielei 16,2021-03-22,15:00:00,135,58,77,FMN GV 03 Hove
46,Statielei 16,2021-03-22,16:00:00,204,65,139,FMN GV 03 Hove
46,Statielei 16,2021-03-22,17:00:00,187,63,124,FMN GV 03 Hove
46,Statielei 16,2021-03-22,18:00:00,101,45,56,FMN GV 03 Hove
46,Statielei 16,2021-03-22,19:00:00,50,18,32,FMN GV 03 Hove
46,Statielei 16,2021-03-22,20:00:00,34,19,15,FMN GV 03 Hove
46,Statielei 16,2021-03-22,21:00:00,23,9,14,FMN GV 03 Hove
46,Statielei 16,2021-03-22,22:00:00,20,11,9,FMN GV 03 Hove
46,Statielei 16,2021-03-22,23:00:00,9,3,6,FMN GV 03 Hove
46,Statielei 16,2021-03-23,00:00:00,3,0,3,FMN GV 03 Hove
46,Statielei 16,2021-03-23,01:00:00,1,1,0,FMN GV 03 Hove
46,Statielei 16,2021-03-23,02:00:00,1,1,0,FMN GV 03 Hove
46,Statielei 16,2021-03-23,03:00:00,1,0,1,FMN GV 03 Hove
46,Statielei 16,2021-03-23,04:00:00,7,4,3,FMN GV 03 Hove
46,Statielei 16,2021-03-23,05:00:00,24,17,7,FMN GV 03 Hove
46,Statielei 16,2021-03-23,06:00:00,85,64,21,FMN GV 03 Hove
46,Statielei 16,2021-03-23,07:00:00,211,161,50,FMN GV 03 Hove
46,Statielei 16,2021-03-23,08:00:00,178,133,45,FMN GV 03 Hove
46,Statielei 16,2021-03-23,09:00:00,72,49,23,FMN GV 03 Hove
46,Statielei 16,2021-03-23,10:00:00,25,19,6,FMN GV 03 Hove
46,Statielei 16,2021-03-23,11:00:00,0,0,0,FMN GV 03 Hove
46,Statielei 16,2021-03-23,12:00:00,0,0,0,FMN GV 03 Hove
46,Statielei 16,2021-03-23,13:00:00,0,0,0,FMN GV 03 Hove
46,Statielei 16,2021-03-23,14:00:00,0,0,0,FMN GV 03 Hove
46,Statielei 16,2021-03-23,15:00:00,0,0,0,FMN GV 03 Hove
46,Statielei 16,2021-03-23,16:00:00,0,0,0,FMN GV 03 Hove
46,Statielei 16,2021-03-23,17:00:00,0,0,0,FMN GV 03 Hove
46,Statielei 16,2021-03-23,18:00:00,0,0,0,FMN GV 03 Hove
46,Statielei 16,2021-03-23,19:00:00,0,0,0,FMN GV 03 Hove
46,Statielei 16,2021-03-23,20:00:00,0,0,0,FMN GV 03 Hove
46,Statielei 16,2021-03-23,21:00:00,0,0,0,FMN GV 03 Hove
46,Statielei 16,2021-03-23,22:00:00,0,0,0,FMN GV 03 Hove
46,Statielei 16,2021-03-23,23:00:00,0,0,0,FMN GV 03 Hove
46,Statielei 16,2021-03-24,00:00:00,0,0,0,FMN GV 03 Hove
46,Statielei 16,2021-03-24,01:00:00,0,0,0,FMN GV 03 Hove
46,Statielei 16,2021-03-24,02:00:00,0,0,0,FMN GV 03 Hove
46,Statielei 16,2021-03-24,03:00:00,0,0,0,FMN GV 03 Hove
46,Statielei 16,2021-03-24,04:00:00,0,0,0,FMN GV 03 Hove
46,Statielei 16,2021-03-24,05:00:00,0,0,0,FMN GV 03 Hove
46,Statielei 16,2021-03-24,06:00:00,0,0,0,FMN GV 03 Hove
46,Statielei 16,2021-03-24,07:00:00,0,0,0,FMN GV 03 Hove
46,Statielei 16,2021-03-24,08:00:00,0,0,0,FMN GV 03 Hove
46,Statielei 16,2021-03-24,09:00:00,0,0,0,FMN GV 03 Hove
46,Statielei 16,2021-03-24,10:00:00,0,0,0,FMN GV 03 Hove
46,Statielei 16,2021-03-24,11:00:00,0,0,0,FMN GV 03 Hove
46,Statielei 16,2021-03-24,12:00:00,0,0,0,FMN GV 03 Hove
46,Statielei 16,2021-03-24,13:00:00,0,0,0,FMN GV 03 Hove
46,Statielei 16,2021-03-24,14:00:00,0,0,0,FMN GV 03 Hove
46,Statielei 16,2021-03-24,15:00:00,0,0,0,FMN GV 03 Hove
46,Statielei 16,2021-03-24,16:00:00,0,0,0,FMN GV 03 Hove
46,Statielei 16,2021-03-24,17:00:00,0,0,0,FMN GV 03 Hove
46,Statielei 16,2021-03-24,18:00:00,0,0,0,FMN GV 03 Hove
46,Statielei 16,2021-03-24,19:00:00,0,0,0,FMN GV 03 Hove
46,Statielei 16,2021-03-24,20:00:00,0,0,0,FMN GV 03 Hove
46,Statielei 16,2021-03-24,21:00:00,0,0,0,FMN GV 03 Hove
46,Statielei 16,2021-03-24,22:00:00,0,0,0,FMN GV 03 Hove
46,Statielei 16,2021-03-24,23:00:00,0,0,0,FMN GV 03 Hove
46,Statielei 16,2021-03-25,00:00:00,0,0,0,FMN GV 03 Hove
46,Statielei 16,2021-03-25,01:00:00,0,0,0,FMN GV 03 Hove
46,Statielei 16,2021-03-25,02:00:00,0,0,0,FMN GV 03 Hove
46,Statielei 16,2021-03-25,03:00:00,0,0,0,FMN GV 03 Hove
46,Statielei 16,2021-03-25,04:00:00,0,0,0,FMN GV 03 Hove
46,Statielei 16,2021-03-25,05:00:00,0,0,0,FMN GV 03 Hove
46,Statielei 16,2021-03-25,06:00:00,0,0,0,FMN GV 03 Hove
46,Statielei 16,2021-03-25,07:00:00,0,0,0,FMN GV 03 Hove
46,Statielei 16,2021-03-25,08:00:00,0,0,0,FMN GV 03 Hove
46,Statielei 16,2021-03-25,09:00:00,0,0,0,FMN GV 03 Hove
46,Statielei 16,2021-03-25,10:00:00,0,0,0,FMN GV 03 Hove
46,Statielei 16,2021-03-25,11:00:00,0,0,0,FMN GV 03 Hove
46,Statielei 16,2021-03-25,12:00:00,0,0,0,FMN GV 03 Hove
46,Statielei 16,2021-03-25,13:00:00,0,0,0,FMN GV 03 Hove
46,Statielei 16,2021-03-25,14:00:00,0,0,0,FMN GV 03 Hove
46,Statielei 16,2021-03-25,15:00:00,0,0,0,FMN GV 03 Hove
46,Statielei 16,2021-03-25,16:00:00,0,0,0,FMN GV 03 Hove
46,Statielei 16,2021-03-25,17:00:00,0,0,0,FMN GV 03 Hove
46,Statielei 16,2021-03-25,18:00:00,0,0,0,FMN GV 03 Hove
46,Statielei 16,2021-03-25,19:00:00,0,0,0,FMN GV 03 Hove
46,Statielei 16,2021-03-25,20:00:00,0,0,0,FMN GV 03 Hove
46,Statielei 16,2021-03-25,21:00:00,0,0,0,FMN GV 03 Hove
46,Statielei 16,2021-03-25,22:00:00,0,0,0,FMN GV 03 Hove
46,Statielei 16,2021-03-25,23:00:00,0,0,0,FMN GV 03 Hove
46,Statielei 16,2021-03-26,00:00:00,0,0,0,FMN GV 03 Hove
46,Statielei 16,2021-03-26,01:00:00,0,0,0,FMN GV 03 Hove
46,Statielei 16,2021-03-26,02:00:00,0,0,0,FMN GV 03 Hove
46,Statielei 16,2021-03-26,03:00:00,0,0,0,FMN GV 03 Hove
46,Statielei 16,2021-03-26,04:00:00,0,0,0,FMN GV 03 Hove
46,Statielei 16,2021-03-26,05:00:00,0,0,0,FMN GV 03 Hove
46,Statielei 16,2021-03-26,06:00:00,0,0,0,FMN GV 03 Hove
46,Statielei 16,2021-03-26,07:00:00,0,0,0,FMN GV 03 Hove
46,Statielei 16,2021-03-26,08:00:00,0,0,0,FMN GV 03 Hove
46,Statielei 16,2021-03-26,09:00:00,0,0,0,FMN GV 03 Hove
46,Statielei 16,2021-03-26,10:00:00,0,0,0,FMN GV 03 Hove
46,Statielei 16,2021-03-26,11:00:00,0,0,0,FMN GV 03 Hove
46,Statielei 16,2021-03-26,12:00:00,0,0,0,FMN GV 03 Hove
46,Statielei 16,2021-03-26,13:00:00,0,0,0,FMN GV 03 Hove
46,Statielei 16,2021-03-26,14:00:00,0,0,0,FMN GV 03 Hove
46,Statielei 16,2021-03-26,15:00:00,0,0,0,FMN GV 03 Hove
46,Statielei 16,2021-03-26,16:00:00,158,68,90,FMN GV 03 Hove
46,Statielei 16,2021-03-26,17:00:00,166,61,105,FMN GV 03 Hove
46,Statielei 16,2021-03-26,18:00:00,112,47,65,FMN GV 03 Hove
46,Statielei 16,2021-03-26,19:00:00,55,17,38,FMN GV 03 Hove
46,Statielei 16,2021-03-26,20:00:00,49,28,21,FMN GV 03 Hove
46,Statielei 16,2021-03-26,21:00:00,27,12,15,FMN GV 03 Hove
46,Statielei 16,2021-03-26,22:00:00,15,6,9,FMN GV 03 Hove
46,Statielei 16,2021-03-26,23:00:00,24,16,8,FMN GV 03 Hove
46,Statielei 16,2021-03-27,00:00:00,8,1,7,FMN GV 03 Hove
46,Statielei 16,2021-03-27,01:00:00,4,2,2,FMN GV 03 Hove
46,Statielei 16,2021-03-27,02:00:00,1,1,0,FMN GV 03 Hove
46,Statielei 16,2021-03-27,03:00:00,1,1,0,FMN GV 03 Hove
46,Statielei 16,2021-03-27,04:00:00,2,1,1,FMN GV 03 Hove
46,Statielei 16,2021-03-27,05:00:00,5,3,2,FMN GV 03 Hove
46,Statielei 16,2021-03-27,06:00:00,9,5,4,FMN GV 03 Hove
46,Statielei 16,2021-03-27,07:00:00,8,4,4,FMN GV 03 Hove
46,Statielei 16,2021-03-27,08:00:00,32,18,14,FMN GV 03 Hove
46,Statielei 16,2021-03-27,09:00:00,50,24,26,FMN GV 03 Hove
46,Statielei 16,2021-03-27,10:00:00,87,30,57,FMN GV 03 Hove
46,Statielei 16,2021-03-27,11:00:00,97,49,48,FMN GV 03 Hove
46,Statielei 16,2021-03-27,12:00:00,110,57,53,FMN GV 03 Hove
46,Statielei 16,2021-03-27,13:00:00,125,75,50,FMN GV 03 Hove
46,Statielei 16,2021-03-27,14:00:00,149,99,50,FMN GV 03 Hove
46,Statielei 16,2021-03-27,15:00:00,131,70,61,FMN GV 03 Hove
46,Statielei 16,2021-03-27,16:00:00,112,59,53,FMN GV 03 Hove
46,Statielei 16,2021-03-27,17:00:00,98,66,32,FMN GV 03 Hove
46,Statielei 16,2021-03-27,18:00:00,84,37,47,FMN GV 03 Hove
46,Statielei 16,2021-03-27,19:00:00,32,18,14,FMN GV 03 Hove
46,Statielei 16,2021-03-27,20:00:00,28,14,14,FMN GV 03 Hove
46,Statielei 16,2021-03-27,21:00:00,7,5,2,FMN GV 03 Hove
46,Statielei 16,2021-03-27,22:00:00,9,5,4,FMN GV 03 Hove
46,Statielei 16,2021-03-27,23:00:00,14,9,5,FMN GV 03 Hove
46,Statielei 16,2021-03-28,00:00:00,6,3,3,FMN GV 03 Hove
46,Statielei 16,2021-03-28,01:00:00,0,0,0,FMN GV 03 Hove
46,Statielei 16,2021-03-28,02:00:00,0,0,0,FMN GV 03 Hove
46,Statielei 16,2021-03-28,03:00:00,0,0,0,FMN GV 03 Hove
46,Statielei 16,2021-03-28,04:00:00,3,1,2,FMN GV 03 Hove
46,Statielei 16,2021-03-28,05:00:00,3,2,1,FMN GV 03 Hove
46,Statielei 16,2021-03-28,06:00:00,9,5,4,FMN GV 03 Hove
46,Statielei 16,2021-03-28,07:00:00,17,7,10,FMN GV 03 Hove
46,Statielei 16,2021-03-28,08:00:00,53,23,30,FMN GV 03 Hove
46,Statielei 16,2021-03-28,09:00:00,172,49,123,FMN GV 03 Hove
46,Statielei 16,2021-03-28,10:00:00,217,69,148,FMN GV 03 Hove
46,Statielei 16,2021-03-28,11:00:00,317,159,158,FMN GV 03 Hove
46,Statielei 16,2021-03-28,12:00:00,283,186,97,FMN GV 03 Hove
46,Statielei 16,2021-03-28,13:00:00,228,130,98,FMN GV 03 Hove
46,Statielei 16,2021-03-28,14:00:00,258,136,122,FMN GV 03 Hove
46,Statielei 16,2021-03-28,15:00:00,182,122,60,FMN GV 03 Hove
46,Statielei 16,2021-03-28,16:00:00,166,94,72,FMN GV 03 Hove
46,Statielei 16,2021-03-28,17:00:00,135,59,76,FMN GV 03 Hove
46,Statielei 16,2021-03-28,18:00:00,74,51,23,FMN GV 03 Hove
46,Statielei 16,2021-03-28,19:00:00,54,32,22,FMN GV 03 Hove
46,Statielei 16,2021-03-28,20:00:00,39,29,10,FMN GV 03 Hove
46,Statielei 16,2021-03-28,21:00:00,15,10,5,FMN GV 03 Hove
46,Statielei 16,2021-03-28,22:00:00,15,9,6,FMN GV 03 Hove
46,Statielei 16,2021-03-28,23:00:00,4,1,3,FMN GV 03 Hove
46,Statielei 16,2021-03-29,00:00:00,0,0,0,FMN GV 03 Hove
46,Statielei 16,2021-03-29,01:00:00,0,0,0,FMN GV 03 Hove
46,Statielei 16,2021-03-29,02:00:00,1,1,0,FMN GV 03 Hove
46,Statielei 16,2021-03-29,03:00:00,4,2,2,FMN GV 03 Hove
46,Statielei 16,2021-03-29,04:00:00,6,3,3,FMN GV 03 Hove
46,Statielei 16,2021-03-29,05:00:00,16,8,8,FMN GV 03 Hove
46,Statielei 16,2021-03-29,06:00:00,70,48,22,FMN GV 03 Hove
46,Statielei 16,2021-03-29,07:00:00,170,125,45,FMN GV 03 Hove
46,Statielei 16,2021-03-29,08:00:00,152,95,57,FMN GV 03 Hove
46,Statielei 16,2021-03-29,09:00:00,84,54,30,FMN GV 03 Hove
46,Statielei 16,2021-03-29,10:00:00,85,38,47,FMN GV 03 Hove
46,Statielei 16,2021-03-29,11:00:00,114,61,53,FMN GV 03 Hove
46,Statielei 16,2021-03-29,12:00:00,161,71,90,FMN GV 03 Hove
46,Statielei 16,2021-03-29,13:00:00,189,97,92,FMN GV 03 Hove
46,Statielei 16,2021-03-29,14:00:00,218,113,105,FMN GV 03 Hove
46,Statielei 16,2021-03-29,15:00:00,243,121,122,FMN GV 03 Hove
46,Statielei 16,2021-03-29,16:00:00,269,119,150,FMN GV 03 Hove
46,Statielei 16,2021-03-29,17:00:00,301,111,190,FMN GV 03 Hove
46,Statielei 16,2021-03-29,18:00:00,251,125,126,FMN GV 03 Hove
46,Statielei 16,2021-03-29,19:00:00,113,75,38,FMN GV 03 Hove
46,Statielei 16,2021-03-29,20:00:00,77,54,23,FMN GV 03 Hove
46,Statielei 16,2021-03-29,21:00:00,30,15,15,FMN GV 03 Hove
46,Statielei 16,2021-03-29,22:00:00,33,13,20,FMN GV 03 Hove
46,Statielei 16,2021-03-29,23:00:00,13,2,11,FMN GV 03 Hove
46,Statielei 16,2021-03-30,00:00:00,3,1,2,FMN GV 03 Hove
46,Statielei 16,2021-03-30,01:00:00,2,2,0,FMN GV 03 Hove
46,Statielei 16,2021-03-30,02:00:00,4,1,3,FMN GV 03 Hove
46,Statielei 16,2021-03-30,03:00:00,1,0,1,FMN GV 03 Hove
46,Statielei 16,2021-03-30,04:00:00,7,5,2,FMN GV 03 Hove
46,Statielei 16,2021-03-30,05:00:00,25,10,15,FMN GV 03 Hove
46,Statielei 16,2021-03-30,06:00:00,86,63,23,FMN GV 03 Hove
46,Statielei 16,2021-03-30,07:00:00,222,164,58,FMN GV 03 Hove
46,Statielei 16,2021-03-30,08:00:00,166,117,49,FMN GV 03 Hove
46,Statielei 16,2021-03-30,09:00:00,106,57,49,FMN GV 03 Hove
46,Statielei 16,2021-03-30,10:00:00,124,60,64,FMN GV 03 Hove
46,Statielei 16,2021-03-30,11:00:00,136,52,84,FMN GV 03 Hove
46,Statielei 16,2021-03-30,12:00:00,198,108,90,FMN GV 03 Hove
46,Statielei 16,2021-03-30,13:00:00,283,152,131,FMN GV 03 Hove
46,Statielei 16,2021-03-30,14:00:00,325,148,177,FMN GV 03 Hove
46,Statielei 16,2021-03-30,15:00:00,296,171,125,FMN GV 03 Hove
46,Statielei 16,2021-03-30,16:00:00,371,157,214,FMN GV 03 Hove
46,Statielei 16,2021-03-30,17:00:00,374,162,212,FMN GV 03 Hove
46,Statielei 16,2021-03-30,18:00:00,279,127,152,FMN GV 03 Hove
46,Statielei 16,2021-03-30,19:00:00,186,125,61,FMN GV 03 Hove
46,Statielei 16,2021-03-30,20:00:00,106,75,31,FMN GV 03 Hove
46,Statielei 16,2021-03-30,21:00:00,37,23,14,FMN GV 03 Hove
46,Statielei 16,2021-03-30,22:00:00,33,17,16,FMN GV 03 Hove
46,Statielei 16,2021-03-30,23:00:00,21,15,6,FMN GV 03 Hove
46,Statielei 16,2021-03-31,00:00:00,5,1,4,FMN GV 03 Hove
46,Statielei 16,2021-03-31,01:00:00,6,2,4,FMN GV 03 Hove
46,Statielei 16,2021-03-31,02:00:00,1,1,0,FMN GV 03 Hove
46,Statielei 16,2021-03-31,03:00:00,2,1,1,FMN GV 03 Hove
46,Statielei 16,2021-03-31,04:00:00,10,6,4,FMN GV 03 Hove
46,Statielei 16,2021-03-31,05:00:00,21,12,9,FMN GV 03 Hove
46,Statielei 16,2021-03-31,06:00:00,78,59,19,FMN GV 03 Hove
46,Statielei 16,2021-03-31,07:00:00,190,133,57,FMN GV 03 Hove
46,Statielei 16,2021-03-31,08:00:00,195,128,67,FMN GV 03 Hove
46,Statielei 16,2021-03-31,09:00:00,133,83,50,FMN GV 03 Hove
46,Statielei 16,2021-03-31,10:00:00,235,124,111,FMN GV 03 Hove
46,Statielei 16,2021-03-31,11:00:00,221,94,127,FMN GV 03 Hove
46,Statielei 16,2021-03-31,12:00:00,205,101,104,FMN GV 03 Hove
46,Statielei 16,2021-03-31,13:00:00,224,113,111,FMN GV 03 Hove
46,Statielei 16,2021-03-31,14:00:00,295,138,157,FMN GV 03 Hove
46,Statielei 16,2021-03-31,15:00:00,272,133,139,FMN GV 03 Hove
46,Statielei 16,2021-03-31,16:00:00,328,155,173,FMN GV 03 Hove
46,Statielei 16,2021-03-31,17:00:00,380,175,205,FMN GV 03 Hove
46,Statielei 16,2021-03-31,18:00:00,278,146,132,FMN GV 03 Hove
46,Statielei 16,2021-03-31,19:00:00,229,161,68,FMN GV 03 Hove
46,Statielei 16,2021-03-31,20:00:00,114,69,45,FMN GV 03 Hove
46,Statielei 16,2021-03-31,21:00:00,39,27,12,FMN GV 03 Hove
46,Statielei 16,2021-03-31,22:00:00,37,20,17,FMN GV 03 Hove
46,Statielei 16,2021-03-31,23:00:00,25,13,12,FMN GV 03 Hove
46,Statielei 16,2021-04-01,00:00:00,4,1,3,FMN GV 03 Hove
46,Statielei 16,2021-04-01,01:00:00,1,1,0,FMN GV 03 Hove
46,Statielei 16,2021-04-01,02:00:00,0,0,0,FMN GV 03 Hove
46,Statielei 16,2021-04-01,03:00:00,2,0,2,FMN GV 03 Hove
46,Statielei 16,2021-04-01,04:00:00,8,7,1,FMN GV 03 Hove
46,Statielei 16,2021-04-01,05:00:00,17,10,7,FMN GV 03 Hove
46,Statielei 16,2021-04-01,06:00:00,74,53,21,FMN GV 03 Hove
46,Statielei 16,2021-04-01,07:00:00,188,128,60,FMN GV 03 Hove
46,Statielei 16,2021-04-01,08:00:00,172,118,54,FMN GV 03 Hove
46,Statielei 16,2021-04-01,09:00:00,78,46,32,FMN GV 03 Hove
46,Statielei 16,2021-04-01,10:00:00,118,57,61,FMN GV 03 Hove
46,Statielei 16,2021-04-01,11:00:00,149,81,68,FMN GV 03 Hove
46,Statielei 16,2021-04-01,12:00:00,157,79,78,FMN GV 03 Hove
46,Statielei 16,2021-04-01,13:00:00,193,99,94,FMN GV 03 Hove
46,Statielei 16,2021-04-01,14:00:00,236,129,107,FMN GV 03 Hove
46,Statielei 16,2021-04-01,15:00:00,231,105,126,FMN GV 03 Hove
46,Statielei 16,2021-04-01,16:00:00,300,139,161,FMN GV 03 Hove
46,Statielei 16,2021-04-01,17:00:00,285,137,148,FMN GV 03 Hove
46,Statielei 16,2021-04-01,18:00:00,242,101,141,FMN GV 03 Hove
46,Statielei 16,2021-04-01,19:00:00,135,92,43,FMN GV 03 Hove
46,Statielei 16,2021-04-01,20:00:00,66,37,29,FMN GV 03 Hove
46,Statielei 16,2021-04-01,21:00:00,40,20,20,FMN GV 03 Hove
46,Statielei 16,2021-04-01,22:00:00,37,20,17,FMN GV 03 Hove
46,Statielei 16,2021-04-01,23:00:00,21,10,11,FMN GV 03 Hove
46,Statielei 16,2021-04-02,00:00:00,2,0,2,FMN GV 03 Hove
46,Statielei 16,2021-04-02,01:00:00,1,1,0,FMN GV 03 Hove
46,Statielei 16,2021-04-02,02:00:00,2,1,1,FMN GV 03 Hove
46,Statielei 16,2021-04-02,03:00:00,3,0,3,FMN GV 03 Hove
46,Statielei 16,2021-04-02,04:00:00,9,8,1,FMN GV 03 Hove
46,Statielei 16,2021-04-02,05:00:00,11,4,7,FMN GV 03 Hove
46,Statielei 16,2021-04-02,06:00:00,44,31,13,FMN GV 03 Hove
46,Statielei 16,2021-04-02,07:00:00,127,88,39,FMN GV 03 Hove
46,Statielei 16,2021-04-02,08:00:00,109,83,26,FMN GV 03 Hove
46,Statielei 16,2021-04-02,09:00:00,69,46,23,FMN GV 03 Hove
46,Statielei 16,2021-04-02,10:00:00,73,38,35,FMN GV 03 Hove
46,Statielei 16,2021-04-02,11:00:00,82,46,36,FMN GV 03 Hove
46,Statielei 16,2021-04-02,12:00:00,102,49,53,FMN GV 03 Hove
46,Statielei 16,2021-04-02,13:00:00,123,63,60,FMN GV 03 Hove
46,Statielei 16,2021-04-02,14:00:00,119,49,70,FMN GV 03 Hove
46,Statielei 16,2021-04-02,15:00:00,169,89,80,FMN GV 03 Hove
46,Statielei 16,2021-04-02,16:00:00,139,61,78,FMN GV 03 Hove
46,Statielei 16,2021-04-02,17:00:00,188,89,99,FMN GV 03 Hove
46,Statielei 16,2021-04-02,18:00:00,130,59,71,FMN GV 03 Hove
46,Statielei 16,2021-04-02,19:00:00,56,31,25,FMN GV 03 Hove
46,Statielei 16,2021-04-02,20:00:00,53,29,24,FMN GV 03 Hove
46,Statielei 16,2021-04-02,21:00:00,22,11,11,FMN GV 03 Hove
46,Statielei 16,2021-04-02,22:00:00,20,5,15,FMN GV 03 Hove
46,Statielei 16,2021-04-02,23:00:00,26,12,14,FMN GV 03 Hove
46,Statielei 16,2021-04-03,00:00:00,3,1,2,FMN GV 03 Hove
46,Statielei 16,2021-04-03,01:00:00,2,1,1,FMN GV 03 Hove
46,Statielei 16,2021-04-03,02:00:00,2,2,0,FMN GV 03 Hove
46,Statielei 16,2021-04-03,03:00:00,1,0,1,FMN GV 03 Hove
46,Statielei 16,2021-04-03,04:00:00,3,1,2,FMN GV 03 Hove
46,Statielei 16,2021-04-03,05:00:00,7,5,2,FMN GV 03 Hove
46,Statielei 16,2021-04-03,06:00:00,11,6,5,FMN GV 03 Hove
46,Statielei 16,2021-04-03,07:00:00,19,7,12,FMN GV 03 Hove
46,Statielei 16,2021-04-03,08:00:00,30,14,16,FMN GV 03 Hove
46,Statielei 16,2021-04-03,09:00:00,65,32,33,FMN GV 03 Hove
46,Statielei 16,2021-04-03,10:00:00,99,47,52,FMN GV 03 Hove
46,Statielei 16,2021-04-03,11:00:00,158,93,65,FMN GV 03 Hove
46,Statielei 16,2021-04-03,12:00:00,178,108,70,FMN GV 03 Hove
46,Statielei 16,2021-04-03,13:00:00,155,89,66,FMN GV 03 Hove
46,Statielei 16,2021-04-03,14:00:00,212,124,88,FMN GV 03 Hove
46,Statielei 16,2021-04-03,15:00:00,194,120,74,FMN GV 03 Hove
46,Statielei 16,2021-04-03,16:00:00,177,116,61,FMN GV 03 Hove
46,Statielei 16,2021-04-03,17:00:00,111,63,48,FMN GV 03 Hove
46,Statielei 16,2021-04-03,18:00:00,93,48,45,FMN GV 03 Hove
46,Statielei 16,2021-04-03,19:00:00,53,34,19,FMN GV 03 Hove
46,Statielei 16,2021-04-03,20:00:00,39,20,19,FMN GV 03 Hove
46,Statielei 16,2021-04-03,21:00:00,18,11,7,FMN GV 03 Hove
46,Statielei 16,2021-04-03,22:00:00,10,7,3,FMN GV 03 Hove
46,Statielei 16,2021-04-03,23:00:00,29,20,9,FMN GV 03 Hove
46,Statielei 16,2021-04-04,00:00:00,4,1,3,FMN GV 03 Hove
46,Statielei 16,2021-04-04,01:00:00,2,1,1,FMN GV 03 Hove
46,Statielei 16,2021-04-04,02:00:00,3,0,3,FMN GV 03 Hove
46,Statielei 16,2021-04-04,03:00:00,0,0,0,FMN GV 03 Hove
46,Statielei 16,2021-04-04,04:00:00,0,0,0,FMN GV 03 Hove
46,Statielei 16,2021-04-04,05:00:00,6,5,1,FMN GV 03 Hove
46,Statielei 16,2021-04-04,06:00:00,10,6,4,FMN GV 03 Hove
46,Statielei 16,2021-04-04,07:00:00,12,2,10,FMN GV 03 Hove
46,Statielei 16,2021-04-04,08:00:00,35,16,19,FMN GV 03 Hove
46,Statielei 16,2021-04-04,09:00:00,114,50,64,FMN GV 03 Hove
46,Statielei 16,2021-04-04,10:00:00,165,65,100,FMN GV 03 Hove
46,Statielei 16,2021-04-04,11:00:00,198,105,93,FMN GV 03 Hove
46,Statielei 16,2021-04-04,12:00:00,172,114,58,FMN GV 03 Hove
46,Statielei 16,2021-04-04,13:00:00,121,60,61,FMN GV 03 Hove
46,Statielei 16,2021-04-04,14:00:00,120,60,60,FMN GV 03 Hove
46,Statielei 16,2021-04-04,15:00:00,119,75,44,FMN GV 03 Hove
46,Statielei 16,2021-04-04,16:00:00,95,57,38,FMN GV 03 Hove
46,Statielei 16,2021-04-04,17:00:00,100,61,39,FMN GV 03 Hove
46,Statielei 16,2021-04-04,18:00:00,91,59,32,FMN GV 03 Hove
46,Statielei 16,2021-04-04,19:00:00,52,22,30,FMN GV 03 Hove
46,Statielei 16,2021-04-04,20:00:00,26,16,10,FMN GV 03 Hove
46,Statielei 16,2021-04-04,21:00:00,14,10,4,FMN GV 03 Hove
46,Statielei 16,2021-04-04,22:00:00,10,6,4,FMN GV 03 Hove
46,Statielei 16,2021-04-04,23:00:00,12,7,5,FMN GV 03 Hove
46,Statielei 16,2021-04-05,00:00:00,2,0,2,FMN GV 03 Hove
46,Statielei 16,2021-04-05,01:00:00,0,0,0,FMN GV 03 Hove
46,Statielei 16,2021-04-05,02:00:00,0,0,0,FMN GV 03 Hove
46,Statielei 16,2021-04-05,03:00:00,1,1,0,FMN GV 03 Hove
46,Statielei 16,2021-04-05,04:00:00,3,3,0,FMN GV 03 Hove
46,Statielei 16,2021-04-05,05:00:00,4,3,1,FMN GV 03 Hove
46,Statielei 16,2021-04-05,06:00:00,11,6,5,FMN GV 03 Hove
46,Statielei 16,2021-04-05,07:00:00,9,3,6,FMN GV 03 Hove
46,Statielei 16,2021-04-05,08:00:00,8,7,1,FMN GV 03 Hove
46,Statielei 16,2021-04-05,09:00:00,15,3,12,FMN GV 03 Hove
46,Statielei 16,2021-04-05,10:00:00,16,6,10,FMN GV 03 Hove
46,Statielei 16,2021-04-05,11:00:00,25,10,15,FMN GV 03 Hove
46,Statielei 16,2021-04-05,12:00:00,34,26,8,FMN GV 03 Hove
46,Statielei 16,2021-04-05,13:00:00,42,30,12,FMN GV 03 Hove
46,Statielei 16,2021-04-05,14:00:00,56,27,29,FMN GV 03 Hove
46,Statielei 16,2021-04-05,15:00:00,69,42,27,FMN GV 03 Hove
46,Statielei 16,2021-04-05,16:00:00,57,33,24,FMN GV 03 Hove
46,Statielei 16,2021-04-05,17:00:00,50,24,26,FMN GV 03 Hove
46,Statielei 16,2021-04-05,18:00:00,25,15,10,FMN GV 03 Hove
46,Statielei 16,2021-04-05,19:00:00,14,8,6,FMN GV 03 Hove
46,Statielei 16,2021-04-05,20:00:00,13,6,7,FMN GV 03 Hove
46,Statielei 16,2021-04-05,21:00:00,12,10,2,FMN GV 03 Hove
46,Statielei 16,2021-04-05,22:00:00,4,2,2,FMN GV 03 Hove
46,Statielei 16,2021-04-05,23:00:00,5,3,2,FMN GV 03 Hove
46,Statielei 16,2021-04-06,00:00:00,0,0,0,FMN GV 03 Hove
46,Statielei 16,2021-04-06,01:00:00,2,2,0,FMN GV 03 Hove
46,Statielei 16,2021-04-06,02:00:00,0,0,0,FMN GV 03 Hove
46,Statielei 16,2021-04-06,03:00:00,1,0,1,FMN GV 03 Hove
46,Statielei 16,2021-04-06,04:00:00,6,5,1,FMN GV 03 Hove
46,Statielei 16,2021-04-06,05:00:00,6,4,2,FMN GV 03 Hove
46,Statielei 16,2021-04-06,06:00:00,37,26,11,FMN GV 03 Hove
46,Statielei 16,2021-04-06,07:00:00,68,57,11,FMN GV 03 Hove
46,Statielei 16,2021-04-06,08:00:00,57,41,16,FMN GV 03 Hove
46,Statielei 16,2021-04-06,09:00:00,17,10,7,FMN GV 03 Hove
46,Statielei 16,2021-04-06,10:00:00,13,10,3,FMN GV 03 Hove
46,Statielei 16,2021-04-06,11:00:00,17,10,7,FMN GV 03 Hove
46,Statielei 16,2021-04-06,12:00:00,23,10,13,FMN GV 03 Hove
46,Statielei 16,2021-04-06,13:00:00,18,10,8,FMN GV 03 Hove
46,Statielei 16,2021-04-06,14:00:00,26,14,12,FMN GV 03 Hove
46,Statielei 16,2021-04-06,15:00:00,28,16,12,FMN GV 03 Hove
46,Statielei 16,2021-04-06,16:00:00,53,14,39,FMN GV 03 Hove
46,Statielei 16,2021-04-06,17:00:00,63,30,33,FMN GV 03 Hove
46,Statielei 16,2021-04-06,18:00:00,30,7,23,FMN GV 03 Hove
46,Statielei 16,2021-04-06,19:00:00,15,7,8,FMN GV 03 Hove
46,Statielei 16,2021-04-06,20:00:00,14,9,5,FMN GV 03 Hove
46,Statielei 16,2021-04-06,21:00:00,6,4,2,FMN GV 03 Hove
46,Statielei 16,2021-04-06,22:00:00,9,4,5,FMN GV 03 Hove
46,Statielei 16,2021-04-06,23:00:00,7,5,2,FMN GV 03 Hove
46,Statielei 16,2021-04-07,00:00:00,2,1,1,FMN GV 03 Hove
46,Statielei 16,2021-04-07,01:00:00,0,0,0,FMN GV 03 Hove
46,Statielei 16,2021-04-07,02:00:00,2,2,0,FMN GV 03 Hove
46,Statielei 16,2021-04-07,03:00:00,0,0,0,FMN GV 03 Hove
46,Statielei 16,2021-04-07,04:00:00,5,3,2,FMN GV 03 Hove
46,Statielei 16,2021-04-07,05:00:00,4,4,0,FMN GV 03 Hove
46,Statielei 16,2021-04-07,06:00:00,35,23,12,FMN GV 03 Hove
46,Statielei 16,2021-04-07,07:00:00,58,43,15,FMN GV 03 Hove
46,Statielei 16,2021-04-07,08:00:00,41,29,12,FMN GV 03 Hove
46,Statielei 16,2021-04-07,09:00:00,12,9,3,FMN GV 03 Hove
46,Statielei 16,2021-04-07,10:00:00,21,17,4,FMN GV 03 Hove
46,Statielei 16,2021-04-07,11:00:00,36,18,18,FMN GV 03 Hove
46,Statielei 16,2021-04-07,12:00:00,29,18,11,FMN GV 03 Hove
46,Statielei 16,2021-04-07,13:00:00,45,23,22,FMN GV 03 Hove
46,Statielei 16,2021-04-07,14:00:00,45,22,23,FMN GV 03 Hove
46,Statielei 16,2021-04-07,15:00:00,45,20,25,FMN GV 03 Hove
46,Statielei 16,2021-04-07,16:00:00,60,24,36,FMN GV 03 Hove
46,Statielei 16,2021-04-07,17:00:00,96,40,56,FMN GV 03 Hove
46,Statielei 16,2021-04-07,18:00:00,64,33,31,FMN GV 03 Hove
46,Statielei 16,2021-04-07,19:00:00,35,20,15,FMN GV 03 Hove
46,Statielei 16,2021-04-07,20:00:00,28,16,12,FMN GV 03 Hove
46,Statielei 16,2021-04-07,21:00:00,13,9,4,FMN GV 03 Hove
46,Statielei 16,2021-04-07,22:00:00,9,2,7,FMN GV 03 Hove
46,Statielei 16,2021-04-07,23:00:00,5,4,1,FMN GV 03 Hove
46,Statielei 16,2021-04-08,00:00:00,3,2,1,FMN GV 03 Hove
46,Statielei 16,2021-04-08,01:00:00,0,0,0,FMN GV 03 Hove
46,Statielei 16,2021-04-08,02:00:00,1,1,0,FMN GV 03 Hove
46,Statielei 16,2021-04-08,03:00:00,1,1,0,FMN GV 03 Hove
46,Statielei 16,2021-04-08,04:00:00,7,4,3,FMN GV 03 Hove
46,Statielei 16,2021-04-08,05:00:00,13,9,4,FMN GV 03 Hove
46,Statielei 16,2021-04-08,06:00:00,44,29,15,FMN GV 03 Hove
46,Statielei 16,2021-04-08,07:00:00,105,68,37,FMN GV 03 Hove
46,Statielei 16,2021-04-08,08:00:00,96,60,36,FMN GV 03 Hove
46,Statielei 16,2021-04-08,09:00:00,49,27,22,FMN GV 03 Hove
46,Statielei 16,2021-04-08,10:00:00,70,30,40,FMN GV 03 Hove
46,Statielei 16,2021-04-08,11:00:00,60,27,33,FMN GV 03 Hove
46,Statielei 16,2021-04-08,12:00:00,86,49,37,FMN GV 03 Hove
46,Statielei 16,2021-04-08,13:00:00,126,68,58,FMN GV 03 Hove
46,Statielei 16,2021-04-08,14:00:00,125,54,71,FMN GV 03 Hove
46,Statielei 16,2021-04-08,15:00:00,164,83,81,FMN GV 03 Hove
46,Statielei 16,2021-04-08,16:00:00,197,79,118,FMN GV 03 Hove
46,Statielei 16,2021-04-08,17:00:00,226,110,116,FMN GV 03 Hove
46,Statielei 16,2021-04-08,18:00:00,149,62,87,FMN GV 03 Hove
46,Statielei 16,2021-04-08,19:00:00,96,61,35,FMN GV 03 Hove
46,Statielei 16,2021-04-08,20:00:00,59,39,20,FMN GV 03 Hove
46,Statielei 16,2021-04-08,21:00:00,26,15,11,FMN GV 03 Hove
46,Statielei 16,2021-04-08,22:00:00,19,9,10,FMN GV 03 Hove
46,Statielei 16,2021-04-08,23:00:00,22,6,16,FMN GV 03 Hove
46,Statielei 16,2021-04-09,00:00:00,3,1,2,FMN GV 03 Hove
46,Statielei 16,2021-04-09,01:00:00,1,1,0,FMN GV 03 Hove
46,Statielei 16,2021-04-09,02:00:00,1,1,0,FMN GV 03 Hove
46,Statielei 16,2021-04-09,03:00:00,3,1,2,FMN GV 03 Hove
46,Statielei 16,2021-04-09,04:00:00,8,4,4,FMN GV 03 Hove
46,Statielei 16,2021-04-09,05:00:00,12,8,4,FMN GV 03 Hove
46,Statielei 16,2021-04-09,06:00:00,42,23,19,FMN GV 03 Hove
46,Statielei 16,2021-04-09,07:00:00,102,65,37,FMN GV 03 Hove
46,Statielei 16,2021-04-09,08:00:00,82,50,32,FMN GV 03 Hove
46,Statielei 16,2021-04-09,09:00:00,68,38,30,FMN GV 03 Hove
46,Statielei 16,2021-04-09,10:00:00,99,55,44,FMN GV 03 Hove
46,Statielei 16,2021-04-09,11:00:00,92,52,40,FMN GV 03 Hove
46,Statielei 16,2021-04-09,12:00:00,126,74,52,FMN GV 03 Hove
46,Statielei 16,2021-04-09,13:00:00,204,119,85,FMN GV 03 Hove
46,Statielei 16,2021-04-09,14:00:00,204,106,98,FMN GV 03 Hove
46,Statielei 16,2021-04-09,15:00:00,237,121,116,FMN GV 03 Hove
46,Statielei 16,2021-04-09,16:00:00,210,103,107,FMN GV 03 Hove
46,Statielei 16,2021-04-09,17:00:00,173,82,91,FMN GV 03 Hove
46,Statielei 16,2021-04-09,18:00:00,154,79,75,FMN GV 03 Hove
46,Statielei 16,2021-04-09,19:00:00,103,63,40,FMN GV 03 Hove
46,Statielei 16,2021-04-09,20:00:00,46,23,23,FMN GV 03 Hove
46,Statielei 16,2021-04-09,21:00:00,24,10,14,FMN GV 03 Hove
46,Statielei 16,2021-04-09,22:00:00,19,9,10,FMN GV 03 Hove
46,Statielei 16,2021-04-09,23:00:00,25,11,14,FMN GV 03 Hove
46,Statielei 16,2021-04-10,00:00:00,9,1,8,FMN GV 03 Hove
46,Statielei 16,2021-04-10,01:00:00,2,1,1,FMN GV 03 Hove
46,Statielei 16,2021-04-10,02:00:00,1,1,0,FMN GV 03 Hove
46,Statielei 16,2021-04-10,03:00:00,2,1,1,FMN GV 03 Hove
46,Statielei 16,2021-04-10,04:00:00,5,2,3,FMN GV 03 Hove
46,Statielei 16,2021-04-10,05:00:00,3,2,1,FMN GV 03 Hove
46,Statielei 16,2021-04-10,06:00:00,10,3,7,FMN GV 03 Hove
46,Statielei 16,2021-04-10,07:00:00,20,10,10,FMN GV 03 Hove
46,Statielei 16,2021-04-10,08:00:00,19,10,9,FMN GV 03 Hove
46,Statielei 16,2021-04-10,09:00:00,32,17,15,FMN GV 03 Hove
46,Statielei 16,2021-04-10,10:00:00,38,20,18,FMN GV 03 Hove
46,Statielei 16,2021-04-10,11:00:00,39,20,19,FMN GV 03 Hove
46,Statielei 16,2021-04-10,12:00:00,30,20,10,FMN GV 03 Hove
46,Statielei 16,2021-04-10,13:00:00,35,20,15,FMN GV 03 Hove
46,Statielei 16,2021-04-10,14:00:00,42,23,19,FMN GV 03 Hove
46,Statielei 16,2021-04-10,15:00:00,27,14,13,FMN GV 03 Hove
46,Statielei 16,2021-04-10,16:00:00,25,18,7,FMN GV 03 Hove
46,Statielei 16,2021-04-10,17:00:00,22,12,10,FMN GV 03 Hove
46,Statielei 16,2021-04-10,18:00:00,17,10,7,FMN GV 03 Hove
46,Statielei 16,2021-04-10,19:00:00,13,6,7,FMN GV 03 Hove
46,Statielei 16,2021-04-10,20:00:00,13,5,8,FMN GV 03 Hove
46,Statielei 16,2021-04-10,21:00:00,7,3,4,FMN GV 03 Hove
46,Statielei 16,2021-04-10,22:00:00,10,7,3,FMN GV 03 Hove
46,Statielei 16,2021-04-10,23:00:00,10,6,4,FMN GV 03 Hove
46,Statielei 16,2021-04-11,00:00:00,5,1,4,FMN GV 03 Hove
46,Statielei 16,2021-04-11,01:00:00,1,1,0,FMN GV 03 Hove
46,Statielei 16,2021-04-11,02:00:00,0,0,0,FMN GV 03 Hove
46,Statielei 16,2021-04-11,03:00:00,1,1,0,FMN GV 03 Hove
46,Statielei 16,2021-04-11,04:00:00,1,1,0,FMN GV 03 Hove
46,Statielei 16,2021-04-11,05:00:00,5,4,1,FMN GV 03 Hove
46,Statielei 16,2021-04-11,06:00:00,11,6,5,FMN GV 03 Hove
46,Statielei 16,2021-04-11,07:00:00,9,6,3,FMN GV 03 Hove
46,Statielei 16,2021-04-11,08:00:00,11,2,9,FMN GV 03 Hove
46,Statielei 16,2021-04-11,09:00:00,69,38,31,FMN GV 03 Hove
46,Statielei 16,2021-04-11,10:00:00,64,33,31,FMN GV 03 Hove
46,Statielei 16,2021-04-11,11:00:00,104,53,51,FMN GV 03 Hove
46,Statielei 16,2021-04-11,12:00:00,116,69,47,FMN GV 03 Hove
46,Statielei 16,2021-04-11,13:00:00,112,61,51,FMN GV 03 Hove
46,Statielei 16,2021-04-11,14:00:00,148,84,64,FMN GV 03 Hove
46,Statielei 16,2021-04-11,15:00:00,140,90,50,FMN GV 03 Hove
46,Statielei 16,2021-04-11,16:00:00,102,49,53,FMN GV 03 Hove
46,Statielei 16,2021-04-11,17:00:00,97,64,33,FMN GV 03 Hove
46,Statielei 16,2021-04-11,18:00:00,67,44,23,FMN GV 03 Hove
46,Statielei 16,2021-04-11,19:00:00,44,28,16,FMN GV 03 Hove
46,Statielei 16,2021-04-11,20:00:00,25,16,9,FMN GV 03 Hove
46,Statielei 16,2021-04-11,21:00:00,13,10,3,FMN GV 03 Hove
46,Statielei 16,2021-04-11,22:00:00,12,7,5,FMN GV 03 Hove
46,Statielei 16,2021-04-11,23:00:00,13,3,10,FMN GV 03 Hove
46,Statielei 16,2021-04-12,00:00:00,3,2,1,FMN GV 03 Hove
46,Statielei 16,2021-04-12,01:00:00,0,0,0,FMN GV 03 Hove
46,Statielei 16,2021-04-12,02:00:00,1,1,0,FMN GV 03 Hove
46,Statielei 16,2021-04-12,03:00:00,0,0,0,FMN GV 03 Hove
46,Statielei 16,2021-04-12,04:00:00,5,3,2,FMN GV 03 Hove
46,Statielei 16,2021-04-12,05:00:00,9,4,5,FMN GV 03 Hove
46,Statielei 16,2021-04-12,06:00:00,48,38,10,FMN GV 03 Hove
46,Statielei 16,2021-04-12,07:00:00,93,75,18,FMN GV 03 Hove
46,Statielei 16,2021-04-12,08:00:00,89,60,29,FMN GV 03 Hove
46,Statielei 16,2021-04-12,09:00:00,49,28,21,FMN GV 03 Hove
46,Statielei 16,2021-04-12,10:00:00,50,35,15,FMN GV 03 Hove
46,Statielei 16,2021-04-12,11:00:00,41,26,15,FMN GV 03 Hove
46,Statielei 16,2021-04-12,12:00:00,51,27,24,FMN GV 03 Hove
46,Statielei 16,2021-04-12,13:00:00,65,39,26,FMN GV 03 Hove
46,Statielei 16,2021-04-12,14:00:00,65,32,33,FMN GV 03 Hove
46,Statielei 16,2021-04-12,15:00:00,77,37,40,FMN GV 03 Hove
46,Statielei 16,2021-04-12,16:00:00,133,50,83,FMN GV 03 Hove
46,Statielei 16,2021-04-12,17:00:00,137,62,75,FMN GV 03 Hove
46,Statielei 16,2021-04-12,18:00:00,102,47,55,FMN GV 03 Hove
46,Statielei 16,2021-04-12,19:00:00,60,26,34,FMN GV 03 Hove
46,Statielei 16,2021-04-12,20:00:00,38,23,15,FMN GV 03 Hove
46,Statielei 16,2021-04-12,21:00:00,19,7,12,FMN GV 03 Hove
46,Statielei 16,2021-04-12,22:00:00,14,5,9,FMN GV 03 Hove
46,Statielei 16,2021-04-12,23:00:00,9,4,5,FMN GV 03 Hove
46,Statielei 16,2021-04-13,00:00:00,3,1,2,FMN GV 03 Hove
46,Statielei 16,2021-04-13,01:00:00,1,0,1,FMN GV 03 Hove
46,Statielei 16,2021-04-13,02:00:00,2,2,0,FMN GV 03 Hove
46,Statielei 16,2021-04-13,03:00:00,0,0,0,FMN GV 03 Hove
46,Statielei 16,2021-04-13,04:00:00,4,2,2,FMN GV 03 Hove
46,Statielei 16,2021-04-13,05:00:00,13,8,5,FMN GV 03 Hove
46,Statielei 16,2021-04-13,06:00:00,57,38,19,FMN GV 03 Hove
46,Statielei 16,2021-04-13,07:00:00,113,82,31,FMN GV 03 Hove
46,Statielei 16,2021-04-13,08:00:00,129,87,42,FMN GV 03 Hove
46,Statielei 16,2021-04-13,09:00:00,62,37,25,FMN GV 03 Hove
46,Statielei 16,2021-04-13,10:00:00,77,46,31,FMN GV 03 Hove
46,Statielei 16,2021-04-13,11:00:00,75,32,43,FMN GV 03 Hove
46,Statielei 16,2021-04-13,12:00:00,117,68,49,FMN GV 03 Hove
46,Statielei 16,2021-04-13,13:00:00,90,53,37,FMN GV 03 Hove
46,Statielei 16,2021-04-13,14:00:00,145,68,77,FMN GV 03 Hove
46,Statielei 16,2021-04-13,15:00:00,142,72,70,FMN GV 03 Hove
46,Statielei 16,2021-04-13,16:00:00,197,79,118,FMN GV 03 Hove
46,Statielei 16,2021-04-13,17:00:00,202,71,131,FMN GV 03 Hove
46,Statielei 16,2021-04-13,18:00:00,146,63,83,FMN GV 03 Hove
46,Statielei 16,2021-04-13,19:00:00,92,60,32,FMN GV 03 Hove
46,Statielei 16,2021-04-13,20:00:00,62,31,31,FMN GV 03 Hove
46,Statielei 16,2021-04-13,21:00:00,31,21,10,FMN GV 03 Hove
46,Statielei 16,2021-04-13,22:00:00,19,9,10,FMN GV 03 Hove
46,Statielei 16,2021-04-13,23:00:00,11,7,4,FMN GV 03 Hove
46,Statielei 16,2021-04-14,00:00:00,6,2,4,FMN GV 03 Hove
46,Statielei 16,2021-04-14,01:00:00,0,0,0,FMN GV 03 Hove
46,Statielei 16,2021-04-14,02:00:00,1,1,0,FMN GV 03 Hove
46,Statielei 16,2021-04-14,03:00:00,2,1,1,FMN GV 03 Hove
46,Statielei 16,2021-04-14,04:00:00,9,5,4,FMN GV 03 Hove
46,Statielei 16,2021-04-14,05:00:00,11,7,4,FMN GV 03 Hove
46,Statielei 16,2021-04-14,06:00:00,49,31,18,FMN GV 03 Hove
46,Statielei 16,2021-04-14,07:00:00,114,83,31,FMN GV 03 Hove
46,Statielei 16,2021-04-14,08:00:00,119,82,37,FMN GV 03 Hove
46,Statielei 16,2021-04-14,09:00:00,104,72,32,FMN GV 03 Hove
46,Statielei 16,2021-04-14,10:00:00,121,72,49,FMN GV 03 Hove
46,Statielei 16,2021-04-14,11:00:00,135,69,66,FMN GV 03 Hove
46,Statielei 16,2021-04-14,12:00:00,164,78,86,FMN GV 03 Hove
46,Statielei 16,2021-04-14,13:00:00,134,61,73,FMN GV 03 Hove
46,Statielei 16,2021-04-14,14:00:00,129,65,64,FMN GV 03 Hove
46,Statielei 16,2021-04-14,15:00:00,122,62,60,FMN GV 03 Hove
46,Statielei 16,2021-04-14,16:00:00,153,63,90,FMN GV 03 Hove
46,Statielei 16,2021-04-14,17:00:00,149,58,91,FMN GV 03 Hove
46,Statielei 16,2021-04-14,18:00:00,149,68,81,FMN GV 03 Hove
46,Statielei 16,2021-04-14,19:00:00,80,52,28,FMN GV 03 Hove
46,Statielei 16,2021-04-14,20:00:00,48,32,16,FMN GV 03 Hove
46,Statielei 16,2021-04-14,21:00:00,34,18,16,FMN GV 03 Hove
46,Statielei 16,2021-04-14,22:00:00,19,7,12,FMN GV 03 Hove
46,Statielei 16,2021-04-14,23:00:00,13,4,9,FMN GV 03 Hove
46,Statielei 16,2021-04-15,00:00:00,5,4,1,FMN GV 03 Hove
46,Statielei 16,2021-04-15,01:00:00,1,1,0,FMN GV 03 Hove
46,Statielei 16,2021-04-15,02:00:00,3,2,1,FMN GV 03 Hove
46,Statielei 16,2021-04-15,03:00:00,1,0,1,FMN GV 03 Hove
46,Statielei 16,2021-04-15,04:00:00,10,7,3,FMN GV 03 Hove
46,Statielei 16,2021-04-15,05:00:00,10,6,4,FMN GV 03 Hove
46,Statielei 16,2021-04-15,06:00:00,54,38,16,FMN GV 03 Hove
46,Statielei 16,2021-04-15,07:00:00,112,80,32,FMN GV 03 Hove
46,Statielei 16,2021-04-15,08:00:00,91,63,28,FMN GV 03 Hove
46,Statielei 16,2021-04-15,09:00:00,65,35,30,FMN GV 03 Hove
46,Statielei 16,2021-04-15,10:00:00,69,36,33,FMN GV 03 Hove
46,Statielei 16,2021-04-15,11:00:00,88,61,27,FMN GV 03 Hove
46,Statielei 16,2021-04-15,12:00:00,98,54,44,FMN GV 03 Hove
46,Statielei 16,2021-04-15,13:00:00,92,43,49,FMN GV 03 Hove
46,Statielei 16,2021-04-15,14:00:00,122,68,54,FMN GV 03 Hove
46,Statielei 16,2021-04-15,15:00:00,127,55,72,FMN GV 03 Hove
46,Statielei 16,2021-04-15,16:00:00,206,78,128,FMN GV 03 Hove
46,Statielei 16,2021-04-15,17:00:00,199,76,123,FMN GV 03 Hove
46,Statielei 16,2021-04-15,18:00:00,120,61,59,FMN GV 03 Hove
46,Statielei 16,2021-04-15,19:00:00,101,67,34,FMN GV 03 Hove
46,Statielei 16,2021-04-15,20:00:00,46,32,14,FMN GV 03 Hove
46,Statielei 16,2021-04-15,21:00:00,28,12,16,FMN GV 03 Hove
46,Statielei 16,2021-04-15,22:00:00,21,11,10,FMN GV 03 Hove
46,Statielei 16,2021-04-15,23:00:00,14,5,9,FMN GV 03 Hove
46,Statielei 16,2021-04-16,00:00:00,5,1,4,FMN GV 03 Hove
46,Statielei 16,2021-04-16,01:00:00,0,0,0,FMN GV 03 Hove
46,Statielei 16,2021-04-16,02:00:00,2,2,0,FMN GV 03 Hove
46,Statielei 16,2021-04-16,03:00:00,1,1,0,FMN GV 03 Hove
46,Statielei 16,2021-04-16,04:00:00,8,6,2,FMN GV 03 Hove
46,Statielei 16,2021-04-16,05:00:00,15,8,7,FMN GV 03 Hove
46,Statielei 16,2021-04-16,06:00:00,53,41,12,FMN GV 03 Hove
46,Statielei 16,2021-04-16,07:00:00,107,77,30,FMN GV 03 Hove
46,Statielei 16,2021-04-16,08:00:00,94,67,27,FMN GV 03 Hove
46,Statielei 16,2021-04-16,09:00:00,63,44,19,FMN GV 03 Hove
46,Statielei 16,2021-04-16,10:00:00,70,41,29,FMN GV 03 Hove
46,Statielei 16,2021-04-16,11:00:00,102,54,48,FMN GV 03 Hove
46,Statielei 16,2021-04-16,12:00:00,131,74,57,FMN GV 03 Hove
46,Statielei 16,2021-04-16,13:00:00,156,90,66,FMN GV 03 Hove
46,Statielei 16,2021-04-16,14:00:00,163,86,77,FMN GV 03 Hove
46,Statielei 16,2021-04-16,15:00:00,173,91,82,FMN GV 03 Hove
46,Statielei 16,2021-04-16,16:00:00,205,93,112,FMN GV 03 Hove
46,Statielei 16,2021-04-16,17:00:00,160,74,86,FMN GV 03 Hove
46,Statielei 16,2021-04-16,18:00:00,131,74,57,FMN GV 03 Hove
46,Statielei 16,2021-04-16,19:00:00,73,36,37,FMN GV 03 Hove
46,Statielei 16,2021-04-16,20:00:00,55,36,19,FMN GV 03 Hove
46,Statielei 16,2021-04-16,21:00:00,28,11,17,FMN GV 03 Hove
46,Statielei 16,2021-04-16,22:00:00,18,9,9,FMN GV 03 Hove
46,Statielei 16,2021-04-16,23:00:00,32,19,13,FMN GV 03 Hove
46,Statielei 16,2021-04-17,00:00:00,9,4,5,FMN GV 03 Hove
46,Statielei 16,2021-04-17,01:00:00,4,3,1,FMN GV 03 Hove
46,Statielei 16,2021-04-17,02:00:00,2,1,1,FMN GV 03 Hove
46,Statielei 16,2021-04-17,03:00:00,3,2,1,FMN GV 03 Hove
46,Statielei 16,2021-04-17,04:00:00,6,4,2,FMN GV 03 Hove
46,Statielei 16,2021-04-17,05:00:00,10,6,4,FMN GV 03 Hove
46,Statielei 16,2021-04-17,06:00:00,10,6,4,FMN GV 03 Hove
46,Statielei 16,2021-04-17,07:00:00,20,6,14,FMN GV 03 Hove
46,Statielei 16,2021-04-17,08:00:00,40,23,17,FMN GV 03 Hove
46,Statielei 16,2021-04-17,09:00:00,84,37,47,FMN GV 03 Hove
46,Statielei 16,2021-04-17,10:00:00,159,62,97,FMN GV 03 Hove
46,Statielei 16,2021-04-17,11:00:00,188,104,84,FMN GV 03 Hove
46,Statielei 16,2021-04-17,12:00:00,241,156,85,FMN GV 03 Hove
46,Statielei 16,2021-04-17,13:00:00,248,158,90,FMN GV 03 Hove
46,Statielei 16,2021-04-17,14:00:00,295,147,148,FMN GV 03 Hove
46,Statielei 16,2021-04-17,15:00:00,241,144,97,FMN GV 03 Hove
46,Statielei 16,2021-04-17,16:00:00,276,155,121,FMN GV 03 Hove
46,Statielei 16,2021-04-17,17:00:00,187,110,77,FMN GV 03 Hove
46,Statielei 16,2021-04-17,18:00:00,90,45,45,FMN GV 03 Hove
46,Statielei 16,2021-04-17,19:00:00,77,51,26,FMN GV 03 Hove
46,Statielei 16,2021-04-17,20:00:00,45,28,17,FMN GV 03 Hove
46,Statielei 16,2021-04-17,21:00:00,21,10,11,FMN GV 03 Hove
46,Statielei 16,2021-04-17,22:00:00,21,13,8,FMN GV 03 Hove
46,Statielei 16,2021-04-17,23:00:00,33,19,14,FMN GV 03 Hove
46,Statielei 16,2021-04-18,00:00:00,4,1,3,FMN GV 03 Hove
46,Statielei 16,2021-04-18,01:00:00,3,1,2,FMN GV 03 Hove
46,Statielei 16,2021-04-18,02:00:00,4,1,3,FMN GV 03 Hove
46,Statielei 16,2021-04-18,03:00:00,2,0,2,FMN GV 03 Hove
46,Statielei 16,2021-04-18,04:00:00,4,3,1,FMN GV 03 Hove
46,Statielei 16,2021-04-18,05:00:00,9,5,4,FMN GV 03 Hove
46,Statielei 16,2021-04-18,06:00:00,10,5,5,FMN GV 03 Hove
46,Statielei 16,2021-04-18,07:00:00,20,14,6,FMN GV 03 Hove
46,Statielei 16,2021-04-18,08:00:00,34,13,21,FMN GV 03 Hove
46,Statielei 16,2021-04-18,09:00:00,179,86,93,FMN GV 03 Hove
46,Statielei 16,2021-04-18,10:00:00,219,101,118,FMN GV 03 Hove
46,Statielei 16,2021-04-18,11:00:00,294,143,151,FMN GV 03 Hove
46,Statielei 16,2021-04-18,12:00:00,313,176,137,FMN GV 03 Hove
46,Statielei 16,2021-04-18,13:00:00,347,187,160,FMN GV 03 Hove
46,Statielei 16,2021-04-18,14:00:00,349,186,163,FMN GV 03 Hove
46,Statielei 16,2021-04-18,15:00:00,274,155,119,FMN GV 03 Hove
46,Statielei 16,2021-04-18,16:00:00,250,134,116,FMN GV 03 Hove
46,Statielei 16,2021-04-18,17:00:00,207,130,77,FMN GV 03 Hove
46,Statielei 16,2021-04-18,18:00:00,163,95,68,FMN GV 03 Hove
46,Statielei 16,2021-04-18,19:00:00,70,39,31,FMN GV 03 Hove
46,Statielei 16,2021-04-18,20:00:00,36,29,7,FMN GV 03 Hove
46,Statielei 16,2021-04-18,21:00:00,17,14,3,FMN GV 03 Hove
46,Statielei 16,2021-04-18,22:00:00,16,10,6,FMN GV 03 Hove
46,Statielei 16,2021-04-18,23:00:00,12,3,9,FMN GV 03 Hove
46,Statielei 16,2021-04-19,00:00:00,2,0,2,FMN GV 03 Hove
46,Statielei 16,2021-04-19,01:00:00,0,0,0,FMN GV 03 Hove
46,Statielei 16,2021-04-19,02:00:00,0,0,0,FMN GV 03 Hove
46,Statielei 16,2021-04-19,03:00:00,1,0,1,FMN GV 03 Hove
46,Statielei 16,2021-04-19,04:00:00,9,8,1,FMN GV 03 Hove
46,Statielei 16,2021-04-19,05:00:00,28,19,9,FMN GV 03 Hove
46,Statielei 16,2021-04-19,06:00:00,83,62,21,FMN GV 03 Hove
46,Statielei 16,2021-04-19,07:00:00,224,180,44,FMN GV 03 Hove
46,Statielei 16,2021-04-19,08:00:00,191,146,45,FMN GV 03 Hove
46,Statielei 16,2021-04-19,09:00:00,103,71,32,FMN GV 03 Hove
46,Statielei 16,2021-04-19,10:00:00,69,41,28,FMN GV 03 Hove
46,Statielei 16,2021-04-19,11:00:00,64,37,27,FMN GV 03 Hove
46,Statielei 16,2021-04-19,12:00:00,98,50,48,FMN GV 03 Hove
46,Statielei 16,2021-04-19,13:00:00,55,33,22,FMN GV 03 Hove
46,Statielei 16,2021-04-19,14:00:00,87,25,62,FMN GV 03 Hove
46,Statielei 16,2021-04-19,15:00:00,110,43,67,FMN GV 03 Hove
46,Statielei 16,2021-04-19,16:00:00,213,60,153,FMN GV 03 Hove
46,Statielei 16,2021-04-19,17:00:00,184,67,117,FMN GV 03 Hove
46,Statielei 16,2021-04-19,18:00:00,122,46,76,FMN GV 03 Hove
46,Statielei 16,2021-04-19,19:00:00,62,25,37,FMN GV 03 Hove
46,Statielei 16,2021-04-19,20:00:00,45,24,21,FMN GV 03 Hove
46,Statielei 16,2021-04-19,21:00:00,34,19,15,FMN GV 03 Hove
46,Statielei 16,2021-04-19,22:00:00,24,10,14,FMN GV 03 Hove
46,Statielei 16,2021-04-19,23:00:00,5,2,3,FMN GV 03 Hove
46,Statielei 16,2021-04-20,00:00:00,0,0,0,FMN GV 03 Hove
46,Statielei 16,2021-04-20,01:00:00,0,0,0,FMN GV 03 Hove
46,Statielei 16,2021-04-20,02:00:00,2,2,0,FMN GV 03 Hove
46,Statielei 16,2021-04-20,03:00:00,1,0,1,FMN GV 03 Hove
46,Statielei 16,2021-04-20,04:00:00,10,7,3,FMN GV 03 Hove
46,Statielei 16,2021-04-20,05:00:00,29,21,8,FMN GV 03 Hove
46,Statielei 16,2021-04-20,06:00:00,82,64,18,FMN GV 03 Hove
46,Statielei 16,2021-04-20,07:00:00,232,183,49,FMN GV 03 Hove
46,Statielei 16,2021-04-20,08:00:00,238,172,66,FMN GV 03 Hove
46,Statielei 16,2021-04-20,09:00:00,119,94,25,FMN GV 03 Hove
46,Statielei 16,2021-04-20,10:00:00,96,59,37,FMN GV 03 Hove
46,Statielei 16,2021-04-20,11:00:00,98,44,54,FMN GV 03 Hove
46,Statielei 16,2021-04-20,12:00:00,166,108,58,FMN GV 03 Hove
46,Statielei 16,2021-04-20,13:00:00,171,96,75,FMN GV 03 Hove
46,Statielei 16,2021-04-20,14:00:00,209,83,126,FMN GV 03 Hove
46,Statielei 16,2021-04-20,15:00:00,253,104,149,FMN GV 03 Hove
46,Statielei 16,2021-04-20,16:00:00,312,106,206,FMN GV 03 Hove
46,Statielei 16,2021-04-20,17:00:00,320,112,208,FMN GV 03 Hove
46,Statielei 16,2021-04-20,18:00:00,231,94,137,FMN GV 03 Hove
46,Statielei 16,2021-04-20,19:00:00,116,70,46,FMN GV 03 Hove
46,Statielei 16,2021-04-20,20:00:00,102,65,37,FMN GV 03 Hove
46,Statielei 16,2021-04-20,21:00:00,50,36,14,FMN GV 03 Hove
46,Statielei 16,2021-04-20,22:00:00,31,17,14,FMN GV 03 Hove
46,Statielei 16,2021-04-20,23:00:00,14,4,10,FMN GV 03 Hove
46,Statielei 16,2021-04-21,00:00:00,3,1,2,FMN GV 03 Hove
46,Statielei 16,2021-04-21,01:00:00,0,0,0,FMN GV 03 Hove
46,Statielei 16,2021-04-21,02:00:00,1,1,0,FMN GV 03 Hove
46,Statielei 16,2021-04-21,03:00:00,2,1,1,FMN GV 03 Hove
46,Statielei 16,2021-04-21,04:00:00,6,4,2,FMN GV 03 Hove
46,Statielei 16,2021-04-21,05:00:00,26,19,7,FMN GV 03 Hove
46,Statielei 16,2021-04-21,06:00:00,79,57,22,FMN GV 03 Hove
46,Statielei 16,2021-04-21,07:00:00,244,189,55,FMN GV 03 Hove
46,Statielei 16,2021-04-21,08:00:00,240,186,54,FMN GV 03 Hove
46,Statielei 16,2021-04-21,09:00:00,125,89,36,FMN GV 03 Hove
46,Statielei 16,2021-04-21,10:00:00,137,70,67,FMN GV 03 Hove
46,Statielei 16,2021-04-21,11:00:00,147,73,74,FMN GV 03 Hove
46,Statielei 16,2021-04-21,12:00:00,206,75,131,FMN GV 03 Hove
46,Statielei 16,2021-04-21,13:00:00,208,91,117,FMN GV 03 Hove
46,Statielei 16,2021-04-21,14:00:00,193,100,93,FMN GV 03 Hove
46,Statielei 16,2021-04-21,15:00:00,152,71,81,FMN GV 03 Hove
46,Statielei 16,2021-04-21,16:00:00,223,92,131,FMN GV 03 Hove
46,Statielei 16,2021-04-21,17:00:00,252,103,149,FMN GV 03 Hove
46,Statielei 16,2021-04-21,18:00:00,168,74,94,FMN GV 03 Hove
46,Statielei 16,2021-04-21,19:00:00,131,85,46,FMN GV 03 Hove
46,Statielei 16,2021-04-21,20:00:00,97,65,32,FMN GV 03 Hove
46,Statielei 16,2021-04-21,21:00:00,44,19,25,FMN GV 03 Hove
46,Statielei 16,2021-04-21,22:00:00,37,17,20,FMN GV 03 Hove
46,Statielei 16,2021-04-21,23:00:00,14,7,7,FMN GV 03 Hove
46,Statielei 16,2021-04-22,00:00:00,1,1,0,FMN GV 03 Hove
46,Statielei 16,2021-04-22,01:00:00,0,0,0,FMN GV 03 Hove
46,Statielei 16,2021-04-22,02:00:00,1,1,0,FMN GV 03 Hove
46,Statielei 16,2021-04-22,03:00:00,3,0,3,FMN GV 03 Hove
46,Statielei 16,2021-04-22,04:00:00,10,5,5,FMN GV 03 Hove
46,Statielei 16,2021-04-22,05:00:00,28,18,10,FMN GV 03 Hove
46,Statielei 16,2021-04-22,06:00:00,84,62,22,FMN GV 03 Hove
46,Statielei 16,2021-04-22,07:00:00,236,189,47,FMN GV 03 Hove
46,Statielei 16,2021-04-22,08:00:00,201,154,47,FMN GV 03 Hove
46,Statielei 16,2021-04-22,09:00:00,97,68,29,FMN GV 03 Hove
46,Statielei 16,2021-04-22,10:00:00,73,45,28,FMN GV 03 Hove
46,Statielei 16,2021-04-22,11:00:00,92,48,44,FMN GV 03 Hove
46,Statielei 16,2021-04-22,12:00:00,134,71,63,FMN GV 03 Hove
46,Statielei 16,2021-04-22,13:00:00,137,65,72,FMN GV 03 Hove
46,Statielei 16,2021-04-22,14:00:00,182,91,91,FMN GV 03 Hove
46,Statielei 16,2021-04-22,15:00:00,193,91,102,FMN GV 03 Hove
46,Statielei 16,2021-04-22,16:00:00,269,103,166,FMN GV 03 Hove
46,Statielei 16,2021-04-22,17:00:00,267,97,170,FMN GV 03 Hove
46,Statielei 16,2021-04-22,18:00:00,204,93,111,FMN GV 03 Hove
46,Statielei 16,2021-04-22,19:00:00,100,48,52,FMN GV 03 Hove
46,Statielei 16,2021-04-22,20:00:00,81,56,25,FMN GV 03 Hove
46,Statielei 16,2021-04-22,21:00:00,43,23,20,FMN GV 03 Hove
46,Statielei 16,2021-04-22,22:00:00,31,13,18,FMN GV 03 Hove
46,Statielei 16,2021-04-22,23:00:00,23,10,13,FMN GV 03 Hove
46,Statielei 16,2021-04-23,00:00:00,3,0,3,FMN GV 03 Hove
46,Statielei 16,2021-04-23,01:00:00,0,0,0,FMN GV 03 Hove
46,Statielei 16,2021-04-23,02:00:00,1,1,0,FMN GV 03 Hove
46,Statielei 16,2021-04-23,03:00:00,1,1,0,FMN GV 03 Hove
46,Statielei 16,2021-04-23,04:00:00,12,7,5,FMN GV 03 Hove
46,Statielei 16,2021-04-23,05:00:00,27,18,9,FMN GV 03 Hove
46,Statielei 16,2021-04-23,06:00:00,75,53,22,FMN GV 03 Hove
46,Statielei 16,2021-04-23,07:00:00,195,149,46,FMN GV 03 Hove
46,Statielei 16,2021-04-23,08:00:00,176,129,47,FMN GV 03 Hove
46,Statielei 16,2021-04-23,09:00:00,100,71,29,FMN GV 03 Hove
46,Statielei 16,2021-04-23,10:00:00,114,63,51,FMN GV 03 Hove
46,Statielei 16,2021-04-23,11:00:00,104,47,57,FMN GV 03 Hove
46,Statielei 16,2021-04-23,12:00:00,152,79,73,FMN GV 03 Hove
46,Statielei 16,2021-04-23,13:00:00,180,98,82,FMN GV 03 Hove
46,Statielei 16,2021-04-23,14:00:00,286,119,167,FMN GV 03 Hove
46,Statielei 16,2021-04-23,15:00:00,234,103,131,FMN GV 03 Hove
46,Statielei 16,2021-04-23,16:00:00,278,104,174,FMN GV 03 Hove
46,Statielei 16,2021-04-23,17:00:00,257,122,135,FMN GV 03 Hove
46,Statielei 16,2021-04-23,18:00:00,168,76,92,FMN GV 03 Hove
46,Statielei 16,2021-04-23,19:00:00,119,77,42,FMN GV 03 Hove
46,Statielei 16,2021-04-23,20:00:00,58,33,25,FMN GV 03 Hove
46,Statielei 16,2021-04-23,21:00:00,35,20,15,FMN GV 03 Hove
46,Statielei 16,2021-04-23,22:00:00,23,15,8,FMN GV 03 Hove
46,Statielei 16,2021-04-23,23:00:00,42,19,23,FMN GV 03 Hove
46,Statielei 16,2021-04-24,00:00:00,8,6,2,FMN GV 03 Hove
46,Statielei 16,2021-04-24,01:00:00,1,0,1,FMN GV 03 Hove
46,Statielei 16,2021-04-24,02:00:00,4,2,2,FMN GV 03 Hove
46,Statielei 16,2021-04-24,03:00:00,0,0,0,FMN GV 03 Hove
46,Statielei 16,2021-04-24,04:00:00,4,1,3,FMN GV 03 Hove
46,Statielei 16,2021-04-24,05:00:00,13,7,6,FMN GV 03 Hove
46,Statielei 16,2021-04-24,06:00:00,13,10,3,FMN GV 03 Hove
46,Statielei 16,2021-04-24,07:00:00,16,6,10,FMN GV 03 Hove
46,Statielei 16,2021-04-24,08:00:00,50,27,23,FMN GV 03 Hove
46,Statielei 16,2021-04-24,09:00:00,93,35,58,FMN GV 03 Hove
46,Statielei 16,2021-04-24,10:00:00,156,83,73,FMN GV 03 Hove
46,Statielei 16,2021-04-24,11:00:00,166,102,64,FMN GV 03 Hove
46,Statielei 16,2021-04-24,12:00:00,189,107,82,FMN GV 03 Hove
46,Statielei 16,2021-04-24,13:00:00,210,118,92,FMN GV 03 Hove
46,Statielei 16,2021-04-24,14:00:00,277,140,137,FMN GV 03 Hove
46,Statielei 16,2021-04-24,15:00:00,265,153,112,FMN GV 03 Hove
46,Statielei 16,2021-04-24,16:00:00,198,112,86,FMN GV 03 Hove
46,Statielei 16,2021-04-24,17:00:00,193,111,82,FMN GV 03 Hove
46,Statielei 16,2021-04-24,18:00:00,140,61,79,FMN GV 03 Hove
46,Statielei 16,2021-04-24,19:00:00,63,33,30,FMN GV 03 Hove
46,Statielei 16,2021-04-24,20:00:00,71,50,21,FMN GV 03 Hove
46,Statielei 16,2021-04-24,21:00:00,29,20,9,FMN GV 03 Hove
46,Statielei 16,2021-04-24,22:00:00,29,18,11,FMN GV 03 Hove
46,Statielei 16,2021-04-24,23:00:00,25,10,15,FMN GV 03 Hove
46,Statielei 16,2021-04-25,00:00:00,11,4,7,FMN GV 03 Hove
46,Statielei 16,2021-04-25,01:00:00,0,0,0,FMN GV 03 Hove
46,Statielei 16,2021-04-25,02:00:00,0,0,0,FMN GV 03 Hove
46,Statielei 16,2021-04-25,03:00:00,3,0,3,FMN GV 03 Hove
46,Statielei 16,2021-04-25,04:00:00,3,2,1,FMN GV 03 Hove
46,Statielei 16,2021-04-25,05:00:00,11,8,3,FMN GV 03 Hove
46,Statielei 16,2021-04-25,06:00:00,7,3,4,FMN GV 03 Hove
46,Statielei 16,2021-04-25,07:00:00,20,10,10,FMN GV 03 Hove
46,Statielei 16,2021-04-25,08:00:00,57,24,33,FMN GV 03 Hove
46,Statielei 16,2021-04-25,09:00:00,188,84,104,FMN GV 03 Hove
46,Statielei 16,2021-04-25,10:00:00,195,89,106,FMN GV 03 Hove
46,Statielei 16,2021-04-25,11:00:00,211,125,86,FMN GV 03 Hove
46,Statielei 16,2021-04-25,12:00:00,237,159,78,FMN GV 03 Hove
46,Statielei 16,2021-04-25,13:00:00,316,193,123,FMN GV 03 Hove
46,Statielei 16,2021-04-25,14:00:00,343,179,164,FMN GV 03 Hove
46,Statielei 16,2021-04-25,15:00:00,271,157,114,FMN GV 03 Hove
46,Statielei 16,2021-04-25,16:00:00,230,122,108,FMN GV 03 Hove
46,Statielei 16,2021-04-25,17:00:00,165,99,66,FMN GV 03 Hove
46,Statielei 16,2021-04-25,18:00:00,127,74,53,FMN GV 03 Hove
46,Statielei 16,2021-04-25,19:00:00,80,55,25,FMN GV 03 Hove
46,Statielei 16,2021-04-25,20:00:00,53,37,16,FMN GV 03 Hove
46,Statielei 16,2021-04-25,21:00:00,26,15,11,FMN GV 03 Hove
46,Statielei 16,2021-04-25,22:00:00,16,10,6,FMN GV 03 Hove
46,Statielei 16,2021-04-25,23:00:00,5,1,4,FMN GV 03 Hove
46,Statielei 16,2021-04-26,00:00:00,4,0,4,FMN GV 03 Hove
46,Statielei 16,2021-04-26,01:00:00,2,1,1,FMN GV 03 Hove
46,Statielei 16,2021-04-26,02:00:00,1,1,0,FMN GV 03 Hove
46,Statielei 16,2021-04-26,03:00:00,2,1,1,FMN GV 03 Hove
46,Statielei 16,2021-04-26,04:00:00,10,7,3,FMN GV 03 Hove
46,Statielei 16,2021-04-26,05:00:00,25,14,11,FMN GV 03 Hove
46,Statielei 16,2021-04-26,06:00:00,68,52,16,FMN GV 03 Hove
46,Statielei 16,2021-04-26,07:00:00,227,176,51,FMN GV 03 Hove
46,Statielei 16,2021-04-26,08:00:00,199,152,47,FMN GV 03 Hove
46,Statielei 16,2021-04-26,09:00:00,79,46,33,FMN GV 03 Hove
46,Statielei 16,2021-04-26,10:00:00,63,34,29,FMN GV 03 Hove
46,Statielei 16,2021-04-26,11:00:00,103,53,50,FMN GV 03 Hove
46,Statielei 16,2021-04-26,12:00:00,127,76,51,FMN GV 03 Hove
46,Statielei 16,2021-04-26,13:00:00,151,85,66,FMN GV 03 Hove
46,Statielei 16,2021-04-26,14:00:00,156,75,81,FMN GV 03 Hove
46,Statielei 16,2021-04-26,15:00:00,178,76,102,FMN GV 03 Hove
46,Statielei 16,2021-04-26,16:00:00,289,87,202,FMN GV 03 Hove
46,Statielei 16,2021-04-26,17:00:00,258,104,154,FMN GV 03 Hove
46,Statielei 16,2021-04-26,18:00:00,175,72,103,FMN GV 03 Hove
46,Statielei 16,2021-04-26,19:00:00,81,39,42,FMN GV 03 Hove
46,Statielei 16,2021-04-26,20:00:00,63,40,23,FMN GV 03 Hove
46,Statielei 16,2021-04-26,21:00:00,33,10,23,FMN GV 03 Hove
46,Statielei 16,2021-04-26,22:00:00,29,14,15,FMN GV 03 Hove
46,Statielei 16,2021-04-26,23:00:00,16,10,6,FMN GV 03 Hove
46,Statielei 16,2021-04-27,00:00:00,1,0,1,FMN GV 03 Hove
46,Statielei 16,2021-04-27,01:00:00,0,0,0,FMN GV 03 Hove
46,Statielei 16,2021-04-27,02:00:00,1,1,0,FMN GV 03 Hove
46,Statielei 16,2021-04-27,03:00:00,2,1,1,FMN GV 03 Hove
46,Statielei 16,2021-04-27,04:00:00,11,6,5,FMN GV 03 Hove
46,Statielei 16,2021-04-27,05:00:00,25,13,12,FMN GV 03 Hove
46,Statielei 16,2021-04-27,06:00:00,88,65,23,FMN GV 03 Hove
46,Statielei 16,2021-04-27,07:00:00,265,218,47,FMN GV 03 Hove
46,Statielei 16,2021-04-27,08:00:00,220,168,52,FMN GV 03 Hove
46,Statielei 16,2021-04-27,09:00:00,115,87,28,FMN GV 03 Hove
46,Statielei 16,2021-04-27,10:00:00,86,44,42,FMN GV 03 Hove
46,Statielei 16,2021-04-27,11:00:00,108,54,54,FMN GV 03 Hove
46,Statielei 16,2021-04-27,12:00:00,155,88,67,FMN GV 03 Hove
46,Statielei 16,2021-04-27,13:00:00,188,102,86,FMN GV 03 Hove
46,Statielei 16,2021-04-27,14:00:00,196,106,90,FMN GV 03 Hove
46,Statielei 16,2021-04-27,15:00:00,245,127,118,FMN GV 03 Hove
46,Statielei 16,2021-04-27,16:00:00,333,120,213,FMN GV 03 Hove
46,Statielei 16,2021-04-27,17:00:00,323,111,212,FMN GV 03 Hove
46,Statielei 16,2021-04-27,18:00:00,231,86,145,FMN GV 03 Hove
46,Statielei 16,2021-04-27,19:00:00,144,77,67,FMN GV 03 Hove
46,Statielei 16,2021-04-27,20:00:00,80,56,24,FMN GV 03 Hove
46,Statielei 16,2021-04-27,21:00:00,41,27,14,FMN GV 03 Hove
46,Statielei 16,2021-04-27,22:00:00,40,20,20,FMN GV 03 Hove
46,Statielei 16,2021-04-27,23:00:00,18,6,12,FMN GV 03 Hove
46,Statielei 16,2021-04-28,00:00:00,0,0,0,FMN GV 03 Hove
46,Statielei 16,2021-04-28,01:00:00,0,0,0,FMN GV 03 Hove
46,Statielei 16,2021-04-28,02:00:00,1,1,0,FMN GV 03 Hove
46,Statielei 16,2021-04-28,03:00:00,1,1,0,FMN GV 03 Hove
46,Statielei 16,2021-04-28,04:00:00,7,4,3,FMN GV 03 Hove
46,Statielei 16,2021-04-28,05:00:00,28,17,11,FMN GV 03 Hove
46,Statielei 16,2021-04-28,06:00:00,95,68,27,FMN GV 03 Hove
46,Statielei 16,2021-04-28,07:00:00,224,181,43,FMN GV 03 Hove
46,Statielei 16,2021-04-28,08:00:00,212,155,57,FMN GV 03 Hove
46,Statielei 16,2021-04-28,09:00:00,99,69,30,FMN GV 03 Hove
46,Statielei 16,2021-04-28,10:00:00,168,112,56,FMN GV 03 Hove
46,Statielei 16,2021-04-28,11:00:00,171,79,92,FMN GV 03 Hove
46,Statielei 16,2021-04-28,12:00:00,239,96,143,FMN GV 03 Hove
46,Statielei 16,2021-04-28,13:00:00,249,100,149,FMN GV 03 Hove
46,Statielei 16,2021-04-28,14:00:00,247,119,128,FMN GV 03 Hove
46,Statielei 16,2021-04-28,15:00:00,204,85,119,FMN GV 03 Hove
46,Statielei 16,2021-04-28,16:00:00,279,112,167,FMN GV 03 Hove
46,Statielei 16,2021-04-28,17:00:00,333,148,185,FMN GV 03 Hove
46,Statielei 16,2021-04-28,18:00:00,234,112,122,FMN GV 03 Hove
46,Statielei 16,2021-04-28,19:00:00,173,113,60,FMN GV 03 Hove
46,Statielei 16,2021-04-28,20:00:00,106,79,27,FMN GV 03 Hove
46,Statielei 16,2021-04-28,21:00:00,47,20,27,FMN GV 03 Hove
46,Statielei 16,2021-04-28,22:00:00,31,10,21,FMN GV 03 Hove
46,Statielei 16,2021-04-28,23:00:00,18,9,9,FMN GV 03 Hove
46,Statielei 16,2021-04-29,00:00:00,4,3,1,FMN GV 03 Hove
46,Statielei 16,2021-04-29,01:00:00,0,0,0,FMN GV 03 Hove
46,Statielei 16,2021-04-29,02:00:00,2,2,0,FMN GV 03 Hove
46,Statielei 16,2021-04-29,03:00:00,0,0,0,FMN GV 03 Hove
46,Statielei 16,2021-04-29,04:00:00,7,4,3,FMN GV 03 Hove
46,Statielei 16,2021-04-29,05:00:00,23,14,9,FMN GV 03 Hove
46,Statielei 16,2021-04-29,06:00:00,62,44,18,FMN GV 03 Hove
46,Statielei 16,2021-04-29,07:00:00,178,145,33,FMN GV 03 Hove
46,Statielei 16,2021-04-29,08:00:00,174,133,41,FMN GV 03 Hove
46,Statielei 16,2021-04-29,09:00:00,42,27,15,FMN GV 03 Hove
46,Statielei 16,2021-04-29,10:00:00,26,18,8,FMN GV 03 Hove
46,Statielei 16,2021-04-29,11:00:00,24,12,12,FMN GV 03 Hove
46,Statielei 16,2021-04-29,12:00:00,58,30,28,FMN GV 03 Hove
46,Statielei 16,2021-04-29,13:00:00,63,35,28,FMN GV 03 Hove
46,Statielei 16,2021-04-29,14:00:00,52,28,24,FMN GV 03 Hove
46,Statielei 16,2021-04-29,15:00:00,123,40,83,FMN GV 03 Hove
46,Statielei 16,2021-04-29,16:00:00,170,58,112,FMN GV 03 Hove
46,Statielei 16,2021-04-29,17:00:00,151,55,96,FMN GV 03 Hove
46,Statielei 16,2021-04-29,18:00:00,109,40,69,FMN GV 03 Hove
46,Statielei 16,2021-04-29,19:00:00,69,35,34,FMN GV 03 Hove
46,Statielei 16,2021-04-29,20:00:00,63,31,32,FMN GV 03 Hove
46,Statielei 16,2021-04-29,21:00:00,24,14,10,FMN GV 03 Hove
46,Statielei 16,2021-04-29,22:00:00,25,12,13,FMN GV 03 Hove
46,Statielei 16,2021-04-29,23:00:00,15,8,7,FMN GV 03 Hove
46,Statielei 16,2021-04-30,00:00:00,5,2,3,FMN GV 03 Hove
46,Statielei 16,2021-04-30,01:00:00,2,0,2,FMN GV 03 Hove
46,Statielei 16,2021-04-30,02:00:00,0,0,0,FMN GV 03 Hove
46,Statielei 16,2021-04-30,03:00:00,5,1,4,FMN GV 03 Hove
46,Statielei 16,2021-04-30,04:00:00,3,3,0,FMN GV 03 Hove
46,Statielei 16,2021-04-30,05:00:00,16,10,6,FMN GV 03 Hove
46,Statielei 16,2021-04-30,06:00:00,58,40,18,FMN GV 03 Hove
46,Statielei 16,2021-04-30,07:00:00,175,134,41,FMN GV 03 Hove
46,Statielei 16,2021-04-30,08:00:00,180,130,50,FMN GV 03 Hove
46,Statielei 16,2021-04-30,09:00:00,117,78,39,FMN GV 03 Hove
46,Statielei 16,2021-04-30,10:00:00,84,45,39,FMN GV 03 Hove
46,Statielei 16,2021-04-30,11:00:00,101,51,50,FMN GV 03 Hove
46,Statielei 16,2021-04-30,12:00:00,115,52,63,FMN GV 03 Hove
46,Statielei 16,2021-04-30,13:00:00,113,57,56,FMN GV 03 Hove
46,Statielei 16,2021-04-30,14:00:00,136,57,79,FMN GV 03 Hove
46,Statielei 16,2021-04-30,15:00:00,195,87,108,FMN GV 03 Hove
46,Statielei 16,2021-04-30,16:00:00,220,86,134,FMN GV 03 Hove
46,Statielei 16,2021-04-30,17:00:00,188,68,120,FMN GV 03 Hove
46,Statielei 16,2021-04-30,18:00:00,99,39,60,FMN GV 03 Hove
46,Statielei 16,2021-04-30,19:00:00,84,40,44,FMN GV 03 Hove
46,Statielei 16,2021-04-30,20:00:00,68,43,25,FMN GV 03 Hove
46,Statielei 16,2021-04-30,21:00:00,32,22,10,FMN GV 03 Hove
46,Statielei 16,2021-04-30,22:00:00,27,16,11,FMN GV 03 Hove
46,Statielei 16,2021-04-30,23:00:00,38,16,22,FMN GV 03 Hove
46,Statielei 16,2021-05-01,00:00:00,10,5,5,FMN GV 03 Hove
46,Statielei 16,2021-05-01,01:00:00,4,3,1,FMN GV 03 Hove
46,Statielei 16,2021-05-01,02:00:00,6,3,3,FMN GV 03 Hove
46,Statielei 16,2021-05-01,03:00:00,0,0,0,FMN GV 03 Hove
46,Statielei 16,2021-05-01,04:00:00,1,1,0,FMN GV 03 Hove
46,Statielei 16,2021-05-01,05:00:00,13,11,2,FMN GV 03 Hove
46,Statielei 16,2021-05-01,06:00:00,9,2,7,FMN GV 03 Hove
46,Statielei 16,2021-05-01,07:00:00,11,7,4,FMN GV 03 Hove
46,Statielei 16,2021-05-01,08:00:00,35,16,19,FMN GV 03 Hove
46,Statielei 16,2021-05-01,09:00:00,95,35,60,FMN GV 03 Hove
46,Statielei 16,2021-05-01,10:00:00,128,71,57,FMN GV 03 Hove
46,Statielei 16,2021-05-01,11:00:00,188,65,123,FMN GV 03 Hove
46,Statielei 16,2021-05-01,12:00:00,186,102,84,FMN GV 03 Hove
46,Statielei 16,2021-05-01,13:00:00,201,105,96,FMN GV 03 Hove
46,Statielei 16,2021-05-01,14:00:00,297,154,143,FMN GV 03 Hove
46,Statielei 16,2021-05-01,15:00:00,227,141,86,FMN GV 03 Hove
46,Statielei 16,2021-05-01,16:00:00,173,112,61,FMN GV 03 Hove
46,Statielei 16,2021-05-01,17:00:00,136,93,43,FMN GV 03 Hove
46,Statielei 16,2021-05-01,18:00:00,86,45,41,FMN GV 03 Hove
46,Statielei 16,2021-05-01,19:00:00,86,47,39,FMN GV 03 Hove
46,Statielei 16,2021-05-01,20:00:00,52,29,23,FMN GV 03 Hove
46,Statielei 16,2021-05-01,21:00:00,24,18,6,FMN GV 03 Hove
46,Statielei 16,2021-05-01,22:00:00,19,11,8,FMN GV 03 Hove
46,Statielei 16,2021-05-01,23:00:00,51,31,20,FMN GV 03 Hove
46,Statielei 16,2021-05-02,00:00:00,25,9,16,FMN GV 03 Hove
46,Statielei 16,2021-05-02,01:00:00,2,1,1,FMN GV 03 Hove
46,Statielei 16,2021-05-02,02:00:00,3,2,1,FMN GV 03 Hove
46,Statielei 16,2021-05-02,03:00:00,0,0,0,FMN GV 03 Hove
46,Statielei 16,2021-05-02,04:00:00,2,1,1,FMN GV 03 Hove
46,Statielei 16,2021-05-02,05:00:00,9,6,3,FMN GV 03 Hove
46,Statielei 16,2021-05-02,06:00:00,10,5,5,FMN GV 03 Hove
46,Statielei 16,2021-05-02,07:00:00,18,9,9,FMN GV 03 Hove
46,Statielei 16,2021-05-02,08:00:00,45,14,31,FMN GV 03 Hove
46,Statielei 16,2021-05-02,09:00:00,143,56,87,FMN GV 03 Hove
46,Statielei 16,2021-05-02,10:00:00,222,103,119,FMN GV 03 Hove
46,Statielei 16,2021-05-02,11:00:00,219,119,100,FMN GV 03 Hove
46,Statielei 16,2021-05-02,12:00:00,217,140,77,FMN GV 03 Hove
46,Statielei 16,2021-05-02,13:00:00,196,106,90,FMN GV 03 Hove
46,Statielei 16,2021-05-02,14:00:00,200,120,80,FMN GV 03 Hove
46,Statielei 16,2021-05-02,15:00:00,168,94,74,FMN GV 03 Hove
46,Statielei 16,2021-05-02,16:00:00,114,52,62,FMN GV 03 Hove
46,Statielei 16,2021-05-02,17:00:00,113,65,48,FMN GV 03 Hove
46,Statielei 16,2021-05-02,18:00:00,90,52,38,FMN GV 03 Hove
46,Statielei 16,2021-05-02,19:00:00,46,35,11,FMN GV 03 Hove
46,Statielei 16,2021-05-02,20:00:00,31,25,6,FMN GV 03 Hove
46,Statielei 16,2021-05-02,21:00:00,19,11,8,FMN GV 03 Hove
46,Statielei 16,2021-05-02,22:00:00,13,8,5,FMN GV 03 Hove
46,Statielei 16,2021-05-02,23:00:00,7,2,5,FMN GV 03 Hove
46,Statielei 16,2021-05-03,00:00:00,2,0,2,FMN GV 03 Hove
46,Statielei 16,2021-05-03,01:00:00,0,0,0,FMN GV 03 Hove
46,Statielei 16,2021-05-03,02:00:00,0,0,0,FMN GV 03 Hove
46,Statielei 16,2021-05-03,03:00:00,1,0,1,FMN GV 03 Hove
46,Statielei 16,2021-05-03,04:00:00,8,4,4,FMN GV 03 Hove
46,Statielei 16,2021-05-03,05:00:00,17,13,4,FMN GV 03 Hove
46,Statielei 16,2021-05-03,06:00:00,58,43,15,FMN GV 03 Hove
46,Statielei 16,2021-05-03,07:00:00,186,144,42,FMN GV 03 Hove
46,Statielei 16,2021-05-03,08:00:00,178,129,49,FMN GV 03 Hove
46,Statielei 16,2021-05-03,09:00:00,64,42,22,FMN GV 03 Hove
46,Statielei 16,2021-05-03,10:00:00,82,41,41,FMN GV 03 Hove
46,Statielei 16,2021-05-03,11:00:00,83,44,39,FMN GV 03 Hove
46,Statielei 16,2021-05-03,12:00:00,128,66,62,FMN GV 03 Hove
46,Statielei 16,2021-05-03,13:00:00,134,77,57,FMN GV 03 Hove
46,Statielei 16,2021-05-03,14:00:00,140,61,79,FMN GV 03 Hove
46,Statielei 16,2021-05-03,15:00:00,152,64,88,FMN GV 03 Hove
46,Statielei 16,2021-05-03,16:00:00,212,75,137,FMN GV 03 Hove
46,Statielei 16,2021-05-03,17:00:00,220,93,127,FMN GV 03 Hove
46,Statielei 16,2021-05-03,18:00:00,124,43,81,FMN GV 03 Hove
46,Statielei 16,2021-05-03,19:00:00,69,29,40,FMN GV 03 Hove
46,Statielei 16,2021-05-03,20:00:00,50,31,19,FMN GV 03 Hove
46,Statielei 16,2021-05-03,21:00:00,22,10,12,FMN GV 03 Hove
46,Statielei 16,2021-05-03,22:00:00,19,11,8,FMN GV 03 Hove
46,Statielei 16,2021-05-03,23:00:00,8,2,6,FMN GV 03 Hove
46,Statielei 16,2021-05-04,00:00:00,2,2,0,FMN GV 03 Hove
46,Statielei 16,2021-05-04,01:00:00,0,0,0,FMN GV 03 Hove
46,Statielei 16,2021-05-04,02:00:00,0,0,0,FMN GV 03 Hove
46,Statielei 16,2021-05-04,03:00:00,0,0,0,FMN GV 03 Hove
46,Statielei 16,2021-05-04,04:00:00,10,6,4,FMN GV 03 Hove
46,Statielei 16,2021-05-04,05:00:00,12,8,4,FMN GV 03 Hove
46,Statielei 16,2021-05-04,06:00:00,44,35,9,FMN GV 03 Hove
46,Statielei 16,2021-05-04,07:00:00,148,121,27,FMN GV 03 Hove
46,Statielei 16,2021-05-04,08:00:00,140,111,29,FMN GV 03 Hove
46,Statielei 16,2021-05-04,09:00:00,42,29,13,FMN GV 03 Hove
46,Statielei 16,2021-05-04,10:00:00,38,25,13,FMN GV 03 Hove
46,Statielei 16,2021-05-04,11:00:00,30,16,14,FMN GV 03 Hove
46,Statielei 16,2021-05-04,12:00:00,57,30,27,FMN GV 03 Hove
46,Statielei 16,2021-05-04,13:00:00,48,24,24,FMN GV 03 Hove
46,Statielei 16,2021-05-04,14:00:00,48,15,33,FMN GV 03 Hove
46,Statielei 16,2021-05-04,15:00:00,73,26,47,FMN GV 03 Hove
46,Statielei 16,2021-05-04,16:00:00,110,26,84,FMN GV 03 Hove
46,Statielei 16,2021-05-04,17:00:00,111,30,81,FMN GV 03 Hove
46,Statielei 16,2021-05-04,18:00:00,55,16,39,FMN GV 03 Hove
46,Statielei 16,2021-05-04,19:00:00,18,11,7,FMN GV 03 Hove
46,Statielei 16,2021-05-04,20:00:00,30,17,13,FMN GV 03 Hove
46,Statielei 16,2021-05-04,21:00:00,9,3,6,FMN GV 03 Hove
46,Statielei 16,2021-05-04,22:00:00,18,7,11,FMN GV 03 Hove
46,Statielei 16,2021-05-04,23:00:00,9,5,4,FMN GV 03 Hove
46,Statielei 16,2021-05-05,00:00:00,2,2,0,FMN GV 03 Hove
46,Statielei 16,2021-05-05,01:00:00,1,0,1,FMN GV 03 Hove
46,Statielei 16,2021-05-05,02:00:00,0,0,0,FMN GV 03 Hove
46,Statielei 16,2021-05-05,03:00:00,0,0,0,FMN GV 03 Hove
46,Statielei 16,2021-05-05,04:00:00,8,4,4,FMN GV 03 Hove
46,Statielei 16,2021-05-05,05:00:00,14,11,3,FMN GV 03 Hove
46,Statielei 16,2021-05-05,06:00:00,41,30,11,FMN GV 03 Hove
46,Statielei 16,2021-05-05,07:00:00,134,106,28,FMN GV 03 Hove
46,Statielei 16,2021-05-05,08:00:00,117,85,32,FMN GV 03 Hove
46,Statielei 16,2021-05-05,09:00:00,46,36,10,FMN GV 03 Hove
46,Statielei 16,2021-05-05,10:00:00,46,28,18,FMN GV 03 Hove
46,Statielei 16,2021-05-05,11:00:00,44,18,26,FMN GV 03 Hove
46,Statielei 16,2021-05-05,12:00:00,91,42,49,FMN GV 03 Hove
46,Statielei 16,2021-05-05,13:00:00,93,37,56,FMN GV 03 Hove
46,Statielei 16,2021-05-05,14:00:00,71,36,35,FMN GV 03 Hove
46,Statielei 16,2021-05-05,15:00:00,85,39,46,FMN GV 03 Hove
46,Statielei 16,2021-05-05,16:00:00,119,39,80,FMN GV 03 Hove
46,Statielei 16,2021-05-05,17:00:00,162,63,99,FMN GV 03 Hove
46,Statielei 16,2021-05-05,18:00:00,138,53,85,FMN GV 03 Hove
46,Statielei 16,2021-05-05,19:00:00,84,43,41,FMN GV 03 Hove
46,Statielei 16,2021-05-05,20:00:00,83,51,32,FMN GV 03 Hove
46,Statielei 16,2021-05-05,21:00:00,49,28,21,FMN GV 03 Hove
46,Statielei 16,2021-05-05,22:00:00,17,8,9,FMN GV 03 Hove
46,Statielei 16,2021-05-05,23:00:00,10,0,10,FMN GV 03 Hove
46,Statielei 16,2021-05-06,00:00:00,6,3,3,FMN GV 03 Hove
46,Statielei 16,2021-05-06,01:00:00,0,0,0,FMN GV 03 Hove
46,Statielei 16,2021-05-06,02:00:00,0,0,0,FMN GV 03 Hove
46,Statielei 16,2021-05-06,03:00:00,1,0,1,FMN GV 03 Hove
46,Statielei 16,2021-05-06,04:00:00,8,5,3,FMN GV 03 Hove
46,Statielei 16,2021-05-06,05:00:00,17,12,5,FMN GV 03 Hove
46,Statielei 16,2021-05-06,06:00:00,60,46,14,FMN GV 03 Hove
46,Statielei 16,2021-05-06,07:00:00,176,141,35,FMN GV 03 Hove
46,Statielei 16,2021-05-06,08:00:00,183,142,41,FMN GV 03 Hove
46,Statielei 16,2021-05-06,09:00:00,80,52,28,FMN GV 03 Hove
46,Statielei 16,2021-05-06,10:00:00,91,47,44,FMN GV 03 Hove
46,Statielei 16,2021-05-06,11:00:00,105,53,52,FMN GV 03 Hove
46,Statielei 16,2021-05-06,12:00:00,114,61,53,FMN GV 03 Hove
46,Statielei 16,2021-05-06,13:00:00,114,60,54,FMN GV 03 Hove
46,Statielei 16,2021-05-06,14:00:00,110,44,66,FMN GV 03 Hove
46,Statielei 16,2021-05-06,15:00:00,102,47,55,FMN GV 03 Hove
46,Statielei 16,2021-05-06,16:00:00,205,56,149,FMN GV 03 Hove
46,Statielei 16,2021-05-06,17:00:00,167,64,103,FMN GV 03 Hove
46,Statielei 16,2021-05-06,18:00:00,92,27,65,FMN GV 03 Hove
46,Statielei 16,2021-05-06,19:00:00,49,20,29,FMN GV 03 Hove
46,Statielei 16,2021-05-06,20:00:00,37,19,18,FMN GV 03 Hove
46,Statielei 16,2021-05-06,21:00:00,26,17,9,FMN GV 03 Hove
46,Statielei 16,2021-05-06,22:00:00,27,12,15,FMN GV 03 Hove
46,Statielei 16,2021-05-06,23:00:00,10,4,6,FMN GV 03 Hove
46,Statielei 16,2021-05-07,00:00:00,6,2,4,FMN GV 03 Hove
46,Statielei 16,2021-05-07,01:00:00,0,0,0,FMN GV 03 Hove
46,Statielei 16,2021-05-07,02:00:00,1,0,1,FMN GV 03 Hove
46,Statielei 16,2021-05-07,03:00:00,4,3,1,FMN GV 03 Hove
46,Statielei 16,2021-05-07,04:00:00,11,8,3,FMN GV 03 Hove
46,Statielei 16,2021-05-07,05:00:00,18,11,7,FMN GV 03 Hove
46,Statielei 16,2021-05-07,06:00:00,52,36,16,FMN GV 03 Hove
46,Statielei 16,2021-05-07,07:00:00,164,132,32,FMN GV 03 Hove
46,Statielei 16,2021-05-07,08:00:00,176,133,43,FMN GV 03 Hove
46,Statielei 16,2021-05-07,09:00:00,96,62,34,FMN GV 03 Hove
46,Statielei 16,2021-05-07,10:00:00,94,51,43,FMN GV 03 Hove
46,Statielei 16,2021-05-07,11:00:00,99,57,42,FMN GV 03 Hove
46,Statielei 16,2021-05-07,12:00:00,150,80,70,FMN GV 03 Hove
46,Statielei 16,2021-05-07,13:00:00,155,70,85,FMN GV 03 Hove
46,Statielei 16,2021-05-07,14:00:00,151,65,86,FMN GV 03 Hove
46,Statielei 16,2021-05-07,15:00:00,221,83,138,FMN GV 03 Hove
46,Statielei 16,2021-05-07,16:00:00,245,96,149,FMN GV 03 Hove
46,Statielei 16,2021-05-07,17:00:00,226,95,131,FMN GV 03 Hove
46,Statielei 16,2021-05-07,18:00:00,205,107,98,FMN GV 03 Hove
46,Statielei 16,2021-05-07,19:00:00,106,57,49,FMN GV 03 Hove
46,Statielei 16,2021-05-07,20:00:00,78,49,29,FMN GV 03 Hove
46,Statielei 16,2021-05-07,21:00:00,37,18,19,FMN GV 03 Hove
46,Statielei 16,2021-05-07,22:00:00,22,12,10,FMN GV 03 Hove
46,Statielei 16,2021-05-07,23:00:00,14,5,9,FMN GV 03 Hove
46,Statielei 16,2021-05-08,00:00:00,24,11,13,FMN GV 03 Hove
46,Statielei 16,2021-05-08,01:00:00,11,5,6,FMN GV 03 Hove
46,Statielei 16,2021-05-08,02:00:00,6,4,2,FMN GV 03 Hove
46,Statielei 16,2021-05-08,03:00:00,3,0,3,FMN GV 03 Hove
46,Statielei 16,2021-05-08,04:00:00,3,3,0,FMN GV 03 Hove
46,Statielei 16,2021-05-08,05:00:00,12,7,5,FMN GV 03 Hove
46,Statielei 16,2021-05-08,06:00:00,14,5,9,FMN GV 03 Hove
46,Statielei 16,2021-05-08,07:00:00,27,13,14,FMN GV 03 Hove
46,Statielei 16,2021-05-08,08:00:00,50,28,22,FMN GV 03 Hove
46,Statielei 16,2021-05-08,09:00:00,66,34,32,FMN GV 03 Hove
46,Statielei 16,2021-05-08,10:00:00,88,47,41,FMN GV 03 Hove
46,Statielei 16,2021-05-08,11:00:00,85,58,27,FMN GV 03 Hove
46,Statielei 16,2021-05-08,12:00:00,80,51,29,FMN GV 03 Hove
46,Statielei 16,2021-05-08,13:00:00,50,26,24,FMN GV 03 Hove
46,Statielei 16,2021-05-08,14:00:00,95,57,38,FMN GV 03 Hove
46,Statielei 16,2021-05-08,15:00:00,111,58,53,FMN GV 03 Hove
46,Statielei 16,2021-05-08,16:00:00,90,41,49,FMN GV 03 Hove
46,Statielei 16,2021-05-08,17:00:00,95,46,49,FMN GV 03 Hove
46,Statielei 16,2021-05-08,18:00:00,76,43,33,FMN GV 03 Hove
46,Statielei 16,2021-05-08,19:00:00,69,39,30,FMN GV 03 Hove
46,Statielei 16,2021-05-08,20:00:00,50,34,16,FMN GV 03 Hove
46,Statielei 16,2021-05-08,21:00:00,37,20,17,FMN GV 03 Hove
46,Statielei 16,2021-05-08,22:00:00,32,14,18,FMN GV 03 Hove
46,Statielei 16,2021-05-08,23:00:00,16,8,8,FMN GV 03 Hove
46,Statielei 16,2021-05-09,00:00:00,30,18,12,FMN GV 03 Hove
46,Statielei 16,2021-05-09,01:00:00,16,5,11,FMN GV 03 Hove
46,Statielei 16,2021-05-09,02:00:00,7,4,3,FMN GV 03 Hove
46,Statielei 16,2021-05-09,03:00:00,7,3,4,FMN GV 03 Hove
46,Statielei 16,2021-05-09,04:00:00,6,2,4,FMN GV 03 Hove
46,Statielei 16,2021-05-09,05:00:00,7,2,5,FMN GV 03 Hove
46,Statielei 16,2021-05-09,06:00:00,17,9,8,FMN GV 03 Hove
46,Statielei 16,2021-05-09,07:00:00,26,11,15,FMN GV 03 Hove
46,Statielei 16,2021-05-09,08:00:00,66,25,41,FMN GV 03 Hove
46,Statielei 16,2021-05-09,09:00:00,164,50,114,FMN GV 03 Hove
46,Statielei 16,2021-05-09,10:00:00,232,82,150,FMN GV 03 Hove
46,Statielei 16,2021-05-09,11:00:00,262,149,113,FMN GV 03 Hove
46,Statielei 16,2021-05-09,12:00:00,277,170,107,FMN GV 03 Hove
46,Statielei 16,2021-05-09,13:00:00,190,107,83,FMN GV 03 Hove
46,Statielei 16,2021-05-09,14:00:00,281,153,128,FMN GV 03 Hove
46,Statielei 16,2021-05-09,15:00:00,228,130,98,FMN GV 03 Hove
46,Statielei 16,2021-05-09,16:00:00,212,117,95,FMN GV 03 Hove
46,Statielei 16,2021-05-09,17:00:00,181,116,65,FMN GV 03 Hove
46,Statielei 16,2021-05-09,18:00:00,128,86,42,FMN GV 03 Hove
46,Statielei 16,2021-05-09,19:00:00,91,48,43,FMN GV 03 Hove
46,Statielei 16,2021-05-09,20:00:00,62,38,24,FMN GV 03 Hove
46,Statielei 16,2021-05-09,21:00:00,43,25,18,FMN GV 03 Hove
46,Statielei 16,2021-05-09,22:00:00,13,4,9,FMN GV 03 Hove
46,Statielei 16,2021-05-09,23:00:00,10,5,5,FMN GV 03 Hove
46,Statielei 16,2021-05-10,00:00:00,2,1,1,FMN GV 03 Hove
46,Statielei 16,2021-05-10,01:00:00,3,2,1,FMN GV 03 Hove
46,Statielei 16,2021-05-10,02:00:00,1,0,1,FMN GV 03 Hove
46,Statielei 16,2021-05-10,03:00:00,1,0,1,FMN GV 03 Hove
46,Statielei 16,2021-05-10,04:00:00,9,5,4,FMN GV 03 Hove
46,Statielei 16,2021-05-10,05:00:00,30,18,12,FMN GV 03 Hove
46,Statielei 16,2021-05-10,06:00:00,50,38,12,FMN GV 03 Hove
46,Statielei 16,2021-05-10,07:00:00,183,143,40,FMN GV 03 Hove
46,Statielei 16,2021-05-10,08:00:00,170,131,39,FMN GV 03 Hove
46,Statielei 16,2021-05-10,09:00:00,58,45,13,FMN GV 03 Hove
46,Statielei 16,2021-05-10,10:00:00,56,28,28,FMN GV 03 Hove
46,Statielei 16,2021-05-10,11:00:00,38,28,10,FMN GV 03 Hove
46,Statielei 16,2021-05-10,12:00:00,88,53,35,FMN GV 03 Hove
46,Statielei 16,2021-05-10,13:00:00,101,51,50,FMN GV 03 Hove
46,Statielei 16,2021-05-10,14:00:00,117,54,63,FMN GV 03 Hove
46,Statielei 16,2021-05-10,15:00:00,164,68,96,FMN GV 03 Hove
46,Statielei 16,2021-05-10,16:00:00,223,61,162,FMN GV 03 Hove
46,Statielei 16,2021-05-10,17:00:00,203,71,132,FMN GV 03 Hove
46,Statielei 16,2021-05-10,18:00:00,163,90,73,FMN GV 03 Hove
46,Statielei 16,2021-05-10,19:00:00,104,42,62,FMN GV 03 Hove
46,Statielei 16,2021-05-10,20:00:00,80,56,24,FMN GV 03 Hove
46,Statielei 16,2021-05-10,21:00:00,60,42,18,FMN GV 03 Hove
46,Statielei 16,2021-05-10,22:00:00,35,16,19,FMN GV 03 Hove
46,Statielei 16,2021-05-10,23:00:00,12,3,9,FMN GV 03 Hove
46,Statielei 16,2021-05-11,00:00:00,9,2,7,FMN GV 03 Hove
46,Statielei 16,2021-05-11,01:00:00,6,1,5,FMN GV 03 Hove
46,Statielei 16,2021-05-11,02:00:00,1,0,1,FMN GV 03 Hove
46,Statielei 16,2021-05-11,03:00:00,1,0,1,FMN GV 03 Hove
46,Statielei 16,2021-05-11,04:00:00,9,6,3,FMN GV 03 Hove
46,Statielei 16,2021-05-11,05:00:00,23,15,8,FMN GV 03 Hove
46,Statielei 16,2021-05-11,06:00:00,76,56,20,FMN GV 03 Hove
46,Statielei 16,2021-05-11,07:00:00,260,201,59,FMN GV 03 Hove
46,Statielei 16,2021-05-11,08:00:00,261,161,100,FMN GV 03 Hove
46,Statielei 16,2021-05-11,09:00:00,102,61,41,FMN GV 03 Hove
46,Statielei 16,2021-05-11,10:00:00,104,57,47,FMN GV 03 Hove
46,Statielei 16,2021-05-11,11:00:00,97,42,55,FMN GV 03 Hove
46,Statielei 16,2021-05-11,12:00:00,113,65,48,FMN GV 03 Hove
46,Statielei 16,2021-05-11,13:00:00,98,47,51,FMN GV 03 Hove
46,Statielei 16,2021-05-11,14:00:00,127,60,67,FMN GV 03 Hove
46,Statielei 16,2021-05-11,15:00:00,157,65,92,FMN GV 03 Hove
46,Statielei 16,2021-05-11,16:00:00,227,100,127,FMN GV 03 Hove
46,Statielei 16,2021-05-11,17:00:00,199,64,135,FMN GV 03 Hove
46,Statielei 16,2021-05-11,18:00:00,112,47,65,FMN GV 03 Hove
46,Statielei 16,2021-05-11,19:00:00,71,22,49,FMN GV 03 Hove
46,Statielei 16,2021-05-11,20:00:00,57,31,26,FMN GV 03 Hove
46,Statielei 16,2021-05-11,21:00:00,23,12,11,FMN GV 03 Hove
46,Statielei 16,2021-05-11,22:00:00,36,14,22,FMN GV 03 Hove
46,Statielei 16,2021-05-11,23:00:00,17,11,6,FMN GV 03 Hove
46,Statielei 16,2021-05-12,00:00:00,6,3,3,FMN GV 03 Hove
46,Statielei 16,2021-05-12,01:00:00,3,0,3,FMN GV 03 Hove
46,Statielei 16,2021-05-12,02:00:00,1,1,0,FMN GV 03 Hove
46,Statielei 16,2021-05-12,03:00:00,1,0,1,FMN GV 03 Hove
46,Statielei 16,2021-05-12,04:00:00,13,9,4,FMN GV 03 Hove
46,Statielei 16,2021-05-12,05:00:00,21,13,8,FMN GV 03 Hove
46,Statielei 16,2021-05-12,06:00:00,71,51,20,FMN GV 03 Hove
46,Statielei 16,2021-05-12,07:00:00,201,152,49,FMN GV 03 Hove
46,Statielei 16,2021-05-12,08:00:00,202,138,64,FMN GV 03 Hove
46,Statielei 16,2021-05-12,09:00:00,144,91,53,FMN GV 03 Hove
46,Statielei 16,2021-05-12,10:00:00,182,99,83,FMN GV 03 Hove
46,Statielei 16,2021-05-12,11:00:00,170,79,91,FMN GV 03 Hove
46,Statielei 16,2021-05-12,12:00:00,194,81,113,FMN GV 03 Hove
46,Statielei 16,2021-05-12,13:00:00,170,87,83,FMN GV 03 Hove
46,Statielei 16,2021-05-12,14:00:00,131,64,67,FMN GV 03 Hove
46,Statielei 16,2021-05-12,15:00:00,140,64,76,FMN GV 03 Hove
46,Statielei 16,2021-05-12,16:00:00,150,57,93,FMN GV 03 Hove
46,Statielei 16,2021-05-12,17:00:00,216,90,126,FMN GV 03 Hove
46,Statielei 16,2021-05-12,18:00:00,178,74,104,FMN GV 03 Hove
46,Statielei 16,2021-05-12,19:00:00,118,70,48,FMN GV 03 Hove
46,Statielei 16,2021-05-12,20:00:00,65,38,27,FMN GV 03 Hove
46,Statielei 16,2021-05-12,21:00:00,50,26,24,FMN GV 03 Hove
46,Statielei 16,2021-05-12,22:00:00,39,22,17,FMN GV 03 Hove
46,Statielei 16,2021-05-12,23:00:00,24,12,12,FMN GV 03 Hove
46,Statielei 16,2021-05-13,00:00:00,11,4,7,FMN GV 03 Hove
46,Statielei 16,2021-05-13,01:00:00,18,7,11,FMN GV 03 Hove
46,Statielei 16,2021-05-13,02:00:00,10,8,2,FMN GV 03 Hove
46,Statielei 16,2021-05-13,03:00:00,8,6,2,FMN GV 03 Hove
46,Statielei 16,2021-05-13,04:00:00,6,6,0,FMN GV 03 Hove
46,Statielei 16,2021-05-13,05:00:00,14,8,6,FMN GV 03 Hove
46,Statielei 16,2021-05-13,06:00:00,11,4,7,FMN GV 03 Hove
46,Statielei 16,2021-05-13,07:00:00,27,16,11,FMN GV 03 Hove
46,Statielei 16,2021-05-13,08:00:00,76,31,45,FMN GV 03 Hove
46,Statielei 16,2021-05-13,09:00:00,163,63,100,FMN GV 03 Hove
46,Statielei 16,2021-05-13,10:00:00,213,82,131,FMN GV 03 Hove
46,Statielei 16,2021-05-13,11:00:00,185,94,91,FMN GV 03 Hove
46,Statielei 16,2021-05-13,12:00:00,162,93,69,FMN GV 03 Hove
46,Statielei 16,2021-05-13,13:00:00,166,76,90,FMN GV 03 Hove
46,Statielei 16,2021-05-13,14:00:00,197,102,95,FMN GV 03 Hove
46,Statielei 16,2021-05-13,15:00:00,135,78,57,FMN GV 03 Hove
46,Statielei 16,2021-05-13,16:00:00,121,74,47,FMN GV 03 Hove
46,Statielei 16,2021-05-13,17:00:00,118,68,50,FMN GV 03 Hove
46,Statielei 16,2021-05-13,18:00:00,103,60,43,FMN GV 03 Hove
46,Statielei 16,2021-05-13,19:00:00,81,55,26,FMN GV 03 Hove
46,Statielei 16,2021-05-13,20:00:00,35,20,15,FMN GV 03 Hove
46,Statielei 16,2021-05-13,21:00:00,47,25,22,FMN GV 03 Hove
46,Statielei 16,2021-05-13,22:00:00,40,15,25,FMN GV 03 Hove
46,Statielei 16,2021-05-13,23:00:00,19,7,12,FMN GV 03 Hove
46,Statielei 16,2021-05-14,00:00:00,10,7,3,FMN GV 03 Hove
46,Statielei 16,2021-05-14,01:00:00,7,0,7,FMN GV 03 Hove
46,Statielei 16,2021-05-14,02:00:00,3,2,1,FMN GV 03 Hove
46,Statielei 16,2021-05-14,03:00:00,6,0,6,FMN GV 03 Hove
46,Statielei 16,2021-05-14,04:00:00,7,4,3,FMN GV 03 Hove
46,Statielei 16,2021-05-14,05:00:00,16,7,9,FMN GV 03 Hove
46,Statielei 16,2021-05-14,06:00:00,21,10,11,FMN GV 03 Hove
46,Statielei 16,2021-05-14,07:00:00,58,38,20,FMN GV 03 Hove
46,Statielei 16,2021-05-14,08:00:00,87,40,47,FMN GV 03 Hove
46,Statielei 16,2021-05-14,09:00:00,129,74,55,FMN GV 03 Hove
46,Statielei 16,2021-05-14,10:00:00,176,83,93,FMN GV 03 Hove
46,Statielei 16,2021-05-14,11:00:00,188,105,83,FMN GV 03 Hove
46,Statielei 16,2021-05-14,12:00:00,129,77,52,FMN GV 03 Hove
46,Statielei 16,2021-05-14,13:00:00,99,52,47,FMN GV 03 Hove
46,Statielei 16,2021-05-14,14:00:00,90,50,40,FMN GV 03 Hove
46,Statielei 16,2021-05-14,15:00:00,67,39,28,FMN GV 03 Hove
46,Statielei 16,2021-05-14,16:00:00,110,52,58,FMN GV 03 Hove
46,Statielei 16,2021-05-14,17:00:00,101,62,39,FMN GV 03 Hove
46,Statielei 16,2021-05-14,18:00:00,97,49,48,FMN GV 03 Hove
46,Statielei 16,2021-05-14,19:00:00,38,19,19,FMN GV 03 Hove
46,Statielei 16,2021-05-14,20:00:00,27,20,7,FMN GV 03 Hove
46,Statielei 16,2021-05-14,21:00:00,37,18,19,FMN GV 03 Hove
46,Statielei 16,2021-05-14,22:00:00,26,11,15,FMN GV 03 Hove
46,Statielei 16,2021-05-14,23:00:00,19,10,9,FMN GV 03 Hove
46,Statielei 16,2021-05-15,00:00:00,9,4,5,FMN GV 03 Hove
46,Statielei 16,2021-05-15,01:00:00,15,5,10,FMN GV 03 Hove
46,Statielei 16,2021-05-15,02:00:00,6,2,4,FMN GV 03 Hove
46,Statielei 16,2021-05-15,03:00:00,2,1,1,FMN GV 03 Hove
46,Statielei 16,2021-05-15,04:00:00,1,1,0,FMN GV 03 Hove
46,Statielei 16,2021-05-15,05:00:00,13,4,9,FMN GV 03 Hove
46,Statielei 16,2021-05-15,06:00:00,14,7,7,FMN GV 03 Hove
46,Statielei 16,2021-05-15,07:00:00,21,11,10,FMN GV 03 Hove
46,Statielei 16,2021-05-15,08:00:00,36,15,21,FMN GV 03 Hove
46,Statielei 16,2021-05-15,09:00:00,55,26,29,FMN GV 03 Hove
46,Statielei 16,2021-05-15,10:00:00,97,47,50,FMN GV 03 Hove
46,Statielei 16,2021-05-15,11:00:00,92,51,41,FMN GV 03 Hove
46,Statielei 16,2021-05-15,12:00:00,67,40,27,FMN GV 03 Hove
46,Statielei 16,2021-05-15,13:00:00,57,34,23,FMN GV 03 Hove
46,Statielei 16,2021-05-15,14:00:00,64,31,33,FMN GV 03 Hove
46,Statielei 16,2021-05-15,15:00:00,69,42,27,FMN GV 03 Hove
46,Statielei 16,2021-05-15,16:00:00,62,33,29,FMN GV 03 Hove
46,Statielei 16,2021-05-15,17:00:00,48,26,22,FMN GV 03 Hove
46,Statielei 16,2021-05-15,18:00:00,42,17,25,FMN GV 03 Hove
46,Statielei 16,2021-05-15,19:00:00,66,33,33,FMN GV 03 Hove
46,Statielei 16,2021-05-15,20:00:00,40,24,16,FMN GV 03 Hove
46,Statielei 16,2021-05-15,21:00:00,19,15,4,FMN GV 03 Hove
46,Statielei 16,2021-05-15,22:00:00,31,5,26,FMN GV 03 Hove
46,Statielei 16,2021-05-15,23:00:00,19,5,14,FMN GV 03 Hove
46,Statielei 16,2021-05-16,00:00:00,10,6,4,FMN GV 03 Hove
46,Statielei 16,2021-05-16,01:00:00,12,4,8,FMN GV 03 Hove
46,Statielei 16,2021-05-16,02:00:00,5,1,4,FMN GV 03 Hove
46,Statielei 16,2021-05-16,03:00:00,10,4,6,FMN GV 03 Hove
46,Statielei 16,2021-05-16,04:00:00,2,1,1,FMN GV 03 Hove
46,Statielei 16,2021-05-16,05:00:00,11,7,4,FMN GV 03 Hove
46,Statielei 16,2021-05-16,06:00:00,6,4,2,FMN GV 03 Hove
46,Statielei 16,2021-05-16,07:00:00,16,6,10,FMN GV 03 Hove
46,Statielei 16,2021-05-16,08:00:00,42,13,29,FMN GV 03 Hove
46,Statielei 16,2021-05-16,09:00:00,178,62,116,FMN GV 03 Hove
46,Statielei 16,2021-05-16,10:00:00,178,69,109,FMN GV 03 Hove
46,Statielei 16,2021-05-16,11:00:00,173,110,63,FMN GV 03 Hove
46,Statielei 16,2021-05-16,12:00:00,157,111,46,FMN GV 03 Hove
46,Statielei 16,2021-05-16,13:00:00,108,59,49,FMN GV 03 Hove
46,Statielei 16,2021-05-16,14:00:00,119,71,48,FMN GV 03 Hove
46,Statielei 16,2021-05-16,15:00:00,39,23,16,FMN GV 03 Hove
46,Statielei 16,2021-05-16,16:00:00,74,37,37,FMN GV 03 Hove
46,Statielei 16,2021-05-16,17:00:00,62,33,29,FMN GV 03 Hove
46,Statielei 16,2021-05-16,18:00:00,50,28,22,FMN GV 03 Hove
46,Statielei 16,2021-05-16,19:00:00,42,14,28,FMN GV 03 Hove
46,Statielei 16,2021-05-16,20:00:00,30,21,9,FMN GV 03 Hove
46,Statielei 16,2021-05-16,21:00:00,30,25,5,FMN GV 03 Hove
46,Statielei 16,2021-05-16,22:00:00,13,8,5,FMN GV 03 Hove
46,Statielei 16,2021-05-16,23:00:00,14,2,12,FMN GV 03 Hove
46,Statielei 16,2021-05-17,00:00:00,5,5,0,FMN GV 03 Hove
46,Statielei 16,2021-05-17,01:00:00,1,1,0,FMN GV 03 Hove
46,Statielei 16,2021-05-17,02:00:00,1,0,1,FMN GV 03 Hove
46,Statielei 16,2021-05-17,03:00:00,0,0,0,FMN GV 03 Hove
46,Statielei 16,2021-05-17,04:00:00,11,3,8,FMN GV 03 Hove
46,Statielei 16,2021-05-17,05:00:00,17,13,4,FMN GV 03 Hove
46,Statielei 16,2021-05-17,06:00:00,57,46,11,FMN GV 03 Hove
46,Statielei 16,2021-05-17,07:00:00,160,131,29,FMN GV 03 Hove
46,Statielei 16,2021-05-17,08:00:00,150,107,43,FMN GV 03 Hove
46,Statielei 16,2021-05-17,09:00:00,34,22,12,FMN GV 03 Hove
46,Statielei 16,2021-05-17,10:00:00,29,17,12,FMN GV 03 Hove
46,Statielei 16,2021-05-17,11:00:00,37,21,16,FMN GV 03 Hove
46,Statielei 16,2021-05-17,12:00:00,45,26,19,FMN GV 03 Hove
46,Statielei 16,2021-05-17,13:00:00,55,27,28,FMN GV 03 Hove
46,Statielei 16,2021-05-17,14:00:00,58,25,33,FMN GV 03 Hove
46,Statielei 16,2021-05-17,15:00:00,112,47,65,FMN GV 03 Hove
46,Statielei 16,2021-05-17,16:00:00,197,52,145,FMN GV 03 Hove
46,Statielei 16,2021-05-17,17:00:00,158,61,97,FMN GV 03 Hove
46,Statielei 16,2021-05-17,18:00:00,91,40,51,FMN GV 03 Hove
46,Statielei 16,2021-05-17,19:00:00,83,45,38,FMN GV 03 Hove
46,Statielei 16,2021-05-17,20:00:00,76,46,30,FMN GV 03 Hove
46,Statielei 16,2021-05-17,21:00:00,32,15,17,FMN GV 03 Hove
46,Statielei 16,2021-05-17,22:00:00,22,10,12,FMN GV 03 Hove
46,Statielei 16,2021-05-17,23:00:00,7,4,3,FMN GV 03 Hove
46,Statielei 16,2021-05-18,00:00:00,4,1,3,FMN GV 03 Hove
46,Statielei 16,2021-05-18,01:00:00,3,2,1,FMN GV 03 Hove
46,Statielei 16,2021-05-18,02:00:00,2,2,0,FMN GV 03 Hove
46,Statielei 16,2021-05-18,03:00:00,1,0,1,FMN GV 03 Hove
46,Statielei 16,2021-05-18,04:00:00,10,6,4,FMN GV 03 Hove
46,Statielei 16,2021-05-18,05:00:00,26,19,7,FMN GV 03 Hove
46,Statielei 16,2021-05-18,06:00:00,78,58,20,FMN GV 03 Hove
46,Statielei 16,2021-05-18,07:00:00,231,179,52,FMN GV 03 Hove
46,Statielei 16,2021-05-18,08:00:00,234,176,58,FMN GV 03 Hove
46,Statielei 16,2021-05-18,09:00:00,79,56,23,FMN GV 03 Hove
46,Statielei 16,2021-05-18,10:00:00,61,36,25,FMN GV 03 Hove
46,Statielei 16,2021-05-18,11:00:00,77,39,38,FMN GV 03 Hove
46,Statielei 16,2021-05-18,12:00:00,100,48,52,FMN GV 03 Hove
46,Statielei 16,2021-05-18,13:00:00,84,46,38,FMN GV 03 Hove
46,Statielei 16,2021-05-18,14:00:00,121,64,57,FMN GV 03 Hove
46,Statielei 16,2021-05-18,15:00:00,203,79,124,FMN GV 03 Hove
46,Statielei 16,2021-05-18,16:00:00,261,95,166,FMN GV 03 Hove
46,Statielei 16,2021-05-18,17:00:00,262,85,177,FMN GV 03 Hove
46,Statielei 16,2021-05-18,18:00:00,178,72,106,FMN GV 03 Hove
46,Statielei 16,2021-05-18,19:00:00,150,61,89,FMN GV 03 Hove
46,Statielei 16,2021-05-18,20:00:00,141,93,48,FMN GV 03 Hove
46,Statielei 16,2021-05-18,21:00:00,46,32,14,FMN GV 03 Hove
46,Statielei 16,2021-05-18,22:00:00,37,15,22,FMN GV 03 Hove
46,Statielei 16,2021-05-18,23:00:00,15,11,4,FMN GV 03 Hove
46,Statielei 16,2021-05-19,00:00:00,6,2,4,FMN GV 03 Hove
46,Statielei 16,2021-05-19,01:00:00,4,1,3,FMN GV 03 Hove
46,Statielei 16,2021-05-19,02:00:00,1,1,0,FMN GV 03 Hove
46,Statielei 16,2021-05-19,03:00:00,0,0,0,FMN GV 03 Hove
46,Statielei 16,2021-05-19,04:00:00,7,5,2,FMN GV 03 Hove
46,Statielei 16,2021-05-19,05:00:00,30,20,10,FMN GV 03 Hove
46,Statielei 16,2021-05-19,06:00:00,67,51,16,FMN GV 03 Hove
46,Statielei 16,2021-05-19,07:00:00,221,167,54,FMN GV 03 Hove
46,Statielei 16,2021-05-19,08:00:00,203,145,58,FMN GV 03 Hove
46,Statielei 16,2021-05-19,09:00:00,101,69,32,FMN GV 03 Hove
46,Statielei 16,2021-05-19,10:00:00,99,60,39,FMN GV 03 Hove
46,Statielei 16,2021-05-19,11:00:00,87,36,51,FMN GV 03 Hove
46,Statielei 16,2021-05-19,12:00:00,133,50,83,FMN GV 03 Hove
46,Statielei 16,2021-05-19,13:00:00,98,40,58,FMN GV 03 Hove
46,Statielei 16,2021-05-19,14:00:00,67,32,35,FMN GV 03 Hove
46,Statielei 16,2021-05-19,15:00:00,91,39,52,FMN GV 03 Hove
46,Statielei 16,2021-05-19,16:00:00,124,37,87,FMN GV 03 Hove
46,Statielei 16,2021-05-19,17:00:00,150,51,99,FMN GV 03 Hove
46,Statielei 16,2021-05-19,18:00:00,107,52,55,FMN GV 03 Hove
46,Statielei 16,2021-05-19,19:00:00,77,44,33,FMN GV 03 Hove
46,Statielei 16,2021-05-19,20:00:00,61,35,26,FMN GV 03 Hove
46,Statielei 16,2021-05-19,21:00:00,60,32,28,FMN GV 03 Hove
46,Statielei 16,2021-05-19,22:00:00,50,23,27,FMN GV 03 Hove
46,Statielei 16,2021-05-19,23:00:00,8,4,4,FMN GV 03 Hove
46,Statielei 16,2021-05-20,00:00:00,5,2,3,FMN GV 03 Hove
46,Statielei 16,2021-05-20,01:00:00,4,0,4,FMN GV 03 Hove
46,Statielei 16,2021-05-20,02:00:00,0,0,0,FMN GV 03 Hove
46,Statielei 16,2021-05-20,03:00:00,3,0,3,FMN GV 03 Hove
46,Statielei 16,2021-05-20,04:00:00,9,6,3,FMN GV 03 Hove
46,Statielei 16,2021-05-20,05:00:00,27,19,8,FMN GV 03 Hove
46,Statielei 16,2021-05-20,06:00:00,89,66,23,FMN GV 03 Hove
46,Statielei 16,2021-05-20,07:00:00,270,211,59,FMN GV 03 Hove
46,Statielei 16,2021-05-20,08:00:00,264,194,70,FMN GV 03 Hove
46,Statielei 16,2021-05-20,09:00:00,126,73,53,FMN GV 03 Hove
46,Statielei 16,2021-05-20,10:00:00,117,55,62,FMN GV 03 Hove
46,Statielei 16,2021-05-20,11:00:00,151,86,65,FMN GV 03 Hove
46,Statielei 16,2021-05-20,12:00:00,191,92,99,FMN GV 03 Hove
46,Statielei 16,2021-05-20,13:00:00,166,83,83,FMN GV 03 Hove
46,Statielei 16,2021-05-20,14:00:00,161,72,89,FMN GV 03 Hove
46,Statielei 16,2021-05-20,15:00:00,211,105,106,FMN GV 03 Hove
46,Statielei 16,2021-05-20,16:00:00,295,80,215,FMN GV 03 Hove
46,Statielei 16,2021-05-20,17:00:00,275,95,180,FMN GV 03 Hove
46,Statielei 16,2021-05-20,18:00:00,160,56,104,FMN GV 03 Hove
46,Statielei 16,2021-05-20,19:00:00,133,69,64,FMN GV 03 Hove
46,Statielei 16,2021-05-20,20:00:00,78,56,22,FMN GV 03 Hove
46,Statielei 16,2021-05-20,21:00:00,55,34,21,FMN GV 03 Hove
46,Statielei 16,2021-05-20,22:00:00,52,24,28,FMN GV 03 Hove
46,Statielei 16,2021-05-20,23:00:00,21,8,13,FMN GV 03 Hove
46,Statielei 16,2021-05-21,00:00:00,5,0,5,FMN GV 03 Hove
46,Statielei 16,2021-05-21,01:00:00,2,1,1,FMN GV 03 Hove
46,Statielei 16,2021-05-21,02:00:00,3,0,3,FMN GV 03 Hove
46,Statielei 16,2021-05-21,03:00:00,2,1,1,FMN GV 03 Hove
46,Statielei 16,2021-05-21,04:00:00,12,7,5,FMN GV 03 Hove
46,Statielei 16,2021-05-21,05:00:00,21,12,9,FMN GV 03 Hove
46,Statielei 16,2021-05-21,06:00:00,79,56,23,FMN GV 03 Hove
46,Statielei 16,2021-05-21,07:00:00,209,152,57,FMN GV 03 Hove
46,Statielei 16,2021-05-21,08:00:00,185,138,47,FMN GV 03 Hove
46,Statielei 16,2021-05-21,09:00:00,54,40,14,FMN GV 03 Hove
46,Statielei 16,2021-05-21,10:00:00,61,36,25,FMN GV 03 Hove
46,Statielei 16,2021-05-21,11:00:00,56,29,27,FMN GV 03 Hove
46,Statielei 16,2021-05-21,12:00:00,67,23,44,FMN GV 03 Hove
46,Statielei 16,2021-05-21,13:00:00,76,46,30,FMN GV 03 Hove
46,Statielei 16,2021-05-21,14:00:00,87,36,51,FMN GV 03 Hove
46,Statielei 16,2021-05-21,15:00:00,134,49,85,FMN GV 03 Hove
46,Statielei 16,2021-05-21,16:00:00,167,58,109,FMN GV 03 Hove
46,Statielei 16,2021-05-21,17:00:00,150,50,100,FMN GV 03 Hove
46,Statielei 16,2021-05-21,18:00:00,126,56,70,FMN GV 03 Hove
46,Statielei 16,2021-05-21,19:00:00,82,44,38,FMN GV 03 Hove
46,Statielei 16,2021-05-21,20:00:00,54,28,26,FMN GV 03 Hove
46,Statielei 16,2021-05-21,21:00:00,42,22,20,FMN GV 03 Hove
46,Statielei 16,2021-05-21,22:00:00,51,24,27,FMN GV 03 Hove
46,Statielei 16,2021-05-21,23:00:00,23,14,9,FMN GV 03 Hove
46,Statielei 16,2021-05-22,00:00:00,13,3,10,FMN GV 03 Hove
46,Statielei 16,2021-05-22,01:00:00,16,5,11,FMN GV 03 Hove
46,Statielei 16,2021-05-22,02:00:00,6,4,2,FMN GV 03 Hove
46,Statielei 16,2021-05-22,03:00:00,3,1,2,FMN GV 03 Hove
46,Statielei 16,2021-05-22,04:00:00,4,3,1,FMN GV 03 Hove
46,Statielei 16,2021-05-22,05:00:00,7,5,2,FMN GV 03 Hove
46,Statielei 16,2021-05-22,06:00:00,15,7,8,FMN GV 03 Hove
46,Statielei 16,2021-05-22,07:00:00,6,4,2,FMN GV 03 Hove
46,Statielei 16,2021-05-22,08:00:00,27,11,16,FMN GV 03 Hove
46,Statielei 16,2021-05-22,09:00:00,31,13,18,FMN GV 03 Hove
46,Statielei 16,2021-05-22,10:00:00,31,16,15,FMN GV 03 Hove
46,Statielei 16,2021-05-22,11:00:00,40,23,17,FMN GV 03 Hove
46,Statielei 16,2021-05-22,12:00:00,37,22,15,FMN GV 03 Hove
46,Statielei 16,2021-05-22,13:00:00,25,12,13,FMN GV 03 Hove
46,Statielei 16,2021-05-22,14:00:00,35,16,19,FMN GV 03 Hove
46,Statielei 16,2021-05-22,15:00:00,32,12,20,FMN GV 03 Hove
46,Statielei 16,2021-05-22,16:00:00,31,18,13,FMN GV 03 Hove
46,Statielei 16,2021-05-22,17:00:00,30,11,19,FMN GV 03 Hove
46,Statielei 16,2021-05-22,18:00:00,19,7,12,FMN GV 03 Hove
46,Statielei 16,2021-05-22,19:00:00,18,11,7,FMN GV 03 Hove
46,Statielei 16,2021-05-22,20:00:00,17,10,7,FMN GV 03 Hove
46,Statielei 16,2021-05-22,21:00:00,6,2,4,FMN GV 03 Hove
46,Statielei 16,2021-05-22,22:00:00,20,10,10,FMN GV 03 Hove
46,Statielei 16,2021-05-22,23:00:00,11,6,5,FMN GV 03 Hove
46,Statielei 16,2021-05-23,00:00:00,5,3,2,FMN GV 03 Hove
46,Statielei 16,2021-05-23,01:00:00,7,3,4,FMN GV 03 Hove
46,Statielei 16,2021-05-23,02:00:00,2,2,0,FMN GV 03 Hove
46,Statielei 16,2021-05-23,03:00:00,3,2,1,FMN GV 03 Hove
46,Statielei 16,2021-05-23,04:00:00,1,1,0,FMN GV 03 Hove
46,Statielei 16,2021-05-23,05:00:00,4,3,1,FMN GV 03 Hove
46,Statielei 16,2021-05-23,06:00:00,13,8,5,FMN GV 03 Hove
46,Statielei 16,2021-05-23,07:00:00,31,10,21,FMN GV 03 Hove
46,Statielei 16,2021-05-23,08:00:00,70,18,52,FMN GV 03 Hove
46,Statielei 16,2021-05-23,09:00:00,156,48,108,FMN GV 03 Hove
46,Statielei 16,2021-05-23,10:00:00,217,92,125,FMN GV 03 Hove
46,Statielei 16,2021-05-23,11:00:00,211,123,88,FMN GV 03 Hove
46,Statielei 16,2021-05-23,12:00:00,208,126,82,FMN GV 03 Hove
46,Statielei 16,2021-05-23,13:00:00,216,111,105,FMN GV 03 Hove
46,Statielei 16,2021-05-23,14:00:00,176,92,84,FMN GV 03 Hove
46,Statielei 16,2021-05-23,15:00:00,172,78,94,FMN GV 03 Hove
46,Statielei 16,2021-05-23,16:00:00,158,98,60,FMN GV 03 Hove
46,Statielei 16,2021-05-23,17:00:00,114,54,60,FMN GV 03 Hove
46,Statielei 16,2021-05-23,18:00:00,114,55,59,FMN GV 03 Hove
46,Statielei 16,2021-05-23,19:00:00,64,33,31,FMN GV 03 Hove
46,Statielei 16,2021-05-23,20:00:00,38,25,13,FMN GV 03 Hove
46,Statielei 16,2021-05-23,21:00:00,50,32,18,FMN GV 03 Hove
46,Statielei 16,2021-05-23,22:00:00,34,22,12,FMN GV 03 Hove
46,Statielei 16,2021-05-23,23:00:00,12,9,3,FMN GV 03 Hove
46,Statielei 16,2021-05-24,00:00:00,10,4,6,FMN GV 03 Hove
46,Statielei 16,2021-05-24,01:00:00,2,1,1,FMN GV 03 Hove
46,Statielei 16,2021-05-24,02:00:00,3,1,2,FMN GV 03 Hove
46,Statielei 16,2021-05-24,03:00:00,2,2,0,FMN GV 03 Hove
46,Statielei 16,2021-05-24,04:00:00,4,3,1,FMN GV 03 Hove
46,Statielei 16,2021-05-24,05:00:00,9,7,2,FMN GV 03 Hove
46,Statielei 16,2021-05-24,06:00:00,6,5,1,FMN GV 03 Hove
46,Statielei 16,2021-05-24,07:00:00,10,7,3,FMN GV 03 Hove
46,Statielei 16,2021-05-24,08:00:00,5,1,4,FMN GV 03 Hove
46,Statielei 16,2021-05-24,09:00:00,12,6,6,FMN GV 03 Hove
46,Statielei 16,2021-05-24,10:00:00,11,8,3,FMN GV 03 Hove
46,Statielei 16,2021-05-24,11:00:00,17,10,7,FMN GV 03 Hove
46,Statielei 16,2021-05-24,12:00:00,30,13,17,FMN GV 03 Hove
46,Statielei 16,2021-05-24,13:00:00,69,39,30,FMN GV 03 Hove
46,Statielei 16,2021-05-24,14:00:00,80,51,29,FMN GV 03 Hove
46,Statielei 16,2021-05-24,15:00:00,95,33,62,FMN GV 03 Hove
46,Statielei 16,2021-05-24,16:00:00,116,65,51,FMN GV 03 Hove
46,Statielei 16,2021-05-24,17:00:00,73,42,31,FMN GV 03 Hove
46,Statielei 16,2021-05-24,18:00:00,30,13,17,FMN GV 03 Hove
46,Statielei 16,2021-05-24,19:00:00,28,13,15,FMN GV 03 Hove
46,Statielei 16,2021-05-24,20:00:00,28,16,12,FMN GV 03 Hove
46,Statielei 16,2021-05-24,21:00:00,18,14,4,FMN GV 03 Hove
46,Statielei 16,2021-05-24,22:00:00,12,5,7,FMN GV 03 Hove
46,Statielei 16,2021-05-24,23:00:00,8,4,4,FMN GV 03 Hove
46,Statielei 16,2021-05-25,00:00:00,4,2,2,FMN GV 03 Hove
46,Statielei 16,2021-05-25,01:00:00,1,0,1,FMN GV 03 Hove
46,Statielei 16,2021-05-25,02:00:00,0,0,0,FMN GV 03 Hove
46,Statielei 16,2021-05-25,03:00:00,1,1,0,FMN GV 03 Hove
46,Statielei 16,2021-05-25,04:00:00,7,2,5,FMN GV 03 Hove
46,Statielei 16,2021-05-25,05:00:00,15,10,5,FMN GV 03 Hove
46,Statielei 16,2021-05-25,06:00:00,38,29,9,FMN GV 03 Hove
46,Statielei 16,2021-05-25,07:00:00,139,106,33,FMN GV 03 Hove
46,Statielei 16,2021-05-25,08:00:00,133,110,23,FMN GV 03 Hove
46,Statielei 16,2021-05-25,09:00:00,52,29,23,FMN GV 03 Hove
46,Statielei 16,2021-05-25,10:00:00,31,13,18,FMN GV 03 Hove
46,Statielei 16,2021-05-25,11:00:00,26,17,9,FMN GV 03 Hove
46,Statielei 16,2021-05-25,12:00:00,76,51,25,FMN GV 03 Hove
46,Statielei 16,2021-05-25,13:00:00,34,22,12,FMN GV 03 Hove
46,Statielei 16,2021-05-25,14:00:00,43,25,18,FMN GV 03 Hove
46,Statielei 16,2021-05-25,15:00:00,77,25,52,FMN GV 03 Hove
46,Statielei 16,2021-05-25,16:00:00,120,30,90,FMN GV 03 Hove
46,Statielei 16,2021-05-25,17:00:00,109,32,77,FMN GV 03 Hove
46,Statielei 16,2021-05-25,18:00:00,68,22,46,FMN GV 03 Hove
46,Statielei 16,2021-05-25,19:00:00,31,9,22,FMN GV 03 Hove
46,Statielei 16,2021-05-25,20:00:00,28,17,11,FMN GV 03 Hove
46,Statielei 16,2021-05-25,21:00:00,22,11,11,FMN GV 03 Hove
46,Statielei 16,2021-05-25,22:00:00,24,12,12,FMN GV 03 Hove
46,Statielei 16,2021-05-25,23:00:00,11,5,6,FMN GV 03 Hove
46,Statielei 16,2021-05-26,00:00:00,3,2,1,FMN GV 03 Hove
46,Statielei 16,2021-05-26,01:00:00,3,2,1,FMN GV 03 Hove
46,Statielei 16,2021-05-26,02:00:00,0,0,0,FMN GV 03 Hove
46,Statielei 16,2021-05-26,03:00:00,1,0,1,FMN GV 03 Hove
46,Statielei 16,2021-05-26,04:00:00,2,1,1,FMN GV 03 Hove
46,Statielei 16,2021-05-26,05:00:00,19,12,7,FMN GV 03 Hove
46,Statielei 16,2021-05-26,06:00:00,65,49,16,FMN GV 03 Hove
46,Statielei 16,2021-05-26,07:00:00,232,184,48,FMN GV 03 Hove
46,Statielei 16,2021-05-26,08:00:00,220,159,61,FMN GV 03 Hove
46,Statielei 16,2021-05-26,09:00:00,114,78,36,FMN GV 03 Hove
46,Statielei 16,2021-05-26,10:00:00,98,57,41,FMN GV 03 Hove
46,Statielei 16,2021-05-26,11:00:00,107,47,60,FMN GV 03 Hove
46,Statielei 16,2021-05-26,12:00:00,195,56,139,FMN GV 03 Hove
46,Statielei 16,2021-05-26,13:00:00,124,63,61,FMN GV 03 Hove
46,Statielei 16,2021-05-26,14:00:00,89,47,42,FMN GV 03 Hove
46,Statielei 16,2021-05-26,15:00:00,90,36,54,FMN GV 03 Hove
46,Statielei 16,2021-05-26,16:00:00,148,48,100,FMN GV 03 Hove
46,Statielei 16,2021-05-26,17:00:00,198,72,126,FMN GV 03 Hove
46,Statielei 16,2021-05-26,18:00:00,143,51,92,FMN GV 03 Hove
46,Statielei 16,2021-05-26,19:00:00,89,45,44,FMN GV 03 Hove
46,Statielei 16,2021-05-26,20:00:00,79,49,30,FMN GV 03 Hove
46,Statielei 16,2021-05-26,21:00:00,35,20,15,FMN GV 03 Hove
46,Statielei 16,2021-05-26,22:00:00,33,12,21,FMN GV 03 Hove
46,Statielei 16,2021-05-26,23:00:00,15,7,8,FMN GV 03 Hove
46,Statielei 16,2021-05-27,00:00:00,8,6,2,FMN GV 03 Hove
46,Statielei 16,2021-05-27,01:00:00,4,2,2,FMN GV 03 Hove
46,Statielei 16,2021-05-27,02:00:00,1,0,1,FMN GV 03 Hove
46,Statielei 16,2021-05-27,03:00:00,2,0,2,FMN GV 03 Hove
46,Statielei 16,2021-05-27,04:00:00,11,4,7,FMN GV 03 Hove
46,Statielei 16,2021-05-27,05:00:00,19,12,7,FMN GV 03 Hove
46,Statielei 16,2021-05-27,06:00:00,79,59,20,FMN GV 03 Hove
46,Statielei 16,2021-05-27,07:00:00,244,188,56,FMN GV 03 Hove
46,Statielei 16,2021-05-27,08:00:00,220,160,60,FMN GV 03 Hove
46,Statielei 16,2021-05-27,09:00:00,81,53,28,FMN GV 03 Hove
46,Statielei 16,2021-05-27,10:00:00,71,46,25,FMN GV 03 Hove
46,Statielei 16,2021-05-27,11:00:00,92,39,53,FMN GV 03 Hove
46,Statielei 16,2021-05-27,12:00:00,96,49,47,FMN GV 03 Hove
46,Statielei 16,2021-05-27,13:00:00,124,63,61,FMN GV 03 Hove
46,Statielei 16,2021-05-27,14:00:00,107,52,55,FMN GV 03 Hove
46,Statielei 16,2021-05-27,15:00:00,156,76,80,FMN GV 03 Hove
46,Statielei 16,2021-05-27,16:00:00,234,87,147,FMN GV 03 Hove
46,Statielei 16,2021-05-27,17:00:00,240,93,147,FMN GV 03 Hove
46,Statielei 16,2021-05-27,18:00:00,145,48,97,FMN GV 03 Hove
46,Statielei 16,2021-05-27,19:00:00,109,64,45,FMN GV 03 Hove
46,Statielei 16,2021-05-27,20:00:00,76,42,34,FMN GV 03 Hove
46,Statielei 16,2021-05-27,21:00:00,60,32,28,FMN GV 03 Hove
46,Statielei 16,2021-05-27,22:00:00,54,25,29,FMN GV 03 Hove
46,Statielei 16,2021-05-27,23:00:00,16,8,8,FMN GV 03 Hove
46,Statielei 16,2021-05-28,00:00:00,8,3,5,FMN GV 03 Hove
46,Statielei 16,2021-05-28,01:00:00,5,3,2,FMN GV 03 Hove
46,Statielei 16,2021-05-28,02:00:00,1,0,1,FMN GV 03 Hove
46,Statielei 16,2021-05-28,03:00:00,2,1,1,FMN GV 03 Hove
46,Statielei 16,2021-05-28,04:00:00,11,7,4,FMN GV 03 Hove
46,Statielei 16,2021-05-28,05:00:00,21,14,7,FMN GV 03 Hove
46,Statielei 16,2021-05-28,06:00:00,73,55,18,FMN GV 03 Hove
46,Statielei 16,2021-05-28,07:00:00,250,187,63,FMN GV 03 Hove
46,Statielei 16,2021-05-28,08:00:00,234,168,66,FMN GV 03 Hove
46,Statielei 16,2021-05-28,09:00:00,98,65,33,FMN GV 03 Hove
46,Statielei 16,2021-05-28,10:00:00,117,63,54,FMN GV 03 Hove
46,Statielei 16,2021-05-28,11:00:00,148,91,57,FMN GV 03 Hove
46,Statielei 16,2021-05-28,12:00:00,155,78,77,FMN GV 03 Hove
46,Statielei 16,2021-05-28,13:00:00,170,89,81,FMN GV 03 Hove
46,Statielei 16,2021-05-28,14:00:00,208,76,132,FMN GV 03 Hove
46,Statielei 16,2021-05-28,15:00:00,243,105,138,FMN GV 03 Hove
46,Statielei 16,2021-05-28,16:00:00,275,99,176,FMN GV 03 Hove
46,Statielei 16,2021-05-28,17:00:00,289,138,151,FMN GV 03 Hove
46,Statielei 16,2021-05-28,18:00:00,207,90,117,FMN GV 03 Hove
46,Statielei 16,2021-05-28,19:00:00,131,75,56,FMN GV 03 Hove
46,Statielei 16,2021-05-28,20:00:00,94,50,44,FMN GV 03 Hove
46,Statielei 16,2021-05-28,21:00:00,61,37,24,FMN GV 03 Hove
46,Statielei 16,2021-05-28,22:00:00,48,24,24,FMN GV 03 Hove
46,Statielei 16,2021-05-28,23:00:00,32,16,16,FMN GV 03 Hove
46,Statielei 16,2021-05-29,00:00:00,30,14,16,FMN GV 03 Hove
46,Statielei 16,2021-05-29,01:00:00,15,9,6,FMN GV 03 Hove
46,Statielei 16,2021-05-29,02:00:00,7,3,4,FMN GV 03 Hove
46,Statielei 16,2021-05-29,03:00:00,8,6,2,FMN GV 03 Hove
46,Statielei 16,2021-05-29,04:00:00,6,4,2,FMN GV 03 Hove
46,Statielei 16,2021-05-29,05:00:00,19,10,9,FMN GV 03 Hove
46,Statielei 16,2021-05-29,06:00:00,32,23,9,FMN GV 03 Hove
46,Statielei 16,2021-05-29,07:00:00,38,22,16,FMN GV 03 Hove
46,Statielei 16,2021-05-29,08:00:00,72,27,45,FMN GV 03 Hove
46,Statielei 16,2021-05-29,09:00:00,155,69,86,FMN GV 03 Hove
46,Statielei 16,2021-05-29,10:00:00,194,97,97,FMN GV 03 Hove
46,Statielei 16,2021-05-29,11:00:00,229,118,111,FMN GV 03 Hove
46,Statielei 16,2021-05-29,12:00:00,267,147,120,FMN GV 03 Hove
46,Statielei 16,2021-05-29,13:00:00,261,171,90,FMN GV 03 Hove
46,Statielei 16,2021-05-29,14:00:00,358,183,175,FMN GV 03 Hove
46,Statielei 16,2021-05-29,15:00:00,267,144,123,FMN GV 03 Hove
46,Statielei 16,2021-05-29,16:00:00,227,123,104,FMN GV 03 Hove
46,Statielei 16,2021-05-29,17:00:00,211,115,96,FMN GV 03 Hove
46,Statielei 16,2021-05-29,18:00:00,157,94,63,FMN GV 03 Hove
46,Statielei 16,2021-05-29,19:00:00,117,67,50,FMN GV 03 Hove
46,Statielei 16,2021-05-29,20:00:00,95,53,42,FMN GV 03 Hove
46,Statielei 16,2021-05-29,21:00:00,78,46,32,FMN GV 03 Hove
46,Statielei 16,2021-05-29,22:00:00,79,36,43,FMN GV 03 Hove
46,Statielei 16,2021-05-29,23:00:00,50,25,25,FMN GV 03 Hove
46,Statielei 16,2021-05-30,00:00:00,38,15,23,FMN GV 03 Hove
46,Statielei 16,2021-05-30,01:00:00,22,13,9,FMN GV 03 Hove
46,Statielei 16,2021-05-30,02:00:00,9,4,5,FMN GV 03 Hove
46,Statielei 16,2021-05-30,03:00:00,7,2,5,FMN GV 03 Hove
46,Statielei 16,2021-05-30,04:00:00,3,2,1,FMN GV 03 Hove
46,Statielei 16,2021-05-30,05:00:00,13,11,2,FMN GV 03 Hove
46,Statielei 16,2021-05-30,06:00:00,13,7,6,FMN GV 03 Hove
46,Statielei 16,2021-05-30,07:00:00,25,9,16,FMN GV 03 Hove
46,Statielei 16,2021-05-30,08:00:00,63,30,33,FMN GV 03 Hove
46,Statielei 16,2021-05-30,09:00:00,182,59,123,FMN GV 03 Hove
46,Statielei 16,2021-05-30,10:00:00,233,113,120,FMN GV 03 Hove
46,Statielei 16,2021-05-30,11:00:00,311,165,146,FMN GV 03 Hove
46,Statielei 16,2021-05-30,12:00:00,317,195,122,FMN GV 03 Hove
46,Statielei 16,2021-05-30,13:00:00,406,217,189,FMN GV 03 Hove
46,Statielei 16,2021-05-30,14:00:00,421,183,238,FMN GV 03 Hove
46,Statielei 16,2021-05-30,15:00:00,355,201,154,FMN GV 03 Hove
46,Statielei 16,2021-05-30,16:00:00,324,190,134,FMN GV 03 Hove
46,Statielei 16,2021-05-30,17:00:00,249,133,116,FMN GV 03 Hove
46,Statielei 16,2021-05-30,18:00:00,171,93,78,FMN GV 03 Hove
46,Statielei 16,2021-05-30,19:00:00,140,75,65,FMN GV 03 Hove
46,Statielei 16,2021-05-30,20:00:00,87,58,29,FMN GV 03 Hove
46,Statielei 16,2021-05-30,21:00:00,73,51,22,FMN GV 03 Hove
46,Statielei 16,2021-05-30,22:00:00,49,32,17,FMN GV 03 Hove
46,Statielei 16,2021-05-30,23:00:00,18,8,10,FMN GV 03 Hove
46,Statielei 16,2021-05-31,00:00:00,7,2,5,FMN GV 03 Hove
46,Statielei 16,2021-05-31,01:00:00,6,2,4,FMN GV 03 Hove
46,Statielei 16,2021-05-31,02:00:00,0,0,0,FMN GV 03 Hove
46,Statielei 16,2021-05-31,03:00:00,2,0,2,FMN GV 03 Hove
46,Statielei 16,2021-05-31,04:00:00,12,7,5,FMN GV 03 Hove
46,Statielei 16,2021-05-31,05:00:00,32,26,6,FMN GV 03 Hove
46,Statielei 16,2021-05-31,06:00:00,101,84,17,FMN GV 03 Hove
46,Statielei 16,2021-05-31,07:00:00,296,227,69,FMN GV 03 Hove
46,Statielei 16,2021-05-31,08:00:00,310,201,109,FMN GV 03 Hove
46,Statielei 16,2021-05-31,09:00:00,110,72,38,FMN GV 03 Hove
46,Statielei 16,2021-05-31,10:00:00,140,78,62,FMN GV 03 Hove
46,Statielei 16,2021-05-31,11:00:00,124,63,61,FMN GV 03 Hove
46,Statielei 16,2021-05-31,12:00:00,157,75,82,FMN GV 03 Hove
46,Statielei 16,2021-05-31,13:00:00,165,81,84,FMN GV 03 Hove
46,Statielei 16,2021-05-31,14:00:00,165,81,84,FMN GV 03 Hove
46,Statielei 16,2021-05-31,15:00:00,230,86,144,FMN GV 03 Hove
46,Statielei 16,2021-05-31,16:00:00,355,110,245,FMN GV 03 Hove
46,Statielei 16,2021-05-31,17:00:00,363,171,192,FMN GV 03 Hove
46,Statielei 16,2021-05-31,18:00:00,249,93,156,FMN GV 03 Hove
46,Statielei 16,2021-05-31,19:00:00,129,58,71,FMN GV 03 Hove
46,Statielei 16,2021-05-31,20:00:00,119,69,50,FMN GV 03 Hove
46,Statielei 16,2021-05-31,21:00:00,68,39,29,FMN GV 03 Hove
46,Statielei 16,2021-05-31,22:00:00,52,32,20,FMN GV 03 Hove
46,Statielei 16,2021-05-31,23:00:00,16,8,8,FMN GV 03 Hove
46,Statielei 16,2021-06-01,00:00:00,7,3,4,FMN GV 03 Hove
46,Statielei 16,2021-06-01,01:00:00,2,0,2,FMN GV 03 Hove
46,Statielei 16,2021-06-01,02:00:00,0,0,0,FMN GV 03 Hove
46,Statielei 16,2021-06-01,03:00:00,1,0,1,FMN GV 03 Hove
46,Statielei 16,2021-06-01,04:00:00,17,10,7,FMN GV 03 Hove
46,Statielei 16,2021-06-01,05:00:00,30,20,10,FMN GV 03 Hove
46,Statielei 16,2021-06-01,06:00:00,121,87,34,FMN GV 03 Hove
46,Statielei 16,2021-06-01,07:00:00,363,274,89,FMN GV 03 Hove
46,Statielei 16,2021-06-01,08:00:00,310,225,85,FMN GV 03 Hove
46,Statielei 16,2021-06-01,09:00:00,204,95,109,FMN GV 03 Hove
46,Statielei 16,2021-06-01,10:00:00,139,73,66,FMN GV 03 Hove
46,Statielei 16,2021-06-01,11:00:00,133,77,56,FMN GV 03 Hove
46,Statielei 16,2021-06-01,12:00:00,149,67,82,FMN GV 03 Hove
46,Statielei 16,2021-06-01,13:00:00,170,87,83,FMN GV 03 Hove
46,Statielei 16,2021-06-01,14:00:00,190,85,105,FMN GV 03 Hove
46,Statielei 16,2021-06-01,15:00:00,282,113,169,FMN GV 03 Hove
46,Statielei 16,2021-06-01,16:00:00,387,134,253,FMN GV 03 Hove
46,Statielei 16,2021-06-01,17:00:00,370,132,238,FMN GV 03 Hove
46,Statielei 16,2021-06-01,18:00:00,292,106,186,FMN GV 03 Hove
46,Statielei 16,2021-06-01,19:00:00,162,88,74,FMN GV 03 Hove
46,Statielei 16,2021-06-01,20:00:00,160,117,43,FMN GV 03 Hove
46,Statielei 16,2021-06-01,21:00:00,103,73,30,FMN GV 03 Hove
46,Statielei 16,2021-06-01,22:00:00,69,43,26,FMN GV 03 Hove
46,Statielei 16,2021-06-01,23:00:00,24,13,11,FMN GV 03 Hove
46,Statielei 16,2021-06-02,00:00:00,11,5,6,FMN GV 03 Hove
46,Statielei 16,2021-06-02,01:00:00,0,0,0,FMN GV 03 Hove
46,Statielei 16,2021-06-02,02:00:00,1,0,1,FMN GV 03 Hove
46,Statielei 16,2021-06-02,03:00:00,1,0,1,FMN GV 03 Hove
46,Statielei 16,2021-06-02,04:00:00,14,8,6,FMN GV 03 Hove
46,Statielei 16,2021-06-02,05:00:00,36,23,13,FMN GV 03 Hove
46,Statielei 16,2021-06-02,06:00:00,108,78,30,FMN GV 03 Hove
46,Statielei 16,2021-06-02,07:00:00,326,246,80,FMN GV 03 Hove
46,Statielei 16,2021-06-02,08:00:00,306,218,88,FMN GV 03 Hove
46,Statielei 16,2021-06-02,09:00:00,158,111,47,FMN GV 03 Hove
46,Statielei 16,2021-06-02,10:00:00,190,91,99,FMN GV 03 Hove
46,Statielei 16,2021-06-02,11:00:00,196,93,103,FMN GV 03 Hove
46,Statielei 16,2021-06-02,12:00:00,272,104,168,FMN GV 03 Hove
46,Statielei 16,2021-06-02,13:00:00,221,88,133,FMN GV 03 Hove
46,Statielei 16,2021-06-02,14:00:00,263,123,140,FMN GV 03 Hove
46,Statielei 16,2021-06-02,15:00:00,248,130,118,FMN GV 03 Hove
46,Statielei 16,2021-06-02,16:00:00,301,118,183,FMN GV 03 Hove
46,Statielei 16,2021-06-02,17:00:00,364,140,224,FMN GV 03 Hove
46,Statielei 16,2021-06-02,18:00:00,272,122,150,FMN GV 03 Hove
46,Statielei 16,2021-06-02,19:00:00,225,122,103,FMN GV 03 Hove
46,Statielei 16,2021-06-02,20:00:00,133,72,61,FMN GV 03 Hove
46,Statielei 16,2021-06-02,21:00:00,97,64,33,FMN GV 03 Hove
46,Statielei 16,2021-06-02,22:00:00,92,46,46,FMN GV 03 Hove
46,Statielei 16,2021-06-02,23:00:00,18,3,15,FMN GV 03 Hove
46,Statielei 16,2021-06-03,00:00:00,7,2,5,FMN GV 03 Hove
46,Statielei 16,2021-06-03,01:00:00,1,1,0,FMN GV 03 Hove
46,Statielei 16,2021-06-03,02:00:00,3,0,3,FMN GV 03 Hove
46,Statielei 16,2021-06-03,03:00:00,2,1,1,FMN GV 03 Hove
46,Statielei 16,2021-06-03,04:00:00,12,5,7,FMN GV 03 Hove
46,Statielei 16,2021-06-03,05:00:00,27,19,8,FMN GV 03 Hove
46,Statielei 16,2021-06-03,06:00:00,94,73,21,FMN GV 03 Hove
46,Statielei 16,2021-06-03,07:00:00,263,200,63,FMN GV 03 Hove
46,Statielei 16,2021-06-03,08:00:00,257,180,77,FMN GV 03 Hove
46,Statielei 16,2021-06-03,09:00:00,104,65,39,FMN GV 03 Hove
46,Statielei 16,2021-06-03,10:00:00,85,41,44,FMN GV 03 Hove
46,Statielei 16,2021-06-03,11:00:00,72,31,41,FMN GV 03 Hove
46,Statielei 16,2021-06-03,12:00:00,147,79,68,FMN GV 03 Hove
46,Statielei 16,2021-06-03,13:00:00,148,79,69,FMN GV 03 Hove
46,Statielei 16,2021-06-03,14:00:00,138,65,73,FMN GV 03 Hove
46,Statielei 16,2021-06-03,15:00:00,197,78,119,FMN GV 03 Hove
46,Statielei 16,2021-06-03,16:00:00,281,90,191,FMN GV 03 Hove
46,Statielei 16,2021-06-03,17:00:00,290,104,186,FMN GV 03 Hove
46,Statielei 16,2021-06-03,18:00:00,200,73,127,FMN GV 03 Hove
46,Statielei 16,2021-06-03,19:00:00,173,84,89,FMN GV 03 Hove
46,Statielei 16,2021-06-03,20:00:00,127,65,62,FMN GV 03 Hove
46,Statielei 16,2021-06-03,21:00:00,104,64,40,FMN GV 03 Hove
46,Statielei 16,2021-06-03,22:00:00,71,35,36,FMN GV 03 Hove
46,Statielei 16,2021-06-03,23:00:00,28,14,14,FMN GV 03 Hove
46,Statielei 16,2021-06-04,00:00:00,10,4,6,FMN GV 03 Hove
46,Statielei 16,2021-06-04,01:00:00,2,1,1,FMN GV 03 Hove
46,Statielei 16,2021-06-04,02:00:00,0,0,0,FMN GV 03 Hove
46,Statielei 16,2021-06-04,03:00:00,3,2,1,FMN GV 03 Hove
46,Statielei 16,2021-06-04,04:00:00,9,7,2,FMN GV 03 Hove
46,Statielei 16,2021-06-04,05:00:00,32,24,8,FMN GV 03 Hove
46,Statielei 16,2021-06-04,06:00:00,80,57,23,FMN GV 03 Hove
46,Statielei 16,2021-06-04,07:00:00,229,169,60,FMN GV 03 Hove
46,Statielei 16,2021-06-04,08:00:00,255,178,77,FMN GV 03 Hove
46,Statielei 16,2021-06-04,09:00:00,155,94,61,FMN GV 03 Hove
46,Statielei 16,2021-06-04,10:00:00,153,79,74,FMN GV 03 Hove
46,Statielei 16,2021-06-04,11:00:00,160,97,63,FMN GV 03 Hove
46,Statielei 16,2021-06-04,12:00:00,176,92,84,FMN GV 03 Hove
46,Statielei 16,2021-06-04,13:00:00,154,63,91,FMN GV 03 Hove
46,Statielei 16,2021-06-04,14:00:00,176,81,95,FMN GV 03 Hove
46,Statielei 16,2021-06-04,15:00:00,202,69,133,FMN GV 03 Hove
46,Statielei 16,2021-06-04,16:00:00,156,43,113,FMN GV 03 Hove
46,Statielei 16,2021-06-04,17:00:00,182,75,107,FMN GV 03 Hove
46,Statielei 16,2021-06-04,18:00:00,127,62,65,FMN GV 03 Hove
46,Statielei 16,2021-06-04,19:00:00,65,38,27,FMN GV 03 Hove
46,Statielei 16,2021-06-04,20:00:00,30,16,14,FMN GV 03 Hove
46,Statielei 16,2021-06-04,21:00:00,23,12,11,FMN GV 03 Hove
46,Statielei 16,2021-06-04,22:00:00,32,12,20,FMN GV 03 Hove
46,Statielei 16,2021-06-04,23:00:00,10,7,3,FMN GV 03 Hove
46,Statielei 16,2021-06-05,00:00:00,8,2,6,FMN GV 03 Hove
46,Statielei 16,2021-06-05,01:00:00,7,2,5,FMN GV 03 Hove
46,Statielei 16,2021-06-05,02:00:00,4,2,2,FMN GV 03 Hove
46,Statielei 16,2021-06-05,03:00:00,2,2,0,FMN GV 03 Hove
46,Statielei 16,2021-06-05,04:00:00,5,3,2,FMN GV 03 Hove
46,Statielei 16,2021-06-05,05:00:00,8,3,5,FMN GV 03 Hove
46,Statielei 16,2021-06-05,06:00:00,9,8,1,FMN GV 03 Hove
46,Statielei 16,2021-06-05,07:00:00,11,7,4,FMN GV 03 Hove
46,Statielei 16,2021-06-05,08:00:00,45,21,24,FMN GV 03 Hove
46,Statielei 16,2021-06-05,09:00:00,77,34,43,FMN GV 03 Hove
46,Statielei 16,2021-06-05,10:00:00,117,74,43,FMN GV 03 Hove
46,Statielei 16,2021-06-05,11:00:00,116,58,58,FMN GV 03 Hove
46,Statielei 16,2021-06-05,12:00:00,126,75,51,FMN GV 03 Hove
46,Statielei 16,2021-06-05,13:00:00,156,77,79,FMN GV 03 Hove
46,Statielei 16,2021-06-05,14:00:00,151,74,77,FMN GV 03 Hove
46,Statielei 16,2021-06-05,15:00:00,162,90,72,FMN GV 03 Hove
46,Statielei 16,2021-06-05,16:00:00,133,64,69,FMN GV 03 Hove
46,Statielei 16,2021-06-05,17:00:00,103,50,53,FMN GV 03 Hove
46,Statielei 16,2021-06-05,18:00:00,93,45,48,FMN GV 03 Hove
46,Statielei 16,2021-06-05,19:00:00,68,28,40,FMN GV 03 Hove
46,Statielei 16,2021-06-05,20:00:00,83,35,48,FMN GV 03 Hove
46,Statielei 16,2021-06-05,21:00:00,55,34,21,FMN GV 03 Hove
46,Statielei 16,2021-06-05,22:00:00,49,29,20,FMN GV 03 Hove
46,Statielei 16,2021-06-05,23:00:00,22,12,10,FMN GV 03 Hove
46,Statielei 16,2021-06-06,00:00:00,17,6,11,FMN GV 03 Hove
46,Statielei 16,2021-06-06,01:00:00,12,11,1,FMN GV 03 Hove
46,Statielei 16,2021-06-06,02:00:00,6,3,3,FMN GV 03 Hove
46,Statielei 16,2021-06-06,03:00:00,2,1,1,FMN GV 03 Hove
46,Statielei 16,2021-06-06,04:00:00,6,4,2,FMN GV 03 Hove
46,Statielei 16,2021-06-06,05:00:00,9,6,3,FMN GV 03 Hove
46,Statielei 16,2021-06-06,06:00:00,11,7,4,FMN GV 03 Hove
46,Statielei 16,2021-06-06,07:00:00,23,10,13,FMN GV 03 Hove
46,Statielei 16,2021-06-06,08:00:00,91,47,44,FMN GV 03 Hove
46,Statielei 16,2021-06-06,09:00:00,173,64,109,FMN GV 03 Hove
46,Statielei 16,2021-06-06,10:00:00,304,138,166,FMN GV 03 Hove
46,Statielei 16,2021-06-06,11:00:00,331,208,123,FMN GV 03 Hove
46,Statielei 16,2021-06-06,12:00:00,378,234,144,FMN GV 03 Hove
46,Statielei 16,2021-06-06,13:00:00,335,170,165,FMN GV 03 Hove
46,Statielei 16,2021-06-06,14:00:00,398,221,177,FMN GV 03 Hove
46,Statielei 16,2021-06-06,15:00:00,378,194,184,FMN GV 03 Hove
46,Statielei 16,2021-06-06,16:00:00,317,186,131,FMN GV 03 Hove
46,Statielei 16,2021-06-06,17:00:00,246,136,110,FMN GV 03 Hove
46,Statielei 16,2021-06-06,18:00:00,192,113,79,FMN GV 03 Hove
46,Statielei 16,2021-06-06,19:00:00,140,79,61,FMN GV 03 Hove
46,Statielei 16,2021-06-06,20:00:00,129,63,66,FMN GV 03 Hove
46,Statielei 16,2021-06-06,21:00:00,94,62,32,FMN GV 03 Hove
46,Statielei 16,2021-06-06,22:00:00,65,42,23,FMN GV 03 Hove
46,Statielei 16,2021-06-06,23:00:00,28,12,16,FMN GV 03 Hove
46,Statielei 16,2021-06-07,00:00:00,7,3,4,FMN GV 03 Hove
46,Statielei 16,2021-06-07,01:00:00,2,2,0,FMN GV 03 Hove
46,Statielei 16,2021-06-07,02:00:00,3,0,3,FMN GV 03 Hove
46,Statielei 16,2021-06-07,03:00:00,1,0,1,FMN GV 03 Hove
46,Statielei 16,2021-06-07,04:00:00,11,7,4,FMN GV 03 Hove
46,Statielei 16,2021-06-07,05:00:00,35,24,11,FMN GV 03 Hove
46,Statielei 16,2021-06-07,06:00:00,108,81,27,FMN GV 03 Hove
46,Statielei 16,2021-06-07,07:00:00,293,220,73,FMN GV 03 Hove
46,Statielei 16,2021-06-07,08:00:00,280,207,73,FMN GV 03 Hove
46,Statielei 16,2021-06-07,09:00:00,136,76,60,FMN GV 03 Hove
46,Statielei 16,2021-06-07,10:00:00,137,77,60,FMN GV 03 Hove
46,Statielei 16,2021-06-07,11:00:00,146,76,70,FMN GV 03 Hove
46,Statielei 16,2021-06-07,12:00:00,188,90,98,FMN GV 03 Hove
46,Statielei 16,2021-06-07,13:00:00,174,107,67,FMN GV 03 Hove
46,Statielei 16,2021-06-07,14:00:00,167,63,104,FMN GV 03 Hove
46,Statielei 16,2021-06-07,15:00:00,254,121,133,FMN GV 03 Hove
46,Statielei 16,2021-06-07,16:00:00,353,117,236,FMN GV 03 Hove
46,Statielei 16,2021-06-07,17:00:00,326,124,202,FMN GV 03 Hove
46,Statielei 16,2021-06-07,18:00:00,198,80,118,FMN GV 03 Hove
46,Statielei 16,2021-06-07,19:00:00,155,73,82,FMN GV 03 Hove
46,Statielei 16,2021-06-07,20:00:00,108,56,52,FMN GV 03 Hove
46,Statielei 16,2021-06-07,21:00:00,87,51,36,FMN GV 03 Hove
46,Statielei 16,2021-06-07,22:00:00,50,25,25,FMN GV 03 Hove
46,Statielei 16,2021-06-07,23:00:00,10,5,5,FMN GV 03 Hove
46,Statielei 16,2021-06-08,00:00:00,5,1,4,FMN GV 03 Hove
46,Statielei 16,2021-06-08,01:00:00,3,1,2,FMN GV 03 Hove
46,Statielei 16,2021-06-08,02:00:00,1,0,1,FMN GV 03 Hove
46,Statielei 16,2021-06-08,03:00:00,3,0,3,FMN GV 03 Hove
46,Statielei 16,2021-06-08,04:00:00,13,6,7,FMN GV 03 Hove
46,Statielei 16,2021-06-08,05:00:00,30,19,11,FMN GV 03 Hove
46,Statielei 16,2021-06-08,06:00:00,134,102,32,FMN GV 03 Hove
46,Statielei 16,2021-06-08,07:00:00,347,271,76,FMN GV 03 Hove
46,Statielei 16,2021-06-08,08:00:00,299,208,91,FMN GV 03 Hove
46,Statielei 16,2021-06-08,09:00:00,156,86,70,FMN GV 03 Hove
46,Statielei 16,2021-06-08,10:00:00,142,79,63,FMN GV 03 Hove
46,Statielei 16,2021-06-08,11:00:00,147,81,66,FMN GV 03 Hove
46,Statielei 16,2021-06-08,12:00:00,182,91,91,FMN GV 03 Hove
46,Statielei 16,2021-06-08,13:00:00,162,82,80,FMN GV 03 Hove
46,Statielei 16,2021-06-08,14:00:00,175,91,84,FMN GV 03 Hove
46,Statielei 16,2021-06-08,15:00:00,234,94,140,FMN GV 03 Hove
46,Statielei 16,2021-06-08,16:00:00,341,117,224,FMN GV 03 Hove
46,Statielei 16,2021-06-08,17:00:00,355,127,228,FMN GV 03 Hove
46,Statielei 16,2021-06-08,18:00:00,277,106,171,FMN GV 03 Hove
46,Statielei 16,2021-06-08,19:00:00,171,90,81,FMN GV 03 Hove
46,Statielei 16,2021-06-08,20:00:00,130,70,60,FMN GV 03 Hove
46,Statielei 16,2021-06-08,21:00:00,127,87,40,FMN GV 03 Hove
46,Statielei 16,2021-06-08,22:00:00,83,53,30,FMN GV 03 Hove
46,Statielei 16,2021-06-08,23:00:00,31,14,17,FMN GV 03 Hove
46,Statielei 16,2021-06-09,00:00:00,2,0,2,FMN GV 03 Hove
46,Statielei 16,2021-06-09,01:00:00,2,1,1,FMN GV 03 Hove
46,Statielei 16,2021-06-09,02:00:00,1,1,0,FMN GV 03 Hove
46,Statielei 16,2021-06-09,03:00:00,3,2,1,FMN GV 03 Hove
46,Statielei 16,2021-06-09,04:00:00,18,10,8,FMN GV 03 Hove
46,Statielei 16,2021-06-09,05:00:00,35,22,13,FMN GV 03 Hove
46,Statielei 16,2021-06-09,06:00:00,105,80,25,FMN GV 03 Hove
46,Statielei 16,2021-06-09,07:00:00,332,235,97,FMN GV 03 Hove
46,Statielei 16,2021-06-09,08:00:00,306,224,82,FMN GV 03 Hove
46,Statielei 16,2021-06-09,09:00:00,179,114,65,FMN GV 03 Hove
46,Statielei 16,2021-06-09,10:00:00,212,111,101,FMN GV 03 Hove
46,Statielei 16,2021-06-09,11:00:00,184,83,101,FMN GV 03 Hove
46,Statielei 16,2021-06-09,12:00:00,326,140,186,FMN GV 03 Hove
46,Statielei 16,2021-06-09,13:00:00,225,94,131,FMN GV 03 Hove
46,Statielei 16,2021-06-09,14:00:00,215,100,115,FMN GV 03 Hove
46,Statielei 16,2021-06-09,15:00:00,256,118,138,FMN GV 03 Hove
46,Statielei 16,2021-06-09,16:00:00,319,120,199,FMN GV 03 Hove
46,Statielei 16,2021-06-09,17:00:00,331,141,190,FMN GV 03 Hove
46,Statielei 16,2021-06-09,18:00:00,268,119,149,FMN GV 03 Hove
46,Statielei 16,2021-06-09,19:00:00,185,92,93,FMN GV 03 Hove
46,Statielei 16,2021-06-09,20:00:00,192,108,84,FMN GV 03 Hove
46,Statielei 16,2021-06-09,21:00:00,151,110,41,FMN GV 03 Hove
46,Statielei 16,2021-06-09,22:00:00,86,45,41,FMN GV 03 Hove
46,Statielei 16,2021-06-09,23:00:00,38,25,13,FMN GV 03 Hove
46,Statielei 16,2021-06-10,00:00:00,15,9,6,FMN GV 03 Hove
46,Statielei 16,2021-06-10,01:00:00,4,2,2,FMN GV 03 Hove
46,Statielei 16,2021-06-10,02:00:00,4,2,2,FMN GV 03 Hove
46,Statielei 16,2021-06-10,03:00:00,0,0,0,FMN GV 03 Hove
46,Statielei 16,2021-06-10,04:00:00,11,8,3,FMN GV 03 Hove
46,Statielei 16,2021-06-10,05:00:00,36,22,14,FMN GV 03 Hove
46,Statielei 16,2021-06-10,06:00:00,113,80,33,FMN GV 03 Hove
46,Statielei 16,2021-06-10,07:00:00,347,274,73,FMN GV 03 Hove
46,Statielei 16,2021-06-10,08:00:00,310,220,90,FMN GV 03 Hove
46,Statielei 16,2021-06-10,09:00:00,179,125,54,FMN GV 03 Hove
46,Statielei 16,2021-06-10,10:00:00,147,88,59,FMN GV 03 Hove
46,Statielei 16,2021-06-10,11:00:00,150,88,62,FMN GV 03 Hove
46,Statielei 16,2021-06-10,12:00:00,172,94,78,FMN GV 03 Hove
46,Statielei 16,2021-06-10,13:00:00,172,95,77,FMN GV 03 Hove
46,Statielei 16,2021-06-10,14:00:00,221,85,136,FMN GV 03 Hove
46,Statielei 16,2021-06-10,15:00:00,207,89,118,FMN GV 03 Hove
46,Statielei 16,2021-06-10,16:00:00,358,112,246,FMN GV 03 Hove
46,Statielei 16,2021-06-10,17:00:00,359,134,225,FMN GV 03 Hove
46,Statielei 16,2021-06-10,18:00:00,253,106,147,FMN GV 03 Hove
46,Statielei 16,2021-06-10,19:00:00,216,119,97,FMN GV 03 Hove
46,Statielei 16,2021-06-10,20:00:00,158,86,72,FMN GV 03 Hove
46,Statielei 16,2021-06-10,21:00:00,136,88,48,FMN GV 03 Hove
46,Statielei 16,2021-06-10,22:00:00,92,44,48,FMN GV 03 Hove
46,Statielei 16,2021-06-10,23:00:00,51,21,30,FMN GV 03 Hove
46,Statielei 16,2021-06-11,00:00:00,21,10,11,FMN GV 03 Hove
46,Statielei 16,2021-06-11,01:00:00,3,0,3,FMN GV 03 Hove
46,Statielei 16,2021-06-11,02:00:00,0,0,0,FMN GV 03 Hove
46,Statielei 16,2021-06-11,03:00:00,1,0,1,FMN GV 03 Hove
46,Statielei 16,2021-06-11,04:00:00,16,9,7,FMN GV 03 Hove
46,Statielei 16,2021-06-11,05:00:00,27,18,9,FMN GV 03 Hove
46,Statielei 16,2021-06-11,06:00:00,95,68,27,FMN GV 03 Hove
46,Statielei 16,2021-06-11,07:00:00,268,195,73,FMN GV 03 Hove
46,Statielei 16,2021-06-11,08:00:00,276,194,82,FMN GV 03 Hove
46,Statielei 16,2021-06-11,09:00:00,128,78,50,FMN GV 03 Hove
46,Statielei 16,2021-06-11,10:00:00,146,81,65,FMN GV 03 Hove
46,Statielei 16,2021-06-11,11:00:00,163,92,71,FMN GV 03 Hove
46,Statielei 16,2021-06-11,12:00:00,202,90,112,FMN GV 03 Hove
46,Statielei 16,2021-06-11,13:00:00,178,84,94,FMN GV 03 Hove
46,Statielei 16,2021-06-11,14:00:00,197,97,100,FMN GV 03 Hove
46,Statielei 16,2021-06-11,15:00:00,256,99,157,FMN GV 03 Hove
46,Statielei 16,2021-06-11,16:00:00,351,145,206,FMN GV 03 Hove
46,Statielei 16,2021-06-11,17:00:00,315,126,189,FMN GV 03 Hove
46,Statielei 16,2021-06-11,18:00:00,198,96,102,FMN GV 03 Hove
46,Statielei 16,2021-06-11,19:00:00,165,88,77,FMN GV 03 Hove
46,Statielei 16,2021-06-11,20:00:00,119,59,60,FMN GV 03 Hove
46,Statielei 16,2021-06-11,21:00:00,96,55,41,FMN GV 03 Hove
46,Statielei 16,2021-06-11,22:00:00,54,19,35,FMN GV 03 Hove
46,Statielei 16,2021-06-11,23:00:00,91,45,46,FMN GV 03 Hove
46,Statielei 16,2021-06-12,00:00:00,43,18,25,FMN GV 03 Hove
46,Statielei 16,2021-06-12,01:00:00,15,12,3,FMN GV 03 Hove
46,Statielei 16,2021-06-12,02:00:00,14,7,7,FMN GV 03 Hove
46,Statielei 16,2021-06-12,03:00:00,3,2,1,FMN GV 03 Hove
46,Statielei 16,2021-06-12,04:00:00,10,5,5,FMN GV 03 Hove
46,Statielei 16,2021-06-12,05:00:00,16,10,6,FMN GV 03 Hove
46,Statielei 16,2021-06-12,06:00:00,19,5,14,FMN GV 03 Hove
46,Statielei 16,2021-06-12,07:00:00,53,33,20,FMN GV 03 Hove
46,Statielei 16,2021-06-12,08:00:00,88,54,34,FMN GV 03 Hove
46,Statielei 16,2021-06-12,09:00:00,108,42,66,FMN GV 03 Hove
46,Statielei 16,2021-06-12,10:00:00,142,61,81,FMN GV 03 Hove
46,Statielei 16,2021-06-12,11:00:00,152,91,61,FMN GV 03 Hove
46,Statielei 16,2021-06-12,12:00:00,163,100,63,FMN GV 03 Hove
46,Statielei 16,2021-06-12,13:00:00,206,101,105,FMN GV 03 Hove
46,Statielei 16,2021-06-12,14:00:00,214,115,99,FMN GV 03 Hove
46,Statielei 16,2021-06-12,15:00:00,193,102,91,FMN GV 03 Hove
46,Statielei 16,2021-06-12,16:00:00,194,106,88,FMN GV 03 Hove
46,Statielei 16,2021-06-12,17:00:00,172,86,86,FMN GV 03 Hove
46,Statielei 16,2021-06-12,18:00:00,122,58,64,FMN GV 03 Hove
46,Statielei 16,2021-06-12,19:00:00,122,82,40,FMN GV 03 Hove
46,Statielei 16,2021-06-12,20:00:00,96,53,43,FMN GV 03 Hove
46,Statielei 16,2021-06-12,21:00:00,47,20,27,FMN GV 03 Hove
46,Statielei 16,2021-06-12,22:00:00,49,30,19,FMN GV 03 Hove
46,Statielei 16,2021-06-12,23:00:00,67,46,21,FMN GV 03 Hove
46,Statielei 16,2021-06-13,00:00:00,51,24,27,FMN GV 03 Hove
46,Statielei 16,2021-06-13,01:00:00,20,13,7,FMN GV 03 Hove
46,Statielei 16,2021-06-13,02:00:00,15,10,5,FMN GV 03 Hove
46,Statielei 16,2021-06-13,03:00:00,6,4,2,FMN GV 03 Hove
46,Statielei 16,2021-06-13,04:00:00,7,4,3,FMN GV 03 Hove
46,Statielei 16,2021-06-13,05:00:00,11,10,1,FMN GV 03 Hove
46,Statielei 16,2021-06-13,06:00:00,11,5,6,FMN GV 03 Hove
46,Statielei 16,2021-06-13,07:00:00,27,14,13,FMN GV 03 Hove
46,Statielei 16,2021-06-13,08:00:00,47,15,32,FMN GV 03 Hove
46,Statielei 16,2021-06-13,09:00:00,175,65,110,FMN GV 03 Hove
46,Statielei 16,2021-06-13,10:00:00,199,94,105,FMN GV 03 Hove
46,Statielei 16,2021-06-13,11:00:00,232,131,101,FMN GV 03 Hove
46,Statielei 16,2021-06-13,12:00:00,126,71,55,FMN GV 03 Hove
46,Statielei 16,2021-06-13,13:00:00,238,121,117,FMN GV 03 Hove
46,Statielei 16,2021-06-13,14:00:00,306,154,152,FMN GV 03 Hove
46,Statielei 16,2021-06-13,15:00:00,269,130,139,FMN GV 03 Hove
46,Statielei 16,2021-06-13,16:00:00,270,163,107,FMN GV 03 Hove
46,Statielei 16,2021-06-13,17:00:00,227,126,101,FMN GV 03 Hove
46,Statielei 16,2021-06-13,18:00:00,171,103,68,FMN GV 03 Hove
46,Statielei 16,2021-06-13,19:00:00,132,78,54,FMN GV 03 Hove
46,Statielei 16,2021-06-13,20:00:00,117,76,41,FMN GV 03 Hove
46,Statielei 16,2021-06-13,21:00:00,78,56,22,FMN GV 03 Hove
46,Statielei 16,2021-06-13,22:00:00,58,34,24,FMN GV 03 Hove
46,Statielei 16,2021-06-13,23:00:00,21,11,10,FMN GV 03 Hove
46,Statielei 16,2021-06-14,00:00:00,7,4,3,FMN GV 03 Hove
46,Statielei 16,2021-06-14,01:00:00,2,1,1,FMN GV 03 Hove
46,Statielei 16,2021-06-14,02:00:00,4,1,3,FMN GV 03 Hove
46,Statielei 16,2021-06-14,03:00:00,3,2,1,FMN GV 03 Hove
46,Statielei 16,2021-06-14,04:00:00,12,4,8,FMN GV 03 Hove
46,Statielei 16,2021-06-14,05:00:00,26,19,7,FMN GV 03 Hove
46,Statielei 16,2021-06-14,06:00:00,97,75,22,FMN GV 03 Hove
46,Statielei 16,2021-06-14,07:00:00,323,248,75,FMN GV 03 Hove
46,Statielei 16,2021-06-14,08:00:00,277,203,74,FMN GV 03 Hove
46,Statielei 16,2021-06-14,09:00:00,134,78,56,FMN GV 03 Hove
46,Statielei 16,2021-06-14,10:00:00,123,64,59,FMN GV 03 Hove
46,Statielei 16,2021-06-14,11:00:00,174,76,98,FMN GV 03 Hove
46,Statielei 16,2021-06-14,12:00:00,176,91,85,FMN GV 03 Hove
46,Statielei 16,2021-06-14,13:00:00,161,81,80,FMN GV 03 Hove
46,Statielei 16,2021-06-14,14:00:00,174,84,90,FMN GV 03 Hove
46,Statielei 16,2021-06-14,15:00:00,215,107,108,FMN GV 03 Hove
46,Statielei 16,2021-06-14,16:00:00,267,80,187,FMN GV 03 Hove
46,Statielei 16,2021-06-14,17:00:00,310,128,182,FMN GV 03 Hove
46,Statielei 16,2021-06-14,18:00:00,237,93,144,FMN GV 03 Hove
46,Statielei 16,2021-06-14,19:00:00,170,84,86,FMN GV 03 Hove
46,Statielei 16,2021-06-14,20:00:00,154,77,77,FMN GV 03 Hove
46,Statielei 16,2021-06-14,21:00:00,112,73,39,FMN GV 03 Hove
46,Statielei 16,2021-06-14,22:00:00,64,40,24,FMN GV 03 Hove
46,Statielei 16,2021-06-14,23:00:00,27,14,13,FMN GV 03 Hove
46,Statielei 16,2021-06-15,00:00:00,6,2,4,FMN GV 03 Hove
46,Statielei 16,2021-06-15,01:00:00,3,1,2,FMN GV 03 Hove
46,Statielei 16,2021-06-15,02:00:00,2,1,1,FMN GV 03 Hove
46,Statielei 16,2021-06-15,03:00:00,1,0,1,FMN GV 03 Hove
46,Statielei 16,2021-06-15,04:00:00,12,5,7,FMN GV 03 Hove
46,Statielei 16,2021-06-15,05:00:00,28,16,12,FMN GV 03 Hove
46,Statielei 16,2021-06-15,06:00:00,111,86,25,FMN GV 03 Hove
46,Statielei 16,2021-06-15,07:00:00,378,285,93,FMN GV 03 Hove
46,Statielei 16,2021-06-15,08:00:00,367,250,117,FMN GV 03 Hove
46,Statielei 16,2021-06-15,09:00:00,153,90,63,FMN GV 03 Hove
46,Statielei 16,2021-06-15,10:00:00,184,100,84,FMN GV 03 Hove
46,Statielei 16,2021-06-15,11:00:00,142,70,72,FMN GV 03 Hove
46,Statielei 16,2021-06-15,12:00:00,201,96,105,FMN GV 03 Hove
46,Statielei 16,2021-06-15,13:00:00,159,82,77,FMN GV 03 Hove
46,Statielei 16,2021-06-15,14:00:00,210,113,97,FMN GV 03 Hove
46,Statielei 16,2021-06-15,15:00:00,228,83,145,FMN GV 03 Hove
46,Statielei 16,2021-06-15,16:00:00,333,126,207,FMN GV 03 Hove
46,Statielei 16,2021-06-15,17:00:00,341,124,217,FMN GV 03 Hove
46,Statielei 16,2021-06-15,18:00:00,259,88,171,FMN GV 03 Hove
46,Statielei 16,2021-06-15,19:00:00,240,114,126,FMN GV 03 Hove
46,Statielei 16,2021-06-15,20:00:00,148,85,63,FMN GV 03 Hove
46,Statielei 16,2021-06-15,21:00:00,103,66,37,FMN GV 03 Hove
46,Statielei 16,2021-06-15,22:00:00,67,42,25,FMN GV 03 Hove
46,Statielei 16,2021-06-15,23:00:00,41,21,20,FMN GV 03 Hove
46,Statielei 16,2021-06-16,00:00:00,10,3,7,FMN GV 03 Hove
46,Statielei 16,2021-06-16,01:00:00,5,4,1,FMN GV 03 Hove
46,Statielei 16,2021-06-16,02:00:00,2,1,1,FMN GV 03 Hove
46,Statielei 16,2021-06-16,03:00:00,2,0,2,FMN GV 03 Hove
46,Statielei 16,2021-06-16,04:00:00,12,4,8,FMN GV 03 Hove
46,Statielei 16,2021-06-16,05:00:00,27,18,9,FMN GV 03 Hove
46,Statielei 16,2021-06-16,06:00:00,91,63,28,FMN GV 03 Hove
46,Statielei 16,2021-06-16,07:00:00,310,220,90,FMN GV 03 Hove
46,Statielei 16,2021-06-16,08:00:00,311,220,91,FMN GV 03 Hove
46,Statielei 16,2021-06-16,09:00:00,187,116,71,FMN GV 03 Hove
46,Statielei 16,2021-06-16,10:00:00,232,119,113,FMN GV 03 Hove
46,Statielei 16,2021-06-16,11:00:00,213,102,111,FMN GV 03 Hove
46,Statielei 16,2021-06-16,12:00:00,202,98,104,FMN GV 03 Hove
46,Statielei 16,2021-06-16,13:00:00,193,84,109,FMN GV 03 Hove
46,Statielei 16,2021-06-16,14:00:00,158,76,82,FMN GV 03 Hove
46,Statielei 16,2021-06-16,15:00:00,166,79,87,FMN GV 03 Hove
46,Statielei 16,2021-06-16,16:00:00,226,90,136,FMN GV 03 Hove
46,Statielei 16,2021-06-16,17:00:00,311,140,171,FMN GV 03 Hove
46,Statielei 16,2021-06-16,18:00:00,227,79,148,FMN GV 03 Hove
46,Statielei 16,2021-06-16,19:00:00,159,78,81,FMN GV 03 Hove
46,Statielei 16,2021-06-16,20:00:00,131,77,54,FMN GV 03 Hove
46,Statielei 16,2021-06-16,21:00:00,114,68,46,FMN GV 03 Hove
46,Statielei 16,2021-06-16,22:00:00,78,38,40,FMN GV 03 Hove
46,Statielei 16,2021-06-16,23:00:00,45,16,29,FMN GV 03 Hove
46,Statielei 16,2021-06-17,00:00:00,16,8,8,FMN GV 03 Hove
46,Statielei 16,2021-06-17,01:00:00,3,1,2,FMN GV 03 Hove
46,Statielei 16,2021-06-17,02:00:00,1,0,1,FMN GV 03 Hove
46,Statielei 16,2021-06-17,03:00:00,2,0,2,FMN GV 03 Hove
46,Statielei 16,2021-06-17,04:00:00,12,4,8,FMN GV 03 Hove
46,Statielei 16,2021-06-17,05:00:00,30,17,13,FMN GV 03 Hove
46,Statielei 16,2021-06-17,06:00:00,98,65,33,FMN GV 03 Hove
46,Statielei 16,2021-06-17,07:00:00,278,202,76,FMN GV 03 Hove
46,Statielei 16,2021-06-17,08:00:00,279,197,82,FMN GV 03 Hove
46,Statielei 16,2021-06-17,09:00:00,154,69,85,FMN GV 03 Hove
46,Statielei 16,2021-06-17,10:00:00,148,88,60,FMN GV 03 Hove
46,Statielei 16,2021-06-17,11:00:00,148,87,61,FMN GV 03 Hove
46,Statielei 16,2021-06-17,12:00:00,149,80,69,FMN GV 03 Hove
46,Statielei 16,2021-06-17,13:00:00,130,77,53,FMN GV 03 Hove
46,Statielei 16,2021-06-17,14:00:00,152,63,89,FMN GV 03 Hove
46,Statielei 16,2021-06-17,15:00:00,196,106,90,FMN GV 03 Hove
46,Statielei 16,2021-06-17,16:00:00,267,93,174,FMN GV 03 Hove
46,Statielei 16,2021-06-17,17:00:00,282,115,167,FMN GV 03 Hove
46,Statielei 16,2021-06-17,18:00:00,128,54,74,FMN GV 03 Hove
46,Statielei 16,2021-06-17,19:00:00,75,39,36,FMN GV 03 Hove
46,Statielei 16,2021-06-17,20:00:00,90,52,38,FMN GV 03 Hove
46,Statielei 16,2021-06-17,21:00:00,74,36,38,FMN GV 03 Hove
46,Statielei 16,2021-06-17,22:00:00,62,29,33,FMN GV 03 Hove
46,Statielei 16,2021-06-17,23:00:00,31,15,16,FMN GV 03 Hove
46,Statielei 16,2021-06-18,00:00:00,14,5,9,FMN GV 03 Hove
46,Statielei 16,2021-06-18,01:00:00,6,2,4,FMN GV 03 Hove
46,Statielei 16,2021-06-18,02:00:00,1,0,1,FMN GV 03 Hove
46,Statielei 16,2021-06-18,03:00:00,1,0,1,FMN GV 03 Hove
46,Statielei 16,2021-06-18,04:00:00,3,1,2,FMN GV 03 Hove
46,Statielei 16,2021-06-18,05:00:00,18,15,3,FMN GV 03 Hove
46,Statielei 16,2021-06-18,06:00:00,57,40,17,FMN GV 03 Hove
46,Statielei 16,2021-06-18,07:00:00,213,165,48,FMN GV 03 Hove
46,Statielei 16,2021-06-18,08:00:00,197,139,58,FMN GV 03 Hove
46,Statielei 16,2021-06-18,09:00:00,102,72,30,FMN GV 03 Hove
46,Statielei 16,2021-06-18,10:00:00,130,65,65,FMN GV 03 Hove
46,Statielei 16,2021-06-18,11:00:00,138,77,61,FMN GV 03 Hove
46,Statielei 16,2021-06-18,12:00:00,173,95,78,FMN GV 03 Hove
46,Statielei 16,2021-06-18,13:00:00,151,73,78,FMN GV 03 Hove
46,Statielei 16,2021-06-18,14:00:00,148,70,78,FMN GV 03 Hove
46,Statielei 16,2021-06-18,15:00:00,194,90,104,FMN GV 03 Hove
46,Statielei 16,2021-06-18,16:00:00,193,66,127,FMN GV 03 Hove
46,Statielei 16,2021-06-18,17:00:00,203,85,118,FMN GV 03 Hove
46,Statielei 16,2021-06-18,18:00:00,135,63,72,FMN GV 03 Hove
46,Statielei 16,2021-06-18,19:00:00,104,60,44,FMN GV 03 Hove
46,Statielei 16,2021-06-18,20:00:00,81,40,41,FMN GV 03 Hove
46,Statielei 16,2021-06-18,21:00:00,68,38,30,FMN GV 03 Hove
46,Statielei 16,2021-06-18,22:00:00,49,21,28,FMN GV 03 Hove
46,Statielei 16,2021-06-18,23:00:00,47,23,24,FMN GV 03 Hove
46,Statielei 16,2021-06-19,00:00:00,30,12,18,FMN GV 03 Hove
46,Statielei 16,2021-06-19,01:00:00,19,9,10,FMN GV 03 Hove
46,Statielei 16,2021-06-19,02:00:00,14,7,7,FMN GV 03 Hove
46,Statielei 16,2021-06-19,03:00:00,3,1,2,FMN GV 03 Hove
46,Statielei 16,2021-06-19,04:00:00,8,4,4,FMN GV 03 Hove
46,Statielei 16,2021-06-19,05:00:00,20,9,11,FMN GV 03 Hove
46,Statielei 16,2021-06-19,06:00:00,36,25,11,FMN GV 03 Hove
46,Statielei 16,2021-06-19,07:00:00,28,16,12,FMN GV 03 Hove
46,Statielei 16,2021-06-19,08:00:00,64,24,40,FMN GV 03 Hove
46,Statielei 16,2021-06-19,09:00:00,126,50,76,FMN GV 03 Hove
46,Statielei 16,2021-06-19,10:00:00,172,93,79,FMN GV 03 Hove
46,Statielei 16,2021-06-19,11:00:00,195,112,83,FMN GV 03 Hove
46,Statielei 16,2021-06-19,12:00:00,199,123,76,FMN GV 03 Hove
46,Statielei 16,2021-06-19,13:00:00,165,88,77,FMN GV 03 Hove
46,Statielei 16,2021-06-19,14:00:00,236,123,113,FMN GV 03 Hove
46,Statielei 16,2021-06-19,15:00:00,212,99,113,FMN GV 03 Hove
46,Statielei 16,2021-06-19,16:00:00,197,99,98,FMN GV 03 Hove
46,Statielei 16,2021-06-19,17:00:00,153,83,70,FMN GV 03 Hove
46,Statielei 16,2021-06-19,18:00:00,105,43,62,FMN GV 03 Hove
46,Statielei 16,2021-06-19,19:00:00,96,51,45,FMN GV 03 Hove
46,Statielei 16,2021-06-19,20:00:00,75,37,38,FMN GV 03 Hove
46,Statielei 16,2021-06-19,21:00:00,52,31,21,FMN GV 03 Hove
46,Statielei 16,2021-06-19,22:00:00,57,26,31,FMN GV 03 Hove
46,Statielei 16,2021-06-19,23:00:00,30,11,19,FMN GV 03 Hove
46,Statielei 16,2021-06-20,00:00:00,17,9,8,FMN GV 03 Hove
46,Statielei 16,2021-06-20,01:00:00,11,6,5,FMN GV 03 Hove
46,Statielei 16,2021-06-20,02:00:00,11,8,3,FMN GV 03 Hove
46,Statielei 16,2021-06-20,03:00:00,22,6,16,FMN GV 03 Hove
46,Statielei 16,2021-06-20,04:00:00,5,3,2,FMN GV 03 Hove
46,Statielei 16,2021-06-20,05:00:00,12,8,4,FMN GV 03 Hove
46,Statielei 16,2021-06-20,06:00:00,8,4,4,FMN GV 03 Hove
46,Statielei 16,2021-06-20,07:00:00,21,8,13,FMN GV 03 Hove
46,Statielei 16,2021-06-20,08:00:00,59,19,40,FMN GV 03 Hove
46,Statielei 16,2021-06-20,09:00:00,129,57,72,FMN GV 03 Hove
46,Statielei 16,2021-06-20,10:00:00,173,88,85,FMN GV 03 Hove
46,Statielei 16,2021-06-20,11:00:00,254,144,110,FMN GV 03 Hove
46,Statielei 16,2021-06-20,12:00:00,221,139,82,FMN GV 03 Hove
46,Statielei 16,2021-06-20,13:00:00,221,109,112,FMN GV 03 Hove
46,Statielei 16,2021-06-20,14:00:00,257,133,124,FMN GV 03 Hove
46,Statielei 16,2021-06-20,15:00:00,245,124,121,FMN GV 03 Hove
46,Statielei 16,2021-06-20,16:00:00,204,103,101,FMN GV 03 Hove
46,Statielei 16,2021-06-20,17:00:00,197,108,89,FMN GV 03 Hove
46,Statielei 16,2021-06-20,18:00:00,150,93,57,FMN GV 03 Hove
46,Statielei 16,2021-06-20,19:00:00,97,61,36,FMN GV 03 Hove
46,Statielei 16,2021-06-20,20:00:00,76,44,32,FMN GV 03 Hove
46,Statielei 16,2021-06-20,21:00:00,48,27,21,FMN GV 03 Hove
46,Statielei 16,2021-06-20,22:00:00,55,25,30,FMN GV 03 Hove
46,Statielei 16,2021-06-20,23:00:00,18,5,13,FMN GV 03 Hove
46,Statielei 16,2021-06-21,00:00:00,3,1,2,FMN GV 03 Hove
46,Statielei 16,2021-06-21,01:00:00,1,0,1,FMN GV 03 Hove
46,Statielei 16,2021-06-21,02:00:00,1,0,1,FMN GV 03 Hove
46,Statielei 16,2021-06-21,03:00:00,0,0,0,FMN GV 03 Hove
46,Statielei 16,2021-06-21,04:00:00,5,3,2,FMN GV 03 Hove
46,Statielei 16,2021-06-21,05:00:00,17,8,9,FMN GV 03 Hove
46,Statielei 16,2021-06-21,06:00:00,35,25,10,FMN GV 03 Hove
46,Statielei 16,2021-06-21,07:00:00,164,126,38,FMN GV 03 Hove
46,Statielei 16,2021-06-21,08:00:00,131,95,36,FMN GV 03 Hove
46,Statielei 16,2021-06-21,09:00:00,28,21,7,FMN GV 03 Hove
46,Statielei 16,2021-06-21,10:00:00,36,16,20,FMN GV 03 Hove
46,Statielei 16,2021-06-21,11:00:00,53,23,30,FMN GV 03 Hove
46,Statielei 16,2021-06-21,12:00:00,72,52,20,FMN GV 03 Hove
46,Statielei 16,2021-06-21,13:00:00,82,56,26,FMN GV 03 Hove
46,Statielei 16,2021-06-21,14:00:00,72,34,38,FMN GV 03 Hove
46,Statielei 16,2021-06-21,15:00:00,59,34,25,FMN GV 03 Hove
46,Statielei 16,2021-06-21,16:00:00,114,32,82,FMN GV 03 Hove
46,Statielei 16,2021-06-21,17:00:00,129,53,76,FMN GV 03 Hove
46,Statielei 16,2021-06-21,18:00:00,79,33,46,FMN GV 03 Hove
46,Statielei 16,2021-06-21,19:00:00,86,35,51,FMN GV 03 Hove
46,Statielei 16,2021-06-21,20:00:00,54,29,25,FMN GV 03 Hove
46,Statielei 16,2021-06-21,21:00:00,31,18,13,FMN GV 03 Hove
46,Statielei 16,2021-06-21,22:00:00,17,9,8,FMN GV 03 Hove
46,Statielei 16,2021-06-21,23:00:00,31,13,18,FMN GV 03 Hove
46,Statielei 16,2021-06-22,00:00:00,8,2,6,FMN GV 03 Hove
46,Statielei 16,2021-06-22,01:00:00,2,1,1,FMN GV 03 Hove
46,Statielei 16,2021-06-22,02:00:00,2,1,1,FMN GV 03 Hove
46,Statielei 16,2021-06-22,03:00:00,2,1,1,FMN GV 03 Hove
46,Statielei 16,2021-06-22,04:00:00,10,4,6,FMN GV 03 Hove
46,Statielei 16,2021-06-22,05:00:00,22,12,10,FMN GV 03 Hove
46,Statielei 16,2021-06-22,06:00:00,69,51,18,FMN GV 03 Hove
46,Statielei 16,2021-06-22,07:00:00,235,185,50,FMN GV 03 Hove
46,Statielei 16,2021-06-22,08:00:00,201,150,51,FMN GV 03 Hove
46,Statielei 16,2021-06-22,09:00:00,88,52,36,FMN GV 03 Hove
46,Statielei 16,2021-06-22,10:00:00,74,43,31,FMN GV 03 Hove
46,Statielei 16,2021-06-22,11:00:00,54,23,31,FMN GV 03 Hove
46,Statielei 16,2021-06-22,12:00:00,63,30,33,FMN GV 03 Hove
46,Statielei 16,2021-06-22,13:00:00,51,29,22,FMN GV 03 Hove
46,Statielei 16,2021-06-22,14:00:00,78,34,44,FMN GV 03 Hove
46,Statielei 16,2021-06-22,15:00:00,90,40,50,FMN GV 03 Hove
46,Statielei 16,2021-06-22,16:00:00,167,60,107,FMN GV 03 Hove
46,Statielei 16,2021-06-22,17:00:00,191,71,120,FMN GV 03 Hove
46,Statielei 16,2021-06-22,18:00:00,117,48,69,FMN GV 03 Hove
46,Statielei 16,2021-06-22,19:00:00,72,37,35,FMN GV 03 Hove
46,Statielei 16,2021-06-22,20:00:00,42,20,22,FMN GV 03 Hove
46,Statielei 16,2021-06-22,21:00:00,37,26,11,FMN GV 03 Hove
46,Statielei 16,2021-06-22,22:00:00,33,12,21,FMN GV 03 Hove
46,Statielei 16,2021-06-22,23:00:00,15,4,11,FMN GV 03 Hove
46,Statielei 16,2021-06-23,00:00:00,4,1,3,FMN GV 03 Hove
46,Statielei 16,2021-06-23,01:00:00,1,1,0,FMN GV 03 Hove
46,Statielei 16,2021-06-23,02:00:00,1,0,1,FMN GV 03 Hove
46,Statielei 16,2021-06-23,03:00:00,1,0,1,FMN GV 03 Hove
46,Statielei 16,2021-06-23,04:00:00,12,5,7,FMN GV 03 Hove
46,Statielei 16,2021-06-23,05:00:00,24,18,6,FMN GV 03 Hove
46,Statielei 16,2021-06-23,06:00:00,71,49,22,FMN GV 03 Hove
46,Statielei 16,2021-06-23,07:00:00,211,162,49,FMN GV 03 Hove
46,Statielei 16,2021-06-23,08:00:00,196,137,59,FMN GV 03 Hove
46,Statielei 16,2021-06-23,09:00:00,135,80,55,FMN GV 03 Hove
46,Statielei 16,2021-06-23,10:00:00,160,89,71,FMN GV 03 Hove
46,Statielei 16,2021-06-23,11:00:00,154,84,70,FMN GV 03 Hove
46,Statielei 16,2021-06-23,12:00:00,208,90,118,FMN GV 03 Hove
46,Statielei 16,2021-06-23,13:00:00,165,84,81,FMN GV 03 Hove
46,Statielei 16,2021-06-23,14:00:00,167,87,80,FMN GV 03 Hove
46,Statielei 16,2021-06-23,15:00:00,185,88,97,FMN GV 03 Hove
46,Statielei 16,2021-06-23,16:00:00,215,86,129,FMN GV 03 Hove
46,Statielei 16,2021-06-23,17:00:00,293,121,172,FMN GV 03 Hove
46,Statielei 16,2021-06-23,18:00:00,188,107,81,FMN GV 03 Hove
46,Statielei 16,2021-06-23,19:00:00,137,61,76,FMN GV 03 Hove
46,Statielei 16,2021-06-23,20:00:00,92,61,31,FMN GV 03 Hove
46,Statielei 16,2021-06-23,21:00:00,87,51,36,FMN GV 03 Hove
46,Statielei 16,2021-06-23,22:00:00,62,23,39,FMN GV 03 Hove
46,Statielei 16,2021-06-23,23:00:00,33,17,16,FMN GV 03 Hove
46,Statielei 16,2021-06-24,00:00:00,15,2,13,FMN GV 03 Hove
46,Statielei 16,2021-06-24,01:00:00,4,1,3,FMN GV 03 Hove
46,Statielei 16,2021-06-24,02:00:00,1,1,0,FMN GV 03 Hove
46,Statielei 16,2021-06-24,03:00:00,4,0,4,FMN GV 03 Hove
46,Statielei 16,2021-06-24,04:00:00,10,4,6,FMN GV 03 Hove
46,Statielei 16,2021-06-24,05:00:00,25,12,13,FMN GV 03 Hove
46,Statielei 16,2021-06-24,06:00:00,82,59,23,FMN GV 03 Hove
46,Statielei 16,2021-06-24,07:00:00,232,181,51,FMN GV 03 Hove
46,Statielei 16,2021-06-24,08:00:00,229,167,62,FMN GV 03 Hove
46,Statielei 16,2021-06-24,09:00:00,152,84,68,FMN GV 03 Hove
46,Statielei 16,2021-06-24,10:00:00,136,70,66,FMN GV 03 Hove
46,Statielei 16,2021-06-24,11:00:00,143,73,70,FMN GV 03 Hove
46,Statielei 16,2021-06-24,12:00:00,192,101,91,FMN GV 03 Hove
46,Statielei 16,2021-06-24,13:00:00,179,88,91,FMN GV 03 Hove
46,Statielei 16,2021-06-24,14:00:00,200,107,93,FMN GV 03 Hove
46,Statielei 16,2021-06-24,15:00:00,203,101,102,FMN GV 03 Hove
46,Statielei 16,2021-06-24,16:00:00,299,133,166,FMN GV 03 Hove
46,Statielei 16,2021-06-24,17:00:00,272,113,159,FMN GV 03 Hove
46,Statielei 16,2021-06-24,18:00:00,171,69,102,FMN GV 03 Hove
46,Statielei 16,2021-06-24,19:00:00,129,67,62,FMN GV 03 Hove
46,Statielei 16,2021-06-24,20:00:00,127,79,48,FMN GV 03 Hove
46,Statielei 16,2021-06-24,21:00:00,77,37,40,FMN GV 03 Hove
46,Statielei 16,2021-06-24,22:00:00,59,30,29,FMN GV 03 Hove
46,Statielei 16,2021-06-24,23:00:00,41,17,24,FMN GV 03 Hove
46,Statielei 16,2021-06-25,00:00:00,27,7,20,FMN GV 03 Hove
46,Statielei 16,2021-06-25,01:00:00,6,2,4,FMN GV 03 Hove
46,Statielei 16,2021-06-25,02:00:00,0,0,0,FMN GV 03 Hove
46,Statielei 16,2021-06-25,03:00:00,4,3,1,FMN GV 03 Hove
46,Statielei 16,2021-06-25,04:00:00,10,6,4,FMN GV 03 Hove
46,Statielei 16,2021-06-25,05:00:00,28,19,9,FMN GV 03 Hove
46,Statielei 16,2021-06-25,06:00:00,73,49,24,FMN GV 03 Hove
46,Statielei 16,2021-06-25,07:00:00,186,143,43,FMN GV 03 Hove
46,Statielei 16,2021-06-25,08:00:00,185,143,42,FMN GV 03 Hove
46,Statielei 16,2021-06-25,09:00:00,83,56,27,FMN GV 03 Hove
46,Statielei 16,2021-06-25,10:00:00,100,57,43,FMN GV 03 Hove
46,Statielei 16,2021-06-25,11:00:00,126,76,50,FMN GV 03 Hove
46,Statielei 16,2021-06-25,12:00:00,141,64,77,FMN GV 03 Hove
46,Statielei 16,2021-06-25,13:00:00,155,81,74,FMN GV 03 Hove
46,Statielei 16,2021-06-25,14:00:00,157,84,73,FMN GV 03 Hove
46,Statielei 16,2021-06-25,15:00:00,190,82,108,FMN GV 03 Hove
46,Statielei 16,2021-06-25,16:00:00,212,84,128,FMN GV 03 Hove
46,Statielei 16,2021-06-25,17:00:00,205,80,125,FMN GV 03 Hove
46,Statielei 16,2021-06-25,18:00:00,126,53,73,FMN GV 03 Hove
46,Statielei 16,2021-06-25,19:00:00,65,35,30,FMN GV 03 Hove
46,Statielei 16,2021-06-25,20:00:00,62,36,26,FMN GV 03 Hove
46,Statielei 16,2021-06-25,21:00:00,50,30,20,FMN GV 03 Hove
46,Statielei 16,2021-06-25,22:00:00,52,33,19,FMN GV 03 Hove
46,Statielei 16,2021-06-25,23:00:00,33,16,17,FMN GV 03 Hove
46,Statielei 16,2021-06-26,00:00:00,32,12,20,FMN GV 03 Hove
46,Statielei 16,2021-06-26,01:00:00,14,10,4,FMN GV 03 Hove
46,Statielei 16,2021-06-26,02:00:00,12,4,8,FMN GV 03 Hove
46,Statielei 16,2021-06-26,03:00:00,7,2,5,FMN GV 03 Hove
46,Statielei 16,2021-06-26,04:00:00,8,4,4,FMN GV 03 Hove
46,Statielei 16,2021-06-26,05:00:00,11,6,5,FMN GV 03 Hove
46,Statielei 16,2021-06-26,06:00:00,14,7,7,FMN GV 03 Hove
46,Statielei 16,2021-06-26,07:00:00,16,6,10,FMN GV 03 Hove
46,Statielei 16,2021-06-26,08:00:00,51,32,19,FMN GV 03 Hove
46,Statielei 16,2021-06-26,09:00:00,89,46,43,FMN GV 03 Hove
46,Statielei 16,2021-06-26,10:00:00,120,63,57,FMN GV 03 Hove
46,Statielei 16,2021-06-26,11:00:00,163,83,80,FMN GV 03 Hove
46,Statielei 16,2021-06-26,12:00:00,143,62,81,FMN GV 03 Hove
46,Statielei 16,2021-06-26,13:00:00,141,76,65,FMN GV 03 Hove
46,Statielei 16,2021-06-26,14:00:00,168,79,89,FMN GV 03 Hove
46,Statielei 16,2021-06-26,15:00:00,166,81,85,FMN GV 03 Hove
46,Statielei 16,2021-06-26,16:00:00,165,74,91,FMN GV 03 Hove
46,Statielei 16,2021-06-26,17:00:00,134,80,54,FMN GV 03 Hove
46,Statielei 16,2021-06-26,18:00:00,113,64,49,FMN GV 03 Hove
46,Statielei 16,2021-06-26,19:00:00,78,37,41,FMN GV 03 Hove
46,Statielei 16,2021-06-26,20:00:00,58,35,23,FMN GV 03 Hove
46,Statielei 16,2021-06-26,21:00:00,48,27,21,FMN GV 03 Hove
46,Statielei 16,2021-06-26,22:00:00,44,17,27,FMN GV 03 Hove
46,Statielei 16,2021-06-26,23:00:00,46,22,24,FMN GV 03 Hove
46,Statielei 16,2021-06-27,00:00:00,36,28,8,FMN GV 03 Hove
46,Statielei 16,2021-06-27,01:00:00,20,9,11,FMN GV 03 Hove
46,Statielei 16,2021-06-27,02:00:00,12,8,4,FMN GV 03 Hove
46,Statielei 16,2021-06-27,03:00:00,8,5,3,FMN GV 03 Hove
46,Statielei 16,2021-06-27,04:00:00,6,5,1,FMN GV 03 Hove
46,Statielei 16,2021-06-27,05:00:00,14,11,3,FMN GV 03 Hove
46,Statielei 16,2021-06-27,06:00:00,16,8,8,FMN GV 03 Hove
46,Statielei 16,2021-06-27,07:00:00,27,7,20,FMN GV 03 Hove
46,Statielei 16,2021-06-27,08:00:00,76,24,52,FMN GV 03 Hove
46,Statielei 16,2021-06-27,09:00:00,180,72,108,FMN GV 03 Hove
46,Statielei 16,2021-06-27,10:00:00,218,107,111,FMN GV 03 Hove
46,Statielei 16,2021-06-27,11:00:00,271,159,112,FMN GV 03 Hove
46,Statielei 16,2021-06-27,12:00:00,269,168,101,FMN GV 03 Hove
46,Statielei 16,2021-06-27,13:00:00,261,151,110,FMN GV 03 Hove
46,Statielei 16,2021-06-27,14:00:00,222,115,107,FMN GV 03 Hove
46,Statielei 16,2021-06-27,15:00:00,183,99,84,FMN GV 03 Hove
46,Statielei 16,2021-06-27,16:00:00,173,107,66,FMN GV 03 Hove
46,Statielei 16,2021-06-27,17:00:00,72,49,23,FMN GV 03 Hove
46,Statielei 16,2021-06-27,18:00:00,64,31,33,FMN GV 03 Hove
46,Statielei 16,2021-06-27,19:00:00,43,24,19,FMN GV 03 Hove
46,Statielei 16,2021-06-27,20:00:00,55,32,23,FMN GV 03 Hove
46,Statielei 16,2021-06-27,21:00:00,15,11,4,FMN GV 03 Hove
46,Statielei 16,2021-06-27,22:00:00,8,5,3,FMN GV 03 Hove
46,Statielei 16,2021-06-27,23:00:00,41,24,17,FMN GV 03 Hove
46,Statielei 16,2021-06-28,00:00:00,16,10,6,FMN GV 03 Hove
46,Statielei 16,2021-06-28,01:00:00,16,8,8,FMN GV 03 Hove
46,Statielei 16,2021-06-28,02:00:00,1,1,0,FMN GV 03 Hove
46,Statielei 16,2021-06-28,03:00:00,2,2,0,FMN GV 03 Hove
46,Statielei 16,2021-06-28,04:00:00,10,5,5,FMN GV 03 Hove
46,Statielei 16,2021-06-28,05:00:00,23,15,8,FMN GV 03 Hove
46,Statielei 16,2021-06-28,06:00:00,69,53,16,FMN GV 03 Hove
46,Statielei 16,2021-06-28,07:00:00,194,155,39,FMN GV 03 Hove
46,Statielei 16,2021-06-28,08:00:00,196,124,72,FMN GV 03 Hove
46,Statielei 16,2021-06-28,09:00:00,117,89,28,FMN GV 03 Hove
46,Statielei 16,2021-06-28,10:00:00,59,43,16,FMN GV 03 Hove
46,Statielei 16,2021-06-28,11:00:00,46,27,19,FMN GV 03 Hove
46,Statielei 16,2021-06-28,12:00:00,91,52,39,FMN GV 03 Hove
46,Statielei 16,2021-06-28,13:00:00,77,39,38,FMN GV 03 Hove
46,Statielei 16,2021-06-28,14:00:00,98,45,53,FMN GV 03 Hove
46,Statielei 16,2021-06-28,15:00:00,120,55,65,FMN GV 03 Hove
46,Statielei 16,2021-06-28,16:00:00,192,66,126,FMN GV 03 Hove
46,Statielei 16,2021-06-28,17:00:00,227,80,147,FMN GV 03 Hove
46,Statielei 16,2021-06-28,18:00:00,160,54,106,FMN GV 03 Hove
46,Statielei 16,2021-06-28,19:00:00,97,45,52,FMN GV 03 Hove
46,Statielei 16,2021-06-28,20:00:00,89,42,47,FMN GV 03 Hove
46,Statielei 16,2021-06-28,21:00:00,65,37,28,FMN GV 03 Hove
46,Statielei 16,2021-06-28,22:00:00,64,36,28,FMN GV 03 Hove
46,Statielei 16,2021-06-28,23:00:00,15,5,10,FMN GV 03 Hove
46,Statielei 16,2021-06-29,00:00:00,17,9,8,FMN GV 03 Hove
46,Statielei 16,2021-06-29,01:00:00,8,2,6,FMN GV 03 Hove
46,Statielei 16,2021-06-29,02:00:00,1,1,0,FMN GV 03 Hove
46,Statielei 16,2021-06-29,03:00:00,3,2,1,FMN GV 03 Hove
46,Statielei 16,2021-06-29,04:00:00,6,3,3,FMN GV 03 Hove
46,Statielei 16,2021-06-29,05:00:00,29,20,9,FMN GV 03 Hove
46,Statielei 16,2021-06-29,06:00:00,76,57,19,FMN GV 03 Hove
46,Statielei 16,2021-06-29,07:00:00,219,173,46,FMN GV 03 Hove
46,Statielei 16,2021-06-29,08:00:00,232,170,62,FMN GV 03 Hove
46,Statielei 16,2021-06-29,09:00:00,100,54,46,FMN GV 03 Hove
46,Statielei 16,2021-06-29,10:00:00,84,50,34,FMN GV 03 Hove
46,Statielei 16,2021-06-29,11:00:00,110,65,45,FMN GV 03 Hove
46,Statielei 16,2021-06-29,12:00:00,111,70,41,FMN GV 03 Hove
46,Statielei 16,2021-06-29,13:00:00,164,92,72,FMN GV 03 Hove
46,Statielei 16,2021-06-29,14:00:00,151,66,85,FMN GV 03 Hove
46,Statielei 16,2021-06-29,15:00:00,179,70,109,FMN GV 03 Hove
46,Statielei 16,2021-06-29,16:00:00,240,76,164,FMN GV 03 Hove
46,Statielei 16,2021-06-29,17:00:00,220,79,141,FMN GV 03 Hove
46,Statielei 16,2021-06-29,18:00:00,169,70,99,FMN GV 03 Hove
46,Statielei 16,2021-06-29,19:00:00,106,48,58,FMN GV 03 Hove
46,Statielei 16,2021-06-29,20:00:00,104,61,43,FMN GV 03 Hove
46,Statielei 16,2021-06-29,21:00:00,75,46,29,FMN GV 03 Hove
46,Statielei 16,2021-06-29,22:00:00,46,25,21,FMN GV 03 Hove
46,Statielei 16,2021-06-29,23:00:00,24,12,12,FMN GV 03 Hove
46,Statielei 16,2021-06-30,00:00:00,10,3,7,FMN GV 03 Hove
46,Statielei 16,2021-06-30,01:00:00,7,3,4,FMN GV 03 Hove
46,Statielei 16,2021-06-30,02:00:00,2,2,0,FMN GV 03 Hove
46,Statielei 16,2021-06-30,03:00:00,0,0,0,FMN GV 03 Hove
46,Statielei 16,2021-06-30,04:00:00,7,2,5,FMN GV 03 Hove
46,Statielei 16,2021-06-30,05:00:00,16,10,6,FMN GV 03 Hove
46,Statielei 16,2021-06-30,06:00:00,50,38,12,FMN GV 03 Hove
46,Statielei 16,2021-06-30,07:00:00,113,84,29,FMN GV 03 Hove
46,Statielei 16,2021-06-30,08:00:00,117,84,33,FMN GV 03 Hove
46,Statielei 16,2021-06-30,09:00:00,66,49,17,FMN GV 03 Hove
46,Statielei 16,2021-06-30,10:00:00,64,40,24,FMN GV 03 Hove
46,Statielei 16,2021-06-30,11:00:00,58,25,33,FMN GV 03 Hove
46,Statielei 16,2021-06-30,12:00:00,60,28,32,FMN GV 03 Hove
46,Statielei 16,2021-06-30,13:00:00,49,24,25,FMN GV 03 Hove
46,Statielei 16,2021-06-30,14:00:00,70,26,44,FMN GV 03 Hove
46,Statielei 16,2021-06-30,15:00:00,63,25,38,FMN GV 03 Hove
46,Statielei 16,2021-06-30,16:00:00,82,30,52,FMN GV 03 Hove
46,Statielei 16,2021-06-30,17:00:00,108,44,64,FMN GV 03 Hove
46,Statielei 16,2021-06-30,18:00:00,72,27,45,FMN GV 03 Hove
46,Statielei 16,2021-06-30,19:00:00,67,30,37,FMN GV 03 Hove
46,Statielei 16,2021-06-30,20:00:00,39,21,18,FMN GV 03 Hove
46,Statielei 16,2021-06-30,21:00:00,33,23,10,FMN GV 03 Hove
46,Statielei 16,2021-06-30,22:00:00,21,12,9,FMN GV 03 Hove
46,Statielei 16,2021-06-30,23:00:00,19,7,12,FMN GV 03 Hove
46,Statielei 16,2021-07-01,00:00:00,8,3,5,FMN GV 03 Hove
46,Statielei 16,2021-07-01,01:00:00,10,3,7,FMN GV 03 Hove
46,Statielei 16,2021-07-01,02:00:00,2,1,1,FMN GV 03 Hove
46,Statielei 16,2021-07-01,03:00:00,1,1,0,FMN GV 03 Hove
46,Statielei 16,2021-07-01,04:00:00,19,5,14,FMN GV 03 Hove
46,Statielei 16,2021-07-01,05:00:00,21,14,7,FMN GV 03 Hove
46,Statielei 16,2021-07-01,06:00:00,78,53,25,FMN GV 03 Hove
46,Statielei 16,2021-07-01,07:00:00,151,112,39,FMN GV 03 Hove
46,Statielei 16,2021-07-01,08:00:00,199,138,61,FMN GV 03 Hove
46,Statielei 16,2021-07-01,09:00:00,107,56,51,FMN GV 03 Hove
46,Statielei 16,2021-07-01,10:00:00,95,59,36,FMN GV 03 Hove
46,Statielei 16,2021-07-01,11:00:00,102,49,53,FMN GV 03 Hove
46,Statielei 16,2021-07-01,12:00:00,96,49,47,FMN GV 03 Hove
46,Statielei 16,2021-07-01,13:00:00,123,68,55,FMN GV 03 Hove
46,Statielei 16,2021-07-01,14:00:00,137,64,73,FMN GV 03 Hove
46,Statielei 16,2021-07-01,15:00:00,147,77,70,FMN GV 03 Hove
46,Statielei 16,2021-07-01,16:00:00,196,76,120,FMN GV 03 Hove
46,Statielei 16,2021-07-01,17:00:00,235,117,118,FMN GV 03 Hove
46,Statielei 16,2021-07-01,18:00:00,198,84,114,FMN GV 03 Hove
46,Statielei 16,2021-07-01,19:00:00,103,51,52,FMN GV 03 Hove
46,Statielei 16,2021-07-01,20:00:00,85,46,39,FMN GV 03 Hove
46,Statielei 16,2021-07-01,21:00:00,72,42,30,FMN GV 03 Hove
46,Statielei 16,2021-07-01,22:00:00,68,30,38,FMN GV 03 Hove
46,Statielei 16,2021-07-01,23:00:00,39,23,16,FMN GV 03 Hove
46,Statielei 16,2021-07-02,00:00:00,30,14,16,FMN GV 03 Hove
46,Statielei 16,2021-07-02,01:00:00,14,4,10,FMN GV 03 Hove
46,Statielei 16,2021-07-02,02:00:00,5,1,4,FMN GV 03 Hove
46,Statielei 16,2021-07-02,03:00:00,2,2,0,FMN GV 03 Hove
46,Statielei 16,2021-07-02,04:00:00,12,4,8,FMN GV 03 Hove
46,Statielei 16,2021-07-02,05:00:00,19,11,8,FMN GV 03 Hove
46,Statielei 16,2021-07-02,06:00:00,68,44,24,FMN GV 03 Hove
46,Statielei 16,2021-07-02,07:00:00,140,95,45,FMN GV 03 Hove
46,Statielei 16,2021-07-02,08:00:00,167,111,56,FMN GV 03 Hove
46,Statielei 16,2021-07-02,09:00:00,109,61,48,FMN GV 03 Hove
46,Statielei 16,2021-07-02,10:00:00,144,90,54,FMN GV 03 Hove
46,Statielei 16,2021-07-02,11:00:00,137,78,59,FMN GV 03 Hove
46,Statielei 16,2021-07-02,12:00:00,189,90,99,FMN GV 03 Hove
46,Statielei 16,2021-07-02,13:00:00,168,88,80,FMN GV 03 Hove
46,Statielei 16,2021-07-02,14:00:00,197,101,96,FMN GV 03 Hove
46,Statielei 16,2021-07-02,15:00:00,200,92,108,FMN GV 03 Hove
46,Statielei 16,2021-07-02,16:00:00,253,115,138,FMN GV 03 Hove
46,Statielei 16,2021-07-02,17:00:00,243,105,138,FMN GV 03 Hove
46,Statielei 16,2021-07-02,18:00:00,173,80,93,FMN GV 03 Hove
46,Statielei 16,2021-07-02,19:00:00,143,72,71,FMN GV 03 Hove
46,Statielei 16,2021-07-02,20:00:00,113,49,64,FMN GV 03 Hove
46,Statielei 16,2021-07-02,21:00:00,31,15,16,FMN GV 03 Hove
46,Statielei 16,2021-07-02,22:00:00,24,13,11,FMN GV 03 Hove
46,Statielei 16,2021-07-02,23:00:00,49,31,18,FMN GV 03 Hove
46,Statielei 16,2021-07-03,00:00:00,39,21,18,FMN GV 03 Hove
46,Statielei 16,2021-07-03,01:00:00,43,21,22,FMN GV 03 Hove
46,Statielei 16,2021-07-03,02:00:00,17,8,9,FMN GV 03 Hove
46,Statielei 16,2021-07-03,03:00:00,12,4,8,FMN GV 03 Hove
46,Statielei 16,2021-07-03,04:00:00,13,8,5,FMN GV 03 Hove
46,Statielei 16,2021-07-03,05:00:00,10,8,2,FMN GV 03 Hove
46,Statielei 16,2021-07-03,06:00:00,16,6,10,FMN GV 03 Hove
46,Statielei 16,2021-07-03,07:00:00,26,17,9,FMN GV 03 Hove
46,Statielei 16,2021-07-03,08:00:00,51,16,35,FMN GV 03 Hove
46,Statielei 16,2021-07-03,09:00:00,62,31,31,FMN GV 03 Hove
46,Statielei 16,2021-07-03,10:00:00,110,42,68,FMN GV 03 Hove
46,Statielei 16,2021-07-03,11:00:00,130,59,71,FMN GV 03 Hove
46,Statielei 16,2021-07-03,12:00:00,120,77,43,FMN GV 03 Hove
46,Statielei 16,2021-07-03,13:00:00,171,109,62,FMN GV 03 Hove
46,Statielei 16,2021-07-03,14:00:00,157,84,73,FMN GV 03 Hove
46,Statielei 16,2021-07-03,15:00:00,132,69,63,FMN GV 03 Hove
46,Statielei 16,2021-07-03,16:00:00,98,58,40,FMN GV 03 Hove
46,Statielei 16,2021-07-03,17:00:00,51,24,27,FMN GV 03 Hove
46,Statielei 16,2021-07-03,18:00:00,60,34,26,FMN GV 03 Hove
46,Statielei 16,2021-07-03,19:00:00,29,17,12,FMN GV 03 Hove
46,Statielei 16,2021-07-03,20:00:00,36,17,19,FMN GV 03 Hove
46,Statielei 16,2021-07-03,21:00:00,20,6,14,FMN GV 03 Hove
46,Statielei 16,2021-07-03,22:00:00,23,12,11,FMN GV 03 Hove
46,Statielei 16,2021-07-03,23:00:00,24,7,17,FMN GV 03 Hove
46,Statielei 16,2021-07-04,00:00:00,13,4,9,FMN GV 03 Hove
46,Statielei 16,2021-07-04,01:00:00,8,3,5,FMN GV 03 Hove
46,Statielei 16,2021-07-04,02:00:00,7,4,3,FMN GV 03 Hove
46,Statielei 16,2021-07-04,03:00:00,5,4,1,FMN GV 03 Hove
46,Statielei 16,2021-07-04,04:00:00,3,1,2,FMN GV 03 Hove
46,Statielei 16,2021-07-04,05:00:00,12,7,5,FMN GV 03 Hove
46,Statielei 16,2021-07-04,06:00:00,17,11,6,FMN GV 03 Hove
46,Statielei 16,2021-07-04,07:00:00,24,14,10,FMN GV 03 Hove
46,Statielei 16,2021-07-04,08:00:00,36,13,23,FMN GV 03 Hove
46,Statielei 16,2021-07-04,09:00:00,129,49,80,FMN GV 03 Hove
46,Statielei 16,2021-07-04,10:00:00,129,65,64,FMN GV 03 Hove
46,Statielei 16,2021-07-04,11:00:00,152,85,67,FMN GV 03 Hove
46,Statielei 16,2021-07-04,12:00:00,135,82,53,FMN GV 03 Hove
46,Statielei 16,2021-07-04,13:00:00,43,33,10,FMN GV 03 Hove
46,Statielei 16,2021-07-04,14:00:00,22,13,9,FMN GV 03 Hove
46,Statielei 16,2021-07-04,15:00:00,36,13,23,FMN GV 03 Hove
46,Statielei 16,2021-07-04,16:00:00,52,29,23,FMN GV 03 Hove
46,Statielei 16,2021-07-04,17:00:00,75,42,33,FMN GV 03 Hove
46,Statielei 16,2021-07-04,18:00:00,66,33,33,FMN GV 03 Hove
46,Statielei 16,2021-07-04,19:00:00,60,29,31,FMN GV 03 Hove
46,Statielei 16,2021-07-04,20:00:00,55,35,20,FMN GV 03 Hove
46,Statielei 16,2021-07-04,21:00:00,35,23,12,FMN GV 03 Hove
46,Statielei 16,2021-07-04,22:00:00,37,19,18,FMN GV 03 Hove
46,Statielei 16,2021-07-04,23:00:00,22,14,8,FMN GV 03 Hove
46,Statielei 16,2021-07-05,00:00:00,7,2,5,FMN GV 03 Hove
46,Statielei 16,2021-07-05,01:00:00,1,0,1,FMN GV 03 Hove
46,Statielei 16,2021-07-05,02:00:00,4,2,2,FMN GV 03 Hove
46,Statielei 16,2021-07-05,03:00:00,0,0,0,FMN GV 03 Hove
46,Statielei 16,2021-07-05,04:00:00,8,7,1,FMN GV 03 Hove
46,Statielei 16,2021-07-05,05:00:00,27,18,9,FMN GV 03 Hove
46,Statielei 16,2021-07-05,06:00:00,81,61,20,FMN GV 03 Hove
46,Statielei 16,2021-07-05,07:00:00,127,88,39,FMN GV 03 Hove
46,Statielei 16,2021-07-05,08:00:00,129,85,44,FMN GV 03 Hove
46,Statielei 16,2021-07-05,09:00:00,95,49,46,FMN GV 03 Hove
46,Statielei 16,2021-07-05,10:00:00,67,35,32,FMN GV 03 Hove
46,Statielei 16,2021-07-05,11:00:00,57,26,31,FMN GV 03 Hove
46,Statielei 16,2021-07-05,12:00:00,83,45,38,FMN GV 03 Hove
46,Statielei 16,2021-07-05,13:00:00,59,33,26,FMN GV 03 Hove
46,Statielei 16,2021-07-05,14:00:00,86,47,39,FMN GV 03 Hove
46,Statielei 16,2021-07-05,15:00:00,106,56,50,FMN GV 03 Hove
46,Statielei 16,2021-07-05,16:00:00,158,57,101,FMN GV 03 Hove
46,Statielei 16,2021-07-05,17:00:00,188,76,112,FMN GV 03 Hove
46,Statielei 16,2021-07-05,18:00:00,136,47,89,FMN GV 03 Hove
46,Statielei 16,2021-07-05,19:00:00,91,40,51,FMN GV 03 Hove
46,Statielei 16,2021-07-05,20:00:00,82,49,33,FMN GV 03 Hove
46,Statielei 16,2021-07-05,21:00:00,45,25,20,FMN GV 03 Hove
46,Statielei 16,2021-07-05,22:00:00,38,20,18,FMN GV 03 Hove
46,Statielei 16,2021-07-05,23:00:00,15,5,10,FMN GV 03 Hove
46,Statielei 16,2021-07-06,00:00:00,8,4,4,FMN GV 03 Hove
46,Statielei 16,2021-07-06,01:00:00,8,1,7,FMN GV 03 Hove
46,Statielei 16,2021-07-06,02:00:00,2,2,0,FMN GV 03 Hove
46,Statielei 16,2021-07-06,03:00:00,1,1,0,FMN GV 03 Hove
46,Statielei 16,2021-07-06,04:00:00,5,1,4,FMN GV 03 Hove
46,Statielei 16,2021-07-06,05:00:00,27,15,12,FMN GV 03 Hove
46,Statielei 16,2021-07-06,06:00:00,69,49,20,FMN GV 03 Hove
46,Statielei 16,2021-07-06,07:00:00,158,121,37,FMN GV 03 Hove
46,Statielei 16,2021-07-06,08:00:00,164,114,50,FMN GV 03 Hove
46,Statielei 16,2021-07-06,09:00:00,106,74,32,FMN GV 03 Hove
46,Statielei 16,2021-07-06,10:00:00,83,39,44,FMN GV 03 Hove
46,Statielei 16,2021-07-06,11:00:00,72,38,34,FMN GV 03 Hove
46,Statielei 16,2021-07-06,12:00:00,88,53,35,FMN GV 03 Hove
46,Statielei 16,2021-07-06,13:00:00,83,45,38,FMN GV 03 Hove
46,Statielei 16,2021-07-06,14:00:00,75,46,29,FMN GV 03 Hove
46,Statielei 16,2021-07-06,15:00:00,81,40,41,FMN GV 03 Hove
46,Statielei 16,2021-07-06,16:00:00,148,48,100,FMN GV 03 Hove
46,Statielei 16,2021-07-06,17:00:00,168,62,106,FMN GV 03 Hove
46,Statielei 16,2021-07-06,18:00:00,163,50,113,FMN GV 03 Hove
46,Statielei 16,2021-07-06,19:00:00,106,52,54,FMN GV 03 Hove
46,Statielei 16,2021-07-06,20:00:00,80,52,28,FMN GV 03 Hove
46,Statielei 16,2021-07-06,21:00:00,77,47,30,FMN GV 03 Hove
46,Statielei 16,2021-07-06,22:00:00,42,19,23,FMN GV 03 Hove
46,Statielei 16,2021-07-06,23:00:00,15,5,10,FMN GV 03 Hove
46,Statielei 16,2021-07-07,00:00:00,8,4,4,FMN GV 03 Hove
46,Statielei 16,2021-07-07,01:00:00,4,3,1,FMN GV 03 Hove
46,Statielei 16,2021-07-07,02:00:00,4,3,1,FMN GV 03 Hove
46,Statielei 16,2021-07-07,03:00:00,2,0,2,FMN GV 03 Hove
46,Statielei 16,2021-07-07,04:00:00,10,4,6,FMN GV 03 Hove
46,Statielei 16,2021-07-07,05:00:00,29,16,13,FMN GV 03 Hove
46,Statielei 16,2021-07-07,06:00:00,89,62,27,FMN GV 03 Hove
46,Statielei 16,2021-07-07,07:00:00,174,124,50,FMN GV 03 Hove
46,Statielei 16,2021-07-07,08:00:00,199,135,64,FMN GV 03 Hove
46,Statielei 16,2021-07-07,09:00:00,145,89,56,FMN GV 03 Hove
46,Statielei 16,2021-07-07,10:00:00,148,88,60,FMN GV 03 Hove
46,Statielei 16,2021-07-07,11:00:00,170,103,67,FMN GV 03 Hove
46,Statielei 16,2021-07-07,12:00:00,139,64,75,FMN GV 03 Hove
46,Statielei 16,2021-07-07,13:00:00,153,91,62,FMN GV 03 Hove
46,Statielei 16,2021-07-07,14:00:00,124,54,70,FMN GV 03 Hove
46,Statielei 16,2021-07-07,15:00:00,167,74,93,FMN GV 03 Hove
46,Statielei 16,2021-07-07,16:00:00,210,90,120,FMN GV 03 Hove
46,Statielei 16,2021-07-07,17:00:00,258,100,158,FMN GV 03 Hove
46,Statielei 16,2021-07-07,18:00:00,222,95,127,FMN GV 03 Hove
46,Statielei 16,2021-07-07,19:00:00,136,66,70,FMN GV 03 Hove
46,Statielei 16,2021-07-07,20:00:00,112,81,31,FMN GV 03 Hove
46,Statielei 16,2021-07-07,21:00:00,103,66,37,FMN GV 03 Hove
46,Statielei 16,2021-07-07,22:00:00,52,24,28,FMN GV 03 Hove
46,Statielei 16,2021-07-07,23:00:00,29,11,18,FMN GV 03 Hove
46,Statielei 16,2021-07-08,00:00:00,15,3,12,FMN GV 03 Hove
46,Statielei 16,2021-07-08,01:00:00,7,2,5,FMN GV 03 Hove
46,Statielei 16,2021-07-08,02:00:00,4,2,2,FMN GV 03 Hove
46,Statielei 16,2021-07-08,03:00:00,5,2,3,FMN GV 03 Hove
46,Statielei 16,2021-07-08,04:00:00,7,5,2,FMN GV 03 Hove
46,Statielei 16,2021-07-08,05:00:00,31,18,13,FMN GV 03 Hove
46,Statielei 16,2021-07-08,06:00:00,84,59,25,FMN GV 03 Hove
46,Statielei 16,2021-07-08,07:00:00,162,116,46,FMN GV 03 Hove
46,Statielei 16,2021-07-08,08:00:00,196,125,71,FMN GV 03 Hove
46,Statielei 16,2021-07-08,09:00:00,101,62,39,FMN GV 03 Hove
46,Statielei 16,2021-07-08,10:00:00,126,67,59,FMN GV 03 Hove
46,Statielei 16,2021-07-08,11:00:00,126,69,57,FMN GV 03 Hove
46,Statielei 16,2021-07-08,12:00:00,140,71,69,FMN GV 03 Hove
46,Statielei 16,2021-07-08,13:00:00,157,98,59,FMN GV 03 Hove
46,Statielei 16,2021-07-08,14:00:00,132,67,65,FMN GV 03 Hove
46,Statielei 16,2021-07-08,15:00:00,163,80,83,FMN GV 03 Hove
46,Statielei 16,2021-07-08,16:00:00,227,94,133,FMN GV 03 Hove
46,Statielei 16,2021-07-08,17:00:00,202,90,112,FMN GV 03 Hove
46,Statielei 16,2021-07-08,18:00:00,150,70,80,FMN GV 03 Hove
46,Statielei 16,2021-07-08,19:00:00,93,48,45,FMN GV 03 Hove
46,Statielei 16,2021-07-08,20:00:00,91,53,38,FMN GV 03 Hove
46,Statielei 16,2021-07-08,21:00:00,64,37,27,FMN GV 03 Hove
46,Statielei 16,2021-07-08,22:00:00,51,29,22,FMN GV 03 Hove
46,Statielei 16,2021-07-08,23:00:00,35,15,20,FMN GV 03 Hove
46,Statielei 16,2021-07-09,00:00:00,22,5,17,FMN GV 03 Hove
46,Statielei 16,2021-07-09,01:00:00,12,5,7,FMN GV 03 Hove
46,Statielei 16,2021-07-09,02:00:00,1,0,1,FMN GV 03 Hove
46,Statielei 16,2021-07-09,03:00:00,2,1,1,FMN GV 03 Hove
46,Statielei 16,2021-07-09,04:00:00,9,3,6,FMN GV 03 Hove
46,Statielei 16,2021-07-09,05:00:00,26,16,10,FMN GV 03 Hove
46,Statielei 16,2021-07-09,06:00:00,76,55,21,FMN GV 03 Hove
46,Statielei 16,2021-07-09,07:00:00,144,93,51,FMN GV 03 Hove
46,Statielei 16,2021-07-09,08:00:00,164,102,62,FMN GV 03 Hove
46,Statielei 16,2021-07-09,09:00:00,102,62,40,FMN GV 03 Hove
46,Statielei 16,2021-07-09,10:00:00,113,58,55,FMN GV 03 Hove
46,Statielei 16,2021-07-09,11:00:00,123,73,50,FMN GV 03 Hove
46,Statielei 16,2021-07-09,12:00:00,122,67,55,FMN GV 03 Hove
46,Statielei 16,2021-07-09,13:00:00,157,78,79,FMN GV 03 Hove
46,Statielei 16,2021-07-09,14:00:00,196,96,100,FMN GV 03 Hove
46,Statielei 16,2021-07-09,15:00:00,144,76,68,FMN GV 03 Hove
46,Statielei 16,2021-07-09,16:00:00,242,103,139,FMN GV 03 Hove
46,Statielei 16,2021-07-09,17:00:00,247,102,145,FMN GV 03 Hove
46,Statielei 16,2021-07-09,18:00:00,184,89,95,FMN GV 03 Hove
46,Statielei 16,2021-07-09,19:00:00,150,79,71,FMN GV 03 Hove
46,Statielei 16,2021-07-09,20:00:00,112,58,54,FMN GV 03 Hove
46,Statielei 16,2021-07-09,21:00:00,78,54,24,FMN GV 03 Hove
46,Statielei 16,2021-07-09,22:00:00,49,34,15,FMN GV 03 Hove
46,Statielei 16,2021-07-09,23:00:00,43,15,28,FMN GV 03 Hove
46,Statielei 16,2021-07-10,00:00:00,34,13,21,FMN GV 03 Hove
46,Statielei 16,2021-07-10,01:00:00,23,14,9,FMN GV 03 Hove
46,Statielei 16,2021-07-10,02:00:00,1,0,1,FMN GV 03 Hove
46,Statielei 16,2021-07-10,03:00:00,7,4,3,FMN GV 03 Hove
46,Statielei 16,2021-07-10,04:00:00,7,3,4,FMN GV 03 Hove
46,Statielei 16,2021-07-10,05:00:00,9,5,4,FMN GV 03 Hove
46,Statielei 16,2021-07-10,06:00:00,14,6,8,FMN GV 03 Hove
46,Statielei 16,2021-07-10,07:00:00,20,10,10,FMN GV 03 Hove
46,Statielei 16,2021-07-10,08:00:00,61,31,30,FMN GV 03 Hove
46,Statielei 16,2021-07-10,09:00:00,85,29,56,FMN GV 03 Hove
46,Statielei 16,2021-07-10,10:00:00,129,76,53,FMN GV 03 Hove
46,Statielei 16,2021-07-10,11:00:00,184,99,85,FMN GV 03 Hove
46,Statielei 16,2021-07-10,12:00:00,153,96,57,FMN GV 03 Hove
46,Statielei 16,2021-07-10,13:00:00,106,62,44,FMN GV 03 Hove
46,Statielei 16,2021-07-10,14:00:00,109,58,51,FMN GV 03 Hove
46,Statielei 16,2021-07-10,15:00:00,102,52,50,FMN GV 03 Hove
46,Statielei 16,2021-07-10,16:00:00,44,23,21,FMN GV 03 Hove
46,Statielei 16,2021-07-10,17:00:00,33,18,15,FMN GV 03 Hove
46,Statielei 16,2021-07-10,18:00:00,26,12,14,FMN GV 03 Hove
46,Statielei 16,2021-07-10,19:00:00,31,18,13,FMN GV 03 Hove
46,Statielei 16,2021-07-10,20:00:00,26,15,11,FMN GV 03 Hove
46,Statielei 16,2021-07-10,21:00:00,34,22,12,FMN GV 03 Hove
46,Statielei 16,2021-07-10,22:00:00,12,7,5,FMN GV 03 Hove
46,Statielei 16,2021-07-10,23:00:00,25,20,5,FMN GV 03 Hove
46,Statielei 16,2021-07-11,00:00:00,20,11,9,FMN GV 03 Hove
46,Statielei 16,2021-07-11,01:00:00,13,7,6,FMN GV 03 Hove
46,Statielei 16,2021-07-11,02:00:00,6,4,2,FMN GV 03 Hove
46,Statielei 16,2021-07-11,03:00:00,5,4,1,FMN GV 03 Hove
46,Statielei 16,2021-07-11,04:00:00,1,1,0,FMN GV 03 Hove
46,Statielei 16,2021-07-11,05:00:00,10,7,3,FMN GV 03 Hove
46,Statielei 16,2021-07-11,06:00:00,9,5,4,FMN GV 03 Hove
46,Statielei 16,2021-07-11,07:00:00,17,7,10,FMN GV 03 Hove
46,Statielei 16,2021-07-11,08:00:00,44,17,27,FMN GV 03 Hove
46,Statielei 16,2021-07-11,09:00:00,117,43,74,FMN GV 03 Hove
46,Statielei 16,2021-07-11,10:00:00,223,94,129,FMN GV 03 Hove
46,Statielei 16,2021-07-11,11:00:00,245,131,114,FMN GV 03 Hove
46,Statielei 16,2021-07-11,12:00:00,238,122,116,FMN GV 03 Hove
46,Statielei 16,2021-07-11,13:00:00,233,135,98,FMN GV 03 Hove
46,Statielei 16,2021-07-11,14:00:00,259,140,119,FMN GV 03 Hove
46,Statielei 16,2021-07-11,15:00:00,269,137,132,FMN GV 03 Hove
46,Statielei 16,2021-07-11,16:00:00,214,119,95,FMN GV 03 Hove
46,Statielei 16,2021-07-11,17:00:00,210,142,68,FMN GV 03 Hove
46,Statielei 16,2021-07-11,18:00:00,139,72,67,FMN GV 03 Hove
46,Statielei 16,2021-07-11,19:00:00,115,63,52,FMN GV 03 Hove
46,Statielei 16,2021-07-11,20:00:00,102,66,36,FMN GV 03 Hove
46,Statielei 16,2021-07-11,21:00:00,45,31,14,FMN GV 03 Hove
46,Statielei 16,2021-07-11,22:00:00,32,13,19,FMN GV 03 Hove
46,Statielei 16,2021-07-11,23:00:00,21,8,13,FMN GV 03 Hove
46,Statielei 16,2021-07-12,00:00:00,24,6,18,FMN GV 03 Hove
46,Statielei 16,2021-07-12,01:00:00,11,7,4,FMN GV 03 Hove
46,Statielei 16,2021-07-12,02:00:00,3,1,2,FMN GV 03 Hove
46,Statielei 16,2021-07-12,03:00:00,8,5,3,FMN GV 03 Hove
46,Statielei 16,2021-07-12,04:00:00,15,10,5,FMN GV 03 Hove
46,Statielei 16,2021-07-12,05:00:00,21,14,7,FMN GV 03 Hove
46,Statielei 16,2021-07-12,06:00:00,63,43,20,FMN GV 03 Hove
46,Statielei 16,2021-07-12,07:00:00,132,92,40,FMN GV 03 Hove
46,Statielei 16,2021-07-12,08:00:00,159,95,64,FMN GV 03 Hove
46,Statielei 16,2021-07-12,09:00:00,105,69,36,FMN GV 03 Hove
46,Statielei 16,2021-07-12,10:00:00,101,51,50,FMN GV 03 Hove
46,Statielei 16,2021-07-12,11:00:00,124,57,67,FMN GV 03 Hove
46,Statielei 16,2021-07-12,12:00:00,140,82,58,FMN GV 03 Hove
46,Statielei 16,2021-07-12,13:00:00,110,76,34,FMN GV 03 Hove
46,Statielei 16,2021-07-12,14:00:00,127,72,55,FMN GV 03 Hove
46,Statielei 16,2021-07-12,15:00:00,94,46,48,FMN GV 03 Hove
46,Statielei 16,2021-07-12,16:00:00,112,36,76,FMN GV 03 Hove
46,Statielei 16,2021-07-12,17:00:00,170,74,96,FMN GV 03 Hove
46,Statielei 16,2021-07-12,18:00:00,93,34,59,FMN GV 03 Hove
46,Statielei 16,2021-07-12,19:00:00,66,26,40,FMN GV 03 Hove
46,Statielei 16,2021-07-12,20:00:00,53,30,23,FMN GV 03 Hove
46,Statielei 16,2021-07-12,21:00:00,47,25,22,FMN GV 03 Hove
46,Statielei 16,2021-07-12,22:00:00,32,13,19,FMN GV 03 Hove
46,Statielei 16,2021-07-12,23:00:00,16,5,11,FMN GV 03 Hove
46,Statielei 16,2021-07-13,00:00:00,6,2,4,FMN GV 03 Hove
46,Statielei 16,2021-07-13,01:00:00,5,2,3,FMN GV 03 Hove
46,Statielei 16,2021-07-13,02:00:00,1,1,0,FMN GV 03 Hove
46,Statielei 16,2021-07-13,03:00:00,4,2,2,FMN GV 03 Hove
46,Statielei 16,2021-07-13,04:00:00,11,5,6,FMN GV 03 Hove
46,Statielei 16,2021-07-13,05:00:00,18,11,7,FMN GV 03 Hove
46,Statielei 16,2021-07-13,06:00:00,57,37,20,FMN GV 03 Hove
46,Statielei 16,2021-07-13,07:00:00,141,93,48,FMN GV 03 Hove
46,Statielei 16,2021-07-13,08:00:00,111,76,35,FMN GV 03 Hove
46,Statielei 16,2021-07-13,09:00:00,66,44,22,FMN GV 03 Hove
46,Statielei 16,2021-07-13,10:00:00,50,26,24,FMN GV 03 Hove
46,Statielei 16,2021-07-13,11:00:00,53,28,25,FMN GV 03 Hove
46,Statielei 16,2021-07-13,12:00:00,61,34,27,FMN GV 03 Hove
46,Statielei 16,2021-07-13,13:00:00,27,15,12,FMN GV 03 Hove
46,Statielei 16,2021-07-13,14:00:00,42,22,20,FMN GV 03 Hove
46,Statielei 16,2021-07-13,15:00:00,66,36,30,FMN GV 03 Hove
46,Statielei 16,2021-07-13,16:00:00,111,47,64,FMN GV 03 Hove
46,Statielei 16,2021-07-13,17:00:00,128,54,74,FMN GV 03 Hove
46,Statielei 16,2021-07-13,18:00:00,95,33,62,FMN GV 03 Hove
46,Statielei 16,2021-07-13,19:00:00,72,31,41,FMN GV 03 Hove
46,Statielei 16,2021-07-13,20:00:00,74,43,31,FMN GV 03 Hove
46,Statielei 16,2021-07-13,21:00:00,42,25,17,FMN GV 03 Hove
46,Statielei 16,2021-07-13,22:00:00,21,7,14,FMN GV 03 Hove
46,Statielei 16,2021-07-13,23:00:00,20,14,6,FMN GV 03 Hove
46,Statielei 16,2021-07-14,00:00:00,9,1,8,FMN GV 03 Hove
46,Statielei 16,2021-07-14,01:00:00,5,1,4,FMN GV 03 Hove
46,Statielei 16,2021-07-14,02:00:00,3,1,2,FMN GV 03 Hove
46,Statielei 16,2021-07-14,03:00:00,4,1,3,FMN GV 03 Hove
46,Statielei 16,2021-07-14,04:00:00,6,3,3,FMN GV 03 Hove
46,Statielei 16,2021-07-14,05:00:00,22,11,11,FMN GV 03 Hove
46,Statielei 16,2021-07-14,06:00:00,58,34,24,FMN GV 03 Hove
46,Statielei 16,2021-07-14,07:00:00,98,75,23,FMN GV 03 Hove
46,Statielei 16,2021-07-14,08:00:00,109,72,37,FMN GV 03 Hove
46,Statielei 16,2021-07-14,09:00:00,85,57,28,FMN GV 03 Hove
46,Statielei 16,2021-07-14,10:00:00,71,36,35,FMN GV 03 Hove
46,Statielei 16,2021-07-14,11:00:00,65,28,37,FMN GV 03 Hove
46,Statielei 16,2021-07-14,12:00:00,66,33,33,FMN GV 03 Hove
46,Statielei 16,2021-07-14,13:00:00,64,35,29,FMN GV 03 Hove
46,Statielei 16,2021-07-14,14:00:00,81,35,46,FMN GV 03 Hove
46,Statielei 16,2021-07-14,15:00:00,96,38,58,FMN GV 03 Hove
46,Statielei 16,2021-07-14,16:00:00,130,63,67,FMN GV 03 Hove
46,Statielei 16,2021-07-14,17:00:00,134,61,73,FMN GV 03 Hove
46,Statielei 16,2021-07-14,18:00:00,82,36,46,FMN GV 03 Hove
46,Statielei 16,2021-07-14,19:00:00,61,38,23,FMN GV 03 Hove
46,Statielei 16,2021-07-14,20:00:00,62,38,24,FMN GV 03 Hove
46,Statielei 16,2021-07-14,21:00:00,37,22,15,FMN GV 03 Hove
46,Statielei 16,2021-07-14,22:00:00,23,13,10,FMN GV 03 Hove
46,Statielei 16,2021-07-14,23:00:00,30,12,18,FMN GV 03 Hove
46,Statielei 16,2021-07-15,00:00:00,11,2,9,FMN GV 03 Hove
46,Statielei 16,2021-07-15,01:00:00,5,2,3,FMN GV 03 Hove
46,Statielei 16,2021-07-15,02:00:00,3,3,0,FMN GV 03 Hove
46,Statielei 16,2021-07-15,03:00:00,2,2,0,FMN GV 03 Hove
46,Statielei 16,2021-07-15,04:00:00,5,1,4,FMN GV 03 Hove
46,Statielei 16,2021-07-15,05:00:00,16,9,7,FMN GV 03 Hove
46,Statielei 16,2021-07-15,06:00:00,53,39,14,FMN GV 03 Hove
46,Statielei 16,2021-07-15,07:00:00,88,61,27,FMN GV 03 Hove
46,Statielei 16,2021-07-15,08:00:00,82,57,25,FMN GV 03 Hove
46,Statielei 16,2021-07-15,09:00:00,23,15,8,FMN GV 03 Hove
46,Statielei 16,2021-07-15,10:00:00,14,6,8,FMN GV 03 Hove
46,Statielei 16,2021-07-15,11:00:00,24,20,4,FMN GV 03 Hove
46,Statielei 16,2021-07-15,12:00:00,20,9,11,FMN GV 03 Hove
46,Statielei 16,2021-07-15,13:00:00,29,19,10,FMN GV 03 Hove
46,Statielei 16,2021-07-15,14:00:00,36,21,15,FMN GV 03 Hove
46,Statielei 16,2021-07-15,15:00:00,40,18,22,FMN GV 03 Hove
46,Statielei 16,2021-07-15,16:00:00,55,16,39,FMN GV 03 Hove
46,Statielei 16,2021-07-15,17:00:00,83,32,51,FMN GV 03 Hove
46,Statielei 16,2021-07-15,18:00:00,53,15,38,FMN GV 03 Hove
46,Statielei 16,2021-07-15,19:00:00,17,5,12,FMN GV 03 Hove
46,Statielei 16,2021-07-15,20:00:00,13,7,6,FMN GV 03 Hove
46,Statielei 16,2021-07-15,21:00:00,12,8,4,FMN GV 03 Hove
46,Statielei 16,2021-07-15,22:00:00,14,8,6,FMN GV 03 Hove
46,Statielei 16,2021-07-15,23:00:00,8,4,4,FMN GV 03 Hove
46,Statielei 16,2021-07-16,00:00:00,5,2,3,FMN GV 03 Hove
46,Statielei 16,2021-07-16,01:00:00,2,2,0,FMN GV 03 Hove
46,Statielei 16,2021-07-16,02:00:00,2,2,0,FMN GV 03 Hove
46,Statielei 16,2021-07-16,03:00:00,2,1,1,FMN GV 03 Hove
46,Statielei 16,2021-07-16,04:00:00,4,3,1,FMN GV 03 Hove
46,Statielei 16,2021-07-16,05:00:00,21,13,8,FMN GV 03 Hove
46,Statielei 16,2021-07-16,06:00:00,56,41,15,FMN GV 03 Hove
46,Statielei 16,2021-07-16,07:00:00,109,74,35,FMN GV 03 Hove
46,Statielei 16,2021-07-16,08:00:00,133,88,45,FMN GV 03 Hove
46,Statielei 16,2021-07-16,09:00:00,91,55,36,FMN GV 03 Hove
46,Statielei 16,2021-07-16,10:00:00,114,67,47,FMN GV 03 Hove
46,Statielei 16,2021-07-16,11:00:00,95,43,52,FMN GV 03 Hove
46,Statielei 16,2021-07-16,12:00:00,112,55,57,FMN GV 03 Hove
46,Statielei 16,2021-07-16,13:00:00,123,73,50,FMN GV 03 Hove
46,Statielei 16,2021-07-16,14:00:00,152,84,68,FMN GV 03 Hove
46,Statielei 16,2021-07-16,15:00:00,162,84,78,FMN GV 03 Hove
46,Statielei 16,2021-07-16,16:00:00,216,86,130,FMN GV 03 Hove
46,Statielei 16,2021-07-16,17:00:00,213,99,114,FMN GV 03 Hove
46,Statielei 16,2021-07-16,18:00:00,141,71,70,FMN GV 03 Hove
46,Statielei 16,2021-07-16,19:00:00,93,55,38,FMN GV 03 Hove
46,Statielei 16,2021-07-16,20:00:00,78,47,31,FMN GV 03 Hove
46,Statielei 16,2021-07-16,21:00:00,48,26,22,FMN GV 03 Hove
46,Statielei 16,2021-07-16,22:00:00,42,21,21,FMN GV 03 Hove
46,Statielei 16,2021-07-16,23:00:00,43,17,26,FMN GV 03 Hove
46,Statielei 16,2021-07-17,00:00:00,29,11,18,FMN GV 03 Hove
46,Statielei 16,2021-07-17,01:00:00,13,9,4,FMN GV 03 Hove
46,Statielei 16,2021-07-17,02:00:00,8,3,5,FMN GV 03 Hove
46,Statielei 16,2021-07-17,03:00:00,3,2,1,FMN GV 03 Hove
46,Statielei 16,2021-07-17,04:00:00,7,5,2,FMN GV 03 Hove
46,Statielei 16,2021-07-17,05:00:00,9,6,3,FMN GV 03 Hove
46,Statielei 16,2021-07-17,06:00:00,15,9,6,FMN GV 03 Hove
46,Statielei 16,2021-07-17,07:00:00,15,7,8,FMN GV 03 Hove
46,Statielei 16,2021-07-17,08:00:00,58,29,29,FMN GV 03 Hove
46,Statielei 16,2021-07-17,09:00:00,86,38,48,FMN GV 03 Hove
46,Statielei 16,2021-07-17,10:00:00,135,74,61,FMN GV 03 Hove
46,Statielei 16,2021-07-17,11:00:00,192,111,81,FMN GV 03 Hove
46,Statielei 16,2021-07-17,12:00:00,194,101,93,FMN GV 03 Hove
46,Statielei 16,2021-07-17,13:00:00,214,114,100,FMN GV 03 Hove
46,Statielei 16,2021-07-17,14:00:00,219,106,113,FMN GV 03 Hove
46,Statielei 16,2021-07-17,15:00:00,249,124,125,FMN GV 03 Hove
46,Statielei 16,2021-07-17,16:00:00,176,90,86,FMN GV 03 Hove
46,Statielei 16,2021-07-17,17:00:00,142,72,70,FMN GV 03 Hove
46,Statielei 16,2021-07-17,18:00:00,109,49,60,FMN GV 03 Hove
46,Statielei 16,2021-07-17,19:00:00,81,64,17,FMN GV 03 Hove
46,Statielei 16,2021-07-17,20:00:00,80,40,40,FMN GV 03 Hove
46,Statielei 16,2021-07-17,21:00:00,59,30,29,FMN GV 03 Hove
46,Statielei 16,2021-07-17,22:00:00,55,38,17,FMN GV 03 Hove
46,Statielei 16,2021-07-17,23:00:00,32,15,17,FMN GV 03 Hove
46,Statielei 16,2021-07-18,00:00:00,21,6,15,FMN GV 03 Hove
46,Statielei 16,2021-07-18,01:00:00,19,6,13,FMN GV 03 Hove
46,Statielei 16,2021-07-18,02:00:00,12,6,6,FMN GV 03 Hove
46,Statielei 16,2021-07-18,03:00:00,4,1,3,FMN GV 03 Hove
46,Statielei 16,2021-07-18,04:00:00,12,8,4,FMN GV 03 Hove
46,Statielei 16,2021-07-18,05:00:00,7,7,0,FMN GV 03 Hove
46,Statielei 16,2021-07-18,06:00:00,18,11,7,FMN GV 03 Hove
46,Statielei 16,2021-07-18,07:00:00,20,9,11,FMN GV 03 Hove
46,Statielei 16,2021-07-18,08:00:00,67,24,43,FMN GV 03 Hove
46,Statielei 16,2021-07-18,09:00:00,139,51,88,FMN GV 03 Hove
46,Statielei 16,2021-07-18,10:00:00,192,98,94,FMN GV 03 Hove
46,Statielei 16,2021-07-18,11:00:00,195,105,90,FMN GV 03 Hove
46,Statielei 16,2021-07-18,12:00:00,218,123,95,FMN GV 03 Hove
46,Statielei 16,2021-07-18,13:00:00,264,125,139,FMN GV 03 Hove
46,Statielei 16,2021-07-18,14:00:00,294,159,135,FMN GV 03 Hove
46,Statielei 16,2021-07-18,15:00:00,230,119,111,FMN GV 03 Hove
46,Statielei 16,2021-07-18,16:00:00,258,137,121,FMN GV 03 Hove
46,Statielei 16,2021-07-18,17:00:00,168,94,74,FMN GV 03 Hove
46,Statielei 16,2021-07-18,18:00:00,145,75,70,FMN GV 03 Hove
46,Statielei 16,2021-07-18,19:00:00,96,57,39,FMN GV 03 Hove
46,Statielei 16,2021-07-18,20:00:00,98,47,51,FMN GV 03 Hove
46,Statielei 16,2021-07-18,21:00:00,96,48,48,FMN GV 03 Hove
46,Statielei 16,2021-07-18,22:00:00,48,25,23,FMN GV 03 Hove
46,Statielei 16,2021-07-18,23:00:00,29,14,15,FMN GV 03 Hove
46,Statielei 16,2021-07-19,00:00:00,8,4,4,FMN GV 03 Hove
46,Statielei 16,2021-07-19,01:00:00,4,1,3,FMN GV 03 Hove
46,Statielei 16,2021-07-19,02:00:00,2,1,1,FMN GV 03 Hove
46,Statielei 16,2021-07-19,03:00:00,2,1,1,FMN GV 03 Hove
46,Statielei 16,2021-07-19,04:00:00,8,5,3,FMN GV 03 Hove
46,Statielei 16,2021-07-19,05:00:00,20,13,7,FMN GV 03 Hove
46,Statielei 16,2021-07-19,06:00:00,71,46,25,FMN GV 03 Hove
46,Statielei 16,2021-07-19,07:00:00,91,69,22,FMN GV 03 Hove
46,Statielei 16,2021-07-19,08:00:00,84,56,28,FMN GV 03 Hove
46,Statielei 16,2021-07-19,09:00:00,17,9,8,FMN GV 03 Hove
46,Statielei 16,2021-07-19,10:00:00,28,2,26,FMN GV 03 Hove
46,Statielei 16,2021-07-19,11:00:00,20,5,15,FMN GV 03 Hove
46,Statielei 16,2021-07-19,12:00:00,49,16,33,FMN GV 03 Hove
46,Statielei 16,2021-07-19,13:00:00,51,20,31,FMN GV 03 Hove
46,Statielei 16,2021-07-19,14:00:00,106,39,67,FMN GV 03 Hove
46,Statielei 16,2021-07-19,15:00:00,136,41,95,FMN GV 03 Hove
46,Statielei 16,2021-07-19,16:00:00,177,54,123,FMN GV 03 Hove
46,Statielei 16,2021-07-19,17:00:00,235,86,149,FMN GV 03 Hove
46,Statielei 16,2021-07-19,18:00:00,153,42,111,FMN GV 03 Hove
46,Statielei 16,2021-07-19,19:00:00,103,55,48,FMN GV 03 Hove
46,Statielei 16,2021-07-19,20:00:00,56,31,25,FMN GV 03 Hove
46,Statielei 16,2021-07-19,21:00:00,73,44,29,FMN GV 03 Hove
46,Statielei 16,2021-07-19,22:00:00,57,30,27,FMN GV 03 Hove
46,Statielei 16,2021-07-19,23:00:00,16,7,9,FMN GV 03 Hove
46,Statielei 16,2021-07-20,00:00:00,6,3,3,FMN GV 03 Hove
46,Statielei 16,2021-07-20,01:00:00,2,1,1,FMN GV 03 Hove
46,Statielei 16,2021-07-20,02:00:00,6,3,3,FMN GV 03 Hove
46,Statielei 16,2021-07-20,03:00:00,1,0,1,FMN GV 03 Hove
46,Statielei 16,2021-07-20,04:00:00,6,6,0,FMN GV 03 Hove
46,Statielei 16,2021-07-20,05:00:00,21,14,7,FMN GV 03 Hove
46,Statielei 16,2021-07-20,06:00:00,33,17,16,FMN GV 03 Hove
46,Statielei 16,2021-07-20,07:00:00,13,6,7,FMN GV 03 Hove
46,Statielei 16,2021-07-20,08:00:00,150,95,55,FMN GV 03 Hove
46,Statielei 16,2021-07-20,09:00:00,116,63,53,FMN GV 03 Hove
46,Statielei 16,2021-07-20,10:00:00,141,84,57,FMN GV 03 Hove
46,Statielei 16,2021-07-20,11:00:00,186,107,79,FMN GV 03 Hove
46,Statielei 16,2021-07-20,12:00:00,31,11,20,FMN GV 03 Hove
46,Statielei 16,2021-07-20,13:00:00,47,27,20,FMN GV 03 Hove
46,Statielei 16,2021-07-20,14:00:00,185,81,104,FMN GV 03 Hove
46,Statielei 16,2021-07-20,15:00:00,224,88,136,FMN GV 03 Hove
46,Statielei 16,2021-07-20,16:00:00,197,95,102,FMN GV 03 Hove
46,Statielei 16,2021-07-20,17:00:00,253,122,131,FMN GV 03 Hove
46,Statielei 16,2021-07-20,18:00:00,181,81,100,FMN GV 03 Hove
46,Statielei 16,2021-07-20,19:00:00,131,76,55,FMN GV 03 Hove
46,Statielei 16,2021-07-20,20:00:00,131,82,49,FMN GV 03 Hove
46,Statielei 16,2021-07-20,21:00:00,71,43,28,FMN GV 03 Hove
46,Statielei 16,2021-07-20,22:00:00,64,36,28,FMN GV 03 Hove
46,Statielei 16,2021-07-20,23:00:00,39,21,18,FMN GV 03 Hove
46,Statielei 16,2021-07-21,00:00:00,27,8,19,FMN GV 03 Hove
46,Statielei 16,2021-07-21,01:00:00,17,10,7,FMN GV 03 Hove
46,Statielei 16,2021-07-21,02:00:00,9,1,8,FMN GV 03 Hove
46,Statielei 16,2021-07-21,03:00:00,4,3,1,FMN GV 03 Hove
46,Statielei 16,2021-07-21,04:00:00,5,2,3,FMN GV 03 Hove
46,Statielei 16,2021-07-21,05:00:00,12,7,5,FMN GV 03 Hove
46,Statielei 16,2021-07-21,06:00:00,14,7,7,FMN GV 03 Hove
46,Statielei 16,2021-07-21,07:00:00,38,19,19,FMN GV 03 Hove
46,Statielei 16,2021-07-21,08:00:00,71,29,42,FMN GV 03 Hove
46,Statielei 16,2021-07-21,09:00:00,190,119,71,FMN GV 03 Hove
46,Statielei 16,2021-07-21,10:00:00,246,122,124,FMN GV 03 Hove
46,Statielei 16,2021-07-21,11:00:00,267,124,143,FMN GV 03 Hove
46,Statielei 16,2021-07-21,12:00:00,8,1,7,FMN GV 03 Hove
46,Statielei 16,2021-07-21,13:00:00,69,31,38,FMN GV 03 Hove
46,Statielei 16,2021-07-21,14:00:00,320,152,168,FMN GV 03 Hove
46,Statielei 16,2021-07-21,15:00:00,307,145,162,FMN GV 03 Hove
46,Statielei 16,2021-07-21,16:00:00,257,120,137,FMN GV 03 Hove
46,Statielei 16,2021-07-21,17:00:00,217,144,73,FMN GV 03 Hove
46,Statielei 16,2021-07-21,18:00:00,128,74,54,FMN GV 03 Hove
46,Statielei 16,2021-07-21,19:00:00,160,84,76,FMN GV 03 Hove
46,Statielei 16,2021-07-21,20:00:00,114,75,39,FMN GV 03 Hove
46,Statielei 16,2021-07-21,21:00:00,99,63,36,FMN GV 03 Hove
46,Statielei 16,2021-07-21,22:00:00,81,45,36,FMN GV 03 Hove
46,Statielei 16,2021-07-21,23:00:00,31,16,15,FMN GV 03 Hove
46,Statielei 16,2021-07-22,00:00:00,23,14,9,FMN GV 03 Hove
46,Statielei 16,2021-07-22,01:00:00,5,3,2,FMN GV 03 Hove
46,Statielei 16,2021-07-22,02:00:00,2,0,2,FMN GV 03 Hove
46,Statielei 16,2021-07-22,03:00:00,3,0,3,FMN GV 03 Hove
46,Statielei 16,2021-07-22,04:00:00,10,6,4,FMN GV 03 Hove
46,Statielei 16,2021-07-22,05:00:00,23,16,7,FMN GV 03 Hove
46,Statielei 16,2021-07-22,06:00:00,71,51,20,FMN GV 03 Hove
46,Statielei 16,2021-07-22,07:00:00,122,89,33,FMN GV 03 Hove
46,Statielei 16,2021-07-22,08:00:00,150,100,50,FMN GV 03 Hove
46,Statielei 16,2021-07-22,09:00:00,128,83,45,FMN GV 03 Hove
46,Statielei 16,2021-07-22,10:00:00,148,82,66,FMN GV 03 Hove
46,Statielei 16,2021-07-22,11:00:00,177,111,66,FMN GV 03 Hove
46,Statielei 16,2021-07-22,12:00:00,129,86,43,FMN GV 03 Hove
46,Statielei 16,2021-07-22,13:00:00,39,13,26,FMN GV 03 Hove
46,Statielei 16,2021-07-22,14:00:00,196,110,86,FMN GV 03 Hove
46,Statielei 16,2021-07-22,15:00:00,212,111,101,FMN GV 03 Hove
46,Statielei 16,2021-07-22,16:00:00,218,90,128,FMN GV 03 Hove
46,Statielei 16,2021-07-22,17:00:00,264,115,149,FMN GV 03 Hove
46,Statielei 16,2021-07-22,18:00:00,193,90,103,FMN GV 03 Hove
46,Statielei 16,2021-07-22,19:00:00,152,76,76,FMN GV 03 Hove
46,Statielei 16,2021-07-22,20:00:00,99,57,42,FMN GV 03 Hove
46,Statielei 16,2021-07-22,21:00:00,87,47,40,FMN GV 03 Hove
46,Statielei 16,2021-07-22,22:00:00,59,33,26,FMN GV 03 Hove
46,Statielei 16,2021-07-22,23:00:00,33,10,23,FMN GV 03 Hove
46,Statielei 16,2021-07-23,00:00:00,20,10,10,FMN GV 03 Hove
46,Statielei 16,2021-07-23,01:00:00,7,1,6,FMN GV 03 Hove
46,Statielei 16,2021-07-23,02:00:00,7,3,4,FMN GV 03 Hove
46,Statielei 16,2021-07-23,03:00:00,3,1,2,FMN GV 03 Hove
46,Statielei 16,2021-07-23,04:00:00,8,5,3,FMN GV 03 Hove
46,Statielei 16,2021-07-23,05:00:00,20,16,4,FMN GV 03 Hove
46,Statielei 16,2021-07-23,06:00:00,64,48,16,FMN GV 03 Hove
46,Statielei 16,2021-07-23,07:00:00,118,83,35,FMN GV 03 Hove
46,Statielei 16,2021-07-23,08:00:00,144,94,50,FMN GV 03 Hove
46,Statielei 16,2021-07-23,09:00:00,120,64,56,FMN GV 03 Hove
46,Statielei 16,2021-07-23,10:00:00,150,84,66,FMN GV 03 Hove
46,Statielei 16,2021-07-23,11:00:00,94,59,35,FMN GV 03 Hove
46,Statielei 16,2021-07-23,12:00:00,0,0,0,FMN GV 03 Hove
46,Statielei 16,2021-07-23,13:00:00,7,7,0,FMN GV 03 Hove
46,Statielei 16,2021-07-23,14:00:00,192,90,102,FMN GV 03 Hove
46,Statielei 16,2021-07-23,15:00:00,226,105,121,FMN GV 03 Hove
46,Statielei 16,2021-07-23,16:00:00,248,110,138,FMN GV 03 Hove
46,Statielei 16,2021-07-23,17:00:00,235,96,139,FMN GV 03 Hove
46,Statielei 16,2021-07-23,18:00:00,206,106,100,FMN GV 03 Hove
46,Statielei 16,2021-07-23,19:00:00,114,59,55,FMN GV 03 Hove
46,Statielei 16,2021-07-23,20:00:00,97,49,48,FMN GV 03 Hove
46,Statielei 16,2021-07-23,21:00:00,75,38,37,FMN GV 03 Hove
46,Statielei 16,2021-07-23,22:00:00,59,29,30,FMN GV 03 Hove
46,Statielei 16,2021-07-23,23:00:00,41,17,24,FMN GV 03 Hove
46,Statielei 16,2021-07-24,00:00:00,26,11,15,FMN GV 03 Hove
46,Statielei 16,2021-07-24,01:00:00,13,9,4,FMN GV 03 Hove
46,Statielei 16,2021-07-24,02:00:00,7,2,5,FMN GV 03 Hove
46,Statielei 16,2021-07-24,03:00:00,7,3,4,FMN GV 03 Hove
46,Statielei 16,2021-07-24,04:00:00,5,2,3,FMN GV 03 Hove
46,Statielei 16,2021-07-24,05:00:00,10,9,1,FMN GV 03 Hove
46,Statielei 16,2021-07-24,06:00:00,19,13,6,FMN GV 03 Hove
46,Statielei 16,2021-07-24,07:00:00,14,9,5,FMN GV 03 Hove
46,Statielei 16,2021-07-24,08:00:00,38,17,21,FMN GV 03 Hove
46,Statielei 16,2021-07-24,09:00:00,62,31,31,FMN GV 03 Hove
46,Statielei 16,2021-07-24,10:00:00,73,41,32,FMN GV 03 Hove
46,Statielei 16,2021-07-24,11:00:00,96,51,45,FMN GV 03 Hove
46,Statielei 16,2021-07-24,12:00:00,103,64,39,FMN GV 03 Hove
46,Statielei 16,2021-07-24,13:00:00,86,57,29,FMN GV 03 Hove
46,Statielei 16,2021-07-24,14:00:00,64,35,29,FMN GV 03 Hove
46,Statielei 16,2021-07-24,15:00:00,66,37,29,FMN GV 03 Hove
46,Statielei 16,2021-07-24,16:00:00,61,34,27,FMN GV 03 Hove
46,Statielei 16,2021-07-24,17:00:00,49,35,14,FMN GV 03 Hove
46,Statielei 16,2021-07-24,18:00:00,59,34,25,FMN GV 03 Hove
46,Statielei 16,2021-07-24,19:00:00,25,16,9,FMN GV 03 Hove
46,Statielei 16,2021-07-24,20:00:00,27,11,16,FMN GV 03 Hove
46,Statielei 16,2021-07-24,21:00:00,15,4,11,FMN GV 03 Hove
46,Statielei 16,2021-07-24,22:00:00,14,5,9,FMN GV 03 Hove
46,Statielei 16,2021-07-24,23:00:00,6,4,2,FMN GV 03 Hove
46,Statielei 16,2021-07-25,00:00:00,6,4,2,FMN GV 03 Hove
46,Statielei 16,2021-07-25,01:00:00,4,1,3,FMN GV 03 Hove
46,Statielei 16,2021-07-25,02:00:00,4,1,3,FMN GV 03 Hove
46,Statielei 16,2021-07-25,03:00:00,3,3,0,FMN GV 03 Hove
46,Statielei 16,2021-07-25,04:00:00,5,2,3,FMN GV 03 Hove
46,Statielei 16,2021-07-25,05:00:00,6,6,0,FMN GV 03 Hove
46,Statielei 16,2021-07-25,06:00:00,7,5,2,FMN GV 03 Hove
46,Statielei 16,2021-07-25,07:00:00,15,6,9,FMN GV 03 Hove
46,Statielei 16,2021-07-25,08:00:00,45,16,29,FMN GV 03 Hove
46,Statielei 16,2021-07-25,09:00:00,94,44,50,FMN GV 03 Hove
46,Statielei 16,2021-07-25,10:00:00,172,71,101,FMN GV 03 Hove
46,Statielei 16,2021-07-25,11:00:00,145,89,56,FMN GV 03 Hove
46,Statielei 16,2021-07-25,12:00:00,138,84,54,FMN GV 03 Hove
46,Statielei 16,2021-07-25,13:00:00,50,29,21,FMN GV 03 Hove
46,Statielei 16,2021-07-25,14:00:00,61,32,29,FMN GV 03 Hove
46,Statielei 16,2021-07-25,15:00:00,85,57,28,FMN GV 03 Hove
46,Statielei 16,2021-07-25,16:00:00,75,37,38,FMN GV 03 Hove
46,Statielei 16,2021-07-25,17:00:00,73,33,40,FMN GV 03 Hove
46,Statielei 16,2021-07-25,18:00:00,54,33,21,FMN GV 03 Hove
46,Statielei 16,2021-07-25,19:00:00,50,28,22,FMN GV 03 Hove
46,Statielei 16,2021-07-25,20:00:00,41,18,23,FMN GV 03 Hove
46,Statielei 16,2021-07-25,21:00:00,21,11,10,FMN GV 03 Hove
46,Statielei 16,2021-07-25,22:00:00,12,9,3,FMN GV 03 Hove
46,Statielei 16,2021-07-25,23:00:00,7,3,4,FMN GV 03 Hove
46,Statielei 16,2021-07-26,00:00:00,5,3,2,FMN GV 03 Hove
46,Statielei 16,2021-07-26,01:00:00,6,4,2,FMN GV 03 Hove
46,Statielei 16,2021-07-26,02:00:00,2,1,1,FMN GV 03 Hove
46,Statielei 16,2021-07-26,03:00:00,2,1,1,FMN GV 03 Hove
46,Statielei 16,2021-07-26,04:00:00,8,3,5,FMN GV 03 Hove
46,Statielei 16,2021-07-26,05:00:00,14,7,7,FMN GV 03 Hove
46,Statielei 16,2021-07-26,06:00:00,69,54,15,FMN GV 03 Hove
46,Statielei 16,2021-07-26,07:00:00,114,84,30,FMN GV 03 Hove
46,Statielei 16,2021-07-26,08:00:00,118,76,42,FMN GV 03 Hove
46,Statielei 16,2021-07-26,09:00:00,72,38,34,FMN GV 03 Hove
46,Statielei 16,2021-07-26,10:00:00,61,35,26,FMN GV 03 Hove
46,Statielei 16,2021-07-26,11:00:00,64,35,29,FMN GV 03 Hove
46,Statielei 16,2021-07-26,12:00:00,62,30,32,FMN GV 03 Hove
46,Statielei 16,2021-07-26,13:00:00,66,26,40,FMN GV 03 Hove
46,Statielei 16,2021-07-26,14:00:00,73,42,31,FMN GV 03 Hove
46,Statielei 16,2021-07-26,15:00:00,68,37,31,FMN GV 03 Hove
46,Statielei 16,2021-07-26,16:00:00,115,40,75,FMN GV 03 Hove
46,Statielei 16,2021-07-26,17:00:00,133,65,68,FMN GV 03 Hove
46,Statielei 16,2021-07-26,18:00:00,78,30,48,FMN GV 03 Hove
46,Statielei 16,2021-07-26,19:00:00,40,20,20,FMN GV 03 Hove
46,Statielei 16,2021-07-26,20:00:00,47,23,24,FMN GV 03 Hove
46,Statielei 16,2021-07-26,21:00:00,28,20,8,FMN GV 03 Hove
46,Statielei 16,2021-07-26,22:00:00,26,11,15,FMN GV 03 Hove
46,Statielei 16,2021-07-26,23:00:00,9,3,6,FMN GV 03 Hove
46,Statielei 16,2021-07-27,00:00:00,5,2,3,FMN GV 03 Hove
46,Statielei 16,2021-07-27,01:00:00,4,4,0,FMN GV 03 Hove
46,Statielei 16,2021-07-27,02:00:00,2,2,0,FMN GV 03 Hove
46,Statielei 16,2021-07-27,03:00:00,3,2,1,FMN GV 03 Hove
46,Statielei 16,2021-07-27,04:00:00,7,3,4,FMN GV 03 Hove
46,Statielei 16,2021-07-27,05:00:00,18,12,6,FMN GV 03 Hove
46,Statielei 16,2021-07-27,06:00:00,57,48,9,FMN GV 03 Hove
46,Statielei 16,2021-07-27,07:00:00,140,104,36,FMN GV 03 Hove
46,Statielei 16,2021-07-27,08:00:00,154,103,51,FMN GV 03 Hove
46,Statielei 16,2021-07-27,09:00:00,110,67,43,FMN GV 03 Hove
46,Statielei 16,2021-07-27,10:00:00,95,48,47,FMN GV 03 Hove
46,Statielei 16,2021-07-27,11:00:00,100,61,39,FMN GV 03 Hove
46,Statielei 16,2021-07-27,12:00:00,74,45,29,FMN GV 03 Hove
46,Statielei 16,2021-07-27,13:00:00,81,42,39,FMN GV 03 Hove
46,Statielei 16,2021-07-27,14:00:00,92,44,48,FMN GV 03 Hove
46,Statielei 16,2021-07-27,15:00:00,76,38,38,FMN GV 03 Hove
46,Statielei 16,2021-07-27,16:00:00,139,57,82,FMN GV 03 Hove
46,Statielei 16,2021-07-27,17:00:00,180,74,106,FMN GV 03 Hove
46,Statielei 16,2021-07-27,18:00:00,136,48,88,FMN GV 03 Hove
46,Statielei 16,2021-07-27,19:00:00,71,32,39,FMN GV 03 Hove
46,Statielei 16,2021-07-27,20:00:00,56,35,21,FMN GV 03 Hove
46,Statielei 16,2021-07-27,21:00:00,44,26,18,FMN GV 03 Hove
46,Statielei 16,2021-07-27,22:00:00,30,15,15,FMN GV 03 Hove
46,Statielei 16,2021-07-27,23:00:00,21,7,14,FMN GV 03 Hove
46,Statielei 16,2021-07-28,00:00:00,10,4,6,FMN GV 03 Hove
46,Statielei 16,2021-07-28,01:00:00,4,0,4,FMN GV 03 Hove
46,Statielei 16,2021-07-28,02:00:00,8,6,2,FMN GV 03 Hove
46,Statielei 16,2021-07-28,03:00:00,4,1,3,FMN GV 03 Hove
46,Statielei 16,2021-07-28,04:00:00,8,7,1,FMN GV 03 Hove
46,Statielei 16,2021-07-28,05:00:00,16,12,4,FMN GV 03 Hove
46,Statielei 16,2021-07-28,06:00:00,63,46,17,FMN GV 03 Hove
46,Statielei 16,2021-07-28,07:00:00,139,110,29,FMN GV 03 Hove
46,Statielei 16,2021-07-28,08:00:00,142,91,51,FMN GV 03 Hove
46,Statielei 16,2021-07-28,09:00:00,109,63,46,FMN GV 03 Hove
46,Statielei 16,2021-07-28,10:00:00,157,88,69,FMN GV 03 Hove
46,Statielei 16,2021-07-28,11:00:00,169,87,82,FMN GV 03 Hove
46,Statielei 16,2021-07-28,12:00:00,135,58,77,FMN GV 03 Hove
46,Statielei 16,2021-07-28,13:00:00,95,48,47,FMN GV 03 Hove
46,Statielei 16,2021-07-28,14:00:00,86,49,37,FMN GV 03 Hove
46,Statielei 16,2021-07-28,15:00:00,109,47,62,FMN GV 03 Hove
46,Statielei 16,2021-07-28,16:00:00,183,73,110,FMN GV 03 Hove
46,Statielei 16,2021-07-28,17:00:00,191,80,111,FMN GV 03 Hove
46,Statielei 16,2021-07-28,18:00:00,149,68,81,FMN GV 03 Hove
46,Statielei 16,2021-07-28,19:00:00,76,35,41,FMN GV 03 Hove
46,Statielei 16,2021-07-28,20:00:00,53,29,24,FMN GV 03 Hove
46,Statielei 16,2021-07-28,21:00:00,35,25,10,FMN GV 03 Hove
46,Statielei 16,2021-07-28,22:00:00,30,14,16,FMN GV 03 Hove
46,Statielei 16,2021-07-28,23:00:00,19,11,8,FMN GV 03 Hove
46,Statielei 16,2021-07-29,00:00:00,6,1,5,FMN GV 03 Hove
46,Statielei 16,2021-07-29,01:00:00,2,0,2,FMN GV 03 Hove
46,Statielei 16,2021-07-29,02:00:00,1,1,0,FMN GV 03 Hove
46,Statielei 16,2021-07-29,03:00:00,4,1,3,FMN GV 03 Hove
46,Statielei 16,2021-07-29,04:00:00,7,3,4,FMN GV 03 Hove
46,Statielei 16,2021-07-29,05:00:00,21,15,6,FMN GV 03 Hove
46,Statielei 16,2021-07-29,06:00:00,68,50,18,FMN GV 03 Hove
46,Statielei 16,2021-07-29,07:00:00,160,117,43,FMN GV 03 Hove
46,Statielei 16,2021-07-29,08:00:00,150,101,49,FMN GV 03 Hove
46,Statielei 16,2021-07-29,09:00:00,101,56,45,FMN GV 03 Hove
46,Statielei 16,2021-07-29,10:00:00,119,65,54,FMN GV 03 Hove
46,Statielei 16,2021-07-29,11:00:00,125,71,54,FMN GV 03 Hove
46,Statielei 16,2021-07-29,12:00:00,34,22,12,FMN GV 03 Hove
46,Statielei 16,2021-07-29,13:00:00,21,7,14,FMN GV 03 Hove
46,Statielei 16,2021-07-29,14:00:00,146,61,85,FMN GV 03 Hove
46,Statielei 16,2021-07-29,15:00:00,151,86,65,FMN GV 03 Hove
46,Statielei 16,2021-07-29,16:00:00,230,102,128,FMN GV 03 Hove
46,Statielei 16,2021-07-29,17:00:00,222,78,144,FMN GV 03 Hove
46,Statielei 16,2021-07-29,18:00:00,172,79,93,FMN GV 03 Hove
46,Statielei 16,2021-07-29,19:00:00,96,42,54,FMN GV 03 Hove
46,Statielei 16,2021-07-29,20:00:00,101,43,58,FMN GV 03 Hove
46,Statielei 16,2021-07-29,21:00:00,47,27,20,FMN GV 03 Hove
46,Statielei 16,2021-07-29,22:00:00,32,18,14,FMN GV 03 Hove
46,Statielei 16,2021-07-29,23:00:00,24,8,16,FMN GV 03 Hove
46,Statielei 16,2021-07-30,00:00:00,48,29,19,FMN GV 03 Hove
46,Statielei 16,2021-07-30,01:00:00,7,0,7,FMN GV 03 Hove
46,Statielei 16,2021-07-30,02:00:00,4,2,2,FMN GV 03 Hove
46,Statielei 16,2021-07-30,03:00:00,4,1,3,FMN GV 03 Hove
46,Statielei 16,2021-07-30,04:00:00,7,3,4,FMN GV 03 Hove
46,Statielei 16,2021-07-30,05:00:00,16,8,8,FMN GV 03 Hove
46,Statielei 16,2021-07-30,06:00:00,65,48,17,FMN GV 03 Hove
46,Statielei 16,2021-07-30,07:00:00,118,83,35,FMN GV 03 Hove
46,Statielei 16,2021-07-30,08:00:00,127,77,50,FMN GV 03 Hove
46,Statielei 16,2021-07-30,09:00:00,75,46,29,FMN GV 03 Hove
46,Statielei 16,2021-07-30,10:00:00,86,47,39,FMN GV 03 Hove
46,Statielei 16,2021-07-30,11:00:00,100,59,41,FMN GV 03 Hove
46,Statielei 16,2021-07-30,12:00:00,107,48,59,FMN GV 03 Hove
46,Statielei 16,2021-07-30,13:00:00,52,22,30,FMN GV 03 Hove
46,Statielei 16,2021-07-30,14:00:00,133,69,64,FMN GV 03 Hove
46,Statielei 16,2021-07-30,15:00:00,151,81,70,FMN GV 03 Hove
46,Statielei 16,2021-07-30,16:00:00,174,77,97,FMN GV 03 Hove
46,Statielei 16,2021-07-30,17:00:00,180,76,104,FMN GV 03 Hove
46,Statielei 16,2021-07-30,18:00:00,119,49,70,FMN GV 03 Hove
46,Statielei 16,2021-07-30,19:00:00,88,46,42,FMN GV 03 Hove
46,Statielei 16,2021-07-30,20:00:00,76,51,25,FMN GV 03 Hove
46,Statielei 16,2021-07-30,21:00:00,39,21,18,FMN GV 03 Hove
46,Statielei 16,2021-07-30,22:00:00,31,10,21,FMN GV 03 Hove
46,Statielei 16,2021-07-30,23:00:00,22,7,15,FMN GV 03 Hove
46,Statielei 16,2021-07-31,00:00:00,24,4,20,FMN GV 03 Hove
46,Statielei 16,2021-07-31,01:00:00,17,3,14,FMN GV 03 Hove
46,Statielei 16,2021-07-31,02:00:00,5,4,1,FMN GV 03 Hove
46,Statielei 16,2021-07-31,03:00:00,6,3,3,FMN GV 03 Hove
46,Statielei 16,2021-07-31,04:00:00,6,4,2,FMN GV 03 Hove
46,Statielei 16,2021-07-31,05:00:00,11,5,6,FMN GV 03 Hove
46,Statielei 16,2021-07-31,06:00:00,13,6,7,FMN GV 03 Hove
46,Statielei 16,2021-07-31,07:00:00,11,6,5,FMN GV 03 Hove
46,Statielei 16,2021-07-31,08:00:00,40,22,18,FMN GV 03 Hove
46,Statielei 16,2021-07-31,09:00:00,73,42,31,FMN GV 03 Hove
46,Statielei 16,2021-07-31,10:00:00,123,58,65,FMN GV 03 Hove
46,Statielei 16,2021-07-31,11:00:00,103,54,49,FMN GV 03 Hove
46,Statielei 16,2021-07-31,12:00:00,129,77,52,FMN GV 03 Hove
46,Statielei 16,2021-07-31,13:00:00,131,64,67,FMN GV 03 Hove
46,Statielei 16,2021-07-31,14:00:00,153,85,68,FMN GV 03 Hove
46,Statielei 16,2021-07-31,15:00:00,145,61,84,FMN GV 03 Hove
46,Statielei 16,2021-07-31,16:00:00,117,64,53,FMN GV 03 Hove
46,Statielei 16,2021-07-31,17:00:00,97,38,59,FMN GV 03 Hove
46,Statielei 16,2021-07-31,18:00:00,83,45,38,FMN GV 03 Hove
46,Statielei 16,2021-07-31,19:00:00,46,33,13,FMN GV 03 Hove
46,Statielei 16,2021-07-31,20:00:00,37,19,18,FMN GV 03 Hove
46,Statielei 16,2021-07-31,21:00:00,16,10,6,FMN GV 03 Hove
46,Statielei 16,2021-07-31,22:00:00,17,9,8,FMN GV 03 Hove
46,Statielei 16,2021-07-31,23:00:00,24,17,7,FMN GV 03 Hove
46,Statielei 16,2021-08-01,00:00:00,33,20,13,FMN GV 03 Hove
46,Statielei 16,2021-08-01,01:00:00,19,9,10,FMN GV 03 Hove
46,Statielei 16,2021-08-01,02:00:00,7,1,6,FMN GV 03 Hove
46,Statielei 16,2021-08-01,03:00:00,5,2,3,FMN GV 03 Hove
46,Statielei 16,2021-08-01,04:00:00,3,2,1,FMN GV 03 Hove
46,Statielei 16,2021-08-01,05:00:00,10,5,5,FMN GV 03 Hove
46,Statielei 16,2021-08-01,06:00:00,8,3,5,FMN GV 03 Hove
46,Statielei 16,2021-08-01,07:00:00,11,7,4,FMN GV 03 Hove
46,Statielei 16,2021-08-01,08:00:00,37,10,27,FMN GV 03 Hove
46,Statielei 16,2021-08-01,09:00:00,121,80,41,FMN GV 03 Hove
46,Statielei 16,2021-08-01,10:00:00,104,60,44,FMN GV 03 Hove
46,Statielei 16,2021-08-01,11:00:00,122,71,51,FMN GV 03 Hove
46,Statielei 16,2021-08-01,12:00:00,88,59,29,FMN GV 03 Hove
46,Statielei 16,2021-08-01,13:00:00,44,31,13,FMN GV 03 Hove
46,Statielei 16,2021-08-01,14:00:00,86,52,34,FMN GV 03 Hove
46,Statielei 16,2021-08-01,15:00:00,57,31,26,FMN GV 03 Hove
46,Statielei 16,2021-08-01,16:00:00,61,33,28,FMN GV 03 Hove
46,Statielei 16,2021-08-01,17:00:00,44,28,16,FMN GV 03 Hove
46,Statielei 16,2021-08-01,18:00:00,31,14,17,FMN GV 03 Hove
46,Statielei 16,2021-08-01,19:00:00,32,21,11,FMN GV 03 Hove
46,Statielei 16,2021-08-01,20:00:00,22,14,8,FMN GV 03 Hove
46,Statielei 16,2021-08-01,21:00:00,18,12,6,FMN GV 03 Hove
46,Statielei 16,2021-08-01,22:00:00,17,9,8,FMN GV 03 Hove
46,Statielei 16,2021-08-01,23:00:00,8,3,5,FMN GV 03 Hove
46,Statielei 16,2021-08-02,00:00:00,4,1,3,FMN GV 03 Hove
46,Statielei 16,2021-08-02,01:00:00,3,1,2,FMN GV 03 Hove
46,Statielei 16,2021-08-02,02:00:00,0,0,0,FMN GV 03 Hove
46,Statielei 16,2021-08-02,03:00:00,4,1,3,FMN GV 03 Hove
46,Statielei 16,2021-08-02,04:00:00,9,3,6,FMN GV 03 Hove
46,Statielei 16,2021-08-02,05:00:00,13,8,5,FMN GV 03 Hove
46,Statielei 16,2021-08-02,06:00:00,72,54,18,FMN GV 03 Hove
46,Statielei 16,2021-08-02,07:00:00,116,89,27,FMN GV 03 Hove
46,Statielei 16,2021-08-02,08:00:00,125,93,32,FMN GV 03 Hove
46,Statielei 16,2021-08-02,09:00:00,61,40,21,FMN GV 03 Hove
46,Statielei 16,2021-08-02,10:00:00,59,32,27,FMN GV 03 Hove
46,Statielei 16,2021-08-02,11:00:00,51,20,31,FMN GV 03 Hove
46,Statielei 16,2021-08-02,12:00:00,84,36,48,FMN GV 03 Hove
46,Statielei 16,2021-08-02,13:00:00,73,41,32,FMN GV 03 Hove
46,Statielei 16,2021-08-02,14:00:00,117,59,58,FMN GV 03 Hove
46,Statielei 16,2021-08-02,15:00:00,137,73,64,FMN GV 03 Hove
46,Statielei 16,2021-08-02,16:00:00,171,75,96,FMN GV 03 Hove
46,Statielei 16,2021-08-02,17:00:00,196,73,123,FMN GV 03 Hove
46,Statielei 16,2021-08-02,18:00:00,140,58,82,FMN GV 03 Hove
46,Statielei 16,2021-08-02,19:00:00,93,49,44,FMN GV 03 Hove
46,Statielei 16,2021-08-02,20:00:00,71,48,23,FMN GV 03 Hove
46,Statielei 16,2021-08-02,21:00:00,53,34,19,FMN GV 03 Hove
46,Statielei 16,2021-08-02,22:00:00,32,15,17,FMN GV 03 Hove
46,Statielei 16,2021-08-02,23:00:00,11,4,7,FMN GV 03 Hove
46,Statielei 16,2021-08-03,00:00:00,13,3,10,FMN GV 03 Hove
46,Statielei 16,2021-08-03,01:00:00,2,1,1,FMN GV 03 Hove
46,Statielei 16,2021-08-03,02:00:00,3,2,1,FMN GV 03 Hove
46,Statielei 16,2021-08-03,03:00:00,0,0,0,FMN GV 03 Hove
46,Statielei 16,2021-08-03,04:00:00,10,3,7,FMN GV 03 Hove
46,Statielei 16,2021-08-03,05:00:00,15,9,6,FMN GV 03 Hove
46,Statielei 16,2021-08-03,06:00:00,56,39,17,FMN GV 03 Hove
46,Statielei 16,2021-08-03,07:00:00,147,107,40,FMN GV 03 Hove
46,Statielei 16,2021-08-03,08:00:00,164,110,54,FMN GV 03 Hove
46,Statielei 16,2021-08-03,09:00:00,71,48,23,FMN GV 03 Hove
46,Statielei 16,2021-08-03,10:00:00,73,41,32,FMN GV 03 Hove
46,Statielei 16,2021-08-03,11:00:00,103,50,53,FMN GV 03 Hove
46,Statielei 16,2021-08-03,12:00:00,125,71,54,FMN GV 03 Hove
46,Statielei 16,2021-08-03,13:00:00,147,98,49,FMN GV 03 Hove
46,Statielei 16,2021-08-03,14:00:00,150,95,55,FMN GV 03 Hove
46,Statielei 16,2021-08-03,15:00:00,143,68,75,FMN GV 03 Hove
46,Statielei 16,2021-08-03,16:00:00,211,80,131,FMN GV 03 Hove
46,Statielei 16,2021-08-03,17:00:00,261,120,141,FMN GV 03 Hove
46,Statielei 16,2021-08-03,18:00:00,175,82,93,FMN GV 03 Hove
46,Statielei 16,2021-08-03,19:00:00,114,52,62,FMN GV 03 Hove
46,Statielei 16,2021-08-03,20:00:00,89,50,39,FMN GV 03 Hove
46,Statielei 16,2021-08-03,21:00:00,49,26,23,FMN GV 03 Hove
46,Statielei 16,2021-08-03,22:00:00,50,29,21,FMN GV 03 Hove
46,Statielei 16,2021-08-03,23:00:00,19,12,7,FMN GV 03 Hove
46,Statielei 16,2021-08-04,00:00:00,9,4,5,FMN GV 03 Hove
46,Statielei 16,2021-08-04,01:00:00,9,4,5,FMN GV 03 Hove
46,Statielei 16,2021-08-04,02:00:00,3,3,0,FMN GV 03 Hove
46,Statielei 16,2021-08-04,03:00:00,2,0,2,FMN GV 03 Hove
46,Statielei 16,2021-08-04,04:00:00,17,12,5,FMN GV 03 Hove
46,Statielei 16,2021-08-04,05:00:00,22,14,8,FMN GV 03 Hove
46,Statielei 16,2021-08-04,06:00:00,62,46,16,FMN GV 03 Hove
46,Statielei 16,2021-08-04,07:00:00,134,106,28,FMN GV 03 Hove
46,Statielei 16,2021-08-04,08:00:00,139,95,44,FMN GV 03 Hove
46,Statielei 16,2021-08-04,09:00:00,137,86,51,FMN GV 03 Hove
46,Statielei 16,2021-08-04,10:00:00,150,96,54,FMN GV 03 Hove
46,Statielei 16,2021-08-04,11:00:00,153,80,73,FMN GV 03 Hove
46,Statielei 16,2021-08-04,12:00:00,37,10,27,FMN GV 03 Hove
46,Statielei 16,2021-08-04,13:00:00,6,1,5,FMN GV 03 Hove
46,Statielei 16,2021-08-04,14:00:00,98,39,59,FMN GV 03 Hove
46,Statielei 16,2021-08-04,15:00:00,96,48,48,FMN GV 03 Hove
46,Statielei 16,2021-08-04,16:00:00,168,68,100,FMN GV 03 Hove
46,Statielei 16,2021-08-04,17:00:00,193,69,124,FMN GV 03 Hove
46,Statielei 16,2021-08-04,18:00:00,140,70,70,FMN GV 03 Hove
46,Statielei 16,2021-08-04,19:00:00,93,49,44,FMN GV 03 Hove
46,Statielei 16,2021-08-04,20:00:00,83,48,35,FMN GV 03 Hove
46,Statielei 16,2021-08-04,21:00:00,39,26,13,FMN GV 03 Hove
46,Statielei 16,2021-08-04,22:00:00,40,26,14,FMN GV 03 Hove
46,Statielei 16,2021-08-04,23:00:00,22,7,15,FMN GV 03 Hove
46,Statielei 16,2021-08-05,00:00:00,11,5,6,FMN GV 03 Hove
46,Statielei 16,2021-08-05,01:00:00,7,2,5,FMN GV 03 Hove
46,Statielei 16,2021-08-05,02:00:00,6,5,1,FMN GV 03 Hove
46,Statielei 16,2021-08-05,03:00:00,9,4,5,FMN GV 03 Hove
46,Statielei 16,2021-08-05,04:00:00,10,6,4,FMN GV 03 Hove
46,Statielei 16,2021-08-05,05:00:00,22,15,7,FMN GV 03 Hove
46,Statielei 16,2021-08-05,06:00:00,76,56,20,FMN GV 03 Hove
46,Statielei 16,2021-08-05,07:00:00,137,99,38,FMN GV 03 Hove
46,Statielei 16,2021-08-05,08:00:00,190,119,71,FMN GV 03 Hove
46,Statielei 16,2021-08-05,09:00:00,103,57,46,FMN GV 03 Hove
46,Statielei 16,2021-08-05,10:00:00,145,77,68,FMN GV 03 Hove
46,Statielei 16,2021-08-05,11:00:00,130,61,69,FMN GV 03 Hove
46,Statielei 16,2021-08-05,12:00:00,121,68,53,FMN GV 03 Hove
46,Statielei 16,2021-08-05,13:00:00,138,79,59,FMN GV 03 Hove
46,Statielei 16,2021-08-05,14:00:00,129,64,65,FMN GV 03 Hove
46,Statielei 16,2021-08-05,15:00:00,169,77,92,FMN GV 03 Hove
46,Statielei 16,2021-08-05,16:00:00,224,88,136,FMN GV 03 Hove
46,Statielei 16,2021-08-05,17:00:00,251,107,144,FMN GV 03 Hove
46,Statielei 16,2021-08-05,18:00:00,197,86,111,FMN GV 03 Hove
46,Statielei 16,2021-08-05,19:00:00,115,67,48,FMN GV 03 Hove
46,Statielei 16,2021-08-05,20:00:00,95,62,33,FMN GV 03 Hove
46,Statielei 16,2021-08-05,21:00:00,51,36,15,FMN GV 03 Hove
46,Statielei 16,2021-08-05,22:00:00,35,16,19,FMN GV 03 Hove
46,Statielei 16,2021-08-05,23:00:00,35,16,19,FMN GV 03 Hove
46,Statielei 16,2021-08-06,00:00:00,28,15,13,FMN GV 03 Hove
46,Statielei 16,2021-08-06,01:00:00,9,5,4,FMN GV 03 Hove
46,Statielei 16,2021-08-06,02:00:00,7,1,6,FMN GV 03 Hove
46,Statielei 16,2021-08-06,03:00:00,3,2,1,FMN GV 03 Hove
46,Statielei 16,2021-08-06,04:00:00,8,7,1,FMN GV 03 Hove
46,Statielei 16,2021-08-06,05:00:00,18,12,6,FMN GV 03 Hove
46,Statielei 16,2021-08-06,06:00:00,46,36,10,FMN GV 03 Hove
46,Statielei 16,2021-08-06,07:00:00,107,81,26,FMN GV 03 Hove
46,Statielei 16,2021-08-06,08:00:00,104,62,42,FMN GV 03 Hove
46,Statielei 16,2021-08-06,09:00:00,92,57,35,FMN GV 03 Hove
46,Statielei 16,2021-08-06,10:00:00,92,47,45,FMN GV 03 Hove
46,Statielei 16,2021-08-06,11:00:00,90,55,35,FMN GV 03 Hove
46,Statielei 16,2021-08-06,12:00:00,88,51,37,FMN GV 03 Hove
46,Statielei 16,2021-08-06,13:00:00,104,54,50,FMN GV 03 Hove
46,Statielei 16,2021-08-06,14:00:00,94,43,51,FMN GV 03 Hove
46,Statielei 16,2021-08-06,15:00:00,103,49,54,FMN GV 03 Hove
46,Statielei 16,2021-08-06,16:00:00,160,69,91,FMN GV 03 Hove
46,Statielei 16,2021-08-06,17:00:00,159,71,88,FMN GV 03 Hove
46,Statielei 16,2021-08-06,18:00:00,140,75,65,FMN GV 03 Hove
46,Statielei 16,2021-08-06,19:00:00,92,60,32,FMN GV 03 Hove
46,Statielei 16,2021-08-06,20:00:00,68,37,31,FMN GV 03 Hove
46,Statielei 16,2021-08-06,21:00:00,55,37,18,FMN GV 03 Hove
46,Statielei 16,2021-08-06,22:00:00,23,11,12,FMN GV 03 Hove
46,Statielei 16,2021-08-06,23:00:00,26,8,18,FMN GV 03 Hove
46,Statielei 16,2021-08-07,00:00:00,21,11,10,FMN GV 03 Hove
46,Statielei 16,2021-08-07,01:00:00,21,8,13,FMN GV 03 Hove
46,Statielei 16,2021-08-07,02:00:00,10,7,3,FMN GV 03 Hove
46,Statielei 16,2021-08-07,03:00:00,8,5,3,FMN GV 03 Hove
46,Statielei 16,2021-08-07,04:00:00,12,10,2,FMN GV 03 Hove
46,Statielei 16,2021-08-07,05:00:00,6,4,2,FMN GV 03 Hove
46,Statielei 16,2021-08-07,06:00:00,8,4,4,FMN GV 03 Hove
46,Statielei 16,2021-08-07,07:00:00,18,11,7,FMN GV 03 Hove
46,Statielei 16,2021-08-07,08:00:00,44,24,20,FMN GV 03 Hove
46,Statielei 16,2021-08-07,09:00:00,75,35,40,FMN GV 03 Hove
46,Statielei 16,2021-08-07,10:00:00,122,47,75,FMN GV 03 Hove
46,Statielei 16,2021-08-07,11:00:00,130,76,54,FMN GV 03 Hove
46,Statielei 16,2021-08-07,12:00:00,145,77,68,FMN GV 03 Hove
46,Statielei 16,2021-08-07,13:00:00,132,71,61,FMN GV 03 Hove
46,Statielei 16,2021-08-07,14:00:00,151,75,76,FMN GV 03 Hove
46,Statielei 16,2021-08-07,15:00:00,97,47,50,FMN GV 03 Hove
46,Statielei 16,2021-08-07,16:00:00,52,29,23,FMN GV 03 Hove
46,Statielei 16,2021-08-07,17:00:00,68,38,30,FMN GV 03 Hove
46,Statielei 16,2021-08-07,18:00:00,43,19,24,FMN GV 03 Hove
46,Statielei 16,2021-08-07,19:00:00,41,24,17,FMN GV 03 Hove
46,Statielei 16,2021-08-07,20:00:00,41,25,16,FMN GV 03 Hove
46,Statielei 16,2021-08-07,21:00:00,17,12,5,FMN GV 03 Hove
46,Statielei 16,2021-08-07,22:00:00,9,4,5,FMN GV 03 Hove
46,Statielei 16,2021-08-07,23:00:00,13,7,6,FMN GV 03 Hove
46,Statielei 16,2021-08-08,00:00:00,13,5,8,FMN GV 03 Hove
46,Statielei 16,2021-08-08,01:00:00,24,12,12,FMN GV 03 Hove
46,Statielei 16,2021-08-08,02:00:00,5,2,3,FMN GV 03 Hove
46,Statielei 16,2021-08-08,03:00:00,4,4,0,FMN GV 03 Hove
46,Statielei 16,2021-08-08,04:00:00,1,1,0,FMN GV 03 Hove
46,Statielei 16,2021-08-08,05:00:00,11,6,5,FMN GV 03 Hove
46,Statielei 16,2021-08-08,06:00:00,14,7,7,FMN GV 03 Hove
46,Statielei 16,2021-08-08,07:00:00,19,11,8,FMN GV 03 Hove
46,Statielei 16,2021-08-08,08:00:00,42,22,20,FMN GV 03 Hove
46,Statielei 16,2021-08-08,09:00:00,108,37,71,FMN GV 03 Hove
46,Statielei 16,2021-08-08,10:00:00,125,70,55,FMN GV 03 Hove
46,Statielei 16,2021-08-08,11:00:00,102,49,53,FMN GV 03 Hove
46,Statielei 16,2021-08-08,12:00:00,122,82,40,FMN GV 03 Hove
46,Statielei 16,2021-08-08,13:00:00,133,82,51,FMN GV 03 Hove
46,Statielei 16,2021-08-08,14:00:00,77,45,32,FMN GV 03 Hove
46,Statielei 16,2021-08-08,15:00:00,65,37,28,FMN GV 03 Hove
46,Statielei 16,2021-08-08,16:00:00,65,29,36,FMN GV 03 Hove
46,Statielei 16,2021-08-08,17:00:00,73,45,28,FMN GV 03 Hove
46,Statielei 16,2021-08-08,18:00:00,43,33,10,FMN GV 03 Hove
46,Statielei 16,2021-08-08,19:00:00,47,26,21,FMN GV 03 Hove
46,Statielei 16,2021-08-08,20:00:00,43,24,19,FMN GV 03 Hove
46,Statielei 16,2021-08-08,21:00:00,21,7,14,FMN GV 03 Hove
46,Statielei 16,2021-08-08,22:00:00,19,8,11,FMN GV 03 Hove
46,Statielei 16,2021-08-08,23:00:00,10,2,8,FMN GV 03 Hove
46,Statielei 16,2021-08-09,00:00:00,15,2,13,FMN GV 03 Hove
46,Statielei 16,2021-08-09,01:00:00,2,2,0,FMN GV 03 Hove
46,Statielei 16,2021-08-09,02:00:00,2,2,0,FMN GV 03 Hove
46,Statielei 16,2021-08-09,03:00:00,10,7,3,FMN GV 03 Hove
46,Statielei 16,2021-08-09,04:00:00,12,8,4,FMN GV 03 Hove
46,Statielei 16,2021-08-09,05:00:00,24,13,11,FMN GV 03 Hove
46,Statielei 16,2021-08-09,06:00:00,60,44,16,FMN GV 03 Hove
46,Statielei 16,2021-08-09,07:00:00,131,94,37,FMN GV 03 Hove
46,Statielei 16,2021-08-09,08:00:00,126,81,45,FMN GV 03 Hove
46,Statielei 16,2021-08-09,09:00:00,71,48,23,FMN GV 03 Hove
46,Statielei 16,2021-08-09,10:00:00,51,32,19,FMN GV 03 Hove
46,Statielei 16,2021-08-09,11:00:00,34,19,15,FMN GV 03 Hove
46,Statielei 16,2021-08-09,12:00:00,60,30,30,FMN GV 03 Hove
46,Statielei 16,2021-08-09,13:00:00,70,36,34,FMN GV 03 Hove
46,Statielei 16,2021-08-09,14:00:00,54,23,31,FMN GV 03 Hove
46,Statielei 16,2021-08-09,15:00:00,65,34,31,FMN GV 03 Hove
46,Statielei 16,2021-08-09,16:00:00,152,59,93,FMN GV 03 Hove
46,Statielei 16,2021-08-09,17:00:00,194,83,111,FMN GV 03 Hove
46,Statielei 16,2021-08-09,18:00:00,140,61,79,FMN GV 03 Hove
46,Statielei 16,2021-08-09,19:00:00,120,61,59,FMN GV 03 Hove
46,Statielei 16,2021-08-09,20:00:00,56,38,18,FMN GV 03 Hove
46,Statielei 16,2021-08-09,21:00:00,48,33,15,FMN GV 03 Hove
46,Statielei 16,2021-08-09,22:00:00,31,15,16,FMN GV 03 Hove
46,Statielei 16,2021-08-09,23:00:00,9,1,8,FMN GV 03 Hove
46,Statielei 16,2021-08-10,00:00:00,6,1,5,FMN GV 03 Hove
46,Statielei 16,2021-08-10,01:00:00,5,1,4,FMN GV 03 Hove
46,Statielei 16,2021-08-10,02:00:00,3,2,1,FMN GV 03 Hove
46,Statielei 16,2021-08-10,03:00:00,2,0,2,FMN GV 03 Hove
46,Statielei 16,2021-08-10,04:00:00,14,10,4,FMN GV 03 Hove
46,Statielei 16,2021-08-10,05:00:00,18,9,9,FMN GV 03 Hove
46,Statielei 16,2021-08-10,06:00:00,68,45,23,FMN GV 03 Hove
46,Statielei 16,2021-08-10,07:00:00,133,98,35,FMN GV 03 Hove
46,Statielei 16,2021-08-10,08:00:00,136,97,39,FMN GV 03 Hove
46,Statielei 16,2021-08-10,09:00:00,82,60,22,FMN GV 03 Hove
46,Statielei 16,2021-08-10,10:00:00,84,45,39,FMN GV 03 Hove
46,Statielei 16,2021-08-10,11:00:00,67,33,34,FMN GV 03 Hove
46,Statielei 16,2021-08-10,12:00:00,63,32,31,FMN GV 03 Hove
46,Statielei 16,2021-08-10,13:00:00,61,43,18,FMN GV 03 Hove
46,Statielei 16,2021-08-10,14:00:00,76,36,40,FMN GV 03 Hove
46,Statielei 16,2021-08-10,15:00:00,77,38,39,FMN GV 03 Hove
46,Statielei 16,2021-08-10,16:00:00,133,40,93,FMN GV 03 Hove
46,Statielei 16,2021-08-10,17:00:00,182,63,119,FMN GV 03 Hove
46,Statielei 16,2021-08-10,18:00:00,150,54,96,FMN GV 03 Hove
46,Statielei 16,2021-08-10,19:00:00,108,46,62,FMN GV 03 Hove
46,Statielei 16,2021-08-10,20:00:00,62,37,25,FMN GV 03 Hove
46,Statielei 16,2021-08-10,21:00:00,47,28,19,FMN GV 03 Hove
46,Statielei 16,2021-08-10,22:00:00,25,16,9,FMN GV 03 Hove
46,Statielei 16,2021-08-10,23:00:00,14,4,10,FMN GV 03 Hove
46,Statielei 16,2021-08-11,00:00:00,12,6,6,FMN GV 03 Hove
46,Statielei 16,2021-08-11,01:00:00,23,21,2,FMN GV 03 Hove
46,Statielei 16,2021-08-11,02:00:00,1,1,0,FMN GV 03 Hove
46,Statielei 16,2021-08-11,03:00:00,1,0,1,FMN GV 03 Hove
46,Statielei 16,2021-08-11,04:00:00,18,10,8,FMN GV 03 Hove
46,Statielei 16,2021-08-11,05:00:00,21,11,10,FMN GV 03 Hove
46,Statielei 16,2021-08-11,06:00:00,73,48,25,FMN GV 03 Hove
46,Statielei 16,2021-08-11,07:00:00,172,130,42,FMN GV 03 Hove
46,Statielei 16,2021-08-11,08:00:00,188,122,66,FMN GV 03 Hove
46,Statielei 16,2021-08-11,09:00:00,144,90,54,FMN GV 03 Hove
46,Statielei 16,2021-08-11,10:00:00,193,119,74,FMN GV 03 Hove
46,Statielei 16,2021-08-11,11:00:00,190,90,100,FMN GV 03 Hove
46,Statielei 16,2021-08-11,12:00:00,78,39,39,FMN GV 03 Hove
46,Statielei 16,2021-08-11,13:00:00,20,10,10,FMN GV 03 Hove
46,Statielei 16,2021-08-11,14:00:00,235,103,132,FMN GV 03 Hove
46,Statielei 16,2021-08-11,15:00:00,240,109,131,FMN GV 03 Hove
46,Statielei 16,2021-08-11,16:00:00,309,116,193,FMN GV 03 Hove
46,Statielei 16,2021-08-11,17:00:00,318,159,159,FMN GV 03 Hove
46,Statielei 16,2021-08-11,18:00:00,212,114,98,FMN GV 03 Hove
46,Statielei 16,2021-08-11,19:00:00,165,93,72,FMN GV 03 Hove
46,Statielei 16,2021-08-11,20:00:00,104,62,42,FMN GV 03 Hove
46,Statielei 16,2021-08-11,21:00:00,76,42,34,FMN GV 03 Hove
46,Statielei 16,2021-08-11,22:00:00,54,24,30,FMN GV 03 Hove
46,Statielei 16,2021-08-11,23:00:00,40,19,21,FMN GV 03 Hove
46,Statielei 16,2021-08-12,00:00:00,15,9,6,FMN GV 03 Hove
46,Statielei 16,2021-08-12,01:00:00,10,3,7,FMN GV 03 Hove
46,Statielei 16,2021-08-12,02:00:00,4,2,2,FMN GV 03 Hove
46,Statielei 16,2021-08-12,03:00:00,7,2,5,FMN GV 03 Hove
46,Statielei 16,2021-08-12,04:00:00,12,7,5,FMN GV 03 Hove
46,Statielei 16,2021-08-12,05:00:00,23,13,10,FMN GV 03 Hove
46,Statielei 16,2021-08-12,06:00:00,76,54,22,FMN GV 03 Hove
46,Statielei 16,2021-08-12,07:00:00,180,119,61,FMN GV 03 Hove
46,Statielei 16,2021-08-12,08:00:00,198,132,66,FMN GV 03 Hove
46,Statielei 16,2021-08-12,09:00:00,118,63,55,FMN GV 03 Hove
46,Statielei 16,2021-08-12,10:00:00,153,80,73,FMN GV 03 Hove
46,Statielei 16,2021-08-12,11:00:00,166,87,79,FMN GV 03 Hove
46,Statielei 16,2021-08-12,12:00:00,43,21,22,FMN GV 03 Hove
46,Statielei 16,2021-08-12,13:00:00,136,74,62,FMN GV 03 Hove
46,Statielei 16,2021-08-12,14:00:00,207,114,93,FMN GV 03 Hove
46,Statielei 16,2021-08-12,15:00:00,203,96,107,FMN GV 03 Hove
46,Statielei 16,2021-08-12,16:00:00,279,117,162,FMN GV 03 Hove
46,Statielei 16,2021-08-12,17:00:00,279,113,166,FMN GV 03 Hove
46,Statielei 16,2021-08-12,18:00:00,213,93,120,FMN GV 03 Hove
46,Statielei 16,2021-08-12,19:00:00,165,88,77,FMN GV 03 Hove
46,Statielei 16,2021-08-12,20:00:00,96,61,35,FMN GV 03 Hove
46,Statielei 16,2021-08-12,21:00:00,75,49,26,FMN GV 03 Hove
46,Statielei 16,2021-08-12,22:00:00,54,22,32,FMN GV 03 Hove
46,Statielei 16,2021-08-12,23:00:00,25,14,11,FMN GV 03 Hove
46,Statielei 16,2021-08-13,00:00:00,25,7,18,FMN GV 03 Hove
46,Statielei 16,2021-08-13,01:00:00,10,7,3,FMN GV 03 Hove
46,Statielei 16,2021-08-13,02:00:00,4,2,2,FMN GV 03 Hove
46,Statielei 16,2021-08-13,03:00:00,3,0,3,FMN GV 03 Hove
46,Statielei 16,2021-08-13,04:00:00,11,9,2,FMN GV 03 Hove
46,Statielei 16,2021-08-13,05:00:00,23,12,11,FMN GV 03 Hove
46,Statielei 16,2021-08-13,06:00:00,61,42,19,FMN GV 03 Hove
46,Statielei 16,2021-08-13,07:00:00,126,94,32,FMN GV 03 Hove
46,Statielei 16,2021-08-13,08:00:00,123,88,35,FMN GV 03 Hove
46,Statielei 16,2021-08-13,09:00:00,101,68,33,FMN GV 03 Hove
46,Statielei 16,2021-08-13,10:00:00,113,59,54,FMN GV 03 Hove
46,Statielei 16,2021-08-13,11:00:00,102,48,54,FMN GV 03 Hove
46,Statielei 16,2021-08-13,12:00:00,124,67,57,FMN GV 03 Hove
46,Statielei 16,2021-08-13,13:00:00,167,96,71,FMN GV 03 Hove
46,Statielei 16,2021-08-13,14:00:00,193,103,90,FMN GV 03 Hove
46,Statielei 16,2021-08-13,15:00:00,195,95,100,FMN GV 03 Hove
46,Statielei 16,2021-08-13,16:00:00,248,114,134,FMN GV 03 Hove
46,Statielei 16,2021-08-13,17:00:00,236,112,124,FMN GV 03 Hove
46,Statielei 16,2021-08-13,18:00:00,145,71,74,FMN GV 03 Hove
46,Statielei 16,2021-08-13,19:00:00,123,67,56,FMN GV 03 Hove
46,Statielei 16,2021-08-13,20:00:00,83,47,36,FMN GV 03 Hove
46,Statielei 16,2021-08-13,21:00:00,43,27,16,FMN GV 03 Hove
46,Statielei 16,2021-08-13,22:00:00,52,23,29,FMN GV 03 Hove
46,Statielei 16,2021-08-13,23:00:00,52,23,29,FMN GV 03 Hove
46,Statielei 16,2021-08-14,00:00:00,38,14,24,FMN GV 03 Hove
46,Statielei 16,2021-08-14,01:00:00,25,13,12,FMN GV 03 Hove
46,Statielei 16,2021-08-14,02:00:00,10,6,4,FMN GV 03 Hove
46,Statielei 16,2021-08-14,03:00:00,5,2,3,FMN GV 03 Hove
46,Statielei 16,2021-08-14,04:00:00,7,4,3,FMN GV 03 Hove
46,Statielei 16,2021-08-14,05:00:00,12,6,6,FMN GV 03 Hove
46,Statielei 16,2021-08-14,06:00:00,15,7,8,FMN GV 03 Hove
46,Statielei 16,2021-08-14,07:00:00,31,15,16,FMN GV 03 Hove
46,Statielei 16,2021-08-14,08:00:00,33,17,16,FMN GV 03 Hove
46,Statielei 16,2021-08-14,09:00:00,85,47,38,FMN GV 03 Hove
46,Statielei 16,2021-08-14,10:00:00,135,78,57,FMN GV 03 Hove
46,Statielei 16,2021-08-14,11:00:00,164,91,73,FMN GV 03 Hove
46,Statielei 16,2021-08-14,12:00:00,139,59,80,FMN GV 03 Hove
46,Statielei 16,2021-08-14,13:00:00,68,22,46,FMN GV 03 Hove
46,Statielei 16,2021-08-14,14:00:00,210,119,91,FMN GV 03 Hove
46,Statielei 16,2021-08-14,15:00:00,205,102,103,FMN GV 03 Hove
46,Statielei 16,2021-08-14,16:00:00,230,96,134,FMN GV 03 Hove
46,Statielei 16,2021-08-14,17:00:00,152,79,73,FMN GV 03 Hove
46,Statielei 16,2021-08-14,18:00:00,114,60,54,FMN GV 03 Hove
46,Statielei 16,2021-08-14,19:00:00,95,38,57,FMN GV 03 Hove
46,Statielei 16,2021-08-14,20:00:00,83,48,35,FMN GV 03 Hove
46,Statielei 16,2021-08-14,21:00:00,76,43,33,FMN GV 03 Hove
46,Statielei 16,2021-08-14,22:00:00,44,23,21,FMN GV 03 Hove
46,Statielei 16,2021-08-14,23:00:00,33,16,17,FMN GV 03 Hove
46,Statielei 16,2021-08-15,00:00:00,25,10,15,FMN GV 03 Hove
46,Statielei 16,2021-08-15,01:00:00,19,13,6,FMN GV 03 Hove
46,Statielei 16,2021-08-15,02:00:00,20,15,5,FMN GV 03 Hove
46,Statielei 16,2021-08-15,03:00:00,6,1,5,FMN GV 03 Hove
46,Statielei 16,2021-08-15,04:00:00,7,6,1,FMN GV 03 Hove
46,Statielei 16,2021-08-15,05:00:00,11,8,3,FMN GV 03 Hove
46,Statielei 16,2021-08-15,06:00:00,14,9,5,FMN GV 03 Hove
46,Statielei 16,2021-08-15,07:00:00,26,11,15,FMN GV 03 Hove
46,Statielei 16,2021-08-15,08:00:00,32,12,20,FMN GV 03 Hove
46,Statielei 16,2021-08-15,09:00:00,110,49,61,FMN GV 03 Hove
46,Statielei 16,2021-08-15,10:00:00,151,74,77,FMN GV 03 Hove
46,Statielei 16,2021-08-15,11:00:00,217,107,110,FMN GV 03 Hove
46,Statielei 16,2021-08-15,12:00:00,92,44,48,FMN GV 03 Hove
46,Statielei 16,2021-08-15,13:00:00,85,32,53,FMN GV 03 Hove
46,Statielei 16,2021-08-15,14:00:00,268,133,135,FMN GV 03 Hove
46,Statielei 16,2021-08-15,15:00:00,226,108,118,FMN GV 03 Hove
46,Statielei 16,2021-08-15,16:00:00,205,109,96,FMN GV 03 Hove
46,Statielei 16,2021-08-15,17:00:00,225,143,82,FMN GV 03 Hove
46,Statielei 16,2021-08-15,18:00:00,106,66,40,FMN GV 03 Hove
46,Statielei 16,2021-08-15,19:00:00,109,58,51,FMN GV 03 Hove
46,Statielei 16,2021-08-15,20:00:00,82,48,34,FMN GV 03 Hove
46,Statielei 16,2021-08-15,21:00:00,73,52,21,FMN GV 03 Hove
46,Statielei 16,2021-08-15,22:00:00,45,25,20,FMN GV 03 Hove
46,Statielei 16,2021-08-15,23:00:00,17,6,11,FMN GV 03 Hove
46,Statielei 16,2021-08-16,00:00:00,12,7,5,FMN GV 03 Hove
46,Statielei 16,2021-08-16,01:00:00,4,1,3,FMN GV 03 Hove
46,Statielei 16,2021-08-16,02:00:00,4,1,3,FMN GV 03 Hove
46,Statielei 16,2021-08-16,03:00:00,2,1,1,FMN GV 03 Hove
46,Statielei 16,2021-08-16,04:00:00,8,3,5,FMN GV 03 Hove
46,Statielei 16,2021-08-16,05:00:00,11,5,6,FMN GV 03 Hove
46,Statielei 16,2021-08-16,06:00:00,51,34,17,FMN GV 03 Hove
46,Statielei 16,2021-08-16,07:00:00,121,93,28,FMN GV 03 Hove
46,Statielei 16,2021-08-16,08:00:00,110,66,44,FMN GV 03 Hove
46,Statielei 16,2021-08-16,09:00:00,57,38,19,FMN GV 03 Hove
46,Statielei 16,2021-08-16,10:00:00,46,30,16,FMN GV 03 Hove
46,Statielei 16,2021-08-16,11:00:00,31,19,12,FMN GV 03 Hove
46,Statielei 16,2021-08-16,12:00:00,72,41,31,FMN GV 03 Hove
46,Statielei 16,2021-08-16,13:00:00,75,46,29,FMN GV 03 Hove
46,Statielei 16,2021-08-16,14:00:00,61,38,23,FMN GV 03 Hove
46,Statielei 16,2021-08-16,15:00:00,48,24,24,FMN GV 03 Hove
46,Statielei 16,2021-08-16,16:00:00,106,42,64,FMN GV 03 Hove
46,Statielei 16,2021-08-16,17:00:00,125,48,77,FMN GV 03 Hove
46,Statielei 16,2021-08-16,18:00:00,77,26,51,FMN GV 03 Hove
46,Statielei 16,2021-08-16,19:00:00,44,27,17,FMN GV 03 Hove
46,Statielei 16,2021-08-16,20:00:00,40,25,15,FMN GV 03 Hove
46,Statielei 16,2021-08-16,21:00:00,30,20,10,FMN GV 03 Hove
46,Statielei 16,2021-08-16,22:00:00,25,13,12,FMN GV 03 Hove
46,Statielei 16,2021-08-16,23:00:00,10,3,7,FMN GV 03 Hove
46,Statielei 16,2021-08-17,00:00:00,6,0,6,FMN GV 03 Hove
46,Statielei 16,2021-08-17,01:00:00,2,1,1,FMN GV 03 Hove
46,Statielei 16,2021-08-17,02:00:00,2,2,0,FMN GV 03 Hove
46,Statielei 16,2021-08-17,03:00:00,3,0,3,FMN GV 03 Hove
46,Statielei 16,2021-08-17,04:00:00,4,0,4,FMN GV 03 Hove
46,Statielei 16,2021-08-17,05:00:00,20,12,8,FMN GV 03 Hove
46,Statielei 16,2021-08-17,06:00:00,54,37,17,FMN GV 03 Hove
46,Statielei 16,2021-08-17,07:00:00,147,115,32,FMN GV 03 Hove
46,Statielei 16,2021-08-17,08:00:00,166,114,52,FMN GV 03 Hove
46,Statielei 16,2021-08-17,09:00:00,68,43,25,FMN GV 03 Hove
46,Statielei 16,2021-08-17,10:00:00,76,42,34,FMN GV 03 Hove
46,Statielei 16,2021-08-17,11:00:00,69,31,38,FMN GV 03 Hove
46,Statielei 16,2021-08-17,12:00:00,61,31,30,FMN GV 03 Hove
46,Statielei 16,2021-08-17,13:00:00,32,21,11,FMN GV 03 Hove
46,Statielei 16,2021-08-17,14:00:00,51,24,27,FMN GV 03 Hove
46,Statielei 16,2021-08-17,15:00:00,45,14,31,FMN GV 03 Hove
46,Statielei 16,2021-08-17,16:00:00,82,26,56,FMN GV 03 Hove
46,Statielei 16,2021-08-17,17:00:00,150,39,111,FMN GV 03 Hove
46,Statielei 16,2021-08-17,18:00:00,112,39,73,FMN GV 03 Hove
46,Statielei 16,2021-08-17,19:00:00,43,24,19,FMN GV 03 Hove
46,Statielei 16,2021-08-17,20:00:00,38,18,20,FMN GV 03 Hove
46,Statielei 16,2021-08-17,21:00:00,19,8,11,FMN GV 03 Hove
46,Statielei 16,2021-08-17,22:00:00,21,13,8,FMN GV 03 Hove
46,Statielei 16,2021-08-17,23:00:00,8,3,5,FMN GV 03 Hove
46,Statielei 16,2021-08-18,00:00:00,6,3,3,FMN GV 03 Hove
46,Statielei 16,2021-08-18,01:00:00,8,4,4,FMN GV 03 Hove
46,Statielei 16,2021-08-18,02:00:00,5,3,2,FMN GV 03 Hove
46,Statielei 16,2021-08-18,03:00:00,3,3,0,FMN GV 03 Hove
46,Statielei 16,2021-08-18,04:00:00,7,2,5,FMN GV 03 Hove
46,Statielei 16,2021-08-18,05:00:00,15,7,8,FMN GV 03 Hove
46,Statielei 16,2021-08-18,06:00:00,51,34,17,FMN GV 03 Hove
46,Statielei 16,2021-08-18,07:00:00,125,92,33,FMN GV 03 Hove
46,Statielei 16,2021-08-18,08:00:00,127,92,35,FMN GV 03 Hove
46,Statielei 16,2021-08-18,09:00:00,69,47,22,FMN GV 03 Hove
46,Statielei 16,2021-08-18,10:00:00,100,54,46,FMN GV 03 Hove
46,Statielei 16,2021-08-18,11:00:00,74,40,34,FMN GV 03 Hove
46,Statielei 16,2021-08-18,12:00:00,104,48,56,FMN GV 03 Hove
46,Statielei 16,2021-08-18,13:00:00,89,48,41,FMN GV 03 Hove
46,Statielei 16,2021-08-18,14:00:00,95,37,58,FMN GV 03 Hove
46,Statielei 16,2021-08-18,15:00:00,99,53,46,FMN GV 03 Hove
46,Statielei 16,2021-08-18,16:00:00,121,44,77,FMN GV 03 Hove
46,Statielei 16,2021-08-18,17:00:00,200,81,119,FMN GV 03 Hove
46,Statielei 16,2021-08-18,18:00:00,107,43,64,FMN GV 03 Hove
46,Statielei 16,2021-08-18,19:00:00,86,49,37,FMN GV 03 Hove
46,Statielei 16,2021-08-18,20:00:00,58,32,26,FMN GV 03 Hove
46,Statielei 16,2021-08-18,21:00:00,53,25,28,FMN GV 03 Hove
46,Statielei 16,2021-08-18,22:00:00,36,13,23,FMN GV 03 Hove
46,Statielei 16,2021-08-18,23:00:00,23,4,19,FMN GV 03 Hove
46,Statielei 16,2021-08-19,00:00:00,17,7,10,FMN GV 03 Hove
46,Statielei 16,2021-08-19,01:00:00,6,2,4,FMN GV 03 Hove
46,Statielei 16,2021-08-19,02:00:00,4,0,4,FMN GV 03 Hove
46,Statielei 16,2021-08-19,03:00:00,3,2,1,FMN GV 03 Hove
46,Statielei 16,2021-08-19,04:00:00,4,2,2,FMN GV 03 Hove
46,Statielei 16,2021-08-19,05:00:00,16,8,8,FMN GV 03 Hove
46,Statielei 16,2021-08-19,06:00:00,61,38,23,FMN GV 03 Hove
46,Statielei 16,2021-08-19,07:00:00,144,107,37,FMN GV 03 Hove
46,Statielei 16,2021-08-19,08:00:00,182,119,63,FMN GV 03 Hove
46,Statielei 16,2021-08-19,09:00:00,101,56,45,FMN GV 03 Hove
46,Statielei 16,2021-08-19,10:00:00,108,78,30,FMN GV 03 Hove
46,Statielei 16,2021-08-19,11:00:00,112,63,49,FMN GV 03 Hove
46,Statielei 16,2021-08-19,12:00:00,100,51,49,FMN GV 03 Hove
46,Statielei 16,2021-08-19,13:00:00,106,61,45,FMN GV 03 Hove
46,Statielei 16,2021-08-19,14:00:00,126,73,53,FMN GV 03 Hove
46,Statielei 16,2021-08-19,15:00:00,107,49,58,FMN GV 03 Hove
46,Statielei 16,2021-08-19,16:00:00,163,60,103,FMN GV 03 Hove
46,Statielei 16,2021-08-19,17:00:00,225,86,139,FMN GV 03 Hove
46,Statielei 16,2021-08-19,18:00:00,152,61,91,FMN GV 03 Hove
46,Statielei 16,2021-08-19,19:00:00,97,46,51,FMN GV 03 Hove
46,Statielei 16,2021-08-19,20:00:00,72,45,27,FMN GV 03 Hove
46,Statielei 16,2021-08-19,21:00:00,47,31,16,FMN GV 03 Hove
46,Statielei 16,2021-08-19,22:00:00,47,22,25,FMN GV 03 Hove
46,Statielei 16,2021-08-19,23:00:00,30,9,21,FMN GV 03 Hove
46,Statielei 16,2021-08-20,00:00:00,12,3,9,FMN GV 03 Hove
46,Statielei 16,2021-08-20,01:00:00,4,3,1,FMN GV 03 Hove
46,Statielei 16,2021-08-20,02:00:00,4,1,3,FMN GV 03 Hove
46,Statielei 16,2021-08-20,03:00:00,4,0,4,FMN GV 03 Hove
46,Statielei 16,2021-08-20,04:00:00,12,6,6,FMN GV 03 Hove
46,Statielei 16,2021-08-20,05:00:00,16,9,7,FMN GV 03 Hove
46,Statielei 16,2021-08-20,06:00:00,49,37,12,FMN GV 03 Hove
46,Statielei 16,2021-08-20,07:00:00,109,72,37,FMN GV 03 Hove
46,Statielei 16,2021-08-20,08:00:00,116,80,36,FMN GV 03 Hove
46,Statielei 16,2021-08-20,09:00:00,73,50,23,FMN GV 03 Hove
46,Statielei 16,2021-08-20,10:00:00,69,42,27,FMN GV 03 Hove
46,Statielei 16,2021-08-20,11:00:00,100,51,49,FMN GV 03 Hove
46,Statielei 16,2021-08-20,12:00:00,114,66,48,FMN GV 03 Hove
46,Statielei 16,2021-08-20,13:00:00,103,53,50,FMN GV 03 Hove
46,Statielei 16,2021-08-20,14:00:00,111,61,50,FMN GV 03 Hove
46,Statielei 16,2021-08-20,15:00:00,133,70,63,FMN GV 03 Hove
46,Statielei 16,2021-08-20,16:00:00,170,73,97,FMN GV 03 Hove
46,Statielei 16,2021-08-20,17:00:00,199,87,112,FMN GV 03 Hove
46,Statielei 16,2021-08-20,18:00:00,139,69,70,FMN GV 03 Hove
46,Statielei 16,2021-08-20,19:00:00,112,62,50,FMN GV 03 Hove
46,Statielei 16,2021-08-20,20:00:00,60,32,28,FMN GV 03 Hove
46,Statielei 16,2021-08-20,21:00:00,51,33,18,FMN GV 03 Hove
46,Statielei 16,2021-08-20,22:00:00,41,18,23,FMN GV 03 Hove
46,Statielei 16,2021-08-20,23:00:00,15,10,5,FMN GV 03 Hove
46,Statielei 16,2021-08-21,00:00:00,28,8,20,FMN GV 03 Hove
46,Statielei 16,2021-08-21,01:00:00,21,6,15,FMN GV 03 Hove
46,Statielei 16,2021-08-21,02:00:00,13,9,4,FMN GV 03 Hove
46,Statielei 16,2021-08-21,03:00:00,10,4,6,FMN GV 03 Hove
46,Statielei 16,2021-08-21,04:00:00,7,4,3,FMN GV 03 Hove
46,Statielei 16,2021-08-21,05:00:00,14,5,9,FMN GV 03 Hove
46,Statielei 16,2021-08-21,06:00:00,20,9,11,FMN GV 03 Hove
46,Statielei 16,2021-08-21,07:00:00,28,10,18,FMN GV 03 Hove
46,Statielei 16,2021-08-21,08:00:00,42,13,29,FMN GV 03 Hove
46,Statielei 16,2021-08-21,09:00:00,85,41,44,FMN GV 03 Hove
46,Statielei 16,2021-08-21,10:00:00,218,113,105,FMN GV 03 Hove
46,Statielei 16,2021-08-21,11:00:00,227,113,114,FMN GV 03 Hove
46,Statielei 16,2021-08-21,12:00:00,197,101,96,FMN GV 03 Hove
46,Statielei 16,2021-08-21,13:00:00,211,111,100,FMN GV 03 Hove
46,Statielei 16,2021-08-21,14:00:00,281,149,132,FMN GV 03 Hove
46,Statielei 16,2021-08-21,15:00:00,277,169,108,FMN GV 03 Hove
46,Statielei 16,2021-08-21,16:00:00,181,104,77,FMN GV 03 Hove
46,Statielei 16,2021-08-21,17:00:00,171,96,75,FMN GV 03 Hove
46,Statielei 16,2021-08-21,18:00:00,123,57,66,FMN GV 03 Hove
46,Statielei 16,2021-08-21,19:00:00,71,45,26,FMN GV 03 Hove
46,Statielei 16,2021-08-21,20:00:00,56,22,34,FMN GV 03 Hove
46,Statielei 16,2021-08-21,21:00:00,20,10,10,FMN GV 03 Hove
46,Statielei 16,2021-08-21,22:00:00,25,14,11,FMN GV 03 Hove
46,Statielei 16,2021-08-21,23:00:00,19,12,7,FMN GV 03 Hove
46,Statielei 16,2021-08-22,00:00:00,10,5,5,FMN GV 03 Hove
46,Statielei 16,2021-08-22,01:00:00,11,5,6,FMN GV 03 Hove
46,Statielei 16,2021-08-22,02:00:00,6,4,2,FMN GV 03 Hove
46,Statielei 16,2021-08-22,03:00:00,7,3,4,FMN GV 03 Hove
46,Statielei 16,2021-08-22,04:00:00,10,8,2,FMN GV 03 Hove
46,Statielei 16,2021-08-22,05:00:00,5,3,2,FMN GV 03 Hove
46,Statielei 16,2021-08-22,06:00:00,10,6,4,FMN GV 03 Hove
46,Statielei 16,2021-08-22,07:00:00,7,5,2,FMN GV 03 Hove
46,Statielei 16,2021-08-22,08:00:00,35,18,17,FMN GV 03 Hove
46,Statielei 16,2021-08-22,09:00:00,51,29,22,FMN GV 03 Hove
46,Statielei 16,2021-08-22,10:00:00,76,36,40,FMN GV 03 Hove
46,Statielei 16,2021-08-22,11:00:00,56,34,22,FMN GV 03 Hove
46,Statielei 16,2021-08-22,12:00:00,85,45,40,FMN GV 03 Hove
46,Statielei 16,2021-08-22,13:00:00,76,43,33,FMN GV 03 Hove
46,Statielei 16,2021-08-22,14:00:00,39,17,22,FMN GV 03 Hove
46,Statielei 16,2021-08-22,15:00:00,35,23,12,FMN GV 03 Hove
46,Statielei 16,2021-08-22,16:00:00,29,16,13,FMN GV 03 Hove
46,Statielei 16,2021-08-22,17:00:00,22,12,10,FMN GV 03 Hove
46,Statielei 16,2021-08-22,18:00:00,32,19,13,FMN GV 03 Hove
46,Statielei 16,2021-08-22,19:00:00,29,21,8,FMN GV 03 Hove
46,Statielei 16,2021-08-22,20:00:00,23,11,12,FMN GV 03 Hove
46,Statielei 16,2021-08-22,21:00:00,12,5,7,FMN GV 03 Hove
46,Statielei 16,2021-08-22,22:00:00,10,4,6,FMN GV 03 Hove
46,Statielei 16,2021-08-22,23:00:00,7,1,6,FMN GV 03 Hove
46,Statielei 16,2021-08-23,00:00:00,6,4,2,FMN GV 03 Hove
46,Statielei 16,2021-08-23,01:00:00,4,3,1,FMN GV 03 Hove
46,Statielei 16,2021-08-23,02:00:00,3,3,0,FMN GV 03 Hove
46,Statielei 16,2021-08-23,03:00:00,1,0,1,FMN GV 03 Hove
46,Statielei 16,2021-08-23,04:00:00,9,3,6,FMN GV 03 Hove
46,Statielei 16,2021-08-23,05:00:00,25,15,10,FMN GV 03 Hove
46,Statielei 16,2021-08-23,06:00:00,63,41,22,FMN GV 03 Hove
46,Statielei 16,2021-08-23,07:00:00,146,109,37,FMN GV 03 Hove
46,Statielei 16,2021-08-23,08:00:00,158,111,47,FMN GV 03 Hove
46,Statielei 16,2021-08-23,09:00:00,68,48,20,FMN GV 03 Hove
46,Statielei 16,2021-08-23,10:00:00,63,37,26,FMN GV 03 Hove
46,Statielei 16,2021-08-23,11:00:00,70,44,26,FMN GV 03 Hove
46,Statielei 16,2021-08-23,12:00:00,87,51,36,FMN GV 03 Hove
46,Statielei 16,2021-08-23,13:00:00,118,66,52,FMN GV 03 Hove
46,Statielei 16,2021-08-23,14:00:00,114,60,54,FMN GV 03 Hove
46,Statielei 16,2021-08-23,15:00:00,95,42,53,FMN GV 03 Hove
46,Statielei 16,2021-08-23,16:00:00,185,71,114,FMN GV 03 Hove
46,Statielei 16,2021-08-23,17:00:00,234,89,145,FMN GV 03 Hove
46,Statielei 16,2021-08-23,18:00:00,169,75,94,FMN GV 03 Hove
46,Statielei 16,2021-08-23,19:00:00,118,52,66,FMN GV 03 Hove
46,Statielei 16,2021-08-23,20:00:00,82,53,29,FMN GV 03 Hove
46,Statielei 16,2021-08-23,21:00:00,25,15,10,FMN GV 03 Hove
46,Statielei 16,2021-08-23,22:00:00,42,16,26,FMN GV 03 Hove
46,Statielei 16,2021-08-23,23:00:00,21,15,6,FMN GV 03 Hove
46,Statielei 16,2021-08-24,00:00:00,11,4,7,FMN GV 03 Hove
46,Statielei 16,2021-08-24,01:00:00,8,3,5,FMN GV 03 Hove
46,Statielei 16,2021-08-24,02:00:00,3,1,2,FMN GV 03 Hove
46,Statielei 16,2021-08-24,03:00:00,3,1,2,FMN GV 03 Hove
46,Statielei 16,2021-08-24,04:00:00,9,3,6,FMN GV 03 Hove
46,Statielei 16,2021-08-24,05:00:00,22,14,8,FMN GV 03 Hove
46,Statielei 16,2021-08-24,06:00:00,75,52,23,FMN GV 03 Hove
46,Statielei 16,2021-08-24,07:00:00,219,175,44,FMN GV 03 Hove
46,Statielei 16,2021-08-24,08:00:00,230,163,67,FMN GV 03 Hove
46,Statielei 16,2021-08-24,09:00:00,126,89,37,FMN GV 03 Hove
46,Statielei 16,2021-08-24,10:00:00,115,67,48,FMN GV 03 Hove
46,Statielei 16,2021-08-24,11:00:00,122,68,54,FMN GV 03 Hove
46,Statielei 16,2021-08-24,12:00:00,152,83,69,FMN GV 03 Hove
46,Statielei 16,2021-08-24,13:00:00,165,85,80,FMN GV 03 Hove
46,Statielei 16,2021-08-24,14:00:00,193,98,95,FMN GV 03 Hove
46,Statielei 16,2021-08-24,15:00:00,183,91,92,FMN GV 03 Hove
46,Statielei 16,2021-08-24,16:00:00,253,102,151,FMN GV 03 Hove
46,Statielei 16,2021-08-24,17:00:00,325,127,198,FMN GV 03 Hove
46,Statielei 16,2021-08-24,18:00:00,264,95,169,FMN GV 03 Hove
46,Statielei 16,2021-08-24,19:00:00,158,68,90,FMN GV 03 Hove
46,Statielei 16,2021-08-24,20:00:00,92,56,36,FMN GV 03 Hove
46,Statielei 16,2021-08-24,21:00:00,65,42,23,FMN GV 03 Hove
46,Statielei 16,2021-08-24,22:00:00,43,18,25,FMN GV 03 Hove
46,Statielei 16,2021-08-24,23:00:00,35,14,21,FMN GV 03 Hove
46,Statielei 16,2021-08-25,00:00:00,10,4,6,FMN GV 03 Hove
46,Statielei 16,2021-08-25,01:00:00,9,5,4,FMN GV 03 Hove
46,Statielei 16,2021-08-25,02:00:00,4,2,2,FMN GV 03 Hove
46,Statielei 16,2021-08-25,03:00:00,1,0,1,FMN GV 03 Hove
46,Statielei 16,2021-08-25,04:00:00,15,4,11,FMN GV 03 Hove
46,Statielei 16,2021-08-25,05:00:00,21,11,10,FMN GV 03 Hove
46,Statielei 16,2021-08-25,06:00:00,86,61,25,FMN GV 03 Hove
46,Statielei 16,2021-08-25,07:00:00,185,143,42,FMN GV 03 Hove
46,Statielei 16,2021-08-25,08:00:00,226,165,61,FMN GV 03 Hove
46,Statielei 16,2021-08-25,09:00:00,181,113,68,FMN GV 03 Hove
46,Statielei 16,2021-08-25,10:00:00,208,112,96,FMN GV 03 Hove
46,Statielei 16,2021-08-25,11:00:00,184,92,92,FMN GV 03 Hove
46,Statielei 16,2021-08-25,12:00:00,187,76,111,FMN GV 03 Hove
46,Statielei 16,2021-08-25,13:00:00,188,92,96,FMN GV 03 Hove
46,Statielei 16,2021-08-25,14:00:00,235,122,113,FMN GV 03 Hove
46,Statielei 16,2021-08-25,15:00:00,244,109,135,FMN GV 03 Hove
46,Statielei 16,2021-08-25,16:00:00,247,100,147,FMN GV 03 Hove
46,Statielei 16,2021-08-25,17:00:00,355,161,194,FMN GV 03 Hove
46,Statielei 16,2021-08-25,18:00:00,230,113,117,FMN GV 03 Hove
46,Statielei 16,2021-08-25,19:00:00,132,80,52,FMN GV 03 Hove
46,Statielei 16,2021-08-25,20:00:00,106,60,46,FMN GV 03 Hove
46,Statielei 16,2021-08-25,21:00:00,64,34,30,FMN GV 03 Hove
46,Statielei 16,2021-08-25,22:00:00,45,19,26,FMN GV 03 Hove
46,Statielei 16,2021-08-25,23:00:00,42,17,25,FMN GV 03 Hove
46,Statielei 16,2021-08-26,00:00:00,30,8,22,FMN GV 03 Hove
46,Statielei 16,2021-08-26,01:00:00,17,8,9,FMN GV 03 Hove
46,Statielei 16,2021-08-26,02:00:00,4,2,2,FMN GV 03 Hove
46,Statielei 16,2021-08-26,03:00:00,1,0,1,FMN GV 03 Hove
46,Statielei 16,2021-08-26,04:00:00,11,4,7,FMN GV 03 Hove
46,Statielei 16,2021-08-26,05:00:00,15,9,6,FMN GV 03 Hove
46,Statielei 16,2021-08-26,06:00:00,59,41,18,FMN GV 03 Hove
46,Statielei 16,2021-08-26,07:00:00,159,122,37,FMN GV 03 Hove
46,Statielei 16,2021-08-26,08:00:00,213,153,60,FMN GV 03 Hove
46,Statielei 16,2021-08-26,09:00:00,101,74,27,FMN GV 03 Hove
46,Statielei 16,2021-08-26,10:00:00,78,40,38,FMN GV 03 Hove
46,Statielei 16,2021-08-26,11:00:00,99,67,32,FMN GV 03 Hove
46,Statielei 16,2021-08-26,12:00:00,124,66,58,FMN GV 03 Hove
46,Statielei 16,2021-08-26,13:00:00,97,47,50,FMN GV 03 Hove
46,Statielei 16,2021-08-26,14:00:00,136,68,68,FMN GV 03 Hove
46,Statielei 16,2021-08-26,15:00:00,139,58,81,FMN GV 03 Hove
46,Statielei 16,2021-08-26,16:00:00,218,84,134,FMN GV 03 Hove
46,Statielei 16,2021-08-26,17:00:00,241,95,146,FMN GV 03 Hove
46,Statielei 16,2021-08-26,18:00:00,157,65,92,FMN GV 03 Hove
46,Statielei 16,2021-08-26,19:00:00,77,30,47,FMN GV 03 Hove
46,Statielei 16,2021-08-26,20:00:00,65,39,26,FMN GV 03 Hove
46,Statielei 16,2021-08-26,21:00:00,39,24,15,FMN GV 03 Hove
46,Statielei 16,2021-08-26,22:00:00,38,17,21,FMN GV 03 Hove
46,Statielei 16,2021-08-26,23:00:00,18,6,12,FMN GV 03 Hove
46,Statielei 16,2021-08-27,00:00:00,24,4,20,FMN GV 03 Hove
46,Statielei 16,2021-08-27,01:00:00,16,8,8,FMN GV 03 Hove
46,Statielei 16,2021-08-27,02:00:00,3,3,0,FMN GV 03 Hove
46,Statielei 16,2021-08-27,03:00:00,2,0,2,FMN GV 03 Hove
46,Statielei 16,2021-08-27,04:00:00,12,8,4,FMN GV 03 Hove
46,Statielei 16,2021-08-27,05:00:00,12,7,5,FMN GV 03 Hove
46,Statielei 16,2021-08-27,06:00:00,42,27,15,FMN GV 03 Hove
46,Statielei 16,2021-08-27,07:00:00,138,106,32,FMN GV 03 Hove
46,Statielei 16,2021-08-27,08:00:00,205,149,56,FMN GV 03 Hove
46,Statielei 16,2021-08-27,09:00:00,112,76,36,FMN GV 03 Hove
46,Statielei 16,2021-08-27,10:00:00,97,57,40,FMN GV 03 Hove
46,Statielei 16,2021-08-27,11:00:00,117,71,46,FMN GV 03 Hove
46,Statielei 16,2021-08-27,12:00:00,114,53,61,FMN GV 03 Hove
46,Statielei 16,2021-08-27,13:00:00,131,68,63,FMN GV 03 Hove
46,Statielei 16,2021-08-27,14:00:00,147,72,75,FMN GV 03 Hove
46,Statielei 16,2021-08-27,15:00:00,122,50,72,FMN GV 03 Hove
46,Statielei 16,2021-08-27,16:00:00,192,67,125,FMN GV 03 Hove
46,Statielei 16,2021-08-27,17:00:00,217,87,130,FMN GV 03 Hove
46,Statielei 16,2021-08-27,18:00:00,167,81,86,FMN GV 03 Hove
46,Statielei 16,2021-08-27,19:00:00,97,46,51,FMN GV 03 Hove
46,Statielei 16,2021-08-27,20:00:00,73,33,40,FMN GV 03 Hove
46,Statielei 16,2021-08-27,21:00:00,66,47,19,FMN GV 03 Hove
46,Statielei 16,2021-08-27,22:00:00,37,13,24,FMN GV 03 Hove
46,Statielei 16,2021-08-27,23:00:00,32,18,14,FMN GV 03 Hove
46,Statielei 16,2021-08-28,00:00:00,38,15,23,FMN GV 03 Hove
46,Statielei 16,2021-08-28,01:00:00,21,10,11,FMN GV 03 Hove
46,Statielei 16,2021-08-28,02:00:00,6,3,3,FMN GV 03 Hove
46,Statielei 16,2021-08-28,03:00:00,7,7,0,FMN GV 03 Hove
46,Statielei 16,2021-08-28,04:00:00,5,2,3,FMN GV 03 Hove
46,Statielei 16,2021-08-28,05:00:00,17,8,9,FMN GV 03 Hove
46,Statielei 16,2021-08-28,06:00:00,14,6,8,FMN GV 03 Hove
46,Statielei 16,2021-08-28,07:00:00,16,9,7,FMN GV 03 Hove
46,Statielei 16,2021-08-28,08:00:00,47,28,19,FMN GV 03 Hove
46,Statielei 16,2021-08-28,09:00:00,90,46,44,FMN GV 03 Hove
46,Statielei 16,2021-08-28,10:00:00,140,73,67,FMN GV 03 Hove
46,Statielei 16,2021-08-28,11:00:00,131,82,49,FMN GV 03 Hove
46,Statielei 16,2021-08-28,12:00:00,106,58,48,FMN GV 03 Hove
46,Statielei 16,2021-08-28,13:00:00,148,87,61,FMN GV 03 Hove
46,Statielei 16,2021-08-28,14:00:00,150,79,71,FMN GV 03 Hove
46,Statielei 16,2021-08-28,15:00:00,138,79,59,FMN GV 03 Hove
46,Statielei 16,2021-08-28,16:00:00,143,72,71,FMN GV 03 Hove
46,Statielei 16,2021-08-28,17:00:00,107,52,55,FMN GV 03 Hove
46,Statielei 16,2021-08-28,18:00:00,102,52,50,FMN GV 03 Hove
46,Statielei 16,2021-08-28,19:00:00,106,65,41,FMN GV 03 Hove
46,Statielei 16,2021-08-28,20:00:00,65,28,37,FMN GV 03 Hove
46,Statielei 16,2021-08-28,21:00:00,48,19,29,FMN GV 03 Hove
46,Statielei 16,2021-08-28,22:00:00,28,16,12,FMN GV 03 Hove
46,Statielei 16,2021-08-28,23:00:00,22,7,15,FMN GV 03 Hove
46,Statielei 16,2021-08-29,00:00:00,41,17,24,FMN GV 03 Hove
46,Statielei 16,2021-08-29,01:00:00,37,9,28,FMN GV 03 Hove
46,Statielei 16,2021-08-29,02:00:00,7,6,1,FMN GV 03 Hove
46,Statielei 16,2021-08-29,03:00:00,7,5,2,FMN GV 03 Hove
46,Statielei 16,2021-08-29,04:00:00,11,7,4,FMN GV 03 Hove
46,Statielei 16,2021-08-29,05:00:00,12,8,4,FMN GV 03 Hove
46,Statielei 16,2021-08-29,06:00:00,20,8,12,FMN GV 03 Hove
46,Statielei 16,2021-08-29,07:00:00,19,11,8,FMN GV 03 Hove
46,Statielei 16,2021-08-29,08:00:00,48,26,22,FMN GV 03 Hove
46,Statielei 16,2021-08-29,09:00:00,106,51,55,FMN GV 03 Hove
46,Statielei 16,2021-08-29,10:00:00,114,59,55,FMN GV 03 Hove
46,Statielei 16,2021-08-29,11:00:00,114,64,50,FMN GV 03 Hove
46,Statielei 16,2021-08-29,12:00:00,118,69,49,FMN GV 03 Hove
46,Statielei 16,2021-08-29,13:00:00,107,69,38,FMN GV 03 Hove
46,Statielei 16,2021-08-29,14:00:00,68,40,28,FMN GV 03 Hove
46,Statielei 16,2021-08-29,15:00:00,93,45,48,FMN GV 03 Hove
46,Statielei 16,2021-08-29,16:00:00,80,48,32,FMN GV 03 Hove
46,Statielei 16,2021-08-29,17:00:00,75,42,33,FMN GV 03 Hove
46,Statielei 16,2021-08-29,18:00:00,57,37,20,FMN GV 03 Hove
46,Statielei 16,2021-08-29,19:00:00,53,27,26,FMN GV 03 Hove
46,Statielei 16,2021-08-29,20:00:00,33,16,17,FMN GV 03 Hove
46,Statielei 16,2021-08-29,21:00:00,34,25,9,FMN GV 03 Hove
46,Statielei 16,2021-08-29,22:00:00,16,7,9,FMN GV 03 Hove
46,Statielei 16,2021-08-29,23:00:00,12,2,10,FMN GV 03 Hove
46,Statielei 16,2021-08-30,00:00:00,8,2,6,FMN GV 03 Hove
46,Statielei 16,2021-08-30,01:00:00,12,6,6,FMN GV 03 Hove
46,Statielei 16,2021-08-30,02:00:00,4,1,3,FMN GV 03 Hove
46,Statielei 16,2021-08-30,03:00:00,3,1,2,FMN GV 03 Hove
46,Statielei 16,2021-08-30,04:00:00,15,7,8,FMN GV 03 Hove
46,Statielei 16,2021-08-30,05:00:00,23,10,13,FMN GV 03 Hove
46,Statielei 16,2021-08-30,06:00:00,66,44,22,FMN GV 03 Hove
46,Statielei 16,2021-08-30,07:00:00,178,136,42,FMN GV 03 Hove
46,Statielei 16,2021-08-30,08:00:00,237,183,54,FMN GV 03 Hove
46,Statielei 16,2021-08-30,09:00:00,104,72,32,FMN GV 03 Hove
46,Statielei 16,2021-08-30,10:00:00,70,39,31,FMN GV 03 Hove
46,Statielei 16,2021-08-30,11:00:00,76,48,28,FMN GV 03 Hove
46,Statielei 16,2021-08-30,12:00:00,110,68,42,FMN GV 03 Hove
46,Statielei 16,2021-08-30,13:00:00,132,79,53,FMN GV 03 Hove
46,Statielei 16,2021-08-30,14:00:00,138,73,65,FMN GV 03 Hove
46,Statielei 16,2021-08-30,15:00:00,147,77,70,FMN GV 03 Hove
46,Statielei 16,2021-08-30,16:00:00,229,90,139,FMN GV 03 Hove
46,Statielei 16,2021-08-30,17:00:00,239,95,144,FMN GV 03 Hove
46,Statielei 16,2021-08-30,18:00:00,178,78,100,FMN GV 03 Hove
46,Statielei 16,2021-08-30,19:00:00,112,50,62,FMN GV 03 Hove
46,Statielei 16,2021-08-30,20:00:00,82,49,33,FMN GV 03 Hove
46,Statielei 16,2021-08-30,21:00:00,54,37,17,FMN GV 03 Hove
46,Statielei 16,2021-08-30,22:00:00,29,12,17,FMN GV 03 Hove
46,Statielei 16,2021-08-30,23:00:00,23,6,17,FMN GV 03 Hove
46,Statielei 16,2021-08-31,00:00:00,11,5,6,FMN GV 03 Hove
46,Statielei 16,2021-08-31,01:00:00,3,2,1,FMN GV 03 Hove
46,Statielei 16,2021-08-31,02:00:00,0,0,0,FMN GV 03 Hove
46,Statielei 16,2021-08-31,03:00:00,1,0,1,FMN GV 03 Hove
46,Statielei 16,2021-08-31,04:00:00,9,2,7,FMN GV 03 Hove
46,Statielei 16,2021-08-31,05:00:00,27,11,16,FMN GV 03 Hove
46,Statielei 16,2021-08-31,06:00:00,80,56,24,FMN GV 03 Hove
46,Statielei 16,2021-08-31,07:00:00,220,179,41,FMN GV 03 Hove
46,Statielei 16,2021-08-31,08:00:00,277,197,80,FMN GV 03 Hove
46,Statielei 16,2021-08-31,09:00:00,94,74,20,FMN GV 03 Hove
46,Statielei 16,2021-08-31,10:00:00,81,42,39,FMN GV 03 Hove
46,Statielei 16,2021-08-31,11:00:00,90,53,37,FMN GV 03 Hove
46,Statielei 16,2021-08-31,12:00:00,126,74,52,FMN GV 03 Hove
46,Statielei 16,2021-08-31,13:00:00,158,89,69,FMN GV 03 Hove
46,Statielei 16,2021-08-31,14:00:00,143,82,61,FMN GV 03 Hove
46,Statielei 16,2021-08-31,15:00:00,171,82,89,FMN GV 03 Hove
46,Statielei 16,2021-08-31,16:00:00,248,89,159,FMN GV 03 Hove
46,Statielei 16,2021-08-31,17:00:00,268,100,168,FMN GV 03 Hove
46,Statielei 16,2021-08-31,18:00:00,215,83,132,FMN GV 03 Hove
46,Statielei 16,2021-08-31,19:00:00,102,56,46,FMN GV 03 Hove
46,Statielei 16,2021-08-31,20:00:00,86,55,31,FMN GV 03 Hove
46,Statielei 16,2021-08-31,21:00:00,46,26,20,FMN GV 03 Hove
46,Statielei 16,2021-08-31,22:00:00,38,21,17,FMN GV 03 Hove
46,Statielei 16,2021-08-31,23:00:00,16,5,11,FMN GV 03 Hove
46,Statielei 16,2021-09-01,00:00:00,11,2,9,FMN GV 03 Hove
46,Statielei 16,2021-09-01,01:00:00,3,2,1,FMN GV 03 Hove
46,Statielei 16,2021-09-01,02:00:00,4,1,3,FMN GV 03 Hove
46,Statielei 16,2021-09-01,03:00:00,1,0,1,FMN GV 03 Hove
46,Statielei 16,2021-09-01,04:00:00,11,6,5,FMN GV 03 Hove
46,Statielei 16,2021-09-01,05:00:00,25,10,15,FMN GV 03 Hove
46,Statielei 16,2021-09-01,06:00:00,83,59,24,FMN GV 03 Hove
46,Statielei 16,2021-09-01,07:00:00,272,223,49,FMN GV 03 Hove
46,Statielei 16,2021-09-01,08:00:00,308,232,76,FMN GV 03 Hove
46,Statielei 16,2021-09-01,09:00:00,171,120,51,FMN GV 03 Hove
46,Statielei 16,2021-09-01,10:00:00,142,88,54,FMN GV 03 Hove
46,Statielei 16,2021-09-01,11:00:00,131,68,63,FMN GV 03 Hove
46,Statielei 16,2021-09-01,12:00:00,201,91,110,FMN GV 03 Hove
46,Statielei 16,2021-09-01,13:00:00,211,88,123,FMN GV 03 Hove
46,Statielei 16,2021-09-01,14:00:00,159,81,78,FMN GV 03 Hove
46,Statielei 16,2021-09-01,15:00:00,160,69,91,FMN GV 03 Hove
46,Statielei 16,2021-09-01,16:00:00,196,72,124,FMN GV 03 Hove
46,Statielei 16,2021-09-01,17:00:00,262,104,158,FMN GV 03 Hove
46,Statielei 16,2021-09-01,18:00:00,205,88,117,FMN GV 03 Hove
46,Statielei 16,2021-09-01,19:00:00,138,76,62,FMN GV 03 Hove
46,Statielei 16,2021-09-01,20:00:00,90,59,31,FMN GV 03 Hove
46,Statielei 16,2021-09-01,21:00:00,49,26,23,FMN GV 03 Hove
46,Statielei 16,2021-09-01,22:00:00,44,16,28,FMN GV 03 Hove
46,Statielei 16,2021-09-01,23:00:00,19,7,12,FMN GV 03 Hove
46,Statielei 16,2021-09-02,00:00:00,11,4,7,FMN GV 03 Hove
46,Statielei 16,2021-09-02,01:00:00,1,0,1,FMN GV 03 Hove
46,Statielei 16,2021-09-02,02:00:00,1,1,0,FMN GV 03 Hove
46,Statielei 16,2021-09-02,03:00:00,3,0,3,FMN GV 03 Hove
46,Statielei 16,2021-09-02,04:00:00,11,6,5,FMN GV 03 Hove
46,Statielei 16,2021-09-02,05:00:00,19,7,12,FMN GV 03 Hove
46,Statielei 16,2021-09-02,06:00:00,102,71,31,FMN GV 03 Hove
46,Statielei 16,2021-09-02,07:00:00,325,251,74,FMN GV 03 Hove
46,Statielei 16,2021-09-02,08:00:00,383,300,83,FMN GV 03 Hove
46,Statielei 16,2021-09-02,09:00:00,124,84,40,FMN GV 03 Hove
46,Statielei 16,2021-09-02,10:00:00,110,58,52,FMN GV 03 Hove
46,Statielei 16,2021-09-02,11:00:00,127,80,47,FMN GV 03 Hove
46,Statielei 16,2021-09-02,12:00:00,137,77,60,FMN GV 03 Hove
46,Statielei 16,2021-09-02,13:00:00,159,68,91,FMN GV 03 Hove
46,Statielei 16,2021-09-02,14:00:00,164,79,85,FMN GV 03 Hove
46,Statielei 16,2021-09-02,15:00:00,229,92,137,FMN GV 03 Hove
46,Statielei 16,2021-09-02,16:00:00,316,108,208,FMN GV 03 Hove
46,Statielei 16,2021-09-02,17:00:00,354,131,223,FMN GV 03 Hove
46,Statielei 16,2021-09-02,18:00:00,232,96,136,FMN GV 03 Hove
46,Statielei 16,2021-09-02,19:00:00,125,65,60,FMN GV 03 Hove
46,Statielei 16,2021-09-02,20:00:00,113,68,45,FMN GV 03 Hove
46,Statielei 16,2021-09-02,21:00:00,56,27,29,FMN GV 03 Hove
46,Statielei 16,2021-09-02,22:00:00,45,17,28,FMN GV 03 Hove
46,Statielei 16,2021-09-02,23:00:00,22,12,10,FMN GV 03 Hove
46,Statielei 16,2021-09-03,00:00:00,19,5,14,FMN GV 03 Hove
46,Statielei 16,2021-09-03,01:00:00,6,3,3,FMN GV 03 Hove
46,Statielei 16,2021-09-03,02:00:00,3,1,2,FMN GV 03 Hove
46,Statielei 16,2021-09-03,03:00:00,4,1,3,FMN GV 03 Hove
46,Statielei 16,2021-09-03,04:00:00,10,5,5,FMN GV 03 Hove
46,Statielei 16,2021-09-03,05:00:00,24,9,15,FMN GV 03 Hove
46,Statielei 16,2021-09-03,06:00:00,68,51,17,FMN GV 03 Hove
46,Statielei 16,2021-09-03,07:00:00,291,228,63,FMN GV 03 Hove
46,Statielei 16,2021-09-03,08:00:00,344,268,76,FMN GV 03 Hove
46,Statielei 16,2021-09-03,09:00:00,124,85,39,FMN GV 03 Hove
46,Statielei 16,2021-09-03,10:00:00,116,56,60,FMN GV 03 Hove
46,Statielei 16,2021-09-03,11:00:00,120,70,50,FMN GV 03 Hove
46,Statielei 16,2021-09-03,12:00:00,176,81,95,FMN GV 03 Hove
46,Statielei 16,2021-09-03,13:00:00,187,102,85,FMN GV 03 Hove
46,Statielei 16,2021-09-03,14:00:00,224,108,116,FMN GV 03 Hove
46,Statielei 16,2021-09-03,15:00:00,284,110,174,FMN GV 03 Hove
46,Statielei 16,2021-09-03,16:00:00,304,104,200,FMN GV 03 Hove
46,Statielei 16,2021-09-03,17:00:00,286,103,183,FMN GV 03 Hove
46,Statielei 16,2021-09-03,18:00:00,216,89,127,FMN GV 03 Hove
46,Statielei 16,2021-09-03,19:00:00,157,79,78,FMN GV 03 Hove
46,Statielei 16,2021-09-03,20:00:00,110,61,49,FMN GV 03 Hove
46,Statielei 16,2021-09-03,21:00:00,48,33,15,FMN GV 03 Hove
46,Statielei 16,2021-09-03,22:00:00,46,25,21,FMN GV 03 Hove
46,Statielei 16,2021-09-03,23:00:00,40,20,20,FMN GV 03 Hove
46,Statielei 16,2021-09-04,00:00:00,41,13,28,FMN GV 03 Hove
46,Statielei 16,2021-09-04,01:00:00,31,12,19,FMN GV 03 Hove
46,Statielei 16,2021-09-04,02:00:00,12,9,3,FMN GV 03 Hove
46,Statielei 16,2021-09-04,03:00:00,8,2,6,FMN GV 03 Hove
46,Statielei 16,2021-09-04,04:00:00,15,8,7,FMN GV 03 Hove
46,Statielei 16,2021-09-04,05:00:00,12,5,7,FMN GV 03 Hove
46,Statielei 16,2021-09-04,06:00:00,11,4,7,FMN GV 03 Hove
46,Statielei 16,2021-09-04,07:00:00,36,19,17,FMN GV 03 Hove
46,Statielei 16,2021-09-04,08:00:00,48,33,15,FMN GV 03 Hove
46,Statielei 16,2021-09-04,09:00:00,102,62,40,FMN GV 03 Hove
46,Statielei 16,2021-09-04,10:00:00,153,84,69,FMN GV 03 Hove
46,Statielei 16,2021-09-04,11:00:00,163,97,66,FMN GV 03 Hove
46,Statielei 16,2021-09-04,12:00:00,148,69,79,FMN GV 03 Hove
46,Statielei 16,2021-09-04,13:00:00,161,87,74,FMN GV 03 Hove
46,Statielei 16,2021-09-04,14:00:00,212,102,110,FMN GV 03 Hove
46,Statielei 16,2021-09-04,15:00:00,190,103,87,FMN GV 03 Hove
46,Statielei 16,2021-09-04,16:00:00,179,95,84,FMN GV 03 Hove
46,Statielei 16,2021-09-04,17:00:00,165,93,72,FMN GV 03 Hove
46,Statielei 16,2021-09-04,18:00:00,143,69,74,FMN GV 03 Hove
46,Statielei 16,2021-09-04,19:00:00,81,51,30,FMN GV 03 Hove
46,Statielei 16,2021-09-04,20:00:00,73,41,32,FMN GV 03 Hove
46,Statielei 16,2021-09-04,21:00:00,47,22,25,FMN GV 03 Hove
46,Statielei 16,2021-09-04,22:00:00,40,31,9,FMN GV 03 Hove
46,Statielei 16,2021-09-04,23:00:00,24,6,18,FMN GV 03 Hove
46,Statielei 16,2021-09-05,00:00:00,25,15,10,FMN GV 03 Hove
46,Statielei 16,2021-09-05,01:00:00,22,11,11,FMN GV 03 Hove
46,Statielei 16,2021-09-05,02:00:00,17,13,4,FMN GV 03 Hove
46,Statielei 16,2021-09-05,03:00:00,8,1,7,FMN GV 03 Hove
46,Statielei 16,2021-09-05,04:00:00,5,3,2,FMN GV 03 Hove
46,Statielei 16,2021-09-05,05:00:00,8,7,1,FMN GV 03 Hove
46,Statielei 16,2021-09-05,06:00:00,11,5,6,FMN GV 03 Hove
46,Statielei 16,2021-09-05,07:00:00,22,12,10,FMN GV 03 Hove
46,Statielei 16,2021-09-05,08:00:00,70,40,30,FMN GV 03 Hove
46,Statielei 16,2021-09-05,09:00:00,104,46,58,FMN GV 03 Hove
46,Statielei 16,2021-09-05,10:00:00,172,101,71,FMN GV 03 Hove
46,Statielei 16,2021-09-05,11:00:00,209,117,92,FMN GV 03 Hove
46,Statielei 16,2021-09-05,12:00:00,240,149,91,FMN GV 03 Hove
46,Statielei 16,2021-09-05,13:00:00,270,162,108,FMN GV 03 Hove
46,Statielei 16,2021-09-05,14:00:00,297,169,128,FMN GV 03 Hove
46,Statielei 16,2021-09-05,15:00:00,278,148,130,FMN GV 03 Hove
46,Statielei 16,2021-09-05,16:00:00,230,122,108,FMN GV 03 Hove
46,Statielei 16,2021-09-05,17:00:00,205,113,92,FMN GV 03 Hove
46,Statielei 16,2021-09-05,18:00:00,155,93,62,FMN GV 03 Hove
46,Statielei 16,2021-09-05,19:00:00,98,52,46,FMN GV 03 Hove
46,Statielei 16,2021-09-05,20:00:00,83,54,29,FMN GV 03 Hove
46,Statielei 16,2021-09-05,21:00:00,51,27,24,FMN GV 03 Hove
46,Statielei 16,2021-09-05,22:00:00,39,16,23,FMN GV 03 Hove
46,Statielei 16,2021-09-05,23:00:00,9,4,5,FMN GV 03 Hove
46,Statielei 16,2021-09-06,00:00:00,5,0,5,FMN GV 03 Hove
46,Statielei 16,2021-09-06,01:00:00,4,3,1,FMN GV 03 Hove
46,Statielei 16,2021-09-06,02:00:00,4,1,3,FMN GV 03 Hove
46,Statielei 16,2021-09-06,03:00:00,3,1,2,FMN GV 03 Hove
46,Statielei 16,2021-09-06,04:00:00,10,5,5,FMN GV 03 Hove
46,Statielei 16,2021-09-06,05:00:00,30,19,11,FMN GV 03 Hove
46,Statielei 16,2021-09-06,06:00:00,111,78,33,FMN GV 03 Hove
46,Statielei 16,2021-09-06,07:00:00,308,242,66,FMN GV 03 Hove
46,Statielei 16,2021-09-06,08:00:00,377,295,82,FMN GV 03 Hove
46,Statielei 16,2021-09-06,09:00:00,107,73,34,FMN GV 03 Hove
46,Statielei 16,2021-09-06,10:00:00,105,59,46,FMN GV 03 Hove
46,Statielei 16,2021-09-06,11:00:00,123,79,44,FMN GV 03 Hove
46,Statielei 16,2021-09-06,12:00:00,147,83,64,FMN GV 03 Hove
46,Statielei 16,2021-09-06,13:00:00,175,99,76,FMN GV 03 Hove
46,Statielei 16,2021-09-06,14:00:00,174,86,88,FMN GV 03 Hove
46,Statielei 16,2021-09-06,15:00:00,244,100,144,FMN GV 03 Hove
46,Statielei 16,2021-09-06,16:00:00,355,104,251,FMN GV 03 Hove
46,Statielei 16,2021-09-06,17:00:00,379,115,264,FMN GV 03 Hove
46,Statielei 16,2021-09-06,18:00:00,208,77,131,FMN GV 03 Hove
46,Statielei 16,2021-09-06,19:00:00,125,67,58,FMN GV 03 Hove
46,Statielei 16,2021-09-06,20:00:00,96,54,42,FMN GV 03 Hove
46,Statielei 16,2021-09-06,21:00:00,56,26,30,FMN GV 03 Hove
46,Statielei 16,2021-09-06,22:00:00,37,13,24,FMN GV 03 Hove
46,Statielei 16,2021-09-06,23:00:00,9,3,6,FMN GV 03 Hove
46,Statielei 16,2021-09-07,00:00:00,6,3,3,FMN GV 03 Hove
46,Statielei 16,2021-09-07,01:00:00,1,1,0,FMN GV 03 Hove
46,Statielei 16,2021-09-07,02:00:00,2,1,1,FMN GV 03 Hove
46,Statielei 16,2021-09-07,03:00:00,6,3,3,FMN GV 03 Hove
46,Statielei 16,2021-09-07,04:00:00,8,5,3,FMN GV 03 Hove
46,Statielei 16,2021-09-07,05:00:00,31,16,15,FMN GV 03 Hove
46,Statielei 16,2021-09-07,06:00:00,103,76,27,FMN GV 03 Hove
46,Statielei 16,2021-09-07,07:00:00,365,278,87,FMN GV 03 Hove
46,Statielei 16,2021-09-07,08:00:00,420,336,84,FMN GV 03 Hove
46,Statielei 16,2021-09-07,09:00:00,134,87,47,FMN GV 03 Hove
46,Statielei 16,2021-09-07,10:00:00,110,69,41,FMN GV 03 Hove
46,Statielei 16,2021-09-07,11:00:00,112,67,45,FMN GV 03 Hove
46,Statielei 16,2021-09-07,12:00:00,156,83,73,FMN GV 03 Hove
46,Statielei 16,2021-09-07,13:00:00,190,111,79,FMN GV 03 Hove
46,Statielei 16,2021-09-07,14:00:00,206,111,95,FMN GV 03 Hove
46,Statielei 16,2021-09-07,15:00:00,223,111,112,FMN GV 03 Hove
46,Statielei 16,2021-09-07,16:00:00,371,111,260,FMN GV 03 Hove
46,Statielei 16,2021-09-07,17:00:00,394,109,285,FMN GV 03 Hove
46,Statielei 16,2021-09-07,18:00:00,284,114,170,FMN GV 03 Hove
46,Statielei 16,2021-09-07,19:00:00,187,79,108,FMN GV 03 Hove
46,Statielei 16,2021-09-07,20:00:00,120,70,50,FMN GV 03 Hove
46,Statielei 16,2021-09-07,21:00:00,65,30,35,FMN GV 03 Hove
46,Statielei 16,2021-09-07,22:00:00,49,30,19,FMN GV 03 Hove
46,Statielei 16,2021-09-07,23:00:00,24,11,13,FMN GV 03 Hove
46,Statielei 16,2021-09-08,00:00:00,17,9,8,FMN GV 03 Hove
46,Statielei 16,2021-09-08,01:00:00,6,2,4,FMN GV 03 Hove
46,Statielei 16,2021-09-08,02:00:00,3,2,1,FMN GV 03 Hove
46,Statielei 16,2021-09-08,03:00:00,6,1,5,FMN GV 03 Hove
46,Statielei 16,2021-09-08,04:00:00,11,6,5,FMN GV 03 Hove
46,Statielei 16,2021-09-08,05:00:00,26,12,14,FMN GV 03 Hove
46,Statielei 16,2021-09-08,06:00:00,101,76,25,FMN GV 03 Hove
46,Statielei 16,2021-09-08,07:00:00,331,262,69,FMN GV 03 Hove
46,Statielei 16,2021-09-08,08:00:00,363,271,92,FMN GV 03 Hove
46,Statielei 16,2021-09-08,09:00:00,202,135,67,FMN GV 03 Hove
46,Statielei 16,2021-09-08,10:00:00,160,90,70,FMN GV 03 Hove
46,Statielei 16,2021-09-08,11:00:00,176,86,90,FMN GV 03 Hove
46,Statielei 16,2021-09-08,12:00:00,329,135,194,FMN GV 03 Hove
46,Statielei 16,2021-09-08,13:00:00,244,90,154,FMN GV 03 Hove
46,Statielei 16,2021-09-08,14:00:00,219,90,129,FMN GV 03 Hove
46,Statielei 16,2021-09-08,15:00:00,268,137,131,FMN GV 03 Hove
46,Statielei 16,2021-09-08,16:00:00,284,124,160,FMN GV 03 Hove
46,Statielei 16,2021-09-08,17:00:00,372,133,239,FMN GV 03 Hove
46,Statielei 16,2021-09-08,18:00:00,249,100,149,FMN GV 03 Hove
46,Statielei 16,2021-09-08,19:00:00,171,80,91,FMN GV 03 Hove
46,Statielei 16,2021-09-08,20:00:00,133,99,34,FMN GV 03 Hove
46,Statielei 16,2021-09-08,21:00:00,63,32,31,FMN GV 03 Hove
46,Statielei 16,2021-09-08,22:00:00,66,29,37,FMN GV 03 Hove
46,Statielei 16,2021-09-08,23:00:00,30,13,17,FMN GV 03 Hove
46,Statielei 16,2021-09-09,00:00:00,19,5,14,FMN GV 03 Hove
46,Statielei 16,2021-09-09,01:00:00,6,2,4,FMN GV 03 Hove
46,Statielei 16,2021-09-09,02:00:00,6,5,1,FMN GV 03 Hove
46,Statielei 16,2021-09-09,03:00:00,3,0,3,FMN GV 03 Hove
46,Statielei 16,2021-09-09,04:00:00,12,6,6,FMN GV 03 Hove
46,Statielei 16,2021-09-09,05:00:00,23,10,13,FMN GV 03 Hove
46,Statielei 16,2021-09-09,06:00:00,90,64,26,FMN GV 03 Hove
46,Statielei 16,2021-09-09,07:00:00,314,249,65,FMN GV 03 Hove
46,Statielei 16,2021-09-09,08:00:00,358,276,82,FMN GV 03 Hove
46,Statielei 16,2021-09-09,09:00:00,116,83,33,FMN GV 03 Hove
46,Statielei 16,2021-09-09,10:00:00,96,54,42,FMN GV 03 Hove
46,Statielei 16,2021-09-09,11:00:00,99,56,43,FMN GV 03 Hove
46,Statielei 16,2021-09-09,12:00:00,120,58,62,FMN GV 03 Hove
46,Statielei 16,2021-09-09,13:00:00,147,82,65,FMN GV 03 Hove
46,Statielei 16,2021-09-09,14:00:00,151,74,77,FMN GV 03 Hove
46,Statielei 16,2021-09-09,15:00:00,207,78,129,FMN GV 03 Hove
46,Statielei 16,2021-09-09,16:00:00,332,105,227,FMN GV 03 Hove
46,Statielei 16,2021-09-09,17:00:00,311,108,203,FMN GV 03 Hove
46,Statielei 16,2021-09-09,18:00:00,217,83,134,FMN GV 03 Hove
46,Statielei 16,2021-09-09,19:00:00,108,44,64,FMN GV 03 Hove
46,Statielei 16,2021-09-09,20:00:00,54,38,16,FMN GV 03 Hove
46,Statielei 16,2021-09-09,21:00:00,37,16,21,FMN GV 03 Hove
46,Statielei 16,2021-09-09,22:00:00,41,22,19,FMN GV 03 Hove
46,Statielei 16,2021-09-09,23:00:00,22,7,15,FMN GV 03 Hove
46,Statielei 16,2021-09-10,00:00:00,21,5,16,FMN GV 03 Hove
46,Statielei 16,2021-09-10,01:00:00,10,4,6,FMN GV 03 Hove
46,Statielei 16,2021-09-10,02:00:00,7,1,6,FMN GV 03 Hove
46,Statielei 16,2021-09-10,03:00:00,4,1,3,FMN GV 03 Hove
46,Statielei 16,2021-09-10,04:00:00,10,6,4,FMN GV 03 Hove
46,Statielei 16,2021-09-10,05:00:00,25,13,12,FMN GV 03 Hove
46,Statielei 16,2021-09-10,06:00:00,88,62,26,FMN GV 03 Hove
46,Statielei 16,2021-09-10,07:00:00,236,185,51,FMN GV 03 Hove
46,Statielei 16,2021-09-10,08:00:00,292,229,63,FMN GV 03 Hove
46,Statielei 16,2021-09-10,09:00:00,100,74,26,FMN GV 03 Hove
46,Statielei 16,2021-09-10,10:00:00,94,49,45,FMN GV 03 Hove
46,Statielei 16,2021-09-10,11:00:00,86,46,40,FMN GV 03 Hove
46,Statielei 16,2021-09-10,12:00:00,103,51,52,FMN GV 03 Hove
46,Statielei 16,2021-09-10,13:00:00,87,38,49,FMN GV 03 Hove
46,Statielei 16,2021-09-10,14:00:00,107,58,49,FMN GV 03 Hove
46,Statielei 16,2021-09-10,15:00:00,174,72,102,FMN GV 03 Hove
46,Statielei 16,2021-09-10,16:00:00,261,87,174,FMN GV 03 Hove
46,Statielei 16,2021-09-10,17:00:00,216,68,148,FMN GV 03 Hove
46,Statielei 16,2021-09-10,18:00:00,153,63,90,FMN GV 03 Hove
46,Statielei 16,2021-09-10,19:00:00,102,55,47,FMN GV 03 Hove
46,Statielei 16,2021-09-10,20:00:00,74,41,33,FMN GV 03 Hove
46,Statielei 16,2021-09-10,21:00:00,39,18,21,FMN GV 03 Hove
46,Statielei 16,2021-09-10,22:00:00,44,18,26,FMN GV 03 Hove
46,Statielei 16,2021-09-10,23:00:00,28,11,17,FMN GV 03 Hove
46,Statielei 16,2021-09-11,00:00:00,24,13,11,FMN GV 03 Hove
46,Statielei 16,2021-09-11,01:00:00,20,5,15,FMN GV 03 Hove
46,Statielei 16,2021-09-11,02:00:00,20,7,13,FMN GV 03 Hove
46,Statielei 16,2021-09-11,03:00:00,32,6,26,FMN GV 03 Hove
46,Statielei 16,2021-09-11,04:00:00,6,2,4,FMN GV 03 Hove
46,Statielei 16,2021-09-11,05:00:00,8,3,5,FMN GV 03 Hove
46,Statielei 16,2021-09-11,06:00:00,7,5,2,FMN GV 03 Hove
46,Statielei 16,2021-09-11,07:00:00,32,13,19,FMN GV 03 Hove
46,Statielei 16,2021-09-11,08:00:00,35,19,16,FMN GV 03 Hove
46,Statielei 16,2021-09-11,09:00:00,71,35,36,FMN GV 03 Hove
46,Statielei 16,2021-09-11,10:00:00,95,53,42,FMN GV 03 Hove
46,Statielei 16,2021-09-11,11:00:00,111,64,47,FMN GV 03 Hove
46,Statielei 16,2021-09-11,12:00:00,90,33,57,FMN GV 03 Hove
46,Statielei 16,2021-09-11,13:00:00,123,72,51,FMN GV 03 Hove
46,Statielei 16,2021-09-11,14:00:00,109,71,38,FMN GV 03 Hove
46,Statielei 16,2021-09-11,15:00:00,103,69,34,FMN GV 03 Hove
46,Statielei 16,2021-09-11,16:00:00,92,50,42,FMN GV 03 Hove
46,Statielei 16,2021-09-11,17:00:00,152,84,68,FMN GV 03 Hove
46,Statielei 16,2021-09-11,18:00:00,95,56,39,FMN GV 03 Hove
46,Statielei 16,2021-09-11,19:00:00,57,29,28,FMN GV 03 Hove
46,Statielei 16,2021-09-11,20:00:00,61,31,30,FMN GV 03 Hove
46,Statielei 16,2021-09-11,21:00:00,29,12,17,FMN GV 03 Hove
46,Statielei 16,2021-09-11,22:00:00,36,20,16,FMN GV 03 Hove
46,Statielei 16,2021-09-11,23:00:00,46,17,29,FMN GV 03 Hove
46,Statielei 16,2021-09-12,00:00:00,36,9,27,FMN GV 03 Hove
46,Statielei 16,2021-09-12,01:00:00,39,9,30,FMN GV 03 Hove
46,Statielei 16,2021-09-12,02:00:00,8,1,7,FMN GV 03 Hove
46,Statielei 16,2021-09-12,03:00:00,10,5,5,FMN GV 03 Hove
46,Statielei 16,2021-09-12,04:00:00,11,4,7,FMN GV 03 Hove
46,Statielei 16,2021-09-12,05:00:00,7,0,7,FMN GV 03 Hove
46,Statielei 16,2021-09-12,06:00:00,11,8,3,FMN GV 03 Hove
46,Statielei 16,2021-09-12,07:00:00,13,6,7,FMN GV 03 Hove
46,Statielei 16,2021-09-12,08:00:00,35,14,21,FMN GV 03 Hove
46,Statielei 16,2021-09-12,09:00:00,106,56,50,FMN GV 03 Hove
46,Statielei 16,2021-09-12,10:00:00,160,76,84,FMN GV 03 Hove
46,Statielei 16,2021-09-12,11:00:00,201,114,87,FMN GV 03 Hove
46,Statielei 16,2021-09-12,12:00:00,137,81,56,FMN GV 03 Hove
46,Statielei 16,2021-09-12,13:00:00,217,128,89,FMN GV 03 Hove
46,Statielei 16,2021-09-12,14:00:00,197,109,88,FMN GV 03 Hove
46,Statielei 16,2021-09-12,15:00:00,175,81,94,FMN GV 03 Hove
46,Statielei 16,2021-09-12,16:00:00,174,95,79,FMN GV 03 Hove
46,Statielei 16,2021-09-12,17:00:00,156,78,78,FMN GV 03 Hove
46,Statielei 16,2021-09-12,18:00:00,125,67,58,FMN GV 03 Hove
46,Statielei 16,2021-09-12,19:00:00,82,44,38,FMN GV 03 Hove
46,Statielei 16,2021-09-12,20:00:00,45,24,21,FMN GV 03 Hove
46,Statielei 16,2021-09-12,21:00:00,34,21,13,FMN GV 03 Hove
46,Statielei 16,2021-09-12,22:00:00,21,10,11,FMN GV 03 Hove
46,Statielei 16,2021-09-12,23:00:00,10,3,7,FMN GV 03 Hove
46,Statielei 16,2021-09-13,00:00:00,9,5,4,FMN GV 03 Hove
46,Statielei 16,2021-09-13,01:00:00,3,0,3,FMN GV 03 Hove
46,Statielei 16,2021-09-13,02:00:00,4,2,2,FMN GV 03 Hove
46,Statielei 16,2021-09-13,03:00:00,0,0,0,FMN GV 03 Hove
46,Statielei 16,2021-09-13,04:00:00,11,8,3,FMN GV 03 Hove
46,Statielei 16,2021-09-13,05:00:00,36,22,14,FMN GV 03 Hove
46,Statielei 16,2021-09-13,06:00:00,100,74,26,FMN GV 03 Hove
46,Statielei 16,2021-09-13,07:00:00,322,262,60,FMN GV 03 Hove
46,Statielei 16,2021-09-13,08:00:00,323,240,83,FMN GV 03 Hove
46,Statielei 16,2021-09-13,09:00:00,157,116,41,FMN GV 03 Hove
46,Statielei 16,2021-09-13,10:00:00,89,51,38,FMN GV 03 Hove
46,Statielei 16,2021-09-13,11:00:00,101,69,32,FMN GV 03 Hove
46,Statielei 16,2021-09-13,12:00:00,132,68,64,FMN GV 03 Hove
46,Statielei 16,2021-09-13,13:00:00,148,77,71,FMN GV 03 Hove
46,Statielei 16,2021-09-13,14:00:00,173,77,96,FMN GV 03 Hove
46,Statielei 16,2021-09-13,15:00:00,178,70,108,FMN GV 03 Hove
46,Statielei 16,2021-09-13,16:00:00,336,98,238,FMN GV 03 Hove
46,Statielei 16,2021-09-13,17:00:00,354,102,252,FMN GV 03 Hove
46,Statielei 16,2021-09-13,18:00:00,224,85,139,FMN GV 03 Hove
46,Statielei 16,2021-09-13,19:00:00,108,58,50,FMN GV 03 Hove
46,Statielei 16,2021-09-13,20:00:00,53,32,21,FMN GV 03 Hove
46,Statielei 16,2021-09-13,21:00:00,34,16,18,FMN GV 03 Hove
46,Statielei 16,2021-09-13,22:00:00,25,9,16,FMN GV 03 Hove
46,Statielei 16,2021-09-13,23:00:00,15,8,7,FMN GV 03 Hove
46,Statielei 16,2021-09-14,00:00:00,4,0,4,FMN GV 03 Hove
46,Statielei 16,2021-09-14,01:00:00,3,1,2,FMN GV 03 Hove
46,Statielei 16,2021-09-14,02:00:00,1,0,1,FMN GV 03 Hove
46,Statielei 16,2021-09-14,03:00:00,6,2,4,FMN GV 03 Hove
46,Statielei 16,2021-09-14,04:00:00,4,1,3,FMN GV 03 Hove
46,Statielei 16,2021-09-14,05:00:00,26,18,8,FMN GV 03 Hove
46,Statielei 16,2021-09-14,06:00:00,89,65,24,FMN GV 03 Hove
46,Statielei 16,2021-09-14,07:00:00,348,272,76,FMN GV 03 Hove
46,Statielei 16,2021-09-14,08:00:00,355,276,79,FMN GV 03 Hove
46,Statielei 16,2021-09-14,09:00:00,128,85,43,FMN GV 03 Hove
46,Statielei 16,2021-09-14,10:00:00,102,65,37,FMN GV 03 Hove
46,Statielei 16,2021-09-14,11:00:00,100,54,46,FMN GV 03 Hove
46,Statielei 16,2021-09-14,12:00:00,132,63,69,FMN GV 03 Hove
46,Statielei 16,2021-09-14,13:00:00,112,52,60,FMN GV 03 Hove
46,Statielei 16,2021-09-14,14:00:00,111,49,62,FMN GV 03 Hove
46,Statielei 16,2021-09-14,15:00:00,176,80,96,FMN GV 03 Hove
46,Statielei 16,2021-09-14,16:00:00,301,72,229,FMN GV 03 Hove
46,Statielei 16,2021-09-14,17:00:00,312,89,223,FMN GV 03 Hove
46,Statielei 16,2021-09-14,18:00:00,192,77,115,FMN GV 03 Hove
46,Statielei 16,2021-09-14,19:00:00,113,44,69,FMN GV 03 Hove
46,Statielei 16,2021-09-14,20:00:00,69,38,31,FMN GV 03 Hove
46,Statielei 16,2021-09-14,21:00:00,45,21,24,FMN GV 03 Hove
46,Statielei 16,2021-09-14,22:00:00,30,18,12,FMN GV 03 Hove
46,Statielei 16,2021-09-14,23:00:00,13,7,6,FMN GV 03 Hove
46,Statielei 16,2021-09-15,00:00:00,8,1,7,FMN GV 03 Hove
46,Statielei 16,2021-09-15,01:00:00,3,2,1,FMN GV 03 Hove
46,Statielei 16,2021-09-15,02:00:00,1,1,0,FMN GV 03 Hove
46,Statielei 16,2021-09-15,03:00:00,2,1,1,FMN GV 03 Hove
46,Statielei 16,2021-09-15,04:00:00,6,3,3,FMN GV 03 Hove
46,Statielei 16,2021-09-15,05:00:00,28,11,17,FMN GV 03 Hove
46,Statielei 16,2021-09-15,06:00:00,93,69,24,FMN GV 03 Hove
46,Statielei 16,2021-09-15,07:00:00,233,192,41,FMN GV 03 Hove
46,Statielei 16,2021-09-15,08:00:00,295,232,63,FMN GV 03 Hove
46,Statielei 16,2021-09-15,09:00:00,117,74,43,FMN GV 03 Hove
46,Statielei 16,2021-09-15,10:00:00,79,48,31,FMN GV 03 Hove
46,Statielei 16,2021-09-15,11:00:00,82,38,44,FMN GV 03 Hove
46,Statielei 16,2021-09-15,12:00:00,192,70,122,FMN GV 03 Hove
46,Statielei 16,2021-09-15,13:00:00,142,57,85,FMN GV 03 Hove
46,Statielei 16,2021-09-15,14:00:00,114,55,59,FMN GV 03 Hove
46,Statielei 16,2021-09-15,15:00:00,143,70,73,FMN GV 03 Hove
46,Statielei 16,2021-09-15,16:00:00,153,53,100,FMN GV 03 Hove
46,Statielei 16,2021-09-15,17:00:00,275,109,166,FMN GV 03 Hove
46,Statielei 16,2021-09-15,18:00:00,183,87,96,FMN GV 03 Hove
46,Statielei 16,2021-09-15,19:00:00,122,77,45,FMN GV 03 Hove
46,Statielei 16,2021-09-15,20:00:00,69,48,21,FMN GV 03 Hove
46,Statielei 16,2021-09-15,21:00:00,36,13,23,FMN GV 03 Hove
46,Statielei 16,2021-09-15,22:00:00,31,11,20,FMN GV 03 Hove
46,Statielei 16,2021-09-15,23:00:00,12,2,10,FMN GV 03 Hove
46,Statielei 16,2021-09-16,00:00:00,17,2,15,FMN GV 03 Hove
46,Statielei 16,2021-09-16,01:00:00,3,1,2,FMN GV 03 Hove
46,Statielei 16,2021-09-16,02:00:00,1,1,0,FMN GV 03 Hove
46,Statielei 16,2021-09-16,03:00:00,1,0,1,FMN GV 03 Hove
46,Statielei 16,2021-09-16,04:00:00,10,6,4,FMN GV 03 Hove
46,Statielei 16,2021-09-16,05:00:00,25,15,10,FMN GV 03 Hove
46,Statielei 16,2021-09-16,06:00:00,97,63,34,FMN GV 03 Hove
46,Statielei 16,2021-09-16,07:00:00,303,243,60,FMN GV 03 Hove
46,Statielei 16,2021-09-16,08:00:00,357,280,77,FMN GV 03 Hove
46,Statielei 16,2021-09-16,09:00:00,203,132,71,FMN GV 03 Hove
46,Statielei 16,2021-09-16,10:00:00,89,54,35,FMN GV 03 Hove
46,Statielei 16,2021-09-16,11:00:00,103,57,46,FMN GV 03 Hove
46,Statielei 16,2021-09-16,12:00:00,147,93,54,FMN GV 03 Hove
46,Statielei 16,2021-09-16,13:00:00,151,68,83,FMN GV 03 Hove
46,Statielei 16,2021-09-16,14:00:00,158,68,90,FMN GV 03 Hove
46,Statielei 16,2021-09-16,15:00:00,208,80,128,FMN GV 03 Hove
46,Statielei 16,2021-09-16,16:00:00,312,100,212,FMN GV 03 Hove
46,Statielei 16,2021-09-16,17:00:00,341,114,227,FMN GV 03 Hove
46,Statielei 16,2021-09-16,18:00:00,196,80,116,FMN GV 03 Hove
46,Statielei 16,2021-09-16,19:00:00,120,60,60,FMN GV 03 Hove
46,Statielei 16,2021-09-16,20:00:00,94,46,48,FMN GV 03 Hove
46,Statielei 16,2021-09-16,21:00:00,47,23,24,FMN GV 03 Hove
46,Statielei 16,2021-09-16,22:00:00,62,21,41,FMN GV 03 Hove
46,Statielei 16,2021-09-16,23:00:00,29,12,17,FMN GV 03 Hove
46,Statielei 16,2021-09-17,00:00:00,15,6,9,FMN GV 03 Hove
46,Statielei 16,2021-09-17,01:00:00,4,2,2,FMN GV 03 Hove
46,Statielei 16,2021-09-17,02:00:00,3,2,1,FMN GV 03 Hove
46,Statielei 16,2021-09-17,03:00:00,3,2,1,FMN GV 03 Hove
46,Statielei 16,2021-09-17,04:00:00,7,4,3,FMN GV 03 Hove
46,Statielei 16,2021-09-17,05:00:00,32,16,16,FMN GV 03 Hove
46,Statielei 16,2021-09-17,06:00:00,82,61,21,FMN GV 03 Hove
46,Statielei 16,2021-09-17,07:00:00,257,192,65,FMN GV 03 Hove
46,Statielei 16,2021-09-17,08:00:00,348,271,77,FMN GV 03 Hove
46,Statielei 16,2021-09-17,09:00:00,148,80,68,FMN GV 03 Hove
46,Statielei 16,2021-09-17,10:00:00,116,64,52,FMN GV 03 Hove
46,Statielei 16,2021-09-17,11:00:00,136,71,65,FMN GV 03 Hove
46,Statielei 16,2021-09-17,12:00:00,162,70,92,FMN GV 03 Hove
46,Statielei 16,2021-09-17,13:00:00,189,99,90,FMN GV 03 Hove
46,Statielei 16,2021-09-17,14:00:00,187,84,103,FMN GV 03 Hove
46,Statielei 16,2021-09-17,15:00:00,276,118,158,FMN GV 03 Hove
46,Statielei 16,2021-09-17,16:00:00,319,98,221,FMN GV 03 Hove
46,Statielei 16,2021-09-17,17:00:00,291,113,178,FMN GV 03 Hove
46,Statielei 16,2021-09-17,18:00:00,215,95,120,FMN GV 03 Hove
46,Statielei 16,2021-09-17,19:00:00,131,80,51,FMN GV 03 Hove
46,Statielei 16,2021-09-17,20:00:00,83,33,50,FMN GV 03 Hove
46,Statielei 16,2021-09-17,21:00:00,52,33,19,FMN GV 03 Hove
46,Statielei 16,2021-09-17,22:00:00,45,25,20,FMN GV 03 Hove
46,Statielei 16,2021-09-17,23:00:00,50,18,32,FMN GV 03 Hove
46,Statielei 16,2021-09-18,00:00:00,39,14,25,FMN GV 03 Hove
46,Statielei 16,2021-09-18,01:00:00,20,4,16,FMN GV 03 Hove
46,Statielei 16,2021-09-18,02:00:00,19,12,7,FMN GV 03 Hove
46,Statielei 16,2021-09-18,03:00:00,14,7,7,FMN GV 03 Hove
46,Statielei 16,2021-09-18,04:00:00,9,7,2,FMN GV 03 Hove
46,Statielei 16,2021-09-18,05:00:00,10,3,7,FMN GV 03 Hove
46,Statielei 16,2021-09-18,06:00:00,21,17,4,FMN GV 03 Hove
46,Statielei 16,2021-09-18,07:00:00,23,9,14,FMN GV 03 Hove
46,Statielei 16,2021-09-18,08:00:00,51,33,18,FMN GV 03 Hove
46,Statielei 16,2021-09-18,09:00:00,142,92,50,FMN GV 03 Hove
46,Statielei 16,2021-09-18,10:00:00,163,106,57,FMN GV 03 Hove
46,Statielei 16,2021-09-18,11:00:00,199,95,104,FMN GV 03 Hove
46,Statielei 16,2021-09-18,12:00:00,218,114,104,FMN GV 03 Hove
46,Statielei 16,2021-09-18,13:00:00,276,155,121,FMN GV 03 Hove
46,Statielei 16,2021-09-18,14:00:00,299,149,150,FMN GV 03 Hove
46,Statielei 16,2021-09-18,15:00:00,259,116,143,FMN GV 03 Hove
46,Statielei 16,2021-09-18,16:00:00,275,128,147,FMN GV 03 Hove
46,Statielei 16,2021-09-18,17:00:00,197,91,106,FMN GV 03 Hove
46,Statielei 16,2021-09-18,18:00:00,141,80,61,FMN GV 03 Hove
46,Statielei 16,2021-09-18,19:00:00,110,64,46,FMN GV 03 Hove
46,Statielei 16,2021-09-18,20:00:00,90,37,53,FMN GV 03 Hove
46,Statielei 16,2021-09-18,21:00:00,51,23,28,FMN GV 03 Hove
46,Statielei 16,2021-09-18,22:00:00,44,18,26,FMN GV 03 Hove
46,Statielei 16,2021-09-18,23:00:00,39,18,21,FMN GV 03 Hove
46,Statielei 16,2021-09-19,00:00:00,40,17,23,FMN GV 03 Hove
46,Statielei 16,2021-09-19,01:00:00,21,7,14,FMN GV 03 Hove
46,Statielei 16,2021-09-19,02:00:00,25,14,11,FMN GV 03 Hove
46,Statielei 16,2021-09-19,03:00:00,17,7,10,FMN GV 03 Hove
46,Statielei 16,2021-09-19,04:00:00,11,9,2,FMN GV 03 Hove
46,Statielei 16,2021-09-19,05:00:00,17,7,10,FMN GV 03 Hove
46,Statielei 16,2021-09-19,06:00:00,16,9,7,FMN GV 03 Hove
46,Statielei 16,2021-09-19,07:00:00,15,10,5,FMN GV 03 Hove
46,Statielei 16,2021-09-19,08:00:00,43,14,29,FMN GV 03 Hove
46,Statielei 16,2021-09-19,09:00:00,118,50,68,FMN GV 03 Hove
46,Statielei 16,2021-09-19,10:00:00,140,71,69,FMN GV 03 Hove
46,Statielei 16,2021-09-19,11:00:00,211,135,76,FMN GV 03 Hove
46,Statielei 16,2021-09-19,12:00:00,200,141,59,FMN GV 03 Hove
46,Statielei 16,2021-09-19,13:00:00,292,193,99,FMN GV 03 Hove
46,Statielei 16,2021-09-19,14:00:00,270,165,105,FMN GV 03 Hove
46,Statielei 16,2021-09-19,15:00:00,233,110,123,FMN GV 03 Hove
46,Statielei 16,2021-09-19,16:00:00,213,98,115,FMN GV 03 Hove
46,Statielei 16,2021-09-19,17:00:00,174,75,99,FMN GV 03 Hove
46,Statielei 16,2021-09-19,18:00:00,162,94,68,FMN GV 03 Hove
46,Statielei 16,2021-09-19,19:00:00,117,76,41,FMN GV 03 Hove
46,Statielei 16,2021-09-19,20:00:00,56,32,24,FMN GV 03 Hove
46,Statielei 16,2021-09-19,21:00:00,32,18,14,FMN GV 03 Hove
46,Statielei 16,2021-09-19,22:00:00,22,10,12,FMN GV 03 Hove
46,Statielei 16,2021-09-19,23:00:00,18,6,12,FMN GV 03 Hove
46,Statielei 16,2021-09-20,00:00:00,10,4,6,FMN GV 03 Hove
46,Statielei 16,2021-09-20,01:00:00,3,0,3,FMN GV 03 Hove
46,Statielei 16,2021-09-20,02:00:00,2,0,2,FMN GV 03 Hove
46,Statielei 16,2021-09-20,03:00:00,3,0,3,FMN GV 03 Hove
46,Statielei 16,2021-09-20,04:00:00,8,6,2,FMN GV 03 Hove
46,Statielei 16,2021-09-20,05:00:00,25,9,16,FMN GV 03 Hove
46,Statielei 16,2021-09-20,06:00:00,93,68,25,FMN GV 03 Hove
46,Statielei 16,2021-09-20,07:00:00,341,269,72,FMN GV 03 Hove
46,Statielei 16,2021-09-20,08:00:00,377,284,93,FMN GV 03 Hove
46,Statielei 16,2021-09-20,09:00:00,136,96,40,FMN GV 03 Hove
46,Statielei 16,2021-09-20,10:00:00,84,44,40,FMN GV 03 Hove
46,Statielei 16,2021-09-20,11:00:00,88,51,37,FMN GV 03 Hove
46,Statielei 16,2021-09-20,12:00:00,124,72,52,FMN GV 03 Hove
46,Statielei 16,2021-09-20,13:00:00,126,67,59,FMN GV 03 Hove
46,Statielei 16,2021-09-20,14:00:00,173,79,94,FMN GV 03 Hove
46,Statielei 16,2021-09-20,15:00:00,197,77,120,FMN GV 03 Hove
46,Statielei 16,2021-09-20,16:00:00,269,92,177,FMN GV 03 Hove
46,Statielei 16,2021-09-20,17:00:00,357,116,241,FMN GV 03 Hove
46,Statielei 16,2021-09-20,18:00:00,228,82,146,FMN GV 03 Hove
46,Statielei 16,2021-09-20,19:00:00,107,54,53,FMN GV 03 Hove
46,Statielei 16,2021-09-20,20:00:00,39,21,18,FMN GV 03 Hove
46,Statielei 16,2021-09-20,21:00:00,30,16,14,FMN GV 03 Hove
46,Statielei 16,2021-09-20,22:00:00,35,15,20,FMN GV 03 Hove
46,Statielei 16,2021-09-20,23:00:00,14,4,10,FMN GV 03 Hove
46,Statielei 16,2021-09-21,00:00:00,4,2,2,FMN GV 03 Hove
46,Statielei 16,2021-09-21,01:00:00,2,1,1,FMN GV 03 Hove
46,Statielei 16,2021-09-21,02:00:00,3,0,3,FMN GV 03 Hove
46,Statielei 16,2021-09-21,03:00:00,5,2,3,FMN GV 03 Hove
46,Statielei 16,2021-09-21,04:00:00,7,5,2,FMN GV 03 Hove
46,Statielei 16,2021-09-21,05:00:00,29,15,14,FMN GV 03 Hove
46,Statielei 16,2021-09-21,06:00:00,102,75,27,FMN GV 03 Hove
46,Statielei 16,2021-09-21,07:00:00,339,276,63,FMN GV 03 Hove
46,Statielei 16,2021-09-21,08:00:00,405,316,89,FMN GV 03 Hove
46,Statielei 16,2021-09-21,09:00:00,137,103,34,FMN GV 03 Hove
46,Statielei 16,2021-09-21,10:00:00,105,63,42,FMN GV 03 Hove
46,Statielei 16,2021-09-21,11:00:00,123,70,53,FMN GV 03 Hove
46,Statielei 16,2021-09-21,12:00:00,155,73,82,FMN GV 03 Hove
46,Statielei 16,2021-09-21,13:00:00,151,84,67,FMN GV 03 Hove
46,Statielei 16,2021-09-21,14:00:00,145,63,82,FMN GV 03 Hove
46,Statielei 16,2021-09-21,15:00:00,209,85,124,FMN GV 03 Hove
46,Statielei 16,2021-09-21,16:00:00,335,96,239,FMN GV 03 Hove
46,Statielei 16,2021-09-21,17:00:00,377,138,239,FMN GV 03 Hove
46,Statielei 16,2021-09-21,18:00:00,264,104,160,FMN GV 03 Hove
46,Statielei 16,2021-09-21,19:00:00,99,44,55,FMN GV 03 Hove
46,Statielei 16,2021-09-21,20:00:00,87,51,36,FMN GV 03 Hove
46,Statielei 16,2021-09-21,21:00:00,58,38,20,FMN GV 03 Hove
46,Statielei 16,2021-09-21,22:00:00,49,26,23,FMN GV 03 Hove
46,Statielei 16,2021-09-21,23:00:00,23,7,16,FMN GV 03 Hove
46,Statielei 16,2021-09-22,00:00:00,13,6,7,FMN GV 03 Hove
46,Statielei 16,2021-09-22,01:00:00,4,2,2,FMN GV 03 Hove
46,Statielei 16,2021-09-22,02:00:00,1,0,1,FMN GV 03 Hove
46,Statielei 16,2021-09-22,03:00:00,1,0,1,FMN GV 03 Hove
46,Statielei 16,2021-09-22,04:00:00,9,6,3,FMN GV 03 Hove
46,Statielei 16,2021-09-22,05:00:00,25,14,11,FMN GV 03 Hove
46,Statielei 16,2021-09-22,06:00:00,97,68,29,FMN GV 03 Hove
46,Statielei 16,2021-09-22,07:00:00,303,236,67,FMN GV 03 Hove
46,Statielei 16,2021-09-22,08:00:00,355,274,81,FMN GV 03 Hove
46,Statielei 16,2021-09-22,09:00:00,196,118,78,FMN GV 03 Hove
46,Statielei 16,2021-09-22,10:00:00,211,88,123,FMN GV 03 Hove
46,Statielei 16,2021-09-22,11:00:00,170,96,74,FMN GV 03 Hove
46,Statielei 16,2021-09-22,12:00:00,347,186,161,FMN GV 03 Hove
46,Statielei 16,2021-09-22,13:00:00,212,87,125,FMN GV 03 Hove
46,Statielei 16,2021-09-22,14:00:00,231,103,128,FMN GV 03 Hove
46,Statielei 16,2021-09-22,15:00:00,218,105,113,FMN GV 03 Hove
46,Statielei 16,2021-09-22,16:00:00,305,130,175,FMN GV 03 Hove
46,Statielei 16,2021-09-22,17:00:00,334,129,205,FMN GV 03 Hove
46,Statielei 16,2021-09-22,18:00:00,215,99,116,FMN GV 03 Hove
46,Statielei 16,2021-09-22,19:00:00,141,68,73,FMN GV 03 Hove
46,Statielei 16,2021-09-22,20:00:00,85,42,43,FMN GV 03 Hove
46,Statielei 16,2021-09-22,21:00:00,60,30,30,FMN GV 03 Hove
46,Statielei 16,2021-09-22,22:00:00,45,18,27,FMN GV 03 Hove
46,Statielei 16,2021-09-22,23:00:00,39,11,28,FMN GV 03 Hove
46,Statielei 16,2021-09-23,00:00:00,13,8,5,FMN GV 03 Hove
46,Statielei 16,2021-09-23,01:00:00,7,3,4,FMN GV 03 Hove
46,Statielei 16,2021-09-23,02:00:00,2,2,0,FMN GV 03 Hove
46,Statielei 16,2021-09-23,03:00:00,6,3,3,FMN GV 03 Hove
46,Statielei 16,2021-09-23,04:00:00,7,5,2,FMN GV 03 Hove
46,Statielei 16,2021-09-23,05:00:00,23,14,9,FMN GV 03 Hove
46,Statielei 16,2021-09-23,06:00:00,95,64,31,FMN GV 03 Hove
46,Statielei 16,2021-09-23,07:00:00,321,246,75,FMN GV 03 Hove
46,Statielei 16,2021-09-23,08:00:00,375,294,81,FMN GV 03 Hove
46,Statielei 16,2021-09-23,09:00:00,102,77,25,FMN GV 03 Hove
46,Statielei 16,2021-09-23,10:00:00,90,51,39,FMN GV 03 Hove
46,Statielei 16,2021-09-23,11:00:00,110,65,45,FMN GV 03 Hove
46,Statielei 16,2021-09-23,12:00:00,123,66,57,FMN GV 03 Hove
46,Statielei 16,2021-09-23,13:00:00,143,74,69,FMN GV 03 Hove
46,Statielei 16,2021-09-23,14:00:00,110,58,52,FMN GV 03 Hove
46,Statielei 16,2021-09-23,15:00:00,202,62,140,FMN GV 03 Hove
46,Statielei 16,2021-09-23,16:00:00,328,87,241,FMN GV 03 Hove
46,Statielei 16,2021-09-23,17:00:00,357,133,224,FMN GV 03 Hove
46,Statielei 16,2021-09-23,18:00:00,244,108,136,FMN GV 03 Hove
46,Statielei 16,2021-09-23,19:00:00,159,94,65,FMN GV 03 Hove
46,Statielei 16,2021-09-23,20:00:00,79,56,23,FMN GV 03 Hove
46,Statielei 16,2021-09-23,21:00:00,38,22,16,FMN GV 03 Hove
46,Statielei 16,2021-09-23,22:00:00,73,31,42,FMN GV 03 Hove
46,Statielei 16,2021-09-23,23:00:00,52,19,33,FMN GV 03 Hove
46,Statielei 16,2021-09-24,00:00:00,27,6,21,FMN GV 03 Hove
46,Statielei 16,2021-09-24,01:00:00,12,2,10,FMN GV 03 Hove
46,Statielei 16,2021-09-24,02:00:00,2,1,1,FMN GV 03 Hove
46,Statielei 16,2021-09-24,03:00:00,6,1,5,FMN GV 03 Hove
46,Statielei 16,2021-09-24,04:00:00,10,8,2,FMN GV 03 Hove
46,Statielei 16,2021-09-24,05:00:00,21,11,10,FMN GV 03 Hove
46,Statielei 16,2021-09-24,06:00:00,100,67,33,FMN GV 03 Hove
46,Statielei 16,2021-09-24,07:00:00,244,189,55,FMN GV 03 Hove
46,Statielei 16,2021-09-24,08:00:00,358,282,76,FMN GV 03 Hove
46,Statielei 16,2021-09-24,09:00:00,129,79,50,FMN GV 03 Hove
46,Statielei 16,2021-09-24,10:00:00,98,60,38,FMN GV 03 Hove
46,Statielei 16,2021-09-24,11:00:00,108,61,47,FMN GV 03 Hove
46,Statielei 16,2021-09-24,12:00:00,147,81,66,FMN GV 03 Hove
46,Statielei 16,2021-09-24,13:00:00,154,68,86,FMN GV 03 Hove
46,Statielei 16,2021-09-24,14:00:00,154,77,77,FMN GV 03 Hove
46,Statielei 16,2021-09-24,15:00:00,266,102,164,FMN GV 03 Hove
46,Statielei 16,2021-09-24,16:00:00,296,103,193,FMN GV 03 Hove
46,Statielei 16,2021-09-24,17:00:00,309,121,188,FMN GV 03 Hove
46,Statielei 16,2021-09-24,18:00:00,209,91,118,FMN GV 03 Hove
46,Statielei 16,2021-09-24,19:00:00,127,76,51,FMN GV 03 Hove
46,Statielei 16,2021-09-24,20:00:00,68,28,40,FMN GV 03 Hove
46,Statielei 16,2021-09-24,21:00:00,38,20,18,FMN GV 03 Hove
46,Statielei 16,2021-09-24,22:00:00,47,19,28,FMN GV 03 Hove
46,Statielei 16,2021-09-24,23:00:00,45,12,33,FMN GV 03 Hove
46,Statielei 16,2021-09-25,00:00:00,38,18,20,FMN GV 03 Hove
46,Statielei 16,2021-09-25,01:00:00,25,11,14,FMN GV 03 Hove
46,Statielei 16,2021-09-25,02:00:00,14,5,9,FMN GV 03 Hove
46,Statielei 16,2021-09-25,03:00:00,16,8,8,FMN GV 03 Hove
46,Statielei 16,2021-09-25,04:00:00,10,7,3,FMN GV 03 Hove
46,Statielei 16,2021-09-25,05:00:00,8,5,3,FMN GV 03 Hove
46,Statielei 16,2021-09-25,06:00:00,18,10,8,FMN GV 03 Hove
46,Statielei 16,2021-09-25,07:00:00,35,13,22,FMN GV 03 Hove
46,Statielei 16,2021-09-25,08:00:00,63,30,33,FMN GV 03 Hove
46,Statielei 16,2021-09-25,09:00:00,98,60,38,FMN GV 03 Hove
46,Statielei 16,2021-09-25,10:00:00,195,102,93,FMN GV 03 Hove
46,Statielei 16,2021-09-25,11:00:00,247,119,128,FMN GV 03 Hove
46,Statielei 16,2021-09-25,12:00:00,189,108,81,FMN GV 03 Hove
46,Statielei 16,2021-09-25,13:00:00,234,133,101,FMN GV 03 Hove
46,Statielei 16,2021-09-25,14:00:00,211,114,97,FMN GV 03 Hove
46,Statielei 16,2021-09-25,15:00:00,222,122,100,FMN GV 03 Hove
46,Statielei 16,2021-09-25,16:00:00,201,114,87,FMN GV 03 Hove
46,Statielei 16,2021-09-25,17:00:00,163,100,63,FMN GV 03 Hove
46,Statielei 16,2021-09-25,18:00:00,156,89,67,FMN GV 03 Hove
46,Statielei 16,2021-09-25,19:00:00,85,57,28,FMN GV 03 Hove
46,Statielei 16,2021-09-25,20:00:00,70,45,25,FMN GV 03 Hove
46,Statielei 16,2021-09-25,21:00:00,45,19,26,FMN GV 03 Hove
46,Statielei 16,2021-09-25,22:00:00,39,17,22,FMN GV 03 Hove
46,Statielei 16,2021-09-25,23:00:00,38,18,20,FMN GV 03 Hove
46,Statielei 16,2021-09-26,00:00:00,28,18,10,FMN GV 03 Hove
46,Statielei 16,2021-09-26,01:00:00,29,13,16,FMN GV 03 Hove
46,Statielei 16,2021-09-26,02:00:00,11,3,8,FMN GV 03 Hove
46,Statielei 16,2021-09-26,03:00:00,11,5,6,FMN GV 03 Hove
46,Statielei 16,2021-09-26,04:00:00,9,3,6,FMN GV 03 Hove
46,Statielei 16,2021-09-26,05:00:00,14,4,10,FMN GV 03 Hove
46,Statielei 16,2021-09-26,06:00:00,11,8,3,FMN GV 03 Hove
46,Statielei 16,2021-09-26,07:00:00,28,18,10,FMN GV 03 Hove
46,Statielei 16,2021-09-26,08:00:00,50,23,27,FMN GV 03 Hove
46,Statielei 16,2021-09-26,09:00:00,127,54,73,FMN GV 03 Hove
46,Statielei 16,2021-09-26,10:00:00,189,56,133,FMN GV 03 Hove
46,Statielei 16,2021-09-26,11:00:00,284,149,135,FMN GV 03 Hove
46,Statielei 16,2021-09-26,12:00:00,200,110,90,FMN GV 03 Hove
46,Statielei 16,2021-09-26,13:00:00,160,78,82,FMN GV 03 Hove
46,Statielei 16,2021-09-26,14:00:00,154,80,74,FMN GV 03 Hove
46,Statielei 16,2021-09-26,15:00:00,142,76,66,FMN GV 03 Hove
46,Statielei 16,2021-09-26,16:00:00,121,73,48,FMN GV 03 Hove
46,Statielei 16,2021-09-26,17:00:00,170,106,64,FMN GV 03 Hove
46,Statielei 16,2021-09-26,18:00:00,127,87,40,FMN GV 03 Hove
46,Statielei 16,2021-09-26,19:00:00,74,55,19,FMN GV 03 Hove
46,Statielei 16,2021-09-26,20:00:00,59,39,20,FMN GV 03 Hove
46,Statielei 16,2021-09-26,21:00:00,32,22,10,FMN GV 03 Hove
46,Statielei 16,2021-09-26,22:00:00,25,13,12,FMN GV 03 Hove
46,Statielei 16,2021-09-26,23:00:00,11,7,4,FMN GV 03 Hove
46,Statielei 16,2021-09-27,00:00:00,6,4,2,FMN GV 03 Hove
46,Statielei 16,2021-09-27,01:00:00,4,2,2,FMN GV 03 Hove
46,Statielei 16,2021-09-27,02:00:00,1,0,1,FMN GV 03 Hove
46,Statielei 16,2021-09-27,03:00:00,3,0,3,FMN GV 03 Hove
46,Statielei 16,2021-09-27,04:00:00,8,3,5,FMN GV 03 Hove
46,Statielei 16,2021-09-27,05:00:00,21,12,9,FMN GV 03 Hove
46,Statielei 16,2021-09-27,06:00:00,90,70,20,FMN GV 03 Hove
46,Statielei 16,2021-09-27,07:00:00,289,241,48,FMN GV 03 Hove
46,Statielei 16,2021-09-27,08:00:00,297,233,64,FMN GV 03 Hove
46,Statielei 16,2021-09-27,09:00:00,135,104,31,FMN GV 03 Hove
46,Statielei 16,2021-09-27,10:00:00,72,38,34,FMN GV 03 Hove
46,Statielei 16,2021-09-27,11:00:00,75,56,19,FMN GV 03 Hove
46,Statielei 16,2021-09-27,12:00:00,98,59,39,FMN GV 03 Hove
46,Statielei 16,2021-09-27,13:00:00,101,66,35,FMN GV 03 Hove
46,Statielei 16,2021-09-27,14:00:00,64,35,29,FMN GV 03 Hove
46,Statielei 16,2021-09-27,15:00:00,107,30,77,FMN GV 03 Hove
46,Statielei 16,2021-09-27,16:00:00,234,56,178,FMN GV 03 Hove
46,Statielei 16,2021-09-27,17:00:00,257,73,184,FMN GV 03 Hove
46,Statielei 16,2021-09-27,18:00:00,145,50,95,FMN GV 03 Hove
46,Statielei 16,2021-09-27,19:00:00,82,44,38,FMN GV 03 Hove
46,Statielei 16,2021-09-27,20:00:00,47,23,24,FMN GV 03 Hove
46,Statielei 16,2021-09-27,21:00:00,31,9,22,FMN GV 03 Hove
46,Statielei 16,2021-09-27,22:00:00,40,11,29,FMN GV 03 Hove
46,Statielei 16,2021-09-27,23:00:00,15,4,11,FMN GV 03 Hove
46,Statielei 16,2021-09-28,00:00:00,6,1,5,FMN GV 03 Hove
46,Statielei 16,2021-09-28,01:00:00,1,0,1,FMN GV 03 Hove
46,Statielei 16,2021-09-28,02:00:00,0,0,0,FMN GV 03 Hove
46,Statielei 16,2021-09-28,03:00:00,2,0,2,FMN GV 03 Hove
46,Statielei 16,2021-09-28,04:00:00,7,3,4,FMN GV 03 Hove
46,Statielei 16,2021-09-28,05:00:00,27,12,15,FMN GV 03 Hove
46,Statielei 16,2021-09-28,06:00:00,99,77,22,FMN GV 03 Hove
46,Statielei 16,2021-09-28,07:00:00,379,309,70,FMN GV 03 Hove
46,Statielei 16,2021-09-28,08:00:00,398,295,103,FMN GV 03 Hove
46,Statielei 16,2021-09-28,09:00:00,140,89,51,FMN GV 03 Hove
46,Statielei 16,2021-09-28,10:00:00,97,52,45,FMN GV 03 Hove
46,Statielei 16,2021-09-28,11:00:00,114,62,52,FMN GV 03 Hove
46,Statielei 16,2021-09-28,12:00:00,196,128,68,FMN GV 03 Hove
46,Statielei 16,2021-09-28,13:00:00,157,78,79,FMN GV 03 Hove
46,Statielei 16,2021-09-28,14:00:00,220,121,99,FMN GV 03 Hove
46,Statielei 16,2021-09-28,15:00:00,190,77,113,FMN GV 03 Hove
46,Statielei 16,2021-09-28,16:00:00,320,79,241,FMN GV 03 Hove
46,Statielei 16,2021-09-28,17:00:00,383,121,262,FMN GV 03 Hove
46,Statielei 16,2021-09-28,18:00:00,297,89,208,FMN GV 03 Hove
46,Statielei 16,2021-09-28,19:00:00,120,56,64,FMN GV 03 Hove
46,Statielei 16,2021-09-28,20:00:00,85,47,38,FMN GV 03 Hove
46,Statielei 16,2021-09-28,21:00:00,46,28,18,FMN GV 03 Hove
46,Statielei 16,2021-09-28,22:00:00,79,37,42,FMN GV 03 Hove
46,Statielei 16,2021-09-28,23:00:00,23,4,19,FMN GV 03 Hove
46,Statielei 16,2021-09-29,00:00:00,9,5,4,FMN GV 03 Hove
46,Statielei 16,2021-09-29,01:00:00,1,0,1,FMN GV 03 Hove
46,Statielei 16,2021-09-29,02:00:00,0,0,0,FMN GV 03 Hove
46,Statielei 16,2021-09-29,03:00:00,2,0,2,FMN GV 03 Hove
46,Statielei 16,2021-09-29,04:00:00,14,11,3,FMN GV 03 Hove
46,Statielei 16,2021-09-29,05:00:00,17,8,9,FMN GV 03 Hove
46,Statielei 16,2021-09-29,06:00:00,78,63,15,FMN GV 03 Hove
46,Statielei 16,2021-09-29,07:00:00,202,161,41,FMN GV 03 Hove
46,Statielei 16,2021-09-29,08:00:00,221,183,38,FMN GV 03 Hove
46,Statielei 16,2021-09-29,09:00:00,73,49,24,FMN GV 03 Hove
46,Statielei 16,2021-09-29,10:00:00,65,39,26,FMN GV 03 Hove
46,Statielei 16,2021-09-29,11:00:00,65,39,26,FMN GV 03 Hove
46,Statielei 16,2021-09-29,12:00:00,155,52,103,FMN GV 03 Hove
46,Statielei 16,2021-09-29,13:00:00,114,51,63,FMN GV 03 Hove
46,Statielei 16,2021-09-29,14:00:00,86,38,48,FMN GV 03 Hove
46,Statielei 16,2021-09-29,15:00:00,77,35,42,FMN GV 03 Hove
46,Statielei 16,2021-09-29,16:00:00,111,34,77,FMN GV 03 Hove
46,Statielei 16,2021-09-29,17:00:00,162,57,105,FMN GV 03 Hove
46,Statielei 16,2021-09-29,18:00:00,115,34,81,FMN GV 03 Hove
46,Statielei 16,2021-09-29,19:00:00,60,32,28,FMN GV 03 Hove
46,Statielei 16,2021-09-29,20:00:00,45,27,18,FMN GV 03 Hove
46,Statielei 16,2021-09-29,21:00:00,27,13,14,FMN GV 03 Hove
46,Statielei 16,2021-09-29,22:00:00,33,13,20,FMN GV 03 Hove
46,Statielei 16,2021-09-29,23:00:00,8,2,6,FMN GV 03 Hove
46,Statielei 16,2021-09-30,00:00:00,4,1,3,FMN GV 03 Hove
46,Statielei 16,2021-09-30,01:00:00,4,4,0,FMN GV 03 Hove
46,Statielei 16,2021-09-30,02:00:00,1,0,1,FMN GV 03 Hove
46,Statielei 16,2021-09-30,03:00:00,3,2,1,FMN GV 03 Hove
46,Statielei 16,2021-09-30,04:00:00,13,8,5,FMN GV 03 Hove
46,Statielei 16,2021-09-30,05:00:00,23,9,14,FMN GV 03 Hove
46,Statielei 16,2021-09-30,06:00:00,94,72,22,FMN GV 03 Hove
46,Statielei 16,2021-09-30,07:00:00,317,250,67,FMN GV 03 Hove
46,Statielei 16,2021-09-30,08:00:00,319,255,64,FMN GV 03 Hove
46,Statielei 16,2021-09-30,09:00:00,140,96,44,FMN GV 03 Hove
46,Statielei 16,2021-09-30,10:00:00,74,38,36,FMN GV 03 Hove
46,Statielei 16,2021-09-30,11:00:00,85,53,32,FMN GV 03 Hove
46,Statielei 16,2021-09-30,12:00:00,115,65,50,FMN GV 03 Hove
46,Statielei 16,2021-09-30,13:00:00,117,69,48,FMN GV 03 Hove
46,Statielei 16,2021-09-30,14:00:00,107,51,56,FMN GV 03 Hove
46,Statielei 16,2021-09-30,15:00:00,145,57,88,FMN GV 03 Hove
46,Statielei 16,2021-09-30,16:00:00,308,87,221,FMN GV 03 Hove
46,Statielei 16,2021-09-30,17:00:00,320,99,221,FMN GV 03 Hove
46,Statielei 16,2021-09-30,18:00:00,205,81,124,FMN GV 03 Hove
46,Statielei 16,2021-09-30,19:00:00,98,44,54,FMN GV 03 Hove
46,Statielei 16,2021-09-30,20:00:00,62,38,24,FMN GV 03 Hove
46,Statielei 16,2021-09-30,21:00:00,45,20,25,FMN GV 03 Hove
46,Statielei 16,2021-09-30,22:00:00,45,13,32,FMN GV 03 Hove
46,Statielei 16,2021-09-30,23:00:00,35,7,28,FMN GV 03 Hove
46,Statielei 16,2021-10-01,00:00:00,21,10,11,FMN GV 03 Hove
46,Statielei 16,2021-10-01,01:00:00,4,1,3,FMN GV 03 Hove
46,Statielei 16,2021-10-01,02:00:00,7,2,5,FMN GV 03 Hove
46,Statielei 16,2021-10-01,03:00:00,2,2,0,FMN GV 03 Hove
46,Statielei 16,2021-10-01,04:00:00,11,6,5,FMN GV 03 Hove
46,Statielei 16,2021-10-01,05:00:00,21,15,6,FMN GV 03 Hove
46,Statielei 16,2021-10-01,06:00:00,72,56,16,FMN GV 03 Hove
46,Statielei 16,2021-10-01,07:00:00,230,174,56,FMN GV 03 Hove
46,Statielei 16,2021-10-01,08:00:00,279,217,62,FMN GV 03 Hove
46,Statielei 16,2021-10-01,09:00:00,74,53,21,FMN GV 03 Hove
46,Statielei 16,2021-10-01,10:00:00,73,46,27,FMN GV 03 Hove
46,Statielei 16,2021-10-01,11:00:00,60,33,27,FMN GV 03 Hove
46,Statielei 16,2021-10-01,12:00:00,109,56,53,FMN GV 03 Hove
46,Statielei 16,2021-10-01,13:00:00,111,54,57,FMN GV 03 Hove
46,Statielei 16,2021-10-01,14:00:00,100,49,51,FMN GV 03 Hove
46,Statielei 16,2021-10-01,15:00:00,177,77,100,FMN GV 03 Hove
46,Statielei 16,2021-10-01,16:00:00,220,69,151,FMN GV 03 Hove
46,Statielei 16,2021-10-01,17:00:00,166,63,103,FMN GV 03 Hove
46,Statielei 16,2021-10-01,18:00:00,122,35,87,FMN GV 03 Hove
46,Statielei 16,2021-10-01,19:00:00,52,25,27,FMN GV 03 Hove
46,Statielei 16,2021-10-01,20:00:00,37,23,14,FMN GV 03 Hove
46,Statielei 16,2021-10-01,21:00:00,30,17,13,FMN GV 03 Hove
46,Statielei 16,2021-10-01,22:00:00,20,6,14,FMN GV 03 Hove
46,Statielei 16,2021-10-01,23:00:00,24,10,14,FMN GV 03 Hove
46,Statielei 16,2021-10-02,00:00:00,21,6,15,FMN GV 03 Hove
46,Statielei 16,2021-10-02,01:00:00,9,3,6,FMN GV 03 Hove
46,Statielei 16,2021-10-02,02:00:00,19,10,9,FMN GV 03 Hove
46,Statielei 16,2021-10-02,03:00:00,10,3,7,FMN GV 03 Hove
46,Statielei 16,2021-10-02,04:00:00,11,6,5,FMN GV 03 Hove
46,Statielei 16,2021-10-02,05:00:00,11,10,1,FMN GV 03 Hove
46,Statielei 16,2021-10-02,06:00:00,7,2,5,FMN GV 03 Hove
46,Statielei 16,2021-10-02,07:00:00,15,6,9,FMN GV 03 Hove
46,Statielei 16,2021-10-02,08:00:00,51,24,27,FMN GV 03 Hove
46,Statielei 16,2021-10-02,09:00:00,82,40,42,FMN GV 03 Hove
46,Statielei 16,2021-10-02,10:00:00,90,41,49,FMN GV 03 Hove
46,Statielei 16,2021-10-02,11:00:00,102,56,46,FMN GV 03 Hove
46,Statielei 16,2021-10-02,12:00:00,86,51,35,FMN GV 03 Hove
46,Statielei 16,2021-10-02,13:00:00,107,53,54,FMN GV 03 Hove
46,Statielei 16,2021-10-02,14:00:00,138,78,60,FMN GV 03 Hove
46,Statielei 16,2021-10-02,15:00:00,102,60,42,FMN GV 03 Hove
46,Statielei 16,2021-10-02,16:00:00,76,42,34,FMN GV 03 Hove
46,Statielei 16,2021-10-02,17:00:00,90,53,37,FMN GV 03 Hove
46,Statielei 16,2021-10-02,18:00:00,44,25,19,FMN GV 03 Hove
46,Statielei 16,2021-10-02,19:00:00,31,14,17,FMN GV 03 Hove
46,Statielei 16,2021-10-02,20:00:00,16,5,11,FMN GV 03 Hove
46,Statielei 16,2021-10-02,21:00:00,21,10,11,FMN GV 03 Hove
46,Statielei 16,2021-10-02,22:00:00,26,11,15,FMN GV 03 Hove
46,Statielei 16,2021-10-02,23:00:00,17,10,7,FMN GV 03 Hove
46,Statielei 16,2021-10-03,00:00:00,11,5,6,FMN GV 03 Hove
46,Statielei 16,2021-10-03,01:00:00,10,2,8,FMN GV 03 Hove
46,Statielei 16,2021-10-03,02:00:00,8,5,3,FMN GV 03 Hove
46,Statielei 16,2021-10-03,03:00:00,6,2,4,FMN GV 03 Hove
46,Statielei 16,2021-10-03,04:00:00,5,3,2,FMN GV 03 Hove
46,Statielei 16,2021-10-03,05:00:00,5,4,1,FMN GV 03 Hove
46,Statielei 16,2021-10-03,06:00:00,4,2,2,FMN GV 03 Hove
46,Statielei 16,2021-10-03,07:00:00,2,1,1,FMN GV 03 Hove
46,Statielei 16,2021-10-03,08:00:00,9,2,7,FMN GV 03 Hove
46,Statielei 16,2021-10-03,09:00:00,13,7,6,FMN GV 03 Hove
46,Statielei 16,2021-10-03,10:00:00,14,5,9,FMN GV 03 Hove
46,Statielei 16,2021-10-03,11:00:00,11,5,6,FMN GV 03 Hove
46,Statielei 16,2021-10-03,12:00:00,33,15,18,FMN GV 03 Hove
46,Statielei 16,2021-10-03,13:00:00,20,8,12,FMN GV 03 Hove
46,Statielei 16,2021-10-03,14:00:00,16,4,12,FMN GV 03 Hove
46,Statielei 16,2021-10-03,15:00:00,31,19,12,FMN GV 03 Hove
46,Statielei 16,2021-10-03,16:00:00,48,25,23,FMN GV 03 Hove
46,Statielei 16,2021-10-03,17:00:00,54,33,21,FMN GV 03 Hove
46,Statielei 16,2021-10-03,18:00:00,33,23,10,FMN GV 03 Hove
46,Statielei 16,2021-10-03,19:00:00,30,19,11,FMN GV 03 Hove
46,Statielei 16,2021-10-03,20:00:00,20,9,11,FMN GV 03 Hove
46,Statielei 16,2021-10-03,21:00:00,21,9,12,FMN GV 03 Hove
46,Statielei 16,2021-10-03,22:00:00,18,10,8,FMN GV 03 Hove
46,Statielei 16,2021-10-03,23:00:00,11,2,9,FMN GV 03 Hove
46,Statielei 16,2021-10-04,00:00:00,7,2,5,FMN GV 03 Hove
46,Statielei 16,2021-10-04,01:00:00,3,1,2,FMN GV 03 Hove
46,Statielei 16,2021-10-04,02:00:00,1,1,0,FMN GV 03 Hove
46,Statielei 16,2021-10-04,03:00:00,1,1,0,FMN GV 03 Hove
46,Statielei 16,2021-10-04,04:00:00,10,7,3,FMN GV 03 Hove
46,Statielei 16,2021-10-04,05:00:00,26,16,10,FMN GV 03 Hove
46,Statielei 16,2021-10-04,06:00:00,83,57,26,FMN GV 03 Hove
46,Statielei 16,2021-10-04,07:00:00,289,241,48,FMN GV 03 Hove
46,Statielei 16,2021-10-04,08:00:00,308,236,72,FMN GV 03 Hove
46,Statielei 16,2021-10-04,09:00:00,84,65,19,FMN GV 03 Hove
46,Statielei 16,2021-10-04,10:00:00,93,61,32,FMN GV 03 Hove
46,Statielei 16,2021-10-04,11:00:00,85,52,33,FMN GV 03 Hove
46,Statielei 16,2021-10-04,12:00:00,109,51,58,FMN GV 03 Hove
46,Statielei 16,2021-10-04,13:00:00,119,59,60,FMN GV 03 Hove
46,Statielei 16,2021-10-04,14:00:00,132,70,62,FMN GV 03 Hove
46,Statielei 16,2021-10-04,15:00:00,176,66,110,FMN GV 03 Hove
46,Statielei 16,2021-10-04,16:00:00,291,101,190,FMN GV 03 Hove
46,Statielei 16,2021-10-04,17:00:00,314,97,217,FMN GV 03 Hove
46,Statielei 16,2021-10-04,18:00:00,183,53,130,FMN GV 03 Hove
46,Statielei 16,2021-10-04,19:00:00,84,38,46,FMN GV 03 Hove
46,Statielei 16,2021-10-04,20:00:00,52,29,23,FMN GV 03 Hove
46,Statielei 16,2021-10-04,21:00:00,27,14,13,FMN GV 03 Hove
46,Statielei 16,2021-10-04,22:00:00,36,17,19,FMN GV 03 Hove
46,Statielei 16,2021-10-04,23:00:00,14,4,10,FMN GV 03 Hove
46,Statielei 16,2021-10-05,00:00:00,8,1,7,FMN GV 03 Hove
46,Statielei 16,2021-10-05,01:00:00,4,0,4,FMN GV 03 Hove
46,Statielei 16,2021-10-05,02:00:00,1,0,1,FMN GV 03 Hove
46,Statielei 16,2021-10-05,03:00:00,2,1,1,FMN GV 03 Hove
46,Statielei 16,2021-10-05,04:00:00,7,5,2,FMN GV 03 Hove
46,Statielei 16,2021-10-05,05:00:00,21,13,8,FMN GV 03 Hove
46,Statielei 16,2021-10-05,06:00:00,94,67,27,FMN GV 03 Hove
46,Statielei 16,2021-10-05,07:00:00,295,232,63,FMN GV 03 Hove
46,Statielei 16,2021-10-05,08:00:00,322,250,72,FMN GV 03 Hove
46,Statielei 16,2021-10-05,09:00:00,107,72,35,FMN GV 03 Hove
46,Statielei 16,2021-10-05,10:00:00,64,39,25,FMN GV 03 Hove
46,Statielei 16,2021-10-05,11:00:00,57,36,21,FMN GV 03 Hove
46,Statielei 16,2021-10-05,12:00:00,76,25,51,FMN GV 03 Hove
46,Statielei 16,2021-10-05,13:00:00,54,25,29,FMN GV 03 Hove
46,Statielei 16,2021-10-05,14:00:00,47,16,31,FMN GV 03 Hove
46,Statielei 16,2021-10-05,15:00:00,113,40,73,FMN GV 03 Hove
46,Statielei 16,2021-10-05,16:00:00,227,63,164,FMN GV 03 Hove
46,Statielei 16,2021-10-05,17:00:00,265,76,189,FMN GV 03 Hove
46,Statielei 16,2021-10-05,18:00:00,185,63,122,FMN GV 03 Hove
46,Statielei 16,2021-10-05,19:00:00,87,38,49,FMN GV 03 Hove
46,Statielei 16,2021-10-05,20:00:00,44,20,24,FMN GV 03 Hove
46,Statielei 16,2021-10-05,21:00:00,27,15,12,FMN GV 03 Hove
46,Statielei 16,2021-10-05,22:00:00,40,25,15,FMN GV 03 Hove
46,Statielei 16,2021-10-05,23:00:00,10,4,6,FMN GV 03 Hove
46,Statielei 16,2021-10-06,00:00:00,5,2,3,FMN GV 03 Hove
46,Statielei 16,2021-10-06,01:00:00,5,5,0,FMN GV 03 Hove
46,Statielei 16,2021-10-06,02:00:00,3,3,0,FMN GV 03 Hove
46,Statielei 16,2021-10-06,03:00:00,3,1,2,FMN GV 03 Hove
46,Statielei 16,2021-10-06,04:00:00,12,9,3,FMN GV 03 Hove
46,Statielei 16,2021-10-06,05:00:00,16,9,7,FMN GV 03 Hove
46,Statielei 16,2021-10-06,06:00:00,58,43,15,FMN GV 03 Hove
46,Statielei 16,2021-10-06,07:00:00,187,147,40,FMN GV 03 Hove
46,Statielei 16,2021-10-06,08:00:00,198,158,40,FMN GV 03 Hove
46,Statielei 16,2021-10-06,09:00:00,51,39,12,FMN GV 03 Hove
46,Statielei 16,2021-10-06,10:00:00,35,19,16,FMN GV 03 Hove
46,Statielei 16,2021-10-06,11:00:00,38,15,23,FMN GV 03 Hove
46,Statielei 16,2021-10-06,12:00:00,102,39,63,FMN GV 03 Hove
46,Statielei 16,2021-10-06,13:00:00,90,40,50,FMN GV 03 Hove
46,Statielei 16,2021-10-06,14:00:00,80,30,50,FMN GV 03 Hove
46,Statielei 16,2021-10-06,15:00:00,79,37,42,FMN GV 03 Hove
46,Statielei 16,2021-10-06,16:00:00,128,47,81,FMN GV 03 Hove
46,Statielei 16,2021-10-06,17:00:00,172,53,119,FMN GV 03 Hove
46,Statielei 16,2021-10-06,18:00:00,122,55,67,FMN GV 03 Hove
46,Statielei 16,2021-10-06,19:00:00,60,32,28,FMN GV 03 Hove
46,Statielei 16,2021-10-06,20:00:00,38,23,15,FMN GV 03 Hove
46,Statielei 16,2021-10-06,21:00:00,29,15,14,FMN GV 03 Hove
46,Statielei 16,2021-10-06,22:00:00,38,19,19,FMN GV 03 Hove
46,Statielei 16,2021-10-06,23:00:00,17,6,11,FMN GV 03 Hove
46,Statielei 16,2021-10-07,00:00:00,13,4,9,FMN GV 03 Hove
46,Statielei 16,2021-10-07,01:00:00,1,0,1,FMN GV 03 Hove
46,Statielei 16,2021-10-07,02:00:00,3,1,2,FMN GV 03 Hove
46,Statielei 16,2021-10-07,03:00:00,1,0,1,FMN GV 03 Hove
46,Statielei 16,2021-10-07,04:00:00,13,9,4,FMN GV 03 Hove
46,Statielei 16,2021-10-07,05:00:00,25,17,8,FMN GV 03 Hove
46,Statielei 16,2021-10-07,06:00:00,85,60,25,FMN GV 03 Hove
46,Statielei 16,2021-10-07,07:00:00,318,247,71,FMN GV 03 Hove
46,Statielei 16,2021-10-07,08:00:00,345,265,80,FMN GV 03 Hove
46,Statielei 16,2021-10-07,09:00:00,108,83,25,FMN GV 03 Hove
46,Statielei 16,2021-10-07,10:00:00,97,61,36,FMN GV 03 Hove
46,Statielei 16,2021-10-07,11:00:00,84,49,35,FMN GV 03 Hove
46,Statielei 16,2021-10-07,12:00:00,122,66,56,FMN GV 03 Hove
46,Statielei 16,2021-10-07,13:00:00,144,78,66,FMN GV 03 Hove
46,Statielei 16,2021-10-07,14:00:00,130,48,82,FMN GV 03 Hove
46,Statielei 16,2021-10-07,15:00:00,166,71,95,FMN GV 03 Hove
46,Statielei 16,2021-10-07,16:00:00,308,78,230,FMN GV 03 Hove
46,Statielei 16,2021-10-07,17:00:00,337,102,235,FMN GV 03 Hove
46,Statielei 16,2021-10-07,18:00:00,239,91,148,FMN GV 03 Hove
46,Statielei 16,2021-10-07,19:00:00,114,64,50,FMN GV 03 Hove
46,Statielei 16,2021-10-07,20:00:00,59,33,26,FMN GV 03 Hove
46,Statielei 16,2021-10-07,21:00:00,41,16,25,FMN GV 03 Hove
46,Statielei 16,2021-10-07,22:00:00,45,18,27,FMN GV 03 Hove
46,Statielei 16,2021-10-07,23:00:00,25,10,15,FMN GV 03 Hove
46,Statielei 16,2021-10-08,00:00:00,10,4,6,FMN GV 03 Hove
46,Statielei 16,2021-10-08,01:00:00,8,4,4,FMN GV 03 Hove
46,Statielei 16,2021-10-08,02:00:00,2,1,1,FMN GV 03 Hove
46,Statielei 16,2021-10-08,03:00:00,5,2,3,FMN GV 03 Hove
46,Statielei 16,2021-10-08,04:00:00,11,8,3,FMN GV 03 Hove
46,Statielei 16,2021-10-08,05:00:00,16,11,5,FMN GV 03 Hove
46,Statielei 16,2021-10-08,06:00:00,82,61,21,FMN GV 03 Hove
46,Statielei 16,2021-10-08,07:00:00,236,183,53,FMN GV 03 Hove
46,Statielei 16,2021-10-08,08:00:00,301,232,69,FMN GV 03 Hove
46,Statielei 16,2021-10-08,09:00:00,110,78,32,FMN GV 03 Hove
46,Statielei 16,2021-10-08,10:00:00,97,51,46,FMN GV 03 Hove
46,Statielei 16,2021-10-08,11:00:00,92,52,40,FMN GV 03 Hove
46,Statielei 16,2021-10-08,12:00:00,137,69,68,FMN GV 03 Hove
46,Statielei 16,2021-10-08,13:00:00,210,117,93,FMN GV 03 Hove
46,Statielei 16,2021-10-08,14:00:00,175,91,84,FMN GV 03 Hove
46,Statielei 16,2021-10-08,15:00:00,229,93,136,FMN GV 03 Hove
46,Statielei 16,2021-10-08,16:00:00,305,106,199,FMN GV 03 Hove
46,Statielei 16,2021-10-08,17:00:00,264,97,167,FMN GV 03 Hove
46,Statielei 16,2021-10-08,18:00:00,171,74,97,FMN GV 03 Hove
46,Statielei 16,2021-10-08,19:00:00,105,64,41,FMN GV 03 Hove
46,Statielei 16,2021-10-08,20:00:00,77,38,39,FMN GV 03 Hove
46,Statielei 16,2021-10-08,21:00:00,38,18,20,FMN GV 03 Hove
46,Statielei 16,2021-10-08,22:00:00,47,19,28,FMN GV 03 Hove
46,Statielei 16,2021-10-08,23:00:00,29,12,17,FMN GV 03 Hove
46,Statielei 16,2021-10-09,00:00:00,29,16,13,FMN GV 03 Hove
46,Statielei 16,2021-10-09,01:00:00,18,10,8,FMN GV 03 Hove
46,Statielei 16,2021-10-09,02:00:00,20,12,8,FMN GV 03 Hove
46,Statielei 16,2021-10-09,03:00:00,11,2,9,FMN GV 03 Hove
46,Statielei 16,2021-10-09,04:00:00,12,5,7,FMN GV 03 Hove
46,Statielei 16,2021-10-09,05:00:00,13,8,5,FMN GV 03 Hove
46,Statielei 16,2021-10-09,06:00:00,14,8,6,FMN GV 03 Hove
46,Statielei 16,2021-10-09,07:00:00,20,12,8,FMN GV 03 Hove
46,Statielei 16,2021-10-09,08:00:00,44,21,23,FMN GV 03 Hove
46,Statielei 16,2021-10-09,09:00:00,96,53,43,FMN GV 03 Hove
46,Statielei 16,2021-10-09,10:00:00,119,67,52,FMN GV 03 Hove
46,Statielei 16,2021-10-09,11:00:00,128,69,59,FMN GV 03 Hove
46,Statielei 16,2021-10-09,12:00:00,173,94,79,FMN GV 03 Hove
46,Statielei 16,2021-10-09,13:00:00,211,125,86,FMN GV 03 Hove
46,Statielei 16,2021-10-09,14:00:00,193,103,90,FMN GV 03 Hove
46,Statielei 16,2021-10-09,15:00:00,212,110,102,FMN GV 03 Hove
46,Statielei 16,2021-10-09,16:00:00,165,80,85,FMN GV 03 Hove
46,Statielei 16,2021-10-09,17:00:00,169,97,72,FMN GV 03 Hove
46,Statielei 16,2021-10-09,18:00:00,158,92,66,FMN GV 03 Hove
46,Statielei 16,2021-10-09,19:00:00,79,39,40,FMN GV 03 Hove
46,Statielei 16,2021-10-09,20:00:00,52,35,17,FMN GV 03 Hove
46,Statielei 16,2021-10-09,21:00:00,27,6,21,FMN GV 03 Hove
46,Statielei 16,2021-10-09,22:00:00,39,16,23,FMN GV 03 Hove
46,Statielei 16,2021-10-09,23:00:00,38,13,25,FMN GV 03 Hove
46,Statielei 16,2021-10-10,00:00:00,19,5,14,FMN GV 03 Hove
46,Statielei 16,2021-10-10,01:00:00,20,9,11,FMN GV 03 Hove
46,Statielei 16,2021-10-10,02:00:00,6,2,4,FMN GV 03 Hove
46,Statielei 16,2021-10-10,03:00:00,8,3,5,FMN GV 03 Hove
46,Statielei 16,2021-10-10,04:00:00,8,4,4,FMN GV 03 Hove
46,Statielei 16,2021-10-10,05:00:00,11,8,3,FMN GV 03 Hove
46,Statielei 16,2021-10-10,06:00:00,9,6,3,FMN GV 03 Hove
46,Statielei 16,2021-10-10,07:00:00,16,10,6,FMN GV 03 Hove
46,Statielei 16,2021-10-10,08:00:00,52,26,26,FMN GV 03 Hove
46,Statielei 16,2021-10-10,09:00:00,88,42,46,FMN GV 03 Hove
46,Statielei 16,2021-10-10,10:00:00,140,50,90,FMN GV 03 Hove
46,Statielei 16,2021-10-10,11:00:00,198,121,77,FMN GV 03 Hove
46,Statielei 16,2021-10-10,12:00:00,166,119,47,FMN GV 03 Hove
46,Statielei 16,2021-10-10,13:00:00,234,161,73,FMN GV 03 Hove
46,Statielei 16,2021-10-10,14:00:00,243,135,108,FMN GV 03 Hove
46,Statielei 16,2021-10-10,15:00:00,192,96,96,FMN GV 03 Hove
46,Statielei 16,2021-10-10,16:00:00,209,78,131,FMN GV 03 Hove
46,Statielei 16,2021-10-10,17:00:00,192,94,98,FMN GV 03 Hove
46,Statielei 16,2021-10-10,18:00:00,124,68,56,FMN GV 03 Hove
46,Statielei 16,2021-10-10,19:00:00,75,36,39,FMN GV 03 Hove
46,Statielei 16,2021-10-10,20:00:00,28,14,14,FMN GV 03 Hove
46,Statielei 16,2021-10-10,21:00:00,25,14,11,FMN GV 03 Hove
46,Statielei 16,2021-10-10,22:00:00,21,8,13,FMN GV 03 Hove
46,Statielei 16,2021-10-10,23:00:00,9,5,4,FMN GV 03 Hove
46,Statielei 16,2021-10-11,00:00:00,5,1,4,FMN GV 03 Hove
46,Statielei 16,2021-10-11,01:00:00,1,0,1,FMN GV 03 Hove
46,Statielei 16,2021-10-11,02:00:00,3,0,3,FMN GV 03 Hove
46,Statielei 16,2021-10-11,03:00:00,4,2,2,FMN GV 03 Hove
46,Statielei 16,2021-10-11,04:00:00,6,3,3,FMN GV 03 Hove
46,Statielei 16,2021-10-11,05:00:00,27,15,12,FMN GV 03 Hove
46,Statielei 16,2021-10-11,06:00:00,80,60,20,FMN GV 03 Hove
46,Statielei 16,2021-10-11,07:00:00,259,210,49,FMN GV 03 Hove
46,Statielei 16,2021-10-11,08:00:00,347,271,76,FMN GV 03 Hove
46,Statielei 16,2021-10-11,09:00:00,109,78,31,FMN GV 03 Hove
46,Statielei 16,2021-10-11,10:00:00,62,37,25,FMN GV 03 Hove
46,Statielei 16,2021-10-11,11:00:00,72,38,34,FMN GV 03 Hove
46,Statielei 16,2021-10-11,12:00:00,94,54,40,FMN GV 03 Hove
46,Statielei 16,2021-10-11,13:00:00,109,66,43,FMN GV 03 Hove
46,Statielei 16,2021-10-11,14:00:00,106,44,62,FMN GV 03 Hove
46,Statielei 16,2021-10-11,15:00:00,169,84,85,FMN GV 03 Hove
46,Statielei 16,2021-10-11,16:00:00,235,61,174,FMN GV 03 Hove
46,Statielei 16,2021-10-11,17:00:00,307,99,208,FMN GV 03 Hove
46,Statielei 16,2021-10-11,18:00:00,192,62,130,FMN GV 03 Hove
46,Statielei 16,2021-10-11,19:00:00,86,44,42,FMN GV 03 Hove
46,Statielei 16,2021-10-11,20:00:00,48,24,24,FMN GV 03 Hove
46,Statielei 16,2021-10-11,21:00:00,37,13,24,FMN GV 03 Hove
46,Statielei 16,2021-10-11,22:00:00,40,13,27,FMN GV 03 Hove
46,Statielei 16,2021-10-11,23:00:00,15,7,8,FMN GV 03 Hove
46,Statielei 16,2021-10-12,00:00:00,5,2,3,FMN GV 03 Hove
46,Statielei 16,2021-10-12,01:00:00,3,1,2,FMN GV 03 Hove
46,Statielei 16,2021-10-12,02:00:00,0,0,0,FMN GV 03 Hove
46,Statielei 16,2021-10-12,03:00:00,2,0,2,FMN GV 03 Hove
46,Statielei 16,2021-10-12,04:00:00,11,7,4,FMN GV 03 Hove
46,Statielei 16,2021-10-12,05:00:00,30,15,15,FMN GV 03 Hove
46,Statielei 16,2021-10-12,06:00:00,82,57,25,FMN GV 03 Hove
46,Statielei 16,2021-10-12,07:00:00,297,245,52,FMN GV 03 Hove
46,Statielei 16,2021-10-12,08:00:00,327,263,64,FMN GV 03 Hove
46,Statielei 16,2021-10-12,09:00:00,95,65,30,FMN GV 03 Hove
46,Statielei 16,2021-10-12,10:00:00,59,35,24,FMN GV 03 Hove
46,Statielei 16,2021-10-12,11:00:00,73,28,45,FMN GV 03 Hove
46,Statielei 16,2021-10-12,12:00:00,77,41,36,FMN GV 03 Hove
46,Statielei 16,2021-10-12,13:00:00,83,46,37,FMN GV 03 Hove
46,Statielei 16,2021-10-12,14:00:00,52,22,30,FMN GV 03 Hove
46,Statielei 16,2021-10-12,15:00:00,99,35,64,FMN GV 03 Hove
46,Statielei 16,2021-10-12,16:00:00,242,56,186,FMN GV 03 Hove
46,Statielei 16,2021-10-12,17:00:00,274,87,187,FMN GV 03 Hove
46,Statielei 16,2021-10-12,18:00:00,144,50,94,FMN GV 03 Hove
46,Statielei 16,2021-10-12,19:00:00,72,31,41,FMN GV 03 Hove
46,Statielei 16,2021-10-12,20:00:00,43,26,17,FMN GV 03 Hove
46,Statielei 16,2021-10-12,21:00:00,38,19,19,FMN GV 03 Hove
46,Statielei 16,2021-10-12,22:00:00,39,16,23,FMN GV 03 Hove
46,Statielei 16,2021-10-12,23:00:00,15,8,7,FMN GV 03 Hove
46,Statielei 16,2021-10-13,00:00:00,6,2,4,FMN GV 03 Hove
46,Statielei 16,2021-10-13,01:00:00,3,0,3,FMN GV 03 Hove
46,Statielei 16,2021-10-13,02:00:00,2,0,2,FMN GV 03 Hove
46,Statielei 16,2021-10-13,03:00:00,4,1,3,FMN GV 03 Hove
46,Statielei 16,2021-10-13,04:00:00,7,3,4,FMN GV 03 Hove
46,Statielei 16,2021-10-13,05:00:00,29,15,14,FMN GV 03 Hove
46,Statielei 16,2021-10-13,06:00:00,82,58,24,FMN GV 03 Hove
46,Statielei 16,2021-10-13,07:00:00,271,221,50,FMN GV 03 Hove
46,Statielei 16,2021-10-13,08:00:00,329,263,66,FMN GV 03 Hove
46,Statielei 16,2021-10-13,09:00:00,117,89,28,FMN GV 03 Hove
46,Statielei 16,2021-10-13,10:00:00,97,54,43,FMN GV 03 Hove
46,Statielei 16,2021-10-13,11:00:00,109,45,64,FMN GV 03 Hove
46,Statielei 16,2021-10-13,12:00:00,209,80,129,FMN GV 03 Hove
46,Statielei 16,2021-10-13,13:00:00,161,63,98,FMN GV 03 Hove
46,Statielei 16,2021-10-13,14:00:00,116,68,48,FMN GV 03 Hove
46,Statielei 16,2021-10-13,15:00:00,121,52,69,FMN GV 03 Hove
46,Statielei 16,2021-10-13,16:00:00,225,74,151,FMN GV 03 Hove
46,Statielei 16,2021-10-13,17:00:00,312,105,207,FMN GV 03 Hove
46,Statielei 16,2021-10-13,18:00:00,193,84,109,FMN GV 03 Hove
46,Statielei 16,2021-10-13,19:00:00,90,50,40,FMN GV 03 Hove
46,Statielei 16,2021-10-13,20:00:00,38,20,18,FMN GV 03 Hove
46,Statielei 16,2021-10-13,21:00:00,42,19,23,FMN GV 03 Hove
46,Statielei 16,2021-10-13,22:00:00,39,10,29,FMN GV 03 Hove
46,Statielei 16,2021-10-13,23:00:00,24,8,16,FMN GV 03 Hove
46,Statielei 16,2021-10-14,00:00:00,14,7,7,FMN GV 03 Hove
46,Statielei 16,2021-10-14,01:00:00,10,3,7,FMN GV 03 Hove
46,Statielei 16,2021-10-14,02:00:00,3,2,1,FMN GV 03 Hove
46,Statielei 16,2021-10-14,03:00:00,3,2,1,FMN GV 03 Hove
46,Statielei 16,2021-10-14,04:00:00,9,5,4,FMN GV 03 Hove
46,Statielei 16,2021-10-14,05:00:00,26,14,12,FMN GV 03 Hove
46,Statielei 16,2021-10-14,06:00:00,108,79,29,FMN GV 03 Hove
46,Statielei 16,2021-10-14,07:00:00,328,246,82,FMN GV 03 Hove
46,Statielei 16,2021-10-14,08:00:00,385,305,80,FMN GV 03 Hove
46,Statielei 16,2021-10-14,09:00:00,134,87,47,FMN GV 03 Hove
46,Statielei 16,2021-10-14,10:00:00,74,44,30,FMN GV 03 Hove
46,Statielei 16,2021-10-14,11:00:00,73,39,34,FMN GV 03 Hove
46,Statielei 16,2021-10-14,12:00:00,120,67,53,FMN GV 03 Hove
46,Statielei 16,2021-10-14,13:00:00,128,60,68,FMN GV 03 Hove
46,Statielei 16,2021-10-14,14:00:00,103,42,61,FMN GV 03 Hove
46,Statielei 16,2021-10-14,15:00:00,173,80,93,FMN GV 03 Hove
46,Statielei 16,2021-10-14,16:00:00,319,104,215,FMN GV 03 Hove
46,Statielei 16,2021-10-14,17:00:00,341,107,234,FMN GV 03 Hove
46,Statielei 16,2021-10-14,18:00:00,203,63,140,FMN GV 03 Hove
46,Statielei 16,2021-10-14,19:00:00,97,39,58,FMN GV 03 Hove
46,Statielei 16,2021-10-14,20:00:00,51,30,21,FMN GV 03 Hove
46,Statielei 16,2021-10-14,21:00:00,33,17,16,FMN GV 03 Hove
46,Statielei 16,2021-10-14,22:00:00,37,15,22,FMN GV 03 Hove
46,Statielei 16,2021-10-14,23:00:00,14,7,7,FMN GV 03 Hove
46,Statielei 16,2021-10-15,00:00:00,11,1,10,FMN GV 03 Hove
46,Statielei 16,2021-10-15,01:00:00,9,2,7,FMN GV 03 Hove
46,Statielei 16,2021-10-15,02:00:00,2,1,1,FMN GV 03 Hove
46,Statielei 16,2021-10-15,03:00:00,4,1,3,FMN GV 03 Hove
46,Statielei 16,2021-10-15,04:00:00,8,6,2,FMN GV 03 Hove
46,Statielei 16,2021-10-15,05:00:00,20,14,6,FMN GV 03 Hove
46,Statielei 16,2021-10-15,06:00:00,78,55,23,FMN GV 03 Hove
46,Statielei 16,2021-10-15,07:00:00,255,189,66,FMN GV 03 Hove
46,Statielei 16,2021-10-15,08:00:00,300,234,66,FMN GV 03 Hove
46,Statielei 16,2021-10-15,09:00:00,88,63,25,FMN GV 03 Hove
46,Statielei 16,2021-10-15,10:00:00,64,29,35,FMN GV 03 Hove
46,Statielei 16,2021-10-15,11:00:00,43,27,16,FMN GV 03 Hove
46,Statielei 16,2021-10-15,12:00:00,84,51,33,FMN GV 03 Hove
46,Statielei 16,2021-10-15,13:00:00,110,56,54,FMN GV 03 Hove
46,Statielei 16,2021-10-15,14:00:00,90,42,48,FMN GV 03 Hove
46,Statielei 16,2021-10-15,15:00:00,161,70,91,FMN GV 03 Hove
46,Statielei 16,2021-10-15,16:00:00,262,89,173,FMN GV 03 Hove
46,Statielei 16,2021-10-15,17:00:00,232,83,149,FMN GV 03 Hove
46,Statielei 16,2021-10-15,18:00:00,140,63,77,FMN GV 03 Hove
46,Statielei 16,2021-10-15,19:00:00,70,36,34,FMN GV 03 Hove
46,Statielei 16,2021-10-15,20:00:00,50,29,21,FMN GV 03 Hove
46,Statielei 16,2021-10-15,21:00:00,27,15,12,FMN GV 03 Hove
46,Statielei 16,2021-10-15,22:00:00,43,15,28,FMN GV 03 Hove
46,Statielei 16,2021-10-15,23:00:00,20,7,13,FMN GV 03 Hove
46,Statielei 16,2021-10-16,00:00:00,21,8,13,FMN GV 03 Hove
46,Statielei 16,2021-10-16,01:00:00,18,7,11,FMN GV 03 Hove
46,Statielei 16,2021-10-16,02:00:00,11,3,8,FMN GV 03 Hove
46,Statielei 16,2021-10-16,03:00:00,5,2,3,FMN GV 03 Hove
46,Statielei 16,2021-10-16,04:00:00,12,5,7,FMN GV 03 Hove
46,Statielei 16,2021-10-16,05:00:00,13,7,6,FMN GV 03 Hove
46,Statielei 16,2021-10-16,06:00:00,21,13,8,FMN GV 03 Hove
46,Statielei 16,2021-10-16,07:00:00,11,4,7,FMN GV 03 Hove
46,Statielei 16,2021-10-16,08:00:00,42,23,19,FMN GV 03 Hove
46,Statielei 16,2021-10-16,09:00:00,79,51,28,FMN GV 03 Hove
46,Statielei 16,2021-10-16,10:00:00,103,56,47,FMN GV 03 Hove
46,Statielei 16,2021-10-16,11:00:00,111,65,46,FMN GV 03 Hove
46,Statielei 16,2021-10-16,12:00:00,140,78,62,FMN GV 03 Hove
46,Statielei 16,2021-10-16,13:00:00,146,90,56,FMN GV 03 Hove
46,Statielei 16,2021-10-16,14:00:00,196,103,93,FMN GV 03 Hove
46,Statielei 16,2021-10-16,15:00:00,198,97,101,FMN GV 03 Hove
46,Statielei 16,2021-10-16,16:00:00,181,93,88,FMN GV 03 Hove
46,Statielei 16,2021-10-16,17:00:00,136,80,56,FMN GV 03 Hove
46,Statielei 16,2021-10-16,18:00:00,84,36,48,FMN GV 03 Hove
46,Statielei 16,2021-10-16,19:00:00,46,29,17,FMN GV 03 Hove
46,Statielei 16,2021-10-16,20:00:00,28,14,14,FMN GV 03 Hove
46,Statielei 16,2021-10-16,21:00:00,36,21,15,FMN GV 03 Hove
46,Statielei 16,2021-10-16,22:00:00,24,14,10,FMN GV 03 Hove
46,Statielei 16,2021-10-16,23:00:00,24,7,17,FMN GV 03 Hove
46,Statielei 16,2021-10-17,00:00:00,24,11,13,FMN GV 03 Hove
46,Statielei 16,2021-10-17,01:00:00,14,7,7,FMN GV 03 Hove
46,Statielei 16,2021-10-17,02:00:00,8,2,6,FMN GV 03 Hove
46,Statielei 16,2021-10-17,03:00:00,10,3,7,FMN GV 03 Hove
46,Statielei 16,2021-10-17,04:00:00,8,3,5,FMN GV 03 Hove
46,Statielei 16,2021-10-17,05:00:00,17,6,11,FMN GV 03 Hove
46,Statielei 16,2021-10-17,06:00:00,15,7,8,FMN GV 03 Hove
46,Statielei 16,2021-10-17,07:00:00,12,4,8,FMN GV 03 Hove
46,Statielei 16,2021-10-17,08:00:00,38,12,26,FMN GV 03 Hove
46,Statielei 16,2021-10-17,09:00:00,81,45,36,FMN GV 03 Hove
46,Statielei 16,2021-10-17,10:00:00,110,45,65,FMN GV 03 Hove
46,Statielei 16,2021-10-17,11:00:00,140,61,79,FMN GV 03 Hove
46,Statielei 16,2021-10-17,12:00:00,181,112,69,FMN GV 03 Hove
46,Statielei 16,2021-10-17,13:00:00,163,85,78,FMN GV 03 Hove
46,Statielei 16,2021-10-17,14:00:00,191,100,91,FMN GV 03 Hove
46,Statielei 16,2021-10-17,15:00:00,142,86,56,FMN GV 03 Hove
46,Statielei 16,2021-10-17,16:00:00,127,70,57,FMN GV 03 Hove
46,Statielei 16,2021-10-17,17:00:00,108,60,48,FMN GV 03 Hove
46,Statielei 16,2021-10-17,18:00:00,81,49,32,FMN GV 03 Hove
46,Statielei 16,2021-10-17,19:00:00,35,15,20,FMN GV 03 Hove
46,Statielei 16,2021-10-17,20:00:00,29,14,15,FMN GV 03 Hove
46,Statielei 16,2021-10-17,21:00:00,23,18,5,FMN GV 03 Hove
46,Statielei 16,2021-10-17,22:00:00,13,4,9,FMN GV 03 Hove
46,Statielei 16,2021-10-17,23:00:00,17,7,10,FMN GV 03 Hove
46,Statielei 16,2021-10-18,00:00:00,6,4,2,FMN GV 03 Hove
46,Statielei 16,2021-10-18,01:00:00,2,1,1,FMN GV 03 Hove
46,Statielei 16,2021-10-18,02:00:00,0,0,0,FMN GV 03 Hove
46,Statielei 16,2021-10-18,03:00:00,3,2,1,FMN GV 03 Hove
46,Statielei 16,2021-10-18,04:00:00,8,6,2,FMN GV 03 Hove
46,Statielei 16,2021-10-18,05:00:00,19,10,9,FMN GV 03 Hove
46,Statielei 16,2021-10-18,06:00:00,86,62,24,FMN GV 03 Hove
46,Statielei 16,2021-10-18,07:00:00,334,268,66,FMN GV 03 Hove
46,Statielei 16,2021-10-18,08:00:00,316,243,73,FMN GV 03 Hove
46,Statielei 16,2021-10-18,09:00:00,119,83,36,FMN GV 03 Hove
46,Statielei 16,2021-10-18,10:00:00,69,49,20,FMN GV 03 Hove
46,Statielei 16,2021-10-18,11:00:00,66,33,33,FMN GV 03 Hove
46,Statielei 16,2021-10-18,12:00:00,122,64,58,FMN GV 03 Hove
46,Statielei 16,2021-10-18,13:00:00,137,73,64,FMN GV 03 Hove
46,Statielei 16,2021-10-18,14:00:00,125,59,66,FMN GV 03 Hove
46,Statielei 16,2021-10-18,15:00:00,174,74,100,FMN GV 03 Hove
46,Statielei 16,2021-10-18,16:00:00,321,95,226,FMN GV 03 Hove
46,Statielei 16,2021-10-18,17:00:00,265,83,182,FMN GV 03 Hove
46,Statielei 16,2021-10-18,18:00:00,192,72,120,FMN GV 03 Hove
46,Statielei 16,2021-10-18,19:00:00,80,37,43,FMN GV 03 Hove
46,Statielei 16,2021-10-18,20:00:00,39,24,15,FMN GV 03 Hove
46,Statielei 16,2021-10-18,21:00:00,38,18,20,FMN GV 03 Hove
46,Statielei 16,2021-10-18,22:00:00,49,19,30,FMN GV 03 Hove
46,Statielei 16,2021-10-18,23:00:00,14,6,8,FMN GV 03 Hove
46,Statielei 16,2021-10-19,00:00:00,5,0,5,FMN GV 03 Hove
46,Statielei 16,2021-10-19,01:00:00,3,1,2,FMN GV 03 Hove
46,Statielei 16,2021-10-19,02:00:00,1,1,0,FMN GV 03 Hove
46,Statielei 16,2021-10-19,03:00:00,1,0,1,FMN GV 03 Hove
46,Statielei 16,2021-10-19,04:00:00,10,5,5,FMN GV 03 Hove
46,Statielei 16,2021-10-19,05:00:00,16,9,7,FMN GV 03 Hove
46,Statielei 16,2021-10-19,06:00:00,100,75,25,FMN GV 03 Hove
46,Statielei 16,2021-10-19,07:00:00,303,235,68,FMN GV 03 Hove
46,Statielei 16,2021-10-19,08:00:00,354,280,74,FMN GV 03 Hove
46,Statielei 16,2021-10-19,09:00:00,91,70,21,FMN GV 03 Hove
46,Statielei 16,2021-10-19,10:00:00,53,26,27,FMN GV 03 Hove
46,Statielei 16,2021-10-19,11:00:00,47,32,15,FMN GV 03 Hove
46,Statielei 16,2021-10-19,12:00:00,100,53,47,FMN GV 03 Hove
46,Statielei 16,2021-10-19,13:00:00,96,52,44,FMN GV 03 Hove
46,Statielei 16,2021-10-19,14:00:00,103,44,59,FMN GV 03 Hove
46,Statielei 16,2021-10-19,15:00:00,153,61,92,FMN GV 03 Hove
46,Statielei 16,2021-10-19,16:00:00,266,65,201,FMN GV 03 Hove
46,Statielei 16,2021-10-19,17:00:00,316,106,210,FMN GV 03 Hove
46,Statielei 16,2021-10-19,18:00:00,198,78,120,FMN GV 03 Hove
46,Statielei 16,2021-10-19,19:00:00,89,35,54,FMN GV 03 Hove
46,Statielei 16,2021-10-19,20:00:00,48,25,23,FMN GV 03 Hove
46,Statielei 16,2021-10-19,21:00:00,33,13,20,FMN GV 03 Hove
46,Statielei 16,2021-10-19,22:00:00,54,23,31,FMN GV 03 Hove
46,Statielei 16,2021-10-19,23:00:00,20,8,12,FMN GV 03 Hove
46,Statielei 16,2021-10-20,00:00:00,8,1,7,FMN GV 03 Hove
46,Statielei 16,2021-10-20,01:00:00,2,0,2,FMN GV 03 Hove
46,Statielei 16,2021-10-20,02:00:00,1,1,0,FMN GV 03 Hove
46,Statielei 16,2021-10-20,03:00:00,0,0,0,FMN GV 03 Hove
46,Statielei 16,2021-10-20,04:00:00,10,6,4,FMN GV 03 Hove
46,Statielei 16,2021-10-20,05:00:00,20,12,8,FMN GV 03 Hove
46,Statielei 16,2021-10-20,06:00:00,77,61,16,FMN GV 03 Hove
46,Statielei 16,2021-10-20,07:00:00,256,195,61,FMN GV 03 Hove
46,Statielei 16,2021-10-20,08:00:00,261,202,59,FMN GV 03 Hove
46,Statielei 16,2021-10-20,09:00:00,76,58,18,FMN GV 03 Hove
46,Statielei 16,2021-10-20,10:00:00,64,37,27,FMN GV 03 Hove
46,Statielei 16,2021-10-20,11:00:00,84,36,48,FMN GV 03 Hove
46,Statielei 16,2021-10-20,12:00:00,153,56,97,FMN GV 03 Hove
46,Statielei 16,2021-10-20,13:00:00,114,42,72,FMN GV 03 Hove
46,Statielei 16,2021-10-20,14:00:00,87,38,49,FMN GV 03 Hove
46,Statielei 16,2021-10-20,15:00:00,97,39,58,FMN GV 03 Hove
46,Statielei 16,2021-10-20,16:00:00,160,55,105,FMN GV 03 Hove
46,Statielei 16,2021-10-20,17:00:00,200,75,125,FMN GV 03 Hove
46,Statielei 16,2021-10-20,18:00:00,133,60,73,FMN GV 03 Hove
46,Statielei 16,2021-10-20,19:00:00,49,25,24,FMN GV 03 Hove
46,Statielei 16,2021-10-20,20:00:00,28,15,13,FMN GV 03 Hove
46,Statielei 16,2021-10-20,21:00:00,27,9,18,FMN GV 03 Hove
46,Statielei 16,2021-10-20,22:00:00,31,12,19,FMN GV 03 Hove
46,Statielei 16,2021-10-20,23:00:00,19,4,15,FMN GV 03 Hove
46,Statielei 16,2021-10-21,00:00:00,7,1,6,FMN GV 03 Hove
46,Statielei 16,2021-10-21,01:00:00,6,3,3,FMN GV 03 Hove
46,Statielei 16,2021-10-21,02:00:00,7,2,5,FMN GV 03 Hove
46,Statielei 16,2021-10-21,03:00:00,3,0,3,FMN GV 03 Hove
46,Statielei 16,2021-10-21,04:00:00,5,3,2,FMN GV 03 Hove
46,Statielei 16,2021-10-21,05:00:00,15,6,9,FMN GV 03 Hove
46,Statielei 16,2021-10-21,06:00:00,50,40,10,FMN GV 03 Hove
46,Statielei 16,2021-10-21,07:00:00,142,113,29,FMN GV 03 Hove
46,Statielei 16,2021-10-21,08:00:00,218,174,44,FMN GV 03 Hove
46,Statielei 16,2021-10-21,09:00:00,54,46,8,FMN GV 03 Hove
46,Statielei 16,2021-10-21,10:00:00,38,26,12,FMN GV 03 Hove
46,Statielei 16,2021-10-21,11:00:00,25,16,9,FMN GV 03 Hove
46,Statielei 16,2021-10-21,12:00:00,48,25,23,FMN GV 03 Hove
46,Statielei 16,2021-10-21,13:00:00,52,30,22,FMN GV 03 Hove
46,Statielei 16,2021-10-21,14:00:00,42,14,28,FMN GV 03 Hove
46,Statielei 16,2021-10-21,15:00:00,65,28,37,FMN GV 03 Hove
46,Statielei 16,2021-10-21,16:00:00,122,32,90,FMN GV 03 Hove
46,Statielei 16,2021-10-21,17:00:00,135,41,94,FMN GV 03 Hove
46,Statielei 16,2021-10-21,18:00:00,97,39,58,FMN GV 03 Hove
46,Statielei 16,2021-10-21,19:00:00,50,29,21,FMN GV 03 Hove
46,Statielei 16,2021-10-21,20:00:00,35,16,19,FMN GV 03 Hove
46,Statielei 16,2021-10-21,21:00:00,23,13,10,FMN GV 03 Hove
46,Statielei 16,2021-10-21,22:00:00,32,16,16,FMN GV 03 Hove
46,Statielei 16,2021-10-21,23:00:00,18,9,9,FMN GV 03 Hove
46,Statielei 16,2021-10-22,00:00:00,14,2,12,FMN GV 03 Hove
46,Statielei 16,2021-10-22,01:00:00,6,4,2,FMN GV 03 Hove
46,Statielei 16,2021-10-22,02:00:00,1,1,0,FMN GV 03 Hove
46,Statielei 16,2021-10-22,03:00:00,6,2,4,FMN GV 03 Hove
46,Statielei 16,2021-10-22,04:00:00,7,2,5,FMN GV 03 Hove
46,Statielei 16,2021-10-22,05:00:00,15,9,6,FMN GV 03 Hove
46,Statielei 16,2021-10-22,06:00:00,86,56,30,FMN GV 03 Hove
46,Statielei 16,2021-10-22,07:00:00,217,164,53,FMN GV 03 Hove
46,Statielei 16,2021-10-22,08:00:00,249,188,61,FMN GV 03 Hove
46,Statielei 16,2021-10-22,09:00:00,79,52,27,FMN GV 03 Hove
46,Statielei 16,2021-10-22,10:00:00,53,37,16,FMN GV 03 Hove
46,Statielei 16,2021-10-22,11:00:00,64,35,29,FMN GV 03 Hove
46,Statielei 16,2021-10-22,12:00:00,93,51,42,FMN GV 03 Hove
46,Statielei 16,2021-10-22,13:00:00,101,49,52,FMN GV 03 Hove
46,Statielei 16,2021-10-22,14:00:00,78,25,53,FMN GV 03 Hove
46,Statielei 16,2021-10-22,15:00:00,159,62,97,FMN GV 03 Hove
46,Statielei 16,2021-10-22,16:00:00,188,60,128,FMN GV 03 Hove
46,Statielei 16,2021-10-22,17:00:00,174,61,113,FMN GV 03 Hove
46,Statielei 16,2021-10-22,18:00:00,114,41,73,FMN GV 03 Hove
46,Statielei 16,2021-10-22,19:00:00,60,27,33,FMN GV 03 Hove
46,Statielei 16,2021-10-22,20:00:00,33,16,17,FMN GV 03 Hove
46,Statielei 16,2021-10-22,21:00:00,31,10,21,FMN GV 03 Hove
46,Statielei 16,2021-10-22,22:00:00,28,13,15,FMN GV 03 Hove
46,Statielei 16,2021-10-22,23:00:00,30,8,22,FMN GV 03 Hove
46,Statielei 16,2021-10-23,00:00:00,20,8,12,FMN GV 03 Hove
46,Statielei 16,2021-10-23,01:00:00,15,6,9,FMN GV 03 Hove
46,Statielei 16,2021-10-23,02:00:00,16,7,9,FMN GV 03 Hove
46,Statielei 16,2021-10-23,03:00:00,12,6,6,FMN GV 03 Hove
46,Statielei 16,2021-10-23,04:00:00,6,4,2,FMN GV 03 Hove
46,Statielei 16,2021-10-23,05:00:00,7,1,6,FMN GV 03 Hove
46,Statielei 16,2021-10-23,06:00:00,10,3,7,FMN GV 03 Hove
46,Statielei 16,2021-10-23,07:00:00,16,8,8,FMN GV 03 Hove
46,Statielei 16,2021-10-23,08:00:00,49,31,18,FMN GV 03 Hove
46,Statielei 16,2021-10-23,09:00:00,92,52,40,FMN GV 03 Hove
46,Statielei 16,2021-10-23,10:00:00,94,40,54,FMN GV 03 Hove
46,Statielei 16,2021-10-23,11:00:00,87,44,43,FMN GV 03 Hove
46,Statielei 16,2021-10-23,12:00:00,116,66,50,FMN GV 03 Hove
46,Statielei 16,2021-10-23,13:00:00,145,78,67,FMN GV 03 Hove
46,Statielei 16,2021-10-23,14:00:00,143,84,59,FMN GV 03 Hove
46,Statielei 16,2021-10-23,15:00:00,148,82,66,FMN GV 03 Hove
46,Statielei 16,2021-10-23,16:00:00,133,71,62,FMN GV 03 Hove
46,Statielei 16,2021-10-23,17:00:00,134,81,53,FMN GV 03 Hove
46,Statielei 16,2021-10-23,18:00:00,59,32,27,FMN GV 03 Hove
46,Statielei 16,2021-10-23,19:00:00,50,32,18,FMN GV 03 Hove
46,Statielei 16,2021-10-23,20:00:00,49,25,24,FMN GV 03 Hove
46,Statielei 16,2021-10-23,21:00:00,18,12,6,FMN GV 03 Hove
46,Statielei 16,2021-10-23,22:00:00,33,12,21,FMN GV 03 Hove
46,Statielei 16,2021-10-23,23:00:00,30,14,16,FMN GV 03 Hove
46,Statielei 16,2021-10-24,00:00:00,17,9,8,FMN GV 03 Hove
46,Statielei 16,2021-10-24,01:00:00,19,7,12,FMN GV 03 Hove
46,Statielei 16,2021-10-24,02:00:00,17,4,13,FMN GV 03 Hove
46,Statielei 16,2021-10-24,03:00:00,8,0,8,FMN GV 03 Hove
46,Statielei 16,2021-10-24,04:00:00,7,0,7,FMN GV 03 Hove
46,Statielei 16,2021-10-24,05:00:00,9,3,6,FMN GV 03 Hove
46,Statielei 16,2021-10-24,06:00:00,9,6,3,FMN GV 03 Hove
46,Statielei 16,2021-10-24,07:00:00,8,5,3,FMN GV 03 Hove
46,Statielei 16,2021-10-24,08:00:00,25,11,14,FMN GV 03 Hove
46,Statielei 16,2021-10-24,09:00:00,96,46,50,FMN GV 03 Hove
46,Statielei 16,2021-10-24,10:00:00,118,46,72,FMN GV 03 Hove
46,Statielei 16,2021-10-24,11:00:00,159,102,57,FMN GV 03 Hove
46,Statielei 16,2021-10-24,12:00:00,172,90,82,FMN GV 03 Hove
46,Statielei 16,2021-10-24,13:00:00,191,111,80,FMN GV 03 Hove
46,Statielei 16,2021-10-24,14:00:00,195,109,86,FMN GV 03 Hove
46,Statielei 16,2021-10-24,15:00:00,173,88,85,FMN GV 03 Hove
46,Statielei 16,2021-10-24,16:00:00,177,74,103,FMN GV 03 Hove
46,Statielei 16,2021-10-24,17:00:00,112,74,38,FMN GV 03 Hove
46,Statielei 16,2021-10-24,18:00:00,78,43,35,FMN GV 03 Hove
46,Statielei 16,2021-10-24,19:00:00,50,26,24,FMN GV 03 Hove
46,Statielei 16,2021-10-24,20:00:00,36,16,20,FMN GV 03 Hove
46,Statielei 16,2021-10-24,21:00:00,25,12,13,FMN GV 03 Hove
46,Statielei 16,2021-10-24,22:00:00,19,13,6,FMN GV 03 Hove
46,Statielei 16,2021-10-24,23:00:00,17,7,10,FMN GV 03 Hove
46,Statielei 16,2021-10-25,00:00:00,10,6,4,FMN GV 03 Hove
46,Statielei 16,2021-10-25,01:00:00,3,0,3,FMN GV 03 Hove
46,Statielei 16,2021-10-25,02:00:00,0,0,0,FMN GV 03 Hove
46,Statielei 16,2021-10-25,03:00:00,2,1,1,FMN GV 03 Hove
46,Statielei 16,2021-10-25,04:00:00,12,9,3,FMN GV 03 Hove
46,Statielei 16,2021-10-25,05:00:00,20,12,8,FMN GV 03 Hove
46,Statielei 16,2021-10-25,06:00:00,85,66,19,FMN GV 03 Hove
46,Statielei 16,2021-10-25,07:00:00,268,227,41,FMN GV 03 Hove
46,Statielei 16,2021-10-25,08:00:00,298,234,64,FMN GV 03 Hove
46,Statielei 16,2021-10-25,09:00:00,95,74,21,FMN GV 03 Hove
46,Statielei 16,2021-10-25,10:00:00,49,34,15,FMN GV 03 Hove
46,Statielei 16,2021-10-25,11:00:00,54,27,27,FMN GV 03 Hove
46,Statielei 16,2021-10-25,12:00:00,100,54,46,FMN GV 03 Hove
46,Statielei 16,2021-10-25,13:00:00,88,40,48,FMN GV 03 Hove
46,Statielei 16,2021-10-25,14:00:00,78,45,33,FMN GV 03 Hove
46,Statielei 16,2021-10-25,15:00:00,161,65,96,FMN GV 03 Hove
46,Statielei 16,2021-10-25,16:00:00,247,60,187,FMN GV 03 Hove
46,Statielei 16,2021-10-25,17:00:00,272,89,183,FMN GV 03 Hove
46,Statielei 16,2021-10-25,18:00:00,171,51,120,FMN GV 03 Hove
46,Statielei 16,2021-10-25,19:00:00,70,33,37,FMN GV 03 Hove
46,Statielei 16,2021-10-25,20:00:00,26,14,12,FMN GV 03 Hove
46,Statielei 16,2021-10-25,21:00:00,39,20,19,FMN GV 03 Hove
46,Statielei 16,2021-10-25,22:00:00,20,4,16,FMN GV 03 Hove
46,Statielei 16,2021-10-25,23:00:00,14,8,6,FMN GV 03 Hove
46,Statielei 16,2021-10-26,00:00:00,5,2,3,FMN GV 03 Hove
46,Statielei 16,2021-10-26,01:00:00,2,0,2,FMN GV 03 Hove
46,Statielei 16,2021-10-26,02:00:00,2,1,1,FMN GV 03 Hove
46,Statielei 16,2021-10-26,03:00:00,1,0,1,FMN GV 03 Hove
46,Statielei 16,2021-10-26,04:00:00,12,8,4,FMN GV 03 Hove
46,Statielei 16,2021-10-26,05:00:00,23,11,12,FMN GV 03 Hove
46,Statielei 16,2021-10-26,06:00:00,86,63,23,FMN GV 03 Hove
46,Statielei 16,2021-10-26,07:00:00,345,270,75,FMN GV 03 Hove
46,Statielei 16,2021-10-26,08:00:00,356,284,72,FMN GV 03 Hove
46,Statielei 16,2021-10-26,09:00:00,95,68,27,FMN GV 03 Hove
46,Statielei 16,2021-10-26,10:00:00,97,63,34,FMN GV 03 Hove
46,Statielei 16,2021-10-26,11:00:00,79,49,30,FMN GV 03 Hove
46,Statielei 16,2021-10-26,12:00:00,99,53,46,FMN GV 03 Hove
46,Statielei 16,2021-10-26,13:00:00,92,42,50,FMN GV 03 Hove
46,Statielei 16,2021-10-26,14:00:00,117,58,59,FMN GV 03 Hove
46,Statielei 16,2021-10-26,15:00:00,165,62,103,FMN GV 03 Hove
46,Statielei 16,2021-10-26,16:00:00,293,77,216,FMN GV 03 Hove
46,Statielei 16,2021-10-26,17:00:00,286,89,197,FMN GV 03 Hove
46,Statielei 16,2021-10-26,18:00:00,177,61,116,FMN GV 03 Hove
46,Statielei 16,2021-10-26,19:00:00,77,29,48,FMN GV 03 Hove
46,Statielei 16,2021-10-26,20:00:00,51,20,31,FMN GV 03 Hove
46,Statielei 16,2021-10-26,21:00:00,43,23,20,FMN GV 03 Hove
46,Statielei 16,2021-10-26,22:00:00,33,15,18,FMN GV 03 Hove
46,Statielei 16,2021-10-26,23:00:00,23,5,18,FMN GV 03 Hove
46,Statielei 16,2021-10-27,00:00:00,14,9,5,FMN GV 03 Hove
46,Statielei 16,2021-10-27,01:00:00,2,1,1,FMN GV 03 Hove
46,Statielei 16,2021-10-27,02:00:00,4,1,3,FMN GV 03 Hove
46,Statielei 16,2021-10-27,03:00:00,8,0,8,FMN GV 03 Hove
46,Statielei 16,2021-10-27,04:00:00,10,7,3,FMN GV 03 Hove
46,Statielei 16,2021-10-27,05:00:00,22,9,13,FMN GV 03 Hove
46,Statielei 16,2021-10-27,06:00:00,74,60,14,FMN GV 03 Hove
46,Statielei 16,2021-10-27,07:00:00,273,215,58,FMN GV 03 Hove
46,Statielei 16,2021-10-27,08:00:00,307,229,78,FMN GV 03 Hove
46,Statielei 16,2021-10-27,09:00:00,125,85,40,FMN GV 03 Hove
46,Statielei 16,2021-10-27,10:00:00,125,66,59,FMN GV 03 Hove
46,Statielei 16,2021-10-27,11:00:00,88,45,43,FMN GV 03 Hove
46,Statielei 16,2021-10-27,12:00:00,187,71,116,FMN GV 03 Hove
46,Statielei 16,2021-10-27,13:00:00,162,57,105,FMN GV 03 Hove
46,Statielei 16,2021-10-27,14:00:00,139,63,76,FMN GV 03 Hove
46,Statielei 16,2021-10-27,15:00:00,170,82,88,FMN GV 03 Hove
46,Statielei 16,2021-10-27,16:00:00,189,65,124,FMN GV 03 Hove
46,Statielei 16,2021-10-27,17:00:00,295,117,178,FMN GV 03 Hove
46,Statielei 16,2021-10-27,18:00:00,177,73,104,FMN GV 03 Hove
46,Statielei 16,2021-10-27,19:00:00,89,58,31,FMN GV 03 Hove
46,Statielei 16,2021-10-27,20:00:00,37,22,15,FMN GV 03 Hove
46,Statielei 16,2021-10-27,21:00:00,47,19,28,FMN GV 03 Hove
46,Statielei 16,2021-10-27,22:00:00,33,15,18,FMN GV 03 Hove
46,Statielei 16,2021-10-27,23:00:00,22,7,15,FMN GV 03 Hove
46,Statielei 16,2021-10-28,00:00:00,5,3,2,FMN GV 03 Hove
46,Statielei 16,2021-10-28,01:00:00,2,0,2,FMN GV 03 Hove
46,Statielei 16,2021-10-28,02:00:00,3,2,1,FMN GV 03 Hove
46,Statielei 16,2021-10-28,03:00:00,3,0,3,FMN GV 03 Hove
46,Statielei 16,2021-10-28,04:00:00,8,6,2,FMN GV 03 Hove
46,Statielei 16,2021-10-28,05:00:00,19,9,10,FMN GV 03 Hove
46,Statielei 16,2021-10-28,06:00:00,100,72,28,FMN GV 03 Hove
46,Statielei 16,2021-10-28,07:00:00,292,226,66,FMN GV 03 Hove
46,Statielei 16,2021-10-28,08:00:00,323,251,72,FMN GV 03 Hove
46,Statielei 16,2021-10-28,09:00:00,119,85,34,FMN GV 03 Hove
46,Statielei 16,2021-10-28,10:00:00,78,48,30,FMN GV 03 Hove
46,Statielei 16,2021-10-28,11:00:00,102,59,43,FMN GV 03 Hove
46,Statielei 16,2021-10-28,12:00:00,141,65,76,FMN GV 03 Hove
46,Statielei 16,2021-10-28,13:00:00,163,92,71,FMN GV 03 Hove
46,Statielei 16,2021-10-28,14:00:00,193,88,105,FMN GV 03 Hove
46,Statielei 16,2021-10-28,15:00:00,195,78,117,FMN GV 03 Hove
46,Statielei 16,2021-10-28,16:00:00,345,107,238,FMN GV 03 Hove
46,Statielei 16,2021-10-28,17:00:00,301,104,197,FMN GV 03 Hove
46,Statielei 16,2021-10-28,18:00:00,197,91,106,FMN GV 03 Hove
46,Statielei 16,2021-10-28,19:00:00,94,37,57,FMN GV 03 Hove
46,Statielei 16,2021-10-28,20:00:00,69,31,38,FMN GV 03 Hove
46,Statielei 16,2021-10-28,21:00:00,52,29,23,FMN GV 03 Hove
46,Statielei 16,2021-10-28,22:00:00,44,16,28,FMN GV 03 Hove
46,Statielei 16,2021-10-28,23:00:00,22,6,16,FMN GV 03 Hove
46,Statielei 16,2021-10-29,00:00:00,17,8,9,FMN GV 03 Hove
46,Statielei 16,2021-10-29,01:00:00,7,2,5,FMN GV 03 Hove
46,Statielei 16,2021-10-29,02:00:00,1,1,0,FMN GV 03 Hove
46,Statielei 16,2021-10-29,03:00:00,5,0,5,FMN GV 03 Hove
46,Statielei 16,2021-10-29,04:00:00,12,6,6,FMN GV 03 Hove
46,Statielei 16,2021-10-29,05:00:00,14,7,7,FMN GV 03 Hove
46,Statielei 16,2021-10-29,06:00:00,74,55,19,FMN GV 03 Hove
46,Statielei 16,2021-10-29,07:00:00,214,167,47,FMN GV 03 Hove
46,Statielei 16,2021-10-29,08:00:00,267,211,56,FMN GV 03 Hove
46,Statielei 16,2021-10-29,09:00:00,77,59,18,FMN GV 03 Hove
46,Statielei 16,2021-10-29,10:00:00,73,42,31,FMN GV 03 Hove
46,Statielei 16,2021-10-29,11:00:00,127,72,55,FMN GV 03 Hove
46,Statielei 16,2021-10-29,12:00:00,161,80,81,FMN GV 03 Hove
46,Statielei 16,2021-10-29,13:00:00,145,75,70,FMN GV 03 Hove
46,Statielei 16,2021-10-29,14:00:00,135,69,66,FMN GV 03 Hove
46,Statielei 16,2021-10-29,15:00:00,192,71,121,FMN GV 03 Hove
46,Statielei 16,2021-10-29,16:00:00,249,83,166,FMN GV 03 Hove
46,Statielei 16,2021-10-29,17:00:00,159,53,106,FMN GV 03 Hove
46,Statielei 16,2021-10-29,18:00:00,116,45,71,FMN GV 03 Hove
46,Statielei 16,2021-10-29,19:00:00,62,36,26,FMN GV 03 Hove
46,Statielei 16,2021-10-29,20:00:00,38,24,14,FMN GV 03 Hove
46,Statielei 16,2021-10-29,21:00:00,27,13,14,FMN GV 03 Hove
46,Statielei 16,2021-10-29,22:00:00,25,11,14,FMN GV 03 Hove
46,Statielei 16,2021-10-29,23:00:00,28,10,18,FMN GV 03 Hove
46,Statielei 16,2021-10-30,00:00:00,13,7,6,FMN GV 03 Hove
46,Statielei 16,2021-10-30,01:00:00,21,10,11,FMN GV 03 Hove
46,Statielei 16,2021-10-30,02:00:00,10,8,2,FMN GV 03 Hove
46,Statielei 16,2021-10-30,03:00:00,7,1,6,FMN GV 03 Hove
46,Statielei 16,2021-10-30,04:00:00,10,4,6,FMN GV 03 Hove
46,Statielei 16,2021-10-30,05:00:00,9,4,5,FMN GV 03 Hove
46,Statielei 16,2021-10-30,06:00:00,4,2,2,FMN GV 03 Hove
46,Statielei 16,2021-10-30,07:00:00,9,2,7,FMN GV 03 Hove
46,Statielei 16,2021-10-30,08:00:00,15,9,6,FMN GV 03 Hove
46,Statielei 16,2021-10-30,09:00:00,24,11,13,FMN GV 03 Hove
46,Statielei 16,2021-10-30,10:00:00,33,22,11,FMN GV 03 Hove
46,Statielei 16,2021-10-30,11:00:00,23,14,9,FMN GV 03 Hove
46,Statielei 16,2021-10-30,12:00:00,23,17,6,FMN GV 03 Hove
46,Statielei 16,2021-10-30,13:00:00,49,24,25,FMN GV 03 Hove
46,Statielei 16,2021-10-30,14:00:00,52,19,33,FMN GV 03 Hove
46,Statielei 16,2021-10-30,15:00:00,49,19,30,FMN GV 03 Hove
46,Statielei 16,2021-10-30,16:00:00,43,27,16,FMN GV 03 Hove
46,Statielei 16,2021-10-30,17:00:00,45,28,17,FMN GV 03 Hove
46,Statielei 16,2021-10-30,18:00:00,38,14,24,FMN GV 03 Hove
46,Statielei 16,2021-10-30,19:00:00,31,21,10,FMN GV 03 Hove
46,Statielei 16,2021-10-30,20:00:00,20,8,12,FMN GV 03 Hove
46,Statielei 16,2021-10-30,21:00:00,21,6,15,FMN GV 03 Hove
46,Statielei 16,2021-10-30,22:00:00,16,7,9,FMN GV 03 Hove
46,Statielei 16,2021-10-30,23:00:00,20,11,9,FMN GV 03 Hove
46,Statielei 16,2021-10-31,00:00:00,12,6,6,FMN GV 03 Hove
46,Statielei 16,2021-10-31,01:00:00,13,4,9,FMN GV 03 Hove
46,Statielei 16,2021-10-31,02:00:00,19,10,9,FMN GV 03 Hove
46,Statielei 16,2021-10-31,03:00:00,8,7,1,FMN GV 03 Hove
46,Statielei 16,2021-10-31,04:00:00,5,3,2,FMN GV 03 Hove
46,Statielei 16,2021-10-31,05:00:00,12,7,5,FMN GV 03 Hove
46,Statielei 16,2021-10-31,06:00:00,7,6,1,FMN GV 03 Hove
46,Statielei 16,2021-10-31,07:00:00,12,4,8,FMN GV 03 Hove
46,Statielei 16,2021-10-31,08:00:00,28,6,22,FMN GV 03 Hove
46,Statielei 16,2021-10-31,09:00:00,87,29,58,FMN GV 03 Hove
46,Statielei 16,2021-10-31,10:00:00,95,47,48,FMN GV 03 Hove
46,Statielei 16,2021-10-31,11:00:00,124,76,48,FMN GV 03 Hove
46,Statielei 16,2021-10-31,12:00:00,94,57,37,FMN GV 03 Hove
46,Statielei 16,2021-10-31,13:00:00,78,47,31,FMN GV 03 Hove
46,Statielei 16,2021-10-31,14:00:00,60,35,25,FMN GV 03 Hove
46,Statielei 16,2021-10-31,15:00:00,21,12,9,FMN GV 03 Hove
46,Statielei 16,2021-10-31,16:00:00,32,16,16,FMN GV 03 Hove
46,Statielei 16,2021-10-31,17:00:00,12,8,4,FMN GV 03 Hove
46,Statielei 16,2021-10-31,18:00:00,18,12,6,FMN GV 03 Hove
46,Statielei 16,2021-10-31,19:00:00,15,9,6,FMN GV 03 Hove
46,Statielei 16,2021-10-31,20:00:00,16,10,6,FMN GV 03 Hove
46,Statielei 16,2021-10-31,21:00:00,10,7,3,FMN GV 03 Hove
46,Statielei 16,2021-10-31,22:00:00,12,8,4,FMN GV 03 Hove
46,Statielei 16,2021-10-31,23:00:00,18,15,3,FMN GV 03 Hove
46,Statielei 16,2021-11-01,00:00:00,5,3,2,FMN GV 03 Hove
46,Statielei 16,2021-11-01,01:00:00,5,1,4,FMN GV 03 Hove
46,Statielei 16,2021-11-01,02:00:00,4,1,3,FMN GV 03 Hove
46,Statielei 16,2021-11-01,03:00:00,9,5,4,FMN GV 03 Hove
46,Statielei 16,2021-11-01,04:00:00,10,5,5,FMN GV 03 Hove
46,Statielei 16,2021-11-01,05:00:00,10,6,4,FMN GV 03 Hove
46,Statielei 16,2021-11-01,06:00:00,6,5,1,FMN GV 03 Hove
46,Statielei 16,2021-11-01,07:00:00,14,7,7,FMN GV 03 Hove
46,Statielei 16,2021-11-01,08:00:00,25,11,14,FMN GV 03 Hove
46,Statielei 16,2021-11-01,09:00:00,52,34,18,FMN GV 03 Hove
46,Statielei 16,2021-11-01,10:00:00,71,21,50,FMN GV 03 Hove
46,Statielei 16,2021-11-01,11:00:00,72,44,28,FMN GV 03 Hove
46,Statielei 16,2021-11-01,12:00:00,79,45,34,FMN GV 03 Hove
46,Statielei 16,2021-11-01,13:00:00,65,40,25,FMN GV 03 Hove
46,Statielei 16,2021-11-01,14:00:00,72,39,33,FMN GV 03 Hove
46,Statielei 16,2021-11-01,15:00:00,56,28,28,FMN GV 03 Hove
46,Statielei 16,2021-11-01,16:00:00,58,24,34,FMN GV 03 Hove
46,Statielei 16,2021-11-01,17:00:00,38,23,15,FMN GV 03 Hove
46,Statielei 16,2021-11-01,18:00:00,22,15,7,FMN GV 03 Hove
46,Statielei 16,2021-11-01,19:00:00,20,11,9,FMN GV 03 Hove
46,Statielei 16,2021-11-01,20:00:00,27,19,8,FMN GV 03 Hove
46,Statielei 16,2021-11-01,21:00:00,8,4,4,FMN GV 03 Hove
46,Statielei 16,2021-11-01,22:00:00,16,8,8,FMN GV 03 Hove
46,Statielei 16,2021-11-01,23:00:00,11,5,6,FMN GV 03 Hove
46,Statielei 16,2021-11-02,00:00:00,4,1,3,FMN GV 03 Hove
46,Statielei 16,2021-11-02,01:00:00,4,1,3,FMN GV 03 Hove
46,Statielei 16,2021-11-02,02:00:00,0,0,0,FMN GV 03 Hove
46,Statielei 16,2021-11-02,03:00:00,3,0,3,FMN GV 03 Hove
46,Statielei 16,2021-11-02,04:00:00,9,4,5,FMN GV 03 Hove
46,Statielei 16,2021-11-02,05:00:00,9,6,3,FMN GV 03 Hove
46,Statielei 16,2021-11-02,06:00:00,50,39,11,FMN GV 03 Hove
46,Statielei 16,2021-11-02,07:00:00,118,90,28,FMN GV 03 Hove
46,Statielei 16,2021-11-02,08:00:00,101,79,22,FMN GV 03 Hove
46,Statielei 16,2021-11-02,09:00:00,50,29,21,FMN GV 03 Hove
46,Statielei 16,2021-11-02,10:00:00,43,24,19,FMN GV 03 Hove
46,Statielei 16,2021-11-02,11:00:00,28,19,9,FMN GV 03 Hove
46,Statielei 16,2021-11-02,12:00:00,38,18,20,FMN GV 03 Hove
46,Statielei 16,2021-11-02,13:00:00,51,31,20,FMN GV 03 Hove
46,Statielei 16,2021-11-02,14:00:00,62,28,34,FMN GV 03 Hove
46,Statielei 16,2021-11-02,15:00:00,71,37,34,FMN GV 03 Hove
46,Statielei 16,2021-11-02,16:00:00,114,35,79,FMN GV 03 Hove
46,Statielei 16,2021-11-02,17:00:00,126,48,78,FMN GV 03 Hove
46,Statielei 16,2021-11-02,18:00:00,74,21,53,FMN GV 03 Hove
46,Statielei 16,2021-11-02,19:00:00,34,14,20,FMN GV 03 Hove
46,Statielei 16,2021-11-02,20:00:00,19,12,7,FMN GV 03 Hove
46,Statielei 16,2021-11-02,21:00:00,13,10,3,FMN GV 03 Hove
46,Statielei 16,2021-11-02,22:00:00,16,9,7,FMN GV 03 Hove
46,Statielei 16,2021-11-02,23:00:00,15,6,9,FMN GV 03 Hove
46,Statielei 16,2021-11-03,00:00:00,7,2,5,FMN GV 03 Hove
46,Statielei 16,2021-11-03,01:00:00,2,0,2,FMN GV 03 Hove
46,Statielei 16,2021-11-03,02:00:00,2,2,0,FMN GV 03 Hove
46,Statielei 16,2021-11-03,03:00:00,0,0,0,FMN GV 03 Hove
46,Statielei 16,2021-11-03,04:00:00,6,5,1,FMN GV 03 Hove
46,Statielei 16,2021-11-03,05:00:00,16,11,5,FMN GV 03 Hove
46,Statielei 16,2021-11-03,06:00:00,57,37,20,FMN GV 03 Hove
46,Statielei 16,2021-11-03,07:00:00,134,108,26,FMN GV 03 Hove
46,Statielei 16,2021-11-03,08:00:00,149,117,32,FMN GV 03 Hove
46,Statielei 16,2021-11-03,09:00:00,95,59,36,FMN GV 03 Hove
46,Statielei 16,2021-11-03,10:00:00,92,62,30,FMN GV 03 Hove
46,Statielei 16,2021-11-03,11:00:00,82,39,43,FMN GV 03 Hove
46,Statielei 16,2021-11-03,12:00:00,89,40,49,FMN GV 03 Hove
46,Statielei 16,2021-11-03,13:00:00,105,54,51,FMN GV 03 Hove
46,Statielei 16,2021-11-03,14:00:00,92,47,45,FMN GV 03 Hove
46,Statielei 16,2021-11-03,15:00:00,99,58,41,FMN GV 03 Hove
46,Statielei 16,2021-11-03,16:00:00,129,49,80,FMN GV 03 Hove
46,Statielei 16,2021-11-03,17:00:00,172,64,108,FMN GV 03 Hove
46,Statielei 16,2021-11-03,18:00:00,105,44,61,FMN GV 03 Hove
46,Statielei 16,2021-11-03,19:00:00,48,19,29,FMN GV 03 Hove
46,Statielei 16,2021-11-03,20:00:00,35,17,18,FMN GV 03 Hove
46,Statielei 16,2021-11-03,21:00:00,26,14,12,FMN GV 03 Hove
46,Statielei 16,2021-11-03,22:00:00,21,12,9,FMN GV 03 Hove
46,Statielei 16,2021-11-03,23:00:00,16,3,13,FMN GV 03 Hove
46,Statielei 16,2021-11-04,00:00:00,2,2,0,FMN GV 03 Hove
46,Statielei 16,2021-11-04,01:00:00,6,3,3,FMN GV 03 Hove
46,Statielei 16,2021-11-04,02:00:00,1,0,1,FMN GV 03 Hove
46,Statielei 16,2021-11-04,03:00:00,2,0,2,FMN GV 03 Hove
46,Statielei 16,2021-11-04,04:00:00,8,6,2,FMN GV 03 Hove
46,Statielei 16,2021-11-04,05:00:00,11,7,4,FMN GV 03 Hove
46,Statielei 16,2021-11-04,06:00:00,59,44,15,FMN GV 03 Hove
46,Statielei 16,2021-11-04,07:00:00,120,93,27,FMN GV 03 Hove
46,Statielei 16,2021-11-04,08:00:00,123,91,32,FMN GV 03 Hove
46,Statielei 16,2021-11-04,09:00:00,59,38,21,FMN GV 03 Hove
46,Statielei 16,2021-11-04,10:00:00,56,32,24,FMN GV 03 Hove
46,Statielei 16,2021-11-04,11:00:00,54,30,24,FMN GV 03 Hove
46,Statielei 16,2021-11-04,12:00:00,60,39,21,FMN GV 03 Hove
46,Statielei 16,2021-11-04,13:00:00,43,19,24,FMN GV 03 Hove
46,Statielei 16,2021-11-04,14:00:00,67,30,37,FMN GV 03 Hove
46,Statielei 16,2021-11-04,15:00:00,65,35,30,FMN GV 03 Hove
46,Statielei 16,2021-11-04,16:00:00,110,28,82,FMN GV 03 Hove
46,Statielei 16,2021-11-04,17:00:00,136,48,88,FMN GV 03 Hove
46,Statielei 16,2021-11-04,18:00:00,93,33,60,FMN GV 03 Hove
46,Statielei 16,2021-11-04,19:00:00,48,26,22,FMN GV 03 Hove
46,Statielei 16,2021-11-04,20:00:00,32,17,15,FMN GV 03 Hove
46,Statielei 16,2021-11-04,21:00:00,19,10,9,FMN GV 03 Hove
46,Statielei 16,2021-11-04,22:00:00,21,15,6,FMN GV 03 Hove
46,Statielei 16,2021-11-04,23:00:00,14,3,11,FMN GV 03 Hove
46,Statielei 16,2021-11-05,00:00:00,12,3,9,FMN GV 03 Hove
46,Statielei 16,2021-11-05,01:00:00,3,0,3,FMN GV 03 Hove
46,Statielei 16,2021-11-05,02:00:00,5,2,3,FMN GV 03 Hove
46,Statielei 16,2021-11-05,03:00:00,3,2,1,FMN GV 03 Hove
46,Statielei 16,2021-11-05,04:00:00,5,4,1,FMN GV 03 Hove
46,Statielei 16,2021-11-05,05:00:00,13,7,6,FMN GV 03 Hove
46,Statielei 16,2021-11-05,06:00:00,50,35,15,FMN GV 03 Hove
46,Statielei 16,2021-11-05,07:00:00,115,83,32,FMN GV 03 Hove
46,Statielei 16,2021-11-05,08:00:00,131,85,46,FMN GV 03 Hove
46,Statielei 16,2021-11-05,09:00:00,71,45,26,FMN GV 03 Hove
46,Statielei 16,2021-11-05,10:00:00,84,49,35,FMN GV 03 Hove
46,Statielei 16,2021-11-05,11:00:00,72,33,39,FMN GV 03 Hove
46,Statielei 16,2021-11-05,12:00:00,74,38,36,FMN GV 03 Hove
46,Statielei 16,2021-11-05,13:00:00,71,42,29,FMN GV 03 Hove
46,Statielei 16,2021-11-05,14:00:00,78,41,37,FMN GV 03 Hove
46,Statielei 16,2021-11-05,15:00:00,88,39,49,FMN GV 03 Hove
46,Statielei 16,2021-11-05,16:00:00,127,45,82,FMN GV 03 Hove
46,Statielei 16,2021-11-05,17:00:00,121,45,76,FMN GV 03 Hove
46,Statielei 16,2021-11-05,18:00:00,90,42,48,FMN GV 03 Hove
46,Statielei 16,2021-11-05,19:00:00,55,29,26,FMN GV 03 Hove
46,Statielei 16,2021-11-05,20:00:00,34,21,13,FMN GV 03 Hove
46,Statielei 16,2021-11-05,21:00:00,36,20,16,FMN GV 03 Hove
46,Statielei 16,2021-11-05,22:00:00,24,10,14,FMN GV 03 Hove
46,Statielei 16,2021-11-05,23:00:00,17,3,14,FMN GV 03 Hove
46,Statielei 16,2021-11-06,00:00:00,21,7,14,FMN GV 03 Hove
46,Statielei 16,2021-11-06,01:00:00,11,1,10,FMN GV 03 Hove
46,Statielei 16,2021-11-06,02:00:00,23,12,11,FMN GV 03 Hove
46,Statielei 16,2021-11-06,03:00:00,6,5,1,FMN GV 03 Hove
46,Statielei 16,2021-11-06,04:00:00,9,4,5,FMN GV 03 Hove
46,Statielei 16,2021-11-06,05:00:00,10,4,6,FMN GV 03 Hove
46,Statielei 16,2021-11-06,06:00:00,7,5,2,FMN GV 03 Hove
46,Statielei 16,2021-11-06,07:00:00,17,10,7,FMN GV 03 Hove
46,Statielei 16,2021-11-06,08:00:00,24,12,12,FMN GV 03 Hove
46,Statielei 16,2021-11-06,09:00:00,63,31,32,FMN GV 03 Hove
46,Statielei 16,2021-11-06,10:00:00,92,53,39,FMN GV 03 Hove
46,Statielei 16,2021-11-06,11:00:00,107,62,45,FMN GV 03 Hove
46,Statielei 16,2021-11-06,12:00:00,88,49,39,FMN GV 03 Hove
46,Statielei 16,2021-11-06,13:00:00,110,58,52,FMN GV 03 Hove
46,Statielei 16,2021-11-06,14:00:00,102,49,53,FMN GV 03 Hove
46,Statielei 16,2021-11-06,15:00:00,95,53,42,FMN GV 03 Hove
46,Statielei 16,2021-11-06,16:00:00,66,28,38,FMN GV 03 Hove
46,Statielei 16,2021-11-06,17:00:00,70,37,33,FMN GV 03 Hove
46,Statielei 16,2021-11-06,18:00:00,38,28,10,FMN GV 03 Hove
46,Statielei 16,2021-11-06,19:00:00,56,34,22,FMN GV 03 Hove
46,Statielei 16,2021-11-06,20:00:00,35,27,8,FMN GV 03 Hove
46,Statielei 16,2021-11-06,21:00:00,22,11,11,FMN GV 03 Hove
46,Statielei 16,2021-11-06,22:00:00,33,18,15,FMN GV 03 Hove
46,Statielei 16,2021-11-06,23:00:00,12,4,8,FMN GV 03 Hove
46,Statielei 16,2021-11-07,00:00:00,18,8,10,FMN GV 03 Hove
46,Statielei 16,2021-11-07,01:00:00,19,9,10,FMN GV 03 Hove
46,Statielei 16,2021-11-07,02:00:00,7,3,4,FMN GV 03 Hove
46,Statielei 16,2021-11-07,03:00:00,10,2,8,FMN GV 03 Hove
46,Statielei 16,2021-11-07,04:00:00,7,2,5,FMN GV 03 Hove
46,Statielei 16,2021-11-07,05:00:00,14,4,10,FMN GV 03 Hove
46,Statielei 16,2021-11-07,06:00:00,8,3,5,FMN GV 03 Hove
46,Statielei 16,2021-11-07,07:00:00,9,5,4,FMN GV 03 Hove
46,Statielei 16,2021-11-07,08:00:00,15,4,11,FMN GV 03 Hove
46,Statielei 16,2021-11-07,09:00:00,72,36,36,FMN GV 03 Hove
46,Statielei 16,2021-11-07,10:00:00,89,57,32,FMN GV 03 Hove
46,Statielei 16,2021-11-07,11:00:00,92,57,35,FMN GV 03 Hove
46,Statielei 16,2021-11-07,12:00:00,95,55,40,FMN GV 03 Hove
46,Statielei 16,2021-11-07,13:00:00,77,47,30,FMN GV 03 Hove
46,Statielei 16,2021-11-07,14:00:00,63,35,28,FMN GV 03 Hove
46,Statielei 16,2021-11-07,15:00:00,85,41,44,FMN GV 03 Hove
46,Statielei 16,2021-11-07,16:00:00,73,42,31,FMN GV 03 Hove
46,Statielei 16,2021-11-07,17:00:00,56,28,28,FMN GV 03 Hove
46,Statielei 16,2021-11-07,18:00:00,34,19,15,FMN GV 03 Hove
46,Statielei 16,2021-11-07,19:00:00,21,11,10,FMN GV 03 Hove
46,Statielei 16,2021-11-07,20:00:00,24,16,8,FMN GV 03 Hove
46,Statielei 16,2021-11-07,21:00:00,17,11,6,FMN GV 03 Hove
46,Statielei 16,2021-11-07,22:00:00,17,6,11,FMN GV 03 Hove
46,Statielei 16,2021-11-07,23:00:00,8,3,5,FMN GV 03 Hove
46,Statielei 16,2021-11-08,00:00:00,4,0,4,FMN GV 03 Hove
46,Statielei 16,2021-11-08,01:00:00,2,0,2,FMN GV 03 Hove
46,Statielei 16,2021-11-08,02:00:00,1,0,1,FMN GV 03 Hove
46,Statielei 16,2021-11-08,03:00:00,1,1,0,FMN GV 03 Hove
46,Statielei 16,2021-11-08,04:00:00,13,7,6,FMN GV 03 Hove
46,Statielei 16,2021-11-08,05:00:00,20,11,9,FMN GV 03 Hove
46,Statielei 16,2021-11-08,06:00:00,90,68,22,FMN GV 03 Hove
46,Statielei 16,2021-11-08,07:00:00,287,223,64,FMN GV 03 Hove
46,Statielei 16,2021-11-08,08:00:00,294,230,64,FMN GV 03 Hove
46,Statielei 16,2021-11-08,09:00:00,84,65,19,FMN GV 03 Hove
46,Statielei 16,2021-11-08,10:00:00,65,44,21,FMN GV 03 Hove
46,Statielei 16,2021-11-08,11:00:00,55,35,20,FMN GV 03 Hove
46,Statielei 16,2021-11-08,12:00:00,111,62,49,FMN GV 03 Hove
46,Statielei 16,2021-11-08,13:00:00,123,79,44,FMN GV 03 Hove
46,Statielei 16,2021-11-08,14:00:00,106,56,50,FMN GV 03 Hove
46,Statielei 16,2021-11-08,15:00:00,157,55,102,FMN GV 03 Hove
46,Statielei 16,2021-11-08,16:00:00,284,64,220,FMN GV 03 Hove
46,Statielei 16,2021-11-08,17:00:00,270,82,188,FMN GV 03 Hove
46,Statielei 16,2021-11-08,18:00:00,127,39,88,FMN GV 03 Hove
46,Statielei 16,2021-11-08,19:00:00,79,46,33,FMN GV 03 Hove
46,Statielei 16,2021-11-08,20:00:00,42,22,20,FMN GV 03 Hove
46,Statielei 16,2021-11-08,21:00:00,25,9,16,FMN GV 03 Hove
46,Statielei 16,2021-11-08,22:00:00,32,8,24,FMN GV 03 Hove
46,Statielei 16,2021-11-08,23:00:00,7,2,5,FMN GV 03 Hove
46,Statielei 16,2021-11-09,00:00:00,2,0,2,FMN GV 03 Hove
46,Statielei 16,2021-11-09,01:00:00,1,0,1,FMN GV 03 Hove
46,Statielei 16,2021-11-09,02:00:00,1,1,0,FMN GV 03 Hove
46,Statielei 16,2021-11-09,03:00:00,1,1,0,FMN GV 03 Hove
46,Statielei 16,2021-11-09,04:00:00,9,6,3,FMN GV 03 Hove
46,Statielei 16,2021-11-09,05:00:00,20,9,11,FMN GV 03 Hove
46,Statielei 16,2021-11-09,06:00:00,78,60,18,FMN GV 03 Hove
46,Statielei 16,2021-11-09,07:00:00,330,257,73,FMN GV 03 Hove
46,Statielei 16,2021-11-09,08:00:00,335,268,67,FMN GV 03 Hove
46,Statielei 16,2021-11-09,09:00:00,96,62,34,FMN GV 03 Hove
46,Statielei 16,2021-11-09,10:00:00,78,50,28,FMN GV 03 Hove
46,Statielei 16,2021-11-09,11:00:00,72,34,38,FMN GV 03 Hove
46,Statielei 16,2021-11-09,12:00:00,121,70,51,FMN GV 03 Hove
46,Statielei 16,2021-11-09,13:00:00,111,63,48,FMN GV 03 Hove
46,Statielei 16,2021-11-09,14:00:00,120,50,70,FMN GV 03 Hove
46,Statielei 16,2021-11-09,15:00:00,159,64,95,FMN GV 03 Hove
46,Statielei 16,2021-11-09,16:00:00,285,88,197,FMN GV 03 Hove
46,Statielei 16,2021-11-09,17:00:00,296,90,206,FMN GV 03 Hove
46,Statielei 16,2021-11-09,18:00:00,163,51,112,FMN GV 03 Hove
46,Statielei 16,2021-11-09,19:00:00,82,37,45,FMN GV 03 Hove
46,Statielei 16,2021-11-09,20:00:00,56,30,26,FMN GV 03 Hove
46,Statielei 16,2021-11-09,21:00:00,30,10,20,FMN GV 03 Hove
46,Statielei 16,2021-11-09,22:00:00,42,17,25,FMN GV 03 Hove
46,Statielei 16,2021-11-09,23:00:00,18,5,13,FMN GV 03 Hove
46,Statielei 16,2021-11-10,00:00:00,11,4,7,FMN GV 03 Hove
46,Statielei 16,2021-11-10,01:00:00,1,0,1,FMN GV 03 Hove
46,Statielei 16,2021-11-10,02:00:00,1,1,0,FMN GV 03 Hove
46,Statielei 16,2021-11-10,03:00:00,3,1,2,FMN GV 03 Hove
46,Statielei 16,2021-11-10,04:00:00,5,3,2,FMN GV 03 Hove
46,Statielei 16,2021-11-10,05:00:00,22,12,10,FMN GV 03 Hove
46,Statielei 16,2021-11-10,06:00:00,85,71,14,FMN GV 03 Hove
46,Statielei 16,2021-11-10,07:00:00,259,204,55,FMN GV 03 Hove
46,Statielei 16,2021-11-10,08:00:00,260,198,62,FMN GV 03 Hove
46,Statielei 16,2021-11-10,09:00:00,113,72,41,FMN GV 03 Hove
46,Statielei 16,2021-11-10,10:00:00,110,60,50,FMN GV 03 Hove
46,Statielei 16,2021-11-10,11:00:00,132,68,64,FMN GV 03 Hove
46,Statielei 16,2021-11-10,12:00:00,188,68,120,FMN GV 03 Hove
46,Statielei 16,2021-11-10,13:00:00,149,57,92,FMN GV 03 Hove
46,Statielei 16,2021-11-10,14:00:00,136,62,74,FMN GV 03 Hove
46,Statielei 16,2021-11-10,15:00:00,146,76,70,FMN GV 03 Hove
46,Statielei 16,2021-11-10,16:00:00,195,77,118,FMN GV 03 Hove
46,Statielei 16,2021-11-10,17:00:00,247,97,150,FMN GV 03 Hove
46,Statielei 16,2021-11-10,18:00:00,130,51,79,FMN GV 03 Hove
46,Statielei 16,2021-11-10,19:00:00,75,39,36,FMN GV 03 Hove
46,Statielei 16,2021-11-10,20:00:00,39,12,27,FMN GV 03 Hove
46,Statielei 16,2021-11-10,21:00:00,43,18,25,FMN GV 03 Hove
46,Statielei 16,2021-11-10,22:00:00,35,17,18,FMN GV 03 Hove
46,Statielei 16,2021-11-10,23:00:00,38,13,25,FMN GV 03 Hove
46,Statielei 16,2021-11-11,00:00:00,8,3,5,FMN GV 03 Hove
46,Statielei 16,2021-11-11,01:00:00,27,6,21,FMN GV 03 Hove
46,Statielei 16,2021-11-11,02:00:00,7,5,2,FMN GV 03 Hove
46,Statielei 16,2021-11-11,03:00:00,8,1,7,FMN GV 03 Hove
46,Statielei 16,2021-11-11,04:00:00,13,6,7,FMN GV 03 Hove
46,Statielei 16,2021-11-11,05:00:00,7,4,3,FMN GV 03 Hove
46,Statielei 16,2021-11-11,06:00:00,10,5,5,FMN GV 03 Hove
46,Statielei 16,2021-11-11,07:00:00,24,12,12,FMN GV 03 Hove
46,Statielei 16,2021-11-11,08:00:00,28,12,16,FMN GV 03 Hove
46,Statielei 16,2021-11-11,09:00:00,68,32,36,FMN GV 03 Hove
46,Statielei 16,2021-11-11,10:00:00,86,46,40,FMN GV 03 Hove
46,Statielei 16,2021-11-11,11:00:00,77,47,30,FMN GV 03 Hove
46,Statielei 16,2021-11-11,12:00:00,96,51,45,FMN GV 03 Hove
46,Statielei 16,2021-11-11,13:00:00,84,52,32,FMN GV 03 Hove
46,Statielei 16,2021-11-11,14:00:00,114,64,50,FMN GV 03 Hove
46,Statielei 16,2021-11-11,15:00:00,95,48,47,FMN GV 03 Hove
46,Statielei 16,2021-11-11,16:00:00,107,64,43,FMN GV 03 Hove
46,Statielei 16,2021-11-11,17:00:00,93,47,46,FMN GV 03 Hove
46,Statielei 16,2021-11-11,18:00:00,29,19,10,FMN GV 03 Hove
46,Statielei 16,2021-11-11,19:00:00,30,19,11,FMN GV 03 Hove
46,Statielei 16,2021-11-11,20:00:00,32,21,11,FMN GV 03 Hove
46,Statielei 16,2021-11-11,21:00:00,15,9,6,FMN GV 03 Hove
46,Statielei 16,2021-11-11,22:00:00,23,10,13,FMN GV 03 Hove
46,Statielei 16,2021-11-11,23:00:00,16,6,10,FMN GV 03 Hove
46,Statielei 16,2021-11-12,00:00:00,17,4,13,FMN GV 03 Hove
46,Statielei 16,2021-11-12,01:00:00,5,2,3,FMN GV 03 Hove
46,Statielei 16,2021-11-12,02:00:00,0,0,0,FMN GV 03 Hove
46,Statielei 16,2021-11-12,03:00:00,5,1,4,FMN GV 03 Hove
46,Statielei 16,2021-11-12,04:00:00,7,5,2,FMN GV 03 Hove
46,Statielei 16,2021-11-12,05:00:00,13,8,5,FMN GV 03 Hove
46,Statielei 16,2021-11-12,06:00:00,35,23,12,FMN GV 03 Hove
46,Statielei 16,2021-11-12,07:00:00,94,75,19,FMN GV 03 Hove
46,Statielei 16,2021-11-12,08:00:00,129,93,36,FMN GV 03 Hove
46,Statielei 16,2021-11-12,09:00:00,55,35,20,FMN GV 03 Hove
46,Statielei 16,2021-11-12,10:00:00,89,54,35,FMN GV 03 Hove
46,Statielei 16,2021-11-12,11:00:00,102,58,44,FMN GV 03 Hove
46,Statielei 16,2021-11-12,12:00:00,121,64,57,FMN GV 03 Hove
46,Statielei 16,2021-11-12,13:00:00,133,66,67,FMN GV 03 Hove
46,Statielei 16,2021-11-12,14:00:00,115,64,51,FMN GV 03 Hove
46,Statielei 16,2021-11-12,15:00:00,138,66,72,FMN GV 03 Hove
46,Statielei 16,2021-11-12,16:00:00,136,46,90,FMN GV 03 Hove
46,Statielei 16,2021-11-12,17:00:00,128,59,69,FMN GV 03 Hove
46,Statielei 16,2021-11-12,18:00:00,62,30,32,FMN GV 03 Hove
46,Statielei 16,2021-11-12,19:00:00,61,36,25,FMN GV 03 Hove
46,Statielei 16,2021-11-12,20:00:00,25,15,10,FMN GV 03 Hove
46,Statielei 16,2021-11-12,21:00:00,39,20,19,FMN GV 03 Hove
46,Statielei 16,2021-11-12,22:00:00,23,8,15,FMN GV 03 Hove
46,Statielei 16,2021-11-12,23:00:00,24,9,15,FMN GV 03 Hove
46,Statielei 16,2021-11-13,00:00:00,21,8,13,FMN GV 03 Hove
46,Statielei 16,2021-11-13,01:00:00,12,1,11,FMN GV 03 Hove
46,Statielei 16,2021-11-13,02:00:00,9,1,8,FMN GV 03 Hove
46,Statielei 16,2021-11-13,03:00:00,11,0,11,FMN GV 03 Hove
46,Statielei 16,2021-11-13,04:00:00,9,6,3,FMN GV 03 Hove
46,Statielei 16,2021-11-13,05:00:00,11,7,4,FMN GV 03 Hove
46,Statielei 16,2021-11-13,06:00:00,15,8,7,FMN GV 03 Hove
46,Statielei 16,2021-11-13,07:00:00,14,8,6,FMN GV 03 Hove
46,Statielei 16,2021-11-13,08:00:00,15,10,5,FMN GV 03 Hove
46,Statielei 16,2021-11-13,09:00:00,34,22,12,FMN GV 03 Hove
46,Statielei 16,2021-11-13,10:00:00,48,33,15,FMN GV 03 Hove
46,Statielei 16,2021-11-13,11:00:00,52,23,29,FMN GV 03 Hove
46,Statielei 16,2021-11-13,12:00:00,59,34,25,FMN GV 03 Hove
46,Statielei 16,2021-11-13,13:00:00,57,32,25,FMN GV 03 Hove
46,Statielei 16,2021-11-13,14:00:00,43,18,25,FMN GV 03 Hove
46,Statielei 16,2021-11-13,15:00:00,51,24,27,FMN GV 03 Hove
46,Statielei 16,2021-11-13,16:00:00,35,20,15,FMN GV 03 Hove
46,Statielei 16,2021-11-13,17:00:00,29,17,12,FMN GV 03 Hove
46,Statielei 16,2021-11-13,18:00:00,36,19,17,FMN GV 03 Hove
46,Statielei 16,2021-11-13,19:00:00,40,25,15,FMN GV 03 Hove
46,Statielei 16,2021-11-13,20:00:00,26,17,9,FMN GV 03 Hove
46,Statielei 16,2021-11-13,21:00:00,13,3,10,FMN GV 03 Hove
46,Statielei 16,2021-11-13,22:00:00,11,5,6,FMN GV 03 Hove
46,Statielei 16,2021-11-13,23:00:00,24,9,15,FMN GV 03 Hove
46,Statielei 16,2021-11-14,00:00:00,19,9,10,FMN GV 03 Hove
46,Statielei 16,2021-11-14,01:00:00,12,8,4,FMN GV 03 Hove
46,Statielei 16,2021-11-14,02:00:00,6,3,3,FMN GV 03 Hove
46,Statielei 16,2021-11-14,03:00:00,3,3,0,FMN GV 03 Hove
46,Statielei 16,2021-11-14,04:00:00,2,2,0,FMN GV 03 Hove
46,Statielei 16,2021-11-14,05:00:00,9,7,2,FMN GV 03 Hove
46,Statielei 16,2021-11-14,06:00:00,10,8,2,FMN GV 03 Hove
46,Statielei 16,2021-11-14,07:00:00,9,4,5,FMN GV 03 Hove
46,Statielei 16,2021-11-14,08:00:00,28,17,11,FMN GV 03 Hove
46,Statielei 16,2021-11-14,09:00:00,67,28,39,FMN GV 03 Hove
46,Statielei 16,2021-11-14,10:00:00,108,49,59,FMN GV 03 Hove
46,Statielei 16,2021-11-14,11:00:00,104,67,37,FMN GV 03 Hove
46,Statielei 16,2021-11-14,12:00:00,81,55,26,FMN GV 03 Hove
46,Statielei 16,2021-11-14,13:00:00,106,68,38,FMN GV 03 Hove
46,Statielei 16,2021-11-14,14:00:00,124,68,56,FMN GV 03 Hove
46,Statielei 16,2021-11-14,15:00:00,97,46,51,FMN GV 03 Hove
46,Statielei 16,2021-11-14,16:00:00,90,51,39,FMN GV 03 Hove
46,Statielei 16,2021-11-14,17:00:00,65,46,19,FMN GV 03 Hove
46,Statielei 16,2021-11-14,18:00:00,34,18,16,FMN GV 03 Hove
46,Statielei 16,2021-11-14,19:00:00,48,18,30,FMN GV 03 Hove
46,Statielei 16,2021-11-14,20:00:00,24,18,6,FMN GV 03 Hove
46,Statielei 16,2021-11-14,21:00:00,14,12,2,FMN GV 03 Hove
46,Statielei 16,2021-11-14,22:00:00,12,8,4,FMN GV 03 Hove
46,Statielei 16,2021-11-14,23:00:00,9,5,4,FMN GV 03 Hove
46,Statielei 16,2021-11-15,00:00:00,7,1,6,FMN GV 03 Hove
46,Statielei 16,2021-11-15,01:00:00,2,1,1,FMN GV 03 Hove
46,Statielei 16,2021-11-15,02:00:00,2,1,1,FMN GV 03 Hove
46,Statielei 16,2021-11-15,03:00:00,0,0,0,FMN GV 03 Hove
46,Statielei 16,2021-11-15,04:00:00,12,7,5,FMN GV 03 Hove
46,Statielei 16,2021-11-15,05:00:00,23,16,7,FMN GV 03 Hove
46,Statielei 16,2021-11-15,06:00:00,88,70,18,FMN GV 03 Hove
46,Statielei 16,2021-11-15,07:00:00,273,215,58,FMN GV 03 Hove
46,Statielei 16,2021-11-15,08:00:00,277,211,66,FMN GV 03 Hove
46,Statielei 16,2021-11-15,09:00:00,85,65,20,FMN GV 03 Hove
46,Statielei 16,2021-11-15,10:00:00,54,37,17,FMN GV 03 Hove
46,Statielei 16,2021-11-15,11:00:00,58,33,25,FMN GV 03 Hove
46,Statielei 16,2021-11-15,12:00:00,71,37,34,FMN GV 03 Hove
46,Statielei 16,2021-11-15,13:00:00,89,51,38,FMN GV 03 Hove
46,Statielei 16,2021-11-15,14:00:00,68,35,33,FMN GV 03 Hove
46,Statielei 16,2021-11-15,15:00:00,134,58,76,FMN GV 03 Hove
46,Statielei 16,2021-11-15,16:00:00,232,68,164,FMN GV 03 Hove
46,Statielei 16,2021-11-15,17:00:00,243,62,181,FMN GV 03 Hove
46,Statielei 16,2021-11-15,18:00:00,142,43,99,FMN GV 03 Hove
46,Statielei 16,2021-11-15,19:00:00,48,12,36,FMN GV 03 Hove
46,Statielei 16,2021-11-15,20:00:00,39,20,19,FMN GV 03 Hove
46,Statielei 16,2021-11-15,21:00:00,28,13,15,FMN GV 03 Hove
46,Statielei 16,2021-11-15,22:00:00,26,14,12,FMN GV 03 Hove
46,Statielei 16,2021-11-15,23:00:00,6,3,3,FMN GV 03 Hove
46,Statielei 16,2021-11-16,00:00:00,4,0,4,FMN GV 03 Hove
46,Statielei 16,2021-11-16,01:00:00,0,0,0,FMN GV 03 Hove
46,Statielei 16,2021-11-16,02:00:00,2,1,1,FMN GV 03 Hove
46,Statielei 16,2021-11-16,03:00:00,0,0,0,FMN GV 03 Hove
46,Statielei 16,2021-11-16,04:00:00,5,3,2,FMN GV 03 Hove
46,Statielei 16,2021-11-16,05:00:00,16,12,4,FMN GV 03 Hove
46,Statielei 16,2021-11-16,06:00:00,83,67,16,FMN GV 03 Hove
46,Statielei 16,2021-11-16,07:00:00,302,245,57,FMN GV 03 Hove
46,Statielei 16,2021-11-16,08:00:00,348,272,76,FMN GV 03 Hove
46,Statielei 16,2021-11-16,09:00:00,100,78,22,FMN GV 03 Hove
46,Statielei 16,2021-11-16,10:00:00,85,54,31,FMN GV 03 Hove
46,Statielei 16,2021-11-16,11:00:00,58,25,33,FMN GV 03 Hove
46,Statielei 16,2021-11-16,12:00:00,88,35,53,FMN GV 03 Hove
46,Statielei 16,2021-11-16,13:00:00,90,45,45,FMN GV 03 Hove
46,Statielei 16,2021-11-16,14:00:00,107,58,49,FMN GV 03 Hove
46,Statielei 16,2021-11-16,15:00:00,140,47,93,FMN GV 03 Hove
46,Statielei 16,2021-11-16,16:00:00,245,63,182,FMN GV 03 Hove
46,Statielei 16,2021-11-16,17:00:00,253,80,173,FMN GV 03 Hove
46,Statielei 16,2021-11-16,18:00:00,126,37,89,FMN GV 03 Hove
46,Statielei 16,2021-11-16,19:00:00,71,27,44,FMN GV 03 Hove
46,Statielei 16,2021-11-16,20:00:00,48,24,24,FMN GV 03 Hove
46,Statielei 16,2021-11-16,21:00:00,29,16,13,FMN GV 03 Hove
46,Statielei 16,2021-11-16,22:00:00,33,20,13,FMN GV 03 Hove
46,Statielei 16,2021-11-16,23:00:00,19,6,13,FMN GV 03 Hove
46,Statielei 16,2021-11-17,00:00:00,4,3,1,FMN GV 03 Hove
46,Statielei 16,2021-11-17,01:00:00,1,0,1,FMN GV 03 Hove
46,Statielei 16,2021-11-17,02:00:00,1,1,0,FMN GV 03 Hove
46,Statielei 16,2021-11-17,03:00:00,3,1,2,FMN GV 03 Hove
46,Statielei 16,2021-11-17,04:00:00,9,7,2,FMN GV 03 Hove
46,Statielei 16,2021-11-17,05:00:00,13,10,3,FMN GV 03 Hove
46,Statielei 16,2021-11-17,06:00:00,75,56,19,FMN GV 03 Hove
46,Statielei 16,2021-11-17,07:00:00,231,179,52,FMN GV 03 Hove
46,Statielei 16,2021-11-17,08:00:00,258,197,61,FMN GV 03 Hove
46,Statielei 16,2021-11-17,09:00:00,112,88,24,FMN GV 03 Hove
46,Statielei 16,2021-11-17,10:00:00,91,55,36,FMN GV 03 Hove
46,Statielei 16,2021-11-17,11:00:00,98,52,46,FMN GV 03 Hove
46,Statielei 16,2021-11-17,12:00:00,183,60,123,FMN GV 03 Hove
46,Statielei 16,2021-11-17,13:00:00,120,52,68,FMN GV 03 Hove
46,Statielei 16,2021-11-17,14:00:00,108,48,60,FMN GV 03 Hove
46,Statielei 16,2021-11-17,15:00:00,159,64,95,FMN GV 03 Hove
46,Statielei 16,2021-11-17,16:00:00,141,45,96,FMN GV 03 Hove
46,Statielei 16,2021-11-17,17:00:00,199,89,110,FMN GV 03 Hove
46,Statielei 16,2021-11-17,18:00:00,113,48,65,FMN GV 03 Hove
46,Statielei 16,2021-11-17,19:00:00,70,41,29,FMN GV 03 Hove
46,Statielei 16,2021-11-17,20:00:00,52,32,20,FMN GV 03 Hove
46,Statielei 16,2021-11-17,21:00:00,30,17,13,FMN GV 03 Hove
46,Statielei 16,2021-11-17,22:00:00,36,19,17,FMN GV 03 Hove
46,Statielei 16,2021-11-17,23:00:00,8,2,6,FMN GV 03 Hove
46,Statielei 16,2021-11-18,00:00:00,8,4,4,FMN GV 03 Hove
46,Statielei 16,2021-11-18,01:00:00,2,0,2,FMN GV 03 Hove
46,Statielei 16,2021-11-18,02:00:00,5,4,1,FMN GV 03 Hove
46,Statielei 16,2021-11-18,03:00:00,1,1,0,FMN GV 03 Hove
46,Statielei 16,2021-11-18,04:00:00,13,8,5,FMN GV 03 Hove
46,Statielei 16,2021-11-18,05:00:00,20,16,4,FMN GV 03 Hove
46,Statielei 16,2021-11-18,06:00:00,74,50,24,FMN GV 03 Hove
46,Statielei 16,2021-11-18,07:00:00,261,205,56,FMN GV 03 Hove
46,Statielei 16,2021-11-18,08:00:00,280,219,61,FMN GV 03 Hove
46,Statielei 16,2021-11-18,09:00:00,113,86,27,FMN GV 03 Hove
46,Statielei 16,2021-11-18,10:00:00,70,42,28,FMN GV 03 Hove
46,Statielei 16,2021-11-18,11:00:00,79,44,35,FMN GV 03 Hove
46,Statielei 16,2021-11-18,12:00:00,123,62,61,FMN GV 03 Hove
46,Statielei 16,2021-11-18,13:00:00,130,69,61,FMN GV 03 Hove
46,Statielei 16,2021-11-18,14:00:00,93,43,50,FMN GV 03 Hove
46,Statielei 16,2021-11-18,15:00:00,164,69,95,FMN GV 03 Hove
46,Statielei 16,2021-11-18,16:00:00,279,104,175,FMN GV 03 Hove
46,Statielei 16,2021-11-18,17:00:00,268,85,183,FMN GV 03 Hove
46,Statielei 16,2021-11-18,18:00:00,143,56,87,FMN GV 03 Hove
46,Statielei 16,2021-11-18,19:00:00,91,40,51,FMN GV 03 Hove
46,Statielei 16,2021-11-18,20:00:00,52,25,27,FMN GV 03 Hove
46,Statielei 16,2021-11-18,21:00:00,35,17,18,FMN GV 03 Hove
46,Statielei 16,2021-11-18,22:00:00,48,20,28,FMN GV 03 Hove
46,Statielei 16,2021-11-18,23:00:00,25,12,13,FMN GV 03 Hove
46,Statielei 16,2021-11-19,00:00:00,14,4,10,FMN GV 03 Hove
46,Statielei 16,2021-11-19,01:00:00,7,1,6,FMN GV 03 Hove
46,Statielei 16,2021-11-19,02:00:00,3,1,2,FMN GV 03 Hove
46,Statielei 16,2021-11-19,03:00:00,4,1,3,FMN GV 03 Hove
46,Statielei 16,2021-11-19,04:00:00,8,4,4,FMN GV 03 Hove
46,Statielei 16,2021-11-19,05:00:00,20,12,8,FMN GV 03 Hove
46,Statielei 16,2021-11-19,06:00:00,69,49,20,FMN GV 03 Hove
46,Statielei 16,2021-11-19,07:00:00,225,181,44,FMN GV 03 Hove
46,Statielei 16,2021-11-19,08:00:00,270,204,66,FMN GV 03 Hove
46,Statielei 16,2021-11-19,09:00:00,75,54,21,FMN GV 03 Hove
46,Statielei 16,2021-11-19,10:00:00,63,31,32,FMN GV 03 Hove
46,Statielei 16,2021-11-19,11:00:00,88,43,45,FMN GV 03 Hove
46,Statielei 16,2021-11-19,12:00:00,106,44,62,FMN GV 03 Hove
46,Statielei 16,2021-11-19,13:00:00,124,54,70,FMN GV 03 Hove
46,Statielei 16,2021-11-19,14:00:00,110,52,58,FMN GV 03 Hove
46,Statielei 16,2021-11-19,15:00:00,183,68,115,FMN GV 03 Hove
46,Statielei 16,2021-11-19,16:00:00,216,63,153,FMN GV 03 Hove
46,Statielei 16,2021-11-19,17:00:00,166,62,104,FMN GV 03 Hove
46,Statielei 16,2021-11-19,18:00:00,92,46,46,FMN GV 03 Hove
46,Statielei 16,2021-11-19,19:00:00,104,30,74,FMN GV 03 Hove
46,Statielei 16,2021-11-19,20:00:00,47,28,19,FMN GV 03 Hove
46,Statielei 16,2021-11-19,21:00:00,44,17,27,FMN GV 03 Hove
46,Statielei 16,2021-11-19,22:00:00,31,17,14,FMN GV 03 Hove
46,Statielei 16,2021-11-19,23:00:00,27,15,12,FMN GV 03 Hove
46,Statielei 16,2021-11-20,00:00:00,36,18,18,FMN GV 03 Hove
46,Statielei 16,2021-11-20,01:00:00,15,5,10,FMN GV 03 Hove
46,Statielei 16,2021-11-20,02:00:00,13,7,6,FMN GV 03 Hove
46,Statielei 16,2021-11-20,03:00:00,8,2,6,FMN GV 03 Hove
46,Statielei 16,2021-11-20,04:00:00,6,2,4,FMN GV 03 Hove
46,Statielei 16,2021-11-20,05:00:00,11,7,4,FMN GV 03 Hove
46,Statielei 16,2021-11-20,06:00:00,8,5,3,FMN GV 03 Hove
46,Statielei 16,2021-11-20,07:00:00,13,6,7,FMN GV 03 Hove
46,Statielei 16,2021-11-20,08:00:00,31,18,13,FMN GV 03 Hove
46,Statielei 16,2021-11-20,09:00:00,76,43,33,FMN GV 03 Hove
46,Statielei 16,2021-11-20,10:00:00,97,46,51,FMN GV 03 Hove
46,Statielei 16,2021-11-20,11:00:00,79,54,25,FMN GV 03 Hove
46,Statielei 16,2021-11-20,12:00:00,123,61,62,FMN GV 03 Hove
46,Statielei 16,2021-11-20,13:00:00,122,64,58,FMN GV 03 Hove
46,Statielei 16,2021-11-20,14:00:00,121,49,72,FMN GV 03 Hove
46,Statielei 16,2021-11-20,15:00:00,117,72,45,FMN GV 03 Hove
46,Statielei 16,2021-11-20,16:00:00,102,60,42,FMN GV 03 Hove
46,Statielei 16,2021-11-20,17:00:00,75,44,31,FMN GV 03 Hove
46,Statielei 16,2021-11-20,18:00:00,43,20,23,FMN GV 03 Hove
46,Statielei 16,2021-11-20,19:00:00,37,25,12,FMN GV 03 Hove
46,Statielei 16,2021-11-20,20:00:00,26,17,9,FMN GV 03 Hove
46,Statielei 16,2021-11-20,21:00:00,13,5,8,FMN GV 03 Hove
46,Statielei 16,2021-11-20,22:00:00,16,6,10,FMN GV 03 Hove
46,Statielei 16,2021-11-20,23:00:00,19,9,10,FMN GV 03 Hove
46,Statielei 16,2021-11-21,00:00:00,31,15,16,FMN GV 03 Hove
46,Statielei 16,2021-11-21,01:00:00,16,7,9,FMN GV 03 Hove
46,Statielei 16,2021-11-21,02:00:00,11,4,7,FMN GV 03 Hove
46,Statielei 16,2021-11-21,03:00:00,4,3,1,FMN GV 03 Hove
46,Statielei 16,2021-11-21,04:00:00,4,3,1,FMN GV 03 Hove
46,Statielei 16,2021-11-21,05:00:00,3,3,0,FMN GV 03 Hove
46,Statielei 16,2021-11-21,06:00:00,13,6,7,FMN GV 03 Hove
46,Statielei 16,2021-11-21,07:00:00,5,4,1,FMN GV 03 Hove
46,Statielei 16,2021-11-21,08:00:00,18,13,5,FMN GV 03 Hove
46,Statielei 16,2021-11-21,09:00:00,46,25,21,FMN GV 03 Hove
46,Statielei 16,2021-11-21,10:00:00,27,12,15,FMN GV 03 Hove
46,Statielei 16,2021-11-21,11:00:00,43,19,24,FMN GV 03 Hove
46,Statielei 16,2021-11-21,12:00:00,48,25,23,FMN GV 03 Hove
46,Statielei 16,2021-11-21,13:00:00,74,42,32,FMN GV 03 Hove
46,Statielei 16,2021-11-21,14:00:00,65,29,36,FMN GV 03 Hove
46,Statielei 16,2021-11-21,15:00:00,61,31,30,FMN GV 03 Hove
46,Statielei 16,2021-11-21,16:00:00,108,72,36,FMN GV 03 Hove
46,Statielei 16,2021-11-21,17:00:00,36,24,12,FMN GV 03 Hove
46,Statielei 16,2021-11-21,18:00:00,41,25,16,FMN GV 03 Hove
46,Statielei 16,2021-11-21,19:00:00,24,16,8,FMN GV 03 Hove
46,Statielei 16,2021-11-21,20:00:00,20,8,12,FMN GV 03 Hove
46,Statielei 16,2021-11-21,21:00:00,17,8,9,FMN GV 03 Hove
46,Statielei 16,2021-11-21,22:00:00,12,8,4,FMN GV 03 Hove
46,Statielei 16,2021-11-21,23:00:00,17,9,8,FMN GV 03 Hove
46,Statielei 16,2021-11-22,00:00:00,3,0,3,FMN GV 03 Hove
46,Statielei 16,2021-11-22,01:00:00,2,1,1,FMN GV 03 Hove
46,Statielei 16,2021-11-22,02:00:00,2,0,2,FMN GV 03 Hove
46,Statielei 16,2021-11-22,03:00:00,0,0,0,FMN GV 03 Hove
46,Statielei 16,2021-11-22,04:00:00,9,5,4,FMN GV 03 Hove
46,Statielei 16,2021-11-22,05:00:00,22,14,8,FMN GV 03 Hove
46,Statielei 16,2021-11-22,06:00:00,70,56,14,FMN GV 03 Hove
46,Statielei 16,2021-11-22,07:00:00,231,180,51,FMN GV 03 Hove
46,Statielei 16,2021-11-22,08:00:00,253,196,57,FMN GV 03 Hove
46,Statielei 16,2021-11-22,09:00:00,81,67,14,FMN GV 03 Hove
46,Statielei 16,2021-11-22,10:00:00,61,30,31,FMN GV 03 Hove
46,Statielei 16,2021-11-22,11:00:00,55,29,26,FMN GV 03 Hove
46,Statielei 16,2021-11-22,12:00:00,125,72,53,FMN GV 03 Hove
46,Statielei 16,2021-11-22,13:00:00,114,64,50,FMN GV 03 Hove
46,Statielei 16,2021-11-22,14:00:00,121,70,51,FMN GV 03 Hove
46,Statielei 16,2021-11-22,15:00:00,126,52,74,FMN GV 03 Hove
46,Statielei 16,2021-11-22,16:00:00,244,64,180,FMN GV 03 Hove
46,Statielei 16,2021-11-22,17:00:00,213,69,144,FMN GV 03 Hove
46,Statielei 16,2021-11-22,18:00:00,117,34,83,FMN GV 03 Hove
46,Statielei 16,2021-11-22,19:00:00,60,25,35,FMN GV 03 Hove
46,Statielei 16,2021-11-22,20:00:00,30,20,10,FMN GV 03 Hove
46,Statielei 16,2021-11-22,21:00:00,28,11,17,FMN GV 03 Hove
46,Statielei 16,2021-11-22,22:00:00,29,9,20,FMN GV 03 Hove
46,Statielei 16,2021-11-22,23:00:00,10,6,4,FMN GV 03 Hove
46,Statielei 16,2021-11-23,00:00:00,4,0,4,FMN GV 03 Hove
46,Statielei 16,2021-11-23,01:00:00,0,0,0,FMN GV 03 Hove
46,Statielei 16,2021-11-23,02:00:00,3,2,1,FMN GV 03 Hove
46,Statielei 16,2021-11-23,03:00:00,2,1,1,FMN GV 03 Hove
46,Statielei 16,2021-11-23,04:00:00,6,4,2,FMN GV 03 Hove
46,Statielei 16,2021-11-23,05:00:00,20,9,11,FMN GV 03 Hove
46,Statielei 16,2021-11-23,06:00:00,69,50,19,FMN GV 03 Hove
46,Statielei 16,2021-11-23,07:00:00,259,212,47,FMN GV 03 Hove
46,Statielei 16,2021-11-23,08:00:00,278,215,63,FMN GV 03 Hove
46,Statielei 16,2021-11-23,09:00:00,79,53,26,FMN GV 03 Hove
46,Statielei 16,2021-11-23,10:00:00,75,37,38,FMN GV 03 Hove
46,Statielei 16,2021-11-23,11:00:00,66,37,29,FMN GV 03 Hove
46,Statielei 16,2021-11-23,12:00:00,109,48,61,FMN GV 03 Hove
46,Statielei 16,2021-11-23,13:00:00,80,37,43,FMN GV 03 Hove
46,Statielei 16,2021-11-23,14:00:00,98,48,50,FMN GV 03 Hove
46,Statielei 16,2021-11-23,15:00:00,118,48,70,FMN GV 03 Hove
46,Statielei 16,2021-11-23,16:00:00,234,59,175,FMN GV 03 Hove
46,Statielei 16,2021-11-23,17:00:00,223,79,144,FMN GV 03 Hove
46,Statielei 16,2021-11-23,18:00:00,142,53,89,FMN GV 03 Hove
46,Statielei 16,2021-11-23,19:00:00,60,34,26,FMN GV 03 Hove
46,Statielei 16,2021-11-23,20:00:00,36,12,24,FMN GV 03 Hove
46,Statielei 16,2021-11-23,21:00:00,32,17,15,FMN GV 03 Hove
46,Statielei 16,2021-11-23,22:00:00,49,23,26,FMN GV 03 Hove
46,Statielei 16,2021-11-23,23:00:00,11,5,6,FMN GV 03 Hove
46,Statielei 16,2021-11-24,00:00:00,4,1,3,FMN GV 03 Hove
46,Statielei 16,2021-11-24,01:00:00,1,1,0,FMN GV 03 Hove
46,Statielei 16,2021-11-24,02:00:00,4,3,1,FMN GV 03 Hove
46,Statielei 16,2021-11-24,03:00:00,3,1,2,FMN GV 03 Hove
46,Statielei 16,2021-11-24,04:00:00,8,5,3,FMN GV 03 Hove
46,Statielei 16,2021-11-24,05:00:00,14,7,7,FMN GV 03 Hove
46,Statielei 16,2021-11-24,06:00:00,70,53,17,FMN GV 03 Hove
46,Statielei 16,2021-11-24,07:00:00,216,165,51,FMN GV 03 Hove
46,Statielei 16,2021-11-24,08:00:00,236,191,45,FMN GV 03 Hove
46,Statielei 16,2021-11-24,09:00:00,93,64,29,FMN GV 03 Hove
46,Statielei 16,2021-11-24,10:00:00,85,52,33,FMN GV 03 Hove
46,Statielei 16,2021-11-24,11:00:00,111,51,60,FMN GV 03 Hove
46,Statielei 16,2021-11-24,12:00:00,156,58,98,FMN GV 03 Hove
46,Statielei 16,2021-11-24,13:00:00,115,50,65,FMN GV 03 Hove
46,Statielei 16,2021-11-24,14:00:00,106,43,63,FMN GV 03 Hove
46,Statielei 16,2021-11-24,15:00:00,118,51,67,FMN GV 03 Hove
46,Statielei 16,2021-11-24,16:00:00,143,42,101,FMN GV 03 Hove
46,Statielei 16,2021-11-24,17:00:00,169,65,104,FMN GV 03 Hove
46,Statielei 16,2021-11-24,18:00:00,92,37,55,FMN GV 03 Hove
46,Statielei 16,2021-11-24,19:00:00,43,24,19,FMN GV 03 Hove
46,Statielei 16,2021-11-24,20:00:00,44,29,15,FMN GV 03 Hove
46,Statielei 16,2021-11-24,21:00:00,32,8,24,FMN GV 03 Hove
46,Statielei 16,2021-11-24,22:00:00,34,10,24,FMN GV 03 Hove
46,Statielei 16,2021-11-24,23:00:00,10,4,6,FMN GV 03 Hove
46,Statielei 16,2021-11-25,00:00:00,3,1,2,FMN GV 03 Hove
46,Statielei 16,2021-11-25,01:00:00,0,0,0,FMN GV 03 Hove
46,Statielei 16,2021-11-25,02:00:00,1,1,0,FMN GV 03 Hove
46,Statielei 16,2021-11-25,03:00:00,4,2,2,FMN GV 03 Hove
46,Statielei 16,2021-11-25,04:00:00,8,5,3,FMN GV 03 Hove
46,Statielei 16,2021-11-25,05:00:00,16,7,9,FMN GV 03 Hove
46,Statielei 16,2021-11-25,06:00:00,71,53,18,FMN GV 03 Hove
46,Statielei 16,2021-11-25,07:00:00,216,165,51,FMN GV 03 Hove
46,Statielei 16,2021-11-25,08:00:00,246,189,57,FMN GV 03 Hove
46,Statielei 16,2021-11-25,09:00:00,76,58,18,FMN GV 03 Hove
46,Statielei 16,2021-11-25,10:00:00,45,30,15,FMN GV 03 Hove
46,Statielei 16,2021-11-25,11:00:00,45,23,22,FMN GV 03 Hove
46,Statielei 16,2021-11-25,12:00:00,50,19,31,FMN GV 03 Hove
46,Statielei 16,2021-11-25,13:00:00,66,34,32,FMN GV 03 Hove
46,Statielei 16,2021-11-25,14:00:00,90,42,48,FMN GV 03 Hove
46,Statielei 16,2021-11-25,15:00:00,113,42,71,FMN GV 03 Hove
46,Statielei 16,2021-11-25,16:00:00,218,61,157,FMN GV 03 Hove
46,Statielei 16,2021-11-25,17:00:00,192,80,112,FMN GV 03 Hove
46,Statielei 16,2021-11-25,18:00:00,104,41,63,FMN GV 03 Hove
46,Statielei 16,2021-11-25,19:00:00,68,30,38,FMN GV 03 Hove
46,Statielei 16,2021-11-25,20:00:00,39,18,21,FMN GV 03 Hove
46,Statielei 16,2021-11-25,21:00:00,21,10,11,FMN GV 03 Hove
46,Statielei 16,2021-11-25,22:00:00,40,16,24,FMN GV 03 Hove
46,Statielei 16,2021-11-25,23:00:00,10,5,5,FMN GV 03 Hove
46,Statielei 16,2021-11-26,00:00:00,7,1,6,FMN GV 03 Hove
46,Statielei 16,2021-11-26,01:00:00,3,1,2,FMN GV 03 Hove
46,Statielei 16,2021-11-26,02:00:00,7,3,4,FMN GV 03 Hove
46,Statielei 16,2021-11-26,03:00:00,0,0,0,FMN GV 03 Hove
46,Statielei 16,2021-11-26,04:00:00,7,4,3,FMN GV 03 Hove
46,Statielei 16,2021-11-26,05:00:00,14,7,7,FMN GV 03 Hove
46,Statielei 16,2021-11-26,06:00:00,53,40,13,FMN GV 03 Hove
46,Statielei 16,2021-11-26,07:00:00,167,129,38,FMN GV 03 Hove
46,Statielei 16,2021-11-26,08:00:00,197,152,45,FMN GV 03 Hove
46,Statielei 16,2021-11-26,09:00:00,56,42,14,FMN GV 03 Hove
46,Statielei 16,2021-11-26,10:00:00,64,36,28,FMN GV 03 Hove
46,Statielei 16,2021-11-26,11:00:00,61,38,23,FMN GV 03 Hove
46,Statielei 16,2021-11-26,12:00:00,55,18,37,FMN GV 03 Hove
46,Statielei 16,2021-11-26,13:00:00,51,27,24,FMN GV 03 Hove
46,Statielei 16,2021-11-26,14:00:00,49,17,32,FMN GV 03 Hove
46,Statielei 16,2021-11-26,15:00:00,89,32,57,FMN GV 03 Hove
46,Statielei 16,2021-11-26,16:00:00,143,38,105,FMN GV 03 Hove
46,Statielei 16,2021-11-26,17:00:00,111,37,74,FMN GV 03 Hove
46,Statielei 16,2021-11-26,18:00:00,67,20,47,FMN GV 03 Hove
46,Statielei 16,2021-11-26,19:00:00,37,18,19,FMN GV 03 Hove
46,Statielei 16,2021-11-26,20:00:00,18,10,8,FMN GV 03 Hove
46,Statielei 16,2021-11-26,21:00:00,15,4,11,FMN GV 03 Hove
46,Statielei 16,2021-11-26,22:00:00,9,3,6,FMN GV 03 Hove
46,Statielei 16,2021-11-26,23:00:00,9,5,4,FMN GV 03 Hove
46,Statielei 16,2021-11-27,00:00:00,10,4,6,FMN GV 03 Hove
46,Statielei 16,2021-11-27,01:00:00,10,4,6,FMN GV 03 Hove
46,Statielei 16,2021-11-27,02:00:00,7,2,5,FMN GV 03 Hove
46,Statielei 16,2021-11-27,03:00:00,8,6,2,FMN GV 03 Hove
46,Statielei 16,2021-11-27,04:00:00,5,2,3,FMN GV 03 Hove
46,Statielei 16,2021-11-27,05:00:00,10,4,6,FMN GV 03 Hove
46,Statielei 16,2021-11-27,06:00:00,4,4,0,FMN GV 03 Hove
46,Statielei 16,2021-11-27,07:00:00,9,5,4,FMN GV 03 Hove
46,Statielei 16,2021-11-27,08:00:00,21,13,8,FMN GV 03 Hove
46,Statielei 16,2021-11-27,09:00:00,46,21,25,FMN GV 03 Hove
46,Statielei 16,2021-11-27,10:00:00,53,34,19,FMN GV 03 Hove
46,Statielei 16,2021-11-27,11:00:00,75,39,36,FMN GV 03 Hove
46,Statielei 16,2021-11-27,12:00:00,74,37,37,FMN GV 03 Hove
46,Statielei 16,2021-11-27,13:00:00,85,50,35,FMN GV 03 Hove
46,Statielei 16,2021-11-27,14:00:00,115,67,48,FMN GV 03 Hove
46,Statielei 16,2021-11-27,15:00:00,70,38,32,FMN GV 03 Hove
46,Statielei 16,2021-11-27,16:00:00,53,23,30,FMN GV 03 Hove
46,Statielei 16,2021-11-27,17:00:00,40,21,19,FMN GV 03 Hove
46,Statielei 16,2021-11-27,18:00:00,28,14,14,FMN GV 03 Hove
46,Statielei 16,2021-11-27,19:00:00,24,15,9,FMN GV 03 Hove
46,Statielei 16,2021-11-27,20:00:00,17,9,8,FMN GV 03 Hove
46,Statielei 16,2021-11-27,21:00:00,9,4,5,FMN GV 03 Hove
46,Statielei 16,2021-11-27,22:00:00,18,8,10,FMN GV 03 Hove
46,Statielei 16,2021-11-27,23:00:00,25,9,16,FMN GV 03 Hove
46,Statielei 16,2021-11-28,00:00:00,11,4,7,FMN GV 03 Hove
46,Statielei 16,2021-11-28,01:00:00,16,10,6,FMN GV 03 Hove
46,Statielei 16,2021-11-28,02:00:00,2,1,1,FMN GV 03 Hove
46,Statielei 16,2021-11-28,03:00:00,8,5,3,FMN GV 03 Hove
46,Statielei 16,2021-11-28,04:00:00,2,2,0,FMN GV 03 Hove
46,Statielei 16,2021-11-28,05:00:00,1,1,0,FMN GV 03 Hove
46,Statielei 16,2021-11-28,06:00:00,7,7,0,FMN GV 03 Hove
46,Statielei 16,2021-11-28,07:00:00,7,4,3,FMN GV 03 Hove
46,Statielei 16,2021-11-28,08:00:00,15,7,8,FMN GV 03 Hove
46,Statielei 16,2021-11-28,09:00:00,42,21,21,FMN GV 03 Hove
46,Statielei 16,2021-11-28,10:00:00,58,31,27,FMN GV 03 Hove
46,Statielei 16,2021-11-28,11:00:00,53,33,20,FMN GV 03 Hove
46,Statielei 16,2021-11-28,12:00:00,54,33,21,FMN GV 03 Hove
46,Statielei 16,2021-11-28,13:00:00,27,15,12,FMN GV 03 Hove
46,Statielei 16,2021-11-28,14:00:00,26,14,12,FMN GV 03 Hove
46,Statielei 16,2021-11-28,15:00:00,37,19,18,FMN GV 03 Hove
46,Statielei 16,2021-11-28,16:00:00,32,15,17,FMN GV 03 Hove
46,Statielei 16,2021-11-28,17:00:00,27,15,12,FMN GV 03 Hove
46,Statielei 16,2021-11-28,18:00:00,16,8,8,FMN GV 03 Hove
46,Statielei 16,2021-11-28,19:00:00,19,16,3,FMN GV 03 Hove
46,Statielei 16,2021-11-28,20:00:00,19,11,8,FMN GV 03 Hove
46,Statielei 16,2021-11-28,21:00:00,9,5,4,FMN GV 03 Hove
46,Statielei 16,2021-11-28,22:00:00,6,4,2,FMN GV 03 Hove
46,Statielei 16,2021-11-28,23:00:00,13,6,7,FMN GV 03 Hove
46,Statielei 16,2021-11-29,00:00:00,0,0,0,FMN GV 03 Hove
46,Statielei 16,2021-11-29,01:00:00,4,2,2,FMN GV 03 Hove
46,Statielei 16,2021-11-29,02:00:00,0,0,0,FMN GV 03 Hove
46,Statielei 16,2021-11-29,03:00:00,2,2,0,FMN GV 03 Hove
46,Statielei 16,2021-11-29,04:00:00,5,2,3,FMN GV 03 Hove
46,Statielei 16,2021-11-29,05:00:00,17,12,5,FMN GV 03 Hove
46,Statielei 16,2021-11-29,06:00:00,46,38,8,FMN GV 03 Hove
46,Statielei 16,2021-11-29,07:00:00,173,140,33,FMN GV 03 Hove
46,Statielei 16,2021-11-29,08:00:00,185,134,51,FMN GV 03 Hove
46,Statielei 16,2021-11-29,09:00:00,51,44,7,FMN GV 03 Hove
46,Statielei 16,2021-11-29,10:00:00,43,26,17,FMN GV 03 Hove
46,Statielei 16,2021-11-29,11:00:00,55,32,23,FMN GV 03 Hove
46,Statielei 16,2021-11-29,12:00:00,62,35,27,FMN GV 03 Hove
46,Statielei 16,2021-11-29,13:00:00,75,43,32,FMN GV 03 Hove
46,Statielei 16,2021-11-29,14:00:00,72,28,44,FMN GV 03 Hove
46,Statielei 16,2021-11-29,15:00:00,114,56,58,FMN GV 03 Hove
46,Statielei 16,2021-11-29,16:00:00,180,47,133,FMN GV 03 Hove
46,Statielei 16,2021-11-29,17:00:00,145,48,97,FMN GV 03 Hove
46,Statielei 16,2021-11-29,18:00:00,93,31,62,FMN GV 03 Hove
46,Statielei 16,2021-11-29,19:00:00,53,20,33,FMN GV 03 Hove
46,Statielei 16,2021-11-29,20:00:00,25,11,14,FMN GV 03 Hove
46,Statielei 16,2021-11-29,21:00:00,19,8,11,FMN GV 03 Hove
46,Statielei 16,2021-11-29,22:00:00,22,10,12,FMN GV 03 Hove
46,Statielei 16,2021-11-29,23:00:00,7,2,5,FMN GV 03 Hove
46,Statielei 16,2021-11-30,00:00:00,3,0,3,FMN GV 03 Hove
46,Statielei 16,2021-11-30,01:00:00,1,1,0,FMN GV 03 Hove
46,Statielei 16,2021-11-30,02:00:00,1,1,0,FMN GV 03 Hove
46,Statielei 16,2021-11-30,03:00:00,2,1,1,FMN GV 03 Hove
46,Statielei 16,2021-11-30,04:00:00,7,6,1,FMN GV 03 Hove
46,Statielei 16,2021-11-30,05:00:00,15,11,4,FMN GV 03 Hove
46,Statielei 16,2021-11-30,06:00:00,49,37,12,FMN GV 03 Hove
46,Statielei 16,2021-11-30,07:00:00,147,118,29,FMN GV 03 Hove
46,Statielei 16,2021-11-30,08:00:00,202,161,41,FMN GV 03 Hove
46,Statielei 16,2021-11-30,09:00:00,47,37,10,FMN GV 03 Hove
46,Statielei 16,2021-11-30,10:00:00,22,11,11,FMN GV 03 Hove
46,Statielei 16,2021-11-30,11:00:00,35,19,16,FMN GV 03 Hove
46,Statielei 16,2021-11-30,12:00:00,46,27,19,FMN GV 03 Hove
46,Statielei 16,2021-11-30,13:00:00,40,26,14,FMN GV 03 Hove
46,Statielei 16,2021-11-30,14:00:00,55,22,33,FMN GV 03 Hove
46,Statielei 16,2021-11-30,15:00:00,78,29,49,FMN GV 03 Hove
46,Statielei 16,2021-11-30,16:00:00,150,44,106,FMN GV 03 Hove
46,Statielei 16,2021-11-30,17:00:00,131,38,93,FMN GV 03 Hove
46,Statielei 16,2021-11-30,18:00:00,77,25,52,FMN GV 03 Hove
46,Statielei 16,2021-11-30,19:00:00,50,21,29,FMN GV 03 Hove
46,Statielei 16,2021-11-30,20:00:00,28,15,13,FMN GV 03 Hove
46,Statielei 16,2021-11-30,21:00:00,23,12,11,FMN GV 03 Hove
46,Statielei 16,2021-11-30,22:00:00,25,9,16,FMN GV 03 Hove
46,Statielei 16,2021-11-30,23:00:00,8,3,5,FMN GV 03 Hove
46,Statielei 16,2021-12-01,00:00:00,5,3,2,FMN GV 03 Hove
46,Statielei 16,2021-12-01,01:00:00,2,0,2,FMN GV 03 Hove
46,Statielei 16,2021-12-01,02:00:00,3,2,1,FMN GV 03 Hove
46,Statielei 16,2021-12-01,03:00:00,2,1,1,FMN GV 03 Hove
46,Statielei 16,2021-12-01,04:00:00,3,2,1,FMN GV 03 Hove
46,Statielei 16,2021-12-01,05:00:00,16,11,5,FMN GV 03 Hove
46,Statielei 16,2021-12-01,06:00:00,42,30,12,FMN GV 03 Hove
46,Statielei 16,2021-12-01,07:00:00,141,110,31,FMN GV 03 Hove
46,Statielei 16,2021-12-01,08:00:00,160,117,43,FMN GV 03 Hove
46,Statielei 16,2021-12-01,09:00:00,56,38,18,FMN GV 03 Hove
46,Statielei 16,2021-12-01,10:00:00,46,24,22,FMN GV 03 Hove
46,Statielei 16,2021-12-01,11:00:00,71,35,36,FMN GV 03 Hove
46,Statielei 16,2021-12-01,12:00:00,123,52,71,FMN GV 03 Hove
46,Statielei 16,2021-12-01,13:00:00,72,33,39,FMN GV 03 Hove
46,Statielei 16,2021-12-01,14:00:00,59,29,30,FMN GV 03 Hove
46,Statielei 16,2021-12-01,15:00:00,75,41,34,FMN GV 03 Hove
46,Statielei 16,2021-12-01,16:00:00,94,30,64,FMN GV 03 Hove
46,Statielei 16,2021-12-01,17:00:00,129,45,84,FMN GV 03 Hove
46,Statielei 16,2021-12-01,18:00:00,71,26,45,FMN GV 03 Hove
46,Statielei 16,2021-12-01,19:00:00,35,18,17,FMN GV 03 Hove
46,Statielei 16,2021-12-01,20:00:00,32,19,13,FMN GV 03 Hove
46,Statielei 16,2021-12-01,21:00:00,21,8,13,FMN GV 03 Hove
46,Statielei 16,2021-12-01,22:00:00,15,12,3,FMN GV 03 Hove
46,Statielei 16,2021-12-01,23:00:00,17,3,14,FMN GV 03 Hove
46,Statielei 16,2021-12-02,00:00:00,3,0,3,FMN GV 03 Hove
46,Statielei 16,2021-12-02,01:00:00,2,0,2,FMN GV 03 Hove
46,Statielei 16,2021-12-02,02:00:00,1,1,0,FMN GV 03 Hove
46,Statielei 16,2021-12-02,03:00:00,3,3,0,FMN GV 03 Hove
46,Statielei 16,2021-12-02,04:00:00,5,2,3,FMN GV 03 Hove
46,Statielei 16,2021-12-02,05:00:00,10,8,2,FMN GV 03 Hove
46,Statielei 16,2021-12-02,06:00:00,44,35,9,FMN GV 03 Hove
46,Statielei 16,2021-12-02,07:00:00,150,117,33,FMN GV 03 Hove
46,Statielei 16,2021-12-02,08:00:00,169,142,27,FMN GV 03 Hove
46,Statielei 16,2021-12-02,09:00:00,48,33,15,FMN GV 03 Hove
46,Statielei 16,2021-12-02,10:00:00,20,10,10,FMN GV 03 Hove
46,Statielei 16,2021-12-02,11:00:00,17,12,5,FMN GV 03 Hove
46,Statielei 16,2021-12-02,12:00:00,37,17,20,FMN GV 03 Hove
46,Statielei 16,2021-12-02,13:00:00,45,24,21,FMN GV 03 Hove
46,Statielei 16,2021-12-02,14:00:00,35,19,16,FMN GV 03 Hove
46,Statielei 16,2021-12-02,15:00:00,62,23,39,FMN GV 03 Hove
46,Statielei 16,2021-12-02,16:00:00,128,34,94,FMN GV 03 Hove
46,Statielei 16,2021-12-02,17:00:00,138,48,90,FMN GV 03 Hove
46,Statielei 16,2021-12-02,18:00:00,49,17,32,FMN GV 03 Hove
46,Statielei 16,2021-12-02,19:00:00,41,19,22,FMN GV 03 Hove
46,Statielei 16,2021-12-02,20:00:00,21,9,12,FMN GV 03 Hove
46,Statielei 16,2021-12-02,21:00:00,15,10,5,FMN GV 03 Hove
46,Statielei 16,2021-12-02,22:00:00,16,7,9,FMN GV 03 Hove
46,Statielei 16,2021-12-02,23:00:00,12,3,9,FMN GV 03 Hove
46,Statielei 16,2021-12-03,00:00:00,4,0,4,FMN GV 03 Hove
46,Statielei 16,2021-12-03,01:00:00,1,1,0,FMN GV 03 Hove
46,Statielei 16,2021-12-03,02:00:00,1,1,0,FMN GV 03 Hove
46,Statielei 16,2021-12-03,03:00:00,3,1,2,FMN GV 03 Hove
46,Statielei 16,2021-12-03,04:00:00,2,1,1,FMN GV 03 Hove
46,Statielei 16,2021-12-03,05:00:00,8,5,3,FMN GV 03 Hove
46,Statielei 16,2021-12-03,06:00:00,42,34,8,FMN GV 03 Hove
46,Statielei 16,2021-12-03,07:00:00,117,92,25,FMN GV 03 Hove
46,Statielei 16,2021-12-03,08:00:00,149,109,40,FMN GV 03 Hove
46,Statielei 16,2021-12-03,09:00:00,46,33,13,FMN GV 03 Hove
46,Statielei 16,2021-12-03,10:00:00,43,27,16,FMN GV 03 Hove
46,Statielei 16,2021-12-03,11:00:00,49,27,22,FMN GV 03 Hove
46,Statielei 16,2021-12-03,12:00:00,67,42,25,FMN GV 03 Hove
46,Statielei 16,2021-12-03,13:00:00,58,33,25,FMN GV 03 Hove
46,Statielei 16,2021-12-03,14:00:00,61,29,32,FMN GV 03 Hove
46,Statielei 16,2021-12-03,15:00:00,99,43,56,FMN GV 03 Hove
46,Statielei 16,2021-12-03,16:00:00,113,45,68,FMN GV 03 Hove
46,Statielei 16,2021-12-03,17:00:00,98,31,67,FMN GV 03 Hove
46,Statielei 16,2021-12-03,18:00:00,69,27,42,FMN GV 03 Hove
46,Statielei 16,2021-12-03,19:00:00,43,25,18,FMN GV 03 Hove
46,Statielei 16,2021-12-03,20:00:00,24,10,14,FMN GV 03 Hove
46,Statielei 16,2021-12-03,21:00:00,20,15,5,FMN GV 03 Hove
46,Statielei 16,2021-12-03,22:00:00,14,2,12,FMN GV 03 Hove
46,Statielei 16,2021-12-03,23:00:00,18,11,7,FMN GV 03 Hove
46,Statielei 16,2021-12-04,00:00:00,8,3,5,FMN GV 03 Hove
46,Statielei 16,2021-12-04,01:00:00,3,1,2,FMN GV 03 Hove
46,Statielei 16,2021-12-04,02:00:00,8,4,4,FMN GV 03 Hove
46,Statielei 16,2021-12-04,03:00:00,4,3,1,FMN GV 03 Hove
46,Statielei 16,2021-12-04,04:00:00,9,6,3,FMN GV 03 Hove
46,Statielei 16,2021-12-04,05:00:00,4,4,0,FMN GV 03 Hove
46,Statielei 16,2021-12-04,06:00:00,11,6,5,FMN GV 03 Hove
46,Statielei 16,2021-12-04,07:00:00,10,6,4,FMN GV 03 Hove
46,Statielei 16,2021-12-04,08:00:00,19,6,13,FMN GV 03 Hove
46,Statielei 16,2021-12-04,09:00:00,47,35,12,FMN GV 03 Hove
46,Statielei 16,2021-12-04,10:00:00,58,31,27,FMN GV 03 Hove
46,Statielei 16,2021-12-04,11:00:00,57,28,29,FMN GV 03 Hove
46,Statielei 16,2021-12-04,12:00:00,51,26,25,FMN GV 03 Hove
46,Statielei 16,2021-12-04,13:00:00,25,17,8,FMN GV 03 Hove
46,Statielei 16,2021-12-04,14:00:00,33,17,16,FMN GV 03 Hove
46,Statielei 16,2021-12-04,15:00:00,29,11,18,FMN GV 03 Hove
46,Statielei 16,2021-12-04,16:00:00,37,21,16,FMN GV 03 Hove
46,Statielei 16,2021-12-04,17:00:00,48,24,24,FMN GV 03 Hove
46,Statielei 16,2021-12-04,18:00:00,27,13,14,FMN GV 03 Hove
46,Statielei 16,2021-12-04,19:00:00,20,14,6,FMN GV 03 Hove
46,Statielei 16,2021-12-04,20:00:00,18,11,7,FMN GV 03 Hove
46,Statielei 16,2021-12-04,21:00:00,16,7,9,FMN GV 03 Hove
46,Statielei 16,2021-12-04,22:00:00,12,2,10,FMN GV 03 Hove
46,Statielei 16,2021-12-04,23:00:00,20,7,13,FMN GV 03 Hove
46,Statielei 16,2021-12-05,00:00:00,8,3,5,FMN GV 03 Hove
46,Statielei 16,2021-12-05,01:00:00,6,3,3,FMN GV 03 Hove
46,Statielei 16,2021-12-05,02:00:00,8,3,5,FMN GV 03 Hove
46,Statielei 16,2021-12-05,03:00:00,3,3,0,FMN GV 03 Hove
46,Statielei 16,2021-12-05,04:00:00,0,0,0,FMN GV 03 Hove
46,Statielei 16,2021-12-05,05:00:00,5,4,1,FMN GV 03 Hove
46,Statielei 16,2021-12-05,06:00:00,3,2,1,FMN GV 03 Hove
46,Statielei 16,2021-12-05,07:00:00,10,6,4,FMN GV 03 Hove
46,Statielei 16,2021-12-05,08:00:00,11,4,7,FMN GV 03 Hove
46,Statielei 16,2021-12-05,09:00:00,41,15,26,FMN GV 03 Hove
46,Statielei 16,2021-12-05,10:00:00,44,19,25,FMN GV 03 Hove
46,Statielei 16,2021-12-05,11:00:00,48,28,20,FMN GV 03 Hove
46,Statielei 16,2021-12-05,12:00:00,65,39,26,FMN GV 03 Hove
46,Statielei 16,2021-12-05,13:00:00,67,37,30,FMN GV 03 Hove
46,Statielei 16,2021-12-05,14:00:00,82,49,33,FMN GV 03 Hove
46,Statielei 16,2021-12-05,15:00:00,50,21,29,FMN GV 03 Hove
46,Statielei 16,2021-12-05,16:00:00,65,31,34,FMN GV 03 Hove
46,Statielei 16,2021-12-05,17:00:00,35,16,19,FMN GV 03 Hove
46,Statielei 16,2021-12-05,18:00:00,27,16,11,FMN GV 03 Hove
46,Statielei 16,2021-12-05,19:00:00,15,8,7,FMN GV 03 Hove
46,Statielei 16,2021-12-05,20:00:00,19,9,10,FMN GV 03 Hove
46,Statielei 16,2021-12-05,21:00:00,13,8,5,FMN GV 03 Hove
46,Statielei 16,2021-12-05,22:00:00,18,12,6,FMN GV 03 Hove
46,Statielei 16,2021-12-05,23:00:00,19,10,9,FMN GV 03 Hove
46,Statielei 16,2021-12-06,00:00:00,1,0,1,FMN GV 03 Hove
46,Statielei 16,2021-12-06,01:00:00,2,1,1,FMN GV 03 Hove
46,Statielei 16,2021-12-06,02:00:00,0,0,0,FMN GV 03 Hove
46,Statielei 16,2021-12-06,03:00:00,3,3,0,FMN GV 03 Hove
46,Statielei 16,2021-12-06,04:00:00,9,5,4,FMN GV 03 Hove
46,Statielei 16,2021-12-06,05:00:00,10,7,3,FMN GV 03 Hove
46,Statielei 16,2021-12-06,06:00:00,42,31,11,FMN GV 03 Hove
46,Statielei 16,2021-12-06,07:00:00,162,129,33,FMN GV 03 Hove
46,Statielei 16,2021-12-06,08:00:00,183,139,44,FMN GV 03 Hove
46,Statielei 16,2021-12-06,09:00:00,59,40,19,FMN GV 03 Hove
46,Statielei 16,2021-12-06,10:00:00,52,29,23,FMN GV 03 Hove
46,Statielei 16,2021-12-06,11:00:00,46,25,21,FMN GV 03 Hove
46,Statielei 16,2021-12-06,12:00:00,90,49,41,FMN GV 03 Hove
46,Statielei 16,2021-12-06,13:00:00,73,40,33,FMN GV 03 Hove
46,Statielei 16,2021-12-06,14:00:00,76,34,42,FMN GV 03 Hove
46,Statielei 16,2021-12-06,15:00:00,94,40,54,FMN GV 03 Hove
46,Statielei 16,2021-12-06,16:00:00,155,38,117,FMN GV 03 Hove
46,Statielei 16,2021-12-06,17:00:00,134,43,91,FMN GV 03 Hove
46,Statielei 16,2021-12-06,18:00:00,66,21,45,FMN GV 03 Hove
46,Statielei 16,2021-12-06,19:00:00,34,11,23,FMN GV 03 Hove
46,Statielei 16,2021-12-06,20:00:00,19,10,9,FMN GV 03 Hove
46,Statielei 16,2021-12-06,21:00:00,13,2,11,FMN GV 03 Hove
46,Statielei 16,2021-12-06,22:00:00,7,1,6,FMN GV 03 Hove
46,Statielei 16,2021-12-06,23:00:00,6,2,4,FMN GV 03 Hove
46,Statielei 16,2021-12-07,00:00:00,0,0,0,FMN GV 03 Hove
46,Statielei 16,2021-12-07,01:00:00,0,0,0,FMN GV 03 Hove
46,Statielei 16,2021-12-07,02:00:00,2,2,0,FMN GV 03 Hove
46,Statielei 16,2021-12-07,03:00:00,1,1,0,FMN GV 03 Hove
46,Statielei 16,2021-12-07,04:00:00,8,3,5,FMN GV 03 Hove
46,Statielei 16,2021-12-07,05:00:00,12,9,3,FMN GV 03 Hove
46,Statielei 16,2021-12-07,06:00:00,57,45,12,FMN GV 03 Hove
46,Statielei 16,2021-12-07,07:00:00,194,153,41,FMN GV 03 Hove
46,Statielei 16,2021-12-07,08:00:00,207,163,44,FMN GV 03 Hove
46,Statielei 16,2021-12-07,09:00:00,73,40,33,FMN GV 03 Hove
46,Statielei 16,2021-12-07,10:00:00,58,32,26,FMN GV 03 Hove
46,Statielei 16,2021-12-07,11:00:00,86,46,40,FMN GV 03 Hove
46,Statielei 16,2021-12-07,12:00:00,96,46,50,FMN GV 03 Hove
46,Statielei 16,2021-12-07,13:00:00,101,55,46,FMN GV 03 Hove
46,Statielei 16,2021-12-07,14:00:00,109,64,45,FMN GV 03 Hove
46,Statielei 16,2021-12-07,15:00:00,117,46,71,FMN GV 03 Hove
46,Statielei 16,2021-12-07,16:00:00,174,51,123,FMN GV 03 Hove
46,Statielei 16,2021-12-07,17:00:00,146,47,99,FMN GV 03 Hove
46,Statielei 16,2021-12-07,18:00:00,93,34,59,FMN GV 03 Hove
46,Statielei 16,2021-12-07,19:00:00,54,23,31,FMN GV 03 Hove
46,Statielei 16,2021-12-07,20:00:00,17,11,6,FMN GV 03 Hove
46,Statielei 16,2021-12-07,21:00:00,14,9,5,FMN GV 03 Hove
46,Statielei 16,2021-12-07,22:00:00,21,9,12,FMN GV 03 Hove
46,Statielei 16,2021-12-07,23:00:00,12,7,5,FMN GV 03 Hove
46,Statielei 16,2021-12-08,00:00:00,4,0,4,FMN GV 03 Hove
46,Statielei 16,2021-12-08,01:00:00,1,0,1,FMN GV 03 Hove
46,Statielei 16,2021-12-08,02:00:00,2,1,1,FMN GV 03 Hove
46,Statielei 16,2021-12-08,03:00:00,1,1,0,FMN GV 03 Hove
46,Statielei 16,2021-12-08,04:00:00,8,2,6,FMN GV 03 Hove
46,Statielei 16,2021-12-08,05:00:00,15,10,5,FMN GV 03 Hove
46,Statielei 16,2021-12-08,06:00:00,61,44,17,FMN GV 03 Hove
46,Statielei 16,2021-12-08,07:00:00,173,139,34,FMN GV 03 Hove
46,Statielei 16,2021-12-08,08:00:00,181,140,41,FMN GV 03 Hove
46,Statielei 16,2021-12-08,09:00:00,91,56,35,FMN GV 03 Hove
46,Statielei 16,2021-12-08,10:00:00,95,51,44,FMN GV 03 Hove
46,Statielei 16,2021-12-08,11:00:00,79,33,46,FMN GV 03 Hove
46,Statielei 16,2021-12-08,12:00:00,141,49,92,FMN GV 03 Hove
46,Statielei 16,2021-12-08,13:00:00,109,59,50,FMN GV 03 Hove
46,Statielei 16,2021-12-08,14:00:00,122,70,52,FMN GV 03 Hove
46,Statielei 16,2021-12-08,15:00:00,108,58,50,FMN GV 03 Hove
46,Statielei 16,2021-12-08,16:00:00,104,30,74,FMN GV 03 Hove
46,Statielei 16,2021-12-08,17:00:00,142,61,81,FMN GV 03 Hove
46,Statielei 16,2021-12-08,18:00:00,88,32,56,FMN GV 03 Hove
46,Statielei 16,2021-12-08,19:00:00,39,20,19,FMN GV 03 Hove
46,Statielei 16,2021-12-08,20:00:00,28,13,15,FMN GV 03 Hove
46,Statielei 16,2021-12-08,21:00:00,20,6,14,FMN GV 03 Hove
46,Statielei 16,2021-12-08,22:00:00,17,6,11,FMN GV 03 Hove
46,Statielei 16,2021-12-08,23:00:00,12,3,9,FMN GV 03 Hove
46,Statielei 16,2021-12-09,00:00:00,4,0,4,FMN GV 03 Hove
46,Statielei 16,2021-12-09,01:00:00,3,1,2,FMN GV 03 Hove
46,Statielei 16,2021-12-09,02:00:00,3,1,2,FMN GV 03 Hove
46,Statielei 16,2021-12-09,03:00:00,3,2,1,FMN GV 03 Hove
46,Statielei 16,2021-12-09,04:00:00,7,2,5,FMN GV 03 Hove
46,Statielei 16,2021-12-09,05:00:00,14,10,4,FMN GV 03 Hove
46,Statielei 16,2021-12-09,06:00:00,50,36,14,FMN GV 03 Hove
46,Statielei 16,2021-12-09,07:00:00,179,139,40,FMN GV 03 Hove
46,Statielei 16,2021-12-09,08:00:00,205,163,42,FMN GV 03 Hove
46,Statielei 16,2021-12-09,09:00:00,73,57,16,FMN GV 03 Hove
46,Statielei 16,2021-12-09,10:00:00,61,24,37,FMN GV 03 Hove
46,Statielei 16,2021-12-09,11:00:00,59,28,31,FMN GV 03 Hove
46,Statielei 16,2021-12-09,12:00:00,75,33,42,FMN GV 03 Hove
46,Statielei 16,2021-12-09,13:00:00,80,40,40,FMN GV 03 Hove
46,Statielei 16,2021-12-09,14:00:00,88,39,49,FMN GV 03 Hove
46,Statielei 16,2021-12-09,15:00:00,82,35,47,FMN GV 03 Hove
46,Statielei 16,2021-12-09,16:00:00,139,45,94,FMN GV 03 Hove
46,Statielei 16,2021-12-09,17:00:00,164,62,102,FMN GV 03 Hove
46,Statielei 16,2021-12-09,18:00:00,78,26,52,FMN GV 03 Hove
46,Statielei 16,2021-12-09,19:00:00,58,24,34,FMN GV 03 Hove
46,Statielei 16,2021-12-09,20:00:00,33,22,11,FMN GV 03 Hove
46,Statielei 16,2021-12-09,21:00:00,18,13,5,FMN GV 03 Hove
46,Statielei 16,2021-12-09,22:00:00,26,13,13,FMN GV 03 Hove
46,Statielei 16,2021-12-09,23:00:00,19,7,12,FMN GV 03 Hove
46,Statielei 16,2021-12-10,00:00:00,3,0,3,FMN GV 03 Hove
46,Statielei 16,2021-12-10,01:00:00,1,0,1,FMN GV 03 Hove
46,Statielei 16,2021-12-10,02:00:00,5,3,2,FMN GV 03 Hove
46,Statielei 16,2021-12-10,03:00:00,2,1,1,FMN GV 03 Hove
46,Statielei 16,2021-12-10,04:00:00,3,1,2,FMN GV 03 Hove
46,Statielei 16,2021-12-10,05:00:00,12,9,3,FMN GV 03 Hove
46,Statielei 16,2021-12-10,06:00:00,31,22,9,FMN GV 03 Hove
46,Statielei 16,2021-12-10,07:00:00,117,87,30,FMN GV 03 Hove
46,Statielei 16,2021-12-10,08:00:00,142,117,25,FMN GV 03 Hove
46,Statielei 16,2021-12-10,09:00:00,33,19,14,FMN GV 03 Hove
46,Statielei 16,2021-12-10,10:00:00,30,20,10,FMN GV 03 Hove
46,Statielei 16,2021-12-10,11:00:00,43,22,21,FMN GV 03 Hove
46,Statielei 16,2021-12-10,12:00:00,57,25,32,FMN GV 03 Hove
46,Statielei 16,2021-12-10,13:00:00,50,20,30,FMN GV 03 Hove
46,Statielei 16,2021-12-10,14:00:00,48,24,24,FMN GV 03 Hove
46,Statielei 16,2021-12-10,15:00:00,67,31,36,FMN GV 03 Hove
46,Statielei 16,2021-12-10,16:00:00,84,19,65,FMN GV 03 Hove
46,Statielei 16,2021-12-10,17:00:00,80,32,48,FMN GV 03 Hove
46,Statielei 16,2021-12-10,18:00:00,64,28,36,FMN GV 03 Hove
46,Statielei 16,2021-12-10,19:00:00,26,6,20,FMN GV 03 Hove
46,Statielei 16,2021-12-10,20:00:00,28,13,15,FMN GV 03 Hove
46,Statielei 16,2021-12-10,21:00:00,13,4,9,FMN GV 03 Hove
46,Statielei 16,2021-12-10,22:00:00,15,10,5,FMN GV 03 Hove
46,Statielei 16,2021-12-10,23:00:00,21,13,8,FMN GV 03 Hove
46,Statielei 16,2021-12-11,00:00:00,14,2,12,FMN GV 03 Hove
46,Statielei 16,2021-12-11,01:00:00,6,1,5,FMN GV 03 Hove
46,Statielei 16,2021-12-11,02:00:00,6,4,2,FMN GV 03 Hove
46,Statielei 16,2021-12-11,03:00:00,5,2,3,FMN GV 03 Hove
46,Statielei 16,2021-12-11,04:00:00,6,3,3,FMN GV 03 Hove
46,Statielei 16,2021-12-11,05:00:00,8,7,1,FMN GV 03 Hove
46,Statielei 16,2021-12-11,06:00:00,9,3,6,FMN GV 03 Hove
46,Statielei 16,2021-12-11,07:00:00,11,7,4,FMN GV 03 Hove
46,Statielei 16,2021-12-11,08:00:00,19,13,6,FMN GV 03 Hove
46,Statielei 16,2021-12-11,09:00:00,50,26,24,FMN GV 03 Hove
46,Statielei 16,2021-12-11,10:00:00,75,40,35,FMN GV 03 Hove
46,Statielei 16,2021-12-11,11:00:00,86,48,38,FMN GV 03 Hove
46,Statielei 16,2021-12-11,12:00:00,98,55,43,FMN GV 03 Hove
46,Statielei 16,2021-12-11,13:00:00,141,81,60,FMN GV 03 Hove
46,Statielei 16,2021-12-11,14:00:00,137,70,67,FMN GV 03 Hove
46,Statielei 16,2021-12-11,15:00:00,117,75,42,FMN GV 03 Hove
46,Statielei 16,2021-12-11,16:00:00,110,52,58,FMN GV 03 Hove
46,Statielei 16,2021-12-11,17:00:00,72,31,41,FMN GV 03 Hove
46,Statielei 16,2021-12-11,18:00:00,39,15,24,FMN GV 03 Hove
46,Statielei 16,2021-12-11,19:00:00,40,23,17,FMN GV 03 Hove
46,Statielei 16,2021-12-11,20:00:00,20,10,10,FMN GV 03 Hove
46,Statielei 16,2021-12-11,21:00:00,12,5,7,FMN GV 03 Hove
46,Statielei 16,2021-12-11,22:00:00,15,10,5,FMN GV 03 Hove
46,Statielei 16,2021-12-11,23:00:00,24,9,15,FMN GV 03 Hove
46,Statielei 16,2021-12-12,00:00:00,11,4,7,FMN GV 03 Hove
46,Statielei 16,2021-12-12,01:00:00,7,4,3,FMN GV 03 Hove
46,Statielei 16,2021-12-12,02:00:00,4,2,2,FMN GV 03 Hove
46,Statielei 16,2021-12-12,03:00:00,3,0,3,FMN GV 03 Hove
46,Statielei 16,2021-12-12,04:00:00,4,2,2,FMN GV 03 Hove
46,Statielei 16,2021-12-12,05:00:00,9,6,3,FMN GV 03 Hove
46,Statielei 16,2021-12-12,06:00:00,6,4,2,FMN GV 03 Hove
46,Statielei 16,2021-12-12,07:00:00,7,4,3,FMN GV 03 Hove
46,Statielei 16,2021-12-12,08:00:00,16,6,10,FMN GV 03 Hove
46,Statielei 16,2021-12-12,09:00:00,33,13,20,FMN GV 03 Hove
46,Statielei 16,2021-12-12,10:00:00,24,13,11,FMN GV 03 Hove
46,Statielei 16,2021-12-12,11:00:00,37,20,17,FMN GV 03 Hove
46,Statielei 16,2021-12-12,12:00:00,42,26,16,FMN GV 03 Hove
46,Statielei 16,2021-12-12,13:00:00,43,27,16,FMN GV 03 Hove
46,Statielei 16,2021-12-12,14:00:00,55,29,26,FMN GV 03 Hove
46,Statielei 16,2021-12-12,15:00:00,46,24,22,FMN GV 03 Hove
46,Statielei 16,2021-12-12,16:00:00,58,32,26,FMN GV 03 Hove
46,Statielei 16,2021-12-12,17:00:00,35,15,20,FMN GV 03 Hove
46,Statielei 16,2021-12-12,18:00:00,24,14,10,FMN GV 03 Hove
46,Statielei 16,2021-12-12,19:00:00,16,6,10,FMN GV 03 Hove
46,Statielei 16,2021-12-12,20:00:00,22,14,8,FMN GV 03 Hove
46,Statielei 16,2021-12-12,21:00:00,11,8,3,FMN GV 03 Hove
46,Statielei 16,2021-12-12,22:00:00,18,13,5,FMN GV 03 Hove
46,Statielei 16,2021-12-12,23:00:00,6,5,1,FMN GV 03 Hove
46,Statielei 16,2021-12-13,00:00:00,3,2,1,FMN GV 03 Hove
46,Statielei 16,2021-12-13,01:00:00,0,0,0,FMN GV 03 Hove
46,Statielei 16,2021-12-13,02:00:00,0,0,0,FMN GV 03 Hove
46,Statielei 16,2021-12-13,03:00:00,0,0,0,FMN GV 03 Hove
46,Statielei 16,2021-12-13,04:00:00,6,4,2,FMN GV 03 Hove
46,Statielei 16,2021-12-13,05:00:00,17,15,2,FMN GV 03 Hove
46,Statielei 16,2021-12-13,06:00:00,60,45,15,FMN GV 03 Hove
46,Statielei 16,2021-12-13,07:00:00,202,159,43,FMN GV 03 Hove
46,Statielei 16,2021-12-13,08:00:00,226,178,48,FMN GV 03 Hove
46,Statielei 16,2021-12-13,09:00:00,85,52,33,FMN GV 03 Hove
46,Statielei 16,2021-12-13,10:00:00,82,43,39,FMN GV 03 Hove
46,Statielei 16,2021-12-13,11:00:00,89,44,45,FMN GV 03 Hove
46,Statielei 16,2021-12-13,12:00:00,134,54,80,FMN GV 03 Hove
46,Statielei 16,2021-12-13,13:00:00,117,59,58,FMN GV 03 Hove
46,Statielei 16,2021-12-13,14:00:00,120,75,45,FMN GV 03 Hove
46,Statielei 16,2021-12-13,15:00:00,133,49,84,FMN GV 03 Hove
46,Statielei 16,2021-12-13,16:00:00,168,56,112,FMN GV 03 Hove
46,Statielei 16,2021-12-13,17:00:00,172,57,115,FMN GV 03 Hove
46,Statielei 16,2021-12-13,18:00:00,111,41,70,FMN GV 03 Hove
46,Statielei 16,2021-12-13,19:00:00,60,32,28,FMN GV 03 Hove
46,Statielei 16,2021-12-13,20:00:00,27,15,12,FMN GV 03 Hove
46,Statielei 16,2021-12-13,21:00:00,24,6,18,FMN GV 03 Hove
46,Statielei 16,2021-12-13,22:00:00,30,13,17,FMN GV 03 Hove
46,Statielei 16,2021-12-13,23:00:00,8,2,6,FMN GV 03 Hove
46,Statielei 16,2021-12-14,00:00:00,6,1,5,FMN GV 03 Hove
46,Statielei 16,2021-12-14,01:00:00,0,0,0,FMN GV 03 Hove
46,Statielei 16,2021-12-14,02:00:00,0,0,0,FMN GV 03 Hove
46,Statielei 16,2021-12-14,03:00:00,2,1,1,FMN GV 03 Hove
46,Statielei 16,2021-12-14,04:00:00,4,3,1,FMN GV 03 Hove
46,Statielei 16,2021-12-14,05:00:00,12,9,3,FMN GV 03 Hove
46,Statielei 16,2021-12-14,06:00:00,58,40,18,FMN GV 03 Hove
46,Statielei 16,2021-12-14,07:00:00,237,193,44,FMN GV 03 Hove
46,Statielei 16,2021-12-14,08:00:00,244,187,57,FMN GV 03 Hove
46,Statielei 16,2021-12-14,09:00:00,83,56,27,FMN GV 03 Hove
46,Statielei 16,2021-12-14,10:00:00,93,43,50,FMN GV 03 Hove
46,Statielei 16,2021-12-14,11:00:00,78,37,41,FMN GV 03 Hove
46,Statielei 16,2021-12-14,12:00:00,97,47,50,FMN GV 03 Hove
46,Statielei 16,2021-12-14,13:00:00,100,58,42,FMN GV 03 Hove
46,Statielei 16,2021-12-14,14:00:00,92,44,48,FMN GV 03 Hove
46,Statielei 16,2021-12-14,15:00:00,116,47,69,FMN GV 03 Hove
46,Statielei 16,2021-12-14,16:00:00,191,51,140,FMN GV 03 Hove
46,Statielei 16,2021-12-14,17:00:00,208,83,125,FMN GV 03 Hove
46,Statielei 16,2021-12-14,18:00:00,119,41,78,FMN GV 03 Hove
46,Statielei 16,2021-12-14,19:00:00,47,25,22,FMN GV 03 Hove
46,Statielei 16,2021-12-14,20:00:00,42,15,27,FMN GV 03 Hove
46,Statielei 16,2021-12-14,21:00:00,27,19,8,FMN GV 03 Hove
46,Statielei 16,2021-12-14,22:00:00,28,13,15,FMN GV 03 Hove
46,Statielei 16,2021-12-14,23:00:00,9,3,6,FMN GV 03 Hove
46,Statielei 16,2021-12-15,00:00:00,8,2,6,FMN GV 03 Hove
46,Statielei 16,2021-12-15,01:00:00,3,2,1,FMN GV 03 Hove
46,Statielei 16,2021-12-15,02:00:00,2,0,2,FMN GV 03 Hove
46,Statielei 16,2021-12-15,03:00:00,2,1,1,FMN GV 03 Hove
46,Statielei 16,2021-12-15,04:00:00,5,2,3,FMN GV 03 Hove
46,Statielei 16,2021-12-15,05:00:00,15,9,6,FMN GV 03 Hove
46,Statielei 16,2021-12-15,06:00:00,59,43,16,FMN GV 03 Hove
46,Statielei 16,2021-12-15,07:00:00,198,151,47,FMN GV 03 Hove
46,Statielei 16,2021-12-15,08:00:00,200,155,45,FMN GV 03 Hove
46,Statielei 16,2021-12-15,09:00:00,119,76,43,FMN GV 03 Hove
46,Statielei 16,2021-12-15,10:00:00,136,63,73,FMN GV 03 Hove
46,Statielei 16,2021-12-15,11:00:00,108,55,53,FMN GV 03 Hove
46,Statielei 16,2021-12-15,12:00:00,136,60,76,FMN GV 03 Hove
46,Statielei 16,2021-12-15,13:00:00,131,50,81,FMN GV 03 Hove
46,Statielei 16,2021-12-15,14:00:00,129,69,60,FMN GV 03 Hove
46,Statielei 16,2021-12-15,15:00:00,101,57,44,FMN GV 03 Hove
46,Statielei 16,2021-12-15,16:00:00,134,50,84,FMN GV 03 Hove
46,Statielei 16,2021-12-15,17:00:00,160,60,100,FMN GV 03 Hove
46,Statielei 16,2021-12-15,18:00:00,106,39,67,FMN GV 03 Hove
46,Statielei 16,2021-12-15,19:00:00,48,25,23,FMN GV 03 Hove
46,Statielei 16,2021-12-15,20:00:00,33,11,22,FMN GV 03 Hove
46,Statielei 16,2021-12-15,21:00:00,26,14,12,FMN GV 03 Hove
46,Statielei 16,2021-12-15,22:00:00,26,12,14,FMN GV 03 Hove
46,Statielei 16,2021-12-15,23:00:00,13,6,7,FMN GV 03 Hove
46,Statielei 16,2021-12-16,00:00:00,10,1,9,FMN GV 03 Hove
46,Statielei 16,2021-12-16,01:00:00,1,1,0,FMN GV 03 Hove
46,Statielei 16,2021-12-16,02:00:00,2,2,0,FMN GV 03 Hove
46,Statielei 16,2021-12-16,03:00:00,1,1,0,FMN GV 03 Hove
46,Statielei 16,2021-12-16,04:00:00,10,5,5,FMN GV 03 Hove
46,Statielei 16,2021-12-16,05:00:00,19,14,5,FMN GV 03 Hove
46,Statielei 16,2021-12-16,06:00:00,68,47,21,FMN GV 03 Hove
46,Statielei 16,2021-12-16,07:00:00,199,157,42,FMN GV 03 Hove
46,Statielei 16,2021-12-16,08:00:00,254,202,52,FMN GV 03 Hove
46,Statielei 16,2021-12-16,09:00:00,97,64,33,FMN GV 03 Hove
46,Statielei 16,2021-12-16,10:00:00,84,54,30,FMN GV 03 Hove
46,Statielei 16,2021-12-16,11:00:00,107,49,58,FMN GV 03 Hove
46,Statielei 16,2021-12-16,12:00:00,112,56,56,FMN GV 03 Hove
46,Statielei 16,2021-12-16,13:00:00,141,75,66,FMN GV 03 Hove
46,Statielei 16,2021-12-16,14:00:00,116,53,63,FMN GV 03 Hove
46,Statielei 16,2021-12-16,15:00:00,139,66,73,FMN GV 03 Hove
46,Statielei 16,2021-12-16,16:00:00,214,73,141,FMN GV 03 Hove
46,Statielei 16,2021-12-16,17:00:00,195,79,116,FMN GV 03 Hove
46,Statielei 16,2021-12-16,18:00:00,134,48,86,FMN GV 03 Hove
46,Statielei 16,2021-12-16,19:00:00,64,21,43,FMN GV 03 Hove
46,Statielei 16,2021-12-16,20:00:00,40,21,19,FMN GV 03 Hove
46,Statielei 16,2021-12-16,21:00:00,33,17,16,FMN GV 03 Hove
46,Statielei 16,2021-12-16,22:00:00,23,9,14,FMN GV 03 Hove
46,Statielei 16,2021-12-16,23:00:00,21,12,9,FMN GV 03 Hove
46,Statielei 16,2021-12-17,00:00:00,5,0,5,FMN GV 03 Hove
46,Statielei 16,2021-12-17,01:00:00,7,2,5,FMN GV 03 Hove
46,Statielei 16,2021-12-17,02:00:00,2,1,1,FMN GV 03 Hove
46,Statielei 16,2021-12-17,03:00:00,2,2,0,FMN GV 03 Hove
46,Statielei 16,2021-12-17,04:00:00,6,4,2,FMN GV 03 Hove
46,Statielei 16,2021-12-17,05:00:00,10,6,4,FMN GV 03 Hove
46,Statielei 16,2021-12-17,06:00:00,59,35,24,FMN GV 03 Hove
46,Statielei 16,2021-12-17,07:00:00,159,113,46,FMN GV 03 Hove
46,Statielei 16,2021-12-17,08:00:00,185,140,45,FMN GV 03 Hove
46,Statielei 16,2021-12-17,09:00:00,89,64,25,FMN GV 03 Hove
46,Statielei 16,2021-12-17,10:00:00,76,41,35,FMN GV 03 Hove
46,Statielei 16,2021-12-17,11:00:00,98,60,38,FMN GV 03 Hove
46,Statielei 16,2021-12-17,12:00:00,132,64,68,FMN GV 03 Hove
46,Statielei 16,2021-12-17,13:00:00,123,65,58,FMN GV 03 Hove
46,Statielei 16,2021-12-17,14:00:00,105,57,48,FMN GV 03 Hove
46,Statielei 16,2021-12-17,15:00:00,113,47,66,FMN GV 03 Hove
46,Statielei 16,2021-12-17,16:00:00,176,69,107,FMN GV 03 Hove
46,Statielei 16,2021-12-17,17:00:00,125,51,74,FMN GV 03 Hove
46,Statielei 16,2021-12-17,18:00:00,110,52,58,FMN GV 03 Hove
46,Statielei 16,2021-12-17,19:00:00,62,28,34,FMN GV 03 Hove
46,Statielei 16,2021-12-17,20:00:00,33,12,21,FMN GV 03 Hove
46,Statielei 16,2021-12-17,21:00:00,30,16,14,FMN GV 03 Hove
46,Statielei 16,2021-12-17,22:00:00,29,9,20,FMN GV 03 Hove
46,Statielei 16,2021-12-17,23:00:00,39,12,27,FMN GV 03 Hove
46,Statielei 16,2021-12-18,00:00:00,27,17,10,FMN GV 03 Hove
46,Statielei 16,2021-12-18,01:00:00,20,11,9,FMN GV 03 Hove
46,Statielei 16,2021-12-18,02:00:00,9,7,2,FMN GV 03 Hove
46,Statielei 16,2021-12-18,03:00:00,1,0,1,FMN GV 03 Hove
46,Statielei 16,2021-12-18,04:00:00,5,2,3,FMN GV 03 Hove
46,Statielei 16,2021-12-18,05:00:00,5,5,0,FMN GV 03 Hove
46,Statielei 16,2021-12-18,06:00:00,15,9,6,FMN GV 03 Hove
46,Statielei 16,2021-12-18,07:00:00,14,9,5,FMN GV 03 Hove
46,Statielei 16,2021-12-18,08:00:00,26,18,8,FMN GV 03 Hove
46,Statielei 16,2021-12-18,09:00:00,57,27,30,FMN GV 03 Hove
46,Statielei 16,2021-12-18,10:00:00,57,38,19,FMN GV 03 Hove
46,Statielei 16,2021-12-18,11:00:00,99,56,43,FMN GV 03 Hove
46,Statielei 16,2021-12-18,12:00:00,103,64,39,FMN GV 03 Hove
46,Statielei 16,2021-12-18,13:00:00,102,62,40,FMN GV 03 Hove
46,Statielei 16,2021-12-18,14:00:00,90,51,39,FMN GV 03 Hove
46,Statielei 16,2021-12-18,15:00:00,86,54,32,FMN GV 03 Hove
46,Statielei 16,2021-12-18,16:00:00,75,40,35,FMN GV 03 Hove
46,Statielei 16,2021-12-18,17:00:00,63,23,40,FMN GV 03 Hove
46,Statielei 16,2021-12-18,18:00:00,35,19,16,FMN GV 03 Hove
46,Statielei 16,2021-12-18,19:00:00,40,25,15,FMN GV 03 Hove
46,Statielei 16,2021-12-18,20:00:00,32,19,13,FMN GV 03 Hove
46,Statielei 16,2021-12-18,21:00:00,17,8,9,FMN GV 03 Hove
46,Statielei 16,2021-12-18,22:00:00,21,6,15,FMN GV 03 Hove
46,Statielei 16,2021-12-18,23:00:00,24,9,15,FMN GV 03 Hove
46,Statielei 16,2021-12-19,00:00:00,10,3,7,FMN GV 03 Hove
46,Statielei 16,2021-12-19,01:00:00,17,6,11,FMN GV 03 Hove
46,Statielei 16,2021-12-19,02:00:00,4,1,3,FMN GV 03 Hove
46,Statielei 16,2021-12-19,03:00:00,3,1,2,FMN GV 03 Hove
46,Statielei 16,2021-12-19,04:00:00,5,2,3,FMN GV 03 Hove
46,Statielei 16,2021-12-19,05:00:00,4,2,2,FMN GV 03 Hove
46,Statielei 16,2021-12-19,06:00:00,8,3,5,FMN GV 03 Hove
46,Statielei 16,2021-12-19,07:00:00,8,7,1,FMN GV 03 Hove
46,Statielei 16,2021-12-19,08:00:00,8,4,4,FMN GV 03 Hove
46,Statielei 16,2021-12-19,09:00:00,72,20,52,FMN GV 03 Hove
46,Statielei 16,2021-12-19,10:00:00,63,25,38,FMN GV 03 Hove
46,Statielei 16,2021-12-19,11:00:00,85,37,48,FMN GV 03 Hove
46,Statielei 16,2021-12-19,12:00:00,81,51,30,FMN GV 03 Hove
46,Statielei 16,2021-12-19,13:00:00,106,59,47,FMN GV 03 Hove
46,Statielei 16,2021-12-19,14:00:00,93,58,35,FMN GV 03 Hove
46,Statielei 16,2021-12-19,15:00:00,88,41,47,FMN GV 03 Hove
46,Statielei 16,2021-12-19,16:00:00,60,30,30,FMN GV 03 Hove
46,Statielei 16,2021-12-19,17:00:00,54,26,28,FMN GV 03 Hove
46,Statielei 16,2021-12-19,18:00:00,39,15,24,FMN GV 03 Hove
46,Statielei 16,2021-12-19,19:00:00,22,11,11,FMN GV 03 Hove
46,Statielei 16,2021-12-19,20:00:00,19,13,6,FMN GV 03 Hove
46,Statielei 16,2021-12-19,21:00:00,13,8,5,FMN GV 03 Hove
46,Statielei 16,2021-12-19,22:00:00,14,10,4,FMN GV 03 Hove
46,Statielei 16,2021-12-19,23:00:00,10,1,9,FMN GV 03 Hove
46,Statielei 16,2021-12-20,00:00:00,2,1,1,FMN GV 03 Hove
46,Statielei 16,2021-12-20,01:00:00,1,0,1,FMN GV 03 Hove
46,Statielei 16,2021-12-20,02:00:00,2,2,0,FMN GV 03 Hove
46,Statielei 16,2021-12-20,03:00:00,1,1,0,FMN GV 03 Hove
46,Statielei 16,2021-12-20,04:00:00,6,4,2,FMN GV 03 Hove
46,Statielei 16,2021-12-20,05:00:00,20,12,8,FMN GV 03 Hove
46,Statielei 16,2021-12-20,06:00:00,54,42,12,FMN GV 03 Hove
46,Statielei 16,2021-12-20,07:00:00,147,107,40,FMN GV 03 Hove
46,Statielei 16,2021-12-20,08:00:00,174,126,48,FMN GV 03 Hove
46,Statielei 16,2021-12-20,09:00:00,75,47,28,FMN GV 03 Hove
46,Statielei 16,2021-12-20,10:00:00,81,46,35,FMN GV 03 Hove
46,Statielei 16,2021-12-20,11:00:00,62,32,30,FMN GV 03 Hove
46,Statielei 16,2021-12-20,12:00:00,111,58,53,FMN GV 03 Hove
46,Statielei 16,2021-12-20,13:00:00,141,85,56,FMN GV 03 Hove
46,Statielei 16,2021-12-20,14:00:00,103,47,56,FMN GV 03 Hove
46,Statielei 16,2021-12-20,15:00:00,97,45,52,FMN GV 03 Hove
46,Statielei 16,2021-12-20,16:00:00,154,70,84,FMN GV 03 Hove
46,Statielei 16,2021-12-20,17:00:00,162,57,105,FMN GV 03 Hove
46,Statielei 16,2021-12-20,18:00:00,105,42,63,FMN GV 03 Hove
46,Statielei 16,2021-12-20,19:00:00,52,21,31,FMN GV 03 Hove
46,Statielei 16,2021-12-20,20:00:00,32,19,13,FMN GV 03 Hove
46,Statielei 16,2021-12-20,21:00:00,22,8,14,FMN GV 03 Hove
46,Statielei 16,2021-12-20,22:00:00,22,6,16,FMN GV 03 Hove
46,Statielei 16,2021-12-20,23:00:00,12,7,5,FMN GV 03 Hove
46,Statielei 16,2021-12-21,00:00:00,6,2,4,FMN GV 03 Hove
46,Statielei 16,2021-12-21,01:00:00,3,2,1,FMN GV 03 Hove
46,Statielei 16,2021-12-21,02:00:00,2,1,1,FMN GV 03 Hove
46,Statielei 16,2021-12-21,03:00:00,4,1,3,FMN GV 03 Hove
46,Statielei 16,2021-12-21,04:00:00,7,3,4,FMN GV 03 Hove
46,Statielei 16,2021-12-21,05:00:00,18,10,8,FMN GV 03 Hove
46,Statielei 16,2021-12-21,06:00:00,38,25,13,FMN GV 03 Hove
46,Statielei 16,2021-12-21,07:00:00,114,89,25,FMN GV 03 Hove
46,Statielei 16,2021-12-21,08:00:00,125,91,34,FMN GV 03 Hove
46,Statielei 16,2021-12-21,09:00:00,43,30,13,FMN GV 03 Hove
46,Statielei 16,2021-12-21,10:00:00,72,47,25,FMN GV 03 Hove
46,Statielei 16,2021-12-21,11:00:00,63,40,23,FMN GV 03 Hove
46,Statielei 16,2021-12-21,12:00:00,82,40,42,FMN GV 03 Hove
46,Statielei 16,2021-12-21,13:00:00,105,57,48,FMN GV 03 Hove
46,Statielei 16,2021-12-21,14:00:00,107,49,58,FMN GV 03 Hove
46,Statielei 16,2021-12-21,15:00:00,97,54,43,FMN GV 03 Hove
46,Statielei 16,2021-12-21,16:00:00,135,61,74,FMN GV 03 Hove
46,Statielei 16,2021-12-21,17:00:00,133,50,83,FMN GV 03 Hove
46,Statielei 16,2021-12-21,18:00:00,79,36,43,FMN GV 03 Hove
46,Statielei 16,2021-12-21,19:00:00,46,19,27,FMN GV 03 Hove
46,Statielei 16,2021-12-21,20:00:00,37,17,20,FMN GV 03 Hove
46,Statielei 16,2021-12-21,21:00:00,23,12,11,FMN GV 03 Hove
46,Statielei 16,2021-12-21,22:00:00,31,12,19,FMN GV 03 Hove
46,Statielei 16,2021-12-21,23:00:00,15,7,8,FMN GV 03 Hove
46,Statielei 16,2021-12-22,00:00:00,5,1,4,FMN GV 03 Hove
46,Statielei 16,2021-12-22,01:00:00,0,0,0,FMN GV 03 Hove
46,Statielei 16,2021-12-22,02:00:00,2,1,1,FMN GV 03 Hove
46,Statielei 16,2021-12-22,03:00:00,2,0,2,FMN GV 03 Hove
46,Statielei 16,2021-12-22,04:00:00,5,3,2,FMN GV 03 Hove
46,Statielei 16,2021-12-22,05:00:00,12,5,7,FMN GV 03 Hove
46,Statielei 16,2021-12-22,06:00:00,34,26,8,FMN GV 03 Hove
46,Statielei 16,2021-12-22,07:00:00,84,70,14,FMN GV 03 Hove
46,Statielei 16,2021-12-22,08:00:00,87,67,20,FMN GV 03 Hove
46,Statielei 16,2021-12-22,09:00:00,58,35,23,FMN GV 03 Hove
46,Statielei 16,2021-12-22,10:00:00,62,42,20,FMN GV 03 Hove
46,Statielei 16,2021-12-22,11:00:00,68,39,29,FMN GV 03 Hove
46,Statielei 16,2021-12-22,12:00:00,81,39,42,FMN GV 03 Hove
46,Statielei 16,2021-12-22,13:00:00,95,60,35,FMN GV 03 Hove
46,Statielei 16,2021-12-22,14:00:00,81,46,35,FMN GV 03 Hove
46,Statielei 16,2021-12-22,15:00:00,87,42,45,FMN GV 03 Hove
46,Statielei 16,2021-12-22,16:00:00,100,41,59,FMN GV 03 Hove
46,Statielei 16,2021-12-22,17:00:00,111,46,65,FMN GV 03 Hove
46,Statielei 16,2021-12-22,18:00:00,54,15,39,FMN GV 03 Hove
46,Statielei 16,2021-12-22,19:00:00,43,30,13,FMN GV 03 Hove
46,Statielei 16,2021-12-22,20:00:00,28,16,12,FMN GV 03 Hove
46,Statielei 16,2021-12-22,21:00:00,26,14,12,FMN GV 03 Hove
46,Statielei 16,2021-12-22,22:00:00,24,10,14,FMN GV 03 Hove
46,Statielei 16,2021-12-22,23:00:00,16,4,12,FMN GV 03 Hove
46,Statielei 16,2021-12-23,00:00:00,6,1,5,FMN GV 03 Hove
46,Statielei 16,2021-12-23,01:00:00,0,0,0,FMN GV 03 Hove
46,Statielei 16,2021-12-23,02:00:00,1,1,0,FMN GV 03 Hove
46,Statielei 16,2021-12-23,03:00:00,1,0,1,FMN GV 03 Hove
46,Statielei 16,2021-12-23,04:00:00,6,4,2,FMN GV 03 Hove
46,Statielei 16,2021-12-23,05:00:00,10,6,4,FMN GV 03 Hove
46,Statielei 16,2021-12-23,06:00:00,36,24,12,FMN GV 03 Hove
46,Statielei 16,2021-12-23,07:00:00,89,70,19,FMN GV 03 Hove
46,Statielei 16,2021-12-23,08:00:00,108,88,20,FMN GV 03 Hove
46,Statielei 16,2021-12-23,09:00:00,71,46,25,FMN GV 03 Hove
46,Statielei 16,2021-12-23,10:00:00,60,43,17,FMN GV 03 Hove
46,Statielei 16,2021-12-23,11:00:00,75,36,39,FMN GV 03 Hove
46,Statielei 16,2021-12-23,12:00:00,105,53,52,FMN GV 03 Hove
46,Statielei 16,2021-12-23,13:00:00,81,43,38,FMN GV 03 Hove
46,Statielei 16,2021-12-23,14:00:00,85,42,43,FMN GV 03 Hove
46,Statielei 16,2021-12-23,15:00:00,114,64,50,FMN GV 03 Hove
46,Statielei 16,2021-12-23,16:00:00,120,39,81,FMN GV 03 Hove
46,Statielei 16,2021-12-23,17:00:00,117,45,72,FMN GV 03 Hove
46,Statielei 16,2021-12-23,18:00:00,87,33,54,FMN GV 03 Hove
46,Statielei 16,2021-12-23,19:00:00,61,20,41,FMN GV 03 Hove
46,Statielei 16,2021-12-23,20:00:00,36,16,20,FMN GV 03 Hove
46,Statielei 16,2021-12-23,21:00:00,23,15,8,FMN GV 03 Hove
46,Statielei 16,2021-12-23,22:00:00,18,8,10,FMN GV 03 Hove
46,Statielei 16,2021-12-23,23:00:00,29,16,13,FMN GV 03 Hove
46,Statielei 16,2021-12-24,00:00:00,16,4,12,FMN GV 03 Hove
46,Statielei 16,2021-12-24,01:00:00,6,2,4,FMN GV 03 Hove
46,Statielei 16,2021-12-24,02:00:00,5,3,2,FMN GV 03 Hove
46,Statielei 16,2021-12-24,03:00:00,1,0,1,FMN GV 03 Hove
46,Statielei 16,2021-12-24,04:00:00,4,3,1,FMN GV 03 Hove
46,Statielei 16,2021-12-24,05:00:00,8,5,3,FMN GV 03 Hove
46,Statielei 16,2021-12-24,06:00:00,18,10,8,FMN GV 03 Hove
46,Statielei 16,2021-12-24,07:00:00,47,38,9,FMN GV 03 Hove
46,Statielei 16,2021-12-24,08:00:00,74,57,17,FMN GV 03 Hove
46,Statielei 16,2021-12-24,09:00:00,47,30,17,FMN GV 03 Hove
46,Statielei 16,2021-12-24,10:00:00,60,33,27,FMN GV 03 Hove
46,Statielei 16,2021-12-24,11:00:00,72,43,29,FMN GV 03 Hove
46,Statielei 16,2021-12-24,12:00:00,81,36,45,FMN GV 03 Hove
46,Statielei 16,2021-12-24,13:00:00,72,29,43,FMN GV 03 Hove
46,Statielei 16,2021-12-24,14:00:00,96,50,46,FMN GV 03 Hove
46,Statielei 16,2021-12-24,15:00:00,85,32,53,FMN GV 03 Hove
46,Statielei 16,2021-12-24,16:00:00,87,22,65,FMN GV 03 Hove
46,Statielei 16,2021-12-24,17:00:00,41,7,34,FMN GV 03 Hove
46,Statielei 16,2021-12-24,18:00:00,32,12,20,FMN GV 03 Hove
46,Statielei 16,2021-12-24,19:00:00,9,5,4,FMN GV 03 Hove
46,Statielei 16,2021-12-24,20:00:00,12,8,4,FMN GV 03 Hove
46,Statielei 16,2021-12-24,21:00:00,6,4,2,FMN GV 03 Hove
46,Statielei 16,2021-12-24,22:00:00,16,9,7,FMN GV 03 Hove
46,Statielei 16,2021-12-24,23:00:00,19,15,4,FMN GV 03 Hove
46,Statielei 16,2021-12-25,00:00:00,24,21,3,FMN GV 03 Hove
46,Statielei 16,2021-12-25,01:00:00,15,14,1,FMN GV 03 Hove
46,Statielei 16,2021-12-25,02:00:00,13,8,5,FMN GV 03 Hove
46,Statielei 16,2021-12-25,03:00:00,0,0,0,FMN GV 03 Hove
46,Statielei 16,2021-12-25,04:00:00,1,0,1,FMN GV 03 Hove
46,Statielei 16,2021-12-25,05:00:00,3,0,3,FMN GV 03 Hove
46,Statielei 16,2021-12-25,06:00:00,4,4,0,FMN GV 03 Hove
46,Statielei 16,2021-12-25,07:00:00,7,2,5,FMN GV 03 Hove
46,Statielei 16,2021-12-25,08:00:00,2,1,1,FMN GV 03 Hove
46,Statielei 16,2021-12-25,09:00:00,4,3,1,FMN GV 03 Hove
46,Statielei 16,2021-12-25,10:00:00,14,7,7,FMN GV 03 Hove
46,Statielei 16,2021-12-25,11:00:00,28,12,16,FMN GV 03 Hove
46,Statielei 16,2021-12-25,12:00:00,37,15,22,FMN GV 03 Hove
46,Statielei 16,2021-12-25,13:00:00,29,13,16,FMN GV 03 Hove
46,Statielei 16,2021-12-25,14:00:00,25,10,15,FMN GV 03 Hove
46,Statielei 16,2021-12-25,15:00:00,28,16,12,FMN GV 03 Hove
46,Statielei 16,2021-12-25,16:00:00,41,15,26,FMN GV 03 Hove
46,Statielei 16,2021-12-25,17:00:00,25,14,11,FMN GV 03 Hove
46,Statielei 16,2021-12-25,18:00:00,6,3,3,FMN GV 03 Hove
46,Statielei 16,2021-12-25,19:00:00,6,6,0,FMN GV 03 Hove
46,Statielei 16,2021-12-25,20:00:00,11,6,5,FMN GV 03 Hove
46,Statielei 16,2021-12-25,21:00:00,4,3,1,FMN GV 03 Hove
46,Statielei 16,2021-12-25,22:00:00,11,10,1,FMN GV 03 Hove
46,Statielei 16,2021-12-25,23:00:00,16,12,4,FMN GV 03 Hove
46,Statielei 16,2021-12-26,00:00:00,12,9,3,FMN GV 03 Hove
46,Statielei 16,2021-12-26,01:00:00,3,1,2,FMN GV 03 Hove
46,Statielei 16,2021-12-26,02:00:00,0,0,0,FMN GV 03 Hove
46,Statielei 16,2021-12-26,03:00:00,2,2,0,FMN GV 03 Hove
46,Statielei 16,2021-12-26,04:00:00,1,1,0,FMN GV 03 Hove
46,Statielei 16,2021-12-26,05:00:00,2,2,0,FMN GV 03 Hove
46,Statielei 16,2021-12-26,06:00:00,7,5,2,FMN GV 03 Hove
46,Statielei 16,2021-12-26,07:00:00,7,3,4,FMN GV 03 Hove
46,Statielei 16,2021-12-26,08:00:00,11,4,7,FMN GV 03 Hove
46,Statielei 16,2021-12-26,09:00:00,26,7,19,FMN GV 03 Hove
46,Statielei 16,2021-12-26,10:00:00,54,30,24,FMN GV 03 Hove
46,Statielei 16,2021-12-26,11:00:00,48,27,21,FMN GV 03 Hove
46,Statielei 16,2021-12-26,12:00:00,74,47,27,FMN GV 03 Hove
46,Statielei 16,2021-12-26,13:00:00,71,29,42,FMN GV 03 Hove
46,Statielei 16,2021-12-26,14:00:00,67,37,30,FMN GV 03 Hove
46,Statielei 16,2021-12-26,15:00:00,51,33,18,FMN GV 03 Hove
46,Statielei 16,2021-12-26,16:00:00,31,21,10,FMN GV 03 Hove
46,Statielei 16,2021-12-26,17:00:00,22,15,7,FMN GV 03 Hove
46,Statielei 16,2021-12-26,18:00:00,22,12,10,FMN GV 03 Hove
46,Statielei 16,2021-12-26,19:00:00,5,4,1,FMN GV 03 Hove
46,Statielei 16,2021-12-26,20:00:00,13,12,1,FMN GV 03 Hove
46,Statielei 16,2021-12-26,21:00:00,11,6,5,FMN GV 03 Hove
46,Statielei 16,2021-12-26,22:00:00,8,3,5,FMN GV 03 Hove
46,Statielei 16,2021-12-26,23:00:00,11,3,8,FMN GV 03 Hove
46,Statielei 16,2021-12-27,00:00:00,8,5,3,FMN GV 03 Hove
46,Statielei 16,2021-12-27,01:00:00,5,2,3,FMN GV 03 Hove
46,Statielei 16,2021-12-27,02:00:00,0,0,0,FMN GV 03 Hove
46,Statielei 16,2021-12-27,03:00:00,1,1,0,FMN GV 03 Hove
46,Statielei 16,2021-12-27,04:00:00,10,5,5,FMN GV 03 Hove
46,Statielei 16,2021-12-27,05:00:00,10,5,5,FMN GV 03 Hove
46,Statielei 16,2021-12-27,06:00:00,26,19,7,FMN GV 03 Hove
46,Statielei 16,2021-12-27,07:00:00,49,36,13,FMN GV 03 Hove
46,Statielei 16,2021-12-27,08:00:00,49,25,24,FMN GV 03 Hove
46,Statielei 16,2021-12-27,09:00:00,56,31,25,FMN GV 03 Hove
46,Statielei 16,2021-12-27,10:00:00,55,35,20,FMN GV 03 Hove
46,Statielei 16,2021-12-27,11:00:00,68,40,28,FMN GV 03 Hove
46,Statielei 16,2021-12-27,12:00:00,76,45,31,FMN GV 03 Hove
46,Statielei 16,2021-12-27,13:00:00,54,34,20,FMN GV 03 Hove
46,Statielei 16,2021-12-27,14:00:00,63,35,28,FMN GV 03 Hove
46,Statielei 16,2021-12-27,15:00:00,60,26,34,FMN GV 03 Hove
46,Statielei 16,2021-12-27,16:00:00,68,31,37,FMN GV 03 Hove
46,Statielei 16,2021-12-27,17:00:00,63,28,35,FMN GV 03 Hove
46,Statielei 16,2021-12-27,18:00:00,43,19,24,FMN GV 03 Hove
46,Statielei 16,2021-12-27,19:00:00,25,10,15,FMN GV 03 Hove
46,Statielei 16,2021-12-27,20:00:00,20,8,12,FMN GV 03 Hove
46,Statielei 16,2021-12-27,21:00:00,13,6,7,FMN GV 03 Hove
46,Statielei 16,2021-12-27,22:00:00,5,3,2,FMN GV 03 Hove
46,Statielei 16,2021-12-27,23:00:00,9,2,7,FMN GV 03 Hove
46,Statielei 16,2021-12-28,00:00:00,7,1,6,FMN GV 03 Hove
46,Statielei 16,2021-12-28,01:00:00,5,2,3,FMN GV 03 Hove
46,Statielei 16,2021-12-28,02:00:00,3,1,2,FMN GV 03 Hove
46,Statielei 16,2021-12-28,03:00:00,0,0,0,FMN GV 03 Hove
46,Statielei 16,2021-12-28,04:00:00,5,3,2,FMN GV 03 Hove
46,Statielei 16,2021-12-28,05:00:00,5,2,3,FMN GV 03 Hove
46,Statielei 16,2021-12-28,06:00:00,19,13,6,FMN GV 03 Hove
46,Statielei 16,2021-12-28,07:00:00,46,36,10,FMN GV 03 Hove
46,Statielei 16,2021-12-28,08:00:00,54,30,24,FMN GV 03 Hove
46,Statielei 16,2021-12-28,09:00:00,48,18,30,FMN GV 03 Hove
46,Statielei 16,2021-12-28,10:00:00,54,27,27,FMN GV 03 Hove
46,Statielei 16,2021-12-28,11:00:00,54,33,21,FMN GV 03 Hove
46,Statielei 16,2021-12-28,12:00:00,41,23,18,FMN GV 03 Hove
46,Statielei 16,2021-12-28,13:00:00,50,28,22,FMN GV 03 Hove
46,Statielei 16,2021-12-28,14:00:00,35,18,17,FMN GV 03 Hove
46,Statielei 16,2021-12-28,15:00:00,43,26,17,FMN GV 03 Hove
46,Statielei 16,2021-12-28,16:00:00,43,19,24,FMN GV 03 Hove
46,Statielei 16,2021-12-28,17:00:00,84,33,51,FMN GV 03 Hove
46,Statielei 16,2021-12-28,18:00:00,40,15,25,FMN GV 03 Hove
46,Statielei 16,2021-12-28,19:00:00,27,10,17,FMN GV 03 Hove
46,Statielei 16,2021-12-28,20:00:00,16,10,6,FMN GV 03 Hove
46,Statielei 16,2021-12-28,21:00:00,15,7,8,FMN GV 03 Hove
46,Statielei 16,2021-12-28,22:00:00,7,6,1,FMN GV 03 Hove
46,Statielei 16,2021-12-28,23:00:00,6,3,3,FMN GV 03 Hove
46,Statielei 16,2021-12-29,00:00:00,5,4,1,FMN GV 03 Hove
46,Statielei 16,2021-12-29,01:00:00,4,1,3,FMN GV 03 Hove
46,Statielei 16,2021-12-29,02:00:00,2,2,0,FMN GV 03 Hove
46,Statielei 16,2021-12-29,03:00:00,1,0,1,FMN GV 03 Hove
46,Statielei 16,2021-12-29,04:00:00,7,3,4,FMN GV 03 Hove
46,Statielei 16,2021-12-29,05:00:00,11,5,6,FMN GV 03 Hove
46,Statielei 16,2021-12-29,06:00:00,20,13,7,FMN GV 03 Hove
46,Statielei 16,2021-12-29,07:00:00,47,33,14,FMN GV 03 Hove
46,Statielei 16,2021-12-29,08:00:00,62,42,20,FMN GV 03 Hove
46,Statielei 16,2021-12-29,09:00:00,60,45,15,FMN GV 03 Hove
46,Statielei 16,2021-12-29,10:00:00,106,57,49,FMN GV 03 Hove
46,Statielei 16,2021-12-29,11:00:00,70,36,34,FMN GV 03 Hove
46,Statielei 16,2021-12-29,12:00:00,66,32,34,FMN GV 03 Hove
46,Statielei 16,2021-12-29,13:00:00,66,34,32,FMN GV 03 Hove
46,Statielei 16,2021-12-29,14:00:00,52,29,23,FMN GV 03 Hove
46,Statielei 16,2021-12-29,15:00:00,49,22,27,FMN GV 03 Hove
46,Statielei 16,2021-12-29,16:00:00,60,24,36,FMN GV 03 Hove
46,Statielei 16,2021-12-29,17:00:00,72,33,39,FMN GV 03 Hove
46,Statielei 16,2021-12-29,18:00:00,50,20,30,FMN GV 03 Hove
46,Statielei 16,2021-12-29,19:00:00,27,13,14,FMN GV 03 Hove
46,Statielei 16,2021-12-29,20:00:00,27,15,12,FMN GV 03 Hove
46,Statielei 16,2021-12-29,21:00:00,11,6,5,FMN GV 03 Hove
46,Statielei 16,2021-12-29,22:00:00,15,4,11,FMN GV 03 Hove
46,Statielei 16,2021-12-29,23:00:00,14,7,7,FMN GV 03 Hove
46,Statielei 16,2021-12-30,00:00:00,3,1,2,FMN GV 03 Hove
46,Statielei 16,2021-12-30,01:00:00,9,6,3,FMN GV 03 Hove
46,Statielei 16,2021-12-30,02:00:00,2,2,0,FMN GV 03 Hove
46,Statielei 16,2021-12-30,03:00:00,2,0,2,FMN GV 03 Hove
46,Statielei 16,2021-12-30,04:00:00,4,2,2,FMN GV 03 Hove
46,Statielei 16,2021-12-30,05:00:00,6,4,2,FMN GV 03 Hove
46,Statielei 16,2021-12-30,06:00:00,17,14,3,FMN GV 03 Hove
46,Statielei 16,2021-12-30,07:00:00,62,45,17,FMN GV 03 Hove
46,Statielei 16,2021-12-30,08:00:00,60,35,25,FMN GV 03 Hove
46,Statielei 16,2021-12-30,09:00:00,47,27,20,FMN GV 03 Hove
46,Statielei 16,2021-12-30,10:00:00,70,41,29,FMN GV 03 Hove
46,Statielei 16,2021-12-30,11:00:00,77,45,32,FMN GV 03 Hove
46,Statielei 16,2021-12-30,12:00:00,90,55,35,FMN GV 03 Hove
46,Statielei 16,2021-12-30,13:00:00,107,57,50,FMN GV 03 Hove
46,Statielei 16,2021-12-30,14:00:00,117,62,55,FMN GV 03 Hove
46,Statielei 16,2021-12-30,15:00:00,87,42,45,FMN GV 03 Hove
46,Statielei 16,2021-12-30,16:00:00,123,55,68,FMN GV 03 Hove
46,Statielei 16,2021-12-30,17:00:00,88,41,47,FMN GV 03 Hove
46,Statielei 16,2021-12-30,18:00:00,54,14,40,FMN GV 03 Hove
46,Statielei 16,2021-12-30,19:00:00,31,14,17,FMN GV 03 Hove
46,Statielei 16,2021-12-30,20:00:00,29,13,16,FMN GV 03 Hove
46,Statielei 16,2021-12-30,21:00:00,21,18,3,FMN GV 03 Hove
46,Statielei 16,2021-12-30,22:00:00,18,7,11,FMN GV 03 Hove
46,Statielei 16,2021-12-30,23:00:00,11,5,6,FMN GV 03 Hove
46,Statielei 16,2021-12-31,00:00:00,7,3,4,FMN GV 03 Hove
46,Statielei 16,2021-12-31,01:00:00,10,6,4,FMN GV 03 Hove
46,Statielei 16,2021-12-31,02:00:00,1,0,1,FMN GV 03 Hove
46,Statielei 16,2021-12-31,03:00:00,0,0,0,FMN GV 03 Hove
46,Statielei 16,2021-12-31,04:00:00,3,0,3,FMN GV 03 Hove
46,Statielei 16,2021-12-31,05:00:00,4,2,2,FMN GV 03 Hove
46,Statielei 16,2021-12-31,06:00:00,20,14,6,FMN GV 03 Hove
46,Statielei 16,2021-12-31,07:00:00,36,28,8,FMN GV 03 Hove
46,Statielei 16,2021-12-31,08:00:00,43,25,18,FMN GV 03 Hove
46,Statielei 16,2021-12-31,09:00:00,46,25,21,FMN GV 03 Hove
46,Statielei 16,2021-12-31,10:00:00,94,42,52,FMN GV 03 Hove
46,Statielei 16,2021-12-31,11:00:00,121,66,55,FMN GV 03 Hove
46,Statielei 16,2021-12-31,12:00:00,98,54,44,FMN GV 03 Hove
46,Statielei 16,2021-12-31,13:00:00,122,68,54,FMN GV 03 Hove
46,Statielei 16,2021-12-31,14:00:00,102,65,37,FMN GV 03 Hove
46,Statielei 16,2021-12-31,15:00:00,99,42,57,FMN GV 03 Hove
46,Statielei 16,2021-12-31,16:00:00,88,41,47,FMN GV 03 Hove
46,Statielei 16,2021-12-31,17:00:00,96,57,39,FMN GV 03 Hove
46,Statielei 16,2021-12-31,18:00:00,75,39,36,FMN GV 03 Hove
46,Statielei 16,2021-12-31,19:00:00,27,16,11,FMN GV 03 Hove
46,Statielei 16,2021-12-31,20:00:00,11,3,8,FMN GV 03 Hove
46,Statielei 16,2021-12-31,21:00:00,18,16,2,FMN GV 03 Hove
46,Statielei 16,2021-12-31,22:00:00,12,8,4,FMN GV 03 Hove
46,Statielei 16,2021-12-31,23:00:00,17,13,4,FMN GV 03 Hove
46,Statielei 16,2022-01-01,00:00:00,9,2,7,FMN GV 03 Hove
46,Statielei 16,2022-01-01,01:00:00,12,7,5,FMN GV 03 Hove
46,Statielei 16,2022-01-01,02:00:00,27,11,16,FMN GV 03 Hove
46,Statielei 16,2022-01-01,03:00:00,43,16,27,FMN GV 03 Hove
46,Statielei 16,2022-01-01,04:00:00,38,25,13,FMN GV 03 Hove
46,Statielei 16,2022-01-01,05:00:00,21,12,9,FMN GV 03 Hove
46,Statielei 16,2022-01-01,06:00:00,8,6,2,FMN GV 03 Hove
46,Statielei 16,2022-01-01,07:00:00,5,4,1,FMN GV 03 Hove
46,Statielei 16,2022-01-01,08:00:00,5,1,4,FMN GV 03 Hove
46,Statielei 16,2022-01-01,09:00:00,29,13,16,FMN GV 03 Hove
46,Statielei 16,2022-01-01,10:00:00,50,25,25,FMN GV 03 Hove
46,Statielei 16,2022-01-01,11:00:00,62,29,33,FMN GV 03 Hove
46,Statielei 16,2022-01-01,12:00:00,104,59,45,FMN GV 03 Hove
46,Statielei 16,2022-01-01,13:00:00,108,52,56,FMN GV 03 Hove
46,Statielei 16,2022-01-01,14:00:00,159,80,79,FMN GV 03 Hove
46,Statielei 16,2022-01-01,15:00:00,145,80,65,FMN GV 03 Hove
46,Statielei 16,2022-01-01,16:00:00,97,53,44,FMN GV 03 Hove
46,Statielei 16,2022-01-01,17:00:00,59,25,34,FMN GV 03 Hove
46,Statielei 16,2022-01-01,18:00:00,38,19,19,FMN GV 03 Hove
46,Statielei 16,2022-01-01,19:00:00,17,10,7,FMN GV 03 Hove
46,Statielei 16,2022-01-01,20:00:00,23,18,5,FMN GV 03 Hove
46,Statielei 16,2022-01-01,21:00:00,10,5,5,FMN GV 03 Hove
46,Statielei 16,2022-01-01,22:00:00,18,11,7,FMN GV 03 Hove
46,Statielei 16,2022-01-01,23:00:00,11,9,2,FMN GV 03 Hove
46,Statielei 16,2022-01-02,00:00:00,5,2,3,FMN GV 03 Hove
46,Statielei 16,2022-01-02,01:00:00,0,0,0,FMN GV 03 Hove
46,Statielei 16,2022-01-02,02:00:00,1,0,1,FMN GV 03 Hove
46,Statielei 16,2022-01-02,03:00:00,0,0,0,FMN GV 03 Hove
46,Statielei 16,2022-01-02,04:00:00,2,1,1,FMN GV 03 Hove
46,Statielei 16,2022-01-02,05:00:00,5,5,0,FMN GV 03 Hove
46,Statielei 16,2022-01-02,06:00:00,4,2,2,FMN GV 03 Hove
46,Statielei 16,2022-01-02,07:00:00,8,5,3,FMN GV 03 Hove
46,Statielei 16,2022-01-02,08:00:00,7,2,5,FMN GV 03 Hove
46,Statielei 16,2022-01-02,09:00:00,37,16,21,FMN GV 03 Hove
46,Statielei 16,2022-01-02,10:00:00,56,28,28,FMN GV 03 Hove
46,Statielei 16,2022-01-02,11:00:00,58,31,27,FMN GV 03 Hove
46,Statielei 16,2022-01-02,12:00:00,94,55,39,FMN GV 03 Hove
46,Statielei 16,2022-01-02,13:00:00,88,48,40,FMN GV 03 Hove
46,Statielei 16,2022-01-02,14:00:00,96,43,53,FMN GV 03 Hove
46,Statielei 16,2022-01-02,15:00:00,64,38,26,FMN GV 03 Hove
46,Statielei 16,2022-01-02,16:00:00,83,47,36,FMN GV 03 Hove
46,Statielei 16,2022-01-02,17:00:00,47,24,23,FMN GV 03 Hove
46,Statielei 16,2022-01-02,18:00:00,32,15,17,FMN GV 03 Hove
46,Statielei 16,2022-01-02,19:00:00,18,7,11,FMN GV 03 Hove
46,Statielei 16,2022-01-02,20:00:00,18,10,8,FMN GV 03 Hove
46,Statielei 16,2022-01-02,21:00:00,10,1,9,FMN GV 03 Hove
46,Statielei 16,2022-01-02,22:00:00,13,4,9,FMN GV 03 Hove
46,Statielei 16,2022-01-02,23:00:00,8,5,3,FMN GV 03 Hove
46,Statielei 16,2022-01-03,00:00:00,4,3,1,FMN GV 03 Hove
46,Statielei 16,2022-01-03,01:00:00,3,3,0,FMN GV 03 Hove
46,Statielei 16,2022-01-03,02:00:00,1,0,1,FMN GV 03 Hove
46,Statielei 16,2022-01-03,03:00:00,1,0,1,FMN GV 03 Hove
46,Statielei 16,2022-01-03,04:00:00,5,2,3,FMN GV 03 Hove
46,Statielei 16,2022-01-03,05:00:00,15,6,9,FMN GV 03 Hove
46,Statielei 16,2022-01-03,06:00:00,34,26,8,FMN GV 03 Hove
46,Statielei 16,2022-01-03,07:00:00,82,67,15,FMN GV 03 Hove
46,Statielei 16,2022-01-03,08:00:00,73,49,24,FMN GV 03 Hove
46,Statielei 16,2022-01-03,09:00:00,49,30,19,FMN GV 03 Hove
46,Statielei 16,2022-01-03,10:00:00,76,39,37,FMN GV 03 Hove
46,Statielei 16,2022-01-03,11:00:00,54,28,26,FMN GV 03 Hove
46,Statielei 16,2022-01-03,12:00:00,52,36,16,FMN GV 03 Hove
46,Statielei 16,2022-01-03,13:00:00,43,21,22,FMN GV 03 Hove
46,Statielei 16,2022-01-03,14:00:00,53,30,23,FMN GV 03 Hove
46,Statielei 16,2022-01-03,15:00:00,77,33,44,FMN GV 03 Hove
46,Statielei 16,2022-01-03,16:00:00,92,36,56,FMN GV 03 Hove
46,Statielei 16,2022-01-03,17:00:00,99,39,60,FMN GV 03 Hove
46,Statielei 16,2022-01-03,18:00:00,66,18,48,FMN GV 03 Hove
46,Statielei 16,2022-01-03,19:00:00,30,11,19,FMN GV 03 Hove
46,Statielei 16,2022-01-03,20:00:00,29,17,12,FMN GV 03 Hove
46,Statielei 16,2022-01-03,21:00:00,18,9,9,FMN GV 03 Hove
46,Statielei 16,2022-01-03,22:00:00,13,7,6,FMN GV 03 Hove
46,Statielei 16,2022-01-03,23:00:00,9,5,4,FMN GV 03 Hove
46,Statielei 16,2022-01-04,00:00:00,2,1,1,FMN GV 03 Hove
46,Statielei 16,2022-01-04,01:00:00,4,2,2,FMN GV 03 Hove
46,Statielei 16,2022-01-04,02:00:00,2,1,1,FMN GV 03 Hove
46,Statielei 16,2022-01-04,03:00:00,0,0,0,FMN GV 03 Hove
46,Statielei 16,2022-01-04,04:00:00,6,2,4,FMN GV 03 Hove
46,Statielei 16,2022-01-04,05:00:00,12,7,5,FMN GV 03 Hove
46,Statielei 16,2022-01-04,06:00:00,39,31,8,FMN GV 03 Hove
46,Statielei 16,2022-01-04,07:00:00,94,73,21,FMN GV 03 Hove
46,Statielei 16,2022-01-04,08:00:00,92,60,32,FMN GV 03 Hove
46,Statielei 16,2022-01-04,09:00:00,51,32,19,FMN GV 03 Hove
46,Statielei 16,2022-01-04,10:00:00,71,41,30,FMN GV 03 Hove
46,Statielei 16,2022-01-04,11:00:00,48,25,23,FMN GV 03 Hove
46,Statielei 16,2022-01-04,12:00:00,76,39,37,FMN GV 03 Hove
46,Statielei 16,2022-01-04,13:00:00,64,40,24,FMN GV 03 Hove
46,Statielei 16,2022-01-04,14:00:00,33,18,15,FMN GV 03 Hove
46,Statielei 16,2022-01-04,15:00:00,59,25,34,FMN GV 03 Hove
46,Statielei 16,2022-01-04,16:00:00,77,28,49,FMN GV 03 Hove
46,Statielei 16,2022-01-04,17:00:00,97,38,59,FMN GV 03 Hove
46,Statielei 16,2022-01-04,18:00:00,59,22,37,FMN GV 03 Hove
46,Statielei 16,2022-01-04,19:00:00,32,15,17,FMN GV 03 Hove
46,Statielei 16,2022-01-04,20:00:00,23,12,11,FMN GV 03 Hove
46,Statielei 16,2022-01-04,21:00:00,19,9,10,FMN GV 03 Hove
46,Statielei 16,2022-01-04,22:00:00,10,2,8,FMN GV 03 Hove
46,Statielei 16,2022-01-04,23:00:00,8,4,4,FMN GV 03 Hove
46,Statielei 16,2022-01-05,00:00:00,2,0,2,FMN GV 03 Hove
46,Statielei 16,2022-01-05,01:00:00,1,1,0,FMN GV 03 Hove
46,Statielei 16,2022-01-05,02:00:00,2,1,1,FMN GV 03 Hove
46,Statielei 16,2022-01-05,03:00:00,0,0,0,FMN GV 03 Hove
46,Statielei 16,2022-01-05,04:00:00,4,2,2,FMN GV 03 Hove
46,Statielei 16,2022-01-05,05:00:00,13,7,6,FMN GV 03 Hove
46,Statielei 16,2022-01-05,06:00:00,37,28,9,FMN GV 03 Hove
46,Statielei 16,2022-01-05,07:00:00,83,61,22,FMN GV 03 Hove
46,Statielei 16,2022-01-05,08:00:00,95,68,27,FMN GV 03 Hove
46,Statielei 16,2022-01-05,09:00:00,76,53,23,FMN GV 03 Hove
46,Statielei 16,2022-01-05,10:00:00,72,32,40,FMN GV 03 Hove
46,Statielei 16,2022-01-05,11:00:00,51,38,13,FMN GV 03 Hove
46,Statielei 16,2022-01-05,12:00:00,66,30,36,FMN GV 03 Hove
46,Statielei 16,2022-01-05,13:00:00,83,52,31,FMN GV 03 Hove
46,Statielei 16,2022-01-05,14:00:00,84,50,34,FMN GV 03 Hove
46,Statielei 16,2022-01-05,15:00:00,87,36,51,FMN GV 03 Hove
46,Statielei 16,2022-01-05,16:00:00,101,30,71,FMN GV 03 Hove
46,Statielei 16,2022-01-05,17:00:00,110,55,55,FMN GV 03 Hove
46,Statielei 16,2022-01-05,18:00:00,64,25,39,FMN GV 03 Hove
46,Statielei 16,2022-01-05,19:00:00,29,9,20,FMN GV 03 Hove
46,Statielei 16,2022-01-05,20:00:00,35,25,10,FMN GV 03 Hove
46,Statielei 16,2022-01-05,21:00:00,18,9,9,FMN GV 03 Hove
46,Statielei 16,2022-01-05,22:00:00,11,6,5,FMN GV 03 Hove
46,Statielei 16,2022-01-05,23:00:00,9,3,6,FMN GV 03 Hove
46,Statielei 16,2022-01-06,00:00:00,11,3,8,FMN GV 03 Hove
46,Statielei 16,2022-01-06,01:00:00,3,1,2,FMN GV 03 Hove
46,Statielei 16,2022-01-06,02:00:00,2,2,0,FMN GV 03 Hove
46,Statielei 16,2022-01-06,03:00:00,0,0,0,FMN GV 03 Hove
46,Statielei 16,2022-01-06,04:00:00,7,3,4,FMN GV 03 Hove
46,Statielei 16,2022-01-06,05:00:00,14,6,8,FMN GV 03 Hove
46,Statielei 16,2022-01-06,06:00:00,47,38,9,FMN GV 03 Hove
46,Statielei 16,2022-01-06,07:00:00,96,74,22,FMN GV 03 Hove
46,Statielei 16,2022-01-06,08:00:00,105,65,40,FMN GV 03 Hove
46,Statielei 16,2022-01-06,09:00:00,61,33,28,FMN GV 03 Hove
46,Statielei 16,2022-01-06,10:00:00,70,39,31,FMN GV 03 Hove
46,Statielei 16,2022-01-06,11:00:00,83,41,42,FMN GV 03 Hove
46,Statielei 16,2022-01-06,12:00:00,95,44,51,FMN GV 03 Hove
46,Statielei 16,2022-01-06,13:00:00,123,70,53,FMN GV 03 Hove
46,Statielei 16,2022-01-06,14:00:00,134,67,67,FMN GV 03 Hove
46,Statielei 16,2022-01-06,15:00:00,128,68,60,FMN GV 03 Hove
46,Statielei 16,2022-01-06,16:00:00,148,73,75,FMN GV 03 Hove
46,Statielei 16,2022-01-06,17:00:00,137,61,76,FMN GV 03 Hove
46,Statielei 16,2022-01-06,18:00:00,99,35,64,FMN GV 03 Hove
46,Statielei 16,2022-01-06,19:00:00,49,21,28,FMN GV 03 Hove
46,Statielei 16,2022-01-06,20:00:00,29,19,10,FMN GV 03 Hove
46,Statielei 16,2022-01-06,21:00:00,28,16,12,FMN GV 03 Hove
46,Statielei 16,2022-01-06,22:00:00,11,5,6,FMN GV 03 Hove
46,Statielei 16,2022-01-06,23:00:00,14,8,6,FMN GV 03 Hove
46,Statielei 16,2022-01-07,00:00:00,7,3,4,FMN GV 03 Hove
46,Statielei 16,2022-01-07,01:00:00,4,1,3,FMN GV 03 Hove
46,Statielei 16,2022-01-07,02:00:00,2,1,1,FMN GV 03 Hove
46,Statielei 16,2022-01-07,03:00:00,1,1,0,FMN GV 03 Hove
46,Statielei 16,2022-01-07,04:00:00,5,2,3,FMN GV 03 Hove
46,Statielei 16,2022-01-07,05:00:00,9,7,2,FMN GV 03 Hove
46,Statielei 16,2022-01-07,06:00:00,41,30,11,FMN GV 03 Hove
46,Statielei 16,2022-01-07,07:00:00,91,68,23,FMN GV 03 Hove
46,Statielei 16,2022-01-07,08:00:00,93,61,32,FMN GV 03 Hove
46,Statielei 16,2022-01-07,09:00:00,60,33,27,FMN GV 03 Hove
46,Statielei 16,2022-01-07,10:00:00,73,39,34,FMN GV 03 Hove
46,Statielei 16,2022-01-07,11:00:00,52,30,22,FMN GV 03 Hove
46,Statielei 16,2022-01-07,12:00:00,49,24,25,FMN GV 03 Hove
46,Statielei 16,2022-01-07,13:00:00,70,41,29,FMN GV 03 Hove
46,Statielei 16,2022-01-07,14:00:00,89,52,37,FMN GV 03 Hove
46,Statielei 16,2022-01-07,15:00:00,98,47,51,FMN GV 03 Hove
46,Statielei 16,2022-01-07,16:00:00,97,41,56,FMN GV 03 Hove
46,Statielei 16,2022-01-07,17:00:00,87,38,49,FMN GV 03 Hove
46,Statielei 16,2022-01-07,18:00:00,66,27,39,FMN GV 03 Hove
46,Statielei 16,2022-01-07,19:00:00,28,13,15,FMN GV 03 Hove
46,Statielei 16,2022-01-07,20:00:00,27,13,14,FMN GV 03 Hove
46,Statielei 16,2022-01-07,21:00:00,17,5,12,FMN GV 03 Hove
46,Statielei 16,2022-01-07,22:00:00,9,2,7,FMN GV 03 Hove
46,Statielei 16,2022-01-07,23:00:00,24,12,12,FMN GV 03 Hove
46,Statielei 16,2022-01-08,00:00:00,9,3,6,FMN GV 03 Hove
46,Statielei 16,2022-01-08,01:00:00,13,7,6,FMN GV 03 Hove
46,Statielei 16,2022-01-08,02:00:00,2,2,0,FMN GV 03 Hove
46,Statielei 16,2022-01-08,03:00:00,1,1,0,FMN GV 03 Hove
46,Statielei 16,2022-01-08,04:00:00,3,3,0,FMN GV 03 Hove
46,Statielei 16,2022-01-08,05:00:00,4,4,0,FMN GV 03 Hove
46,Statielei 16,2022-01-08,06:00:00,6,3,3,FMN GV 03 Hove
46,Statielei 16,2022-01-08,07:00:00,6,3,3,FMN GV 03 Hove
46,Statielei 16,2022-01-08,08:00:00,13,6,7,FMN GV 03 Hove
46,Statielei 16,2022-01-08,09:00:00,37,19,18,FMN GV 03 Hove
46,Statielei 16,2022-01-08,10:00:00,52,30,22,FMN GV 03 Hove
46,Statielei 16,2022-01-08,11:00:00,59,33,26,FMN GV 03 Hove
46,Statielei 16,2022-01-08,12:00:00,33,18,15,FMN GV 03 Hove
46,Statielei 16,2022-01-08,13:00:00,28,16,12,FMN GV 03 Hove
46,Statielei 16,2022-01-08,14:00:00,25,15,10,FMN GV 03 Hove
46,Statielei 16,2022-01-08,15:00:00,26,8,18,FMN GV 03 Hove
46,Statielei 16,2022-01-08,16:00:00,21,8,13,FMN GV 03 Hove
46,Statielei 16,2022-01-08,17:00:00,21,10,11,FMN GV 03 Hove
46,Statielei 16,2022-01-08,18:00:00,17,10,7,FMN GV 03 Hove
46,Statielei 16,2022-01-08,19:00:00,7,4,3,FMN GV 03 Hove
46,Statielei 16,2022-01-08,20:00:00,17,10,7,FMN GV 03 Hove
46,Statielei 16,2022-01-08,21:00:00,9,0,9,FMN GV 03 Hove
46,Statielei 16,2022-01-08,22:00:00,6,2,4,FMN GV 03 Hove
46,Statielei 16,2022-01-08,23:00:00,9,2,7,FMN GV 03 Hove
46,Statielei 16,2022-01-09,00:00:00,5,2,3,FMN GV 03 Hove
46,Statielei 16,2022-01-09,01:00:00,2,1,1,FMN GV 03 Hove
46,Statielei 16,2022-01-09,02:00:00,2,2,0,FMN GV 03 Hove
46,Statielei 16,2022-01-09,03:00:00,0,0,0,FMN GV 03 Hove
46,Statielei 16,2022-01-09,04:00:00,3,2,1,FMN GV 03 Hove
46,Statielei 16,2022-01-09,05:00:00,3,3,0,FMN GV 03 Hove
46,Statielei 16,2022-01-09,06:00:00,9,5,4,FMN GV 03 Hove
46,Statielei 16,2022-01-09,07:00:00,6,5,1,FMN GV 03 Hove
46,Statielei 16,2022-01-09,08:00:00,14,8,6,FMN GV 03 Hove
46,Statielei 16,2022-01-09,09:00:00,67,28,39,FMN GV 03 Hove
46,Statielei 16,2022-01-09,10:00:00,84,46,38,FMN GV 03 Hove
46,Statielei 16,2022-01-09,11:00:00,67,41,26,FMN GV 03 Hove
46,Statielei 16,2022-01-09,12:00:00,77,47,30,FMN GV 03 Hove
46,Statielei 16,2022-01-09,13:00:00,104,64,40,FMN GV 03 Hove
46,Statielei 16,2022-01-09,14:00:00,91,51,40,FMN GV 03 Hove
46,Statielei 16,2022-01-09,15:00:00,81,42,39,FMN GV 03 Hove
46,Statielei 16,2022-01-09,16:00:00,87,56,31,FMN GV 03 Hove
46,Statielei 16,2022-01-09,17:00:00,53,30,23,FMN GV 03 Hove
46,Statielei 16,2022-01-09,18:00:00,32,21,11,FMN GV 03 Hove
46,Statielei 16,2022-01-09,19:00:00,18,12,6,FMN GV 03 Hove
46,Statielei 16,2022-01-09,20:00:00,20,12,8,FMN GV 03 Hove
46,Statielei 16,2022-01-09,21:00:00,9,5,4,FMN GV 03 Hove
46,Statielei 16,2022-01-09,22:00:00,13,11,2,FMN GV 03 Hove
46,Statielei 16,2022-01-09,23:00:00,2,1,1,FMN GV 03 Hove
46,Statielei 16,2022-01-10,00:00:00,1,0,1,FMN GV 03 Hove
46,Statielei 16,2022-01-10,01:00:00,1,1,0,FMN GV 03 Hove
46,Statielei 16,2022-01-10,02:00:00,0,0,0,FMN GV 03 Hove
46,Statielei 16,2022-01-10,03:00:00,0,0,0,FMN GV 03 Hove
46,Statielei 16,2022-01-10,04:00:00,3,3,0,FMN GV 03 Hove
46,Statielei 16,2022-01-10,05:00:00,11,7,4,FMN GV 03 Hove
46,Statielei 16,2022-01-10,06:00:00,62,45,17,FMN GV 03 Hove
46,Statielei 16,2022-01-10,07:00:00,209,168,41,FMN GV 03 Hove
46,Statielei 16,2022-01-10,08:00:00,200,156,44,FMN GV 03 Hove
46,Statielei 16,2022-01-10,09:00:00,73,45,28,FMN GV 03 Hove
46,Statielei 16,2022-01-10,10:00:00,55,33,22,FMN GV 03 Hove
46,Statielei 16,2022-01-10,11:00:00,75,43,32,FMN GV 03 Hove
46,Statielei 16,2022-01-10,12:00:00,91,49,42,FMN GV 03 Hove
46,Statielei 16,2022-01-10,13:00:00,101,51,50,FMN GV 03 Hove
46,Statielei 16,2022-01-10,14:00:00,81,44,37,FMN GV 03 Hove
46,Statielei 16,2022-01-10,15:00:00,113,55,58,FMN GV 03 Hove
46,Statielei 16,2022-01-10,16:00:00,182,53,129,FMN GV 03 Hove
46,Statielei 16,2022-01-10,17:00:00,162,52,110,FMN GV 03 Hove
46,Statielei 16,2022-01-10,18:00:00,108,35,73,FMN GV 03 Hove
46,Statielei 16,2022-01-10,19:00:00,32,15,17,FMN GV 03 Hove
46,Statielei 16,2022-01-10,20:00:00,29,11,18,FMN GV 03 Hove
46,Statielei 16,2022-01-10,21:00:00,11,6,5,FMN GV 03 Hove
46,Statielei 16,2022-01-10,22:00:00,25,13,12,FMN GV 03 Hove
46,Statielei 16,2022-01-10,23:00:00,5,2,3,FMN GV 03 Hove
46,Statielei 16,2022-01-11,00:00:00,2,1,1,FMN GV 03 Hove
46,Statielei 16,2022-01-11,01:00:00,2,1,1,FMN GV 03 Hove
46,Statielei 16,2022-01-11,02:00:00,1,1,0,FMN GV 03 Hove
46,Statielei 16,2022-01-11,03:00:00,1,1,0,FMN GV 03 Hove
46,Statielei 16,2022-01-11,04:00:00,6,4,2,FMN GV 03 Hove
46,Statielei 16,2022-01-11,05:00:00,20,12,8,FMN GV 03 Hove
46,Statielei 16,2022-01-11,06:00:00,61,46,15,FMN GV 03 Hove
46,Statielei 16,2022-01-11,07:00:00,196,169,27,FMN GV 03 Hove
46,Statielei 16,2022-01-11,08:00:00,233,169,64,FMN GV 03 Hove
46,Statielei 16,2022-01-11,09:00:00,81,53,28,FMN GV 03 Hove
46,Statielei 16,2022-01-11,10:00:00,59,39,20,FMN GV 03 Hove
46,Statielei 16,2022-01-11,11:00:00,62,38,24,FMN GV 03 Hove
46,Statielei 16,2022-01-11,12:00:00,85,43,42,FMN GV 03 Hove
46,Statielei 16,2022-01-11,13:00:00,107,59,48,FMN GV 03 Hove
46,Statielei 16,2022-01-11,14:00:00,125,54,71,FMN GV 03 Hove
46,Statielei 16,2022-01-11,15:00:00,129,67,62,FMN GV 03 Hove
46,Statielei 16,2022-01-11,16:00:00,213,64,149,FMN GV 03 Hove
46,Statielei 16,2022-01-11,17:00:00,202,73,129,FMN GV 03 Hove
46,Statielei 16,2022-01-11,18:00:00,106,41,65,FMN GV 03 Hove
46,Statielei 16,2022-01-11,19:00:00,52,21,31,FMN GV 03 Hove
46,Statielei 16,2022-01-11,20:00:00,40,18,22,FMN GV 03 Hove
46,Statielei 16,2022-01-11,21:00:00,20,13,7,FMN GV 03 Hove
46,Statielei 16,2022-01-11,22:00:00,31,15,16,FMN GV 03 Hove
46,Statielei 16,2022-01-11,23:00:00,10,5,5,FMN GV 03 Hove
46,Statielei 16,2022-01-12,00:00:00,2,1,1,FMN GV 03 Hove
46,Statielei 16,2022-01-12,01:00:00,3,3,0,FMN GV 03 Hove
46,Statielei 16,2022-01-12,02:00:00,2,1,1,FMN GV 03 Hove
46,Statielei 16,2022-01-12,03:00:00,1,1,0,FMN GV 03 Hove
46,Statielei 16,2022-01-12,04:00:00,5,3,2,FMN GV 03 Hove
46,Statielei 16,2022-01-12,05:00:00,19,12,7,FMN GV 03 Hove
46,Statielei 16,2022-01-12,06:00:00,53,38,15,FMN GV 03 Hove
46,Statielei 16,2022-01-12,07:00:00,179,137,42,FMN GV 03 Hove
46,Statielei 16,2022-01-12,08:00:00,209,157,52,FMN GV 03 Hove
46,Statielei 16,2022-01-12,09:00:00,82,58,24,FMN GV 03 Hove
46,Statielei 16,2022-01-12,10:00:00,73,40,33,FMN GV 03 Hove
46,Statielei 16,2022-01-12,11:00:00,74,34,40,FMN GV 03 Hove
46,Statielei 16,2022-01-12,12:00:00,152,58,94,FMN GV 03 Hove
46,Statielei 16,2022-01-12,13:00:00,124,58,66,FMN GV 03 Hove
46,Statielei 16,2022-01-12,14:00:00,79,39,40,FMN GV 03 Hove
46,Statielei 16,2022-01-12,15:00:00,81,37,44,FMN GV 03 Hove
46,Statielei 16,2022-01-12,16:00:00,121,50,71,FMN GV 03 Hove
46,Statielei 16,2022-01-12,17:00:00,140,54,86,FMN GV 03 Hove
46,Statielei 16,2022-01-12,18:00:00,80,28,52,FMN GV 03 Hove
46,Statielei 16,2022-01-12,19:00:00,45,25,20,FMN GV 03 Hove
46,Statielei 16,2022-01-12,20:00:00,31,18,13,FMN GV 03 Hove
46,Statielei 16,2022-01-12,21:00:00,22,11,11,FMN GV 03 Hove
46,Statielei 16,2022-01-12,22:00:00,20,9,11,FMN GV 03 Hove
46,Statielei 16,2022-01-12,23:00:00,17,7,10,FMN GV 03 Hove
46,Statielei 16,2022-01-13,00:00:00,4,2,2,FMN GV 03 Hove
46,Statielei 16,2022-01-13,01:00:00,0,0,0,FMN GV 03 Hove
46,Statielei 16,2022-01-13,02:00:00,2,2,0,FMN GV 03 Hove
46,Statielei 16,2022-01-13,03:00:00,2,1,1,FMN GV 03 Hove
46,Statielei 16,2022-01-13,04:00:00,8,3,5,FMN GV 03 Hove
46,Statielei 16,2022-01-13,05:00:00,17,13,4,FMN GV 03 Hove
46,Statielei 16,2022-01-13,06:00:00,70,51,19,FMN GV 03 Hove
46,Statielei 16,2022-01-13,07:00:00,201,165,36,FMN GV 03 Hove
46,Statielei 16,2022-01-13,08:00:00,230,171,59,FMN GV 03 Hove
46,Statielei 16,2022-01-13,09:00:00,79,57,22,FMN GV 03 Hove
46,Statielei 16,2022-01-13,10:00:00,55,29,26,FMN GV 03 Hove
46,Statielei 16,2022-01-13,11:00:00,49,25,24,FMN GV 03 Hove
46,Statielei 16,2022-01-13,12:00:00,78,41,37,FMN GV 03 Hove
46,Statielei 16,2022-01-13,13:00:00,72,44,28,FMN GV 03 Hove
46,Statielei 16,2022-01-13,14:00:00,71,30,41,FMN GV 03 Hove
46,Statielei 16,2022-01-13,15:00:00,118,42,76,FMN GV 03 Hove
46,Statielei 16,2022-01-13,16:00:00,197,67,130,FMN GV 03 Hove
46,Statielei 16,2022-01-13,17:00:00,199,68,131,FMN GV 03 Hove
46,Statielei 16,2022-01-13,18:00:00,112,34,78,FMN GV 03 Hove
46,Statielei 16,2022-01-13,19:00:00,45,19,26,FMN GV 03 Hove
46,Statielei 16,2022-01-13,20:00:00,35,18,17,FMN GV 03 Hove
46,Statielei 16,2022-01-13,21:00:00,17,10,7,FMN GV 03 Hove
46,Statielei 16,2022-01-13,22:00:00,22,10,12,FMN GV 03 Hove
46,Statielei 16,2022-01-13,23:00:00,12,6,6,FMN GV 03 Hove
46,Statielei 16,2022-01-14,00:00:00,4,1,3,FMN GV 03 Hove
46,Statielei 16,2022-01-14,01:00:00,1,0,1,FMN GV 03 Hove
46,Statielei 16,2022-01-14,02:00:00,1,1,0,FMN GV 03 Hove
46,Statielei 16,2022-01-14,03:00:00,2,1,1,FMN GV 03 Hove
46,Statielei 16,2022-01-14,04:00:00,6,3,3,FMN GV 03 Hove
46,Statielei 16,2022-01-14,05:00:00,13,9,4,FMN GV 03 Hove
46,Statielei 16,2022-01-14,06:00:00,53,35,18,FMN GV 03 Hove
46,Statielei 16,2022-01-14,07:00:00,171,133,38,FMN GV 03 Hove
46,Statielei 16,2022-01-14,08:00:00,195,149,46,FMN GV 03 Hove
46,Statielei 16,2022-01-14,09:00:00,59,47,12,FMN GV 03 Hove
46,Statielei 16,2022-01-14,10:00:00,49,35,14,FMN GV 03 Hove
46,Statielei 16,2022-01-14,11:00:00,74,46,28,FMN GV 03 Hove
46,Statielei 16,2022-01-14,12:00:00,117,66,51,FMN GV 03 Hove
46,Statielei 16,2022-01-14,13:00:00,106,64,42,FMN GV 03 Hove
46,Statielei 16,2022-01-14,14:00:00,102,48,54,FMN GV 03 Hove
46,Statielei 16,2022-01-14,15:00:00,133,58,75,FMN GV 03 Hove
46,Statielei 16,2022-01-14,16:00:00,196,58,138,FMN GV 03 Hove
46,Statielei 16,2022-01-14,17:00:00,132,48,84,FMN GV 03 Hove
46,Statielei 16,2022-01-14,18:00:00,83,44,39,FMN GV 03 Hove
46,Statielei 16,2022-01-14,19:00:00,47,25,22,FMN GV 03 Hove
46,Statielei 16,2022-01-14,20:00:00,40,22,18,FMN GV 03 Hove
46,Statielei 16,2022-01-14,21:00:00,18,10,8,FMN GV 03 Hove
46,Statielei 16,2022-01-14,22:00:00,22,5,17,FMN GV 03 Hove
46,Statielei 16,2022-01-14,23:00:00,27,9,18,FMN GV 03 Hove
46,Statielei 16,2022-01-15,00:00:00,19,6,13,FMN GV 03 Hove
46,Statielei 16,2022-01-15,01:00:00,10,5,5,FMN GV 03 Hove
46,Statielei 16,2022-01-15,02:00:00,10,4,6,FMN GV 03 Hove
46,Statielei 16,2022-01-15,03:00:00,3,1,2,FMN GV 03 Hove
46,Statielei 16,2022-01-15,04:00:00,5,1,4,FMN GV 03 Hove
46,Statielei 16,2022-01-15,05:00:00,3,2,1,FMN GV 03 Hove
46,Statielei 16,2022-01-15,06:00:00,9,5,4,FMN GV 03 Hove
46,Statielei 16,2022-01-15,07:00:00,12,4,8,FMN GV 03 Hove
46,Statielei 16,2022-01-15,08:00:00,18,7,11,FMN GV 03 Hove
46,Statielei 16,2022-01-15,09:00:00,60,27,33,FMN GV 03 Hove
46,Statielei 16,2022-01-15,10:00:00,76,44,32,FMN GV 03 Hove
46,Statielei 16,2022-01-15,11:00:00,85,47,38,FMN GV 03 Hove
46,Statielei 16,2022-01-15,12:00:00,97,55,42,FMN GV 03 Hove
46,Statielei 16,2022-01-15,13:00:00,126,50,76,FMN GV 03 Hove
46,Statielei 16,2022-01-15,14:00:00,153,80,73,FMN GV 03 Hove
46,Statielei 16,2022-01-15,15:00:00,122,82,40,FMN GV 03 Hove
46,Statielei 16,2022-01-15,16:00:00,113,77,36,FMN GV 03 Hove
46,Statielei 16,2022-01-15,17:00:00,82,48,34,FMN GV 03 Hove
46,Statielei 16,2022-01-15,18:00:00,55,28,27,FMN GV 03 Hove
46,Statielei 16,2022-01-15,19:00:00,32,16,16,FMN GV 03 Hove
46,Statielei 16,2022-01-15,20:00:00,29,17,12,FMN GV 03 Hove
46,Statielei 16,2022-01-15,21:00:00,10,8,2,FMN GV 03 Hove
46,Statielei 16,2022-01-15,22:00:00,27,10,17,FMN GV 03 Hove
46,Statielei 16,2022-01-15,23:00:00,18,12,6,FMN GV 03 Hove
46,Statielei 16,2022-01-16,00:00:00,13,4,9,FMN GV 03 Hove
46,Statielei 16,2022-01-16,01:00:00,8,7,1,FMN GV 03 Hove
46,Statielei 16,2022-01-16,02:00:00,3,1,2,FMN GV 03 Hove
46,Statielei 16,2022-01-16,03:00:00,1,1,0,FMN GV 03 Hove
46,Statielei 16,2022-01-16,04:00:00,1,1,0,FMN GV 03 Hove
46,Statielei 16,2022-01-16,05:00:00,2,1,1,FMN GV 03 Hove
46,Statielei 16,2022-01-16,06:00:00,11,5,6,FMN GV 03 Hove
46,Statielei 16,2022-01-16,07:00:00,10,6,4,FMN GV 03 Hove
46,Statielei 16,2022-01-16,08:00:00,28,12,16,FMN GV 03 Hove
46,Statielei 16,2022-01-16,09:00:00,68,26,42,FMN GV 03 Hove
46,Statielei 16,2022-01-16,10:00:00,57,32,25,FMN GV 03 Hove
46,Statielei 16,2022-01-16,11:00:00,67,38,29,FMN GV 03 Hove
46,Statielei 16,2022-01-16,12:00:00,57,38,19,FMN GV 03 Hove
46,Statielei 16,2022-01-16,13:00:00,89,41,48,FMN GV 03 Hove
46,Statielei 16,2022-01-16,14:00:00,83,45,38,FMN GV 03 Hove
46,Statielei 16,2022-01-16,15:00:00,50,24,26,FMN GV 03 Hove
46,Statielei 16,2022-01-16,16:00:00,53,34,19,FMN GV 03 Hove
46,Statielei 16,2022-01-16,17:00:00,53,29,24,FMN GV 03 Hove
46,Statielei 16,2022-01-16,18:00:00,14,7,7,FMN GV 03 Hove
46,Statielei 16,2022-01-16,19:00:00,19,12,7,FMN GV 03 Hove
46,Statielei 16,2022-01-16,20:00:00,14,9,5,FMN GV 03 Hove
46,Statielei 16,2022-01-16,21:00:00,11,8,3,FMN GV 03 Hove
46,Statielei 16,2022-01-16,22:00:00,12,5,7,FMN GV 03 Hove
46,Statielei 16,2022-01-16,23:00:00,12,6,6,FMN GV 03 Hove
46,Statielei 16,2022-01-17,00:00:00,2,0,2,FMN GV 03 Hove
46,Statielei 16,2022-01-17,01:00:00,0,0,0,FMN GV 03 Hove
46,Statielei 16,2022-01-17,02:00:00,0,0,0,FMN GV 03 Hove
46,Statielei 16,2022-01-17,03:00:00,2,2,0,FMN GV 03 Hove
46,Statielei 16,2022-01-17,04:00:00,5,4,1,FMN GV 03 Hove
46,Statielei 16,2022-01-17,05:00:00,16,13,3,FMN GV 03 Hove
46,Statielei 16,2022-01-17,06:00:00,70,51,19,FMN GV 03 Hove
46,Statielei 16,2022-01-17,07:00:00,216,183,33,FMN GV 03 Hove
46,Statielei 16,2022-01-17,08:00:00,213,170,43,FMN GV 03 Hove
46,Statielei 16,2022-01-17,09:00:00,75,54,21,FMN GV 03 Hove
46,Statielei 16,2022-01-17,10:00:00,61,35,26,FMN GV 03 Hove
46,Statielei 16,2022-01-17,11:00:00,72,47,25,FMN GV 03 Hove
46,Statielei 16,2022-01-17,12:00:00,68,33,35,FMN GV 03 Hove
46,Statielei 16,2022-01-17,13:00:00,80,40,40,FMN GV 03 Hove
46,Statielei 16,2022-01-17,14:00:00,88,47,41,FMN GV 03 Hove
46,Statielei 16,2022-01-17,15:00:00,135,58,77,FMN GV 03 Hove
46,Statielei 16,2022-01-17,16:00:00,231,66,165,FMN GV 03 Hove
46,Statielei 16,2022-01-17,17:00:00,178,57,121,FMN GV 03 Hove
46,Statielei 16,2022-01-17,18:00:00,118,57,61,FMN GV 03 Hove
46,Statielei 16,2022-01-17,19:00:00,41,15,26,FMN GV 03 Hove
46,Statielei 16,2022-01-17,20:00:00,25,13,12,FMN GV 03 Hove
46,Statielei 16,2022-01-17,21:00:00,18,7,11,FMN GV 03 Hove
46,Statielei 16,2022-01-17,22:00:00,21,5,16,FMN GV 03 Hove
46,Statielei 16,2022-01-17,23:00:00,4,0,4,FMN GV 03 Hove
46,Statielei 16,2022-01-18,00:00:00,1,0,1,FMN GV 03 Hove
46,Statielei 16,2022-01-18,01:00:00,1,1,0,FMN GV 03 Hove
46,Statielei 16,2022-01-18,02:00:00,2,2,0,FMN GV 03 Hove
46,Statielei 16,2022-01-18,03:00:00,1,1,0,FMN GV 03 Hove
46,Statielei 16,2022-01-18,04:00:00,12,6,6,FMN GV 03 Hove
46,Statielei 16,2022-01-18,05:00:00,15,11,4,FMN GV 03 Hove
46,Statielei 16,2022-01-18,06:00:00,76,58,18,FMN GV 03 Hove
46,Statielei 16,2022-01-18,07:00:00,218,179,39,FMN GV 03 Hove
46,Statielei 16,2022-01-18,08:00:00,241,170,71,FMN GV 03 Hove
46,Statielei 16,2022-01-18,09:00:00,77,56,21,FMN GV 03 Hove
46,Statielei 16,2022-01-18,10:00:00,68,33,35,FMN GV 03 Hove
46,Statielei 16,2022-01-18,11:00:00,61,43,18,FMN GV 03 Hove
46,Statielei 16,2022-01-18,12:00:00,95,43,52,FMN GV 03 Hove
46,Statielei 16,2022-01-18,13:00:00,99,51,48,FMN GV 03 Hove
46,Statielei 16,2022-01-18,14:00:00,113,64,49,FMN GV 03 Hove
46,Statielei 16,2022-01-18,15:00:00,154,61,93,FMN GV 03 Hove
46,Statielei 16,2022-01-18,16:00:00,224,77,147,FMN GV 03 Hove
46,Statielei 16,2022-01-18,17:00:00,196,63,133,FMN GV 03 Hove
46,Statielei 16,2022-01-18,18:00:00,115,41,74,FMN GV 03 Hove
46,Statielei 16,2022-01-18,19:00:00,49,20,29,FMN GV 03 Hove
46,Statielei 16,2022-01-18,20:00:00,36,17,19,FMN GV 03 Hove
46,Statielei 16,2022-01-18,21:00:00,33,16,17,FMN GV 03 Hove
46,Statielei 16,2022-01-18,22:00:00,28,10,18,FMN GV 03 Hove
46,Statielei 16,2022-01-18,23:00:00,11,5,6,FMN GV 03 Hove
46,Statielei 16,2022-01-19,00:00:00,2,0,2,FMN GV 03 Hove
46,Statielei 16,2022-01-19,01:00:00,1,1,0,FMN GV 03 Hove
46,Statielei 16,2022-01-19,02:00:00,1,1,0,FMN GV 03 Hove
46,Statielei 16,2022-01-19,03:00:00,1,1,0,FMN GV 03 Hove
46,Statielei 16,2022-01-19,04:00:00,5,3,2,FMN GV 03 Hove
46,Statielei 16,2022-01-19,05:00:00,16,8,8,FMN GV 03 Hove
46,Statielei 16,2022-01-19,06:00:00,63,51,12,FMN GV 03 Hove
46,Statielei 16,2022-01-19,07:00:00,193,156,37,FMN GV 03 Hove
46,Statielei 16,2022-01-19,08:00:00,177,136,41,FMN GV 03 Hove
46,Statielei 16,2022-01-19,09:00:00,78,53,25,FMN GV 03 Hove
46,Statielei 16,2022-01-19,10:00:00,74,40,34,FMN GV 03 Hove
46,Statielei 16,2022-01-19,11:00:00,73,34,39,FMN GV 03 Hove
46,Statielei 16,2022-01-19,12:00:00,118,44,74,FMN GV 03 Hove
46,Statielei 16,2022-01-19,13:00:00,104,29,75,FMN GV 03 Hove
46,Statielei 16,2022-01-19,14:00:00,83,51,32,FMN GV 03 Hove
46,Statielei 16,2022-01-19,15:00:00,66,27,39,FMN GV 03 Hove
46,Statielei 16,2022-01-19,16:00:00,104,35,69,FMN GV 03 Hove
46,Statielei 16,2022-01-19,17:00:00,123,47,76,FMN GV 03 Hove
46,Statielei 16,2022-01-19,18:00:00,76,28,48,FMN GV 03 Hove
46,Statielei 16,2022-01-19,19:00:00,38,16,22,FMN GV 03 Hove
46,Statielei 16,2022-01-19,20:00:00,24,9,15,FMN GV 03 Hove
46,Statielei 16,2022-01-19,21:00:00,15,10,5,FMN GV 03 Hove
46,Statielei 16,2022-01-19,22:00:00,16,6,10,FMN GV 03 Hove
46,Statielei 16,2022-01-19,23:00:00,13,7,6,FMN GV 03 Hove
46,Statielei 16,2022-01-20,00:00:00,6,2,4,FMN GV 03 Hove
46,Statielei 16,2022-01-20,01:00:00,2,0,2,FMN GV 03 Hove
46,Statielei 16,2022-01-20,02:00:00,1,1,0,FMN GV 03 Hove
46,Statielei 16,2022-01-20,03:00:00,2,1,1,FMN GV 03 Hove
46,Statielei 16,2022-01-20,04:00:00,6,4,2,FMN GV 03 Hove
46,Statielei 16,2022-01-20,05:00:00,15,8,7,FMN GV 03 Hove
46,Statielei 16,2022-01-20,06:00:00,57,41,16,FMN GV 03 Hove
46,Statielei 16,2022-01-20,07:00:00,164,130,34,FMN GV 03 Hove
46,Statielei 16,2022-01-20,08:00:00,190,152,38,FMN GV 03 Hove
46,Statielei 16,2022-01-20,09:00:00,55,37,18,FMN GV 03 Hove
46,Statielei 16,2022-01-20,10:00:00,60,39,21,FMN GV 03 Hove
46,Statielei 16,2022-01-20,11:00:00,42,24,18,FMN GV 03 Hove
46,Statielei 16,2022-01-20,12:00:00,58,36,22,FMN GV 03 Hove
46,Statielei 16,2022-01-20,13:00:00,54,26,28,FMN GV 03 Hove
46,Statielei 16,2022-01-20,14:00:00,84,39,45,FMN GV 03 Hove
46,Statielei 16,2022-01-20,15:00:00,87,40,47,FMN GV 03 Hove
46,Statielei 16,2022-01-20,16:00:00,154,51,103,FMN GV 03 Hove
46,Statielei 16,2022-01-20,17:00:00,153,63,90,FMN GV 03 Hove
46,Statielei 16,2022-01-20,18:00:00,86,27,59,FMN GV 03 Hove
46,Statielei 16,2022-01-20,19:00:00,35,10,25,FMN GV 03 Hove
46,Statielei 16,2022-01-20,20:00:00,33,20,13,FMN GV 03 Hove
46,Statielei 16,2022-01-20,21:00:00,24,12,12,FMN GV 03 Hove
46,Statielei 16,2022-01-20,22:00:00,16,5,11,FMN GV 03 Hove
46,Statielei 16,2022-01-20,23:00:00,20,8,12,FMN GV 03 Hove
46,Statielei 16,2022-01-21,00:00:00,4,2,2,FMN GV 03 Hove
46,Statielei 16,2022-01-21,01:00:00,0,0,0,FMN GV 03 Hove
46,Statielei 16,2022-01-21,02:00:00,0,0,0,FMN GV 03 Hove
46,Statielei 16,2022-01-21,03:00:00,3,2,1,FMN GV 03 Hove
46,Statielei 16,2022-01-21,04:00:00,6,5,1,FMN GV 03 Hove
46,Statielei 16,2022-01-21,05:00:00,17,8,9,FMN GV 03 Hove
46,Statielei 16,2022-01-21,06:00:00,56,42,14,FMN GV 03 Hove
46,Statielei 16,2022-01-21,07:00:00,160,133,27,FMN GV 03 Hove
46,Statielei 16,2022-01-21,08:00:00,172,135,37,FMN GV 03 Hove
46,Statielei 16,2022-01-21,09:00:00,58,44,14,FMN GV 03 Hove
46,Statielei 16,2022-01-21,10:00:00,58,36,22,FMN GV 03 Hove
46,Statielei 16,2022-01-21,11:00:00,61,38,23,FMN GV 03 Hove
46,Statielei 16,2022-01-21,12:00:00,87,54,33,FMN GV 03 Hove
46,Statielei 16,2022-01-21,13:00:00,71,36,35,FMN GV 03 Hove
46,Statielei 16,2022-01-21,14:00:00,81,33,48,FMN GV 03 Hove
46,Statielei 16,2022-01-21,15:00:00,121,42,79,FMN GV 03 Hove
46,Statielei 16,2022-01-21,16:00:00,144,44,100,FMN GV 03 Hove
46,Statielei 16,2022-01-21,17:00:00,134,50,84,FMN GV 03 Hove
46,Statielei 16,2022-01-21,18:00:00,89,41,48,FMN GV 03 Hove
46,Statielei 16,2022-01-21,19:00:00,51,24,27,FMN GV 03 Hove
46,Statielei 16,2022-01-21,20:00:00,38,16,22,FMN GV 03 Hove
46,Statielei 16,2022-01-21,21:00:00,20,7,13,FMN GV 03 Hove
46,Statielei 16,2022-01-21,22:00:00,26,8,18,FMN GV 03 Hove
46,Statielei 16,2022-01-21,23:00:00,15,6,9,FMN GV 03 Hove
46,Statielei 16,2022-01-22,00:00:00,16,6,10,FMN GV 03 Hove
46,Statielei 16,2022-01-22,01:00:00,7,3,4,FMN GV 03 Hove
46,Statielei 16,2022-01-22,02:00:00,7,6,1,FMN GV 03 Hove
46,Statielei 16,2022-01-22,03:00:00,2,1,1,FMN GV 03 Hove
46,Statielei 16,2022-01-22,04:00:00,4,3,1,FMN GV 03 Hove
46,Statielei 16,2022-01-22,05:00:00,4,3,1,FMN GV 03 Hove
46,Statielei 16,2022-01-22,06:00:00,7,3,4,FMN GV 03 Hove
46,Statielei 16,2022-01-22,07:00:00,15,12,3,FMN GV 03 Hove
46,Statielei 16,2022-01-22,08:00:00,21,12,9,FMN GV 03 Hove
46,Statielei 16,2022-01-22,09:00:00,47,25,22,FMN GV 03 Hove
46,Statielei 16,2022-01-22,10:00:00,60,40,20,FMN GV 03 Hove
46,Statielei 16,2022-01-22,11:00:00,76,45,31,FMN GV 03 Hove
46,Statielei 16,2022-01-22,12:00:00,81,44,37,FMN GV 03 Hove
46,Statielei 16,2022-01-22,13:00:00,102,61,41,FMN GV 03 Hove
46,Statielei 16,2022-01-22,14:00:00,88,41,47,FMN GV 03 Hove
46,Statielei 16,2022-01-22,15:00:00,126,78,48,FMN GV 03 Hove
46,Statielei 16,2022-01-22,16:00:00,90,49,41,FMN GV 03 Hove
46,Statielei 16,2022-01-22,17:00:00,75,49,26,FMN GV 03 Hove
46,Statielei 16,2022-01-22,18:00:00,35,17,18,FMN GV 03 Hove
46,Statielei 16,2022-01-22,19:00:00,33,21,12,FMN GV 03 Hove
46,Statielei 16,2022-01-22,20:00:00,28,13,15,FMN GV 03 Hove
46,Statielei 16,2022-01-22,21:00:00,5,4,1,FMN GV 03 Hove
46,Statielei 16,2022-01-22,22:00:00,13,2,11,FMN GV 03 Hove
46,Statielei 16,2022-01-22,23:00:00,15,3,12,FMN GV 03 Hove
46,Statielei 16,2022-01-23,00:00:00,6,4,2,FMN GV 03 Hove
46,Statielei 16,2022-01-23,01:00:00,11,9,2,FMN GV 03 Hove
46,Statielei 16,2022-01-23,02:00:00,6,0,6,FMN GV 03 Hove
46,Statielei 16,2022-01-23,03:00:00,1,0,1,FMN GV 03 Hove
46,Statielei 16,2022-01-23,04:00:00,4,2,2,FMN GV 03 Hove
46,Statielei 16,2022-01-23,05:00:00,9,6,3,FMN GV 03 Hove
46,Statielei 16,2022-01-23,06:00:00,5,4,1,FMN GV 03 Hove
46,Statielei 16,2022-01-23,07:00:00,8,5,3,FMN GV 03 Hove
46,Statielei 16,2022-01-23,08:00:00,21,9,12,FMN GV 03 Hove
46,Statielei 16,2022-01-23,09:00:00,64,23,41,FMN GV 03 Hove
46,Statielei 16,2022-01-23,10:00:00,64,18,46,FMN GV 03 Hove
46,Statielei 16,2022-01-23,11:00:00,138,99,39,FMN GV 03 Hove
46,Statielei 16,2022-01-23,12:00:00,140,94,46,FMN GV 03 Hove
46,Statielei 16,2022-01-23,13:00:00,98,61,37,FMN GV 03 Hove
46,Statielei 16,2022-01-23,14:00:00,101,51,50,FMN GV 03 Hove
46,Statielei 16,2022-01-23,15:00:00,72,40,32,FMN GV 03 Hove
46,Statielei 16,2022-01-23,16:00:00,60,30,30,FMN GV 03 Hove
46,Statielei 16,2022-01-23,17:00:00,63,35,28,FMN GV 03 Hove
46,Statielei 16,2022-01-23,18:00:00,30,16,14,FMN GV 03 Hove
46,Statielei 16,2022-01-23,19:00:00,14,6,8,FMN GV 03 Hove
46,Statielei 16,2022-01-23,20:00:00,22,15,7,FMN GV 03 Hove
46,Statielei 16,2022-01-23,21:00:00,12,5,7,FMN GV 03 Hove
46,Statielei 16,2022-01-23,22:00:00,7,3,4,FMN GV 03 Hove
46,Statielei 16,2022-01-23,23:00:00,3,2,1,FMN GV 03 Hove
46,Statielei 16,2022-01-24,00:00:00,2,0,2,FMN GV 03 Hove
46,Statielei 16,2022-01-24,01:00:00,0,0,0,FMN GV 03 Hove
46,Statielei 16,2022-01-24,02:00:00,0,0,0,FMN GV 03 Hove
46,Statielei 16,2022-01-24,03:00:00,1,0,1,FMN GV 03 Hove
46,Statielei 16,2022-01-24,04:00:00,13,9,4,FMN GV 03 Hove
46,Statielei 16,2022-01-24,05:00:00,20,12,8,FMN GV 03 Hove
46,Statielei 16,2022-01-24,06:00:00,67,50,17,FMN GV 03 Hove
46,Statielei 16,2022-01-24,07:00:00,212,172,40,FMN GV 03 Hove
46,Statielei 16,2022-01-24,08:00:00,216,166,50,FMN GV 03 Hove
46,Statielei 16,2022-01-24,09:00:00,64,49,15,FMN GV 03 Hove
46,Statielei 16,2022-01-24,10:00:00,55,34,21,FMN GV 03 Hove
46,Statielei 16,2022-01-24,11:00:00,67,43,24,FMN GV 03 Hove
46,Statielei 16,2022-01-24,12:00:00,100,42,58,FMN GV 03 Hove
46,Statielei 16,2022-01-24,13:00:00,116,66,50,FMN GV 03 Hove
46,Statielei 16,2022-01-24,14:00:00,117,48,69,FMN GV 03 Hove
46,Statielei 16,2022-01-24,15:00:00,146,65,81,FMN GV 03 Hove
46,Statielei 16,2022-01-24,16:00:00,188,67,121,FMN GV 03 Hove
46,Statielei 16,2022-01-24,17:00:00,163,61,102,FMN GV 03 Hove
46,Statielei 16,2022-01-24,18:00:00,96,41,55,FMN GV 03 Hove
46,Statielei 16,2022-01-24,19:00:00,52,17,35,FMN GV 03 Hove
46,Statielei 16,2022-01-24,20:00:00,36,18,18,FMN GV 03 Hove
46,Statielei 16,2022-01-24,21:00:00,17,6,11,FMN GV 03 Hove
46,Statielei 16,2022-01-24,22:00:00,22,10,12,FMN GV 03 Hove
46,Statielei 16,2022-01-24,23:00:00,6,4,2,FMN GV 03 Hove
46,Statielei 16,2022-01-25,00:00:00,3,1,2,FMN GV 03 Hove
46,Statielei 16,2022-01-25,01:00:00,1,1,0,FMN GV 03 Hove
46,Statielei 16,2022-01-25,02:00:00,0,0,0,FMN GV 03 Hove
46,Statielei 16,2022-01-25,03:00:00,2,1,1,FMN GV 03 Hove
46,Statielei 16,2022-01-25,04:00:00,12,7,5,FMN GV 03 Hove
46,Statielei 16,2022-01-25,05:00:00,13,6,7,FMN GV 03 Hove
46,Statielei 16,2022-01-25,06:00:00,71,53,18,FMN GV 03 Hove
46,Statielei 16,2022-01-25,07:00:00,196,162,34,FMN GV 03 Hove
46,Statielei 16,2022-01-25,08:00:00,204,155,49,FMN GV 03 Hove
46,Statielei 16,2022-01-25,09:00:00,85,60,25,FMN GV 03 Hove
46,Statielei 16,2022-01-25,10:00:00,54,40,14,FMN GV 03 Hove
46,Statielei 16,2022-01-25,11:00:00,57,34,23,FMN GV 03 Hove
46,Statielei 16,2022-01-25,12:00:00,71,35,36,FMN GV 03 Hove
46,Statielei 16,2022-01-25,13:00:00,80,49,31,FMN GV 03 Hove
46,Statielei 16,2022-01-25,14:00:00,69,28,41,FMN GV 03 Hove
46,Statielei 16,2022-01-25,15:00:00,134,48,86,FMN GV 03 Hove
46,Statielei 16,2022-01-25,16:00:00,175,59,116,FMN GV 03 Hove
46,Statielei 16,2022-01-25,17:00:00,175,66,109,FMN GV 03 Hove
46,Statielei 16,2022-01-25,18:00:00,110,38,72,FMN GV 03 Hove
46,Statielei 16,2022-01-25,19:00:00,46,19,27,FMN GV 03 Hove
46,Statielei 16,2022-01-25,20:00:00,37,18,19,FMN GV 03 Hove
46,Statielei 16,2022-01-25,21:00:00,21,10,11,FMN GV 03 Hove
46,Statielei 16,2022-01-25,22:00:00,23,13,10,FMN GV 03 Hove
46,Statielei 16,2022-01-25,23:00:00,13,6,7,FMN GV 03 Hove
46,Statielei 16,2022-01-26,00:00:00,5,1,4,FMN GV 03 Hove
46,Statielei 16,2022-01-26,01:00:00,0,0,0,FMN GV 03 Hove
46,Statielei 16,2022-01-26,02:00:00,0,0,0,FMN GV 03 Hove
46,Statielei 16,2022-01-26,03:00:00,2,1,1,FMN GV 03 Hove
46,Statielei 16,2022-01-26,04:00:00,7,4,3,FMN GV 03 Hove
46,Statielei 16,2022-01-26,05:00:00,12,6,6,FMN GV 03 Hove
46,Statielei 16,2022-01-26,06:00:00,59,40,19,FMN GV 03 Hove
46,Statielei 16,2022-01-26,07:00:00,173,133,40,FMN GV 03 Hove
46,Statielei 16,2022-01-26,08:00:00,189,142,47,FMN GV 03 Hove
46,Statielei 16,2022-01-26,09:00:00,78,56,22,FMN GV 03 Hove
46,Statielei 16,2022-01-26,10:00:00,64,31,33,FMN GV 03 Hove
46,Statielei 16,2022-01-26,11:00:00,88,47,41,FMN GV 03 Hove
46,Statielei 16,2022-01-26,12:00:00,130,53,77,FMN GV 03 Hove
46,Statielei 16,2022-01-26,13:00:00,88,37,51,FMN GV 03 Hove
46,Statielei 16,2022-01-26,14:00:00,73,39,34,FMN GV 03 Hove
46,Statielei 16,2022-01-26,15:00:00,91,45,46,FMN GV 03 Hove
46,Statielei 16,2022-01-26,16:00:00,109,42,67,FMN GV 03 Hove
46,Statielei 16,2022-01-26,17:00:00,154,64,90,FMN GV 03 Hove
46,Statielei 16,2022-01-26,18:00:00,81,26,55,FMN GV 03 Hove
46,Statielei 16,2022-01-26,19:00:00,34,17,17,FMN GV 03 Hove
46,Statielei 16,2022-01-26,20:00:00,29,17,12,FMN GV 03 Hove
46,Statielei 16,2022-01-26,21:00:00,27,15,12,FMN GV 03 Hove
46,Statielei 16,2022-01-26,22:00:00,24,11,13,FMN GV 03 Hove
46,Statielei 16,2022-01-26,23:00:00,12,5,7,FMN GV 03 Hove
46,Statielei 16,2022-01-27,00:00:00,3,1,2,FMN GV 03 Hove
46,Statielei 16,2022-01-27,01:00:00,2,0,2,FMN GV 03 Hove
46,Statielei 16,2022-01-27,02:00:00,2,0,2,FMN GV 03 Hove
46,Statielei 16,2022-01-27,03:00:00,1,1,0,FMN GV 03 Hove
46,Statielei 16,2022-01-27,04:00:00,5,5,0,FMN GV 03 Hove
46,Statielei 16,2022-01-27,05:00:00,12,6,6,FMN GV 03 Hove
46,Statielei 16,2022-01-27,06:00:00,58,42,16,FMN GV 03 Hove
46,Statielei 16,2022-01-27,07:00:00,178,144,34,FMN GV 03 Hove
46,Statielei 16,2022-01-27,08:00:00,195,154,41,FMN GV 03 Hove
46,Statielei 16,2022-01-27,09:00:00,52,37,15,FMN GV 03 Hove
46,Statielei 16,2022-01-27,10:00:00,37,21,16,FMN GV 03 Hove
46,Statielei 16,2022-01-27,11:00:00,26,15,11,FMN GV 03 Hove
46,Statielei 16,2022-01-27,12:00:00,49,21,28,FMN GV 03 Hove
46,Statielei 16,2022-01-27,13:00:00,46,25,21,FMN GV 03 Hove
46,Statielei 16,2022-01-27,14:00:00,42,12,30,FMN GV 03 Hove
46,Statielei 16,2022-01-27,15:00:00,94,41,53,FMN GV 03 Hove
46,Statielei 16,2022-01-27,16:00:00,147,54,93,FMN GV 03 Hove
46,Statielei 16,2022-01-27,17:00:00,151,56,95,FMN GV 03 Hove
46,Statielei 16,2022-01-27,18:00:00,90,33,57,FMN GV 03 Hove
46,Statielei 16,2022-01-27,19:00:00,66,19,47,FMN GV 03 Hove
46,Statielei 16,2022-01-27,20:00:00,28,16,12,FMN GV 03 Hove
46,Statielei 16,2022-01-27,21:00:00,34,15,19,FMN GV 03 Hove
46,Statielei 16,2022-01-27,22:00:00,21,8,13,FMN GV 03 Hove
46,Statielei 16,2022-01-27,23:00:00,16,8,8,FMN GV 03 Hove
46,Statielei 16,2022-01-28,00:00:00,7,1,6,FMN GV 03 Hove
46,Statielei 16,2022-01-28,01:00:00,4,1,3,FMN GV 03 Hove
46,Statielei 16,2022-01-28,02:00:00,0,0,0,FMN GV 03 Hove
46,Statielei 16,2022-01-28,03:00:00,1,1,0,FMN GV 03 Hove
46,Statielei 16,2022-01-28,04:00:00,13,8,5,FMN GV 03 Hove
46,Statielei 16,2022-01-28,05:00:00,11,6,5,FMN GV 03 Hove
46,Statielei 16,2022-01-28,06:00:00,59,36,23,FMN GV 03 Hove
46,Statielei 16,2022-01-28,07:00:00,162,121,41,FMN GV 03 Hove
46,Statielei 16,2022-01-28,08:00:00,183,144,39,FMN GV 03 Hove
46,Statielei 16,2022-01-28,09:00:00,66,44,22,FMN GV 03 Hove
46,Statielei 16,2022-01-28,10:00:00,82,44,38,FMN GV 03 Hove
46,Statielei 16,2022-01-28,11:00:00,75,46,29,FMN GV 03 Hove
46,Statielei 16,2022-01-28,12:00:00,105,45,60,FMN GV 03 Hove
46,Statielei 16,2022-01-28,13:00:00,118,71,47,FMN GV 03 Hove
46,Statielei 16,2022-01-28,14:00:00,115,61,54,FMN GV 03 Hove
46,Statielei 16,2022-01-28,15:00:00,139,65,74,FMN GV 03 Hove
46,Statielei 16,2022-01-28,16:00:00,159,60,99,FMN GV 03 Hove
46,Statielei 16,2022-01-28,17:00:00,142,55,87,FMN GV 03 Hove
46,Statielei 16,2022-01-28,18:00:00,92,39,53,FMN GV 03 Hove
46,Statielei 16,2022-01-28,19:00:00,51,21,30,FMN GV 03 Hove
46,Statielei 16,2022-01-28,20:00:00,52,26,26,FMN GV 03 Hove
46,Statielei 16,2022-01-28,21:00:00,41,22,19,FMN GV 03 Hove
46,Statielei 16,2022-01-28,22:00:00,19,7,12,FMN GV 03 Hove
46,Statielei 16,2022-01-28,23:00:00,19,11,8,FMN GV 03 Hove
46,Statielei 16,2022-01-29,00:00:00,36,21,15,FMN GV 03 Hove
46,Statielei 16,2022-01-29,01:00:00,8,1,7,FMN GV 03 Hove
46,Statielei 16,2022-01-29,02:00:00,8,4,4,FMN GV 03 Hove
46,Statielei 16,2022-01-29,03:00:00,4,2,2,FMN GV 03 Hove
46,Statielei 16,2022-01-29,04:00:00,5,2,3,FMN GV 03 Hove
46,Statielei 16,2022-01-29,05:00:00,10,6,4,FMN GV 03 Hove
46,Statielei 16,2022-01-29,06:00:00,11,9,2,FMN GV 03 Hove
46,Statielei 16,2022-01-29,07:00:00,11,9,2,FMN GV 03 Hove
46,Statielei 16,2022-01-29,08:00:00,24,12,12,FMN GV 03 Hove
46,Statielei 16,2022-01-29,09:00:00,40,22,18,FMN GV 03 Hove
46,Statielei 16,2022-01-29,10:00:00,61,35,26,FMN GV 03 Hove
46,Statielei 16,2022-01-29,11:00:00,78,48,30,FMN GV 03 Hove
46,Statielei 16,2022-01-29,12:00:00,86,42,44,FMN GV 03 Hove
46,Statielei 16,2022-01-29,13:00:00,96,55,41,FMN GV 03 Hove
46,Statielei 16,2022-01-29,14:00:00,113,67,46,FMN GV 03 Hove
46,Statielei 16,2022-01-29,15:00:00,107,54,53,FMN GV 03 Hove
46,Statielei 16,2022-01-29,16:00:00,93,51,42,FMN GV 03 Hove
46,Statielei 16,2022-01-29,17:00:00,64,31,33,FMN GV 03 Hove
46,Statielei 16,2022-01-29,18:00:00,53,28,25,FMN GV 03 Hove
46,Statielei 16,2022-01-29,19:00:00,41,24,17,FMN GV 03 Hove
46,Statielei 16,2022-01-29,20:00:00,24,13,11,FMN GV 03 Hove
46,Statielei 16,2022-01-29,21:00:00,24,13,11,FMN GV 03 Hove
46,Statielei 16,2022-01-29,22:00:00,18,8,10,FMN GV 03 Hove
46,Statielei 16,2022-01-29,23:00:00,22,14,8,FMN GV 03 Hove
46,Statielei 16,2022-01-30,00:00:00,17,6,11,FMN GV 03 Hove
46,Statielei 16,2022-01-30,01:00:00,14,2,12,FMN GV 03 Hove
46,Statielei 16,2022-01-30,02:00:00,3,0,3,FMN GV 03 Hove
46,Statielei 16,2022-01-30,03:00:00,3,1,2,FMN GV 03 Hove
46,Statielei 16,2022-01-30,04:00:00,4,2,2,FMN GV 03 Hove
46,Statielei 16,2022-01-30,05:00:00,3,1,2,FMN GV 03 Hove
46,Statielei 16,2022-01-30,06:00:00,6,4,2,FMN GV 03 Hove
46,Statielei 16,2022-01-30,07:00:00,10,6,4,FMN GV 03 Hove
46,Statielei 16,2022-01-30,08:00:00,28,12,16,FMN GV 03 Hove
46,Statielei 16,2022-01-30,09:00:00,84,35,49,FMN GV 03 Hove
46,Statielei 16,2022-01-30,10:00:00,120,51,69,FMN GV 03 Hove
46,Statielei 16,2022-01-30,11:00:00,125,67,58,FMN GV 03 Hove
46,Statielei 16,2022-01-30,12:00:00,146,98,48,FMN GV 03 Hove
46,Statielei 16,2022-01-30,13:00:00,137,77,60,FMN GV 03 Hove
46,Statielei 16,2022-01-30,14:00:00,121,70,51,FMN GV 03 Hove
46,Statielei 16,2022-01-30,15:00:00,119,72,47,FMN GV 03 Hove
46,Statielei 16,2022-01-30,16:00:00,112,62,50,FMN GV 03 Hove
46,Statielei 16,2022-01-30,17:00:00,52,33,19,FMN GV 03 Hove
46,Statielei 16,2022-01-30,18:00:00,46,30,16,FMN GV 03 Hove
46,Statielei 16,2022-01-30,19:00:00,16,9,7,FMN GV 03 Hove
46,Statielei 16,2022-01-30,20:00:00,25,15,10,FMN GV 03 Hove
46,Statielei 16,2022-01-30,21:00:00,12,9,3,FMN GV 03 Hove
46,Statielei 16,2022-01-30,22:00:00,13,5,8,FMN GV 03 Hove
46,Statielei 16,2022-01-30,23:00:00,10,4,6,FMN GV 03 Hove
46,Statielei 16,2022-01-31,00:00:00,0,0,0,FMN GV 03 Hove
46,Statielei 16,2022-01-31,01:00:00,1,1,0,FMN GV 03 Hove
46,Statielei 16,2022-01-31,02:00:00,0,0,0,FMN GV 03 Hove
46,Statielei 16,2022-01-31,03:00:00,0,0,0,FMN GV 03 Hove
46,Statielei 16,2022-01-31,04:00:00,6,3,3,FMN GV 03 Hove
46,Statielei 16,2022-01-31,05:00:00,12,4,8,FMN GV 03 Hove
46,Statielei 16,2022-01-31,06:00:00,46,36,10,FMN GV 03 Hove
46,Statielei 16,2022-01-31,07:00:00,170,137,33,FMN GV 03 Hove
46,Statielei 16,2022-01-31,08:00:00,159,126,33,FMN GV 03 Hove
46,Statielei 16,2022-01-31,09:00:00,53,41,12,FMN GV 03 Hove
46,Statielei 16,2022-01-31,10:00:00,28,20,8,FMN GV 03 Hove
46,Statielei 16,2022-01-31,11:00:00,30,17,13,FMN GV 03 Hove
46,Statielei 16,2022-01-31,12:00:00,37,19,18,FMN GV 03 Hove
46,Statielei 16,2022-01-31,13:00:00,38,26,12,FMN GV 03 Hove
46,Statielei 16,2022-01-31,14:00:00,31,13,18,FMN GV 03 Hove
46,Statielei 16,2022-01-31,15:00:00,67,19,48,FMN GV 03 Hove
46,Statielei 16,2022-01-31,16:00:00,120,33,87,FMN GV 03 Hove
46,Statielei 16,2022-01-31,17:00:00,103,27,76,FMN GV 03 Hove
46,Statielei 16,2022-01-31,18:00:00,76,24,52,FMN GV 03 Hove
46,Statielei 16,2022-01-31,19:00:00,18,10,8,FMN GV 03 Hove
46,Statielei 16,2022-01-31,20:00:00,17,10,7,FMN GV 03 Hove
46,Statielei 16,2022-01-31,21:00:00,18,7,11,FMN GV 03 Hove
46,Statielei 16,2022-01-31,22:00:00,17,5,12,FMN GV 03 Hove
46,Statielei 16,2022-01-31,23:00:00,3,1,2,FMN GV 03 Hove
46,Statielei 16,2022-02-01,00:00:00,4,3,1,FMN GV 03 Hove
46,Statielei 16,2022-02-01,01:00:00,1,0,1,FMN GV 03 Hove
46,Statielei 16,2022-02-01,02:00:00,1,1,0,FMN GV 03 Hove
46,Statielei 16,2022-02-01,03:00:00,0,0,0,FMN GV 03 Hove
46,Statielei 16,2022-02-01,04:00:00,4,3,1,FMN GV 03 Hove
46,Statielei 16,2022-02-01,05:00:00,16,7,9,FMN GV 03 Hove
46,Statielei 16,2022-02-01,06:00:00,66,52,14,FMN GV 03 Hove
46,Statielei 16,2022-02-01,07:00:00,184,153,31,FMN GV 03 Hove
46,Statielei 16,2022-02-01,08:00:00,215,164,51,FMN GV 03 Hove
46,Statielei 16,2022-02-01,09:00:00,52,42,10,FMN GV 03 Hove
46,Statielei 16,2022-02-01,10:00:00,34,16,18,FMN GV 03 Hove
46,Statielei 16,2022-02-01,11:00:00,26,17,9,FMN GV 03 Hove
46,Statielei 16,2022-02-01,12:00:00,50,27,23,FMN GV 03 Hove
46,Statielei 16,2022-02-01,13:00:00,49,27,22,FMN GV 03 Hove
46,Statielei 16,2022-02-01,14:00:00,57,27,30,FMN GV 03 Hove
46,Statielei 16,2022-02-01,15:00:00,98,37,61,FMN GV 03 Hove
46,Statielei 16,2022-02-01,16:00:00,175,49,126,FMN GV 03 Hove
46,Statielei 16,2022-02-01,17:00:00,168,63,105,FMN GV 03 Hove
46,Statielei 16,2022-02-01,18:00:00,98,37,61,FMN GV 03 Hove
46,Statielei 16,2022-02-01,19:00:00,42,21,21,FMN GV 03 Hove
46,Statielei 16,2022-02-01,20:00:00,34,14,20,FMN GV 03 Hove
46,Statielei 16,2022-02-01,21:00:00,27,10,17,FMN GV 03 Hove
46,Statielei 16,2022-02-01,22:00:00,29,13,16,FMN GV 03 Hove
46,Statielei 16,2022-02-01,23:00:00,7,3,4,FMN GV 03 Hove
46,Statielei 16,2022-02-02,00:00:00,7,4,3,FMN GV 03 Hove
46,Statielei 16,2022-02-02,01:00:00,2,1,1,FMN GV 03 Hove
46,Statielei 16,2022-02-02,02:00:00,3,3,0,FMN GV 03 Hove
46,Statielei 16,2022-02-02,03:00:00,1,1,0,FMN GV 03 Hove
46,Statielei 16,2022-02-02,04:00:00,7,3,4,FMN GV 03 Hove
46,Statielei 16,2022-02-02,05:00:00,21,11,10,FMN GV 03 Hove
46,Statielei 16,2022-02-02,06:00:00,67,50,17,FMN GV 03 Hove
46,Statielei 16,2022-02-02,07:00:00,223,175,48,FMN GV 03 Hove
46,Statielei 16,2022-02-02,08:00:00,205,157,48,FMN GV 03 Hove
46,Statielei 16,2022-02-02,09:00:00,106,62,44,FMN GV 03 Hove
46,Statielei 16,2022-02-02,10:00:00,95,50,45,FMN GV 03 Hove
46,Statielei 16,2022-02-02,11:00:00,88,43,45,FMN GV 03 Hove
46,Statielei 16,2022-02-02,12:00:00,143,60,83,FMN GV 03 Hove
46,Statielei 16,2022-02-02,13:00:00,110,46,64,FMN GV 03 Hove
46,Statielei 16,2022-02-02,14:00:00,96,43,53,FMN GV 03 Hove
46,Statielei 16,2022-02-02,15:00:00,83,38,45,FMN GV 03 Hove
46,Statielei 16,2022-02-02,16:00:00,122,43,79,FMN GV 03 Hove
46,Statielei 16,2022-02-02,17:00:00,173,71,102,FMN GV 03 Hove
46,Statielei 16,2022-02-02,18:00:00,116,52,64,FMN GV 03 Hove
46,Statielei 16,2022-02-02,19:00:00,46,14,32,FMN GV 03 Hove
46,Statielei 16,2022-02-02,20:00:00,41,21,20,FMN GV 03 Hove
46,Statielei 16,2022-02-02,21:00:00,25,14,11,FMN GV 03 Hove
46,Statielei 16,2022-02-02,22:00:00,37,18,19,FMN GV 03 Hove
46,Statielei 16,2022-02-02,23:00:00,13,7,6,FMN GV 03 Hove
46,Statielei 16,2022-02-03,00:00:00,8,5,3,FMN GV 03 Hove
46,Statielei 16,2022-02-03,01:00:00,2,1,1,FMN GV 03 Hove
46,Statielei 16,2022-02-03,02:00:00,1,0,1,FMN GV 03 Hove
46,Statielei 16,2022-02-03,03:00:00,4,1,3,FMN GV 03 Hove
46,Statielei 16,2022-02-03,04:00:00,11,8,3,FMN GV 03 Hove
46,Statielei 16,2022-02-03,05:00:00,20,11,9,FMN GV 03 Hove
46,Statielei 16,2022-02-03,06:00:00,79,58,21,FMN GV 03 Hove
46,Statielei 16,2022-02-03,07:00:00,218,170,48,FMN GV 03 Hove
46,Statielei 16,2022-02-03,08:00:00,226,173,53,FMN GV 03 Hove
46,Statielei 16,2022-02-03,09:00:00,86,56,30,FMN GV 03 Hove
46,Statielei 16,2022-02-03,10:00:00,41,26,15,FMN GV 03 Hove
46,Statielei 16,2022-02-03,11:00:00,58,34,24,FMN GV 03 Hove
46,Statielei 16,2022-02-03,12:00:00,81,45,36,FMN GV 03 Hove
46,Statielei 16,2022-02-03,13:00:00,83,39,44,FMN GV 03 Hove
46,Statielei 16,2022-02-03,14:00:00,89,29,60,FMN GV 03 Hove
46,Statielei 16,2022-02-03,15:00:00,123,51,72,FMN GV 03 Hove
46,Statielei 16,2022-02-03,16:00:00,186,59,127,FMN GV 03 Hove
46,Statielei 16,2022-02-03,17:00:00,194,76,118,FMN GV 03 Hove
46,Statielei 16,2022-02-03,18:00:00,98,37,61,FMN GV 03 Hove
46,Statielei 16,2022-02-03,19:00:00,64,23,41,FMN GV 03 Hove
46,Statielei 16,2022-02-03,20:00:00,43,22,21,FMN GV 03 Hove
46,Statielei 16,2022-02-03,21:00:00,25,11,14,FMN GV 03 Hove
46,Statielei 16,2022-02-03,22:00:00,30,16,14,FMN GV 03 Hove
46,Statielei 16,2022-02-03,23:00:00,14,6,8,FMN GV 03 Hove
46,Statielei 16,2022-02-04,00:00:00,5,3,2,FMN GV 03 Hove
46,Statielei 16,2022-02-04,01:00:00,4,1,3,FMN GV 03 Hove
46,Statielei 16,2022-02-04,02:00:00,3,1,2,FMN GV 03 Hove
46,Statielei 16,2022-02-04,03:00:00,4,2,2,FMN GV 03 Hove
46,Statielei 16,2022-02-04,04:00:00,11,5,6,FMN GV 03 Hove
46,Statielei 16,2022-02-04,05:00:00,20,13,7,FMN GV 03 Hove
46,Statielei 16,2022-02-04,06:00:00,59,45,14,FMN GV 03 Hove
46,Statielei 16,2022-02-04,07:00:00,174,143,31,FMN GV 03 Hove
46,Statielei 16,2022-02-04,08:00:00,182,132,50,FMN GV 03 Hove
46,Statielei 16,2022-02-04,09:00:00,74,54,20,FMN GV 03 Hove
46,Statielei 16,2022-02-04,10:00:00,60,35,25,FMN GV 03 Hove
46,Statielei 16,2022-02-04,11:00:00,42,28,14,FMN GV 03 Hove
46,Statielei 16,2022-02-04,12:00:00,70,35,35,FMN GV 03 Hove
46,Statielei 16,2022-02-04,13:00:00,74,35,39,FMN GV 03 Hove
46,Statielei 16,2022-02-04,14:00:00,55,24,31,FMN GV 03 Hove
46,Statielei 16,2022-02-04,15:00:00,85,28,57,FMN GV 03 Hove
46,Statielei 16,2022-02-04,16:00:00,136,32,104,FMN GV 03 Hove
46,Statielei 16,2022-02-04,17:00:00,125,51,74,FMN GV 03 Hove
46,Statielei 16,2022-02-04,18:00:00,64,26,38,FMN GV 03 Hove
46,Statielei 16,2022-02-04,19:00:00,34,15,19,FMN GV 03 Hove
46,Statielei 16,2022-02-04,20:00:00,36,21,15,FMN GV 03 Hove
46,Statielei 16,2022-02-04,21:00:00,20,10,10,FMN GV 03 Hove
46,Statielei 16,2022-02-04,22:00:00,22,8,14,FMN GV 03 Hove
46,Statielei 16,2022-02-04,23:00:00,23,8,15,FMN GV 03 Hove
46,Statielei 16,2022-02-05,00:00:00,18,11,7,FMN GV 03 Hove
46,Statielei 16,2022-02-05,01:00:00,8,5,3,FMN GV 03 Hove
46,Statielei 16,2022-02-05,02:00:00,8,3,5,FMN GV 03 Hove
46,Statielei 16,2022-02-05,03:00:00,0,0,0,FMN GV 03 Hove
46,Statielei 16,2022-02-05,04:00:00,8,4,4,FMN GV 03 Hove
46,Statielei 16,2022-02-05,05:00:00,6,4,2,FMN GV 03 Hove
46,Statielei 16,2022-02-05,06:00:00,9,7,2,FMN GV 03 Hove
46,Statielei 16,2022-02-05,07:00:00,11,7,4,FMN GV 03 Hove
46,Statielei 16,2022-02-05,08:00:00,27,15,12,FMN GV 03 Hove
46,Statielei 16,2022-02-05,09:00:00,81,43,38,FMN GV 03 Hove
46,Statielei 16,2022-02-05,10:00:00,98,45,53,FMN GV 03 Hove
46,Statielei 16,2022-02-05,11:00:00,147,85,62,FMN GV 03 Hove
46,Statielei 16,2022-02-05,12:00:00,171,100,71,FMN GV 03 Hove
46,Statielei 16,2022-02-05,13:00:00,173,90,83,FMN GV 03 Hove
46,Statielei 16,2022-02-05,14:00:00,208,99,109,FMN GV 03 Hove
46,Statielei 16,2022-02-05,15:00:00,174,87,87,FMN GV 03 Hove
46,Statielei 16,2022-02-05,16:00:00,151,90,61,FMN GV 03 Hove
46,Statielei 16,2022-02-05,17:00:00,98,58,40,FMN GV 03 Hove
46,Statielei 16,2022-02-05,18:00:00,47,35,12,FMN GV 03 Hove
46,Statielei 16,2022-02-05,19:00:00,27,20,7,FMN GV 03 Hove
46,Statielei 16,2022-02-05,20:00:00,19,14,5,FMN GV 03 Hove
46,Statielei 16,2022-02-05,21:00:00,8,2,6,FMN GV 03 Hove
46,Statielei 16,2022-02-05,22:00:00,20,8,12,FMN GV 03 Hove
46,Statielei 16,2022-02-05,23:00:00,17,4,13,FMN GV 03 Hove
46,Statielei 16,2022-02-06,00:00:00,14,7,7,FMN GV 03 Hove
46,Statielei 16,2022-02-06,01:00:00,7,3,4,FMN GV 03 Hove
46,Statielei 16,2022-02-06,02:00:00,3,1,2,FMN GV 03 Hove
46,Statielei 16,2022-02-06,03:00:00,1,1,0,FMN GV 03 Hove
46,Statielei 16,2022-02-06,04:00:00,1,1,0,FMN GV 03 Hove
46,Statielei 16,2022-02-06,05:00:00,0,0,0,FMN GV 03 Hove
46,Statielei 16,2022-02-06,06:00:00,5,5,0,FMN GV 03 Hove
46,Statielei 16,2022-02-06,07:00:00,7,5,2,FMN GV 03 Hove
46,Statielei 16,2022-02-06,08:00:00,1,0,1,FMN GV 03 Hove
46,Statielei 16,2022-02-06,09:00:00,13,5,8,FMN GV 03 Hove
46,Statielei 16,2022-02-06,10:00:00,15,6,9,FMN GV 03 Hove
46,Statielei 16,2022-02-06,11:00:00,9,5,4,FMN GV 03 Hove
46,Statielei 16,2022-02-06,12:00:00,13,7,6,FMN GV 03 Hove
46,Statielei 16,2022-02-06,13:00:00,7,3,4,FMN GV 03 Hove
46,Statielei 16,2022-02-06,14:00:00,7,3,4,FMN GV 03 Hove
46,Statielei 16,2022-02-06,15:00:00,19,11,8,FMN GV 03 Hove
46,Statielei 16,2022-02-06,16:00:00,23,12,11,FMN GV 03 Hove
46,Statielei 16,2022-02-06,17:00:00,30,14,16,FMN GV 03 Hove
46,Statielei 16,2022-02-06,18:00:00,9,7,2,FMN GV 03 Hove
46,Statielei 16,2022-02-06,19:00:00,15,11,4,FMN GV 03 Hove
46,Statielei 16,2022-02-06,20:00:00,6,2,4,FMN GV 03 Hove
46,Statielei 16,2022-02-06,21:00:00,10,2,8,FMN GV 03 Hove
46,Statielei 16,2022-02-06,22:00:00,7,5,2,FMN GV 03 Hove
46,Statielei 16,2022-02-06,23:00:00,2,0,2,FMN GV 03 Hove
46,Statielei 16,2022-02-07,00:00:00,1,0,1,FMN GV 03 Hove
46,Statielei 16,2022-02-07,01:00:00,2,2,0,FMN GV 03 Hove
46,Statielei 16,2022-02-07,02:00:00,1,1,0,FMN GV 03 Hove
46,Statielei 16,2022-02-07,03:00:00,2,1,1,FMN GV 03 Hove
46,Statielei 16,2022-02-07,04:00:00,12,6,6,FMN GV 03 Hove
46,Statielei 16,2022-02-07,05:00:00,22,16,6,FMN GV 03 Hove
46,Statielei 16,2022-02-07,06:00:00,62,46,16,FMN GV 03 Hove
46,Statielei 16,2022-02-07,07:00:00,220,174,46,FMN GV 03 Hove
46,Statielei 16,2022-02-07,08:00:00,236,172,64,FMN GV 03 Hove
46,Statielei 16,2022-02-07,09:00:00,71,51,20,FMN GV 03 Hove
46,Statielei 16,2022-02-07,10:00:00,52,27,25,FMN GV 03 Hove
46,Statielei 16,2022-02-07,11:00:00,71,39,32,FMN GV 03 Hove
46,Statielei 16,2022-02-07,12:00:00,98,59,39,FMN GV 03 Hove
46,Statielei 16,2022-02-07,13:00:00,117,74,43,FMN GV 03 Hove
46,Statielei 16,2022-02-07,14:00:00,126,64,62,FMN GV 03 Hove
46,Statielei 16,2022-02-07,15:00:00,138,59,79,FMN GV 03 Hove
46,Statielei 16,2022-02-07,16:00:00,218,77,141,FMN GV 03 Hove
46,Statielei 16,2022-02-07,17:00:00,193,67,126,FMN GV 03 Hove
46,Statielei 16,2022-02-07,18:00:00,120,50,70,FMN GV 03 Hove
46,Statielei 16,2022-02-07,19:00:00,41,20,21,FMN GV 03 Hove
46,Statielei 16,2022-02-07,20:00:00,33,16,17,FMN GV 03 Hove
46,Statielei 16,2022-02-07,21:00:00,18,7,11,FMN GV 03 Hove
46,Statielei 16,2022-02-07,22:00:00,29,11,18,FMN GV 03 Hove
46,Statielei 16,2022-02-07,23:00:00,8,3,5,FMN GV 03 Hove
46,Statielei 16,2022-02-08,00:00:00,2,1,1,FMN GV 03 Hove
46,Statielei 16,2022-02-08,01:00:00,0,0,0,FMN GV 03 Hove
46,Statielei 16,2022-02-08,02:00:00,1,1,0,FMN GV 03 Hove
46,Statielei 16,2022-02-08,03:00:00,1,1,0,FMN GV 03 Hove
46,Statielei 16,2022-02-08,04:00:00,5,3,2,FMN GV 03 Hove
46,Statielei 16,2022-02-08,05:00:00,24,15,9,FMN GV 03 Hove
46,Statielei 16,2022-02-08,06:00:00,63,47,16,FMN GV 03 Hove
46,Statielei 16,2022-02-08,07:00:00,268,205,63,FMN GV 03 Hove
46,Statielei 16,2022-02-08,08:00:00,272,201,71,FMN GV 03 Hove
46,Statielei 16,2022-02-08,09:00:00,83,55,28,FMN GV 03 Hove
46,Statielei 16,2022-02-08,10:00:00,57,36,21,FMN GV 03 Hove
46,Statielei 16,2022-02-08,11:00:00,63,41,22,FMN GV 03 Hove
46,Statielei 16,2022-02-08,12:00:00,83,43,40,FMN GV 03 Hove
46,Statielei 16,2022-02-08,13:00:00,78,33,45,FMN GV 03 Hove
46,Statielei 16,2022-02-08,14:00:00,77,40,37,FMN GV 03 Hove
46,Statielei 16,2022-02-08,15:00:00,139,63,76,FMN GV 03 Hove
46,Statielei 16,2022-02-08,16:00:00,227,74,153,FMN GV 03 Hove
46,Statielei 16,2022-02-08,17:00:00,210,58,152,FMN GV 03 Hove
46,Statielei 16,2022-02-08,18:00:00,129,45,84,FMN GV 03 Hove
46,Statielei 16,2022-02-08,19:00:00,74,38,36,FMN GV 03 Hove
46,Statielei 16,2022-02-08,20:00:00,43,19,24,FMN GV 03 Hove
46,Statielei 16,2022-02-08,21:00:00,27,15,12,FMN GV 03 Hove
46,Statielei 16,2022-02-08,22:00:00,44,16,28,FMN GV 03 Hove
46,Statielei 16,2022-02-08,23:00:00,12,6,6,FMN GV 03 Hove
46,Statielei 16,2022-02-09,00:00:00,4,4,0,FMN GV 03 Hove
46,Statielei 16,2022-02-09,01:00:00,1,0,1,FMN GV 03 Hove
46,Statielei 16,2022-02-09,02:00:00,2,2,0,FMN GV 03 Hove
46,Statielei 16,2022-02-09,03:00:00,1,1,0,FMN GV 03 Hove
46,Statielei 16,2022-02-09,04:00:00,8,7,1,FMN GV 03 Hove
46,Statielei 16,2022-02-09,05:00:00,23,15,8,FMN GV 03 Hove
46,Statielei 16,2022-02-09,06:00:00,74,55,19,FMN GV 03 Hove
46,Statielei 16,2022-02-09,07:00:00,229,181,48,FMN GV 03 Hove
46,Statielei 16,2022-02-09,08:00:00,246,194,52,FMN GV 03 Hove
46,Statielei 16,2022-02-09,09:00:00,119,80,39,FMN GV 03 Hove
46,Statielei 16,2022-02-09,10:00:00,96,41,55,FMN GV 03 Hove
46,Statielei 16,2022-02-09,11:00:00,105,52,53,FMN GV 03 Hove
46,Statielei 16,2022-02-09,12:00:00,179,71,108,FMN GV 03 Hove
46,Statielei 16,2022-02-09,13:00:00,141,64,77,FMN GV 03 Hove
46,Statielei 16,2022-02-09,14:00:00,144,68,76,FMN GV 03 Hove
46,Statielei 16,2022-02-09,15:00:00,140,67,73,FMN GV 03 Hove
46,Statielei 16,2022-02-09,16:00:00,172,62,110,FMN GV 03 Hove
46,Statielei 16,2022-02-09,17:00:00,210,79,131,FMN GV 03 Hove
46,Statielei 16,2022-02-09,18:00:00,123,46,77,FMN GV 03 Hove
46,Statielei 16,2022-02-09,19:00:00,61,34,27,FMN GV 03 Hove
46,Statielei 16,2022-02-09,20:00:00,46,22,24,FMN GV 03 Hove
46,Statielei 16,2022-02-09,21:00:00,23,11,12,FMN GV 03 Hove
46,Statielei 16,2022-02-09,22:00:00,41,19,22,FMN GV 03 Hove
46,Statielei 16,2022-02-09,23:00:00,14,7,7,FMN GV 03 Hove
46,Statielei 16,2022-02-10,00:00:00,5,0,5,FMN GV 03 Hove
46,Statielei 16,2022-02-10,01:00:00,2,0,2,FMN GV 03 Hove
46,Statielei 16,2022-02-10,02:00:00,0,0,0,FMN GV 03 Hove
46,Statielei 16,2022-02-10,03:00:00,1,1,0,FMN GV 03 Hove
46,Statielei 16,2022-02-10,04:00:00,9,7,2,FMN GV 03 Hove
46,Statielei 16,2022-02-10,05:00:00,19,13,6,FMN GV 03 Hove
46,Statielei 16,2022-02-10,06:00:00,52,36,16,FMN GV 03 Hove
46,Statielei 16,2022-02-10,07:00:00,219,175,44,FMN GV 03 Hove
46,Statielei 16,2022-02-10,08:00:00,213,164,49,FMN GV 03 Hove
46,Statielei 16,2022-02-10,09:00:00,61,47,14,FMN GV 03 Hove
46,Statielei 16,2022-02-10,10:00:00,27,17,10,FMN GV 03 Hove
46,Statielei 16,2022-02-10,11:00:00,27,9,18,FMN GV 03 Hove
46,Statielei 16,2022-02-10,12:00:00,59,26,33,FMN GV 03 Hove
46,Statielei 16,2022-02-10,13:00:00,68,33,35,FMN GV 03 Hove
46,Statielei 16,2022-02-10,14:00:00,72,38,34,FMN GV 03 Hove
46,Statielei 16,2022-02-10,15:00:00,97,35,62,FMN GV 03 Hove
46,Statielei 16,2022-02-10,16:00:00,198,65,133,FMN GV 03 Hove
46,Statielei 16,2022-02-10,17:00:00,179,71,108,FMN GV 03 Hove
46,Statielei 16,2022-02-10,18:00:00,96,28,68,FMN GV 03 Hove
46,Statielei 16,2022-02-10,19:00:00,45,17,28,FMN GV 03 Hove
46,Statielei 16,2022-02-10,20:00:00,29,18,11,FMN GV 03 Hove
46,Statielei 16,2022-02-10,21:00:00,29,17,12,FMN GV 03 Hove
46,Statielei 16,2022-02-10,22:00:00,26,14,12,FMN GV 03 Hove
46,Statielei 16,2022-02-10,23:00:00,13,6,7,FMN GV 03 Hove
46,Statielei 16,2022-02-11,00:00:00,5,1,4,FMN GV 03 Hove
46,Statielei 16,2022-02-11,01:00:00,4,1,3,FMN GV 03 Hove
46,Statielei 16,2022-02-11,02:00:00,1,0,1,FMN GV 03 Hove
46,Statielei 16,2022-02-11,03:00:00,1,1,0,FMN GV 03 Hove
46,Statielei 16,2022-02-11,04:00:00,5,3,2,FMN GV 03 Hove
46,Statielei 16,2022-02-11,05:00:00,23,15,8,FMN GV 03 Hove
46,Statielei 16,2022-02-11,06:00:00,62,43,19,FMN GV 03 Hove
46,Statielei 16,2022-02-11,07:00:00,223,170,53,FMN GV 03 Hove
46,Statielei 16,2022-02-11,08:00:00,224,172,52,FMN GV 03 Hove
46,Statielei 16,2022-02-11,09:00:00,92,53,39,FMN GV 03 Hove
46,Statielei 16,2022-02-11,10:00:00,57,32,25,FMN GV 03 Hove
46,Statielei 16,2022-02-11,11:00:00,56,33,23,FMN GV 03 Hove
46,Statielei 16,2022-02-11,12:00:00,104,57,47,FMN GV 03 Hove
46,Statielei 16,2022-02-11,13:00:00,125,75,50,FMN GV 03 Hove
46,Statielei 16,2022-02-11,14:00:00,106,46,60,FMN GV 03 Hove
46,Statielei 16,2022-02-11,15:00:00,171,69,102,FMN GV 03 Hove
46,Statielei 16,2022-02-11,16:00:00,205,78,127,FMN GV 03 Hove
46,Statielei 16,2022-02-11,17:00:00,198,76,122,FMN GV 03 Hove
46,Statielei 16,2022-02-11,18:00:00,99,47,52,FMN GV 03 Hove
46,Statielei 16,2022-02-11,19:00:00,52,31,21,FMN GV 03 Hove
46,Statielei 16,2022-02-11,20:00:00,44,27,17,FMN GV 03 Hove
46,Statielei 16,2022-02-11,21:00:00,28,16,12,FMN GV 03 Hove
46,Statielei 16,2022-02-11,22:00:00,28,13,15,FMN GV 03 Hove
46,Statielei 16,2022-02-11,23:00:00,24,8,16,FMN GV 03 Hove
46,Statielei 16,2022-02-12,00:00:00,16,8,8,FMN GV 03 Hove
46,Statielei 16,2022-02-12,01:00:00,7,3,4,FMN GV 03 Hove
46,Statielei 16,2022-02-12,02:00:00,6,5,1,FMN GV 03 Hove
46,Statielei 16,2022-02-12,03:00:00,5,2,3,FMN GV 03 Hove
46,Statielei 16,2022-02-12,04:00:00,10,7,3,FMN GV 03 Hove
46,Statielei 16,2022-02-12,05:00:00,4,2,2,FMN GV 03 Hove
46,Statielei 16,2022-02-12,06:00:00,7,4,3,FMN GV 03 Hove
46,Statielei 16,2022-02-12,07:00:00,12,8,4,FMN GV 03 Hove
46,Statielei 16,2022-02-12,08:00:00,32,15,17,FMN GV 03 Hove
46,Statielei 16,2022-02-12,09:00:00,65,27,38,FMN GV 03 Hove
46,Statielei 16,2022-02-12,10:00:00,94,49,45,FMN GV 03 Hove
46,Statielei 16,2022-02-12,11:00:00,121,60,61,FMN GV 03 Hove
46,Statielei 16,2022-02-12,12:00:00,148,82,66,FMN GV 03 Hove
46,Statielei 16,2022-02-12,13:00:00,173,86,87,FMN GV 03 Hove
46,Statielei 16,2022-02-12,14:00:00,198,104,94,FMN GV 03 Hove
46,Statielei 16,2022-02-12,15:00:00,167,99,68,FMN GV 03 Hove
46,Statielei 16,2022-02-12,16:00:00,156,90,66,FMN GV 03 Hove
46,Statielei 16,2022-02-12,17:00:00,95,55,40,FMN GV 03 Hove
46,Statielei 16,2022-02-12,18:00:00,79,42,37,FMN GV 03 Hove
46,Statielei 16,2022-02-12,19:00:00,52,29,23,FMN GV 03 Hove
46,Statielei 16,2022-02-12,20:00:00,22,11,11,FMN GV 03 Hove
46,Statielei 16,2022-02-12,21:00:00,23,11,12,FMN GV 03 Hove
46,Statielei 16,2022-02-12,22:00:00,28,10,18,FMN GV 03 Hove
46,Statielei 16,2022-02-12,23:00:00,17,10,7,FMN GV 03 Hove
46,Statielei 16,2022-02-13,00:00:00,24,8,16,FMN GV 03 Hove
46,Statielei 16,2022-02-13,01:00:00,11,6,5,FMN GV 03 Hove
46,Statielei 16,2022-02-13,02:00:00,3,2,1,FMN GV 03 Hove
46,Statielei 16,2022-02-13,03:00:00,4,2,2,FMN GV 03 Hove
46,Statielei 16,2022-02-13,04:00:00,5,3,2,FMN GV 03 Hove
46,Statielei 16,2022-02-13,05:00:00,2,2,0,FMN GV 03 Hove
46,Statielei 16,2022-02-13,06:00:00,6,3,3,FMN GV 03 Hove
46,Statielei 16,2022-02-13,07:00:00,10,5,5,FMN GV 03 Hove
46,Statielei 16,2022-02-13,08:00:00,24,12,12,FMN GV 03 Hove
46,Statielei 16,2022-02-13,09:00:00,85,34,51,FMN GV 03 Hove
46,Statielei 16,2022-02-13,10:00:00,100,41,59,FMN GV 03 Hove
46,Statielei 16,2022-02-13,11:00:00,128,66,62,FMN GV 03 Hove
46,Statielei 16,2022-02-13,12:00:00,136,68,68,FMN GV 03 Hove
46,Statielei 16,2022-02-13,13:00:00,169,98,71,FMN GV 03 Hove
46,Statielei 16,2022-02-13,14:00:00,153,85,68,FMN GV 03 Hove
46,Statielei 16,2022-02-13,15:00:00,111,60,51,FMN GV 03 Hove
46,Statielei 16,2022-02-13,16:00:00,100,65,35,FMN GV 03 Hove
46,Statielei 16,2022-02-13,17:00:00,79,47,32,FMN GV 03 Hove
46,Statielei 16,2022-02-13,18:00:00,56,35,21,FMN GV 03 Hove
46,Statielei 16,2022-02-13,19:00:00,23,14,9,FMN GV 03 Hove
46,Statielei 16,2022-02-13,20:00:00,21,14,7,FMN GV 03 Hove
46,Statielei 16,2022-02-13,21:00:00,24,17,7,FMN GV 03 Hove
46,Statielei 16,2022-02-13,22:00:00,16,10,6,FMN GV 03 Hove
46,Statielei 16,2022-02-13,23:00:00,11,2,9,FMN GV 03 Hove
46,Statielei 16,2022-02-14,00:00:00,5,2,3,FMN GV 03 Hove
46,Statielei 16,2022-02-14,01:00:00,1,1,0,FMN GV 03 Hove
46,Statielei 16,2022-02-14,02:00:00,0,0,0,FMN GV 03 Hove
46,Statielei 16,2022-02-14,03:00:00,0,0,0,FMN GV 03 Hove
46,Statielei 16,2022-02-14,04:00:00,9,8,1,FMN GV 03 Hove
46,Statielei 16,2022-02-14,05:00:00,20,11,9,FMN GV 03 Hove
46,Statielei 16,2022-02-14,06:00:00,68,48,20,FMN GV 03 Hove
46,Statielei 16,2022-02-14,07:00:00,194,156,38,FMN GV 03 Hove
46,Statielei 16,2022-02-14,08:00:00,216,164,52,FMN GV 03 Hove
46,Statielei 16,2022-02-14,09:00:00,50,34,16,FMN GV 03 Hove
46,Statielei 16,2022-02-14,10:00:00,43,25,18,FMN GV 03 Hove
46,Statielei 16,2022-02-14,11:00:00,34,21,13,FMN GV 03 Hove
46,Statielei 16,2022-02-14,12:00:00,72,47,25,FMN GV 03 Hove
46,Statielei 16,2022-02-14,13:00:00,69,40,29,FMN GV 03 Hove
46,Statielei 16,2022-02-14,14:00:00,79,33,46,FMN GV 03 Hove
46,Statielei 16,2022-02-14,15:00:00,95,30,65,FMN GV 03 Hove
46,Statielei 16,2022-02-14,16:00:00,194,60,134,FMN GV 03 Hove
46,Statielei 16,2022-02-14,17:00:00,158,58,100,FMN GV 03 Hove
46,Statielei 16,2022-02-14,18:00:00,103,39,64,FMN GV 03 Hove
46,Statielei 16,2022-02-14,19:00:00,40,16,24,FMN GV 03 Hove
46,Statielei 16,2022-02-14,20:00:00,24,11,13,FMN GV 03 Hove
46,Statielei 16,2022-02-14,21:00:00,23,15,8,FMN GV 03 Hove
46,Statielei 16,2022-02-14,22:00:00,25,10,15,FMN GV 03 Hove
46,Statielei 16,2022-02-14,23:00:00,7,5,2,FMN GV 03 Hove
46,Statielei 16,2022-02-15,00:00:00,2,2,0,FMN GV 03 Hove
46,Statielei 16,2022-02-15,01:00:00,0,0,0,FMN GV 03 Hove
46,Statielei 16,2022-02-15,02:00:00,1,1,0,FMN GV 03 Hove
46,Statielei 16,2022-02-15,03:00:00,3,3,0,FMN GV 03 Hove
46,Statielei 16,2022-02-15,04:00:00,8,4,4,FMN GV 03 Hove
46,Statielei 16,2022-02-15,05:00:00,19,8,11,FMN GV 03 Hove
46,Statielei 16,2022-02-15,06:00:00,62,45,17,FMN GV 03 Hove
46,Statielei 16,2022-02-15,07:00:00,230,186,44,FMN GV 03 Hove
46,Statielei 16,2022-02-15,08:00:00,238,184,54,FMN GV 03 Hove
46,Statielei 16,2022-02-15,09:00:00,92,68,24,FMN GV 03 Hove
46,Statielei 16,2022-02-15,10:00:00,69,37,32,FMN GV 03 Hove
46,Statielei 16,2022-02-15,11:00:00,69,40,29,FMN GV 03 Hove
46,Statielei 16,2022-02-15,12:00:00,103,53,50,FMN GV 03 Hove
46,Statielei 16,2022-02-15,13:00:00,116,64,52,FMN GV 03 Hove
46,Statielei 16,2022-02-15,14:00:00,80,34,46,FMN GV 03 Hove
46,Statielei 16,2022-02-15,15:00:00,114,47,67,FMN GV 03 Hove
46,Statielei 16,2022-02-15,16:00:00,206,53,153,FMN GV 03 Hove
46,Statielei 16,2022-02-15,17:00:00,189,67,122,FMN GV 03 Hove
46,Statielei 16,2022-02-15,18:00:00,99,30,69,FMN GV 03 Hove
46,Statielei 16,2022-02-15,19:00:00,36,13,23,FMN GV 03 Hove
46,Statielei 16,2022-02-15,20:00:00,32,16,16,FMN GV 03 Hove
46,Statielei 16,2022-02-15,21:00:00,20,14,6,FMN GV 03 Hove
46,Statielei 16,2022-02-15,22:00:00,31,12,19,FMN GV 03 Hove
46,Statielei 16,2022-02-15,23:00:00,13,6,7,FMN GV 03 Hove
46,Statielei 16,2022-02-16,00:00:00,6,1,5,FMN GV 03 Hove
46,Statielei 16,2022-02-16,01:00:00,0,0,0,FMN GV 03 Hove
46,Statielei 16,2022-02-16,02:00:00,2,2,0,FMN GV 03 Hove
46,Statielei 16,2022-02-16,03:00:00,0,0,0,FMN GV 03 Hove
46,Statielei 16,2022-02-16,04:00:00,3,2,1,FMN GV 03 Hove
46,Statielei 16,2022-02-16,05:00:00,12,5,7,FMN GV 03 Hove
46,Statielei 16,2022-02-16,06:00:00,61,48,13,FMN GV 03 Hove
46,Statielei 16,2022-02-16,07:00:00,173,135,38,FMN GV 03 Hove
46,Statielei 16,2022-02-16,08:00:00,197,155,42,FMN GV 03 Hove
46,Statielei 16,2022-02-16,09:00:00,81,45,36,FMN GV 03 Hove
46,Statielei 16,2022-02-16,10:00:00,41,22,19,FMN GV 03 Hove
46,Statielei 16,2022-02-16,11:00:00,51,27,24,FMN GV 03 Hove
46,Statielei 16,2022-02-16,12:00:00,117,46,71,FMN GV 03 Hove
46,Statielei 16,2022-02-16,13:00:00,89,35,54,FMN GV 03 Hove
46,Statielei 16,2022-02-16,14:00:00,63,26,37,FMN GV 03 Hove
46,Statielei 16,2022-02-16,15:00:00,77,31,46,FMN GV 03 Hove
46,Statielei 16,2022-02-16,16:00:00,112,42,70,FMN GV 03 Hove
46,Statielei 16,2022-02-16,17:00:00,146,59,87,FMN GV 03 Hove
46,Statielei 16,2022-02-16,18:00:00,82,29,53,FMN GV 03 Hove
46,Statielei 16,2022-02-16,19:00:00,33,17,16,FMN GV 03 Hove
46,Statielei 16,2022-02-16,20:00:00,23,15,8,FMN GV 03 Hove
46,Statielei 16,2022-02-16,21:00:00,21,8,13,FMN GV 03 Hove
46,Statielei 16,2022-02-16,22:00:00,23,9,14,FMN GV 03 Hove
46,Statielei 16,2022-02-16,23:00:00,11,4,7,FMN GV 03 Hove
46,Statielei 16,2022-02-17,00:00:00,3,0,3,FMN GV 03 Hove
46,Statielei 16,2022-02-17,01:00:00,1,0,1,FMN GV 03 Hove
46,Statielei 16,2022-02-17,02:00:00,1,1,0,FMN GV 03 Hove
46,Statielei 16,2022-02-17,03:00:00,2,1,1,FMN GV 03 Hove
46,Statielei 16,2022-02-17,04:00:00,6,4,2,FMN GV 03 Hove
46,Statielei 16,2022-02-17,05:00:00,14,6,8,FMN GV 03 Hove
46,Statielei 16,2022-02-17,06:00:00,62,48,14,FMN GV 03 Hove
46,Statielei 16,2022-02-17,07:00:00,209,160,49,FMN GV 03 Hove
46,Statielei 16,2022-02-17,08:00:00,239,190,49,FMN GV 03 Hove
46,Statielei 16,2022-02-17,09:00:00,73,47,26,FMN GV 03 Hove
46,Statielei 16,2022-02-17,10:00:00,46,24,22,FMN GV 03 Hove
46,Statielei 16,2022-02-17,11:00:00,57,30,27,FMN GV 03 Hove
46,Statielei 16,2022-02-17,12:00:00,71,39,32,FMN GV 03 Hove
46,Statielei 16,2022-02-17,13:00:00,83,44,39,FMN GV 03 Hove
46,Statielei 16,2022-02-17,14:00:00,73,30,43,FMN GV 03 Hove
46,Statielei 16,2022-02-17,15:00:00,113,44,69,FMN GV 03 Hove
46,Statielei 16,2022-02-17,16:00:00,184,58,126,FMN GV 03 Hove
46,Statielei 16,2022-02-17,17:00:00,164,66,98,FMN GV 03 Hove
46,Statielei 16,2022-02-17,18:00:00,116,37,79,FMN GV 03 Hove
46,Statielei 16,2022-02-17,19:00:00,52,24,28,FMN GV 03 Hove
46,Statielei 16,2022-02-17,20:00:00,35,18,17,FMN GV 03 Hove
46,Statielei 16,2022-02-17,21:00:00,24,14,10,FMN GV 03 Hove
46,Statielei 16,2022-02-17,22:00:00,30,10,20,FMN GV 03 Hove
46,Statielei 16,2022-02-17,23:00:00,20,6,14,FMN GV 03 Hove
46,Statielei 16,2022-02-18,00:00:00,7,2,5,FMN GV 03 Hove
46,Statielei 16,2022-02-18,01:00:00,2,0,2,FMN GV 03 Hove
46,Statielei 16,2022-02-18,02:00:00,1,1,0,FMN GV 03 Hove
46,Statielei 16,2022-02-18,03:00:00,1,1,0,FMN GV 03 Hove
46,Statielei 16,2022-02-18,04:00:00,6,3,3,FMN GV 03 Hove
46,Statielei 16,2022-02-18,05:00:00,9,3,6,FMN GV 03 Hove
46,Statielei 16,2022-02-18,06:00:00,44,30,14,FMN GV 03 Hove
46,Statielei 16,2022-02-18,07:00:00,122,99,23,FMN GV 03 Hove
46,Statielei 16,2022-02-18,08:00:00,159,128,31,FMN GV 03 Hove
46,Statielei 16,2022-02-18,09:00:00,41,24,17,FMN GV 03 Hove
46,Statielei 16,2022-02-18,10:00:00,26,16,10,FMN GV 03 Hove
46,Statielei 16,2022-02-18,11:00:00,19,5,14,FMN GV 03 Hove
46,Statielei 16,2022-02-18,12:00:00,83,28,55,FMN GV 03 Hove
46,Statielei 16,2022-02-18,13:00:00,69,19,50,FMN GV 03 Hove
46,Statielei 16,2022-02-18,14:00:00,45,9,36,FMN GV 03 Hove
46,Statielei 16,2022-02-18,15:00:00,26,13,13,FMN GV 03 Hove
46,Statielei 16,2022-02-18,16:00:00,46,15,31,FMN GV 03 Hove
46,Statielei 16,2022-02-18,17:00:00,20,6,14,FMN GV 03 Hove
46,Statielei 16,2022-02-18,18:00:00,14,7,7,FMN GV 03 Hove
46,Statielei 16,2022-02-18,19:00:00,29,16,13,FMN GV 03 Hove
46,Statielei 16,2022-02-18,20:00:00,16,10,6,FMN GV 03 Hove
46,Statielei 16,2022-02-18,21:00:00,7,4,3,FMN GV 03 Hove
46,Statielei 16,2022-02-18,22:00:00,16,6,10,FMN GV 03 Hove
46,Statielei 16,2022-02-18,23:00:00,8,4,4,FMN GV 03 Hove
46,Statielei 16,2022-02-19,00:00:00,11,3,8,FMN GV 03 Hove
46,Statielei 16,2022-02-19,01:00:00,7,4,3,FMN GV 03 Hove
46,Statielei 16,2022-02-19,02:00:00,9,8,1,FMN GV 03 Hove
46,Statielei 16,2022-02-19,03:00:00,3,1,2,FMN GV 03 Hove
46,Statielei 16,2022-02-19,04:00:00,5,4,1,FMN GV 03 Hove
46,Statielei 16,2022-02-19,05:00:00,3,2,1,FMN GV 03 Hove
46,Statielei 16,2022-02-19,06:00:00,9,4,5,FMN GV 03 Hove
46,Statielei 16,2022-02-19,07:00:00,16,5,11,FMN GV 03 Hove
46,Statielei 16,2022-02-19,08:00:00,33,17,16,FMN GV 03 Hove
46,Statielei 16,2022-02-19,09:00:00,81,42,39,FMN GV 03 Hove
46,Statielei 16,2022-02-19,10:00:00,117,67,50,FMN GV 03 Hove
46,Statielei 16,2022-02-19,11:00:00,98,51,47,FMN GV 03 Hove
46,Statielei 16,2022-02-19,12:00:00,118,59,59,FMN GV 03 Hove
46,Statielei 16,2022-02-19,13:00:00,104,58,46,FMN GV 03 Hove
46,Statielei 16,2022-02-19,14:00:00,103,39,64,FMN GV 03 Hove
46,Statielei 16,2022-02-19,15:00:00,77,51,26,FMN GV 03 Hove
46,Statielei 16,2022-02-19,16:00:00,51,28,23,FMN GV 03 Hove
46,Statielei 16,2022-02-19,17:00:00,52,28,24,FMN GV 03 Hove
46,Statielei 16,2022-02-19,18:00:00,29,13,16,FMN GV 03 Hove
46,Statielei 16,2022-02-19,19:00:00,13,1,12,FMN GV 03 Hove
46,Statielei 16,2022-02-19,20:00:00,12,6,6,FMN GV 03 Hove
46,Statielei 16,2022-02-19,21:00:00,9,4,5,FMN GV 03 Hove
46,Statielei 16,2022-02-19,22:00:00,9,6,3,FMN GV 03 Hove
46,Statielei 16,2022-02-19,23:00:00,17,8,9,FMN GV 03 Hove
46,Statielei 16,2022-02-20,00:00:00,12,8,4,FMN GV 03 Hove
46,Statielei 16,2022-02-20,01:00:00,5,2,3,FMN GV 03 Hove
46,Statielei 16,2022-02-20,02:00:00,1,0,1,FMN GV 03 Hove
46,Statielei 16,2022-02-20,03:00:00,1,1,0,FMN GV 03 Hove
46,Statielei 16,2022-02-20,04:00:00,3,2,1,FMN GV 03 Hove
46,Statielei 16,2022-02-20,05:00:00,5,2,3,FMN GV 03 Hove
46,Statielei 16,2022-02-20,06:00:00,4,3,1,FMN GV 03 Hove
46,Statielei 16,2022-02-20,07:00:00,5,4,1,FMN GV 03 Hove
46,Statielei 16,2022-02-20,08:00:00,9,3,6,FMN GV 03 Hove
46,Statielei 16,2022-02-20,09:00:00,31,14,17,FMN GV 03 Hove
46,Statielei 16,2022-02-20,10:00:00,25,18,7,FMN GV 03 Hove
46,Statielei 16,2022-02-20,11:00:00,35,19,16,FMN GV 03 Hove
46,Statielei 16,2022-02-20,12:00:00,26,12,14,FMN GV 03 Hove
46,Statielei 16,2022-02-20,13:00:00,17,7,10,FMN GV 03 Hove
46,Statielei 16,2022-02-20,14:00:00,17,7,10,FMN GV 03 Hove
46,Statielei 16,2022-02-20,15:00:00,19,11,8,FMN GV 03 Hove
46,Statielei 16,2022-02-20,16:00:00,9,4,5,FMN GV 03 Hove
46,Statielei 16,2022-02-20,17:00:00,15,9,6,FMN GV 03 Hove
46,Statielei 16,2022-02-20,18:00:00,14,5,9,FMN GV 03 Hove
46,Statielei 16,2022-02-20,19:00:00,3,3,0,FMN GV 03 Hove
46,Statielei 16,2022-02-20,20:00:00,8,6,2,FMN GV 03 Hove
46,Statielei 16,2022-02-20,21:00:00,4,3,1,FMN GV 03 Hove
46,Statielei 16,2022-02-20,22:00:00,3,1,2,FMN GV 03 Hove
46,Statielei 16,2022-02-20,23:00:00,6,4,2,FMN GV 03 Hove
46,Statielei 16,2022-02-21,00:00:00,2,1,1,FMN GV 03 Hove
46,Statielei 16,2022-02-21,01:00:00,0,0,0,FMN GV 03 Hove
46,Statielei 16,2022-02-21,02:00:00,0,0,0,FMN GV 03 Hove
46,Statielei 16,2022-02-21,03:00:00,0,0,0,FMN GV 03 Hove
46,Statielei 16,2022-02-21,04:00:00,7,5,2,FMN GV 03 Hove
46,Statielei 16,2022-02-21,05:00:00,11,5,6,FMN GV 03 Hove
46,Statielei 16,2022-02-21,06:00:00,40,27,13,FMN GV 03 Hove
46,Statielei 16,2022-02-21,07:00:00,145,123,22,FMN GV 03 Hove
46,Statielei 16,2022-02-21,08:00:00,196,139,57,FMN GV 03 Hove
46,Statielei 16,2022-02-21,09:00:00,52,35,17,FMN GV 03 Hove
46,Statielei 16,2022-02-21,10:00:00,33,15,18,FMN GV 03 Hove
46,Statielei 16,2022-02-21,11:00:00,17,10,7,FMN GV 03 Hove
46,Statielei 16,2022-02-21,12:00:00,30,17,13,FMN GV 03 Hove
46,Statielei 16,2022-02-21,13:00:00,19,11,8,FMN GV 03 Hove
46,Statielei 16,2022-02-21,14:00:00,31,10,21,FMN GV 03 Hove
46,Statielei 16,2022-02-21,15:00:00,56,25,31,FMN GV 03 Hove
46,Statielei 16,2022-02-21,16:00:00,124,34,90,FMN GV 03 Hove
46,Statielei 16,2022-02-21,17:00:00,125,40,85,FMN GV 03 Hove
46,Statielei 16,2022-02-21,18:00:00,85,31,54,FMN GV 03 Hove
46,Statielei 16,2022-02-21,19:00:00,39,19,20,FMN GV 03 Hove
46,Statielei 16,2022-02-21,20:00:00,28,14,14,FMN GV 03 Hove
46,Statielei 16,2022-02-21,21:00:00,18,3,15,FMN GV 03 Hove
46,Statielei 16,2022-02-21,22:00:00,25,10,15,FMN GV 03 Hove
46,Statielei 16,2022-02-21,23:00:00,5,2,3,FMN GV 03 Hove
46,Statielei 16,2022-02-22,00:00:00,4,0,4,FMN GV 03 Hove
46,Statielei 16,2022-02-22,01:00:00,0,0,0,FMN GV 03 Hove
46,Statielei 16,2022-02-22,02:00:00,3,2,1,FMN GV 03 Hove
46,Statielei 16,2022-02-22,03:00:00,0,0,0,FMN GV 03 Hove
46,Statielei 16,2022-02-22,04:00:00,9,6,3,FMN GV 03 Hove
46,Statielei 16,2022-02-22,05:00:00,15,8,7,FMN GV 03 Hove
46,Statielei 16,2022-02-22,06:00:00,66,46,20,FMN GV 03 Hove
46,Statielei 16,2022-02-22,07:00:00,225,175,50,FMN GV 03 Hove
46,Statielei 16,2022-02-22,08:00:00,267,213,54,FMN GV 03 Hove
46,Statielei 16,2022-02-22,09:00:00,96,60,36,FMN GV 03 Hove
46,Statielei 16,2022-02-22,10:00:00,50,30,20,FMN GV 03 Hove
46,Statielei 16,2022-02-22,11:00:00,39,26,13,FMN GV 03 Hove
46,Statielei 16,2022-02-22,12:00:00,58,26,32,FMN GV 03 Hove
46,Statielei 16,2022-02-22,13:00:00,65,28,37,FMN GV 03 Hove
46,Statielei 16,2022-02-22,14:00:00,45,19,26,FMN GV 03 Hove
46,Statielei 16,2022-02-22,15:00:00,82,31,51,FMN GV 03 Hove
46,Statielei 16,2022-02-22,16:00:00,198,53,145,FMN GV 03 Hove
46,Statielei 16,2022-02-22,17:00:00,229,65,164,FMN GV 03 Hove
46,Statielei 16,2022-02-22,18:00:00,108,41,67,FMN GV 03 Hove
46,Statielei 16,2022-02-22,19:00:00,39,17,22,FMN GV 03 Hove
46,Statielei 16,2022-02-22,20:00:00,29,13,16,FMN GV 03 Hove
46,Statielei 16,2022-02-22,21:00:00,18,10,8,FMN GV 03 Hove
46,Statielei 16,2022-02-22,22:00:00,36,11,25,FMN GV 03 Hove
46,Statielei 16,2022-02-22,23:00:00,10,4,6,FMN GV 03 Hove
46,Statielei 16,2022-02-23,00:00:00,7,2,5,FMN GV 03 Hove
46,Statielei 16,2022-02-23,01:00:00,0,0,0,FMN GV 03 Hove
46,Statielei 16,2022-02-23,02:00:00,1,1,0,FMN GV 03 Hove
46,Statielei 16,2022-02-23,03:00:00,4,1,3,FMN GV 03 Hove
46,Statielei 16,2022-02-23,04:00:00,7,3,4,FMN GV 03 Hove
46,Statielei 16,2022-02-23,05:00:00,18,9,9,FMN GV 03 Hove
46,Statielei 16,2022-02-23,06:00:00,70,46,24,FMN GV 03 Hove
46,Statielei 16,2022-02-23,07:00:00,237,194,43,FMN GV 03 Hove
46,Statielei 16,2022-02-23,08:00:00,279,207,72,FMN GV 03 Hove
46,Statielei 16,2022-02-23,09:00:00,128,84,44,FMN GV 03 Hove
46,Statielei 16,2022-02-23,10:00:00,101,63,38,FMN GV 03 Hove
46,Statielei 16,2022-02-23,11:00:00,123,53,70,FMN GV 03 Hove
46,Statielei 16,2022-02-23,12:00:00,182,64,118,FMN GV 03 Hove
46,Statielei 16,2022-02-23,13:00:00,206,83,123,FMN GV 03 Hove
46,Statielei 16,2022-02-23,14:00:00,146,71,75,FMN GV 03 Hove
46,Statielei 16,2022-02-23,15:00:00,145,68,77,FMN GV 03 Hove
46,Statielei 16,2022-02-23,16:00:00,205,79,126,FMN GV 03 Hove
46,Statielei 16,2022-02-23,17:00:00,271,103,168,FMN GV 03 Hove
46,Statielei 16,2022-02-23,18:00:00,152,55,97,FMN GV 03 Hove
46,Statielei 16,2022-02-23,19:00:00,73,43,30,FMN GV 03 Hove
46,Statielei 16,2022-02-23,20:00:00,56,33,23,FMN GV 03 Hove
46,Statielei 16,2022-02-23,21:00:00,33,14,19,FMN GV 03 Hove
46,Statielei 16,2022-02-23,22:00:00,36,16,20,FMN GV 03 Hove
46,Statielei 16,2022-02-23,23:00:00,17,10,7,FMN GV 03 Hove
46,Statielei 16,2022-02-24,00:00:00,9,6,3,FMN GV 03 Hove
46,Statielei 16,2022-02-24,01:00:00,5,0,5,FMN GV 03 Hove
46,Statielei 16,2022-02-24,02:00:00,1,1,0,FMN GV 03 Hove
46,Statielei 16,2022-02-24,03:00:00,2,1,1,FMN GV 03 Hove
46,Statielei 16,2022-02-24,04:00:00,4,3,1,FMN GV 03 Hove
46,Statielei 16,2022-02-24,05:00:00,17,9,8,FMN GV 03 Hove
46,Statielei 16,2022-02-24,06:00:00,62,43,19,FMN GV 03 Hove
46,Statielei 16,2022-02-24,07:00:00,231,191,40,FMN GV 03 Hove
46,Statielei 16,2022-02-24,08:00:00,265,217,48,FMN GV 03 Hove
46,Statielei 16,2022-02-24,09:00:00,83,63,20,FMN GV 03 Hove
46,Statielei 16,2022-02-24,10:00:00,58,34,24,FMN GV 03 Hove
46,Statielei 16,2022-02-24,11:00:00,49,27,22,FMN GV 03 Hove
46,Statielei 16,2022-02-24,12:00:00,79,43,36,FMN GV 03 Hove
46,Statielei 16,2022-02-24,13:00:00,60,28,32,FMN GV 03 Hove
46,Statielei 16,2022-02-24,14:00:00,44,13,31,FMN GV 03 Hove
46,Statielei 16,2022-02-24,15:00:00,90,31,59,FMN GV 03 Hove
46,Statielei 16,2022-02-24,16:00:00,171,60,111,FMN GV 03 Hove
46,Statielei 16,2022-02-24,17:00:00,204,58,146,FMN GV 03 Hove
46,Statielei 16,2022-02-24,18:00:00,105,34,71,FMN GV 03 Hove
46,Statielei 16,2022-02-24,19:00:00,50,21,29,FMN GV 03 Hove
46,Statielei 16,2022-02-24,20:00:00,30,19,11,FMN GV 03 Hove
46,Statielei 16,2022-02-24,21:00:00,19,11,8,FMN GV 03 Hove
46,Statielei 16,2022-02-24,22:00:00,28,18,10,FMN GV 03 Hove
46,Statielei 16,2022-02-24,23:00:00,22,5,17,FMN GV 03 Hove
46,Statielei 16,2022-02-25,00:00:00,2,0,2,FMN GV 03 Hove
46,Statielei 16,2022-02-25,01:00:00,1,0,1,FMN GV 03 Hove
46,Statielei 16,2022-02-25,02:00:00,2,1,1,FMN GV 03 Hove
46,Statielei 16,2022-02-25,03:00:00,2,1,1,FMN GV 03 Hove
46,Statielei 16,2022-02-25,04:00:00,5,3,2,FMN GV 03 Hove
46,Statielei 16,2022-02-25,05:00:00,11,6,5,FMN GV 03 Hove
46,Statielei 16,2022-02-25,06:00:00,53,36,17,FMN GV 03 Hove
46,Statielei 16,2022-02-25,07:00:00,181,143,38,FMN GV 03 Hove
46,Statielei 16,2022-02-25,08:00:00,240,182,58,FMN GV 03 Hove
46,Statielei 16,2022-02-25,09:00:00,76,53,23,FMN GV 03 Hove
46,Statielei 16,2022-02-25,10:00:00,35,25,10,FMN GV 03 Hove
46,Statielei 16,2022-02-25,11:00:00,47,28,19,FMN GV 03 Hove
46,Statielei 16,2022-02-25,12:00:00,82,30,52,FMN GV 03 Hove
46,Statielei 16,2022-02-25,13:00:00,82,41,41,FMN GV 03 Hove
46,Statielei 16,2022-02-25,14:00:00,66,36,30,FMN GV 03 Hove
46,Statielei 16,2022-02-25,15:00:00,149,56,93,FMN GV 03 Hove
46,Statielei 16,2022-02-25,16:00:00,154,56,98,FMN GV 03 Hove
46,Statielei 16,2022-02-25,17:00:00,146,49,97,FMN GV 03 Hove
46,Statielei 16,2022-02-25,18:00:00,95,42,53,FMN GV 03 Hove
46,Statielei 16,2022-02-25,19:00:00,73,43,30,FMN GV 03 Hove
46,Statielei 16,2022-02-25,20:00:00,43,24,19,FMN GV 03 Hove
46,Statielei 16,2022-02-25,21:00:00,29,14,15,FMN GV 03 Hove
46,Statielei 16,2022-02-25,22:00:00,27,8,19,FMN GV 03 Hove
46,Statielei 16,2022-02-25,23:00:00,22,7,15,FMN GV 03 Hove
46,Statielei 16,2022-02-26,00:00:00,16,0,16,FMN GV 03 Hove
46,Statielei 16,2022-02-26,01:00:00,20,5,15,FMN GV 03 Hove
46,Statielei 16,2022-02-26,02:00:00,6,3,3,FMN GV 03 Hove
46,Statielei 16,2022-02-26,03:00:00,5,2,3,FMN GV 03 Hove
46,Statielei 16,2022-02-26,04:00:00,4,1,3,FMN GV 03 Hove
46,Statielei 16,2022-02-26,05:00:00,5,4,1,FMN GV 03 Hove
46,Statielei 16,2022-02-26,06:00:00,9,4,5,FMN GV 03 Hove
46,Statielei 16,2022-02-26,07:00:00,8,5,3,FMN GV 03 Hove
46,Statielei 16,2022-02-26,08:00:00,32,16,16,FMN GV 03 Hove
46,Statielei 16,2022-02-26,09:00:00,69,32,37,FMN GV 03 Hove
46,Statielei 16,2022-02-26,10:00:00,95,58,37,FMN GV 03 Hove
46,Statielei 16,2022-02-26,11:00:00,132,70,62,FMN GV 03 Hove
46,Statielei 16,2022-02-26,12:00:00,151,80,71,FMN GV 03 Hove
46,Statielei 16,2022-02-26,13:00:00,162,69,93,FMN GV 03 Hove
46,Statielei 16,2022-02-26,14:00:00,197,99,98,FMN GV 03 Hove
46,Statielei 16,2022-02-26,15:00:00,150,83,67,FMN GV 03 Hove
46,Statielei 16,2022-02-26,16:00:00,121,71,50,FMN GV 03 Hove
46,Statielei 16,2022-02-26,17:00:00,111,61,50,FMN GV 03 Hove
46,Statielei 16,2022-02-26,18:00:00,60,44,16,FMN GV 03 Hove
46,Statielei 16,2022-02-26,19:00:00,21,13,8,FMN GV 03 Hove
46,Statielei 16,2022-02-26,20:00:00,29,14,15,FMN GV 03 Hove
46,Statielei 16,2022-02-26,21:00:00,28,8,20,FMN GV 03 Hove
46,Statielei 16,2022-02-26,22:00:00,20,9,11,FMN GV 03 Hove
46,Statielei 16,2022-02-26,23:00:00,15,7,8,FMN GV 03 Hove
46,Statielei 16,2022-02-27,00:00:00,7,3,4,FMN GV 03 Hove
46,Statielei 16,2022-02-27,01:00:00,10,5,5,FMN GV 03 Hove
46,Statielei 16,2022-02-27,02:00:00,8,5,3,FMN GV 03 Hove
46,Statielei 16,2022-02-27,03:00:00,4,1,3,FMN GV 03 Hove
46,Statielei 16,2022-02-27,04:00:00,2,1,1,FMN GV 03 Hove
46,Statielei 16,2022-02-27,05:00:00,2,1,1,FMN GV 03 Hove
46,Statielei 16,2022-02-27,06:00:00,10,6,4,FMN GV 03 Hove
46,Statielei 16,2022-02-27,07:00:00,13,7,6,FMN GV 03 Hove
46,Statielei 16,2022-02-27,08:00:00,26,12,14,FMN GV 03 Hove
46,Statielei 16,2022-02-27,09:00:00,77,34,43,FMN GV 03 Hove
46,Statielei 16,2022-02-27,10:00:00,115,56,59,FMN GV 03 Hove
46,Statielei 16,2022-02-27,11:00:00,162,99,63,FMN GV 03 Hove
46,Statielei 16,2022-02-27,12:00:00,156,91,65,FMN GV 03 Hove
46,Statielei 16,2022-02-27,13:00:00,160,102,58,FMN GV 03 Hove
46,Statielei 16,2022-02-27,14:00:00,187,105,82,FMN GV 03 Hove
46,Statielei 16,2022-02-27,15:00:00,162,86,76,FMN GV 03 Hove
46,Statielei 16,2022-02-27,16:00:00,123,68,55,FMN GV 03 Hove
46,Statielei 16,2022-02-27,17:00:00,101,62,39,FMN GV 03 Hove
46,Statielei 16,2022-02-27,18:00:00,61,40,21,FMN GV 03 Hove
46,Statielei 16,2022-02-27,19:00:00,36,19,17,FMN GV 03 Hove
46,Statielei 16,2022-02-27,20:00:00,29,17,12,FMN GV 03 Hove
46,Statielei 16,2022-02-27,21:00:00,17,10,7,FMN GV 03 Hove
46,Statielei 16,2022-02-27,22:00:00,23,11,12,FMN GV 03 Hove
46,Statielei 16,2022-02-27,23:00:00,6,3,3,FMN GV 03 Hove
46,Statielei 16,2022-02-28,00:00:00,3,0,3,FMN GV 03 Hove
46,Statielei 16,2022-02-28,01:00:00,4,0,4,FMN GV 03 Hove
46,Statielei 16,2022-02-28,02:00:00,2,1,1,FMN GV 03 Hove
46,Statielei 16,2022-02-28,03:00:00,0,0,0,FMN GV 03 Hove
46,Statielei 16,2022-02-28,04:00:00,10,5,5,FMN GV 03 Hove
46,Statielei 16,2022-02-28,05:00:00,19,10,9,FMN GV 03 Hove
46,Statielei 16,2022-02-28,06:00:00,51,38,13,FMN GV 03 Hove
46,Statielei 16,2022-02-28,07:00:00,136,108,28,FMN GV 03 Hove
46,Statielei 16,2022-02-28,08:00:00,159,116,43,FMN GV 03 Hove
46,Statielei 16,2022-02-28,09:00:00,68,38,30,FMN GV 03 Hove
46,Statielei 16,2022-02-28,10:00:00,72,35,37,FMN GV 03 Hove
46,Statielei 16,2022-02-28,11:00:00,90,44,46,FMN GV 03 Hove
46,Statielei 16,2022-02-28,12:00:00,110,54,56,FMN GV 03 Hove
46,Statielei 16,2022-02-28,13:00:00,127,70,57,FMN GV 03 Hove
46,Statielei 16,2022-02-28,14:00:00,158,85,73,FMN GV 03 Hove
46,Statielei 16,2022-02-28,15:00:00,138,71,67,FMN GV 03 Hove
46,Statielei 16,2022-02-28,16:00:00,212,86,126,FMN GV 03 Hove
46,Statielei 16,2022-02-28,17:00:00,239,83,156,FMN GV 03 Hove
46,Statielei 16,2022-02-28,18:00:00,133,59,74,FMN GV 03 Hove
46,Statielei 16,2022-02-28,19:00:00,49,26,23,FMN GV 03 Hove
46,Statielei 16,2022-02-28,20:00:00,38,22,16,FMN GV 03 Hove
46,Statielei 16,2022-02-28,21:00:00,11,3,8,FMN GV 03 Hove
46,Statielei 16,2022-02-28,22:00:00,30,15,15,FMN GV 03 Hove
46,Statielei 16,2022-02-28,23:00:00,6,2,4,FMN GV 03 Hove
46,Statielei 16,2022-03-01,00:00:00,5,2,3,FMN GV 03 Hove
46,Statielei 16,2022-03-01,01:00:00,3,0,3,FMN GV 03 Hove
46,Statielei 16,2022-03-01,02:00:00,2,2,0,FMN GV 03 Hove
46,Statielei 16,2022-03-01,03:00:00,1,1,0,FMN GV 03 Hove
46,Statielei 16,2022-03-01,04:00:00,8,3,5,FMN GV 03 Hove
46,Statielei 16,2022-03-01,05:00:00,15,4,11,FMN GV 03 Hove
46,Statielei 16,2022-03-01,06:00:00,62,49,13,FMN GV 03 Hove
46,Statielei 16,2022-03-01,07:00:00,168,127,41,FMN GV 03 Hove
46,Statielei 16,2022-03-01,08:00:00,173,121,52,FMN GV 03 Hove
46,Statielei 16,2022-03-01,09:00:00,77,53,24,FMN GV 03 Hove
46,Statielei 16,2022-03-01,10:00:00,45,26,19,FMN GV 03 Hove
46,Statielei 16,2022-03-01,11:00:00,60,35,25,FMN GV 03 Hove
46,Statielei 16,2022-03-01,12:00:00,64,31,33,FMN GV 03 Hove
46,Statielei 16,2022-03-01,13:00:00,85,45,40,FMN GV 03 Hove
46,Statielei 16,2022-03-01,14:00:00,74,34,40,FMN GV 03 Hove
46,Statielei 16,2022-03-01,15:00:00,106,57,49,FMN GV 03 Hove
46,Statielei 16,2022-03-01,16:00:00,165,60,105,FMN GV 03 Hove
46,Statielei 16,2022-03-01,17:00:00,230,92,138,FMN GV 03 Hove
46,Statielei 16,2022-03-01,18:00:00,137,58,79,FMN GV 03 Hove
46,Statielei 16,2022-03-01,19:00:00,56,26,30,FMN GV 03 Hove
46,Statielei 16,2022-03-01,20:00:00,38,15,23,FMN GV 03 Hove
46,Statielei 16,2022-03-01,21:00:00,23,10,13,FMN GV 03 Hove
46,Statielei 16,2022-03-01,22:00:00,34,18,16,FMN GV 03 Hove
46,Statielei 16,2022-03-01,23:00:00,14,9,5,FMN GV 03 Hove
46,Statielei 16,2022-03-02,00:00:00,8,4,4,FMN GV 03 Hove
46,Statielei 16,2022-03-02,01:00:00,2,2,0,FMN GV 03 Hove
46,Statielei 16,2022-03-02,02:00:00,1,1,0,FMN GV 03 Hove
46,Statielei 16,2022-03-02,03:00:00,1,1,0,FMN GV 03 Hove
46,Statielei 16,2022-03-02,04:00:00,7,2,5,FMN GV 03 Hove
46,Statielei 16,2022-03-02,05:00:00,23,15,8,FMN GV 03 Hove
46,Statielei 16,2022-03-02,06:00:00,71,48,23,FMN GV 03 Hove
46,Statielei 16,2022-03-02,07:00:00,145,109,36,FMN GV 03 Hove
46,Statielei 16,2022-03-02,08:00:00,178,122,56,FMN GV 03 Hove
46,Statielei 16,2022-03-02,09:00:00,102,67,35,FMN GV 03 Hove
46,Statielei 16,2022-03-02,10:00:00,141,91,50,FMN GV 03 Hove
46,Statielei 16,2022-03-02,11:00:00,141,84,57,FMN GV 03 Hove
46,Statielei 16,2022-03-02,12:00:00,123,55,68,FMN GV 03 Hove
46,Statielei 16,2022-03-02,13:00:00,114,52,62,FMN GV 03 Hove
46,Statielei 16,2022-03-02,14:00:00,152,80,72,FMN GV 03 Hove
46,Statielei 16,2022-03-02,15:00:00,134,63,71,FMN GV 03 Hove
46,Statielei 16,2022-03-02,16:00:00,203,80,123,FMN GV 03 Hove
46,Statielei 16,2022-03-02,17:00:00,204,79,125,FMN GV 03 Hove
46,Statielei 16,2022-03-02,18:00:00,121,47,74,FMN GV 03 Hove
46,Statielei 16,2022-03-02,19:00:00,67,27,40,FMN GV 03 Hove
46,Statielei 16,2022-03-02,20:00:00,39,19,20,FMN GV 03 Hove
46,Statielei 16,2022-03-02,21:00:00,39,19,20,FMN GV 03 Hove
46,Statielei 16,2022-03-02,22:00:00,21,15,6,FMN GV 03 Hove
46,Statielei 16,2022-03-02,23:00:00,13,7,6,FMN GV 03 Hove
46,Statielei 16,2022-03-03,00:00:00,6,1,5,FMN GV 03 Hove
46,Statielei 16,2022-03-03,01:00:00,1,1,0,FMN GV 03 Hove
46,Statielei 16,2022-03-03,02:00:00,5,5,0,FMN GV 03 Hove
46,Statielei 16,2022-03-03,03:00:00,4,1,3,FMN GV 03 Hove
46,Statielei 16,2022-03-03,04:00:00,12,3,9,FMN GV 03 Hove
46,Statielei 16,2022-03-03,05:00:00,23,12,11,FMN GV 03 Hove
46,Statielei 16,2022-03-03,06:00:00,65,52,13,FMN GV 03 Hove
46,Statielei 16,2022-03-03,07:00:00,148,110,38,FMN GV 03 Hove
46,Statielei 16,2022-03-03,08:00:00,210,156,54,FMN GV 03 Hove
46,Statielei 16,2022-03-03,09:00:00,74,50,24,FMN GV 03 Hove
46,Statielei 16,2022-03-03,10:00:00,71,41,30,FMN GV 03 Hove
46,Statielei 16,2022-03-03,11:00:00,93,56,37,FMN GV 03 Hove
46,Statielei 16,2022-03-03,12:00:00,124,54,70,FMN GV 03 Hove
46,Statielei 16,2022-03-03,13:00:00,126,70,56,FMN GV 03 Hove
46,Statielei 16,2022-03-03,14:00:00,139,70,69,FMN GV 03 Hove
46,Statielei 16,2022-03-03,15:00:00,162,75,87,FMN GV 03 Hove
46,Statielei 16,2022-03-03,16:00:00,246,103,143,FMN GV 03 Hove
46,Statielei 16,2022-03-03,17:00:00,213,74,139,FMN GV 03 Hove
46,Statielei 16,2022-03-03,18:00:00,140,56,84,FMN GV 03 Hove
46,Statielei 16,2022-03-03,19:00:00,67,27,40,FMN GV 03 Hove
46,Statielei 16,2022-03-03,20:00:00,38,18,20,FMN GV 03 Hove
46,Statielei 16,2022-03-03,21:00:00,35,18,17,FMN GV 03 Hove
46,Statielei 16,2022-03-03,22:00:00,24,12,12,FMN GV 03 Hove
46,Statielei 16,2022-03-03,23:00:00,19,12,7,FMN GV 03 Hove
46,Statielei 16,2022-03-04,00:00:00,10,2,8,FMN GV 03 Hove
46,Statielei 16,2022-03-04,01:00:00,6,2,4,FMN GV 03 Hove
46,Statielei 16,2022-03-04,02:00:00,2,2,0,FMN GV 03 Hove
46,Statielei 16,2022-03-04,03:00:00,6,5,1,FMN GV 03 Hove
46,Statielei 16,2022-03-04,04:00:00,8,4,4,FMN GV 03 Hove
46,Statielei 16,2022-03-04,05:00:00,24,13,11,FMN GV 03 Hove
46,Statielei 16,2022-03-04,06:00:00,59,39,20,FMN GV 03 Hove
46,Statielei 16,2022-03-04,07:00:00,126,89,37,FMN GV 03 Hove
46,Statielei 16,2022-03-04,08:00:00,151,108,43,FMN GV 03 Hove
46,Statielei 16,2022-03-04,09:00:00,78,53,25,FMN GV 03 Hove
46,Statielei 16,2022-03-04,10:00:00,70,42,28,FMN GV 03 Hove
46,Statielei 16,2022-03-04,11:00:00,87,52,35,FMN GV 03 Hove
46,Statielei 16,2022-03-04,12:00:00,118,61,57,FMN GV 03 Hove
46,Statielei 16,2022-03-04,13:00:00,161,76,85,FMN GV 03 Hove
46,Statielei 16,2022-03-04,14:00:00,169,80,89,FMN GV 03 Hove
46,Statielei 16,2022-03-04,15:00:00,174,73,101,FMN GV 03 Hove
46,Statielei 16,2022-03-04,16:00:00,205,101,104,FMN GV 03 Hove
46,Statielei 16,2022-03-04,17:00:00,219,92,127,FMN GV 03 Hove
46,Statielei 16,2022-03-04,18:00:00,102,53,49,FMN GV 03 Hove
46,Statielei 16,2022-03-04,19:00:00,55,31,24,FMN GV 03 Hove
46,Statielei 16,2022-03-04,20:00:00,43,21,22,FMN GV 03 Hove
46,Statielei 16,2022-03-04,21:00:00,34,15,19,FMN GV 03 Hove
46,Statielei 16,2022-03-04,22:00:00,17,11,6,FMN GV 03 Hove
46,Statielei 16,2022-03-04,23:00:00,22,10,12,FMN GV 03 Hove
46,Statielei 16,2022-03-05,00:00:00,13,4,9,FMN GV 03 Hove
46,Statielei 16,2022-03-05,01:00:00,11,6,5,FMN GV 03 Hove
46,Statielei 16,2022-03-05,02:00:00,9,3,6,FMN GV 03 Hove
46,Statielei 16,2022-03-05,03:00:00,4,1,3,FMN GV 03 Hove
46,Statielei 16,2022-03-05,04:00:00,8,3,5,FMN GV 03 Hove
46,Statielei 16,2022-03-05,05:00:00,10,5,5,FMN GV 03 Hove
46,Statielei 16,2022-03-05,06:00:00,12,4,8,FMN GV 03 Hove
46,Statielei 16,2022-03-05,07:00:00,12,6,6,FMN GV 03 Hove
46,Statielei 16,2022-03-05,08:00:00,26,14,12,FMN GV 03 Hove
46,Statielei 16,2022-03-05,09:00:00,39,25,14,FMN GV 03 Hove
46,Statielei 16,2022-03-05,10:00:00,91,36,55,FMN GV 03 Hove
46,Statielei 16,2022-03-05,11:00:00,112,52,60,FMN GV 03 Hove
46,Statielei 16,2022-03-05,12:00:00,146,77,69,FMN GV 03 Hove
46,Statielei 16,2022-03-05,13:00:00,186,101,85,FMN GV 03 Hove
46,Statielei 16,2022-03-05,14:00:00,215,116,99,FMN GV 03 Hove
46,Statielei 16,2022-03-05,15:00:00,174,89,85,FMN GV 03 Hove
46,Statielei 16,2022-03-05,16:00:00,127,72,55,FMN GV 03 Hove
46,Statielei 16,2022-03-05,17:00:00,123,68,55,FMN GV 03 Hove
46,Statielei 16,2022-03-05,18:00:00,73,49,24,FMN GV 03 Hove
46,Statielei 16,2022-03-05,19:00:00,36,30,6,FMN GV 03 Hove
46,Statielei 16,2022-03-05,20:00:00,25,14,11,FMN GV 03 Hove
46,Statielei 16,2022-03-05,21:00:00,16,9,7,FMN GV 03 Hove
46,Statielei 16,2022-03-05,22:00:00,28,13,15,FMN GV 03 Hove
46,Statielei 16,2022-03-05,23:00:00,21,11,10,FMN GV 03 Hove
46,Statielei 16,2022-03-06,00:00:00,10,7,3,FMN GV 03 Hove
46,Statielei 16,2022-03-06,01:00:00,17,2,15,FMN GV 03 Hove
46,Statielei 16,2022-03-06,02:00:00,9,3,6,FMN GV 03 Hove
46,Statielei 16,2022-03-06,03:00:00,4,0,4,FMN GV 03 Hove
46,Statielei 16,2022-03-06,04:00:00,6,1,5,FMN GV 03 Hove
46,Statielei 16,2022-03-06,05:00:00,5,5,0,FMN GV 03 Hove
46,Statielei 16,2022-03-06,06:00:00,10,6,4,FMN GV 03 Hove
46,Statielei 16,2022-03-06,07:00:00,9,7,2,FMN GV 03 Hove
46,Statielei 16,2022-03-06,08:00:00,26,16,10,FMN GV 03 Hove
46,Statielei 16,2022-03-06,09:00:00,98,35,63,FMN GV 03 Hove
46,Statielei 16,2022-03-06,10:00:00,104,55,49,FMN GV 03 Hove
46,Statielei 16,2022-03-06,11:00:00,116,68,48,FMN GV 03 Hove
46,Statielei 16,2022-03-06,12:00:00,165,88,77,FMN GV 03 Hove
46,Statielei 16,2022-03-06,13:00:00,162,92,70,FMN GV 03 Hove
46,Statielei 16,2022-03-06,14:00:00,157,90,67,FMN GV 03 Hove
46,Statielei 16,2022-03-06,15:00:00,138,76,62,FMN GV 03 Hove
46,Statielei 16,2022-03-06,16:00:00,129,71,58,FMN GV 03 Hove
46,Statielei 16,2022-03-06,17:00:00,97,50,47,FMN GV 03 Hove
46,Statielei 16,2022-03-06,18:00:00,63,36,27,FMN GV 03 Hove
46,Statielei 16,2022-03-06,19:00:00,40,13,27,FMN GV 03 Hove
46,Statielei 16,2022-03-06,20:00:00,17,11,6,FMN GV 03 Hove
46,Statielei 16,2022-03-06,21:00:00,19,11,8,FMN GV 03 Hove
46,Statielei 16,2022-03-06,22:00:00,6,2,4,FMN GV 03 Hove
46,Statielei 16,2022-03-06,23:00:00,6,2,4,FMN GV 03 Hove
46,Statielei 16,2022-03-07,00:00:00,4,3,1,FMN GV 03 Hove
46,Statielei 16,2022-03-07,01:00:00,0,0,0,FMN GV 03 Hove
46,Statielei 16,2022-03-07,02:00:00,1,0,1,FMN GV 03 Hove
46,Statielei 16,2022-03-07,03:00:00,0,0,0,FMN GV 03 Hove
46,Statielei 16,2022-03-07,04:00:00,8,5,3,FMN GV 03 Hove
46,Statielei 16,2022-03-07,05:00:00,19,14,5,FMN GV 03 Hove
46,Statielei 16,2022-03-07,06:00:00,71,51,20,FMN GV 03 Hove
46,Statielei 16,2022-03-07,07:00:00,268,216,52,FMN GV 03 Hove
46,Statielei 16,2022-03-07,08:00:00,308,240,68,FMN GV 03 Hove
46,Statielei 16,2022-03-07,09:00:00,87,62,25,FMN GV 03 Hove
46,Statielei 16,2022-03-07,10:00:00,56,35,21,FMN GV 03 Hove
46,Statielei 16,2022-03-07,11:00:00,64,37,27,FMN GV 03 Hove
46,Statielei 16,2022-03-07,12:00:00,89,59,30,FMN GV 03 Hove
46,Statielei 16,2022-03-07,13:00:00,115,58,57,FMN GV 03 Hove
46,Statielei 16,2022-03-07,14:00:00,95,36,59,FMN GV 03 Hove
46,Statielei 16,2022-03-07,15:00:00,143,55,88,FMN GV 03 Hove
46,Statielei 16,2022-03-07,16:00:00,263,86,177,FMN GV 03 Hove
46,Statielei 16,2022-03-07,17:00:00,298,97,201,FMN GV 03 Hove
46,Statielei 16,2022-03-07,18:00:00,174,59,115,FMN GV 03 Hove
46,Statielei 16,2022-03-07,19:00:00,62,23,39,FMN GV 03 Hove
46,Statielei 16,2022-03-07,20:00:00,28,17,11,FMN GV 03 Hove
46,Statielei 16,2022-03-07,21:00:00,28,14,14,FMN GV 03 Hove
46,Statielei 16,2022-03-07,22:00:00,40,7,33,FMN GV 03 Hove
46,Statielei 16,2022-03-07,23:00:00,4,3,1,FMN GV 03 Hove
46,Statielei 16,2022-03-08,00:00:00,1,0,1,FMN GV 03 Hove
46,Statielei 16,2022-03-08,01:00:00,0,0,0,FMN GV 03 Hove
46,Statielei 16,2022-03-08,02:00:00,2,2,0,FMN GV 03 Hove
46,Statielei 16,2022-03-08,03:00:00,1,1,0,FMN GV 03 Hove
46,Statielei 16,2022-03-08,04:00:00,10,8,2,FMN GV 03 Hove
46,Statielei 16,2022-03-08,05:00:00,18,11,7,FMN GV 03 Hove
46,Statielei 16,2022-03-08,06:00:00,83,60,23,FMN GV 03 Hove
46,Statielei 16,2022-03-08,07:00:00,306,245,61,FMN GV 03 Hove
46,Statielei 16,2022-03-08,08:00:00,344,263,81,FMN GV 03 Hove
46,Statielei 16,2022-03-08,09:00:00,109,82,27,FMN GV 03 Hove
46,Statielei 16,2022-03-08,10:00:00,82,49,33,FMN GV 03 Hove
46,Statielei 16,2022-03-08,11:00:00,68,42,26,FMN GV 03 Hove
46,Statielei 16,2022-03-08,12:00:00,122,56,66,FMN GV 03 Hove
46,Statielei 16,2022-03-08,13:00:00,148,62,86,FMN GV 03 Hove
46,Statielei 16,2022-03-08,14:00:00,121,63,58,FMN GV 03 Hove
46,Statielei 16,2022-03-08,15:00:00,171,60,111,FMN GV 03 Hove
46,Statielei 16,2022-03-08,16:00:00,293,94,199,FMN GV 03 Hove
46,Statielei 16,2022-03-08,17:00:00,336,99,237,FMN GV 03 Hove
46,Statielei 16,2022-03-08,18:00:00,188,61,127,FMN GV 03 Hove
46,Statielei 16,2022-03-08,19:00:00,93,51,42,FMN GV 03 Hove
46,Statielei 16,2022-03-08,20:00:00,33,16,17,FMN GV 03 Hove
46,Statielei 16,2022-03-08,21:00:00,24,14,10,FMN GV 03 Hove
46,Statielei 16,2022-03-08,22:00:00,42,15,27,FMN GV 03 Hove
46,Statielei 16,2022-03-08,23:00:00,12,6,6,FMN GV 03 Hove
46,Statielei 16,2022-03-09,00:00:00,8,4,4,FMN GV 03 Hove
46,Statielei 16,2022-03-09,01:00:00,2,2,0,FMN GV 03 Hove
46,Statielei 16,2022-03-09,02:00:00,1,1,0,FMN GV 03 Hove
46,Statielei 16,2022-03-09,03:00:00,3,3,0,FMN GV 03 Hove
46,Statielei 16,2022-03-09,04:00:00,11,6,5,FMN GV 03 Hove
46,Statielei 16,2022-03-09,05:00:00,18,11,7,FMN GV 03 Hove
46,Statielei 16,2022-03-09,06:00:00,81,61,20,FMN GV 03 Hove
46,Statielei 16,2022-03-09,07:00:00,254,210,44,FMN GV 03 Hove
46,Statielei 16,2022-03-09,08:00:00,309,240,69,FMN GV 03 Hove
46,Statielei 16,2022-03-09,09:00:00,157,96,61,FMN GV 03 Hove
46,Statielei 16,2022-03-09,10:00:00,142,82,60,FMN GV 03 Hove
46,Statielei 16,2022-03-09,11:00:00,157,70,87,FMN GV 03 Hove
46,Statielei 16,2022-03-09,12:00:00,268,99,169,FMN GV 03 Hove
46,Statielei 16,2022-03-09,13:00:00,204,73,131,FMN GV 03 Hove
46,Statielei 16,2022-03-09,14:00:00,179,77,102,FMN GV 03 Hove
46,Statielei 16,2022-03-09,15:00:00,208,90,118,FMN GV 03 Hove
46,Statielei 16,2022-03-09,16:00:00,272,96,176,FMN GV 03 Hove
46,Statielei 16,2022-03-09,17:00:00,316,125,191,FMN GV 03 Hove
46,Statielei 16,2022-03-09,18:00:00,181,73,108,FMN GV 03 Hove
46,Statielei 16,2022-03-09,19:00:00,85,41,44,FMN GV 03 Hove
46,Statielei 16,2022-03-09,20:00:00,38,19,19,FMN GV 03 Hove
46,Statielei 16,2022-03-09,21:00:00,39,20,19,FMN GV 03 Hove
46,Statielei 16,2022-03-09,22:00:00,35,15,20,FMN GV 03 Hove
46,Statielei 16,2022-03-09,23:00:00,29,9,20,FMN GV 03 Hove
46,Statielei 16,2022-03-10,00:00:00,8,1,7,FMN GV 03 Hove
46,Statielei 16,2022-03-10,01:00:00,5,3,2,FMN GV 03 Hove
46,Statielei 16,2022-03-10,02:00:00,4,3,1,FMN GV 03 Hove
46,Statielei 16,2022-03-10,03:00:00,2,1,1,FMN GV 03 Hove
46,Statielei 16,2022-03-10,04:00:00,11,4,7,FMN GV 03 Hove
46,Statielei 16,2022-03-10,05:00:00,20,10,10,FMN GV 03 Hove
46,Statielei 16,2022-03-10,06:00:00,95,63,32,FMN GV 03 Hove
46,Statielei 16,2022-03-10,07:00:00,312,252,60,FMN GV 03 Hove
46,Statielei 16,2022-03-10,08:00:00,359,282,77,FMN GV 03 Hove
46,Statielei 16,2022-03-10,09:00:00,114,72,42,FMN GV 03 Hove
46,Statielei 16,2022-03-10,10:00:00,91,57,34,FMN GV 03 Hove
46,Statielei 16,2022-03-10,11:00:00,114,65,49,FMN GV 03 Hove
46,Statielei 16,2022-03-10,12:00:00,154,76,78,FMN GV 03 Hove
46,Statielei 16,2022-03-10,13:00:00,189,92,97,FMN GV 03 Hove
46,Statielei 16,2022-03-10,14:00:00,183,83,100,FMN GV 03 Hove
46,Statielei 16,2022-03-10,15:00:00,213,96,117,FMN GV 03 Hove
46,Statielei 16,2022-03-10,16:00:00,327,98,229,FMN GV 03 Hove
46,Statielei 16,2022-03-10,17:00:00,348,115,233,FMN GV 03 Hove
46,Statielei 16,2022-03-10,18:00:00,197,72,125,FMN GV 03 Hove
46,Statielei 16,2022-03-10,19:00:00,105,59,46,FMN GV 03 Hove
46,Statielei 16,2022-03-10,20:00:00,45,17,28,FMN GV 03 Hove
46,Statielei 16,2022-03-10,21:00:00,55,27,28,FMN GV 03 Hove
46,Statielei 16,2022-03-10,22:00:00,57,22,35,FMN GV 03 Hove
46,Statielei 16,2022-03-10,23:00:00,36,15,21,FMN GV 03 Hove
46,Statielei 16,2022-03-11,00:00:00,17,5,12,FMN GV 03 Hove
46,Statielei 16,2022-03-11,01:00:00,4,2,2,FMN GV 03 Hove
46,Statielei 16,2022-03-11,02:00:00,5,2,3,FMN GV 03 Hove
46,Statielei 16,2022-03-11,03:00:00,2,1,1,FMN GV 03 Hove
46,Statielei 16,2022-03-11,04:00:00,15,7,8,FMN GV 03 Hove
46,Statielei 16,2022-03-11,05:00:00,19,9,10,FMN GV 03 Hove
46,Statielei 16,2022-03-11,06:00:00,84,64,20,FMN GV 03 Hove
46,Statielei 16,2022-03-11,07:00:00,266,203,63,FMN GV 03 Hove
46,Statielei 16,2022-03-11,08:00:00,338,248,90,FMN GV 03 Hove
46,Statielei 16,2022-03-11,09:00:00,106,70,36,FMN GV 03 Hove
46,Statielei 16,2022-03-11,10:00:00,109,55,54,FMN GV 03 Hove
46,Statielei 16,2022-03-11,11:00:00,99,50,49,FMN GV 03 Hove
46,Statielei 16,2022-03-11,12:00:00,150,68,82,FMN GV 03 Hove
46,Statielei 16,2022-03-11,13:00:00,167,104,63,FMN GV 03 Hove
46,Statielei 16,2022-03-11,14:00:00,163,66,97,FMN GV 03 Hove
46,Statielei 16,2022-03-11,15:00:00,250,101,149,FMN GV 03 Hove
46,Statielei 16,2022-03-11,16:00:00,282,82,200,FMN GV 03 Hove
46,Statielei 16,2022-03-11,17:00:00,303,116,187,FMN GV 03 Hove
46,Statielei 16,2022-03-11,18:00:00,163,62,101,FMN GV 03 Hove
46,Statielei 16,2022-03-11,19:00:00,100,55,45,FMN GV 03 Hove
46,Statielei 16,2022-03-11,20:00:00,54,26,28,FMN GV 03 Hove
46,Statielei 16,2022-03-11,21:00:00,41,15,26,FMN GV 03 Hove
46,Statielei 16,2022-03-11,22:00:00,40,23,17,FMN GV 03 Hove
46,Statielei 16,2022-03-11,23:00:00,29,14,15,FMN GV 03 Hove
46,Statielei 16,2022-03-12,00:00:00,37,20,17,FMN GV 03 Hove
46,Statielei 16,2022-03-12,01:00:00,27,10,17,FMN GV 03 Hove
46,Statielei 16,2022-03-12,02:00:00,13,7,6,FMN GV 03 Hove
46,Statielei 16,2022-03-12,03:00:00,11,4,7,FMN GV 03 Hove
46,Statielei 16,2022-03-12,04:00:00,11,3,8,FMN GV 03 Hove
46,Statielei 16,2022-03-12,05:00:00,6,4,2,FMN GV 03 Hove
46,Statielei 16,2022-03-12,06:00:00,29,15,14,FMN GV 03 Hove
46,Statielei 16,2022-03-12,07:00:00,14,6,8,FMN GV 03 Hove
46,Statielei 16,2022-03-12,08:00:00,52,31,21,FMN GV 03 Hove
46,Statielei 16,2022-03-12,09:00:00,97,50,47,FMN GV 03 Hove
46,Statielei 16,2022-03-12,10:00:00,141,81,60,FMN GV 03 Hove
46,Statielei 16,2022-03-12,11:00:00,143,87,56,FMN GV 03 Hove
46,Statielei 16,2022-03-12,12:00:00,171,79,92,FMN GV 03 Hove
46,Statielei 16,2022-03-12,13:00:00,190,102,88,FMN GV 03 Hove
46,Statielei 16,2022-03-12,14:00:00,179,89,90,FMN GV 03 Hove
46,Statielei 16,2022-03-12,15:00:00,160,93,67,FMN GV 03 Hove
46,Statielei 16,2022-03-12,16:00:00,143,72,71,FMN GV 03 Hove
46,Statielei 16,2022-03-12,17:00:00,140,87,53,FMN GV 03 Hove
46,Statielei 16,2022-03-12,18:00:00,87,56,31,FMN GV 03 Hove
46,Statielei 16,2022-03-12,19:00:00,67,37,30,FMN GV 03 Hove
46,Statielei 16,2022-03-12,20:00:00,46,26,20,FMN GV 03 Hove
46,Statielei 16,2022-03-12,21:00:00,42,20,22,FMN GV 03 Hove
46,Statielei 16,2022-03-12,22:00:00,27,11,16,FMN GV 03 Hove
46,Statielei 16,2022-03-12,23:00:00,31,16,15,FMN GV 03 Hove
46,Statielei 16,2022-03-13,00:00:00,23,15,8,FMN GV 03 Hove
46,Statielei 16,2022-03-13,01:00:00,16,6,10,FMN GV 03 Hove
46,Statielei 16,2022-03-13,02:00:00,13,4,9,FMN GV 03 Hove
46,Statielei 16,2022-03-13,03:00:00,3,1,2,FMN GV 03 Hove
46,Statielei 16,2022-03-13,04:00:00,7,4,3,FMN GV 03 Hove
46,Statielei 16,2022-03-13,05:00:00,6,5,1,FMN GV 03 Hove
46,Statielei 16,2022-03-13,06:00:00,9,5,4,FMN GV 03 Hove
46,Statielei 16,2022-03-13,07:00:00,17,7,10,FMN GV 03 Hove
46,Statielei 16,2022-03-13,08:00:00,47,17,30,FMN GV 03 Hove
46,Statielei 16,2022-03-13,09:00:00,216,72,144,FMN GV 03 Hove
46,Statielei 16,2022-03-13,10:00:00,156,63,93,FMN GV 03 Hove
46,Statielei 16,2022-03-13,11:00:00,219,124,95,FMN GV 03 Hove
46,Statielei 16,2022-03-13,12:00:00,190,115,75,FMN GV 03 Hove
46,Statielei 16,2022-03-13,13:00:00,246,127,119,FMN GV 03 Hove
46,Statielei 16,2022-03-13,14:00:00,194,103,91,FMN GV 03 Hove
46,Statielei 16,2022-03-13,15:00:00,182,101,81,FMN GV 03 Hove
46,Statielei 16,2022-03-13,16:00:00,168,99,69,FMN GV 03 Hove
46,Statielei 16,2022-03-13,17:00:00,140,80,60,FMN GV 03 Hove
46,Statielei 16,2022-03-13,18:00:00,69,41,28,FMN GV 03 Hove
46,Statielei 16,2022-03-13,19:00:00,46,26,20,FMN GV 03 Hove
46,Statielei 16,2022-03-13,20:00:00,39,23,16,FMN GV 03 Hove
46,Statielei 16,2022-03-13,21:00:00,25,14,11,FMN GV 03 Hove
46,Statielei 16,2022-03-13,22:00:00,18,11,7,FMN GV 03 Hove
46,Statielei 16,2022-03-13,23:00:00,9,3,6,FMN GV 03 Hove
46,Statielei 16,2022-03-14,00:00:00,0,0,0,FMN GV 03 Hove
46,Statielei 16,2022-03-14,01:00:00,2,1,1,FMN GV 03 Hove
46,Statielei 16,2022-03-14,02:00:00,6,1,5,FMN GV 03 Hove
46,Statielei 16,2022-03-14,03:00:00,1,0,1,FMN GV 03 Hove
46,Statielei 16,2022-03-14,04:00:00,15,10,5,FMN GV 03 Hove
46,Statielei 16,2022-03-14,05:00:00,36,21,15,FMN GV 03 Hove
46,Statielei 16,2022-03-14,06:00:00,108,81,27,FMN GV 03 Hove
46,Statielei 16,2022-03-14,07:00:00,315,262,53,FMN GV 03 Hove
46,Statielei 16,2022-03-14,08:00:00,374,290,84,FMN GV 03 Hove
46,Statielei 16,2022-03-14,09:00:00,113,76,37,FMN GV 03 Hove
46,Statielei 16,2022-03-14,10:00:00,80,45,35,FMN GV 03 Hove
46,Statielei 16,2022-03-14,11:00:00,61,42,19,FMN GV 03 Hove
46,Statielei 16,2022-03-14,12:00:00,103,65,38,FMN GV 03 Hove
46,Statielei 16,2022-03-14,13:00:00,116,64,52,FMN GV 03 Hove
46,Statielei 16,2022-03-14,14:00:00,132,60,72,FMN GV 03 Hove
46,Statielei 16,2022-03-14,15:00:00,169,57,112,FMN GV 03 Hove
46,Statielei 16,2022-03-14,16:00:00,297,80,217,FMN GV 03 Hove
46,Statielei 16,2022-03-14,17:00:00,366,112,254,FMN GV 03 Hove
46,Statielei 16,2022-03-14,18:00:00,188,59,129,FMN GV 03 Hove
46,Statielei 16,2022-03-14,19:00:00,72,38,34,FMN GV 03 Hove
46,Statielei 16,2022-03-14,20:00:00,36,19,17,FMN GV 03 Hove
46,Statielei 16,2022-03-14,21:00:00,33,13,20,FMN GV 03 Hove
46,Statielei 16,2022-03-14,22:00:00,41,16,25,FMN GV 03 Hove
46,Statielei 16,2022-03-14,23:00:00,8,5,3,FMN GV 03 Hove
46,Statielei 16,2022-03-15,00:00:00,3,0,3,FMN GV 03 Hove
46,Statielei 16,2022-03-15,01:00:00,4,1,3,FMN GV 03 Hove
46,Statielei 16,2022-03-15,02:00:00,2,1,1,FMN GV 03 Hove
46,Statielei 16,2022-03-15,03:00:00,3,2,1,FMN GV 03 Hove
46,Statielei 16,2022-03-15,04:00:00,14,9,5,FMN GV 03 Hove
46,Statielei 16,2022-03-15,05:00:00,26,17,9,FMN GV 03 Hove
46,Statielei 16,2022-03-15,06:00:00,92,66,26,FMN GV 03 Hove
46,Statielei 16,2022-03-15,07:00:00,337,262,75,FMN GV 03 Hove
46,Statielei 16,2022-03-15,08:00:00,365,290,75,FMN GV 03 Hove
46,Statielei 16,2022-03-15,09:00:00,95,65,30,FMN GV 03 Hove
46,Statielei 16,2022-03-15,10:00:00,67,42,25,FMN GV 03 Hove
46,Statielei 16,2022-03-15,11:00:00,60,35,25,FMN GV 03 Hove
46,Statielei 16,2022-03-15,12:00:00,95,47,48,FMN GV 03 Hove
46,Statielei 16,2022-03-15,13:00:00,118,69,49,FMN GV 03 Hove
46,Statielei 16,2022-03-15,14:00:00,100,38,62,FMN GV 03 Hove
46,Statielei 16,2022-03-15,15:00:00,163,60,103,FMN GV 03 Hove
46,Statielei 16,2022-03-15,16:00:00,285,85,200,FMN GV 03 Hove
46,Statielei 16,2022-03-15,17:00:00,312,101,211,FMN GV 03 Hove
46,Statielei 16,2022-03-15,18:00:00,199,67,132,FMN GV 03 Hove
46,Statielei 16,2022-03-15,19:00:00,82,35,47,FMN GV 03 Hove
46,Statielei 16,2022-03-15,20:00:00,49,24,25,FMN GV 03 Hove
46,Statielei 16,2022-03-15,21:00:00,39,17,22,FMN GV 03 Hove
46,Statielei 16,2022-03-15,22:00:00,47,19,28,FMN GV 03 Hove
46,Statielei 16,2022-03-15,23:00:00,13,8,5,FMN GV 03 Hove
46,Statielei 16,2022-03-16,00:00:00,5,2,3,FMN GV 03 Hove
46,Statielei 16,2022-03-16,01:00:00,3,2,1,FMN GV 03 Hove
46,Statielei 16,2022-03-16,02:00:00,2,1,1,FMN GV 03 Hove
46,Statielei 16,2022-03-16,03:00:00,3,1,2,FMN GV 03 Hove
46,Statielei 16,2022-03-16,04:00:00,16,8,8,FMN GV 03 Hove
46,Statielei 16,2022-03-16,05:00:00,28,14,14,FMN GV 03 Hove
46,Statielei 16,2022-03-16,06:00:00,98,79,19,FMN GV 03 Hove
46,Statielei 16,2022-03-16,07:00:00,323,264,59,FMN GV 03 Hove
46,Statielei 16,2022-03-16,08:00:00,337,256,81,FMN GV 03 Hove
46,Statielei 16,2022-03-16,09:00:00,153,110,43,FMN GV 03 Hove
46,Statielei 16,2022-03-16,10:00:00,155,74,81,FMN GV 03 Hove
46,Statielei 16,2022-03-16,11:00:00,171,92,79,FMN GV 03 Hove
46,Statielei 16,2022-03-16,12:00:00,251,100,151,FMN GV 03 Hove
46,Statielei 16,2022-03-16,13:00:00,211,91,120,FMN GV 03 Hove
46,Statielei 16,2022-03-16,14:00:00,172,86,86,FMN GV 03 Hove
46,Statielei 16,2022-03-16,15:00:00,148,66,82,FMN GV 03 Hove
46,Statielei 16,2022-03-16,16:00:00,263,102,161,FMN GV 03 Hove
46,Statielei 16,2022-03-16,17:00:00,347,122,225,FMN GV 03 Hove
46,Statielei 16,2022-03-16,18:00:00,191,79,112,FMN GV 03 Hove
46,Statielei 16,2022-03-16,19:00:00,94,46,48,FMN GV 03 Hove
46,Statielei 16,2022-03-16,20:00:00,53,24,29,FMN GV 03 Hove
46,Statielei 16,2022-03-16,21:00:00,44,22,22,FMN GV 03 Hove
46,Statielei 16,2022-03-16,22:00:00,35,16,19,FMN GV 03 Hove
46,Statielei 16,2022-03-16,23:00:00,19,11,8,FMN GV 03 Hove
46,Statielei 16,2022-03-17,00:00:00,12,4,8,FMN GV 03 Hove
46,Statielei 16,2022-03-17,01:00:00,2,0,2,FMN GV 03 Hove
46,Statielei 16,2022-03-17,02:00:00,2,0,2,FMN GV 03 Hove
46,Statielei 16,2022-03-17,03:00:00,3,1,2,FMN GV 03 Hove
46,Statielei 16,2022-03-17,04:00:00,9,4,5,FMN GV 03 Hove
46,Statielei 16,2022-03-17,05:00:00,30,18,12,FMN GV 03 Hove
46,Statielei 16,2022-03-17,06:00:00,98,70,28,FMN GV 03 Hove
46,Statielei 16,2022-03-17,07:00:00,316,257,59,FMN GV 03 Hove
46,Statielei 16,2022-03-17,08:00:00,382,303,79,FMN GV 03 Hove
46,Statielei 16,2022-03-17,09:00:00,96,66,30,FMN GV 03 Hove
46,Statielei 16,2022-03-17,10:00:00,62,33,29,FMN GV 03 Hove
46,Statielei 16,2022-03-17,11:00:00,71,46,25,FMN GV 03 Hove
46,Statielei 16,2022-03-17,12:00:00,113,53,60,FMN GV 03 Hove
46,Statielei 16,2022-03-17,13:00:00,119,76,43,FMN GV 03 Hove
46,Statielei 16,2022-03-17,14:00:00,137,65,72,FMN GV 03 Hove
46,Statielei 16,2022-03-17,15:00:00,181,75,106,FMN GV 03 Hove
46,Statielei 16,2022-03-17,16:00:00,295,83,212,FMN GV 03 Hove
46,Statielei 16,2022-03-17,17:00:00,326,122,204,FMN GV 03 Hove
46,Statielei 16,2022-03-17,18:00:00,188,66,122,FMN GV 03 Hove
46,Statielei 16,2022-03-17,19:00:00,91,43,48,FMN GV 03 Hove
46,Statielei 16,2022-03-17,20:00:00,54,35,19,FMN GV 03 Hove
46,Statielei 16,2022-03-17,21:00:00,51,26,25,FMN GV 03 Hove
46,Statielei 16,2022-03-17,22:00:00,34,11,23,FMN GV 03 Hove
46,Statielei 16,2022-03-17,23:00:00,21,8,13,FMN GV 03 Hove
46,Statielei 16,2022-03-18,00:00:00,11,6,5,FMN GV 03 Hove
46,Statielei 16,2022-03-18,01:00:00,6,0,6,FMN GV 03 Hove
46,Statielei 16,2022-03-18,02:00:00,5,1,4,FMN GV 03 Hove
46,Statielei 16,2022-03-18,03:00:00,7,2,5,FMN GV 03 Hove
46,Statielei 16,2022-03-18,04:00:00,16,7,9,FMN GV 03 Hove
46,Statielei 16,2022-03-18,05:00:00,31,18,13,FMN GV 03 Hove
46,Statielei 16,2022-03-18,06:00:00,86,65,21,FMN GV 03 Hove
46,Statielei 16,2022-03-18,07:00:00,242,191,51,FMN GV 03 Hove
46,Statielei 16,2022-03-18,08:00:00,299,224,75,FMN GV 03 Hove
46,Statielei 16,2022-03-18,09:00:00,98,65,33,FMN GV 03 Hove
46,Statielei 16,2022-03-18,10:00:00,87,49,38,FMN GV 03 Hove
46,Statielei 16,2022-03-18,11:00:00,118,60,58,FMN GV 03 Hove
46,Statielei 16,2022-03-18,12:00:00,153,81,72,FMN GV 03 Hove
46,Statielei 16,2022-03-18,13:00:00,177,99,78,FMN GV 03 Hove
46,Statielei 16,2022-03-18,14:00:00,172,92,80,FMN GV 03 Hove
46,Statielei 16,2022-03-18,15:00:00,235,91,144,FMN GV 03 Hove
46,Statielei 16,2022-03-18,16:00:00,311,120,191,FMN GV 03 Hove
46,Statielei 16,2022-03-18,17:00:00,263,99,164,FMN GV 03 Hove
46,Statielei 16,2022-03-18,18:00:00,172,77,95,FMN GV 03 Hove
46,Statielei 16,2022-03-18,19:00:00,94,52,42,FMN GV 03 Hove
46,Statielei 16,2022-03-18,20:00:00,62,28,34,FMN GV 03 Hove
46,Statielei 16,2022-03-18,21:00:00,36,15,21,FMN GV 03 Hove
46,Statielei 16,2022-03-18,22:00:00,42,17,25,FMN GV 03 Hove
46,Statielei 16,2022-03-18,23:00:00,36,10,26,FMN GV 03 Hove
46,Statielei 16,2022-03-19,00:00:00,18,7,11,FMN GV 03 Hove
46,Statielei 16,2022-03-19,01:00:00,18,5,13,FMN GV 03 Hove
46,Statielei 16,2022-03-19,02:00:00,7,2,5,FMN GV 03 Hove
46,Statielei 16,2022-03-19,03:00:00,8,4,4,FMN GV 03 Hove
46,Statielei 16,2022-03-19,04:00:00,13,1,12,FMN GV 03 Hove
46,Statielei 16,2022-03-19,05:00:00,9,4,5,FMN GV 03 Hove
46,Statielei 16,2022-03-19,06:00:00,14,6,8,FMN GV 03 Hove
46,Statielei 16,2022-03-19,07:00:00,25,14,11,FMN GV 03 Hove
46,Statielei 16,2022-03-19,08:00:00,54,38,16,FMN GV 03 Hove
46,Statielei 16,2022-03-19,09:00:00,97,52,45,FMN GV 03 Hove
46,Statielei 16,2022-03-19,10:00:00,111,60,51,FMN GV 03 Hove
46,Statielei 16,2022-03-19,11:00:00,168,98,70,FMN GV 03 Hove
46,Statielei 16,2022-03-19,12:00:00,173,105,68,FMN GV 03 Hove
46,Statielei 16,2022-03-19,13:00:00,183,101,82,FMN GV 03 Hove
46,Statielei 16,2022-03-19,14:00:00,173,98,75,FMN GV 03 Hove
46,Statielei 16,2022-03-19,15:00:00,166,99,67,FMN GV 03 Hove
46,Statielei 16,2022-03-19,16:00:00,147,76,71,FMN GV 03 Hove
46,Statielei 16,2022-03-19,17:00:00,156,84,72,FMN GV 03 Hove
46,Statielei 16,2022-03-19,18:00:00,88,38,50,FMN GV 03 Hove
46,Statielei 16,2022-03-19,19:00:00,43,26,17,FMN GV 03 Hove
46,Statielei 16,2022-03-19,20:00:00,56,33,23,FMN GV 03 Hove
46,Statielei 16,2022-03-19,21:00:00,23,13,10,FMN GV 03 Hove
46,Statielei 16,2022-03-19,22:00:00,28,14,14,FMN GV 03 Hove
46,Statielei 16,2022-03-19,23:00:00,32,21,11,FMN GV 03 Hove
46,Statielei 16,2022-03-20,00:00:00,17,5,12,FMN GV 03 Hove
46,Statielei 16,2022-03-20,01:00:00,17,9,8,FMN GV 03 Hove
46,Statielei 16,2022-03-20,02:00:00,6,1,5,FMN GV 03 Hove
46,Statielei 16,2022-03-20,03:00:00,3,1,2,FMN GV 03 Hove
46,Statielei 16,2022-03-20,04:00:00,8,6,2,FMN GV 03 Hove
46,Statielei 16,2022-03-20,05:00:00,9,3,6,FMN GV 03 Hove
46,Statielei 16,2022-03-20,06:00:00,8,5,3,FMN GV 03 Hove
46,Statielei 16,2022-03-20,07:00:00,21,10,11,FMN GV 03 Hove
46,Statielei 16,2022-03-20,08:00:00,24,13,11,FMN GV 03 Hove
46,Statielei 16,2022-03-20,09:00:00,61,29,32,FMN GV 03 Hove
46,Statielei 16,2022-03-20,10:00:00,62,30,32,FMN GV 03 Hove
46,Statielei 16,2022-03-20,11:00:00,65,30,35,FMN GV 03 Hove
46,Statielei 16,2022-03-20,12:00:00,93,45,48,FMN GV 03 Hove
46,Statielei 16,2022-03-20,13:00:00,84,49,35,FMN GV 03 Hove
46,Statielei 16,2022-03-20,14:00:00,131,62,69,FMN GV 03 Hove
46,Statielei 16,2022-03-20,15:00:00,131,88,43,FMN GV 03 Hove
46,Statielei 16,2022-03-20,16:00:00,103,54,49,FMN GV 03 Hove
46,Statielei 16,2022-03-20,17:00:00,81,42,39,FMN GV 03 Hove
46,Statielei 16,2022-03-20,18:00:00,51,32,19,FMN GV 03 Hove
46,Statielei 16,2022-03-20,19:00:00,29,12,17,FMN GV 03 Hove
46,Statielei 16,2022-03-20,20:00:00,24,17,7,FMN GV 03 Hove
46,Statielei 16,2022-03-20,21:00:00,12,8,4,FMN GV 03 Hove
46,Statielei 16,2022-03-20,22:00:00,13,8,5,FMN GV 03 Hove
46,Statielei 16,2022-03-20,23:00:00,12,5,7,FMN GV 03 Hove
46,Statielei 16,2022-03-21,00:00:00,2,0,2,FMN GV 03 Hove
46,Statielei 16,2022-03-21,01:00:00,1,1,0,FMN GV 03 Hove
46,Statielei 16,2022-03-21,02:00:00,1,0,1,FMN GV 03 Hove
46,Statielei 16,2022-03-21,03:00:00,2,1,1,FMN GV 03 Hove
46,Statielei 16,2022-03-21,04:00:00,9,7,2,FMN GV 03 Hove
46,Statielei 16,2022-03-21,05:00:00,32,23,9,FMN GV 03 Hove
46,Statielei 16,2022-03-21,06:00:00,81,59,22,FMN GV 03 Hove
46,Statielei 16,2022-03-21,07:00:00,280,220,60,FMN GV 03 Hove
46,Statielei 16,2022-03-21,08:00:00,338,261,77,FMN GV 03 Hove
46,Statielei 16,2022-03-21,09:00:00,92,59,33,FMN GV 03 Hove
46,Statielei 16,2022-03-21,10:00:00,79,48,31,FMN GV 03 Hove
46,Statielei 16,2022-03-21,11:00:00,92,55,37,FMN GV 03 Hove
46,Statielei 16,2022-03-21,12:00:00,131,71,60,FMN GV 03 Hove
46,Statielei 16,2022-03-21,13:00:00,140,64,76,FMN GV 03 Hove
46,Statielei 16,2022-03-21,14:00:00,172,88,84,FMN GV 03 Hove
46,Statielei 16,2022-03-21,15:00:00,216,102,114,FMN GV 03 Hove
46,Statielei 16,2022-03-21,16:00:00,313,83,230,FMN GV 03 Hove
46,Statielei 16,2022-03-21,17:00:00,334,116,218,FMN GV 03 Hove
46,Statielei 16,2022-03-21,18:00:00,223,89,134,FMN GV 03 Hove
46,Statielei 16,2022-03-21,19:00:00,81,39,42,FMN GV 03 Hove
46,Statielei 16,2022-03-21,20:00:00,58,29,29,FMN GV 03 Hove
46,Statielei 16,2022-03-21,21:00:00,35,16,19,FMN GV 03 Hove
46,Statielei 16,2022-03-21,22:00:00,43,20,23,FMN GV 03 Hove
46,Statielei 16,2022-03-21,23:00:00,16,5,11,FMN GV 03 Hove
46,Statielei 16,2022-03-22,00:00:00,4,1,3,FMN GV 03 Hove
46,Statielei 16,2022-03-22,01:00:00,0,0,0,FMN GV 03 Hove
46,Statielei 16,2022-03-22,02:00:00,5,1,4,FMN GV 03 Hove
46,Statielei 16,2022-03-22,03:00:00,3,3,0,FMN GV 03 Hove
46,Statielei 16,2022-03-22,04:00:00,14,8,6,FMN GV 03 Hove
46,Statielei 16,2022-03-22,05:00:00,30,21,9,FMN GV 03 Hove
46,Statielei 16,2022-03-22,06:00:00,105,72,33,FMN GV 03 Hove
46,Statielei 16,2022-03-22,07:00:00,344,264,80,FMN GV 03 Hove
46,Statielei 16,2022-03-22,08:00:00,455,348,107,FMN GV 03 Hove
46,Statielei 16,2022-03-22,09:00:00,132,88,44,FMN GV 03 Hove
46,Statielei 16,2022-03-22,10:00:00,103,62,41,FMN GV 03 Hove
46,Statielei 16,2022-03-22,11:00:00,118,53,65,FMN GV 03 Hove
46,Statielei 16,2022-03-22,12:00:00,161,82,79,FMN GV 03 Hove
46,Statielei 16,2022-03-22,13:00:00,177,98,79,FMN GV 03 Hove
46,Statielei 16,2022-03-22,14:00:00,216,102,114,FMN GV 03 Hove
46,Statielei 16,2022-03-22,15:00:00,233,99,134,FMN GV 03 Hove
46,Statielei 16,2022-03-22,16:00:00,377,101,276,FMN GV 03 Hove
46,Statielei 16,2022-03-22,17:00:00,450,173,277,FMN GV 03 Hove
46,Statielei 16,2022-03-22,18:00:00,251,92,159,FMN GV 03 Hove
46,Statielei 16,2022-03-22,19:00:00,124,71,53,FMN GV 03 Hove
46,Statielei 16,2022-03-22,20:00:00,53,22,31,FMN GV 03 Hove
46,Statielei 16,2022-03-22,21:00:00,53,27,26,FMN GV 03 Hove
46,Statielei 16,2022-03-22,22:00:00,43,17,26,FMN GV 03 Hove
46,Statielei 16,2022-03-22,23:00:00,20,7,13,FMN GV 03 Hove
46,Statielei 16,2022-03-23,00:00:00,10,4,6,FMN GV 03 Hove
46,Statielei 16,2022-03-23,01:00:00,1,1,0,FMN GV 03 Hove
46,Statielei 16,2022-03-23,02:00:00,3,1,2,FMN GV 03 Hove
46,Statielei 16,2022-03-23,03:00:00,2,1,1,FMN GV 03 Hove
46,Statielei 16,2022-03-23,04:00:00,15,9,6,FMN GV 03 Hove
46,Statielei 16,2022-03-23,05:00:00,29,24,5,FMN GV 03 Hove
46,Statielei 16,2022-03-23,06:00:00,84,60,24,FMN GV 03 Hove
46,Statielei 16,2022-03-23,07:00:00,325,247,78,FMN GV 03 Hove
46,Statielei 16,2022-03-23,08:00:00,335,262,73,FMN GV 03 Hove
46,Statielei 16,2022-03-23,09:00:00,147,96,51,FMN GV 03 Hove
46,Statielei 16,2022-03-23,10:00:00,152,85,67,FMN GV 03 Hove
46,Statielei 16,2022-03-23,11:00:00,168,81,87,FMN GV 03 Hove
46,Statielei 16,2022-03-23,12:00:00,232,86,146,FMN GV 03 Hove
46,Statielei 16,2022-03-23,13:00:00,204,85,119,FMN GV 03 Hove
46,Statielei 16,2022-03-23,14:00:00,215,83,132,FMN GV 03 Hove
46,Statielei 16,2022-03-23,15:00:00,219,107,112,FMN GV 03 Hove
46,Statielei 16,2022-03-23,16:00:00,286,109,177,FMN GV 03 Hove
46,Statielei 16,2022-03-23,17:00:00,372,167,205,FMN GV 03 Hove
46,Statielei 16,2022-03-23,18:00:00,244,107,137,FMN GV 03 Hove
46,Statielei 16,2022-03-23,19:00:00,106,53,53,FMN GV 03 Hove
46,Statielei 16,2022-03-23,20:00:00,43,24,19,FMN GV 03 Hove
46,Statielei 16,2022-03-23,21:00:00,59,33,26,FMN GV 03 Hove
46,Statielei 16,2022-03-23,22:00:00,43,24,19,FMN GV 03 Hove
46,Statielei 16,2022-03-23,23:00:00,25,6,19,FMN GV 03 Hove
46,Statielei 16,2022-03-24,00:00:00,16,7,9,FMN GV 03 Hove
46,Statielei 16,2022-03-24,01:00:00,9,6,3,FMN GV 03 Hove
46,Statielei 16,2022-03-24,02:00:00,2,2,0,FMN GV 03 Hove
46,Statielei 16,2022-03-24,03:00:00,3,1,2,FMN GV 03 Hove
46,Statielei 16,2022-03-24,04:00:00,12,7,5,FMN GV 03 Hove
46,Statielei 16,2022-03-24,05:00:00,27,19,8,FMN GV 03 Hove
46,Statielei 16,2022-03-24,06:00:00,95,70,25,FMN GV 03 Hove
46,Statielei 16,2022-03-24,07:00:00,351,273,78,FMN GV 03 Hove
46,Statielei 16,2022-03-24,08:00:00,396,302,94,FMN GV 03 Hove
46,Statielei 16,2022-03-24,09:00:00,140,93,47,FMN GV 03 Hove
46,Statielei 16,2022-03-24,10:00:00,104,54,50,FMN GV 03 Hove
46,Statielei 16,2022-03-24,11:00:00,105,64,41,FMN GV 03 Hove
46,Statielei 16,2022-03-24,12:00:00,165,79,86,FMN GV 03 Hove
46,Statielei 16,2022-03-24,13:00:00,189,99,90,FMN GV 03 Hove
46,Statielei 16,2022-03-24,14:00:00,160,63,97,FMN GV 03 Hove
46,Statielei 16,2022-03-24,15:00:00,223,101,122,FMN GV 03 Hove
46,Statielei 16,2022-03-24,16:00:00,342,111,231,FMN GV 03 Hove
46,Statielei 16,2022-03-24,17:00:00,399,142,257,FMN GV 03 Hove
46,Statielei 16,2022-03-24,18:00:00,263,122,141,FMN GV 03 Hove
46,Statielei 16,2022-03-24,19:00:00,104,48,56,FMN GV 03 Hove
46,Statielei 16,2022-03-24,20:00:00,67,22,45,FMN GV 03 Hove
46,Statielei 16,2022-03-24,21:00:00,60,20,40,FMN GV 03 Hove
46,Statielei 16,2022-03-24,22:00:00,58,28,30,FMN GV 03 Hove
46,Statielei 16,2022-03-24,23:00:00,16,7,9,FMN GV 03 Hove
46,Statielei 16,2022-03-25,00:00:00,16,10,6,FMN GV 03 Hove
46,Statielei 16,2022-03-25,01:00:00,4,1,3,FMN GV 03 Hove
46,Statielei 16,2022-03-25,02:00:00,5,2,3,FMN GV 03 Hove
46,Statielei 16,2022-03-25,03:00:00,4,1,3,FMN GV 03 Hove
46,Statielei 16,2022-03-25,04:00:00,16,11,5,FMN GV 03 Hove
46,Statielei 16,2022-03-25,05:00:00,22,14,8,FMN GV 03 Hove
46,Statielei 16,2022-03-25,06:00:00,83,58,25,FMN GV 03 Hove
46,Statielei 16,2022-03-25,07:00:00,284,216,68,FMN GV 03 Hove
46,Statielei 16,2022-03-25,08:00:00,311,251,60,FMN GV 03 Hove
46,Statielei 16,2022-03-25,09:00:00,109,65,44,FMN GV 03 Hove
46,Statielei 16,2022-03-25,10:00:00,141,85,56,FMN GV 03 Hove
46,Statielei 16,2022-03-25,11:00:00,98,52,46,FMN GV 03 Hove
46,Statielei 16,2022-03-25,12:00:00,177,90,87,FMN GV 03 Hove
46,Statielei 16,2022-03-25,13:00:00,173,89,84,FMN GV 03 Hove
46,Statielei 16,2022-03-25,14:00:00,189,88,101,FMN GV 03 Hove
46,Statielei 16,2022-03-25,15:00:00,235,109,126,FMN GV 03 Hove
46,Statielei 16,2022-03-25,16:00:00,308,106,202,FMN GV 03 Hove
46,Statielei 16,2022-03-25,17:00:00,301,115,186,FMN GV 03 Hove
46,Statielei 16,2022-03-25,18:00:00,213,97,116,FMN GV 03 Hove
46,Statielei 16,2022-03-25,19:00:00,107,58,49,FMN GV 03 Hove
46,Statielei 16,2022-03-25,20:00:00,51,33,18,FMN GV 03 Hove
46,Statielei 16,2022-03-25,21:00:00,55,24,31,FMN GV 03 Hove
46,Statielei 16,2022-03-25,22:00:00,41,15,26,FMN GV 03 Hove
46,Statielei 16,2022-03-25,23:00:00,41,14,27,FMN GV 03 Hove
46,Statielei 16,2022-03-26,00:00:00,34,12,22,FMN GV 03 Hove
46,Statielei 16,2022-03-26,01:00:00,24,11,13,FMN GV 03 Hove
46,Statielei 16,2022-03-26,02:00:00,7,4,3,FMN GV 03 Hove
46,Statielei 16,2022-03-26,03:00:00,13,5,8,FMN GV 03 Hove
46,Statielei 16,2022-03-26,04:00:00,10,2,8,FMN GV 03 Hove
46,Statielei 16,2022-03-26,05:00:00,10,5,5,FMN GV 03 Hove
46,Statielei 16,2022-03-26,06:00:00,15,9,6,FMN GV 03 Hove
46,Statielei 16,2022-03-26,07:00:00,35,22,13,FMN GV 03 Hove
46,Statielei 16,2022-03-26,08:00:00,55,32,23,FMN GV 03 Hove
46,Statielei 16,2022-03-26,09:00:00,105,52,53,FMN GV 03 Hove
46,Statielei 16,2022-03-26,10:00:00,176,103,73,FMN GV 03 Hove
46,Statielei 16,2022-03-26,11:00:00,181,109,72,FMN GV 03 Hove
46,Statielei 16,2022-03-26,12:00:00,167,104,63,FMN GV 03 Hove
46,Statielei 16,2022-03-26,13:00:00,231,121,110,FMN GV 03 Hove
46,Statielei 16,2022-03-26,14:00:00,271,138,133,FMN GV 03 Hove
46,Statielei 16,2022-03-26,15:00:00,241,142,99,FMN GV 03 Hove
46,Statielei 16,2022-03-26,16:00:00,198,113,85,FMN GV 03 Hove
46,Statielei 16,2022-03-26,17:00:00,191,106,85,FMN GV 03 Hove
46,Statielei 16,2022-03-26,18:00:00,150,82,68,FMN GV 03 Hove
46,Statielei 16,2022-03-26,19:00:00,69,41,28,FMN GV 03 Hove
46,Statielei 16,2022-03-26,20:00:00,43,24,19,FMN GV 03 Hove
46,Statielei 16,2022-03-26,21:00:00,39,25,14,FMN GV 03 Hove
46,Statielei 16,2022-03-26,22:00:00,42,14,28,FMN GV 03 Hove
46,Statielei 16,2022-03-26,23:00:00,33,15,18,FMN GV 03 Hove
46,Statielei 16,2022-03-27,00:00:00,32,14,18,FMN GV 03 Hove
46,Statielei 16,2022-03-27,01:00:00,14,5,9,FMN GV 03 Hove
46,Statielei 16,2022-03-27,02:00:00,0,0,0,FMN GV 03 Hove
46,Statielei 16,2022-03-27,03:00:00,17,9,8,FMN GV 03 Hove
46,Statielei 16,2022-03-27,04:00:00,8,4,4,FMN GV 03 Hove
46,Statielei 16,2022-03-27,05:00:00,11,7,4,FMN GV 03 Hove
46,Statielei 16,2022-03-27,06:00:00,13,9,4,FMN GV 03 Hove
46,Statielei 16,2022-03-27,07:00:00,14,9,5,FMN GV 03 Hove
46,Statielei 16,2022-03-27,08:00:00,32,13,19,FMN GV 03 Hove
46,Statielei 16,2022-03-27,09:00:00,89,45,44,FMN GV 03 Hove
46,Statielei 16,2022-03-27,10:00:00,102,54,48,FMN GV 03 Hove
46,Statielei 16,2022-03-27,11:00:00,110,66,44,FMN GV 03 Hove
46,Statielei 16,2022-03-27,12:00:00,115,64,51,FMN GV 03 Hove
46,Statielei 16,2022-03-27,13:00:00,131,64,67,FMN GV 03 Hove
46,Statielei 16,2022-03-27,14:00:00,182,95,87,FMN GV 03 Hove
46,Statielei 16,2022-03-27,15:00:00,142,85,57,FMN GV 03 Hove
46,Statielei 16,2022-03-27,16:00:00,129,71,58,FMN GV 03 Hove
46,Statielei 16,2022-03-27,17:00:00,138,77,61,FMN GV 03 Hove
46,Statielei 16,2022-03-27,18:00:00,124,75,49,FMN GV 03 Hove
46,Statielei 16,2022-03-27,19:00:00,63,26,37,FMN GV 03 Hove
46,Statielei 16,2022-03-27,20:00:00,46,24,22,FMN GV 03 Hove
46,Statielei 16,2022-03-27,21:00:00,32,10,22,FMN GV 03 Hove
46,Statielei 16,2022-03-27,22:00:00,24,12,12,FMN GV 03 Hove
46,Statielei 16,2022-03-27,23:00:00,8,4,4,FMN GV 03 Hove
46,Statielei 16,2022-03-28,00:00:00,3,0,3,FMN GV 03 Hove
46,Statielei 16,2022-03-28,01:00:00,1,0,1,FMN GV 03 Hove
46,Statielei 16,2022-03-28,02:00:00,1,0,1,FMN GV 03 Hove
46,Statielei 16,2022-03-28,03:00:00,4,1,3,FMN GV 03 Hove
46,Statielei 16,2022-03-28,04:00:00,8,4,4,FMN GV 03 Hove
46,Statielei 16,2022-03-28,05:00:00,20,10,10,FMN GV 03 Hove
46,Statielei 16,2022-03-28,06:00:00,88,59,29,FMN GV 03 Hove
46,Statielei 16,2022-03-28,07:00:00,284,229,55,FMN GV 03 Hove
46,Statielei 16,2022-03-28,08:00:00,329,267,62,FMN GV 03 Hove
46,Statielei 16,2022-03-28,09:00:00,115,84,31,FMN GV 03 Hove
46,Statielei 16,2022-03-28,10:00:00,96,52,44,FMN GV 03 Hove
46,Statielei 16,2022-03-28,11:00:00,103,59,44,FMN GV 03 Hove
46,Statielei 16,2022-03-28,12:00:00,157,87,70,FMN GV 03 Hove
46,Statielei 16,2022-03-28,13:00:00,156,86,70,FMN GV 03 Hove
46,Statielei 16,2022-03-28,14:00:00,192,93,99,FMN GV 03 Hove
46,Statielei 16,2022-03-28,15:00:00,232,93,139,FMN GV 03 Hove
46,Statielei 16,2022-03-28,16:00:00,324,98,226,FMN GV 03 Hove
46,Statielei 16,2022-03-28,17:00:00,364,111,253,FMN GV 03 Hove
46,Statielei 16,2022-03-28,18:00:00,239,101,138,FMN GV 03 Hove
46,Statielei 16,2022-03-28,19:00:00,110,60,50,FMN GV 03 Hove
46,Statielei 16,2022-03-28,20:00:00,60,36,24,FMN GV 03 Hove
46,Statielei 16,2022-03-28,21:00:00,51,28,23,FMN GV 03 Hove
46,Statielei 16,2022-03-28,22:00:00,49,17,32,FMN GV 03 Hove
46,Statielei 16,2022-03-28,23:00:00,14,5,9,FMN GV 03 Hove
46,Statielei 16,2022-03-29,00:00:00,3,0,3,FMN GV 03 Hove
46,Statielei 16,2022-03-29,01:00:00,5,0,5,FMN GV 03 Hove
46,Statielei 16,2022-03-29,02:00:00,3,2,1,FMN GV 03 Hove
46,Statielei 16,2022-03-29,03:00:00,2,1,1,FMN GV 03 Hove
46,Statielei 16,2022-03-29,04:00:00,6,3,3,FMN GV 03 Hove
46,Statielei 16,2022-03-29,05:00:00,29,14,15,FMN GV 03 Hove
46,Statielei 16,2022-03-29,06:00:00,99,73,26,FMN GV 03 Hove
46,Statielei 16,2022-03-29,07:00:00,310,249,61,FMN GV 03 Hove
46,Statielei 16,2022-03-29,08:00:00,399,321,78,FMN GV 03 Hove
46,Statielei 16,2022-03-29,09:00:00,106,80,26,FMN GV 03 Hove
46,Statielei 16,2022-03-29,10:00:00,92,49,43,FMN GV 03 Hove
46,Statielei 16,2022-03-29,11:00:00,68,41,27,FMN GV 03 Hove
46,Statielei 16,2022-03-29,12:00:00,134,68,66,FMN GV 03 Hove
46,Statielei 16,2022-03-29,13:00:00,117,60,57,FMN GV 03 Hove
46,Statielei 16,2022-03-29,14:00:00,111,54,57,FMN GV 03 Hove
46,Statielei 16,2022-03-29,15:00:00,160,51,109,FMN GV 03 Hove
46,Statielei 16,2022-03-29,16:00:00,306,67,239,FMN GV 03 Hove
46,Statielei 16,2022-03-29,17:00:00,332,122,210,FMN GV 03 Hove
46,Statielei 16,2022-03-29,18:00:00,254,84,170,FMN GV 03 Hove
46,Statielei 16,2022-03-29,19:00:00,106,52,54,FMN GV 03 Hove
46,Statielei 16,2022-03-29,20:00:00,60,30,30,FMN GV 03 Hove
46,Statielei 16,2022-03-29,21:00:00,40,22,18,FMN GV 03 Hove
46,Statielei 16,2022-03-29,22:00:00,60,23,37,FMN GV 03 Hove
46,Statielei 16,2022-03-29,23:00:00,20,11,9,FMN GV 03 Hove
46,Statielei 16,2022-03-30,00:00:00,6,2,4,FMN GV 03 Hove
46,Statielei 16,2022-03-30,01:00:00,5,2,3,FMN GV 03 Hove
46,Statielei 16,2022-03-30,02:00:00,1,1,0,FMN GV 03 Hove
46,Statielei 16,2022-03-30,03:00:00,2,1,1,FMN GV 03 Hove
46,Statielei 16,2022-03-30,04:00:00,8,3,5,FMN GV 03 Hove
46,Statielei 16,2022-03-30,05:00:00,30,17,13,FMN GV 03 Hove
46,Statielei 16,2022-03-30,06:00:00,105,78,27,FMN GV 03 Hove
46,Statielei 16,2022-03-30,07:00:00,265,211,54,FMN GV 03 Hove
46,Statielei 16,2022-03-30,08:00:00,279,215,64,FMN GV 03 Hove
46,Statielei 16,2022-03-30,09:00:00,130,84,46,FMN GV 03 Hove
46,Statielei 16,2022-03-30,10:00:00,119,77,42,FMN GV 03 Hove
46,Statielei 16,2022-03-30,11:00:00,143,60,83,FMN GV 03 Hove
46,Statielei 16,2022-03-30,12:00:00,183,60,123,FMN GV 03 Hove
46,Statielei 16,2022-03-30,13:00:00,161,82,79,FMN GV 03 Hove
46,Statielei 16,2022-03-30,14:00:00,138,63,75,FMN GV 03 Hove
46,Statielei 16,2022-03-30,15:00:00,132,62,70,FMN GV 03 Hove
46,Statielei 16,2022-03-30,16:00:00,193,57,136,FMN GV 03 Hove
46,Statielei 16,2022-03-30,17:00:00,286,100,186,FMN GV 03 Hove
46,Statielei 16,2022-03-30,18:00:00,198,82,116,FMN GV 03 Hove
46,Statielei 16,2022-03-30,19:00:00,87,42,45,FMN GV 03 Hove
46,Statielei 16,2022-03-30,20:00:00,61,32,29,FMN GV 03 Hove
46,Statielei 16,2022-03-30,21:00:00,41,25,16,FMN GV 03 Hove
46,Statielei 16,2022-03-30,22:00:00,33,13,20,FMN GV 03 Hove
46,Statielei 16,2022-03-30,23:00:00,24,6,18,FMN GV 03 Hove
46,Statielei 16,2022-03-31,00:00:00,11,5,6,FMN GV 03 Hove
46,Statielei 16,2022-03-31,01:00:00,6,3,3,FMN GV 03 Hove
46,Statielei 16,2022-03-31,02:00:00,4,2,2,FMN GV 03 Hove
46,Statielei 16,2022-03-31,03:00:00,1,1,0,FMN GV 03 Hove
46,Statielei 16,2022-03-31,04:00:00,6,1,5,FMN GV 03 Hove
46,Statielei 16,2022-03-31,05:00:00,24,13,11,FMN GV 03 Hove
46,Statielei 16,2022-03-31,06:00:00,51,36,15,FMN GV 03 Hove
46,Statielei 16,2022-03-31,07:00:00,204,166,38,FMN GV 03 Hove
46,Statielei 16,2022-03-31,08:00:00,247,202,45,FMN GV 03 Hove
46,Statielei 16,2022-03-31,09:00:00,79,59,20,FMN GV 03 Hove
46,Statielei 16,2022-03-31,10:00:00,44,28,16,FMN GV 03 Hove
46,Statielei 16,2022-03-31,11:00:00,57,35,22,FMN GV 03 Hove
46,Statielei 16,2022-03-31,12:00:00,58,37,21,FMN GV 03 Hove
46,Statielei 16,2022-03-31,13:00:00,83,51,32,FMN GV 03 Hove
46,Statielei 16,2022-03-31,14:00:00,59,26,33,FMN GV 03 Hove
46,Statielei 16,2022-03-31,15:00:00,105,36,69,FMN GV 03 Hove
46,Statielei 16,2022-03-31,16:00:00,150,43,107,FMN GV 03 Hove
46,Statielei 16,2022-03-31,17:00:00,220,71,149,FMN GV 03 Hove
46,Statielei 16,2022-03-31,18:00:00,123,44,79,FMN GV 03 Hove
46,Statielei 16,2022-03-31,19:00:00,70,36,34,FMN GV 03 Hove
46,Statielei 16,2022-03-31,20:00:00,41,13,28,FMN GV 03 Hove
46,Statielei 16,2022-03-31,21:00:00,33,15,18,FMN GV 03 Hove
46,Statielei 16,2022-03-31,22:00:00,36,20,16,FMN GV 03 Hove
46,Statielei 16,2022-03-31,23:00:00,16,4,12,FMN GV 03 Hove
46,Statielei 16,2022-04-01,00:00:00,12,1,11,FMN GV 03 Hove
46,Statielei 16,2022-04-01,01:00:00,2,0,2,FMN GV 03 Hove
46,Statielei 16,2022-04-01,02:00:00,1,1,0,FMN GV 03 Hove
46,Statielei 16,2022-04-01,03:00:00,2,1,1,FMN GV 03 Hove
46,Statielei 16,2022-04-01,04:00:00,6,2,4,FMN GV 03 Hove
46,Statielei 16,2022-04-01,05:00:00,12,8,4,FMN GV 03 Hove
46,Statielei 16,2022-04-01,06:00:00,35,27,8,FMN GV 03 Hove
46,Statielei 16,2022-04-01,07:00:00,114,86,28,FMN GV 03 Hove
46,Statielei 16,2022-04-01,08:00:00,157,122,35,FMN GV 03 Hove
46,Statielei 16,2022-04-01,09:00:00,56,43,13,FMN GV 03 Hove
46,Statielei 16,2022-04-01,10:00:00,41,25,16,FMN GV 03 Hove
46,Statielei 16,2022-04-01,11:00:00,31,20,11,FMN GV 03 Hove
46,Statielei 16,2022-04-01,12:00:00,34,11,23,FMN GV 03 Hove
46,Statielei 16,2022-04-01,13:00:00,48,31,17,FMN GV 03 Hove
46,Statielei 16,2022-04-01,14:00:00,59,24,35,FMN GV 03 Hove
46,Statielei 16,2022-04-01,15:00:00,85,38,47,FMN GV 03 Hove
46,Statielei 16,2022-04-01,16:00:00,113,29,84,FMN GV 03 Hove
46,Statielei 16,2022-04-01,17:00:00,100,38,62,FMN GV 03 Hove
46,Statielei 16,2022-04-01,18:00:00,68,28,40,FMN GV 03 Hove
46,Statielei 16,2022-04-01,19:00:00,61,30,31,FMN GV 03 Hove
46,Statielei 16,2022-04-01,20:00:00,31,15,16,FMN GV 03 Hove
46,Statielei 16,2022-04-01,21:00:00,25,14,11,FMN GV 03 Hove
46,Statielei 16,2022-04-01,22:00:00,24,7,17,FMN GV 03 Hove
46,Statielei 16,2022-04-01,23:00:00,18,6,12,FMN GV 03 Hove
46,Statielei 16,2022-04-02,00:00:00,16,9,7,FMN GV 03 Hove
46,Statielei 16,2022-04-02,01:00:00,7,0,7,FMN GV 03 Hove
46,Statielei 16,2022-04-02,02:00:00,3,1,2,FMN GV 03 Hove
46,Statielei 16,2022-04-02,03:00:00,8,1,7,FMN GV 03 Hove
46,Statielei 16,2022-04-02,04:00:00,8,1,7,FMN GV 03 Hove
46,Statielei 16,2022-04-02,05:00:00,13,7,6,FMN GV 03 Hove
46,Statielei 16,2022-04-02,06:00:00,12,7,5,FMN GV 03 Hove
46,Statielei 16,2022-04-02,07:00:00,9,7,2,FMN GV 03 Hove
46,Statielei 16,2022-04-02,08:00:00,23,15,8,FMN GV 03 Hove
46,Statielei 16,2022-04-02,09:00:00,43,28,15,FMN GV 03 Hove
46,Statielei 16,2022-04-02,10:00:00,74,36,38,FMN GV 03 Hove
46,Statielei 16,2022-04-02,11:00:00,85,38,47,FMN GV 03 Hove
46,Statielei 16,2022-04-02,12:00:00,103,64,39,FMN GV 03 Hove
46,Statielei 16,2022-04-02,13:00:00,77,44,33,FMN GV 03 Hove
46,Statielei 16,2022-04-02,14:00:00,85,51,34,FMN GV 03 Hove
46,Statielei 16,2022-04-02,15:00:00,81,50,31,FMN GV 03 Hove
46,Statielei 16,2022-04-02,16:00:00,50,24,26,FMN GV 03 Hove
46,Statielei 16,2022-04-02,17:00:00,58,28,30,FMN GV 03 Hove
46,Statielei 16,2022-04-02,18:00:00,55,25,30,FMN GV 03 Hove
46,Statielei 16,2022-04-02,19:00:00,35,22,13,FMN GV 03 Hove
46,Statielei 16,2022-04-02,20:00:00,23,13,10,FMN GV 03 Hove
46,Statielei 16,2022-04-02,21:00:00,20,9,11,FMN GV 03 Hove
46,Statielei 16,2022-04-02,22:00:00,28,9,19,FMN GV 03 Hove
46,Statielei 16,2022-04-02,23:00:00,30,13,17,FMN GV 03 Hove
46,Statielei 16,2022-04-03,00:00:00,11,3,8,FMN GV 03 Hove
46,Statielei 16,2022-04-03,01:00:00,7,6,1,FMN GV 03 Hove
46,Statielei 16,2022-04-03,02:00:00,9,5,4,FMN GV 03 Hove
46,Statielei 16,2022-04-03,03:00:00,7,0,7,FMN GV 03 Hove
46,Statielei 16,2022-04-03,04:00:00,2,1,1,FMN GV 03 Hove
46,Statielei 16,2022-04-03,05:00:00,5,5,0,FMN GV 03 Hove
46,Statielei 16,2022-04-03,06:00:00,6,3,3,FMN GV 03 Hove
46,Statielei 16,2022-04-03,07:00:00,12,9,3,FMN GV 03 Hove
46,Statielei 16,2022-04-03,08:00:00,50,41,9,FMN GV 03 Hove
46,Statielei 16,2022-04-03,09:00:00,72,40,32,FMN GV 03 Hove
46,Statielei 16,2022-04-03,10:00:00,76,31,45,FMN GV 03 Hove
46,Statielei 16,2022-04-03,11:00:00,132,73,59,FMN GV 03 Hove
46,Statielei 16,2022-04-03,12:00:00,124,71,53,FMN GV 03 Hove
46,Statielei 16,2022-04-03,13:00:00,121,69,52,FMN GV 03 Hove
46,Statielei 16,2022-04-03,14:00:00,95,49,46,FMN GV 03 Hove
46,Statielei 16,2022-04-03,15:00:00,80,45,35,FMN GV 03 Hove
46,Statielei 16,2022-04-03,16:00:00,55,25,30,FMN GV 03 Hove
46,Statielei 16,2022-04-03,17:00:00,89,34,55,FMN GV 03 Hove
46,Statielei 16,2022-04-03,18:00:00,55,31,24,FMN GV 03 Hove
46,Statielei 16,2022-04-03,19:00:00,40,21,19,FMN GV 03 Hove
46,Statielei 16,2022-04-03,20:00:00,30,18,12,FMN GV 03 Hove
46,Statielei 16,2022-04-03,21:00:00,25,10,15,FMN GV 03 Hove
46,Statielei 16,2022-04-03,22:00:00,22,11,11,FMN GV 03 Hove
46,Statielei 16,2022-04-03,23:00:00,6,3,3,FMN GV 03 Hove
46,Statielei 16,2022-04-04,00:00:00,1,0,1,FMN GV 03 Hove
46,Statielei 16,2022-04-04,01:00:00,1,1,0,FMN GV 03 Hove
46,Statielei 16,2022-04-04,02:00:00,0,0,0,FMN GV 03 Hove
46,Statielei 16,2022-04-04,03:00:00,1,0,1,FMN GV 03 Hove
46,Statielei 16,2022-04-04,04:00:00,5,3,2,FMN GV 03 Hove
46,Statielei 16,2022-04-04,05:00:00,17,13,4,FMN GV 03 Hove
46,Statielei 16,2022-04-04,06:00:00,60,40,20,FMN GV 03 Hove
46,Statielei 16,2022-04-04,07:00:00,134,108,26,FMN GV 03 Hove
46,Statielei 16,2022-04-04,08:00:00,142,92,50,FMN GV 03 Hove
46,Statielei 16,2022-04-04,09:00:00,63,41,22,FMN GV 03 Hove
46,Statielei 16,2022-04-04,10:00:00,46,25,21,FMN GV 03 Hove
46,Statielei 16,2022-04-04,11:00:00,54,25,29,FMN GV 03 Hove
46,Statielei 16,2022-04-04,12:00:00,33,19,14,FMN GV 03 Hove
46,Statielei 16,2022-04-04,13:00:00,45,26,19,FMN GV 03 Hove
46,Statielei 16,2022-04-04,14:00:00,38,12,26,FMN GV 03 Hove
46,Statielei 16,2022-04-04,15:00:00,38,17,21,FMN GV 03 Hove
46,Statielei 16,2022-04-04,16:00:00,87,22,65,FMN GV 03 Hove
46,Statielei 16,2022-04-04,17:00:00,133,44,89,FMN GV 03 Hove
46,Statielei 16,2022-04-04,18:00:00,81,31,50,FMN GV 03 Hove
46,Statielei 16,2022-04-04,19:00:00,36,15,21,FMN GV 03 Hove
46,Statielei 16,2022-04-04,20:00:00,25,11,14,FMN GV 03 Hove
46,Statielei 16,2022-04-04,21:00:00,16,9,7,FMN GV 03 Hove
46,Statielei 16,2022-04-04,22:00:00,22,11,11,FMN GV 03 Hove
46,Statielei 16,2022-04-04,23:00:00,3,2,1,FMN GV 03 Hove
46,Statielei 16,2022-04-05,00:00:00,3,0,3,FMN GV 03 Hove
46,Statielei 16,2022-04-05,01:00:00,1,0,1,FMN GV 03 Hove
46,Statielei 16,2022-04-05,02:00:00,4,4,0,FMN GV 03 Hove
46,Statielei 16,2022-04-05,03:00:00,2,1,1,FMN GV 03 Hove
46,Statielei 16,2022-04-05,04:00:00,6,1,5,FMN GV 03 Hove
46,Statielei 16,2022-04-05,05:00:00,17,14,3,FMN GV 03 Hove
46,Statielei 16,2022-04-05,06:00:00,50,39,11,FMN GV 03 Hove
46,Statielei 16,2022-04-05,07:00:00,133,108,25,FMN GV 03 Hove
46,Statielei 16,2022-04-05,08:00:00,157,117,40,FMN GV 03 Hove
46,Statielei 16,2022-04-05,09:00:00,46,23,23,FMN GV 03 Hove
46,Statielei 16,2022-04-05,10:00:00,32,19,13,FMN GV 03 Hove
46,Statielei 16,2022-04-05,11:00:00,35,14,21,FMN GV 03 Hove
46,Statielei 16,2022-04-05,12:00:00,41,21,20,FMN GV 03 Hove
46,Statielei 16,2022-04-05,13:00:00,51,31,20,FMN GV 03 Hove
46,Statielei 16,2022-04-05,14:00:00,45,21,24,FMN GV 03 Hove
46,Statielei 16,2022-04-05,15:00:00,69,33,36,FMN GV 03 Hove
46,Statielei 16,2022-04-05,16:00:00,109,36,73,FMN GV 03 Hove
46,Statielei 16,2022-04-05,17:00:00,150,51,99,FMN GV 03 Hove
46,Statielei 16,2022-04-05,18:00:00,112,32,80,FMN GV 03 Hove
46,Statielei 16,2022-04-05,19:00:00,48,20,28,FMN GV 03 Hove
46,Statielei 16,2022-04-05,20:00:00,30,16,14,FMN GV 03 Hove
46,Statielei 16,2022-04-05,21:00:00,15,6,9,FMN GV 03 Hove
46,Statielei 16,2022-04-05,22:00:00,25,11,14,FMN GV 03 Hove
46,Statielei 16,2022-04-05,23:00:00,10,4,6,FMN GV 03 Hove
46,Statielei 16,2022-04-06,00:00:00,9,4,5,FMN GV 03 Hove
46,Statielei 16,2022-04-06,01:00:00,5,4,1,FMN GV 03 Hove
46,Statielei 16,2022-04-06,02:00:00,1,1,0,FMN GV 03 Hove
46,Statielei 16,2022-04-06,03:00:00,1,0,1,FMN GV 03 Hove
46,Statielei 16,2022-04-06,04:00:00,9,3,6,FMN GV 03 Hove
46,Statielei 16,2022-04-06,05:00:00,13,9,4,FMN GV 03 Hove
46,Statielei 16,2022-04-06,06:00:00,69,46,23,FMN GV 03 Hove
46,Statielei 16,2022-04-06,07:00:00,115,96,19,FMN GV 03 Hove
46,Statielei 16,2022-04-06,08:00:00,133,95,38,FMN GV 03 Hove
46,Statielei 16,2022-04-06,09:00:00,72,48,24,FMN GV 03 Hove
46,Statielei 16,2022-04-06,10:00:00,86,46,40,FMN GV 03 Hove
46,Statielei 16,2022-04-06,11:00:00,74,34,40,FMN GV 03 Hove
46,Statielei 16,2022-04-06,12:00:00,78,32,46,FMN GV 03 Hove
46,Statielei 16,2022-04-06,13:00:00,49,22,27,FMN GV 03 Hove
46,Statielei 16,2022-04-06,14:00:00,65,35,30,FMN GV 03 Hove
46,Statielei 16,2022-04-06,15:00:00,66,32,34,FMN GV 03 Hove
46,Statielei 16,2022-04-06,16:00:00,108,31,77,FMN GV 03 Hove
46,Statielei 16,2022-04-06,17:00:00,127,47,80,FMN GV 03 Hove
46,Statielei 16,2022-04-06,18:00:00,78,27,51,FMN GV 03 Hove
46,Statielei 16,2022-04-06,19:00:00,38,13,25,FMN GV 03 Hove
46,Statielei 16,2022-04-06,20:00:00,29,12,17,FMN GV 03 Hove
46,Statielei 16,2022-04-06,21:00:00,22,16,6,FMN GV 03 Hove
46,Statielei 16,2022-04-06,22:00:00,26,5,21,FMN GV 03 Hove
46,Statielei 16,2022-04-06,23:00:00,14,9,5,FMN GV 03 Hove
46,Statielei 16,2022-04-07,00:00:00,2,1,1,FMN GV 03 Hove
46,Statielei 16,2022-04-07,01:00:00,3,1,2,FMN GV 03 Hove
46,Statielei 16,2022-04-07,02:00:00,5,4,1,FMN GV 03 Hove
46,Statielei 16,2022-04-07,03:00:00,2,1,1,FMN GV 03 Hove
46,Statielei 16,2022-04-07,04:00:00,8,2,6,FMN GV 03 Hove
46,Statielei 16,2022-04-07,05:00:00,12,10,2,FMN GV 03 Hove
46,Statielei 16,2022-04-07,06:00:00,49,35,14,FMN GV 03 Hove
46,Statielei 16,2022-04-07,07:00:00,80,57,23,FMN GV 03 Hove
46,Statielei 16,2022-04-07,08:00:00,72,55,17,FMN GV 03 Hove
46,Statielei 16,2022-04-07,09:00:00,27,16,11,FMN GV 03 Hove
46,Statielei 16,2022-04-07,10:00:00,11,6,5,FMN GV 03 Hove
46,Statielei 16,2022-04-07,11:00:00,22,12,10,FMN GV 03 Hove
46,Statielei 16,2022-04-07,12:00:00,46,25,21,FMN GV 03 Hove
46,Statielei 16,2022-04-07,13:00:00,46,30,16,FMN GV 03 Hove
46,Statielei 16,2022-04-07,14:00:00,50,26,24,FMN GV 03 Hove
46,Statielei 16,2022-04-07,15:00:00,47,20,27,FMN GV 03 Hove
46,Statielei 16,2022-04-07,16:00:00,102,36,66,FMN GV 03 Hove
46,Statielei 16,2022-04-07,17:00:00,113,42,71,FMN GV 03 Hove
46,Statielei 16,2022-04-07,18:00:00,88,43,45,FMN GV 03 Hove
46,Statielei 16,2022-04-07,19:00:00,35,18,17,FMN GV 03 Hove
46,Statielei 16,2022-04-07,20:00:00,29,16,13,FMN GV 03 Hove
46,Statielei 16,2022-04-07,21:00:00,19,9,10,FMN GV 03 Hove
46,Statielei 16,2022-04-07,22:00:00,19,7,12,FMN GV 03 Hove
46,Statielei 16,2022-04-07,23:00:00,13,6,7,FMN GV 03 Hove
46,Statielei 16,2022-04-08,00:00:00,6,1,5,FMN GV 03 Hove
46,Statielei 16,2022-04-08,01:00:00,2,1,1,FMN GV 03 Hove
46,Statielei 16,2022-04-08,02:00:00,2,2,0,FMN GV 03 Hove
46,Statielei 16,2022-04-08,03:00:00,2,1,1,FMN GV 03 Hove
46,Statielei 16,2022-04-08,04:00:00,6,4,2,FMN GV 03 Hove
46,Statielei 16,2022-04-08,05:00:00,17,12,5,FMN GV 03 Hove
46,Statielei 16,2022-04-08,06:00:00,44,30,14,FMN GV 03 Hove
46,Statielei 16,2022-04-08,07:00:00,99,66,33,FMN GV 03 Hove
46,Statielei 16,2022-04-08,08:00:00,122,90,32,FMN GV 03 Hove
46,Statielei 16,2022-04-08,09:00:00,55,40,15,FMN GV 03 Hove
46,Statielei 16,2022-04-08,10:00:00,38,23,15,FMN GV 03 Hove
46,Statielei 16,2022-04-08,11:00:00,48,32,16,FMN GV 03 Hove
46,Statielei 16,2022-04-08,12:00:00,64,34,30,FMN GV 03 Hove
46,Statielei 16,2022-04-08,13:00:00,78,37,41,FMN GV 03 Hove
46,Statielei 16,2022-04-08,14:00:00,76,39,37,FMN GV 03 Hove
46,Statielei 16,2022-04-08,15:00:00,89,42,47,FMN GV 03 Hove
46,Statielei 16,2022-04-08,16:00:00,123,63,60,FMN GV 03 Hove
46,Statielei 16,2022-04-08,17:00:00,134,42,92,FMN GV 03 Hove
46,Statielei 16,2022-04-08,18:00:00,102,44,58,FMN GV 03 Hove
46,Statielei 16,2022-04-08,19:00:00,53,32,21,FMN GV 03 Hove
46,Statielei 16,2022-04-08,20:00:00,31,13,18,FMN GV 03 Hove
46,Statielei 16,2022-04-08,21:00:00,25,15,10,FMN GV 03 Hove
46,Statielei 16,2022-04-08,22:00:00,20,11,9,FMN GV 03 Hove
46,Statielei 16,2022-04-08,23:00:00,21,9,12,FMN GV 03 Hove
46,Statielei 16,2022-04-09,00:00:00,26,10,16,FMN GV 03 Hove
46,Statielei 16,2022-04-09,01:00:00,14,8,6,FMN GV 03 Hove
46,Statielei 16,2022-04-09,02:00:00,6,1,5,FMN GV 03 Hove
46,Statielei 16,2022-04-09,03:00:00,3,0,3,FMN GV 03 Hove
46,Statielei 16,2022-04-09,04:00:00,10,5,5,FMN GV 03 Hove
46,Statielei 16,2022-04-09,05:00:00,7,5,2,FMN GV 03 Hove
46,Statielei 16,2022-04-09,06:00:00,11,5,6,FMN GV 03 Hove
46,Statielei 16,2022-04-09,07:00:00,16,11,5,FMN GV 03 Hove
46,Statielei 16,2022-04-09,08:00:00,34,17,17,FMN GV 03 Hove
46,Statielei 16,2022-04-09,09:00:00,49,32,17,FMN GV 03 Hove
46,Statielei 16,2022-04-09,10:00:00,83,41,42,FMN GV 03 Hove
46,Statielei 16,2022-04-09,11:00:00,114,65,49,FMN GV 03 Hove
46,Statielei 16,2022-04-09,12:00:00,103,53,50,FMN GV 03 Hove
46,Statielei 16,2022-04-09,13:00:00,104,67,37,FMN GV 03 Hove
46,Statielei 16,2022-04-09,14:00:00,108,53,55,FMN GV 03 Hove
46,Statielei 16,2022-04-09,15:00:00,101,46,55,FMN GV 03 Hove
46,Statielei 16,2022-04-09,16:00:00,95,61,34,FMN GV 03 Hove
46,Statielei 16,2022-04-09,17:00:00,79,46,33,FMN GV 03 Hove
46,Statielei 16,2022-04-09,18:00:00,52,29,23,FMN GV 03 Hove
46,Statielei 16,2022-04-09,19:00:00,52,36,16,FMN GV 03 Hove
46,Statielei 16,2022-04-09,20:00:00,28,15,13,FMN GV 03 Hove
46,Statielei 16,2022-04-09,21:00:00,18,12,6,FMN GV 03 Hove
46,Statielei 16,2022-04-09,22:00:00,16,5,11,FMN GV 03 Hove
46,Statielei 16,2022-04-09,23:00:00,22,14,8,FMN GV 03 Hove
46,Statielei 16,2022-04-10,00:00:00,24,6,18,FMN GV 03 Hove
46,Statielei 16,2022-04-10,01:00:00,14,2,12,FMN GV 03 Hove
46,Statielei 16,2022-04-10,02:00:00,8,3,5,FMN GV 03 Hove
46,Statielei 16,2022-04-10,03:00:00,4,4,0,FMN GV 03 Hove
46,Statielei 16,2022-04-10,04:00:00,5,3,2,FMN GV 03 Hove
46,Statielei 16,2022-04-10,05:00:00,15,7,8,FMN GV 03 Hove
46,Statielei 16,2022-04-10,06:00:00,11,6,5,FMN GV 03 Hove
46,Statielei 16,2022-04-10,07:00:00,14,6,8,FMN GV 03 Hove
46,Statielei 16,2022-04-10,08:00:00,17,4,13,FMN GV 03 Hove
46,Statielei 16,2022-04-10,09:00:00,86,36,50,FMN GV 03 Hove
46,Statielei 16,2022-04-10,10:00:00,116,39,77,FMN GV 03 Hove
46,Statielei 16,2022-04-10,11:00:00,169,94,75,FMN GV 03 Hove
46,Statielei 16,2022-04-10,12:00:00,173,93,80,FMN GV 03 Hove
46,Statielei 16,2022-04-10,13:00:00,161,98,63,FMN GV 03 Hove
46,Statielei 16,2022-04-10,14:00:00,153,76,77,FMN GV 03 Hove
46,Statielei 16,2022-04-10,15:00:00,134,82,52,FMN GV 03 Hove
46,Statielei 16,2022-04-10,16:00:00,134,83,51,FMN GV 03 Hove
46,Statielei 16,2022-04-10,17:00:00,119,68,51,FMN GV 03 Hove
46,Statielei 16,2022-04-10,18:00:00,100,59,41,FMN GV 03 Hove
46,Statielei 16,2022-04-10,19:00:00,59,30,29,FMN GV 03 Hove
46,Statielei 16,2022-04-10,20:00:00,50,31,19,FMN GV 03 Hove
46,Statielei 16,2022-04-10,21:00:00,26,14,12,FMN GV 03 Hove
46,Statielei 16,2022-04-10,22:00:00,29,7,22,FMN GV 03 Hove
46,Statielei 16,2022-04-10,23:00:00,18,8,10,FMN GV 03 Hove
46,Statielei 16,2022-04-11,00:00:00,7,4,3,FMN GV 03 Hove
46,Statielei 16,2022-04-11,01:00:00,5,2,3,FMN GV 03 Hove
46,Statielei 16,2022-04-11,02:00:00,1,0,1,FMN GV 03 Hove
46,Statielei 16,2022-04-11,03:00:00,6,3,3,FMN GV 03 Hove
46,Statielei 16,2022-04-11,04:00:00,10,8,2,FMN GV 03 Hove
46,Statielei 16,2022-04-11,05:00:00,26,16,10,FMN GV 03 Hove
46,Statielei 16,2022-04-11,06:00:00,66,52,14,FMN GV 03 Hove
46,Statielei 16,2022-04-11,07:00:00,180,141,39,FMN GV 03 Hove
46,Statielei 16,2022-04-11,08:00:00,170,119,51,FMN GV 03 Hove
46,Statielei 16,2022-04-11,09:00:00,80,58,22,FMN GV 03 Hove
46,Statielei 16,2022-04-11,10:00:00,57,36,21,FMN GV 03 Hove
46,Statielei 16,2022-04-11,11:00:00,94,51,43,FMN GV 03 Hove
46,Statielei 16,2022-04-11,12:00:00,97,50,47,FMN GV 03 Hove
46,Statielei 16,2022-04-11,13:00:00,126,65,61,FMN GV 03 Hove
46,Statielei 16,2022-04-11,14:00:00,157,87,70,FMN GV 03 Hove
46,Statielei 16,2022-04-11,15:00:00,137,69,68,FMN GV 03 Hove
46,Statielei 16,2022-04-11,16:00:00,197,58,139,FMN GV 03 Hove
46,Statielei 16,2022-04-11,17:00:00,256,78,178,FMN GV 03 Hove
46,Statielei 16,2022-04-11,18:00:00,184,68,116,FMN GV 03 Hove
46,Statielei 16,2022-04-11,19:00:00,71,31,40,FMN GV 03 Hove
46,Statielei 16,2022-04-11,20:00:00,57,37,20,FMN GV 03 Hove
46,Statielei 16,2022-04-11,21:00:00,23,14,9,FMN GV 03 Hove
46,Statielei 16,2022-04-11,22:00:00,29,14,15,FMN GV 03 Hove
46,Statielei 16,2022-04-11,23:00:00,15,4,11,FMN GV 03 Hove
46,Statielei 16,2022-04-12,00:00:00,6,3,3,FMN GV 03 Hove
46,Statielei 16,2022-04-12,01:00:00,0,0,0,FMN GV 03 Hove
46,Statielei 16,2022-04-12,02:00:00,1,1,0,FMN GV 03 Hove
46,Statielei 16,2022-04-12,03:00:00,7,4,3,FMN GV 03 Hove
46,Statielei 16,2022-04-12,04:00:00,11,4,7,FMN GV 03 Hove
46,Statielei 16,2022-04-12,05:00:00,26,18,8,FMN GV 03 Hove
46,Statielei 16,2022-04-12,06:00:00,73,53,20,FMN GV 03 Hove
46,Statielei 16,2022-04-12,07:00:00,254,178,76,FMN GV 03 Hove
46,Statielei 16,2022-04-12,08:00:00,269,180,89,FMN GV 03 Hove
46,Statielei 16,2022-04-12,09:00:00,118,66,52,FMN GV 03 Hove
46,Statielei 16,2022-04-12,10:00:00,99,58,41,FMN GV 03 Hove
46,Statielei 16,2022-04-12,11:00:00,136,71,65,FMN GV 03 Hove
46,Statielei 16,2022-04-12,12:00:00,136,64,72,FMN GV 03 Hove
46,Statielei 16,2022-04-12,13:00:00,166,88,78,FMN GV 03 Hove
46,Statielei 16,2022-04-12,14:00:00,212,90,122,FMN GV 03 Hove
46,Statielei 16,2022-04-12,15:00:00,187,98,89,FMN GV 03 Hove
46,Statielei 16,2022-04-12,16:00:00,296,120,176,FMN GV 03 Hove
46,Statielei 16,2022-04-12,17:00:00,360,141,219,FMN GV 03 Hove
46,Statielei 16,2022-04-12,18:00:00,263,99,164,FMN GV 03 Hove
46,Statielei 16,2022-04-12,19:00:00,118,67,51,FMN GV 03 Hove
46,Statielei 16,2022-04-12,20:00:00,82,44,38,FMN GV 03 Hove
46,Statielei 16,2022-04-12,21:00:00,46,25,21,FMN GV 03 Hove
46,Statielei 16,2022-04-12,22:00:00,45,20,25,FMN GV 03 Hove
46,Statielei 16,2022-04-12,23:00:00,22,9,13,FMN GV 03 Hove
46,Statielei 16,2022-04-13,00:00:00,14,3,11,FMN GV 03 Hove
46,Statielei 16,2022-04-13,01:00:00,6,2,4,FMN GV 03 Hove
46,Statielei 16,2022-04-13,02:00:00,2,2,0,FMN GV 03 Hove
46,Statielei 16,2022-04-13,03:00:00,6,2,4,FMN GV 03 Hove
46,Statielei 16,2022-04-13,04:00:00,11,7,4,FMN GV 03 Hove
46,Statielei 16,2022-04-13,05:00:00,25,13,12,FMN GV 03 Hove
46,Statielei 16,2022-04-13,06:00:00,76,54,22,FMN GV 03 Hove
46,Statielei 16,2022-04-13,07:00:00,185,143,42,FMN GV 03 Hove
46,Statielei 16,2022-04-13,08:00:00,191,142,49,FMN GV 03 Hove
46,Statielei 16,2022-04-13,09:00:00,118,84,34,FMN GV 03 Hove
46,Statielei 16,2022-04-13,10:00:00,127,65,62,FMN GV 03 Hove
46,Statielei 16,2022-04-13,11:00:00,111,50,61,FMN GV 03 Hove
46,Statielei 16,2022-04-13,12:00:00,82,37,45,FMN GV 03 Hove
46,Statielei 16,2022-04-13,13:00:00,67,44,23,FMN GV 03 Hove
46,Statielei 16,2022-04-13,14:00:00,53,29,24,FMN GV 03 Hove
46,Statielei 16,2022-04-13,15:00:00,90,31,59,FMN GV 03 Hove
46,Statielei 16,2022-04-13,16:00:00,132,34,98,FMN GV 03 Hove
46,Statielei 16,2022-04-13,17:00:00,202,76,126,FMN GV 03 Hove
46,Statielei 16,2022-04-13,18:00:00,146,59,87,FMN GV 03 Hove
46,Statielei 16,2022-04-13,19:00:00,85,46,39,FMN GV 03 Hove
46,Statielei 16,2022-04-13,20:00:00,50,37,13,FMN GV 03 Hove
46,Statielei 16,2022-04-13,21:00:00,34,20,14,FMN GV 03 Hove
46,Statielei 16,2022-04-13,22:00:00,25,8,17,FMN GV 03 Hove
46,Statielei 16,2022-04-13,23:00:00,24,11,13,FMN GV 03 Hove
46,Statielei 16,2022-04-14,00:00:00,10,3,7,FMN GV 03 Hove
46,Statielei 16,2022-04-14,01:00:00,2,0,2,FMN GV 03 Hove
46,Statielei 16,2022-04-14,02:00:00,4,3,1,FMN GV 03 Hove
46,Statielei 16,2022-04-14,03:00:00,12,4,8,FMN GV 03 Hove
46,Statielei 16,2022-04-14,04:00:00,18,13,5,FMN GV 03 Hove
46,Statielei 16,2022-04-14,05:00:00,19,12,7,FMN GV 03 Hove
46,Statielei 16,2022-04-14,06:00:00,80,62,18,FMN GV 03 Hove
46,Statielei 16,2022-04-14,07:00:00,188,134,54,FMN GV 03 Hove
46,Statielei 16,2022-04-14,08:00:00,203,151,52,FMN GV 03 Hove
46,Statielei 16,2022-04-14,09:00:00,114,76,38,FMN GV 03 Hove
46,Statielei 16,2022-04-14,10:00:00,105,61,44,FMN GV 03 Hove
46,Statielei 16,2022-04-14,11:00:00,112,60,52,FMN GV 03 Hove
46,Statielei 16,2022-04-14,12:00:00,149,77,72,FMN GV 03 Hove
46,Statielei 16,2022-04-14,13:00:00,209,138,71,FMN GV 03 Hove
46,Statielei 16,2022-04-14,14:00:00,168,94,74,FMN GV 03 Hove
46,Statielei 16,2022-04-14,15:00:00,192,82,110,FMN GV 03 Hove
46,Statielei 16,2022-04-14,16:00:00,226,80,146,FMN GV 03 Hove
46,Statielei 16,2022-04-14,17:00:00,301,111,190,FMN GV 03 Hove
46,Statielei 16,2022-04-14,18:00:00,208,93,115,FMN GV 03 Hove
46,Statielei 16,2022-04-14,19:00:00,121,64,57,FMN GV 03 Hove
46,Statielei 16,2022-04-14,20:00:00,83,54,29,FMN GV 03 Hove
46,Statielei 16,2022-04-14,21:00:00,56,33,23,FMN GV 03 Hove
46,Statielei 16,2022-04-14,22:00:00,30,14,16,FMN GV 03 Hove
46,Statielei 16,2022-04-14,23:00:00,42,20,22,FMN GV 03 Hove
46,Statielei 16,2022-04-15,00:00:00,23,4,19,FMN GV 03 Hove
46,Statielei 16,2022-04-15,01:00:00,10,7,3,FMN GV 03 Hove
46,Statielei 16,2022-04-15,02:00:00,3,3,0,FMN GV 03 Hove
46,Statielei 16,2022-04-15,03:00:00,7,2,5,FMN GV 03 Hove
46,Statielei 16,2022-04-15,04:00:00,13,7,6,FMN GV 03 Hove
46,Statielei 16,2022-04-15,05:00:00,18,12,6,FMN GV 03 Hove
46,Statielei 16,2022-04-15,06:00:00,49,36,13,FMN GV 03 Hove
46,Statielei 16,2022-04-15,07:00:00,132,94,38,FMN GV 03 Hove
46,Statielei 16,2022-04-15,08:00:00,144,108,36,FMN GV 03 Hove
46,Statielei 16,2022-04-15,09:00:00,92,56,36,FMN GV 03 Hove
46,Statielei 16,2022-04-15,10:00:00,91,51,40,FMN GV 03 Hove
46,Statielei 16,2022-04-15,11:00:00,106,61,45,FMN GV 03 Hove
46,Statielei 16,2022-04-15,12:00:00,116,53,63,FMN GV 03 Hove
46,Statielei 16,2022-04-15,13:00:00,151,81,70,FMN GV 03 Hove
46,Statielei 16,2022-04-15,14:00:00,185,75,110,FMN GV 03 Hove
46,Statielei 16,2022-04-15,15:00:00,171,88,83,FMN GV 03 Hove
46,Statielei 16,2022-04-15,16:00:00,234,114,120,FMN GV 03 Hove
46,Statielei 16,2022-04-15,17:00:00,226,105,121,FMN GV 03 Hove
46,Statielei 16,2022-04-15,18:00:00,158,89,69,FMN GV 03 Hove
46,Statielei 16,2022-04-15,19:00:00,103,56,47,FMN GV 03 Hove
46,Statielei 16,2022-04-15,20:00:00,64,37,27,FMN GV 03 Hove
46,Statielei 16,2022-04-15,21:00:00,45,27,18,FMN GV 03 Hove
46,Statielei 16,2022-04-15,22:00:00,39,20,19,FMN GV 03 Hove
46,Statielei 16,2022-04-15,23:00:00,40,18,22,FMN GV 03 Hove
46,Statielei 16,2022-04-16,00:00:00,23,8,15,FMN GV 03 Hove
46,Statielei 16,2022-04-16,01:00:00,18,12,6,FMN GV 03 Hove
46,Statielei 16,2022-04-16,02:00:00,18,8,10,FMN GV 03 Hove
46,Statielei 16,2022-04-16,03:00:00,11,0,11,FMN GV 03 Hove
46,Statielei 16,2022-04-16,04:00:00,13,8,5,FMN GV 03 Hove
46,Statielei 16,2022-04-16,05:00:00,9,4,5,FMN GV 03 Hove
46,Statielei 16,2022-04-16,06:00:00,11,6,5,FMN GV 03 Hove
46,Statielei 16,2022-04-16,07:00:00,23,10,13,FMN GV 03 Hove
46,Statielei 16,2022-04-16,08:00:00,43,15,28,FMN GV 03 Hove
46,Statielei 16,2022-04-16,09:00:00,79,42,37,FMN GV 03 Hove
46,Statielei 16,2022-04-16,10:00:00,141,83,58,FMN GV 03 Hove
46,Statielei 16,2022-04-16,11:00:00,143,70,73,FMN GV 03 Hove
46,Statielei 16,2022-04-16,12:00:00,189,94,95,FMN GV 03 Hove
46,Statielei 16,2022-04-16,13:00:00,195,117,78,FMN GV 03 Hove
46,Statielei 16,2022-04-16,14:00:00,230,122,108,FMN GV 03 Hove
46,Statielei 16,2022-04-16,15:00:00,201,111,90,FMN GV 03 Hove
46,Statielei 16,2022-04-16,16:00:00,220,114,106,FMN GV 03 Hove
46,Statielei 16,2022-04-16,17:00:00,169,102,67,FMN GV 03 Hove
46,Statielei 16,2022-04-16,18:00:00,101,55,46,FMN GV 03 Hove
46,Statielei 16,2022-04-16,19:00:00,59,23,36,FMN GV 03 Hove
46,Statielei 16,2022-04-16,20:00:00,69,39,30,FMN GV 03 Hove
46,Statielei 16,2022-04-16,21:00:00,48,29,19,FMN GV 03 Hove
46,Statielei 16,2022-04-16,22:00:00,35,18,17,FMN GV 03 Hove
46,Statielei 16,2022-04-16,23:00:00,25,8,17,FMN GV 03 Hove
46,Statielei 16,2022-04-17,00:00:00,36,18,18,FMN GV 03 Hove
46,Statielei 16,2022-04-17,01:00:00,8,4,4,FMN GV 03 Hove
46,Statielei 16,2022-04-17,02:00:00,3,1,2,FMN GV 03 Hove
46,Statielei 16,2022-04-17,03:00:00,7,1,6,FMN GV 03 Hove
46,Statielei 16,2022-04-17,04:00:00,12,4,8,FMN GV 03 Hove
46,Statielei 16,2022-04-17,05:00:00,9,6,3,FMN GV 03 Hove
46,Statielei 16,2022-04-17,06:00:00,8,7,1,FMN GV 03 Hove
46,Statielei 16,2022-04-17,07:00:00,10,4,6,FMN GV 03 Hove
46,Statielei 16,2022-04-17,08:00:00,20,7,13,FMN GV 03 Hove
46,Statielei 16,2022-04-17,09:00:00,116,59,57,FMN GV 03 Hove
46,Statielei 16,2022-04-17,10:00:00,173,53,120,FMN GV 03 Hove
46,Statielei 16,2022-04-17,11:00:00,209,97,112,FMN GV 03 Hove
46,Statielei 16,2022-04-17,12:00:00,198,107,91,FMN GV 03 Hove
46,Statielei 16,2022-04-17,13:00:00,190,110,80,FMN GV 03 Hove
46,Statielei 16,2022-04-17,14:00:00,198,105,93,FMN GV 03 Hove
46,Statielei 16,2022-04-17,15:00:00,223,126,97,FMN GV 03 Hove
46,Statielei 16,2022-04-17,16:00:00,138,55,83,FMN GV 03 Hove
46,Statielei 16,2022-04-17,17:00:00,175,110,65,FMN GV 03 Hove
46,Statielei 16,2022-04-17,18:00:00,148,92,56,FMN GV 03 Hove
46,Statielei 16,2022-04-17,19:00:00,139,87,52,FMN GV 03 Hove
46,Statielei 16,2022-04-17,20:00:00,82,54,28,FMN GV 03 Hove
46,Statielei 16,2022-04-17,21:00:00,51,40,11,FMN GV 03 Hove
46,Statielei 16,2022-04-17,22:00:00,40,20,20,FMN GV 03 Hove
46,Statielei 16,2022-04-17,23:00:00,13,3,10,FMN GV 03 Hove
46,Statielei 16,2022-04-18,00:00:00,17,6,11,FMN GV 03 Hove
46,Statielei 16,2022-04-18,01:00:00,3,3,0,FMN GV 03 Hove
46,Statielei 16,2022-04-18,02:00:00,5,4,1,FMN GV 03 Hove
46,Statielei 16,2022-04-18,03:00:00,10,5,5,FMN GV 03 Hove
46,Statielei 16,2022-04-18,04:00:00,4,4,0,FMN GV 03 Hove
46,Statielei 16,2022-04-18,05:00:00,10,8,2,FMN GV 03 Hove
46,Statielei 16,2022-04-18,06:00:00,10,5,5,FMN GV 03 Hove
46,Statielei 16,2022-04-18,07:00:00,17,10,7,FMN GV 03 Hove
46,Statielei 16,2022-04-18,08:00:00,40,16,24,FMN GV 03 Hove
46,Statielei 16,2022-04-18,09:00:00,122,50,72,FMN GV 03 Hove
46,Statielei 16,2022-04-18,10:00:00,158,65,93,FMN GV 03 Hove
46,Statielei 16,2022-04-18,11:00:00,184,96,88,FMN GV 03 Hove
46,Statielei 16,2022-04-18,12:00:00,211,96,115,FMN GV 03 Hove
46,Statielei 16,2022-04-18,13:00:00,264,143,121,FMN GV 03 Hove
46,Statielei 16,2022-04-18,14:00:00,302,177,125,FMN GV 03 Hove
46,Statielei 16,2022-04-18,15:00:00,294,155,139,FMN GV 03 Hove
46,Statielei 16,2022-04-18,16:00:00,249,135,114,FMN GV 03 Hove
46,Statielei 16,2022-04-18,17:00:00,218,122,96,FMN GV 03 Hove
46,Statielei 16,2022-04-18,18:00:00,163,104,59,FMN GV 03 Hove
46,Statielei 16,2022-04-18,19:00:00,122,62,60,FMN GV 03 Hove
46,Statielei 16,2022-04-18,20:00:00,74,51,23,FMN GV 03 Hove
46,Statielei 16,2022-04-18,21:00:00,36,24,12,FMN GV 03 Hove
46,Statielei 16,2022-04-18,22:00:00,21,11,10,FMN GV 03 Hove
46,Statielei 16,2022-04-18,23:00:00,19,7,12,FMN GV 03 Hove
46,Statielei 16,2022-04-19,00:00:00,4,0,4,FMN GV 03 Hove
46,Statielei 16,2022-04-19,01:00:00,1,1,0,FMN GV 03 Hove
46,Statielei 16,2022-04-19,02:00:00,1,1,0,FMN GV 03 Hove
46,Statielei 16,2022-04-19,03:00:00,3,1,2,FMN GV 03 Hove
46,Statielei 16,2022-04-19,04:00:00,11,9,2,FMN GV 03 Hove
46,Statielei 16,2022-04-19,05:00:00,25,11,14,FMN GV 03 Hove
46,Statielei 16,2022-04-19,06:00:00,106,83,23,FMN GV 03 Hove
46,Statielei 16,2022-04-19,07:00:00,391,313,78,FMN GV 03 Hove
46,Statielei 16,2022-04-19,08:00:00,462,370,92,FMN GV 03 Hove
46,Statielei 16,2022-04-19,09:00:00,132,93,39,FMN GV 03 Hove
46,Statielei 16,2022-04-19,10:00:00,86,51,35,FMN GV 03 Hove
46,Statielei 16,2022-04-19,11:00:00,89,55,34,FMN GV 03 Hove
46,Statielei 16,2022-04-19,12:00:00,146,71,75,FMN GV 03 Hove
46,Statielei 16,2022-04-19,13:00:00,162,89,73,FMN GV 03 Hove
46,Statielei 16,2022-04-19,14:00:00,147,71,76,FMN GV 03 Hove
46,Statielei 16,2022-04-19,15:00:00,233,90,143,FMN GV 03 Hove
46,Statielei 16,2022-04-19,16:00:00,385,114,271,FMN GV 03 Hove
46,Statielei 16,2022-04-19,17:00:00,420,138,282,FMN GV 03 Hove
46,Statielei 16,2022-04-19,18:00:00,320,107,213,FMN GV 03 Hove
46,Statielei 16,2022-04-19,19:00:00,151,82,69,FMN GV 03 Hove
46,Statielei 16,2022-04-19,20:00:00,86,40,46,FMN GV 03 Hove
46,Statielei 16,2022-04-19,21:00:00,61,31,30,FMN GV 03 Hove
46,Statielei 16,2022-04-19,22:00:00,54,16,38,FMN GV 03 Hove
46,Statielei 16,2022-04-19,23:00:00,38,14,24,FMN GV 03 Hove
46,Statielei 16,2022-04-20,00:00:00,8,3,5,FMN GV 03 Hove
46,Statielei 16,2022-04-20,01:00:00,0,0,0,FMN GV 03 Hove
46,Statielei 16,2022-04-20,02:00:00,1,1,0,FMN GV 03 Hove
46,Statielei 16,2022-04-20,03:00:00,5,2,3,FMN GV 03 Hove
46,Statielei 16,2022-04-20,04:00:00,12,8,4,FMN GV 03 Hove
46,Statielei 16,2022-04-20,05:00:00,34,19,15,FMN GV 03 Hove
46,Statielei 16,2022-04-20,06:00:00,111,87,24,FMN GV 03 Hove
46,Statielei 16,2022-04-20,07:00:00,374,302,72,FMN GV 03 Hove
46,Statielei 16,2022-04-20,08:00:00,410,322,88,FMN GV 03 Hove
46,Statielei 16,2022-04-20,09:00:00,164,127,37,FMN GV 03 Hove
46,Statielei 16,2022-04-20,10:00:00,138,71,67,FMN GV 03 Hove
46,Statielei 16,2022-04-20,11:00:00,148,77,71,FMN GV 03 Hove
46,Statielei 16,2022-04-20,12:00:00,259,86,173,FMN GV 03 Hove
46,Statielei 16,2022-04-20,13:00:00,225,104,121,FMN GV 03 Hove
46,Statielei 16,2022-04-20,14:00:00,174,82,92,FMN GV 03 Hove
46,Statielei 16,2022-04-20,15:00:00,158,73,85,FMN GV 03 Hove
46,Statielei 16,2022-04-20,16:00:00,276,89,187,FMN GV 03 Hove
46,Statielei 16,2022-04-20,17:00:00,374,124,250,FMN GV 03 Hove
46,Statielei 16,2022-04-20,18:00:00,273,111,162,FMN GV 03 Hove
46,Statielei 16,2022-04-20,19:00:00,161,81,80,FMN GV 03 Hove
46,Statielei 16,2022-04-20,20:00:00,104,60,44,FMN GV 03 Hove
46,Statielei 16,2022-04-20,21:00:00,61,32,29,FMN GV 03 Hove
46,Statielei 16,2022-04-20,22:00:00,52,22,30,FMN GV 03 Hove
46,Statielei 16,2022-04-20,23:00:00,29,7,22,FMN GV 03 Hove
46,Statielei 16,2022-04-21,00:00:00,20,8,12,FMN GV 03 Hove
46,Statielei 16,2022-04-21,01:00:00,7,4,3,FMN GV 03 Hove
46,Statielei 16,2022-04-21,02:00:00,1,1,0,FMN GV 03 Hove
46,Statielei 16,2022-04-21,03:00:00,7,2,5,FMN GV 03 Hove
46,Statielei 16,2022-04-21,04:00:00,15,11,4,FMN GV 03 Hove
46,Statielei 16,2022-04-21,05:00:00,29,17,12,FMN GV 03 Hove
46,Statielei 16,2022-04-21,06:00:00,109,81,28,FMN GV 03 Hove
46,Statielei 16,2022-04-21,07:00:00,395,313,82,FMN GV 03 Hove
46,Statielei 16,2022-04-21,08:00:00,443,347,96,FMN GV 03 Hove
46,Statielei 16,2022-04-21,09:00:00,138,89,49,FMN GV 03 Hove
46,Statielei 16,2022-04-21,10:00:00,91,57,34,FMN GV 03 Hove
46,Statielei 16,2022-04-21,11:00:00,108,63,45,FMN GV 03 Hove
46,Statielei 16,2022-04-21,12:00:00,139,65,74,FMN GV 03 Hove
46,Statielei 16,2022-04-21,13:00:00,175,96,79,FMN GV 03 Hove
46,Statielei 16,2022-04-21,14:00:00,149,56,93,FMN GV 03 Hove
46,Statielei 16,2022-04-21,15:00:00,230,97,133,FMN GV 03 Hove
46,Statielei 16,2022-04-21,16:00:00,390,114,276,FMN GV 03 Hove
46,Statielei 16,2022-04-21,17:00:00,416,147,269,FMN GV 03 Hove
46,Statielei 16,2022-04-21,18:00:00,318,117,201,FMN GV 03 Hove
46,Statielei 16,2022-04-21,19:00:00,168,98,70,FMN GV 03 Hove
46,Statielei 16,2022-04-21,20:00:00,117,73,44,FMN GV 03 Hove
46,Statielei 16,2022-04-21,21:00:00,74,37,37,FMN GV 03 Hove
46,Statielei 16,2022-04-21,22:00:00,65,31,34,FMN GV 03 Hove
46,Statielei 16,2022-04-21,23:00:00,47,13,34,FMN GV 03 Hove
46,Statielei 16,2022-04-22,00:00:00,22,6,16,FMN GV 03 Hove
46,Statielei 16,2022-04-22,01:00:00,0,0,0,FMN GV 03 Hove
46,Statielei 16,2022-04-22,02:00:00,1,1,0,FMN GV 03 Hove
46,Statielei 16,2022-04-22,03:00:00,10,2,8,FMN GV 03 Hove
46,Statielei 16,2022-04-22,04:00:00,12,9,3,FMN GV 03 Hove
46,Statielei 16,2022-04-22,05:00:00,24,13,11,FMN GV 03 Hove
46,Statielei 16,2022-04-22,06:00:00,96,68,28,FMN GV 03 Hove
46,Statielei 16,2022-04-22,07:00:00,301,226,75,FMN GV 03 Hove
46,Statielei 16,2022-04-22,08:00:00,391,304,87,FMN GV 03 Hove
46,Statielei 16,2022-04-22,09:00:00,119,84,35,FMN GV 03 Hove
46,Statielei 16,2022-04-22,10:00:00,112,70,42,FMN GV 03 Hove
46,Statielei 16,2022-04-22,11:00:00,108,62,46,FMN GV 03 Hove
46,Statielei 16,2022-04-22,12:00:00,138,61,77,FMN GV 03 Hove
46,Statielei 16,2022-04-22,13:00:00,144,67,77,FMN GV 03 Hove
46,Statielei 16,2022-04-22,14:00:00,124,41,83,FMN GV 03 Hove
46,Statielei 16,2022-04-22,15:00:00,213,85,128,FMN GV 03 Hove
46,Statielei 16,2022-04-22,16:00:00,295,90,205,FMN GV 03 Hove
46,Statielei 16,2022-04-22,17:00:00,284,91,193,FMN GV 03 Hove
46,Statielei 16,2022-04-22,18:00:00,199,83,116,FMN GV 03 Hove
46,Statielei 16,2022-04-22,19:00:00,107,61,46,FMN GV 03 Hove
46,Statielei 16,2022-04-22,20:00:00,70,35,35,FMN GV 03 Hove
46,Statielei 16,2022-04-22,21:00:00,59,25,34,FMN GV 03 Hove
46,Statielei 16,2022-04-22,22:00:00,43,21,22,FMN GV 03 Hove
46,Statielei 16,2022-04-22,23:00:00,42,11,31,FMN GV 03 Hove
46,Statielei 16,2022-04-23,00:00:00,44,15,29,FMN GV 03 Hove
46,Statielei 16,2022-04-23,01:00:00,20,10,10,FMN GV 03 Hove
46,Statielei 16,2022-04-23,02:00:00,14,12,2,FMN GV 03 Hove
46,Statielei 16,2022-04-23,03:00:00,18,13,5,FMN GV 03 Hove
46,Statielei 16,2022-04-23,04:00:00,9,5,4,FMN GV 03 Hove
46,Statielei 16,2022-04-23,05:00:00,13,5,8,FMN GV 03 Hove
46,Statielei 16,2022-04-23,06:00:00,15,6,9,FMN GV 03 Hove
46,Statielei 16,2022-04-23,07:00:00,27,14,13,FMN GV 03 Hove
46,Statielei 16,2022-04-23,08:00:00,57,42,15,FMN GV 03 Hove
46,Statielei 16,2022-04-23,09:00:00,126,73,53,FMN GV 03 Hove
46,Statielei 16,2022-04-23,10:00:00,156,86,70,FMN GV 03 Hove
46,Statielei 16,2022-04-23,11:00:00,150,72,78,FMN GV 03 Hove
46,Statielei 16,2022-04-23,12:00:00,151,87,64,FMN GV 03 Hove
46,Statielei 16,2022-04-23,13:00:00,213,112,101,FMN GV 03 Hove
46,Statielei 16,2022-04-23,14:00:00,203,107,96,FMN GV 03 Hove
46,Statielei 16,2022-04-23,15:00:00,203,112,91,FMN GV 03 Hove
46,Statielei 16,2022-04-23,16:00:00,194,112,82,FMN GV 03 Hove
46,Statielei 16,2022-04-23,17:00:00,193,102,91,FMN GV 03 Hove
46,Statielei 16,2022-04-23,18:00:00,145,71,74,FMN GV 03 Hove
46,Statielei 16,2022-04-23,19:00:00,85,52,33,FMN GV 03 Hove
46,Statielei 16,2022-04-23,20:00:00,64,38,26,FMN GV 03 Hove
46,Statielei 16,2022-04-23,21:00:00,43,18,25,FMN GV 03 Hove
46,Statielei 16,2022-04-23,22:00:00,34,15,19,FMN GV 03 Hove
46,Statielei 16,2022-04-23,23:00:00,44,20,24,FMN GV 03 Hove
46,Statielei 16,2022-04-24,00:00:00,47,10,37,FMN GV 03 Hove
46,Statielei 16,2022-04-24,01:00:00,20,7,13,FMN GV 03 Hove
46,Statielei 16,2022-04-24,02:00:00,17,6,11,FMN GV 03 Hove
46,Statielei 16,2022-04-24,03:00:00,9,4,5,FMN GV 03 Hove
46,Statielei 16,2022-04-24,04:00:00,7,4,3,FMN GV 03 Hove
46,Statielei 16,2022-04-24,05:00:00,7,4,3,FMN GV 03 Hove
46,Statielei 16,2022-04-24,06:00:00,12,6,6,FMN GV 03 Hove
46,Statielei 16,2022-04-24,07:00:00,18,10,8,FMN GV 03 Hove
46,Statielei 16,2022-04-24,08:00:00,50,30,20,FMN GV 03 Hove
46,Statielei 16,2022-04-24,09:00:00,143,70,73,FMN GV 03 Hove
46,Statielei 16,2022-04-24,10:00:00,161,91,70,FMN GV 03 Hove
46,Statielei 16,2022-04-24,11:00:00,211,144,67,FMN GV 03 Hove
46,Statielei 16,2022-04-24,12:00:00,236,156,80,FMN GV 03 Hove
46,Statielei 16,2022-04-24,13:00:00,294,207,87,FMN GV 03 Hove
46,Statielei 16,2022-04-24,14:00:00,295,158,137,FMN GV 03 Hove
46,Statielei 16,2022-04-24,15:00:00,225,107,118,FMN GV 03 Hove
46,Statielei 16,2022-04-24,16:00:00,189,94,95,FMN GV 03 Hove
46,Statielei 16,2022-04-24,17:00:00,238,108,130,FMN GV 03 Hove
46,Statielei 16,2022-04-24,18:00:00,173,73,100,FMN GV 03 Hove
46,Statielei 16,2022-04-24,19:00:00,98,45,53,FMN GV 03 Hove
46,Statielei 16,2022-04-24,20:00:00,72,36,36,FMN GV 03 Hove
46,Statielei 16,2022-04-24,21:00:00,56,29,27,FMN GV 03 Hove
46,Statielei 16,2022-04-24,22:00:00,30,6,24,FMN GV 03 Hove
46,Statielei 16,2022-04-24,23:00:00,26,10,16,FMN GV 03 Hove
46,Statielei 16,2022-04-25,00:00:00,4,2,2,FMN GV 03 Hove
46,Statielei 16,2022-04-25,01:00:00,2,2,0,FMN GV 03 Hove
46,Statielei 16,2022-04-25,02:00:00,1,0,1,FMN GV 03 Hove
46,Statielei 16,2022-04-25,03:00:00,4,2,2,FMN GV 03 Hove
46,Statielei 16,2022-04-25,04:00:00,12,8,4,FMN GV 03 Hove
46,Statielei 16,2022-04-25,05:00:00,25,13,12,FMN GV 03 Hove
46,Statielei 16,2022-04-25,06:00:00,91,66,25,FMN GV 03 Hove
46,Statielei 16,2022-04-25,07:00:00,286,232,54,FMN GV 03 Hove
46,Statielei 16,2022-04-25,08:00:00,361,287,74,FMN GV 03 Hove
46,Statielei 16,2022-04-25,09:00:00,102,71,31,FMN GV 03 Hove
46,Statielei 16,2022-04-25,10:00:00,76,44,32,FMN GV 03 Hove
46,Statielei 16,2022-04-25,11:00:00,75,55,20,FMN GV 03 Hove
46,Statielei 16,2022-04-25,12:00:00,122,65,57,FMN GV 03 Hove
46,Statielei 16,2022-04-25,13:00:00,101,50,51,FMN GV 03 Hove
46,Statielei 16,2022-04-25,14:00:00,83,40,43,FMN GV 03 Hove
46,Statielei 16,2022-04-25,15:00:00,130,46,84,FMN GV 03 Hove
46,Statielei 16,2022-04-25,16:00:00,272,76,196,FMN GV 03 Hove
46,Statielei 16,2022-04-25,17:00:00,293,92,201,FMN GV 03 Hove
46,Statielei 16,2022-04-25,18:00:00,190,68,122,FMN GV 03 Hove
46,Statielei 16,2022-04-25,19:00:00,81,31,50,FMN GV 03 Hove
46,Statielei 16,2022-04-25,20:00:00,48,28,20,FMN GV 03 Hove
46,Statielei 16,2022-04-25,21:00:00,23,12,11,FMN GV 03 Hove
46,Statielei 16,2022-04-25,22:00:00,39,13,26,FMN GV 03 Hove
46,Statielei 16,2022-04-25,23:00:00,11,4,7,FMN GV 03 Hove
46,Statielei 16,2022-04-26,00:00:00,6,1,5,FMN GV 03 Hove
46,Statielei 16,2022-04-26,01:00:00,0,0,0,FMN GV 03 Hove
46,Statielei 16,2022-04-26,02:00:00,3,1,2,FMN GV 03 Hove
46,Statielei 16,2022-04-26,03:00:00,5,1,4,FMN GV 03 Hove
46,Statielei 16,2022-04-26,04:00:00,9,7,2,FMN GV 03 Hove
46,Statielei 16,2022-04-26,05:00:00,30,18,12,FMN GV 03 Hove
46,Statielei 16,2022-04-26,06:00:00,111,86,25,FMN GV 03 Hove
46,Statielei 16,2022-04-26,07:00:00,393,314,79,FMN GV 03 Hove
46,Statielei 16,2022-04-26,08:00:00,451,357,94,FMN GV 03 Hove
46,Statielei 16,2022-04-26,09:00:00,142,108,34,FMN GV 03 Hove
46,Statielei 16,2022-04-26,10:00:00,88,46,42,FMN GV 03 Hove
46,Statielei 16,2022-04-26,11:00:00,68,44,24,FMN GV 03 Hove
46,Statielei 16,2022-04-26,12:00:00,104,46,58,FMN GV 03 Hove
46,Statielei 16,2022-04-26,13:00:00,136,79,57,FMN GV 03 Hove
46,Statielei 16,2022-04-26,14:00:00,121,50,71,FMN GV 03 Hove
46,Statielei 16,2022-04-26,15:00:00,195,49,146,FMN GV 03 Hove
46,Statielei 16,2022-04-26,16:00:00,298,81,217,FMN GV 03 Hove
46,Statielei 16,2022-04-26,17:00:00,415,119,296,FMN GV 03 Hove
46,Statielei 16,2022-04-26,18:00:00,270,82,188,FMN GV 03 Hove
46,Statielei 16,2022-04-26,19:00:00,139,63,76,FMN GV 03 Hove
46,Statielei 16,2022-04-26,20:00:00,96,61,35,FMN GV 03 Hove
46,Statielei 16,2022-04-26,21:00:00,47,29,18,FMN GV 03 Hove
46,Statielei 16,2022-04-26,22:00:00,46,18,28,FMN GV 03 Hove
46,Statielei 16,2022-04-26,23:00:00,27,11,16,FMN GV 03 Hove
46,Statielei 16,2022-04-27,00:00:00,10,4,6,FMN GV 03 Hove
46,Statielei 16,2022-04-27,01:00:00,2,2,0,FMN GV 03 Hove
46,Statielei 16,2022-04-27,02:00:00,6,1,5,FMN GV 03 Hove
46,Statielei 16,2022-04-27,03:00:00,3,2,1,FMN GV 03 Hove
46,Statielei 16,2022-04-27,04:00:00,17,7,10,FMN GV 03 Hove
46,Statielei 16,2022-04-27,05:00:00,30,18,12,FMN GV 03 Hove
46,Statielei 16,2022-04-27,06:00:00,104,76,28,FMN GV 03 Hove
46,Statielei 16,2022-04-27,07:00:00,318,253,65,FMN GV 03 Hove
46,Statielei 16,2022-04-27,08:00:00,369,290,79,FMN GV 03 Hove
46,Statielei 16,2022-04-27,09:00:00,172,119,53,FMN GV 03 Hove
46,Statielei 16,2022-04-27,10:00:00,146,81,65,FMN GV 03 Hove
46,Statielei 16,2022-04-27,11:00:00,166,78,88,FMN GV 03 Hove
46,Statielei 16,2022-04-27,12:00:00,253,95,158,FMN GV 03 Hove
46,Statielei 16,2022-04-27,13:00:00,220,112,108,FMN GV 03 Hove
46,Statielei 16,2022-04-27,14:00:00,183,92,91,FMN GV 03 Hove
46,Statielei 16,2022-04-27,15:00:00,188,73,115,FMN GV 03 Hove
46,Statielei 16,2022-04-27,16:00:00,271,100,171,FMN GV 03 Hove
46,Statielei 16,2022-04-27,17:00:00,381,157,224,FMN GV 03 Hove
46,Statielei 16,2022-04-27,18:00:00,294,119,175,FMN GV 03 Hove
46,Statielei 16,2022-04-27,19:00:00,152,76,76,FMN GV 03 Hove
46,Statielei 16,2022-04-27,20:00:00,126,78,48,FMN GV 03 Hove
46,Statielei 16,2022-04-27,21:00:00,66,33,33,FMN GV 03 Hove
46,Statielei 16,2022-04-27,22:00:00,73,27,46,FMN GV 03 Hove
46,Statielei 16,2022-04-27,23:00:00,36,23,13,FMN GV 03 Hove
46,Statielei 16,2022-04-28,00:00:00,17,9,8,FMN GV 03 Hove
46,Statielei 16,2022-04-28,01:00:00,9,2,7,FMN GV 03 Hove
46,Statielei 16,2022-04-28,02:00:00,3,2,1,FMN GV 03 Hove
46,Statielei 16,2022-04-28,03:00:00,5,2,3,FMN GV 03 Hove
46,Statielei 16,2022-04-28,04:00:00,14,8,6,FMN GV 03 Hove
46,Statielei 16,2022-04-28,05:00:00,33,18,15,FMN GV 03 Hove
46,Statielei 16,2022-04-28,06:00:00,116,93,23,FMN GV 03 Hove
46,Statielei 16,2022-04-28,07:00:00,385,287,98,FMN GV 03 Hove
46,Statielei 16,2022-04-28,08:00:00,449,348,101,FMN GV 03 Hove
46,Statielei 16,2022-04-28,09:00:00,146,105,41,FMN GV 03 Hove
46,Statielei 16,2022-04-28,10:00:00,98,51,47,FMN GV 03 Hove
46,Statielei 16,2022-04-28,11:00:00,114,71,43,FMN GV 03 Hove
46,Statielei 16,2022-04-28,12:00:00,141,71,70,FMN GV 03 Hove
46,Statielei 16,2022-04-28,13:00:00,177,105,72,FMN GV 03 Hove
46,Statielei 16,2022-04-28,14:00:00,191,77,114,FMN GV 03 Hove
46,Statielei 16,2022-04-28,15:00:00,253,106,147,FMN GV 03 Hove
46,Statielei 16,2022-04-28,16:00:00,391,107,284,FMN GV 03 Hove
46,Statielei 16,2022-04-28,17:00:00,447,175,272,FMN GV 03 Hove
46,Statielei 16,2022-04-28,18:00:00,286,124,162,FMN GV 03 Hove
46,Statielei 16,2022-04-28,19:00:00,157,87,70,FMN GV 03 Hove
46,Statielei 16,2022-04-28,20:00:00,98,62,36,FMN GV 03 Hove
46,Statielei 16,2022-04-28,21:00:00,74,31,43,FMN GV 03 Hove
46,Statielei 16,2022-04-28,22:00:00,72,27,45,FMN GV 03 Hove
46,Statielei 16,2022-04-28,23:00:00,24,9,15,FMN GV 03 Hove
46,Statielei 16,2022-04-29,00:00:00,16,6,10,FMN GV 03 Hove
46,Statielei 16,2022-04-29,01:00:00,12,6,6,FMN GV 03 Hove
46,Statielei 16,2022-04-29,02:00:00,1,1,0,FMN GV 03 Hove
46,Statielei 16,2022-04-29,03:00:00,7,1,6,FMN GV 03 Hove
46,Statielei 16,2022-04-29,04:00:00,15,8,7,FMN GV 03 Hove
46,Statielei 16,2022-04-29,05:00:00,32,17,15,FMN GV 03 Hove
46,Statielei 16,2022-04-29,06:00:00,93,69,24,FMN GV 03 Hove
46,Statielei 16,2022-04-29,07:00:00,275,212,63,FMN GV 03 Hove
46,Statielei 16,2022-04-29,08:00:00,316,256,60,FMN GV 03 Hove
46,Statielei 16,2022-04-29,09:00:00,129,76,53,FMN GV 03 Hove
46,Statielei 16,2022-04-29,10:00:00,78,45,33,FMN GV 03 Hove
46,Statielei 16,2022-04-29,11:00:00,74,45,29,FMN GV 03 Hove
46,Statielei 16,2022-04-29,12:00:00,133,70,63,FMN GV 03 Hove
46,Statielei 16,2022-04-29,13:00:00,163,86,77,FMN GV 03 Hove
46,Statielei 16,2022-04-29,14:00:00,157,78,79,FMN GV 03 Hove
46,Statielei 16,2022-04-29,15:00:00,191,72,119,FMN GV 03 Hove
46,Statielei 16,2022-04-29,16:00:00,272,87,185,FMN GV 03 Hove
46,Statielei 16,2022-04-29,17:00:00,269,102,167,FMN GV 03 Hove
46,Statielei 16,2022-04-29,18:00:00,225,110,115,FMN GV 03 Hove
46,Statielei 16,2022-04-29,19:00:00,132,65,67,FMN GV 03 Hove
46,Statielei 16,2022-04-29,20:00:00,83,41,42,FMN GV 03 Hove
46,Statielei 16,2022-04-29,21:00:00,64,26,38,FMN GV 03 Hove
46,Statielei 16,2022-04-29,22:00:00,56,19,37,FMN GV 03 Hove
46,Statielei 16,2022-04-29,23:00:00,38,9,29,FMN GV 03 Hove
46,Statielei 16,2022-04-30,00:00:00,26,7,19,FMN GV 03 Hove
46,Statielei 16,2022-04-30,01:00:00,21,5,16,FMN GV 03 Hove
46,Statielei 16,2022-04-30,02:00:00,10,4,6,FMN GV 03 Hove
46,Statielei 16,2022-04-30,03:00:00,10,4,6,FMN GV 03 Hove
46,Statielei 16,2022-04-30,04:00:00,8,4,4,FMN GV 03 Hove
46,Statielei 16,2022-04-30,05:00:00,7,5,2,FMN GV 03 Hove
46,Statielei 16,2022-04-30,06:00:00,9,2,7,FMN GV 03 Hove
46,Statielei 16,2022-04-30,07:00:00,27,13,14,FMN GV 03 Hove
46,Statielei 16,2022-04-30,08:00:00,55,30,25,FMN GV 03 Hove
46,Statielei 16,2022-04-30,09:00:00,89,57,32,FMN GV 03 Hove
46,Statielei 16,2022-04-30,10:00:00,146,65,81,FMN GV 03 Hove
46,Statielei 16,2022-04-30,11:00:00,141,60,81,FMN GV 03 Hove
46,Statielei 16,2022-04-30,12:00:00,135,77,58,FMN GV 03 Hove
46,Statielei 16,2022-04-30,13:00:00,151,72,79,FMN GV 03 Hove
46,Statielei 16,2022-04-30,14:00:00,170,98,72,FMN GV 03 Hove
46,Statielei 16,2022-04-30,15:00:00,128,72,56,FMN GV 03 Hove
46,Statielei 16,2022-04-30,16:00:00,112,62,50,FMN GV 03 Hove
46,Statielei 16,2022-04-30,17:00:00,93,49,44,FMN GV 03 Hove
46,Statielei 16,2022-04-30,18:00:00,84,38,46,FMN GV 03 Hove
46,Statielei 16,2022-04-30,19:00:00,62,42,20,FMN GV 03 Hove
46,Statielei 16,2022-04-30,20:00:00,54,34,20,FMN GV 03 Hove
46,Statielei 16,2022-04-30,21:00:00,36,16,20,FMN GV 03 Hove
46,Statielei 16,2022-04-30,22:00:00,36,13,23,FMN GV 03 Hove
46,Statielei 16,2022-04-30,23:00:00,20,12,8,FMN GV 03 Hove
46,Statielei 16,2022-05-01,00:00:00,25,12,13,FMN GV 03 Hove
46,Statielei 16,2022-05-01,01:00:00,22,14,8,FMN GV 03 Hove
46,Statielei 16,2022-05-01,02:00:00,13,8,5,FMN GV 03 Hove
46,Statielei 16,2022-05-01,03:00:00,13,5,8,FMN GV 03 Hove
46,Statielei 16,2022-05-01,04:00:00,8,6,2,FMN GV 03 Hove
46,Statielei 16,2022-05-01,05:00:00,5,4,1,FMN GV 03 Hove
46,Statielei 16,2022-05-01,06:00:00,12,7,5,FMN GV 03 Hove
46,Statielei 16,2022-05-01,07:00:00,9,1,8,FMN GV 03 Hove
46,Statielei 16,2022-05-01,08:00:00,48,19,29,FMN GV 03 Hove
46,Statielei 16,2022-05-01,09:00:00,143,89,54,FMN GV 03 Hove
46,Statielei 16,2022-05-01,10:00:00,159,76,83,FMN GV 03 Hove
46,Statielei 16,2022-05-01,11:00:00,140,91,49,FMN GV 03 Hove
46,Statielei 16,2022-05-01,12:00:00,185,115,70,FMN GV 03 Hove
46,Statielei 16,2022-05-01,13:00:00,169,71,98,FMN GV 03 Hove
46,Statielei 16,2022-05-01,14:00:00,224,127,97,FMN GV 03 Hove
46,Statielei 16,2022-05-01,15:00:00,215,104,111,FMN GV 03 Hove
46,Statielei 16,2022-05-01,16:00:00,163,85,78,FMN GV 03 Hove
46,Statielei 16,2022-05-01,17:00:00,155,93,62,FMN GV 03 Hove
46,Statielei 16,2022-05-01,18:00:00,118,58,60,FMN GV 03 Hove
46,Statielei 16,2022-05-01,19:00:00,67,34,33,FMN GV 03 Hove
46,Statielei 16,2022-05-01,20:00:00,44,31,13,FMN GV 03 Hove
46,Statielei 16,2022-05-01,21:00:00,39,22,17,FMN GV 03 Hove
46,Statielei 16,2022-05-01,22:00:00,26,17,9,FMN GV 03 Hove
46,Statielei 16,2022-05-01,23:00:00,13,6,7,FMN GV 03 Hove
46,Statielei 16,2022-05-02,00:00:00,1,1,0,FMN GV 03 Hove
46,Statielei 16,2022-05-02,01:00:00,1,0,1,FMN GV 03 Hove
46,Statielei 16,2022-05-02,02:00:00,3,2,1,FMN GV 03 Hove
46,Statielei 16,2022-05-02,03:00:00,1,0,1,FMN GV 03 Hove
46,Statielei 16,2022-05-02,04:00:00,10,3,7,FMN GV 03 Hove
46,Statielei 16,2022-05-02,05:00:00,28,17,11,FMN GV 03 Hove
46,Statielei 16,2022-05-02,06:00:00,89,66,23,FMN GV 03 Hove
46,Statielei 16,2022-05-02,07:00:00,315,240,75,FMN GV 03 Hove
46,Statielei 16,2022-05-02,08:00:00,358,284,74,FMN GV 03 Hove
46,Statielei 16,2022-05-02,09:00:00,143,103,40,FMN GV 03 Hove
46,Statielei 16,2022-05-02,10:00:00,100,58,42,FMN GV 03 Hove
46,Statielei 16,2022-05-02,11:00:00,101,60,41,FMN GV 03 Hove
46,Statielei 16,2022-05-02,12:00:00,139,67,72,FMN GV 03 Hove
46,Statielei 16,2022-05-02,13:00:00,111,67,44,FMN GV 03 Hove
46,Statielei 16,2022-05-02,14:00:00,150,66,84,FMN GV 03 Hove
46,Statielei 16,2022-05-02,15:00:00,258,106,152,FMN GV 03 Hove
46,Statielei 16,2022-05-02,16:00:00,316,124,192,FMN GV 03 Hove
46,Statielei 16,2022-05-02,17:00:00,362,130,232,FMN GV 03 Hove
46,Statielei 16,2022-05-02,18:00:00,267,101,166,FMN GV 03 Hove
46,Statielei 16,2022-05-02,19:00:00,130,55,75,FMN GV 03 Hove
46,Statielei 16,2022-05-02,20:00:00,81,47,34,FMN GV 03 Hove
46,Statielei 16,2022-05-02,21:00:00,50,21,29,FMN GV 03 Hove
46,Statielei 16,2022-05-02,22:00:00,44,16,28,FMN GV 03 Hove
46,Statielei 16,2022-05-02,23:00:00,21,5,16,FMN GV 03 Hove
46,Statielei 16,2022-05-03,00:00:00,10,3,7,FMN GV 03 Hove
46,Statielei 16,2022-05-03,01:00:00,0,0,0,FMN GV 03 Hove
46,Statielei 16,2022-05-03,02:00:00,4,3,1,FMN GV 03 Hove
46,Statielei 16,2022-05-03,03:00:00,9,2,7,FMN GV 03 Hove
46,Statielei 16,2022-05-03,04:00:00,14,5,9,FMN GV 03 Hove
46,Statielei 16,2022-05-03,05:00:00,26,17,9,FMN GV 03 Hove
46,Statielei 16,2022-05-03,06:00:00,118,86,32,FMN GV 03 Hove
46,Statielei 16,2022-05-03,07:00:00,410,330,80,FMN GV 03 Hove
46,Statielei 16,2022-05-03,08:00:00,504,397,107,FMN GV 03 Hove
46,Statielei 16,2022-05-03,09:00:00,150,105,45,FMN GV 03 Hove
46,Statielei 16,2022-05-03,10:00:00,103,66,37,FMN GV 03 Hove
46,Statielei 16,2022-05-03,11:00:00,107,56,51,FMN GV 03 Hove
46,Statielei 16,2022-05-03,12:00:00,159,86,73,FMN GV 03 Hove
46,Statielei 16,2022-05-03,13:00:00,138,73,65,FMN GV 03 Hove
46,Statielei 16,2022-05-03,14:00:00,168,74,94,FMN GV 03 Hove
46,Statielei 16,2022-05-03,15:00:00,219,79,140,FMN GV 03 Hove
46,Statielei 16,2022-05-03,16:00:00,396,103,293,FMN GV 03 Hove
46,Statielei 16,2022-05-03,17:00:00,454,129,325,FMN GV 03 Hove
46,Statielei 16,2022-05-03,18:00:00,322,112,210,FMN GV 03 Hove
46,Statielei 16,2022-05-03,19:00:00,162,76,86,FMN GV 03 Hove
46,Statielei 16,2022-05-03,20:00:00,76,41,35,FMN GV 03 Hove
46,Statielei 16,2022-05-03,21:00:00,74,34,40,FMN GV 03 Hove
46,Statielei 16,2022-05-03,22:00:00,82,34,48,FMN GV 03 Hove
46,Statielei 16,2022-05-03,23:00:00,18,11,7,FMN GV 03 Hove
46,Statielei 16,2022-05-04,00:00:00,9,7,2,FMN GV 03 Hove
46,Statielei 16,2022-05-04,01:00:00,1,0,1,FMN GV 03 Hove
46,Statielei 16,2022-05-04,02:00:00,2,1,1,FMN GV 03 Hove
46,Statielei 16,2022-05-04,03:00:00,3,1,2,FMN GV 03 Hove
46,Statielei 16,2022-05-04,04:00:00,9,4,5,FMN GV 03 Hove
46,Statielei 16,2022-05-04,05:00:00,27,17,10,FMN GV 03 Hove
46,Statielei 16,2022-05-04,06:00:00,120,87,33,FMN GV 03 Hove
46,Statielei 16,2022-05-04,07:00:00,350,277,73,FMN GV 03 Hove
46,Statielei 16,2022-05-04,08:00:00,412,318,94,FMN GV 03 Hove
46,Statielei 16,2022-05-04,09:00:00,168,118,50,FMN GV 03 Hove
46,Statielei 16,2022-05-04,10:00:00,172,99,73,FMN GV 03 Hove
46,Statielei 16,2022-05-04,11:00:00,182,76,106,FMN GV 03 Hove
46,Statielei 16,2022-05-04,12:00:00,196,82,114,FMN GV 03 Hove
46,Statielei 16,2022-05-04,13:00:00,12,1,11,FMN GV 03 Hove
46,Statielei 16,2022-05-04,14:00:00,163,84,79,FMN GV 03 Hove
46,Statielei 16,2022-05-04,15:00:00,192,83,109,FMN GV 03 Hove
46,Statielei 16,2022-05-04,16:00:00,284,91,193,FMN GV 03 Hove
46,Statielei 16,2022-05-04,17:00:00,384,149,235,FMN GV 03 Hove
46,Statielei 16,2022-05-04,18:00:00,257,118,139,FMN GV 03 Hove
46,Statielei 16,2022-05-04,19:00:00,177,77,100,FMN GV 03 Hove
46,Statielei 16,2022-05-04,20:00:00,118,75,43,FMN GV 03 Hove
46,Statielei 16,2022-05-04,21:00:00,86,46,40,FMN GV 03 Hove
46,Statielei 16,2022-05-04,22:00:00,53,24,29,FMN GV 03 Hove
46,Statielei 16,2022-05-04,23:00:00,32,10,22,FMN GV 03 Hove
46,Statielei 16,2022-05-05,00:00:00,18,4,14,FMN GV 03 Hove
46,Statielei 16,2022-05-05,01:00:00,3,1,2,FMN GV 03 Hove
46,Statielei 16,2022-05-05,02:00:00,4,2,2,FMN GV 03 Hove
46,Statielei 16,2022-05-05,03:00:00,3,1,2,FMN GV 03 Hove
46,Statielei 16,2022-05-05,04:00:00,12,8,4,FMN GV 03 Hove
46,Statielei 16,2022-05-05,05:00:00,32,21,11,FMN GV 03 Hove
46,Statielei 16,2022-05-05,06:00:00,107,72,35,FMN GV 03 Hove
46,Statielei 16,2022-05-05,07:00:00,374,301,73,FMN GV 03 Hove
46,Statielei 16,2022-05-05,08:00:00,466,359,107,FMN GV 03 Hove
46,Statielei 16,2022-05-05,09:00:00,137,99,38,FMN GV 03 Hove
46,Statielei 16,2022-05-05,10:00:00,98,59,39,FMN GV 03 Hove
46,Statielei 16,2022-05-05,11:00:00,106,58,48,FMN GV 03 Hove
46,Statielei 16,2022-05-05,12:00:00,125,56,69,FMN GV 03 Hove
46,Statielei 16,2022-05-05,13:00:00,157,92,65,FMN GV 03 Hove
46,Statielei 16,2022-05-05,14:00:00,119,56,63,FMN GV 03 Hove
46,Statielei 16,2022-05-05,15:00:00,208,79,129,FMN GV 03 Hove
46,Statielei 16,2022-05-05,16:00:00,347,98,249,FMN GV 03 Hove
46,Statielei 16,2022-05-05,17:00:00,401,137,264,FMN GV 03 Hove
46,Statielei 16,2022-05-05,18:00:00,275,90,185,FMN GV 03 Hove
46,Statielei 16,2022-05-05,19:00:00,128,62,66,FMN GV 03 Hove
46,Statielei 16,2022-05-05,20:00:00,99,71,28,FMN GV 03 Hove
46,Statielei 16,2022-05-05,21:00:00,82,48,34,FMN GV 03 Hove
46,Statielei 16,2022-05-05,22:00:00,55,25,30,FMN GV 03 Hove
46,Statielei 16,2022-05-05,23:00:00,29,14,15,FMN GV 03 Hove
46,Statielei 16,2022-05-06,00:00:00,19,7,12,FMN GV 03 Hove
46,Statielei 16,2022-05-06,01:00:00,4,0,4,FMN GV 03 Hove
46,Statielei 16,2022-05-06,02:00:00,4,1,3,FMN GV 03 Hove
46,Statielei 16,2022-05-06,03:00:00,5,1,4,FMN GV 03 Hove
46,Statielei 16,2022-05-06,04:00:00,9,7,2,FMN GV 03 Hove
46,Statielei 16,2022-05-06,05:00:00,36,18,18,FMN GV 03 Hove
46,Statielei 16,2022-05-06,06:00:00,87,56,31,FMN GV 03 Hove
46,Statielei 16,2022-05-06,07:00:00,314,236,78,FMN GV 03 Hove
46,Statielei 16,2022-05-06,08:00:00,432,326,106,FMN GV 03 Hove
46,Statielei 16,2022-05-06,09:00:00,126,84,42,FMN GV 03 Hove
46,Statielei 16,2022-05-06,10:00:00,102,53,49,FMN GV 03 Hove
46,Statielei 16,2022-05-06,11:00:00,119,64,55,FMN GV 03 Hove
46,Statielei 16,2022-05-06,12:00:00,143,74,69,FMN GV 03 Hove
46,Statielei 16,2022-05-06,13:00:00,4,2,2,FMN GV 03 Hove
46,Statielei 16,2022-05-06,14:00:00,124,58,66,FMN GV 03 Hove
46,Statielei 16,2022-05-06,15:00:00,262,110,152,FMN GV 03 Hove
46,Statielei 16,2022-05-06,16:00:00,352,132,220,FMN GV 03 Hove
46,Statielei 16,2022-05-06,17:00:00,357,140,217,FMN GV 03 Hove
46,Statielei 16,2022-05-06,18:00:00,221,102,119,FMN GV 03 Hove
46,Statielei 16,2022-05-06,19:00:00,173,85,88,FMN GV 03 Hove
46,Statielei 16,2022-05-06,20:00:00,112,56,56,FMN GV 03 Hove
46,Statielei 16,2022-05-06,21:00:00,72,36,36,FMN GV 03 Hove
46,Statielei 16,2022-05-06,22:00:00,66,26,40,FMN GV 03 Hove
46,Statielei 16,2022-05-06,23:00:00,70,20,50,FMN GV 03 Hove
46,Statielei 16,2022-05-07,00:00:00,43,15,28,FMN GV 03 Hove
46,Statielei 16,2022-05-07,01:00:00,29,11,18,FMN GV 03 Hove
46,Statielei 16,2022-05-07,02:00:00,8,3,5,FMN GV 03 Hove
46,Statielei 16,2022-05-07,03:00:00,14,7,7,FMN GV 03 Hove
46,Statielei 16,2022-05-07,04:00:00,12,6,6,FMN GV 03 Hove
46,Statielei 16,2022-05-07,05:00:00,15,8,7,FMN GV 03 Hove
46,Statielei 16,2022-05-07,06:00:00,19,10,9,FMN GV 03 Hove
46,Statielei 16,2022-05-07,07:00:00,24,11,13,FMN GV 03 Hove
46,Statielei 16,2022-05-07,08:00:00,51,26,25,FMN GV 03 Hove
46,Statielei 16,2022-05-07,09:00:00,110,75,35,FMN GV 03 Hove
46,Statielei 16,2022-05-07,10:00:00,136,76,60,FMN GV 03 Hove
46,Statielei 16,2022-05-07,11:00:00,149,83,66,FMN GV 03 Hove
46,Statielei 16,2022-05-07,12:00:00,209,105,104,FMN GV 03 Hove
46,Statielei 16,2022-05-07,13:00:00,103,43,60,FMN GV 03 Hove
46,Statielei 16,2022-05-07,14:00:00,171,77,94,FMN GV 03 Hove
46,Statielei 16,2022-05-07,15:00:00,223,116,107,FMN GV 03 Hove
46,Statielei 16,2022-05-07,16:00:00,147,83,64,FMN GV 03 Hove
46,Statielei 16,2022-05-07,17:00:00,182,87,95,FMN GV 03 Hove
46,Statielei 16,2022-05-07,18:00:00,130,66,64,FMN GV 03 Hove
46,Statielei 16,2022-05-07,19:00:00,100,65,35,FMN GV 03 Hove
46,Statielei 16,2022-05-07,20:00:00,52,34,18,FMN GV 03 Hove
46,Statielei 16,2022-05-07,21:00:00,38,18,20,FMN GV 03 Hove
46,Statielei 16,2022-05-07,22:00:00,50,18,32,FMN GV 03 Hove
46,Statielei 16,2022-05-07,23:00:00,40,22,18,FMN GV 03 Hove
46,Statielei 16,2022-05-08,00:00:00,32,17,15,FMN GV 03 Hove
46,Statielei 16,2022-05-08,01:00:00,18,8,10,FMN GV 03 Hove
46,Statielei 16,2022-05-08,02:00:00,9,5,4,FMN GV 03 Hove
46,Statielei 16,2022-05-08,03:00:00,3,0,3,FMN GV 03 Hove
46,Statielei 16,2022-05-08,04:00:00,6,4,2,FMN GV 03 Hove
46,Statielei 16,2022-05-08,05:00:00,14,10,4,FMN GV 03 Hove
46,Statielei 16,2022-05-08,06:00:00,17,10,7,FMN GV 03 Hove
46,Statielei 16,2022-05-08,07:00:00,27,9,18,FMN GV 03 Hove
46,Statielei 16,2022-05-08,08:00:00,41,15,26,FMN GV 03 Hove
46,Statielei 16,2022-05-08,09:00:00,141,55,86,FMN GV 03 Hove
46,Statielei 16,2022-05-08,10:00:00,189,106,83,FMN GV 03 Hove
46,Statielei 16,2022-05-08,11:00:00,190,109,81,FMN GV 03 Hove
46,Statielei 16,2022-05-08,12:00:00,188,95,93,FMN GV 03 Hove
46,Statielei 16,2022-05-08,13:00:00,98,37,61,FMN GV 03 Hove
46,Statielei 16,2022-05-08,14:00:00,278,151,127,FMN GV 03 Hove
46,Statielei 16,2022-05-08,15:00:00,252,128,124,FMN GV 03 Hove
46,Statielei 16,2022-05-08,16:00:00,257,150,107,FMN GV 03 Hove
46,Statielei 16,2022-05-08,17:00:00,280,190,90,FMN GV 03 Hove
46,Statielei 16,2022-05-08,18:00:00,170,90,80,FMN GV 03 Hove
46,Statielei 16,2022-05-08,19:00:00,125,62,63,FMN GV 03 Hove
46,Statielei 16,2022-05-08,20:00:00,65,41,24,FMN GV 03 Hove
46,Statielei 16,2022-05-08,21:00:00,52,24,28,FMN GV 03 Hove
46,Statielei 16,2022-05-08,22:00:00,36,15,21,FMN GV 03 Hove
46,Statielei 16,2022-05-08,23:00:00,20,11,9,FMN GV 03 Hove
46,Statielei 16,2022-05-09,00:00:00,5,3,2,FMN GV 03 Hove
46,Statielei 16,2022-05-09,01:00:00,1,0,1,FMN GV 03 Hove
46,Statielei 16,2022-05-09,02:00:00,0,0,0,FMN GV 03 Hove
46,Statielei 16,2022-05-09,03:00:00,0,0,0,FMN GV 03 Hove
46,Statielei 16,2022-05-09,04:00:00,11,6,5,FMN GV 03 Hove
46,Statielei 16,2022-05-09,05:00:00,30,15,15,FMN GV 03 Hove
46,Statielei 16,2022-05-09,06:00:00,116,84,32,FMN GV 03 Hove
46,Statielei 16,2022-05-09,07:00:00,367,298,69,FMN GV 03 Hove
46,Statielei 16,2022-05-09,08:00:00,433,347,86,FMN GV 03 Hove
46,Statielei 16,2022-05-09,09:00:00,160,105,55,FMN GV 03 Hove
46,Statielei 16,2022-05-09,10:00:00,115,60,55,FMN GV 03 Hove
46,Statielei 16,2022-05-09,11:00:00,120,69,51,FMN GV 03 Hove
46,Statielei 16,2022-05-09,12:00:00,44,16,28,FMN GV 03 Hove
46,Statielei 16,2022-05-09,13:00:00,0,0,0,FMN GV 03 Hove
46,Statielei 16,2022-05-09,14:00:00,112,43,69,FMN GV 03 Hove
46,Statielei 16,2022-05-09,15:00:00,266,105,161,FMN GV 03 Hove
46,Statielei 16,2022-05-09,16:00:00,417,144,273,FMN GV 03 Hove
46,Statielei 16,2022-05-09,17:00:00,434,140,294,FMN GV 03 Hove
46,Statielei 16,2022-05-09,18:00:00,279,101,178,FMN GV 03 Hove
46,Statielei 16,2022-05-09,19:00:00,151,63,88,FMN GV 03 Hove
46,Statielei 16,2022-05-09,20:00:00,113,61,52,FMN GV 03 Hove
46,Statielei 16,2022-05-09,21:00:00,54,29,25,FMN GV 03 Hove
46,Statielei 16,2022-05-09,22:00:00,67,29,38,FMN GV 03 Hove
46,Statielei 16,2022-05-09,23:00:00,24,9,15,FMN GV 03 Hove
46,Statielei 16,2022-05-10,00:00:00,13,2,11,FMN GV 03 Hove
46,Statielei 16,2022-05-10,01:00:00,0,0,0,FMN GV 03 Hove
46,Statielei 16,2022-05-10,02:00:00,5,2,3,FMN GV 03 Hove
46,Statielei 16,2022-05-10,03:00:00,1,1,0,FMN GV 03 Hove
46,Statielei 16,2022-05-10,04:00:00,10,4,6,FMN GV 03 Hove
46,Statielei 16,2022-05-10,05:00:00,26,14,12,FMN GV 03 Hove
46,Statielei 16,2022-05-10,06:00:00,144,111,33,FMN GV 03 Hove
46,Statielei 16,2022-05-10,07:00:00,463,353,110,FMN GV 03 Hove
46,Statielei 16,2022-05-10,08:00:00,552,417,135,FMN GV 03 Hove
46,Statielei 16,2022-05-10,09:00:00,224,96,128,FMN GV 03 Hove
46,Statielei 16,2022-05-10,10:00:00,107,57,50,FMN GV 03 Hove
46,Statielei 16,2022-05-10,11:00:00,88,49,39,FMN GV 03 Hove
46,Statielei 16,2022-05-10,12:00:00,152,83,69,FMN GV 03 Hove
46,Statielei 16,2022-05-10,13:00:00,121,61,60,FMN GV 03 Hove
46,Statielei 16,2022-05-10,14:00:00,105,42,63,FMN GV 03 Hove
46,Statielei 16,2022-05-10,15:00:00,279,127,152,FMN GV 03 Hove
46,Statielei 16,2022-05-10,16:00:00,460,161,299,FMN GV 03 Hove
46,Statielei 16,2022-05-10,17:00:00,436,114,322,FMN GV 03 Hove
46,Statielei 16,2022-05-10,18:00:00,323,108,215,FMN GV 03 Hove
46,Statielei 16,2022-05-10,19:00:00,181,81,100,FMN GV 03 Hove
46,Statielei 16,2022-05-10,20:00:00,109,60,49,FMN GV 03 Hove
46,Statielei 16,2022-05-10,21:00:00,65,36,29,FMN GV 03 Hove
46,Statielei 16,2022-05-10,22:00:00,69,27,42,FMN GV 03 Hove
46,Statielei 16,2022-05-10,23:00:00,30,17,13,FMN GV 03 Hove
46,Statielei 16,2022-05-11,00:00:00,10,4,6,FMN GV 03 Hove
46,Statielei 16,2022-05-11,01:00:00,7,3,4,FMN GV 03 Hove
46,Statielei 16,2022-05-11,02:00:00,2,1,1,FMN GV 03 Hove
46,Statielei 16,2022-05-11,03:00:00,3,1,2,FMN GV 03 Hove
46,Statielei 16,2022-05-11,04:00:00,4,2,2,FMN GV 03 Hove
46,Statielei 16,2022-05-11,05:00:00,35,16,19,FMN GV 03 Hove
46,Statielei 16,2022-05-11,06:00:00,128,100,28,FMN GV 03 Hove
46,Statielei 16,2022-05-11,07:00:00,394,312,82,FMN GV 03 Hove
46,Statielei 16,2022-05-11,08:00:00,431,327,104,FMN GV 03 Hove
46,Statielei 16,2022-05-11,09:00:00,213,143,70,FMN GV 03 Hove
46,Statielei 16,2022-05-11,10:00:00,196,96,100,FMN GV 03 Hove
46,Statielei 16,2022-05-11,11:00:00,179,81,98,FMN GV 03 Hove
46,Statielei 16,2022-05-11,12:00:00,260,99,161,FMN GV 03 Hove
46,Statielei 16,2022-05-11,13:00:00,226,87,139,FMN GV 03 Hove
46,Statielei 16,2022-05-11,14:00:00,186,80,106,FMN GV 03 Hove
46,Statielei 16,2022-05-11,15:00:00,212,102,110,FMN GV 03 Hove
46,Statielei 16,2022-05-11,16:00:00,288,95,193,FMN GV 03 Hove
46,Statielei 16,2022-05-11,17:00:00,392,129,263,FMN GV 03 Hove
46,Statielei 16,2022-05-11,18:00:00,301,125,176,FMN GV 03 Hove
46,Statielei 16,2022-05-11,19:00:00,169,75,94,FMN GV 03 Hove
46,Statielei 16,2022-05-11,20:00:00,141,87,54,FMN GV 03 Hove
46,Statielei 16,2022-05-11,21:00:00,86,43,43,FMN GV 03 Hove
46,Statielei 16,2022-05-11,22:00:00,59,29,30,FMN GV 03 Hove
46,Statielei 16,2022-05-11,23:00:00,38,17,21,FMN GV 03 Hove
46,Statielei 16,2022-05-12,00:00:00,16,3,13,FMN GV 03 Hove
46,Statielei 16,2022-05-12,01:00:00,4,2,2,FMN GV 03 Hove
46,Statielei 16,2022-05-12,02:00:00,5,2,3,FMN GV 03 Hove
46,Statielei 16,2022-05-12,03:00:00,2,1,1,FMN GV 03 Hove
46,Statielei 16,2022-05-12,04:00:00,12,4,8,FMN GV 03 Hove
46,Statielei 16,2022-05-12,05:00:00,37,19,18,FMN GV 03 Hove
46,Statielei 16,2022-05-12,06:00:00,122,84,38,FMN GV 03 Hove
46,Statielei 16,2022-05-12,07:00:00,414,336,78,FMN GV 03 Hove
46,Statielei 16,2022-05-12,08:00:00,499,388,111,FMN GV 03 Hove
46,Statielei 16,2022-05-12,09:00:00,164,105,59,FMN GV 03 Hove
46,Statielei 16,2022-05-12,10:00:00,111,66,45,FMN GV 03 Hove
46,Statielei 16,2022-05-12,11:00:00,116,70,46,FMN GV 03 Hove
46,Statielei 16,2022-05-12,12:00:00,149,81,68,FMN GV 03 Hove
46,Statielei 16,2022-05-12,13:00:00,159,77,82,FMN GV 03 Hove
46,Statielei 16,2022-05-12,14:00:00,155,70,85,FMN GV 03 Hove
46,Statielei 16,2022-05-12,15:00:00,244,78,166,FMN GV 03 Hove
46,Statielei 16,2022-05-12,16:00:00,369,103,266,FMN GV 03 Hove
46,Statielei 16,2022-05-12,17:00:00,435,142,293,FMN GV 03 Hove
46,Statielei 16,2022-05-12,18:00:00,316,121,195,FMN GV 03 Hove
46,Statielei 16,2022-05-12,19:00:00,195,96,99,FMN GV 03 Hove
46,Statielei 16,2022-05-12,20:00:00,105,55,50,FMN GV 03 Hove
46,Statielei 16,2022-05-12,21:00:00,83,43,40,FMN GV 03 Hove
46,Statielei 16,2022-05-12,22:00:00,54,17,37,FMN GV 03 Hove
46,Statielei 16,2022-05-12,23:00:00,33,17,16,FMN GV 03 Hove
46,Statielei 16,2022-05-13,00:00:00,18,2,16,FMN GV 03 Hove
46,Statielei 16,2022-05-13,01:00:00,5,2,3,FMN GV 03 Hove
46,Statielei 16,2022-05-13,02:00:00,1,1,0,FMN GV 03 Hove
46,Statielei 16,2022-05-13,03:00:00,4,2,2,FMN GV 03 Hove
46,Statielei 16,2022-05-13,04:00:00,15,7,8,FMN GV 03 Hove
46,Statielei 16,2022-05-13,05:00:00,33,18,15,FMN GV 03 Hove
46,Statielei 16,2022-05-13,06:00:00,121,86,35,FMN GV 03 Hove
46,Statielei 16,2022-05-13,07:00:00,314,239,75,FMN GV 03 Hove
46,Statielei 16,2022-05-13,08:00:00,390,285,105,FMN GV 03 Hove
46,Statielei 16,2022-05-13,09:00:00,135,91,44,FMN GV 03 Hove
46,Statielei 16,2022-05-13,10:00:00,128,57,71,FMN GV 03 Hove
46,Statielei 16,2022-05-13,11:00:00,119,66,53,FMN GV 03 Hove
46,Statielei 16,2022-05-13,12:00:00,155,70,85,FMN GV 03 Hove
46,Statielei 16,2022-05-13,13:00:00,169,85,84,FMN GV 03 Hove
46,Statielei 16,2022-05-13,14:00:00,195,107,88,FMN GV 03 Hove
46,Statielei 16,2022-05-13,15:00:00,261,95,166,FMN GV 03 Hove
46,Statielei 16,2022-05-13,16:00:00,334,114,220,FMN GV 03 Hove
46,Statielei 16,2022-05-13,17:00:00,328,147,181,FMN GV 03 Hove
46,Statielei 16,2022-05-13,18:00:00,228,117,111,FMN GV 03 Hove
46,Statielei 16,2022-05-13,19:00:00,182,113,69,FMN GV 03 Hove
46,Statielei 16,2022-05-13,20:00:00,109,60,49,FMN GV 03 Hove
46,Statielei 16,2022-05-13,21:00:00,77,41,36,FMN GV 03 Hove
46,Statielei 16,2022-05-13,22:00:00,68,18,50,FMN GV 03 Hove
46,Statielei 16,2022-05-13,23:00:00,57,21,36,FMN GV 03 Hove
46,Statielei 16,2022-05-14,00:00:00,60,16,44,FMN GV 03 Hove
46,Statielei 16,2022-05-14,01:00:00,36,11,25,FMN GV 03 Hove
46,Statielei 16,2022-05-14,02:00:00,13,6,7,FMN GV 03 Hove
46,Statielei 16,2022-05-14,03:00:00,15,5,10,FMN GV 03 Hove
46,Statielei 16,2022-05-14,04:00:00,18,10,8,FMN GV 03 Hove
46,Statielei 16,2022-05-14,05:00:00,17,8,9,FMN GV 03 Hove
46,Statielei 16,2022-05-14,06:00:00,19,12,7,FMN GV 03 Hove
46,Statielei 16,2022-05-14,07:00:00,24,9,15,FMN GV 03 Hove
46,Statielei 16,2022-05-14,08:00:00,67,38,29,FMN GV 03 Hove
46,Statielei 16,2022-05-14,09:00:00,110,67,43,FMN GV 03 Hove
46,Statielei 16,2022-05-14,10:00:00,155,96,59,FMN GV 03 Hove
46,Statielei 16,2022-05-14,11:00:00,210,122,88,FMN GV 03 Hove
46,Statielei 16,2022-05-14,12:00:00,185,98,87,FMN GV 03 Hove
46,Statielei 16,2022-05-14,13:00:00,240,126,114,FMN GV 03 Hove
46,Statielei 16,2022-05-14,14:00:00,246,110,136,FMN GV 03 Hove
46,Statielei 16,2022-05-14,15:00:00,259,140,119,FMN GV 03 Hove
46,Statielei 16,2022-05-14,16:00:00,202,100,102,FMN GV 03 Hove
46,Statielei 16,2022-05-14,17:00:00,183,104,79,FMN GV 03 Hove
46,Statielei 16,2022-05-14,18:00:00,150,75,75,FMN GV 03 Hove
46,Statielei 16,2022-05-14,19:00:00,164,84,80,FMN GV 03 Hove
46,Statielei 16,2022-05-14,20:00:00,96,53,43,FMN GV 03 Hove
46,Statielei 16,2022-05-14,21:00:00,96,63,33,FMN GV 03 Hove
46,Statielei 16,2022-05-14,22:00:00,52,24,28,FMN GV 03 Hove
46,Statielei 16,2022-05-14,23:00:00,59,33,26,FMN GV 03 Hove
46,Statielei 16,2022-05-15,00:00:00,41,24,17,FMN GV 03 Hove
46,Statielei 16,2022-05-15,01:00:00,20,11,9,FMN GV 03 Hove
46,Statielei 16,2022-05-15,02:00:00,17,6,11,FMN GV 03 Hove
46,Statielei 16,2022-05-15,03:00:00,7,5,2,FMN GV 03 Hove
46,Statielei 16,2022-05-15,04:00:00,12,7,5,FMN GV 03 Hove
46,Statielei 16,2022-05-15,05:00:00,12,6,6,FMN GV 03 Hove
46,Statielei 16,2022-05-15,06:00:00,14,12,2,FMN GV 03 Hove
46,Statielei 16,2022-05-15,07:00:00,22,10,12,FMN GV 03 Hove
46,Statielei 16,2022-05-15,08:00:00,55,20,35,FMN GV 03 Hove
46,Statielei 16,2022-05-15,09:00:00,160,65,95,FMN GV 03 Hove
46,Statielei 16,2022-05-15,10:00:00,222,113,109,FMN GV 03 Hove
46,Statielei 16,2022-05-15,11:00:00,259,153,106,FMN GV 03 Hove
46,Statielei 16,2022-05-15,12:00:00,256,150,106,FMN GV 03 Hove
46,Statielei 16,2022-05-15,13:00:00,287,155,132,FMN GV 03 Hove
46,Statielei 16,2022-05-15,14:00:00,285,163,122,FMN GV 03 Hove
46,Statielei 16,2022-05-15,15:00:00,229,99,130,FMN GV 03 Hove
46,Statielei 16,2022-05-15,16:00:00,228,129,99,FMN GV 03 Hove
46,Statielei 16,2022-05-15,17:00:00,218,97,121,FMN GV 03 Hove
46,Statielei 16,2022-05-15,18:00:00,173,114,59,FMN GV 03 Hove
46,Statielei 16,2022-05-15,19:00:00,122,72,50,FMN GV 03 Hove
46,Statielei 16,2022-05-15,20:00:00,137,89,48,FMN GV 03 Hove
46,Statielei 16,2022-05-15,21:00:00,100,60,40,FMN GV 03 Hove
46,Statielei 16,2022-05-15,22:00:00,45,20,25,FMN GV 03 Hove
46,Statielei 16,2022-05-15,23:00:00,25,7,18,FMN GV 03 Hove
46,Statielei 16,2022-05-16,00:00:00,3,3,0,FMN GV 03 Hove
46,Statielei 16,2022-05-16,01:00:00,4,0,4,FMN GV 03 Hove
46,Statielei 16,2022-05-16,02:00:00,0,0,0,FMN GV 03 Hove
46,Statielei 16,2022-05-16,03:00:00,4,2,2,FMN GV 03 Hove
46,Statielei 16,2022-05-16,04:00:00,15,10,5,FMN GV 03 Hove
46,Statielei 16,2022-05-16,05:00:00,27,17,10,FMN GV 03 Hove
46,Statielei 16,2022-05-16,06:00:00,109,82,27,FMN GV 03 Hove
46,Statielei 16,2022-05-16,07:00:00,377,307,70,FMN GV 03 Hove
46,Statielei 16,2022-05-16,08:00:00,449,350,99,FMN GV 03 Hove
46,Statielei 16,2022-05-16,09:00:00,158,112,46,FMN GV 03 Hove
46,Statielei 16,2022-05-16,10:00:00,117,71,46,FMN GV 03 Hove
46,Statielei 16,2022-05-16,11:00:00,99,55,44,FMN GV 03 Hove
46,Statielei 16,2022-05-16,12:00:00,101,56,45,FMN GV 03 Hove
46,Statielei 16,2022-05-16,13:00:00,142,78,64,FMN GV 03 Hove
46,Statielei 16,2022-05-16,14:00:00,122,56,66,FMN GV 03 Hove
46,Statielei 16,2022-05-16,15:00:00,192,73,119,FMN GV 03 Hove
46,Statielei 16,2022-05-16,16:00:00,396,127,269,FMN GV 03 Hove
46,Statielei 16,2022-05-16,17:00:00,378,111,267,FMN GV 03 Hove
46,Statielei 16,2022-05-16,18:00:00,224,78,146,FMN GV 03 Hove
46,Statielei 16,2022-05-16,19:00:00,117,46,71,FMN GV 03 Hove
46,Statielei 16,2022-05-16,20:00:00,87,42,45,FMN GV 03 Hove
46,Statielei 16,2022-05-16,21:00:00,69,44,25,FMN GV 03 Hove
46,Statielei 16,2022-05-16,22:00:00,75,41,34,FMN GV 03 Hove
46,Statielei 16,2022-05-16,23:00:00,25,16,9,FMN GV 03 Hove
46,Statielei 16,2022-05-17,00:00:00,4,2,2,FMN GV 03 Hove
46,Statielei 16,2022-05-17,01:00:00,0,0,0,FMN GV 03 Hove
46,Statielei 16,2022-05-17,02:00:00,0,0,0,FMN GV 03 Hove
46,Statielei 16,2022-05-17,03:00:00,3,1,2,FMN GV 03 Hove
46,Statielei 16,2022-05-17,04:00:00,12,8,4,FMN GV 03 Hove
46,Statielei 16,2022-05-17,05:00:00,34,21,13,FMN GV 03 Hove
46,Statielei 16,2022-05-17,06:00:00,141,101,40,FMN GV 03 Hove
46,Statielei 16,2022-05-17,07:00:00,454,348,106,FMN GV 03 Hove
46,Statielei 16,2022-05-17,08:00:00,499,389,110,FMN GV 03 Hove
46,Statielei 16,2022-05-17,09:00:00,134,95,39,FMN GV 03 Hove
46,Statielei 16,2022-05-17,10:00:00,104,53,51,FMN GV 03 Hove
46,Statielei 16,2022-05-17,11:00:00,91,49,42,FMN GV 03 Hove
46,Statielei 16,2022-05-17,12:00:00,155,79,76,FMN GV 03 Hove
46,Statielei 16,2022-05-17,13:00:00,172,79,93,FMN GV 03 Hove
46,Statielei 16,2022-05-17,14:00:00,141,58,83,FMN GV 03 Hove
46,Statielei 16,2022-05-17,15:00:00,239,115,124,FMN GV 03 Hove
46,Statielei 16,2022-05-17,16:00:00,436,126,310,FMN GV 03 Hove
46,Statielei 16,2022-05-17,17:00:00,455,148,307,FMN GV 03 Hove
46,Statielei 16,2022-05-17,18:00:00,333,135,198,FMN GV 03 Hove
46,Statielei 16,2022-05-17,19:00:00,217,98,119,FMN GV 03 Hove
46,Statielei 16,2022-05-17,20:00:00,150,75,75,FMN GV 03 Hove
46,Statielei 16,2022-05-17,21:00:00,123,72,51,FMN GV 03 Hove
46,Statielei 16,2022-05-17,22:00:00,90,37,53,FMN GV 03 Hove
46,Statielei 16,2022-05-17,23:00:00,33,15,18,FMN GV 03 Hove
46,Statielei 16,2022-05-18,00:00:00,18,10,8,FMN GV 03 Hove
46,Statielei 16,2022-05-18,01:00:00,6,1,5,FMN GV 03 Hove
46,Statielei 16,2022-05-18,02:00:00,0,0,0,FMN GV 03 Hove
46,Statielei 16,2022-05-18,03:00:00,6,3,3,FMN GV 03 Hove
46,Statielei 16,2022-05-18,04:00:00,8,3,5,FMN GV 03 Hove
46,Statielei 16,2022-05-18,05:00:00,42,27,15,FMN GV 03 Hove
46,Statielei 16,2022-05-18,06:00:00,116,88,28,FMN GV 03 Hove
46,Statielei 16,2022-05-18,07:00:00,432,326,106,FMN GV 03 Hove
46,Statielei 16,2022-05-18,08:00:00,462,354,108,FMN GV 03 Hove
46,Statielei 16,2022-05-18,09:00:00,215,132,83,FMN GV 03 Hove
46,Statielei 16,2022-05-18,10:00:00,185,105,80,FMN GV 03 Hove
46,Statielei 16,2022-05-18,11:00:00,204,88,116,FMN GV 03 Hove
46,Statielei 16,2022-05-18,12:00:00,289,126,163,FMN GV 03 Hove
46,Statielei 16,2022-05-18,13:00:00,232,112,120,FMN GV 03 Hove
46,Statielei 16,2022-05-18,14:00:00,224,100,124,FMN GV 03 Hove
46,Statielei 16,2022-05-18,15:00:00,229,109,120,FMN GV 03 Hove
46,Statielei 16,2022-05-18,16:00:00,342,131,211,FMN GV 03 Hove
46,Statielei 16,2022-05-18,17:00:00,459,170,289,FMN GV 03 Hove
46,Statielei 16,2022-05-18,18:00:00,339,138,201,FMN GV 03 Hove
46,Statielei 16,2022-05-18,19:00:00,223,115,108,FMN GV 03 Hove
46,Statielei 16,2022-05-18,20:00:00,170,111,59,FMN GV 03 Hove
46,Statielei 16,2022-05-18,21:00:00,116,76,40,FMN GV 03 Hove
46,Statielei 16,2022-05-18,22:00:00,78,36,42,FMN GV 03 Hove
46,Statielei 16,2022-05-18,23:00:00,40,20,20,FMN GV 03 Hove
46,Statielei 16,2022-05-19,00:00:00,13,4,9,FMN GV 03 Hove
46,Statielei 16,2022-05-19,01:00:00,5,4,1,FMN GV 03 Hove
46,Statielei 16,2022-05-19,02:00:00,6,1,5,FMN GV 03 Hove
46,Statielei 16,2022-05-19,03:00:00,4,2,2,FMN GV 03 Hove
46,Statielei 16,2022-05-19,04:00:00,11,7,4,FMN GV 03 Hove
46,Statielei 16,2022-05-19,05:00:00,17,12,5,FMN GV 03 Hove
46,Statielei 16,2022-05-19,06:00:00,61,43,18,FMN GV 03 Hove
46,Statielei 16,2022-05-19,07:00:00,302,237,65,FMN GV 03 Hove
46,Statielei 16,2022-05-19,08:00:00,379,291,88,FMN GV 03 Hove
46,Statielei 16,2022-05-19,09:00:00,135,87,48,FMN GV 03 Hove
46,Statielei 16,2022-05-19,10:00:00,86,56,30,FMN GV 03 Hove
46,Statielei 16,2022-05-19,11:00:00,101,47,54,FMN GV 03 Hove
46,Statielei 16,2022-05-19,12:00:00,80,33,47,FMN GV 03 Hove
46,Statielei 16,2022-05-19,13:00:00,83,44,39,FMN GV 03 Hove
46,Statielei 16,2022-05-19,14:00:00,54,23,31,FMN GV 03 Hove
46,Statielei 16,2022-05-19,15:00:00,112,39,73,FMN GV 03 Hove
46,Statielei 16,2022-05-19,16:00:00,250,68,182,FMN GV 03 Hove
46,Statielei 16,2022-05-19,17:00:00,269,91,178,FMN GV 03 Hove
46,Statielei 16,2022-05-19,18:00:00,190,66,124,FMN GV 03 Hove
46,Statielei 16,2022-05-19,19:00:00,170,93,77,FMN GV 03 Hove
46,Statielei 16,2022-05-19,20:00:00,92,50,42,FMN GV 03 Hove
46,Statielei 16,2022-05-19,21:00:00,64,29,35,FMN GV 03 Hove
46,Statielei 16,2022-05-19,22:00:00,67,21,46,FMN GV 03 Hove
46,Statielei 16,2022-05-19,23:00:00,23,10,13,FMN GV 03 Hove
46,Statielei 16,2022-05-20,00:00:00,20,5,15,FMN GV 03 Hove
46,Statielei 16,2022-05-20,01:00:00,3,1,2,FMN GV 03 Hove
46,Statielei 16,2022-05-20,02:00:00,2,1,1,FMN GV 03 Hove
46,Statielei 16,2022-05-20,03:00:00,4,1,3,FMN GV 03 Hove
46,Statielei 16,2022-05-20,04:00:00,8,4,4,FMN GV 03 Hove
46,Statielei 16,2022-05-20,05:00:00,18,14,4,FMN GV 03 Hove
46,Statielei 16,2022-05-20,06:00:00,78,58,20,FMN GV 03 Hove
46,Statielei 16,2022-05-20,07:00:00,225,169,56,FMN GV 03 Hove
46,Statielei 16,2022-05-20,08:00:00,282,219,63,FMN GV 03 Hove
46,Statielei 16,2022-05-20,09:00:00,97,65,32,FMN GV 03 Hove
46,Statielei 16,2022-05-20,10:00:00,60,33,27,FMN GV 03 Hove
46,Statielei 16,2022-05-20,11:00:00,58,29,29,FMN GV 03 Hove
46,Statielei 16,2022-05-20,12:00:00,92,34,58,FMN GV 03 Hove
46,Statielei 16,2022-05-20,13:00:00,53,26,27,FMN GV 03 Hove
46,Statielei 16,2022-05-20,14:00:00,66,28,38,FMN GV 03 Hove
46,Statielei 16,2022-05-20,15:00:00,87,30,57,FMN GV 03 Hove
46,Statielei 16,2022-05-20,16:00:00,175,52,123,FMN GV 03 Hove
46,Statielei 16,2022-05-20,17:00:00,192,62,130,FMN GV 03 Hove
46,Statielei 16,2022-05-20,18:00:00,113,43,70,FMN GV 03 Hove
46,Statielei 16,2022-05-20,19:00:00,83,41,42,FMN GV 03 Hove
46,Statielei 16,2022-05-20,20:00:00,61,35,26,FMN GV 03 Hove
46,Statielei 16,2022-05-20,21:00:00,39,22,17,FMN GV 03 Hove
46,Statielei 16,2022-05-20,22:00:00,29,7,22,FMN GV 03 Hove
46,Statielei 16,2022-05-20,23:00:00,34,17,17,FMN GV 03 Hove
46,Statielei 16,2022-05-21,00:00:00,21,4,17,FMN GV 03 Hove
46,Statielei 16,2022-05-21,01:00:00,13,4,9,FMN GV 03 Hove
46,Statielei 16,2022-05-21,02:00:00,11,2,9,FMN GV 03 Hove
46,Statielei 16,2022-05-21,03:00:00,4,2,2,FMN GV 03 Hove
46,Statielei 16,2022-05-21,04:00:00,10,2,8,FMN GV 03 Hove
46,Statielei 16,2022-05-21,05:00:00,12,8,4,FMN GV 03 Hove
46,Statielei 16,2022-05-21,06:00:00,16,5,11,FMN GV 03 Hove
46,Statielei 16,2022-05-21,07:00:00,27,12,15,FMN GV 03 Hove
46,Statielei 16,2022-05-21,08:00:00,62,34,28,FMN GV 03 Hove
46,Statielei 16,2022-05-21,09:00:00,106,64,42,FMN GV 03 Hove
46,Statielei 16,2022-05-21,10:00:00,127,84,43,FMN GV 03 Hove
46,Statielei 16,2022-05-21,11:00:00,149,65,84,FMN GV 03 Hove
46,Statielei 16,2022-05-21,12:00:00,154,79,75,FMN GV 03 Hove
46,Statielei 16,2022-05-21,13:00:00,159,84,75,FMN GV 03 Hove
46,Statielei 16,2022-05-21,14:00:00,171,95,76,FMN GV 03 Hove
46,Statielei 16,2022-05-21,15:00:00,171,88,83,FMN GV 03 Hove
46,Statielei 16,2022-05-21,16:00:00,154,72,82,FMN GV 03 Hove
46,Statielei 16,2022-05-21,17:00:00,159,85,74,FMN GV 03 Hove
46,Statielei 16,2022-05-21,18:00:00,146,74,72,FMN GV 03 Hove
46,Statielei 16,2022-05-21,19:00:00,109,66,43,FMN GV 03 Hove
46,Statielei 16,2022-05-21,20:00:00,94,49,45,FMN GV 03 Hove
46,Statielei 16,2022-05-21,21:00:00,69,42,27,FMN GV 03 Hove
46,Statielei 16,2022-05-21,22:00:00,54,29,25,FMN GV 03 Hove
46,Statielei 16,2022-05-21,23:00:00,52,28,24,FMN GV 03 Hove
46,Statielei 16,2022-05-22,00:00:00,51,24,27,FMN GV 03 Hove
46,Statielei 16,2022-05-22,01:00:00,27,12,15,FMN GV 03 Hove
46,Statielei 16,2022-05-22,02:00:00,17,3,14,FMN GV 03 Hove
46,Statielei 16,2022-05-22,03:00:00,14,9,5,FMN GV 03 Hove
46,Statielei 16,2022-05-22,04:00:00,11,1,10,FMN GV 03 Hove
46,Statielei 16,2022-05-22,05:00:00,7,4,3,FMN GV 03 Hove
46,Statielei 16,2022-05-22,06:00:00,16,5,11,FMN GV 03 Hove
46,Statielei 16,2022-05-22,07:00:00,34,14,20,FMN GV 03 Hove
46,Statielei 16,2022-05-22,08:00:00,60,27,33,FMN GV 03 Hove
46,Statielei 16,2022-05-22,09:00:00,118,44,74,FMN GV 03 Hove
46,Statielei 16,2022-05-22,10:00:00,186,88,98,FMN GV 03 Hove
46,Statielei 16,2022-05-22,11:00:00,230,117,113,FMN GV 03 Hove
46,Statielei 16,2022-05-22,12:00:00,251,152,99,FMN GV 03 Hove
46,Statielei 16,2022-05-22,13:00:00,290,158,132,FMN GV 03 Hove
46,Statielei 16,2022-05-22,14:00:00,312,147,165,FMN GV 03 Hove
46,Statielei 16,2022-05-22,15:00:00,264,131,133,FMN GV 03 Hove
46,Statielei 16,2022-05-22,16:00:00,248,142,106,FMN GV 03 Hove
46,Statielei 16,2022-05-22,17:00:00,222,149,73,FMN GV 03 Hove
46,Statielei 16,2022-05-22,18:00:00,160,97,63,FMN GV 03 Hove
46,Statielei 16,2022-05-22,19:00:00,119,61,58,FMN GV 03 Hove
46,Statielei 16,2022-05-22,20:00:00,97,64,33,FMN GV 03 Hove
46,Statielei 16,2022-05-22,21:00:00,76,42,34,FMN GV 03 Hove
46,Statielei 16,2022-05-22,22:00:00,59,24,35,FMN GV 03 Hove
46,Statielei 16,2022-05-22,23:00:00,22,7,15,FMN GV 03 Hove
46,Statielei 16,2022-05-23,00:00:00,5,4,1,FMN GV 03 Hove
46,Statielei 16,2022-05-23,01:00:00,2,1,1,FMN GV 03 Hove
46,Statielei 16,2022-05-23,02:00:00,0,0,0,FMN GV 03 Hove
46,Statielei 16,2022-05-23,03:00:00,3,1,2,FMN GV 03 Hove
46,Statielei 16,2022-05-23,04:00:00,9,5,4,FMN GV 03 Hove
46,Statielei 16,2022-05-23,05:00:00,33,20,13,FMN GV 03 Hove
46,Statielei 16,2022-05-23,06:00:00,99,69,30,FMN GV 03 Hove
46,Statielei 16,2022-05-23,07:00:00,328,267,61,FMN GV 03 Hove
46,Statielei 16,2022-05-23,08:00:00,340,263,77,FMN GV 03 Hove
46,Statielei 16,2022-05-23,09:00:00,86,62,24,FMN GV 03 Hove
46,Statielei 16,2022-05-23,10:00:00,65,48,17,FMN GV 03 Hove
46,Statielei 16,2022-05-23,11:00:00,60,38,22,FMN GV 03 Hove
46,Statielei 16,2022-05-23,12:00:00,85,28,57,FMN GV 03 Hove
46,Statielei 16,2022-05-23,13:00:00,99,50,49,FMN GV 03 Hove
46,Statielei 16,2022-05-23,14:00:00,64,21,43,FMN GV 03 Hove
46,Statielei 16,2022-05-23,15:00:00,130,45,85,FMN GV 03 Hove
46,Statielei 16,2022-05-23,16:00:00,214,45,169,FMN GV 03 Hove
46,Statielei 16,2022-05-23,17:00:00,248,71,177,FMN GV 03 Hove
46,Statielei 16,2022-05-23,18:00:00,157,44,113,FMN GV 03 Hove
46,Statielei 16,2022-05-23,19:00:00,50,17,33,FMN GV 03 Hove
46,Statielei 16,2022-05-23,20:00:00,51,21,30,FMN GV 03 Hove
46,Statielei 16,2022-05-23,21:00:00,28,18,10,FMN GV 03 Hove
46,Statielei 16,2022-05-23,22:00:00,31,19,12,FMN GV 03 Hove
46,Statielei 16,2022-05-23,23:00:00,11,8,3,FMN GV 03 Hove
46,Statielei 16,2022-05-24,00:00:00,6,3,3,FMN GV 03 Hove
46,Statielei 16,2022-05-24,01:00:00,1,0,1,FMN GV 03 Hove
46,Statielei 16,2022-05-24,02:00:00,0,0,0,FMN GV 03 Hove
46,Statielei 16,2022-05-24,03:00:00,5,1,4,FMN GV 03 Hove
46,Statielei 16,2022-05-24,04:00:00,11,6,5,FMN GV 03 Hove
46,Statielei 16,2022-05-24,05:00:00,28,19,9,FMN GV 03 Hove
46,Statielei 16,2022-05-24,06:00:00,96,62,34,FMN GV 03 Hove
46,Statielei 16,2022-05-24,07:00:00,317,240,77,FMN GV 03 Hove
46,Statielei 16,2022-05-24,08:00:00,397,314,83,FMN GV 03 Hove
46,Statielei 16,2022-05-24,09:00:00,117,77,40,FMN GV 03 Hove
46,Statielei 16,2022-05-24,10:00:00,78,50,28,FMN GV 03 Hove
46,Statielei 16,2022-05-24,11:00:00,47,27,20,FMN GV 03 Hove
46,Statielei 16,2022-05-24,12:00:00,110,53,57,FMN GV 03 Hove
46,Statielei 16,2022-05-24,13:00:00,69,35,34,FMN GV 03 Hove
46,Statielei 16,2022-05-24,14:00:00,86,34,52,FMN GV 03 Hove
46,Statielei 16,2022-05-24,15:00:00,139,62,77,FMN GV 03 Hove
46,Statielei 16,2022-05-24,16:00:00,246,70,176,FMN GV 03 Hove
46,Statielei 16,2022-05-24,17:00:00,252,67,185,FMN GV 03 Hove
46,Statielei 16,2022-05-24,18:00:00,196,58,138,FMN GV 03 Hove
46,Statielei 16,2022-05-24,19:00:00,97,36,61,FMN GV 03 Hove
46,Statielei 16,2022-05-24,20:00:00,75,36,39,FMN GV 03 Hove
46,Statielei 16,2022-05-24,21:00:00,46,24,22,FMN GV 03 Hove
46,Statielei 16,2022-05-24,22:00:00,37,14,23,FMN GV 03 Hove
46,Statielei 16,2022-05-24,23:00:00,24,9,15,FMN GV 03 Hove
46,Statielei 16,2022-05-25,00:00:00,12,8,4,FMN GV 03 Hove
46,Statielei 16,2022-05-25,01:00:00,3,2,1,FMN GV 03 Hove
46,Statielei 16,2022-05-25,02:00:00,1,0,1,FMN GV 03 Hove
46,Statielei 16,2022-05-25,03:00:00,7,1,6,FMN GV 03 Hove
46,Statielei 16,2022-05-25,04:00:00,7,5,2,FMN GV 03 Hove
46,Statielei 16,2022-05-25,05:00:00,30,17,13,FMN GV 03 Hove
46,Statielei 16,2022-05-25,06:00:00,98,68,30,FMN GV 03 Hove
46,Statielei 16,2022-05-25,07:00:00,292,216,76,FMN GV 03 Hove
46,Statielei 16,2022-05-25,08:00:00,378,295,83,FMN GV 03 Hove
46,Statielei 16,2022-05-25,09:00:00,157,97,60,FMN GV 03 Hove
46,Statielei 16,2022-05-25,10:00:00,132,81,51,FMN GV 03 Hove
46,Statielei 16,2022-05-25,11:00:00,154,74,80,FMN GV 03 Hove
46,Statielei 16,2022-05-25,12:00:00,232,88,144,FMN GV 03 Hove
46,Statielei 16,2022-05-25,13:00:00,190,81,109,FMN GV 03 Hove
46,Statielei 16,2022-05-25,14:00:00,154,57,97,FMN GV 03 Hove
46,Statielei 16,2022-05-25,15:00:00,152,64,88,FMN GV 03 Hove
46,Statielei 16,2022-05-25,16:00:00,226,80,146,FMN GV 03 Hove
46,Statielei 16,2022-05-25,17:00:00,299,112,187,FMN GV 03 Hove
46,Statielei 16,2022-05-25,18:00:00,183,72,111,FMN GV 03 Hove
46,Statielei 16,2022-05-25,19:00:00,117,56,61,FMN GV 03 Hove
46,Statielei 16,2022-05-25,20:00:00,90,56,34,FMN GV 03 Hove
46,Statielei 16,2022-05-25,21:00:00,55,32,23,FMN GV 03 Hove
46,Statielei 16,2022-05-25,22:00:00,55,25,30,FMN GV 03 Hove
46,Statielei 16,2022-05-25,23:00:00,26,10,16,FMN GV 03 Hove
46,Statielei 16,2022-05-26,00:00:00,22,6,16,FMN GV 03 Hove
46,Statielei 16,2022-05-26,01:00:00,17,7,10,FMN GV 03 Hove
46,Statielei 16,2022-05-26,02:00:00,10,6,4,FMN GV 03 Hove
46,Statielei 16,2022-05-26,03:00:00,4,1,3,FMN GV 03 Hove
46,Statielei 16,2022-05-26,04:00:00,3,2,1,FMN GV 03 Hove
46,Statielei 16,2022-05-26,05:00:00,13,7,6,FMN GV 03 Hove
46,Statielei 16,2022-05-26,06:00:00,17,9,8,FMN GV 03 Hove
46,Statielei 16,2022-05-26,07:00:00,26,6,20,FMN GV 03 Hove
46,Statielei 16,2022-05-26,08:00:00,34,11,23,FMN GV 03 Hove
46,Statielei 16,2022-05-26,09:00:00,93,35,58,FMN GV 03 Hove
46,Statielei 16,2022-05-26,10:00:00,140,71,69,FMN GV 03 Hove
46,Statielei 16,2022-05-26,11:00:00,118,51,67,FMN GV 03 Hove
46,Statielei 16,2022-05-26,12:00:00,168,91,77,FMN GV 03 Hove
46,Statielei 16,2022-05-26,13:00:00,201,115,86,FMN GV 03 Hove
46,Statielei 16,2022-05-26,14:00:00,187,118,69,FMN GV 03 Hove
46,Statielei 16,2022-05-26,15:00:00,158,79,79,FMN GV 03 Hove
46,Statielei 16,2022-05-26,16:00:00,162,83,79,FMN GV 03 Hove
46,Statielei 16,2022-05-26,17:00:00,148,75,73,FMN GV 03 Hove
46,Statielei 16,2022-05-26,18:00:00,115,73,42,FMN GV 03 Hove
46,Statielei 16,2022-05-26,19:00:00,57,36,21,FMN GV 03 Hove
46,Statielei 16,2022-05-26,20:00:00,53,31,22,FMN GV 03 Hove
46,Statielei 16,2022-05-26,21:00:00,41,30,11,FMN GV 03 Hove
46,Statielei 16,2022-05-26,22:00:00,55,16,39,FMN GV 03 Hove
46,Statielei 16,2022-05-26,23:00:00,24,20,4,FMN GV 03 Hove
46,Statielei 16,2022-05-27,00:00:00,15,3,12,FMN GV 03 Hove
46,Statielei 16,2022-05-27,01:00:00,10,2,8,FMN GV 03 Hove
46,Statielei 16,2022-05-27,02:00:00,5,3,2,FMN GV 03 Hove
46,Statielei 16,2022-05-27,03:00:00,4,0,4,FMN GV 03 Hove
46,Statielei 16,2022-05-27,04:00:00,4,3,1,FMN GV 03 Hove
46,Statielei 16,2022-05-27,05:00:00,14,8,6,FMN GV 03 Hove
46,Statielei 16,2022-05-27,06:00:00,25,16,9,FMN GV 03 Hove
46,Statielei 16,2022-05-27,07:00:00,64,44,20,FMN GV 03 Hove
46,Statielei 16,2022-05-27,08:00:00,75,42,33,FMN GV 03 Hove
46,Statielei 16,2022-05-27,09:00:00,75,41,34,FMN GV 03 Hove
46,Statielei 16,2022-05-27,10:00:00,104,69,35,FMN GV 03 Hove
46,Statielei 16,2022-05-27,11:00:00,74,40,34,FMN GV 03 Hove
46,Statielei 16,2022-05-27,12:00:00,99,52,47,FMN GV 03 Hove
46,Statielei 16,2022-05-27,13:00:00,117,59,58,FMN GV 03 Hove
46,Statielei 16,2022-05-27,14:00:00,151,69,82,FMN GV 03 Hove
46,Statielei 16,2022-05-27,15:00:00,171,85,86,FMN GV 03 Hove
46,Statielei 16,2022-05-27,16:00:00,141,78,63,FMN GV 03 Hove
46,Statielei 16,2022-05-27,17:00:00,162,90,72,FMN GV 03 Hove
46,Statielei 16,2022-05-27,18:00:00,118,73,45,FMN GV 03 Hove
46,Statielei 16,2022-05-27,19:00:00,73,37,36,FMN GV 03 Hove
46,Statielei 16,2022-05-27,20:00:00,66,39,27,FMN GV 03 Hove
46,Statielei 16,2022-05-27,21:00:00,46,22,24,FMN GV 03 Hove
46,Statielei 16,2022-05-27,22:00:00,32,16,16,FMN GV 03 Hove
46,Statielei 16,2022-05-27,23:00:00,38,17,21,FMN GV 03 Hove
46,Statielei 16,2022-05-28,00:00:00,12,3,9,FMN GV 03 Hove
46,Statielei 16,2022-05-28,01:00:00,29,15,14,FMN GV 03 Hove
46,Statielei 16,2022-05-28,02:00:00,9,2,7,FMN GV 03 Hove
46,Statielei 16,2022-05-28,03:00:00,10,7,3,FMN GV 03 Hove
46,Statielei 16,2022-05-28,04:00:00,6,2,4,FMN GV 03 Hove
46,Statielei 16,2022-05-28,05:00:00,9,5,4,FMN GV 03 Hove
46,Statielei 16,2022-05-28,06:00:00,15,9,6,FMN GV 03 Hove
46,Statielei 16,2022-05-28,07:00:00,20,9,11,FMN GV 03 Hove
46,Statielei 16,2022-05-28,08:00:00,48,28,20,FMN GV 03 Hove
46,Statielei 16,2022-05-28,09:00:00,98,65,33,FMN GV 03 Hove
46,Statielei 16,2022-05-28,10:00:00,116,75,41,FMN GV 03 Hove
46,Statielei 16,2022-05-28,11:00:00,125,76,49,FMN GV 03 Hove
46,Statielei 16,2022-05-28,12:00:00,131,79,52,FMN GV 03 Hove
46,Statielei 16,2022-05-28,13:00:00,158,83,75,FMN GV 03 Hove
46,Statielei 16,2022-05-28,14:00:00,151,72,79,FMN GV 03 Hove
46,Statielei 16,2022-05-28,15:00:00,180,92,88,FMN GV 03 Hove
46,Statielei 16,2022-05-28,16:00:00,154,68,86,FMN GV 03 Hove
46,Statielei 16,2022-05-28,17:00:00,146,82,64,FMN GV 03 Hove
46,Statielei 16,2022-05-28,18:00:00,133,75,58,FMN GV 03 Hove
46,Statielei 16,2022-05-28,19:00:00,84,51,33,FMN GV 03 Hove
46,Statielei 16,2022-05-28,20:00:00,68,33,35,FMN GV 03 Hove
46,Statielei 16,2022-05-28,21:00:00,43,20,23,FMN GV 03 Hove
46,Statielei 16,2022-05-28,22:00:00,39,23,16,FMN GV 03 Hove
46,Statielei 16,2022-05-28,23:00:00,39,17,22,FMN GV 03 Hove
46,Statielei 16,2022-05-29,00:00:00,26,18,8,FMN GV 03 Hove
46,Statielei 16,2022-05-29,01:00:00,20,12,8,FMN GV 03 Hove
46,Statielei 16,2022-05-29,02:00:00,9,1,8,FMN GV 03 Hove
46,Statielei 16,2022-05-29,03:00:00,4,1,3,FMN GV 03 Hove
46,Statielei 16,2022-05-29,04:00:00,4,2,2,FMN GV 03 Hove
46,Statielei 16,2022-05-29,05:00:00,5,3,2,FMN GV 03 Hove
46,Statielei 16,2022-05-29,06:00:00,8,5,3,FMN GV 03 Hove
46,Statielei 16,2022-05-29,07:00:00,16,10,6,FMN GV 03 Hove
46,Statielei 16,2022-05-29,08:00:00,25,13,12,FMN GV 03 Hove
46,Statielei 16,2022-05-29,09:00:00,62,29,33,FMN GV 03 Hove
46,Statielei 16,2022-05-29,10:00:00,61,24,37,FMN GV 03 Hove
46,Statielei 16,2022-05-29,11:00:00,61,46,15,FMN GV 03 Hove
46,Statielei 16,2022-05-29,12:00:00,69,49,20,FMN GV 03 Hove
46,Statielei 16,2022-05-29,13:00:00,32,20,12,FMN GV 03 Hove
46,Statielei 16,2022-05-29,14:00:00,40,24,16,FMN GV 03 Hove
46,Statielei 16,2022-05-29,15:00:00,45,24,21,FMN GV 03 Hove
46,Statielei 16,2022-05-29,16:00:00,41,17,24,FMN GV 03 Hove
46,Statielei 16,2022-05-29,17:00:00,48,15,33,FMN GV 03 Hove
46,Statielei 16,2022-05-29,18:00:00,56,32,24,FMN GV 03 Hove
46,Statielei 16,2022-05-29,19:00:00,40,18,22,FMN GV 03 Hove
46,Statielei 16,2022-05-29,20:00:00,37,20,17,FMN GV 03 Hove
46,Statielei 16,2022-05-29,21:00:00,28,18,10,FMN GV 03 Hove
46,Statielei 16,2022-05-29,22:00:00,20,10,10,FMN GV 03 Hove
46,Statielei 16,2022-05-29,23:00:00,11,5,6,FMN GV 03 Hove
46,Statielei 16,2022-05-30,00:00:00,4,3,1,FMN GV 03 Hove
46,Statielei 16,2022-05-30,01:00:00,2,1,1,FMN GV 03 Hove
46,Statielei 16,2022-05-30,02:00:00,0,0,0,FMN GV 03 Hove
46,Statielei 16,2022-05-30,03:00:00,1,0,1,FMN GV 03 Hove
46,Statielei 16,2022-05-30,04:00:00,9,6,3,FMN GV 03 Hove
46,Statielei 16,2022-05-30,05:00:00,17,12,5,FMN GV 03 Hove
46,Statielei 16,2022-05-30,06:00:00,97,69,28,FMN GV 03 Hove
46,Statielei 16,2022-05-30,07:00:00,319,254,65,FMN GV 03 Hove
46,Statielei 16,2022-05-30,08:00:00,378,299,79,FMN GV 03 Hove
46,Statielei 16,2022-05-30,09:00:00,150,98,52,FMN GV 03 Hove
46,Statielei 16,2022-05-30,10:00:00,77,38,39,FMN GV 03 Hove
46,Statielei 16,2022-05-30,11:00:00,76,37,39,FMN GV 03 Hove
46,Statielei 16,2022-05-30,12:00:00,93,56,37,FMN GV 03 Hove
46,Statielei 16,2022-05-30,13:00:00,112,42,70,FMN GV 03 Hove
46,Statielei 16,2022-05-30,14:00:00,115,52,63,FMN GV 03 Hove
46,Statielei 16,2022-05-30,15:00:00,167,54,113,FMN GV 03 Hove
46,Statielei 16,2022-05-30,16:00:00,319,81,238,FMN GV 03 Hove
46,Statielei 16,2022-05-30,17:00:00,324,107,217,FMN GV 03 Hove
46,Statielei 16,2022-05-30,18:00:00,201,79,122,FMN GV 03 Hove
46,Statielei 16,2022-05-30,19:00:00,129,47,82,FMN GV 03 Hove
46,Statielei 16,2022-05-30,20:00:00,97,45,52,FMN GV 03 Hove
46,Statielei 16,2022-05-30,21:00:00,48,27,21,FMN GV 03 Hove
46,Statielei 16,2022-05-30,22:00:00,61,26,35,FMN GV 03 Hove
46,Statielei 16,2022-05-30,23:00:00,16,6,10,FMN GV 03 Hove
46,Statielei 16,2022-05-31,00:00:00,2,0,2,FMN GV 03 Hove
46,Statielei 16,2022-05-31,01:00:00,0,0,0,FMN GV 03 Hove
46,Statielei 16,2022-05-31,02:00:00,1,1,0,FMN GV 03 Hove
46,Statielei 16,2022-05-31,03:00:00,3,2,1,FMN GV 03 Hove
46,Statielei 16,2022-05-31,04:00:00,6,2,4,FMN GV 03 Hove
46,Statielei 16,2022-05-31,05:00:00,21,14,7,FMN GV 03 Hove
46,Statielei 16,2022-05-31,06:00:00,115,86,29,FMN GV 03 Hove
46,Statielei 16,2022-05-31,07:00:00,387,294,93,FMN GV 03 Hove
46,Statielei 16,2022-05-31,08:00:00,488,381,107,FMN GV 03 Hove
46,Statielei 16,2022-05-31,09:00:00,158,112,46,FMN GV 03 Hove
46,Statielei 16,2022-05-31,10:00:00,93,49,44,FMN GV 03 Hove
46,Statielei 16,2022-05-31,11:00:00,124,64,60,FMN GV 03 Hove
46,Statielei 16,2022-05-31,12:00:00,134,78,56,FMN GV 03 Hove
46,Statielei 16,2022-05-31,13:00:00,171,93,78,FMN GV 03 Hove
46,Statielei 16,2022-05-31,14:00:00,123,49,74,FMN GV 03 Hove
46,Statielei 16,2022-05-31,15:00:00,207,79,128,FMN GV 03 Hove
46,Statielei 16,2022-05-31,16:00:00,340,97,243,FMN GV 03 Hove
46,Statielei 16,2022-05-31,17:00:00,365,103,262,FMN GV 03 Hove
46,Statielei 16,2022-05-31,18:00:00,234,76,158,FMN GV 03 Hove
46,Statielei 16,2022-05-31,19:00:00,104,47,57,FMN GV 03 Hove
46,Statielei 16,2022-05-31,20:00:00,70,35,35,FMN GV 03 Hove
46,Statielei 16,2022-05-31,21:00:00,61,33,28,FMN GV 03 Hove
46,Statielei 16,2022-05-31,22:00:00,54,21,33,FMN GV 03 Hove
46,Statielei 16,2022-05-31,23:00:00,22,8,14,FMN GV 03 Hove
46,Statielei 16,2022-06-01,00:00:00,11,3,8,FMN GV 03 Hove
46,Statielei 16,2022-06-01,01:00:00,2,1,1,FMN GV 03 Hove
46,Statielei 16,2022-06-01,02:00:00,1,1,0,FMN GV 03 Hove
46,Statielei 16,2022-06-01,03:00:00,4,2,2,FMN GV 03 Hove
46,Statielei 16,2022-06-01,04:00:00,4,0,4,FMN GV 03 Hove
46,Statielei 16,2022-06-01,05:00:00,24,17,7,FMN GV 03 Hove
46,Statielei 16,2022-06-01,06:00:00,113,84,29,FMN GV 03 Hove
46,Statielei 16,2022-06-01,07:00:00,324,251,73,FMN GV 03 Hove
46,Statielei 16,2022-06-01,08:00:00,413,316,97,FMN GV 03 Hove
46,Statielei 16,2022-06-01,09:00:00,158,102,56,FMN GV 03 Hove
46,Statielei 16,2022-06-01,10:00:00,135,77,58,FMN GV 03 Hove
46,Statielei 16,2022-06-01,11:00:00,138,63,75,FMN GV 03 Hove
46,Statielei 16,2022-06-01,12:00:00,216,89,127,FMN GV 03 Hove
46,Statielei 16,2022-06-01,13:00:00,191,76,115,FMN GV 03 Hove
46,Statielei 16,2022-06-01,14:00:00,134,58,76,FMN GV 03 Hove
46,Statielei 16,2022-06-01,15:00:00,133,60,73,FMN GV 03 Hove
46,Statielei 16,2022-06-01,16:00:00,252,99,153,FMN GV 03 Hove
46,Statielei 16,2022-06-01,17:00:00,340,124,216,FMN GV 03 Hove
46,Statielei 16,2022-06-01,18:00:00,229,98,131,FMN GV 03 Hove
46,Statielei 16,2022-06-01,19:00:00,164,83,81,FMN GV 03 Hove
46,Statielei 16,2022-06-01,20:00:00,98,54,44,FMN GV 03 Hove
46,Statielei 16,2022-06-01,21:00:00,90,56,34,FMN GV 03 Hove
46,Statielei 16,2022-06-01,22:00:00,71,26,45,FMN GV 03 Hove
46,Statielei 16,2022-06-01,23:00:00,30,14,16,FMN GV 03 Hove
46,Statielei 16,2022-06-02,00:00:00,20,6,14,FMN GV 03 Hove
46,Statielei 16,2022-06-02,01:00:00,4,2,2,FMN GV 03 Hove
46,Statielei 16,2022-06-02,02:00:00,0,0,0,FMN GV 03 Hove
46,Statielei 16,2022-06-02,03:00:00,4,1,3,FMN GV 03 Hove
46,Statielei 16,2022-06-02,04:00:00,10,4,6,FMN GV 03 Hove
46,Statielei 16,2022-06-02,05:00:00,27,18,9,FMN GV 03 Hove
46,Statielei 16,2022-06-02,06:00:00,115,81,34,FMN GV 03 Hove
46,Statielei 16,2022-06-02,07:00:00,359,277,82,FMN GV 03 Hove
46,Statielei 16,2022-06-02,08:00:00,457,346,111,FMN GV 03 Hove
46,Statielei 16,2022-06-02,09:00:00,31,26,5,FMN GV 03 Hove
46,Statielei 16,2022-06-02,10:00:00,0,0,0,FMN GV 03 Hove
46,Statielei 16,2022-06-02,11:00:00,0,0,0,FMN GV 03 Hove
46,Statielei 16,2022-06-02,12:00:00,0,0,0,FMN GV 03 Hove
46,Statielei 16,2022-06-02,13:00:00,0,0,0,FMN GV 03 Hove
46,Statielei 16,2022-06-02,14:00:00,0,0,0,FMN GV 03 Hove
46,Statielei 16,2022-06-02,15:00:00,167,57,110,FMN GV 03 Hove
46,Statielei 16,2022-06-02,16:00:00,364,114,250,FMN GV 03 Hove
46,Statielei 16,2022-06-02,17:00:00,399,130,269,FMN GV 03 Hove
46,Statielei 16,2022-06-02,18:00:00,280,108,172,FMN GV 03 Hove
46,Statielei 16,2022-06-02,19:00:00,146,64,82,FMN GV 03 Hove
46,Statielei 16,2022-06-02,20:00:00,110,55,55,FMN GV 03 Hove
46,Statielei 16,2022-06-02,21:00:00,85,59,26,FMN GV 03 Hove
46,Statielei 16,2022-06-02,22:00:00,51,24,27,FMN GV 03 Hove
46,Statielei 16,2022-06-02,23:00:00,55,18,37,FMN GV 03 Hove
46,Statielei 16,2022-06-03,00:00:00,10,1,9,FMN GV 03 Hove
46,Statielei 16,2022-06-03,01:00:00,10,3,7,FMN GV 03 Hove
46,Statielei 16,2022-06-03,02:00:00,1,0,1,FMN GV 03 Hove
46,Statielei 16,2022-06-03,03:00:00,4,2,2,FMN GV 03 Hove
46,Statielei 16,2022-06-03,04:00:00,9,4,5,FMN GV 03 Hove
46,Statielei 16,2022-06-03,05:00:00,23,16,7,FMN GV 03 Hove
46,Statielei 16,2022-06-03,06:00:00,102,73,29,FMN GV 03 Hove
46,Statielei 16,2022-06-03,07:00:00,299,222,77,FMN GV 03 Hove
46,Statielei 16,2022-06-03,08:00:00,403,301,102,FMN GV 03 Hove
46,Statielei 16,2022-06-03,09:00:00,182,92,90,FMN GV 03 Hove
46,Statielei 16,2022-06-03,10:00:00,139,80,59,FMN GV 03 Hove
46,Statielei 16,2022-06-03,11:00:00,140,69,71,FMN GV 03 Hove
46,Statielei 16,2022-06-03,12:00:00,181,96,85,FMN GV 03 Hove
46,Statielei 16,2022-06-03,13:00:00,193,106,87,FMN GV 03 Hove
46,Statielei 16,2022-06-03,14:00:00,256,135,121,FMN GV 03 Hove
46,Statielei 16,2022-06-03,15:00:00,255,100,155,FMN GV 03 Hove
46,Statielei 16,2022-06-03,16:00:00,344,124,220,FMN GV 03 Hove
46,Statielei 16,2022-06-03,17:00:00,328,119,209,FMN GV 03 Hove
46,Statielei 16,2022-06-03,18:00:00,220,121,99,FMN GV 03 Hove
46,Statielei 16,2022-06-03,19:00:00,143,86,57,FMN GV 03 Hove
46,Statielei 16,2022-06-03,20:00:00,107,56,51,FMN GV 03 Hove
46,Statielei 16,2022-06-03,21:00:00,77,43,34,FMN GV 03 Hove
46,Statielei 16,2022-06-03,22:00:00,71,35,36,FMN GV 03 Hove
46,Statielei 16,2022-06-03,23:00:00,62,23,39,FMN GV 03 Hove
46,Statielei 16,2022-06-04,00:00:00,46,18,28,FMN GV 03 Hove
46,Statielei 16,2022-06-04,01:00:00,23,4,19,FMN GV 03 Hove
46,Statielei 16,2022-06-04,02:00:00,8,4,4,FMN GV 03 Hove
46,Statielei 16,2022-06-04,03:00:00,6,3,3,FMN GV 03 Hove
46,Statielei 16,2022-06-04,04:00:00,13,3,10,FMN GV 03 Hove
46,Statielei 16,2022-06-04,05:00:00,14,7,7,FMN GV 03 Hove
46,Statielei 16,2022-06-04,06:00:00,17,7,10,FMN GV 03 Hove
46,Statielei 16,2022-06-04,07:00:00,25,10,15,FMN GV 03 Hove
46,Statielei 16,2022-06-04,08:00:00,39,21,18,FMN GV 03 Hove
46,Statielei 16,2022-06-04,09:00:00,93,40,53,FMN GV 03 Hove
46,Statielei 16,2022-06-04,10:00:00,157,83,74,FMN GV 03 Hove
46,Statielei 16,2022-06-04,11:00:00,135,74,61,FMN GV 03 Hove
46,Statielei 16,2022-06-04,12:00:00,160,87,73,FMN GV 03 Hove
46,Statielei 16,2022-06-04,13:00:00,198,110,88,FMN GV 03 Hove
46,Statielei 16,2022-06-04,14:00:00,196,98,98,FMN GV 03 Hove
46,Statielei 16,2022-06-04,15:00:00,203,104,99,FMN GV 03 Hove
46,Statielei 16,2022-06-04,16:00:00,240,151,89,FMN GV 03 Hove
46,Statielei 16,2022-06-04,17:00:00,175,88,87,FMN GV 03 Hove
46,Statielei 16,2022-06-04,18:00:00,129,67,62,FMN GV 03 Hove
46,Statielei 16,2022-06-04,19:00:00,129,84,45,FMN GV 03 Hove
46,Statielei 16,2022-06-04,20:00:00,71,42,29,FMN GV 03 Hove
46,Statielei 16,2022-06-04,21:00:00,59,34,25,FMN GV 03 Hove
46,Statielei 16,2022-06-04,22:00:00,59,16,43,FMN GV 03 Hove
46,Statielei 16,2022-06-04,23:00:00,50,32,18,FMN GV 03 Hove
46,Statielei 16,2022-06-05,00:00:00,24,5,19,FMN GV 03 Hove
46,Statielei 16,2022-06-05,01:00:00,16,6,10,FMN GV 03 Hove
46,Statielei 16,2022-06-05,02:00:00,8,3,5,FMN GV 03 Hove
46,Statielei 16,2022-06-05,03:00:00,7,0,7,FMN GV 03 Hove
46,Statielei 16,2022-06-05,04:00:00,7,3,4,FMN GV 03 Hove
46,Statielei 16,2022-06-05,05:00:00,13,6,7,FMN GV 03 Hove
46,Statielei 16,2022-06-05,06:00:00,9,5,4,FMN GV 03 Hove
46,Statielei 16,2022-06-05,07:00:00,7,2,5,FMN GV 03 Hove
46,Statielei 16,2022-06-05,08:00:00,21,14,7,FMN GV 03 Hove
46,Statielei 16,2022-06-05,09:00:00,67,17,50,FMN GV 03 Hove
46,Statielei 16,2022-06-05,10:00:00,94,39,55,FMN GV 03 Hove
46,Statielei 16,2022-06-05,11:00:00,84,50,34,FMN GV 03 Hove
46,Statielei 16,2022-06-05,12:00:00,59,43,16,FMN GV 03 Hove
46,Statielei 16,2022-06-05,13:00:00,22,8,14,FMN GV 03 Hove
46,Statielei 16,2022-06-05,14:00:00,25,8,17,FMN GV 03 Hove
46,Statielei 16,2022-06-05,15:00:00,18,9,9,FMN GV 03 Hove
46,Statielei 16,2022-06-05,16:00:00,20,13,7,FMN GV 03 Hove
46,Statielei 16,2022-06-05,17:00:00,20,8,12,FMN GV 03 Hove
46,Statielei 16,2022-06-05,18:00:00,23,14,9,FMN GV 03 Hove
46,Statielei 16,2022-06-05,19:00:00,21,10,11,FMN GV 03 Hove
46,Statielei 16,2022-06-05,20:00:00,30,21,9,FMN GV 03 Hove
46,Statielei 16,2022-06-05,21:00:00,12,7,5,FMN GV 03 Hove
46,Statielei 16,2022-06-05,22:00:00,17,8,9,FMN GV 03 Hove
46,Statielei 16,2022-06-05,23:00:00,11,8,3,FMN GV 03 Hove
46,Statielei 16,2022-06-06,00:00:00,7,3,4,FMN GV 03 Hove
46,Statielei 16,2022-06-06,01:00:00,6,5,1,FMN GV 03 Hove
46,Statielei 16,2022-06-06,02:00:00,4,1,3,FMN GV 03 Hove
46,Statielei 16,2022-06-06,03:00:00,1,1,0,FMN GV 03 Hove
46,Statielei 16,2022-06-06,04:00:00,5,3,2,FMN GV 03 Hove
46,Statielei 16,2022-06-06,05:00:00,10,5,5,FMN GV 03 Hove
46,Statielei 16,2022-06-06,06:00:00,15,8,7,FMN GV 03 Hove
46,Statielei 16,2022-06-06,07:00:00,17,6,11,FMN GV 03 Hove
46,Statielei 16,2022-06-06,08:00:00,32,6,26,FMN GV 03 Hove
46,Statielei 16,2022-06-06,09:00:00,101,43,58,FMN GV 03 Hove
46,Statielei 16,2022-06-06,10:00:00,120,65,55,FMN GV 03 Hove
46,Statielei 16,2022-06-06,11:00:00,135,72,63,FMN GV 03 Hove
46,Statielei 16,2022-06-06,12:00:00,126,82,44,FMN GV 03 Hove
46,Statielei 16,2022-06-06,13:00:00,99,54,45,FMN GV 03 Hove
46,Statielei 16,2022-06-06,14:00:00,111,50,61,FMN GV 03 Hove
46,Statielei 16,2022-06-06,15:00:00,117,68,49,FMN GV 03 Hove
46,Statielei 16,2022-06-06,16:00:00,100,55,45,FMN GV 03 Hove
46,Statielei 16,2022-06-06,17:00:00,104,55,49,FMN GV 03 Hove
46,Statielei 16,2022-06-06,18:00:00,70,44,26,FMN GV 03 Hove
46,Statielei 16,2022-06-06,19:00:00,60,34,26,FMN GV 03 Hove
46,Statielei 16,2022-06-06,20:00:00,58,31,27,FMN GV 03 Hove
46,Statielei 16,2022-06-06,21:00:00,30,15,15,FMN GV 03 Hove
46,Statielei 16,2022-06-06,22:00:00,25,11,14,FMN GV 03 Hove
46,Statielei 16,2022-06-06,23:00:00,14,7,7,FMN GV 03 Hove
46,Statielei 16,2022-06-07,00:00:00,12,4,8,FMN GV 03 Hove
46,Statielei 16,2022-06-07,01:00:00,2,1,1,FMN GV 03 Hove
46,Statielei 16,2022-06-07,02:00:00,0,0,0,FMN GV 03 Hove
46,Statielei 16,2022-06-07,03:00:00,4,0,4,FMN GV 03 Hove
46,Statielei 16,2022-06-07,04:00:00,12,6,6,FMN GV 03 Hove
46,Statielei 16,2022-06-07,05:00:00,24,16,8,FMN GV 03 Hove
46,Statielei 16,2022-06-07,06:00:00,109,73,36,FMN GV 03 Hove
46,Statielei 16,2022-06-07,07:00:00,355,289,66,FMN GV 03 Hove
46,Statielei 16,2022-06-07,08:00:00,435,336,99,FMN GV 03 Hove
46,Statielei 16,2022-06-07,09:00:00,113,83,30,FMN GV 03 Hove
46,Statielei 16,2022-06-07,10:00:00,87,40,47,FMN GV 03 Hove
46,Statielei 16,2022-06-07,11:00:00,98,51,47,FMN GV 03 Hove
46,Statielei 16,2022-06-07,12:00:00,121,61,60,FMN GV 03 Hove
46,Statielei 16,2022-06-07,13:00:00,104,62,42,FMN GV 03 Hove
46,Statielei 16,2022-06-07,14:00:00,111,65,46,FMN GV 03 Hove
46,Statielei 16,2022-06-07,15:00:00,177,73,104,FMN GV 03 Hove
46,Statielei 16,2022-06-07,16:00:00,302,88,214,FMN GV 03 Hove
46,Statielei 16,2022-06-07,17:00:00,363,95,268,FMN GV 03 Hove
46,Statielei 16,2022-06-07,18:00:00,232,80,152,FMN GV 03 Hove
46,Statielei 16,2022-06-07,19:00:00,105,56,49,FMN GV 03 Hove
46,Statielei 16,2022-06-07,20:00:00,81,41,40,FMN GV 03 Hove
46,Statielei 16,2022-06-07,21:00:00,58,36,22,FMN GV 03 Hove
46,Statielei 16,2022-06-07,22:00:00,38,16,22,FMN GV 03 Hove
46,Statielei 16,2022-06-07,23:00:00,27,7,20,FMN GV 03 Hove
46,Statielei 16,2022-06-08,00:00:00,11,3,8,FMN GV 03 Hove
46,Statielei 16,2022-06-08,01:00:00,5,3,2,FMN GV 03 Hove
46,Statielei 16,2022-06-08,02:00:00,0,0,0,FMN GV 03 Hove
46,Statielei 16,2022-06-08,03:00:00,3,1,2,FMN GV 03 Hove
46,Statielei 16,2022-06-08,04:00:00,8,5,3,FMN GV 03 Hove
46,Statielei 16,2022-06-08,05:00:00,25,12,13,FMN GV 03 Hove
46,Statielei 16,2022-06-08,06:00:00,94,68,26,FMN GV 03 Hove
46,Statielei 16,2022-06-08,07:00:00,278,225,53,FMN GV 03 Hove
46,Statielei 16,2022-06-08,08:00:00,357,278,79,FMN GV 03 Hove
46,Statielei 16,2022-06-08,09:00:00,86,50,36,FMN GV 03 Hove
46,Statielei 16,2022-06-08,10:00:00,71,47,24,FMN GV 03 Hove
46,Statielei 16,2022-06-08,11:00:00,48,14,34,FMN GV 03 Hove
46,Statielei 16,2022-06-08,12:00:00,121,48,73,FMN GV 03 Hove
46,Statielei 16,2022-06-08,13:00:00,72,29,43,FMN GV 03 Hove
46,Statielei 16,2022-06-08,14:00:00,53,20,33,FMN GV 03 Hove
46,Statielei 16,2022-06-08,15:00:00,47,16,31,FMN GV 03 Hove
46,Statielei 16,2022-06-08,16:00:00,132,36,96,FMN GV 03 Hove
46,Statielei 16,2022-06-08,17:00:00,231,77,154,FMN GV 03 Hove
46,Statielei 16,2022-06-08,18:00:00,141,53,88,FMN GV 03 Hove
46,Statielei 16,2022-06-08,19:00:00,81,40,41,FMN GV 03 Hove
46,Statielei 16,2022-06-08,20:00:00,62,35,27,FMN GV 03 Hove
46,Statielei 16,2022-06-08,21:00:00,53,28,25,FMN GV 03 Hove
46,Statielei 16,2022-06-08,22:00:00,44,18,26,FMN GV 03 Hove
46,Statielei 16,2022-06-08,23:00:00,13,7,6,FMN GV 03 Hove
46,Statielei 16,2022-06-09,00:00:00,7,2,5,FMN GV 03 Hove
46,Statielei 16,2022-06-09,01:00:00,3,1,2,FMN GV 03 Hove
46,Statielei 16,2022-06-09,02:00:00,0,0,0,FMN GV 03 Hove
46,Statielei 16,2022-06-09,03:00:00,6,1,5,FMN GV 03 Hove
46,Statielei 16,2022-06-09,04:00:00,16,11,5,FMN GV 03 Hove
46,Statielei 16,2022-06-09,05:00:00,30,17,13,FMN GV 03 Hove
46,Statielei 16,2022-06-09,06:00:00,108,82,26,FMN GV 03 Hove
46,Statielei 16,2022-06-09,07:00:00,384,300,84,FMN GV 03 Hove
46,Statielei 16,2022-06-09,08:00:00,431,328,103,FMN GV 03 Hove
46,Statielei 16,2022-06-09,09:00:00,157,121,36,FMN GV 03 Hove
46,Statielei 16,2022-06-09,10:00:00,91,48,43,FMN GV 03 Hove
46,Statielei 16,2022-06-09,11:00:00,86,47,39,FMN GV 03 Hove
46,Statielei 16,2022-06-09,12:00:00,100,49,51,FMN GV 03 Hove
46,Statielei 16,2022-06-09,13:00:00,98,41,57,FMN GV 03 Hove
46,Statielei 16,2022-06-09,14:00:00,164,80,84,FMN GV 03 Hove
46,Statielei 16,2022-06-09,15:00:00,212,92,120,FMN GV 03 Hove
46,Statielei 16,2022-06-09,16:00:00,301,81,220,FMN GV 03 Hove
46,Statielei 16,2022-06-09,17:00:00,351,109,242,FMN GV 03 Hove
46,Statielei 16,2022-06-09,18:00:00,255,92,163,FMN GV 03 Hove
46,Statielei 16,2022-06-09,19:00:00,162,93,69,FMN GV 03 Hove
46,Statielei 16,2022-06-09,20:00:00,97,49,48,FMN GV 03 Hove
46,Statielei 16,2022-06-09,21:00:00,66,33,33,FMN GV 03 Hove
46,Statielei 16,2022-06-09,22:00:00,65,32,33,FMN GV 03 Hove
46,Statielei 16,2022-06-09,23:00:00,41,15,26,FMN GV 03 Hove
46,Statielei 16,2022-06-10,00:00:00,20,8,12,FMN GV 03 Hove
46,Statielei 16,2022-06-10,01:00:00,6,3,3,FMN GV 03 Hove
46,Statielei 16,2022-06-10,02:00:00,3,3,0,FMN GV 03 Hove
46,Statielei 16,2022-06-10,03:00:00,7,2,5,FMN GV 03 Hove
46,Statielei 16,2022-06-10,04:00:00,12,7,5,FMN GV 03 Hove
46,Statielei 16,2022-06-10,05:00:00,31,17,14,FMN GV 03 Hove
46,Statielei 16,2022-06-10,06:00:00,103,69,34,FMN GV 03 Hove
46,Statielei 16,2022-06-10,07:00:00,322,247,75,FMN GV 03 Hove
46,Statielei 16,2022-06-10,08:00:00,344,262,82,FMN GV 03 Hove
46,Statielei 16,2022-06-10,09:00:00,110,70,40,FMN GV 03 Hove
46,Statielei 16,2022-06-10,10:00:00,94,48,46,FMN GV 03 Hove
46,Statielei 16,2022-06-10,11:00:00,133,71,62,FMN GV 03 Hove
46,Statielei 16,2022-06-10,12:00:00,134,73,61,FMN GV 03 Hove
46,Statielei 16,2022-06-10,13:00:00,162,86,76,FMN GV 03 Hove
46,Statielei 16,2022-06-10,14:00:00,174,82,92,FMN GV 03 Hove
46,Statielei 16,2022-06-10,15:00:00,232,89,143,FMN GV 03 Hove
46,Statielei 16,2022-06-10,16:00:00,334,112,222,FMN GV 03 Hove
46,Statielei 16,2022-06-10,17:00:00,299,109,190,FMN GV 03 Hove
46,Statielei 16,2022-06-10,18:00:00,192,88,104,FMN GV 03 Hove
46,Statielei 16,2022-06-10,19:00:00,127,67,60,FMN GV 03 Hove
46,Statielei 16,2022-06-10,20:00:00,76,34,42,FMN GV 03 Hove
46,Statielei 16,2022-06-10,21:00:00,55,29,26,FMN GV 03 Hove
46,Statielei 16,2022-06-10,22:00:00,50,23,27,FMN GV 03 Hove
46,Statielei 16,2022-06-10,23:00:00,55,16,39,FMN GV 03 Hove
46,Statielei 16,2022-06-11,00:00:00,37,12,25,FMN GV 03 Hove
46,Statielei 16,2022-06-11,01:00:00,27,9,18,FMN GV 03 Hove
46,Statielei 16,2022-06-11,02:00:00,18,1,17,FMN GV 03 Hove
46,Statielei 16,2022-06-11,03:00:00,8,1,7,FMN GV 03 Hove
46,Statielei 16,2022-06-11,04:00:00,10,5,5,FMN GV 03 Hove
46,Statielei 16,2022-06-11,05:00:00,10,6,4,FMN GV 03 Hove
46,Statielei 16,2022-06-11,06:00:00,20,9,11,FMN GV 03 Hove
46,Statielei 16,2022-06-11,07:00:00,29,13,16,FMN GV 03 Hove
46,Statielei 16,2022-06-11,08:00:00,59,37,22,FMN GV 03 Hove
46,Statielei 16,2022-06-11,09:00:00,112,67,45,FMN GV 03 Hove
46,Statielei 16,2022-06-11,10:00:00,145,77,68,FMN GV 03 Hove
46,Statielei 16,2022-06-11,11:00:00,197,116,81,FMN GV 03 Hove
46,Statielei 16,2022-06-11,12:00:00,199,118,81,FMN GV 03 Hove
46,Statielei 16,2022-06-11,13:00:00,272,173,99,FMN GV 03 Hove
46,Statielei 16,2022-06-11,14:00:00,216,111,105,FMN GV 03 Hove
46,Statielei 16,2022-06-11,15:00:00,177,94,83,FMN GV 03 Hove
46,Statielei 16,2022-06-11,16:00:00,192,88,104,FMN GV 03 Hove
46,Statielei 16,2022-06-11,17:00:00,167,85,82,FMN GV 03 Hove
46,Statielei 16,2022-06-11,18:00:00,140,76,64,FMN GV 03 Hove
46,Statielei 16,2022-06-11,19:00:00,130,83,47,FMN GV 03 Hove
46,Statielei 16,2022-06-11,20:00:00,89,50,39,FMN GV 03 Hove
46,Statielei 16,2022-06-11,21:00:00,61,43,18,FMN GV 03 Hove
46,Statielei 16,2022-06-11,22:00:00,63,31,32,FMN GV 03 Hove
46,Statielei 16,2022-06-11,23:00:00,51,21,30,FMN GV 03 Hove
46,Statielei 16,2022-06-12,00:00:00,35,11,24,FMN GV 03 Hove
46,Statielei 16,2022-06-12,01:00:00,37,15,22,FMN GV 03 Hove
46,Statielei 16,2022-06-12,02:00:00,25,10,15,FMN GV 03 Hove
46,Statielei 16,2022-06-12,03:00:00,13,2,11,FMN GV 03 Hove
46,Statielei 16,2022-06-12,04:00:00,6,1,5,FMN GV 03 Hove
46,Statielei 16,2022-06-12,05:00:00,12,7,5,FMN GV 03 Hove
46,Statielei 16,2022-06-12,06:00:00,20,12,8,FMN GV 03 Hove
46,Statielei 16,2022-06-12,07:00:00,33,11,22,FMN GV 03 Hove
46,Statielei 16,2022-06-12,08:00:00,39,20,19,FMN GV 03 Hove
46,Statielei 16,2022-06-12,09:00:00,157,75,82,FMN GV 03 Hove
46,Statielei 16,2022-06-12,10:00:00,178,86,92,FMN GV 03 Hove
46,Statielei 16,2022-06-12,11:00:00,243,143,100,FMN GV 03 Hove
46,Statielei 16,2022-06-12,12:00:00,227,139,88,FMN GV 03 Hove
46,Statielei 16,2022-06-12,13:00:00,227,131,96,FMN GV 03 Hove
46,Statielei 16,2022-06-12,14:00:00,246,122,124,FMN GV 03 Hove
46,Statielei 16,2022-06-12,15:00:00,328,148,180,FMN GV 03 Hove
46,Statielei 16,2022-06-12,16:00:00,250,132,118,FMN GV 03 Hove
46,Statielei 16,2022-06-12,17:00:00,219,101,118,FMN GV 03 Hove
46,Statielei 16,2022-06-12,18:00:00,167,96,71,FMN GV 03 Hove
46,Statielei 16,2022-06-12,19:00:00,107,63,44,FMN GV 03 Hove
46,Statielei 16,2022-06-12,20:00:00,87,53,34,FMN GV 03 Hove
46,Statielei 16,2022-06-12,21:00:00,58,41,17,FMN GV 03 Hove
46,Statielei 16,2022-06-12,22:00:00,37,16,21,FMN GV 03 Hove
46,Statielei 16,2022-06-12,23:00:00,27,8,19,FMN GV 03 Hove
46,Statielei 16,2022-06-13,00:00:00,6,3,3,FMN GV 03 Hove
46,Statielei 16,2022-06-13,01:00:00,1,0,1,FMN GV 03 Hove
46,Statielei 16,2022-06-13,02:00:00,1,0,1,FMN GV 03 Hove
46,Statielei 16,2022-06-13,03:00:00,6,3,3,FMN GV 03 Hove
46,Statielei 16,2022-06-13,04:00:00,12,8,4,FMN GV 03 Hove
46,Statielei 16,2022-06-13,05:00:00,31,18,13,FMN GV 03 Hove
46,Statielei 16,2022-06-13,06:00:00,121,86,35,FMN GV 03 Hove
46,Statielei 16,2022-06-13,07:00:00,404,329,75,FMN GV 03 Hove
46,Statielei 16,2022-06-13,08:00:00,451,355,96,FMN GV 03 Hove
46,Statielei 16,2022-06-13,09:00:00,169,104,65,FMN GV 03 Hove
46,Statielei 16,2022-06-13,10:00:00,102,61,41,FMN GV 03 Hove
46,Statielei 16,2022-06-13,11:00:00,96,54,42,FMN GV 03 Hove
46,Statielei 16,2022-06-13,12:00:00,7,1,6,FMN GV 03 Hove
46,Statielei 16,2022-06-13,13:00:00,0,0,0,FMN GV 03 Hove
46,Statielei 16,2022-06-13,14:00:00,56,27,29,FMN GV 03 Hove
46,Statielei 16,2022-06-13,15:00:00,172,64,108,FMN GV 03 Hove
46,Statielei 16,2022-06-13,16:00:00,326,91,235,FMN GV 03 Hove
46,Statielei 16,2022-06-13,17:00:00,423,123,300,FMN GV 03 Hove
46,Statielei 16,2022-06-13,18:00:00,251,96,155,FMN GV 03 Hove
46,Statielei 16,2022-06-13,19:00:00,142,54,88,FMN GV 03 Hove
46,Statielei 16,2022-06-13,20:00:00,76,38,38,FMN GV 03 Hove
46,Statielei 16,2022-06-13,21:00:00,69,40,29,FMN GV 03 Hove
46,Statielei 16,2022-06-13,22:00:00,58,28,30,FMN GV 03 Hove
46,Statielei 16,2022-06-13,23:00:00,30,14,16,FMN GV 03 Hove
46,Statielei 16,2022-06-14,00:00:00,6,3,3,FMN GV 03 Hove
46,Statielei 16,2022-06-14,01:00:00,2,0,2,FMN GV 03 Hove
46,Statielei 16,2022-06-14,02:00:00,1,0,1,FMN GV 03 Hove
46,Statielei 16,2022-06-14,03:00:00,5,2,3,FMN GV 03 Hove
46,Statielei 16,2022-06-14,04:00:00,16,10,6,FMN GV 03 Hove
46,Statielei 16,2022-06-14,05:00:00,35,20,15,FMN GV 03 Hove
46,Statielei 16,2022-06-14,06:00:00,125,91,34,FMN GV 03 Hove
46,Statielei 16,2022-06-14,07:00:00,468,373,95,FMN GV 03 Hove
46,Statielei 16,2022-06-14,08:00:00,509,391,118,FMN GV 03 Hove
46,Statielei 16,2022-06-14,09:00:00,156,105,51,FMN GV 03 Hove
46,Statielei 16,2022-06-14,10:00:00,139,48,91,FMN GV 03 Hove
46,Statielei 16,2022-06-14,11:00:00,3,1,2,FMN GV 03 Hove
46,Statielei 16,2022-06-14,12:00:00,0,0,0,FMN GV 03 Hove
46,Statielei 16,2022-06-14,13:00:00,0,0,0,FMN GV 03 Hove
46,Statielei 16,2022-06-14,14:00:00,76,28,48,FMN GV 03 Hove
46,Statielei 16,2022-06-14,15:00:00,215,88,127,FMN GV 03 Hove
46,Statielei 16,2022-06-14,16:00:00,382,114,268,FMN GV 03 Hove
46,Statielei 16,2022-06-14,17:00:00,479,147,332,FMN GV 03 Hove
46,Statielei 16,2022-06-14,18:00:00,317,125,192,FMN GV 03 Hove
46,Statielei 16,2022-06-14,19:00:00,186,79,107,FMN GV 03 Hove
46,Statielei 16,2022-06-14,20:00:00,135,73,62,FMN GV 03 Hove
46,Statielei 16,2022-06-14,21:00:00,97,57,40,FMN GV 03 Hove
46,Statielei 16,2022-06-14,22:00:00,67,26,41,FMN GV 03 Hove
46,Statielei 16,2022-06-14,23:00:00,44,20,24,FMN GV 03 Hove
46,Statielei 16,2022-06-15,00:00:00,15,4,11,FMN GV 03 Hove
46,Statielei 16,2022-06-15,01:00:00,6,2,4,FMN GV 03 Hove
46,Statielei 16,2022-06-15,02:00:00,1,1,0,FMN GV 03 Hove
46,Statielei 16,2022-06-15,03:00:00,3,1,2,FMN GV 03 Hove
46,Statielei 16,2022-06-15,04:00:00,11,6,5,FMN GV 03 Hove
46,Statielei 16,2022-06-15,05:00:00,29,18,11,FMN GV 03 Hove
46,Statielei 16,2022-06-15,06:00:00,117,90,27,FMN GV 03 Hove
46,Statielei 16,2022-06-15,07:00:00,363,293,70,FMN GV 03 Hove
46,Statielei 16,2022-06-15,08:00:00,420,307,113,FMN GV 03 Hove
46,Statielei 16,2022-06-15,09:00:00,197,133,64,FMN GV 03 Hove
46,Statielei 16,2022-06-15,10:00:00,221,110,111,FMN GV 03 Hove
46,Statielei 16,2022-06-15,11:00:00,208,102,106,FMN GV 03 Hove
46,Statielei 16,2022-06-15,12:00:00,283,130,153,FMN GV 03 Hove
46,Statielei 16,2022-06-15,13:00:00,184,75,109,FMN GV 03 Hove
46,Statielei 16,2022-06-15,14:00:00,193,103,90,FMN GV 03 Hove
46,Statielei 16,2022-06-15,15:00:00,169,70,99,FMN GV 03 Hove
46,Statielei 16,2022-06-15,16:00:00,304,121,183,FMN GV 03 Hove
46,Statielei 16,2022-06-15,17:00:00,396,136,260,FMN GV 03 Hove
46,Statielei 16,2022-06-15,18:00:00,285,128,157,FMN GV 03 Hove
46,Statielei 16,2022-06-15,19:00:00,199,107,92,FMN GV 03 Hove
46,Statielei 16,2022-06-15,20:00:00,160,93,67,FMN GV 03 Hove
46,Statielei 16,2022-06-15,21:00:00,120,83,37,FMN GV 03 Hove
46,Statielei 16,2022-06-15,22:00:00,75,39,36,FMN GV 03 Hove
46,Statielei 16,2022-06-15,23:00:00,36,11,25,FMN GV 03 Hove
46,Statielei 16,2022-06-16,00:00:00,18,5,13,FMN GV 03 Hove
46,Statielei 16,2022-06-16,01:00:00,10,3,7,FMN GV 03 Hove
46,Statielei 16,2022-06-16,02:00:00,2,2,0,FMN GV 03 Hove
46,Statielei 16,2022-06-16,03:00:00,3,1,2,FMN GV 03 Hove
46,Statielei 16,2022-06-16,04:00:00,10,4,6,FMN GV 03 Hove
46,Statielei 16,2022-06-16,05:00:00,40,25,15,FMN GV 03 Hove
46,Statielei 16,2022-06-16,06:00:00,133,91,42,FMN GV 03 Hove
46,Statielei 16,2022-06-16,07:00:00,443,335,108,FMN GV 03 Hove
46,Statielei 16,2022-06-16,08:00:00,468,371,97,FMN GV 03 Hove
46,Statielei 16,2022-06-16,09:00:00,176,107,69,FMN GV 03 Hove
46,Statielei 16,2022-06-16,10:00:00,130,77,53,FMN GV 03 Hove
46,Statielei 16,2022-06-16,11:00:00,165,94,71,FMN GV 03 Hove
46,Statielei 16,2022-06-16,12:00:00,191,87,104,FMN GV 03 Hove
46,Statielei 16,2022-06-16,13:00:00,169,93,76,FMN GV 03 Hove
46,Statielei 16,2022-06-16,14:00:00,174,79,95,FMN GV 03 Hove
46,Statielei 16,2022-06-16,15:00:00,196,85,111,FMN GV 03 Hove
46,Statielei 16,2022-06-16,16:00:00,374,125,249,FMN GV 03 Hove
46,Statielei 16,2022-06-16,17:00:00,417,155,262,FMN GV 03 Hove
46,Statielei 16,2022-06-16,18:00:00,304,115,189,FMN GV 03 Hove
46,Statielei 16,2022-06-16,19:00:00,176,86,90,FMN GV 03 Hove
46,Statielei 16,2022-06-16,20:00:00,118,66,52,FMN GV 03 Hove
46,Statielei 16,2022-06-16,21:00:00,84,52,32,FMN GV 03 Hove
46,Statielei 16,2022-06-16,22:00:00,75,37,38,FMN GV 03 Hove
46,Statielei 16,2022-06-16,23:00:00,50,19,31,FMN GV 03 Hove
46,Statielei 16,2022-06-17,00:00:00,28,8,20,FMN GV 03 Hove
46,Statielei 16,2022-06-17,01:00:00,7,6,1,FMN GV 03 Hove
46,Statielei 16,2022-06-17,02:00:00,4,3,1,FMN GV 03 Hove
46,Statielei 16,2022-06-17,03:00:00,4,1,3,FMN GV 03 Hove
46,Statielei 16,2022-06-17,04:00:00,11,8,3,FMN GV 03 Hove
46,Statielei 16,2022-06-17,05:00:00,31,17,14,FMN GV 03 Hove
46,Statielei 16,2022-06-17,06:00:00,109,70,39,FMN GV 03 Hove
46,Statielei 16,2022-06-17,07:00:00,324,240,84,FMN GV 03 Hove
46,Statielei 16,2022-06-17,08:00:00,372,281,91,FMN GV 03 Hove
46,Statielei 16,2022-06-17,09:00:00,160,101,59,FMN GV 03 Hove
46,Statielei 16,2022-06-17,10:00:00,159,89,70,FMN GV 03 Hove
46,Statielei 16,2022-06-17,11:00:00,185,95,90,FMN GV 03 Hove
46,Statielei 16,2022-06-17,12:00:00,223,114,109,FMN GV 03 Hove
46,Statielei 16,2022-06-17,13:00:00,170,77,93,FMN GV 03 Hove
46,Statielei 16,2022-06-17,14:00:00,188,80,108,FMN GV 03 Hove
46,Statielei 16,2022-06-17,15:00:00,208,93,115,FMN GV 03 Hove
46,Statielei 16,2022-06-17,16:00:00,302,131,171,FMN GV 03 Hove
46,Statielei 16,2022-06-17,17:00:00,277,118,159,FMN GV 03 Hove
46,Statielei 16,2022-06-17,18:00:00,245,123,122,FMN GV 03 Hove
46,Statielei 16,2022-06-17,19:00:00,178,86,92,FMN GV 03 Hove
46,Statielei 16,2022-06-17,20:00:00,139,79,60,FMN GV 03 Hove
46,Statielei 16,2022-06-17,21:00:00,88,61,27,FMN GV 03 Hove
46,Statielei 16,2022-06-17,22:00:00,82,51,31,FMN GV 03 Hove
46,Statielei 16,2022-06-17,23:00:00,78,31,47,FMN GV 03 Hove
46,Statielei 16,2022-06-18,00:00:00,50,16,34,FMN GV 03 Hove
46,Statielei 16,2022-06-18,01:00:00,37,12,25,FMN GV 03 Hove
46,Statielei 16,2022-06-18,02:00:00,18,4,14,FMN GV 03 Hove
46,Statielei 16,2022-06-18,03:00:00,7,0,7,FMN GV 03 Hove
46,Statielei 16,2022-06-18,04:00:00,16,4,12,FMN GV 03 Hove
46,Statielei 16,2022-06-18,05:00:00,18,8,10,FMN GV 03 Hove
46,Statielei 16,2022-06-18,06:00:00,22,11,11,FMN GV 03 Hove
46,Statielei 16,2022-06-18,07:00:00,32,13,19,FMN GV 03 Hove
46,Statielei 16,2022-06-18,08:00:00,83,44,39,FMN GV 03 Hove
46,Statielei 16,2022-06-18,09:00:00,115,61,54,FMN GV 03 Hove
46,Statielei 16,2022-06-18,10:00:00,142,83,59,FMN GV 03 Hove
46,Statielei 16,2022-06-18,11:00:00,162,76,86,FMN GV 03 Hove
46,Statielei 16,2022-06-18,12:00:00,153,72,81,FMN GV 03 Hove
46,Statielei 16,2022-06-18,13:00:00,153,69,84,FMN GV 03 Hove
46,Statielei 16,2022-06-18,14:00:00,161,88,73,FMN GV 03 Hove
46,Statielei 16,2022-06-18,15:00:00,125,63,62,FMN GV 03 Hove
46,Statielei 16,2022-06-18,16:00:00,128,62,66,FMN GV 03 Hove
46,Statielei 16,2022-06-18,17:00:00,118,58,60,FMN GV 03 Hove
46,Statielei 16,2022-06-18,18:00:00,130,70,60,FMN GV 03 Hove
46,Statielei 16,2022-06-18,19:00:00,116,68,48,FMN GV 03 Hove
46,Statielei 16,2022-06-18,20:00:00,74,38,36,FMN GV 03 Hove
46,Statielei 16,2022-06-18,21:00:00,79,37,42,FMN GV 03 Hove
46,Statielei 16,2022-06-18,22:00:00,90,44,46,FMN GV 03 Hove
46,Statielei 16,2022-06-18,23:00:00,52,24,28,FMN GV 03 Hove
46,Statielei 16,2022-06-19,00:00:00,43,23,20,FMN GV 03 Hove
46,Statielei 16,2022-06-19,01:00:00,23,7,16,FMN GV 03 Hove
46,Statielei 16,2022-06-19,02:00:00,10,4,6,FMN GV 03 Hove
46,Statielei 16,2022-06-19,03:00:00,8,1,7,FMN GV 03 Hove
46,Statielei 16,2022-06-19,04:00:00,7,4,3,FMN GV 03 Hove
46,Statielei 16,2022-06-19,05:00:00,14,10,4,FMN GV 03 Hove
46,Statielei 16,2022-06-19,06:00:00,11,7,4,FMN GV 03 Hove
46,Statielei 16,2022-06-19,07:00:00,12,5,7,FMN GV 03 Hove
46,Statielei 16,2022-06-19,08:00:00,17,7,10,FMN GV 03 Hove
46,Statielei 16,2022-06-19,09:00:00,47,29,18,FMN GV 03 Hove
46,Statielei 16,2022-06-19,10:00:00,50,34,16,FMN GV 03 Hove
46,Statielei 16,2022-06-19,11:00:00,57,32,25,FMN GV 03 Hove
46,Statielei 16,2022-06-19,12:00:00,97,57,40,FMN GV 03 Hove
46,Statielei 16,2022-06-19,13:00:00,124,68,56,FMN GV 03 Hove
46,Statielei 16,2022-06-19,14:00:00,101,54,47,FMN GV 03 Hove
46,Statielei 16,2022-06-19,15:00:00,80,38,42,FMN GV 03 Hove
46,Statielei 16,2022-06-19,16:00:00,92,55,37,FMN GV 03 Hove
46,Statielei 16,2022-06-19,17:00:00,78,45,33,FMN GV 03 Hove
46,Statielei 16,2022-06-19,18:00:00,84,51,33,FMN GV 03 Hove
46,Statielei 16,2022-06-19,19:00:00,76,44,32,FMN GV 03 Hove
46,Statielei 16,2022-06-19,20:00:00,41,21,20,FMN GV 03 Hove
46,Statielei 16,2022-06-19,21:00:00,46,27,19,FMN GV 03 Hove
46,Statielei 16,2022-06-19,22:00:00,23,11,12,FMN GV 03 Hove
46,Statielei 16,2022-06-19,23:00:00,13,7,6,FMN GV 03 Hove
46,Statielei 16,2022-06-20,00:00:00,3,0,3,FMN GV 03 Hove
46,Statielei 16,2022-06-20,01:00:00,4,1,3,FMN GV 03 Hove
46,Statielei 16,2022-06-20,02:00:00,4,2,2,FMN GV 03 Hove
46,Statielei 16,2022-06-20,03:00:00,7,2,5,FMN GV 03 Hove
46,Statielei 16,2022-06-20,04:00:00,8,5,3,FMN GV 03 Hove
46,Statielei 16,2022-06-20,05:00:00,22,12,10,FMN GV 03 Hove
46,Statielei 16,2022-06-20,06:00:00,110,71,39,FMN GV 03 Hove
46,Statielei 16,2022-06-20,07:00:00,372,308,64,FMN GV 03 Hove
46,Statielei 16,2022-06-20,08:00:00,393,297,96,FMN GV 03 Hove
46,Statielei 16,2022-06-20,09:00:00,129,90,39,FMN GV 03 Hove
46,Statielei 16,2022-06-20,10:00:00,119,63,56,FMN GV 03 Hove
46,Statielei 16,2022-06-20,11:00:00,126,62,64,FMN GV 03 Hove
46,Statielei 16,2022-06-20,12:00:00,141,71,70,FMN GV 03 Hove
46,Statielei 16,2022-06-20,13:00:00,134,68,66,FMN GV 03 Hove
46,Statielei 16,2022-06-20,14:00:00,150,58,92,FMN GV 03 Hove
46,Statielei 16,2022-06-20,15:00:00,206,90,116,FMN GV 03 Hove
46,Statielei 16,2022-06-20,16:00:00,300,95,205,FMN GV 03 Hove
46,Statielei 16,2022-06-20,17:00:00,339,126,213,FMN GV 03 Hove
46,Statielei 16,2022-06-20,18:00:00,258,94,164,FMN GV 03 Hove
46,Statielei 16,2022-06-20,19:00:00,129,61,68,FMN GV 03 Hove
46,Statielei 16,2022-06-20,20:00:00,95,49,46,FMN GV 03 Hove
46,Statielei 16,2022-06-20,21:00:00,56,29,27,FMN GV 03 Hove
46,Statielei 16,2022-06-20,22:00:00,39,15,24,FMN GV 03 Hove
46,Statielei 16,2022-06-20,23:00:00,22,10,12,FMN GV 03 Hove
46,Statielei 16,2022-06-21,00:00:00,8,5,3,FMN GV 03 Hove
46,Statielei 16,2022-06-21,01:00:00,7,0,7,FMN GV 03 Hove
46,Statielei 16,2022-06-21,02:00:00,0,0,0,FMN GV 03 Hove
46,Statielei 16,2022-06-21,03:00:00,3,1,2,FMN GV 03 Hove
46,Statielei 16,2022-06-21,04:00:00,12,5,7,FMN GV 03 Hove
46,Statielei 16,2022-06-21,05:00:00,25,18,7,FMN GV 03 Hove
46,Statielei 16,2022-06-21,06:00:00,139,101,38,FMN GV 03 Hove
46,Statielei 16,2022-06-21,07:00:00,410,321,89,FMN GV 03 Hove
46,Statielei 16,2022-06-21,08:00:00,484,368,116,FMN GV 03 Hove
46,Statielei 16,2022-06-21,09:00:00,204,112,92,FMN GV 03 Hove
46,Statielei 16,2022-06-21,10:00:00,128,71,57,FMN GV 03 Hove
46,Statielei 16,2022-06-21,11:00:00,126,62,64,FMN GV 03 Hove
46,Statielei 16,2022-06-21,12:00:00,142,64,78,FMN GV 03 Hove
46,Statielei 16,2022-06-21,13:00:00,147,78,69,FMN GV 03 Hove
46,Statielei 16,2022-06-21,14:00:00,132,56,76,FMN GV 03 Hove
46,Statielei 16,2022-06-21,15:00:00,155,67,88,FMN GV 03 Hove
46,Statielei 16,2022-06-21,16:00:00,307,80,227,FMN GV 03 Hove
46,Statielei 16,2022-06-21,17:00:00,389,129,260,FMN GV 03 Hove
46,Statielei 16,2022-06-21,18:00:00,273,106,167,FMN GV 03 Hove
46,Statielei 16,2022-06-21,19:00:00,148,74,74,FMN GV 03 Hove
46,Statielei 16,2022-06-21,20:00:00,100,54,46,FMN GV 03 Hove
46,Statielei 16,2022-06-21,21:00:00,88,52,36,FMN GV 03 Hove
46,Statielei 16,2022-06-21,22:00:00,76,32,44,FMN GV 03 Hove
46,Statielei 16,2022-06-21,23:00:00,33,9,24,FMN GV 03 Hove
46,Statielei 16,2022-06-22,00:00:00,21,7,14,FMN GV 03 Hove
46,Statielei 16,2022-06-22,01:00:00,4,0,4,FMN GV 03 Hove
46,Statielei 16,2022-06-22,02:00:00,5,2,3,FMN GV 03 Hove
46,Statielei 16,2022-06-22,03:00:00,5,1,4,FMN GV 03 Hove
46,Statielei 16,2022-06-22,04:00:00,8,5,3,FMN GV 03 Hove
46,Statielei 16,2022-06-22,05:00:00,37,24,13,FMN GV 03 Hove
46,Statielei 16,2022-06-22,06:00:00,121,85,36,FMN GV 03 Hove
46,Statielei 16,2022-06-22,07:00:00,391,298,93,FMN GV 03 Hove
46,Statielei 16,2022-06-22,08:00:00,401,302,99,FMN GV 03 Hove
46,Statielei 16,2022-06-22,09:00:00,194,127,67,FMN GV 03 Hove
46,Statielei 16,2022-06-22,10:00:00,190,109,81,FMN GV 03 Hove
46,Statielei 16,2022-06-22,11:00:00,252,124,128,FMN GV 03 Hove
46,Statielei 16,2022-06-22,12:00:00,110,33,77,FMN GV 03 Hove
46,Statielei 16,2022-06-22,13:00:00,201,92,109,FMN GV 03 Hove
46,Statielei 16,2022-06-22,14:00:00,212,102,110,FMN GV 03 Hove
46,Statielei 16,2022-06-22,15:00:00,225,109,116,FMN GV 03 Hove
46,Statielei 16,2022-06-22,16:00:00,267,99,168,FMN GV 03 Hove
46,Statielei 16,2022-06-22,17:00:00,439,168,271,FMN GV 03 Hove
46,Statielei 16,2022-06-22,18:00:00,326,147,179,FMN GV 03 Hove
46,Statielei 16,2022-06-22,19:00:00,232,131,101,FMN GV 03 Hove
46,Statielei 16,2022-06-22,20:00:00,169,99,70,FMN GV 03 Hove
46,Statielei 16,2022-06-22,21:00:00,119,71,48,FMN GV 03 Hove
46,Statielei 16,2022-06-22,22:00:00,98,47,51,FMN GV 03 Hove
46,Statielei 16,2022-06-22,23:00:00,62,15,47,FMN GV 03 Hove
46,Statielei 16,2022-06-23,00:00:00,21,8,13,FMN GV 03 Hove
46,Statielei 16,2022-06-23,01:00:00,6,0,6,FMN GV 03 Hove
46,Statielei 16,2022-06-23,02:00:00,3,2,1,FMN GV 03 Hove
46,Statielei 16,2022-06-23,03:00:00,8,1,7,FMN GV 03 Hove
46,Statielei 16,2022-06-23,04:00:00,17,10,7,FMN GV 03 Hove
46,Statielei 16,2022-06-23,05:00:00,28,14,14,FMN GV 03 Hove
46,Statielei 16,2022-06-23,06:00:00,116,78,38,FMN GV 03 Hove
46,Statielei 16,2022-06-23,07:00:00,350,264,86,FMN GV 03 Hove
46,Statielei 16,2022-06-23,08:00:00,416,317,99,FMN GV 03 Hove
46,Statielei 16,2022-06-23,09:00:00,173,87,86,FMN GV 03 Hove
46,Statielei 16,2022-06-23,10:00:00,124,65,59,FMN GV 03 Hove
46,Statielei 16,2022-06-23,11:00:00,117,68,49,FMN GV 03 Hove
46,Statielei 16,2022-06-23,12:00:00,72,26,46,FMN GV 03 Hove
46,Statielei 16,2022-06-23,13:00:00,124,59,65,FMN GV 03 Hove
46,Statielei 16,2022-06-23,14:00:00,166,66,100,FMN GV 03 Hove
46,Statielei 16,2022-06-23,15:00:00,238,109,129,FMN GV 03 Hove
46,Statielei 16,2022-06-23,16:00:00,305,104,201,FMN GV 03 Hove
46,Statielei 16,2022-06-23,17:00:00,395,142,253,FMN GV 03 Hove
46,Statielei 16,2022-06-23,18:00:00,274,108,166,FMN GV 03 Hove
46,Statielei 16,2022-06-23,19:00:00,164,80,84,FMN GV 03 Hove
46,Statielei 16,2022-06-23,20:00:00,135,74,61,FMN GV 03 Hove
46,Statielei 16,2022-06-23,21:00:00,107,60,47,FMN GV 03 Hove
46,Statielei 16,2022-06-23,22:00:00,90,42,48,FMN GV 03 Hove
46,Statielei 16,2022-06-23,23:00:00,63,30,33,FMN GV 03 Hove
46,Statielei 16,2022-06-24,00:00:00,34,11,23,FMN GV 03 Hove
46,Statielei 16,2022-06-24,01:00:00,7,2,5,FMN GV 03 Hove
46,Statielei 16,2022-06-24,02:00:00,3,3,0,FMN GV 03 Hove
46,Statielei 16,2022-06-24,03:00:00,4,2,2,FMN GV 03 Hove
46,Statielei 16,2022-06-24,04:00:00,7,4,3,FMN GV 03 Hove
46,Statielei 16,2022-06-24,05:00:00,17,9,8,FMN GV 03 Hove
46,Statielei 16,2022-06-24,06:00:00,55,38,17,FMN GV 03 Hove
46,Statielei 16,2022-06-24,07:00:00,159,117,42,FMN GV 03 Hove
46,Statielei 16,2022-06-24,08:00:00,219,163,56,FMN GV 03 Hove
46,Statielei 16,2022-06-24,09:00:00,77,52,25,FMN GV 03 Hove
46,Statielei 16,2022-06-24,10:00:00,80,46,34,FMN GV 03 Hove
46,Statielei 16,2022-06-24,11:00:00,49,25,24,FMN GV 03 Hove
46,Statielei 16,2022-06-24,12:00:00,88,49,39,FMN GV 03 Hove
46,Statielei 16,2022-06-24,13:00:00,116,63,53,FMN GV 03 Hove
46,Statielei 16,2022-06-24,14:00:00,104,43,61,FMN GV 03 Hove
46,Statielei 16,2022-06-24,15:00:00,138,70,68,FMN GV 03 Hove
46,Statielei 16,2022-06-24,16:00:00,164,52,112,FMN GV 03 Hove
46,Statielei 16,2022-06-24,17:00:00,149,48,101,FMN GV 03 Hove
46,Statielei 16,2022-06-24,18:00:00,133,58,75,FMN GV 03 Hove
46,Statielei 16,2022-06-24,19:00:00,100,56,44,FMN GV 03 Hove
46,Statielei 16,2022-06-24,20:00:00,76,44,32,FMN GV 03 Hove
46,Statielei 16,2022-06-24,21:00:00,44,26,18,FMN GV 03 Hove
46,Statielei 16,2022-06-24,22:00:00,41,15,26,FMN GV 03 Hove
46,Statielei 16,2022-06-24,23:00:00,45,14,31,FMN GV 03 Hove
46,Statielei 16,2022-06-25,00:00:00,37,13,24,FMN GV 03 Hove
46,Statielei 16,2022-06-25,01:00:00,26,12,14,FMN GV 03 Hove
46,Statielei 16,2022-06-25,02:00:00,10,3,7,FMN GV 03 Hove
46,Statielei 16,2022-06-25,03:00:00,19,6,13,FMN GV 03 Hove
46,Statielei 16,2022-06-25,04:00:00,13,5,8,FMN GV 03 Hove
46,Statielei 16,2022-06-25,05:00:00,5,2,3,FMN GV 03 Hove
46,Statielei 16,2022-06-25,06:00:00,21,15,6,FMN GV 03 Hove
46,Statielei 16,2022-06-25,07:00:00,23,10,13,FMN GV 03 Hove
46,Statielei 16,2022-06-25,08:00:00,54,32,22,FMN GV 03 Hove
46,Statielei 16,2022-06-25,09:00:00,116,61,55,FMN GV 03 Hove
46,Statielei 16,2022-06-25,10:00:00,125,66,59,FMN GV 03 Hove
46,Statielei 16,2022-06-25,11:00:00,124,72,52,FMN GV 03 Hove
46,Statielei 16,2022-06-25,12:00:00,149,72,77,FMN GV 03 Hove
46,Statielei 16,2022-06-25,13:00:00,142,86,56,FMN GV 03 Hove
46,Statielei 16,2022-06-25,14:00:00,146,81,65,FMN GV 03 Hove
46,Statielei 16,2022-06-25,15:00:00,134,70,64,FMN GV 03 Hove
46,Statielei 16,2022-06-25,16:00:00,108,45,63,FMN GV 03 Hove
46,Statielei 16,2022-06-25,17:00:00,111,49,62,FMN GV 03 Hove
46,Statielei 16,2022-06-25,18:00:00,50,30,20,FMN GV 03 Hove
46,Statielei 16,2022-06-25,19:00:00,37,12,25,FMN GV 03 Hove
46,Statielei 16,2022-06-25,20:00:00,34,25,9,FMN GV 03 Hove
46,Statielei 16,2022-06-25,21:00:00,25,16,9,FMN GV 03 Hove
46,Statielei 16,2022-06-25,22:00:00,35,12,23,FMN GV 03 Hove
46,Statielei 16,2022-06-25,23:00:00,16,5,11,FMN GV 03 Hove
46,Statielei 16,2022-06-26,00:00:00,12,6,6,FMN GV 03 Hove
46,Statielei 16,2022-06-26,01:00:00,15,6,9,FMN GV 03 Hove
46,Statielei 16,2022-06-26,02:00:00,8,5,3,FMN GV 03 Hove
46,Statielei 16,2022-06-26,03:00:00,12,8,4,FMN GV 03 Hove
46,Statielei 16,2022-06-26,04:00:00,9,4,5,FMN GV 03 Hove
46,Statielei 16,2022-06-26,05:00:00,8,4,4,FMN GV 03 Hove
46,Statielei 16,2022-06-26,06:00:00,17,12,5,FMN GV 03 Hove
46,Statielei 16,2022-06-26,07:00:00,12,5,7,FMN GV 03 Hove
46,Statielei 16,2022-06-26,08:00:00,34,11,23,FMN GV 03 Hove
46,Statielei 16,2022-06-26,09:00:00,128,46,82,FMN GV 03 Hove
46,Statielei 16,2022-06-26,10:00:00,120,42,78,FMN GV 03 Hove
46,Statielei 16,2022-06-26,11:00:00,153,94,59,FMN GV 03 Hove
46,Statielei 16,2022-06-26,12:00:00,175,113,62,FMN GV 03 Hove
46,Statielei 16,2022-06-26,13:00:00,219,130,89,FMN GV 03 Hove
46,Statielei 16,2022-06-26,14:00:00,213,139,74,FMN GV 03 Hove
46,Statielei 16,2022-06-26,15:00:00,213,122,91,FMN GV 03 Hove
46,Statielei 16,2022-06-26,16:00:00,197,105,92,FMN GV 03 Hove
46,Statielei 16,2022-06-26,17:00:00,194,101,93,FMN GV 03 Hove
46,Statielei 16,2022-06-26,18:00:00,127,62,65,FMN GV 03 Hove
46,Statielei 16,2022-06-26,19:00:00,96,47,49,FMN GV 03 Hove
46,Statielei 16,2022-06-26,20:00:00,83,48,35,FMN GV 03 Hove
46,Statielei 16,2022-06-26,21:00:00,65,35,30,FMN GV 03 Hove
46,Statielei 16,2022-06-26,22:00:00,38,13,25,FMN GV 03 Hove
46,Statielei 16,2022-06-26,23:00:00,29,14,15,FMN GV 03 Hove
46,Statielei 16,2022-06-27,00:00:00,8,0,8,FMN GV 03 Hove
46,Statielei 16,2022-06-27,01:00:00,7,1,6,FMN GV 03 Hove
46,Statielei 16,2022-06-27,02:00:00,3,1,2,FMN GV 03 Hove
46,Statielei 16,2022-06-27,03:00:00,3,2,1,FMN GV 03 Hove
46,Statielei 16,2022-06-27,04:00:00,12,8,4,FMN GV 03 Hove
46,Statielei 16,2022-06-27,05:00:00,28,17,11,FMN GV 03 Hove
46,Statielei 16,2022-06-27,06:00:00,104,73,31,FMN GV 03 Hove
46,Statielei 16,2022-06-27,07:00:00,317,258,59,FMN GV 03 Hove
46,Statielei 16,2022-06-27,08:00:00,352,260,92,FMN GV 03 Hove
46,Statielei 16,2022-06-27,09:00:00,172,127,45,FMN GV 03 Hove
46,Statielei 16,2022-06-27,10:00:00,96,44,52,FMN GV 03 Hove
46,Statielei 16,2022-06-27,11:00:00,81,44,37,FMN GV 03 Hove
46,Statielei 16,2022-06-27,12:00:00,78,44,34,FMN GV 03 Hove
46,Statielei 16,2022-06-27,13:00:00,85,30,55,FMN GV 03 Hove
46,Statielei 16,2022-06-27,14:00:00,61,26,35,FMN GV 03 Hove
46,Statielei 16,2022-06-27,15:00:00,100,43,57,FMN GV 03 Hove
46,Statielei 16,2022-06-27,16:00:00,242,65,177,FMN GV 03 Hove
46,Statielei 16,2022-06-27,17:00:00,305,122,183,FMN GV 03 Hove
46,Statielei 16,2022-06-27,18:00:00,228,82,146,FMN GV 03 Hove
46,Statielei 16,2022-06-27,19:00:00,147,75,72,FMN GV 03 Hove
46,Statielei 16,2022-06-27,20:00:00,92,51,41,FMN GV 03 Hove
46,Statielei 16,2022-06-27,21:00:00,79,34,45,FMN GV 03 Hove
46,Statielei 16,2022-06-27,22:00:00,69,27,42,FMN GV 03 Hove
46,Statielei 16,2022-06-27,23:00:00,38,11,27,FMN GV 03 Hove
46,Statielei 16,2022-06-28,00:00:00,17,4,13,FMN GV 03 Hove
46,Statielei 16,2022-06-28,01:00:00,19,5,14,FMN GV 03 Hove
46,Statielei 16,2022-06-28,02:00:00,3,0,3,FMN GV 03 Hove
46,Statielei 16,2022-06-28,03:00:00,5,3,2,FMN GV 03 Hove
46,Statielei 16,2022-06-28,04:00:00,10,4,6,FMN GV 03 Hove
46,Statielei 16,2022-06-28,05:00:00,26,16,10,FMN GV 03 Hove
46,Statielei 16,2022-06-28,06:00:00,100,63,37,FMN GV 03 Hove
46,Statielei 16,2022-06-28,07:00:00,370,292,78,FMN GV 03 Hove
46,Statielei 16,2022-06-28,08:00:00,454,346,108,FMN GV 03 Hove
46,Statielei 16,2022-06-28,09:00:00,264,131,133,FMN GV 03 Hove
46,Statielei 16,2022-06-28,10:00:00,135,69,66,FMN GV 03 Hove
46,Statielei 16,2022-06-28,11:00:00,148,90,58,FMN GV 03 Hove
46,Statielei 16,2022-06-28,12:00:00,189,99,90,FMN GV 03 Hove
46,Statielei 16,2022-06-28,13:00:00,202,93,109,FMN GV 03 Hove
46,Statielei 16,2022-06-28,14:00:00,296,192,104,FMN GV 03 Hove
46,Statielei 16,2022-06-28,15:00:00,221,98,123,FMN GV 03 Hove
46,Statielei 16,2022-06-28,16:00:00,350,122,228,FMN GV 03 Hove
46,Statielei 16,2022-06-28,17:00:00,442,152,290,FMN GV 03 Hove
46,Statielei 16,2022-06-28,18:00:00,348,131,217,FMN GV 03 Hove
46,Statielei 16,2022-06-28,19:00:00,205,84,121,FMN GV 03 Hove
46,Statielei 16,2022-06-28,20:00:00,125,58,67,FMN GV 03 Hove
46,Statielei 16,2022-06-28,21:00:00,101,59,42,FMN GV 03 Hove
46,Statielei 16,2022-06-28,22:00:00,128,53,75,FMN GV 03 Hove
46,Statielei 16,2022-06-28,23:00:00,64,27,37,FMN GV 03 Hove
46,Statielei 16,2022-06-29,00:00:00,29,11,18,FMN GV 03 Hove
46,Statielei 16,2022-06-29,01:00:00,9,2,7,FMN GV 03 Hove
46,Statielei 16,2022-06-29,02:00:00,7,3,4,FMN GV 03 Hove
46,Statielei 16,2022-06-29,03:00:00,6,1,5,FMN GV 03 Hove
46,Statielei 16,2022-06-29,04:00:00,15,6,9,FMN GV 03 Hove
46,Statielei 16,2022-06-29,05:00:00,40,21,19,FMN GV 03 Hove
46,Statielei 16,2022-06-29,06:00:00,123,88,35,FMN GV 03 Hove
46,Statielei 16,2022-06-29,07:00:00,318,265,53,FMN GV 03 Hove
46,Statielei 16,2022-06-29,08:00:00,433,322,111,FMN GV 03 Hove
46,Statielei 16,2022-06-29,09:00:00,245,166,79,FMN GV 03 Hove
46,Statielei 16,2022-06-29,10:00:00,236,144,92,FMN GV 03 Hove
46,Statielei 16,2022-06-29,11:00:00,229,108,121,FMN GV 03 Hove
46,Statielei 16,2022-06-29,12:00:00,279,142,137,FMN GV 03 Hove
46,Statielei 16,2022-06-29,13:00:00,249,107,142,FMN GV 03 Hove
46,Statielei 16,2022-06-29,14:00:00,272,133,139,FMN GV 03 Hove
46,Statielei 16,2022-06-29,15:00:00,215,109,106,FMN GV 03 Hove
46,Statielei 16,2022-06-29,16:00:00,315,124,191,FMN GV 03 Hove
46,Statielei 16,2022-06-29,17:00:00,431,151,280,FMN GV 03 Hove
46,Statielei 16,2022-06-29,18:00:00,334,147,187,FMN GV 03 Hove
46,Statielei 16,2022-06-29,19:00:00,206,119,87,FMN GV 03 Hove
46,Statielei 16,2022-06-29,20:00:00,153,81,72,FMN GV 03 Hove
46,Statielei 16,2022-06-29,21:00:00,124,76,48,FMN GV 03 Hove
46,Statielei 16,2022-06-29,22:00:00,100,46,54,FMN GV 03 Hove
46,Statielei 16,2022-06-29,23:00:00,52,11,41,FMN GV 03 Hove
46,Statielei 16,2022-06-30,00:00:00,42,20,22,FMN GV 03 Hove
46,Statielei 16,2022-06-30,01:00:00,27,11,16,FMN GV 03 Hove
46,Statielei 16,2022-06-30,02:00:00,13,4,9,FMN GV 03 Hove
46,Statielei 16,2022-06-30,03:00:00,14,2,12,FMN GV 03 Hove
46,Statielei 16,2022-06-30,04:00:00,15,5,10,FMN GV 03 Hove
46,Statielei 16,2022-06-30,05:00:00,32,18,14,FMN GV 03 Hove
46,Statielei 16,2022-06-30,06:00:00,75,51,24,FMN GV 03 Hove
46,Statielei 16,2022-06-30,07:00:00,243,187,56,FMN GV 03 Hove
46,Statielei 16,2022-06-30,08:00:00,310,237,73,FMN GV 03 Hove
46,Statielei 16,2022-06-30,09:00:00,136,87,49,FMN GV 03 Hove
46,Statielei 16,2022-06-30,10:00:00,100,56,44,FMN GV 03 Hove
46,Statielei 16,2022-06-30,11:00:00,128,58,70,FMN GV 03 Hove
46,Statielei 16,2022-06-30,12:00:00,113,64,49,FMN GV 03 Hove
46,Statielei 16,2022-06-30,13:00:00,91,38,53,FMN GV 03 Hove
46,Statielei 16,2022-06-30,14:00:00,91,39,52,FMN GV 03 Hove
46,Statielei 16,2022-06-30,15:00:00,102,39,63,FMN GV 03 Hove
46,Statielei 16,2022-06-30,16:00:00,188,57,131,FMN GV 03 Hove
46,Statielei 16,2022-06-30,17:00:00,177,56,121,FMN GV 03 Hove
46,Statielei 16,2022-06-30,18:00:00,90,30,60,FMN GV 03 Hove
46,Statielei 16,2022-06-30,19:00:00,69,16,53,FMN GV 03 Hove
46,Statielei 16,2022-06-30,20:00:00,40,14,26,FMN GV 03 Hove
46,Statielei 16,2022-06-30,21:00:00,42,22,20,FMN GV 03 Hove
46,Statielei 16,2022-06-30,22:00:00,51,23,28,FMN GV 03 Hove
46,Statielei 16,2022-06-30,23:00:00,20,6,14,FMN GV 03 Hove
46,Statielei 16,2022-07-01,00:00:00,15,6,9,FMN GV 03 Hove
46,Statielei 16,2022-07-01,01:00:00,18,7,11,FMN GV 03 Hove
46,Statielei 16,2022-07-01,02:00:00,9,8,1,FMN GV 03 Hove
46,Statielei 16,2022-07-01,03:00:00,5,2,3,FMN GV 03 Hove
46,Statielei 16,2022-07-01,04:00:00,15,10,5,FMN GV 03 Hove
46,Statielei 16,2022-07-01,05:00:00,31,24,7,FMN GV 03 Hove
46,Statielei 16,2022-07-01,06:00:00,78,55,23,FMN GV 03 Hove
46,Statielei 16,2022-07-01,07:00:00,186,141,45,FMN GV 03 Hove
46,Statielei 16,2022-07-01,08:00:00,236,173,63,FMN GV 03 Hove
46,Statielei 16,2022-07-01,09:00:00,141,70,71,FMN GV 03 Hove
46,Statielei 16,2022-07-01,10:00:00,121,69,52,FMN GV 03 Hove
46,Statielei 16,2022-07-01,11:00:00,120,63,57,FMN GV 03 Hove
46,Statielei 16,2022-07-01,12:00:00,118,60,58,FMN GV 03 Hove
46,Statielei 16,2022-07-01,13:00:00,161,91,70,FMN GV 03 Hove
46,Statielei 16,2022-07-01,14:00:00,178,84,94,FMN GV 03 Hove
46,Statielei 16,2022-07-01,15:00:00,175,76,99,FMN GV 03 Hove
46,Statielei 16,2022-07-01,16:00:00,213,77,136,FMN GV 03 Hove
46,Statielei 16,2022-07-01,17:00:00,272,100,172,FMN GV 03 Hove
46,Statielei 16,2022-07-01,18:00:00,197,91,106,FMN GV 03 Hove
46,Statielei 16,2022-07-01,19:00:00,120,55,65,FMN GV 03 Hove
46,Statielei 16,2022-07-01,20:00:00,90,42,48,FMN GV 03 Hove
46,Statielei 16,2022-07-01,21:00:00,59,33,26,FMN GV 03 Hove
46,Statielei 16,2022-07-01,22:00:00,49,23,26,FMN GV 03 Hove
46,Statielei 16,2022-07-01,23:00:00,39,9,30,FMN GV 03 Hove
46,Statielei 16,2022-07-02,00:00:00,48,21,27,FMN GV 03 Hove
46,Statielei 16,2022-07-02,01:00:00,29,7,22,FMN GV 03 Hove
46,Statielei 16,2022-07-02,02:00:00,28,18,10,FMN GV 03 Hove
46,Statielei 16,2022-07-02,03:00:00,13,6,7,FMN GV 03 Hove
46,Statielei 16,2022-07-02,04:00:00,11,3,8,FMN GV 03 Hove
46,Statielei 16,2022-07-02,05:00:00,14,9,5,FMN GV 03 Hove
46,Statielei 16,2022-07-02,06:00:00,25,17,8,FMN GV 03 Hove
46,Statielei 16,2022-07-02,07:00:00,21,8,13,FMN GV 03 Hove
46,Statielei 16,2022-07-02,08:00:00,75,34,41,FMN GV 03 Hove
46,Statielei 16,2022-07-02,09:00:00,186,64,122,FMN GV 03 Hove
46,Statielei 16,2022-07-02,10:00:00,161,86,75,FMN GV 03 Hove
46,Statielei 16,2022-07-02,11:00:00,208,112,96,FMN GV 03 Hove
46,Statielei 16,2022-07-02,12:00:00,194,98,96,FMN GV 03 Hove
46,Statielei 16,2022-07-02,13:00:00,197,107,90,FMN GV 03 Hove
46,Statielei 16,2022-07-02,14:00:00,215,115,100,FMN GV 03 Hove
46,Statielei 16,2022-07-02,15:00:00,208,117,91,FMN GV 03 Hove
46,Statielei 16,2022-07-02,16:00:00,153,75,78,FMN GV 03 Hove
46,Statielei 16,2022-07-02,17:00:00,141,83,58,FMN GV 03 Hove
46,Statielei 16,2022-07-02,18:00:00,154,84,70,FMN GV 03 Hove
46,Statielei 16,2022-07-02,19:00:00,89,44,45,FMN GV 03 Hove
46,Statielei 16,2022-07-02,20:00:00,89,35,54,FMN GV 03 Hove
46,Statielei 16,2022-07-02,21:00:00,73,34,39,FMN GV 03 Hove
46,Statielei 16,2022-07-02,22:00:00,55,21,34,FMN GV 03 Hove
46,Statielei 16,2022-07-02,23:00:00,40,17,23,FMN GV 03 Hove
46,Statielei 16,2022-07-03,00:00:00,34,18,16,FMN GV 03 Hove
46,Statielei 16,2022-07-03,01:00:00,26,13,13,FMN GV 03 Hove
46,Statielei 16,2022-07-03,02:00:00,12,2,10,FMN GV 03 Hove
46,Statielei 16,2022-07-03,03:00:00,9,5,4,FMN GV 03 Hove
46,Statielei 16,2022-07-03,04:00:00,5,2,3,FMN GV 03 Hove
46,Statielei 16,2022-07-03,05:00:00,3,2,1,FMN GV 03 Hove
46,Statielei 16,2022-07-03,06:00:00,13,11,2,FMN GV 03 Hove
46,Statielei 16,2022-07-03,07:00:00,21,10,11,FMN GV 03 Hove
46,Statielei 16,2022-07-03,08:00:00,39,20,19,FMN GV 03 Hove
46,Statielei 16,2022-07-03,09:00:00,124,46,78,FMN GV 03 Hove
46,Statielei 16,2022-07-03,10:00:00,162,71,91,FMN GV 03 Hove
46,Statielei 16,2022-07-03,11:00:00,203,108,95,FMN GV 03 Hove
46,Statielei 16,2022-07-03,12:00:00,181,108,73,FMN GV 03 Hove
46,Statielei 16,2022-07-03,13:00:00,203,104,99,FMN GV 03 Hove
46,Statielei 16,2022-07-03,14:00:00,226,124,102,FMN GV 03 Hove
46,Statielei 16,2022-07-03,15:00:00,244,126,118,FMN GV 03 Hove
46,Statielei 16,2022-07-03,16:00:00,207,111,96,FMN GV 03 Hove
46,Statielei 16,2022-07-03,17:00:00,165,90,75,FMN GV 03 Hove
46,Statielei 16,2022-07-03,18:00:00,127,69,58,FMN GV 03 Hove
46,Statielei 16,2022-07-03,19:00:00,111,65,46,FMN GV 03 Hove
46,Statielei 16,2022-07-03,20:00:00,75,36,39,FMN GV 03 Hove
46,Statielei 16,2022-07-03,21:00:00,53,30,23,FMN GV 03 Hove
46,Statielei 16,2022-07-03,22:00:00,45,22,23,FMN GV 03 Hove
46,Statielei 16,2022-07-03,23:00:00,29,12,17,FMN GV 03 Hove
46,Statielei 16,2022-07-04,00:00:00,6,4,2,FMN GV 03 Hove
46,Statielei 16,2022-07-04,01:00:00,4,1,3,FMN GV 03 Hove
46,Statielei 16,2022-07-04,02:00:00,7,4,3,FMN GV 03 Hove
46,Statielei 16,2022-07-04,03:00:00,2,0,2,FMN GV 03 Hove
46,Statielei 16,2022-07-04,04:00:00,15,10,5,FMN GV 03 Hove
46,Statielei 16,2022-07-04,05:00:00,36,22,14,FMN GV 03 Hove
46,Statielei 16,2022-07-04,06:00:00,88,61,27,FMN GV 03 Hove
46,Statielei 16,2022-07-04,07:00:00,258,198,60,FMN GV 03 Hove
46,Statielei 16,2022-07-04,08:00:00,318,237,81,FMN GV 03 Hove
46,Statielei 16,2022-07-04,09:00:00,143,104,39,FMN GV 03 Hove
46,Statielei 16,2022-07-04,10:00:00,115,66,49,FMN GV 03 Hove
46,Statielei 16,2022-07-04,11:00:00,73,43,30,FMN GV 03 Hove
46,Statielei 16,2022-07-04,12:00:00,3,1,2,FMN GV 03 Hove
46,Statielei 16,2022-07-04,13:00:00,96,38,58,FMN GV 03 Hove
46,Statielei 16,2022-07-04,14:00:00,173,85,88,FMN GV 03 Hove
46,Statielei 16,2022-07-04,15:00:00,183,75,108,FMN GV 03 Hove
46,Statielei 16,2022-07-04,16:00:00,283,106,177,FMN GV 03 Hove
46,Statielei 16,2022-07-04,17:00:00,364,128,236,FMN GV 03 Hove
46,Statielei 16,2022-07-04,18:00:00,240,96,144,FMN GV 03 Hove
46,Statielei 16,2022-07-04,19:00:00,110,45,65,FMN GV 03 Hove
46,Statielei 16,2022-07-04,20:00:00,86,53,33,FMN GV 03 Hove
46,Statielei 16,2022-07-04,21:00:00,67,37,30,FMN GV 03 Hove
46,Statielei 16,2022-07-04,22:00:00,40,25,15,FMN GV 03 Hove
46,Statielei 16,2022-07-04,23:00:00,31,19,12,FMN GV 03 Hove
46,Statielei 16,2022-07-05,00:00:00,15,3,12,FMN GV 03 Hove
46,Statielei 16,2022-07-05,01:00:00,3,1,2,FMN GV 03 Hove
46,Statielei 16,2022-07-05,02:00:00,2,1,1,FMN GV 03 Hove
46,Statielei 16,2022-07-05,03:00:00,4,1,3,FMN GV 03 Hove
46,Statielei 16,2022-07-05,04:00:00,12,7,5,FMN GV 03 Hove
46,Statielei 16,2022-07-05,05:00:00,41,24,17,FMN GV 03 Hove
46,Statielei 16,2022-07-05,06:00:00,94,62,32,FMN GV 03 Hove
46,Statielei 16,2022-07-05,07:00:00,302,216,86,FMN GV 03 Hove
46,Statielei 16,2022-07-05,08:00:00,340,238,102,FMN GV 03 Hove
46,Statielei 16,2022-07-05,09:00:00,156,114,42,FMN GV 03 Hove
46,Statielei 16,2022-07-05,10:00:00,103,59,44,FMN GV 03 Hove
46,Statielei 16,2022-07-05,11:00:00,122,75,47,FMN GV 03 Hove
46,Statielei 16,2022-07-05,12:00:00,129,75,54,FMN GV 03 Hove
46,Statielei 16,2022-07-05,13:00:00,129,66,63,FMN GV 03 Hove
46,Statielei 16,2022-07-05,14:00:00,146,70,76,FMN GV 03 Hove
46,Statielei 16,2022-07-05,15:00:00,157,62,95,FMN GV 03 Hove
46,Statielei 16,2022-07-05,16:00:00,285,99,186,FMN GV 03 Hove
46,Statielei 16,2022-07-05,17:00:00,372,108,264,FMN GV 03 Hove
46,Statielei 16,2022-07-05,18:00:00,292,128,164,FMN GV 03 Hove
46,Statielei 16,2022-07-05,19:00:00,156,85,71,FMN GV 03 Hove
46,Statielei 16,2022-07-05,20:00:00,108,54,54,FMN GV 03 Hove
46,Statielei 16,2022-07-05,21:00:00,79,46,33,FMN GV 03 Hove
46,Statielei 16,2022-07-05,22:00:00,66,34,32,FMN GV 03 Hove
46,Statielei 16,2022-07-05,23:00:00,55,16,39,FMN GV 03 Hove
46,Statielei 16,2022-07-06,00:00:00,12,6,6,FMN GV 03 Hove
46,Statielei 16,2022-07-06,01:00:00,11,4,7,FMN GV 03 Hove
46,Statielei 16,2022-07-06,02:00:00,5,2,3,FMN GV 03 Hove
46,Statielei 16,2022-07-06,03:00:00,3,0,3,FMN GV 03 Hove
46,Statielei 16,2022-07-06,04:00:00,17,10,7,FMN GV 03 Hove
46,Statielei 16,2022-07-06,05:00:00,37,22,15,FMN GV 03 Hove
46,Statielei 16,2022-07-06,06:00:00,104,79,25,FMN GV 03 Hove
46,Statielei 16,2022-07-06,07:00:00,229,173,56,FMN GV 03 Hove
46,Statielei 16,2022-07-06,08:00:00,335,229,106,FMN GV 03 Hove
46,Statielei 16,2022-07-06,09:00:00,180,124,56,FMN GV 03 Hove
46,Statielei 16,2022-07-06,10:00:00,174,110,64,FMN GV 03 Hove
46,Statielei 16,2022-07-06,11:00:00,145,72,73,FMN GV 03 Hove
46,Statielei 16,2022-07-06,12:00:00,155,63,92,FMN GV 03 Hove
46,Statielei 16,2022-07-06,13:00:00,197,112,85,FMN GV 03 Hove
46,Statielei 16,2022-07-06,14:00:00,152,72,80,FMN GV 03 Hove
46,Statielei 16,2022-07-06,15:00:00,149,58,91,FMN GV 03 Hove
46,Statielei 16,2022-07-06,16:00:00,272,105,167,FMN GV 03 Hove
46,Statielei 16,2022-07-06,17:00:00,327,111,216,FMN GV 03 Hove
46,Statielei 16,2022-07-06,18:00:00,228,85,143,FMN GV 03 Hove
46,Statielei 16,2022-07-06,19:00:00,145,70,75,FMN GV 03 Hove
46,Statielei 16,2022-07-06,20:00:00,121,78,43,FMN GV 03 Hove
46,Statielei 16,2022-07-06,21:00:00,110,64,46,FMN GV 03 Hove
46,Statielei 16,2022-07-06,22:00:00,60,30,30,FMN GV 03 Hove
46,Statielei 16,2022-07-06,23:00:00,27,9,18,FMN GV 03 Hove
46,Statielei 16,2022-07-07,00:00:00,13,4,9,FMN GV 03 Hove
46,Statielei 16,2022-07-07,01:00:00,10,7,3,FMN GV 03 Hove
46,Statielei 16,2022-07-07,02:00:00,1,1,0,FMN GV 03 Hove
46,Statielei 16,2022-07-07,03:00:00,4,1,3,FMN GV 03 Hove
46,Statielei 16,2022-07-07,04:00:00,16,9,7,FMN GV 03 Hove
46,Statielei 16,2022-07-07,05:00:00,36,21,15,FMN GV 03 Hove
46,Statielei 16,2022-07-07,06:00:00,88,60,28,FMN GV 03 Hove
46,Statielei 16,2022-07-07,07:00:00,183,135,48,FMN GV 03 Hove
46,Statielei 16,2022-07-07,08:00:00,239,177,62,FMN GV 03 Hove
46,Statielei 16,2022-07-07,09:00:00,117,83,34,FMN GV 03 Hove
46,Statielei 16,2022-07-07,10:00:00,64,34,30,FMN GV 03 Hove
46,Statielei 16,2022-07-07,11:00:00,48,30,18,FMN GV 03 Hove
46,Statielei 16,2022-07-07,12:00:00,77,40,37,FMN GV 03 Hove
46,Statielei 16,2022-07-07,13:00:00,89,47,42,FMN GV 03 Hove
46,Statielei 16,2022-07-07,14:00:00,93,41,52,FMN GV 03 Hove
46,Statielei 16,2022-07-07,15:00:00,100,45,55,FMN GV 03 Hove
46,Statielei 16,2022-07-07,16:00:00,217,77,140,FMN GV 03 Hove
46,Statielei 16,2022-07-07,17:00:00,268,116,152,FMN GV 03 Hove
46,Statielei 16,2022-07-07,18:00:00,164,62,102,FMN GV 03 Hove
46,Statielei 16,2022-07-07,19:00:00,115,53,62,FMN GV 03 Hove
46,Statielei 16,2022-07-07,20:00:00,52,26,26,FMN GV 03 Hove
46,Statielei 16,2022-07-07,21:00:00,47,32,15,FMN GV 03 Hove
46,Statielei 16,2022-07-07,22:00:00,38,14,24,FMN GV 03 Hove
46,Statielei 16,2022-07-07,23:00:00,19,10,9,FMN GV 03 Hove
46,Statielei 16,2022-07-08,00:00:00,19,6,13,FMN GV 03 Hove
46,Statielei 16,2022-07-08,01:00:00,8,4,4,FMN GV 03 Hove
46,Statielei 16,2022-07-08,02:00:00,1,0,1,FMN GV 03 Hove
46,Statielei 16,2022-07-08,03:00:00,3,0,3,FMN GV 03 Hove
46,Statielei 16,2022-07-08,04:00:00,13,9,4,FMN GV 03 Hove
46,Statielei 16,2022-07-08,05:00:00,31,21,10,FMN GV 03 Hove
46,Statielei 16,2022-07-08,06:00:00,68,45,23,FMN GV 03 Hove
46,Statielei 16,2022-07-08,07:00:00,171,125,46,FMN GV 03 Hove
46,Statielei 16,2022-07-08,08:00:00,226,153,73,FMN GV 03 Hove
46,Statielei 16,2022-07-08,09:00:00,130,88,42,FMN GV 03 Hove
46,Statielei 16,2022-07-08,10:00:00,114,71,43,FMN GV 03 Hove
46,Statielei 16,2022-07-08,11:00:00,136,92,44,FMN GV 03 Hove
46,Statielei 16,2022-07-08,12:00:00,148,75,73,FMN GV 03 Hove
46,Statielei 16,2022-07-08,13:00:00,189,104,85,FMN GV 03 Hove
46,Statielei 16,2022-07-08,14:00:00,169,69,100,FMN GV 03 Hove
46,Statielei 16,2022-07-08,15:00:00,199,84,115,FMN GV 03 Hove
46,Statielei 16,2022-07-08,16:00:00,254,109,145,FMN GV 03 Hove
46,Statielei 16,2022-07-08,17:00:00,251,98,153,FMN GV 03 Hove
46,Statielei 16,2022-07-08,18:00:00,220,111,109,FMN GV 03 Hove
46,Statielei 16,2022-07-08,19:00:00,115,76,39,FMN GV 03 Hove
46,Statielei 16,2022-07-08,20:00:00,89,49,40,FMN GV 03 Hove
46,Statielei 16,2022-07-08,21:00:00,69,40,29,FMN GV 03 Hove
46,Statielei 16,2022-07-08,22:00:00,55,23,32,FMN GV 03 Hove
46,Statielei 16,2022-07-08,23:00:00,53,21,32,FMN GV 03 Hove
46,Statielei 16,2022-07-09,00:00:00,26,6,20,FMN GV 03 Hove
46,Statielei 16,2022-07-09,01:00:00,21,6,15,FMN GV 03 Hove
46,Statielei 16,2022-07-09,02:00:00,15,5,10,FMN GV 03 Hove
46,Statielei 16,2022-07-09,03:00:00,10,2,8,FMN GV 03 Hove
46,Statielei 16,2022-07-09,04:00:00,9,5,4,FMN GV 03 Hove
46,Statielei 16,2022-07-09,05:00:00,13,7,6,FMN GV 03 Hove
46,Statielei 16,2022-07-09,06:00:00,11,2,9,FMN GV 03 Hove
46,Statielei 16,2022-07-09,07:00:00,27,15,12,FMN GV 03 Hove
46,Statielei 16,2022-07-09,08:00:00,48,21,27,FMN GV 03 Hove
46,Statielei 16,2022-07-09,09:00:00,84,48,36,FMN GV 03 Hove
46,Statielei 16,2022-07-09,10:00:00,155,101,54,FMN GV 03 Hove
46,Statielei 16,2022-07-09,11:00:00,175,114,61,FMN GV 03 Hove
46,Statielei 16,2022-07-09,12:00:00,172,81,91,FMN GV 03 Hove
46,Statielei 16,2022-07-09,13:00:00,194,110,84,FMN GV 03 Hove
46,Statielei 16,2022-07-09,14:00:00,193,89,104,FMN GV 03 Hove
46,Statielei 16,2022-07-09,15:00:00,179,94,85,FMN GV 03 Hove
46,Statielei 16,2022-07-09,16:00:00,143,84,59,FMN GV 03 Hove
46,Statielei 16,2022-07-09,17:00:00,129,60,69,FMN GV 03 Hove
46,Statielei 16,2022-07-09,18:00:00,110,62,48,FMN GV 03 Hove
46,Statielei 16,2022-07-09,19:00:00,83,35,48,FMN GV 03 Hove
46,Statielei 16,2022-07-09,20:00:00,62,27,35,FMN GV 03 Hove
46,Statielei 16,2022-07-09,21:00:00,56,36,20,FMN GV 03 Hove
46,Statielei 16,2022-07-09,22:00:00,72,28,44,FMN GV 03 Hove
46,Statielei 16,2022-07-09,23:00:00,19,12,7,FMN GV 03 Hove
46,Statielei 16,2022-07-10,00:00:00,21,9,12,FMN GV 03 Hove
46,Statielei 16,2022-07-10,01:00:00,11,7,4,FMN GV 03 Hove
46,Statielei 16,2022-07-10,02:00:00,9,2,7,FMN GV 03 Hove
46,Statielei 16,2022-07-10,03:00:00,6,2,4,FMN GV 03 Hove
46,Statielei 16,2022-07-10,04:00:00,9,4,5,FMN GV 03 Hove
46,Statielei 16,2022-07-10,05:00:00,14,9,5,FMN GV 03 Hove
46,Statielei 16,2022-07-10,06:00:00,16,8,8,FMN GV 03 Hove
46,Statielei 16,2022-07-10,07:00:00,17,6,11,FMN GV 03 Hove
46,Statielei 16,2022-07-10,08:00:00,30,14,16,FMN GV 03 Hove
46,Statielei 16,2022-07-10,09:00:00,95,44,51,FMN GV 03 Hove
46,Statielei 16,2022-07-10,10:00:00,155,74,81,FMN GV 03 Hove
46,Statielei 16,2022-07-10,11:00:00,160,83,77,FMN GV 03 Hove
46,Statielei 16,2022-07-10,12:00:00,185,94,91,FMN GV 03 Hove
46,Statielei 16,2022-07-10,13:00:00,234,126,108,FMN GV 03 Hove
46,Statielei 16,2022-07-10,14:00:00,221,132,89,FMN GV 03 Hove
46,Statielei 16,2022-07-10,15:00:00,199,107,92,FMN GV 03 Hove
46,Statielei 16,2022-07-10,16:00:00,202,116,86,FMN GV 03 Hove
46,Statielei 16,2022-07-10,17:00:00,155,70,85,FMN GV 03 Hove
46,Statielei 16,2022-07-10,18:00:00,136,61,75,FMN GV 03 Hove
46,Statielei 16,2022-07-10,19:00:00,73,42,31,FMN GV 03 Hove
46,Statielei 16,2022-07-10,20:00:00,81,33,48,FMN GV 03 Hove
46,Statielei 16,2022-07-10,21:00:00,77,49,28,FMN GV 03 Hove
46,Statielei 16,2022-07-10,22:00:00,56,30,26,FMN GV 03 Hove
46,Statielei 16,2022-07-10,23:00:00,20,7,13,FMN GV 03 Hove
46,Statielei 16,2022-07-11,00:00:00,10,1,9,FMN GV 03 Hove
46,Statielei 16,2022-07-11,01:00:00,7,2,5,FMN GV 03 Hove
46,Statielei 16,2022-07-11,02:00:00,1,0,1,FMN GV 03 Hove
46,Statielei 16,2022-07-11,03:00:00,4,1,3,FMN GV 03 Hove
46,Statielei 16,2022-07-11,04:00:00,12,6,6,FMN GV 03 Hove
46,Statielei 16,2022-07-11,05:00:00,24,15,9,FMN GV 03 Hove
46,Statielei 16,2022-07-11,06:00:00,75,51,24,FMN GV 03 Hove
46,Statielei 16,2022-07-11,07:00:00,168,127,41,FMN GV 03 Hove
46,Statielei 16,2022-07-11,08:00:00,183,121,62,FMN GV 03 Hove
46,Statielei 16,2022-07-11,09:00:00,109,71,38,FMN GV 03 Hove
46,Statielei 16,2022-07-11,10:00:00,121,64,57,FMN GV 03 Hove
46,Statielei 16,2022-07-11,11:00:00,114,64,50,FMN GV 03 Hove
46,Statielei 16,2022-07-11,12:00:00,152,70,82,FMN GV 03 Hove
46,Statielei 16,2022-07-11,13:00:00,150,92,58,FMN GV 03 Hove
46,Statielei 16,2022-07-11,14:00:00,149,78,71,FMN GV 03 Hove
46,Statielei 16,2022-07-11,15:00:00,163,78,85,FMN GV 03 Hove
46,Statielei 16,2022-07-11,16:00:00,227,116,111,FMN GV 03 Hove
46,Statielei 16,2022-07-11,17:00:00,277,111,166,FMN GV 03 Hove
46,Statielei 16,2022-07-11,18:00:00,171,77,94,FMN GV 03 Hove
46,Statielei 16,2022-07-11,19:00:00,132,70,62,FMN GV 03 Hove
46,Statielei 16,2022-07-11,20:00:00,119,74,45,FMN GV 03 Hove
46,Statielei 16,2022-07-11,21:00:00,83,49,34,FMN GV 03 Hove
46,Statielei 16,2022-07-11,22:00:00,69,23,46,FMN GV 03 Hove
46,Statielei 16,2022-07-11,23:00:00,37,13,24,FMN GV 03 Hove
46,Statielei 16,2022-07-12,00:00:00,6,2,4,FMN GV 03 Hove
46,Statielei 16,2022-07-12,01:00:00,2,2,0,FMN GV 03 Hove
46,Statielei 16,2022-07-12,02:00:00,5,1,4,FMN GV 03 Hove
46,Statielei 16,2022-07-12,03:00:00,2,0,2,FMN GV 03 Hove
46,Statielei 16,2022-07-12,04:00:00,8,5,3,FMN GV 03 Hove
46,Statielei 16,2022-07-12,05:00:00,27,21,6,FMN GV 03 Hove
46,Statielei 16,2022-07-12,06:00:00,112,77,35,FMN GV 03 Hove
46,Statielei 16,2022-07-12,07:00:00,263,197,66,FMN GV 03 Hove
46,Statielei 16,2022-07-12,08:00:00,321,232,89,FMN GV 03 Hove
46,Statielei 16,2022-07-12,09:00:00,170,111,59,FMN GV 03 Hove
46,Statielei 16,2022-07-12,10:00:00,111,57,54,FMN GV 03 Hove
46,Statielei 16,2022-07-12,11:00:00,104,64,40,FMN GV 03 Hove
46,Statielei 16,2022-07-12,12:00:00,125,69,56,FMN GV 03 Hove
46,Statielei 16,2022-07-12,13:00:00,131,72,59,FMN GV 03 Hove
46,Statielei 16,2022-07-12,14:00:00,127,65,62,FMN GV 03 Hove
46,Statielei 16,2022-07-12,15:00:00,170,72,98,FMN GV 03 Hove
46,Statielei 16,2022-07-12,16:00:00,257,95,162,FMN GV 03 Hove
46,Statielei 16,2022-07-12,17:00:00,344,104,240,FMN GV 03 Hove
46,Statielei 16,2022-07-12,18:00:00,259,114,145,FMN GV 03 Hove
46,Statielei 16,2022-07-12,19:00:00,157,72,85,FMN GV 03 Hove
46,Statielei 16,2022-07-12,20:00:00,121,63,58,FMN GV 03 Hove
46,Statielei 16,2022-07-12,21:00:00,81,61,20,FMN GV 03 Hove
46,Statielei 16,2022-07-12,22:00:00,65,28,37,FMN GV 03 Hove
46,Statielei 16,2022-07-12,23:00:00,39,13,26,FMN GV 03 Hove
46,Statielei 16,2022-07-13,00:00:00,18,4,14,FMN GV 03 Hove
46,Statielei 16,2022-07-13,01:00:00,4,1,3,FMN GV 03 Hove
46,Statielei 16,2022-07-13,02:00:00,3,0,3,FMN GV 03 Hove
46,Statielei 16,2022-07-13,03:00:00,7,4,3,FMN GV 03 Hove
46,Statielei 16,2022-07-13,04:00:00,8,6,2,FMN GV 03 Hove
46,Statielei 16,2022-07-13,05:00:00,29,24,5,FMN GV 03 Hove
46,Statielei 16,2022-07-13,06:00:00,97,61,36,FMN GV 03 Hove
46,Statielei 16,2022-07-13,07:00:00,214,157,57,FMN GV 03 Hove
46,Statielei 16,2022-07-13,08:00:00,276,197,79,FMN GV 03 Hove
46,Statielei 16,2022-07-13,09:00:00,204,136,68,FMN GV 03 Hove
46,Statielei 16,2022-07-13,10:00:00,189,122,67,FMN GV 03 Hove
46,Statielei 16,2022-07-13,11:00:00,177,76,101,FMN GV 03 Hove
46,Statielei 16,2022-07-13,12:00:00,142,57,85,FMN GV 03 Hove
46,Statielei 16,2022-07-13,13:00:00,141,69,72,FMN GV 03 Hove
46,Statielei 16,2022-07-13,14:00:00,135,66,69,FMN GV 03 Hove
46,Statielei 16,2022-07-13,15:00:00,143,56,87,FMN GV 03 Hove
46,Statielei 16,2022-07-13,16:00:00,227,85,142,FMN GV 03 Hove
46,Statielei 16,2022-07-13,17:00:00,320,120,200,FMN GV 03 Hove
46,Statielei 16,2022-07-13,18:00:00,223,97,126,FMN GV 03 Hove
46,Statielei 16,2022-07-13,19:00:00,149,78,71,FMN GV 03 Hove
46,Statielei 16,2022-07-13,20:00:00,122,57,65,FMN GV 03 Hove
46,Statielei 16,2022-07-13,21:00:00,115,71,44,FMN GV 03 Hove
46,Statielei 16,2022-07-13,22:00:00,72,41,31,FMN GV 03 Hove
46,Statielei 16,2022-07-13,23:00:00,44,11,33,FMN GV 03 Hove
46,Statielei 16,2022-07-14,00:00:00,23,10,13,FMN GV 03 Hove
46,Statielei 16,2022-07-14,01:00:00,14,5,9,FMN GV 03 Hove
46,Statielei 16,2022-07-14,02:00:00,5,0,5,FMN GV 03 Hove
46,Statielei 16,2022-07-14,03:00:00,4,3,1,FMN GV 03 Hove
46,Statielei 16,2022-07-14,04:00:00,9,6,3,FMN GV 03 Hove
46,Statielei 16,2022-07-14,05:00:00,25,19,6,FMN GV 03 Hove
46,Statielei 16,2022-07-14,06:00:00,100,62,38,FMN GV 03 Hove
46,Statielei 16,2022-07-14,07:00:00,221,158,63,FMN GV 03 Hove
46,Statielei 16,2022-07-14,08:00:00,312,216,96,FMN GV 03 Hove
46,Statielei 16,2022-07-14,09:00:00,132,88,44,FMN GV 03 Hove
46,Statielei 16,2022-07-14,10:00:00,115,69,46,FMN GV 03 Hove
46,Statielei 16,2022-07-14,11:00:00,118,72,46,FMN GV 03 Hove
46,Statielei 16,2022-07-14,12:00:00,113,53,60,FMN GV 03 Hove
46,Statielei 16,2022-07-14,13:00:00,195,124,71,FMN GV 03 Hove
46,Statielei 16,2022-07-14,14:00:00,142,79,63,FMN GV 03 Hove
46,Statielei 16,2022-07-14,15:00:00,196,75,121,FMN GV 03 Hove
46,Statielei 16,2022-07-14,16:00:00,234,85,149,FMN GV 03 Hove
46,Statielei 16,2022-07-14,17:00:00,305,118,187,FMN GV 03 Hove
46,Statielei 16,2022-07-14,18:00:00,248,104,144,FMN GV 03 Hove
46,Statielei 16,2022-07-14,19:00:00,139,60,79,FMN GV 03 Hove
46,Statielei 16,2022-07-14,20:00:00,103,58,45,FMN GV 03 Hove
46,Statielei 16,2022-07-14,21:00:00,79,46,33,FMN GV 03 Hove
46,Statielei 16,2022-07-14,22:00:00,58,23,35,FMN GV 03 Hove
46,Statielei 16,2022-07-14,23:00:00,31,14,17,FMN GV 03 Hove
46,Statielei 16,2022-07-15,00:00:00,15,4,11,FMN GV 03 Hove
46,Statielei 16,2022-07-15,01:00:00,19,1,18,FMN GV 03 Hove
46,Statielei 16,2022-07-15,02:00:00,2,2,0,FMN GV 03 Hove
46,Statielei 16,2022-07-15,03:00:00,2,0,2,FMN GV 03 Hove
46,Statielei 16,2022-07-15,04:00:00,6,6,0,FMN GV 03 Hove
46,Statielei 16,2022-07-15,05:00:00,51,26,25,FMN GV 03 Hove
46,Statielei 16,2022-07-15,06:00:00,76,48,28,FMN GV 03 Hove
46,Statielei 16,2022-07-15,07:00:00,171,129,42,FMN GV 03 Hove
46,Statielei 16,2022-07-15,08:00:00,215,148,67,FMN GV 03 Hove
46,Statielei 16,2022-07-15,09:00:00,132,86,46,FMN GV 03 Hove
46,Statielei 16,2022-07-15,10:00:00,127,84,43,FMN GV 03 Hove
46,Statielei 16,2022-07-15,11:00:00,136,67,69,FMN GV 03 Hove
46,Statielei 16,2022-07-15,12:00:00,148,71,77,FMN GV 03 Hove
46,Statielei 16,2022-07-15,13:00:00,156,80,76,FMN GV 03 Hove
46,Statielei 16,2022-07-15,14:00:00,157,83,74,FMN GV 03 Hove
46,Statielei 16,2022-07-15,15:00:00,205,108,97,FMN GV 03 Hove
46,Statielei 16,2022-07-15,16:00:00,259,126,133,FMN GV 03 Hove
46,Statielei 16,2022-07-15,17:00:00,258,99,159,FMN GV 03 Hove
46,Statielei 16,2022-07-15,18:00:00,180,93,87,FMN GV 03 Hove
46,Statielei 16,2022-07-15,19:00:00,133,67,66,FMN GV 03 Hove
46,Statielei 16,2022-07-15,20:00:00,112,53,59,FMN GV 03 Hove
46,Statielei 16,2022-07-15,21:00:00,77,40,37,FMN GV 03 Hove
46,Statielei 16,2022-07-15,22:00:00,35,12,23,FMN GV 03 Hove
46,Statielei 16,2022-07-15,23:00:00,43,17,26,FMN GV 03 Hove
46,Statielei 16,2022-07-16,00:00:00,32,7,25,FMN GV 03 Hove
46,Statielei 16,2022-07-16,01:00:00,18,3,15,FMN GV 03 Hove
46,Statielei 16,2022-07-16,02:00:00,13,9,4,FMN GV 03 Hove
46,Statielei 16,2022-07-16,03:00:00,3,1,2,FMN GV 03 Hove
46,Statielei 16,2022-07-16,04:00:00,14,9,5,FMN GV 03 Hove
46,Statielei 16,2022-07-16,05:00:00,10,7,3,FMN GV 03 Hove
46,Statielei 16,2022-07-16,06:00:00,28,11,17,FMN GV 03 Hove
46,Statielei 16,2022-07-16,07:00:00,29,11,18,FMN GV 03 Hove
46,Statielei 16,2022-07-16,08:00:00,52,25,27,FMN GV 03 Hove
46,Statielei 16,2022-07-16,09:00:00,92,61,31,FMN GV 03 Hove
46,Statielei 16,2022-07-16,10:00:00,140,59,81,FMN GV 03 Hove
46,Statielei 16,2022-07-16,11:00:00,151,100,51,FMN GV 03 Hove
46,Statielei 16,2022-07-16,12:00:00,200,120,80,FMN GV 03 Hove
46,Statielei 16,2022-07-16,13:00:00,217,122,95,FMN GV 03 Hove
46,Statielei 16,2022-07-16,14:00:00,205,116,89,FMN GV 03 Hove
46,Statielei 16,2022-07-16,15:00:00,212,121,91,FMN GV 03 Hove
46,Statielei 16,2022-07-16,16:00:00,165,76,89,FMN GV 03 Hove
46,Statielei 16,2022-07-16,17:00:00,165,78,87,FMN GV 03 Hove
46,Statielei 16,2022-07-16,18:00:00,130,67,63,FMN GV 03 Hove
46,Statielei 16,2022-07-16,19:00:00,87,48,39,FMN GV 03 Hove
46,Statielei 16,2022-07-16,20:00:00,83,44,39,FMN GV 03 Hove
46,Statielei 16,2022-07-16,21:00:00,68,36,32,FMN GV 03 Hove
46,Statielei 16,2022-07-16,22:00:00,52,21,31,FMN GV 03 Hove
46,Statielei 16,2022-07-16,23:00:00,23,10,13,FMN GV 03 Hove
46,Statielei 16,2022-07-17,00:00:00,33,12,21,FMN GV 03 Hove
46,Statielei 16,2022-07-17,01:00:00,19,14,5,FMN GV 03 Hove
46,Statielei 16,2022-07-17,02:00:00,15,6,9,FMN GV 03 Hove
46,Statielei 16,2022-07-17,03:00:00,8,5,3,FMN GV 03 Hove
46,Statielei 16,2022-07-17,04:00:00,8,6,2,FMN GV 03 Hove
46,Statielei 16,2022-07-17,05:00:00,11,4,7,FMN GV 03 Hove
46,Statielei 16,2022-07-17,06:00:00,22,16,6,FMN GV 03 Hove
46,Statielei 16,2022-07-17,07:00:00,24,6,18,FMN GV 03 Hove
46,Statielei 16,2022-07-17,08:00:00,52,22,30,FMN GV 03 Hove
46,Statielei 16,2022-07-17,09:00:00,97,50,47,FMN GV 03 Hove
46,Statielei 16,2022-07-17,10:00:00,218,106,112,FMN GV 03 Hove
46,Statielei 16,2022-07-17,11:00:00,174,90,84,FMN GV 03 Hove
46,Statielei 16,2022-07-17,12:00:00,204,108,96,FMN GV 03 Hove
46,Statielei 16,2022-07-17,13:00:00,239,124,115,FMN GV 03 Hove
46,Statielei 16,2022-07-17,14:00:00,199,100,99,FMN GV 03 Hove
46,Statielei 16,2022-07-17,15:00:00,206,105,101,FMN GV 03 Hove
46,Statielei 16,2022-07-17,16:00:00,177,98,79,FMN GV 03 Hove
46,Statielei 16,2022-07-17,17:00:00,154,102,52,FMN GV 03 Hove
46,Statielei 16,2022-07-17,18:00:00,126,79,47,FMN GV 03 Hove
46,Statielei 16,2022-07-17,19:00:00,95,52,43,FMN GV 03 Hove
46,Statielei 16,2022-07-17,20:00:00,104,50,54,FMN GV 03 Hove
46,Statielei 16,2022-07-17,21:00:00,87,56,31,FMN GV 03 Hove
46,Statielei 16,2022-07-17,22:00:00,37,16,21,FMN GV 03 Hove
46,Statielei 16,2022-07-17,23:00:00,31,11,20,FMN GV 03 Hove
46,Statielei 16,2022-07-18,00:00:00,6,1,5,FMN GV 03 Hove
46,Statielei 16,2022-07-18,01:00:00,7,5,2,FMN GV 03 Hove
46,Statielei 16,2022-07-18,02:00:00,1,0,1,FMN GV 03 Hove
46,Statielei 16,2022-07-18,03:00:00,8,3,5,FMN GV 03 Hove
46,Statielei 16,2022-07-18,04:00:00,15,8,7,FMN GV 03 Hove
46,Statielei 16,2022-07-18,05:00:00,21,13,8,FMN GV 03 Hove
46,Statielei 16,2022-07-18,06:00:00,77,56,21,FMN GV 03 Hove
46,Statielei 16,2022-07-18,07:00:00,204,144,60,FMN GV 03 Hove
46,Statielei 16,2022-07-18,08:00:00,217,156,61,FMN GV 03 Hove
46,Statielei 16,2022-07-18,09:00:00,120,85,35,FMN GV 03 Hove
46,Statielei 16,2022-07-18,10:00:00,131,82,49,FMN GV 03 Hove
46,Statielei 16,2022-07-18,11:00:00,96,52,44,FMN GV 03 Hove
46,Statielei 16,2022-07-18,12:00:00,96,56,40,FMN GV 03 Hove
46,Statielei 16,2022-07-18,13:00:00,75,38,37,FMN GV 03 Hove
46,Statielei 16,2022-07-18,14:00:00,93,40,53,FMN GV 03 Hove
46,Statielei 16,2022-07-18,15:00:00,87,41,46,FMN GV 03 Hove
46,Statielei 16,2022-07-18,16:00:00,175,53,122,FMN GV 03 Hove
46,Statielei 16,2022-07-18,17:00:00,243,79,164,FMN GV 03 Hove
46,Statielei 16,2022-07-18,18:00:00,176,68,108,FMN GV 03 Hove
46,Statielei 16,2022-07-18,19:00:00,119,59,60,FMN GV 03 Hove
46,Statielei 16,2022-07-18,20:00:00,90,52,38,FMN GV 03 Hove
46,Statielei 16,2022-07-18,21:00:00,74,41,33,FMN GV 03 Hove
46,Statielei 16,2022-07-18,22:00:00,47,30,17,FMN GV 03 Hove
46,Statielei 16,2022-07-18,23:00:00,25,10,15,FMN GV 03 Hove
46,Statielei 16,2022-07-19,00:00:00,10,3,7,FMN GV 03 Hove
46,Statielei 16,2022-07-19,01:00:00,3,0,3,FMN GV 03 Hove
46,Statielei 16,2022-07-19,02:00:00,2,2,0,FMN GV 03 Hove
46,Statielei 16,2022-07-19,03:00:00,9,2,7,FMN GV 03 Hove
46,Statielei 16,2022-07-19,04:00:00,11,6,5,FMN GV 03 Hove
46,Statielei 16,2022-07-19,05:00:00,26,18,8,FMN GV 03 Hove
46,Statielei 16,2022-07-19,06:00:00,92,59,33,FMN GV 03 Hove
46,Statielei 16,2022-07-19,07:00:00,181,126,55,FMN GV 03 Hove
46,Statielei 16,2022-07-19,08:00:00,214,164,50,FMN GV 03 Hove
46,Statielei 16,2022-07-19,09:00:00,101,55,46,FMN GV 03 Hove
46,Statielei 16,2022-07-19,10:00:00,107,65,42,FMN GV 03 Hove
46,Statielei 16,2022-07-19,11:00:00,92,52,40,FMN GV 03 Hove
46,Statielei 16,2022-07-19,12:00:00,106,59,47,FMN GV 03 Hove
46,Statielei 16,2022-07-19,13:00:00,57,25,32,FMN GV 03 Hove
46,Statielei 16,2022-07-19,14:00:00,65,34,31,FMN GV 03 Hove
46,Statielei 16,2022-07-19,15:00:00,83,48,35,FMN GV 03 Hove
46,Statielei 16,2022-07-19,16:00:00,113,33,80,FMN GV 03 Hove
46,Statielei 16,2022-07-19,17:00:00,188,56,132,FMN GV 03 Hove
46,Statielei 16,2022-07-19,18:00:00,131,54,77,FMN GV 03 Hove
46,Statielei 16,2022-07-19,19:00:00,80,38,42,FMN GV 03 Hove
46,Statielei 16,2022-07-19,20:00:00,62,30,32,FMN GV 03 Hove
46,Statielei 16,2022-07-19,21:00:00,66,45,21,FMN GV 03 Hove
46,Statielei 16,2022-07-19,22:00:00,55,30,25,FMN GV 03 Hove
46,Statielei 16,2022-07-19,23:00:00,32,18,14,FMN GV 03 Hove
46,Statielei 16,2022-07-20,00:00:00,17,3,14,FMN GV 03 Hove
46,Statielei 16,2022-07-20,01:00:00,3,1,2,FMN GV 03 Hove
46,Statielei 16,2022-07-20,02:00:00,4,3,1,FMN GV 03 Hove
46,Statielei 16,2022-07-20,03:00:00,8,3,5,FMN GV 03 Hove
46,Statielei 16,2022-07-20,04:00:00,5,4,1,FMN GV 03 Hove
46,Statielei 16,2022-07-20,05:00:00,28,18,10,FMN GV 03 Hove
46,Statielei 16,2022-07-20,06:00:00,81,60,21,FMN GV 03 Hove
46,Statielei 16,2022-07-20,07:00:00,136,102,34,FMN GV 03 Hove
46,Statielei 16,2022-07-20,08:00:00,178,125,53,FMN GV 03 Hove
46,Statielei 16,2022-07-20,09:00:00,124,68,56,FMN GV 03 Hove
46,Statielei 16,2022-07-20,10:00:00,70,32,38,FMN GV 03 Hove
46,Statielei 16,2022-07-20,11:00:00,76,44,32,FMN GV 03 Hove
46,Statielei 16,2022-07-20,12:00:00,62,20,42,FMN GV 03 Hove
46,Statielei 16,2022-07-20,13:00:00,108,54,54,FMN GV 03 Hove
46,Statielei 16,2022-07-20,14:00:00,99,54,45,FMN GV 03 Hove
46,Statielei 16,2022-07-20,15:00:00,113,52,61,FMN GV 03 Hove
46,Statielei 16,2022-07-20,16:00:00,156,56,100,FMN GV 03 Hove
46,Statielei 16,2022-07-20,17:00:00,159,76,83,FMN GV 03 Hove
46,Statielei 16,2022-07-20,18:00:00,123,60,63,FMN GV 03 Hove
46,Statielei 16,2022-07-20,19:00:00,60,25,35,FMN GV 03 Hove
46,Statielei 16,2022-07-20,20:00:00,43,27,16,FMN GV 03 Hove
46,Statielei 16,2022-07-20,21:00:00,37,19,18,FMN GV 03 Hove
46,Statielei 16,2022-07-20,22:00:00,41,18,23,FMN GV 03 Hove
46,Statielei 16,2022-07-20,23:00:00,18,9,9,FMN GV 03 Hove
46,Statielei 16,2022-07-21,00:00:00,10,3,7,FMN GV 03 Hove
46,Statielei 16,2022-07-21,01:00:00,11,6,5,FMN GV 03 Hove
46,Statielei 16,2022-07-21,02:00:00,2,1,1,FMN GV 03 Hove
46,Statielei 16,2022-07-21,03:00:00,4,3,1,FMN GV 03 Hove
46,Statielei 16,2022-07-21,04:00:00,4,2,2,FMN GV 03 Hove
46,Statielei 16,2022-07-21,05:00:00,7,5,2,FMN GV 03 Hove
46,Statielei 16,2022-07-21,06:00:00,17,6,11,FMN GV 03 Hove
46,Statielei 16,2022-07-21,07:00:00,15,10,5,FMN GV 03 Hove
46,Statielei 16,2022-07-21,08:00:00,8,6,2,FMN GV 03 Hove
46,Statielei 16,2022-07-21,09:00:00,10,5,5,FMN GV 03 Hove
46,Statielei 16,2022-07-21,10:00:00,44,17,27,FMN GV 03 Hove
46,Statielei 16,2022-07-21,11:00:00,31,16,15,FMN GV 03 Hove
46,Statielei 16,2022-07-21,12:00:00,51,24,27,FMN GV 03 Hove
46,Statielei 16,2022-07-21,13:00:00,63,41,22,FMN GV 03 Hove
46,Statielei 16,2022-07-21,14:00:00,71,38,33,FMN GV 03 Hove
46,Statielei 16,2022-07-21,15:00:00,60,36,24,FMN GV 03 Hove
46,Statielei 16,2022-07-21,16:00:00,57,28,29,FMN GV 03 Hove
46,Statielei 16,2022-07-21,17:00:00,56,31,25,FMN GV 03 Hove
46,Statielei 16,2022-07-21,18:00:00,55,36,19,FMN GV 03 Hove
46,Statielei 16,2022-07-21,19:00:00,68,40,28,FMN GV 03 Hove
46,Statielei 16,2022-07-21,20:00:00,35,16,19,FMN GV 03 Hove
46,Statielei 16,2022-07-21,21:00:00,27,16,11,FMN GV 03 Hove
46,Statielei 16,2022-07-21,22:00:00,30,16,14,FMN GV 03 Hove
46,Statielei 16,2022-07-21,23:00:00,27,10,17,FMN GV 03 Hove
46,Statielei 16,2022-07-22,00:00:00,13,3,10,FMN GV 03 Hove
46,Statielei 16,2022-07-22,01:00:00,5,4,1,FMN GV 03 Hove
46,Statielei 16,2022-07-22,02:00:00,3,0,3,FMN GV 03 Hove
46,Statielei 16,2022-07-22,03:00:00,1,1,0,FMN GV 03 Hove
46,Statielei 16,2022-07-22,04:00:00,8,5,3,FMN GV 03 Hove
46,Statielei 16,2022-07-22,05:00:00,23,16,7,FMN GV 03 Hove
46,Statielei 16,2022-07-22,06:00:00,50,32,18,FMN GV 03 Hove
46,Statielei 16,2022-07-22,07:00:00,84,53,31,FMN GV 03 Hove
46,Statielei 16,2022-07-22,08:00:00,107,67,40,FMN GV 03 Hove
46,Statielei 16,2022-07-22,09:00:00,90,49,41,FMN GV 03 Hove
46,Statielei 16,2022-07-22,10:00:00,147,90,57,FMN GV 03 Hove
46,Statielei 16,2022-07-22,11:00:00,156,110,46,FMN GV 03 Hove
46,Statielei 16,2022-07-22,12:00:00,167,99,68,FMN GV 03 Hove
46,Statielei 16,2022-07-22,13:00:00,210,139,71,FMN GV 03 Hove
46,Statielei 16,2022-07-22,14:00:00,203,125,78,FMN GV 03 Hove
46,Statielei 16,2022-07-22,15:00:00,173,92,81,FMN GV 03 Hove
46,Statielei 16,2022-07-22,16:00:00,219,98,121,FMN GV 03 Hove
46,Statielei 16,2022-07-22,17:00:00,210,82,128,FMN GV 03 Hove
46,Statielei 16,2022-07-22,18:00:00,155,64,91,FMN GV 03 Hove
46,Statielei 16,2022-07-22,19:00:00,90,48,42,FMN GV 03 Hove
46,Statielei 16,2022-07-22,20:00:00,66,20,46,FMN GV 03 Hove
46,Statielei 16,2022-07-22,21:00:00,38,17,21,FMN GV 03 Hove
46,Statielei 16,2022-07-22,22:00:00,44,23,21,FMN GV 03 Hove
46,Statielei 16,2022-07-22,23:00:00,41,12,29,FMN GV 03 Hove
46,Statielei 16,2022-07-23,00:00:00,29,8,21,FMN GV 03 Hove
46,Statielei 16,2022-07-23,01:00:00,9,2,7,FMN GV 03 Hove
46,Statielei 16,2022-07-23,02:00:00,20,7,13,FMN GV 03 Hove
46,Statielei 16,2022-07-23,03:00:00,7,1,6,FMN GV 03 Hove
46,Statielei 16,2022-07-23,04:00:00,9,5,4,FMN GV 03 Hove
46,Statielei 16,2022-07-23,05:00:00,9,7,2,FMN GV 03 Hove
46,Statielei 16,2022-07-23,06:00:00,10,4,6,FMN GV 03 Hove
46,Statielei 16,2022-07-23,07:00:00,28,14,14,FMN GV 03 Hove
46,Statielei 16,2022-07-23,08:00:00,44,31,13,FMN GV 03 Hove
46,Statielei 16,2022-07-23,09:00:00,92,54,38,FMN GV 03 Hove
46,Statielei 16,2022-07-23,10:00:00,171,100,71,FMN GV 03 Hove
46,Statielei 16,2022-07-23,11:00:00,213,142,71,FMN GV 03 Hove
46,Statielei 16,2022-07-23,12:00:00,204,138,66,FMN GV 03 Hove
46,Statielei 16,2022-07-23,13:00:00,247,168,79,FMN GV 03 Hove
46,Statielei 16,2022-07-23,14:00:00,277,173,104,FMN GV 03 Hove
46,Statielei 16,2022-07-23,15:00:00,224,130,94,FMN GV 03 Hove
46,Statielei 16,2022-07-23,16:00:00,239,103,136,FMN GV 03 Hove
46,Statielei 16,2022-07-23,17:00:00,154,68,86,FMN GV 03 Hove
46,Statielei 16,2022-07-23,18:00:00,144,71,73,FMN GV 03 Hove
46,Statielei 16,2022-07-23,19:00:00,167,93,74,FMN GV 03 Hove
46,Statielei 16,2022-07-23,20:00:00,119,48,71,FMN GV 03 Hove
46,Statielei 16,2022-07-23,21:00:00,79,26,53,FMN GV 03 Hove
46,Statielei 16,2022-07-23,22:00:00,67,26,41,FMN GV 03 Hove
46,Statielei 16,2022-07-23,23:00:00,60,15,45,FMN GV 03 Hove
46,Statielei 16,2022-07-24,00:00:00,34,7,27,FMN GV 03 Hove
46,Statielei 16,2022-07-24,01:00:00,26,15,11,FMN GV 03 Hove
46,Statielei 16,2022-07-24,02:00:00,12,2,10,FMN GV 03 Hove
46,Statielei 16,2022-07-24,03:00:00,9,0,9,FMN GV 03 Hove
46,Statielei 16,2022-07-24,04:00:00,6,0,6,FMN GV 03 Hove
46,Statielei 16,2022-07-24,05:00:00,14,7,7,FMN GV 03 Hove
46,Statielei 16,2022-07-24,06:00:00,15,6,9,FMN GV 03 Hove
46,Statielei 16,2022-07-24,07:00:00,20,10,10,FMN GV 03 Hove
46,Statielei 16,2022-07-24,08:00:00,43,17,26,FMN GV 03 Hove
46,Statielei 16,2022-07-24,09:00:00,194,101,93,FMN GV 03 Hove
46,Statielei 16,2022-07-24,10:00:00,244,157,87,FMN GV 03 Hove
46,Statielei 16,2022-07-24,11:00:00,259,186,73,FMN GV 03 Hove
46,Statielei 16,2022-07-24,12:00:00,269,163,106,FMN GV 03 Hove
46,Statielei 16,2022-07-24,13:00:00,292,184,108,FMN GV 03 Hove
46,Statielei 16,2022-07-24,14:00:00,261,125,136,FMN GV 03 Hove
46,Statielei 16,2022-07-24,15:00:00,249,109,140,FMN GV 03 Hove
46,Statielei 16,2022-07-24,16:00:00,216,85,131,FMN GV 03 Hove
46,Statielei 16,2022-07-24,17:00:00,188,75,113,FMN GV 03 Hove
46,Statielei 16,2022-07-24,18:00:00,150,67,83,FMN GV 03 Hove
46,Statielei 16,2022-07-24,19:00:00,104,39,65,FMN GV 03 Hove
46,Statielei 16,2022-07-24,20:00:00,126,72,54,FMN GV 03 Hove
46,Statielei 16,2022-07-24,21:00:00,81,45,36,FMN GV 03 Hove
46,Statielei 16,2022-07-24,22:00:00,68,36,32,FMN GV 03 Hove
46,Statielei 16,2022-07-24,23:00:00,39,22,17,FMN GV 03 Hove
46,Statielei 16,2022-07-25,00:00:00,5,2,3,FMN GV 03 Hove
46,Statielei 16,2022-07-25,01:00:00,1,1,0,FMN GV 03 Hove
46,Statielei 16,2022-07-25,02:00:00,1,1,0,FMN GV 03 Hove
46,Statielei 16,2022-07-25,03:00:00,2,1,1,FMN GV 03 Hove
46,Statielei 16,2022-07-25,04:00:00,10,5,5,FMN GV 03 Hove
46,Statielei 16,2022-07-25,05:00:00,27,19,8,FMN GV 03 Hove
46,Statielei 16,2022-07-25,06:00:00,95,63,32,FMN GV 03 Hove
46,Statielei 16,2022-07-25,07:00:00,213,163,50,FMN GV 03 Hove
46,Statielei 16,2022-07-25,08:00:00,221,171,50,FMN GV 03 Hove
46,Statielei 16,2022-07-25,09:00:00,118,93,25,FMN GV 03 Hove
46,Statielei 16,2022-07-25,10:00:00,126,84,42,FMN GV 03 Hove
46,Statielei 16,2022-07-25,11:00:00,115,66,49,FMN GV 03 Hove
46,Statielei 16,2022-07-25,12:00:00,115,56,59,FMN GV 03 Hove
46,Statielei 16,2022-07-25,13:00:00,107,64,43,FMN GV 03 Hove
46,Statielei 16,2022-07-25,14:00:00,123,57,66,FMN GV 03 Hove
46,Statielei 16,2022-07-25,15:00:00,136,52,84,FMN GV 03 Hove
46,Statielei 16,2022-07-25,16:00:00,217,75,142,FMN GV 03 Hove
46,Statielei 16,2022-07-25,17:00:00,304,90,214,FMN GV 03 Hove
46,Statielei 16,2022-07-25,18:00:00,174,64,110,FMN GV 03 Hove
46,Statielei 16,2022-07-25,19:00:00,102,38,64,FMN GV 03 Hove
46,Statielei 16,2022-07-25,20:00:00,59,32,27,FMN GV 03 Hove
46,Statielei 16,2022-07-25,21:00:00,53,28,25,FMN GV 03 Hove
46,Statielei 16,2022-07-25,22:00:00,41,16,25,FMN GV 03 Hove
46,Statielei 16,2022-07-25,23:00:00,11,8,3,FMN GV 03 Hove
46,Statielei 16,2022-07-26,00:00:00,14,7,7,FMN GV 03 Hove
46,Statielei 16,2022-07-26,01:00:00,7,3,4,FMN GV 03 Hove
46,Statielei 16,2022-07-26,02:00:00,2,0,2,FMN GV 03 Hove
46,Statielei 16,2022-07-26,03:00:00,2,0,2,FMN GV 03 Hove
46,Statielei 16,2022-07-26,04:00:00,7,5,2,FMN GV 03 Hove
46,Statielei 16,2022-07-26,05:00:00,27,20,7,FMN GV 03 Hove
46,Statielei 16,2022-07-26,06:00:00,97,67,30,FMN GV 03 Hove
46,Statielei 16,2022-07-26,07:00:00,218,170,48,FMN GV 03 Hove
46,Statielei 16,2022-07-26,08:00:00,249,173,76,FMN GV 03 Hove
46,Statielei 16,2022-07-26,09:00:00,88,64,24,FMN GV 03 Hove
46,Statielei 16,2022-07-26,10:00:00,93,42,51,FMN GV 03 Hove
46,Statielei 16,2022-07-26,11:00:00,61,36,25,FMN GV 03 Hove
46,Statielei 16,2022-07-26,12:00:00,60,23,37,FMN GV 03 Hove
46,Statielei 16,2022-07-26,13:00:00,52,22,30,FMN GV 03 Hove
46,Statielei 16,2022-07-26,14:00:00,60,30,30,FMN GV 03 Hove
46,Statielei 16,2022-07-26,15:00:00,77,29,48,FMN GV 03 Hove
46,Statielei 16,2022-07-26,16:00:00,167,53,114,FMN GV 03 Hove
46,Statielei 16,2022-07-26,17:00:00,237,72,165,FMN GV 03 Hove
46,Statielei 16,2022-07-26,18:00:00,158,66,92,FMN GV 03 Hove
46,Statielei 16,2022-07-26,19:00:00,95,32,63,FMN GV 03 Hove
46,Statielei 16,2022-07-26,20:00:00,64,40,24,FMN GV 03 Hove
46,Statielei 16,2022-07-26,21:00:00,61,31,30,FMN GV 03 Hove
46,Statielei 16,2022-07-26,22:00:00,38,18,20,FMN GV 03 Hove
46,Statielei 16,2022-07-26,23:00:00,22,6,16,FMN GV 03 Hove
46,Statielei 16,2022-07-27,00:00:00,14,4,10,FMN GV 03 Hove
46,Statielei 16,2022-07-27,01:00:00,4,1,3,FMN GV 03 Hove
46,Statielei 16,2022-07-27,02:00:00,1,0,1,FMN GV 03 Hove
46,Statielei 16,2022-07-27,03:00:00,3,0,3,FMN GV 03 Hove
46,Statielei 16,2022-07-27,04:00:00,10,4,6,FMN GV 03 Hove
46,Statielei 16,2022-07-27,05:00:00,19,13,6,FMN GV 03 Hove
46,Statielei 16,2022-07-27,06:00:00,92,60,32,FMN GV 03 Hove
46,Statielei 16,2022-07-27,07:00:00,200,150,50,FMN GV 03 Hove
46,Statielei 16,2022-07-27,08:00:00,251,175,76,FMN GV 03 Hove
46,Statielei 16,2022-07-27,09:00:00,188,124,64,FMN GV 03 Hove
46,Statielei 16,2022-07-27,10:00:00,175,125,50,FMN GV 03 Hove
46,Statielei 16,2022-07-27,11:00:00,180,84,96,FMN GV 03 Hove
46,Statielei 16,2022-07-27,12:00:00,181,77,104,FMN GV 03 Hove
46,Statielei 16,2022-07-27,13:00:00,168,82,86,FMN GV 03 Hove
46,Statielei 16,2022-07-27,14:00:00,165,86,79,FMN GV 03 Hove
46,Statielei 16,2022-07-27,15:00:00,201,81,120,FMN GV 03 Hove
46,Statielei 16,2022-07-27,16:00:00,236,103,133,FMN GV 03 Hove
46,Statielei 16,2022-07-27,17:00:00,333,124,209,FMN GV 03 Hove
46,Statielei 16,2022-07-27,18:00:00,213,85,128,FMN GV 03 Hove
46,Statielei 16,2022-07-27,19:00:00,145,87,58,FMN GV 03 Hove
46,Statielei 16,2022-07-27,20:00:00,108,77,31,FMN GV 03 Hove
46,Statielei 16,2022-07-27,21:00:00,82,55,27,FMN GV 03 Hove
46,Statielei 16,2022-07-27,22:00:00,47,25,22,FMN GV 03 Hove
46,Statielei 16,2022-07-27,23:00:00,36,16,20,FMN GV 03 Hove
46,Statielei 16,2022-07-28,00:00:00,13,5,8,FMN GV 03 Hove
46,Statielei 16,2022-07-28,01:00:00,2,0,2,FMN GV 03 Hove
46,Statielei 16,2022-07-28,02:00:00,0,0,0,FMN GV 03 Hove
46,Statielei 16,2022-07-28,03:00:00,6,0,6,FMN GV 03 Hove
46,Statielei 16,2022-07-28,04:00:00,13,6,7,FMN GV 03 Hove
46,Statielei 16,2022-07-28,05:00:00,28,19,9,FMN GV 03 Hove
46,Statielei 16,2022-07-28,06:00:00,94,59,35,FMN GV 03 Hove
46,Statielei 16,2022-07-28,07:00:00,223,164,59,FMN GV 03 Hove
46,Statielei 16,2022-07-28,08:00:00,239,166,73,FMN GV 03 Hove
46,Statielei 16,2022-07-28,09:00:00,115,70,45,FMN GV 03 Hove
46,Statielei 16,2022-07-28,10:00:00,116,72,44,FMN GV 03 Hove
46,Statielei 16,2022-07-28,11:00:00,134,68,66,FMN GV 03 Hove
46,Statielei 16,2022-07-28,12:00:00,110,56,54,FMN GV 03 Hove
46,Statielei 16,2022-07-28,13:00:00,154,86,68,FMN GV 03 Hove
46,Statielei 16,2022-07-28,14:00:00,159,89,70,FMN GV 03 Hove
46,Statielei 16,2022-07-28,15:00:00,183,82,101,FMN GV 03 Hove
46,Statielei 16,2022-07-28,16:00:00,254,122,132,FMN GV 03 Hove
46,Statielei 16,2022-07-28,17:00:00,318,112,206,FMN GV 03 Hove
46,Statielei 16,2022-07-28,18:00:00,248,100,148,FMN GV 03 Hove
46,Statielei 16,2022-07-28,19:00:00,153,73,80,FMN GV 03 Hove
46,Statielei 16,2022-07-28,20:00:00,98,59,39,FMN GV 03 Hove
46,Statielei 16,2022-07-28,21:00:00,84,59,25,FMN GV 03 Hove
46,Statielei 16,2022-07-28,22:00:00,53,25,28,FMN GV 03 Hove
46,Statielei 16,2022-07-28,23:00:00,33,15,18,FMN GV 03 Hove
46,Statielei 16,2022-07-29,00:00:00,24,6,18,FMN GV 03 Hove
46,Statielei 16,2022-07-29,01:00:00,18,11,7,FMN GV 03 Hove
46,Statielei 16,2022-07-29,02:00:00,5,3,2,FMN GV 03 Hove
46,Statielei 16,2022-07-29,03:00:00,2,0,2,FMN GV 03 Hove
46,Statielei 16,2022-07-29,04:00:00,11,6,5,FMN GV 03 Hove
46,Statielei 16,2022-07-29,05:00:00,23,16,7,FMN GV 03 Hove
46,Statielei 16,2022-07-29,06:00:00,71,54,17,FMN GV 03 Hove
46,Statielei 16,2022-07-29,07:00:00,173,125,48,FMN GV 03 Hove
46,Statielei 16,2022-07-29,08:00:00,180,126,54,FMN GV 03 Hove
46,Statielei 16,2022-07-29,09:00:00,94,55,39,FMN GV 03 Hove
46,Statielei 16,2022-07-29,10:00:00,96,59,37,FMN GV 03 Hove
46,Statielei 16,2022-07-29,11:00:00,106,56,50,FMN GV 03 Hove
46,Statielei 16,2022-07-29,12:00:00,159,77,82,FMN GV 03 Hove
46,Statielei 16,2022-07-29,13:00:00,169,89,80,FMN GV 03 Hove
46,Statielei 16,2022-07-29,14:00:00,178,95,83,FMN GV 03 Hove
46,Statielei 16,2022-07-29,15:00:00,179,65,114,FMN GV 03 Hove
46,Statielei 16,2022-07-29,16:00:00,246,111,135,FMN GV 03 Hove
46,Statielei 16,2022-07-29,17:00:00,251,109,142,FMN GV 03 Hove
46,Statielei 16,2022-07-29,18:00:00,179,78,101,FMN GV 03 Hove
46,Statielei 16,2022-07-29,19:00:00,140,69,71,FMN GV 03 Hove
46,Statielei 16,2022-07-29,20:00:00,92,52,40,FMN GV 03 Hove
46,Statielei 16,2022-07-29,21:00:00,74,41,33,FMN GV 03 Hove
46,Statielei 16,2022-07-29,22:00:00,44,21,23,FMN GV 03 Hove
46,Statielei 16,2022-07-29,23:00:00,35,10,25,FMN GV 03 Hove
46,Statielei 16,2022-07-30,00:00:00,35,21,14,FMN GV 03 Hove
46,Statielei 16,2022-07-30,01:00:00,12,1,11,FMN GV 03 Hove
46,Statielei 16,2022-07-30,02:00:00,14,3,11,FMN GV 03 Hove
46,Statielei 16,2022-07-30,03:00:00,10,3,7,FMN GV 03 Hove
46,Statielei 16,2022-07-30,04:00:00,9,5,4,FMN GV 03 Hove
46,Statielei 16,2022-07-30,05:00:00,16,10,6,FMN GV 03 Hove
46,Statielei 16,2022-07-30,06:00:00,20,11,9,FMN GV 03 Hove
46,Statielei 16,2022-07-30,07:00:00,18,11,7,FMN GV 03 Hove
46,Statielei 16,2022-07-30,08:00:00,52,26,26,FMN GV 03 Hove
46,Statielei 16,2022-07-30,09:00:00,83,44,39,FMN GV 03 Hove
46,Statielei 16,2022-07-30,10:00:00,172,103,69,FMN GV 03 Hove
46,Statielei 16,2022-07-30,11:00:00,186,104,82,FMN GV 03 Hove
46,Statielei 16,2022-07-30,12:00:00,206,110,96,FMN GV 03 Hove
46,Statielei 16,2022-07-30,13:00:00,221,123,98,FMN GV 03 Hove
46,Statielei 16,2022-07-30,14:00:00,215,117,98,FMN GV 03 Hove
46,Statielei 16,2022-07-30,15:00:00,224,122,102,FMN GV 03 Hove
46,Statielei 16,2022-07-30,16:00:00,147,65,82,FMN GV 03 Hove
46,Statielei 16,2022-07-30,17:00:00,184,83,101,FMN GV 03 Hove
46,Statielei 16,2022-07-30,18:00:00,130,56,74,FMN GV 03 Hove
46,Statielei 16,2022-07-30,19:00:00,70,35,35,FMN GV 03 Hove
46,Statielei 16,2022-07-30,20:00:00,76,43,33,FMN GV 03 Hove
46,Statielei 16,2022-07-30,21:00:00,69,37,32,FMN GV 03 Hove
46,Statielei 16,2022-07-30,22:00:00,51,28,23,FMN GV 03 Hove
46,Statielei 16,2022-07-30,23:00:00,31,11,20,FMN GV 03 Hove
46,Statielei 16,2022-07-31,00:00:00,12,7,5,FMN GV 03 Hove
46,Statielei 16,2022-07-31,01:00:00,23,6,17,FMN GV 03 Hove
46,Statielei 16,2022-07-31,02:00:00,13,7,6,FMN GV 03 Hove
46,Statielei 16,2022-07-31,03:00:00,10,7,3,FMN GV 03 Hove
46,Statielei 16,2022-07-31,04:00:00,9,4,5,FMN GV 03 Hove
46,Statielei 16,2022-07-31,05:00:00,20,12,8,FMN GV 03 Hove
46,Statielei 16,2022-07-31,06:00:00,20,13,7,FMN GV 03 Hove
46,Statielei 16,2022-07-31,07:00:00,19,7,12,FMN GV 03 Hove
46,Statielei 16,2022-07-31,08:00:00,62,17,45,FMN GV 03 Hove
46,Statielei 16,2022-07-31,09:00:00,145,56,89,FMN GV 03 Hove
46,Statielei 16,2022-07-31,10:00:00,154,60,94,FMN GV 03 Hove
46,Statielei 16,2022-07-31,11:00:00,185,95,90,FMN GV 03 Hove
46,Statielei 16,2022-07-31,12:00:00,159,100,59,FMN GV 03 Hove
46,Statielei 16,2022-07-31,13:00:00,123,69,54,FMN GV 03 Hove
46,Statielei 16,2022-07-31,14:00:00,154,91,63,FMN GV 03 Hove
46,Statielei 16,2022-07-31,15:00:00,170,89,81,FMN GV 03 Hove
46,Statielei 16,2022-07-31,16:00:00,125,60,65,FMN GV 03 Hove
46,Statielei 16,2022-07-31,17:00:00,130,64,66,FMN GV 03 Hove
46,Statielei 16,2022-07-31,18:00:00,105,73,32,FMN GV 03 Hove
46,Statielei 16,2022-07-31,19:00:00,76,37,39,FMN GV 03 Hove
46,Statielei 16,2022-07-31,20:00:00,73,38,35,FMN GV 03 Hove
46,Statielei 16,2022-07-31,21:00:00,37,22,15,FMN GV 03 Hove
46,Statielei 16,2022-07-31,22:00:00,33,12,21,FMN GV 03 Hove
46,Statielei 16,2022-07-31,23:00:00,12,6,6,FMN GV 03 Hove
46,Statielei 16,2022-08-01,00:00:00,14,8,6,FMN GV 03 Hove
46,Statielei 16,2022-08-01,01:00:00,11,7,4,FMN GV 03 Hove
46,Statielei 16,2022-08-01,02:00:00,2,0,2,FMN GV 03 Hove
46,Statielei 16,2022-08-01,03:00:00,6,0,6,FMN GV 03 Hove
46,Statielei 16,2022-08-01,04:00:00,13,8,5,FMN GV 03 Hove
46,Statielei 16,2022-08-01,05:00:00,27,16,11,FMN GV 03 Hove
46,Statielei 16,2022-08-01,06:00:00,88,63,25,FMN GV 03 Hove
46,Statielei 16,2022-08-01,07:00:00,226,174,52,FMN GV 03 Hove
46,Statielei 16,2022-08-01,08:00:00,235,170,65,FMN GV 03 Hove
46,Statielei 16,2022-08-01,09:00:00,96,71,25,FMN GV 03 Hove
46,Statielei 16,2022-08-01,10:00:00,79,50,29,FMN GV 03 Hove
46,Statielei 16,2022-08-01,11:00:00,93,51,42,FMN GV 03 Hove
46,Statielei 16,2022-08-01,12:00:00,126,64,62,FMN GV 03 Hove
46,Statielei 16,2022-08-01,13:00:00,141,90,51,FMN GV 03 Hove
46,Statielei 16,2022-08-01,14:00:00,152,73,79,FMN GV 03 Hove
46,Statielei 16,2022-08-01,15:00:00,160,71,89,FMN GV 03 Hove
46,Statielei 16,2022-08-01,16:00:00,247,83,164,FMN GV 03 Hove
46,Statielei 16,2022-08-01,17:00:00,298,97,201,FMN GV 03 Hove
46,Statielei 16,2022-08-01,18:00:00,204,86,118,FMN GV 03 Hove
46,Statielei 16,2022-08-01,19:00:00,134,64,70,FMN GV 03 Hove
46,Statielei 16,2022-08-01,20:00:00,99,51,48,FMN GV 03 Hove
46,Statielei 16,2022-08-01,21:00:00,64,36,28,FMN GV 03 Hove
46,Statielei 16,2022-08-01,22:00:00,58,27,31,FMN GV 03 Hove
46,Statielei 16,2022-08-01,23:00:00,12,8,4,FMN GV 03 Hove
46,Statielei 16,2022-08-02,00:00:00,5,3,2,FMN GV 03 Hove
46,Statielei 16,2022-08-02,01:00:00,7,1,6,FMN GV 03 Hove
46,Statielei 16,2022-08-02,02:00:00,0,0,0,FMN GV 03 Hove
46,Statielei 16,2022-08-02,03:00:00,8,4,4,FMN GV 03 Hove
46,Statielei 16,2022-08-02,04:00:00,7,5,2,FMN GV 03 Hove
46,Statielei 16,2022-08-02,05:00:00,34,19,15,FMN GV 03 Hove
46,Statielei 16,2022-08-02,06:00:00,110,77,33,FMN GV 03 Hove
46,Statielei 16,2022-08-02,07:00:00,288,208,80,FMN GV 03 Hove
46,Statielei 16,2022-08-02,08:00:00,304,221,83,FMN GV 03 Hove
46,Statielei 16,2022-08-02,09:00:00,122,74,48,FMN GV 03 Hove
46,Statielei 16,2022-08-02,10:00:00,128,79,49,FMN GV 03 Hove
46,Statielei 16,2022-08-02,11:00:00,108,50,58,FMN GV 03 Hove
46,Statielei 16,2022-08-02,12:00:00,151,94,57,FMN GV 03 Hove
46,Statielei 16,2022-08-02,13:00:00,174,110,64,FMN GV 03 Hove
46,Statielei 16,2022-08-02,14:00:00,156,82,74,FMN GV 03 Hove
46,Statielei 16,2022-08-02,15:00:00,209,77,132,FMN GV 03 Hove
46,Statielei 16,2022-08-02,16:00:00,281,104,177,FMN GV 03 Hove
46,Statielei 16,2022-08-02,17:00:00,387,134,253,FMN GV 03 Hove
46,Statielei 16,2022-08-02,18:00:00,254,95,159,FMN GV 03 Hove
46,Statielei 16,2022-08-02,19:00:00,160,65,95,FMN GV 03 Hove
46,Statielei 16,2022-08-02,20:00:00,111,64,47,FMN GV 03 Hove
46,Statielei 16,2022-08-02,21:00:00,101,53,48,FMN GV 03 Hove
46,Statielei 16,2022-08-02,22:00:00,62,25,37,FMN GV 03 Hove
46,Statielei 16,2022-08-02,23:00:00,25,15,10,FMN GV 03 Hove
46,Statielei 16,2022-08-03,00:00:00,15,9,6,FMN GV 03 Hove
46,Statielei 16,2022-08-03,01:00:00,10,4,6,FMN GV 03 Hove
46,Statielei 16,2022-08-03,02:00:00,2,1,1,FMN GV 03 Hove
46,Statielei 16,2022-08-03,03:00:00,5,2,3,FMN GV 03 Hove
46,Statielei 16,2022-08-03,04:00:00,16,10,6,FMN GV 03 Hove
46,Statielei 16,2022-08-03,05:00:00,29,17,12,FMN GV 03 Hove
46,Statielei 16,2022-08-03,06:00:00,104,77,27,FMN GV 03 Hove
46,Statielei 16,2022-08-03,07:00:00,243,191,52,FMN GV 03 Hove
46,Statielei 16,2022-08-03,08:00:00,297,207,90,FMN GV 03 Hove
46,Statielei 16,2022-08-03,09:00:00,173,113,60,FMN GV 03 Hove
46,Statielei 16,2022-08-03,10:00:00,195,110,85,FMN GV 03 Hove
46,Statielei 16,2022-08-03,11:00:00,209,103,106,FMN GV 03 Hove
46,Statielei 16,2022-08-03,12:00:00,148,64,84,FMN GV 03 Hove
46,Statielei 16,2022-08-03,13:00:00,132,73,59,FMN GV 03 Hove
46,Statielei 16,2022-08-03,14:00:00,143,79,64,FMN GV 03 Hove
46,Statielei 16,2022-08-03,15:00:00,140,61,79,FMN GV 03 Hove
46,Statielei 16,2022-08-03,16:00:00,253,89,164,FMN GV 03 Hove
46,Statielei 16,2022-08-03,17:00:00,296,101,195,FMN GV 03 Hove
46,Statielei 16,2022-08-03,18:00:00,222,97,125,FMN GV 03 Hove
46,Statielei 16,2022-08-03,19:00:00,156,81,75,FMN GV 03 Hove
46,Statielei 16,2022-08-03,20:00:00,113,68,45,FMN GV 03 Hove
46,Statielei 16,2022-08-03,21:00:00,107,60,47,FMN GV 03 Hove
46,Statielei 16,2022-08-03,22:00:00,70,31,39,FMN GV 03 Hove
46,Statielei 16,2022-08-03,23:00:00,35,12,23,FMN GV 03 Hove
46,Statielei 16,2022-08-04,00:00:00,23,7,16,FMN GV 03 Hove
46,Statielei 16,2022-08-04,01:00:00,7,2,5,FMN GV 03 Hove
46,Statielei 16,2022-08-04,02:00:00,2,0,2,FMN GV 03 Hove
46,Statielei 16,2022-08-04,03:00:00,8,3,5,FMN GV 03 Hove
46,Statielei 16,2022-08-04,04:00:00,18,12,6,FMN GV 03 Hove
46,Statielei 16,2022-08-04,05:00:00,32,19,13,FMN GV 03 Hove
46,Statielei 16,2022-08-04,06:00:00,101,75,26,FMN GV 03 Hove
46,Statielei 16,2022-08-04,07:00:00,254,188,66,FMN GV 03 Hove
46,Statielei 16,2022-08-04,08:00:00,279,199,80,FMN GV 03 Hove
46,Statielei 16,2022-08-04,09:00:00,131,85,46,FMN GV 03 Hove
46,Statielei 16,2022-08-04,10:00:00,115,72,43,FMN GV 03 Hove
46,Statielei 16,2022-08-04,11:00:00,61,34,27,FMN GV 03 Hove
46,Statielei 16,2022-08-04,12:00:00,92,43,49,FMN GV 03 Hove
46,Statielei 16,2022-08-04,13:00:00,132,77,55,FMN GV 03 Hove
46,Statielei 16,2022-08-04,14:00:00,134,57,77,FMN GV 03 Hove
46,Statielei 16,2022-08-04,15:00:00,165,65,100,FMN GV 03 Hove
46,Statielei 16,2022-08-04,16:00:00,231,80,151,FMN GV 03 Hove
46,Statielei 16,2022-08-04,17:00:00,321,112,209,FMN GV 03 Hove
46,Statielei 16,2022-08-04,18:00:00,224,102,122,FMN GV 03 Hove
46,Statielei 16,2022-08-04,19:00:00,150,74,76,FMN GV 03 Hove
46,Statielei 16,2022-08-04,20:00:00,113,70,43,FMN GV 03 Hove
46,Statielei 16,2022-08-04,21:00:00,72,42,30,FMN GV 03 Hove
46,Statielei 16,2022-08-04,22:00:00,42,13,29,FMN GV 03 Hove
46,Statielei 16,2022-08-04,23:00:00,35,14,21,FMN GV 03 Hove
46,Statielei 16,2022-08-05,00:00:00,20,9,11,FMN GV 03 Hove
46,Statielei 16,2022-08-05,01:00:00,12,7,5,FMN GV 03 Hove
46,Statielei 16,2022-08-05,02:00:00,9,1,8,FMN GV 03 Hove
46,Statielei 16,2022-08-05,03:00:00,4,2,2,FMN GV 03 Hove
46,Statielei 16,2022-08-05,04:00:00,12,7,5,FMN GV 03 Hove
46,Statielei 16,2022-08-05,05:00:00,28,15,13,FMN GV 03 Hove
46,Statielei 16,2022-08-05,06:00:00,71,54,17,FMN GV 03 Hove
46,Statielei 16,2022-08-05,07:00:00,168,129,39,FMN GV 03 Hove
46,Statielei 16,2022-08-05,08:00:00,209,157,52,FMN GV 03 Hove
46,Statielei 16,2022-08-05,09:00:00,112,66,46,FMN GV 03 Hove
46,Statielei 16,2022-08-05,10:00:00,105,68,37,FMN GV 03 Hove
46,Statielei 16,2022-08-05,11:00:00,105,58,47,FMN GV 03 Hove
46,Statielei 16,2022-08-05,12:00:00,135,66,69,FMN GV 03 Hove
46,Statielei 16,2022-08-05,13:00:00,155,74,81,FMN GV 03 Hove
46,Statielei 16,2022-08-05,14:00:00,155,82,73,FMN GV 03 Hove
46,Statielei 16,2022-08-05,15:00:00,178,84,94,FMN GV 03 Hove
46,Statielei 16,2022-08-05,16:00:00,242,97,145,FMN GV 03 Hove
46,Statielei 16,2022-08-05,17:00:00,249,102,147,FMN GV 03 Hove
46,Statielei 16,2022-08-05,18:00:00,198,98,100,FMN GV 03 Hove
46,Statielei 16,2022-08-05,19:00:00,114,59,55,FMN GV 03 Hove
46,Statielei 16,2022-08-05,20:00:00,74,43,31,FMN GV 03 Hove
46,Statielei 16,2022-08-05,21:00:00,80,45,35,FMN GV 03 Hove
46,Statielei 16,2022-08-05,22:00:00,45,20,25,FMN GV 03 Hove
46,Statielei 16,2022-08-05,23:00:00,34,13,21,FMN GV 03 Hove
46,Statielei 16,2022-08-06,00:00:00,28,18,10,FMN GV 03 Hove
46,Statielei 16,2022-08-06,01:00:00,24,15,9,FMN GV 03 Hove
46,Statielei 16,2022-08-06,02:00:00,14,6,8,FMN GV 03 Hove
46,Statielei 16,2022-08-06,03:00:00,12,0,12,FMN GV 03 Hove
46,Statielei 16,2022-08-06,04:00:00,15,5,10,FMN GV 03 Hove
46,Statielei 16,2022-08-06,05:00:00,21,14,7,FMN GV 03 Hove
46,Statielei 16,2022-08-06,06:00:00,14,9,5,FMN GV 03 Hove
46,Statielei 16,2022-08-06,07:00:00,30,15,15,FMN GV 03 Hove
46,Statielei 16,2022-08-06,08:00:00,58,27,31,FMN GV 03 Hove
46,Statielei 16,2022-08-06,09:00:00,97,42,55,FMN GV 03 Hove
46,Statielei 16,2022-08-06,10:00:00,142,98,44,FMN GV 03 Hove
46,Statielei 16,2022-08-06,11:00:00,168,95,73,FMN GV 03 Hove
46,Statielei 16,2022-08-06,12:00:00,167,74,93,FMN GV 03 Hove
46,Statielei 16,2022-08-06,13:00:00,193,103,90,FMN GV 03 Hove
46,Statielei 16,2022-08-06,14:00:00,244,107,137,FMN GV 03 Hove
46,Statielei 16,2022-08-06,15:00:00,176,99,77,FMN GV 03 Hove
46,Statielei 16,2022-08-06,16:00:00,199,109,90,FMN GV 03 Hove
46,Statielei 16,2022-08-06,17:00:00,145,60,85,FMN GV 03 Hove
46,Statielei 16,2022-08-06,18:00:00,126,75,51,FMN GV 03 Hove
46,Statielei 16,2022-08-06,19:00:00,86,49,37,FMN GV 03 Hove
46,Statielei 16,2022-08-06,20:00:00,84,52,32,FMN GV 03 Hove
46,Statielei 16,2022-08-06,21:00:00,46,21,25,FMN GV 03 Hove
46,Statielei 16,2022-08-06,22:00:00,31,12,19,FMN GV 03 Hove
46,Statielei 16,2022-08-06,23:00:00,35,21,14,FMN GV 03 Hove
46,Statielei 16,2022-08-07,00:00:00,29,17,12,FMN GV 03 Hove
46,Statielei 16,2022-08-07,01:00:00,24,16,8,FMN GV 03 Hove
46,Statielei 16,2022-08-07,02:00:00,23,14,9,FMN GV 03 Hove
46,Statielei 16,2022-08-07,03:00:00,3,2,1,FMN GV 03 Hove
46,Statielei 16,2022-08-07,04:00:00,7,4,3,FMN GV 03 Hove
46,Statielei 16,2022-08-07,05:00:00,18,11,7,FMN GV 03 Hove
46,Statielei 16,2022-08-07,06:00:00,12,9,3,FMN GV 03 Hove
46,Statielei 16,2022-08-07,07:00:00,19,5,14,FMN GV 03 Hove
46,Statielei 16,2022-08-07,08:00:00,53,31,22,FMN GV 03 Hove
46,Statielei 16,2022-08-07,09:00:00,132,79,53,FMN GV 03 Hove
46,Statielei 16,2022-08-07,10:00:00,176,94,82,FMN GV 03 Hove
46,Statielei 16,2022-08-07,11:00:00,223,121,102,FMN GV 03 Hove
46,Statielei 16,2022-08-07,12:00:00,201,111,90,FMN GV 03 Hove
46,Statielei 16,2022-08-07,13:00:00,280,170,110,FMN GV 03 Hove
46,Statielei 16,2022-08-07,14:00:00,258,149,109,FMN GV 03 Hove
46,Statielei 16,2022-08-07,15:00:00,257,123,134,FMN GV 03 Hove
46,Statielei 16,2022-08-07,16:00:00,234,121,113,FMN GV 03 Hove
46,Statielei 16,2022-08-07,17:00:00,217,116,101,FMN GV 03 Hove
46,Statielei 16,2022-08-07,18:00:00,122,68,54,FMN GV 03 Hove
46,Statielei 16,2022-08-07,19:00:00,97,58,39,FMN GV 03 Hove
46,Statielei 16,2022-08-07,20:00:00,121,72,49,FMN GV 03 Hove
46,Statielei 16,2022-08-07,21:00:00,64,31,33,FMN GV 03 Hove
46,Statielei 16,2022-08-07,22:00:00,39,22,17,FMN GV 03 Hove
46,Statielei 16,2022-08-07,23:00:00,29,9,20,FMN GV 03 Hove
46,Statielei 16,2022-08-08,00:00:00,6,2,4,FMN GV 03 Hove
46,Statielei 16,2022-08-08,01:00:00,6,2,4,FMN GV 03 Hove
46,Statielei 16,2022-08-08,02:00:00,3,1,2,FMN GV 03 Hove
46,Statielei 16,2022-08-08,03:00:00,5,2,3,FMN GV 03 Hove
46,Statielei 16,2022-08-08,04:00:00,15,12,3,FMN GV 03 Hove
46,Statielei 16,2022-08-08,05:00:00,29,21,8,FMN GV 03 Hove
46,Statielei 16,2022-08-08,06:00:00,97,60,37,FMN GV 03 Hove
46,Statielei 16,2022-08-08,07:00:00,224,173,51,FMN GV 03 Hove
46,Statielei 16,2022-08-08,08:00:00,266,201,65,FMN GV 03 Hove
46,Statielei 16,2022-08-08,09:00:00,112,66,46,FMN GV 03 Hove
46,Statielei 16,2022-08-08,10:00:00,113,74,39,FMN GV 03 Hove
46,Statielei 16,2022-08-08,11:00:00,126,82,44,FMN GV 03 Hove
46,Statielei 16,2022-08-08,12:00:00,132,61,71,FMN GV 03 Hove
46,Statielei 16,2022-08-08,13:00:00,169,93,76,FMN GV 03 Hove
46,Statielei 16,2022-08-08,14:00:00,163,73,90,FMN GV 03 Hove
46,Statielei 16,2022-08-08,15:00:00,171,86,85,FMN GV 03 Hove
46,Statielei 16,2022-08-08,16:00:00,312,131,181,FMN GV 03 Hove
46,Statielei 16,2022-08-08,17:00:00,331,112,219,FMN GV 03 Hove
46,Statielei 16,2022-08-08,18:00:00,214,84,130,FMN GV 03 Hove
46,Statielei 16,2022-08-08,19:00:00,127,62,65,FMN GV 03 Hove
46,Statielei 16,2022-08-08,20:00:00,97,56,41,FMN GV 03 Hove
46,Statielei 16,2022-08-08,21:00:00,81,48,33,FMN GV 03 Hove
46,Statielei 16,2022-08-08,22:00:00,69,32,37,FMN GV 03 Hove
46,Statielei 16,2022-08-08,23:00:00,27,12,15,FMN GV 03 Hove
46,Statielei 16,2022-08-09,00:00:00,9,6,3,FMN GV 03 Hove
46,Statielei 16,2022-08-09,01:00:00,7,0,7,FMN GV 03 Hove
46,Statielei 16,2022-08-09,02:00:00,7,3,4,FMN GV 03 Hove
46,Statielei 16,2022-08-09,03:00:00,7,2,5,FMN GV 03 Hove
46,Statielei 16,2022-08-09,04:00:00,13,9,4,FMN GV 03 Hove
46,Statielei 16,2022-08-09,05:00:00,31,22,9,FMN GV 03 Hove
46,Statielei 16,2022-08-09,06:00:00,124,76,48,FMN GV 03 Hove
46,Statielei 16,2022-08-09,07:00:00,289,212,77,FMN GV 03 Hove
46,Statielei 16,2022-08-09,08:00:00,331,241,90,FMN GV 03 Hove
46,Statielei 16,2022-08-09,09:00:00,120,77,43,FMN GV 03 Hove
46,Statielei 16,2022-08-09,10:00:00,139,82,57,FMN GV 03 Hove
46,Statielei 16,2022-08-09,11:00:00,139,84,55,FMN GV 03 Hove
46,Statielei 16,2022-08-09,12:00:00,149,77,72,FMN GV 03 Hove
46,Statielei 16,2022-08-09,13:00:00,148,69,79,FMN GV 03 Hove
46,Statielei 16,2022-08-09,14:00:00,158,85,73,FMN GV 03 Hove
46,Statielei 16,2022-08-09,15:00:00,205,80,125,FMN GV 03 Hove
46,Statielei 16,2022-08-09,16:00:00,289,108,181,FMN GV 03 Hove
46,Statielei 16,2022-08-09,17:00:00,368,126,242,FMN GV 03 Hove
46,Statielei 16,2022-08-09,18:00:00,275,121,154,FMN GV 03 Hove
46,Statielei 16,2022-08-09,19:00:00,172,81,91,FMN GV 03 Hove
46,Statielei 16,2022-08-09,20:00:00,115,54,61,FMN GV 03 Hove
46,Statielei 16,2022-08-09,21:00:00,89,62,27,FMN GV 03 Hove
46,Statielei 16,2022-08-09,22:00:00,71,35,36,FMN GV 03 Hove
46,Statielei 16,2022-08-09,23:00:00,43,19,24,FMN GV 03 Hove
46,Statielei 16,2022-08-10,00:00:00,11,4,7,FMN GV 03 Hove
46,Statielei 16,2022-08-10,01:00:00,5,2,3,FMN GV 03 Hove
46,Statielei 16,2022-08-10,02:00:00,3,0,3,FMN GV 03 Hove
46,Statielei 16,2022-08-10,03:00:00,7,5,2,FMN GV 03 Hove
46,Statielei 16,2022-08-10,04:00:00,10,5,5,FMN GV 03 Hove
46,Statielei 16,2022-08-10,05:00:00,28,21,7,FMN GV 03 Hove
46,Statielei 16,2022-08-10,06:00:00,103,76,27,FMN GV 03 Hove
46,Statielei 16,2022-08-10,07:00:00,259,189,70,FMN GV 03 Hove
46,Statielei 16,2022-08-10,08:00:00,310,218,92,FMN GV 03 Hove
46,Statielei 16,2022-08-10,09:00:00,210,141,69,FMN GV 03 Hove
46,Statielei 16,2022-08-10,10:00:00,199,132,67,FMN GV 03 Hove
46,Statielei 16,2022-08-10,11:00:00,187,84,103,FMN GV 03 Hove
46,Statielei 16,2022-08-10,12:00:00,181,70,111,FMN GV 03 Hove
46,Statielei 16,2022-08-10,13:00:00,170,91,79,FMN GV 03 Hove
46,Statielei 16,2022-08-10,14:00:00,125,66,59,FMN GV 03 Hove
46,Statielei 16,2022-08-10,15:00:00,152,67,85,FMN GV 03 Hove
46,Statielei 16,2022-08-10,16:00:00,229,86,143,FMN GV 03 Hove
46,Statielei 16,2022-08-10,17:00:00,316,103,213,FMN GV 03 Hove
46,Statielei 16,2022-08-10,18:00:00,244,119,125,FMN GV 03 Hove
46,Statielei 16,2022-08-10,19:00:00,146,65,81,FMN GV 03 Hove
46,Statielei 16,2022-08-10,20:00:00,147,99,48,FMN GV 03 Hove
46,Statielei 16,2022-08-10,21:00:00,102,65,37,FMN GV 03 Hove
46,Statielei 16,2022-08-10,22:00:00,60,32,28,FMN GV 03 Hove
46,Statielei 16,2022-08-10,23:00:00,30,12,18,FMN GV 03 Hove
46,Statielei 16,2022-08-11,00:00:00,22,4,18,FMN GV 03 Hove
46,Statielei 16,2022-08-11,01:00:00,12,4,8,FMN GV 03 Hove
46,Statielei 16,2022-08-11,02:00:00,2,1,1,FMN GV 03 Hove
46,Statielei 16,2022-08-11,03:00:00,5,2,3,FMN GV 03 Hove
46,Statielei 16,2022-08-11,04:00:00,11,8,3,FMN GV 03 Hove
46,Statielei 16,2022-08-11,05:00:00,24,17,7,FMN GV 03 Hove
46,Statielei 16,2022-08-11,06:00:00,98,63,35,FMN GV 03 Hove
46,Statielei 16,2022-08-11,07:00:00,222,169,53,FMN GV 03 Hove
46,Statielei 16,2022-08-11,08:00:00,293,218,75,FMN GV 03 Hove
46,Statielei 16,2022-08-11,09:00:00,148,92,56,FMN GV 03 Hove
46,Statielei 16,2022-08-11,10:00:00,139,88,51,FMN GV 03 Hove
46,Statielei 16,2022-08-11,11:00:00,147,79,68,FMN GV 03 Hove
46,Statielei 16,2022-08-11,12:00:00,117,60,57,FMN GV 03 Hove
46,Statielei 16,2022-08-11,13:00:00,108,56,52,FMN GV 03 Hove
46,Statielei 16,2022-08-11,14:00:00,102,48,54,FMN GV 03 Hove
46,Statielei 16,2022-08-11,15:00:00,142,66,76,FMN GV 03 Hove
46,Statielei 16,2022-08-11,16:00:00,221,72,149,FMN GV 03 Hove
46,Statielei 16,2022-08-11,17:00:00,308,105,203,FMN GV 03 Hove
46,Statielei 16,2022-08-11,18:00:00,201,82,119,FMN GV 03 Hove
46,Statielei 16,2022-08-11,19:00:00,138,67,71,FMN GV 03 Hove
46,Statielei 16,2022-08-11,20:00:00,119,69,50,FMN GV 03 Hove
46,Statielei 16,2022-08-11,21:00:00,91,58,33,FMN GV 03 Hove
46,Statielei 16,2022-08-11,22:00:00,77,36,41,FMN GV 03 Hove
46,Statielei 16,2022-08-11,23:00:00,48,25,23,FMN GV 03 Hove
46,Statielei 16,2022-08-12,00:00:00,20,5,15,FMN GV 03 Hove
46,Statielei 16,2022-08-12,01:00:00,15,5,10,FMN GV 03 Hove
46,Statielei 16,2022-08-12,02:00:00,7,2,5,FMN GV 03 Hove
46,Statielei 16,2022-08-12,03:00:00,5,2,3,FMN GV 03 Hove
46,Statielei 16,2022-08-12,04:00:00,7,5,2,FMN GV 03 Hove
46,Statielei 16,2022-08-12,05:00:00,24,16,8,FMN GV 03 Hove
46,Statielei 16,2022-08-12,06:00:00,78,54,24,FMN GV 03 Hove
46,Statielei 16,2022-08-12,07:00:00,174,113,61,FMN GV 03 Hove
46,Statielei 16,2022-08-12,08:00:00,218,135,83,FMN GV 03 Hove
46,Statielei 16,2022-08-12,09:00:00,116,81,35,FMN GV 03 Hove
46,Statielei 16,2022-08-12,10:00:00,123,74,49,FMN GV 03 Hove
46,Statielei 16,2022-08-12,11:00:00,135,62,73,FMN GV 03 Hove
46,Statielei 16,2022-08-12,12:00:00,116,52,64,FMN GV 03 Hove
46,Statielei 16,2022-08-12,13:00:00,118,74,44,FMN GV 03 Hove
46,Statielei 16,2022-08-12,14:00:00,121,55,66,FMN GV 03 Hove
46,Statielei 16,2022-08-12,15:00:00,122,64,58,FMN GV 03 Hove
46,Statielei 16,2022-08-12,16:00:00,188,77,111,FMN GV 03 Hove
46,Statielei 16,2022-08-12,17:00:00,208,86,122,FMN GV 03 Hove
46,Statielei 16,2022-08-12,18:00:00,153,68,85,FMN GV 03 Hove
46,Statielei 16,2022-08-12,19:00:00,132,70,62,FMN GV 03 Hove
46,Statielei 16,2022-08-12,20:00:00,108,65,43,FMN GV 03 Hove
46,Statielei 16,2022-08-12,21:00:00,99,51,48,FMN GV 03 Hove
46,Statielei 16,2022-08-12,22:00:00,51,26,25,FMN GV 03 Hove
46,Statielei 16,2022-08-12,23:00:00,61,22,39,FMN GV 03 Hove
46,Statielei 16,2022-08-13,00:00:00,24,8,16,FMN GV 03 Hove
46,Statielei 16,2022-08-13,01:00:00,18,12,6,FMN GV 03 Hove
46,Statielei 16,2022-08-13,02:00:00,7,2,5,FMN GV 03 Hove
46,Statielei 16,2022-08-13,03:00:00,7,2,5,FMN GV 03 Hove
46,Statielei 16,2022-08-13,04:00:00,11,4,7,FMN GV 03 Hove
46,Statielei 16,2022-08-13,05:00:00,15,9,6,FMN GV 03 Hove
46,Statielei 16,2022-08-13,06:00:00,22,14,8,FMN GV 03 Hove
46,Statielei 16,2022-08-13,07:00:00,37,17,20,FMN GV 03 Hove
46,Statielei 16,2022-08-13,08:00:00,65,22,43,FMN GV 03 Hove
46,Statielei 16,2022-08-13,09:00:00,177,109,68,FMN GV 03 Hove
46,Statielei 16,2022-08-13,10:00:00,152,75,77,FMN GV 03 Hove
46,Statielei 16,2022-08-13,11:00:00,119,70,49,FMN GV 03 Hove
46,Statielei 16,2022-08-13,12:00:00,174,95,79,FMN GV 03 Hove
46,Statielei 16,2022-08-13,13:00:00,144,86,58,FMN GV 03 Hove
46,Statielei 16,2022-08-13,14:00:00,119,65,54,FMN GV 03 Hove
46,Statielei 16,2022-08-13,15:00:00,114,51,63,FMN GV 03 Hove
46,Statielei 16,2022-08-13,16:00:00,115,55,60,FMN GV 03 Hove
46,Statielei 16,2022-08-13,17:00:00,97,37,60,FMN GV 03 Hove
46,Statielei 16,2022-08-13,18:00:00,110,63,47,FMN GV 03 Hove
46,Statielei 16,2022-08-13,19:00:00,80,45,35,FMN GV 03 Hove
46,Statielei 16,2022-08-13,20:00:00,74,41,33,FMN GV 03 Hove
46,Statielei 16,2022-08-13,21:00:00,50,19,31,FMN GV 03 Hove
46,Statielei 16,2022-08-13,22:00:00,54,24,30,FMN GV 03 Hove
46,Statielei 16,2022-08-13,23:00:00,42,17,25,FMN GV 03 Hove
46,Statielei 16,2022-08-14,00:00:00,35,17,18,FMN GV 03 Hove
46,Statielei 16,2022-08-14,01:00:00,22,9,13,FMN GV 03 Hove
46,Statielei 16,2022-08-14,02:00:00,8,5,3,FMN GV 03 Hove
46,Statielei 16,2022-08-14,03:00:00,4,3,1,FMN GV 03 Hove
46,Statielei 16,2022-08-14,04:00:00,8,2,6,FMN GV 03 Hove
46,Statielei 16,2022-08-14,05:00:00,12,2,10,FMN GV 03 Hove
46,Statielei 16,2022-08-14,06:00:00,15,7,8,FMN GV 03 Hove
46,Statielei 16,2022-08-14,07:00:00,40,14,26,FMN GV 03 Hove
46,Statielei 16,2022-08-14,08:00:00,73,33,40,FMN GV 03 Hove
46,Statielei 16,2022-08-14,09:00:00,139,64,75,FMN GV 03 Hove
46,Statielei 16,2022-08-14,10:00:00,178,94,84,FMN GV 03 Hove
46,Statielei 16,2022-08-14,11:00:00,150,87,63,FMN GV 03 Hove
46,Statielei 16,2022-08-14,12:00:00,138,82,56,FMN GV 03 Hove
46,Statielei 16,2022-08-14,13:00:00,114,68,46,FMN GV 03 Hove
46,Statielei 16,2022-08-14,14:00:00,121,60,61,FMN GV 03 Hove
46,Statielei 16,2022-08-14,15:00:00,98,62,36,FMN GV 03 Hove
46,Statielei 16,2022-08-14,16:00:00,109,56,53,FMN GV 03 Hove
46,Statielei 16,2022-08-14,17:00:00,114,51,63,FMN GV 03 Hove
46,Statielei 16,2022-08-14,18:00:00,93,60,33,FMN GV 03 Hove
46,Statielei 16,2022-08-14,19:00:00,79,47,32,FMN GV 03 Hove
46,Statielei 16,2022-08-14,20:00:00,100,57,43,FMN GV 03 Hove
46,Statielei 16,2022-08-14,21:00:00,76,36,40,FMN GV 03 Hove
46,Statielei 16,2022-08-14,22:00:00,43,22,21,FMN GV 03 Hove
46,Statielei 16,2022-08-14,23:00:00,30,11,19,FMN GV 03 Hove
46,Statielei 16,2022-08-15,00:00:00,29,7,22,FMN GV 03 Hove
46,Statielei 16,2022-08-15,01:00:00,8,4,4,FMN GV 03 Hove
46,Statielei 16,2022-08-15,02:00:00,5,1,4,FMN GV 03 Hove
46,Statielei 16,2022-08-15,03:00:00,2,0,2,FMN GV 03 Hove
46,Statielei 16,2022-08-15,04:00:00,10,4,6,FMN GV 03 Hove
46,Statielei 16,2022-08-15,05:00:00,11,4,7,FMN GV 03 Hove
46,Statielei 16,2022-08-15,06:00:00,13,10,3,FMN GV 03 Hove
46,Statielei 16,2022-08-15,07:00:00,32,17,15,FMN GV 03 Hove
46,Statielei 16,2022-08-15,08:00:00,39,18,21,FMN GV 03 Hove
46,Statielei 16,2022-08-15,09:00:00,101,35,66,FMN GV 03 Hove
46,Statielei 16,2022-08-15,10:00:00,111,50,61,FMN GV 03 Hove
46,Statielei 16,2022-08-15,11:00:00,162,106,56,FMN GV 03 Hove
46,Statielei 16,2022-08-15,12:00:00,146,67,79,FMN GV 03 Hove
46,Statielei 16,2022-08-15,13:00:00,155,86,69,FMN GV 03 Hove
46,Statielei 16,2022-08-15,14:00:00,174,80,94,FMN GV 03 Hove
46,Statielei 16,2022-08-15,15:00:00,160,95,65,FMN GV 03 Hove
46,Statielei 16,2022-08-15,16:00:00,121,55,66,FMN GV 03 Hove
46,Statielei 16,2022-08-15,17:00:00,113,70,43,FMN GV 03 Hove
46,Statielei 16,2022-08-15,18:00:00,99,66,33,FMN GV 03 Hove
46,Statielei 16,2022-08-15,19:00:00,87,51,36,FMN GV 03 Hove
46,Statielei 16,2022-08-15,20:00:00,86,58,28,FMN GV 03 Hove
46,Statielei 16,2022-08-15,21:00:00,85,37,48,FMN GV 03 Hove
46,Statielei 16,2022-08-15,22:00:00,45,18,27,FMN GV 03 Hove
46,Statielei 16,2022-08-15,23:00:00,11,0,11,FMN GV 03 Hove
46,Statielei 16,2022-08-16,00:00:00,13,7,6,FMN GV 03 Hove
46,Statielei 16,2022-08-16,01:00:00,3,2,1,FMN GV 03 Hove
46,Statielei 16,2022-08-16,02:00:00,2,0,2,FMN GV 03 Hove
46,Statielei 16,2022-08-16,03:00:00,5,3,2,FMN GV 03 Hove
46,Statielei 16,2022-08-16,04:00:00,13,6,7,FMN GV 03 Hove
46,Statielei 16,2022-08-16,05:00:00,23,12,11,FMN GV 03 Hove
46,Statielei 16,2022-08-16,06:00:00,110,72,38,FMN GV 03 Hove
46,Statielei 16,2022-08-16,07:00:00,226,167,59,FMN GV 03 Hove
46,Statielei 16,2022-08-16,08:00:00,294,212,82,FMN GV 03 Hove
46,Statielei 16,2022-08-16,09:00:00,142,87,55,FMN GV 03 Hove
46,Statielei 16,2022-08-16,10:00:00,116,60,56,FMN GV 03 Hove
46,Statielei 16,2022-08-16,11:00:00,112,67,45,FMN GV 03 Hove
46,Statielei 16,2022-08-16,12:00:00,116,61,55,FMN GV 03 Hove
46,Statielei 16,2022-08-16,13:00:00,145,90,55,FMN GV 03 Hove
46,Statielei 16,2022-08-16,14:00:00,128,75,53,FMN GV 03 Hove
46,Statielei 16,2022-08-16,15:00:00,180,74,106,FMN GV 03 Hove
46,Statielei 16,2022-08-16,16:00:00,270,107,163,FMN GV 03 Hove
46,Statielei 16,2022-08-16,17:00:00,333,119,214,FMN GV 03 Hove
46,Statielei 16,2022-08-16,18:00:00,244,93,151,FMN GV 03 Hove
46,Statielei 16,2022-08-16,19:00:00,153,73,80,FMN GV 03 Hove
46,Statielei 16,2022-08-16,20:00:00,124,58,66,FMN GV 03 Hove
46,Statielei 16,2022-08-16,21:00:00,86,47,39,FMN GV 03 Hove
46,Statielei 16,2022-08-16,22:00:00,51,33,18,FMN GV 03 Hove
46,Statielei 16,2022-08-16,23:00:00,37,17,20,FMN GV 03 Hove
46,Statielei 16,2022-08-17,00:00:00,18,7,11,FMN GV 03 Hove
46,Statielei 16,2022-08-17,01:00:00,5,4,1,FMN GV 03 Hove
46,Statielei 16,2022-08-17,02:00:00,3,0,3,FMN GV 03 Hove
46,Statielei 16,2022-08-17,03:00:00,5,2,3,FMN GV 03 Hove
46,Statielei 16,2022-08-17,04:00:00,13,6,7,FMN GV 03 Hove
46,Statielei 16,2022-08-17,05:00:00,18,9,9,FMN GV 03 Hove
46,Statielei 16,2022-08-17,06:00:00,83,51,32,FMN GV 03 Hove
46,Statielei 16,2022-08-17,07:00:00,175,134,41,FMN GV 03 Hove
46,Statielei 16,2022-08-17,08:00:00,196,130,66,FMN GV 03 Hove
46,Statielei 16,2022-08-17,09:00:00,107,64,43,FMN GV 03 Hove
46,Statielei 16,2022-08-17,10:00:00,67,44,23,FMN GV 03 Hove
46,Statielei 16,2022-08-17,11:00:00,41,16,25,FMN GV 03 Hove
46,Statielei 16,2022-08-17,12:00:00,51,25,26,FMN GV 03 Hove
46,Statielei 16,2022-08-17,13:00:00,72,33,39,FMN GV 03 Hove
46,Statielei 16,2022-08-17,14:00:00,76,50,26,FMN GV 03 Hove
46,Statielei 16,2022-08-17,15:00:00,81,44,37,FMN GV 03 Hove
46,Statielei 16,2022-08-17,16:00:00,172,63,109,FMN GV 03 Hove
46,Statielei 16,2022-08-17,17:00:00,179,71,108,FMN GV 03 Hove
46,Statielei 16,2022-08-17,18:00:00,122,42,80,FMN GV 03 Hove
46,Statielei 16,2022-08-17,19:00:00,96,44,52,FMN GV 03 Hove
46,Statielei 16,2022-08-17,20:00:00,62,35,27,FMN GV 03 Hove
46,Statielei 16,2022-08-17,21:00:00,59,32,27,FMN GV 03 Hove
46,Statielei 16,2022-08-17,22:00:00,47,24,23,FMN GV 03 Hove
46,Statielei 16,2022-08-17,23:00:00,23,5,18,FMN GV 03 Hove
46,Statielei 16,2022-08-18,00:00:00,26,9,17,FMN GV 03 Hove
46,Statielei 16,2022-08-18,01:00:00,1,1,0,FMN GV 03 Hove
46,Statielei 16,2022-08-18,02:00:00,0,0,0,FMN GV 03 Hove
46,Statielei 16,2022-08-18,03:00:00,8,1,7,FMN GV 03 Hove
46,Statielei 16,2022-08-18,04:00:00,6,2,4,FMN GV 03 Hove
46,Statielei 16,2022-08-18,05:00:00,26,14,12,FMN GV 03 Hove
46,Statielei 16,2022-08-18,06:00:00,95,60,35,FMN GV 03 Hove
46,Statielei 16,2022-08-18,07:00:00,225,165,60,FMN GV 03 Hove
46,Statielei 16,2022-08-18,08:00:00,265,197,68,FMN GV 03 Hove
46,Statielei 16,2022-08-18,09:00:00,162,111,51,FMN GV 03 Hove
46,Statielei 16,2022-08-18,10:00:00,101,57,44,FMN GV 03 Hove
46,Statielei 16,2022-08-18,11:00:00,107,70,37,FMN GV 03 Hove
46,Statielei 16,2022-08-18,12:00:00,113,55,58,FMN GV 03 Hove
46,Statielei 16,2022-08-18,13:00:00,144,94,50,FMN GV 03 Hove
46,Statielei 16,2022-08-18,14:00:00,174,101,73,FMN GV 03 Hove
46,Statielei 16,2022-08-18,15:00:00,190,80,110,FMN GV 03 Hove
46,Statielei 16,2022-08-18,16:00:00,264,111,153,FMN GV 03 Hove
46,Statielei 16,2022-08-18,17:00:00,339,130,209,FMN GV 03 Hove
46,Statielei 16,2022-08-18,18:00:00,256,106,150,FMN GV 03 Hove
46,Statielei 16,2022-08-18,19:00:00,175,81,94,FMN GV 03 Hove
46,Statielei 16,2022-08-18,20:00:00,105,66,39,FMN GV 03 Hove
46,Statielei 16,2022-08-18,21:00:00,79,52,27,FMN GV 03 Hove
46,Statielei 16,2022-08-18,22:00:00,52,23,29,FMN GV 03 Hove
46,Statielei 16,2022-08-18,23:00:00,28,14,14,FMN GV 03 Hove
46,Statielei 16,2022-08-19,00:00:00,30,6,24,FMN GV 03 Hove
46,Statielei 16,2022-08-19,01:00:00,10,1,9,FMN GV 03 Hove
46,Statielei 16,2022-08-19,02:00:00,3,2,1,FMN GV 03 Hove
46,Statielei 16,2022-08-19,03:00:00,7,3,4,FMN GV 03 Hove
46,Statielei 16,2022-08-19,04:00:00,8,6,2,FMN GV 03 Hove
46,Statielei 16,2022-08-19,05:00:00,19,9,10,FMN GV 03 Hove
46,Statielei 16,2022-08-19,06:00:00,82,51,31,FMN GV 03 Hove
46,Statielei 16,2022-08-19,07:00:00,151,118,33,FMN GV 03 Hove
46,Statielei 16,2022-08-19,08:00:00,183,135,48,FMN GV 03 Hove
46,Statielei 16,2022-08-19,09:00:00,100,67,33,FMN GV 03 Hove
46,Statielei 16,2022-08-19,10:00:00,91,54,37,FMN GV 03 Hove
46,Statielei 16,2022-08-19,11:00:00,84,55,29,FMN GV 03 Hove
46,Statielei 16,2022-08-19,12:00:00,100,55,45,FMN GV 03 Hove
46,Statielei 16,2022-08-19,13:00:00,87,58,29,FMN GV 03 Hove
46,Statielei 16,2022-08-19,14:00:00,99,46,53,FMN GV 03 Hove
46,Statielei 16,2022-08-19,15:00:00,142,52,90,FMN GV 03 Hove
46,Statielei 16,2022-08-19,16:00:00,194,71,123,FMN GV 03 Hove
46,Statielei 16,2022-08-19,17:00:00,151,59,92,FMN GV 03 Hove
46,Statielei 16,2022-08-19,18:00:00,128,50,78,FMN GV 03 Hove
46,Statielei 16,2022-08-19,19:00:00,76,34,42,FMN GV 03 Hove
46,Statielei 16,2022-08-19,20:00:00,48,29,19,FMN GV 03 Hove
46,Statielei 16,2022-08-19,21:00:00,51,32,19,FMN GV 03 Hove
46,Statielei 16,2022-08-19,22:00:00,41,12,29,FMN GV 03 Hove
46,Statielei 16,2022-08-19,23:00:00,26,10,16,FMN GV 03 Hove
46,Statielei 16,2022-08-20,00:00:00,36,14,22,FMN GV 03 Hove
46,Statielei 16,2022-08-20,01:00:00,15,8,7,FMN GV 03 Hove
46,Statielei 16,2022-08-20,02:00:00,7,3,4,FMN GV 03 Hove
46,Statielei 16,2022-08-20,03:00:00,7,4,3,FMN GV 03 Hove
46,Statielei 16,2022-08-20,04:00:00,6,2,4,FMN GV 03 Hove
46,Statielei 16,2022-08-20,05:00:00,5,5,0,FMN GV 03 Hove
46,Statielei 16,2022-08-20,06:00:00,17,9,8,FMN GV 03 Hove
46,Statielei 16,2022-08-20,07:00:00,24,11,13,FMN GV 03 Hove
46,Statielei 16,2022-08-20,08:00:00,47,22,25,FMN GV 03 Hove
46,Statielei 16,2022-08-20,09:00:00,107,62,45,FMN GV 03 Hove
46,Statielei 16,2022-08-20,10:00:00,150,72,78,FMN GV 03 Hove
46,Statielei 16,2022-08-20,11:00:00,164,100,64,FMN GV 03 Hove
46,Statielei 16,2022-08-20,12:00:00,188,112,76,FMN GV 03 Hove
46,Statielei 16,2022-08-20,13:00:00,194,109,85,FMN GV 03 Hove
46,Statielei 16,2022-08-20,14:00:00,211,99,112,FMN GV 03 Hove
46,Statielei 16,2022-08-20,15:00:00,212,126,86,FMN GV 03 Hove
46,Statielei 16,2022-08-20,16:00:00,182,111,71,FMN GV 03 Hove
46,Statielei 16,2022-08-20,17:00:00,183,94,89,FMN GV 03 Hove
46,Statielei 16,2022-08-20,18:00:00,135,67,68,FMN GV 03 Hove
46,Statielei 16,2022-08-20,19:00:00,74,50,24,FMN GV 03 Hove
46,Statielei 16,2022-08-20,20:00:00,78,44,34,FMN GV 03 Hove
46,Statielei 16,2022-08-20,21:00:00,50,31,19,FMN GV 03 Hove
46,Statielei 16,2022-08-20,22:00:00,54,24,30,FMN GV 03 Hove
46,Statielei 16,2022-08-20,23:00:00,36,15,21,FMN GV 03 Hove
46,Statielei 16,2022-08-21,00:00:00,30,13,17,FMN GV 03 Hove
46,Statielei 16,2022-08-21,01:00:00,25,6,19,FMN GV 03 Hove
46,Statielei 16,2022-08-21,02:00:00,15,5,10,FMN GV 03 Hove
46,Statielei 16,2022-08-21,03:00:00,9,4,5,FMN GV 03 Hove
46,Statielei 16,2022-08-21,04:00:00,6,3,3,FMN GV 03 Hove
46,Statielei 16,2022-08-21,05:00:00,13,8,5,FMN GV 03 Hove
46,Statielei 16,2022-08-21,06:00:00,11,6,5,FMN GV 03 Hove
46,Statielei 16,2022-08-21,07:00:00,24,9,15,FMN GV 03 Hove
46,Statielei 16,2022-08-21,08:00:00,48,21,27,FMN GV 03 Hove
46,Statielei 16,2022-08-21,09:00:00,110,52,58,FMN GV 03 Hove
46,Statielei 16,2022-08-21,10:00:00,160,82,78,FMN GV 03 Hove
46,Statielei 16,2022-08-21,11:00:00,167,89,78,FMN GV 03 Hove
46,Statielei 16,2022-08-21,12:00:00,221,129,92,FMN GV 03 Hove
46,Statielei 16,2022-08-21,13:00:00,190,116,74,FMN GV 03 Hove
46,Statielei 16,2022-08-21,14:00:00,267,140,127,FMN GV 03 Hove
46,Statielei 16,2022-08-21,15:00:00,223,122,101,FMN GV 03 Hove
46,Statielei 16,2022-08-21,16:00:00,158,88,70,FMN GV 03 Hove
46,Statielei 16,2022-08-21,17:00:00,189,103,86,FMN GV 03 Hove
46,Statielei 16,2022-08-21,18:00:00,111,54,57,FMN GV 03 Hove
46,Statielei 16,2022-08-21,19:00:00,85,46,39,FMN GV 03 Hove
46,Statielei 16,2022-08-21,20:00:00,87,49,38,FMN GV 03 Hove
46,Statielei 16,2022-08-21,21:00:00,44,26,18,FMN GV 03 Hove
46,Statielei 16,2022-08-21,22:00:00,35,21,14,FMN GV 03 Hove
46,Statielei 16,2022-08-21,23:00:00,17,3,14,FMN GV 03 Hove
46,Statielei 16,2022-08-22,00:00:00,8,2,6,FMN GV 03 Hove
46,Statielei 16,2022-08-22,01:00:00,7,3,4,FMN GV 03 Hove
46,Statielei 16,2022-08-22,02:00:00,1,1,0,FMN GV 03 Hove
46,Statielei 16,2022-08-22,03:00:00,1,0,1,FMN GV 03 Hove
46,Statielei 16,2022-08-22,04:00:00,8,6,2,FMN GV 03 Hove
46,Statielei 16,2022-08-22,05:00:00,28,15,13,FMN GV 03 Hove
46,Statielei 16,2022-08-22,06:00:00,104,65,39,FMN GV 03 Hove
46,Statielei 16,2022-08-22,07:00:00,222,174,48,FMN GV 03 Hove
46,Statielei 16,2022-08-22,08:00:00,313,231,82,FMN GV 03 Hove
46,Statielei 16,2022-08-22,09:00:00,131,92,39,FMN GV 03 Hove
46,Statielei 16,2022-08-22,10:00:00,126,63,63,FMN GV 03 Hove
46,Statielei 16,2022-08-22,11:00:00,108,51,57,FMN GV 03 Hove
46,Statielei 16,2022-08-22,12:00:00,108,53,55,FMN GV 03 Hove
46,Statielei 16,2022-08-22,13:00:00,120,65,55,FMN GV 03 Hove
46,Statielei 16,2022-08-22,14:00:00,118,48,70,FMN GV 03 Hove
46,Statielei 16,2022-08-22,15:00:00,153,91,62,FMN GV 03 Hove
46,Statielei 16,2022-08-22,16:00:00,276,102,174,FMN GV 03 Hove
46,Statielei 16,2022-08-22,17:00:00,348,135,213,FMN GV 03 Hove
46,Statielei 16,2022-08-22,18:00:00,225,75,150,FMN GV 03 Hove
46,Statielei 16,2022-08-22,19:00:00,164,79,85,FMN GV 03 Hove
46,Statielei 16,2022-08-22,20:00:00,78,44,34,FMN GV 03 Hove
46,Statielei 16,2022-08-22,21:00:00,65,41,24,FMN GV 03 Hove
46,Statielei 16,2022-08-22,22:00:00,52,34,18,FMN GV 03 Hove
46,Statielei 16,2022-08-22,23:00:00,23,8,15,FMN GV 03 Hove
46,Statielei 16,2022-08-23,00:00:00,14,6,8,FMN GV 03 Hove
46,Statielei 16,2022-08-23,01:00:00,5,1,4,FMN GV 03 Hove
46,Statielei 16,2022-08-23,02:00:00,3,3,0,FMN GV 03 Hove
46,Statielei 16,2022-08-23,03:00:00,4,0,4,FMN GV 03 Hove
46,Statielei 16,2022-08-23,04:00:00,9,7,2,FMN GV 03 Hove
46,Statielei 16,2022-08-23,05:00:00,23,12,11,FMN GV 03 Hove
46,Statielei 16,2022-08-23,06:00:00,128,87,41,FMN GV 03 Hove
46,Statielei 16,2022-08-23,07:00:00,297,213,84,FMN GV 03 Hove
46,Statielei 16,2022-08-23,08:00:00,408,304,104,FMN GV 03 Hove
46,Statielei 16,2022-08-23,09:00:00,129,101,28,FMN GV 03 Hove
46,Statielei 16,2022-08-23,10:00:00,153,83,70,FMN GV 03 Hove
46,Statielei 16,2022-08-23,11:00:00,138,91,47,FMN GV 03 Hove
46,Statielei 16,2022-08-23,12:00:00,158,85,73,FMN GV 03 Hove
46,Statielei 16,2022-08-23,13:00:00,172,104,68,FMN GV 03 Hove
46,Statielei 16,2022-08-23,14:00:00,144,69,75,FMN GV 03 Hove
46,Statielei 16,2022-08-23,15:00:00,173,84,89,FMN GV 03 Hove
46,Statielei 16,2022-08-23,16:00:00,307,121,186,FMN GV 03 Hove
46,Statielei 16,2022-08-23,17:00:00,412,132,280,FMN GV 03 Hove
46,Statielei 16,2022-08-23,18:00:00,328,124,204,FMN GV 03 Hove
46,Statielei 16,2022-08-23,19:00:00,177,92,85,FMN GV 03 Hove
46,Statielei 16,2022-08-23,20:00:00,110,72,38,FMN GV 03 Hove
46,Statielei 16,2022-08-23,21:00:00,108,55,53,FMN GV 03 Hove
46,Statielei 16,2022-08-23,22:00:00,71,40,31,FMN GV 03 Hove
46,Statielei 16,2022-08-23,23:00:00,45,24,21,FMN GV 03 Hove
46,Statielei 16,2022-08-24,00:00:00,30,17,13,FMN GV 03 Hove
46,Statielei 16,2022-08-24,01:00:00,14,6,8,FMN GV 03 Hove
46,Statielei 16,2022-08-24,02:00:00,1,0,1,FMN GV 03 Hove
46,Statielei 16,2022-08-24,03:00:00,8,2,6,FMN GV 03 Hove
46,Statielei 16,2022-08-24,04:00:00,6,2,4,FMN GV 03 Hove
46,Statielei 16,2022-08-24,05:00:00,25,15,10,FMN GV 03 Hove
46,Statielei 16,2022-08-24,06:00:00,122,77,45,FMN GV 03 Hove
46,Statielei 16,2022-08-24,07:00:00,263,202,61,FMN GV 03 Hove
46,Statielei 16,2022-08-24,08:00:00,346,251,95,FMN GV 03 Hove
46,Statielei 16,2022-08-24,09:00:00,220,145,75,FMN GV 03 Hove
46,Statielei 16,2022-08-24,10:00:00,217,145,72,FMN GV 03 Hove
46,Statielei 16,2022-08-24,11:00:00,201,97,104,FMN GV 03 Hove
46,Statielei 16,2022-08-24,12:00:00,181,73,108,FMN GV 03 Hove
46,Statielei 16,2022-08-24,13:00:00,174,74,100,FMN GV 03 Hove
46,Statielei 16,2022-08-24,14:00:00,188,84,104,FMN GV 03 Hove
46,Statielei 16,2022-08-24,15:00:00,180,74,106,FMN GV 03 Hove
46,Statielei 16,2022-08-24,16:00:00,250,90,160,FMN GV 03 Hove
46,Statielei 16,2022-08-24,17:00:00,365,134,231,FMN GV 03 Hove
46,Statielei 16,2022-08-24,18:00:00,277,118,159,FMN GV 03 Hove
46,Statielei 16,2022-08-24,19:00:00,186,75,111,FMN GV 03 Hove
46,Statielei 16,2022-08-24,20:00:00,153,106,47,FMN GV 03 Hove
46,Statielei 16,2022-08-24,21:00:00,88,61,27,FMN GV 03 Hove
46,Statielei 16,2022-08-24,22:00:00,66,29,37,FMN GV 03 Hove
46,Statielei 16,2022-08-24,23:00:00,43,16,27,FMN GV 03 Hove
46,Statielei 16,2022-08-25,00:00:00,13,5,8,FMN GV 03 Hove
46,Statielei 16,2022-08-25,01:00:00,10,5,5,FMN GV 03 Hove
46,Statielei 16,2022-08-25,02:00:00,2,0,2,FMN GV 03 Hove
46,Statielei 16,2022-08-25,03:00:00,3,1,2,FMN GV 03 Hove
46,Statielei 16,2022-08-25,04:00:00,6,5,1,FMN GV 03 Hove
46,Statielei 16,2022-08-25,05:00:00,30,14,16,FMN GV 03 Hove
46,Statielei 16,2022-08-25,06:00:00,107,69,38,FMN GV 03 Hove
46,Statielei 16,2022-08-25,07:00:00,275,201,74,FMN GV 03 Hove
46,Statielei 16,2022-08-25,08:00:00,379,285,94,FMN GV 03 Hove
46,Statielei 16,2022-08-25,09:00:00,172,111,61,FMN GV 03 Hove
46,Statielei 16,2022-08-25,10:00:00,141,83,58,FMN GV 03 Hove
46,Statielei 16,2022-08-25,11:00:00,138,69,69,FMN GV 03 Hove
46,Statielei 16,2022-08-25,12:00:00,129,73,56,FMN GV 03 Hove
46,Statielei 16,2022-08-25,13:00:00,172,114,58,FMN GV 03 Hove
46,Statielei 16,2022-08-25,14:00:00,132,72,60,FMN GV 03 Hove
46,Statielei 16,2022-08-25,15:00:00,188,63,125,FMN GV 03 Hove
46,Statielei 16,2022-08-25,16:00:00,293,97,196,FMN GV 03 Hove
46,Statielei 16,2022-08-25,17:00:00,346,135,211,FMN GV 03 Hove
46,Statielei 16,2022-08-25,18:00:00,258,110,148,FMN GV 03 Hove
46,Statielei 16,2022-08-25,19:00:00,169,70,99,FMN GV 03 Hove
46,Statielei 16,2022-08-25,20:00:00,106,63,43,FMN GV 03 Hove
46,Statielei 16,2022-08-25,21:00:00,80,35,45,FMN GV 03 Hove
46,Statielei 16,2022-08-25,22:00:00,74,31,43,FMN GV 03 Hove
46,Statielei 16,2022-08-25,23:00:00,45,13,32,FMN GV 03 Hove
46,Statielei 16,2022-08-26,00:00:00,23,12,11,FMN GV 03 Hove
46,Statielei 16,2022-08-26,01:00:00,20,9,11,FMN GV 03 Hove
46,Statielei 16,2022-08-26,02:00:00,4,2,2,FMN GV 03 Hove
46,Statielei 16,2022-08-26,03:00:00,6,3,3,FMN GV 03 Hove
46,Statielei 16,2022-08-26,04:00:00,13,6,7,FMN GV 03 Hove
46,Statielei 16,2022-08-26,05:00:00,16,11,5,FMN GV 03 Hove
46,Statielei 16,2022-08-26,06:00:00,85,50,35,FMN GV 03 Hove
46,Statielei 16,2022-08-26,07:00:00,197,136,61,FMN GV 03 Hove
46,Statielei 16,2022-08-26,08:00:00,267,195,72,FMN GV 03 Hove
46,Statielei 16,2022-08-26,09:00:00,124,78,46,FMN GV 03 Hove
46,Statielei 16,2022-08-26,10:00:00,118,75,43,FMN GV 03 Hove
46,Statielei 16,2022-08-26,11:00:00,76,50,26,FMN GV 03 Hove
46,Statielei 16,2022-08-26,12:00:00,112,63,49,FMN GV 03 Hove
46,Statielei 16,2022-08-26,13:00:00,127,74,53,FMN GV 03 Hove
46,Statielei 16,2022-08-26,14:00:00,157,75,82,FMN GV 03 Hove
46,Statielei 16,2022-08-26,15:00:00,157,64,93,FMN GV 03 Hove
46,Statielei 16,2022-08-26,16:00:00,240,104,136,FMN GV 03 Hove
46,Statielei 16,2022-08-26,17:00:00,248,90,158,FMN GV 03 Hove
46,Statielei 16,2022-08-26,18:00:00,192,102,90,FMN GV 03 Hove
46,Statielei 16,2022-08-26,19:00:00,143,68,75,FMN GV 03 Hove
46,Statielei 16,2022-08-26,20:00:00,109,55,54,FMN GV 03 Hove
46,Statielei 16,2022-08-26,21:00:00,81,37,44,FMN GV 03 Hove
46,Statielei 16,2022-08-26,22:00:00,69,32,37,FMN GV 03 Hove
46,Statielei 16,2022-08-26,23:00:00,53,21,32,FMN GV 03 Hove
46,Statielei 16,2022-08-27,00:00:00,54,29,25,FMN GV 03 Hove
46,Statielei 16,2022-08-27,01:00:00,53,33,20,FMN GV 03 Hove
46,Statielei 16,2022-08-27,02:00:00,31,22,9,FMN GV 03 Hove
46,Statielei 16,2022-08-27,03:00:00,16,14,2,FMN GV 03 Hove
46,Statielei 16,2022-08-27,04:00:00,17,8,9,FMN GV 03 Hove
46,Statielei 16,2022-08-27,05:00:00,15,8,7,FMN GV 03 Hove
46,Statielei 16,2022-08-27,06:00:00,24,14,10,FMN GV 03 Hove
46,Statielei 16,2022-08-27,07:00:00,32,17,15,FMN GV 03 Hove
46,Statielei 16,2022-08-27,08:00:00,59,27,32,FMN GV 03 Hove
46,Statielei 16,2022-08-27,09:00:00,108,73,35,FMN GV 03 Hove
46,Statielei 16,2022-08-27,10:00:00,155,94,61,FMN GV 03 Hove
46,Statielei 16,2022-08-27,11:00:00,175,104,71,FMN GV 03 Hove
46,Statielei 16,2022-08-27,12:00:00,179,89,90,FMN GV 03 Hove
46,Statielei 16,2022-08-27,13:00:00,222,116,106,FMN GV 03 Hove
46,Statielei 16,2022-08-27,14:00:00,190,110,80,FMN GV 03 Hove
46,Statielei 16,2022-08-27,15:00:00,212,111,101,FMN GV 03 Hove
46,Statielei 16,2022-08-27,16:00:00,167,76,91,FMN GV 03 Hove
46,Statielei 16,2022-08-27,17:00:00,167,80,87,FMN GV 03 Hove
46,Statielei 16,2022-08-27,18:00:00,110,46,64,FMN GV 03 Hove
46,Statielei 16,2022-08-27,19:00:00,113,67,46,FMN GV 03 Hove
46,Statielei 16,2022-08-27,20:00:00,85,53,32,FMN GV 03 Hove
46,Statielei 16,2022-08-27,21:00:00,73,32,41,FMN GV 03 Hove
46,Statielei 16,2022-08-27,22:00:00,48,24,24,FMN GV 03 Hove
46,Statielei 16,2022-08-27,23:00:00,54,19,35,FMN GV 03 Hove
46,Statielei 16,2022-08-28,00:00:00,66,36,30,FMN GV 03 Hove
46,Statielei 16,2022-08-28,01:00:00,40,23,17,FMN GV 03 Hove
46,Statielei 16,2022-08-28,02:00:00,45,28,17,FMN GV 03 Hove
46,Statielei 16,2022-08-28,03:00:00,46,34,12,FMN GV 03 Hove
46,Statielei 16,2022-08-28,04:00:00,15,8,7,FMN GV 03 Hove
46,Statielei 16,2022-08-28,05:00:00,10,6,4,FMN GV 03 Hove
46,Statielei 16,2022-08-28,06:00:00,19,13,6,FMN GV 03 Hove
46,Statielei 16,2022-08-28,07:00:00,30,16,14,FMN GV 03 Hove
46,Statielei 16,2022-08-28,08:00:00,47,13,34,FMN GV 03 Hove
46,Statielei 16,2022-08-28,09:00:00,124,60,64,FMN GV 03 Hove
46,Statielei 16,2022-08-28,10:00:00,131,65,66,FMN GV 03 Hove
46,Statielei 16,2022-08-28,11:00:00,191,115,76,FMN GV 03 Hove
46,Statielei 16,2022-08-28,12:00:00,204,115,89,FMN GV 03 Hove
46,Statielei 16,2022-08-28,13:00:00,216,116,100,FMN GV 03 Hove
46,Statielei 16,2022-08-28,14:00:00,221,133,88,FMN GV 03 Hove
46,Statielei 16,2022-08-28,15:00:00,234,100,134,FMN GV 03 Hove
46,Statielei 16,2022-08-28,16:00:00,209,105,104,FMN GV 03 Hove
46,Statielei 16,2022-08-28,17:00:00,175,115,60,FMN GV 03 Hove
46,Statielei 16,2022-08-28,18:00:00,156,86,70,FMN GV 03 Hove
46,Statielei 16,2022-08-28,19:00:00,87,51,36,FMN GV 03 Hove
46,Statielei 16,2022-08-28,20:00:00,98,61,37,FMN GV 03 Hove
46,Statielei 16,2022-08-28,21:00:00,49,35,14,FMN GV 03 Hove
46,Statielei 16,2022-08-28,22:00:00,38,22,16,FMN GV 03 Hove
46,Statielei 16,2022-08-28,23:00:00,21,7,14,FMN GV 03 Hove
46,Statielei 16,2022-08-29,00:00:00,10,5,5,FMN GV 03 Hove
46,Statielei 16,2022-08-29,01:00:00,7,5,2,FMN GV 03 Hove
46,Statielei 16,2022-08-29,02:00:00,4,4,0,FMN GV 03 Hove
46,Statielei 16,2022-08-29,03:00:00,2,0,2,FMN GV 03 Hove
46,Statielei 16,2022-08-29,04:00:00,13,6,7,FMN GV 03 Hove
46,Statielei 16,2022-08-29,05:00:00,25,11,14,FMN GV 03 Hove
46,Statielei 16,2022-08-29,06:00:00,109,74,35,FMN GV 03 Hove
46,Statielei 16,2022-08-29,07:00:00,273,210,63,FMN GV 03 Hove
46,Statielei 16,2022-08-29,08:00:00,376,274,102,FMN GV 03 Hove
46,Statielei 16,2022-08-29,09:00:00,135,95,40,FMN GV 03 Hove
46,Statielei 16,2022-08-29,10:00:00,117,61,56,FMN GV 03 Hove
46,Statielei 16,2022-08-29,11:00:00,89,46,43,FMN GV 03 Hove
46,Statielei 16,2022-08-29,12:00:00,124,63,61,FMN GV 03 Hove
46,Statielei 16,2022-08-29,13:00:00,136,75,61,FMN GV 03 Hove
46,Statielei 16,2022-08-29,14:00:00,183,78,105,FMN GV 03 Hove
46,Statielei 16,2022-08-29,15:00:00,186,86,100,FMN GV 03 Hove
46,Statielei 16,2022-08-29,16:00:00,327,124,203,FMN GV 03 Hove
46,Statielei 16,2022-08-29,17:00:00,392,135,257,FMN GV 03 Hove
46,Statielei 16,2022-08-29,18:00:00,248,106,142,FMN GV 03 Hove
46,Statielei 16,2022-08-29,19:00:00,149,77,72,FMN GV 03 Hove
46,Statielei 16,2022-08-29,20:00:00,120,72,48,FMN GV 03 Hove
46,Statielei 16,2022-08-29,21:00:00,68,32,36,FMN GV 03 Hove
46,Statielei 16,2022-08-29,22:00:00,47,20,27,FMN GV 03 Hove
46,Statielei 16,2022-08-29,23:00:00,35,17,18,FMN GV 03 Hove
46,Statielei 16,2022-08-30,00:00:00,16,3,13,FMN GV 03 Hove
46,Statielei 16,2022-08-30,01:00:00,9,6,3,FMN GV 03 Hove
46,Statielei 16,2022-08-30,02:00:00,1,0,1,FMN GV 03 Hove
46,Statielei 16,2022-08-30,03:00:00,4,2,2,FMN GV 03 Hove
46,Statielei 16,2022-08-30,04:00:00,11,4,7,FMN GV 03 Hove
46,Statielei 16,2022-08-30,05:00:00,31,19,12,FMN GV 03 Hove
46,Statielei 16,2022-08-30,06:00:00,114,73,41,FMN GV 03 Hove
46,Statielei 16,2022-08-30,07:00:00,322,243,79,FMN GV 03 Hove
46,Statielei 16,2022-08-30,08:00:00,419,325,94,FMN GV 03 Hove
46,Statielei 16,2022-08-30,09:00:00,145,99,46,FMN GV 03 Hove
46,Statielei 16,2022-08-30,10:00:00,102,62,40,FMN GV 03 Hove
46,Statielei 16,2022-08-30,11:00:00,104,60,44,FMN GV 03 Hove
46,Statielei 16,2022-08-30,12:00:00,160,84,76,FMN GV 03 Hove
46,Statielei 16,2022-08-30,13:00:00,155,86,69,FMN GV 03 Hove
46,Statielei 16,2022-08-30,14:00:00,171,84,87,FMN GV 03 Hove
46,Statielei 16,2022-08-30,15:00:00,184,79,105,FMN GV 03 Hove
46,Statielei 16,2022-08-30,16:00:00,306,113,193,FMN GV 03 Hove
46,Statielei 16,2022-08-30,17:00:00,432,169,263,FMN GV 03 Hove
46,Statielei 16,2022-08-30,18:00:00,309,106,203,FMN GV 03 Hove
46,Statielei 16,2022-08-30,19:00:00,158,74,84,FMN GV 03 Hove
46,Statielei 16,2022-08-30,20:00:00,123,77,46,FMN GV 03 Hove
46,Statielei 16,2022-08-30,21:00:00,70,35,35,FMN GV 03 Hove
46,Statielei 16,2022-08-30,22:00:00,70,35,35,FMN GV 03 Hove
46,Statielei 16,2022-08-30,23:00:00,48,21,27,FMN GV 03 Hove
46,Statielei 16,2022-08-31,00:00:00,28,9,19,FMN GV 03 Hove
46,Statielei 16,2022-08-31,01:00:00,5,3,2,FMN GV 03 Hove
46,Statielei 16,2022-08-31,02:00:00,6,1,5,FMN GV 03 Hove
46,Statielei 16,2022-08-31,03:00:00,4,1,3,FMN GV 03 Hove
46,Statielei 16,2022-08-31,04:00:00,12,10,2,FMN GV 03 Hove
46,Statielei 16,2022-08-31,05:00:00,26,10,16,FMN GV 03 Hove
46,Statielei 16,2022-08-31,06:00:00,111,74,37,FMN GV 03 Hove
46,Statielei 16,2022-08-31,07:00:00,285,215,70,FMN GV 03 Hove
46,Statielei 16,2022-08-31,08:00:00,335,258,77,FMN GV 03 Hove
46,Statielei 16,2022-08-31,09:00:00,191,145,46,FMN GV 03 Hove
46,Statielei 16,2022-08-31,10:00:00,187,123,64,FMN GV 03 Hove
46,Statielei 16,2022-08-31,11:00:00,187,96,91,FMN GV 03 Hove
46,Statielei 16,2022-08-31,12:00:00,193,82,111,FMN GV 03 Hove
46,Statielei 16,2022-08-31,13:00:00,172,76,96,FMN GV 03 Hove
46,Statielei 16,2022-08-31,14:00:00,184,100,84,FMN GV 03 Hove
46,Statielei 16,2022-08-31,15:00:00,218,107,111,FMN GV 03 Hove
46,Statielei 16,2022-08-31,16:00:00,261,88,173,FMN GV 03 Hove
46,Statielei 16,2022-08-31,17:00:00,406,147,259,FMN GV 03 Hove
46,Statielei 16,2022-08-31,18:00:00,254,105,149,FMN GV 03 Hove
46,Statielei 16,2022-08-31,19:00:00,186,96,90,FMN GV 03 Hove
46,Statielei 16,2022-08-31,20:00:00,120,75,45,FMN GV 03 Hove
46,Statielei 16,2022-08-31,21:00:00,59,29,30,FMN GV 03 Hove
46,Statielei 16,2022-08-31,22:00:00,59,25,34,FMN GV 03 Hove
46,Statielei 16,2022-08-31,23:00:00,35,17,18,FMN GV 03 Hove
46,Statielei 16,2022-09-01,00:00:00,21,3,18,FMN GV 03 Hove
46,Statielei 16,2022-09-01,01:00:00,7,5,2,FMN GV 03 Hove
46,Statielei 16,2022-09-01,02:00:00,1,0,1,FMN GV 03 Hove
46,Statielei 16,2022-09-01,03:00:00,3,1,2,FMN GV 03 Hove
46,Statielei 16,2022-09-01,04:00:00,8,5,3,FMN GV 03 Hove
46,Statielei 16,2022-09-01,05:00:00,30,15,15,FMN GV 03 Hove
46,Statielei 16,2022-09-01,06:00:00,121,85,36,FMN GV 03 Hove
46,Statielei 16,2022-09-01,07:00:00,381,303,78,FMN GV 03 Hove
46,Statielei 16,2022-09-01,08:00:00,431,323,108,FMN GV 03 Hove
46,Statielei 16,2022-09-01,09:00:00,233,158,75,FMN GV 03 Hove
46,Statielei 16,2022-09-01,10:00:00,108,66,42,FMN GV 03 Hove
46,Statielei 16,2022-09-01,11:00:00,137,74,63,FMN GV 03 Hove
46,Statielei 16,2022-09-01,12:00:00,172,89,83,FMN GV 03 Hove
46,Statielei 16,2022-09-01,13:00:00,197,88,109,FMN GV 03 Hove
46,Statielei 16,2022-09-01,14:00:00,174,96,78,FMN GV 03 Hove
46,Statielei 16,2022-09-01,15:00:00,247,95,152,FMN GV 03 Hove
46,Statielei 16,2022-09-01,16:00:00,390,136,254,FMN GV 03 Hove
46,Statielei 16,2022-09-01,17:00:00,414,144,270,FMN GV 03 Hove
46,Statielei 16,2022-09-01,18:00:00,280,91,189,FMN GV 03 Hove
46,Statielei 16,2022-09-01,19:00:00,194,102,92,FMN GV 03 Hove
46,Statielei 16,2022-09-01,20:00:00,132,83,49,FMN GV 03 Hove
46,Statielei 16,2022-09-01,21:00:00,61,31,30,FMN GV 03 Hove
46,Statielei 16,2022-09-01,22:00:00,72,37,35,FMN GV 03 Hove
46,Statielei 16,2022-09-01,23:00:00,53,17,36,FMN GV 03 Hove
46,Statielei 16,2022-09-02,00:00:00,21,10,11,FMN GV 03 Hove
46,Statielei 16,2022-09-02,01:00:00,8,2,6,FMN GV 03 Hove
46,Statielei 16,2022-09-02,02:00:00,3,1,2,FMN GV 03 Hove
46,Statielei 16,2022-09-02,03:00:00,2,0,2,FMN GV 03 Hove
46,Statielei 16,2022-09-02,04:00:00,7,5,2,FMN GV 03 Hove
46,Statielei 16,2022-09-02,05:00:00,32,20,12,FMN GV 03 Hove
46,Statielei 16,2022-09-02,06:00:00,103,69,34,FMN GV 03 Hove
46,Statielei 16,2022-09-02,07:00:00,382,294,88,FMN GV 03 Hove
46,Statielei 16,2022-09-02,08:00:00,384,289,95,FMN GV 03 Hove
46,Statielei 16,2022-09-02,09:00:00,130,81,49,FMN GV 03 Hove
46,Statielei 16,2022-09-02,10:00:00,118,70,48,FMN GV 03 Hove
46,Statielei 16,2022-09-02,11:00:00,126,67,59,FMN GV 03 Hove
46,Statielei 16,2022-09-02,12:00:00,142,82,60,FMN GV 03 Hove
46,Statielei 16,2022-09-02,13:00:00,188,89,99,FMN GV 03 Hove
46,Statielei 16,2022-09-02,14:00:00,188,71,117,FMN GV 03 Hove
46,Statielei 16,2022-09-02,15:00:00,254,101,153,FMN GV 03 Hove
46,Statielei 16,2022-09-02,16:00:00,354,104,250,FMN GV 03 Hove
46,Statielei 16,2022-09-02,17:00:00,338,138,200,FMN GV 03 Hove
46,Statielei 16,2022-09-02,18:00:00,232,94,138,FMN GV 03 Hove
46,Statielei 16,2022-09-02,19:00:00,162,87,75,FMN GV 03 Hove
46,Statielei 16,2022-09-02,20:00:00,91,45,46,FMN GV 03 Hove
46,Statielei 16,2022-09-02,21:00:00,70,34,36,FMN GV 03 Hove
46,Statielei 16,2022-09-02,22:00:00,41,17,24,FMN GV 03 Hove
46,Statielei 16,2022-09-02,23:00:00,46,15,31,FMN GV 03 Hove
46,Statielei 16,2022-09-03,00:00:00,37,16,21,FMN GV 03 Hove
46,Statielei 16,2022-09-03,01:00:00,18,9,9,FMN GV 03 Hove
46,Statielei 16,2022-09-03,02:00:00,8,2,6,FMN GV 03 Hove
46,Statielei 16,2022-09-03,03:00:00,8,2,6,FMN GV 03 Hove
46,Statielei 16,2022-09-03,04:00:00,8,3,5,FMN GV 03 Hove
46,Statielei 16,2022-09-03,05:00:00,9,8,1,FMN GV 03 Hove
46,Statielei 16,2022-09-03,06:00:00,16,10,6,FMN GV 03 Hove
46,Statielei 16,2022-09-03,07:00:00,24,9,15,FMN GV 03 Hove
46,Statielei 16,2022-09-03,08:00:00,39,19,20,FMN GV 03 Hove
46,Statielei 16,2022-09-03,09:00:00,95,58,37,FMN GV 03 Hove
46,Statielei 16,2022-09-03,10:00:00,141,88,53,FMN GV 03 Hove
46,Statielei 16,2022-09-03,11:00:00,171,92,79,FMN GV 03 Hove
46,Statielei 16,2022-09-03,12:00:00,166,84,82,FMN GV 03 Hove
46,Statielei 16,2022-09-03,13:00:00,152,75,77,FMN GV 03 Hove
46,Statielei 16,2022-09-03,14:00:00,167,89,78,FMN GV 03 Hove
46,Statielei 16,2022-09-03,15:00:00,182,101,81,FMN GV 03 Hove
46,Statielei 16,2022-09-03,16:00:00,155,74,81,FMN GV 03 Hove
46,Statielei 16,2022-09-03,17:00:00,134,80,54,FMN GV 03 Hove
46,Statielei 16,2022-09-03,18:00:00,105,55,50,FMN GV 03 Hove
46,Statielei 16,2022-09-03,19:00:00,101,62,39,FMN GV 03 Hove
46,Statielei 16,2022-09-03,20:00:00,54,30,24,FMN GV 03 Hove
46,Statielei 16,2022-09-03,21:00:00,31,18,13,FMN GV 03 Hove
46,Statielei 16,2022-09-03,22:00:00,52,26,26,FMN GV 03 Hove
46,Statielei 16,2022-09-03,23:00:00,37,18,19,FMN GV 03 Hove
46,Statielei 16,2022-09-04,00:00:00,50,16,34,FMN GV 03 Hove
46,Statielei 16,2022-09-04,01:00:00,8,3,5,FMN GV 03 Hove
46,Statielei 16,2022-09-04,02:00:00,11,5,6,FMN GV 03 Hove
46,Statielei 16,2022-09-04,03:00:00,4,2,2,FMN GV 03 Hove
46,Statielei 16,2022-09-04,04:00:00,5,3,2,FMN GV 03 Hove
46,Statielei 16,2022-09-04,05:00:00,10,8,2,FMN GV 03 Hove
46,Statielei 16,2022-09-04,06:00:00,16,10,6,FMN GV 03 Hove
46,Statielei 16,2022-09-04,07:00:00,41,18,23,FMN GV 03 Hove
46,Statielei 16,2022-09-04,08:00:00,58,23,35,FMN GV 03 Hove
46,Statielei 16,2022-09-04,09:00:00,145,60,85,FMN GV 03 Hove
46,Statielei 16,2022-09-04,10:00:00,196,116,80,FMN GV 03 Hove
46,Statielei 16,2022-09-04,11:00:00,194,122,72,FMN GV 03 Hove
46,Statielei 16,2022-09-04,12:00:00,189,105,84,FMN GV 03 Hove
46,Statielei 16,2022-09-04,13:00:00,226,128,98,FMN GV 03 Hove
46,Statielei 16,2022-09-04,14:00:00,260,142,118,FMN GV 03 Hove
46,Statielei 16,2022-09-04,15:00:00,260,133,127,FMN GV 03 Hove
46,Statielei 16,2022-09-04,16:00:00,154,78,76,FMN GV 03 Hove
46,Statielei 16,2022-09-04,17:00:00,167,76,91,FMN GV 03 Hove
46,Statielei 16,2022-09-04,18:00:00,144,71,73,FMN GV 03 Hove
46,Statielei 16,2022-09-04,19:00:00,116,61,55,FMN GV 03 Hove
46,Statielei 16,2022-09-04,20:00:00,88,49,39,FMN GV 03 Hove
46,Statielei 16,2022-09-04,21:00:00,50,33,17,FMN GV 03 Hove
46,Statielei 16,2022-09-04,22:00:00,48,25,23,FMN GV 03 Hove
46,Statielei 16,2022-09-04,23:00:00,10,3,7,FMN GV 03 Hove
46,Statielei 16,2022-09-05,00:00:00,4,2,2,FMN GV 03 Hove
46,Statielei 16,2022-09-05,01:00:00,4,1,3,FMN GV 03 Hove
46,Statielei 16,2022-09-05,02:00:00,0,0,0,FMN GV 03 Hove
46,Statielei 16,2022-09-05,03:00:00,7,1,6,FMN GV 03 Hove
46,Statielei 16,2022-09-05,04:00:00,11,6,5,FMN GV 03 Hove
46,Statielei 16,2022-09-05,05:00:00,30,21,9,FMN GV 03 Hove
46,Statielei 16,2022-09-05,06:00:00,117,80,37,FMN GV 03 Hove
46,Statielei 16,2022-09-05,07:00:00,423,349,74,FMN GV 03 Hove
46,Statielei 16,2022-09-05,08:00:00,468,361,107,FMN GV 03 Hove
46,Statielei 16,2022-09-05,09:00:00,111,76,35,FMN GV 03 Hove
46,Statielei 16,2022-09-05,10:00:00,96,69,27,FMN GV 03 Hove
46,Statielei 16,2022-09-05,11:00:00,120,70,50,FMN GV 03 Hove
46,Statielei 16,2022-09-05,12:00:00,135,74,61,FMN GV 03 Hove
46,Statielei 16,2022-09-05,13:00:00,151,76,75,FMN GV 03 Hove
46,Statielei 16,2022-09-05,14:00:00,138,61,77,FMN GV 03 Hove
46,Statielei 16,2022-09-05,15:00:00,197,66,131,FMN GV 03 Hove
46,Statielei 16,2022-09-05,16:00:00,350,105,245,FMN GV 03 Hove
46,Statielei 16,2022-09-05,17:00:00,398,126,272,FMN GV 03 Hove
46,Statielei 16,2022-09-05,18:00:00,168,56,112,FMN GV 03 Hove
46,Statielei 16,2022-09-05,19:00:00,118,56,62,FMN GV 03 Hove
46,Statielei 16,2022-09-05,20:00:00,72,36,36,FMN GV 03 Hove
46,Statielei 16,2022-09-05,21:00:00,22,9,13,FMN GV 03 Hove
46,Statielei 16,2022-09-05,22:00:00,33,9,24,FMN GV 03 Hove
46,Statielei 16,2022-09-05,23:00:00,23,4,19,FMN GV 03 Hove
46,Statielei 16,2022-09-06,00:00:00,5,3,2,FMN GV 03 Hove
46,Statielei 16,2022-09-06,01:00:00,0,0,0,FMN GV 03 Hove
46,Statielei 16,2022-09-06,02:00:00,0,0,0,FMN GV 03 Hove
46,Statielei 16,2022-09-06,03:00:00,2,1,1,FMN GV 03 Hove
46,Statielei 16,2022-09-06,04:00:00,10,6,4,FMN GV 03 Hove
46,Statielei 16,2022-09-06,05:00:00,37,25,12,FMN GV 03 Hove
46,Statielei 16,2022-09-06,06:00:00,113,77,36,FMN GV 03 Hove
46,Statielei 16,2022-09-06,07:00:00,398,308,90,FMN GV 03 Hove
46,Statielei 16,2022-09-06,08:00:00,492,389,103,FMN GV 03 Hove
46,Statielei 16,2022-09-06,09:00:00,138,101,37,FMN GV 03 Hove
46,Statielei 16,2022-09-06,10:00:00,106,58,48,FMN GV 03 Hove
46,Statielei 16,2022-09-06,11:00:00,106,64,42,FMN GV 03 Hove
46,Statielei 16,2022-09-06,12:00:00,148,75,73,FMN GV 03 Hove
46,Statielei 16,2022-09-06,13:00:00,155,76,79,FMN GV 03 Hove
46,Statielei 16,2022-09-06,14:00:00,156,88,68,FMN GV 03 Hove
46,Statielei 16,2022-09-06,15:00:00,207,87,120,FMN GV 03 Hove
46,Statielei 16,2022-09-06,16:00:00,429,138,291,FMN GV 03 Hove
46,Statielei 16,2022-09-06,17:00:00,447,146,301,FMN GV 03 Hove
46,Statielei 16,2022-09-06,18:00:00,224,82,142,FMN GV 03 Hove
46,Statielei 16,2022-09-06,19:00:00,115,58,57,FMN GV 03 Hove
46,Statielei 16,2022-09-06,20:00:00,88,36,52,FMN GV 03 Hove
46,Statielei 16,2022-09-06,21:00:00,50,20,30,FMN GV 03 Hove
46,Statielei 16,2022-09-06,22:00:00,45,13,32,FMN GV 03 Hove
46,Statielei 16,2022-09-06,23:00:00,18,6,12,FMN GV 03 Hove
46,Statielei 16,2022-09-07,00:00:00,4,4,0,FMN GV 03 Hove
46,Statielei 16,2022-09-07,01:00:00,2,2,0,FMN GV 03 Hove
46,Statielei 16,2022-09-07,02:00:00,1,0,1,FMN GV 03 Hove
46,Statielei 16,2022-09-07,03:00:00,8,7,1,FMN GV 03 Hove
46,Statielei 16,2022-09-07,04:00:00,11,6,5,FMN GV 03 Hove
46,Statielei 16,2022-09-07,05:00:00,30,18,12,FMN GV 03 Hove
46,Statielei 16,2022-09-07,06:00:00,107,73,34,FMN GV 03 Hove
46,Statielei 16,2022-09-07,07:00:00,376,295,81,FMN GV 03 Hove
46,Statielei 16,2022-09-07,08:00:00,379,284,95,FMN GV 03 Hove
46,Statielei 16,2022-09-07,09:00:00,179,131,48,FMN GV 03 Hove
46,Statielei 16,2022-09-07,10:00:00,159,88,71,FMN GV 03 Hove
46,Statielei 16,2022-09-07,11:00:00,155,66,89,FMN GV 03 Hove
46,Statielei 16,2022-09-07,12:00:00,272,109,163,FMN GV 03 Hove
46,Statielei 16,2022-09-07,13:00:00,201,76,125,FMN GV 03 Hove
46,Statielei 16,2022-09-07,14:00:00,188,88,100,FMN GV 03 Hove
46,Statielei 16,2022-09-07,15:00:00,173,88,85,FMN GV 03 Hove
46,Statielei 16,2022-09-07,16:00:00,251,95,156,FMN GV 03 Hove
46,Statielei 16,2022-09-07,17:00:00,365,141,224,FMN GV 03 Hove
46,Statielei 16,2022-09-07,18:00:00,256,118,138,FMN GV 03 Hove
46,Statielei 16,2022-09-07,19:00:00,134,75,59,FMN GV 03 Hove
46,Statielei 16,2022-09-07,20:00:00,87,49,38,FMN GV 03 Hove
46,Statielei 16,2022-09-07,21:00:00,64,39,25,FMN GV 03 Hove
46,Statielei 16,2022-09-07,22:00:00,51,22,29,FMN GV 03 Hove
46,Statielei 16,2022-09-07,23:00:00,31,9,22,FMN GV 03 Hove
46,Statielei 16,2022-09-08,00:00:00,9,2,7,FMN GV 03 Hove
46,Statielei 16,2022-09-08,01:00:00,1,0,1,FMN GV 03 Hove
46,Statielei 16,2022-09-08,02:00:00,3,1,2,FMN GV 03 Hove
46,Statielei 16,2022-09-08,03:00:00,3,1,2,FMN GV 03 Hove
46,Statielei 16,2022-09-08,04:00:00,11,6,5,FMN GV 03 Hove
46,Statielei 16,2022-09-08,05:00:00,20,16,4,FMN GV 03 Hove
46,Statielei 16,2022-09-08,06:00:00,88,60,28,FMN GV 03 Hove
46,Statielei 16,2022-09-08,07:00:00,300,243,57,FMN GV 03 Hove
46,Statielei 16,2022-09-08,08:00:00,369,291,78,FMN GV 03 Hove
46,Statielei 16,2022-09-08,09:00:00,98,72,26,FMN GV 03 Hove
46,Statielei 16,2022-09-08,10:00:00,84,56,28,FMN GV 03 Hove
46,Statielei 16,2022-09-08,11:00:00,86,43,43,FMN GV 03 Hove
46,Statielei 16,2022-09-08,12:00:00,116,59,57,FMN GV 03 Hove
46,Statielei 16,2022-09-08,13:00:00,110,47,63,FMN GV 03 Hove
46,Statielei 16,2022-09-08,14:00:00,88,40,48,FMN GV 03 Hove
46,Statielei 16,2022-09-08,15:00:00,163,55,108,FMN GV 03 Hove
46,Statielei 16,2022-09-08,16:00:00,264,83,181,FMN GV 03 Hove
46,Statielei 16,2022-09-08,17:00:00,285,97,188,FMN GV 03 Hove
46,Statielei 16,2022-09-08,18:00:00,156,57,99,FMN GV 03 Hove
46,Statielei 16,2022-09-08,19:00:00,99,39,60,FMN GV 03 Hove
46,Statielei 16,2022-09-08,20:00:00,52,30,22,FMN GV 03 Hove
46,Statielei 16,2022-09-08,21:00:00,47,22,25,FMN GV 03 Hove
46,Statielei 16,2022-09-08,22:00:00,35,14,21,FMN GV 03 Hove
46,Statielei 16,2022-09-08,23:00:00,21,8,13,FMN GV 03 Hove
46,Statielei 16,2022-09-09,00:00:00,7,1,6,FMN GV 03 Hove
46,Statielei 16,2022-09-09,01:00:00,4,2,2,FMN GV 03 Hove
46,Statielei 16,2022-09-09,02:00:00,2,1,1,FMN GV 03 Hove
46,Statielei 16,2022-09-09,03:00:00,4,1,3,FMN GV 03 Hove
46,Statielei 16,2022-09-09,04:00:00,12,4,8,FMN GV 03 Hove
46,Statielei 16,2022-09-09,05:00:00,29,17,12,FMN GV 03 Hove
46,Statielei 16,2022-09-09,06:00:00,74,54,20,FMN GV 03 Hove
46,Statielei 16,2022-09-09,07:00:00,239,204,35,FMN GV 03 Hove
46,Statielei 16,2022-09-09,08:00:00,289,229,60,FMN GV 03 Hove
46,Statielei 16,2022-09-09,09:00:00,65,50,15,FMN GV 03 Hove
46,Statielei 16,2022-09-09,10:00:00,46,26,20,FMN GV 03 Hove
46,Statielei 16,2022-09-09,11:00:00,38,21,17,FMN GV 03 Hove
46,Statielei 16,2022-09-09,12:00:00,89,47,42,FMN GV 03 Hove
46,Statielei 16,2022-09-09,13:00:00,81,42,39,FMN GV 03 Hove
46,Statielei 16,2022-09-09,14:00:00,97,44,53,FMN GV 03 Hove
46,Statielei 16,2022-09-09,15:00:00,136,49,87,FMN GV 03 Hove
46,Statielei 16,2022-09-09,16:00:00,210,62,148,FMN GV 03 Hove
46,Statielei 16,2022-09-09,17:00:00,166,58,108,FMN GV 03 Hove
46,Statielei 16,2022-09-09,18:00:00,93,31,62,FMN GV 03 Hove
46,Statielei 16,2022-09-09,19:00:00,68,31,37,FMN GV 03 Hove
46,Statielei 16,2022-09-09,20:00:00,50,24,26,FMN GV 03 Hove
46,Statielei 16,2022-09-09,21:00:00,46,25,21,FMN GV 03 Hove
46,Statielei 16,2022-09-09,22:00:00,28,14,14,FMN GV 03 Hove
46,Statielei 16,2022-09-09,23:00:00,34,15,19,FMN GV 03 Hove
46,Statielei 16,2022-09-10,00:00:00,16,7,9,FMN GV 03 Hove
46,Statielei 16,2022-09-10,01:00:00,21,12,9,FMN GV 03 Hove
46,Statielei 16,2022-09-10,02:00:00,17,7,10,FMN GV 03 Hove
46,Statielei 16,2022-09-10,03:00:00,11,2,9,FMN GV 03 Hove
46,Statielei 16,2022-09-10,04:00:00,13,4,9,FMN GV 03 Hove
46,Statielei 16,2022-09-10,05:00:00,11,5,6,FMN GV 03 Hove
46,Statielei 16,2022-09-10,06:00:00,13,9,4,FMN GV 03 Hove
46,Statielei 16,2022-09-10,07:00:00,11,6,5,FMN GV 03 Hove
46,Statielei 16,2022-09-10,08:00:00,29,18,11,FMN GV 03 Hove
46,Statielei 16,2022-09-10,09:00:00,19,7,12,FMN GV 03 Hove
46,Statielei 16,2022-09-10,10:00:00,16,5,11,FMN GV 03 Hove
46,Statielei 16,2022-09-10,11:00:00,23,15,8,FMN GV 03 Hove
46,Statielei 16,2022-09-10,12:00:00,40,21,19,FMN GV 03 Hove
46,Statielei 16,2022-09-10,13:00:00,30,18,12,FMN GV 03 Hove
46,Statielei 16,2022-09-10,14:00:00,26,16,10,FMN GV 03 Hove
46,Statielei 16,2022-09-10,15:00:00,46,27,19,FMN GV 03 Hove
46,Statielei 16,2022-09-10,16:00:00,60,34,26,FMN GV 03 Hove
46,Statielei 16,2022-09-10,17:00:00,70,32,38,FMN GV 03 Hove
46,Statielei 16,2022-09-10,18:00:00,63,33,30,FMN GV 03 Hove
46,Statielei 16,2022-09-10,19:00:00,47,25,22,FMN GV 03 Hove
46,Statielei 16,2022-09-10,20:00:00,59,27,32,FMN GV 03 Hove
46,Statielei 16,2022-09-10,21:00:00,53,23,30,FMN GV 03 Hove
46,Statielei 16,2022-09-10,22:00:00,23,14,9,FMN GV 03 Hove
46,Statielei 16,2022-09-10,23:00:00,15,6,9,FMN GV 03 Hove
46,Statielei 16,2022-09-11,00:00:00,16,9,7,FMN GV 03 Hove
46,Statielei 16,2022-09-11,01:00:00,14,7,7,FMN GV 03 Hove
46,Statielei 16,2022-09-11,02:00:00,15,9,6,FMN GV 03 Hove
46,Statielei 16,2022-09-11,03:00:00,15,11,4,FMN GV 03 Hove
46,Statielei 16,2022-09-11,04:00:00,11,4,7,FMN GV 03 Hove
46,Statielei 16,2022-09-11,05:00:00,13,9,4,FMN GV 03 Hove
46,Statielei 16,2022-09-11,06:00:00,15,12,3,FMN GV 03 Hove
46,Statielei 16,2022-09-11,07:00:00,35,16,19,FMN GV 03 Hove
46,Statielei 16,2022-09-11,08:00:00,65,43,22,FMN GV 03 Hove
46,Statielei 16,2022-09-11,09:00:00,112,51,61,FMN GV 03 Hove
46,Statielei 16,2022-09-11,10:00:00,141,83,58,FMN GV 03 Hove
46,Statielei 16,2022-09-11,11:00:00,168,78,90,FMN GV 03 Hove
46,Statielei 16,2022-09-11,12:00:00,209,135,74,FMN GV 03 Hove
46,Statielei 16,2022-09-11,13:00:00,197,109,88,FMN GV 03 Hove
46,Statielei 16,2022-09-11,14:00:00,231,124,107,FMN GV 03 Hove
46,Statielei 16,2022-09-11,15:00:00,221,117,104,FMN GV 03 Hove
46,Statielei 16,2022-09-11,16:00:00,192,111,81,FMN GV 03 Hove
46,Statielei 16,2022-09-11,17:00:00,183,123,60,FMN GV 03 Hove
46,Statielei 16,2022-09-11,18:00:00,137,84,53,FMN GV 03 Hove
46,Statielei 16,2022-09-11,19:00:00,91,48,43,FMN GV 03 Hove
46,Statielei 16,2022-09-11,20:00:00,76,43,33,FMN GV 03 Hove
46,Statielei 16,2022-09-11,21:00:00,45,21,24,FMN GV 03 Hove
46,Statielei 16,2022-09-11,22:00:00,29,8,21,FMN GV 03 Hove
46,Statielei 16,2022-09-11,23:00:00,16,6,10,FMN GV 03 Hove
46,Statielei 16,2022-09-12,00:00:00,11,3,8,FMN GV 03 Hove
46,Statielei 16,2022-09-12,01:00:00,5,1,4,FMN GV 03 Hove
46,Statielei 16,2022-09-12,02:00:00,1,0,1,FMN GV 03 Hove
46,Statielei 16,2022-09-12,03:00:00,2,1,1,FMN GV 03 Hove
46,Statielei 16,2022-09-12,04:00:00,12,5,7,FMN GV 03 Hove
46,Statielei 16,2022-09-12,05:00:00,24,10,14,FMN GV 03 Hove
46,Statielei 16,2022-09-12,06:00:00,115,78,37,FMN GV 03 Hove
46,Statielei 16,2022-09-12,07:00:00,371,302,69,FMN GV 03 Hove
46,Statielei 16,2022-09-12,08:00:00,436,344,92,FMN GV 03 Hove
46,Statielei 16,2022-09-12,09:00:00,171,124,47,FMN GV 03 Hove
46,Statielei 16,2022-09-12,10:00:00,131,75,56,FMN GV 03 Hove
46,Statielei 16,2022-09-12,11:00:00,124,68,56,FMN GV 03 Hove
46,Statielei 16,2022-09-12,12:00:00,174,90,84,FMN GV 03 Hove
46,Statielei 16,2022-09-12,13:00:00,182,98,84,FMN GV 03 Hove
46,Statielei 16,2022-09-12,14:00:00,232,113,119,FMN GV 03 Hove
46,Statielei 16,2022-09-12,15:00:00,266,107,159,FMN GV 03 Hove
46,Statielei 16,2022-09-12,16:00:00,354,113,241,FMN GV 03 Hove
46,Statielei 16,2022-09-12,17:00:00,431,136,295,FMN GV 03 Hove
46,Statielei 16,2022-09-12,18:00:00,260,95,165,FMN GV 03 Hove
46,Statielei 16,2022-09-12,19:00:00,185,116,69,FMN GV 03 Hove
46,Statielei 16,2022-09-12,20:00:00,87,39,48,FMN GV 03 Hove
46,Statielei 16,2022-09-12,21:00:00,40,16,24,FMN GV 03 Hove
46,Statielei 16,2022-09-12,22:00:00,41,18,23,FMN GV 03 Hove
46,Statielei 16,2022-09-12,23:00:00,25,5,20,FMN GV 03 Hove
46,Statielei 16,2022-09-13,00:00:00,12,3,9,FMN GV 03 Hove
46,Statielei 16,2022-09-13,01:00:00,5,4,1,FMN GV 03 Hove
46,Statielei 16,2022-09-13,02:00:00,1,0,1,FMN GV 03 Hove
46,Statielei 16,2022-09-13,03:00:00,2,2,0,FMN GV 03 Hove
46,Statielei 16,2022-09-13,04:00:00,10,5,5,FMN GV 03 Hove
46,Statielei 16,2022-09-13,05:00:00,23,13,10,FMN GV 03 Hove
46,Statielei 16,2022-09-13,06:00:00,116,78,38,FMN GV 03 Hove
46,Statielei 16,2022-09-13,07:00:00,373,301,72,FMN GV 03 Hove
46,Statielei 16,2022-09-13,08:00:00,471,364,107,FMN GV 03 Hove
46,Statielei 16,2022-09-13,09:00:00,137,94,43,FMN GV 03 Hove
46,Statielei 16,2022-09-13,10:00:00,110,69,41,FMN GV 03 Hove
46,Statielei 16,2022-09-13,11:00:00,103,57,46,FMN GV 03 Hove
46,Statielei 16,2022-09-13,12:00:00,134,79,55,FMN GV 03 Hove
46,Statielei 16,2022-09-13,13:00:00,156,81,75,FMN GV 03 Hove
46,Statielei 16,2022-09-13,14:00:00,127,52,75,FMN GV 03 Hove
46,Statielei 16,2022-09-13,15:00:00,199,92,107,FMN GV 03 Hove
46,Statielei 16,2022-09-13,16:00:00,329,86,243,FMN GV 03 Hove
46,Statielei 16,2022-09-13,17:00:00,325,101,224,FMN GV 03 Hove
46,Statielei 16,2022-09-13,18:00:00,174,62,112,FMN GV 03 Hove
46,Statielei 16,2022-09-13,19:00:00,102,43,59,FMN GV 03 Hove
46,Statielei 16,2022-09-13,20:00:00,52,30,22,FMN GV 03 Hove
46,Statielei 16,2022-09-13,21:00:00,53,22,31,FMN GV 03 Hove
46,Statielei 16,2022-09-13,22:00:00,34,14,20,FMN GV 03 Hove
46,Statielei 16,2022-09-13,23:00:00,13,7,6,FMN GV 03 Hove
46,Statielei 16,2022-09-14,00:00:00,10,6,4,FMN GV 03 Hove
46,Statielei 16,2022-09-14,01:00:00,3,0,3,FMN GV 03 Hove
46,Statielei 16,2022-09-14,02:00:00,0,0,0,FMN GV 03 Hove
46,Statielei 16,2022-09-14,03:00:00,2,1,1,FMN GV 03 Hove
46,Statielei 16,2022-09-14,04:00:00,7,2,5,FMN GV 03 Hove
46,Statielei 16,2022-09-14,05:00:00,20,13,7,FMN GV 03 Hove
46,Statielei 16,2022-09-14,06:00:00,54,41,13,FMN GV 03 Hove
46,Statielei 16,2022-09-14,07:00:00,199,164,35,FMN GV 03 Hove
46,Statielei 16,2022-09-14,08:00:00,236,185,51,FMN GV 03 Hove
46,Statielei 16,2022-09-14,09:00:00,57,39,18,FMN GV 03 Hove
46,Statielei 16,2022-09-14,10:00:00,35,22,13,FMN GV 03 Hove
46,Statielei 16,2022-09-14,11:00:00,34,15,19,FMN GV 03 Hove
46,Statielei 16,2022-09-14,12:00:00,111,29,82,FMN GV 03 Hove
46,Statielei 16,2022-09-14,13:00:00,76,26,50,FMN GV 03 Hove
46,Statielei 16,2022-09-14,14:00:00,53,28,25,FMN GV 03 Hove
46,Statielei 16,2022-09-14,15:00:00,55,25,30,FMN GV 03 Hove
46,Statielei 16,2022-09-14,16:00:00,88,27,61,FMN GV 03 Hove
46,Statielei 16,2022-09-14,17:00:00,146,54,92,FMN GV 03 Hove
46,Statielei 16,2022-09-14,18:00:00,117,31,86,FMN GV 03 Hove
46,Statielei 16,2022-09-14,19:00:00,58,25,33,FMN GV 03 Hove
46,Statielei 16,2022-09-14,20:00:00,52,37,15,FMN GV 03 Hove
46,Statielei 16,2022-09-14,21:00:00,29,14,15,FMN GV 03 Hove
46,Statielei 16,2022-09-14,22:00:00,36,16,20,FMN GV 03 Hove
46,Statielei 16,2022-09-14,23:00:00,19,6,13,FMN GV 03 Hove
46,Statielei 16,2022-09-15,00:00:00,14,5,9,FMN GV 03 Hove
46,Statielei 16,2022-09-15,01:00:00,6,3,3,FMN GV 03 Hove
46,Statielei 16,2022-09-15,02:00:00,2,0,2,FMN GV 03 Hove
46,Statielei 16,2022-09-15,03:00:00,3,2,1,FMN GV 03 Hove
46,Statielei 16,2022-09-15,04:00:00,10,3,7,FMN GV 03 Hove
46,Statielei 16,2022-09-15,05:00:00,32,20,12,FMN GV 03 Hove
46,Statielei 16,2022-09-15,06:00:00,98,68,30,FMN GV 03 Hove
46,Statielei 16,2022-09-15,07:00:00,351,281,70,FMN GV 03 Hove
46,Statielei 16,2022-09-15,08:00:00,428,340,88,FMN GV 03 Hove
46,Statielei 16,2022-09-15,09:00:00,139,90,49,FMN GV 03 Hove
46,Statielei 16,2022-09-15,10:00:00,85,43,42,FMN GV 03 Hove
46,Statielei 16,2022-09-15,11:00:00,96,44,52,FMN GV 03 Hove
46,Statielei 16,2022-09-15,12:00:00,125,66,59,FMN GV 03 Hove
46,Statielei 16,2022-09-15,13:00:00,116,81,35,FMN GV 03 Hove
46,Statielei 16,2022-09-15,14:00:00,116,60,56,FMN GV 03 Hove
46,Statielei 16,2022-09-15,15:00:00,187,69,118,FMN GV 03 Hove
46,Statielei 16,2022-09-15,16:00:00,310,86,224,FMN GV 03 Hove
46,Statielei 16,2022-09-15,17:00:00,335,103,232,FMN GV 03 Hove
46,Statielei 16,2022-09-15,18:00:00,200,90,110,FMN GV 03 Hove
46,Statielei 16,2022-09-15,19:00:00,115,56,59,FMN GV 03 Hove
46,Statielei 16,2022-09-15,20:00:00,78,45,33,FMN GV 03 Hove
46,Statielei 16,2022-09-15,21:00:00,55,27,28,FMN GV 03 Hove
46,Statielei 16,2022-09-15,22:00:00,48,21,27,FMN GV 03 Hove
46,Statielei 16,2022-09-15,23:00:00,28,11,17,FMN GV 03 Hove
46,Statielei 16,2022-09-16,00:00:00,8,2,6,FMN GV 03 Hove
46,Statielei 16,2022-09-16,01:00:00,10,6,4,FMN GV 03 Hove
46,Statielei 16,2022-09-16,02:00:00,3,1,2,FMN GV 03 Hove
46,Statielei 16,2022-09-16,03:00:00,2,0,2,FMN GV 03 Hove
46,Statielei 16,2022-09-16,04:00:00,8,3,5,FMN GV 03 Hove
46,Statielei 16,2022-09-16,05:00:00,23,14,9,FMN GV 03 Hove
46,Statielei 16,2022-09-16,06:00:00,66,44,22,FMN GV 03 Hove
46,Statielei 16,2022-09-16,07:00:00,233,182,51,FMN GV 03 Hove
46,Statielei 16,2022-09-16,08:00:00,220,170,50,FMN GV 03 Hove
46,Statielei 16,2022-09-16,09:00:00,109,88,21,FMN GV 03 Hove
46,Statielei 16,2022-09-16,10:00:00,44,33,11,FMN GV 03 Hove
46,Statielei 16,2022-09-16,11:00:00,30,14,16,FMN GV 03 Hove
46,Statielei 16,2022-09-16,12:00:00,78,44,34,FMN GV 03 Hove
46,Statielei 16,2022-09-16,13:00:00,63,37,26,FMN GV 03 Hove
46,Statielei 16,2022-09-16,14:00:00,74,38,36,FMN GV 03 Hove
46,Statielei 16,2022-09-16,15:00:00,160,58,102,FMN GV 03 Hove
46,Statielei 16,2022-09-16,16:00:00,184,53,131,FMN GV 03 Hove
46,Statielei 16,2022-09-16,17:00:00,161,57,104,FMN GV 03 Hove
46,Statielei 16,2022-09-16,18:00:00,102,37,65,FMN GV 03 Hove
46,Statielei 16,2022-09-16,19:00:00,51,24,27,FMN GV 03 Hove
46,Statielei 16,2022-09-16,20:00:00,36,10,26,FMN GV 03 Hove
46,Statielei 16,2022-09-16,21:00:00,43,25,18,FMN GV 03 Hove
46,Statielei 16,2022-09-16,22:00:00,20,10,10,FMN GV 03 Hove
46,Statielei 16,2022-09-16,23:00:00,11,3,8,FMN GV 03 Hove
46,Statielei 16,2022-09-17,00:00:00,16,8,8,FMN GV 03 Hove
46,Statielei 16,2022-09-17,01:00:00,11,4,7,FMN GV 03 Hove
46,Statielei 16,2022-09-17,02:00:00,11,6,5,FMN GV 03 Hove
46,Statielei 16,2022-09-17,03:00:00,8,6,2,FMN GV 03 Hove
46,Statielei 16,2022-09-17,04:00:00,6,3,3,FMN GV 03 Hove
46,Statielei 16,2022-09-17,05:00:00,9,4,5,FMN GV 03 Hove
46,Statielei 16,2022-09-17,06:00:00,13,6,7,FMN GV 03 Hove
46,Statielei 16,2022-09-17,07:00:00,16,10,6,FMN GV 03 Hove
46,Statielei 16,2022-09-17,08:00:00,26,19,7,FMN GV 03 Hove
46,Statielei 16,2022-09-17,09:00:00,43,21,22,FMN GV 03 Hove
46,Statielei 16,2022-09-17,10:00:00,47,30,17,FMN GV 03 Hove
46,Statielei 16,2022-09-17,11:00:00,63,24,39,FMN GV 03 Hove
46,Statielei 16,2022-09-17,12:00:00,63,35,28,FMN GV 03 Hove
46,Statielei 16,2022-09-17,13:00:00,50,28,22,FMN GV 03 Hove
46,Statielei 16,2022-09-17,14:00:00,60,40,20,FMN GV 03 Hove
46,Statielei 16,2022-09-17,15:00:00,77,32,45,FMN GV 03 Hove
46,Statielei 16,2022-09-17,16:00:00,57,29,28,FMN GV 03 Hove
46,Statielei 16,2022-09-17,17:00:00,42,17,25,FMN GV 03 Hove
46,Statielei 16,2022-09-17,18:00:00,35,23,12,FMN GV 03 Hove
46,Statielei 16,2022-09-17,19:00:00,31,20,11,FMN GV 03 Hove
46,Statielei 16,2022-09-17,20:00:00,42,26,16,FMN GV 03 Hove
46,Statielei 16,2022-09-17,21:00:00,19,14,5,FMN GV 03 Hove
46,Statielei 16,2022-09-17,22:00:00,18,11,7,FMN GV 03 Hove
46,Statielei 16,2022-09-17,23:00:00,14,8,6,FMN GV 03 Hove
46,Statielei 16,2022-09-18,00:00:00,12,3,9,FMN GV 03 Hove
46,Statielei 16,2022-09-18,01:00:00,7,4,3,FMN GV 03 Hove
46,Statielei 16,2022-09-18,02:00:00,5,0,5,FMN GV 03 Hove
46,Statielei 16,2022-09-18,03:00:00,5,3,2,FMN GV 03 Hove
46,Statielei 16,2022-09-18,04:00:00,6,3,3,FMN GV 03 Hove
46,Statielei 16,2022-09-18,05:00:00,4,1,3,FMN GV 03 Hove
46,Statielei 16,2022-09-18,06:00:00,4,1,3,FMN GV 03 Hove
46,Statielei 16,2022-09-18,07:00:00,10,4,6,FMN GV 03 Hove
46,Statielei 16,2022-09-18,08:00:00,15,5,10,FMN GV 03 Hove
46,Statielei 16,2022-09-18,09:00:00,39,20,19,FMN GV 03 Hove
46,Statielei 16,2022-09-18,10:00:00,50,18,32,FMN GV 03 Hove
46,Statielei 16,2022-09-18,11:00:00,51,34,17,FMN GV 03 Hove
46,Statielei 16,2022-09-18,12:00:00,74,49,25,FMN GV 03 Hove
46,Statielei 16,2022-09-18,13:00:00,64,35,29,FMN GV 03 Hove
46,Statielei 16,2022-09-18,14:00:00,69,40,29,FMN GV 03 Hove
46,Statielei 16,2022-09-18,15:00:00,64,32,32,FMN GV 03 Hove
46,Statielei 16,2022-09-18,16:00:00,47,27,20,FMN GV 03 Hove
46,Statielei 16,2022-09-18,17:00:00,49,30,19,FMN GV 03 Hove
46,Statielei 16,2022-09-18,18:00:00,33,24,9,FMN GV 03 Hove
46,Statielei 16,2022-09-18,19:00:00,17,9,8,FMN GV 03 Hove
46,Statielei 16,2022-09-18,20:00:00,18,12,6,FMN GV 03 Hove
46,Statielei 16,2022-09-18,21:00:00,12,6,6,FMN GV 03 Hove
46,Statielei 16,2022-09-18,22:00:00,9,4,5,FMN GV 03 Hove
46,Statielei 16,2022-09-18,23:00:00,6,1,5,FMN GV 03 Hove
46,Statielei 16,2022-09-19,00:00:00,1,0,1,FMN GV 03 Hove
46,Statielei 16,2022-09-19,01:00:00,0,0,0,FMN GV 03 Hove
46,Statielei 16,2022-09-19,02:00:00,2,0,2,FMN GV 03 Hove
46,Statielei 16,2022-09-19,03:00:00,2,1,1,FMN GV 03 Hove
46,Statielei 16,2022-09-19,04:00:00,8,3,5,FMN GV 03 Hove
46,Statielei 16,2022-09-19,05:00:00,26,15,11,FMN GV 03 Hove
46,Statielei 16,2022-09-19,06:00:00,91,59,32,FMN GV 03 Hove
46,Statielei 16,2022-09-19,07:00:00,352,291,61,FMN GV 03 Hove
46,Statielei 16,2022-09-19,08:00:00,433,345,88,FMN GV 03 Hove
46,Statielei 16,2022-09-19,09:00:00,111,82,29,FMN GV 03 Hove
46,Statielei 16,2022-09-19,10:00:00,76,46,30,FMN GV 03 Hove
46,Statielei 16,2022-09-19,11:00:00,57,36,21,FMN GV 03 Hove
46,Statielei 16,2022-09-19,12:00:00,144,79,65,FMN GV 03 Hove
46,Statielei 16,2022-09-19,13:00:00,149,71,78,FMN GV 03 Hove
46,Statielei 16,2022-09-19,14:00:00,111,59,52,FMN GV 03 Hove
46,Statielei 16,2022-09-19,15:00:00,198,79,119,FMN GV 03 Hove
46,Statielei 16,2022-09-19,16:00:00,313,90,223,FMN GV 03 Hove
46,Statielei 16,2022-09-19,17:00:00,382,129,253,FMN GV 03 Hove
46,Statielei 16,2022-09-19,18:00:00,214,66,148,FMN GV 03 Hove
46,Statielei 16,2022-09-19,19:00:00,93,46,47,FMN GV 03 Hove
46,Statielei 16,2022-09-19,20:00:00,59,28,31,FMN GV 03 Hove
46,Statielei 16,2022-09-19,21:00:00,36,15,21,FMN GV 03 Hove
46,Statielei 16,2022-09-19,22:00:00,50,19,31,FMN GV 03 Hove
46,Statielei 16,2022-09-19,23:00:00,9,2,7,FMN GV 03 Hove
46,Statielei 16,2022-09-20,00:00:00,4,0,4,FMN GV 03 Hove
46,Statielei 16,2022-09-20,01:00:00,3,0,3,FMN GV 03 Hove
46,Statielei 16,2022-09-20,02:00:00,0,0,0,FMN GV 03 Hove
46,Statielei 16,2022-09-20,03:00:00,2,1,1,FMN GV 03 Hove
46,Statielei 16,2022-09-20,04:00:00,11,6,5,FMN GV 03 Hove
46,Statielei 16,2022-09-20,05:00:00,28,18,10,FMN GV 03 Hove
46,Statielei 16,2022-09-20,06:00:00,103,75,28,FMN GV 03 Hove
46,Statielei 16,2022-09-20,07:00:00,405,321,84,FMN GV 03 Hove
46,Statielei 16,2022-09-20,08:00:00,480,377,103,FMN GV 03 Hove
46,Statielei 16,2022-09-20,09:00:00,124,90,34,FMN GV 03 Hove
46,Statielei 16,2022-09-20,10:00:00,83,60,23,FMN GV 03 Hove
46,Statielei 16,2022-09-20,11:00:00,104,37,67,FMN GV 03 Hove
46,Statielei 16,2022-09-20,12:00:00,160,87,73,FMN GV 03 Hove
46,Statielei 16,2022-09-20,13:00:00,138,69,69,FMN GV 03 Hove
46,Statielei 16,2022-09-20,14:00:00,105,43,62,FMN GV 03 Hove
46,Statielei 16,2022-09-20,15:00:00,187,71,116,FMN GV 03 Hove
46,Statielei 16,2022-09-20,16:00:00,339,95,244,FMN GV 03 Hove
46,Statielei 16,2022-09-20,17:00:00,413,129,284,FMN GV 03 Hove
46,Statielei 16,2022-09-20,18:00:00,231,85,146,FMN GV 03 Hove
46,Statielei 16,2022-09-20,19:00:00,127,56,71,FMN GV 03 Hove
46,Statielei 16,2022-09-20,20:00:00,64,26,38,FMN GV 03 Hove
46,Statielei 16,2022-09-20,21:00:00,53,26,27,FMN GV 03 Hove
46,Statielei 16,2022-09-20,22:00:00,66,25,41,FMN GV 03 Hove
46,Statielei 16,2022-09-20,23:00:00,15,5,10,FMN GV 03 Hove
46,Statielei 16,2022-09-21,00:00:00,14,8,6,FMN GV 03 Hove
46,Statielei 16,2022-09-21,01:00:00,1,1,0,FMN GV 03 Hove
46,Statielei 16,2022-09-21,02:00:00,6,5,1,FMN GV 03 Hove
46,Statielei 16,2022-09-21,03:00:00,4,0,4,FMN GV 03 Hove
46,Statielei 16,2022-09-21,04:00:00,11,1,10,FMN GV 03 Hove
46,Statielei 16,2022-09-21,05:00:00,28,16,12,FMN GV 03 Hove
46,Statielei 16,2022-09-21,06:00:00,96,68,28,FMN GV 03 Hove
46,Statielei 16,2022-09-21,07:00:00,345,280,65,FMN GV 03 Hove
46,Statielei 16,2022-09-21,08:00:00,390,307,83,FMN GV 03 Hove
46,Statielei 16,2022-09-21,09:00:00,146,106,40,FMN GV 03 Hove
46,Statielei 16,2022-09-21,10:00:00,149,85,64,FMN GV 03 Hove
46,Statielei 16,2022-09-21,11:00:00,134,66,68,FMN GV 03 Hove
46,Statielei 16,2022-09-21,12:00:00,287,109,178,FMN GV 03 Hove
46,Statielei 16,2022-09-21,13:00:00,195,84,111,FMN GV 03 Hove
46,Statielei 16,2022-09-21,14:00:00,188,102,86,FMN GV 03 Hove
46,Statielei 16,2022-09-21,15:00:00,204,94,110,FMN GV 03 Hove
46,Statielei 16,2022-09-21,16:00:00,266,107,159,FMN GV 03 Hove
46,Statielei 16,2022-09-21,17:00:00,347,124,223,FMN GV 03 Hove
46,Statielei 16,2022-09-21,18:00:00,212,80,132,FMN GV 03 Hove
46,Statielei 16,2022-09-21,19:00:00,131,64,67,FMN GV 03 Hove
46,Statielei 16,2022-09-21,20:00:00,76,45,31,FMN GV 03 Hove
46,Statielei 16,2022-09-21,21:00:00,53,23,30,FMN GV 03 Hove
46,Statielei 16,2022-09-21,22:00:00,64,23,41,FMN GV 03 Hove
46,Statielei 16,2022-09-21,23:00:00,20,5,15,FMN GV 03 Hove
46,Statielei 16,2022-09-22,00:00:00,11,4,7,FMN GV 03 Hove
46,Statielei 16,2022-09-22,01:00:00,4,1,3,FMN GV 03 Hove
46,Statielei 16,2022-09-22,02:00:00,2,0,2,FMN GV 03 Hove
46,Statielei 16,2022-09-22,03:00:00,1,0,1,FMN GV 03 Hove
46,Statielei 16,2022-09-22,04:00:00,7,4,3,FMN GV 03 Hove
46,Statielei 16,2022-09-22,05:00:00,30,18,12,FMN GV 03 Hove
46,Statielei 16,2022-09-22,06:00:00,113,82,31,FMN GV 03 Hove
46,Statielei 16,2022-09-22,07:00:00,389,304,85,FMN GV 03 Hove
46,Statielei 16,2022-09-22,08:00:00,441,347,94,FMN GV 03 Hove
46,Statielei 16,2022-09-22,09:00:00,138,99,39,FMN GV 03 Hove
46,Statielei 16,2022-09-22,10:00:00,109,62,47,FMN GV 03 Hove
46,Statielei 16,2022-09-22,11:00:00,115,64,51,FMN GV 03 Hove
46,Statielei 16,2022-09-22,12:00:00,178,102,76,FMN GV 03 Hove
46,Statielei 16,2022-09-22,13:00:00,187,93,94,FMN GV 03 Hove
46,Statielei 16,2022-09-22,14:00:00,158,87,71,FMN GV 03 Hove
46,Statielei 16,2022-09-22,15:00:00,249,116,133,FMN GV 03 Hove
46,Statielei 16,2022-09-22,16:00:00,417,142,275,FMN GV 03 Hove
46,Statielei 16,2022-09-22,17:00:00,410,135,275,FMN GV 03 Hove
46,Statielei 16,2022-09-22,18:00:00,282,112,170,FMN GV 03 Hove
46,Statielei 16,2022-09-22,19:00:00,151,84,67,FMN GV 03 Hove
46,Statielei 16,2022-09-22,20:00:00,76,43,33,FMN GV 03 Hove
46,Statielei 16,2022-09-22,21:00:00,56,29,27,FMN GV 03 Hove
46,Statielei 16,2022-09-22,22:00:00,69,24,45,FMN GV 03 Hove
46,Statielei 16,2022-09-22,23:00:00,34,5,29,FMN GV 03 Hove
46,Statielei 16,2022-09-23,00:00:00,16,7,9,FMN GV 03 Hove
46,Statielei 16,2022-09-23,01:00:00,7,4,3,FMN GV 03 Hove
46,Statielei 16,2022-09-23,02:00:00,6,2,4,FMN GV 03 Hove
46,Statielei 16,2022-09-23,03:00:00,3,0,3,FMN GV 03 Hove
46,Statielei 16,2022-09-23,04:00:00,7,5,2,FMN GV 03 Hove
46,Statielei 16,2022-09-23,05:00:00,28,21,7,FMN GV 03 Hove
46,Statielei 16,2022-09-23,06:00:00,81,49,32,FMN GV 03 Hove
46,Statielei 16,2022-09-23,07:00:00,318,245,73,FMN GV 03 Hove
46,Statielei 16,2022-09-23,08:00:00,314,234,80,FMN GV 03 Hove
46,Statielei 16,2022-09-23,09:00:00,146,94,52,FMN GV 03 Hove
46,Statielei 16,2022-09-23,10:00:00,114,70,44,FMN GV 03 Hove
46,Statielei 16,2022-09-23,11:00:00,104,57,47,FMN GV 03 Hove
46,Statielei 16,2022-09-23,12:00:00,147,71,76,FMN GV 03 Hove
46,Statielei 16,2022-09-23,13:00:00,140,66,74,FMN GV 03 Hove
46,Statielei 16,2022-09-23,14:00:00,142,61,81,FMN GV 03 Hove
46,Statielei 16,2022-09-23,15:00:00,198,89,109,FMN GV 03 Hove
46,Statielei 16,2022-09-23,16:00:00,280,96,184,FMN GV 03 Hove
46,Statielei 16,2022-09-23,17:00:00,258,98,160,FMN GV 03 Hove
46,Statielei 16,2022-09-23,18:00:00,177,72,105,FMN GV 03 Hove
46,Statielei 16,2022-09-23,19:00:00,91,44,47,FMN GV 03 Hove
46,Statielei 16,2022-09-23,20:00:00,50,25,25,FMN GV 03 Hove
46,Statielei 16,2022-09-23,21:00:00,44,20,24,FMN GV 03 Hove
46,Statielei 16,2022-09-23,22:00:00,48,18,30,FMN GV 03 Hove
46,Statielei 16,2022-09-23,23:00:00,28,7,21,FMN GV 03 Hove
46,Statielei 16,2022-09-24,00:00:00,18,8,10,FMN GV 03 Hove
46,Statielei 16,2022-09-24,01:00:00,28,14,14,FMN GV 03 Hove
46,Statielei 16,2022-09-24,02:00:00,11,2,9,FMN GV 03 Hove
46,Statielei 16,2022-09-24,03:00:00,3,2,1,FMN GV 03 Hove
46,Statielei 16,2022-09-24,04:00:00,6,5,1,FMN GV 03 Hove
46,Statielei 16,2022-09-24,05:00:00,6,4,2,FMN GV 03 Hove
46,Statielei 16,2022-09-24,06:00:00,13,9,4,FMN GV 03 Hove
46,Statielei 16,2022-09-24,07:00:00,13,4,9,FMN GV 03 Hove
46,Statielei 16,2022-09-24,08:00:00,30,17,13,FMN GV 03 Hove
46,Statielei 16,2022-09-24,09:00:00,44,32,12,FMN GV 03 Hove
46,Statielei 16,2022-09-24,10:00:00,40,30,10,FMN GV 03 Hove
46,Statielei 16,2022-09-24,11:00:00,44,23,21,FMN GV 03 Hove
46,Statielei 16,2022-09-24,12:00:00,57,23,34,FMN GV 03 Hove
46,Statielei 16,2022-09-24,13:00:00,45,20,25,FMN GV 03 Hove
46,Statielei 16,2022-09-24,14:00:00,46,22,24,FMN GV 03 Hove
46,Statielei 16,2022-09-24,15:00:00,55,29,26,FMN GV 03 Hove
46,Statielei 16,2022-09-24,16:00:00,43,23,20,FMN GV 03 Hove
46,Statielei 16,2022-09-24,17:00:00,36,14,22,FMN GV 03 Hove
46,Statielei 16,2022-09-24,18:00:00,48,27,21,FMN GV 03 Hove
46,Statielei 16,2022-09-24,19:00:00,32,20,12,FMN GV 03 Hove
46,Statielei 16,2022-09-24,20:00:00,43,23,20,FMN GV 03 Hove
46,Statielei 16,2022-09-24,21:00:00,23,16,7,FMN GV 03 Hove
46,Statielei 16,2022-09-24,22:00:00,19,8,11,FMN GV 03 Hove
46,Statielei 16,2022-09-24,23:00:00,26,9,17,FMN GV 03 Hove
46,Statielei 16,2022-09-25,00:00:00,19,11,8,FMN GV 03 Hove
46,Statielei 16,2022-09-25,01:00:00,16,5,11,FMN GV 03 Hove
46,Statielei 16,2022-09-25,02:00:00,13,4,9,FMN GV 03 Hove
46,Statielei 16,2022-09-25,03:00:00,8,5,3,FMN GV 03 Hove
46,Statielei 16,2022-09-25,04:00:00,5,2,3,FMN GV 03 Hove
46,Statielei 16,2022-09-25,05:00:00,8,5,3,FMN GV 03 Hove
46,Statielei 16,2022-09-25,06:00:00,9,6,3,FMN GV 03 Hove
46,Statielei 16,2022-09-25,07:00:00,19,9,10,FMN GV 03 Hove
46,Statielei 16,2022-09-25,08:00:00,15,7,8,FMN GV 03 Hove
46,Statielei 16,2022-09-25,09:00:00,92,34,58,FMN GV 03 Hove
46,Statielei 16,2022-09-25,10:00:00,147,85,62,FMN GV 03 Hove
46,Statielei 16,2022-09-25,11:00:00,148,96,52,FMN GV 03 Hove
46,Statielei 16,2022-09-25,12:00:00,186,117,69,FMN GV 03 Hove
46,Statielei 16,2022-09-25,13:00:00,183,109,74,FMN GV 03 Hove
46,Statielei 16,2022-09-25,14:00:00,152,87,65,FMN GV 03 Hove
46,Statielei 16,2022-09-25,15:00:00,148,88,60,FMN GV 03 Hove
46,Statielei 16,2022-09-25,16:00:00,129,71,58,FMN GV 03 Hove
46,Statielei 16,2022-09-25,17:00:00,147,79,68,FMN GV 03 Hove
46,Statielei 16,2022-09-25,18:00:00,102,63,39,FMN GV 03 Hove
46,Statielei 16,2022-09-25,19:00:00,82,42,40,FMN GV 03 Hove
46,Statielei 16,2022-09-25,20:00:00,48,25,23,FMN GV 03 Hove
46,Statielei 16,2022-09-25,21:00:00,21,10,11,FMN GV 03 Hove
46,Statielei 16,2022-09-25,22:00:00,25,12,13,FMN GV 03 Hove
46,Statielei 16,2022-09-25,23:00:00,16,11,5,FMN GV 03 Hove
46,Statielei 16,2022-09-26,00:00:00,9,6,3,FMN GV 03 Hove
46,Statielei 16,2022-09-26,01:00:00,5,2,3,FMN GV 03 Hove
46,Statielei 16,2022-09-26,02:00:00,4,0,4,FMN GV 03 Hove
46,Statielei 16,2022-09-26,03:00:00,5,1,4,FMN GV 03 Hove
46,Statielei 16,2022-09-26,04:00:00,10,8,2,FMN GV 03 Hove
46,Statielei 16,2022-09-26,05:00:00,20,11,9,FMN GV 03 Hove
46,Statielei 16,2022-09-26,06:00:00,91,63,28,FMN GV 03 Hove
46,Statielei 16,2022-09-26,07:00:00,299,250,49,FMN GV 03 Hove
46,Statielei 16,2022-09-26,08:00:00,346,280,66,FMN GV 03 Hove
46,Statielei 16,2022-09-26,09:00:00,108,73,35,FMN GV 03 Hove
46,Statielei 16,2022-09-26,10:00:00,59,41,18,FMN GV 03 Hove
46,Statielei 16,2022-09-26,11:00:00,38,19,19,FMN GV 03 Hove
46,Statielei 16,2022-09-26,12:00:00,75,37,38,FMN GV 03 Hove
46,Statielei 16,2022-09-26,13:00:00,48,25,23,FMN GV 03 Hove
46,Statielei 16,2022-09-26,14:00:00,66,26,40,FMN GV 03 Hove
46,Statielei 16,2022-09-26,15:00:00,105,30,75,FMN GV 03 Hove
46,Statielei 16,2022-09-26,16:00:00,205,42,163,FMN GV 03 Hove
46,Statielei 16,2022-09-26,17:00:00,232,70,162,FMN GV 03 Hove
46,Statielei 16,2022-09-26,18:00:00,156,59,97,FMN GV 03 Hove
46,Statielei 16,2022-09-26,19:00:00,50,17,33,FMN GV 03 Hove
46,Statielei 16,2022-09-26,20:00:00,27,13,14,FMN GV 03 Hove
46,Statielei 16,2022-09-26,21:00:00,16,7,9,FMN GV 03 Hove
46,Statielei 16,2022-09-26,22:00:00,13,7,6,FMN GV 03 Hove
46,Statielei 16,2022-09-26,23:00:00,10,3,7,FMN GV 03 Hove
46,Statielei 16,2022-09-27,00:00:00,2,0,2,FMN GV 03 Hove
46,Statielei 16,2022-09-27,01:00:00,2,0,2,FMN GV 03 Hove
46,Statielei 16,2022-09-27,02:00:00,0,0,0,FMN GV 03 Hove
46,Statielei 16,2022-09-27,03:00:00,2,2,0,FMN GV 03 Hove
46,Statielei 16,2022-09-27,04:00:00,9,6,3,FMN GV 03 Hove
46,Statielei 16,2022-09-27,05:00:00,18,12,6,FMN GV 03 Hove
46,Statielei 16,2022-09-27,06:00:00,57,42,15,FMN GV 03 Hove
46,Statielei 16,2022-09-27,07:00:00,265,220,45,FMN GV 03 Hove
46,Statielei 16,2022-09-27,08:00:00,319,258,61,FMN GV 03 Hove
46,Statielei 16,2022-09-27,09:00:00,75,55,20,FMN GV 03 Hove
46,Statielei 16,2022-09-27,10:00:00,61,33,28,FMN GV 03 Hove
46,Statielei 16,2022-09-27,11:00:00,35,24,11,FMN GV 03 Hove
46,Statielei 16,2022-09-27,12:00:00,60,29,31,FMN GV 03 Hove
46,Statielei 16,2022-09-27,13:00:00,51,33,18,FMN GV 03 Hove
46,Statielei 16,2022-09-27,14:00:00,57,26,31,FMN GV 03 Hove
46,Statielei 16,2022-09-27,15:00:00,115,43,72,FMN GV 03 Hove
46,Statielei 16,2022-09-27,16:00:00,189,47,142,FMN GV 03 Hove
46,Statielei 16,2022-09-27,17:00:00,224,58,166,FMN GV 03 Hove
46,Statielei 16,2022-09-27,18:00:00,144,48,96,FMN GV 03 Hove
46,Statielei 16,2022-09-27,19:00:00,72,38,34,FMN GV 03 Hove
46,Statielei 16,2022-09-27,20:00:00,38,18,20,FMN GV 03 Hove
46,Statielei 16,2022-09-27,21:00:00,28,15,13,FMN GV 03 Hove
46,Statielei 16,2022-09-27,22:00:00,30,12,18,FMN GV 03 Hove
46,Statielei 16,2022-09-27,23:00:00,12,3,9,FMN GV 03 Hove
46,Statielei 16,2022-09-28,00:00:00,7,1,6,FMN GV 03 Hove
46,Statielei 16,2022-09-28,01:00:00,3,2,1,FMN GV 03 Hove
46,Statielei 16,2022-09-28,02:00:00,0,0,0,FMN GV 03 Hove
46,Statielei 16,2022-09-28,03:00:00,4,3,1,FMN GV 03 Hove
46,Statielei 16,2022-09-28,04:00:00,11,7,4,FMN GV 03 Hove
46,Statielei 16,2022-09-28,05:00:00,25,15,10,FMN GV 03 Hove
46,Statielei 16,2022-09-28,06:00:00,68,47,21,FMN GV 03 Hove
46,Statielei 16,2022-09-28,07:00:00,270,209,61,FMN GV 03 Hove
46,Statielei 16,2022-09-28,08:00:00,321,246,75,FMN GV 03 Hove
46,Statielei 16,2022-09-28,09:00:00,144,102,42,FMN GV 03 Hove
46,Statielei 16,2022-09-28,10:00:00,96,57,39,FMN GV 03 Hove
46,Statielei 16,2022-09-28,11:00:00,111,57,54,FMN GV 03 Hove
46,Statielei 16,2022-09-28,12:00:00,210,87,123,FMN GV 03 Hove
46,Statielei 16,2022-09-28,13:00:00,151,58,93,FMN GV 03 Hove
46,Statielei 16,2022-09-28,14:00:00,86,33,53,FMN GV 03 Hove
46,Statielei 16,2022-09-28,15:00:00,125,55,70,FMN GV 03 Hove
46,Statielei 16,2022-09-28,16:00:00,178,60,118,FMN GV 03 Hove
46,Statielei 16,2022-09-28,17:00:00,247,93,154,FMN GV 03 Hove
46,Statielei 16,2022-09-28,18:00:00,147,62,85,FMN GV 03 Hove
46,Statielei 16,2022-09-28,19:00:00,90,49,41,FMN GV 03 Hove
46,Statielei 16,2022-09-28,20:00:00,46,22,24,FMN GV 03 Hove
46,Statielei 16,2022-09-28,21:00:00,36,16,20,FMN GV 03 Hove
46,Statielei 16,2022-09-28,22:00:00,35,13,22,FMN GV 03 Hove
46,Statielei 16,2022-09-28,23:00:00,17,6,11,FMN GV 03 Hove
46,Statielei 16,2022-09-29,00:00:00,18,7,11,FMN GV 03 Hove
46,Statielei 16,2022-09-29,01:00:00,2,0,2,FMN GV 03 Hove
46,Statielei 16,2022-09-29,02:00:00,1,1,0,FMN GV 03 Hove
46,Statielei 16,2022-09-29,03:00:00,2,1,1,FMN GV 03 Hove
46,Statielei 16,2022-09-29,04:00:00,17,12,5,FMN GV 03 Hove
46,Statielei 16,2022-09-29,05:00:00,31,22,9,FMN GV 03 Hove
46,Statielei 16,2022-09-29,06:00:00,96,71,25,FMN GV 03 Hove
46,Statielei 16,2022-09-29,07:00:00,341,280,61,FMN GV 03 Hove
46,Statielei 16,2022-09-29,08:00:00,415,325,90,FMN GV 03 Hove
46,Statielei 16,2022-09-29,09:00:00,144,98,46,FMN GV 03 Hove
46,Statielei 16,2022-09-29,10:00:00,93,55,38,FMN GV 03 Hove
46,Statielei 16,2022-09-29,11:00:00,110,51,59,FMN GV 03 Hove
46,Statielei 16,2022-09-29,12:00:00,160,76,84,FMN GV 03 Hove
46,Statielei 16,2022-09-29,13:00:00,148,81,67,FMN GV 03 Hove
46,Statielei 16,2022-09-29,14:00:00,136,67,69,FMN GV 03 Hove
46,Statielei 16,2022-09-29,15:00:00,212,97,115,FMN GV 03 Hove
46,Statielei 16,2022-09-29,16:00:00,349,114,235,FMN GV 03 Hove
46,Statielei 16,2022-09-29,17:00:00,348,132,216,FMN GV 03 Hove
46,Statielei 16,2022-09-29,18:00:00,211,82,129,FMN GV 03 Hove
46,Statielei 16,2022-09-29,19:00:00,109,42,67,FMN GV 03 Hove
46,Statielei 16,2022-09-29,20:00:00,53,21,32,FMN GV 03 Hove
46,Statielei 16,2022-09-29,21:00:00,42,18,24,FMN GV 03 Hove
46,Statielei 16,2022-09-29,22:00:00,72,25,47,FMN GV 03 Hove
46,Statielei 16,2022-09-29,23:00:00,39,10,29,FMN GV 03 Hove
46,Statielei 16,2022-09-30,00:00:00,12,2,10,FMN GV 03 Hove
46,Statielei 16,2022-09-30,01:00:00,4,2,2,FMN GV 03 Hove
46,Statielei 16,2022-09-30,02:00:00,4,1,3,FMN GV 03 Hove
46,Statielei 16,2022-09-30,03:00:00,1,0,1,FMN GV 03 Hove
46,Statielei 16,2022-09-30,04:00:00,14,10,4,FMN GV 03 Hove
46,Statielei 16,2022-09-30,05:00:00,27,13,14,FMN GV 03 Hove
46,Statielei 16,2022-09-30,06:00:00,74,53,21,FMN GV 03 Hove
46,Statielei 16,2022-09-30,07:00:00,298,228,70,FMN GV 03 Hove
46,Statielei 16,2022-09-30,08:00:00,371,291,80,FMN GV 03 Hove
46,Statielei 16,2022-09-30,09:00:00,145,105,40,FMN GV 03 Hove
46,Statielei 16,2022-09-30,10:00:00,106,72,34,FMN GV 03 Hove
46,Statielei 16,2022-09-30,11:00:00,122,82,40,FMN GV 03 Hove
46,Statielei 16,2022-09-30,12:00:00,186,89,97,FMN GV 03 Hove
46,Statielei 16,2022-09-30,13:00:00,199,115,84,FMN GV 03 Hove
46,Statielei 16,2022-09-30,14:00:00,228,136,92,FMN GV 03 Hove
46,Statielei 16,2022-09-30,15:00:00,220,81,139,FMN GV 03 Hove
46,Statielei 16,2022-09-30,16:00:00,351,129,222,FMN GV 03 Hove
46,Statielei 16,2022-09-30,17:00:00,296,99,197,FMN GV 03 Hove
46,Statielei 16,2022-09-30,18:00:00,205,91,114,FMN GV 03 Hove
46,Statielei 16,2022-09-30,19:00:00,97,57,40,FMN GV 03 Hove
46,Statielei 16,2022-09-30,20:00:00,73,43,30,FMN GV 03 Hove
46,Statielei 16,2022-09-30,21:00:00,54,25,29,FMN GV 03 Hove
46,Statielei 16,2022-09-30,22:00:00,42,6,36,FMN GV 03 Hove
46,Statielei 16,2022-09-30,23:00:00,40,11,29,FMN GV 03 Hove
46,Statielei 16,2022-10-01,00:00:00,25,10,15,FMN GV 03 Hove
46,Statielei 16,2022-10-01,01:00:00,27,11,16,FMN GV 03 Hove
46,Statielei 16,2022-10-01,02:00:00,25,15,10,FMN GV 03 Hove
46,Statielei 16,2022-10-01,03:00:00,16,9,7,FMN GV 03 Hove
46,Statielei 16,2022-10-01,04:00:00,9,4,5,FMN GV 03 Hove
46,Statielei 16,2022-10-01,05:00:00,8,7,1,FMN GV 03 Hove
46,Statielei 16,2022-10-01,06:00:00,7,6,1,FMN GV 03 Hove
46,Statielei 16,2022-10-01,07:00:00,21,10,11,FMN GV 03 Hove
46,Statielei 16,2022-10-01,08:00:00,29,16,13,FMN GV 03 Hove
46,Statielei 16,2022-10-01,09:00:00,49,22,27,FMN GV 03 Hove
46,Statielei 16,2022-10-01,10:00:00,74,45,29,FMN GV 03 Hove
46,Statielei 16,2022-10-01,11:00:00,75,45,30,FMN GV 03 Hove
46,Statielei 16,2022-10-01,12:00:00,98,62,36,FMN GV 03 Hove
46,Statielei 16,2022-10-01,13:00:00,107,56,51,FMN GV 03 Hove
46,Statielei 16,2022-10-01,14:00:00,129,60,69,FMN GV 03 Hove
46,Statielei 16,2022-10-01,15:00:00,130,84,46,FMN GV 03 Hove
46,Statielei 16,2022-10-01,16:00:00,122,70,52,FMN GV 03 Hove
46,Statielei 16,2022-10-01,17:00:00,86,40,46,FMN GV 03 Hove
46,Statielei 16,2022-10-01,18:00:00,87,56,31,FMN GV 03 Hove
46,Statielei 16,2022-10-01,19:00:00,63,34,29,FMN GV 03 Hove
46,Statielei 16,2022-10-01,20:00:00,39,22,17,FMN GV 03 Hove
46,Statielei 16,2022-10-01,21:00:00,36,20,16,FMN GV 03 Hove
46,Statielei 16,2022-10-01,22:00:00,33,16,17,FMN GV 03 Hove
46,Statielei 16,2022-10-01,23:00:00,26,9,17,FMN GV 03 Hove
46,Statielei 16,2022-10-02,00:00:00,19,8,11,FMN GV 03 Hove
46,Statielei 16,2022-10-02,01:00:00,16,6,10,FMN GV 03 Hove
46,Statielei 16,2022-10-02,02:00:00,18,7,11,FMN GV 03 Hove
46,Statielei 16,2022-10-02,03:00:00,8,4,4,FMN GV 03 Hove
46,Statielei 16,2022-10-02,04:00:00,10,3,7,FMN GV 03 Hove
46,Statielei 16,2022-10-02,05:00:00,7,7,0,FMN GV 03 Hove
46,Statielei 16,2022-10-02,06:00:00,5,4,1,FMN GV 03 Hove
46,Statielei 16,2022-10-02,07:00:00,15,9,6,FMN GV 03 Hove
46,Statielei 16,2022-10-02,08:00:00,15,6,9,FMN GV 03 Hove
46,Statielei 16,2022-10-02,09:00:00,50,28,22,FMN GV 03 Hove
46,Statielei 16,2022-10-02,10:00:00,79,40,39,FMN GV 03 Hove
46,Statielei 16,2022-10-02,11:00:00,111,74,37,FMN GV 03 Hove
46,Statielei 16,2022-10-02,12:00:00,115,79,36,FMN GV 03 Hove
46,Statielei 16,2022-10-02,13:00:00,96,56,40,FMN GV 03 Hove
46,Statielei 16,2022-10-02,14:00:00,113,73,40,FMN GV 03 Hove
46,Statielei 16,2022-10-02,15:00:00,116,65,51,FMN GV 03 Hove
46,Statielei 16,2022-10-02,16:00:00,103,38,65,FMN GV 03 Hove
46,Statielei 16,2022-10-02,17:00:00,141,79,62,FMN GV 03 Hove
46,Statielei 16,2022-10-02,18:00:00,61,37,24,FMN GV 03 Hove
46,Statielei 16,2022-10-02,19:00:00,49,23,26,FMN GV 03 Hove
46,Statielei 16,2022-10-02,20:00:00,32,17,15,FMN GV 03 Hove
46,Statielei 16,2022-10-02,21:00:00,33,25,8,FMN GV 03 Hove
46,Statielei 16,2022-10-02,22:00:00,15,5,10,FMN GV 03 Hove
46,Statielei 16,2022-10-02,23:00:00,11,6,5,FMN GV 03 Hove
46,Statielei 16,2022-10-03,00:00:00,3,1,2,FMN GV 03 Hove
46,Statielei 16,2022-10-03,01:00:00,0,0,0,FMN GV 03 Hove
46,Statielei 16,2022-10-03,02:00:00,3,2,1,FMN GV 03 Hove
46,Statielei 16,2022-10-03,03:00:00,1,1,0,FMN GV 03 Hove
46,Statielei 16,2022-10-03,04:00:00,15,10,5,FMN GV 03 Hove
46,Statielei 16,2022-10-03,05:00:00,23,17,6,FMN GV 03 Hove
46,Statielei 16,2022-10-03,06:00:00,109,82,27,FMN GV 03 Hove
46,Statielei 16,2022-10-03,07:00:00,355,285,70,FMN GV 03 Hove
46,Statielei 16,2022-10-03,08:00:00,396,305,91,FMN GV 03 Hove
46,Statielei 16,2022-10-03,09:00:00,139,96,43,FMN GV 03 Hove
46,Statielei 16,2022-10-03,10:00:00,111,69,42,FMN GV 03 Hove
46,Statielei 16,2022-10-03,11:00:00,103,63,40,FMN GV 03 Hove
46,Statielei 16,2022-10-03,12:00:00,132,71,61,FMN GV 03 Hove
46,Statielei 16,2022-10-03,13:00:00,165,78,87,FMN GV 03 Hove
46,Statielei 16,2022-10-03,14:00:00,139,76,63,FMN GV 03 Hove
46,Statielei 16,2022-10-03,15:00:00,204,77,127,FMN GV 03 Hove
46,Statielei 16,2022-10-03,16:00:00,393,130,263,FMN GV 03 Hove
46,Statielei 16,2022-10-03,17:00:00,409,142,267,FMN GV 03 Hove
46,Statielei 16,2022-10-03,18:00:00,222,79,143,FMN GV 03 Hove
46,Statielei 16,2022-10-03,19:00:00,95,43,52,FMN GV 03 Hove
46,Statielei 16,2022-10-03,20:00:00,58,35,23,FMN GV 03 Hove
46,Statielei 16,2022-10-03,21:00:00,66,32,34,FMN GV 03 Hove
46,Statielei 16,2022-10-03,22:00:00,41,15,26,FMN GV 03 Hove
46,Statielei 16,2022-10-03,23:00:00,17,9,8,FMN GV 03 Hove
46,Statielei 16,2022-10-04,00:00:00,6,0,6,FMN GV 03 Hove
46,Statielei 16,2022-10-04,01:00:00,5,1,4,FMN GV 03 Hove
46,Statielei 16,2022-10-04,02:00:00,3,1,2,FMN GV 03 Hove
46,Statielei 16,2022-10-04,03:00:00,2,1,1,FMN GV 03 Hove
46,Statielei 16,2022-10-04,04:00:00,14,10,4,FMN GV 03 Hove
46,Statielei 16,2022-10-04,05:00:00,26,20,6,FMN GV 03 Hove
46,Statielei 16,2022-10-04,06:00:00,127,93,34,FMN GV 03 Hove
46,Statielei 16,2022-10-04,07:00:00,414,329,85,FMN GV 03 Hove
46,Statielei 16,2022-10-04,08:00:00,492,386,106,FMN GV 03 Hove
46,Statielei 16,2022-10-04,09:00:00,161,118,43,FMN GV 03 Hove
46,Statielei 16,2022-10-04,10:00:00,109,62,47,FMN GV 03 Hove
46,Statielei 16,2022-10-04,11:00:00,118,76,42,FMN GV 03 Hove
46,Statielei 16,2022-10-04,12:00:00,175,88,87,FMN GV 03 Hove
46,Statielei 16,2022-10-04,13:00:00,153,82,71,FMN GV 03 Hove
46,Statielei 16,2022-10-04,14:00:00,152,72,80,FMN GV 03 Hove
46,Statielei 16,2022-10-04,15:00:00,297,126,171,FMN GV 03 Hove
46,Statielei 16,2022-10-04,16:00:00,426,126,300,FMN GV 03 Hove
46,Statielei 16,2022-10-04,17:00:00,479,149,330,FMN GV 03 Hove
46,Statielei 16,2022-10-04,18:00:00,262,92,170,FMN GV 03 Hove
46,Statielei 16,2022-10-04,19:00:00,146,82,64,FMN GV 03 Hove
46,Statielei 16,2022-10-04,20:00:00,67,34,33,FMN GV 03 Hove
46,Statielei 16,2022-10-04,21:00:00,62,32,30,FMN GV 03 Hove
46,Statielei 16,2022-10-04,22:00:00,65,28,37,FMN GV 03 Hove
46,Statielei 16,2022-10-04,23:00:00,30,15,15,FMN GV 03 Hove
46,Statielei 16,2022-10-05,00:00:00,8,3,5,FMN GV 03 Hove
46,Statielei 16,2022-10-05,01:00:00,2,2,0,FMN GV 03 Hove
46,Statielei 16,2022-10-05,02:00:00,1,1,0,FMN GV 03 Hove
46,Statielei 16,2022-10-05,03:00:00,4,1,3,FMN GV 03 Hove
46,Statielei 16,2022-10-05,04:00:00,11,6,5,FMN GV 03 Hove
46,Statielei 16,2022-10-05,05:00:00,37,27,10,FMN GV 03 Hove
46,Statielei 16,2022-10-05,06:00:00,123,87,36,FMN GV 03 Hove
46,Statielei 16,2022-10-05,07:00:00,408,322,86,FMN GV 03 Hove
46,Statielei 16,2022-10-05,08:00:00,486,375,111,FMN GV 03 Hove
46,Statielei 16,2022-10-05,09:00:00,189,143,46,FMN GV 03 Hove
46,Statielei 16,2022-10-05,10:00:00,137,92,45,FMN GV 03 Hove
46,Statielei 16,2022-10-05,11:00:00,135,77,58,FMN GV 03 Hove
46,Statielei 16,2022-10-05,12:00:00,270,99,171,FMN GV 03 Hove
46,Statielei 16,2022-10-05,13:00:00,236,94,142,FMN GV 03 Hove
46,Statielei 16,2022-10-05,14:00:00,191,84,107,FMN GV 03 Hove
46,Statielei 16,2022-10-05,15:00:00,186,84,102,FMN GV 03 Hove
46,Statielei 16,2022-10-05,16:00:00,288,97,191,FMN GV 03 Hove
46,Statielei 16,2022-10-05,17:00:00,379,118,261,FMN GV 03 Hove
46,Statielei 16,2022-10-05,18:00:00,207,79,128,FMN GV 03 Hove
46,Statielei 16,2022-10-05,19:00:00,131,65,66,FMN GV 03 Hove
46,Statielei 16,2022-10-05,20:00:00,82,49,33,FMN GV 03 Hove
46,Statielei 16,2022-10-05,21:00:00,40,22,18,FMN GV 03 Hove
46,Statielei 16,2022-10-05,22:00:00,60,29,31,FMN GV 03 Hove
46,Statielei 16,2022-10-05,23:00:00,14,5,9,FMN GV 03 Hove
46,Statielei 16,2022-10-06,00:00:00,11,4,7,FMN GV 03 Hove
46,Statielei 16,2022-10-06,01:00:00,3,2,1,FMN GV 03 Hove
46,Statielei 16,2022-10-06,02:00:00,2,1,1,FMN GV 03 Hove
46,Statielei 16,2022-10-06,03:00:00,4,1,3,FMN GV 03 Hove
46,Statielei 16,2022-10-06,04:00:00,5,5,0,FMN GV 03 Hove
46,Statielei 16,2022-10-06,05:00:00,32,20,12,FMN GV 03 Hove
46,Statielei 16,2022-10-06,06:00:00,123,85,38,FMN GV 03 Hove
46,Statielei 16,2022-10-06,07:00:00,399,319,80,FMN GV 03 Hove
46,Statielei 16,2022-10-06,08:00:00,481,372,109,FMN GV 03 Hove
46,Statielei 16,2022-10-06,09:00:00,176,129,47,FMN GV 03 Hove
46,Statielei 16,2022-10-06,10:00:00,130,65,65,FMN GV 03 Hove
46,Statielei 16,2022-10-06,11:00:00,155,80,75,FMN GV 03 Hove
46,Statielei 16,2022-10-06,12:00:00,163,85,78,FMN GV 03 Hove
46,Statielei 16,2022-10-06,13:00:00,182,91,91,FMN GV 03 Hove
46,Statielei 16,2022-10-06,14:00:00,165,80,85,FMN GV 03 Hove
46,Statielei 16,2022-10-06,15:00:00,221,103,118,FMN GV 03 Hove
46,Statielei 16,2022-10-06,16:00:00,389,115,274,FMN GV 03 Hove
46,Statielei 16,2022-10-06,17:00:00,404,136,268,FMN GV 03 Hove
46,Statielei 16,2022-10-06,18:00:00,266,100,166,FMN GV 03 Hove
46,Statielei 16,2022-10-06,19:00:00,150,65,85,FMN GV 03 Hove
46,Statielei 16,2022-10-06,20:00:00,75,46,29,FMN GV 03 Hove
46,Statielei 16,2022-10-06,21:00:00,65,34,31,FMN GV 03 Hove
46,Statielei 16,2022-10-06,22:00:00,60,29,31,FMN GV 03 Hove
46,Statielei 16,2022-10-06,23:00:00,32,12,20,FMN GV 03 Hove
46,Statielei 16,2022-10-07,00:00:00,21,6,15,FMN GV 03 Hove
46,Statielei 16,2022-10-07,01:00:00,2,1,1,FMN GV 03 Hove
46,Statielei 16,2022-10-07,02:00:00,4,2,2,FMN GV 03 Hove
46,Statielei 16,2022-10-07,03:00:00,3,2,1,FMN GV 03 Hove
46,Statielei 16,2022-10-07,04:00:00,11,11,0,FMN GV 03 Hove
46,Statielei 16,2022-10-07,05:00:00,32,20,12,FMN GV 03 Hove
46,Statielei 16,2022-10-07,06:00:00,105,69,36,FMN GV 03 Hove
46,Statielei 16,2022-10-07,07:00:00,314,235,79,FMN GV 03 Hove
46,Statielei 16,2022-10-07,08:00:00,388,308,80,FMN GV 03 Hove
46,Statielei 16,2022-10-07,09:00:00,137,105,32,FMN GV 03 Hove
46,Statielei 16,2022-10-07,10:00:00,113,76,37,FMN GV 03 Hove
46,Statielei 16,2022-10-07,11:00:00,117,62,55,FMN GV 03 Hove
46,Statielei 16,2022-10-07,12:00:00,166,89,77,FMN GV 03 Hove
46,Statielei 16,2022-10-07,13:00:00,183,86,97,FMN GV 03 Hove
46,Statielei 16,2022-10-07,14:00:00,211,94,117,FMN GV 03 Hove
46,Statielei 16,2022-10-07,15:00:00,257,95,162,FMN GV 03 Hove
46,Statielei 16,2022-10-07,16:00:00,343,120,223,FMN GV 03 Hove
46,Statielei 16,2022-10-07,17:00:00,329,125,204,FMN GV 03 Hove
46,Statielei 16,2022-10-07,18:00:00,212,102,110,FMN GV 03 Hove
46,Statielei 16,2022-10-07,19:00:00,141,77,64,FMN GV 03 Hove
46,Statielei 16,2022-10-07,20:00:00,88,55,33,FMN GV 03 Hove
46,Statielei 16,2022-10-07,21:00:00,56,29,27,FMN GV 03 Hove
46,Statielei 16,2022-10-07,22:00:00,43,16,27,FMN GV 03 Hove
46,Statielei 16,2022-10-07,23:00:00,44,14,30,FMN GV 03 Hove
46,Statielei 16,2022-10-08,00:00:00,40,14,26,FMN GV 03 Hove
46,Statielei 16,2022-10-08,01:00:00,20,7,13,FMN GV 03 Hove
46,Statielei 16,2022-10-08,02:00:00,17,1,16,FMN GV 03 Hove
46,Statielei 16,2022-10-08,03:00:00,6,2,4,FMN GV 03 Hove
46,Statielei 16,2022-10-08,04:00:00,9,7,2,FMN GV 03 Hove
46,Statielei 16,2022-10-08,05:00:00,17,11,6,FMN GV 03 Hove
46,Statielei 16,2022-10-08,06:00:00,21,9,12,FMN GV 03 Hove
46,Statielei 16,2022-10-08,07:00:00,20,11,9,FMN GV 03 Hove
46,Statielei 16,2022-10-08,08:00:00,41,21,20,FMN GV 03 Hove
46,Statielei 16,2022-10-08,09:00:00,78,30,48,FMN GV 03 Hove
46,Statielei 16,2022-10-08,10:00:00,128,70,58,FMN GV 03 Hove
46,Statielei 16,2022-10-08,11:00:00,147,90,57,FMN GV 03 Hove
46,Statielei 16,2022-10-08,12:00:00,160,93,67,FMN GV 03 Hove
46,Statielei 16,2022-10-08,13:00:00,140,80,60,FMN GV 03 Hove
46,Statielei 16,2022-10-08,14:00:00,193,100,93,FMN GV 03 Hove
46,Statielei 16,2022-10-08,15:00:00,162,79,83,FMN GV 03 Hove
46,Statielei 16,2022-10-08,16:00:00,172,93,79,FMN GV 03 Hove
46,Statielei 16,2022-10-08,17:00:00,161,93,68,FMN GV 03 Hove
46,Statielei 16,2022-10-08,18:00:00,114,66,48,FMN GV 03 Hove
46,Statielei 16,2022-10-08,19:00:00,67,41,26,FMN GV 03 Hove
46,Statielei 16,2022-10-08,20:00:00,49,28,21,FMN GV 03 Hove
46,Statielei 16,2022-10-08,21:00:00,47,28,19,FMN GV 03 Hove
46,Statielei 16,2022-10-08,22:00:00,47,22,25,FMN GV 03 Hove
46,Statielei 16,2022-10-08,23:00:00,27,10,17,FMN GV 03 Hove
46,Statielei 16,2022-10-09,00:00:00,23,6,17,FMN GV 03 Hove
46,Statielei 16,2022-10-09,01:00:00,19,8,11,FMN GV 03 Hove
46,Statielei 16,2022-10-09,02:00:00,7,0,7,FMN GV 03 Hove
46,Statielei 16,2022-10-09,03:00:00,7,0,7,FMN GV 03 Hove
46,Statielei 16,2022-10-09,04:00:00,7,4,3,FMN GV 03 Hove
46,Statielei 16,2022-10-09,05:00:00,15,9,6,FMN GV 03 Hove
46,Statielei 16,2022-10-09,06:00:00,15,9,6,FMN GV 03 Hove
46,Statielei 16,2022-10-09,07:00:00,15,6,9,FMN GV 03 Hove
46,Statielei 16,2022-10-09,08:00:00,50,11,39,FMN GV 03 Hove
46,Statielei 16,2022-10-09,09:00:00,113,65,48,FMN GV 03 Hove
46,Statielei 16,2022-10-09,10:00:00,123,64,59,FMN GV 03 Hove
46,Statielei 16,2022-10-09,11:00:00,166,95,71,FMN GV 03 Hove
46,Statielei 16,2022-10-09,12:00:00,193,116,77,FMN GV 03 Hove
46,Statielei 16,2022-10-09,13:00:00,232,117,115,FMN GV 03 Hove
46,Statielei 16,2022-10-09,14:00:00,240,139,101,FMN GV 03 Hove
46,Statielei 16,2022-10-09,15:00:00,189,97,92,FMN GV 03 Hove
46,Statielei 16,2022-10-09,16:00:00,197,100,97,FMN GV 03 Hove
46,Statielei 16,2022-10-09,17:00:00,193,102,91,FMN GV 03 Hove
46,Statielei 16,2022-10-09,18:00:00,116,72,44,FMN GV 03 Hove
46,Statielei 16,2022-10-09,19:00:00,54,26,28,FMN GV 03 Hove
46,Statielei 16,2022-10-09,20:00:00,32,22,10,FMN GV 03 Hove
46,Statielei 16,2022-10-09,21:00:00,42,25,17,FMN GV 03 Hove
46,Statielei 16,2022-10-09,22:00:00,29,15,14,FMN GV 03 Hove
46,Statielei 16,2022-10-09,23:00:00,9,4,5,FMN GV 03 Hove
46,Statielei 16,2022-10-10,00:00:00,3,1,2,FMN GV 03 Hove
46,Statielei 16,2022-10-10,01:00:00,0,0,0,FMN GV 03 Hove
46,Statielei 16,2022-10-10,02:00:00,3,1,2,FMN GV 03 Hove
46,Statielei 16,2022-10-10,03:00:00,1,1,0,FMN GV 03 Hove
46,Statielei 16,2022-10-10,04:00:00,5,3,2,FMN GV 03 Hove
46,Statielei 16,2022-10-10,05:00:00,32,20,12,FMN GV 03 Hove
46,Statielei 16,2022-10-10,06:00:00,110,80,30,FMN GV 03 Hove
46,Statielei 16,2022-10-10,07:00:00,363,282,81,FMN GV 03 Hove
46,Statielei 16,2022-10-10,08:00:00,479,368,111,FMN GV 03 Hove
46,Statielei 16,2022-10-10,09:00:00,139,96,43,FMN GV 03 Hove
46,Statielei 16,2022-10-10,10:00:00,88,51,37,FMN GV 03 Hove
46,Statielei 16,2022-10-10,11:00:00,83,54,29,FMN GV 03 Hove
46,Statielei 16,2022-10-10,12:00:00,159,98,61,FMN GV 03 Hove
46,Statielei 16,2022-10-10,13:00:00,144,77,67,FMN GV 03 Hove
46,Statielei 16,2022-10-10,14:00:00,112,50,62,FMN GV 03 Hove
46,Statielei 16,2022-10-10,15:00:00,209,69,140,FMN GV 03 Hove
46,Statielei 16,2022-10-10,16:00:00,351,92,259,FMN GV 03 Hove
46,Statielei 16,2022-10-10,17:00:00,383,131,252,FMN GV 03 Hove
46,Statielei 16,2022-10-10,18:00:00,213,84,129,FMN GV 03 Hove
46,Statielei 16,2022-10-10,19:00:00,87,32,55,FMN GV 03 Hove
46,Statielei 16,2022-10-10,20:00:00,56,30,26,FMN GV 03 Hove
46,Statielei 16,2022-10-10,21:00:00,41,17,24,FMN GV 03 Hove
46,Statielei 16,2022-10-10,22:00:00,55,29,26,FMN GV 03 Hove
46,Statielei 16,2022-10-10,23:00:00,19,5,14,FMN GV 03 Hove
46,Statielei 16,2022-10-11,00:00:00,4,0,4,FMN GV 03 Hove
46,Statielei 16,2022-10-11,01:00:00,1,0,1,FMN GV 03 Hove
46,Statielei 16,2022-10-11,02:00:00,2,2,0,FMN GV 03 Hove
46,Statielei 16,2022-10-11,03:00:00,0,0,0,FMN GV 03 Hove
46,Statielei 16,2022-10-11,04:00:00,13,8,5,FMN GV 03 Hove
46,Statielei 16,2022-10-11,05:00:00,26,20,6,FMN GV 03 Hove
46,Statielei 16,2022-10-11,06:00:00,103,73,30,FMN GV 03 Hove
46,Statielei 16,2022-10-11,07:00:00,406,327,79,FMN GV 03 Hove
46,Statielei 16,2022-10-11,08:00:00,508,404,104,FMN GV 03 Hove
46,Statielei 16,2022-10-11,09:00:00,160,111,49,FMN GV 03 Hove
46,Statielei 16,2022-10-11,10:00:00,99,67,32,FMN GV 03 Hove
46,Statielei 16,2022-10-11,11:00:00,106,61,45,FMN GV 03 Hove
46,Statielei 16,2022-10-11,12:00:00,152,84,68,FMN GV 03 Hove
46,Statielei 16,2022-10-11,13:00:00,161,98,63,FMN GV 03 Hove
46,Statielei 16,2022-10-11,14:00:00,158,70,88,FMN GV 03 Hove
46,Statielei 16,2022-10-11,15:00:00,242,90,152,FMN GV 03 Hove
46,Statielei 16,2022-10-11,16:00:00,419,139,280,FMN GV 03 Hove
46,Statielei 16,2022-10-11,17:00:00,439,138,301,FMN GV 03 Hove
46,Statielei 16,2022-10-11,18:00:00,305,112,193,FMN GV 03 Hove
46,Statielei 16,2022-10-11,19:00:00,137,61,76,FMN GV 03 Hove
46,Statielei 16,2022-10-11,20:00:00,63,21,42,FMN GV 03 Hove
46,Statielei 16,2022-10-11,21:00:00,62,29,33,FMN GV 03 Hove
46,Statielei 16,2022-10-11,22:00:00,57,31,26,FMN GV 03 Hove
46,Statielei 16,2022-10-11,23:00:00,15,6,9,FMN GV 03 Hove
46,Statielei 16,2022-10-12,00:00:00,12,6,6,FMN GV 03 Hove
46,Statielei 16,2022-10-12,01:00:00,2,1,1,FMN GV 03 Hove
46,Statielei 16,2022-10-12,02:00:00,0,0,0,FMN GV 03 Hove
46,Statielei 16,2022-10-12,03:00:00,4,1,3,FMN GV 03 Hove
46,Statielei 16,2022-10-12,04:00:00,8,5,3,FMN GV 03 Hove
46,Statielei 16,2022-10-12,05:00:00,28,18,10,FMN GV 03 Hove
46,Statielei 16,2022-10-12,06:00:00,104,73,31,FMN GV 03 Hove
46,Statielei 16,2022-10-12,07:00:00,348,278,70,FMN GV 03 Hove
46,Statielei 16,2022-10-12,08:00:00,389,285,104,FMN GV 03 Hove
46,Statielei 16,2022-10-12,09:00:00,168,127,41,FMN GV 03 Hove
46,Statielei 16,2022-10-12,10:00:00,175,112,63,FMN GV 03 Hove
46,Statielei 16,2022-10-12,11:00:00,172,83,89,FMN GV 03 Hove
46,Statielei 16,2022-10-12,12:00:00,242,108,134,FMN GV 03 Hove
46,Statielei 16,2022-10-12,13:00:00,242,101,141,FMN GV 03 Hove
46,Statielei 16,2022-10-12,14:00:00,189,98,91,FMN GV 03 Hove
46,Statielei 16,2022-10-12,15:00:00,227,81,146,FMN GV 03 Hove
46,Statielei 16,2022-10-12,16:00:00,257,90,167,FMN GV 03 Hove
46,Statielei 16,2022-10-12,17:00:00,371,149,222,FMN GV 03 Hove
46,Statielei 16,2022-10-12,18:00:00,224,95,129,FMN GV 03 Hove
46,Statielei 16,2022-10-12,19:00:00,110,51,59,FMN GV 03 Hove
46,Statielei 16,2022-10-12,20:00:00,55,36,19,FMN GV 03 Hove
46,Statielei 16,2022-10-12,21:00:00,42,14,28,FMN GV 03 Hove
46,Statielei 16,2022-10-12,22:00:00,49,24,25,FMN GV 03 Hove
46,Statielei 16,2022-10-12,23:00:00,27,10,17,FMN GV 03 Hove
46,Statielei 16,2022-10-13,00:00:00,11,6,5,FMN GV 03 Hove
46,Statielei 16,2022-10-13,01:00:00,5,1,4,FMN GV 03 Hove
46,Statielei 16,2022-10-13,02:00:00,0,0,0,FMN GV 03 Hove
46,Statielei 16,2022-10-13,03:00:00,2,2,0,FMN GV 03 Hove
46,Statielei 16,2022-10-13,04:00:00,10,8,2,FMN GV 03 Hove
46,Statielei 16,2022-10-13,05:00:00,23,14,9,FMN GV 03 Hove
46,Statielei 16,2022-10-13,06:00:00,99,65,34,FMN GV 03 Hove
46,Statielei 16,2022-10-13,07:00:00,356,289,67,FMN GV 03 Hove
46,Statielei 16,2022-10-13,08:00:00,415,304,111,FMN GV 03 Hove
46,Statielei 16,2022-10-13,09:00:00,123,84,39,FMN GV 03 Hove
46,Statielei 16,2022-10-13,10:00:00,80,52,28,FMN GV 03 Hove
46,Statielei 16,2022-10-13,11:00:00,91,52,39,FMN GV 03 Hove
46,Statielei 16,2022-10-13,12:00:00,109,57,52,FMN GV 03 Hove
46,Statielei 16,2022-10-13,13:00:00,95,42,53,FMN GV 03 Hove
46,Statielei 16,2022-10-13,14:00:00,89,44,45,FMN GV 03 Hove
46,Statielei 16,2022-10-13,15:00:00,148,68,80,FMN GV 03 Hove
46,Statielei 16,2022-10-13,16:00:00,267,79,188,FMN GV 03 Hove
46,Statielei 16,2022-10-13,17:00:00,310,92,218,FMN GV 03 Hove
46,Statielei 16,2022-10-13,18:00:00,180,56,124,FMN GV 03 Hove
46,Statielei 16,2022-10-13,19:00:00,86,45,41,FMN GV 03 Hove
46,Statielei 16,2022-10-13,20:00:00,58,36,22,FMN GV 03 Hove
46,Statielei 16,2022-10-13,21:00:00,47,29,18,FMN GV 03 Hove
46,Statielei 16,2022-10-13,22:00:00,44,11,33,FMN GV 03 Hove
46,Statielei 16,2022-10-13,23:00:00,28,7,21,FMN GV 03 Hove
46,Statielei 16,2022-10-14,00:00:00,14,7,7,FMN GV 03 Hove
46,Statielei 16,2022-10-14,01:00:00,2,0,2,FMN GV 03 Hove
46,Statielei 16,2022-10-14,02:00:00,2,0,2,FMN GV 03 Hove
46,Statielei 16,2022-10-14,03:00:00,4,1,3,FMN GV 03 Hove
46,Statielei 16,2022-10-14,04:00:00,12,6,6,FMN GV 03 Hove
46,Statielei 16,2022-10-14,05:00:00,26,17,9,FMN GV 03 Hove
46,Statielei 16,2022-10-14,06:00:00,92,69,23,FMN GV 03 Hove
46,Statielei 16,2022-10-14,07:00:00,273,218,55,FMN GV 03 Hove
46,Statielei 16,2022-10-14,08:00:00,298,236,62,FMN GV 03 Hove
46,Statielei 16,2022-10-14,09:00:00,89,68,21,FMN GV 03 Hove
46,Statielei 16,2022-10-14,10:00:00,70,44,26,FMN GV 03 Hove
46,Statielei 16,2022-10-14,11:00:00,71,42,29,FMN GV 03 Hove
46,Statielei 16,2022-10-14,12:00:00,95,41,54,FMN GV 03 Hove
46,Statielei 16,2022-10-14,13:00:00,109,45,64,FMN GV 03 Hove
46,Statielei 16,2022-10-14,14:00:00,91,35,56,FMN GV 03 Hove
46,Statielei 16,2022-10-14,15:00:00,168,73,95,FMN GV 03 Hove
46,Statielei 16,2022-10-14,16:00:00,232,66,166,FMN GV 03 Hove
46,Statielei 16,2022-10-14,17:00:00,244,92,152,FMN GV 03 Hove
46,Statielei 16,2022-10-14,18:00:00,150,65,85,FMN GV 03 Hove
46,Statielei 16,2022-10-14,19:00:00,101,49,52,FMN GV 03 Hove
46,Statielei 16,2022-10-14,20:00:00,70,35,35,FMN GV 03 Hove
46,Statielei 16,2022-10-14,21:00:00,43,21,22,FMN GV 03 Hove
46,Statielei 16,2022-10-14,22:00:00,37,10,27,FMN GV 03 Hove
46,Statielei 16,2022-10-14,23:00:00,30,12,18,FMN GV 03 Hove
46,Statielei 16,2022-10-15,00:00:00,25,10,15,FMN GV 03 Hove
46,Statielei 16,2022-10-15,01:00:00,16,7,9,FMN GV 03 Hove
46,Statielei 16,2022-10-15,02:00:00,19,13,6,FMN GV 03 Hove
46,Statielei 16,2022-10-15,03:00:00,20,11,9,FMN GV 03 Hove
46,Statielei 16,2022-10-15,04:00:00,6,3,3,FMN GV 03 Hove
46,Statielei 16,2022-10-15,05:00:00,16,9,7,FMN GV 03 Hove
46,Statielei 16,2022-10-15,06:00:00,17,8,9,FMN GV 03 Hove
46,Statielei 16,2022-10-15,07:00:00,13,6,7,FMN GV 03 Hove
46,Statielei 16,2022-10-15,08:00:00,42,29,13,FMN GV 03 Hove
46,Statielei 16,2022-10-15,09:00:00,73,32,41,FMN GV 03 Hove
46,Statielei 16,2022-10-15,10:00:00,62,42,20,FMN GV 03 Hove
46,Statielei 16,2022-10-15,11:00:00,82,48,34,FMN GV 03 Hove
46,Statielei 16,2022-10-15,12:00:00,87,47,40,FMN GV 03 Hove
46,Statielei 16,2022-10-15,13:00:00,111,67,44,FMN GV 03 Hove
46,Statielei 16,2022-10-15,14:00:00,109,67,42,FMN GV 03 Hove
46,Statielei 16,2022-10-15,15:00:00,85,29,56,FMN GV 03 Hove
46,Statielei 16,2022-10-15,16:00:00,113,69,44,FMN GV 03 Hove
46,Statielei 16,2022-10-15,17:00:00,100,58,42,FMN GV 03 Hove
46,Statielei 16,2022-10-15,18:00:00,88,42,46,FMN GV 03 Hove
46,Statielei 16,2022-10-15,19:00:00,71,42,29,FMN GV 03 Hove
46,Statielei 16,2022-10-15,20:00:00,43,28,15,FMN GV 03 Hove
46,Statielei 16,2022-10-15,21:00:00,32,12,20,FMN GV 03 Hove
46,Statielei 16,2022-10-15,22:00:00,42,16,26,FMN GV 03 Hove
46,Statielei 16,2022-10-15,23:00:00,33,12,21,FMN GV 03 Hove
46,Statielei 16,2022-10-16,00:00:00,31,13,18,FMN GV 03 Hove
46,Statielei 16,2022-10-16,01:00:00,17,9,8,FMN GV 03 Hove
46,Statielei 16,2022-10-16,02:00:00,28,11,17,FMN GV 03 Hove
46,Statielei 16,2022-10-16,03:00:00,8,2,6,FMN GV 03 Hove
46,Statielei 16,2022-10-16,04:00:00,12,6,6,FMN GV 03 Hove
46,Statielei 16,2022-10-16,05:00:00,10,8,2,FMN GV 03 Hove
46,Statielei 16,2022-10-16,06:00:00,7,5,2,FMN GV 03 Hove
46,Statielei 16,2022-10-16,07:00:00,11,7,4,FMN GV 03 Hove
46,Statielei 16,2022-10-16,08:00:00,48,18,30,FMN GV 03 Hove
46,Statielei 16,2022-10-16,09:00:00,126,47,79,FMN GV 03 Hove
46,Statielei 16,2022-10-16,10:00:00,139,60,79,FMN GV 03 Hove
46,Statielei 16,2022-10-16,11:00:00,174,101,73,FMN GV 03 Hove
46,Statielei 16,2022-10-16,12:00:00,179,105,74,FMN GV 03 Hove
46,Statielei 16,2022-10-16,13:00:00,169,93,76,FMN GV 03 Hove
46,Statielei 16,2022-10-16,14:00:00,218,118,100,FMN GV 03 Hove
46,Statielei 16,2022-10-16,15:00:00,203,109,94,FMN GV 03 Hove
46,Statielei 16,2022-10-16,16:00:00,158,83,75,FMN GV 03 Hove
46,Statielei 16,2022-10-16,17:00:00,150,84,66,FMN GV 03 Hove
46,Statielei 16,2022-10-16,18:00:00,78,56,22,FMN GV 03 Hove
46,Statielei 16,2022-10-16,19:00:00,85,41,44,FMN GV 03 Hove
46,Statielei 16,2022-10-16,20:00:00,33,19,14,FMN GV 03 Hove
46,Statielei 16,2022-10-16,21:00:00,14,8,6,FMN GV 03 Hove
46,Statielei 16,2022-10-16,22:00:00,22,10,12,FMN GV 03 Hove
46,Statielei 16,2022-10-16,23:00:00,10,6,4,FMN GV 03 Hove
46,Statielei 16,2022-10-17,00:00:00,5,0,5,FMN GV 03 Hove
46,Statielei 16,2022-10-17,01:00:00,0,0,0,FMN GV 03 Hove
46,Statielei 16,2022-10-17,02:00:00,2,1,1,FMN GV 03 Hove
46,Statielei 16,2022-10-17,03:00:00,2,0,2,FMN GV 03 Hove
46,Statielei 16,2022-10-17,04:00:00,8,4,4,FMN GV 03 Hove
46,Statielei 16,2022-10-17,05:00:00,27,18,9,FMN GV 03 Hove
46,Statielei 16,2022-10-17,06:00:00,93,68,25,FMN GV 03 Hove
46,Statielei 16,2022-10-17,07:00:00,361,290,71,FMN GV 03 Hove
46,Statielei 16,2022-10-17,08:00:00,406,320,86,FMN GV 03 Hove
46,Statielei 16,2022-10-17,09:00:00,106,52,54,FMN GV 03 Hove
46,Statielei 16,2022-10-17,10:00:00,32,22,10,FMN GV 03 Hove
46,Statielei 16,2022-10-17,11:00:00,67,38,29,FMN GV 03 Hove
46,Statielei 16,2022-10-17,12:00:00,99,61,38,FMN GV 03 Hove
46,Statielei 16,2022-10-17,13:00:00,77,36,41,FMN GV 03 Hove
46,Statielei 16,2022-10-17,14:00:00,79,39,40,FMN GV 03 Hove
46,Statielei 16,2022-10-17,15:00:00,164,68,96,FMN GV 03 Hove
46,Statielei 16,2022-10-17,16:00:00,271,67,204,FMN GV 03 Hove
46,Statielei 16,2022-10-17,17:00:00,304,95,209,FMN GV 03 Hove
46,Statielei 16,2022-10-17,18:00:00,218,75,143,FMN GV 03 Hove
46,Statielei 16,2022-10-17,19:00:00,91,49,42,FMN GV 03 Hove
46,Statielei 16,2022-10-17,20:00:00,46,22,24,FMN GV 03 Hove
46,Statielei 16,2022-10-17,21:00:00,32,10,22,FMN GV 03 Hove
46,Statielei 16,2022-10-17,22:00:00,38,14,24,FMN GV 03 Hove
46,Statielei 16,2022-10-17,23:00:00,15,8,7,FMN GV 03 Hove
46,Statielei 16,2022-10-18,00:00:00,3,0,3,FMN GV 03 Hove
46,Statielei 16,2022-10-18,01:00:00,1,1,0,FMN GV 03 Hove
46,Statielei 16,2022-10-18,02:00:00,2,0,2,FMN GV 03 Hove
46,Statielei 16,2022-10-18,03:00:00,2,0,2,FMN GV 03 Hove
46,Statielei 16,2022-10-18,04:00:00,11,6,5,FMN GV 03 Hove
46,Statielei 16,2022-10-18,05:00:00,44,25,19,FMN GV 03 Hove
46,Statielei 16,2022-10-18,06:00:00,112,86,26,FMN GV 03 Hove
46,Statielei 16,2022-10-18,07:00:00,431,337,94,FMN GV 03 Hove
46,Statielei 16,2022-10-18,08:00:00,539,428,111,FMN GV 03 Hove
46,Statielei 16,2022-10-18,09:00:00,150,106,44,FMN GV 03 Hove
46,Statielei 16,2022-10-18,10:00:00,120,74,46,FMN GV 03 Hove
46,Statielei 16,2022-10-18,11:00:00,119,67,52,FMN GV 03 Hove
46,Statielei 16,2022-10-18,12:00:00,168,85,83,FMN GV 03 Hove
46,Statielei 16,2022-10-18,13:00:00,187,91,96,FMN GV 03 Hove
46,Statielei 16,2022-10-18,14:00:00,182,101,81,FMN GV 03 Hove
46,Statielei 16,2022-10-18,15:00:00,291,129,162,FMN GV 03 Hove
46,Statielei 16,2022-10-18,16:00:00,448,142,306,FMN GV 03 Hove
46,Statielei 16,2022-10-18,17:00:00,441,144,297,FMN GV 03 Hove
46,Statielei 16,2022-10-18,18:00:00,309,125,184,FMN GV 03 Hove
46,Statielei 16,2022-10-18,19:00:00,126,62,64,FMN GV 03 Hove
46,Statielei 16,2022-10-18,20:00:00,79,34,45,FMN GV 03 Hove
46,Statielei 16,2022-10-18,21:00:00,64,26,38,FMN GV 03 Hove
46,Statielei 16,2022-10-18,22:00:00,56,22,34,FMN GV 03 Hove
46,Statielei 16,2022-10-18,23:00:00,24,10,14,FMN GV 03 Hove
46,Statielei 16,2022-10-19,00:00:00,16,7,9,FMN GV 03 Hove
46,Statielei 16,2022-10-19,01:00:00,4,2,2,FMN GV 03 Hove
46,Statielei 16,2022-10-19,02:00:00,2,0,2,FMN GV 03 Hove
46,Statielei 16,2022-10-19,03:00:00,3,1,2,FMN GV 03 Hove
46,Statielei 16,2022-10-19,04:00:00,14,7,7,FMN GV 03 Hove
46,Statielei 16,2022-10-19,05:00:00,35,23,12,FMN GV 03 Hove
46,Statielei 16,2022-10-19,06:00:00,114,84,30,FMN GV 03 Hove
46,Statielei 16,2022-10-19,07:00:00,382,300,82,FMN GV 03 Hove
46,Statielei 16,2022-10-19,08:00:00,492,378,114,FMN GV 03 Hove
46,Statielei 16,2022-10-19,09:00:00,174,122,52,FMN GV 03 Hove
46,Statielei 16,2022-10-19,10:00:00,152,106,46,FMN GV 03 Hove
46,Statielei 16,2022-10-19,11:00:00,186,88,98,FMN GV 03 Hove
46,Statielei 16,2022-10-19,12:00:00,281,98,183,FMN GV 03 Hove
46,Statielei 16,2022-10-19,13:00:00,236,100,136,FMN GV 03 Hove
46,Statielei 16,2022-10-19,14:00:00,200,91,109,FMN GV 03 Hove
46,Statielei 16,2022-10-19,15:00:00,220,86,134,FMN GV 03 Hove
46,Statielei 16,2022-10-19,16:00:00,333,117,216,FMN GV 03 Hove
46,Statielei 16,2022-10-19,17:00:00,356,131,225,FMN GV 03 Hove
46,Statielei 16,2022-10-19,18:00:00,232,99,133,FMN GV 03 Hove
46,Statielei 16,2022-10-19,19:00:00,98,54,44,FMN GV 03 Hove
46,Statielei 16,2022-10-19,20:00:00,54,29,25,FMN GV 03 Hove
46,Statielei 16,2022-10-19,21:00:00,47,25,22,FMN GV 03 Hove
46,Statielei 16,2022-10-19,22:00:00,64,23,41,FMN GV 03 Hove
46,Statielei 16,2022-10-19,23:00:00,28,9,19,FMN GV 03 Hove
46,Statielei 16,2022-10-20,00:00:00,24,7,17,FMN GV 03 Hove
46,Statielei 16,2022-10-20,01:00:00,2,1,1,FMN GV 03 Hove
46,Statielei 16,2022-10-20,02:00:00,2,0,2,FMN GV 03 Hove
46,Statielei 16,2022-10-20,03:00:00,6,1,5,FMN GV 03 Hove
46,Statielei 16,2022-10-20,04:00:00,11,6,5,FMN GV 03 Hove
46,Statielei 16,2022-10-20,05:00:00,35,27,8,FMN GV 03 Hove
46,Statielei 16,2022-10-20,06:00:00,101,79,22,FMN GV 03 Hove
46,Statielei 16,2022-10-20,07:00:00,385,306,79,FMN GV 03 Hove
46,Statielei 16,2022-10-20,08:00:00,436,347,89,FMN GV 03 Hove
46,Statielei 16,2022-10-20,09:00:00,141,103,38,FMN GV 03 Hove
46,Statielei 16,2022-10-20,10:00:00,71,51,20,FMN GV 03 Hove
46,Statielei 16,2022-10-20,11:00:00,68,27,41,FMN GV 03 Hove
46,Statielei 16,2022-10-20,12:00:00,96,48,48,FMN GV 03 Hove
46,Statielei 16,2022-10-20,13:00:00,77,39,38,FMN GV 03 Hove
46,Statielei 16,2022-10-20,14:00:00,88,37,51,FMN GV 03 Hove
46,Statielei 16,2022-10-20,15:00:00,179,64,115,FMN GV 03 Hove
46,Statielei 16,2022-10-20,16:00:00,311,95,216,FMN GV 03 Hove
46,Statielei 16,2022-10-20,17:00:00,366,122,244,FMN GV 03 Hove
46,Statielei 16,2022-10-20,18:00:00,223,77,146,FMN GV 03 Hove
46,Statielei 16,2022-10-20,19:00:00,109,47,62,FMN GV 03 Hove
46,Statielei 16,2022-10-20,20:00:00,63,36,27,FMN GV 03 Hove
46,Statielei 16,2022-10-20,21:00:00,62,30,32,FMN GV 03 Hove
46,Statielei 16,2022-10-20,22:00:00,59,24,35,FMN GV 03 Hove
46,Statielei 16,2022-10-20,23:00:00,34,13,21,FMN GV 03 Hove
46,Statielei 16,2022-10-21,00:00:00,16,7,9,FMN GV 03 Hove
46,Statielei 16,2022-10-21,01:00:00,6,1,5,FMN GV 03 Hove
46,Statielei 16,2022-10-21,02:00:00,5,1,4,FMN GV 03 Hove
46,Statielei 16,2022-10-21,03:00:00,2,1,1,FMN GV 03 Hove
46,Statielei 16,2022-10-21,04:00:00,13,8,5,FMN GV 03 Hove
46,Statielei 16,2022-10-21,05:00:00,32,22,10,FMN GV 03 Hove
46,Statielei 16,2022-10-21,06:00:00,109,79,30,FMN GV 03 Hove
46,Statielei 16,2022-10-21,07:00:00,284,225,59,FMN GV 03 Hove
46,Statielei 16,2022-10-21,08:00:00,353,274,79,FMN GV 03 Hove
46,Statielei 16,2022-10-21,09:00:00,130,101,29,FMN GV 03 Hove
46,Statielei 16,2022-10-21,10:00:00,87,52,35,FMN GV 03 Hove
46,Statielei 16,2022-10-21,11:00:00,79,44,35,FMN GV 03 Hove
46,Statielei 16,2022-10-21,12:00:00,136,70,66,FMN GV 03 Hove
46,Statielei 16,2022-10-21,13:00:00,151,77,74,FMN GV 03 Hove
46,Statielei 16,2022-10-21,14:00:00,154,78,76,FMN GV 03 Hove
46,Statielei 16,2022-10-21,15:00:00,249,117,132,FMN GV 03 Hove
46,Statielei 16,2022-10-21,16:00:00,342,121,221,FMN GV 03 Hove
46,Statielei 16,2022-10-21,17:00:00,296,113,183,FMN GV 03 Hove
46,Statielei 16,2022-10-21,18:00:00,208,90,118,FMN GV 03 Hove
46,Statielei 16,2022-10-21,19:00:00,110,54,56,FMN GV 03 Hove
46,Statielei 16,2022-10-21,20:00:00,83,52,31,FMN GV 03 Hove
46,Statielei 16,2022-10-21,21:00:00,54,21,33,FMN GV 03 Hove
46,Statielei 16,2022-10-21,22:00:00,56,20,36,FMN GV 03 Hove
46,Statielei 16,2022-10-21,23:00:00,57,20,37,FMN GV 03 Hove
46,Statielei 16,2022-10-22,00:00:00,27,15,12,FMN GV 03 Hove
46,Statielei 16,2022-10-22,01:00:00,24,12,12,FMN GV 03 Hove
46,Statielei 16,2022-10-22,02:00:00,16,7,9,FMN GV 03 Hove
46,Statielei 16,2022-10-22,03:00:00,11,4,7,FMN GV 03 Hove
46,Statielei 16,2022-10-22,04:00:00,15,6,9,FMN GV 03 Hove
46,Statielei 16,2022-10-22,05:00:00,16,11,5,FMN GV 03 Hove
46,Statielei 16,2022-10-22,06:00:00,15,6,9,FMN GV 03 Hove
46,Statielei 16,2022-10-22,07:00:00,28,11,17,FMN GV 03 Hove
46,Statielei 16,2022-10-22,08:00:00,59,30,29,FMN GV 03 Hove
46,Statielei 16,2022-10-22,09:00:00,79,38,41,FMN GV 03 Hove
46,Statielei 16,2022-10-22,10:00:00,149,78,71,FMN GV 03 Hove
46,Statielei 16,2022-10-22,11:00:00,138,75,63,FMN GV 03 Hove
46,Statielei 16,2022-10-22,12:00:00,140,58,82,FMN GV 03 Hove
46,Statielei 16,2022-10-22,13:00:00,188,114,74,FMN GV 03 Hove
46,Statielei 16,2022-10-22,14:00:00,179,94,85,FMN GV 03 Hove
46,Statielei 16,2022-10-22,15:00:00,206,137,69,FMN GV 03 Hove
46,Statielei 16,2022-10-22,16:00:00,158,74,84,FMN GV 03 Hove
46,Statielei 16,2022-10-22,17:00:00,142,74,68,FMN GV 03 Hove
46,Statielei 16,2022-10-22,18:00:00,92,50,42,FMN GV 03 Hove
46,Statielei 16,2022-10-22,19:00:00,86,48,38,FMN GV 03 Hove
46,Statielei 16,2022-10-22,20:00:00,52,34,18,FMN GV 03 Hove
46,Statielei 16,2022-10-22,21:00:00,29,17,12,FMN GV 03 Hove
46,Statielei 16,2022-10-22,22:00:00,42,18,24,FMN GV 03 Hove
46,Statielei 16,2022-10-22,23:00:00,36,18,18,FMN GV 03 Hove
46,Statielei 16,2022-10-23,00:00:00,41,10,31,FMN GV 03 Hove
46,Statielei 16,2022-10-23,01:00:00,28,11,17,FMN GV 03 Hove
46,Statielei 16,2022-10-23,02:00:00,14,5,9,FMN GV 03 Hove
46,Statielei 16,2022-10-23,03:00:00,7,2,5,FMN GV 03 Hove
46,Statielei 16,2022-10-23,04:00:00,10,5,5,FMN GV 03 Hove
46,Statielei 16,2022-10-23,05:00:00,13,9,4,FMN GV 03 Hove
46,Statielei 16,2022-10-23,06:00:00,18,15,3,FMN GV 03 Hove
46,Statielei 16,2022-10-23,07:00:00,13,4,9,FMN GV 03 Hove
46,Statielei 16,2022-10-23,08:00:00,31,10,21,FMN GV 03 Hove
46,Statielei 16,2022-10-23,09:00:00,108,49,59,FMN GV 03 Hove
46,Statielei 16,2022-10-23,10:00:00,108,49,59,FMN GV 03 Hove
46,Statielei 16,2022-10-23,11:00:00,116,76,40,FMN GV 03 Hove
46,Statielei 16,2022-10-23,12:00:00,138,85,53,FMN GV 03 Hove
46,Statielei 16,2022-10-23,13:00:00,126,73,53,FMN GV 03 Hove
46,Statielei 16,2022-10-23,14:00:00,130,63,67,FMN GV 03 Hove
46,Statielei 16,2022-10-23,15:00:00,122,62,60,FMN GV 03 Hove
46,Statielei 16,2022-10-23,16:00:00,117,66,51,FMN GV 03 Hove
46,Statielei 16,2022-10-23,17:00:00,141,73,68,FMN GV 03 Hove
46,Statielei 16,2022-10-23,18:00:00,81,54,27,FMN GV 03 Hove
46,Statielei 16,2022-10-23,19:00:00,54,24,30,FMN GV 03 Hove
46,Statielei 16,2022-10-23,20:00:00,22,17,5,FMN GV 03 Hove
46,Statielei 16,2022-10-23,21:00:00,16,8,8,FMN GV 03 Hove
46,Statielei 16,2022-10-23,22:00:00,23,11,12,FMN GV 03 Hove
46,Statielei 16,2022-10-23,23:00:00,4,1,3,FMN GV 03 Hove
46,Statielei 16,2022-10-24,00:00:00,7,2,5,FMN GV 03 Hove
46,Statielei 16,2022-10-24,01:00:00,1,1,0,FMN GV 03 Hove
46,Statielei 16,2022-10-24,02:00:00,0,0,0,FMN GV 03 Hove
46,Statielei 16,2022-10-24,03:00:00,2,0,2,FMN GV 03 Hove
46,Statielei 16,2022-10-24,04:00:00,12,9,3,FMN GV 03 Hove
46,Statielei 16,2022-10-24,05:00:00,30,19,11,FMN GV 03 Hove
46,Statielei 16,2022-10-24,06:00:00,92,73,19,FMN GV 03 Hove
46,Statielei 16,2022-10-24,07:00:00,327,257,70,FMN GV 03 Hove
46,Statielei 16,2022-10-24,08:00:00,383,294,89,FMN GV 03 Hove
46,Statielei 16,2022-10-24,09:00:00,108,81,27,FMN GV 03 Hove
46,Statielei 16,2022-10-24,10:00:00,70,45,25,FMN GV 03 Hove
46,Statielei 16,2022-10-24,11:00:00,61,39,22,FMN GV 03 Hove
46,Statielei 16,2022-10-24,12:00:00,117,66,51,FMN GV 03 Hove
46,Statielei 16,2022-10-24,13:00:00,96,49,47,FMN GV 03 Hove
46,Statielei 16,2022-10-24,14:00:00,92,50,42,FMN GV 03 Hove
46,Statielei 16,2022-10-24,15:00:00,151,54,97,FMN GV 03 Hove
46,Statielei 16,2022-10-24,16:00:00,282,77,205,FMN GV 03 Hove
46,Statielei 16,2022-10-24,17:00:00,289,98,191,FMN GV 03 Hove
46,Statielei 16,2022-10-24,18:00:00,192,65,127,FMN GV 03 Hove
46,Statielei 16,2022-10-24,19:00:00,69,31,38,FMN GV 03 Hove
46,Statielei 16,2022-10-24,20:00:00,50,23,27,FMN GV 03 Hove
46,Statielei 16,2022-10-24,21:00:00,36,19,17,FMN GV 03 Hove
46,Statielei 16,2022-10-24,22:00:00,47,23,24,FMN GV 03 Hove
46,Statielei 16,2022-10-24,23:00:00,9,1,8,FMN GV 03 Hove
46,Statielei 16,2022-10-25,00:00:00,5,4,1,FMN GV 03 Hove
46,Statielei 16,2022-10-25,01:00:00,0,0,0,FMN GV 03 Hove
46,Statielei 16,2022-10-25,02:00:00,1,1,0,FMN GV 03 Hove
46,Statielei 16,2022-10-25,03:00:00,2,0,2,FMN GV 03 Hove
46,Statielei 16,2022-10-25,04:00:00,16,11,5,FMN GV 03 Hove
46,Statielei 16,2022-10-25,05:00:00,32,20,12,FMN GV 03 Hove
46,Statielei 16,2022-10-25,06:00:00,112,78,34,FMN GV 03 Hove
46,Statielei 16,2022-10-25,07:00:00,399,318,81,FMN GV 03 Hove
46,Statielei 16,2022-10-25,08:00:00,539,438,101,FMN GV 03 Hove
46,Statielei 16,2022-10-25,09:00:00,160,109,51,FMN GV 03 Hove
46,Statielei 16,2022-10-25,10:00:00,111,71,40,FMN GV 03 Hove
46,Statielei 16,2022-10-25,11:00:00,108,70,38,FMN GV 03 Hove
46,Statielei 16,2022-10-25,12:00:00,146,80,66,FMN GV 03 Hove
46,Statielei 16,2022-10-25,13:00:00,135,70,65,FMN GV 03 Hove
46,Statielei 16,2022-10-25,14:00:00,156,70,86,FMN GV 03 Hove
46,Statielei 16,2022-10-25,15:00:00,228,99,129,FMN GV 03 Hove
46,Statielei 16,2022-10-25,16:00:00,386,123,263,FMN GV 03 Hove
46,Statielei 16,2022-10-25,17:00:00,446,155,291,FMN GV 03 Hove
46,Statielei 16,2022-10-25,18:00:00,265,115,150,FMN GV 03 Hove
46,Statielei 16,2022-10-25,19:00:00,121,51,70,FMN GV 03 Hove
46,Statielei 16,2022-10-25,20:00:00,80,38,42,FMN GV 03 Hove
46,Statielei 16,2022-10-25,21:00:00,65,33,32,FMN GV 03 Hove
46,Statielei 16,2022-10-25,22:00:00,54,19,35,FMN GV 03 Hove
46,Statielei 16,2022-10-25,23:00:00,25,10,15,FMN GV 03 Hove
46,Statielei 16,2022-10-26,00:00:00,9,5,4,FMN GV 03 Hove
46,Statielei 16,2022-10-26,01:00:00,1,1,0,FMN GV 03 Hove
46,Statielei 16,2022-10-26,02:00:00,1,0,1,FMN GV 03 Hove
46,Statielei 16,2022-10-26,03:00:00,1,0,1,FMN GV 03 Hove
46,Statielei 16,2022-10-26,04:00:00,23,12,11,FMN GV 03 Hove
46,Statielei 16,2022-10-26,05:00:00,32,20,12,FMN GV 03 Hove
46,Statielei 16,2022-10-26,06:00:00,112,80,32,FMN GV 03 Hove
46,Statielei 16,2022-10-26,07:00:00,407,331,76,FMN GV 03 Hove
46,Statielei 16,2022-10-26,08:00:00,437,335,102,FMN GV 03 Hove
46,Statielei 16,2022-10-26,09:00:00,168,122,46,FMN GV 03 Hove
46,Statielei 16,2022-10-26,10:00:00,156,94,62,FMN GV 03 Hove
46,Statielei 16,2022-10-26,11:00:00,153,83,70,FMN GV 03 Hove
46,Statielei 16,2022-10-26,12:00:00,306,107,199,FMN GV 03 Hove
46,Statielei 16,2022-10-26,13:00:00,215,85,130,FMN GV 03 Hove
46,Statielei 16,2022-10-26,14:00:00,195,91,104,FMN GV 03 Hove
46,Statielei 16,2022-10-26,15:00:00,205,94,111,FMN GV 03 Hove
46,Statielei 16,2022-10-26,16:00:00,255,95,160,FMN GV 03 Hove
46,Statielei 16,2022-10-26,17:00:00,371,139,232,FMN GV 03 Hove
46,Statielei 16,2022-10-26,18:00:00,222,98,124,FMN GV 03 Hove
46,Statielei 16,2022-10-26,19:00:00,119,75,44,FMN GV 03 Hove
46,Statielei 16,2022-10-26,20:00:00,67,35,32,FMN GV 03 Hove
46,Statielei 16,2022-10-26,21:00:00,54,28,26,FMN GV 03 Hove
46,Statielei 16,2022-10-26,22:00:00,73,26,47,FMN GV 03 Hove
46,Statielei 16,2022-10-26,23:00:00,30,13,17,FMN GV 03 Hove
46,Statielei 16,2022-10-27,00:00:00,8,2,6,FMN GV 03 Hove
46,Statielei 16,2022-10-27,01:00:00,7,1,6,FMN GV 03 Hove
46,Statielei 16,2022-10-27,02:00:00,3,0,3,FMN GV 03 Hove
46,Statielei 16,2022-10-27,03:00:00,1,0,1,FMN GV 03 Hove
46,Statielei 16,2022-10-27,04:00:00,15,11,4,FMN GV 03 Hove
46,Statielei 16,2022-10-27,05:00:00,36,26,10,FMN GV 03 Hove
46,Statielei 16,2022-10-27,06:00:00,138,96,42,FMN GV 03 Hove
46,Statielei 16,2022-10-27,07:00:00,425,329,96,FMN GV 03 Hove
46,Statielei 16,2022-10-27,08:00:00,499,387,112,FMN GV 03 Hove
46,Statielei 16,2022-10-27,09:00:00,146,98,48,FMN GV 03 Hove
46,Statielei 16,2022-10-27,10:00:00,119,63,56,FMN GV 03 Hove
46,Statielei 16,2022-10-27,11:00:00,93,53,40,FMN GV 03 Hove
46,Statielei 16,2022-10-27,12:00:00,148,70,78,FMN GV 03 Hove
46,Statielei 16,2022-10-27,13:00:00,198,114,84,FMN GV 03 Hove
46,Statielei 16,2022-10-27,14:00:00,152,74,78,FMN GV 03 Hove
46,Statielei 16,2022-10-27,15:00:00,236,91,145,FMN GV 03 Hove
46,Statielei 16,2022-10-27,16:00:00,390,139,251,FMN GV 03 Hove
46,Statielei 16,2022-10-27,17:00:00,425,149,276,FMN GV 03 Hove
46,Statielei 16,2022-10-27,18:00:00,255,89,166,FMN GV 03 Hove
46,Statielei 16,2022-10-27,19:00:00,138,56,82,FMN GV 03 Hove
46,Statielei 16,2022-10-27,20:00:00,77,40,37,FMN GV 03 Hove
46,Statielei 16,2022-10-27,21:00:00,56,30,26,FMN GV 03 Hove
46,Statielei 16,2022-10-27,22:00:00,57,20,37,FMN GV 03 Hove
46,Statielei 16,2022-10-27,23:00:00,48,16,32,FMN GV 03 Hove
46,Statielei 16,2022-10-28,00:00:00,23,11,12,FMN GV 03 Hove
46,Statielei 16,2022-10-28,01:00:00,11,4,7,FMN GV 03 Hove
46,Statielei 16,2022-10-28,02:00:00,8,2,6,FMN GV 03 Hove
46,Statielei 16,2022-10-28,03:00:00,4,1,3,FMN GV 03 Hove
46,Statielei 16,2022-10-28,04:00:00,16,8,8,FMN GV 03 Hove
46,Statielei 16,2022-10-28,05:00:00,32,20,12,FMN GV 03 Hove
46,Statielei 16,2022-10-28,06:00:00,102,70,32,FMN GV 03 Hove
46,Statielei 16,2022-10-28,07:00:00,312,247,65,FMN GV 03 Hove
46,Statielei 16,2022-10-28,08:00:00,396,302,94,FMN GV 03 Hove
46,Statielei 16,2022-10-28,09:00:00,155,110,45,FMN GV 03 Hove
46,Statielei 16,2022-10-28,10:00:00,123,81,42,FMN GV 03 Hove
46,Statielei 16,2022-10-28,11:00:00,144,86,58,FMN GV 03 Hove
46,Statielei 16,2022-10-28,12:00:00,167,72,95,FMN GV 03 Hove
46,Statielei 16,2022-10-28,13:00:00,215,109,106,FMN GV 03 Hove
46,Statielei 16,2022-10-28,14:00:00,198,98,100,FMN GV 03 Hove
46,Statielei 16,2022-10-28,15:00:00,279,99,180,FMN GV 03 Hove
46,Statielei 16,2022-10-28,16:00:00,355,129,226,FMN GV 03 Hove
46,Statielei 16,2022-10-28,17:00:00,296,123,173,FMN GV 03 Hove
46,Statielei 16,2022-10-28,18:00:00,246,110,136,FMN GV 03 Hove
46,Statielei 16,2022-10-28,19:00:00,141,86,55,FMN GV 03 Hove
46,Statielei 16,2022-10-28,20:00:00,71,33,38,FMN GV 03 Hove
46,Statielei 16,2022-10-28,21:00:00,54,24,30,FMN GV 03 Hove
46,Statielei 16,2022-10-28,22:00:00,49,26,23,FMN GV 03 Hove
46,Statielei 16,2022-10-28,23:00:00,51,20,31,FMN GV 03 Hove
46,Statielei 16,2022-10-29,00:00:00,24,9,15,FMN GV 03 Hove
46,Statielei 16,2022-10-29,01:00:00,15,4,11,FMN GV 03 Hove
46,Statielei 16,2022-10-29,02:00:00,19,2,17,FMN GV 03 Hove
46,Statielei 16,2022-10-29,03:00:00,8,2,6,FMN GV 03 Hove
46,Statielei 16,2022-10-29,04:00:00,12,7,5,FMN GV 03 Hove
46,Statielei 16,2022-10-29,05:00:00,8,4,4,FMN GV 03 Hove
46,Statielei 16,2022-10-29,06:00:00,23,10,13,FMN GV 03 Hove
46,Statielei 16,2022-10-29,07:00:00,21,10,11,FMN GV 03 Hove
46,Statielei 16,2022-10-29,08:00:00,45,23,22,FMN GV 03 Hove
46,Statielei 16,2022-10-29,09:00:00,91,43,48,FMN GV 03 Hove
46,Statielei 16,2022-10-29,10:00:00,128,60,68,FMN GV 03 Hove
46,Statielei 16,2022-10-29,11:00:00,156,83,73,FMN GV 03 Hove
46,Statielei 16,2022-10-29,12:00:00,174,106,68,FMN GV 03 Hove
46,Statielei 16,2022-10-29,13:00:00,208,122,86,FMN GV 03 Hove
46,Statielei 16,2022-10-29,14:00:00,234,124,110,FMN GV 03 Hove
46,Statielei 16,2022-10-29,15:00:00,242,135,107,FMN GV 03 Hove
46,Statielei 16,2022-10-29,16:00:00,197,104,93,FMN GV 03 Hove
46,Statielei 16,2022-10-29,17:00:00,237,142,95,FMN GV 03 Hove
46,Statielei 16,2022-10-29,18:00:00,132,77,55,FMN GV 03 Hove
46,Statielei 16,2022-10-29,19:00:00,87,52,35,FMN GV 03 Hove
46,Statielei 16,2022-10-29,20:00:00,57,35,22,FMN GV 03 Hove
46,Statielei 16,2022-10-29,21:00:00,38,24,14,FMN GV 03 Hove
46,Statielei 16,2022-10-29,22:00:00,50,18,32,FMN GV 03 Hove
46,Statielei 16,2022-10-29,23:00:00,44,22,22,FMN GV 03 Hove
46,Statielei 16,2022-10-30,00:00:00,24,8,16,FMN GV 03 Hove
46,Statielei 16,2022-10-30,01:00:00,16,4,12,FMN GV 03 Hove
46,Statielei 16,2022-10-30,02:00:00,26,10,16,FMN GV 03 Hove
46,Statielei 16,2022-10-30,03:00:00,7,4,3,FMN GV 03 Hove
46,Statielei 16,2022-10-30,04:00:00,5,2,3,FMN GV 03 Hove
46,Statielei 16,2022-10-30,05:00:00,12,8,4,FMN GV 03 Hove
46,Statielei 16,2022-10-30,06:00:00,9,5,4,FMN GV 03 Hove
46,Statielei 16,2022-10-30,07:00:00,25,12,13,FMN GV 03 Hove
46,Statielei 16,2022-10-30,08:00:00,52,16,36,FMN GV 03 Hove
46,Statielei 16,2022-10-30,09:00:00,108,64,44,FMN GV 03 Hove
46,Statielei 16,2022-10-30,10:00:00,178,97,81,FMN GV 03 Hove
46,Statielei 16,2022-10-30,11:00:00,187,120,67,FMN GV 03 Hove
46,Statielei 16,2022-10-30,12:00:00,193,111,82,FMN GV 03 Hove
46,Statielei 16,2022-10-30,13:00:00,210,109,101,FMN GV 03 Hove
46,Statielei 16,2022-10-30,14:00:00,207,117,90,FMN GV 03 Hove
46,Statielei 16,2022-10-30,15:00:00,222,139,83,FMN GV 03 Hove
46,Statielei 16,2022-10-30,16:00:00,205,113,92,FMN GV 03 Hove
46,Statielei 16,2022-10-30,17:00:00,136,83,53,FMN GV 03 Hove
46,Statielei 16,2022-10-30,18:00:00,47,25,22,FMN GV 03 Hove
46,Statielei 16,2022-10-30,19:00:00,35,16,19,FMN GV 03 Hove
46,Statielei 16,2022-10-30,20:00:00,47,29,18,FMN GV 03 Hove
46,Statielei 16,2022-10-30,21:00:00,19,12,7,FMN GV 03 Hove
46,Statielei 16,2022-10-30,22:00:00,22,8,14,FMN GV 03 Hove
46,Statielei 16,2022-10-30,23:00:00,14,6,8,FMN GV 03 Hove
46,Statielei 16,2022-10-31,00:00:00,8,4,4,FMN GV 03 Hove
46,Statielei 16,2022-10-31,01:00:00,6,2,4,FMN GV 03 Hove
46,Statielei 16,2022-10-31,02:00:00,3,0,3,FMN GV 03 Hove
46,Statielei 16,2022-10-31,03:00:00,1,0,1,FMN GV 03 Hove
46,Statielei 16,2022-10-31,04:00:00,12,8,4,FMN GV 03 Hove
46,Statielei 16,2022-10-31,05:00:00,16,11,5,FMN GV 03 Hove
46,Statielei 16,2022-10-31,06:00:00,38,24,14,FMN GV 03 Hove
46,Statielei 16,2022-10-31,07:00:00,107,77,30,FMN GV 03 Hove
46,Statielei 16,2022-10-31,08:00:00,113,75,38,FMN GV 03 Hove
46,Statielei 16,2022-10-31,09:00:00,69,42,27,FMN GV 03 Hove
46,Statielei 16,2022-10-31,10:00:00,49,27,22,FMN GV 03 Hove
46,Statielei 16,2022-10-31,11:00:00,64,45,19,FMN GV 03 Hove
46,Statielei 16,2022-10-31,12:00:00,89,50,39,FMN GV 03 Hove
46,Statielei 16,2022-10-31,13:00:00,95,45,50,FMN GV 03 Hove
46,Statielei 16,2022-10-31,14:00:00,98,67,31,FMN GV 03 Hove
46,Statielei 16,2022-10-31,15:00:00,101,54,47,FMN GV 03 Hove
46,Statielei 16,2022-10-31,16:00:00,178,82,96,FMN GV 03 Hove
46,Statielei 16,2022-10-31,17:00:00,175,69,106,FMN GV 03 Hove
46,Statielei 16,2022-10-31,18:00:00,114,64,50,FMN GV 03 Hove
46,Statielei 16,2022-10-31,19:00:00,52,23,29,FMN GV 03 Hove
46,Statielei 16,2022-10-31,20:00:00,50,29,21,FMN GV 03 Hove
46,Statielei 16,2022-10-31,21:00:00,33,19,14,FMN GV 03 Hove
46,Statielei 16,2022-10-31,22:00:00,28,15,13,FMN GV 03 Hove
46,Statielei 16,2022-10-31,23:00:00,20,10,10,FMN GV 03 Hove
46,Statielei 16,2022-11-01,00:00:00,15,9,6,FMN GV 03 Hove
46,Statielei 16,2022-11-01,01:00:00,11,7,4,FMN GV 03 Hove
46,Statielei 16,2022-11-01,02:00:00,6,3,3,FMN GV 03 Hove
46,Statielei 16,2022-11-01,03:00:00,9,4,5,FMN GV 03 Hove
46,Statielei 16,2022-11-01,04:00:00,5,2,3,FMN GV 03 Hove
46,Statielei 16,2022-11-01,05:00:00,12,6,6,FMN GV 03 Hove
46,Statielei 16,2022-11-01,06:00:00,13,7,6,FMN GV 03 Hove
46,Statielei 16,2022-11-01,07:00:00,14,5,9,FMN GV 03 Hove
46,Statielei 16,2022-11-01,08:00:00,32,17,15,FMN GV 03 Hove
46,Statielei 16,2022-11-01,09:00:00,61,35,26,FMN GV 03 Hove
46,Statielei 16,2022-11-01,10:00:00,78,33,45,FMN GV 03 Hove
46,Statielei 16,2022-11-01,11:00:00,92,59,33,FMN GV 03 Hove
46,Statielei 16,2022-11-01,12:00:00,103,54,49,FMN GV 03 Hove
46,Statielei 16,2022-11-01,13:00:00,143,81,62,FMN GV 03 Hove
46,Statielei 16,2022-11-01,14:00:00,109,65,44,FMN GV 03 Hove
46,Statielei 16,2022-11-01,15:00:00,113,71,42,FMN GV 03 Hove
46,Statielei 16,2022-11-01,16:00:00,77,41,36,FMN GV 03 Hove
46,Statielei 16,2022-11-01,17:00:00,82,45,37,FMN GV 03 Hove
46,Statielei 16,2022-11-01,18:00:00,43,21,22,FMN GV 03 Hove
46,Statielei 16,2022-11-01,19:00:00,47,32,15,FMN GV 03 Hove
46,Statielei 16,2022-11-01,20:00:00,31,16,15,FMN GV 03 Hove
46,Statielei 16,2022-11-01,21:00:00,25,12,13,FMN GV 03 Hove
46,Statielei 16,2022-11-01,22:00:00,18,9,9,FMN GV 03 Hove
46,Statielei 16,2022-11-01,23:00:00,19,6,13,FMN GV 03 Hove
46,Statielei 16,2022-11-02,00:00:00,4,0,4,FMN GV 03 Hove
46,Statielei 16,2022-11-02,01:00:00,2,1,1,FMN GV 03 Hove
46,Statielei 16,2022-11-02,02:00:00,0,0,0,FMN GV 03 Hove
46,Statielei 16,2022-11-02,03:00:00,1,0,1,FMN GV 03 Hove
46,Statielei 16,2022-11-02,04:00:00,7,4,3,FMN GV 03 Hove
46,Statielei 16,2022-11-02,05:00:00,21,14,7,FMN GV 03 Hove
46,Statielei 16,2022-11-02,06:00:00,74,50,24,FMN GV 03 Hove
46,Statielei 16,2022-11-02,07:00:00,160,120,40,FMN GV 03 Hove
46,Statielei 16,2022-11-02,08:00:00,193,147,46,FMN GV 03 Hove
46,Statielei 16,2022-11-02,09:00:00,132,97,35,FMN GV 03 Hove
46,Statielei 16,2022-11-02,10:00:00,160,97,63,FMN GV 03 Hove
46,Statielei 16,2022-11-02,11:00:00,165,89,76,FMN GV 03 Hove
46,Statielei 16,2022-11-02,12:00:00,143,76,67,FMN GV 03 Hove
46,Statielei 16,2022-11-02,13:00:00,106,52,54,FMN GV 03 Hove
46,Statielei 16,2022-11-02,14:00:00,136,79,57,FMN GV 03 Hove
46,Statielei 16,2022-11-02,15:00:00,139,66,73,FMN GV 03 Hove
46,Statielei 16,2022-11-02,16:00:00,190,81,109,FMN GV 03 Hove
46,Statielei 16,2022-11-02,17:00:00,217,87,130,FMN GV 03 Hove
46,Statielei 16,2022-11-02,18:00:00,142,60,82,FMN GV 03 Hove
46,Statielei 16,2022-11-02,19:00:00,71,37,34,FMN GV 03 Hove
46,Statielei 16,2022-11-02,20:00:00,43,23,20,FMN GV 03 Hove
46,Statielei 16,2022-11-02,21:00:00,38,20,18,FMN GV 03 Hove
46,Statielei 16,2022-11-02,22:00:00,30,16,14,FMN GV 03 Hove
46,Statielei 16,2022-11-02,23:00:00,22,11,11,FMN GV 03 Hove
46,Statielei 16,2022-11-03,00:00:00,10,5,5,FMN GV 03 Hove
46,Statielei 16,2022-11-03,01:00:00,5,1,4,FMN GV 03 Hove
46,Statielei 16,2022-11-03,02:00:00,0,0,0,FMN GV 03 Hove
46,Statielei 16,2022-11-03,03:00:00,7,4,3,FMN GV 03 Hove
46,Statielei 16,2022-11-03,04:00:00,11,7,4,FMN GV 03 Hove
46,Statielei 16,2022-11-03,05:00:00,15,9,6,FMN GV 03 Hove
46,Statielei 16,2022-11-03,06:00:00,82,57,25,FMN GV 03 Hove
46,Statielei 16,2022-11-03,07:00:00,175,135,40,FMN GV 03 Hove
46,Statielei 16,2022-11-03,08:00:00,218,157,61,FMN GV 03 Hove
46,Statielei 16,2022-11-03,09:00:00,89,60,29,FMN GV 03 Hove
46,Statielei 16,2022-11-03,10:00:00,64,48,16,FMN GV 03 Hove
46,Statielei 16,2022-11-03,11:00:00,59,39,20,FMN GV 03 Hove
46,Statielei 16,2022-11-03,12:00:00,88,50,38,FMN GV 03 Hove
46,Statielei 16,2022-11-03,13:00:00,86,35,51,FMN GV 03 Hove
46,Statielei 16,2022-11-03,14:00:00,95,43,52,FMN GV 03 Hove
46,Statielei 16,2022-11-03,15:00:00,85,38,47,FMN GV 03 Hove
46,Statielei 16,2022-11-03,16:00:00,148,51,97,FMN GV 03 Hove
46,Statielei 16,2022-11-03,17:00:00,171,61,110,FMN GV 03 Hove
46,Statielei 16,2022-11-03,18:00:00,109,33,76,FMN GV 03 Hove
46,Statielei 16,2022-11-03,19:00:00,61,35,26,FMN GV 03 Hove
46,Statielei 16,2022-11-03,20:00:00,28,13,15,FMN GV 03 Hove
46,Statielei 16,2022-11-03,21:00:00,20,11,9,FMN GV 03 Hove
46,Statielei 16,2022-11-03,22:00:00,29,18,11,FMN GV 03 Hove
46,Statielei 16,2022-11-03,23:00:00,26,5,21,FMN GV 03 Hove
46,Statielei 16,2022-11-04,00:00:00,11,2,9,FMN GV 03 Hove
46,Statielei 16,2022-11-04,01:00:00,7,4,3,FMN GV 03 Hove
46,Statielei 16,2022-11-04,02:00:00,1,0,1,FMN GV 03 Hove
46,Statielei 16,2022-11-04,03:00:00,2,1,1,FMN GV 03 Hove
46,Statielei 16,2022-11-04,04:00:00,8,7,1,FMN GV 03 Hove
46,Statielei 16,2022-11-04,05:00:00,16,11,5,FMN GV 03 Hove
46,Statielei 16,2022-11-04,06:00:00,67,50,17,FMN GV 03 Hove
46,Statielei 16,2022-11-04,07:00:00,107,76,31,FMN GV 03 Hove
46,Statielei 16,2022-11-04,08:00:00,137,108,29,FMN GV 03 Hove
46,Statielei 16,2022-11-04,09:00:00,58,42,16,FMN GV 03 Hove
46,Statielei 16,2022-11-04,10:00:00,61,38,23,FMN GV 03 Hove
46,Statielei 16,2022-11-04,11:00:00,44,26,18,FMN GV 03 Hove
46,Statielei 16,2022-11-04,12:00:00,81,38,43,FMN GV 03 Hove
46,Statielei 16,2022-11-04,13:00:00,85,39,46,FMN GV 03 Hove
46,Statielei 16,2022-11-04,14:00:00,69,38,31,FMN GV 03 Hove
46,Statielei 16,2022-11-04,15:00:00,91,50,41,FMN GV 03 Hove
46,Statielei 16,2022-11-04,16:00:00,119,35,84,FMN GV 03 Hove
46,Statielei 16,2022-11-04,17:00:00,136,51,85,FMN GV 03 Hove
46,Statielei 16,2022-11-04,18:00:00,104,47,57,FMN GV 03 Hove
46,Statielei 16,2022-11-04,19:00:00,62,30,32,FMN GV 03 Hove
46,Statielei 16,2022-11-04,20:00:00,72,42,30,FMN GV 03 Hove
46,Statielei 16,2022-11-04,21:00:00,36,14,22,FMN GV 03 Hove
46,Statielei 16,2022-11-04,22:00:00,52,28,24,FMN GV 03 Hove
46,Statielei 16,2022-11-04,23:00:00,35,20,15,FMN GV 03 Hove
46,Statielei 16,2022-11-05,00:00:00,22,8,14,FMN GV 03 Hove
46,Statielei 16,2022-11-05,01:00:00,25,8,17,FMN GV 03 Hove
46,Statielei 16,2022-11-05,02:00:00,12,3,9,FMN GV 03 Hove
46,Statielei 16,2022-11-05,03:00:00,7,1,6,FMN GV 03 Hove
46,Statielei 16,2022-11-05,04:00:00,11,8,3,FMN GV 03 Hove
46,Statielei 16,2022-11-05,05:00:00,8,5,3,FMN GV 03 Hove
46,Statielei 16,2022-11-05,06:00:00,15,5,10,FMN GV 03 Hove
46,Statielei 16,2022-11-05,07:00:00,20,10,10,FMN GV 03 Hove
46,Statielei 16,2022-11-05,08:00:00,32,15,17,FMN GV 03 Hove
46,Statielei 16,2022-11-05,09:00:00,93,58,35,FMN GV 03 Hove
46,Statielei 16,2022-11-05,10:00:00,99,63,36,FMN GV 03 Hove
46,Statielei 16,2022-11-05,11:00:00,125,68,57,FMN GV 03 Hove
46,Statielei 16,2022-11-05,12:00:00,159,82,77,FMN GV 03 Hove
46,Statielei 16,2022-11-05,13:00:00,138,80,58,FMN GV 03 Hove
46,Statielei 16,2022-11-05,14:00:00,155,79,76,FMN GV 03 Hove
46,Statielei 16,2022-11-05,15:00:00,114,68,46,FMN GV 03 Hove
46,Statielei 16,2022-11-05,16:00:00,108,50,58,FMN GV 03 Hove
46,Statielei 16,2022-11-05,17:00:00,86,41,45,FMN GV 03 Hove
46,Statielei 16,2022-11-05,18:00:00,61,36,25,FMN GV 03 Hove
46,Statielei 16,2022-11-05,19:00:00,52,28,24,FMN GV 03 Hove
46,Statielei 16,2022-11-05,20:00:00,44,28,16,FMN GV 03 Hove
46,Statielei 16,2022-11-05,21:00:00,41,19,22,FMN GV 03 Hove
46,Statielei 16,2022-11-05,22:00:00,28,13,15,FMN GV 03 Hove
46,Statielei 16,2022-11-05,23:00:00,14,8,6,FMN GV 03 Hove
46,Statielei 16,2022-11-06,00:00:00,16,4,12,FMN GV 03 Hove
46,Statielei 16,2022-11-06,01:00:00,25,14,11,FMN GV 03 Hove
46,Statielei 16,2022-11-06,02:00:00,9,2,7,FMN GV 03 Hove
46,Statielei 16,2022-11-06,03:00:00,8,4,4,FMN GV 03 Hove
46,Statielei 16,2022-11-06,04:00:00,4,2,2,FMN GV 03 Hove
46,Statielei 16,2022-11-06,05:00:00,4,0,4,FMN GV 03 Hove
46,Statielei 16,2022-11-06,06:00:00,11,6,5,FMN GV 03 Hove
46,Statielei 16,2022-11-06,07:00:00,10,4,6,FMN GV 03 Hove
46,Statielei 16,2022-11-06,08:00:00,30,13,17,FMN GV 03 Hove
46,Statielei 16,2022-11-06,09:00:00,94,47,47,FMN GV 03 Hove
46,Statielei 16,2022-11-06,10:00:00,93,49,44,FMN GV 03 Hove
46,Statielei 16,2022-11-06,11:00:00,87,56,31,FMN GV 03 Hove
46,Statielei 16,2022-11-06,12:00:00,89,60,29,FMN GV 03 Hove
46,Statielei 16,2022-11-06,13:00:00,50,28,22,FMN GV 03 Hove
46,Statielei 16,2022-11-06,14:00:00,20,8,12,FMN GV 03 Hove
46,Statielei 16,2022-11-06,15:00:00,35,17,18,FMN GV 03 Hove
46,Statielei 16,2022-11-06,16:00:00,26,15,11,FMN GV 03 Hove
46,Statielei 16,2022-11-06,17:00:00,26,17,9,FMN GV 03 Hove
46,Statielei 16,2022-11-06,18:00:00,21,6,15,FMN GV 03 Hove
46,Statielei 16,2022-11-06,19:00:00,15,7,8,FMN GV 03 Hove
46,Statielei 16,2022-11-06,20:00:00,25,14,11,FMN GV 03 Hove
46,Statielei 16,2022-11-06,21:00:00,27,16,11,FMN GV 03 Hove
46,Statielei 16,2022-11-06,22:00:00,20,8,12,FMN GV 03 Hove
46,Statielei 16,2022-11-06,23:00:00,4,3,1,FMN GV 03 Hove
46,Statielei 16,2022-11-07,00:00:00,1,0,1,FMN GV 03 Hove
46,Statielei 16,2022-11-07,01:00:00,2,0,2,FMN GV 03 Hove
46,Statielei 16,2022-11-07,02:00:00,0,0,0,FMN GV 03 Hove
46,Statielei 16,2022-11-07,03:00:00,0,0,0,FMN GV 03 Hove
46,Statielei 16,2022-11-07,04:00:00,13,8,5,FMN GV 03 Hove
46,Statielei 16,2022-11-07,05:00:00,27,18,9,FMN GV 03 Hove
46,Statielei 16,2022-11-07,06:00:00,88,61,27,FMN GV 03 Hove
46,Statielei 16,2022-11-07,07:00:00,317,264,53,FMN GV 03 Hove
46,Statielei 16,2022-11-07,08:00:00,349,286,63,FMN GV 03 Hove
46,Statielei 16,2022-11-07,09:00:00,100,69,31,FMN GV 03 Hove
46,Statielei 16,2022-11-07,10:00:00,66,41,25,FMN GV 03 Hove
46,Statielei 16,2022-11-07,11:00:00,62,39,23,FMN GV 03 Hove
46,Statielei 16,2022-11-07,12:00:00,92,51,41,FMN GV 03 Hove
46,Statielei 16,2022-11-07,13:00:00,86,49,37,FMN GV 03 Hove
46,Statielei 16,2022-11-07,14:00:00,80,39,41,FMN GV 03 Hove
46,Statielei 16,2022-11-07,15:00:00,129,45,84,FMN GV 03 Hove
46,Statielei 16,2022-11-07,16:00:00,258,75,183,FMN GV 03 Hove
46,Statielei 16,2022-11-07,17:00:00,299,77,222,FMN GV 03 Hove
46,Statielei 16,2022-11-07,18:00:00,162,53,109,FMN GV 03 Hove
46,Statielei 16,2022-11-07,19:00:00,67,27,40,FMN GV 03 Hove
46,Statielei 16,2022-11-07,20:00:00,31,16,15,FMN GV 03 Hove
46,Statielei 16,2022-11-07,21:00:00,35,17,18,FMN GV 03 Hove
46,Statielei 16,2022-11-07,22:00:00,40,23,17,FMN GV 03 Hove
46,Statielei 16,2022-11-07,23:00:00,16,11,5,FMN GV 03 Hove
46,Statielei 16,2022-11-08,00:00:00,4,1,3,FMN GV 03 Hove
46,Statielei 16,2022-11-08,01:00:00,0,0,0,FMN GV 03 Hove
46,Statielei 16,2022-11-08,02:00:00,1,0,1,FMN GV 03 Hove
46,Statielei 16,2022-11-08,03:00:00,2,1,1,FMN GV 03 Hove
46,Statielei 16,2022-11-08,04:00:00,14,9,5,FMN GV 03 Hove
46,Statielei 16,2022-11-08,05:00:00,31,24,7,FMN GV 03 Hove
46,Statielei 16,2022-11-08,06:00:00,100,80,20,FMN GV 03 Hove
46,Statielei 16,2022-11-08,07:00:00,433,363,70,FMN GV 03 Hove
46,Statielei 16,2022-11-08,08:00:00,457,366,91,FMN GV 03 Hove
46,Statielei 16,2022-11-08,09:00:00,141,101,40,FMN GV 03 Hove
46,Statielei 16,2022-11-08,10:00:00,91,57,34,FMN GV 03 Hove
46,Statielei 16,2022-11-08,11:00:00,87,53,34,FMN GV 03 Hove
46,Statielei 16,2022-11-08,12:00:00,115,63,52,FMN GV 03 Hove
46,Statielei 16,2022-11-08,13:00:00,121,63,58,FMN GV 03 Hove
46,Statielei 16,2022-11-08,14:00:00,109,52,57,FMN GV 03 Hove
46,Statielei 16,2022-11-08,15:00:00,181,62,119,FMN GV 03 Hove
46,Statielei 16,2022-11-08,16:00:00,343,116,227,FMN GV 03 Hove
46,Statielei 16,2022-11-08,17:00:00,390,122,268,FMN GV 03 Hove
46,Statielei 16,2022-11-08,18:00:00,209,59,150,FMN GV 03 Hove
46,Statielei 16,2022-11-08,19:00:00,100,39,61,FMN GV 03 Hove
46,Statielei 16,2022-11-08,20:00:00,52,28,24,FMN GV 03 Hove
46,Statielei 16,2022-11-08,21:00:00,45,17,28,FMN GV 03 Hove
46,Statielei 16,2022-11-08,22:00:00,58,23,35,FMN GV 03 Hove
46,Statielei 16,2022-11-08,23:00:00,23,9,14,FMN GV 03 Hove
46,Statielei 16,2022-11-09,00:00:00,11,4,7,FMN GV 03 Hove
46,Statielei 16,2022-11-09,01:00:00,5,0,5,FMN GV 03 Hove
46,Statielei 16,2022-11-09,02:00:00,3,0,3,FMN GV 03 Hove
46,Statielei 16,2022-11-09,03:00:00,3,2,1,FMN GV 03 Hove
46,Statielei 16,2022-11-09,04:00:00,11,8,3,FMN GV 03 Hove
46,Statielei 16,2022-11-09,05:00:00,29,17,12,FMN GV 03 Hove
46,Statielei 16,2022-11-09,06:00:00,101,73,28,FMN GV 03 Hove
46,Statielei 16,2022-11-09,07:00:00,365,297,68,FMN GV 03 Hove
46,Statielei 16,2022-11-09,08:00:00,403,318,85,FMN GV 03 Hove
46,Statielei 16,2022-11-09,09:00:00,194,137,57,FMN GV 03 Hove
46,Statielei 16,2022-11-09,10:00:00,150,90,60,FMN GV 03 Hove
46,Statielei 16,2022-11-09,11:00:00,136,73,63,FMN GV 03 Hove
46,Statielei 16,2022-11-09,12:00:00,264,95,169,FMN GV 03 Hove
46,Statielei 16,2022-11-09,13:00:00,162,63,99,FMN GV 03 Hove
46,Statielei 16,2022-11-09,14:00:00,141,60,81,FMN GV 03 Hove
46,Statielei 16,2022-11-09,15:00:00,177,74,103,FMN GV 03 Hove
46,Statielei 16,2022-11-09,16:00:00,249,93,156,FMN GV 03 Hove
46,Statielei 16,2022-11-09,17:00:00,301,115,186,FMN GV 03 Hove
46,Statielei 16,2022-11-09,18:00:00,207,79,128,FMN GV 03 Hove
46,Statielei 16,2022-11-09,19:00:00,92,42,50,FMN GV 03 Hove
46,Statielei 16,2022-11-09,20:00:00,53,25,28,FMN GV 03 Hove
46,Statielei 16,2022-11-09,21:00:00,35,16,19,FMN GV 03 Hove
46,Statielei 16,2022-11-09,22:00:00,52,22,30,FMN GV 03 Hove
46,Statielei 16,2022-11-09,23:00:00,32,11,21,FMN GV 03 Hove
46,Statielei 16,2022-11-10,00:00:00,17,5,12,FMN GV 03 Hove
46,Statielei 16,2022-11-10,01:00:00,5,3,2,FMN GV 03 Hove
46,Statielei 16,2022-11-10,02:00:00,2,1,1,FMN GV 03 Hove
46,Statielei 16,2022-11-10,03:00:00,1,0,1,FMN GV 03 Hove
46,Statielei 16,2022-11-10,04:00:00,11,6,5,FMN GV 03 Hove
46,Statielei 16,2022-11-10,05:00:00,32,20,12,FMN GV 03 Hove
46,Statielei 16,2022-11-10,06:00:00,85,66,19,FMN GV 03 Hove
46,Statielei 16,2022-11-10,07:00:00,384,312,72,FMN GV 03 Hove
46,Statielei 16,2022-11-10,08:00:00,440,333,107,FMN GV 03 Hove
46,Statielei 16,2022-11-10,09:00:00,118,86,32,FMN GV 03 Hove
46,Statielei 16,2022-11-10,10:00:00,89,51,38,FMN GV 03 Hove
46,Statielei 16,2022-11-10,11:00:00,92,55,37,FMN GV 03 Hove
46,Statielei 16,2022-11-10,12:00:00,133,70,63,FMN GV 03 Hove
46,Statielei 16,2022-11-10,13:00:00,116,63,53,FMN GV 03 Hove
46,Statielei 16,2022-11-10,14:00:00,147,71,76,FMN GV 03 Hove
46,Statielei 16,2022-11-10,15:00:00,194,85,109,FMN GV 03 Hove
46,Statielei 16,2022-11-10,16:00:00,336,113,223,FMN GV 03 Hove
46,Statielei 16,2022-11-10,17:00:00,358,113,245,FMN GV 03 Hove
46,Statielei 16,2022-11-10,18:00:00,198,77,121,FMN GV 03 Hove
46,Statielei 16,2022-11-10,19:00:00,110,56,54,FMN GV 03 Hove
46,Statielei 16,2022-11-10,20:00:00,52,19,33,FMN GV 03 Hove
46,Statielei 16,2022-11-10,21:00:00,47,24,23,FMN GV 03 Hove
46,Statielei 16,2022-11-10,22:00:00,36,15,21,FMN GV 03 Hove
46,Statielei 16,2022-11-10,23:00:00,32,14,18,FMN GV 03 Hove
46,Statielei 16,2022-11-11,00:00:00,27,9,18,FMN GV 03 Hove
46,Statielei 16,2022-11-11,01:00:00,11,8,3,FMN GV 03 Hove
46,Statielei 16,2022-11-11,02:00:00,15,1,14,FMN GV 03 Hove
46,Statielei 16,2022-11-11,03:00:00,10,1,9,FMN GV 03 Hove
46,Statielei 16,2022-11-11,04:00:00,8,3,5,FMN GV 03 Hove
46,Statielei 16,2022-11-11,05:00:00,8,5,3,FMN GV 03 Hove
46,Statielei 16,2022-11-11,06:00:00,13,6,7,FMN GV 03 Hove
46,Statielei 16,2022-11-11,07:00:00,19,9,10,FMN GV 03 Hove
46,Statielei 16,2022-11-11,08:00:00,31,14,17,FMN GV 03 Hove
46,Statielei 16,2022-11-11,09:00:00,62,34,28,FMN GV 03 Hove
46,Statielei 16,2022-11-11,10:00:00,85,41,44,FMN GV 03 Hove
46,Statielei 16,2022-11-11,11:00:00,141,60,81,FMN GV 03 Hove
46,Statielei 16,2022-11-11,12:00:00,110,62,48,FMN GV 03 Hove
46,Statielei 16,2022-11-11,13:00:00,154,74,80,FMN GV 03 Hove
46,Statielei 16,2022-11-11,14:00:00,175,102,73,FMN GV 03 Hove
46,Statielei 16,2022-11-11,15:00:00,137,73,64,FMN GV 03 Hove
46,Statielei 16,2022-11-11,16:00:00,145,76,69,FMN GV 03 Hove
46,Statielei 16,2022-11-11,17:00:00,98,56,42,FMN GV 03 Hove
46,Statielei 16,2022-11-11,18:00:00,52,27,25,FMN GV 03 Hove
46,Statielei 16,2022-11-11,19:00:00,59,39,20,FMN GV 03 Hove
46,Statielei 16,2022-11-11,20:00:00,70,32,38,FMN GV 03 Hove
46,Statielei 16,2022-11-11,21:00:00,29,14,15,FMN GV 03 Hove
46,Statielei 16,2022-11-11,22:00:00,25,10,15,FMN GV 03 Hove
46,Statielei 16,2022-11-11,23:00:00,19,7,12,FMN GV 03 Hove
46,Statielei 16,2022-11-12,00:00:00,25,11,14,FMN GV 03 Hove
46,Statielei 16,2022-11-12,01:00:00,8,2,6,FMN GV 03 Hove
46,Statielei 16,2022-11-12,02:00:00,10,4,6,FMN GV 03 Hove
46,Statielei 16,2022-11-12,03:00:00,9,1,8,FMN GV 03 Hove
46,Statielei 16,2022-11-12,04:00:00,15,5,10,FMN GV 03 Hove
46,Statielei 16,2022-11-12,05:00:00,8,4,4,FMN GV 03 Hove
46,Statielei 16,2022-11-12,06:00:00,7,4,3,FMN GV 03 Hove
46,Statielei 16,2022-11-12,07:00:00,17,11,6,FMN GV 03 Hove
46,Statielei 16,2022-11-12,08:00:00,33,16,17,FMN GV 03 Hove
46,Statielei 16,2022-11-12,09:00:00,61,26,35,FMN GV 03 Hove
46,Statielei 16,2022-11-12,10:00:00,96,70,26,FMN GV 03 Hove
46,Statielei 16,2022-11-12,11:00:00,154,73,81,FMN GV 03 Hove
46,Statielei 16,2022-11-12,12:00:00,192,117,75,FMN GV 03 Hove
46,Statielei 16,2022-11-12,13:00:00,219,130,89,FMN GV 03 Hove
46,Statielei 16,2022-11-12,14:00:00,181,107,74,FMN GV 03 Hove
46,Statielei 16,2022-11-12,15:00:00,162,85,77,FMN GV 03 Hove
46,Statielei 16,2022-11-12,16:00:00,189,112,77,FMN GV 03 Hove
46,Statielei 16,2022-11-12,17:00:00,114,49,65,FMN GV 03 Hove
46,Statielei 16,2022-11-12,18:00:00,79,42,37,FMN GV 03 Hove
46,Statielei 16,2022-11-12,19:00:00,61,33,28,FMN GV 03 Hove
46,Statielei 16,2022-11-12,20:00:00,28,15,13,FMN GV 03 Hove
46,Statielei 16,2022-11-12,21:00:00,36,16,20,FMN GV 03 Hove
46,Statielei 16,2022-11-12,22:00:00,34,7,27,FMN GV 03 Hove
46,Statielei 16,2022-11-12,23:00:00,22,11,11,FMN GV 03 Hove
46,Statielei 16,2022-11-13,00:00:00,22,13,9,FMN GV 03 Hove
46,Statielei 16,2022-11-13,01:00:00,10,2,8,FMN GV 03 Hove
46,Statielei 16,2022-11-13,02:00:00,14,9,5,FMN GV 03 Hove
46,Statielei 16,2022-11-13,03:00:00,5,3,2,FMN GV 03 Hove
46,Statielei 16,2022-11-13,04:00:00,9,5,4,FMN GV 03 Hove
46,Statielei 16,2022-11-13,05:00:00,13,9,4,FMN GV 03 Hove
46,Statielei 16,2022-11-13,06:00:00,8,5,3,FMN GV 03 Hove
46,Statielei 16,2022-11-13,07:00:00,20,9,11,FMN GV 03 Hove
46,Statielei 16,2022-11-13,08:00:00,28,9,19,FMN GV 03 Hove
46,Statielei 16,2022-11-13,09:00:00,74,40,34,FMN GV 03 Hove
46,Statielei 16,2022-11-13,10:00:00,107,42,65,FMN GV 03 Hove
46,Statielei 16,2022-11-13,11:00:00,155,106,49,FMN GV 03 Hove
46,Statielei 16,2022-11-13,12:00:00,135,100,35,FMN GV 03 Hove
46,Statielei 16,2022-11-13,13:00:00,183,99,84,FMN GV 03 Hove
46,Statielei 16,2022-11-13,14:00:00,182,87,95,FMN GV 03 Hove
46,Statielei 16,2022-11-13,15:00:00,164,97,67,FMN GV 03 Hove
46,Statielei 16,2022-11-13,16:00:00,166,100,66,FMN GV 03 Hove
46,Statielei 16,2022-11-13,17:00:00,121,61,60,FMN GV 03 Hove
46,Statielei 16,2022-11-13,18:00:00,65,36,29,FMN GV 03 Hove
46,Statielei 16,2022-11-13,19:00:00,46,21,25,FMN GV 03 Hove
46,Statielei 16,2022-11-13,20:00:00,33,20,13,FMN GV 03 Hove
46,Statielei 16,2022-11-13,21:00:00,22,10,12,FMN GV 03 Hove
46,Statielei 16,2022-11-13,22:00:00,18,8,10,FMN GV 03 Hove
46,Statielei 16,2022-11-13,23:00:00,11,2,9,FMN GV 03 Hove
46,Statielei 16,2022-11-14,00:00:00,2,0,2,FMN GV 03 Hove
46,Statielei 16,2022-11-14,01:00:00,1,0,1,FMN GV 03 Hove
46,Statielei 16,2022-11-14,02:00:00,3,0,3,FMN GV 03 Hove
46,Statielei 16,2022-11-14,03:00:00,2,1,1,FMN GV 03 Hove
46,Statielei 16,2022-11-14,04:00:00,11,7,4,FMN GV 03 Hove
46,Statielei 16,2022-11-14,05:00:00,34,23,11,FMN GV 03 Hove
46,Statielei 16,2022-11-14,06:00:00,83,61,22,FMN GV 03 Hove
46,Statielei 16,2022-11-14,07:00:00,356,296,60,FMN GV 03 Hove
46,Statielei 16,2022-11-14,08:00:00,421,335,86,FMN GV 03 Hove
46,Statielei 16,2022-11-14,09:00:00,100,78,22,FMN GV 03 Hove
46,Statielei 16,2022-11-14,10:00:00,80,56,24,FMN GV 03 Hove
46,Statielei 16,2022-11-14,11:00:00,71,34,37,FMN GV 03 Hove
46,Statielei 16,2022-11-14,12:00:00,136,78,58,FMN GV 03 Hove
46,Statielei 16,2022-11-14,13:00:00,143,78,65,FMN GV 03 Hove
46,Statielei 16,2022-11-14,14:00:00,150,78,72,FMN GV 03 Hove
46,Statielei 16,2022-11-14,15:00:00,173,61,112,FMN GV 03 Hove
46,Statielei 16,2022-11-14,16:00:00,345,100,245,FMN GV 03 Hove
46,Statielei 16,2022-11-14,17:00:00,356,117,239,FMN GV 03 Hove
46,Statielei 16,2022-11-14,18:00:00,188,57,131,FMN GV 03 Hove
46,Statielei 16,2022-11-14,19:00:00,80,29,51,FMN GV 03 Hove
46,Statielei 16,2022-11-14,20:00:00,47,21,26,FMN GV 03 Hove
46,Statielei 16,2022-11-14,21:00:00,34,18,16,FMN GV 03 Hove
46,Statielei 16,2022-11-14,22:00:00,43,19,24,FMN GV 03 Hove
46,Statielei 16,2022-11-14,23:00:00,19,10,9,FMN GV 03 Hove
46,Statielei 16,2022-11-15,00:00:00,6,1,5,FMN GV 03 Hove
46,Statielei 16,2022-11-15,01:00:00,0,0,0,FMN GV 03 Hove
46,Statielei 16,2022-11-15,02:00:00,1,0,1,FMN GV 03 Hove
46,Statielei 16,2022-11-15,03:00:00,2,1,1,FMN GV 03 Hove
46,Statielei 16,2022-11-15,04:00:00,10,5,5,FMN GV 03 Hove
46,Statielei 16,2022-11-15,05:00:00,26,20,6,FMN GV 03 Hove
46,Statielei 16,2022-11-15,06:00:00,93,68,25,FMN GV 03 Hove
46,Statielei 16,2022-11-15,07:00:00,377,302,75,FMN GV 03 Hove
46,Statielei 16,2022-11-15,08:00:00,426,344,82,FMN GV 03 Hove
46,Statielei 16,2022-11-15,09:00:00,119,83,36,FMN GV 03 Hove
46,Statielei 16,2022-11-15,10:00:00,98,65,33,FMN GV 03 Hove
46,Statielei 16,2022-11-15,11:00:00,100,53,47,FMN GV 03 Hove
46,Statielei 16,2022-11-15,12:00:00,117,64,53,FMN GV 03 Hove
46,Statielei 16,2022-11-15,13:00:00,133,68,65,FMN GV 03 Hove
46,Statielei 16,2022-11-15,14:00:00,112,57,55,FMN GV 03 Hove
46,Statielei 16,2022-11-15,15:00:00,164,49,115,FMN GV 03 Hove
46,Statielei 16,2022-11-15,16:00:00,301,85,216,FMN GV 03 Hove
46,Statielei 16,2022-11-15,17:00:00,291,78,213,FMN GV 03 Hove
46,Statielei 16,2022-11-15,18:00:00,156,33,123,FMN GV 03 Hove
46,Statielei 16,2022-11-15,19:00:00,58,20,38,FMN GV 03 Hove
46,Statielei 16,2022-11-15,20:00:00,40,16,24,FMN GV 03 Hove
46,Statielei 16,2022-11-15,21:00:00,46,21,25,FMN GV 03 Hove
46,Statielei 16,2022-11-15,22:00:00,44,22,22,FMN GV 03 Hove
46,Statielei 16,2022-11-15,23:00:00,7,2,5,FMN GV 03 Hove
46,Statielei 16,2022-11-16,00:00:00,5,2,3,FMN GV 03 Hove
46,Statielei 16,2022-11-16,01:00:00,1,0,1,FMN GV 03 Hove
46,Statielei 16,2022-11-16,02:00:00,1,0,1,FMN GV 03 Hove
46,Statielei 16,2022-11-16,03:00:00,2,1,1,FMN GV 03 Hove
46,Statielei 16,2022-11-16,04:00:00,7,4,3,FMN GV 03 Hove
46,Statielei 16,2022-11-16,05:00:00,27,20,7,FMN GV 03 Hove
46,Statielei 16,2022-11-16,06:00:00,103,76,27,FMN GV 03 Hove
46,Statielei 16,2022-11-16,07:00:00,288,229,59,FMN GV 03 Hove
46,Statielei 16,2022-11-16,08:00:00,354,290,64,FMN GV 03 Hove
46,Statielei 16,2022-11-16,09:00:00,132,94,38,FMN GV 03 Hove
46,Statielei 16,2022-11-16,10:00:00,136,81,55,FMN GV 03 Hove
46,Statielei 16,2022-11-16,11:00:00,121,52,69,FMN GV 03 Hove
46,Statielei 16,2022-11-16,12:00:00,229,81,148,FMN GV 03 Hove
46,Statielei 16,2022-11-16,13:00:00,147,53,94,FMN GV 03 Hove
46,Statielei 16,2022-11-16,14:00:00,121,65,56,FMN GV 03 Hove
46,Statielei 16,2022-11-16,15:00:00,128,51,77,FMN GV 03 Hove
46,Statielei 16,2022-11-16,16:00:00,185,64,121,FMN GV 03 Hove
46,Statielei 16,2022-11-16,17:00:00,260,92,168,FMN GV 03 Hove
46,Statielei 16,2022-11-16,18:00:00,148,60,88,FMN GV 03 Hove
46,Statielei 16,2022-11-16,19:00:00,61,31,30,FMN GV 03 Hove
46,Statielei 16,2022-11-16,20:00:00,53,20,33,FMN GV 03 Hove
46,Statielei 16,2022-11-16,21:00:00,22,11,11,FMN GV 03 Hove
46,Statielei 16,2022-11-16,22:00:00,38,16,22,FMN GV 03 Hove
46,Statielei 16,2022-11-16,23:00:00,21,8,13,FMN GV 03 Hove
46,Statielei 16,2022-11-17,00:00:00,5,1,4,FMN GV 03 Hove
46,Statielei 16,2022-11-17,01:00:00,2,0,2,FMN GV 03 Hove
46,Statielei 16,2022-11-17,02:00:00,1,0,1,FMN GV 03 Hove
46,Statielei 16,2022-11-17,03:00:00,1,1,0,FMN GV 03 Hove
46,Statielei 16,2022-11-17,04:00:00,4,4,0,FMN GV 03 Hove
46,Statielei 16,2022-11-17,05:00:00,15,12,3,FMN GV 03 Hove
46,Statielei 16,2022-11-17,06:00:00,80,57,23,FMN GV 03 Hove
46,Statielei 16,2022-11-17,07:00:00,229,190,39,FMN GV 03 Hove
46,Statielei 16,2022-11-17,08:00:00,294,232,62,FMN GV 03 Hove
46,Statielei 16,2022-11-17,09:00:00,75,57,18,FMN GV 03 Hove
46,Statielei 16,2022-11-17,10:00:00,40,29,11,FMN GV 03 Hove
46,Statielei 16,2022-11-17,11:00:00,45,28,17,FMN GV 03 Hove
46,Statielei 16,2022-11-17,12:00:00,72,35,37,FMN GV 03 Hove
46,Statielei 16,2022-11-17,13:00:00,57,25,32,FMN GV 03 Hove
46,Statielei 16,2022-11-17,14:00:00,60,26,34,FMN GV 03 Hove
46,Statielei 16,2022-11-17,15:00:00,116,42,74,FMN GV 03 Hove
46,Statielei 16,2022-11-17,16:00:00,218,64,154,FMN GV 03 Hove
46,Statielei 16,2022-11-17,17:00:00,244,79,165,FMN GV 03 Hove
46,Statielei 16,2022-11-17,18:00:00,115,52,63,FMN GV 03 Hove
46,Statielei 16,2022-11-17,19:00:00,70,38,32,FMN GV 03 Hove
46,Statielei 16,2022-11-17,20:00:00,45,24,21,FMN GV 03 Hove
46,Statielei 16,2022-11-17,21:00:00,38,20,18,FMN GV 03 Hove
46,Statielei 16,2022-11-17,22:00:00,47,13,34,FMN GV 03 Hove
46,Statielei 16,2022-11-17,23:00:00,23,6,17,FMN GV 03 Hove
46,Statielei 16,2022-11-18,00:00:00,13,3,10,FMN GV 03 Hove
46,Statielei 16,2022-11-18,01:00:00,9,4,5,FMN GV 03 Hove
46,Statielei 16,2022-11-18,02:00:00,1,0,1,FMN GV 03 Hove
46,Statielei 16,2022-11-18,03:00:00,3,1,2,FMN GV 03 Hove
46,Statielei 16,2022-11-18,04:00:00,6,3,3,FMN GV 03 Hove
46,Statielei 16,2022-11-18,05:00:00,23,17,6,FMN GV 03 Hove
46,Statielei 16,2022-11-18,06:00:00,85,59,26,FMN GV 03 Hove
46,Statielei 16,2022-11-18,07:00:00,285,233,52,FMN GV 03 Hove
46,Statielei 16,2022-11-18,08:00:00,339,268,71,FMN GV 03 Hove
46,Statielei 16,2022-11-18,09:00:00,111,84,27,FMN GV 03 Hove
46,Statielei 16,2022-11-18,10:00:00,72,45,27,FMN GV 03 Hove
46,Statielei 16,2022-11-18,11:00:00,64,40,24,FMN GV 03 Hove
46,Statielei 16,2022-11-18,12:00:00,114,54,60,FMN GV 03 Hove
46,Statielei 16,2022-11-18,13:00:00,102,43,59,FMN GV 03 Hove
46,Statielei 16,2022-11-18,14:00:00,79,36,43,FMN GV 03 Hove
46,Statielei 16,2022-11-18,15:00:00,140,62,78,FMN GV 03 Hove
46,Statielei 16,2022-11-18,16:00:00,215,53,162,FMN GV 03 Hove
46,Statielei 16,2022-11-18,17:00:00,198,67,131,FMN GV 03 Hove
46,Statielei 16,2022-11-18,18:00:00,111,39,72,FMN GV 03 Hove
46,Statielei 16,2022-11-18,19:00:00,57,30,27,FMN GV 03 Hove
46,Statielei 16,2022-11-18,20:00:00,26,12,14,FMN GV 03 Hove
46,Statielei 16,2022-11-18,21:00:00,42,24,18,FMN GV 03 Hove
46,Statielei 16,2022-11-18,22:00:00,27,9,18,FMN GV 03 Hove
46,Statielei 16,2022-11-18,23:00:00,29,18,11,FMN GV 03 Hove
46,Statielei 16,2022-11-19,00:00:00,16,3,13,FMN GV 03 Hove
46,Statielei 16,2022-11-19,01:00:00,8,6,2,FMN GV 03 Hove
46,Statielei 16,2022-11-19,02:00:00,12,3,9,FMN GV 03 Hove
46,Statielei 16,2022-11-19,03:00:00,13,4,9,FMN GV 03 Hove
46,Statielei 16,2022-11-19,04:00:00,7,5,2,FMN GV 03 Hove
46,Statielei 16,2022-11-19,05:00:00,8,5,3,FMN GV 03 Hove
46,Statielei 16,2022-11-19,06:00:00,13,5,8,FMN GV 03 Hove
46,Statielei 16,2022-11-19,07:00:00,16,10,6,FMN GV 03 Hove
46,Statielei 16,2022-11-19,08:00:00,22,14,8,FMN GV 03 Hove
46,Statielei 16,2022-11-19,09:00:00,32,23,9,FMN GV 03 Hove
46,Statielei 16,2022-11-19,10:00:00,42,19,23,FMN GV 03 Hove
46,Statielei 16,2022-11-19,11:00:00,50,30,20,FMN GV 03 Hove
46,Statielei 16,2022-11-19,12:00:00,72,39,33,FMN GV 03 Hove
46,Statielei 16,2022-11-19,13:00:00,76,43,33,FMN GV 03 Hove
46,Statielei 16,2022-11-19,14:00:00,96,53,43,FMN GV 03 Hove
46,Statielei 16,2022-11-19,15:00:00,72,41,31,FMN GV 03 Hove
46,Statielei 16,2022-11-19,16:00:00,81,39,42,FMN GV 03 Hove
46,Statielei 16,2022-11-19,17:00:00,67,36,31,FMN GV 03 Hove
46,Statielei 16,2022-11-19,18:00:00,50,30,20,FMN GV 03 Hove
46,Statielei 16,2022-11-19,19:00:00,51,31,20,FMN GV 03 Hove
46,Statielei 16,2022-11-19,20:00:00,44,27,17,FMN GV 03 Hove
46,Statielei 16,2022-11-19,21:00:00,20,12,8,FMN GV 03 Hove
46,Statielei 16,2022-11-19,22:00:00,32,9,23,FMN GV 03 Hove
46,Statielei 16,2022-11-19,23:00:00,31,15,16,FMN GV 03 Hove
46,Statielei 16,2022-11-20,00:00:00,22,9,13,FMN GV 03 Hove
46,Statielei 16,2022-11-20,01:00:00,13,8,5,FMN GV 03 Hove
46,Statielei 16,2022-11-20,02:00:00,7,3,4,FMN GV 03 Hove
46,Statielei 16,2022-11-20,03:00:00,8,0,8,FMN GV 03 Hove
46,Statielei 16,2022-11-20,04:00:00,8,3,5,FMN GV 03 Hove
46,Statielei 16,2022-11-20,05:00:00,11,5,6,FMN GV 03 Hove
46,Statielei 16,2022-11-20,06:00:00,10,8,2,FMN GV 03 Hove
46,Statielei 16,2022-11-20,07:00:00,12,5,7,FMN GV 03 Hove
46,Statielei 16,2022-11-20,08:00:00,24,13,11,FMN GV 03 Hove
46,Statielei 16,2022-11-20,09:00:00,63,39,24,FMN GV 03 Hove
46,Statielei 16,2022-11-20,10:00:00,61,30,31,FMN GV 03 Hove
46,Statielei 16,2022-11-20,11:00:00,53,28,25,FMN GV 03 Hove
46,Statielei 16,2022-11-20,12:00:00,61,40,21,FMN GV 03 Hove
46,Statielei 16,2022-11-20,13:00:00,48,26,22,FMN GV 03 Hove
46,Statielei 16,2022-11-20,14:00:00,28,9,19,FMN GV 03 Hove
46,Statielei 16,2022-11-20,15:00:00,28,10,18,FMN GV 03 Hove
46,Statielei 16,2022-11-20,16:00:00,34,21,13,FMN GV 03 Hove
46,Statielei 16,2022-11-20,17:00:00,36,18,18,FMN GV 03 Hove
46,Statielei 16,2022-11-20,18:00:00,31,19,12,FMN GV 03 Hove
46,Statielei 16,2022-11-20,19:00:00,21,11,10,FMN GV 03 Hove
46,Statielei 16,2022-11-20,20:00:00,17,13,4,FMN GV 03 Hove
46,Statielei 16,2022-11-20,21:00:00,26,12,14,FMN GV 03 Hove
46,Statielei 16,2022-11-20,22:00:00,17,3,14,FMN GV 03 Hove
46,Statielei 16,2022-11-20,23:00:00,7,4,3,FMN GV 03 Hove
46,Statielei 16,2022-11-21,00:00:00,2,0,2,FMN GV 03 Hove
46,Statielei 16,2022-11-21,01:00:00,1,0,1,FMN GV 03 Hove
46,Statielei 16,2022-11-21,02:00:00,0,0,0,FMN GV 03 Hove
46,Statielei 16,2022-11-21,03:00:00,1,1,0,FMN GV 03 Hove
46,Statielei 16,2022-11-21,04:00:00,12,8,4,FMN GV 03 Hove
46,Statielei 16,2022-11-21,05:00:00,26,18,8,FMN GV 03 Hove
46,Statielei 16,2022-11-21,06:00:00,92,67,25,FMN GV 03 Hove
46,Statielei 16,2022-11-21,07:00:00,289,236,53,FMN GV 03 Hove
46,Statielei 16,2022-11-21,08:00:00,404,317,87,FMN GV 03 Hove
46,Statielei 16,2022-11-21,09:00:00,113,84,29,FMN GV 03 Hove
46,Statielei 16,2022-11-21,10:00:00,66,48,18,FMN GV 03 Hove
46,Statielei 16,2022-11-21,11:00:00,70,45,25,FMN GV 03 Hove
46,Statielei 16,2022-11-21,12:00:00,94,49,45,FMN GV 03 Hove
46,Statielei 16,2022-11-21,13:00:00,118,56,62,FMN GV 03 Hove
46,Statielei 16,2022-11-21,14:00:00,76,38,38,FMN GV 03 Hove
46,Statielei 16,2022-11-21,15:00:00,138,63,75,FMN GV 03 Hove
46,Statielei 16,2022-11-21,16:00:00,305,75,230,FMN GV 03 Hove
46,Statielei 16,2022-11-21,17:00:00,263,75,188,FMN GV 03 Hove
46,Statielei 16,2022-11-21,18:00:00,144,54,90,FMN GV 03 Hove
46,Statielei 16,2022-11-21,19:00:00,63,26,37,FMN GV 03 Hove
46,Statielei 16,2022-11-21,20:00:00,28,12,16,FMN GV 03 Hove
46,Statielei 16,2022-11-21,21:00:00,22,6,16,FMN GV 03 Hove
46,Statielei 16,2022-11-21,22:00:00,40,21,19,FMN GV 03 Hove
46,Statielei 16,2022-11-21,23:00:00,9,3,6,FMN GV 03 Hove
46,Statielei 16,2022-11-22,00:00:00,3,1,2,FMN GV 03 Hove
46,Statielei 16,2022-11-22,01:00:00,1,0,1,FMN GV 03 Hove
46,Statielei 16,2022-11-22,02:00:00,0,0,0,FMN GV 03 Hove
46,Statielei 16,2022-11-22,03:00:00,1,1,0,FMN GV 03 Hove
46,Statielei 16,2022-11-22,04:00:00,9,8,1,FMN GV 03 Hove
46,Statielei 16,2022-11-22,05:00:00,24,14,10,FMN GV 03 Hove
46,Statielei 16,2022-11-22,06:00:00,86,63,23,FMN GV 03 Hove
46,Statielei 16,2022-11-22,07:00:00,327,257,70,FMN GV 03 Hove
46,Statielei 16,2022-11-22,08:00:00,394,317,77,FMN GV 03 Hove
46,Statielei 16,2022-11-22,09:00:00,107,81,26,FMN GV 03 Hove
46,Statielei 16,2022-11-22,10:00:00,63,45,18,FMN GV 03 Hove
46,Statielei 16,2022-11-22,11:00:00,61,34,27,FMN GV 03 Hove
46,Statielei 16,2022-11-22,12:00:00,91,51,40,FMN GV 03 Hove
46,Statielei 16,2022-11-22,13:00:00,95,50,45,FMN GV 03 Hove
46,Statielei 16,2022-11-22,14:00:00,67,30,37,FMN GV 03 Hove
46,Statielei 16,2022-11-22,15:00:00,135,64,71,FMN GV 03 Hove
46,Statielei 16,2022-11-22,16:00:00,253,66,187,FMN GV 03 Hove
46,Statielei 16,2022-11-22,17:00:00,302,87,215,FMN GV 03 Hove
46,Statielei 16,2022-11-22,18:00:00,164,50,114,FMN GV 03 Hove
46,Statielei 16,2022-11-22,19:00:00,78,33,45,FMN GV 03 Hove
46,Statielei 16,2022-11-22,20:00:00,50,23,27,FMN GV 03 Hove
46,Statielei 16,2022-11-22,21:00:00,35,16,19,FMN GV 03 Hove
46,Statielei 16,2022-11-22,22:00:00,51,27,24,FMN GV 03 Hove
46,Statielei 16,2022-11-22,23:00:00,16,7,9,FMN GV 03 Hove
46,Statielei 16,2022-11-23,00:00:00,5,1,4,FMN GV 03 Hove
46,Statielei 16,2022-11-23,01:00:00,1,0,1,FMN GV 03 Hove
46,Statielei 16,2022-11-23,02:00:00,1,0,1,FMN GV 03 Hove
46,Statielei 16,2022-11-23,03:00:00,4,2,2,FMN GV 03 Hove
46,Statielei 16,2022-11-23,04:00:00,14,5,9,FMN GV 03 Hove
46,Statielei 16,2022-11-23,05:00:00,28,17,11,FMN GV 03 Hove
46,Statielei 16,2022-11-23,06:00:00,77,63,14,FMN GV 03 Hove
46,Statielei 16,2022-11-23,07:00:00,292,232,60,FMN GV 03 Hove
46,Statielei 16,2022-11-23,08:00:00,352,277,75,FMN GV 03 Hove
46,Statielei 16,2022-11-23,09:00:00,107,74,33,FMN GV 03 Hove
46,Statielei 16,2022-11-23,10:00:00,99,54,45,FMN GV 03 Hove
46,Statielei 16,2022-11-23,11:00:00,71,32,39,FMN GV 03 Hove
46,Statielei 16,2022-11-23,12:00:00,178,73,105,FMN GV 03 Hove
46,Statielei 16,2022-11-23,13:00:00,153,51,102,FMN GV 03 Hove
46,Statielei 16,2022-11-23,14:00:00,68,27,41,FMN GV 03 Hove
46,Statielei 16,2022-11-23,15:00:00,65,29,36,FMN GV 03 Hove
46,Statielei 16,2022-11-23,16:00:00,149,42,107,FMN GV 03 Hove
46,Statielei 16,2022-11-23,17:00:00,218,80,138,FMN GV 03 Hove
46,Statielei 16,2022-11-23,18:00:00,134,56,78,FMN GV 03 Hove
46,Statielei 16,2022-11-23,19:00:00,73,47,26,FMN GV 03 Hove
46,Statielei 16,2022-11-23,20:00:00,34,15,19,FMN GV 03 Hove
46,Statielei 16,2022-11-23,21:00:00,23,11,12,FMN GV 03 Hove
46,Statielei 16,2022-11-23,22:00:00,57,25,32,FMN GV 03 Hove
46,Statielei 16,2022-11-23,23:00:00,18,6,12,FMN GV 03 Hove
46,Statielei 16,2022-11-24,00:00:00,17,3,14,FMN GV 03 Hove
46,Statielei 16,2022-11-24,01:00:00,10,1,9,FMN GV 03 Hove
46,Statielei 16,2022-11-24,02:00:00,0,0,0,FMN GV 03 Hove
46,Statielei 16,2022-11-24,03:00:00,5,2,3,FMN GV 03 Hove
46,Statielei 16,2022-11-24,04:00:00,8,5,3,FMN GV 03 Hove
46,Statielei 16,2022-11-24,05:00:00,18,11,7,FMN GV 03 Hove
46,Statielei 16,2022-11-24,06:00:00,105,81,24,FMN GV 03 Hove
46,Statielei 16,2022-11-24,07:00:00,343,279,64,FMN GV 03 Hove
46,Statielei 16,2022-11-24,08:00:00,448,355,93,FMN GV 03 Hove
46,Statielei 16,2022-11-24,09:00:00,107,79,28,FMN GV 03 Hove
46,Statielei 16,2022-11-24,10:00:00,71,41,30,FMN GV 03 Hove
46,Statielei 16,2022-11-24,11:00:00,80,48,32,FMN GV 03 Hove
46,Statielei 16,2022-11-24,12:00:00,108,61,47,FMN GV 03 Hove
46,Statielei 16,2022-11-24,13:00:00,144,72,72,FMN GV 03 Hove
46,Statielei 16,2022-11-24,14:00:00,114,54,60,FMN GV 03 Hove
46,Statielei 16,2022-11-24,15:00:00,201,83,118,FMN GV 03 Hove
46,Statielei 16,2022-11-24,16:00:00,291,83,208,FMN GV 03 Hove
46,Statielei 16,2022-11-24,17:00:00,334,95,239,FMN GV 03 Hove
46,Statielei 16,2022-11-24,18:00:00,210,78,132,FMN GV 03 Hove
46,Statielei 16,2022-11-24,19:00:00,91,45,46,FMN GV 03 Hove
46,Statielei 16,2022-11-24,20:00:00,50,21,29,FMN GV 03 Hove
46,Statielei 16,2022-11-24,21:00:00,43,23,20,FMN GV 03 Hove
46,Statielei 16,2022-11-24,22:00:00,51,13,38,FMN GV 03 Hove
46,Statielei 16,2022-11-24,23:00:00,24,6,18,FMN GV 03 Hove
46,Statielei 16,2022-11-25,00:00:00,15,8,7,FMN GV 03 Hove
46,Statielei 16,2022-11-25,01:00:00,5,0,5,FMN GV 03 Hove
46,Statielei 16,2022-11-25,02:00:00,2,0,2,FMN GV 03 Hove
46,Statielei 16,2022-11-25,03:00:00,4,3,1,FMN GV 03 Hove
46,Statielei 16,2022-11-25,04:00:00,15,7,8,FMN GV 03 Hove
46,Statielei 16,2022-11-25,05:00:00,30,19,11,FMN GV 03 Hove
46,Statielei 16,2022-11-25,06:00:00,85,60,25,FMN GV 03 Hove
46,Statielei 16,2022-11-25,07:00:00,266,205,61,FMN GV 03 Hove
46,Statielei 16,2022-11-25,08:00:00,334,263,71,FMN GV 03 Hove
46,Statielei 16,2022-11-25,09:00:00,116,92,24,FMN GV 03 Hove
46,Statielei 16,2022-11-25,10:00:00,70,48,22,FMN GV 03 Hove
46,Statielei 16,2022-11-25,11:00:00,90,55,35,FMN GV 03 Hove
46,Statielei 16,2022-11-25,12:00:00,120,63,57,FMN GV 03 Hove
46,Statielei 16,2022-11-25,13:00:00,107,47,60,FMN GV 03 Hove
46,Statielei 16,2022-11-25,14:00:00,137,68,69,FMN GV 03 Hove
46,Statielei 16,2022-11-25,15:00:00,172,79,93,FMN GV 03 Hove
46,Statielei 16,2022-11-25,16:00:00,286,106,180,FMN GV 03 Hove
46,Statielei 16,2022-11-25,17:00:00,247,91,156,FMN GV 03 Hove
46,Statielei 16,2022-11-25,18:00:00,160,77,83,FMN GV 03 Hove
46,Statielei 16,2022-11-25,19:00:00,96,54,42,FMN GV 03 Hove
46,Statielei 16,2022-11-25,20:00:00,48,20,28,FMN GV 03 Hove
46,Statielei 16,2022-11-25,21:00:00,36,13,23,FMN GV 03 Hove
46,Statielei 16,2022-11-25,22:00:00,40,17,23,FMN GV 03 Hove
46,Statielei 16,2022-11-25,23:00:00,26,14,12,FMN GV 03 Hove
46,Statielei 16,2022-11-26,00:00:00,31,9,22,FMN GV 03 Hove
46,Statielei 16,2022-11-26,01:00:00,21,11,10,FMN GV 03 Hove
46,Statielei 16,2022-11-26,02:00:00,11,3,8,FMN GV 03 Hove
46,Statielei 16,2022-11-26,03:00:00,8,5,3,FMN GV 03 Hove
46,Statielei 16,2022-11-26,04:00:00,12,9,3,FMN GV 03 Hove
46,Statielei 16,2022-11-26,05:00:00,9,7,2,FMN GV 03 Hove
46,Statielei 16,2022-11-26,06:00:00,9,5,4,FMN GV 03 Hove
46,Statielei 16,2022-11-26,07:00:00,21,9,12,FMN GV 03 Hove
46,Statielei 16,2022-11-26,08:00:00,47,25,22,FMN GV 03 Hove
46,Statielei 16,2022-11-26,09:00:00,69,41,28,FMN GV 03 Hove
46,Statielei 16,2022-11-26,10:00:00,98,54,44,FMN GV 03 Hove
46,Statielei 16,2022-11-26,11:00:00,103,59,44,FMN GV 03 Hove
46,Statielei 16,2022-11-26,12:00:00,133,67,66,FMN GV 03 Hove
46,Statielei 16,2022-11-26,13:00:00,178,118,60,FMN GV 03 Hove
46,Statielei 16,2022-11-26,14:00:00,140,56,84,FMN GV 03 Hove
46,Statielei 16,2022-11-26,15:00:00,148,80,68,FMN GV 03 Hove
46,Statielei 16,2022-11-26,16:00:00,130,68,62,FMN GV 03 Hove
46,Statielei 16,2022-11-26,17:00:00,104,46,58,FMN GV 03 Hove
46,Statielei 16,2022-11-26,18:00:00,71,42,29,FMN GV 03 Hove
46,Statielei 16,2022-11-26,19:00:00,63,41,22,FMN GV 03 Hove
46,Statielei 16,2022-11-26,20:00:00,36,23,13,FMN GV 03 Hove
46,Statielei 16,2022-11-26,21:00:00,25,13,12,FMN GV 03 Hove
46,Statielei 16,2022-11-26,22:00:00,45,15,30,FMN GV 03 Hove
46,Statielei 16,2022-11-26,23:00:00,22,8,14,FMN GV 03 Hove
46,Statielei 16,2022-11-27,00:00:00,34,12,22,FMN GV 03 Hove
46,Statielei 16,2022-11-27,01:00:00,15,2,13,FMN GV 03 Hove
46,Statielei 16,2022-11-27,02:00:00,13,6,7,FMN GV 03 Hove
46,Statielei 16,2022-11-27,03:00:00,9,5,4,FMN GV 03 Hove
46,Statielei 16,2022-11-27,04:00:00,5,4,1,FMN GV 03 Hove
46,Statielei 16,2022-11-27,05:00:00,9,5,4,FMN GV 03 Hove
46,Statielei 16,2022-11-27,06:00:00,4,2,2,FMN GV 03 Hove
46,Statielei 16,2022-11-27,07:00:00,13,7,6,FMN GV 03 Hove
46,Statielei 16,2022-11-27,08:00:00,12,7,5,FMN GV 03 Hove
46,Statielei 16,2022-11-27,09:00:00,40,17,23,FMN GV 03 Hove
46,Statielei 16,2022-11-27,10:00:00,33,22,11,FMN GV 03 Hove
46,Statielei 16,2022-11-27,11:00:00,38,17,21,FMN GV 03 Hove
46,Statielei 16,2022-11-27,12:00:00,44,24,20,FMN GV 03 Hove
46,Statielei 16,2022-11-27,13:00:00,64,46,18,FMN GV 03 Hove
46,Statielei 16,2022-11-27,14:00:00,41,24,17,FMN GV 03 Hove
46,Statielei 16,2022-11-27,15:00:00,31,16,15,FMN GV 03 Hove
46,Statielei 16,2022-11-27,16:00:00,60,28,32,FMN GV 03 Hove
46,Statielei 16,2022-11-27,17:00:00,33,24,9,FMN GV 03 Hove
46,Statielei 16,2022-11-27,18:00:00,26,14,12,FMN GV 03 Hove
46,Statielei 16,2022-11-27,19:00:00,16,7,9,FMN GV 03 Hove
46,Statielei 16,2022-11-27,20:00:00,15,6,9,FMN GV 03 Hove
46,Statielei 16,2022-11-27,21:00:00,15,5,10,FMN GV 03 Hove
46,Statielei 16,2022-11-27,22:00:00,18,11,7,FMN GV 03 Hove
46,Statielei 16,2022-11-27,23:00:00,2,2,0,FMN GV 03 Hove
46,Statielei 16,2022-11-28,00:00:00,3,0,3,FMN GV 03 Hove
46,Statielei 16,2022-11-28,01:00:00,1,0,1,FMN GV 03 Hove
46,Statielei 16,2022-11-28,02:00:00,0,0,0,FMN GV 03 Hove
46,Statielei 16,2022-11-28,03:00:00,1,1,0,FMN GV 03 Hove
46,Statielei 16,2022-11-28,04:00:00,11,6,5,FMN GV 03 Hove
46,Statielei 16,2022-11-28,05:00:00,20,12,8,FMN GV 03 Hove
46,Statielei 16,2022-11-28,06:00:00,73,56,17,FMN GV 03 Hove
46,Statielei 16,2022-11-28,07:00:00,300,251,49,FMN GV 03 Hove
46,Statielei 16,2022-11-28,08:00:00,387,298,89,FMN GV 03 Hove
46,Statielei 16,2022-11-28,09:00:00,88,74,14,FMN GV 03 Hove
46,Statielei 16,2022-11-28,10:00:00,56,43,13,FMN GV 03 Hove
46,Statielei 16,2022-11-28,11:00:00,76,34,42,FMN GV 03 Hove
46,Statielei 16,2022-11-28,12:00:00,92,51,41,FMN GV 03 Hove
46,Statielei 16,2022-11-28,13:00:00,96,45,51,FMN GV 03 Hove
46,Statielei 16,2022-11-28,14:00:00,76,43,33,FMN GV 03 Hove
46,Statielei 16,2022-11-28,15:00:00,138,53,85,FMN GV 03 Hove
46,Statielei 16,2022-11-28,16:00:00,269,91,178,FMN GV 03 Hove
46,Statielei 16,2022-11-28,17:00:00,273,85,188,FMN GV 03 Hove
46,Statielei 16,2022-11-28,18:00:00,143,46,97,FMN GV 03 Hove
46,Statielei 16,2022-11-28,19:00:00,65,38,27,FMN GV 03 Hove
46,Statielei 16,2022-11-28,20:00:00,35,16,19,FMN GV 03 Hove
46,Statielei 16,2022-11-28,21:00:00,30,12,18,FMN GV 03 Hove
46,Statielei 16,2022-11-28,22:00:00,44,20,24,FMN GV 03 Hove
46,Statielei 16,2022-11-28,23:00:00,17,6,11,FMN GV 03 Hove
46,Statielei 16,2022-11-29,00:00:00,4,1,3,FMN GV 03 Hove
46,Statielei 16,2022-11-29,01:00:00,1,1,0,FMN GV 03 Hove
46,Statielei 16,2022-11-29,02:00:00,0,0,0,FMN GV 03 Hove
46,Statielei 16,2022-11-29,03:00:00,2,1,1,FMN GV 03 Hove
46,Statielei 16,2022-11-29,04:00:00,9,5,4,FMN GV 03 Hove
46,Statielei 16,2022-11-29,05:00:00,25,17,8,FMN GV 03 Hove
46,Statielei 16,2022-11-29,06:00:00,90,74,16,FMN GV 03 Hove
46,Statielei 16,2022-11-29,07:00:00,372,298,74,FMN GV 03 Hove
46,Statielei 16,2022-11-29,08:00:00,471,380,91,FMN GV 03 Hove
46,Statielei 16,2022-11-29,09:00:00,110,81,29,FMN GV 03 Hove
46,Statielei 16,2022-11-29,10:00:00,72,44,28,FMN GV 03 Hove
46,Statielei 16,2022-11-29,11:00:00,76,52,24,FMN GV 03 Hove
46,Statielei 16,2022-11-29,12:00:00,121,68,53,FMN GV 03 Hove
46,Statielei 16,2022-11-29,13:00:00,105,61,44,FMN GV 03 Hove
46,Statielei 16,2022-11-29,14:00:00,95,52,43,FMN GV 03 Hove
46,Statielei 16,2022-11-29,15:00:00,141,53,88,FMN GV 03 Hove
46,Statielei 16,2022-11-29,16:00:00,310,90,220,FMN GV 03 Hove
46,Statielei 16,2022-11-29,17:00:00,332,96,236,FMN GV 03 Hove
46,Statielei 16,2022-11-29,18:00:00,199,55,144,FMN GV 03 Hove
46,Statielei 16,2022-11-29,19:00:00,85,30,55,FMN GV 03 Hove
46,Statielei 16,2022-11-29,20:00:00,55,27,28,FMN GV 03 Hove
46,Statielei 16,2022-11-29,21:00:00,43,19,24,FMN GV 03 Hove
46,Statielei 16,2022-11-29,22:00:00,47,20,27,FMN GV 03 Hove
46,Statielei 16,2022-11-29,23:00:00,19,8,11,FMN GV 03 Hove
46,Statielei 16,2022-11-30,00:00:00,4,2,2,FMN GV 03 Hove
46,Statielei 16,2022-11-30,01:00:00,3,0,3,FMN GV 03 Hove
46,Statielei 16,2022-11-30,02:00:00,1,1,0,FMN GV 03 Hove
46,Statielei 16,2022-11-30,03:00:00,1,1,0,FMN GV 03 Hove
46,Statielei 16,2022-11-30,04:00:00,9,7,2,FMN GV 03 Hove
46,Statielei 16,2022-11-30,05:00:00,26,16,10,FMN GV 03 Hove
46,Statielei 16,2022-11-30,06:00:00,94,69,25,FMN GV 03 Hove
46,Statielei 16,2022-11-30,07:00:00,315,267,48,FMN GV 03 Hove
46,Statielei 16,2022-11-30,08:00:00,385,312,73,FMN GV 03 Hove
46,Statielei 16,2022-11-30,09:00:00,137,99,38,FMN GV 03 Hove
46,Statielei 16,2022-11-30,10:00:00,111,68,43,FMN GV 03 Hove
46,Statielei 16,2022-11-30,11:00:00,96,47,49,FMN GV 03 Hove
46,Statielei 16,2022-11-30,12:00:00,194,62,132,FMN GV 03 Hove
46,Statielei 16,2022-11-30,13:00:00,161,63,98,FMN GV 03 Hove
46,Statielei 16,2022-11-30,14:00:00,116,56,60,FMN GV 03 Hove
46,Statielei 16,2022-11-30,15:00:00,148,67,81,FMN GV 03 Hove
46,Statielei 16,2022-11-30,16:00:00,191,72,119,FMN GV 03 Hove
46,Statielei 16,2022-11-30,17:00:00,262,84,178,FMN GV 03 Hove
46,Statielei 16,2022-11-30,18:00:00,177,75,102,FMN GV 03 Hove
46,Statielei 16,2022-11-30,19:00:00,78,37,41,FMN GV 03 Hove
46,Statielei 16,2022-11-30,20:00:00,49,28,21,FMN GV 03 Hove
46,Statielei 16,2022-11-30,21:00:00,34,18,16,FMN GV 03 Hove
46,Statielei 16,2022-11-30,22:00:00,38,19,19,FMN GV 03 Hove
46,Statielei 16,2022-11-30,23:00:00,16,9,7,FMN GV 03 Hove
46,Statielei 16,2022-12-01,00:00:00,13,2,11,FMN GV 03 Hove
46,Statielei 16,2022-12-01,01:00:00,3,2,1,FMN GV 03 Hove
46,Statielei 16,2022-12-01,02:00:00,4,1,3,FMN GV 03 Hove
46,Statielei 16,2022-12-01,03:00:00,2,0,2,FMN GV 03 Hove
46,Statielei 16,2022-12-01,04:00:00,5,4,1,FMN GV 03 Hove
46,Statielei 16,2022-12-01,05:00:00,28,22,6,FMN GV 03 Hove
46,Statielei 16,2022-12-01,06:00:00,97,65,32,FMN GV 03 Hove
46,Statielei 16,2022-12-01,07:00:00,332,270,62,FMN GV 03 Hove
46,Statielei 16,2022-12-01,08:00:00,473,368,105,FMN GV 03 Hove
46,Statielei 16,2022-12-01,09:00:00,133,97,36,FMN GV 03 Hove
46,Statielei 16,2022-12-01,10:00:00,93,63,30,FMN GV 03 Hove
46,Statielei 16,2022-12-01,11:00:00,74,41,33,FMN GV 03 Hove
46,Statielei 16,2022-12-01,12:00:00,110,62,48,FMN GV 03 Hove
46,Statielei 16,2022-12-01,13:00:00,117,55,62,FMN GV 03 Hove
46,Statielei 16,2022-12-01,14:00:00,105,48,57,FMN GV 03 Hove
46,Statielei 16,2022-12-01,15:00:00,191,77,114,FMN GV 03 Hove
46,Statielei 16,2022-12-01,16:00:00,283,84,199,FMN GV 03 Hove
46,Statielei 16,2022-12-01,17:00:00,274,90,184,FMN GV 03 Hove
46,Statielei 16,2022-12-01,18:00:00,198,75,123,FMN GV 03 Hove
46,Statielei 16,2022-12-01,19:00:00,99,44,55,FMN GV 03 Hove
46,Statielei 16,2022-12-01,20:00:00,54,31,23,FMN GV 03 Hove
46,Statielei 16,2022-12-01,21:00:00,42,19,23,FMN GV 03 Hove
46,Statielei 16,2022-12-01,22:00:00,59,21,38,FMN GV 03 Hove
46,Statielei 16,2022-12-01,23:00:00,25,11,14,FMN GV 03 Hove
46,Statielei 16,2022-12-02,00:00:00,17,2,15,FMN GV 03 Hove
46,Statielei 16,2022-12-02,01:00:00,5,1,4,FMN GV 03 Hove
46,Statielei 16,2022-12-02,02:00:00,3,0,3,FMN GV 03 Hove
46,Statielei 16,2022-12-02,03:00:00,1,0,1,FMN GV 03 Hove
46,Statielei 16,2022-12-02,04:00:00,6,4,2,FMN GV 03 Hove
46,Statielei 16,2022-12-02,05:00:00,22,14,8,FMN GV 03 Hove
46,Statielei 16,2022-12-02,06:00:00,87,65,22,FMN GV 03 Hove
46,Statielei 16,2022-12-02,07:00:00,260,208,52,FMN GV 03 Hove
46,Statielei 16,2022-12-02,08:00:00,334,270,64,FMN GV 03 Hove
46,Statielei 16,2022-12-02,09:00:00,100,75,25,FMN GV 03 Hove
46,Statielei 16,2022-12-02,10:00:00,75,56,19,FMN GV 03 Hove
46,Statielei 16,2022-12-02,11:00:00,56,31,25,FMN GV 03 Hove
46,Statielei 16,2022-12-02,12:00:00,95,46,49,FMN GV 03 Hove
46,Statielei 16,2022-12-02,13:00:00,93,48,45,FMN GV 03 Hove
46,Statielei 16,2022-12-02,14:00:00,80,48,32,FMN GV 03 Hove
46,Statielei 16,2022-12-02,15:00:00,141,48,93,FMN GV 03 Hove
46,Statielei 16,2022-12-02,16:00:00,212,53,159,FMN GV 03 Hove
46,Statielei 16,2022-12-02,17:00:00,196,59,137,FMN GV 03 Hove
46,Statielei 16,2022-12-02,18:00:00,124,49,75,FMN GV 03 Hove
46,Statielei 16,2022-12-02,19:00:00,60,30,30,FMN GV 03 Hove
46,Statielei 16,2022-12-02,20:00:00,44,30,14,FMN GV 03 Hove
46,Statielei 16,2022-12-02,21:00:00,34,7,27,FMN GV 03 Hove
46,Statielei 16,2022-12-02,22:00:00,36,18,18,FMN GV 03 Hove
46,Statielei 16,2022-12-02,23:00:00,20,10,10,FMN GV 03 Hove
46,Statielei 16,2022-12-03,00:00:00,26,11,15,FMN GV 03 Hove
46,Statielei 16,2022-12-03,01:00:00,13,7,6,FMN GV 03 Hove
46,Statielei 16,2022-12-03,02:00:00,8,3,5,FMN GV 03 Hove
46,Statielei 16,2022-12-03,03:00:00,5,4,1,FMN GV 03 Hove
46,Statielei 16,2022-12-03,04:00:00,8,4,4,FMN GV 03 Hove
46,Statielei 16,2022-12-03,05:00:00,12,4,8,FMN GV 03 Hove
46,Statielei 16,2022-12-03,06:00:00,12,5,7,FMN GV 03 Hove
46,Statielei 16,2022-12-03,07:00:00,20,12,8,FMN GV 03 Hove
46,Statielei 16,2022-12-03,08:00:00,25,14,11,FMN GV 03 Hove
46,Statielei 16,2022-12-03,09:00:00,61,32,29,FMN GV 03 Hove
46,Statielei 16,2022-12-03,10:00:00,55,37,18,FMN GV 03 Hove
46,Statielei 16,2022-12-03,11:00:00,67,38,29,FMN GV 03 Hove
46,Statielei 16,2022-12-03,12:00:00,65,35,30,FMN GV 03 Hove
46,Statielei 16,2022-12-03,13:00:00,80,53,27,FMN GV 03 Hove
46,Statielei 16,2022-12-03,14:00:00,98,53,45,FMN GV 03 Hove
46,Statielei 16,2022-12-03,15:00:00,100,56,44,FMN GV 03 Hove
46,Statielei 16,2022-12-03,16:00:00,77,36,41,FMN GV 03 Hove
46,Statielei 16,2022-12-03,17:00:00,63,29,34,FMN GV 03 Hove
46,Statielei 16,2022-12-03,18:00:00,60,40,20,FMN GV 03 Hove
46,Statielei 16,2022-12-03,19:00:00,46,24,22,FMN GV 03 Hove
46,Statielei 16,2022-12-03,20:00:00,25,14,11,FMN GV 03 Hove
46,Statielei 16,2022-12-03,21:00:00,13,7,6,FMN GV 03 Hove
46,Statielei 16,2022-12-03,22:00:00,40,17,23,FMN GV 03 Hove
46,Statielei 16,2022-12-03,23:00:00,20,10,10,FMN GV 03 Hove
46,Statielei 16,2022-12-04,00:00:00,24,10,14,FMN GV 03 Hove
46,Statielei 16,2022-12-04,01:00:00,20,6,14,FMN GV 03 Hove
46,Statielei 16,2022-12-04,02:00:00,8,3,5,FMN GV 03 Hove
46,Statielei 16,2022-12-04,03:00:00,8,4,4,FMN GV 03 Hove
46,Statielei 16,2022-12-04,04:00:00,5,2,3,FMN GV 03 Hove
46,Statielei 16,2022-12-04,05:00:00,4,3,1,FMN GV 03 Hove
46,Statielei 16,2022-12-04,06:00:00,4,3,1,FMN GV 03 Hove
46,Statielei 16,2022-12-04,07:00:00,16,5,11,FMN GV 03 Hove
46,Statielei 16,2022-12-04,08:00:00,13,5,8,FMN GV 03 Hove
46,Statielei 16,2022-12-04,09:00:00,60,22,38,FMN GV 03 Hove
46,Statielei 16,2022-12-04,10:00:00,58,27,31,FMN GV 03 Hove
46,Statielei 16,2022-12-04,11:00:00,72,47,25,FMN GV 03 Hove
46,Statielei 16,2022-12-04,12:00:00,73,41,32,FMN GV 03 Hove
46,Statielei 16,2022-12-04,13:00:00,62,45,17,FMN GV 03 Hove
46,Statielei 16,2022-12-04,14:00:00,61,31,30,FMN GV 03 Hove
46,Statielei 16,2022-12-04,15:00:00,52,28,24,FMN GV 03 Hove
46,Statielei 16,2022-12-04,16:00:00,48,22,26,FMN GV 03 Hove
46,Statielei 16,2022-12-04,17:00:00,41,21,20,FMN GV 03 Hove
46,Statielei 16,2022-12-04,18:00:00,41,21,20,FMN GV 03 Hove
46,Statielei 16,2022-12-04,19:00:00,32,13,19,FMN GV 03 Hove
46,Statielei 16,2022-12-04,20:00:00,19,12,7,FMN GV 03 Hove
46,Statielei 16,2022-12-04,21:00:00,26,22,4,FMN GV 03 Hove
46,Statielei 16,2022-12-04,22:00:00,12,8,4,FMN GV 03 Hove
46,Statielei 16,2022-12-04,23:00:00,6,4,2,FMN GV 03 Hove
46,Statielei 16,2022-12-05,00:00:00,1,1,0,FMN GV 03 Hove
46,Statielei 16,2022-12-05,01:00:00,2,0,2,FMN GV 03 Hove
46,Statielei 16,2022-12-05,02:00:00,1,0,1,FMN GV 03 Hove
46,Statielei 16,2022-12-05,03:00:00,0,0,0,FMN GV 03 Hove
46,Statielei 16,2022-12-05,04:00:00,3,1,2,FMN GV 03 Hove
46,Statielei 16,2022-12-05,05:00:00,19,10,9,FMN GV 03 Hove
46,Statielei 16,2022-12-05,06:00:00,69,50,19,FMN GV 03 Hove
46,Statielei 16,2022-12-05,07:00:00,265,209,56,FMN GV 03 Hove
46,Statielei 16,2022-12-05,08:00:00,311,247,64,FMN GV 03 Hove
46,Statielei 16,2022-12-05,09:00:00,72,60,12,FMN GV 03 Hove
46,Statielei 16,2022-12-05,10:00:00,31,20,11,FMN GV 03 Hove
46,Statielei 16,2022-12-05,11:00:00,34,21,13,FMN GV 03 Hove
46,Statielei 16,2022-12-05,12:00:00,70,39,31,FMN GV 03 Hove
46,Statielei 16,2022-12-05,13:00:00,65,31,34,FMN GV 03 Hove
46,Statielei 16,2022-12-05,14:00:00,46,20,26,FMN GV 03 Hove
46,Statielei 16,2022-12-05,15:00:00,90,38,52,FMN GV 03 Hove
46,Statielei 16,2022-12-05,16:00:00,232,76,156,FMN GV 03 Hove
46,Statielei 16,2022-12-05,17:00:00,212,67,145,FMN GV 03 Hove
46,Statielei 16,2022-12-05,18:00:00,134,44,90,FMN GV 03 Hove
46,Statielei 16,2022-12-05,19:00:00,40,15,25,FMN GV 03 Hove
46,Statielei 16,2022-12-05,20:00:00,29,12,17,FMN GV 03 Hove
46,Statielei 16,2022-12-05,21:00:00,30,14,16,FMN GV 03 Hove
46,Statielei 16,2022-12-05,22:00:00,15,7,8,FMN GV 03 Hove
46,Statielei 16,2022-12-05,23:00:00,15,7,8,FMN GV 03 Hove
46,Statielei 16,2022-12-06,00:00:00,6,3,3,FMN GV 03 Hove
46,Statielei 16,2022-12-06,01:00:00,0,0,0,FMN GV 03 Hove
46,Statielei 16,2022-12-06,02:00:00,1,0,1,FMN GV 03 Hove
46,Statielei 16,2022-12-06,03:00:00,1,0,1,FMN GV 03 Hove
46,Statielei 16,2022-12-06,04:00:00,6,3,3,FMN GV 03 Hove
46,Statielei 16,2022-12-06,05:00:00,23,11,12,FMN GV 03 Hove
46,Statielei 16,2022-12-06,06:00:00,99,80,19,FMN GV 03 Hove
46,Statielei 16,2022-12-06,07:00:00,323,255,68,FMN GV 03 Hove
46,Statielei 16,2022-12-06,08:00:00,420,341,79,FMN GV 03 Hove
46,Statielei 16,2022-12-06,09:00:00,122,90,32,FMN GV 03 Hove
46,Statielei 16,2022-12-06,10:00:00,77,52,25,FMN GV 03 Hove
46,Statielei 16,2022-12-06,11:00:00,81,47,34,FMN GV 03 Hove
46,Statielei 16,2022-12-06,12:00:00,137,66,71,FMN GV 03 Hove
46,Statielei 16,2022-12-06,13:00:00,124,65,59,FMN GV 03 Hove
46,Statielei 16,2022-12-06,14:00:00,85,37,48,FMN GV 03 Hove
46,Statielei 16,2022-12-06,15:00:00,153,63,90,FMN GV 03 Hove
46,Statielei 16,2022-12-06,16:00:00,291,91,200,FMN GV 03 Hove
46,Statielei 16,2022-12-06,17:00:00,310,91,219,FMN GV 03 Hove
46,Statielei 16,2022-12-06,18:00:00,178,55,123,FMN GV 03 Hove
46,Statielei 16,2022-12-06,19:00:00,77,39,38,FMN GV 03 Hove
46,Statielei 16,2022-12-06,20:00:00,38,16,22,FMN GV 03 Hove
46,Statielei 16,2022-12-06,21:00:00,45,17,28,FMN GV 03 Hove
46,Statielei 16,2022-12-06,22:00:00,43,17,26,FMN GV 03 Hove
46,Statielei 16,2022-12-06,23:00:00,13,4,9,FMN GV 03 Hove
46,Statielei 16,2022-12-07,00:00:00,9,2,7,FMN GV 03 Hove
46,Statielei 16,2022-12-07,01:00:00,2,0,2,FMN GV 03 Hove
46,Statielei 16,2022-12-07,02:00:00,1,1,0,FMN GV 03 Hove
46,Statielei 16,2022-12-07,03:00:00,1,1,0,FMN GV 03 Hove
46,Statielei 16,2022-12-07,04:00:00,2,1,1,FMN GV 03 Hove
46,Statielei 16,2022-12-07,05:00:00,25,14,11,FMN GV 03 Hove
46,Statielei 16,2022-12-07,06:00:00,84,66,18,FMN GV 03 Hove
46,Statielei 16,2022-12-07,07:00:00,246,204,42,FMN GV 03 Hove
46,Statielei 16,2022-12-07,08:00:00,346,274,72,FMN GV 03 Hove
46,Statielei 16,2022-12-07,09:00:00,115,88,27,FMN GV 03 Hove
46,Statielei 16,2022-12-07,10:00:00,99,47,52,FMN GV 03 Hove
46,Statielei 16,2022-12-07,11:00:00,89,49,40,FMN GV 03 Hove
46,Statielei 16,2022-12-07,12:00:00,168,66,102,FMN GV 03 Hove
46,Statielei 16,2022-12-07,13:00:00,137,51,86,FMN GV 03 Hove
46,Statielei 16,2022-12-07,14:00:00,76,36,40,FMN GV 03 Hove
46,Statielei 16,2022-12-07,15:00:00,105,36,69,FMN GV 03 Hove
46,Statielei 16,2022-12-07,16:00:00,125,49,76,FMN GV 03 Hove
46,Statielei 16,2022-12-07,17:00:00,233,83,150,FMN GV 03 Hove
46,Statielei 16,2022-12-07,18:00:00,127,54,73,FMN GV 03 Hove
46,Statielei 16,2022-12-07,19:00:00,54,22,32,FMN GV 03 Hove
46,Statielei 16,2022-12-07,20:00:00,47,27,20,FMN GV 03 Hove
46,Statielei 16,2022-12-07,21:00:00,30,13,17,FMN GV 03 Hove
46,Statielei 16,2022-12-07,22:00:00,30,13,17,FMN GV 03 Hove
46,Statielei 16,2022-12-07,23:00:00,17,6,11,FMN GV 03 Hove
46,Statielei 16,2022-12-08,00:00:00,12,3,9,FMN GV 03 Hove
46,Statielei 16,2022-12-08,01:00:00,2,0,2,FMN GV 03 Hove
46,Statielei 16,2022-12-08,02:00:00,1,1,0,FMN GV 03 Hove
46,Statielei 16,2022-12-08,03:00:00,2,1,1,FMN GV 03 Hove
46,Statielei 16,2022-12-08,04:00:00,5,3,2,FMN GV 03 Hove
46,Statielei 16,2022-12-08,05:00:00,20,14,6,FMN GV 03 Hove
46,Statielei 16,2022-12-08,06:00:00,80,57,23,FMN GV 03 Hove
46,Statielei 16,2022-12-08,07:00:00,285,229,56,FMN GV 03 Hove
46,Statielei 16,2022-12-08,08:00:00,352,277,75,FMN GV 03 Hove
46,Statielei 16,2022-12-08,09:00:00,79,52,27,FMN GV 03 Hove
46,Statielei 16,2022-12-08,10:00:00,69,43,26,FMN GV 03 Hove
46,Statielei 16,2022-12-08,11:00:00,73,41,32,FMN GV 03 Hove
46,Statielei 16,2022-12-08,12:00:00,94,55,39,FMN GV 03 Hove
46,Statielei 16,2022-12-08,13:00:00,80,40,40,FMN GV 03 Hove
46,Statielei 16,2022-12-08,14:00:00,57,26,31,FMN GV 03 Hove
46,Statielei 16,2022-12-08,15:00:00,97,25,72,FMN GV 03 Hove
46,Statielei 16,2022-12-08,16:00:00,200,62,138,FMN GV 03 Hove
46,Statielei 16,2022-12-08,17:00:00,254,91,163,FMN GV 03 Hove
46,Statielei 16,2022-12-08,18:00:00,137,49,88,FMN GV 03 Hove
46,Statielei 16,2022-12-08,19:00:00,57,22,35,FMN GV 03 Hove
46,Statielei 16,2022-12-08,20:00:00,57,26,31,FMN GV 03 Hove
46,Statielei 16,2022-12-08,21:00:00,38,21,17,FMN GV 03 Hove
46,Statielei 16,2022-12-08,22:00:00,32,8,24,FMN GV 03 Hove
46,Statielei 16,2022-12-08,23:00:00,18,2,16,FMN GV 03 Hove
46,Statielei 16,2022-12-09,00:00:00,9,4,5,FMN GV 03 Hove
46,Statielei 16,2022-12-09,01:00:00,4,1,3,FMN GV 03 Hove
46,Statielei 16,2022-12-09,02:00:00,2,0,2,FMN GV 03 Hove
46,Statielei 16,2022-12-09,03:00:00,1,0,1,FMN GV 03 Hove
46,Statielei 16,2022-12-09,04:00:00,5,4,1,FMN GV 03 Hove
46,Statielei 16,2022-12-09,05:00:00,9,7,2,FMN GV 03 Hove
46,Statielei 16,2022-12-09,06:00:00,63,40,23,FMN GV 03 Hove
46,Statielei 16,2022-12-09,07:00:00,195,160,35,FMN GV 03 Hove
46,Statielei 16,2022-12-09,08:00:00,284,223,61,FMN GV 03 Hove
46,Statielei 16,2022-12-09,09:00:00,87,58,29,FMN GV 03 Hove
46,Statielei 16,2022-12-09,10:00:00,57,32,25,FMN GV 03 Hove
46,Statielei 16,2022-12-09,11:00:00,68,38,30,FMN GV 03 Hove
46,Statielei 16,2022-12-09,12:00:00,94,49,45,FMN GV 03 Hove
46,Statielei 16,2022-12-09,13:00:00,92,48,44,FMN GV 03 Hove
46,Statielei 16,2022-12-09,14:00:00,88,41,47,FMN GV 03 Hove
46,Statielei 16,2022-12-09,15:00:00,124,59,65,FMN GV 03 Hove
46,Statielei 16,2022-12-09,16:00:00,181,63,118,FMN GV 03 Hove
46,Statielei 16,2022-12-09,17:00:00,186,68,118,FMN GV 03 Hove
46,Statielei 16,2022-12-09,18:00:00,87,37,50,FMN GV 03 Hove
46,Statielei 16,2022-12-09,19:00:00,61,34,27,FMN GV 03 Hove
46,Statielei 16,2022-12-09,20:00:00,25,13,12,FMN GV 03 Hove
46,Statielei 16,2022-12-09,21:00:00,20,10,10,FMN GV 03 Hove
46,Statielei 16,2022-12-09,22:00:00,19,4,15,FMN GV 03 Hove
46,Statielei 16,2022-12-09,23:00:00,31,13,18,FMN GV 03 Hove
46,Statielei 16,2022-12-10,00:00:00,23,11,12,FMN GV 03 Hove
46,Statielei 16,2022-12-10,01:00:00,10,3,7,FMN GV 03 Hove
46,Statielei 16,2022-12-10,02:00:00,9,3,6,FMN GV 03 Hove
46,Statielei 16,2022-12-10,03:00:00,15,8,7,FMN GV 03 Hove
46,Statielei 16,2022-12-10,04:00:00,8,1,7,FMN GV 03 Hove
46,Statielei 16,2022-12-10,05:00:00,5,4,1,FMN GV 03 Hove
46,Statielei 16,2022-12-10,06:00:00,11,7,4,FMN GV 03 Hove
46,Statielei 16,2022-12-10,07:00:00,11,7,4,FMN GV 03 Hove
46,Statielei 16,2022-12-10,08:00:00,16,9,7,FMN GV 03 Hove
46,Statielei 16,2022-12-10,09:00:00,33,21,12,FMN GV 03 Hove
46,Statielei 16,2022-12-10,10:00:00,30,20,10,FMN GV 03 Hove
46,Statielei 16,2022-12-10,11:00:00,59,35,24,FMN GV 03 Hove
46,Statielei 16,2022-12-10,12:00:00,40,18,22,FMN GV 03 Hove
46,Statielei 16,2022-12-10,13:00:00,59,37,22,FMN GV 03 Hove
46,Statielei 16,2022-12-10,14:00:00,80,49,31,FMN GV 03 Hove
46,Statielei 16,2022-12-10,15:00:00,69,33,36,FMN GV 03 Hove
46,Statielei 16,2022-12-10,16:00:00,56,31,25,FMN GV 03 Hove
46,Statielei 16,2022-12-10,17:00:00,57,22,35,FMN GV 03 Hove
46,Statielei 16,2022-12-10,18:00:00,43,24,19,FMN GV 03 Hove
46,Statielei 16,2022-12-10,19:00:00,33,20,13,FMN GV 03 Hove
46,Statielei 16,2022-12-10,20:00:00,19,14,5,FMN GV 03 Hove
46,Statielei 16,2022-12-10,21:00:00,17,12,5,FMN GV 03 Hove
46,Statielei 16,2022-12-10,22:00:00,19,4,15,FMN GV 03 Hove
46,Statielei 16,2022-12-10,23:00:00,24,8,16,FMN GV 03 Hove
46,Statielei 16,2022-12-11,00:00:00,14,4,10,FMN GV 03 Hove
46,Statielei 16,2022-12-11,01:00:00,10,5,5,FMN GV 03 Hove
46,Statielei 16,2022-12-11,02:00:00,1,0,1,FMN GV 03 Hove
46,Statielei 16,2022-12-11,03:00:00,4,0,4,FMN GV 03 Hove
46,Statielei 16,2022-12-11,04:00:00,2,0,2,FMN GV 03 Hove
46,Statielei 16,2022-12-11,05:00:00,7,3,4,FMN GV 03 Hove
46,Statielei 16,2022-12-11,06:00:00,7,5,2,FMN GV 03 Hove
46,Statielei 16,2022-12-11,07:00:00,7,3,4,FMN GV 03 Hove
46,Statielei 16,2022-12-11,08:00:00,16,9,7,FMN GV 03 Hove
46,Statielei 16,2022-12-11,09:00:00,28,13,15,FMN GV 03 Hove
46,Statielei 16,2022-12-11,10:00:00,41,24,17,FMN GV 03 Hove
46,Statielei 16,2022-12-11,11:00:00,43,33,10,FMN GV 03 Hove
46,Statielei 16,2022-12-11,12:00:00,55,39,16,FMN GV 03 Hove
46,Statielei 16,2022-12-11,13:00:00,66,38,28,FMN GV 03 Hove
46,Statielei 16,2022-12-11,14:00:00,57,38,19,FMN GV 03 Hove
46,Statielei 16,2022-12-11,15:00:00,74,37,37,FMN GV 03 Hove
46,Statielei 16,2022-12-11,16:00:00,59,39,20,FMN GV 03 Hove
46,Statielei 16,2022-12-11,17:00:00,39,13,26,FMN GV 03 Hove
46,Statielei 16,2022-12-11,18:00:00,42,19,23,FMN GV 03 Hove
46,Statielei 16,2022-12-11,19:00:00,24,17,7,FMN GV 03 Hove
46,Statielei 16,2022-12-11,20:00:00,20,15,5,FMN GV 03 Hove
46,Statielei 16,2022-12-11,21:00:00,21,7,14,FMN GV 03 Hove
46,Statielei 16,2022-12-11,22:00:00,14,9,5,FMN GV 03 Hove
46,Statielei 16,2022-12-11,23:00:00,7,2,5,FMN GV 03 Hove
46,Statielei 16,2022-12-12,00:00:00,2,1,1,FMN GV 03 Hove
46,Statielei 16,2022-12-12,01:00:00,3,1,2,FMN GV 03 Hove
46,Statielei 16,2022-12-12,02:00:00,1,0,1,FMN GV 03 Hove
46,Statielei 16,2022-12-12,03:00:00,0,0,0,FMN GV 03 Hove
46,Statielei 16,2022-12-12,04:00:00,3,1,2,FMN GV 03 Hove
46,Statielei 16,2022-12-12,05:00:00,12,9,3,FMN GV 03 Hove
46,Statielei 16,2022-12-12,06:00:00,53,42,11,FMN GV 03 Hove
46,Statielei 16,2022-12-12,07:00:00,228,188,40,FMN GV 03 Hove
46,Statielei 16,2022-12-12,08:00:00,276,224,52,FMN GV 03 Hove
46,Statielei 16,2022-12-12,09:00:00,68,54,14,FMN GV 03 Hove
46,Statielei 16,2022-12-12,10:00:00,43,25,18,FMN GV 03 Hove
46,Statielei 16,2022-12-12,11:00:00,52,33,19,FMN GV 03 Hove
46,Statielei 16,2022-12-12,12:00:00,94,58,36,FMN GV 03 Hove
46,Statielei 16,2022-12-12,13:00:00,80,37,43,FMN GV 03 Hove
46,Statielei 16,2022-12-12,14:00:00,74,40,34,FMN GV 03 Hove
46,Statielei 16,2022-12-12,15:00:00,86,42,44,FMN GV 03 Hove
46,Statielei 16,2022-12-12,16:00:00,139,43,96,FMN GV 03 Hove
46,Statielei 16,2022-12-12,17:00:00,173,57,116,FMN GV 03 Hove
46,Statielei 16,2022-12-12,18:00:00,97,44,53,FMN GV 03 Hove
46,Statielei 16,2022-12-12,19:00:00,33,14,19,FMN GV 03 Hove
46,Statielei 16,2022-12-12,20:00:00,23,9,14,FMN GV 03 Hove
46,Statielei 16,2022-12-12,21:00:00,13,6,7,FMN GV 03 Hove
46,Statielei 16,2022-12-12,22:00:00,25,13,12,FMN GV 03 Hove
46,Statielei 16,2022-12-12,23:00:00,11,6,5,FMN GV 03 Hove
46,Statielei 16,2022-12-13,00:00:00,1,1,0,FMN GV 03 Hove
46,Statielei 16,2022-12-13,01:00:00,0,0,0,FMN GV 03 Hove
46,Statielei 16,2022-12-13,02:00:00,0,0,0,FMN GV 03 Hove
46,Statielei 16,2022-12-13,03:00:00,0,0,0,FMN GV 03 Hove
46,Statielei 16,2022-12-13,04:00:00,3,1,2,FMN GV 03 Hove
46,Statielei 16,2022-12-13,05:00:00,13,11,2,FMN GV 03 Hove
46,Statielei 16,2022-12-13,06:00:00,38,30,8,FMN GV 03 Hove
46,Statielei 16,2022-12-13,07:00:00,203,176,27,FMN GV 03 Hove
46,Statielei 16,2022-12-13,08:00:00,253,212,41,FMN GV 03 Hove
46,Statielei 16,2022-12-13,09:00:00,67,48,19,FMN GV 03 Hove
46,Statielei 16,2022-12-13,10:00:00,55,30,25,FMN GV 03 Hove
46,Statielei 16,2022-12-13,11:00:00,48,27,21,FMN GV 03 Hove
46,Statielei 16,2022-12-13,12:00:00,78,49,29,FMN GV 03 Hove
46,Statielei 16,2022-12-13,13:00:00,62,32,30,FMN GV 03 Hove
46,Statielei 16,2022-12-13,14:00:00,42,22,20,FMN GV 03 Hove
46,Statielei 16,2022-12-13,15:00:00,74,34,40,FMN GV 03 Hove
46,Statielei 16,2022-12-13,16:00:00,176,52,124,FMN GV 03 Hove
46,Statielei 16,2022-12-13,17:00:00,177,53,124,FMN GV 03 Hove
46,Statielei 16,2022-12-13,18:00:00,100,27,73,FMN GV 03 Hove
46,Statielei 16,2022-12-13,19:00:00,38,23,15,FMN GV 03 Hove
46,Statielei 16,2022-12-13,20:00:00,32,19,13,FMN GV 03 Hove
46,Statielei 16,2022-12-13,21:00:00,10,2,8,FMN GV 03 Hove
46,Statielei 16,2022-12-13,22:00:00,35,15,20,FMN GV 03 Hove
46,Statielei 16,2022-12-13,23:00:00,11,3,8,FMN GV 03 Hove
46,Statielei 16,2022-12-14,00:00:00,5,2,3,FMN GV 03 Hove
46,Statielei 16,2022-12-14,01:00:00,1,0,1,FMN GV 03 Hove
46,Statielei 16,2022-12-14,02:00:00,0,0,0,FMN GV 03 Hove
46,Statielei 16,2022-12-14,03:00:00,0,0,0,FMN GV 03 Hove
46,Statielei 16,2022-12-14,04:00:00,3,2,1,FMN GV 03 Hove
46,Statielei 16,2022-12-14,05:00:00,16,11,5,FMN GV 03 Hove
46,Statielei 16,2022-12-14,06:00:00,53,45,8,FMN GV 03 Hove
46,Statielei 16,2022-12-14,07:00:00,161,133,28,FMN GV 03 Hove
46,Statielei 16,2022-12-14,08:00:00,222,179,43,FMN GV 03 Hove
46,Statielei 16,2022-12-14,09:00:00,68,49,19,FMN GV 03 Hove
46,Statielei 16,2022-12-14,10:00:00,83,50,33,FMN GV 03 Hove
46,Statielei 16,2022-12-14,11:00:00,75,55,20,FMN GV 03 Hove
46,Statielei 16,2022-12-14,12:00:00,115,46,69,FMN GV 03 Hove
46,Statielei 16,2022-12-14,13:00:00,76,29,47,FMN GV 03 Hove
46,Statielei 16,2022-12-14,14:00:00,59,28,31,FMN GV 03 Hove
46,Statielei 16,2022-12-14,15:00:00,93,44,49,FMN GV 03 Hove
46,Statielei 16,2022-12-14,16:00:00,93,36,57,FMN GV 03 Hove
46,Statielei 16,2022-12-14,17:00:00,114,40,74,FMN GV 03 Hove
46,Statielei 16,2022-12-14,18:00:00,86,41,45,FMN GV 03 Hove
46,Statielei 16,2022-12-14,19:00:00,40,18,22,FMN GV 03 Hove
46,Statielei 16,2022-12-14,20:00:00,21,11,10,FMN GV 03 Hove
46,Statielei 16,2022-12-14,21:00:00,12,4,8,FMN GV 03 Hove
46,Statielei 16,2022-12-14,22:00:00,22,9,13,FMN GV 03 Hove
46,Statielei 16,2022-12-14,23:00:00,13,7,6,FMN GV 03 Hove
46,Statielei 16,2022-12-15,00:00:00,2,2,0,FMN GV 03 Hove
46,Statielei 16,2022-12-15,01:00:00,2,0,2,FMN GV 03 Hove
46,Statielei 16,2022-12-15,02:00:00,2,0,2,FMN GV 03 Hove
46,Statielei 16,2022-12-15,03:00:00,1,1,0,FMN GV 03 Hove
46,Statielei 16,2022-12-15,04:00:00,2,1,1,FMN GV 03 Hove
46,Statielei 16,2022-12-15,05:00:00,11,9,2,FMN GV 03 Hove
46,Statielei 16,2022-12-15,06:00:00,52,39,13,FMN GV 03 Hove
46,Statielei 16,2022-12-15,07:00:00,180,156,24,FMN GV 03 Hove
46,Statielei 16,2022-12-15,08:00:00,235,198,37,FMN GV 03 Hove
46,Statielei 16,2022-12-15,09:00:00,57,39,18,FMN GV 03 Hove
46,Statielei 16,2022-12-15,10:00:00,49,33,16,FMN GV 03 Hove
46,Statielei 16,2022-12-15,11:00:00,49,31,18,FMN GV 03 Hove
46,Statielei 16,2022-12-15,12:00:00,70,50,20,FMN GV 03 Hove
46,Statielei 16,2022-12-15,13:00:00,67,36,31,FMN GV 03 Hove
46,Statielei 16,2022-12-15,14:00:00,67,29,38,FMN GV 03 Hove
46,Statielei 16,2022-12-15,15:00:00,82,33,49,FMN GV 03 Hove
46,Statielei 16,2022-12-15,16:00:00,142,49,93,FMN GV 03 Hove
46,Statielei 16,2022-12-15,17:00:00,148,54,94,FMN GV 03 Hove
46,Statielei 16,2022-12-15,18:00:00,125,49,76,FMN GV 03 Hove
46,Statielei 16,2022-12-15,19:00:00,60,28,32,FMN GV 03 Hove
46,Statielei 16,2022-12-15,20:00:00,30,13,17,FMN GV 03 Hove
46,Statielei 16,2022-12-15,21:00:00,17,9,8,FMN GV 03 Hove
46,Statielei 16,2022-12-15,22:00:00,32,12,20,FMN GV 03 Hove
46,Statielei 16,2022-12-15,23:00:00,16,5,11,FMN GV 03 Hove
46,Statielei 16,2022-12-16,00:00:00,12,2,10,FMN GV 03 Hove
46,Statielei 16,2022-12-16,01:00:00,7,6,1,FMN GV 03 Hove
46,Statielei 16,2022-12-16,02:00:00,2,0,2,FMN GV 03 Hove
46,Statielei 16,2022-12-16,03:00:00,0,0,0,FMN GV 03 Hove
46,Statielei 16,2022-12-16,04:00:00,2,2,0,FMN GV 03 Hove
46,Statielei 16,2022-12-16,05:00:00,9,6,3,FMN GV 03 Hove
46,Statielei 16,2022-12-16,06:00:00,37,29,8,FMN GV 03 Hove
46,Statielei 16,2022-12-16,07:00:00,154,129,25,FMN GV 03 Hove
46,Statielei 16,2022-12-16,08:00:00,200,163,37,FMN GV 03 Hove
46,Statielei 16,2022-12-16,09:00:00,77,61,16,FMN GV 03 Hove
46,Statielei 16,2022-12-16,10:00:00,66,43,23,FMN GV 03 Hove
46,Statielei 16,2022-12-16,11:00:00,53,25,28,FMN GV 03 Hove
46,Statielei 16,2022-12-16,12:00:00,105,59,46,FMN GV 03 Hove
46,Statielei 16,2022-12-16,13:00:00,62,37,25,FMN GV 03 Hove
46,Statielei 16,2022-12-16,14:00:00,87,55,32,FMN GV 03 Hove
46,Statielei 16,2022-12-16,15:00:00,90,39,51,FMN GV 03 Hove
46,Statielei 16,2022-12-16,16:00:00,152,55,97,FMN GV 03 Hove
46,Statielei 16,2022-12-16,17:00:00,113,46,67,FMN GV 03 Hove
46,Statielei 16,2022-12-16,18:00:00,85,33,52,FMN GV 03 Hove
46,Statielei 16,2022-12-16,19:00:00,51,27,24,FMN GV 03 Hove
46,Statielei 16,2022-12-16,20:00:00,22,15,7,FMN GV 03 Hove
46,Statielei 16,2022-12-16,21:00:00,22,7,15,FMN GV 03 Hove
46,Statielei 16,2022-12-16,22:00:00,20,6,14,FMN GV 03 Hove
46,Statielei 16,2022-12-16,23:00:00,21,7,14,FMN GV 03 Hove
46,Statielei 16,2022-12-17,00:00:00,28,16,12,FMN GV 03 Hove
46,Statielei 16,2022-12-17,01:00:00,9,3,6,FMN GV 03 Hove
46,Statielei 16,2022-12-17,02:00:00,8,6,2,FMN GV 03 Hove
46,Statielei 16,2022-12-17,03:00:00,8,6,2,FMN GV 03 Hove
46,Statielei 16,2022-12-17,04:00:00,2,1,1,FMN GV 03 Hove
46,Statielei 16,2022-12-17,05:00:00,2,1,1,FMN GV 03 Hove
46,Statielei 16,2022-12-17,06:00:00,7,5,2,FMN GV 03 Hove
46,Statielei 16,2022-12-17,07:00:00,9,6,3,FMN GV 03 Hove
46,Statielei 16,2022-12-17,08:00:00,17,12,5,FMN GV 03 Hove
46,Statielei 16,2022-12-17,09:00:00,28,16,12,FMN GV 03 Hove
46,Statielei 16,2022-12-17,10:00:00,41,28,13,FMN GV 03 Hove
46,Statielei 16,2022-12-17,11:00:00,33,24,9,FMN GV 03 Hove
46,Statielei 16,2022-12-17,12:00:00,54,32,22,FMN GV 03 Hove
46,Statielei 16,2022-12-17,13:00:00,68,42,26,FMN GV 03 Hove
46,Statielei 16,2022-12-17,14:00:00,46,27,19,FMN GV 03 Hove
46,Statielei 16,2022-12-17,15:00:00,46,24,22,FMN GV 03 Hove
46,Statielei 16,2022-12-17,16:00:00,44,21,23,FMN GV 03 Hove
46,Statielei 16,2022-12-17,17:00:00,34,19,15,FMN GV 03 Hove
46,Statielei 16,2022-12-17,18:00:00,31,25,6,FMN GV 03 Hove
46,Statielei 16,2022-12-17,19:00:00,20,15,5,FMN GV 03 Hove
46,Statielei 16,2022-12-17,20:00:00,20,13,7,FMN GV 03 Hove
46,Statielei 16,2022-12-17,21:00:00,14,7,7,FMN GV 03 Hove
46,Statielei 16,2022-12-17,22:00:00,11,4,7,FMN GV 03 Hove
46,Statielei 16,2022-12-17,23:00:00,13,5,8,FMN GV 03 Hove
46,Statielei 16,2022-12-18,00:00:00,13,5,8,FMN GV 03 Hove
46,Statielei 16,2022-12-18,01:00:00,8,3,5,FMN GV 03 Hove
46,Statielei 16,2022-12-18,02:00:00,6,3,3,FMN GV 03 Hove
46,Statielei 16,2022-12-18,03:00:00,0,0,0,FMN GV 03 Hove
46,Statielei 16,2022-12-18,04:00:00,2,0,2,FMN GV 03 Hove
46,Statielei 16,2022-12-18,05:00:00,3,2,1,FMN GV 03 Hove
46,Statielei 16,2022-12-18,06:00:00,4,1,3,FMN GV 03 Hove
46,Statielei 16,2022-12-18,07:00:00,2,1,1,FMN GV 03 Hove
46,Statielei 16,2022-12-18,08:00:00,6,4,2,FMN GV 03 Hove
46,Statielei 16,2022-12-18,09:00:00,26,12,14,FMN GV 03 Hove
46,Statielei 16,2022-12-18,10:00:00,24,12,12,FMN GV 03 Hove
46,Statielei 16,2022-12-18,11:00:00,31,22,9,FMN GV 03 Hove
46,Statielei 16,2022-12-18,12:00:00,24,18,6,FMN GV 03 Hove
46,Statielei 16,2022-12-18,13:00:00,48,24,24,FMN GV 03 Hove
46,Statielei 16,2022-12-18,14:00:00,35,20,15,FMN GV 03 Hove
46,Statielei 16,2022-12-18,15:00:00,28,18,10,FMN GV 03 Hove
46,Statielei 16,2022-12-18,16:00:00,37,23,14,FMN GV 03 Hove
46,Statielei 16,2022-12-18,17:00:00,16,9,7,FMN GV 03 Hove
46,Statielei 16,2022-12-18,18:00:00,12,4,8,FMN GV 03 Hove
46,Statielei 16,2022-12-18,19:00:00,15,11,4,FMN GV 03 Hove
46,Statielei 16,2022-12-18,20:00:00,5,1,4,FMN GV 03 Hove
46,Statielei 16,2022-12-18,21:00:00,5,2,3,FMN GV 03 Hove
46,Statielei 16,2022-12-18,22:00:00,7,6,1,FMN GV 03 Hove
46,Statielei 16,2022-12-18,23:00:00,0,0,0,FMN GV 03 Hove
46,Statielei 16,2022-12-19,00:00:00,0,0,0,FMN GV 03 Hove
46,Statielei 16,2022-12-19,01:00:00,1,0,1,FMN GV 03 Hove
46,Statielei 16,2022-12-19,02:00:00,1,0,1,FMN GV 03 Hove
46,Statielei 16,2022-12-19,03:00:00,0,0,0,FMN GV 03 Hove
46,Statielei 16,2022-12-19,04:00:00,7,6,1,FMN GV 03 Hove
46,Statielei 16,2022-12-19,05:00:00,14,9,5,FMN GV 03 Hove
46,Statielei 16,2022-12-19,06:00:00,42,34,8,FMN GV 03 Hove
46,Statielei 16,2022-12-19,07:00:00,178,144,34,FMN GV 03 Hove
46,Statielei 16,2022-12-19,08:00:00,253,208,45,FMN GV 03 Hove
46,Statielei 16,2022-12-19,09:00:00,59,44,15,FMN GV 03 Hove
46,Statielei 16,2022-12-19,10:00:00,65,46,19,FMN GV 03 Hove
46,Statielei 16,2022-12-19,11:00:00,57,28,29,FMN GV 03 Hove
46,Statielei 16,2022-12-19,12:00:00,77,49,28,FMN GV 03 Hove
46,Statielei 16,2022-12-19,13:00:00,88,52,36,FMN GV 03 Hove
46,Statielei 16,2022-12-19,14:00:00,67,35,32,FMN GV 03 Hove
46,Statielei 16,2022-12-19,15:00:00,85,36,49,FMN GV 03 Hove
46,Statielei 16,2022-12-19,16:00:00,156,43,113,FMN GV 03 Hove
46,Statielei 16,2022-12-19,17:00:00,192,56,136,FMN GV 03 Hove
46,Statielei 16,2022-12-19,18:00:00,107,40,67,FMN GV 03 Hove
46,Statielei 16,2022-12-19,19:00:00,48,20,28,FMN GV 03 Hove
46,Statielei 16,2022-12-19,20:00:00,29,9,20,FMN GV 03 Hove
46,Statielei 16,2022-12-19,21:00:00,31,9,22,FMN GV 03 Hove
46,Statielei 16,2022-12-19,22:00:00,32,12,20,FMN GV 03 Hove
46,Statielei 16,2022-12-19,23:00:00,14,4,10,FMN GV 03 Hove
46,Statielei 16,2022-12-20,00:00:00,12,6,6,FMN GV 03 Hove
46,Statielei 16,2022-12-20,01:00:00,3,1,2,FMN GV 03 Hove
46,Statielei 16,2022-12-20,02:00:00,0,0,0,FMN GV 03 Hove
46,Statielei 16,2022-12-20,03:00:00,0,0,0,FMN GV 03 Hove
46,Statielei 16,2022-12-20,04:00:00,5,4,1,FMN GV 03 Hove
46,Statielei 16,2022-12-20,05:00:00,17,12,5,FMN GV 03 Hove
46,Statielei 16,2022-12-20,06:00:00,60,49,11,FMN GV 03 Hove
46,Statielei 16,2022-12-20,07:00:00,241,198,43,FMN GV 03 Hove
46,Statielei 16,2022-12-20,08:00:00,276,228,48,FMN GV 03 Hove
46,Statielei 16,2022-12-20,09:00:00,66,48,18,FMN GV 03 Hove
46,Statielei 16,2022-12-20,10:00:00,51,35,16,FMN GV 03 Hove
46,Statielei 16,2022-12-20,11:00:00,52,27,25,FMN GV 03 Hove
46,Statielei 16,2022-12-20,12:00:00,65,36,29,FMN GV 03 Hove
46,Statielei 16,2022-12-20,13:00:00,44,18,26,FMN GV 03 Hove
46,Statielei 16,2022-12-20,14:00:00,51,22,29,FMN GV 03 Hove
46,Statielei 16,2022-12-20,15:00:00,76,27,49,FMN GV 03 Hove
46,Statielei 16,2022-12-20,16:00:00,159,39,120,FMN GV 03 Hove
46,Statielei 16,2022-12-20,17:00:00,198,55,143,FMN GV 03 Hove
46,Statielei 16,2022-12-20,18:00:00,102,33,69,FMN GV 03 Hove
46,Statielei 16,2022-12-20,19:00:00,62,20,42,FMN GV 03 Hove
46,Statielei 16,2022-12-20,20:00:00,26,10,16,FMN GV 03 Hove
46,Statielei 16,2022-12-20,21:00:00,19,5,14,FMN GV 03 Hove
46,Statielei 16,2022-12-20,22:00:00,24,10,14,FMN GV 03 Hove
46,Statielei 16,2022-12-20,23:00:00,13,4,9,FMN GV 03 Hove
46,Statielei 16,2022-12-21,00:00:00,7,2,5,FMN GV 03 Hove
46,Statielei 16,2022-12-21,01:00:00,2,0,2,FMN GV 03 Hove
46,Statielei 16,2022-12-21,02:00:00,0,0,0,FMN GV 03 Hove
46,Statielei 16,2022-12-21,03:00:00,0,0,0,FMN GV 03 Hove
46,Statielei 16,2022-12-21,04:00:00,7,5,2,FMN GV 03 Hove
46,Statielei 16,2022-12-21,05:00:00,9,5,4,FMN GV 03 Hove
46,Statielei 16,2022-12-21,06:00:00,61,48,13,FMN GV 03 Hove
46,Statielei 16,2022-12-21,07:00:00,186,153,33,FMN GV 03 Hove
46,Statielei 16,2022-12-21,08:00:00,239,198,41,FMN GV 03 Hove
46,Statielei 16,2022-12-21,09:00:00,114,80,34,FMN GV 03 Hove
46,Statielei 16,2022-12-21,10:00:00,111,71,40,FMN GV 03 Hove
46,Statielei 16,2022-12-21,11:00:00,107,57,50,FMN GV 03 Hove
46,Statielei 16,2022-12-21,12:00:00,128,54,74,FMN GV 03 Hove
46,Statielei 16,2022-12-21,13:00:00,122,49,73,FMN GV 03 Hove
46,Statielei 16,2022-12-21,14:00:00,98,46,52,FMN GV 03 Hove
46,Statielei 16,2022-12-21,15:00:00,111,55,56,FMN GV 03 Hove
46,Statielei 16,2022-12-21,16:00:00,161,52,109,FMN GV 03 Hove
46,Statielei 16,2022-12-21,17:00:00,173,59,114,FMN GV 03 Hove
46,Statielei 16,2022-12-21,18:00:00,88,35,53,FMN GV 03 Hove
46,Statielei 16,2022-12-21,19:00:00,55,25,30,FMN GV 03 Hove
46,Statielei 16,2022-12-21,20:00:00,35,21,14,FMN GV 03 Hove
46,Statielei 16,2022-12-21,21:00:00,28,8,20,FMN GV 03 Hove
46,Statielei 16,2022-12-21,22:00:00,35,17,18,FMN GV 03 Hove
46,Statielei 16,2022-12-21,23:00:00,13,6,7,FMN GV 03 Hove
46,Statielei 16,2022-12-22,00:00:00,3,3,0,FMN GV 03 Hove
46,Statielei 16,2022-12-22,01:00:00,4,2,2,FMN GV 03 Hove
46,Statielei 16,2022-12-22,02:00:00,4,0,4,FMN GV 03 Hove
46,Statielei 16,2022-12-22,03:00:00,1,0,1,FMN GV 03 Hove
46,Statielei 16,2022-12-22,04:00:00,8,6,2,FMN GV 03 Hove
46,Statielei 16,2022-12-22,05:00:00,12,8,4,FMN GV 03 Hove
46,Statielei 16,2022-12-22,06:00:00,61,43,18,FMN GV 03 Hove
46,Statielei 16,2022-12-22,07:00:00,199,163,36,FMN GV 03 Hove
46,Statielei 16,2022-12-22,08:00:00,244,199,45,FMN GV 03 Hove
46,Statielei 16,2022-12-22,09:00:00,73,52,21,FMN GV 03 Hove
46,Statielei 16,2022-12-22,10:00:00,68,43,25,FMN GV 03 Hove
46,Statielei 16,2022-12-22,11:00:00,81,54,27,FMN GV 03 Hove
46,Statielei 16,2022-12-22,12:00:00,90,49,41,FMN GV 03 Hove
46,Statielei 16,2022-12-22,13:00:00,114,52,62,FMN GV 03 Hove
46,Statielei 16,2022-12-22,14:00:00,82,44,38,FMN GV 03 Hove
46,Statielei 16,2022-12-22,15:00:00,92,41,51,FMN GV 03 Hove
46,Statielei 16,2022-12-22,16:00:00,157,58,99,FMN GV 03 Hove
46,Statielei 16,2022-12-22,17:00:00,176,66,110,FMN GV 03 Hove
46,Statielei 16,2022-12-22,18:00:00,103,47,56,FMN GV 03 Hove
46,Statielei 16,2022-12-22,19:00:00,75,28,47,FMN GV 03 Hove
46,Statielei 16,2022-12-22,20:00:00,52,23,29,FMN GV 03 Hove
46,Statielei 16,2022-12-22,21:00:00,53,19,34,FMN GV 03 Hove
46,Statielei 16,2022-12-22,22:00:00,25,8,17,FMN GV 03 Hove
46,Statielei 16,2022-12-22,23:00:00,32,12,20,FMN GV 03 Hove
46,Statielei 16,2022-12-23,00:00:00,23,9,14,FMN GV 03 Hove
46,Statielei 16,2022-12-23,01:00:00,20,5,15,FMN GV 03 Hove
46,Statielei 16,2022-12-23,02:00:00,7,0,7,FMN GV 03 Hove
46,Statielei 16,2022-12-23,03:00:00,1,0,1,FMN GV 03 Hove
46,Statielei 16,2022-12-23,04:00:00,4,2,2,FMN GV 03 Hove
46,Statielei 16,2022-12-23,05:00:00,17,13,4,FMN GV 03 Hove
46,Statielei 16,2022-12-23,06:00:00,49,34,15,FMN GV 03 Hove
46,Statielei 16,2022-12-23,07:00:00,124,101,23,FMN GV 03 Hove
46,Statielei 16,2022-12-23,08:00:00,207,160,47,FMN GV 03 Hove
46,Statielei 16,2022-12-23,09:00:00,82,65,17,FMN GV 03 Hove
46,Statielei 16,2022-12-23,10:00:00,49,28,21,FMN GV 03 Hove
46,Statielei 16,2022-12-23,11:00:00,44,18,26,FMN GV 03 Hove
46,Statielei 16,2022-12-23,12:00:00,63,28,35,FMN GV 03 Hove
46,Statielei 16,2022-12-23,13:00:00,36,12,24,FMN GV 03 Hove
46,Statielei 16,2022-12-23,14:00:00,71,34,37,FMN GV 03 Hove
46,Statielei 16,2022-12-23,15:00:00,109,43,66,FMN GV 03 Hove
46,Statielei 16,2022-12-23,16:00:00,116,33,83,FMN GV 03 Hove
46,Statielei 16,2022-12-23,17:00:00,103,39,64,FMN GV 03 Hove
46,Statielei 16,2022-12-23,18:00:00,87,35,52,FMN GV 03 Hove
46,Statielei 16,2022-12-23,19:00:00,49,31,18,FMN GV 03 Hove
46,Statielei 16,2022-12-23,20:00:00,27,14,13,FMN GV 03 Hove
46,Statielei 16,2022-12-23,21:00:00,26,10,16,FMN GV 03 Hove
46,Statielei 16,2022-12-23,22:00:00,25,11,14,FMN GV 03 Hove
46,Statielei 16,2022-12-23,23:00:00,31,7,24,FMN GV 03 Hove
46,Statielei 16,2022-12-24,00:00:00,20,9,11,FMN GV 03 Hove
46,Statielei 16,2022-12-24,01:00:00,12,10,2,FMN GV 03 Hove
46,Statielei 16,2022-12-24,02:00:00,6,2,4,FMN GV 03 Hove
46,Statielei 16,2022-12-24,03:00:00,4,2,2,FMN GV 03 Hove
46,Statielei 16,2022-12-24,04:00:00,5,3,2,FMN GV 03 Hove
46,Statielei 16,2022-12-24,05:00:00,4,4,0,FMN GV 03 Hove
46,Statielei 16,2022-12-24,06:00:00,8,3,5,FMN GV 03 Hove
46,Statielei 16,2022-12-24,07:00:00,5,3,2,FMN GV 03 Hove
46,Statielei 16,2022-12-24,08:00:00,18,11,7,FMN GV 03 Hove
46,Statielei 16,2022-12-24,09:00:00,54,30,24,FMN GV 03 Hove
46,Statielei 16,2022-12-24,10:00:00,73,37,36,FMN GV 03 Hove
46,Statielei 16,2022-12-24,11:00:00,103,57,46,FMN GV 03 Hove
46,Statielei 16,2022-12-24,12:00:00,98,52,46,FMN GV 03 Hove
46,Statielei 16,2022-12-24,13:00:00,115,65,50,FMN GV 03 Hove
46,Statielei 16,2022-12-24,14:00:00,103,41,62,FMN GV 03 Hove
46,Statielei 16,2022-12-24,15:00:00,89,44,45,FMN GV 03 Hove
46,Statielei 16,2022-12-24,16:00:00,80,36,44,FMN GV 03 Hove
46,Statielei 16,2022-12-24,17:00:00,48,15,33,FMN GV 03 Hove
46,Statielei 16,2022-12-24,18:00:00,25,7,18,FMN GV 03 Hove
46,Statielei 16,2022-12-24,19:00:00,15,8,7,FMN GV 03 Hove
46,Statielei 16,2022-12-24,20:00:00,11,9,2,FMN GV 03 Hove
46,Statielei 16,2022-12-24,21:00:00,9,8,1,FMN GV 03 Hove
46,Statielei 16,2022-12-24,22:00:00,10,3,7,FMN GV 03 Hove
46,Statielei 16,2022-12-24,23:00:00,22,18,4,FMN GV 03 Hove
46,Statielei 16,2022-12-25,00:00:00,33,27,6,FMN GV 03 Hove
46,Statielei 16,2022-12-25,01:00:00,26,19,7,FMN GV 03 Hove
46,Statielei 16,2022-12-25,02:00:00,5,2,3,FMN GV 03 Hove
46,Statielei 16,2022-12-25,03:00:00,3,2,1,FMN GV 03 Hove
46,Statielei 16,2022-12-25,04:00:00,1,1,0,FMN GV 03 Hove
46,Statielei 16,2022-12-25,05:00:00,7,5,2,FMN GV 03 Hove
46,Statielei 16,2022-12-25,06:00:00,3,1,2,FMN GV 03 Hove
46,Statielei 16,2022-12-25,07:00:00,2,0,2,FMN GV 03 Hove
46,Statielei 16,2022-12-25,08:00:00,9,7,2,FMN GV 03 Hove
46,Statielei 16,2022-12-25,09:00:00,17,13,4,FMN GV 03 Hove
46,Statielei 16,2022-12-25,10:00:00,15,8,7,FMN GV 03 Hove
46,Statielei 16,2022-12-25,11:00:00,20,14,6,FMN GV 03 Hove
46,Statielei 16,2022-12-25,12:00:00,12,7,5,FMN GV 03 Hove
46,Statielei 16,2022-12-25,13:00:00,17,6,11,FMN GV 03 Hove
46,Statielei 16,2022-12-25,14:00:00,15,5,10,FMN GV 03 Hove
46,Statielei 16,2022-12-25,15:00:00,25,12,13,FMN GV 03 Hove
46,Statielei 16,2022-12-25,16:00:00,22,14,8,FMN GV 03 Hove
46,Statielei 16,2022-12-25,17:00:00,12,5,7,FMN GV 03 Hove
46,Statielei 16,2022-12-25,18:00:00,4,3,1,FMN GV 03 Hove
46,Statielei 16,2022-12-25,19:00:00,8,5,3,FMN GV 03 Hove
46,Statielei 16,2022-12-25,20:00:00,14,10,4,FMN GV 03 Hove
46,Statielei 16,2022-12-25,21:00:00,16,9,7,FMN GV 03 Hove
46,Statielei 16,2022-12-25,22:00:00,12,8,4,FMN GV 03 Hove
46,Statielei 16,2022-12-25,23:00:00,9,7,2,FMN GV 03 Hove
46,Statielei 16,2022-12-26,00:00:00,5,4,1,FMN GV 03 Hove
46,Statielei 16,2022-12-26,01:00:00,4,3,1,FMN GV 03 Hove
46,Statielei 16,2022-12-26,02:00:00,1,1,0,FMN GV 03 Hove
46,Statielei 16,2022-12-26,03:00:00,1,1,0,FMN GV 03 Hove
46,Statielei 16,2022-12-26,04:00:00,5,4,1,FMN GV 03 Hove
46,Statielei 16,2022-12-26,05:00:00,11,8,3,FMN GV 03 Hove
46,Statielei 16,2022-12-26,06:00:00,29,20,9,FMN GV 03 Hove
46,Statielei 16,2022-12-26,07:00:00,29,19,10,FMN GV 03 Hove
46,Statielei 16,2022-12-26,08:00:00,50,37,13,FMN GV 03 Hove
46,Statielei 16,2022-12-26,09:00:00,29,19,10,FMN GV 03 Hove
46,Statielei 16,2022-12-26,10:00:00,47,27,20,FMN GV 03 Hove
46,Statielei 16,2022-12-26,11:00:00,43,24,19,FMN GV 03 Hove
46,Statielei 16,2022-12-26,12:00:00,54,27,27,FMN GV 03 Hove
46,Statielei 16,2022-12-26,13:00:00,62,32,30,FMN GV 03 Hove
46,Statielei 16,2022-12-26,14:00:00,78,38,40,FMN GV 03 Hove
46,Statielei 16,2022-12-26,15:00:00,74,37,37,FMN GV 03 Hove
46,Statielei 16,2022-12-26,16:00:00,88,52,36,FMN GV 03 Hove
46,Statielei 16,2022-12-26,17:00:00,94,35,59,FMN GV 03 Hove
46,Statielei 16,2022-12-26,18:00:00,33,15,18,FMN GV 03 Hove
46,Statielei 16,2022-12-26,19:00:00,34,24,10,FMN GV 03 Hove
46,Statielei 16,2022-12-26,20:00:00,28,15,13,FMN GV 03 Hove
46,Statielei 16,2022-12-26,21:00:00,15,6,9,FMN GV 03 Hove
46,Statielei 16,2022-12-26,22:00:00,21,9,12,FMN GV 03 Hove
46,Statielei 16,2022-12-26,23:00:00,16,5,11,FMN GV 03 Hove
46,Statielei 16,2022-12-27,00:00:00,6,2,4,FMN GV 03 Hove
46,Statielei 16,2022-12-27,01:00:00,7,1,6,FMN GV 03 Hove
46,Statielei 16,2022-12-27,02:00:00,2,1,1,FMN GV 03 Hove
46,Statielei 16,2022-12-27,03:00:00,2,1,1,FMN GV 03 Hove
46,Statielei 16,2022-12-27,04:00:00,4,3,1,FMN GV 03 Hove
46,Statielei 16,2022-12-27,05:00:00,17,10,7,FMN GV 03 Hove
46,Statielei 16,2022-12-27,06:00:00,31,22,9,FMN GV 03 Hove
46,Statielei 16,2022-12-27,07:00:00,76,57,19,FMN GV 03 Hove
46,Statielei 16,2022-12-27,08:00:00,105,82,23,FMN GV 03 Hove
46,Statielei 16,2022-12-27,09:00:00,52,36,16,FMN GV 03 Hove
46,Statielei 16,2022-12-27,10:00:00,62,35,27,FMN GV 03 Hove
46,Statielei 16,2022-12-27,11:00:00,78,48,30,FMN GV 03 Hove
46,Statielei 16,2022-12-27,12:00:00,77,49,28,FMN GV 03 Hove
46,Statielei 16,2022-12-27,13:00:00,84,54,30,FMN GV 03 Hove
46,Statielei 16,2022-12-27,14:00:00,90,60,30,FMN GV 03 Hove
46,Statielei 16,2022-12-27,15:00:00,87,41,46,FMN GV 03 Hove
46,Statielei 16,2022-12-27,16:00:00,115,57,58,FMN GV 03 Hove
46,Statielei 16,2022-12-27,17:00:00,128,43,85,FMN GV 03 Hove
46,Statielei 16,2022-12-27,18:00:00,86,35,51,FMN GV 03 Hove
46,Statielei 16,2022-12-27,19:00:00,39,22,17,FMN GV 03 Hove
46,Statielei 16,2022-12-27,20:00:00,42,17,25,FMN GV 03 Hove
46,Statielei 16,2022-12-27,21:00:00,17,10,7,FMN GV 03 Hove
46,Statielei 16,2022-12-27,22:00:00,17,5,12,FMN GV 03 Hove
46,Statielei 16,2022-12-27,23:00:00,15,3,12,FMN GV 03 Hove
46,Statielei 16,2022-12-28,00:00:00,10,4,6,FMN GV 03 Hove
46,Statielei 16,2022-12-28,01:00:00,7,1,6,FMN GV 03 Hove
46,Statielei 16,2022-12-28,02:00:00,6,2,4,FMN GV 03 Hove
46,Statielei 16,2022-12-28,03:00:00,0,0,0,FMN GV 03 Hove
46,Statielei 16,2022-12-28,04:00:00,9,8,1,FMN GV 03 Hove
46,Statielei 16,2022-12-28,05:00:00,11,8,3,FMN GV 03 Hove
46,Statielei 16,2022-12-28,06:00:00,26,18,8,FMN GV 03 Hove
46,Statielei 16,2022-12-28,07:00:00,70,45,25,FMN GV 03 Hove
46,Statielei 16,2022-12-28,08:00:00,85,63,22,FMN GV 03 Hove
46,Statielei 16,2022-12-28,09:00:00,52,30,22,FMN GV 03 Hove
46,Statielei 16,2022-12-28,10:00:00,38,22,16,FMN GV 03 Hove
46,Statielei 16,2022-12-28,11:00:00,37,23,14,FMN GV 03 Hove
46,Statielei 16,2022-12-28,12:00:00,45,22,23,FMN GV 03 Hove
46,Statielei 16,2022-12-28,13:00:00,52,32,20,FMN GV 03 Hove
46,Statielei 16,2022-12-28,14:00:00,75,30,45,FMN GV 03 Hove
46,Statielei 16,2022-12-28,15:00:00,69,28,41,FMN GV 03 Hove
46,Statielei 16,2022-12-28,16:00:00,56,26,30,FMN GV 03 Hove
46,Statielei 16,2022-12-28,17:00:00,104,37,67,FMN GV 03 Hove
46,Statielei 16,2022-12-28,18:00:00,47,20,27,FMN GV 03 Hove
46,Statielei 16,2022-12-28,19:00:00,30,15,15,FMN GV 03 Hove
46,Statielei 16,2022-12-28,20:00:00,18,10,8,FMN GV 03 Hove
46,Statielei 16,2022-12-28,21:00:00,21,9,12,FMN GV 03 Hove
46,Statielei 16,2022-12-28,22:00:00,14,6,8,FMN GV 03 Hove
46,Statielei 16,2022-12-28,23:00:00,14,9,5,FMN GV 03 Hove
46,Statielei 16,2022-12-29,00:00:00,10,6,4,FMN GV 03 Hove
46,Statielei 16,2022-12-29,01:00:00,7,4,3,FMN GV 03 Hove
46,Statielei 16,2022-12-29,02:00:00,1,1,0,FMN GV 03 Hove
46,Statielei 16,2022-12-29,03:00:00,1,1,0,FMN GV 03 Hove
46,Statielei 16,2022-12-29,04:00:00,6,4,2,FMN GV 03 Hove
46,Statielei 16,2022-12-29,05:00:00,9,5,4,FMN GV 03 Hove
46,Statielei 16,2022-12-29,06:00:00,29,21,8,FMN GV 03 Hove
46,Statielei 16,2022-12-29,07:00:00,58,47,11,FMN GV 03 Hove
46,Statielei 16,2022-12-29,08:00:00,68,52,16,FMN GV 03 Hove
46,Statielei 16,2022-12-29,09:00:00,45,28,17,FMN GV 03 Hove
46,Statielei 16,2022-12-29,10:00:00,39,23,16,FMN GV 03 Hove
46,Statielei 16,2022-12-29,11:00:00,45,26,19,FMN GV 03 Hove
46,Statielei 16,2022-12-29,12:00:00,59,38,21,FMN GV 03 Hove
46,Statielei 16,2022-12-29,13:00:00,48,25,23,FMN GV 03 Hove
46,Statielei 16,2022-12-29,14:00:00,60,30,30,FMN GV 03 Hove
46,Statielei 16,2022-12-29,15:00:00,61,28,33,FMN GV 03 Hove
46,Statielei 16,2022-12-29,16:00:00,75,28,47,FMN GV 03 Hove
46,Statielei 16,2022-12-29,17:00:00,86,40,46,FMN GV 03 Hove
46,Statielei 16,2022-12-29,18:00:00,67,31,36,FMN GV 03 Hove
46,Statielei 16,2022-12-29,19:00:00,30,14,16,FMN GV 03 Hove
46,Statielei 16,2022-12-29,20:00:00,23,11,12,FMN GV 03 Hove
46,Statielei 16,2022-12-29,21:00:00,22,8,14,FMN GV 03 Hove
46,Statielei 16,2022-12-29,22:00:00,23,6,17,FMN GV 03 Hove
46,Statielei 16,2022-12-29,23:00:00,19,9,10,FMN GV 03 Hove
46,Statielei 16,2022-12-30,00:00:00,17,5,12,FMN GV 03 Hove
46,Statielei 16,2022-12-30,01:00:00,4,0,4,FMN GV 03 Hove
46,Statielei 16,2022-12-30,02:00:00,2,1,1,FMN GV 03 Hove
46,Statielei 16,2022-12-30,03:00:00,2,1,1,FMN GV 03 Hove
46,Statielei 16,2022-12-30,04:00:00,3,1,2,FMN GV 03 Hove
46,Statielei 16,2022-12-30,05:00:00,7,6,1,FMN GV 03 Hove
46,Statielei 16,2022-12-30,06:00:00,28,19,9,FMN GV 03 Hove
46,Statielei 16,2022-12-30,07:00:00,36,28,8,FMN GV 03 Hove
46,Statielei 16,2022-12-30,08:00:00,54,39,15,FMN GV 03 Hove
46,Statielei 16,2022-12-30,09:00:00,51,28,23,FMN GV 03 Hove
46,Statielei 16,2022-12-30,10:00:00,56,39,17,FMN GV 03 Hove
46,Statielei 16,2022-12-30,11:00:00,62,31,31,FMN GV 03 Hove
46,Statielei 16,2022-12-30,12:00:00,55,24,31,FMN GV 03 Hove
46,Statielei 16,2022-12-30,13:00:00,39,21,18,FMN GV 03 Hove
46,Statielei 16,2022-12-30,14:00:00,33,21,12,FMN GV 03 Hove
46,Statielei 16,2022-12-30,15:00:00,51,22,29,FMN GV 03 Hove
46,Statielei 16,2022-12-30,16:00:00,55,18,37,FMN GV 03 Hove
46,Statielei 16,2022-12-30,17:00:00,73,42,31,FMN GV 03 Hove
46,Statielei 16,2022-12-30,18:00:00,34,16,18,FMN GV 03 Hove
46,Statielei 16,2022-12-30,19:00:00,26,11,15,FMN GV 03 Hove
46,Statielei 16,2022-12-30,20:00:00,26,18,8,FMN GV 03 Hove
46,Statielei 16,2022-12-30,21:00:00,21,8,13,FMN GV 03 Hove
46,Statielei 16,2022-12-30,22:00:00,19,9,10,FMN GV 03 Hove
46,Statielei 16,2022-12-30,23:00:00,16,2,14,FMN GV 03 Hove
46,Statielei 16,2022-12-31,00:00:00,14,5,9,FMN GV 03 Hove
46,Statielei 16,2022-12-31,01:00:00,7,4,3,FMN GV 03 Hove
46,Statielei 16,2022-12-31,02:00:00,4,1,3,FMN GV 03 Hove
46,Statielei 16,2022-12-31,03:00:00,3,3,0,FMN GV 03 Hove
46,Statielei 16,2022-12-31,04:00:00,0,0,0,FMN GV 03 Hove
46,Statielei 16,2022-12-31,05:00:00,4,2,2,FMN GV 03 Hove
46,Statielei 16,2022-12-31,06:00:00,12,8,4,FMN GV 03 Hove
46,Statielei 16,2022-12-31,07:00:00,4,2,2,FMN GV 03 Hove
46,Statielei 16,2022-12-31,08:00:00,10,8,2,FMN GV 03 Hove
46,Statielei 16,2022-12-31,09:00:00,27,19,8,FMN GV 03 Hove
46,Statielei 16,2022-12-31,10:00:00,37,20,17,FMN GV 03 Hove
46,Statielei 16,2022-12-31,11:00:00,36,20,16,FMN GV 03 Hove
46,Statielei 16,2022-12-31,12:00:00,41,22,19,FMN GV 03 Hove
46,Statielei 16,2022-12-31,13:00:00,38,19,19,FMN GV 03 Hove
46,Statielei 16,2022-12-31,14:00:00,46,25,21,FMN GV 03 Hove
46,Statielei 16,2022-12-31,15:00:00,59,35,24,FMN GV 03 Hove
46,Statielei 16,2022-12-31,16:00:00,68,39,29,FMN GV 03 Hove
46,Statielei 16,2022-12-31,17:00:00,63,32,31,FMN GV 03 Hove
46,Statielei 16,2022-12-31,18:00:00,39,22,17,FMN GV 03 Hove
46,Statielei 16,2022-12-31,19:00:00,31,20,11,FMN GV 03 Hove
46,Statielei 16,2022-12-31,20:00:00,16,9,7,FMN GV 03 Hove
46,Statielei 16,2022-12-31,21:00:00,4,3,1,FMN GV 03 Hove
46,Statielei 16,2022-12-31,22:00:00,15,14,1,FMN GV 03 Hove
46,Statielei 16,2022-12-31,23:00:00,22,11,11,FMN GV 03 Hove
46,Statielei 16,2023-01-01,00:00:00,10,4,6,FMN GV 03 Hove
46,Statielei 16,2023-01-01,01:00:00,19,5,14,FMN GV 03 Hove
46,Statielei 16,2023-01-01,02:00:00,30,15,15,FMN GV 03 Hove
46,Statielei 16,2023-01-01,03:00:00,43,25,18,FMN GV 03 Hove
46,Statielei 16,2023-01-01,04:00:00,27,8,19,FMN GV 03 Hove
46,Statielei 16,2023-01-01,05:00:00,16,2,14,FMN GV 03 Hove
46,Statielei 16,2023-01-01,06:00:00,13,4,9,FMN GV 03 Hove
46,Statielei 16,2023-01-01,07:00:00,9,4,5,FMN GV 03 Hove
46,Statielei 16,2023-01-01,08:00:00,4,1,3,FMN GV 03 Hove
46,Statielei 16,2023-01-01,09:00:00,10,6,4,FMN GV 03 Hove
46,Statielei 16,2023-01-01,10:00:00,28,11,17,FMN GV 03 Hove
46,Statielei 16,2023-01-01,11:00:00,45,17,28,FMN GV 03 Hove
46,Statielei 16,2023-01-01,12:00:00,51,27,24,FMN GV 03 Hove
46,Statielei 16,2023-01-01,13:00:00,52,28,24,FMN GV 03 Hove
46,Statielei 16,2023-01-01,14:00:00,60,27,33,FMN GV 03 Hove
46,Statielei 16,2023-01-01,15:00:00,61,28,33,FMN GV 03 Hove
46,Statielei 16,2023-01-01,16:00:00,40,22,18,FMN GV 03 Hove
46,Statielei 16,2023-01-01,17:00:00,26,16,10,FMN GV 03 Hove
46,Statielei 16,2023-01-01,18:00:00,14,11,3,FMN GV 03 Hove
46,Statielei 16,2023-01-01,19:00:00,20,13,7,FMN GV 03 Hove
46,Statielei 16,2023-01-01,20:00:00,22,16,6,FMN GV 03 Hove
46,Statielei 16,2023-01-01,21:00:00,8,4,4,FMN GV 03 Hove
46,Statielei 16,2023-01-01,22:00:00,3,1,2,FMN GV 03 Hove
46,Statielei 16,2023-01-01,23:00:00,3,2,1,FMN GV 03 Hove
46,Statielei 16,2023-01-02,00:00:00,3,3,0,FMN GV 03 Hove
46,Statielei 16,2023-01-02,01:00:00,1,1,0,FMN GV 03 Hove
46,Statielei 16,2023-01-02,02:00:00,0,0,0,FMN GV 03 Hove
46,Statielei 16,2023-01-02,03:00:00,1,1,0,FMN GV 03 Hove
46,Statielei 16,2023-01-02,04:00:00,2,1,1,FMN GV 03 Hove
46,Statielei 16,2023-01-02,05:00:00,8,4,4,FMN GV 03 Hove
46,Statielei 16,2023-01-02,06:00:00,26,20,6,FMN GV 03 Hove
46,Statielei 16,2023-01-02,07:00:00,56,43,13,FMN GV 03 Hove
46,Statielei 16,2023-01-02,08:00:00,94,65,29,FMN GV 03 Hove
46,Statielei 16,2023-01-02,09:00:00,33,24,9,FMN GV 03 Hove
46,Statielei 16,2023-01-02,10:00:00,34,12,22,FMN GV 03 Hove
46,Statielei 16,2023-01-02,11:00:00,52,31,21,FMN GV 03 Hove
46,Statielei 16,2023-01-02,12:00:00,59,27,32,FMN GV 03 Hove
46,Statielei 16,2023-01-02,13:00:00,71,33,38,FMN GV 03 Hove
46,Statielei 16,2023-01-02,14:00:00,47,29,18,FMN GV 03 Hove
46,Statielei 16,2023-01-02,15:00:00,54,27,27,FMN GV 03 Hove
46,Statielei 16,2023-01-02,16:00:00,87,34,53,FMN GV 03 Hove
46,Statielei 16,2023-01-02,17:00:00,82,41,41,FMN GV 03 Hove
46,Statielei 16,2023-01-02,18:00:00,46,21,25,FMN GV 03 Hove
46,Statielei 16,2023-01-02,19:00:00,34,12,22,FMN GV 03 Hove
46,Statielei 16,2023-01-02,20:00:00,21,13,8,FMN GV 03 Hove
46,Statielei 16,2023-01-02,21:00:00,15,10,5,FMN GV 03 Hove
46,Statielei 16,2023-01-02,22:00:00,17,11,6,FMN GV 03 Hove
46,Statielei 16,2023-01-02,23:00:00,2,0,2,FMN GV 03 Hove
46,Statielei 16,2023-01-03,00:00:00,6,3,3,FMN GV 03 Hove
46,Statielei 16,2023-01-03,01:00:00,2,0,2,FMN GV 03 Hove
46,Statielei 16,2023-01-03,02:00:00,2,2,0,FMN GV 03 Hove
46,Statielei 16,2023-01-03,03:00:00,0,0,0,FMN GV 03 Hove
46,Statielei 16,2023-01-03,04:00:00,5,3,2,FMN GV 03 Hove
46,Statielei 16,2023-01-03,05:00:00,21,12,9,FMN GV 03 Hove
46,Statielei 16,2023-01-03,06:00:00,72,52,20,FMN GV 03 Hove
46,Statielei 16,2023-01-03,07:00:00,151,118,33,FMN GV 03 Hove
46,Statielei 16,2023-01-03,08:00:00,159,125,34,FMN GV 03 Hove
46,Statielei 16,2023-01-03,09:00:00,108,72,36,FMN GV 03 Hove
46,Statielei 16,2023-01-03,10:00:00,52,32,20,FMN GV 03 Hove
46,Statielei 16,2023-01-03,11:00:00,70,39,31,FMN GV 03 Hove
46,Statielei 16,2023-01-03,12:00:00,86,56,30,FMN GV 03 Hove
46,Statielei 16,2023-01-03,13:00:00,89,50,39,FMN GV 03 Hove
46,Statielei 16,2023-01-03,14:00:00,87,50,37,FMN GV 03 Hove
46,Statielei 16,2023-01-03,15:00:00,97,47,50,FMN GV 03 Hove
46,Statielei 16,2023-01-03,16:00:00,141,57,84,FMN GV 03 Hove
46,Statielei 16,2023-01-03,17:00:00,198,64,134,FMN GV 03 Hove
46,Statielei 16,2023-01-03,18:00:00,109,35,74,FMN GV 03 Hove
46,Statielei 16,2023-01-03,19:00:00,62,25,37,FMN GV 03 Hove
46,Statielei 16,2023-01-03,20:00:00,37,18,19,FMN GV 03 Hove
46,Statielei 16,2023-01-03,21:00:00,27,8,19,FMN GV 03 Hove
46,Statielei 16,2023-01-03,22:00:00,30,10,20,FMN GV 03 Hove
46,Statielei 16,2023-01-03,23:00:00,14,2,12,FMN GV 03 Hove
46,Statielei 16,2023-01-04,00:00:00,5,2,3,FMN GV 03 Hove
46,Statielei 16,2023-01-04,01:00:00,4,1,3,FMN GV 03 Hove
46,Statielei 16,2023-01-04,02:00:00,2,2,0,FMN GV 03 Hove
46,Statielei 16,2023-01-04,03:00:00,1,0,1,FMN GV 03 Hove
46,Statielei 16,2023-01-04,04:00:00,5,5,0,FMN GV 03 Hove
46,Statielei 16,2023-01-04,05:00:00,21,13,8,FMN GV 03 Hove
46,Statielei 16,2023-01-04,06:00:00,50,41,9,FMN GV 03 Hove
46,Statielei 16,2023-01-04,07:00:00,142,105,37,FMN GV 03 Hove
46,Statielei 16,2023-01-04,08:00:00,125,93,32,FMN GV 03 Hove
46,Statielei 16,2023-01-04,09:00:00,58,46,12,FMN GV 03 Hove
46,Statielei 16,2023-01-04,10:00:00,40,23,17,FMN GV 03 Hove
46,Statielei 16,2023-01-04,11:00:00,53,30,23,FMN GV 03 Hove
46,Statielei 16,2023-01-04,12:00:00,47,19,28,FMN GV 03 Hove
46,Statielei 16,2023-01-04,13:00:00,49,23,26,FMN GV 03 Hove
46,Statielei 16,2023-01-04,14:00:00,49,21,28,FMN GV 03 Hove
46,Statielei 16,2023-01-04,15:00:00,60,27,33,FMN GV 03 Hove
46,Statielei 16,2023-01-04,16:00:00,90,32,58,FMN GV 03 Hove
46,Statielei 16,2023-01-04,17:00:00,149,43,106,FMN GV 03 Hove
46,Statielei 16,2023-01-04,18:00:00,68,25,43,FMN GV 03 Hove
46,Statielei 16,2023-01-04,19:00:00,43,23,20,FMN GV 03 Hove
46,Statielei 16,2023-01-04,20:00:00,27,16,11,FMN GV 03 Hove
46,Statielei 16,2023-01-04,21:00:00,26,7,19,FMN GV 03 Hove
46,Statielei 16,2023-01-04,22:00:00,26,13,13,FMN GV 03 Hove
46,Statielei 16,2023-01-04,23:00:00,14,6,8,FMN GV 03 Hove
46,Statielei 16,2023-01-05,00:00:00,9,5,4,FMN GV 03 Hove
46,Statielei 16,2023-01-05,01:00:00,6,1,5,FMN GV 03 Hove
46,Statielei 16,2023-01-05,02:00:00,0,0,0,FMN GV 03 Hove
46,Statielei 16,2023-01-05,03:00:00,2,2,0,FMN GV 03 Hove
46,Statielei 16,2023-01-05,04:00:00,6,5,1,FMN GV 03 Hove
46,Statielei 16,2023-01-05,05:00:00,18,10,8,FMN GV 03 Hove
46,Statielei 16,2023-01-05,06:00:00,64,49,15,FMN GV 03 Hove
46,Statielei 16,2023-01-05,07:00:00,172,122,50,FMN GV 03 Hove
46,Statielei 16,2023-01-05,08:00:00,174,132,42,FMN GV 03 Hove
46,Statielei 16,2023-01-05,09:00:00,62,36,26,FMN GV 03 Hove
46,Statielei 16,2023-01-05,10:00:00,56,28,28,FMN GV 03 Hove
46,Statielei 16,2023-01-05,11:00:00,78,48,30,FMN GV 03 Hove
46,Statielei 16,2023-01-05,12:00:00,80,44,36,FMN GV 03 Hove
46,Statielei 16,2023-01-05,13:00:00,83,52,31,FMN GV 03 Hove
46,Statielei 16,2023-01-05,14:00:00,68,37,31,FMN GV 03 Hove
46,Statielei 16,2023-01-05,15:00:00,63,30,33,FMN GV 03 Hove
46,Statielei 16,2023-01-05,16:00:00,145,59,86,FMN GV 03 Hove
46,Statielei 16,2023-01-05,17:00:00,205,61,144,FMN GV 03 Hove
46,Statielei 16,2023-01-05,18:00:00,103,45,58,FMN GV 03 Hove
46,Statielei 16,2023-01-05,19:00:00,56,29,27,FMN GV 03 Hove
46,Statielei 16,2023-01-05,20:00:00,38,20,18,FMN GV 03 Hove
46,Statielei 16,2023-01-05,21:00:00,39,21,18,FMN GV 03 Hove
46,Statielei 16,2023-01-05,22:00:00,30,11,19,FMN GV 03 Hove
46,Statielei 16,2023-01-05,23:00:00,22,7,15,FMN GV 03 Hove
46,Statielei 16,2023-01-06,00:00:00,20,5,15,FMN GV 03 Hove
46,Statielei 16,2023-01-06,01:00:00,8,5,3,FMN GV 03 Hove
46,Statielei 16,2023-01-06,02:00:00,3,0,3,FMN GV 03 Hove
46,Statielei 16,2023-01-06,03:00:00,2,2,0,FMN GV 03 Hove
46,Statielei 16,2023-01-06,04:00:00,5,4,1,FMN GV 03 Hove
46,Statielei 16,2023-01-06,05:00:00,14,8,6,FMN GV 03 Hove
46,Statielei 16,2023-01-06,06:00:00,53,36,17,FMN GV 03 Hove
46,Statielei 16,2023-01-06,07:00:00,105,79,26,FMN GV 03 Hove
46,Statielei 16,2023-01-06,08:00:00,138,102,36,FMN GV 03 Hove
46,Statielei 16,2023-01-06,09:00:00,61,42,19,FMN GV 03 Hove
46,Statielei 16,2023-01-06,10:00:00,61,39,22,FMN GV 03 Hove
46,Statielei 16,2023-01-06,11:00:00,59,36,23,FMN GV 03 Hove
46,Statielei 16,2023-01-06,12:00:00,76,36,40,FMN GV 03 Hove
46,Statielei 16,2023-01-06,13:00:00,85,52,33,FMN GV 03 Hove
46,Statielei 16,2023-01-06,14:00:00,88,43,45,FMN GV 03 Hove
46,Statielei 16,2023-01-06,15:00:00,97,44,53,FMN GV 03 Hove
46,Statielei 16,2023-01-06,16:00:00,124,52,72,FMN GV 03 Hove
46,Statielei 16,2023-01-06,17:00:00,137,54,83,FMN GV 03 Hove
46,Statielei 16,2023-01-06,18:00:00,83,33,50,FMN GV 03 Hove
46,Statielei 16,2023-01-06,19:00:00,56,30,26,FMN GV 03 Hove
46,Statielei 16,2023-01-06,20:00:00,43,29,14,FMN GV 03 Hove
46,Statielei 16,2023-01-06,21:00:00,33,12,21,FMN GV 03 Hove
46,Statielei 16,2023-01-06,22:00:00,36,17,19,FMN GV 03 Hove
46,Statielei 16,2023-01-06,23:00:00,28,12,16,FMN GV 03 Hove
46,Statielei 16,2023-01-07,00:00:00,35,15,20,FMN GV 03 Hove
46,Statielei 16,2023-01-07,01:00:00,13,8,5,FMN GV 03 Hove
46,Statielei 16,2023-01-07,02:00:00,9,4,5,FMN GV 03 Hove
46,Statielei 16,2023-01-07,03:00:00,10,5,5,FMN GV 03 Hove
46,Statielei 16,2023-01-07,04:00:00,5,4,1,FMN GV 03 Hove
46,Statielei 16,2023-01-07,05:00:00,11,8,3,FMN GV 03 Hove
46,Statielei 16,2023-01-07,06:00:00,18,14,4,FMN GV 03 Hove
46,Statielei 16,2023-01-07,07:00:00,10,5,5,FMN GV 03 Hove
46,Statielei 16,2023-01-07,08:00:00,33,23,10,FMN GV 03 Hove
46,Statielei 16,2023-01-07,09:00:00,60,30,30,FMN GV 03 Hove
46,Statielei 16,2023-01-07,10:00:00,100,38,62,FMN GV 03 Hove
46,Statielei 16,2023-01-07,11:00:00,104,58,46,FMN GV 03 Hove
46,Statielei 16,2023-01-07,12:00:00,102,60,42,FMN GV 03 Hove
46,Statielei 16,2023-01-07,13:00:00,141,86,55,FMN GV 03 Hove
46,Statielei 16,2023-01-07,14:00:00,127,62,65,FMN GV 03 Hove
46,Statielei 16,2023-01-07,15:00:00,96,52,44,FMN GV 03 Hove
46,Statielei 16,2023-01-07,16:00:00,53,26,27,FMN GV 03 Hove
46,Statielei 16,2023-01-07,17:00:00,51,23,28,FMN GV 03 Hove
46,Statielei 16,2023-01-07,18:00:00,49,28,21,FMN GV 03 Hove
46,Statielei 16,2023-01-07,19:00:00,38,23,15,FMN GV 03 Hove
46,Statielei 16,2023-01-07,20:00:00,29,13,16,FMN GV 03 Hove
46,Statielei 16,2023-01-07,21:00:00,17,11,6,FMN GV 03 Hove
46,Statielei 16,2023-01-07,22:00:00,19,10,9,FMN GV 03 Hove
46,Statielei 16,2023-01-07,23:00:00,17,9,8,FMN GV 03 Hove
46,Statielei 16,2023-01-08,00:00:00,28,12,16,FMN GV 03 Hove
46,Statielei 16,2023-01-08,01:00:00,15,7,8,FMN GV 03 Hove
46,Statielei 16,2023-01-08,02:00:00,7,1,6,FMN GV 03 Hove
46,Statielei 16,2023-01-08,03:00:00,2,0,2,FMN GV 03 Hove
46,Statielei 16,2023-01-08,04:00:00,1,1,0,FMN GV 03 Hove
46,Statielei 16,2023-01-08,05:00:00,9,6,3,FMN GV 03 Hove
46,Statielei 16,2023-01-08,06:00:00,10,7,3,FMN GV 03 Hove
46,Statielei 16,2023-01-08,07:00:00,8,2,6,FMN GV 03 Hove
46,Statielei 16,2023-01-08,08:00:00,19,8,11,FMN GV 03 Hove
46,Statielei 16,2023-01-08,09:00:00,71,27,44,FMN GV 03 Hove
46,Statielei 16,2023-01-08,10:00:00,80,28,52,FMN GV 03 Hove
46,Statielei 16,2023-01-08,11:00:00,115,69,46,FMN GV 03 Hove
46,Statielei 16,2023-01-08,12:00:00,128,68,60,FMN GV 03 Hove
46,Statielei 16,2023-01-08,13:00:00,118,70,48,FMN GV 03 Hove
46,Statielei 16,2023-01-08,14:00:00,90,55,35,FMN GV 03 Hove
46,Statielei 16,2023-01-08,15:00:00,82,48,34,FMN GV 03 Hove
46,Statielei 16,2023-01-08,16:00:00,71,45,26,FMN GV 03 Hove
46,Statielei 16,2023-01-08,17:00:00,54,25,29,FMN GV 03 Hove
46,Statielei 16,2023-01-08,18:00:00,26,15,11,FMN GV 03 Hove
46,Statielei 16,2023-01-08,19:00:00,23,12,11,FMN GV 03 Hove
46,Statielei 16,2023-01-08,20:00:00,35,25,10,FMN GV 03 Hove
46,Statielei 16,2023-01-08,21:00:00,20,10,10,FMN GV 03 Hove
46,Statielei 16,2023-01-08,22:00:00,13,3,10,FMN GV 03 Hove
46,Statielei 16,2023-01-08,23:00:00,3,1,2,FMN GV 03 Hove
46,Statielei 16,2023-01-09,00:00:00,1,0,1,FMN GV 03 Hove
46,Statielei 16,2023-01-09,01:00:00,0,0,0,FMN GV 03 Hove
46,Statielei 16,2023-01-09,02:00:00,0,0,0,FMN GV 03 Hove
46,Statielei 16,2023-01-09,03:00:00,0,0,0,FMN GV 03 Hove
46,Statielei 16,2023-01-09,04:00:00,6,3,3,FMN GV 03 Hove
46,Statielei 16,2023-01-09,05:00:00,17,12,5,FMN GV 03 Hove
46,Statielei 16,2023-01-09,06:00:00,88,75,13,FMN GV 03 Hove
46,Statielei 16,2023-01-09,07:00:00,300,244,56,FMN GV 03 Hove
46,Statielei 16,2023-01-09,08:00:00,364,289,75,FMN GV 03 Hove
46,Statielei 16,2023-01-09,09:00:00,87,69,18,FMN GV 03 Hove
46,Statielei 16,2023-01-09,10:00:00,52,36,16,FMN GV 03 Hove
46,Statielei 16,2023-01-09,11:00:00,51,31,20,FMN GV 03 Hove
46,Statielei 16,2023-01-09,12:00:00,95,47,48,FMN GV 03 Hove
46,Statielei 16,2023-01-09,13:00:00,91,45,46,FMN GV 03 Hove
46,Statielei 16,2023-01-09,14:00:00,70,38,32,FMN GV 03 Hove
46,Statielei 16,2023-01-09,15:00:00,117,47,70,FMN GV 03 Hove
46,Statielei 16,2023-01-09,16:00:00,259,66,193,FMN GV 03 Hove
46,Statielei 16,2023-01-09,17:00:00,265,85,180,FMN GV 03 Hove
46,Statielei 16,2023-01-09,18:00:00,140,51,89,FMN GV 03 Hove
46,Statielei 16,2023-01-09,19:00:00,55,18,37,FMN GV 03 Hove
46,Statielei 16,2023-01-09,20:00:00,30,15,15,FMN GV 03 Hove
46,Statielei 16,2023-01-09,21:00:00,32,19,13,FMN GV 03 Hove
46,Statielei 16,2023-01-09,22:00:00,27,12,15,FMN GV 03 Hove
46,Statielei 16,2023-01-09,23:00:00,13,5,8,FMN GV 03 Hove
46,Statielei 16,2023-01-10,00:00:00,2,2,0,FMN GV 03 Hove
46,Statielei 16,2023-01-10,01:00:00,2,0,2,FMN GV 03 Hove
46,Statielei 16,2023-01-10,02:00:00,0,0,0,FMN GV 03 Hove
46,Statielei 16,2023-01-10,03:00:00,0,0,0,FMN GV 03 Hove
46,Statielei 16,2023-01-10,04:00:00,8,4,4,FMN GV 03 Hove
46,Statielei 16,2023-01-10,05:00:00,20,17,3,FMN GV 03 Hove
46,Statielei 16,2023-01-10,06:00:00,81,61,20,FMN GV 03 Hove
46,Statielei 16,2023-01-10,07:00:00,312,243,69,FMN GV 03 Hove
46,Statielei 16,2023-01-10,08:00:00,393,314,79,FMN GV 03 Hove
46,Statielei 16,2023-01-10,09:00:00,87,61,26,FMN GV 03 Hove
46,Statielei 16,2023-01-10,10:00:00,64,43,21,FMN GV 03 Hove
46,Statielei 16,2023-01-10,11:00:00,64,42,22,FMN GV 03 Hove
46,Statielei 16,2023-01-10,12:00:00,106,55,51,FMN GV 03 Hove
46,Statielei 16,2023-01-10,13:00:00,64,32,32,FMN GV 03 Hove
46,Statielei 16,2023-01-10,14:00:00,55,23,32,FMN GV 03 Hove
46,Statielei 16,2023-01-10,15:00:00,109,44,65,FMN GV 03 Hove
46,Statielei 16,2023-01-10,16:00:00,229,61,168,FMN GV 03 Hove
46,Statielei 16,2023-01-10,17:00:00,252,66,186,FMN GV 03 Hove
46,Statielei 16,2023-01-10,18:00:00,145,45,100,FMN GV 03 Hove
46,Statielei 16,2023-01-10,19:00:00,62,23,39,FMN GV 03 Hove
46,Statielei 16,2023-01-10,20:00:00,40,20,20,FMN GV 03 Hove
46,Statielei 16,2023-01-10,21:00:00,25,8,17,FMN GV 03 Hove
46,Statielei 16,2023-01-10,22:00:00,43,28,15,FMN GV 03 Hove
46,Statielei 16,2023-01-10,23:00:00,9,3,6,FMN GV 03 Hove
46,Statielei 16,2023-01-11,00:00:00,5,1,4,FMN GV 03 Hove
46,Statielei 16,2023-01-11,01:00:00,3,2,1,FMN GV 03 Hove
46,Statielei 16,2023-01-11,02:00:00,0,0,0,FMN GV 03 Hove
46,Statielei 16,2023-01-11,03:00:00,0,0,0,FMN GV 03 Hove
46,Statielei 16,2023-01-11,04:00:00,5,4,1,FMN GV 03 Hove
46,Statielei 16,2023-01-11,05:00:00,19,12,7,FMN GV 03 Hove
46,Statielei 16,2023-01-11,06:00:00,86,62,24,FMN GV 03 Hove
46,Statielei 16,2023-01-11,07:00:00,272,214,58,FMN GV 03 Hove
46,Statielei 16,2023-01-11,08:00:00,341,275,66,FMN GV 03 Hove
46,Statielei 16,2023-01-11,09:00:00,133,96,37,FMN GV 03 Hove
46,Statielei 16,2023-01-11,10:00:00,97,62,35,FMN GV 03 Hove
46,Statielei 16,2023-01-11,11:00:00,113,57,56,FMN GV 03 Hove
46,Statielei 16,2023-01-11,12:00:00,216,76,140,FMN GV 03 Hove
46,Statielei 16,2023-01-11,13:00:00,136,51,85,FMN GV 03 Hove
46,Statielei 16,2023-01-11,14:00:00,119,57,62,FMN GV 03 Hove
46,Statielei 16,2023-01-11,15:00:00,141,64,77,FMN GV 03 Hove
46,Statielei 16,2023-01-11,16:00:00,174,55,119,FMN GV 03 Hove
46,Statielei 16,2023-01-11,17:00:00,247,79,168,FMN GV 03 Hove
46,Statielei 16,2023-01-11,18:00:00,128,57,71,FMN GV 03 Hove
46,Statielei 16,2023-01-11,19:00:00,71,31,40,FMN GV 03 Hove
46,Statielei 16,2023-01-11,20:00:00,31,20,11,FMN GV 03 Hove
46,Statielei 16,2023-01-11,21:00:00,26,13,13,FMN GV 03 Hove
46,Statielei 16,2023-01-11,22:00:00,29,14,15,FMN GV 03 Hove
46,Statielei 16,2023-01-11,23:00:00,20,13,7,FMN GV 03 Hove
46,Statielei 16,2023-01-12,00:00:00,8,3,5,FMN GV 03 Hove
46,Statielei 16,2023-01-12,01:00:00,5,1,4,FMN GV 03 Hove
46,Statielei 16,2023-01-12,02:00:00,0,0,0,FMN GV 03 Hove
46,Statielei 16,2023-01-12,03:00:00,2,1,1,FMN GV 03 Hove
46,Statielei 16,2023-01-12,04:00:00,6,4,2,FMN GV 03 Hove
46,Statielei 16,2023-01-12,05:00:00,10,8,2,FMN GV 03 Hove
46,Statielei 16,2023-01-12,06:00:00,58,43,15,FMN GV 03 Hove
46,Statielei 16,2023-01-12,07:00:00,182,148,34,FMN GV 03 Hove
46,Statielei 16,2023-01-12,08:00:00,223,181,42,FMN GV 03 Hove
46,Statielei 16,2023-01-12,09:00:00,56,43,13,FMN GV 03 Hove
46,Statielei 16,2023-01-12,10:00:00,25,20,5,FMN GV 03 Hove
46,Statielei 16,2023-01-12,11:00:00,21,10,11,FMN GV 03 Hove
46,Statielei 16,2023-01-12,12:00:00,45,19,26,FMN GV 03 Hove
46,Statielei 16,2023-01-12,13:00:00,30,11,19,FMN GV 03 Hove
46,Statielei 16,2023-01-12,14:00:00,42,16,26,FMN GV 03 Hove
46,Statielei 16,2023-01-12,15:00:00,73,21,52,FMN GV 03 Hove
46,Statielei 16,2023-01-12,16:00:00,130,30,100,FMN GV 03 Hove
46,Statielei 16,2023-01-12,17:00:00,163,40,123,FMN GV 03 Hove
46,Statielei 16,2023-01-12,18:00:00,102,38,64,FMN GV 03 Hove
46,Statielei 16,2023-01-12,19:00:00,45,16,29,FMN GV 03 Hove
46,Statielei 16,2023-01-12,20:00:00,40,22,18,FMN GV 03 Hove
46,Statielei 16,2023-01-12,21:00:00,20,8,12,FMN GV 03 Hove
46,Statielei 16,2023-01-12,22:00:00,23,10,13,FMN GV 03 Hove
46,Statielei 16,2023-01-12,23:00:00,12,6,6,FMN GV 03 Hove
46,Statielei 16,2023-01-13,00:00:00,3,0,3,FMN GV 03 Hove
46,Statielei 16,2023-01-13,01:00:00,6,3,3,FMN GV 03 Hove
46,Statielei 16,2023-01-13,02:00:00,1,1,0,FMN GV 03 Hove
46,Statielei 16,2023-01-13,03:00:00,1,0,1,FMN GV 03 Hove
46,Statielei 16,2023-01-13,04:00:00,8,5,3,FMN GV 03 Hove
46,Statielei 16,2023-01-13,05:00:00,19,15,4,FMN GV 03 Hove
46,Statielei 16,2023-01-13,06:00:00,64,49,15,FMN GV 03 Hove
46,Statielei 16,2023-01-13,07:00:00,242,189,53,FMN GV 03 Hove
46,Statielei 16,2023-01-13,08:00:00,315,242,73,FMN GV 03 Hove
46,Statielei 16,2023-01-13,09:00:00,107,76,31,FMN GV 03 Hove
46,Statielei 16,2023-01-13,10:00:00,66,35,31,FMN GV 03 Hove
46,Statielei 16,2023-01-13,11:00:00,62,30,32,FMN GV 03 Hove
46,Statielei 16,2023-01-13,12:00:00,96,48,48,FMN GV 03 Hove
46,Statielei 16,2023-01-13,13:00:00,80,32,48,FMN GV 03 Hove
46,Statielei 16,2023-01-13,14:00:00,87,42,45,FMN GV 03 Hove
46,Statielei 16,2023-01-13,15:00:00,157,74,83,FMN GV 03 Hove
46,Statielei 16,2023-01-13,16:00:00,210,58,152,FMN GV 03 Hove
46,Statielei 16,2023-01-13,17:00:00,187,73,114,FMN GV 03 Hove
46,Statielei 16,2023-01-13,18:00:00,145,60,85,FMN GV 03 Hove
46,Statielei 16,2023-01-13,19:00:00,70,37,33,FMN GV 03 Hove
46,Statielei 16,2023-01-13,20:00:00,53,27,26,FMN GV 03 Hove
46,Statielei 16,2023-01-13,21:00:00,37,18,19,FMN GV 03 Hove
46,Statielei 16,2023-01-13,22:00:00,39,15,24,FMN GV 03 Hove
46,Statielei 16,2023-01-13,23:00:00,29,13,16,FMN GV 03 Hove
46,Statielei 16,2023-01-14,00:00:00,29,11,18,FMN GV 03 Hove
46,Statielei 16,2023-01-14,01:00:00,11,4,7,FMN GV 03 Hove
46,Statielei 16,2023-01-14,02:00:00,6,2,4,FMN GV 03 Hove
46,Statielei 16,2023-01-14,03:00:00,5,4,1,FMN GV 03 Hove
46,Statielei 16,2023-01-14,04:00:00,9,2,7,FMN GV 03 Hove
46,Statielei 16,2023-01-14,05:00:00,7,3,4,FMN GV 03 Hove
46,Statielei 16,2023-01-14,06:00:00,14,7,7,FMN GV 03 Hove
46,Statielei 16,2023-01-14,07:00:00,9,4,5,FMN GV 03 Hove
46,Statielei 16,2023-01-14,08:00:00,20,13,7,FMN GV 03 Hove
46,Statielei 16,2023-01-14,09:00:00,28,13,15,FMN GV 03 Hove
46,Statielei 16,2023-01-14,10:00:00,27,19,8,FMN GV 03 Hove
46,Statielei 16,2023-01-14,11:00:00,33,19,14,FMN GV 03 Hove
46,Statielei 16,2023-01-14,12:00:00,33,16,17,FMN GV 03 Hove
46,Statielei 16,2023-01-14,13:00:00,21,11,10,FMN GV 03 Hove
46,Statielei 16,2023-01-14,14:00:00,23,15,8,FMN GV 03 Hove
46,Statielei 16,2023-01-14,15:00:00,31,14,17,FMN GV 03 Hove
46,Statielei 16,2023-01-14,16:00:00,30,10,20,FMN GV 03 Hove
46,Statielei 16,2023-01-14,17:00:00,18,10,8,FMN GV 03 Hove
46,Statielei 16,2023-01-14,18:00:00,25,14,11,FMN GV 03 Hove
46,Statielei 16,2023-01-14,19:00:00,31,19,12,FMN GV 03 Hove
46,Statielei 16,2023-01-14,20:00:00,19,11,8,FMN GV 03 Hove
46,Statielei 16,2023-01-14,21:00:00,15,10,5,FMN GV 03 Hove
46,Statielei 16,2023-01-14,22:00:00,17,5,12,FMN GV 03 Hove
46,Statielei 16,2023-01-14,23:00:00,24,9,15,FMN GV 03 Hove
46,Statielei 16,2023-01-15,00:00:00,9,3,6,FMN GV 03 Hove
46,Statielei 16,2023-01-15,01:00:00,14,6,8,FMN GV 03 Hove
46,Statielei 16,2023-01-15,02:00:00,10,1,9,FMN GV 03 Hove
46,Statielei 16,2023-01-15,03:00:00,4,2,2,FMN GV 03 Hove
46,Statielei 16,2023-01-15,04:00:00,4,2,2,FMN GV 03 Hove
46,Statielei 16,2023-01-15,05:00:00,9,4,5,FMN GV 03 Hove
46,Statielei 16,2023-01-15,06:00:00,12,9,3,FMN GV 03 Hove
46,Statielei 16,2023-01-15,07:00:00,9,6,3,FMN GV 03 Hove
46,Statielei 16,2023-01-15,08:00:00,36,17,19,FMN GV 03 Hove
46,Statielei 16,2023-01-15,09:00:00,102,38,64,FMN GV 03 Hove
46,Statielei 16,2023-01-15,10:00:00,91,37,54,FMN GV 03 Hove
46,Statielei 16,2023-01-15,11:00:00,98,54,44,FMN GV 03 Hove
46,Statielei 16,2023-01-15,12:00:00,94,54,40,FMN GV 03 Hove
46,Statielei 16,2023-01-15,13:00:00,86,53,33,FMN GV 03 Hove
46,Statielei 16,2023-01-15,14:00:00,80,53,27,FMN GV 03 Hove
46,Statielei 16,2023-01-15,15:00:00,64,33,31,FMN GV 03 Hove
46,Statielei 16,2023-01-15,16:00:00,51,25,26,FMN GV 03 Hove
46,Statielei 16,2023-01-15,17:00:00,53,31,22,FMN GV 03 Hove
46,Statielei 16,2023-01-15,18:00:00,27,11,16,FMN GV 03 Hove
46,Statielei 16,2023-01-15,19:00:00,18,8,10,FMN GV 03 Hove
46,Statielei 16,2023-01-15,20:00:00,16,9,7,FMN GV 03 Hove
46,Statielei 16,2023-01-15,21:00:00,14,7,7,FMN GV 03 Hove
46,Statielei 16,2023-01-15,22:00:00,14,6,8,FMN GV 03 Hove
46,Statielei 16,2023-01-15,23:00:00,6,5,1,FMN GV 03 Hove
46,Statielei 16,2023-01-16,00:00:00,3,1,2,FMN GV 03 Hove
46,Statielei 16,2023-01-16,01:00:00,0,0,0,FMN GV 03 Hove
46,Statielei 16,2023-01-16,02:00:00,1,0,1,FMN GV 03 Hove
46,Statielei 16,2023-01-16,03:00:00,0,0,0,FMN GV 03 Hove
46,Statielei 16,2023-01-16,04:00:00,7,5,2,FMN GV 03 Hove
46,Statielei 16,2023-01-16,05:00:00,11,5,6,FMN GV 03 Hove
46,Statielei 16,2023-01-16,06:00:00,54,42,12,FMN GV 03 Hove
46,Statielei 16,2023-01-16,07:00:00,192,156,36,FMN GV 03 Hove
46,Statielei 16,2023-01-16,08:00:00,248,193,55,FMN GV 03 Hove
46,Statielei 16,2023-01-16,09:00:00,58,45,13,FMN GV 03 Hove
46,Statielei 16,2023-01-16,10:00:00,31,17,14,FMN GV 03 Hove
46,Statielei 16,2023-01-16,11:00:00,30,18,12,FMN GV 03 Hove
46,Statielei 16,2023-01-16,12:00:00,69,44,25,FMN GV 03 Hove
46,Statielei 16,2023-01-16,13:00:00,46,26,20,FMN GV 03 Hove
46,Statielei 16,2023-01-16,14:00:00,41,9,32,FMN GV 03 Hove
46,Statielei 16,2023-01-16,15:00:00,73,29,44,FMN GV 03 Hove
46,Statielei 16,2023-01-16,16:00:00,136,35,101,FMN GV 03 Hove
46,Statielei 16,2023-01-16,17:00:00,168,47,121,FMN GV 03 Hove
46,Statielei 16,2023-01-16,18:00:00,96,35,61,FMN GV 03 Hove
46,Statielei 16,2023-01-16,19:00:00,43,21,22,FMN GV 03 Hove
46,Statielei 16,2023-01-16,20:00:00,26,13,13,FMN GV 03 Hove
46,Statielei 16,2023-01-16,21:00:00,15,5,10,FMN GV 03 Hove
46,Statielei 16,2023-01-16,22:00:00,21,13,8,FMN GV 03 Hove
46,Statielei 16,2023-01-16,23:00:00,4,0,4,FMN GV 03 Hove
46,Statielei 16,2023-01-17,00:00:00,1,1,0,FMN GV 03 Hove
46,Statielei 16,2023-01-17,01:00:00,0,0,0,FMN GV 03 Hove
46,Statielei 16,2023-01-17,02:00:00,1,0,1,FMN GV 03 Hove
46,Statielei 16,2023-01-17,03:00:00,1,1,0,FMN GV 03 Hove
46,Statielei 16,2023-01-17,04:00:00,7,4,3,FMN GV 03 Hove
46,Statielei 16,2023-01-17,05:00:00,14,9,5,FMN GV 03 Hove
46,Statielei 16,2023-01-17,06:00:00,66,57,9,FMN GV 03 Hove
46,Statielei 16,2023-01-17,07:00:00,237,196,41,FMN GV 03 Hove
46,Statielei 16,2023-01-17,08:00:00,320,263,57,FMN GV 03 Hove
46,Statielei 16,2023-01-17,09:00:00,87,67,20,FMN GV 03 Hove
46,Statielei 16,2023-01-17,10:00:00,57,35,22,FMN GV 03 Hove
46,Statielei 16,2023-01-17,11:00:00,42,26,16,FMN GV 03 Hove
46,Statielei 16,2023-01-17,12:00:00,81,44,37,FMN GV 03 Hove
46,Statielei 16,2023-01-17,13:00:00,86,51,35,FMN GV 03 Hove
46,Statielei 16,2023-01-17,14:00:00,68,30,38,FMN GV 03 Hove
46,Statielei 16,2023-01-17,15:00:00,132,53,79,FMN GV 03 Hove
46,Statielei 16,2023-01-17,16:00:00,213,71,142,FMN GV 03 Hove
46,Statielei 16,2023-01-17,17:00:00,221,77,144,FMN GV 03 Hove
46,Statielei 16,2023-01-17,18:00:00,114,28,86,FMN GV 03 Hove
46,Statielei 16,2023-01-17,19:00:00,56,25,31,FMN GV 03 Hove
46,Statielei 16,2023-01-17,20:00:00,37,15,22,FMN GV 03 Hove
46,Statielei 16,2023-01-17,21:00:00,33,12,21,FMN GV 03 Hove
46,Statielei 16,2023-01-17,22:00:00,31,16,15,FMN GV 03 Hove
46,Statielei 16,2023-01-17,23:00:00,12,4,8,FMN GV 03 Hove
46,Statielei 16,2023-01-18,00:00:00,7,2,5,FMN GV 03 Hove
46,Statielei 16,2023-01-18,01:00:00,0,0,0,FMN GV 03 Hove
46,Statielei 16,2023-01-18,02:00:00,0,0,0,FMN GV 03 Hove
46,Statielei 16,2023-01-18,03:00:00,1,1,0,FMN GV 03 Hove
46,Statielei 16,2023-01-18,04:00:00,3,3,0,FMN GV 03 Hove
46,Statielei 16,2023-01-18,05:00:00,16,7,9,FMN GV 03 Hove
46,Statielei 16,2023-01-18,06:00:00,62,52,10,FMN GV 03 Hove
46,Statielei 16,2023-01-18,07:00:00,222,181,41,FMN GV 03 Hove
46,Statielei 16,2023-01-18,08:00:00,258,213,45,FMN GV 03 Hove
46,Statielei 16,2023-01-18,09:00:00,94,72,22,FMN GV 03 Hove
46,Statielei 16,2023-01-18,10:00:00,80,50,30,FMN GV 03 Hove
46,Statielei 16,2023-01-18,11:00:00,83,45,38,FMN GV 03 Hove
46,Statielei 16,2023-01-18,12:00:00,160,62,98,FMN GV 03 Hove
46,Statielei 16,2023-01-18,13:00:00,134,65,69,FMN GV 03 Hove
46,Statielei 16,2023-01-18,14:00:00,95,53,42,FMN GV 03 Hove
46,Statielei 16,2023-01-18,15:00:00,105,40,65,FMN GV 03 Hove
46,Statielei 16,2023-01-18,16:00:00,139,54,85,FMN GV 03 Hove
46,Statielei 16,2023-01-18,17:00:00,195,63,132,FMN GV 03 Hove
46,Statielei 16,2023-01-18,18:00:00,102,44,58,FMN GV 03 Hove
46,Statielei 16,2023-01-18,19:00:00,62,30,32,FMN GV 03 Hove
46,Statielei 16,2023-01-18,20:00:00,39,24,15,FMN GV 03 Hove
46,Statielei 16,2023-01-18,21:00:00,24,12,12,FMN GV 03 Hove
46,Statielei 16,2023-01-18,22:00:00,36,20,16,FMN GV 03 Hove
46,Statielei 16,2023-01-18,23:00:00,15,6,9,FMN GV 03 Hove
46,Statielei 16,2023-01-19,00:00:00,6,1,5,FMN GV 03 Hove
46,Statielei 16,2023-01-19,01:00:00,0,0,0,FMN GV 03 Hove
46,Statielei 16,2023-01-19,02:00:00,2,1,1,FMN GV 03 Hove
46,Statielei 16,2023-01-19,03:00:00,0,0,0,FMN GV 03 Hove
46,Statielei 16,2023-01-19,04:00:00,4,3,1,FMN GV 03 Hove
46,Statielei 16,2023-01-19,05:00:00,14,9,5,FMN GV 03 Hove
46,Statielei 16,2023-01-19,06:00:00,57,44,13,FMN GV 03 Hove
46,Statielei 16,2023-01-19,07:00:00,183,147,36,FMN GV 03 Hove
46,Statielei 16,2023-01-19,08:00:00,252,204,48,FMN GV 03 Hove
46,Statielei 16,2023-01-19,09:00:00,56,38,18,FMN GV 03 Hove
46,Statielei 16,2023-01-19,10:00:00,46,29,17,FMN GV 03 Hove
46,Statielei 16,2023-01-19,11:00:00,37,24,13,FMN GV 03 Hove
46,Statielei 16,2023-01-19,12:00:00,60,33,27,FMN GV 03 Hove
46,Statielei 16,2023-01-19,13:00:00,59,37,22,FMN GV 03 Hove
46,Statielei 16,2023-01-19,14:00:00,63,33,30,FMN GV 03 Hove
46,Statielei 16,2023-01-19,15:00:00,103,55,48,FMN GV 03 Hove
46,Statielei 16,2023-01-19,16:00:00,150,57,93,FMN GV 03 Hove
46,Statielei 16,2023-01-19,17:00:00,200,63,137,FMN GV 03 Hove
46,Statielei 16,2023-01-19,18:00:00,82,29,53,FMN GV 03 Hove
46,Statielei 16,2023-01-19,19:00:00,49,19,30,FMN GV 03 Hove
46,Statielei 16,2023-01-19,20:00:00,23,11,12,FMN GV 03 Hove
46,Statielei 16,2023-01-19,21:00:00,26,11,15,FMN GV 03 Hove
46,Statielei 16,2023-01-19,22:00:00,30,11,19,FMN GV 03 Hove
46,Statielei 16,2023-01-19,23:00:00,20,7,13,FMN GV 03 Hove
46,Statielei 16,2023-01-20,00:00:00,8,2,6,FMN GV 03 Hove
46,Statielei 16,2023-01-20,01:00:00,2,0,2,FMN GV 03 Hove
46,Statielei 16,2023-01-20,02:00:00,1,0,1,FMN GV 03 Hove
46,Statielei 16,2023-01-20,03:00:00,0,0,0,FMN GV 03 Hove
46,Statielei 16,2023-01-20,04:00:00,3,3,0,FMN GV 03 Hove
46,Statielei 16,2023-01-20,05:00:00,13,8,5,FMN GV 03 Hove
46,Statielei 16,2023-01-20,06:00:00,40,30,10,FMN GV 03 Hove
46,Statielei 16,2023-01-20,07:00:00,153,129,24,FMN GV 03 Hove
46,Statielei 16,2023-01-20,08:00:00,189,151,38,FMN GV 03 Hove
46,Statielei 16,2023-01-20,09:00:00,40,32,8,FMN GV 03 Hove
46,Statielei 16,2023-01-20,10:00:00,23,19,4,FMN GV 03 Hove
46,Statielei 16,2023-01-20,11:00:00,26,11,15,FMN GV 03 Hove
46,Statielei 16,2023-01-20,12:00:00,38,21,17,FMN GV 03 Hove
46,Statielei 16,2023-01-20,13:00:00,43,23,20,FMN GV 03 Hove
46,Statielei 16,2023-01-20,14:00:00,40,19,21,FMN GV 03 Hove
46,Statielei 16,2023-01-20,15:00:00,93,41,52,FMN GV 03 Hove
46,Statielei 16,2023-01-20,16:00:00,111,29,82,FMN GV 03 Hove
46,Statielei 16,2023-01-20,17:00:00,94,31,63,FMN GV 03 Hove
46,Statielei 16,2023-01-20,18:00:00,83,35,48,FMN GV 03 Hove
46,Statielei 16,2023-01-20,19:00:00,41,23,18,FMN GV 03 Hove
46,Statielei 16,2023-01-20,20:00:00,32,16,16,FMN GV 03 Hove
46,Statielei 16,2023-01-20,21:00:00,24,9,15,FMN GV 03 Hove
46,Statielei 16,2023-01-20,22:00:00,28,6,22,FMN GV 03 Hove
46,Statielei 16,2023-01-20,23:00:00,14,2,12,FMN GV 03 Hove
46,Statielei 16,2023-01-21,00:00:00,4,1,3,FMN GV 03 Hove
46,Statielei 16,2023-01-21,01:00:00,9,6,3,FMN GV 03 Hove
46,Statielei 16,2023-01-21,02:00:00,13,11,2,FMN GV 03 Hove
46,Statielei 16,2023-01-21,03:00:00,3,1,2,FMN GV 03 Hove
46,Statielei 16,2023-01-21,04:00:00,5,3,2,FMN GV 03 Hove
46,Statielei 16,2023-01-21,05:00:00,5,3,2,FMN GV 03 Hove
46,Statielei 16,2023-01-21,06:00:00,5,3,2,FMN GV 03 Hove
46,Statielei 16,2023-01-21,07:00:00,5,4,1,FMN GV 03 Hove
46,Statielei 16,2023-01-21,08:00:00,14,10,4,FMN GV 03 Hove
46,Statielei 16,2023-01-21,09:00:00,21,14,7,FMN GV 03 Hove
46,Statielei 16,2023-01-21,10:00:00,37,27,10,FMN GV 03 Hove
46,Statielei 16,2023-01-21,11:00:00,48,32,16,FMN GV 03 Hove
46,Statielei 16,2023-01-21,12:00:00,71,34,37,FMN GV 03 Hove
46,Statielei 16,2023-01-21,13:00:00,75,48,27,FMN GV 03 Hove
46,Statielei 16,2023-01-21,14:00:00,71,38,33,FMN GV 03 Hove
46,Statielei 16,2023-01-21,15:00:00,71,30,41,FMN GV 03 Hove
46,Statielei 16,2023-01-21,16:00:00,68,37,31,FMN GV 03 Hove
46,Statielei 16,2023-01-21,17:00:00,56,37,19,FMN GV 03 Hove
46,Statielei 16,2023-01-21,18:00:00,39,19,20,FMN GV 03 Hove
46,Statielei 16,2023-01-21,19:00:00,26,12,14,FMN GV 03 Hove
46,Statielei 16,2023-01-21,20:00:00,22,11,11,FMN GV 03 Hove
46,Statielei 16,2023-01-21,21:00:00,15,6,9,FMN GV 03 Hove
46,Statielei 16,2023-01-21,22:00:00,13,9,4,FMN GV 03 Hove
46,Statielei 16,2023-01-21,23:00:00,16,10,6,FMN GV 03 Hove
46,Statielei 16,2023-01-22,00:00:00,8,4,4,FMN GV 03 Hove
46,Statielei 16,2023-01-22,01:00:00,9,5,4,FMN GV 03 Hove
46,Statielei 16,2023-01-22,02:00:00,10,6,4,FMN GV 03 Hove
46,Statielei 16,2023-01-22,03:00:00,7,7,0,FMN GV 03 Hove
46,Statielei 16,2023-01-22,04:00:00,2,0,2,FMN GV 03 Hove
46,Statielei 16,2023-01-22,05:00:00,2,1,1,FMN GV 03 Hove
46,Statielei 16,2023-01-22,06:00:00,4,3,1,FMN GV 03 Hove
46,Statielei 16,2023-01-22,07:00:00,6,3,3,FMN GV 03 Hove
46,Statielei 16,2023-01-22,08:00:00,9,5,4,FMN GV 03 Hove
46,Statielei 16,2023-01-22,09:00:00,29,18,11,FMN GV 03 Hove
46,Statielei 16,2023-01-22,10:00:00,33,15,18,FMN GV 03 Hove
46,Statielei 16,2023-01-22,11:00:00,44,32,12,FMN GV 03 Hove
46,Statielei 16,2023-01-22,12:00:00,55,39,16,FMN GV 03 Hove
46,Statielei 16,2023-01-22,13:00:00,62,32,30,FMN GV 03 Hove
46,Statielei 16,2023-01-22,14:00:00,36,18,18,FMN GV 03 Hove
46,Statielei 16,2023-01-22,15:00:00,38,22,16,FMN GV 03 Hove
46,Statielei 16,2023-01-22,16:00:00,43,21,22,FMN GV 03 Hove
46,Statielei 16,2023-01-22,17:00:00,28,15,13,FMN GV 03 Hove
46,Statielei 16,2023-01-22,18:00:00,19,14,5,FMN GV 03 Hove
46,Statielei 16,2023-01-22,19:00:00,12,5,7,FMN GV 03 Hove
46,Statielei 16,2023-01-22,20:00:00,14,9,5,FMN GV 03 Hove
46,Statielei 16,2023-01-22,21:00:00,15,6,9,FMN GV 03 Hove
46,Statielei 16,2023-01-22,22:00:00,7,4,3,FMN GV 03 Hove
46,Statielei 16,2023-01-22,23:00:00,7,3,4,FMN GV 03 Hove
46,Statielei 16,2023-01-23,00:00:00,1,0,1,FMN GV 03 Hove
46,Statielei 16,2023-01-23,01:00:00,0,0,0,FMN GV 03 Hove
46,Statielei 16,2023-01-23,02:00:00,0,0,0,FMN GV 03 Hove
46,Statielei 16,2023-01-23,03:00:00,0,0,0,FMN GV 03 Hove
46,Statielei 16,2023-01-23,04:00:00,6,5,1,FMN GV 03 Hove
46,Statielei 16,2023-01-23,05:00:00,18,13,5,FMN GV 03 Hove
46,Statielei 16,2023-01-23,06:00:00,73,59,14,FMN GV 03 Hove
46,Statielei 16,2023-01-23,07:00:00,250,204,46,FMN GV 03 Hove
46,Statielei 16,2023-01-23,08:00:00,311,247,64,FMN GV 03 Hove
46,Statielei 16,2023-01-23,09:00:00,71,56,15,FMN GV 03 Hove
46,Statielei 16,2023-01-23,10:00:00,66,44,22,FMN GV 03 Hove
46,Statielei 16,2023-01-23,11:00:00,56,37,19,FMN GV 03 Hove
46,Statielei 16,2023-01-23,12:00:00,79,43,36,FMN GV 03 Hove
46,Statielei 16,2023-01-23,13:00:00,78,51,27,FMN GV 03 Hove
46,Statielei 16,2023-01-23,14:00:00,62,32,30,FMN GV 03 Hove
46,Statielei 16,2023-01-23,15:00:00,106,41,65,FMN GV 03 Hove
46,Statielei 16,2023-01-23,16:00:00,205,63,142,FMN GV 03 Hove
46,Statielei 16,2023-01-23,17:00:00,247,80,167,FMN GV 03 Hove
46,Statielei 16,2023-01-23,18:00:00,156,59,97,FMN GV 03 Hove
46,Statielei 16,2023-01-23,19:00:00,51,21,30,FMN GV 03 Hove
46,Statielei 16,2023-01-23,20:00:00,39,19,20,FMN GV 03 Hove
46,Statielei 16,2023-01-23,21:00:00,23,10,13,FMN GV 03 Hove
46,Statielei 16,2023-01-23,22:00:00,33,10,23,FMN GV 03 Hove
46,Statielei 16,2023-01-23,23:00:00,8,1,7,FMN GV 03 Hove
46,Statielei 16,2023-01-24,00:00:00,0,0,0,FMN GV 03 Hove
46,Statielei 16,2023-01-24,01:00:00,0,0,0,FMN GV 03 Hove
46,Statielei 16,2023-01-24,02:00:00,1,0,1,FMN GV 03 Hove
46,Statielei 16,2023-01-24,03:00:00,0,0,0,FMN GV 03 Hove
46,Statielei 16,2023-01-24,04:00:00,7,6,1,FMN GV 03 Hove
46,Statielei 16,2023-01-24,05:00:00,18,14,4,FMN GV 03 Hove
46,Statielei 16,2023-01-24,06:00:00,84,63,21,FMN GV 03 Hove
46,Statielei 16,2023-01-24,07:00:00,278,223,55,FMN GV 03 Hove
46,Statielei 16,2023-01-24,08:00:00,391,316,75,FMN GV 03 Hove
46,Statielei 16,2023-01-24,09:00:00,85,62,23,FMN GV 03 Hove
46,Statielei 16,2023-01-24,10:00:00,54,38,16,FMN GV 03 Hove
46,Statielei 16,2023-01-24,11:00:00,64,39,25,FMN GV 03 Hove
46,Statielei 16,2023-01-24,12:00:00,88,50,38,FMN GV 03 Hove
46,Statielei 16,2023-01-24,13:00:00,94,43,51,FMN GV 03 Hove
46,Statielei 16,2023-01-24,14:00:00,79,35,44,FMN GV 03 Hove
46,Statielei 16,2023-01-24,15:00:00,126,61,65,FMN GV 03 Hove
46,Statielei 16,2023-01-24,16:00:00,233,76,157,FMN GV 03 Hove
46,Statielei 16,2023-01-24,17:00:00,258,80,178,FMN GV 03 Hove
46,Statielei 16,2023-01-24,18:00:00,160,56,104,FMN GV 03 Hove
46,Statielei 16,2023-01-24,19:00:00,80,37,43,FMN GV 03 Hove
46,Statielei 16,2023-01-24,20:00:00,60,34,26,FMN GV 03 Hove
46,Statielei 16,2023-01-24,21:00:00,42,19,23,FMN GV 03 Hove
46,Statielei 16,2023-01-24,22:00:00,40,22,18,FMN GV 03 Hove
46,Statielei 16,2023-01-24,23:00:00,22,10,12,FMN GV 03 Hove
46,Statielei 16,2023-01-25,00:00:00,6,2,4,FMN GV 03 Hove
46,Statielei 16,2023-01-25,01:00:00,1,1,0,FMN GV 03 Hove
46,Statielei 16,2023-01-25,02:00:00,1,0,1,FMN GV 03 Hove
46,Statielei 16,2023-01-25,03:00:00,0,0,0,FMN GV 03 Hove
46,Statielei 16,2023-01-25,04:00:00,6,4,2,FMN GV 03 Hove
46,Statielei 16,2023-01-25,05:00:00,19,12,7,FMN GV 03 Hove
46,Statielei 16,2023-01-25,06:00:00,71,58,13,FMN GV 03 Hove
46,Statielei 16,2023-01-25,07:00:00,243,198,45,FMN GV 03 Hove
46,Statielei 16,2023-01-25,08:00:00,270,223,47,FMN GV 03 Hove
46,Statielei 16,2023-01-25,09:00:00,106,82,24,FMN GV 03 Hove
46,Statielei 16,2023-01-25,10:00:00,78,46,32,FMN GV 03 Hove
46,Statielei 16,2023-01-25,11:00:00,68,37,31,FMN GV 03 Hove
46,Statielei 16,2023-01-25,12:00:00,142,57,85,FMN GV 03 Hove
46,Statielei 16,2023-01-25,13:00:00,102,44,58,FMN GV 03 Hove
46,Statielei 16,2023-01-25,14:00:00,60,31,29,FMN GV 03 Hove
46,Statielei 16,2023-01-25,15:00:00,83,42,41,FMN GV 03 Hove
46,Statielei 16,2023-01-25,16:00:00,144,44,100,FMN GV 03 Hove
46,Statielei 16,2023-01-25,17:00:00,187,59,128,FMN GV 03 Hove
46,Statielei 16,2023-01-25,18:00:00,113,50,63,FMN GV 03 Hove
46,Statielei 16,2023-01-25,19:00:00,59,25,34,FMN GV 03 Hove
46,Statielei 16,2023-01-25,20:00:00,39,25,14,FMN GV 03 Hove
46,Statielei 16,2023-01-25,21:00:00,31,16,15,FMN GV 03 Hove
46,Statielei 16,2023-01-25,22:00:00,28,15,13,FMN GV 03 Hove
46,Statielei 16,2023-01-25,23:00:00,15,11,4,FMN GV 03 Hove
46,Statielei 16,2023-01-26,00:00:00,6,2,4,FMN GV 03 Hove
46,Statielei 16,2023-01-26,01:00:00,1,0,1,FMN GV 03 Hove
46,Statielei 16,2023-01-26,02:00:00,4,2,2,FMN GV 03 Hove
46,Statielei 16,2023-01-26,03:00:00,1,1,0,FMN GV 03 Hove
46,Statielei 16,2023-01-26,04:00:00,9,6,3,FMN GV 03 Hove
46,Statielei 16,2023-01-26,05:00:00,12,5,7,FMN GV 03 Hove
46,Statielei 16,2023-01-26,06:00:00,70,54,16,FMN GV 03 Hove
46,Statielei 16,2023-01-26,07:00:00,226,183,43,FMN GV 03 Hove
46,Statielei 16,2023-01-26,08:00:00,283,222,61,FMN GV 03 Hove
46,Statielei 16,2023-01-26,09:00:00,59,44,15,FMN GV 03 Hove
46,Statielei 16,2023-01-26,10:00:00,26,16,10,FMN GV 03 Hove
46,Statielei 16,2023-01-26,11:00:00,34,18,16,FMN GV 03 Hove
46,Statielei 16,2023-01-26,12:00:00,72,44,28,FMN GV 03 Hove
46,Statielei 16,2023-01-26,13:00:00,75,38,37,FMN GV 03 Hove
46,Statielei 16,2023-01-26,14:00:00,80,43,37,FMN GV 03 Hove
46,Statielei 16,2023-01-26,15:00:00,107,40,67,FMN GV 03 Hove
46,Statielei 16,2023-01-26,16:00:00,200,81,119,FMN GV 03 Hove
46,Statielei 16,2023-01-26,17:00:00,219,80,139,FMN GV 03 Hove
46,Statielei 16,2023-01-26,18:00:00,123,43,80,FMN GV 03 Hove
46,Statielei 16,2023-01-26,19:00:00,66,30,36,FMN GV 03 Hove
46,Statielei 16,2023-01-26,20:00:00,41,23,18,FMN GV 03 Hove
46,Statielei 16,2023-01-26,21:00:00,32,17,15,FMN GV 03 Hove
46,Statielei 16,2023-01-26,22:00:00,32,16,16,FMN GV 03 Hove
46,Statielei 16,2023-01-26,23:00:00,18,9,9,FMN GV 03 Hove
46,Statielei 16,2023-01-27,00:00:00,14,3,11,FMN GV 03 Hove
46,Statielei 16,2023-01-27,01:00:00,3,1,2,FMN GV 03 Hove
46,Statielei 16,2023-01-27,02:00:00,6,0,6,FMN GV 03 Hove
46,Statielei 16,2023-01-27,03:00:00,1,1,0,FMN GV 03 Hove
46,Statielei 16,2023-01-27,04:00:00,12,7,5,FMN GV 03 Hove
46,Statielei 16,2023-01-27,05:00:00,28,20,8,FMN GV 03 Hove
46,Statielei 16,2023-01-27,06:00:00,77,60,17,FMN GV 03 Hove
46,Statielei 16,2023-01-27,07:00:00,228,180,48,FMN GV 03 Hove
46,Statielei 16,2023-01-27,08:00:00,277,209,68,FMN GV 03 Hove
46,Statielei 16,2023-01-27,09:00:00,85,62,23,FMN GV 03 Hove
46,Statielei 16,2023-01-27,10:00:00,52,35,17,FMN GV 03 Hove
46,Statielei 16,2023-01-27,11:00:00,46,27,19,FMN GV 03 Hove
46,Statielei 16,2023-01-27,12:00:00,87,47,40,FMN GV 03 Hove
46,Statielei 16,2023-01-27,13:00:00,85,44,41,FMN GV 03 Hove
46,Statielei 16,2023-01-27,14:00:00,73,38,35,FMN GV 03 Hove
46,Statielei 16,2023-01-27,15:00:00,138,58,80,FMN GV 03 Hove
46,Statielei 16,2023-01-27,16:00:00,205,75,130,FMN GV 03 Hove
46,Statielei 16,2023-01-27,17:00:00,178,70,108,FMN GV 03 Hove
46,Statielei 16,2023-01-27,18:00:00,141,68,73,FMN GV 03 Hove
46,Statielei 16,2023-01-27,19:00:00,82,43,39,FMN GV 03 Hove
46,Statielei 16,2023-01-27,20:00:00,54,34,20,FMN GV 03 Hove
46,Statielei 16,2023-01-27,21:00:00,42,23,19,FMN GV 03 Hove
46,Statielei 16,2023-01-27,22:00:00,59,30,29,FMN GV 03 Hove
46,Statielei 16,2023-01-27,23:00:00,31,9,22,FMN GV 03 Hove
46,Statielei 16,2023-01-28,00:00:00,21,4,17,FMN GV 03 Hove
46,Statielei 16,2023-01-28,01:00:00,30,15,15,FMN GV 03 Hove
46,Statielei 16,2023-01-28,02:00:00,22,9,13,FMN GV 03 Hove
46,Statielei 16,2023-01-28,03:00:00,20,4,16,FMN GV 03 Hove
46,Statielei 16,2023-01-28,04:00:00,8,5,3,FMN GV 03 Hove
46,Statielei 16,2023-01-28,05:00:00,11,6,5,FMN GV 03 Hove
46,Statielei 16,2023-01-28,06:00:00,11,9,2,FMN GV 03 Hove
46,Statielei 16,2023-01-28,07:00:00,15,6,9,FMN GV 03 Hove
46,Statielei 16,2023-01-28,08:00:00,45,24,21,FMN GV 03 Hove
46,Statielei 16,2023-01-28,09:00:00,53,30,23,FMN GV 03 Hove
46,Statielei 16,2023-01-28,10:00:00,65,43,22,FMN GV 03 Hove
46,Statielei 16,2023-01-28,11:00:00,54,34,20,FMN GV 03 Hove
46,Statielei 16,2023-01-28,12:00:00,63,35,28,FMN GV 03 Hove
46,Statielei 16,2023-01-28,13:00:00,97,55,42,FMN GV 03 Hove
46,Statielei 16,2023-01-28,14:00:00,110,60,50,FMN GV 03 Hove
46,Statielei 16,2023-01-28,15:00:00,92,55,37,FMN GV 03 Hove
46,Statielei 16,2023-01-28,16:00:00,91,55,36,FMN GV 03 Hove
46,Statielei 16,2023-01-28,17:00:00,76,36,40,FMN GV 03 Hove
46,Statielei 16,2023-01-28,18:00:00,61,42,19,FMN GV 03 Hove
46,Statielei 16,2023-01-28,19:00:00,43,27,16,FMN GV 03 Hove
46,Statielei 16,2023-01-28,20:00:00,24,10,14,FMN GV 03 Hove
46,Statielei 16,2023-01-28,21:00:00,36,23,13,FMN GV 03 Hove
46,Statielei 16,2023-01-28,22:00:00,24,12,12,FMN GV 03 Hove
46,Statielei 16,2023-01-28,23:00:00,22,16,6,FMN GV 03 Hove
46,Statielei 16,2023-01-29,00:00:00,13,3,10,FMN GV 03 Hove
46,Statielei 16,2023-01-29,01:00:00,13,9,4,FMN GV 03 Hove
46,Statielei 16,2023-01-29,02:00:00,10,4,6,FMN GV 03 Hove
46,Statielei 16,2023-01-29,03:00:00,6,1,5,FMN GV 03 Hove
46,Statielei 16,2023-01-29,04:00:00,6,1,5,FMN GV 03 Hove
46,Statielei 16,2023-01-29,05:00:00,3,1,2,FMN GV 03 Hove
46,Statielei 16,2023-01-29,06:00:00,8,6,2,FMN GV 03 Hove
46,Statielei 16,2023-01-29,07:00:00,9,3,6,FMN GV 03 Hove
46,Statielei 16,2023-01-29,08:00:00,16,8,8,FMN GV 03 Hove
46,Statielei 16,2023-01-29,09:00:00,65,27,38,FMN GV 03 Hove
46,Statielei 16,2023-01-29,10:00:00,58,22,36,FMN GV 03 Hove
46,Statielei 16,2023-01-29,11:00:00,77,46,31,FMN GV 03 Hove
46,Statielei 16,2023-01-29,12:00:00,76,43,33,FMN GV 03 Hove
46,Statielei 16,2023-01-29,13:00:00,78,46,32,FMN GV 03 Hove
46,Statielei 16,2023-01-29,14:00:00,79,42,37,FMN GV 03 Hove
46,Statielei 16,2023-01-29,15:00:00,55,34,21,FMN GV 03 Hove
46,Statielei 16,2023-01-29,16:00:00,56,32,24,FMN GV 03 Hove
46,Statielei 16,2023-01-29,17:00:00,67,43,24,FMN GV 03 Hove
46,Statielei 16,2023-01-29,18:00:00,38,23,15,FMN GV 03 Hove
46,Statielei 16,2023-01-29,19:00:00,25,18,7,FMN GV 03 Hove
46,Statielei 16,2023-01-29,20:00:00,16,10,6,FMN GV 03 Hove
46,Statielei 16,2023-01-29,21:00:00,25,14,11,FMN GV 03 Hove
46,Statielei 16,2023-01-29,22:00:00,11,3,8,FMN GV 03 Hove
46,Statielei 16,2023-01-29,23:00:00,7,7,0,FMN GV 03 Hove
46,Statielei 16,2023-01-30,00:00:00,6,1,5,FMN GV 03 Hove
46,Statielei 16,2023-01-30,01:00:00,1,0,1,FMN GV 03 Hove
46,Statielei 16,2023-01-30,02:00:00,1,0,1,FMN GV 03 Hove
46,Statielei 16,2023-01-30,03:00:00,1,1,0,FMN GV 03 Hove
46,Statielei 16,2023-01-30,04:00:00,10,7,3,FMN GV 03 Hove
46,Statielei 16,2023-01-30,05:00:00,17,10,7,FMN GV 03 Hove
46,Statielei 16,2023-01-30,06:00:00,83,56,27,FMN GV 03 Hove
46,Statielei 16,2023-01-30,07:00:00,253,200,53,FMN GV 03 Hove
46,Statielei 16,2023-01-30,08:00:00,364,296,68,FMN GV 03 Hove
46,Statielei 16,2023-01-30,09:00:00,96,73,23,FMN GV 03 Hove
46,Statielei 16,2023-01-30,10:00:00,60,40,20,FMN GV 03 Hove
46,Statielei 16,2023-01-30,11:00:00,70,43,27,FMN GV 03 Hove
46,Statielei 16,2023-01-30,12:00:00,97,51,46,FMN GV 03 Hove
46,Statielei 16,2023-01-30,13:00:00,92,50,42,FMN GV 03 Hove
46,Statielei 16,2023-01-30,14:00:00,93,50,43,FMN GV 03 Hove
46,Statielei 16,2023-01-30,15:00:00,126,53,73,FMN GV 03 Hove
46,Statielei 16,2023-01-30,16:00:00,229,59,170,FMN GV 03 Hove
46,Statielei 16,2023-01-30,17:00:00,243,81,162,FMN GV 03 Hove
46,Statielei 16,2023-01-30,18:00:00,144,57,87,FMN GV 03 Hove
46,Statielei 16,2023-01-30,19:00:00,68,33,35,FMN GV 03 Hove
46,Statielei 16,2023-01-30,20:00:00,46,22,24,FMN GV 03 Hove
46,Statielei 16,2023-01-30,21:00:00,32,14,18,FMN GV 03 Hove
46,Statielei 16,2023-01-30,22:00:00,25,8,17,FMN GV 03 Hove
46,Statielei 16,2023-01-30,23:00:00,10,5,5,FMN GV 03 Hove
46,Statielei 16,2023-01-31,00:00:00,4,0,4,FMN GV 03 Hove
46,Statielei 16,2023-01-31,01:00:00,1,0,1,FMN GV 03 Hove
46,Statielei 16,2023-01-31,02:00:00,2,1,1,FMN GV 03 Hove
46,Statielei 16,2023-01-31,03:00:00,3,0,3,FMN GV 03 Hove
46,Statielei 16,2023-01-31,04:00:00,9,8,1,FMN GV 03 Hove
46,Statielei 16,2023-01-31,05:00:00,18,11,7,FMN GV 03 Hove
46,Statielei 16,2023-01-31,06:00:00,97,70,27,FMN GV 03 Hove
46,Statielei 16,2023-01-31,07:00:00,307,252,55,FMN GV 03 Hove
46,Statielei 16,2023-01-31,08:00:00,382,317,65,FMN GV 03 Hove
46,Statielei 16,2023-01-31,09:00:00,103,75,28,FMN GV 03 Hove
46,Statielei 16,2023-01-31,10:00:00,57,36,21,FMN GV 03 Hove
46,Statielei 16,2023-01-31,11:00:00,54,29,25,FMN GV 03 Hove
46,Statielei 16,2023-01-31,12:00:00,74,38,36,FMN GV 03 Hove
46,Statielei 16,2023-01-31,13:00:00,80,43,37,FMN GV 03 Hove
46,Statielei 16,2023-01-31,14:00:00,74,34,40,FMN GV 03 Hove
46,Statielei 16,2023-01-31,15:00:00,122,49,73,FMN GV 03 Hove
46,Statielei 16,2023-01-31,16:00:00,262,76,186,FMN GV 03 Hove
46,Statielei 16,2023-01-31,17:00:00,274,69,205,FMN GV 03 Hove
46,Statielei 16,2023-01-31,18:00:00,173,60,113,FMN GV 03 Hove
46,Statielei 16,2023-01-31,19:00:00,78,33,45,FMN GV 03 Hove
46,Statielei 16,2023-01-31,20:00:00,46,19,27,FMN GV 03 Hove
46,Statielei 16,2023-01-31,21:00:00,35,17,18,FMN GV 03 Hove
46,Statielei 16,2023-01-31,22:00:00,43,20,23,FMN GV 03 Hove
46,Statielei 16,2023-01-31,23:00:00,20,10,10,FMN GV 03 Hove
46,Statielei 16,2023-02-01,00:00:00,6,1,5,FMN GV 03 Hove
46,Statielei 16,2023-02-01,01:00:00,2,0,2,FMN GV 03 Hove
46,Statielei 16,2023-02-01,02:00:00,1,1,0,FMN GV 03 Hove
46,Statielei 16,2023-02-01,03:00:00,1,0,1,FMN GV 03 Hove
46,Statielei 16,2023-02-01,04:00:00,11,8,3,FMN GV 03 Hove
46,Statielei 16,2023-02-01,05:00:00,20,10,10,FMN GV 03 Hove
46,Statielei 16,2023-02-01,06:00:00,77,62,15,FMN GV 03 Hove
46,Statielei 16,2023-02-01,07:00:00,265,213,52,FMN GV 03 Hove
46,Statielei 16,2023-02-01,08:00:00,309,253,56,FMN GV 03 Hove
46,Statielei 16,2023-02-01,09:00:00,113,77,36,FMN GV 03 Hove
46,Statielei 16,2023-02-01,10:00:00,92,53,39,FMN GV 03 Hove
46,Statielei 16,2023-02-01,11:00:00,94,49,45,FMN GV 03 Hove
46,Statielei 16,2023-02-01,12:00:00,198,81,117,FMN GV 03 Hove
46,Statielei 16,2023-02-01,13:00:00,118,51,67,FMN GV 03 Hove
46,Statielei 16,2023-02-01,14:00:00,91,47,44,FMN GV 03 Hove
46,Statielei 16,2023-02-01,15:00:00,112,49,63,FMN GV 03 Hove
46,Statielei 16,2023-02-01,16:00:00,173,64,109,FMN GV 03 Hove
46,Statielei 16,2023-02-01,17:00:00,236,75,161,FMN GV 03 Hove
46,Statielei 16,2023-02-01,18:00:00,143,72,71,FMN GV 03 Hove
46,Statielei 16,2023-02-01,19:00:00,48,23,25,FMN GV 03 Hove
46,Statielei 16,2023-02-01,20:00:00,37,18,19,FMN GV 03 Hove
46,Statielei 16,2023-02-01,21:00:00,27,12,15,FMN GV 03 Hove
46,Statielei 16,2023-02-01,22:00:00,33,14,19,FMN GV 03 Hove
46,Statielei 16,2023-02-01,23:00:00,13,6,7,FMN GV 03 Hove
46,Statielei 16,2023-02-02,00:00:00,9,2,7,FMN GV 03 Hove
46,Statielei 16,2023-02-02,01:00:00,3,0,3,FMN GV 03 Hove
46,Statielei 16,2023-02-02,02:00:00,6,1,5,FMN GV 03 Hove
46,Statielei 16,2023-02-02,03:00:00,5,4,1,FMN GV 03 Hove
46,Statielei 16,2023-02-02,04:00:00,18,12,6,FMN GV 03 Hove
46,Statielei 16,2023-02-02,05:00:00,31,17,14,FMN GV 03 Hove
46,Statielei 16,2023-02-02,06:00:00,87,63,24,FMN GV 03 Hove
46,Statielei 16,2023-02-02,07:00:00,307,234,73,FMN GV 03 Hove
46,Statielei 16,2023-02-02,08:00:00,363,295,68,FMN GV 03 Hove
46,Statielei 16,2023-02-02,09:00:00,89,65,24,FMN GV 03 Hove
46,Statielei 16,2023-02-02,10:00:00,56,32,24,FMN GV 03 Hove
46,Statielei 16,2023-02-02,11:00:00,54,30,24,FMN GV 03 Hove
46,Statielei 16,2023-02-02,12:00:00,106,61,45,FMN GV 03 Hove
46,Statielei 16,2023-02-02,13:00:00,74,41,33,FMN GV 03 Hove
46,Statielei 16,2023-02-02,14:00:00,80,39,41,FMN GV 03 Hove
46,Statielei 16,2023-02-02,15:00:00,145,63,82,FMN GV 03 Hove
46,Statielei 16,2023-02-02,16:00:00,238,75,163,FMN GV 03 Hove
46,Statielei 16,2023-02-02,17:00:00,287,97,190,FMN GV 03 Hove
46,Statielei 16,2023-02-02,18:00:00,176,59,117,FMN GV 03 Hove
46,Statielei 16,2023-02-02,19:00:00,75,36,39,FMN GV 03 Hove
46,Statielei 16,2023-02-02,20:00:00,61,36,25,FMN GV 03 Hove
46,Statielei 16,2023-02-02,21:00:00,45,20,25,FMN GV 03 Hove
46,Statielei 16,2023-02-02,22:00:00,50,25,25,FMN GV 03 Hove
46,Statielei 16,2023-02-02,23:00:00,32,15,17,FMN GV 03 Hove
46,Statielei 16,2023-02-03,00:00:00,11,1,10,FMN GV 03 Hove
46,Statielei 16,2023-02-03,01:00:00,4,2,2,FMN GV 03 Hove
46,Statielei 16,2023-02-03,02:00:00,1,0,1,FMN GV 03 Hove
46,Statielei 16,2023-02-03,03:00:00,4,1,3,FMN GV 03 Hove
46,Statielei 16,2023-02-03,04:00:00,11,7,4,FMN GV 03 Hove
46,Statielei 16,2023-02-03,05:00:00,19,12,7,FMN GV 03 Hove
46,Statielei 16,2023-02-03,06:00:00,84,65,19,FMN GV 03 Hove
46,Statielei 16,2023-02-03,07:00:00,245,196,49,FMN GV 03 Hove
46,Statielei 16,2023-02-03,08:00:00,293,233,60,FMN GV 03 Hove
46,Statielei 16,2023-02-03,09:00:00,100,77,23,FMN GV 03 Hove
46,Statielei 16,2023-02-03,10:00:00,57,34,23,FMN GV 03 Hove
46,Statielei 16,2023-02-03,11:00:00,60,36,24,FMN GV 03 Hove
46,Statielei 16,2023-02-03,12:00:00,102,55,47,FMN GV 03 Hove
46,Statielei 16,2023-02-03,13:00:00,110,54,56,FMN GV 03 Hove
46,Statielei 16,2023-02-03,14:00:00,82,32,50,FMN GV 03 Hove
46,Statielei 16,2023-02-03,15:00:00,179,67,112,FMN GV 03 Hove
46,Statielei 16,2023-02-03,16:00:00,208,82,126,FMN GV 03 Hove
46,Statielei 16,2023-02-03,17:00:00,245,74,171,FMN GV 03 Hove
46,Statielei 16,2023-02-03,18:00:00,148,54,94,FMN GV 03 Hove
46,Statielei 16,2023-02-03,19:00:00,81,45,36,FMN GV 03 Hove
46,Statielei 16,2023-02-03,20:00:00,36,17,19,FMN GV 03 Hove
46,Statielei 16,2023-02-03,21:00:00,36,18,18,FMN GV 03 Hove
46,Statielei 16,2023-02-03,22:00:00,27,12,15,FMN GV 03 Hove
46,Statielei 16,2023-02-03,23:00:00,40,15,25,FMN GV 03 Hove
46,Statielei 16,2023-02-04,00:00:00,30,9,21,FMN GV 03 Hove
46,Statielei 16,2023-02-04,01:00:00,15,8,7,FMN GV 03 Hove
46,Statielei 16,2023-02-04,02:00:00,11,5,6,FMN GV 03 Hove
46,Statielei 16,2023-02-04,03:00:00,8,2,6,FMN GV 03 Hove
46,Statielei 16,2023-02-04,04:00:00,8,2,6,FMN GV 03 Hove
46,Statielei 16,2023-02-04,05:00:00,6,3,3,FMN GV 03 Hove
46,Statielei 16,2023-02-04,06:00:00,21,12,9,FMN GV 03 Hove
46,Statielei 16,2023-02-04,07:00:00,10,7,3,FMN GV 03 Hove
46,Statielei 16,2023-02-04,08:00:00,37,21,16,FMN GV 03 Hove
46,Statielei 16,2023-02-04,09:00:00,64,33,31,FMN GV 03 Hove
46,Statielei 16,2023-02-04,10:00:00,66,39,27,FMN GV 03 Hove
46,Statielei 16,2023-02-04,11:00:00,69,38,31,FMN GV 03 Hove
46,Statielei 16,2023-02-04,12:00:00,62,37,25,FMN GV 03 Hove
46,Statielei 16,2023-02-04,13:00:00,80,44,36,FMN GV 03 Hove
46,Statielei 16,2023-02-04,14:00:00,91,46,45,FMN GV 03 Hove
46,Statielei 16,2023-02-04,15:00:00,65,34,31,FMN GV 03 Hove
46,Statielei 16,2023-02-04,16:00:00,78,41,37,FMN GV 03 Hove
46,Statielei 16,2023-02-04,17:00:00,96,53,43,FMN GV 03 Hove
46,Statielei 16,2023-02-04,18:00:00,51,29,22,FMN GV 03 Hove
46,Statielei 16,2023-02-04,19:00:00,54,28,26,FMN GV 03 Hove
46,Statielei 16,2023-02-04,20:00:00,22,13,9,FMN GV 03 Hove
46,Statielei 16,2023-02-04,21:00:00,33,9,24,FMN GV 03 Hove
46,Statielei 16,2023-02-04,22:00:00,23,11,12,FMN GV 03 Hove
46,Statielei 16,2023-02-04,23:00:00,19,10,9,FMN GV 03 Hove
46,Statielei 16,2023-02-05,00:00:00,19,10,9,FMN GV 03 Hove
46,Statielei 16,2023-02-05,01:00:00,19,12,7,FMN GV 03 Hove
46,Statielei 16,2023-02-05,02:00:00,5,1,4,FMN GV 03 Hove
46,Statielei 16,2023-02-05,03:00:00,8,4,4,FMN GV 03 Hove
46,Statielei 16,2023-02-05,04:00:00,3,1,2,FMN GV 03 Hove
46,Statielei 16,2023-02-05,05:00:00,4,2,2,FMN GV 03 Hove
46,Statielei 16,2023-02-05,06:00:00,4,4,0,FMN GV 03 Hove
46,Statielei 16,2023-02-05,07:00:00,9,4,5,FMN GV 03 Hove
46,Statielei 16,2023-02-05,08:00:00,17,7,10,FMN GV 03 Hove
46,Statielei 16,2023-02-05,09:00:00,64,34,30,FMN GV 03 Hove
46,Statielei 16,2023-02-05,10:00:00,79,39,40,FMN GV 03 Hove
46,Statielei 16,2023-02-05,11:00:00,94,47,47,FMN GV 03 Hove
46,Statielei 16,2023-02-05,12:00:00,108,74,34,FMN GV 03 Hove
46,Statielei 16,2023-02-05,13:00:00,92,46,46,FMN GV 03 Hove
46,Statielei 16,2023-02-05,14:00:00,116,72,44,FMN GV 03 Hove
46,Statielei 16,2023-02-05,15:00:00,62,25,37,FMN GV 03 Hove
46,Statielei 16,2023-02-05,16:00:00,79,43,36,FMN GV 03 Hove
46,Statielei 16,2023-02-05,17:00:00,76,50,26,FMN GV 03 Hove
46,Statielei 16,2023-02-05,18:00:00,43,19,24,FMN GV 03 Hove
46,Statielei 16,2023-02-05,19:00:00,31,12,19,FMN GV 03 Hove
46,Statielei 16,2023-02-05,20:00:00,21,11,10,FMN GV 03 Hove
46,Statielei 16,2023-02-05,21:00:00,16,13,3,FMN GV 03 Hove
46,Statielei 16,2023-02-05,22:00:00,10,3,7,FMN GV 03 Hove
46,Statielei 16,2023-02-05,23:00:00,5,3,2,FMN GV 03 Hove
46,Statielei 16,2023-02-06,00:00:00,1,0,1,FMN GV 03 Hove
46,Statielei 16,2023-02-06,01:00:00,1,0,1,FMN GV 03 Hove
46,Statielei 16,2023-02-06,02:00:00,2,0,2,FMN GV 03 Hove
46,Statielei 16,2023-02-06,03:00:00,0,0,0,FMN GV 03 Hove
46,Statielei 16,2023-02-06,04:00:00,11,6,5,FMN GV 03 Hove
46,Statielei 16,2023-02-06,05:00:00,18,12,6,FMN GV 03 Hove
46,Statielei 16,2023-02-06,06:00:00,88,58,30,FMN GV 03 Hove
46,Statielei 16,2023-02-06,07:00:00,277,231,46,FMN GV 03 Hove
46,Statielei 16,2023-02-06,08:00:00,369,298,71,FMN GV 03 Hove
46,Statielei 16,2023-02-06,09:00:00,84,70,14,FMN GV 03 Hove
46,Statielei 16,2023-02-06,10:00:00,58,41,17,FMN GV 03 Hove
46,Statielei 16,2023-02-06,11:00:00,59,35,24,FMN GV 03 Hove
46,Statielei 16,2023-02-06,12:00:00,103,55,48,FMN GV 03 Hove
46,Statielei 16,2023-02-06,13:00:00,95,49,46,FMN GV 03 Hove
46,Statielei 16,2023-02-06,14:00:00,99,53,46,FMN GV 03 Hove
46,Statielei 16,2023-02-06,15:00:00,155,69,86,FMN GV 03 Hove
46,Statielei 16,2023-02-06,16:00:00,273,96,177,FMN GV 03 Hove
46,Statielei 16,2023-02-06,17:00:00,300,92,208,FMN GV 03 Hove
46,Statielei 16,2023-02-06,18:00:00,157,49,108,FMN GV 03 Hove
46,Statielei 16,2023-02-06,19:00:00,64,21,43,FMN GV 03 Hove
46,Statielei 16,2023-02-06,20:00:00,50,29,21,FMN GV 03 Hove
46,Statielei 16,2023-02-06,21:00:00,32,16,16,FMN GV 03 Hove
46,Statielei 16,2023-02-06,22:00:00,37,20,17,FMN GV 03 Hove
46,Statielei 16,2023-02-06,23:00:00,9,3,6,FMN GV 03 Hove
46,Statielei 16,2023-02-07,00:00:00,3,1,2,FMN GV 03 Hove
46,Statielei 16,2023-02-07,01:00:00,0,0,0,FMN GV 03 Hove
46,Statielei 16,2023-02-07,02:00:00,0,0,0,FMN GV 03 Hove
46,Statielei 16,2023-02-07,03:00:00,1,1,0,FMN GV 03 Hove
46,Statielei 16,2023-02-07,04:00:00,12,5,7,FMN GV 03 Hove
46,Statielei 16,2023-02-07,05:00:00,10,5,5,FMN GV 03 Hove
46,Statielei 16,2023-02-07,06:00:00,94,65,29,FMN GV 03 Hove
46,Statielei 16,2023-02-07,07:00:00,288,230,58,FMN GV 03 Hove
46,Statielei 16,2023-02-07,08:00:00,358,293,65,FMN GV 03 Hove
46,Statielei 16,2023-02-07,09:00:00,93,70,23,FMN GV 03 Hove
46,Statielei 16,2023-02-07,10:00:00,55,37,18,FMN GV 03 Hove
46,Statielei 16,2023-02-07,11:00:00,57,41,16,FMN GV 03 Hove
46,Statielei 16,2023-02-07,12:00:00,100,55,45,FMN GV 03 Hove
46,Statielei 16,2023-02-07,13:00:00,100,52,48,FMN GV 03 Hove
46,Statielei 16,2023-02-07,14:00:00,92,55,37,FMN GV 03 Hove
46,Statielei 16,2023-02-07,15:00:00,139,53,86,FMN GV 03 Hove
46,Statielei 16,2023-02-07,16:00:00,260,73,187,FMN GV 03 Hove
46,Statielei 16,2023-02-07,17:00:00,284,91,193,FMN GV 03 Hove
46,Statielei 16,2023-02-07,18:00:00,164,50,114,FMN GV 03 Hove
46,Statielei 16,2023-02-07,19:00:00,65,34,31,FMN GV 03 Hove
46,Statielei 16,2023-02-07,20:00:00,60,30,30,FMN GV 03 Hove
46,Statielei 16,2023-02-07,21:00:00,32,12,20,FMN GV 03 Hove
46,Statielei 16,2023-02-07,22:00:00,32,16,16,FMN GV 03 Hove
46,Statielei 16,2023-02-07,23:00:00,15,7,8,FMN GV 03 Hove
46,Statielei 16,2023-02-08,00:00:00,8,0,8,FMN GV 03 Hove
46,Statielei 16,2023-02-08,01:00:00,2,2,0,FMN GV 03 Hove
46,Statielei 16,2023-02-08,02:00:00,1,0,1,FMN GV 03 Hove
46,Statielei 16,2023-02-08,03:00:00,1,1,0,FMN GV 03 Hove
46,Statielei 16,2023-02-08,04:00:00,8,6,2,FMN GV 03 Hove
46,Statielei 16,2023-02-08,05:00:00,14,9,5,FMN GV 03 Hove
46,Statielei 16,2023-02-08,06:00:00,84,63,21,FMN GV 03 Hove
46,Statielei 16,2023-02-08,07:00:00,253,201,52,FMN GV 03 Hove
46,Statielei 16,2023-02-08,08:00:00,286,239,47,FMN GV 03 Hove
46,Statielei 16,2023-02-08,09:00:00,105,79,26,FMN GV 03 Hove
46,Statielei 16,2023-02-08,10:00:00,87,51,36,FMN GV 03 Hove
46,Statielei 16,2023-02-08,11:00:00,123,70,53,FMN GV 03 Hove
46,Statielei 16,2023-02-08,12:00:00,191,64,127,FMN GV 03 Hove
46,Statielei 16,2023-02-08,13:00:00,141,62,79,FMN GV 03 Hove
46,Statielei 16,2023-02-08,14:00:00,132,66,66,FMN GV 03 Hove
46,Statielei 16,2023-02-08,15:00:00,115,53,62,FMN GV 03 Hove
46,Statielei 16,2023-02-08,16:00:00,196,69,127,FMN GV 03 Hove
46,Statielei 16,2023-02-08,17:00:00,250,84,166,FMN GV 03 Hove
46,Statielei 16,2023-02-08,18:00:00,146,73,73,FMN GV 03 Hove
46,Statielei 16,2023-02-08,19:00:00,71,38,33,FMN GV 03 Hove
46,Statielei 16,2023-02-08,20:00:00,37,21,16,FMN GV 03 Hove
46,Statielei 16,2023-02-08,21:00:00,38,19,19,FMN GV 03 Hove
46,Statielei 16,2023-02-08,22:00:00,36,15,21,FMN GV 03 Hove
46,Statielei 16,2023-02-08,23:00:00,14,6,8,FMN GV 03 Hove
46,Statielei 16,2023-02-09,00:00:00,8,1,7,FMN GV 03 Hove
46,Statielei 16,2023-02-09,01:00:00,2,1,1,FMN GV 03 Hove
46,Statielei 16,2023-02-09,02:00:00,3,2,1,FMN GV 03 Hove
46,Statielei 16,2023-02-09,03:00:00,1,0,1,FMN GV 03 Hove
46,Statielei 16,2023-02-09,04:00:00,11,6,5,FMN GV 03 Hove
46,Statielei 16,2023-02-09,05:00:00,20,12,8,FMN GV 03 Hove
46,Statielei 16,2023-02-09,06:00:00,91,53,38,FMN GV 03 Hove
46,Statielei 16,2023-02-09,07:00:00,258,211,47,FMN GV 03 Hove
46,Statielei 16,2023-02-09,08:00:00,349,286,63,FMN GV 03 Hove
46,Statielei 16,2023-02-09,09:00:00,84,61,23,FMN GV 03 Hove
46,Statielei 16,2023-02-09,10:00:00,61,37,24,FMN GV 03 Hove
46,Statielei 16,2023-02-09,11:00:00,60,41,19,FMN GV 03 Hove
46,Statielei 16,2023-02-09,12:00:00,118,66,52,FMN GV 03 Hove
46,Statielei 16,2023-02-09,13:00:00,102,51,51,FMN GV 03 Hove
46,Statielei 16,2023-02-09,14:00:00,92,50,42,FMN GV 03 Hove
46,Statielei 16,2023-02-09,15:00:00,133,42,91,FMN GV 03 Hove
46,Statielei 16,2023-02-09,16:00:00,268,84,184,FMN GV 03 Hove
46,Statielei 16,2023-02-09,17:00:00,309,106,203,FMN GV 03 Hove
46,Statielei 16,2023-02-09,18:00:00,171,68,103,FMN GV 03 Hove
46,Statielei 16,2023-02-09,19:00:00,73,30,43,FMN GV 03 Hove
46,Statielei 16,2023-02-09,20:00:00,39,18,21,FMN GV 03 Hove
46,Statielei 16,2023-02-09,21:00:00,42,22,20,FMN GV 03 Hove
46,Statielei 16,2023-02-09,22:00:00,58,27,31,FMN GV 03 Hove
46,Statielei 16,2023-02-09,23:00:00,26,9,17,FMN GV 03 Hove
46,Statielei 16,2023-02-10,00:00:00,13,5,8,FMN GV 03 Hove
46,Statielei 16,2023-02-10,01:00:00,3,2,1,FMN GV 03 Hove
46,Statielei 16,2023-02-10,02:00:00,3,1,2,FMN GV 03 Hove
46,Statielei 16,2023-02-10,03:00:00,3,1,2,FMN GV 03 Hove
46,Statielei 16,2023-02-10,04:00:00,12,5,7,FMN GV 03 Hove
46,Statielei 16,2023-02-10,05:00:00,18,11,7,FMN GV 03 Hove
46,Statielei 16,2023-02-10,06:00:00,59,42,17,FMN GV 03 Hove
46,Statielei 16,2023-02-10,07:00:00,217,175,42,FMN GV 03 Hove
46,Statielei 16,2023-02-10,08:00:00,276,227,49,FMN GV 03 Hove
46,Statielei 16,2023-02-10,09:00:00,89,67,22,FMN GV 03 Hove
46,Statielei 16,2023-02-10,10:00:00,74,47,27,FMN GV 03 Hove
46,Statielei 16,2023-02-10,11:00:00,58,37,21,FMN GV 03 Hove
46,Statielei 16,2023-02-10,12:00:00,97,49,48,FMN GV 03 Hove
46,Statielei 16,2023-02-10,13:00:00,107,52,55,FMN GV 03 Hove
46,Statielei 16,2023-02-10,14:00:00,100,45,55,FMN GV 03 Hove
46,Statielei 16,2023-02-10,15:00:00,142,54,88,FMN GV 03 Hove
46,Statielei 16,2023-02-10,16:00:00,192,72,120,FMN GV 03 Hove
46,Statielei 16,2023-02-10,17:00:00,205,72,133,FMN GV 03 Hove
46,Statielei 16,2023-02-10,18:00:00,119,43,76,FMN GV 03 Hove
46,Statielei 16,2023-02-10,19:00:00,59,37,22,FMN GV 03 Hove
46,Statielei 16,2023-02-10,20:00:00,41,21,20,FMN GV 03 Hove
46,Statielei 16,2023-02-10,21:00:00,43,23,20,FMN GV 03 Hove
46,Statielei 16,2023-02-10,22:00:00,29,10,19,FMN GV 03 Hove
46,Statielei 16,2023-02-10,23:00:00,37,19,18,FMN GV 03 Hove
46,Statielei 16,2023-02-11,00:00:00,20,6,14,FMN GV 03 Hove
46,Statielei 16,2023-02-11,01:00:00,8,5,3,FMN GV 03 Hove
46,Statielei 16,2023-02-11,02:00:00,10,6,4,FMN GV 03 Hove
46,Statielei 16,2023-02-11,03:00:00,13,6,7,FMN GV 03 Hove
46,Statielei 16,2023-02-11,04:00:00,10,5,5,FMN GV 03 Hove
46,Statielei 16,2023-02-11,05:00:00,7,4,3,FMN GV 03 Hove
46,Statielei 16,2023-02-11,06:00:00,19,12,7,FMN GV 03 Hove
46,Statielei 16,2023-02-11,07:00:00,13,5,8,FMN GV 03 Hove
46,Statielei 16,2023-02-11,08:00:00,34,15,19,FMN GV 03 Hove
46,Statielei 16,2023-02-11,09:00:00,60,41,19,FMN GV 03 Hove
46,Statielei 16,2023-02-11,10:00:00,85,46,39,FMN GV 03 Hove
46,Statielei 16,2023-02-11,11:00:00,86,49,37,FMN GV 03 Hove
46,Statielei 16,2023-02-11,12:00:00,107,61,46,FMN GV 03 Hove
46,Statielei 16,2023-02-11,13:00:00,103,69,34,FMN GV 03 Hove
46,Statielei 16,2023-02-11,14:00:00,110,59,51,FMN GV 03 Hove
46,Statielei 16,2023-02-11,15:00:00,112,57,55,FMN GV 03 Hove
46,Statielei 16,2023-02-11,16:00:00,103,55,48,FMN GV 03 Hove
46,Statielei 16,2023-02-11,17:00:00,70,41,29,FMN GV 03 Hove
46,Statielei 16,2023-02-11,18:00:00,55,40,15,FMN GV 03 Hove
46,Statielei 16,2023-02-11,19:00:00,43,28,15,FMN GV 03 Hove
46,Statielei 16,2023-02-11,20:00:00,20,14,6,FMN GV 03 Hove
46,Statielei 16,2023-02-11,21:00:00,25,12,13,FMN GV 03 Hove
46,Statielei 16,2023-02-11,22:00:00,27,9,18,FMN GV 03 Hove
46,Statielei 16,2023-02-11,23:00:00,21,7,14,FMN GV 03 Hove
46,Statielei 16,2023-02-12,00:00:00,22,15,7,FMN GV 03 Hove
46,Statielei 16,2023-02-12,01:00:00,11,2,9,FMN GV 03 Hove
46,Statielei 16,2023-02-12,02:00:00,10,2,8,FMN GV 03 Hove
46,Statielei 16,2023-02-12,03:00:00,14,1,13,FMN GV 03 Hove
46,Statielei 16,2023-02-12,04:00:00,3,1,2,FMN GV 03 Hove
46,Statielei 16,2023-02-12,05:00:00,10,7,3,FMN GV 03 Hove
46,Statielei 16,2023-02-12,06:00:00,13,10,3,FMN GV 03 Hove
46,Statielei 16,2023-02-12,07:00:00,10,2,8,FMN GV 03 Hove
46,Statielei 16,2023-02-12,08:00:00,43,22,21,FMN GV 03 Hove
46,Statielei 16,2023-02-12,09:00:00,67,24,43,FMN GV 03 Hove
46,Statielei 16,2023-02-12,10:00:00,93,38,55,FMN GV 03 Hove
46,Statielei 16,2023-02-12,11:00:00,96,56,40,FMN GV 03 Hove
46,Statielei 16,2023-02-12,12:00:00,137,92,45,FMN GV 03 Hove
46,Statielei 16,2023-02-12,13:00:00,111,58,53,FMN GV 03 Hove
46,Statielei 16,2023-02-12,14:00:00,107,48,59,FMN GV 03 Hove
46,Statielei 16,2023-02-12,15:00:00,131,76,55,FMN GV 03 Hove
46,Statielei 16,2023-02-12,16:00:00,97,61,36,FMN GV 03 Hove
46,Statielei 16,2023-02-12,17:00:00,73,44,29,FMN GV 03 Hove
46,Statielei 16,2023-02-12,18:00:00,44,25,19,FMN GV 03 Hove
46,Statielei 16,2023-02-12,19:00:00,46,22,24,FMN GV 03 Hove
46,Statielei 16,2023-02-12,20:00:00,30,15,15,FMN GV 03 Hove
46,Statielei 16,2023-02-12,21:00:00,23,18,5,FMN GV 03 Hove
46,Statielei 16,2023-02-12,22:00:00,19,10,9,FMN GV 03 Hove
46,Statielei 16,2023-02-12,23:00:00,9,2,7,FMN GV 03 Hove
46,Statielei 16,2023-02-13,00:00:00,4,0,4,FMN GV 03 Hove
46,Statielei 16,2023-02-13,01:00:00,4,0,4,FMN GV 03 Hove
46,Statielei 16,2023-02-13,02:00:00,0,0,0,FMN GV 03 Hove
46,Statielei 16,2023-02-13,03:00:00,2,1,1,FMN GV 03 Hove
46,Statielei 16,2023-02-13,04:00:00,16,15,1,FMN GV 03 Hove
46,Statielei 16,2023-02-13,05:00:00,22,15,7,FMN GV 03 Hove
46,Statielei 16,2023-02-13,06:00:00,87,66,21,FMN GV 03 Hove
46,Statielei 16,2023-02-13,07:00:00,311,255,56,FMN GV 03 Hove
46,Statielei 16,2023-02-13,08:00:00,368,294,74,FMN GV 03 Hove
46,Statielei 16,2023-02-13,09:00:00,106,82,24,FMN GV 03 Hove
46,Statielei 16,2023-02-13,10:00:00,61,31,30,FMN GV 03 Hove
46,Statielei 16,2023-02-13,11:00:00,85,56,29,FMN GV 03 Hove
46,Statielei 16,2023-02-13,12:00:00,125,70,55,FMN GV 03 Hove
46,Statielei 16,2023-02-13,13:00:00,161,88,73,FMN GV 03 Hove
46,Statielei 16,2023-02-13,14:00:00,117,59,58,FMN GV 03 Hove
46,Statielei 16,2023-02-13,15:00:00,176,82,94,FMN GV 03 Hove
46,Statielei 16,2023-02-13,16:00:00,292,92,200,FMN GV 03 Hove
46,Statielei 16,2023-02-13,17:00:00,319,91,228,FMN GV 03 Hove
46,Statielei 16,2023-02-13,18:00:00,166,63,103,FMN GV 03 Hove
46,Statielei 16,2023-02-13,19:00:00,77,41,36,FMN GV 03 Hove
46,Statielei 16,2023-02-13,20:00:00,43,21,22,FMN GV 03 Hove
46,Statielei 16,2023-02-13,21:00:00,30,12,18,FMN GV 03 Hove
46,Statielei 16,2023-02-13,22:00:00,38,17,21,FMN GV 03 Hove
46,Statielei 16,2023-02-13,23:00:00,17,10,7,FMN GV 03 Hove
46,Statielei 16,2023-02-14,00:00:00,4,2,2,FMN GV 03 Hove
46,Statielei 16,2023-02-14,01:00:00,1,1,0,FMN GV 03 Hove
46,Statielei 16,2023-02-14,02:00:00,1,0,1,FMN GV 03 Hove
46,Statielei 16,2023-02-14,03:00:00,0,0,0,FMN GV 03 Hove
46,Statielei 16,2023-02-14,04:00:00,15,13,2,FMN GV 03 Hove
46,Statielei 16,2023-02-14,05:00:00,29,16,13,FMN GV 03 Hove
46,Statielei 16,2023-02-14,06:00:00,101,78,23,FMN GV 03 Hove
46,Statielei 16,2023-02-14,07:00:00,342,282,60,FMN GV 03 Hove
46,Statielei 16,2023-02-14,08:00:00,417,343,74,FMN GV 03 Hove
46,Statielei 16,2023-02-14,09:00:00,96,73,23,FMN GV 03 Hove
46,Statielei 16,2023-02-14,10:00:00,95,46,49,FMN GV 03 Hove
46,Statielei 16,2023-02-14,11:00:00,99,59,40,FMN GV 03 Hove
46,Statielei 16,2023-02-14,12:00:00,138,67,71,FMN GV 03 Hove
46,Statielei 16,2023-02-14,13:00:00,139,75,64,FMN GV 03 Hove
46,Statielei 16,2023-02-14,14:00:00,138,69,69,FMN GV 03 Hove
46,Statielei 16,2023-02-14,15:00:00,216,88,128,FMN GV 03 Hove
46,Statielei 16,2023-02-14,16:00:00,332,102,230,FMN GV 03 Hove
46,Statielei 16,2023-02-14,17:00:00,398,142,256,FMN GV 03 Hove
46,Statielei 16,2023-02-14,18:00:00,177,52,125,FMN GV 03 Hove
46,Statielei 16,2023-02-14,19:00:00,89,35,54,FMN GV 03 Hove
46,Statielei 16,2023-02-14,20:00:00,44,22,22,FMN GV 03 Hove
46,Statielei 16,2023-02-14,21:00:00,36,16,20,FMN GV 03 Hove
46,Statielei 16,2023-02-14,22:00:00,52,27,25,FMN GV 03 Hove
46,Statielei 16,2023-02-14,23:00:00,18,7,11,FMN GV 03 Hove
46,Statielei 16,2023-02-15,00:00:00,11,2,9,FMN GV 03 Hove
46,Statielei 16,2023-02-15,01:00:00,2,2,0,FMN GV 03 Hove
46,Statielei 16,2023-02-15,02:00:00,1,1,0,FMN GV 03 Hove
46,Statielei 16,2023-02-15,03:00:00,1,0,1,FMN GV 03 Hove
46,Statielei 16,2023-02-15,04:00:00,13,11,2,FMN GV 03 Hove
46,Statielei 16,2023-02-15,05:00:00,17,10,7,FMN GV 03 Hove
46,Statielei 16,2023-02-15,06:00:00,88,65,23,FMN GV 03 Hove
46,Statielei 16,2023-02-15,07:00:00,280,229,51,FMN GV 03 Hove
46,Statielei 16,2023-02-15,08:00:00,348,278,70,FMN GV 03 Hove
46,Statielei 16,2023-02-15,09:00:00,112,77,35,FMN GV 03 Hove
46,Statielei 16,2023-02-15,10:00:00,87,55,32,FMN GV 03 Hove
46,Statielei 16,2023-02-15,11:00:00,139,73,66,FMN GV 03 Hove
46,Statielei 16,2023-02-15,12:00:00,210,73,137,FMN GV 03 Hove
46,Statielei 16,2023-02-15,13:00:00,183,76,107,FMN GV 03 Hove
46,Statielei 16,2023-02-15,14:00:00,183,104,79,FMN GV 03 Hove
46,Statielei 16,2023-02-15,15:00:00,179,76,103,FMN GV 03 Hove
46,Statielei 16,2023-02-15,16:00:00,251,88,163,FMN GV 03 Hove
46,Statielei 16,2023-02-15,17:00:00,290,116,174,FMN GV 03 Hove
46,Statielei 16,2023-02-15,18:00:00,171,82,89,FMN GV 03 Hove
46,Statielei 16,2023-02-15,19:00:00,79,35,44,FMN GV 03 Hove
46,Statielei 16,2023-02-15,20:00:00,50,21,29,FMN GV 03 Hove
46,Statielei 16,2023-02-15,21:00:00,37,17,20,FMN GV 03 Hove
46,Statielei 16,2023-02-15,22:00:00,46,20,26,FMN GV 03 Hove
46,Statielei 16,2023-02-15,23:00:00,19,12,7,FMN GV 03 Hove
46,Statielei 16,2023-02-16,00:00:00,8,5,3,FMN GV 03 Hove
46,Statielei 16,2023-02-16,01:00:00,3,1,2,FMN GV 03 Hove
46,Statielei 16,2023-02-16,02:00:00,1,0,1,FMN GV 03 Hove
46,Statielei 16,2023-02-16,03:00:00,3,1,2,FMN GV 03 Hove
46,Statielei 16,2023-02-16,04:00:00,12,9,3,FMN GV 03 Hove
46,Statielei 16,2023-02-16,05:00:00,23,15,8,FMN GV 03 Hove
46,Statielei 16,2023-02-16,06:00:00,99,70,29,FMN GV 03 Hove
46,Statielei 16,2023-02-16,07:00:00,280,237,43,FMN GV 03 Hove
46,Statielei 16,2023-02-16,08:00:00,395,310,85,FMN GV 03 Hove
46,Statielei 16,2023-02-16,09:00:00,81,60,21,FMN GV 03 Hove
46,Statielei 16,2023-02-16,10:00:00,54,38,16,FMN GV 03 Hove
46,Statielei 16,2023-02-16,11:00:00,59,29,30,FMN GV 03 Hove
46,Statielei 16,2023-02-16,12:00:00,88,53,35,FMN GV 03 Hove
46,Statielei 16,2023-02-16,13:00:00,90,37,53,FMN GV 03 Hove
46,Statielei 16,2023-02-16,14:00:00,95,36,59,FMN GV 03 Hove
46,Statielei 16,2023-02-16,15:00:00,151,64,87,FMN GV 03 Hove
46,Statielei 16,2023-02-16,16:00:00,265,86,179,FMN GV 03 Hove
46,Statielei 16,2023-02-16,17:00:00,283,97,186,FMN GV 03 Hove
46,Statielei 16,2023-02-16,18:00:00,180,62,118,FMN GV 03 Hove
46,Statielei 16,2023-02-16,19:00:00,63,27,36,FMN GV 03 Hove
46,Statielei 16,2023-02-16,20:00:00,51,25,26,FMN GV 03 Hove
46,Statielei 16,2023-02-16,21:00:00,29,18,11,FMN GV 03 Hove
46,Statielei 16,2023-02-16,22:00:00,36,11,25,FMN GV 03 Hove
46,Statielei 16,2023-02-16,23:00:00,21,7,14,FMN GV 03 Hove
46,Statielei 16,2023-02-17,00:00:00,10,5,5,FMN GV 03 Hove
46,Statielei 16,2023-02-17,01:00:00,6,4,2,FMN GV 03 Hove
46,Statielei 16,2023-02-17,02:00:00,2,1,1,FMN GV 03 Hove
46,Statielei 16,2023-02-17,03:00:00,0,0,0,FMN GV 03 Hove
46,Statielei 16,2023-02-17,04:00:00,12,10,2,FMN GV 03 Hove
46,Statielei 16,2023-02-17,05:00:00,20,11,9,FMN GV 03 Hove
46,Statielei 16,2023-02-17,06:00:00,73,50,23,FMN GV 03 Hove
46,Statielei 16,2023-02-17,07:00:00,231,181,50,FMN GV 03 Hove
46,Statielei 16,2023-02-17,08:00:00,315,247,68,FMN GV 03 Hove
46,Statielei 16,2023-02-17,09:00:00,90,62,28,FMN GV 03 Hove
46,Statielei 16,2023-02-17,10:00:00,69,47,22,FMN GV 03 Hove
46,Statielei 16,2023-02-17,11:00:00,59,31,28,FMN GV 03 Hove
46,Statielei 16,2023-02-17,12:00:00,96,49,47,FMN GV 03 Hove
46,Statielei 16,2023-02-17,13:00:00,85,40,45,FMN GV 03 Hove
46,Statielei 16,2023-02-17,14:00:00,85,40,45,FMN GV 03 Hove
46,Statielei 16,2023-02-17,15:00:00,173,68,105,FMN GV 03 Hove
46,Statielei 16,2023-02-17,16:00:00,200,62,138,FMN GV 03 Hove
46,Statielei 16,2023-02-17,17:00:00,236,76,160,FMN GV 03 Hove
46,Statielei 16,2023-02-17,18:00:00,157,70,87,FMN GV 03 Hove
46,Statielei 16,2023-02-17,19:00:00,63,29,34,FMN GV 03 Hove
46,Statielei 16,2023-02-17,20:00:00,43,17,26,FMN GV 03 Hove
46,Statielei 16,2023-02-17,21:00:00,39,20,19,FMN GV 03 Hove
46,Statielei 16,2023-02-17,22:00:00,28,13,15,FMN GV 03 Hove
46,Statielei 16,2023-02-17,23:00:00,30,12,18,FMN GV 03 Hove
46,Statielei 16,2023-02-18,00:00:00,19,8,11,FMN GV 03 Hove
46,Statielei 16,2023-02-18,01:00:00,14,5,9,FMN GV 03 Hove
46,Statielei 16,2023-02-18,02:00:00,18,3,15,FMN GV 03 Hove
46,Statielei 16,2023-02-18,03:00:00,7,4,3,FMN GV 03 Hove
46,Statielei 16,2023-02-18,04:00:00,13,4,9,FMN GV 03 Hove
46,Statielei 16,2023-02-18,05:00:00,13,6,7,FMN GV 03 Hove
46,Statielei 16,2023-02-18,06:00:00,9,5,4,FMN GV 03 Hove
46,Statielei 16,2023-02-18,07:00:00,13,5,8,FMN GV 03 Hove
46,Statielei 16,2023-02-18,08:00:00,29,17,12,FMN GV 03 Hove
46,Statielei 16,2023-02-18,09:00:00,47,29,18,FMN GV 03 Hove
46,Statielei 16,2023-02-18,10:00:00,66,36,30,FMN GV 03 Hove
46,Statielei 16,2023-02-18,11:00:00,80,43,37,FMN GV 03 Hove
46,Statielei 16,2023-02-18,12:00:00,74,34,40,FMN GV 03 Hove
46,Statielei 16,2023-02-18,13:00:00,75,50,25,FMN GV 03 Hove
46,Statielei 16,2023-02-18,14:00:00,101,42,59,FMN GV 03 Hove
46,Statielei 16,2023-02-18,15:00:00,86,45,41,FMN GV 03 Hove
46,Statielei 16,2023-02-18,16:00:00,76,39,37,FMN GV 03 Hove
46,Statielei 16,2023-02-18,17:00:00,72,38,34,FMN GV 03 Hove
46,Statielei 16,2023-02-18,18:00:00,51,26,25,FMN GV 03 Hove
46,Statielei 16,2023-02-18,19:00:00,33,22,11,FMN GV 03 Hove
46,Statielei 16,2023-02-18,20:00:00,30,19,11,FMN GV 03 Hove
46,Statielei 16,2023-02-18,21:00:00,18,7,11,FMN GV 03 Hove
46,Statielei 16,2023-02-18,22:00:00,25,10,15,FMN GV 03 Hove
46,Statielei 16,2023-02-18,23:00:00,19,7,12,FMN GV 03 Hove
46,Statielei 16,2023-02-19,00:00:00,15,7,8,FMN GV 03 Hove
46,Statielei 16,2023-02-19,01:00:00,15,7,8,FMN GV 03 Hove
46,Statielei 16,2023-02-19,02:00:00,8,2,6,FMN GV 03 Hove
46,Statielei 16,2023-02-19,03:00:00,2,1,1,FMN GV 03 Hove
46,Statielei 16,2023-02-19,04:00:00,7,1,6,FMN GV 03 Hove
46,Statielei 16,2023-02-19,05:00:00,14,9,5,FMN GV 03 Hove
46,Statielei 16,2023-02-19,06:00:00,12,9,3,FMN GV 03 Hove
46,Statielei 16,2023-02-19,07:00:00,9,2,7,FMN GV 03 Hove
46,Statielei 16,2023-02-19,08:00:00,36,15,21,FMN GV 03 Hove
46,Statielei 16,2023-02-19,09:00:00,58,29,29,FMN GV 03 Hove
46,Statielei 16,2023-02-19,10:00:00,84,41,43,FMN GV 03 Hove
46,Statielei 16,2023-02-19,11:00:00,113,64,49,FMN GV 03 Hove
46,Statielei 16,2023-02-19,12:00:00,90,58,32,FMN GV 03 Hove
46,Statielei 16,2023-02-19,13:00:00,74,44,30,FMN GV 03 Hove
46,Statielei 16,2023-02-19,14:00:00,107,60,47,FMN GV 03 Hove
46,Statielei 16,2023-02-19,15:00:00,89,54,35,FMN GV 03 Hove
46,Statielei 16,2023-02-19,16:00:00,82,45,37,FMN GV 03 Hove
46,Statielei 16,2023-02-19,17:00:00,77,33,44,FMN GV 03 Hove
46,Statielei 16,2023-02-19,18:00:00,41,21,20,FMN GV 03 Hove
46,Statielei 16,2023-02-19,19:00:00,33,17,16,FMN GV 03 Hove
46,Statielei 16,2023-02-19,20:00:00,20,11,9,FMN GV 03 Hove
46,Statielei 16,2023-02-19,21:00:00,17,13,4,FMN GV 03 Hove
46,Statielei 16,2023-02-19,22:00:00,13,6,7,FMN GV 03 Hove
46,Statielei 16,2023-02-19,23:00:00,8,6,2,FMN GV 03 Hove
46,Statielei 16,2023-02-20,00:00:00,4,2,2,FMN GV 03 Hove
46,Statielei 16,2023-02-20,01:00:00,1,0,1,FMN GV 03 Hove
46,Statielei 16,2023-02-20,02:00:00,0,0,0,FMN GV 03 Hove
46,Statielei 16,2023-02-20,03:00:00,0,0,0,FMN GV 03 Hove
46,Statielei 16,2023-02-20,04:00:00,12,8,4,FMN GV 03 Hove
46,Statielei 16,2023-02-20,05:00:00,28,17,11,FMN GV 03 Hove
46,Statielei 16,2023-02-20,06:00:00,69,49,20,FMN GV 03 Hove
46,Statielei 16,2023-02-20,07:00:00,201,150,51,FMN GV 03 Hove
46,Statielei 16,2023-02-20,08:00:00,225,180,45,FMN GV 03 Hove
46,Statielei 16,2023-02-20,09:00:00,85,60,25,FMN GV 03 Hove
46,Statielei 16,2023-02-20,10:00:00,53,36,17,FMN GV 03 Hove
46,Statielei 16,2023-02-20,11:00:00,58,34,24,FMN GV 03 Hove
46,Statielei 16,2023-02-20,12:00:00,70,39,31,FMN GV 03 Hove
46,Statielei 16,2023-02-20,13:00:00,74,32,42,FMN GV 03 Hove
46,Statielei 16,2023-02-20,14:00:00,82,41,41,FMN GV 03 Hove
46,Statielei 16,2023-02-20,15:00:00,88,36,52,FMN GV 03 Hove
46,Statielei 16,2023-02-20,16:00:00,140,45,95,FMN GV 03 Hove
46,Statielei 16,2023-02-20,17:00:00,230,76,154,FMN GV 03 Hove
46,Statielei 16,2023-02-20,18:00:00,156,62,94,FMN GV 03 Hove
46,Statielei 16,2023-02-20,19:00:00,61,30,31,FMN GV 03 Hove
46,Statielei 16,2023-02-20,20:00:00,35,18,17,FMN GV 03 Hove
46,Statielei 16,2023-02-20,21:00:00,21,11,10,FMN GV 03 Hove
46,Statielei 16,2023-02-20,22:00:00,21,10,11,FMN GV 03 Hove
46,Statielei 16,2023-02-20,23:00:00,10,2,8,FMN GV 03 Hove
46,Statielei 16,2023-02-21,00:00:00,0,0,0,FMN GV 03 Hove
46,Statielei 16,2023-02-21,01:00:00,5,1,4,FMN GV 03 Hove
46,Statielei 16,2023-02-21,02:00:00,1,0,1,FMN GV 03 Hove
46,Statielei 16,2023-02-21,03:00:00,5,1,4,FMN GV 03 Hove
46,Statielei 16,2023-02-21,04:00:00,13,11,2,FMN GV 03 Hove
46,Statielei 16,2023-02-21,05:00:00,29,18,11,FMN GV 03 Hove
46,Statielei 16,2023-02-21,06:00:00,74,52,22,FMN GV 03 Hove
46,Statielei 16,2023-02-21,07:00:00,240,163,77,FMN GV 03 Hove
46,Statielei 16,2023-02-21,08:00:00,278,225,53,FMN GV 03 Hove
46,Statielei 16,2023-02-21,09:00:00,103,73,30,FMN GV 03 Hove
46,Statielei 16,2023-02-21,10:00:00,53,31,22,FMN GV 03 Hove
46,Statielei 16,2023-02-21,11:00:00,57,38,19,FMN GV 03 Hove
46,Statielei 16,2023-02-21,12:00:00,74,46,28,FMN GV 03 Hove
46,Statielei 16,2023-02-21,13:00:00,89,47,42,FMN GV 03 Hove
46,Statielei 16,2023-02-21,14:00:00,63,40,23,FMN GV 03 Hove
46,Statielei 16,2023-02-21,15:00:00,105,48,57,FMN GV 03 Hove
46,Statielei 16,2023-02-21,16:00:00,169,45,124,FMN GV 03 Hove
46,Statielei 16,2023-02-21,17:00:00,282,94,188,FMN GV 03 Hove
46,Statielei 16,2023-02-21,18:00:00,161,71,90,FMN GV 03 Hove
46,Statielei 16,2023-02-21,19:00:00,70,29,41,FMN GV 03 Hove
46,Statielei 16,2023-02-21,20:00:00,39,18,21,FMN GV 03 Hove
46,Statielei 16,2023-02-21,21:00:00,27,13,14,FMN GV 03 Hove
46,Statielei 16,2023-02-21,22:00:00,28,10,18,FMN GV 03 Hove
46,Statielei 16,2023-02-21,23:00:00,19,7,12,FMN GV 03 Hove
46,Statielei 16,2023-02-22,00:00:00,5,1,4,FMN GV 03 Hove
46,Statielei 16,2023-02-22,01:00:00,2,0,2,FMN GV 03 Hove
46,Statielei 16,2023-02-22,02:00:00,3,2,1,FMN GV 03 Hove
46,Statielei 16,2023-02-22,03:00:00,2,2,0,FMN GV 03 Hove
46,Statielei 16,2023-02-22,04:00:00,11,7,4,FMN GV 03 Hove
46,Statielei 16,2023-02-22,05:00:00,26,19,7,FMN GV 03 Hove
46,Statielei 16,2023-02-22,06:00:00,71,48,23,FMN GV 03 Hove
46,Statielei 16,2023-02-22,07:00:00,174,127,47,FMN GV 03 Hove
46,Statielei 16,2023-02-22,08:00:00,205,169,36,FMN GV 03 Hove
46,Statielei 16,2023-02-22,09:00:00,95,72,23,FMN GV 03 Hove
46,Statielei 16,2023-02-22,10:00:00,87,48,39,FMN GV 03 Hove
46,Statielei 16,2023-02-22,11:00:00,96,62,34,FMN GV 03 Hove
46,Statielei 16,2023-02-22,12:00:00,69,24,45,FMN GV 03 Hove
46,Statielei 16,2023-02-22,13:00:00,86,43,43,FMN GV 03 Hove
46,Statielei 16,2023-02-22,14:00:00,80,40,40,FMN GV 03 Hove
46,Statielei 16,2023-02-22,15:00:00,108,51,57,FMN GV 03 Hove
46,Statielei 16,2023-02-22,16:00:00,151,48,103,FMN GV 03 Hove
46,Statielei 16,2023-02-22,17:00:00,216,73,143,FMN GV 03 Hove
46,Statielei 16,2023-02-22,18:00:00,120,49,71,FMN GV 03 Hove
46,Statielei 16,2023-02-22,19:00:00,54,23,31,FMN GV 03 Hove
46,Statielei 16,2023-02-22,20:00:00,34,16,18,FMN GV 03 Hove
46,Statielei 16,2023-02-22,21:00:00,24,11,13,FMN GV 03 Hove
46,Statielei 16,2023-02-22,22:00:00,26,11,15,FMN GV 03 Hove
46,Statielei 16,2023-02-22,23:00:00,15,8,7,FMN GV 03 Hove
46,Statielei 16,2023-02-23,00:00:00,3,2,1,FMN GV 03 Hove
46,Statielei 16,2023-02-23,01:00:00,2,1,1,FMN GV 03 Hove
46,Statielei 16,2023-02-23,02:00:00,2,0,2,FMN GV 03 Hove
46,Statielei 16,2023-02-23,03:00:00,2,2,0,FMN GV 03 Hove
46,Statielei 16,2023-02-23,04:00:00,11,7,4,FMN GV 03 Hove
46,Statielei 16,2023-02-23,05:00:00,25,17,8,FMN GV 03 Hove
46,Statielei 16,2023-02-23,06:00:00,75,50,25,FMN GV 03 Hove
46,Statielei 16,2023-02-23,07:00:00,190,142,48,FMN GV 03 Hove
46,Statielei 16,2023-02-23,08:00:00,229,183,46,FMN GV 03 Hove
46,Statielei 16,2023-02-23,09:00:00,79,55,24,FMN GV 03 Hove
46,Statielei 16,2023-02-23,10:00:00,67,41,26,FMN GV 03 Hove
46,Statielei 16,2023-02-23,11:00:00,67,37,30,FMN GV 03 Hove
46,Statielei 16,2023-02-23,12:00:00,91,52,39,FMN GV 03 Hove
46,Statielei 16,2023-02-23,13:00:00,81,44,37,FMN GV 03 Hove
46,Statielei 16,2023-02-23,14:00:00,88,42,46,FMN GV 03 Hove
46,Statielei 16,2023-02-23,15:00:00,87,36,51,FMN GV 03 Hove
46,Statielei 16,2023-02-23,16:00:00,176,74,102,FMN GV 03 Hove
46,Statielei 16,2023-02-23,17:00:00,236,72,164,FMN GV 03 Hove
46,Statielei 16,2023-02-23,18:00:00,147,56,91,FMN GV 03 Hove
46,Statielei 16,2023-02-23,19:00:00,72,34,38,FMN GV 03 Hove
46,Statielei 16,2023-02-23,20:00:00,50,26,24,FMN GV 03 Hove
46,Statielei 16,2023-02-23,21:00:00,37,22,15,FMN GV 03 Hove
46,Statielei 16,2023-02-23,22:00:00,35,12,23,FMN GV 03 Hove
46,Statielei 16,2023-02-23,23:00:00,17,7,10,FMN GV 03 Hove
46,Statielei 16,2023-02-24,00:00:00,14,3,11,FMN GV 03 Hove
46,Statielei 16,2023-02-24,01:00:00,0,0,0,FMN GV 03 Hove
46,Statielei 16,2023-02-24,02:00:00,3,3,0,FMN GV 03 Hove
46,Statielei 16,2023-02-24,03:00:00,0,0,0,FMN GV 03 Hove
46,Statielei 16,2023-02-24,04:00:00,12,8,4,FMN GV 03 Hove
46,Statielei 16,2023-02-24,05:00:00,26,16,10,FMN GV 03 Hove
46,Statielei 16,2023-02-24,06:00:00,58,38,20,FMN GV 03 Hove
46,Statielei 16,2023-02-24,07:00:00,146,111,35,FMN GV 03 Hove
46,Statielei 16,2023-02-24,08:00:00,164,122,42,FMN GV 03 Hove
46,Statielei 16,2023-02-24,09:00:00,70,50,20,FMN GV 03 Hove
46,Statielei 16,2023-02-24,10:00:00,60,36,24,FMN GV 03 Hove
46,Statielei 16,2023-02-24,11:00:00,61,37,24,FMN GV 03 Hove
46,Statielei 16,2023-02-24,12:00:00,67,35,32,FMN GV 03 Hove
46,Statielei 16,2023-02-24,13:00:00,73,46,27,FMN GV 03 Hove
46,Statielei 16,2023-02-24,14:00:00,75,28,47,FMN GV 03 Hove
46,Statielei 16,2023-02-24,15:00:00,85,39,46,FMN GV 03 Hove
46,Statielei 16,2023-02-24,16:00:00,124,39,85,FMN GV 03 Hove
46,Statielei 16,2023-02-24,17:00:00,140,58,82,FMN GV 03 Hove
46,Statielei 16,2023-02-24,18:00:00,126,56,70,FMN GV 03 Hove
46,Statielei 16,2023-02-24,19:00:00,48,24,24,FMN GV 03 Hove
46,Statielei 16,2023-02-24,20:00:00,48,17,31,FMN GV 03 Hove
46,Statielei 16,2023-02-24,21:00:00,27,17,10,FMN GV 03 Hove
46,Statielei 16,2023-02-24,22:00:00,17,6,11,FMN GV 03 Hove
46,Statielei 16,2023-02-24,23:00:00,20,10,10,FMN GV 03 Hove
46,Statielei 16,2023-02-25,00:00:00,25,10,15,FMN GV 03 Hove
46,Statielei 16,2023-02-25,01:00:00,23,9,14,FMN GV 03 Hove
46,Statielei 16,2023-02-25,02:00:00,6,3,3,FMN GV 03 Hove
46,Statielei 16,2023-02-25,03:00:00,4,0,4,FMN GV 03 Hove
46,Statielei 16,2023-02-25,04:00:00,11,3,8,FMN GV 03 Hove
46,Statielei 16,2023-02-25,05:00:00,14,7,7,FMN GV 03 Hove
46,Statielei 16,2023-02-25,06:00:00,18,8,10,FMN GV 03 Hove
46,Statielei 16,2023-02-25,07:00:00,15,8,7,FMN GV 03 Hove
46,Statielei 16,2023-02-25,08:00:00,29,17,12,FMN GV 03 Hove
46,Statielei 16,2023-02-25,09:00:00,58,41,17,FMN GV 03 Hove
46,Statielei 16,2023-02-25,10:00:00,91,46,45,FMN GV 03 Hove
46,Statielei 16,2023-02-25,11:00:00,85,51,34,FMN GV 03 Hove
46,Statielei 16,2023-02-25,12:00:00,85,44,41,FMN GV 03 Hove
46,Statielei 16,2023-02-25,13:00:00,87,47,40,FMN GV 03 Hove
46,Statielei 16,2023-02-25,14:00:00,85,43,42,FMN GV 03 Hove
46,Statielei 16,2023-02-25,15:00:00,78,48,30,FMN GV 03 Hove
46,Statielei 16,2023-02-25,16:00:00,81,40,41,FMN GV 03 Hove
46,Statielei 16,2023-02-25,17:00:00,87,45,42,FMN GV 03 Hove
46,Statielei 16,2023-02-25,18:00:00,65,45,20,FMN GV 03 Hove
46,Statielei 16,2023-02-25,19:00:00,49,30,19,FMN GV 03 Hove
46,Statielei 16,2023-02-25,20:00:00,32,24,8,FMN GV 03 Hove
46,Statielei 16,2023-02-25,21:00:00,16,8,8,FMN GV 03 Hove
46,Statielei 16,2023-02-25,22:00:00,17,5,12,FMN GV 03 Hove
46,Statielei 16,2023-02-25,23:00:00,23,9,14,FMN GV 03 Hove
46,Statielei 16,2023-02-26,00:00:00,14,6,8,FMN GV 03 Hove
46,Statielei 16,2023-02-26,01:00:00,15,7,8,FMN GV 03 Hove
46,Statielei 16,2023-02-26,02:00:00,8,2,6,FMN GV 03 Hove
46,Statielei 16,2023-02-26,03:00:00,6,2,4,FMN GV 03 Hove
46,Statielei 16,2023-02-26,04:00:00,4,3,1,FMN GV 03 Hove
46,Statielei 16,2023-02-26,05:00:00,10,6,4,FMN GV 03 Hove
46,Statielei 16,2023-02-26,06:00:00,8,3,5,FMN GV 03 Hove
46,Statielei 16,2023-02-26,07:00:00,13,5,8,FMN GV 03 Hove
46,Statielei 16,2023-02-26,08:00:00,24,15,9,FMN GV 03 Hove
46,Statielei 16,2023-02-26,09:00:00,84,46,38,FMN GV 03 Hove
46,Statielei 16,2023-02-26,10:00:00,97,38,59,FMN GV 03 Hove
46,Statielei 16,2023-02-26,11:00:00,110,69,41,FMN GV 03 Hove
46,Statielei 16,2023-02-26,12:00:00,134,78,56,FMN GV 03 Hove
46,Statielei 16,2023-02-26,13:00:00,129,65,64,FMN GV 03 Hove
46,Statielei 16,2023-02-26,14:00:00,132,81,51,FMN GV 03 Hove
46,Statielei 16,2023-02-26,15:00:00,114,69,45,FMN GV 03 Hove
46,Statielei 16,2023-02-26,16:00:00,96,54,42,FMN GV 03 Hove
46,Statielei 16,2023-02-26,17:00:00,86,62,24,FMN GV 03 Hove
46,Statielei 16,2023-02-26,18:00:00,53,34,19,FMN GV 03 Hove
46,Statielei 16,2023-02-26,19:00:00,32,16,16,FMN GV 03 Hove
46,Statielei 16,2023-02-26,20:00:00,42,30,12,FMN GV 03 Hove
46,Statielei 16,2023-02-26,21:00:00,20,11,9,FMN GV 03 Hove
46,Statielei 16,2023-02-26,22:00:00,19,11,8,FMN GV 03 Hove
46,Statielei 16,2023-02-26,23:00:00,8,2,6,FMN GV 03 Hove
46,Statielei 16,2023-02-27,00:00:00,6,2,4,FMN GV 03 Hove
46,Statielei 16,2023-02-27,01:00:00,0,0,0,FMN GV 03 Hove
46,Statielei 16,2023-02-27,02:00:00,1,1,0,FMN GV 03 Hove
46,Statielei 16,2023-02-27,03:00:00,1,0,1,FMN GV 03 Hove
46,Statielei 16,2023-02-27,04:00:00,9,7,2,FMN GV 03 Hove
46,Statielei 16,2023-02-27,05:00:00,21,12,9,FMN GV 03 Hove
46,Statielei 16,2023-02-27,06:00:00,69,47,22,FMN GV 03 Hove
46,Statielei 16,2023-02-27,07:00:00,307,254,53,FMN GV 03 Hove
46,Statielei 16,2023-02-27,08:00:00,354,282,72,FMN GV 03 Hove
46,Statielei 16,2023-02-27,09:00:00,102,81,21,FMN GV 03 Hove
46,Statielei 16,2023-02-27,10:00:00,45,29,16,FMN GV 03 Hove
46,Statielei 16,2023-02-27,11:00:00,73,48,25,FMN GV 03 Hove
46,Statielei 16,2023-02-27,12:00:00,98,57,41,FMN GV 03 Hove
46,Statielei 16,2023-02-27,13:00:00,122,61,61,FMN GV 03 Hove
46,Statielei 16,2023-02-27,14:00:00,86,45,41,FMN GV 03 Hove
46,Statielei 16,2023-02-27,15:00:00,163,74,89,FMN GV 03 Hove
46,Statielei 16,2023-02-27,16:00:00,280,81,199,FMN GV 03 Hove
46,Statielei 16,2023-02-27,17:00:00,312,94,218,FMN GV 03 Hove
46,Statielei 16,2023-02-27,18:00:00,200,66,134,FMN GV 03 Hove
46,Statielei 16,2023-02-27,19:00:00,64,34,30,FMN GV 03 Hove
46,Statielei 16,2023-02-27,20:00:00,42,26,16,FMN GV 03 Hove
46,Statielei 16,2023-02-27,21:00:00,25,12,13,FMN GV 03 Hove
46,Statielei 16,2023-02-27,22:00:00,36,14,22,FMN GV 03 Hove
46,Statielei 16,2023-02-27,23:00:00,9,4,5,FMN GV 03 Hove
46,Statielei 16,2023-02-28,00:00:00,4,1,3,FMN GV 03 Hove
46,Statielei 16,2023-02-28,01:00:00,3,2,1,FMN GV 03 Hove
46,Statielei 16,2023-02-28,02:00:00,2,2,0,FMN GV 03 Hove
46,Statielei 16,2023-02-28,03:00:00,1,1,0,FMN GV 03 Hove
46,Statielei 16,2023-02-28,04:00:00,9,8,1,FMN GV 03 Hove
46,Statielei 16,2023-02-28,05:00:00,20,12,8,FMN GV 03 Hove
46,Statielei 16,2023-02-28,06:00:00,96,70,26,FMN GV 03 Hove
46,Statielei 16,2023-02-28,07:00:00,346,268,78,FMN GV 03 Hove
46,Statielei 16,2023-02-28,08:00:00,425,347,78,FMN GV 03 Hove
46,Statielei 16,2023-02-28,09:00:00,119,90,29,FMN GV 03 Hove
46,Statielei 16,2023-02-28,10:00:00,80,40,40,FMN GV 03 Hove
46,Statielei 16,2023-02-28,11:00:00,89,57,32,FMN GV 03 Hove
46,Statielei 16,2023-02-28,12:00:00,105,54,51,FMN GV 03 Hove
46,Statielei 16,2023-02-28,13:00:00,115,68,47,FMN GV 03 Hove
46,Statielei 16,2023-02-28,14:00:00,101,51,50,FMN GV 03 Hove
46,Statielei 16,2023-02-28,15:00:00,161,68,93,FMN GV 03 Hove
46,Statielei 16,2023-02-28,16:00:00,267,78,189,FMN GV 03 Hove
46,Statielei 16,2023-02-28,17:00:00,321,101,220,FMN GV 03 Hove
46,Statielei 16,2023-02-28,18:00:00,209,60,149,FMN GV 03 Hove
46,Statielei 16,2023-02-28,19:00:00,99,39,60,FMN GV 03 Hove
46,Statielei 16,2023-02-28,20:00:00,49,17,32,FMN GV 03 Hove
46,Statielei 16,2023-02-28,21:00:00,43,22,21,FMN GV 03 Hove
46,Statielei 16,2023-02-28,22:00:00,49,17,32,FMN GV 03 Hove
46,Statielei 16,2023-02-28,23:00:00,12,5,7,FMN GV 03 Hove
46,Statielei 16,2023-03-01,00:00:00,5,2,3,FMN GV 03 Hove
46,Statielei 16,2023-03-01,01:00:00,1,1,0,FMN GV 03 Hove
46,Statielei 16,2023-03-01,02:00:00,4,2,2,FMN GV 03 Hove
46,Statielei 16,2023-03-01,03:00:00,2,1,1,FMN GV 03 Hove
46,Statielei 16,2023-03-01,04:00:00,4,3,1,FMN GV 03 Hove
46,Statielei 16,2023-03-01,05:00:00,31,18,13,FMN GV 03 Hove
46,Statielei 16,2023-03-01,06:00:00,88,66,22,FMN GV 03 Hove
46,Statielei 16,2023-03-01,07:00:00,284,224,60,FMN GV 03 Hove
46,Statielei 16,2023-03-01,08:00:00,356,282,74,FMN GV 03 Hove
46,Statielei 16,2023-03-01,09:00:00,106,78,28,FMN GV 03 Hove
46,Statielei 16,2023-03-01,10:00:00,98,56,42,FMN GV 03 Hove
46,Statielei 16,2023-03-01,11:00:00,101,52,49,FMN GV 03 Hove
46,Statielei 16,2023-03-01,12:00:00,209,82,127,FMN GV 03 Hove
46,Statielei 16,2023-03-01,13:00:00,161,73,88,FMN GV 03 Hove
46,Statielei 16,2023-03-01,14:00:00,116,50,66,FMN GV 03 Hove
46,Statielei 16,2023-03-01,15:00:00,156,75,81,FMN GV 03 Hove
46,Statielei 16,2023-03-01,16:00:00,199,73,126,FMN GV 03 Hove
46,Statielei 16,2023-03-01,17:00:00,280,105,175,FMN GV 03 Hove
46,Statielei 16,2023-03-01,18:00:00,177,78,99,FMN GV 03 Hove
46,Statielei 16,2023-03-01,19:00:00,69,34,35,FMN GV 03 Hove
46,Statielei 16,2023-03-01,20:00:00,60,36,24,FMN GV 03 Hove
46,Statielei 16,2023-03-01,21:00:00,28,13,15,FMN GV 03 Hove
46,Statielei 16,2023-03-01,22:00:00,42,17,25,FMN GV 03 Hove
46,Statielei 16,2023-03-01,23:00:00,23,10,13,FMN GV 03 Hove
46,Statielei 16,2023-03-02,00:00:00,5,2,3,FMN GV 03 Hove
46,Statielei 16,2023-03-02,01:00:00,2,0,2,FMN GV 03 Hove
46,Statielei 16,2023-03-02,02:00:00,1,1,0,FMN GV 03 Hove
46,Statielei 16,2023-03-02,03:00:00,0,0,0,FMN GV 03 Hove
46,Statielei 16,2023-03-02,04:00:00,9,7,2,FMN GV 03 Hove
46,Statielei 16,2023-03-02,05:00:00,15,9,6,FMN GV 03 Hove
46,Statielei 16,2023-03-02,06:00:00,86,60,26,FMN GV 03 Hove
46,Statielei 16,2023-03-02,07:00:00,322,263,59,FMN GV 03 Hove
46,Statielei 16,2023-03-02,08:00:00,406,324,82,FMN GV 03 Hove
46,Statielei 16,2023-03-02,09:00:00,101,77,24,FMN GV 03 Hove
46,Statielei 16,2023-03-02,10:00:00,75,51,24,FMN GV 03 Hove
46,Statielei 16,2023-03-02,11:00:00,79,49,30,FMN GV 03 Hove
46,Statielei 16,2023-03-02,12:00:00,114,66,48,FMN GV 03 Hove
46,Statielei 16,2023-03-02,13:00:00,154,90,64,FMN GV 03 Hove
46,Statielei 16,2023-03-02,14:00:00,118,52,66,FMN GV 03 Hove
46,Statielei 16,2023-03-02,15:00:00,192,85,107,FMN GV 03 Hove
46,Statielei 16,2023-03-02,16:00:00,305,91,214,FMN GV 03 Hove
46,Statielei 16,2023-03-02,17:00:00,368,119,249,FMN GV 03 Hove
46,Statielei 16,2023-03-02,18:00:00,208,80,128,FMN GV 03 Hove
46,Statielei 16,2023-03-02,19:00:00,101,52,49,FMN GV 03 Hove
46,Statielei 16,2023-03-02,20:00:00,50,29,21,FMN GV 03 Hove
46,Statielei 16,2023-03-02,21:00:00,46,17,29,FMN GV 03 Hove
46,Statielei 16,2023-03-02,22:00:00,43,15,28,FMN GV 03 Hove
46,Statielei 16,2023-03-02,23:00:00,23,9,14,FMN GV 03 Hove
46,Statielei 16,2023-03-03,00:00:00,14,4,10,FMN GV 03 Hove
46,Statielei 16,2023-03-03,01:00:00,5,0,5,FMN GV 03 Hove
46,Statielei 16,2023-03-03,02:00:00,7,2,5,FMN GV 03 Hove
46,Statielei 16,2023-03-03,03:00:00,1,1,0,FMN GV 03 Hove
46,Statielei 16,2023-03-03,04:00:00,9,6,3,FMN GV 03 Hove
46,Statielei 16,2023-03-03,05:00:00,19,14,5,FMN GV 03 Hove
46,Statielei 16,2023-03-03,06:00:00,72,55,17,FMN GV 03 Hove
46,Statielei 16,2023-03-03,07:00:00,269,222,47,FMN GV 03 Hove
46,Statielei 16,2023-03-03,08:00:00,341,265,76,FMN GV 03 Hove
46,Statielei 16,2023-03-03,09:00:00,99,72,27,FMN GV 03 Hove
46,Statielei 16,2023-03-03,10:00:00,60,35,25,FMN GV 03 Hove
46,Statielei 16,2023-03-03,11:00:00,55,33,22,FMN GV 03 Hove
46,Statielei 16,2023-03-03,12:00:00,86,49,37,FMN GV 03 Hove
46,Statielei 16,2023-03-03,13:00:00,111,55,56,FMN GV 03 Hove
46,Statielei 16,2023-03-03,14:00:00,106,46,60,FMN GV 03 Hove
46,Statielei 16,2023-03-03,15:00:00,182,78,104,FMN GV 03 Hove
46,Statielei 16,2023-03-03,16:00:00,247,78,169,FMN GV 03 Hove
46,Statielei 16,2023-03-03,17:00:00,260,97,163,FMN GV 03 Hove
46,Statielei 16,2023-03-03,18:00:00,169,74,95,FMN GV 03 Hove
46,Statielei 16,2023-03-03,19:00:00,95,40,55,FMN GV 03 Hove
46,Statielei 16,2023-03-03,20:00:00,68,36,32,FMN GV 03 Hove
46,Statielei 16,2023-03-03,21:00:00,36,15,21,FMN GV 03 Hove
46,Statielei 16,2023-03-03,22:00:00,35,9,26,FMN GV 03 Hove
46,Statielei 16,2023-03-03,23:00:00,40,16,24,FMN GV 03 Hove
46,Statielei 16,2023-03-04,00:00:00,20,6,14,FMN GV 03 Hove
46,Statielei 16,2023-03-04,01:00:00,35,21,14,FMN GV 03 Hove
46,Statielei 16,2023-03-04,02:00:00,22,14,8,FMN GV 03 Hove
46,Statielei 16,2023-03-04,03:00:00,17,10,7,FMN GV 03 Hove
46,Statielei 16,2023-03-04,04:00:00,5,3,2,FMN GV 03 Hove
46,Statielei 16,2023-03-04,05:00:00,12,9,3,FMN GV 03 Hove
46,Statielei 16,2023-03-04,06:00:00,13,11,2,FMN GV 03 Hove
46,Statielei 16,2023-03-04,07:00:00,19,7,12,FMN GV 03 Hove
46,Statielei 16,2023-03-04,08:00:00,44,25,19,FMN GV 03 Hove
46,Statielei 16,2023-03-04,09:00:00,79,53,26,FMN GV 03 Hove
46,Statielei 16,2023-03-04,10:00:00,104,61,43,FMN GV 03 Hove
46,Statielei 16,2023-03-04,11:00:00,108,55,53,FMN GV 03 Hove
46,Statielei 16,2023-03-04,12:00:00,115,66,49,FMN GV 03 Hove
46,Statielei 16,2023-03-04,13:00:00,89,56,33,FMN GV 03 Hove
46,Statielei 16,2023-03-04,14:00:00,120,62,58,FMN GV 03 Hove
46,Statielei 16,2023-03-04,15:00:00,106,59,47,FMN GV 03 Hove
46,Statielei 16,2023-03-04,16:00:00,94,50,44,FMN GV 03 Hove
46,Statielei 16,2023-03-04,17:00:00,78,45,33,FMN GV 03 Hove
46,Statielei 16,2023-03-04,18:00:00,82,40,42,FMN GV 03 Hove
46,Statielei 16,2023-03-04,19:00:00,49,30,19,FMN GV 03 Hove
46,Statielei 16,2023-03-04,20:00:00,37,21,16,FMN GV 03 Hove
46,Statielei 16,2023-03-04,21:00:00,24,13,11,FMN GV 03 Hove
46,Statielei 16,2023-03-04,22:00:00,17,8,9,FMN GV 03 Hove
46,Statielei 16,2023-03-04,23:00:00,27,6,21,FMN GV 03 Hove
46,Statielei 16,2023-03-05,00:00:00,30,17,13,FMN GV 03 Hove
46,Statielei 16,2023-03-05,01:00:00,16,8,8,FMN GV 03 Hove
46,Statielei 16,2023-03-05,02:00:00,18,12,6,FMN GV 03 Hove
46,Statielei 16,2023-03-05,03:00:00,15,10,5,FMN GV 03 Hove
46,Statielei 16,2023-03-05,04:00:00,11,9,2,FMN GV 03 Hove
46,Statielei 16,2023-03-05,05:00:00,9,5,4,FMN GV 03 Hove
46,Statielei 16,2023-03-05,06:00:00,9,4,5,FMN GV 03 Hove
46,Statielei 16,2023-03-05,07:00:00,11,4,7,FMN GV 03 Hove
46,Statielei 16,2023-03-05,08:00:00,23,14,9,FMN GV 03 Hove
46,Statielei 16,2023-03-05,09:00:00,38,23,15,FMN GV 03 Hove
46,Statielei 16,2023-03-05,10:00:00,60,25,35,FMN GV 03 Hove
46,Statielei 16,2023-03-05,11:00:00,53,29,24,FMN GV 03 Hove
46,Statielei 16,2023-03-05,12:00:00,84,54,30,FMN GV 03 Hove
46,Statielei 16,2023-03-05,13:00:00,65,39,26,FMN GV 03 Hove
46,Statielei 16,2023-03-05,14:00:00,79,43,36,FMN GV 03 Hove
46,Statielei 16,2023-03-05,15:00:00,54,32,22,FMN GV 03 Hove
46,Statielei 16,2023-03-05,16:00:00,61,32,29,FMN GV 03 Hove
46,Statielei 16,2023-03-05,17:00:00,51,28,23,FMN GV 03 Hove
46,Statielei 16,2023-03-05,18:00:00,45,23,22,FMN GV 03 Hove
46,Statielei 16,2023-03-05,19:00:00,34,14,20,FMN GV 03 Hove
46,Statielei 16,2023-03-05,20:00:00,24,14,10,FMN GV 03 Hove
46,Statielei 16,2023-03-05,21:00:00,16,7,9,FMN GV 03 Hove
46,Statielei 16,2023-03-05,22:00:00,14,7,7,FMN GV 03 Hove
46,Statielei 16,2023-03-05,23:00:00,9,6,3,FMN GV 03 Hove
46,Statielei 16,2023-03-06,00:00:00,2,2,0,FMN GV 03 Hove
46,Statielei 16,2023-03-06,01:00:00,0,0,0,FMN GV 03 Hove
46,Statielei 16,2023-03-06,02:00:00,1,0,1,FMN GV 03 Hove
46,Statielei 16,2023-03-06,03:00:00,2,1,1,FMN GV 03 Hove
46,Statielei 16,2023-03-06,04:00:00,12,5,7,FMN GV 03 Hove
46,Statielei 16,2023-03-06,05:00:00,22,16,6,FMN GV 03 Hove
46,Statielei 16,2023-03-06,06:00:00,78,57,21,FMN GV 03 Hove
46,Statielei 16,2023-03-06,07:00:00,318,266,52,FMN GV 03 Hove
46,Statielei 16,2023-03-06,08:00:00,355,277,78,FMN GV 03 Hove
46,Statielei 16,2023-03-06,09:00:00,102,67,35,FMN GV 03 Hove
46,Statielei 16,2023-03-06,10:00:00,53,37,16,FMN GV 03 Hove
46,Statielei 16,2023-03-06,11:00:00,55,37,18,FMN GV 03 Hove
46,Statielei 16,2023-03-06,12:00:00,92,49,43,FMN GV 03 Hove
46,Statielei 16,2023-03-06,13:00:00,106,58,48,FMN GV 03 Hove
46,Statielei 16,2023-03-06,14:00:00,92,49,43,FMN GV 03 Hove
46,Statielei 16,2023-03-06,15:00:00,170,65,105,FMN GV 03 Hove
46,Statielei 16,2023-03-06,16:00:00,262,90,172,FMN GV 03 Hove
46,Statielei 16,2023-03-06,17:00:00,312,88,224,FMN GV 03 Hove
46,Statielei 16,2023-03-06,18:00:00,137,55,82,FMN GV 03 Hove
46,Statielei 16,2023-03-06,19:00:00,55,25,30,FMN GV 03 Hove
46,Statielei 16,2023-03-06,20:00:00,31,14,17,FMN GV 03 Hove
46,Statielei 16,2023-03-06,21:00:00,22,10,12,FMN GV 03 Hove
46,Statielei 16,2023-03-06,22:00:00,35,15,20,FMN GV 03 Hove
46,Statielei 16,2023-03-06,23:00:00,4,2,2,FMN GV 03 Hove
46,Statielei 16,2023-03-07,00:00:00,6,2,4,FMN GV 03 Hove
46,Statielei 16,2023-03-07,01:00:00,0,0,0,FMN GV 03 Hove
46,Statielei 16,2023-03-07,02:00:00,1,0,1,FMN GV 03 Hove
46,Statielei 16,2023-03-07,03:00:00,2,2,0,FMN GV 03 Hove
46,Statielei 16,2023-03-07,04:00:00,7,4,3,FMN GV 03 Hove
46,Statielei 16,2023-03-07,05:00:00,20,13,7,FMN GV 03 Hove
46,Statielei 16,2023-03-07,06:00:00,70,52,18,FMN GV 03 Hove
46,Statielei 16,2023-03-07,07:00:00,246,195,51,FMN GV 03 Hove
46,Statielei 16,2023-03-07,08:00:00,319,262,57,FMN GV 03 Hove
46,Statielei 16,2023-03-07,09:00:00,67,50,17,FMN GV 03 Hove
46,Statielei 16,2023-03-07,10:00:00,31,19,12,FMN GV 03 Hove
46,Statielei 16,2023-03-07,11:00:00,29,17,12,FMN GV 03 Hove
46,Statielei 16,2023-03-07,12:00:00,63,41,22,FMN GV 03 Hove
46,Statielei 16,2023-03-07,13:00:00,54,28,26,FMN GV 03 Hove
46,Statielei 16,2023-03-07,14:00:00,39,19,20,FMN GV 03 Hove
46,Statielei 16,2023-03-07,15:00:00,91,33,58,FMN GV 03 Hove
46,Statielei 16,2023-03-07,16:00:00,178,37,141,FMN GV 03 Hove
46,Statielei 16,2023-03-07,17:00:00,202,52,150,FMN GV 03 Hove
46,Statielei 16,2023-03-07,18:00:00,118,33,85,FMN GV 03 Hove
46,Statielei 16,2023-03-07,19:00:00,48,26,22,FMN GV 03 Hove
46,Statielei 16,2023-03-07,20:00:00,22,7,15,FMN GV 03 Hove
46,Statielei 16,2023-03-07,21:00:00,21,7,14,FMN GV 03 Hove
46,Statielei 16,2023-03-07,22:00:00,33,14,19,FMN GV 03 Hove
46,Statielei 16,2023-03-07,23:00:00,8,5,3,FMN GV 03 Hove
46,Statielei 16,2023-03-08,00:00:00,2,1,1,FMN GV 03 Hove
46,Statielei 16,2023-03-08,01:00:00,1,0,1,FMN GV 03 Hove
46,Statielei 16,2023-03-08,02:00:00,1,1,0,FMN GV 03 Hove
46,Statielei 16,2023-03-08,03:00:00,0,0,0,FMN GV 03 Hove
46,Statielei 16,2023-03-08,04:00:00,5,3,2,FMN GV 03 Hove
46,Statielei 16,2023-03-08,05:00:00,9,7,2,FMN GV 03 Hove
46,Statielei 16,2023-03-08,06:00:00,51,40,11,FMN GV 03 Hove
46,Statielei 16,2023-03-08,07:00:00,138,120,18,FMN GV 03 Hove
46,Statielei 16,2023-03-08,08:00:00,162,132,30,FMN GV 03 Hove
46,Statielei 16,2023-03-08,09:00:00,36,25,11,FMN GV 03 Hove
46,Statielei 16,2023-03-08,10:00:00,24,12,12,FMN GV 03 Hove
46,Statielei 16,2023-03-08,11:00:00,36,17,19,FMN GV 03 Hove
46,Statielei 16,2023-03-08,12:00:00,94,40,54,FMN GV 03 Hove
46,Statielei 16,2023-03-08,13:00:00,80,33,47,FMN GV 03 Hove
46,Statielei 16,2023-03-08,14:00:00,53,31,22,FMN GV 03 Hove
46,Statielei 16,2023-03-08,15:00:00,60,25,35,FMN GV 03 Hove
46,Statielei 16,2023-03-08,16:00:00,72,23,49,FMN GV 03 Hove
46,Statielei 16,2023-03-08,17:00:00,128,41,87,FMN GV 03 Hove
46,Statielei 16,2023-03-08,18:00:00,72,33,39,FMN GV 03 Hove
46,Statielei 16,2023-03-08,19:00:00,35,14,21,FMN GV 03 Hove
46,Statielei 16,2023-03-08,20:00:00,12,6,6,FMN GV 03 Hove
46,Statielei 16,2023-03-08,21:00:00,14,3,11,FMN GV 03 Hove
46,Statielei 16,2023-03-08,22:00:00,25,9,16,FMN GV 03 Hove
46,Statielei 16,2023-03-08,23:00:00,7,3,4,FMN GV 03 Hove
46,Statielei 16,2023-03-09,00:00:00,5,3,2,FMN GV 03 Hove
46,Statielei 16,2023-03-09,01:00:00,0,0,0,FMN GV 03 Hove
46,Statielei 16,2023-03-09,02:00:00,0,0,0,FMN GV 03 Hove
46,Statielei 16,2023-03-09,03:00:00,2,2,0,FMN GV 03 Hove
46,Statielei 16,2023-03-09,04:00:00,6,5,1,FMN GV 03 Hove
46,Statielei 16,2023-03-09,05:00:00,15,8,7,FMN GV 03 Hove
46,Statielei 16,2023-03-09,06:00:00,67,47,20,FMN GV 03 Hove
46,Statielei 16,2023-03-09,07:00:00,222,181,41,FMN GV 03 Hove
46,Statielei 16,2023-03-09,08:00:00,309,250,59,FMN GV 03 Hove
46,Statielei 16,2023-03-09,09:00:00,86,59,27,FMN GV 03 Hove
46,Statielei 16,2023-03-09,10:00:00,60,38,22,FMN GV 03 Hove
46,Statielei 16,2023-03-09,11:00:00,39,29,10,FMN GV 03 Hove
46,Statielei 16,2023-03-09,12:00:00,75,44,31,FMN GV 03 Hove
46,Statielei 16,2023-03-09,13:00:00,46,23,23,FMN GV 03 Hove
46,Statielei 16,2023-03-09,14:00:00,60,27,33,FMN GV 03 Hove
46,Statielei 16,2023-03-09,15:00:00,110,41,69,FMN GV 03 Hove
46,Statielei 16,2023-03-09,16:00:00,194,58,136,FMN GV 03 Hove
46,Statielei 16,2023-03-09,17:00:00,218,66,152,FMN GV 03 Hove
46,Statielei 16,2023-03-09,18:00:00,151,47,104,FMN GV 03 Hove
46,Statielei 16,2023-03-09,19:00:00,58,23,35,FMN GV 03 Hove
46,Statielei 16,2023-03-09,20:00:00,43,19,24,FMN GV 03 Hove
46,Statielei 16,2023-03-09,21:00:00,27,4,23,FMN GV 03 Hove
46,Statielei 16,2023-03-09,22:00:00,27,10,17,FMN GV 03 Hove
46,Statielei 16,2023-03-09,23:00:00,12,3,9,FMN GV 03 Hove
46,Statielei 16,2023-03-10,00:00:00,11,4,7,FMN GV 03 Hove
46,Statielei 16,2023-03-10,01:00:00,4,3,1,FMN GV 03 Hove
46,Statielei 16,2023-03-10,02:00:00,2,0,2,FMN GV 03 Hove
46,Statielei 16,2023-03-10,03:00:00,3,2,1,FMN GV 03 Hove
46,Statielei 16,2023-03-10,04:00:00,6,4,2,FMN GV 03 Hove
46,Statielei 16,2023-03-10,05:00:00,14,9,5,FMN GV 03 Hove
46,Statielei 16,2023-03-10,06:00:00,53,36,17,FMN GV 03 Hove
46,Statielei 16,2023-03-10,07:00:00,229,175,54,FMN GV 03 Hove
46,Statielei 16,2023-03-10,08:00:00,298,239,59,FMN GV 03 Hove
46,Statielei 16,2023-03-10,09:00:00,75,65,10,FMN GV 03 Hove
46,Statielei 16,2023-03-10,10:00:00,44,29,15,FMN GV 03 Hove
46,Statielei 16,2023-03-10,11:00:00,36,23,13,FMN GV 03 Hove
46,Statielei 16,2023-03-10,12:00:00,77,29,48,FMN GV 03 Hove
46,Statielei 16,2023-03-10,13:00:00,72,33,39,FMN GV 03 Hove
46,Statielei 16,2023-03-10,14:00:00,57,30,27,FMN GV 03 Hove
46,Statielei 16,2023-03-10,15:00:00,120,43,77,FMN GV 03 Hove
46,Statielei 16,2023-03-10,16:00:00,176,63,113,FMN GV 03 Hove
46,Statielei 16,2023-03-10,17:00:00,161,45,116,FMN GV 03 Hove
46,Statielei 16,2023-03-10,18:00:00,106,49,57,FMN GV 03 Hove
46,Statielei 16,2023-03-10,19:00:00,47,27,20,FMN GV 03 Hove
46,Statielei 16,2023-03-10,20:00:00,41,19,22,FMN GV 03 Hove
46,Statielei 16,2023-03-10,21:00:00,18,10,8,FMN GV 03 Hove
46,Statielei 16,2023-03-10,22:00:00,14,5,9,FMN GV 03 Hove
46,Statielei 16,2023-03-10,23:00:00,25,12,13,FMN GV 03 Hove
46,Statielei 16,2023-03-11,00:00:00,19,6,13,FMN GV 03 Hove
46,Statielei 16,2023-03-11,01:00:00,12,6,6,FMN GV 03 Hove
46,Statielei 16,2023-03-11,02:00:00,12,8,4,FMN GV 03 Hove
46,Statielei 16,2023-03-11,03:00:00,6,3,3,FMN GV 03 Hove
46,Statielei 16,2023-03-11,04:00:00,5,2,3,FMN GV 03 Hove
46,Statielei 16,2023-03-11,05:00:00,9,7,2,FMN GV 03 Hove
46,Statielei 16,2023-03-11,06:00:00,9,6,3,FMN GV 03 Hove
46,Statielei 16,2023-03-11,07:00:00,7,5,2,FMN GV 03 Hove
46,Statielei 16,2023-03-11,08:00:00,50,29,21,FMN GV 03 Hove
46,Statielei 16,2023-03-11,09:00:00,55,34,21,FMN GV 03 Hove
46,Statielei 16,2023-03-11,10:00:00,114,70,44,FMN GV 03 Hove
46,Statielei 16,2023-03-11,11:00:00,106,49,57,FMN GV 03 Hove
46,Statielei 16,2023-03-11,12:00:00,153,91,62,FMN GV 03 Hove
46,Statielei 16,2023-03-11,13:00:00,216,140,76,FMN GV 03 Hove
46,Statielei 16,2023-03-11,14:00:00,216,123,93,FMN GV 03 Hove
46,Statielei 16,2023-03-11,15:00:00,207,106,101,FMN GV 03 Hove
46,Statielei 16,2023-03-11,16:00:00,172,74,98,FMN GV 03 Hove
46,Statielei 16,2023-03-11,17:00:00,148,71,77,FMN GV 03 Hove
46,Statielei 16,2023-03-11,18:00:00,101,51,50,FMN GV 03 Hove
46,Statielei 16,2023-03-11,19:00:00,55,26,29,FMN GV 03 Hove
46,Statielei 16,2023-03-11,20:00:00,35,20,15,FMN GV 03 Hove
46,Statielei 16,2023-03-11,21:00:00,37,23,14,FMN GV 03 Hove
46,Statielei 16,2023-03-11,22:00:00,35,16,19,FMN GV 03 Hove
46,Statielei 16,2023-03-11,23:00:00,29,11,18,FMN GV 03 Hove
46,Statielei 16,2023-03-12,00:00:00,21,5,16,FMN GV 03 Hove
46,Statielei 16,2023-03-12,01:00:00,12,4,8,FMN GV 03 Hove
46,Statielei 16,2023-03-12,02:00:00,15,8,7,FMN GV 03 Hove
46,Statielei 16,2023-03-12,03:00:00,5,0,5,FMN GV 03 Hove
46,Statielei 16,2023-03-12,04:00:00,13,2,11,FMN GV 03 Hove
46,Statielei 16,2023-03-12,05:00:00,8,6,2,FMN GV 03 Hove
46,Statielei 16,2023-03-12,06:00:00,16,9,7,FMN GV 03 Hove
46,Statielei 16,2023-03-12,07:00:00,16,8,8,FMN GV 03 Hove
46,Statielei 16,2023-03-12,08:00:00,17,9,8,FMN GV 03 Hove
46,Statielei 16,2023-03-12,09:00:00,74,28,46,FMN GV 03 Hove
46,Statielei 16,2023-03-12,10:00:00,58,22,36,FMN GV 03 Hove
46,Statielei 16,2023-03-12,11:00:00,57,27,30,FMN GV 03 Hove
46,Statielei 16,2023-03-12,12:00:00,97,52,45,FMN GV 03 Hove
46,Statielei 16,2023-03-12,13:00:00,101,47,54,FMN GV 03 Hove
46,Statielei 16,2023-03-12,14:00:00,104,57,47,FMN GV 03 Hove
46,Statielei 16,2023-03-12,15:00:00,98,68,30,FMN GV 03 Hove
46,Statielei 16,2023-03-12,16:00:00,85,38,47,FMN GV 03 Hove
46,Statielei 16,2023-03-12,17:00:00,77,45,32,FMN GV 03 Hove
46,Statielei 16,2023-03-12,18:00:00,56,34,22,FMN GV 03 Hove
46,Statielei 16,2023-03-12,19:00:00,37,24,13,FMN GV 03 Hove
46,Statielei 16,2023-03-12,20:00:00,20,10,10,FMN GV 03 Hove
46,Statielei 16,2023-03-12,21:00:00,16,7,9,FMN GV 03 Hove
46,Statielei 16,2023-03-12,22:00:00,10,5,5,FMN GV 03 Hove
46,Statielei 16,2023-03-12,23:00:00,10,4,6,FMN GV 03 Hove
46,Statielei 16,2023-03-13,00:00:00,1,0,1,FMN GV 03 Hove
46,Statielei 16,2023-03-13,01:00:00,5,0,5,FMN GV 03 Hove
46,Statielei 16,2023-03-13,02:00:00,1,0,1,FMN GV 03 Hove
46,Statielei 16,2023-03-13,03:00:00,1,1,0,FMN GV 03 Hove
46,Statielei 16,2023-03-13,04:00:00,11,7,4,FMN GV 03 Hove
46,Statielei 16,2023-03-13,05:00:00,27,16,11,FMN GV 03 Hove
46,Statielei 16,2023-03-13,06:00:00,73,58,15,FMN GV 03 Hove
46,Statielei 16,2023-03-13,07:00:00,295,239,56,FMN GV 03 Hove
46,Statielei 16,2023-03-13,08:00:00,362,279,83,FMN GV 03 Hove
46,Statielei 16,2023-03-13,09:00:00,87,60,27,FMN GV 03 Hove
46,Statielei 16,2023-03-13,10:00:00,61,36,25,FMN GV 03 Hove
46,Statielei 16,2023-03-13,11:00:00,64,44,20,FMN GV 03 Hove
46,Statielei 16,2023-03-13,12:00:00,98,57,41,FMN GV 03 Hove
46,Statielei 16,2023-03-13,13:00:00,77,37,40,FMN GV 03 Hove
46,Statielei 16,2023-03-13,14:00:00,82,48,34,FMN GV 03 Hove
46,Statielei 16,2023-03-13,15:00:00,119,45,74,FMN GV 03 Hove
46,Statielei 16,2023-03-13,16:00:00,266,77,189,FMN GV 03 Hove
46,Statielei 16,2023-03-13,17:00:00,304,91,213,FMN GV 03 Hove
46,Statielei 16,2023-03-13,18:00:00,178,70,108,FMN GV 03 Hove
46,Statielei 16,2023-03-13,19:00:00,84,37,47,FMN GV 03 Hove
46,Statielei 16,2023-03-13,20:00:00,49,26,23,FMN GV 03 Hove
46,Statielei 16,2023-03-13,21:00:00,25,11,14,FMN GV 03 Hove
46,Statielei 16,2023-03-13,22:00:00,38,18,20,FMN GV 03 Hove
46,Statielei 16,2023-03-13,23:00:00,10,3,7,FMN GV 03 Hove
46,Statielei 16,2023-03-14,00:00:00,2,0,2,FMN GV 03 Hove
46,Statielei 16,2023-03-14,01:00:00,1,0,1,FMN GV 03 Hove
46,Statielei 16,2023-03-14,02:00:00,1,1,0,FMN GV 03 Hove
46,Statielei 16,2023-03-14,03:00:00,0,0,0,FMN GV 03 Hove
46,Statielei 16,2023-03-14,04:00:00,12,8,4,FMN GV 03 Hove
46,Statielei 16,2023-03-14,05:00:00,25,15,10,FMN GV 03 Hove
46,Statielei 16,2023-03-14,06:00:00,69,50,19,FMN GV 03 Hove
46,Statielei 16,2023-03-14,07:00:00,242,195,47,FMN GV 03 Hove
46,Statielei 16,2023-03-14,08:00:00,272,220,52,FMN GV 03 Hove
46,Statielei 16,2023-03-14,09:00:00,76,56,20,FMN GV 03 Hove
46,Statielei 16,2023-03-14,10:00:00,47,32,15,FMN GV 03 Hove
46,Statielei 16,2023-03-14,11:00:00,39,20,19,FMN GV 03 Hove
46,Statielei 16,2023-03-14,12:00:00,59,33,26,FMN GV 03 Hove
46,Statielei 16,2023-03-14,13:00:00,60,27,33,FMN GV 03 Hove
46,Statielei 16,2023-03-14,14:00:00,55,22,33,FMN GV 03 Hove
46,Statielei 16,2023-03-14,15:00:00,107,44,63,FMN GV 03 Hove
46,Statielei 16,2023-03-14,16:00:00,200,60,140,FMN GV 03 Hove
46,Statielei 16,2023-03-14,17:00:00,226,71,155,FMN GV 03 Hove
46,Statielei 16,2023-03-14,18:00:00,139,48,91,FMN GV 03 Hove
46,Statielei 16,2023-03-14,19:00:00,65,28,37,FMN GV 03 Hove
46,Statielei 16,2023-03-14,20:00:00,31,19,12,FMN GV 03 Hove
46,Statielei 16,2023-03-14,21:00:00,34,18,16,FMN GV 03 Hove
46,Statielei 16,2023-03-14,22:00:00,30,15,15,FMN GV 03 Hove
46,Statielei 16,2023-03-14,23:00:00,14,5,9,FMN GV 03 Hove
46,Statielei 16,2023-03-15,00:00:00,5,3,2,FMN GV 03 Hove
46,Statielei 16,2023-03-15,01:00:00,3,1,2,FMN GV 03 Hove
46,Statielei 16,2023-03-15,02:00:00,1,1,0,FMN GV 03 Hove
46,Statielei 16,2023-03-15,03:00:00,2,0,2,FMN GV 03 Hove
46,Statielei 16,2023-03-15,04:00:00,7,4,3,FMN GV 03 Hove
46,Statielei 16,2023-03-15,05:00:00,20,11,9,FMN GV 03 Hove
46,Statielei 16,2023-03-15,06:00:00,76,51,25,FMN GV 03 Hove
46,Statielei 16,2023-03-15,07:00:00,289,229,60,FMN GV 03 Hove
46,Statielei 16,2023-03-15,08:00:00,323,264,59,FMN GV 03 Hove
46,Statielei 16,2023-03-15,09:00:00,131,98,33,FMN GV 03 Hove
46,Statielei 16,2023-03-15,10:00:00,88,49,39,FMN GV 03 Hove
46,Statielei 16,2023-03-15,11:00:00,118,60,58,FMN GV 03 Hove
46,Statielei 16,2023-03-15,12:00:00,187,68,119,FMN GV 03 Hove
46,Statielei 16,2023-03-15,13:00:00,162,70,92,FMN GV 03 Hove
46,Statielei 16,2023-03-15,14:00:00,126,50,76,FMN GV 03 Hove
46,Statielei 16,2023-03-15,15:00:00,131,54,77,FMN GV 03 Hove
46,Statielei 16,2023-03-15,16:00:00,209,84,125,FMN GV 03 Hove
46,Statielei 16,2023-03-15,17:00:00,295,93,202,FMN GV 03 Hove
46,Statielei 16,2023-03-15,18:00:00,174,71,103,FMN GV 03 Hove
46,Statielei 16,2023-03-15,19:00:00,86,46,40,FMN GV 03 Hove
46,Statielei 16,2023-03-15,20:00:00,39,22,17,FMN GV 03 Hove
46,Statielei 16,2023-03-15,21:00:00,34,11,23,FMN GV 03 Hove
46,Statielei 16,2023-03-15,22:00:00,48,20,28,FMN GV 03 Hove
46,Statielei 16,2023-03-15,23:00:00,26,11,15,FMN GV 03 Hove
46,Statielei 16,2023-03-16,00:00:00,9,4,5,FMN GV 03 Hove
46,Statielei 16,2023-03-16,01:00:00,1,0,1,FMN GV 03 Hove
46,Statielei 16,2023-03-16,02:00:00,2,1,1,FMN GV 03 Hove
46,Statielei 16,2023-03-16,03:00:00,2,1,1,FMN GV 03 Hove
46,Statielei 16,2023-03-16,04:00:00,9,6,3,FMN GV 03 Hove
46,Statielei 16,2023-03-16,05:00:00,19,13,6,FMN GV 03 Hove
46,Statielei 16,2023-03-16,06:00:00,92,63,29,FMN GV 03 Hove
46,Statielei 16,2023-03-16,07:00:00,359,282,77,FMN GV 03 Hove
46,Statielei 16,2023-03-16,08:00:00,418,328,90,FMN GV 03 Hove
46,Statielei 16,2023-03-16,09:00:00,95,73,22,FMN GV 03 Hove
46,Statielei 16,2023-03-16,10:00:00,79,53,26,FMN GV 03 Hove
46,Statielei 16,2023-03-16,11:00:00,78,44,34,FMN GV 03 Hove
46,Statielei 16,2023-03-16,12:00:00,134,73,61,FMN GV 03 Hove
46,Statielei 16,2023-03-16,13:00:00,149,74,75,FMN GV 03 Hove
46,Statielei 16,2023-03-16,14:00:00,166,94,72,FMN GV 03 Hove
46,Statielei 16,2023-03-16,15:00:00,215,85,130,FMN GV 03 Hove
46,Statielei 16,2023-03-16,16:00:00,318,111,207,FMN GV 03 Hove
46,Statielei 16,2023-03-16,17:00:00,381,119,262,FMN GV 03 Hove
46,Statielei 16,2023-03-16,18:00:00,241,90,151,FMN GV 03 Hove
46,Statielei 16,2023-03-16,19:00:00,105,47,58,FMN GV 03 Hove
46,Statielei 16,2023-03-16,20:00:00,63,29,34,FMN GV 03 Hove
46,Statielei 16,2023-03-16,21:00:00,49,23,26,FMN GV 03 Hove
46,Statielei 16,2023-03-16,22:00:00,54,20,34,FMN GV 03 Hove
46,Statielei 16,2023-03-16,23:00:00,28,10,18,FMN GV 03 Hove
46,Statielei 16,2023-03-17,00:00:00,14,6,8,FMN GV 03 Hove
46,Statielei 16,2023-03-17,01:00:00,2,2,0,FMN GV 03 Hove
46,Statielei 16,2023-03-17,02:00:00,4,0,4,FMN GV 03 Hove
46,Statielei 16,2023-03-17,03:00:00,7,2,5,FMN GV 03 Hove
46,Statielei 16,2023-03-17,04:00:00,9,6,3,FMN GV 03 Hove
46,Statielei 16,2023-03-17,05:00:00,26,15,11,FMN GV 03 Hove
46,Statielei 16,2023-03-17,06:00:00,72,46,26,FMN GV 03 Hove
46,Statielei 16,2023-03-17,07:00:00,289,219,70,FMN GV 03 Hove
46,Statielei 16,2023-03-17,08:00:00,382,290,92,FMN GV 03 Hove
46,Statielei 16,2023-03-17,09:00:00,118,92,26,FMN GV 03 Hove
46,Statielei 16,2023-03-17,10:00:00,83,51,32,FMN GV 03 Hove
46,Statielei 16,2023-03-17,11:00:00,79,47,32,FMN GV 03 Hove
46,Statielei 16,2023-03-17,12:00:00,113,51,62,FMN GV 03 Hove
46,Statielei 16,2023-03-17,13:00:00,151,88,63,FMN GV 03 Hove
46,Statielei 16,2023-03-17,14:00:00,148,69,79,FMN GV 03 Hove
46,Statielei 16,2023-03-17,15:00:00,238,99,139,FMN GV 03 Hove
46,Statielei 16,2023-03-17,16:00:00,313,97,216,FMN GV 03 Hove
46,Statielei 16,2023-03-17,17:00:00,291,114,177,FMN GV 03 Hove
46,Statielei 16,2023-03-17,18:00:00,196,98,98,FMN GV 03 Hove
46,Statielei 16,2023-03-17,19:00:00,118,65,53,FMN GV 03 Hove
46,Statielei 16,2023-03-17,20:00:00,48,24,24,FMN GV 03 Hove
46,Statielei 16,2023-03-17,21:00:00,41,16,25,FMN GV 03 Hove
46,Statielei 16,2023-03-17,22:00:00,40,17,23,FMN GV 03 Hove
46,Statielei 16,2023-03-17,23:00:00,36,14,22,FMN GV 03 Hove
46,Statielei 16,2023-03-18,00:00:00,21,11,10,FMN GV 03 Hove
46,Statielei 16,2023-03-18,01:00:00,29,12,17,FMN GV 03 Hove
46,Statielei 16,2023-03-18,02:00:00,15,7,8,FMN GV 03 Hove
46,Statielei 16,2023-03-18,03:00:00,15,8,7,FMN GV 03 Hove
46,Statielei 16,2023-03-18,04:00:00,7,7,0,FMN GV 03 Hove
46,Statielei 16,2023-03-18,05:00:00,7,3,4,FMN GV 03 Hove
46,Statielei 16,2023-03-18,06:00:00,19,13,6,FMN GV 03 Hove
46,Statielei 16,2023-03-18,07:00:00,19,6,13,FMN GV 03 Hove
46,Statielei 16,2023-03-18,08:00:00,52,28,24,FMN GV 03 Hove
46,Statielei 16,2023-03-18,09:00:00,96,55,41,FMN GV 03 Hove
46,Statielei 16,2023-03-18,10:00:00,142,78,64,FMN GV 03 Hove
46,Statielei 16,2023-03-18,11:00:00,153,84,69,FMN GV 03 Hove
46,Statielei 16,2023-03-18,12:00:00,109,53,56,FMN GV 03 Hove
46,Statielei 16,2023-03-18,13:00:00,149,89,60,FMN GV 03 Hove
46,Statielei 16,2023-03-18,14:00:00,158,86,72,FMN GV 03 Hove
46,Statielei 16,2023-03-18,15:00:00,177,93,84,FMN GV 03 Hove
46,Statielei 16,2023-03-18,16:00:00,122,60,62,FMN GV 03 Hove
46,Statielei 16,2023-03-18,17:00:00,119,61,58,FMN GV 03 Hove
46,Statielei 16,2023-03-18,18:00:00,107,47,60,FMN GV 03 Hove
46,Statielei 16,2023-03-18,19:00:00,38,23,15,FMN GV 03 Hove
46,Statielei 16,2023-03-18,20:00:00,45,21,24,FMN GV 03 Hove
46,Statielei 16,2023-03-18,21:00:00,24,17,7,FMN GV 03 Hove
46,Statielei 16,2023-03-18,22:00:00,22,8,14,FMN GV 03 Hove
46,Statielei 16,2023-03-18,23:00:00,24,14,10,FMN GV 03 Hove
46,Statielei 16,2023-03-19,00:00:00,26,11,15,FMN GV 03 Hove
46,Statielei 16,2023-03-19,01:00:00,9,2,7,FMN GV 03 Hove
46,Statielei 16,2023-03-19,02:00:00,10,5,5,FMN GV 03 Hove
46,Statielei 16,2023-03-19,03:00:00,15,7,8,FMN GV 03 Hove
46,Statielei 16,2023-03-19,04:00:00,4,1,3,FMN GV 03 Hove
46,Statielei 16,2023-03-19,05:00:00,13,7,6,FMN GV 03 Hove
46,Statielei 16,2023-03-19,06:00:00,11,8,3,FMN GV 03 Hove
46,Statielei 16,2023-03-19,07:00:00,19,10,9,FMN GV 03 Hove
46,Statielei 16,2023-03-19,08:00:00,36,14,22,FMN GV 03 Hove
46,Statielei 16,2023-03-19,09:00:00,109,52,57,FMN GV 03 Hove
46,Statielei 16,2023-03-19,10:00:00,119,54,65,FMN GV 03 Hove
46,Statielei 16,2023-03-19,11:00:00,122,80,42,FMN GV 03 Hove
46,Statielei 16,2023-03-19,12:00:00,140,95,45,FMN GV 03 Hove
46,Statielei 16,2023-03-19,13:00:00,122,76,46,FMN GV 03 Hove
46,Statielei 16,2023-03-19,14:00:00,145,67,78,FMN GV 03 Hove
46,Statielei 16,2023-03-19,15:00:00,117,61,56,FMN GV 03 Hove
46,Statielei 16,2023-03-19,16:00:00,85,45,40,FMN GV 03 Hove
46,Statielei 16,2023-03-19,17:00:00,84,44,40,FMN GV 03 Hove
46,Statielei 16,2023-03-19,18:00:00,55,27,28,FMN GV 03 Hove
46,Statielei 16,2023-03-19,19:00:00,27,12,15,FMN GV 03 Hove
46,Statielei 16,2023-03-19,20:00:00,37,21,16,FMN GV 03 Hove
46,Statielei 16,2023-03-19,21:00:00,15,12,3,FMN GV 03 Hove
46,Statielei 16,2023-03-19,22:00:00,20,11,9,FMN GV 03 Hove
46,Statielei 16,2023-03-19,23:00:00,8,1,7,FMN GV 03 Hove
46,Statielei 16,2023-03-20,00:00:00,6,3,3,FMN GV 03 Hove
46,Statielei 16,2023-03-20,01:00:00,1,0,1,FMN GV 03 Hove
46,Statielei 16,2023-03-20,02:00:00,1,0,1,FMN GV 03 Hove
46,Statielei 16,2023-03-20,03:00:00,1,1,0,FMN GV 03 Hove
46,Statielei 16,2023-03-20,04:00:00,13,9,4,FMN GV 03 Hove
46,Statielei 16,2023-03-20,05:00:00,26,18,8,FMN GV 03 Hove
46,Statielei 16,2023-03-20,06:00:00,96,67,29,FMN GV 03 Hove
46,Statielei 16,2023-03-20,07:00:00,361,295,66,FMN GV 03 Hove
46,Statielei 16,2023-03-20,08:00:00,417,331,86,FMN GV 03 Hove
46,Statielei 16,2023-03-20,09:00:00,95,69,26,FMN GV 03 Hove
46,Statielei 16,2023-03-20,10:00:00,62,39,23,FMN GV 03 Hove
46,Statielei 16,2023-03-20,11:00:00,55,31,24,FMN GV 03 Hove
46,Statielei 16,2023-03-20,12:00:00,107,65,42,FMN GV 03 Hove
46,Statielei 16,2023-03-20,13:00:00,116,58,58,FMN GV 03 Hove
46,Statielei 16,2023-03-20,14:00:00,78,31,47,FMN GV 03 Hove
46,Statielei 16,2023-03-20,15:00:00,150,50,100,FMN GV 03 Hove
46,Statielei 16,2023-03-20,16:00:00,260,69,191,FMN GV 03 Hove
46,Statielei 16,2023-03-20,17:00:00,322,91,231,FMN GV 03 Hove
46,Statielei 16,2023-03-20,18:00:00,185,67,118,FMN GV 03 Hove
46,Statielei 16,2023-03-20,19:00:00,70,28,42,FMN GV 03 Hove
46,Statielei 16,2023-03-20,20:00:00,57,22,35,FMN GV 03 Hove
46,Statielei 16,2023-03-20,21:00:00,33,10,23,FMN GV 03 Hove
46,Statielei 16,2023-03-20,22:00:00,37,17,20,FMN GV 03 Hove
46,Statielei 16,2023-03-20,23:00:00,14,7,7,FMN GV 03 Hove
46,Statielei 16,2023-03-21,00:00:00,1,0,1,FMN GV 03 Hove
46,Statielei 16,2023-03-21,01:00:00,2,0,2,FMN GV 03 Hove
46,Statielei 16,2023-03-21,02:00:00,1,0,1,FMN GV 03 Hove
46,Statielei 16,2023-03-21,03:00:00,1,1,0,FMN GV 03 Hove
46,Statielei 16,2023-03-21,04:00:00,7,2,5,FMN GV 03 Hove
46,Statielei 16,2023-03-21,05:00:00,20,14,6,FMN GV 03 Hove
46,Statielei 16,2023-03-21,06:00:00,117,83,34,FMN GV 03 Hove
46,Statielei 16,2023-03-21,07:00:00,297,238,59,FMN GV 03 Hove
46,Statielei 16,2023-03-21,08:00:00,398,315,83,FMN GV 03 Hove
46,Statielei 16,2023-03-21,09:00:00,98,56,42,FMN GV 03 Hove
46,Statielei 16,2023-03-21,10:00:00,76,46,30,FMN GV 03 Hove
46,Statielei 16,2023-03-21,11:00:00,74,47,27,FMN GV 03 Hove
46,Statielei 16,2023-03-21,12:00:00,98,59,39,FMN GV 03 Hove
46,Statielei 16,2023-03-21,13:00:00,109,57,52,FMN GV 03 Hove
46,Statielei 16,2023-03-21,14:00:00,90,39,51,FMN GV 03 Hove
46,Statielei 16,2023-03-21,15:00:00,157,50,107,FMN GV 03 Hove
46,Statielei 16,2023-03-21,16:00:00,261,73,188,FMN GV 03 Hove
46,Statielei 16,2023-03-21,17:00:00,301,83,218,FMN GV 03 Hove
46,Statielei 16,2023-03-21,18:00:00,166,56,110,FMN GV 03 Hove
46,Statielei 16,2023-03-21,19:00:00,85,36,49,FMN GV 03 Hove
46,Statielei 16,2023-03-21,20:00:00,49,17,32,FMN GV 03 Hove
46,Statielei 16,2023-03-21,21:00:00,35,11,24,FMN GV 03 Hove
46,Statielei 16,2023-03-21,22:00:00,45,23,22,FMN GV 03 Hove
46,Statielei 16,2023-03-21,23:00:00,22,7,15,FMN GV 03 Hove
46,Statielei 16,2023-03-22,00:00:00,4,2,2,FMN GV 03 Hove
46,Statielei 16,2023-03-22,01:00:00,1,0,1,FMN GV 03 Hove
46,Statielei 16,2023-03-22,02:00:00,0,0,0,FMN GV 03 Hove
46,Statielei 16,2023-03-22,03:00:00,0,0,0,FMN GV 03 Hove
46,Statielei 16,2023-03-22,04:00:00,4,2,2,FMN GV 03 Hove
46,Statielei 16,2023-03-22,05:00:00,18,10,8,FMN GV 03 Hove
46,Statielei 16,2023-03-22,06:00:00,90,69,21,FMN GV 03 Hove
46,Statielei 16,2023-03-22,07:00:00,309,253,56,FMN GV 03 Hove
46,Statielei 16,2023-03-22,08:00:00,318,249,69,FMN GV 03 Hove
46,Statielei 16,2023-03-22,09:00:00,119,86,33,FMN GV 03 Hove
46,Statielei 16,2023-03-22,10:00:00,78,53,25,FMN GV 03 Hove
46,Statielei 16,2023-03-22,11:00:00,50,25,25,FMN GV 03 Hove
46,Statielei 16,2023-03-22,12:00:00,159,53,106,FMN GV 03 Hove
46,Statielei 16,2023-03-22,13:00:00,103,36,67,FMN GV 03 Hove
46,Statielei 16,2023-03-22,14:00:00,92,37,55,FMN GV 03 Hove
46,Statielei 16,2023-03-22,15:00:00,108,42,66,FMN GV 03 Hove
46,Statielei 16,2023-03-22,16:00:00,153,41,112,FMN GV 03 Hove
46,Statielei 16,2023-03-22,17:00:00,242,84,158,FMN GV 03 Hove
46,Statielei 16,2023-03-22,18:00:00,143,50,93,FMN GV 03 Hove
46,Statielei 16,2023-03-22,19:00:00,65,29,36,FMN GV 03 Hove
46,Statielei 16,2023-03-22,20:00:00,36,16,20,FMN GV 03 Hove
46,Statielei 16,2023-03-22,21:00:00,38,16,22,FMN GV 03 Hove
46,Statielei 16,2023-03-22,22:00:00,41,16,25,FMN GV 03 Hove
46,Statielei 16,2023-03-22,23:00:00,19,12,7,FMN GV 03 Hove
46,Statielei 16,2023-03-23,00:00:00,9,2,7,FMN GV 03 Hove
46,Statielei 16,2023-03-23,01:00:00,9,1,8,FMN GV 03 Hove
46,Statielei 16,2023-03-23,02:00:00,2,1,1,FMN GV 03 Hove
46,Statielei 16,2023-03-23,03:00:00,2,0,2,FMN GV 03 Hove
46,Statielei 16,2023-03-23,04:00:00,9,5,4,FMN GV 03 Hove
46,Statielei 16,2023-03-23,05:00:00,18,8,10,FMN GV 03 Hove
46,Statielei 16,2023-03-23,06:00:00,84,64,20,FMN GV 03 Hove
46,Statielei 16,2023-03-23,07:00:00,248,202,46,FMN GV 03 Hove
46,Statielei 16,2023-03-23,08:00:00,311,244,67,FMN GV 03 Hove
46,Statielei 16,2023-03-23,09:00:00,77,58,19,FMN GV 03 Hove
46,Statielei 16,2023-03-23,10:00:00,67,43,24,FMN GV 03 Hove
46,Statielei 16,2023-03-23,11:00:00,69,42,27,FMN GV 03 Hove
46,Statielei 16,2023-03-23,12:00:00,94,56,38,FMN GV 03 Hove
46,Statielei 16,2023-03-23,13:00:00,99,58,41,FMN GV 03 Hove
46,Statielei 16,2023-03-23,14:00:00,78,34,44,FMN GV 03 Hove
46,Statielei 16,2023-03-23,15:00:00,115,48,67,FMN GV 03 Hove
46,Statielei 16,2023-03-23,16:00:00,213,60,153,FMN GV 03 Hove
46,Statielei 16,2023-03-23,17:00:00,236,73,163,FMN GV 03 Hove
46,Statielei 16,2023-03-23,18:00:00,179,62,117,FMN GV 03 Hove
46,Statielei 16,2023-03-23,19:00:00,74,25,49,FMN GV 03 Hove
46,Statielei 16,2023-03-23,20:00:00,54,23,31,FMN GV 03 Hove
46,Statielei 16,2023-03-23,21:00:00,29,11,18,FMN GV 03 Hove
46,Statielei 16,2023-03-23,22:00:00,45,18,27,FMN GV 03 Hove
46,Statielei 16,2023-03-23,23:00:00,26,8,18,FMN GV 03 Hove
46,Statielei 16,2023-03-24,00:00:00,16,7,9,FMN GV 03 Hove
46,Statielei 16,2023-03-24,01:00:00,3,1,2,FMN GV 03 Hove
46,Statielei 16,2023-03-24,02:00:00,3,2,1,FMN GV 03 Hove
46,Statielei 16,2023-03-24,03:00:00,1,0,1,FMN GV 03 Hove
46,Statielei 16,2023-03-24,04:00:00,10,5,5,FMN GV 03 Hove
46,Statielei 16,2023-03-24,05:00:00,21,8,13,FMN GV 03 Hove
46,Statielei 16,2023-03-24,06:00:00,81,57,24,FMN GV 03 Hove
46,Statielei 16,2023-03-24,07:00:00,243,191,52,FMN GV 03 Hove
46,Statielei 16,2023-03-24,08:00:00,298,223,75,FMN GV 03 Hove
46,Statielei 16,2023-03-24,09:00:00,103,84,19,FMN GV 03 Hove
46,Statielei 16,2023-03-24,10:00:00,90,56,34,FMN GV 03 Hove
46,Statielei 16,2023-03-24,11:00:00,52,30,22,FMN GV 03 Hove
46,Statielei 16,2023-03-24,12:00:00,95,42,53,FMN GV 03 Hove
46,Statielei 16,2023-03-24,13:00:00,86,35,51,FMN GV 03 Hove
46,Statielei 16,2023-03-24,14:00:00,85,44,41,FMN GV 03 Hove
46,Statielei 16,2023-03-24,15:00:00,137,42,95,FMN GV 03 Hove
46,Statielei 16,2023-03-24,16:00:00,206,71,135,FMN GV 03 Hove
46,Statielei 16,2023-03-24,17:00:00,192,67,125,FMN GV 03 Hove
46,Statielei 16,2023-03-24,18:00:00,144,57,87,FMN GV 03 Hove
46,Statielei 16,2023-03-24,19:00:00,99,61,38,FMN GV 03 Hove
46,Statielei 16,2023-03-24,20:00:00,72,44,28,FMN GV 03 Hove
46,Statielei 16,2023-03-24,21:00:00,33,15,18,FMN GV 03 Hove
46,Statielei 16,2023-03-24,22:00:00,30,17,13,FMN GV 03 Hove
46,Statielei 16,2023-03-24,23:00:00,38,12,26,FMN GV 03 Hove
46,Statielei 16,2023-03-25,00:00:00,21,5,16,FMN GV 03 Hove
46,Statielei 16,2023-03-25,01:00:00,17,4,13,FMN GV 03 Hove
46,Statielei 16,2023-03-25,02:00:00,5,3,2,FMN GV 03 Hove
46,Statielei 16,2023-03-25,03:00:00,14,1,13,FMN GV 03 Hove
46,Statielei 16,2023-03-25,04:00:00,7,2,5,FMN GV 03 Hove
46,Statielei 16,2023-03-25,05:00:00,10,7,3,FMN GV 03 Hove
46,Statielei 16,2023-03-25,06:00:00,18,10,8,FMN GV 03 Hove
46,Statielei 16,2023-03-25,07:00:00,14,7,7,FMN GV 03 Hove
46,Statielei 16,2023-03-25,08:00:00,35,17,18,FMN GV 03 Hove
46,Statielei 16,2023-03-25,09:00:00,36,16,20,FMN GV 03 Hove
46,Statielei 16,2023-03-25,10:00:00,48,29,19,FMN GV 03 Hove
46,Statielei 16,2023-03-25,11:00:00,62,33,29,FMN GV 03 Hove
46,Statielei 16,2023-03-25,12:00:00,49,29,20,FMN GV 03 Hove
46,Statielei 16,2023-03-25,13:00:00,51,29,22,FMN GV 03 Hove
46,Statielei 16,2023-03-25,14:00:00,66,30,36,FMN GV 03 Hove
46,Statielei 16,2023-03-25,15:00:00,74,39,35,FMN GV 03 Hove
46,Statielei 16,2023-03-25,16:00:00,54,30,24,FMN GV 03 Hove
46,Statielei 16,2023-03-25,17:00:00,43,21,22,FMN GV 03 Hove
46,Statielei 16,2023-03-25,18:00:00,50,29,21,FMN GV 03 Hove
46,Statielei 16,2023-03-25,19:00:00,40,23,17,FMN GV 03 Hove
46,Statielei 16,2023-03-25,20:00:00,27,18,9,FMN GV 03 Hove
46,Statielei 16,2023-03-25,21:00:00,20,11,9,FMN GV 03 Hove
46,Statielei 16,2023-03-25,22:00:00,20,6,14,FMN GV 03 Hove
46,Statielei 16,2023-03-25,23:00:00,14,2,12,FMN GV 03 Hove
46,Statielei 16,2023-03-26,00:00:00,23,11,12,FMN GV 03 Hove
46,Statielei 16,2023-03-26,01:00:00,19,6,13,FMN GV 03 Hove
46,Statielei 16,2023-03-26,02:00:00,0,0,0,FMN GV 03 Hove
46,Statielei 16,2023-03-26,03:00:00,14,3,11,FMN GV 03 Hove
46,Statielei 16,2023-03-26,04:00:00,7,2,5,FMN GV 03 Hove
46,Statielei 16,2023-03-26,05:00:00,13,7,6,FMN GV 03 Hove
46,Statielei 16,2023-03-26,06:00:00,4,1,3,FMN GV 03 Hove
46,Statielei 16,2023-03-26,07:00:00,7,4,3,FMN GV 03 Hove
46,Statielei 16,2023-03-26,08:00:00,9,5,4,FMN GV 03 Hove
46,Statielei 16,2023-03-26,09:00:00,18,6,12,FMN GV 03 Hove
46,Statielei 16,2023-03-26,10:00:00,14,10,4,FMN GV 03 Hove
46,Statielei 16,2023-03-26,11:00:00,23,14,9,FMN GV 03 Hove
46,Statielei 16,2023-03-26,12:00:00,17,8,9,FMN GV 03 Hove
46,Statielei 16,2023-03-26,13:00:00,25,15,10,FMN GV 03 Hove
46,Statielei 16,2023-03-26,14:00:00,44,16,28,FMN GV 03 Hove
46,Statielei 16,2023-03-26,15:00:00,32,16,16,FMN GV 03 Hove
46,Statielei 16,2023-03-26,16:00:00,34,16,18,FMN GV 03 Hove
46,Statielei 16,2023-03-26,17:00:00,31,21,10,FMN GV 03 Hove
46,Statielei 16,2023-03-26,18:00:00,33,15,18,FMN GV 03 Hove
46,Statielei 16,2023-03-26,19:00:00,26,14,12,FMN GV 03 Hove
46,Statielei 16,2023-03-26,20:00:00,16,12,4,FMN GV 03 Hove
46,Statielei 16,2023-03-26,21:00:00,16,13,3,FMN GV 03 Hove
46,Statielei 16,2023-03-26,22:00:00,8,5,3,FMN GV 03 Hove
46,Statielei 16,2023-03-26,23:00:00,4,2,2,FMN GV 03 Hove
46,Statielei 16,2023-03-27,00:00:00,0,0,0,FMN GV 03 Hove
46,Statielei 16,2023-03-27,01:00:00,1,1,0,FMN GV 03 Hove
46,Statielei 16,2023-03-27,02:00:00,0,0,0,FMN GV 03 Hove
46,Statielei 16,2023-03-27,03:00:00,0,0,0,FMN GV 03 Hove
46,Statielei 16,2023-03-27,04:00:00,5,3,2,FMN GV 03 Hove
46,Statielei 16,2023-03-27,05:00:00,20,13,7,FMN GV 03 Hove
46,Statielei 16,2023-03-27,06:00:00,81,54,27,FMN GV 03 Hove
46,Statielei 16,2023-03-27,07:00:00,255,200,55,FMN GV 03 Hove
46,Statielei 16,2023-03-27,08:00:00,352,282,70,FMN GV 03 Hove
46,Statielei 16,2023-03-27,09:00:00,104,79,25,FMN GV 03 Hove
46,Statielei 16,2023-03-27,10:00:00,61,38,23,FMN GV 03 Hove
46,Statielei 16,2023-03-27,11:00:00,58,34,24,FMN GV 03 Hove
46,Statielei 16,2023-03-27,12:00:00,76,47,29,FMN GV 03 Hove
46,Statielei 16,2023-03-27,13:00:00,95,46,49,FMN GV 03 Hove
46,Statielei 16,2023-03-27,14:00:00,85,46,39,FMN GV 03 Hove
46,Statielei 16,2023-03-27,15:00:00,134,49,85,FMN GV 03 Hove
46,Statielei 16,2023-03-27,16:00:00,252,67,185,FMN GV 03 Hove
46,Statielei 16,2023-03-27,17:00:00,284,91,193,FMN GV 03 Hove
46,Statielei 16,2023-03-27,18:00:00,200,83,117,FMN GV 03 Hove
46,Statielei 16,2023-03-27,19:00:00,81,44,37,FMN GV 03 Hove
46,Statielei 16,2023-03-27,20:00:00,55,27,28,FMN GV 03 Hove
46,Statielei 16,2023-03-27,21:00:00,35,14,21,FMN GV 03 Hove
46,Statielei 16,2023-03-27,22:00:00,24,13,11,FMN GV 03 Hove
46,Statielei 16,2023-03-27,23:00:00,16,7,9,FMN GV 03 Hove
46,Statielei 16,2023-03-28,00:00:00,7,4,3,FMN GV 03 Hove
46,Statielei 16,2023-03-28,01:00:00,4,3,1,FMN GV 03 Hove
46,Statielei 16,2023-03-28,02:00:00,0,0,0,FMN GV 03 Hove
46,Statielei 16,2023-03-28,03:00:00,0,0,0,FMN GV 03 Hove
46,Statielei 16,2023-03-28,04:00:00,6,5,1,FMN GV 03 Hove
46,Statielei 16,2023-03-28,05:00:00,27,18,9,FMN GV 03 Hove
46,Statielei 16,2023-03-28,06:00:00,83,63,20,FMN GV 03 Hove
46,Statielei 16,2023-03-28,07:00:00,298,253,45,FMN GV 03 Hove
46,Statielei 16,2023-03-28,08:00:00,418,348,70,FMN GV 03 Hove
46,Statielei 16,2023-03-28,09:00:00,106,80,26,FMN GV 03 Hove
46,Statielei 16,2023-03-28,10:00:00,79,54,25,FMN GV 03 Hove
46,Statielei 16,2023-03-28,11:00:00,104,63,41,FMN GV 03 Hove
46,Statielei 16,2023-03-28,12:00:00,151,86,65,FMN GV 03 Hove
46,Statielei 16,2023-03-28,13:00:00,140,70,70,FMN GV 03 Hove
46,Statielei 16,2023-03-28,14:00:00,98,43,55,FMN GV 03 Hove
46,Statielei 16,2023-03-28,15:00:00,186,76,110,FMN GV 03 Hove
46,Statielei 16,2023-03-28,16:00:00,315,103,212,FMN GV 03 Hove
46,Statielei 16,2023-03-28,17:00:00,349,87,262,FMN GV 03 Hove
46,Statielei 16,2023-03-28,18:00:00,207,61,146,FMN GV 03 Hove
46,Statielei 16,2023-03-28,19:00:00,72,37,35,FMN GV 03 Hove
46,Statielei 16,2023-03-28,20:00:00,54,28,26,FMN GV 03 Hove
46,Statielei 16,2023-03-28,21:00:00,38,21,17,FMN GV 03 Hove
46,Statielei 16,2023-03-28,22:00:00,55,25,30,FMN GV 03 Hove
46,Statielei 16,2023-03-28,23:00:00,23,11,12,FMN GV 03 Hove
46,Statielei 16,2023-03-29,00:00:00,3,0,3,FMN GV 03 Hove
46,Statielei 16,2023-03-29,01:00:00,1,1,0,FMN GV 03 Hove
46,Statielei 16,2023-03-29,02:00:00,0,0,0,FMN GV 03 Hove
46,Statielei 16,2023-03-29,03:00:00,1,1,0,FMN GV 03 Hove
46,Statielei 16,2023-03-29,04:00:00,5,3,2,FMN GV 03 Hove
46,Statielei 16,2023-03-29,05:00:00,31,20,11,FMN GV 03 Hove
46,Statielei 16,2023-03-29,06:00:00,95,66,29,FMN GV 03 Hove
46,Statielei 16,2023-03-29,07:00:00,304,258,46,FMN GV 03 Hove
46,Statielei 16,2023-03-29,08:00:00,359,289,70,FMN GV 03 Hove
46,Statielei 16,2023-03-29,09:00:00,134,94,40,FMN GV 03 Hove
46,Statielei 16,2023-03-29,10:00:00,84,54,30,FMN GV 03 Hove
46,Statielei 16,2023-03-29,11:00:00,101,49,52,FMN GV 03 Hove
46,Statielei 16,2023-03-29,12:00:00,184,69,115,FMN GV 03 Hove
46,Statielei 16,2023-03-29,13:00:00,163,65,98,FMN GV 03 Hove
46,Statielei 16,2023-03-29,14:00:00,168,81,87,FMN GV 03 Hove
46,Statielei 16,2023-03-29,15:00:00,136,58,78,FMN GV 03 Hove
46,Statielei 16,2023-03-29,16:00:00,204,70,134,FMN GV 03 Hove
46,Statielei 16,2023-03-29,17:00:00,344,121,223,FMN GV 03 Hove
46,Statielei 16,2023-03-29,18:00:00,202,86,116,FMN GV 03 Hove
46,Statielei 16,2023-03-29,19:00:00,99,52,47,FMN GV 03 Hove
46,Statielei 16,2023-03-29,20:00:00,79,41,38,FMN GV 03 Hove
46,Statielei 16,2023-03-29,21:00:00,53,23,30,FMN GV 03 Hove
46,Statielei 16,2023-03-29,22:00:00,53,29,24,FMN GV 03 Hove
46,Statielei 16,2023-03-29,23:00:00,19,4,15,FMN GV 03 Hove
46,Statielei 16,2023-03-30,00:00:00,13,5,8,FMN GV 03 Hove
46,Statielei 16,2023-03-30,01:00:00,9,2,7,FMN GV 03 Hove
46,Statielei 16,2023-03-30,02:00:00,7,1,6,FMN GV 03 Hove
46,Statielei 16,2023-03-30,03:00:00,1,0,1,FMN GV 03 Hove
46,Statielei 16,2023-03-30,04:00:00,10,7,3,FMN GV 03 Hove
46,Statielei 16,2023-03-30,05:00:00,26,16,10,FMN GV 03 Hove
46,Statielei 16,2023-03-30,06:00:00,83,58,25,FMN GV 03 Hove
46,Statielei 16,2023-03-30,07:00:00,284,232,52,FMN GV 03 Hove
46,Statielei 16,2023-03-30,08:00:00,366,297,69,FMN GV 03 Hove
46,Statielei 16,2023-03-30,09:00:00,112,83,29,FMN GV 03 Hove
46,Statielei 16,2023-03-30,10:00:00,76,44,32,FMN GV 03 Hove
46,Statielei 16,2023-03-30,11:00:00,69,46,23,FMN GV 03 Hove
46,Statielei 16,2023-03-30,12:00:00,91,55,36,FMN GV 03 Hove
46,Statielei 16,2023-03-30,13:00:00,99,49,50,FMN GV 03 Hove
46,Statielei 16,2023-03-30,14:00:00,93,44,49,FMN GV 03 Hove
46,Statielei 16,2023-03-30,15:00:00,134,42,92,FMN GV 03 Hove
46,Statielei 16,2023-03-30,16:00:00,249,74,175,FMN GV 03 Hove
46,Statielei 16,2023-03-30,17:00:00,270,76,194,FMN GV 03 Hove
46,Statielei 16,2023-03-30,18:00:00,199,69,130,FMN GV 03 Hove
46,Statielei 16,2023-03-30,19:00:00,104,44,60,FMN GV 03 Hove
46,Statielei 16,2023-03-30,20:00:00,70,28,42,FMN GV 03 Hove
46,Statielei 16,2023-03-30,21:00:00,42,23,19,FMN GV 03 Hove
46,Statielei 16,2023-03-30,22:00:00,53,19,34,FMN GV 03 Hove
46,Statielei 16,2023-03-30,23:00:00,29,7,22,FMN GV 03 Hove
46,Statielei 16,2023-03-31,00:00:00,19,6,13,FMN GV 03 Hove
46,Statielei 16,2023-03-31,01:00:00,2,1,1,FMN GV 03 Hove
46,Statielei 16,2023-03-31,02:00:00,3,0,3,FMN GV 03 Hove
46,Statielei 16,2023-03-31,03:00:00,3,1,2,FMN GV 03 Hove
46,Statielei 16,2023-03-31,04:00:00,5,4,1,FMN GV 03 Hove
46,Statielei 16,2023-03-31,05:00:00,13,7,6,FMN GV 03 Hove
46,Statielei 16,2023-03-31,06:00:00,43,27,16,FMN GV 03 Hove
46,Statielei 16,2023-03-31,07:00:00,161,134,27,FMN GV 03 Hove
46,Statielei 16,2023-03-31,08:00:00,215,179,36,FMN GV 03 Hove
46,Statielei 16,2023-03-31,09:00:00,81,52,29,FMN GV 03 Hove
46,Statielei 16,2023-03-31,10:00:00,32,21,11,FMN GV 03 Hove
46,Statielei 16,2023-03-31,11:00:00,45,22,23,FMN GV 03 Hove
46,Statielei 16,2023-03-31,12:00:00,66,30,36,FMN GV 03 Hove
46,Statielei 16,2023-03-31,13:00:00,70,35,35,FMN GV 03 Hove
46,Statielei 16,2023-03-31,14:00:00,61,26,35,FMN GV 03 Hove
46,Statielei 16,2023-03-31,15:00:00,97,40,57,FMN GV 03 Hove
46,Statielei 16,2023-03-31,16:00:00,117,37,80,FMN GV 03 Hove
46,Statielei 16,2023-03-31,17:00:00,163,49,114,FMN GV 03 Hove
46,Statielei 16,2023-03-31,18:00:00,90,32,58,FMN GV 03 Hove
46,Statielei 16,2023-03-31,19:00:00,69,22,47,FMN GV 03 Hove
46,Statielei 16,2023-03-31,20:00:00,28,13,15,FMN GV 03 Hove
46,Statielei 16,2023-03-31,21:00:00,23,12,11,FMN GV 03 Hove
46,Statielei 16,2023-03-31,22:00:00,17,3,14,FMN GV 03 Hove
46,Statielei 16,2023-03-31,23:00:00,23,9,14,FMN GV 03 Hove
46,Statielei 16,2023-04-01,00:00:00,17,8,9,FMN GV 03 Hove
46,Statielei 16,2023-04-01,01:00:00,11,7,4,FMN GV 03 Hove
46,Statielei 16,2023-04-01,02:00:00,9,4,5,FMN GV 03 Hove
46,Statielei 16,2023-04-01,03:00:00,3,1,2,FMN GV 03 Hove
46,Statielei 16,2023-04-01,04:00:00,4,1,3,FMN GV 03 Hove
46,Statielei 16,2023-04-01,05:00:00,7,4,3,FMN GV 03 Hove
46,Statielei 16,2023-04-01,06:00:00,9,7,2,FMN GV 03 Hove
46,Statielei 16,2023-04-01,07:00:00,13,7,6,FMN GV 03 Hove
46,Statielei 16,2023-04-01,08:00:00,20,9,11,FMN GV 03 Hove
46,Statielei 16,2023-04-01,09:00:00,24,17,7,FMN GV 03 Hove
46,Statielei 16,2023-04-01,10:00:00,20,18,2,FMN GV 03 Hove
46,Statielei 16,2023-04-01,11:00:00,22,14,8,FMN GV 03 Hove
46,Statielei 16,2023-04-01,12:00:00,38,17,21,FMN GV 03 Hove
46,Statielei 16,2023-04-01,13:00:00,54,27,27,FMN GV 03 Hove
46,Statielei 16,2023-04-01,14:00:00,39,21,18,FMN GV 03 Hove
46,Statielei 16,2023-04-01,15:00:00,34,16,18,FMN GV 03 Hove
46,Statielei 16,2023-04-01,16:00:00,38,21,17,FMN GV 03 Hove
46,Statielei 16,2023-04-01,17:00:00,35,16,19,FMN GV 03 Hove
46,Statielei 16,2023-04-01,18:00:00,21,4,17,FMN GV 03 Hove
46,Statielei 16,2023-04-01,19:00:00,22,9,13,FMN GV 03 Hove
46,Statielei 16,2023-04-01,20:00:00,26,11,15,FMN GV 03 Hove
46,Statielei 16,2023-04-01,21:00:00,17,7,10,FMN GV 03 Hove
46,Statielei 16,2023-04-01,22:00:00,12,6,6,FMN GV 03 Hove
46,Statielei 16,2023-04-01,23:00:00,12,6,6,FMN GV 03 Hove
46,Statielei 16,2023-04-02,00:00:00,9,6,3,FMN GV 03 Hove
46,Statielei 16,2023-04-02,01:00:00,10,2,8,FMN GV 03 Hove
46,Statielei 16,2023-04-02,02:00:00,6,4,2,FMN GV 03 Hove
46,Statielei 16,2023-04-02,03:00:00,7,4,3,FMN GV 03 Hove
46,Statielei 16,2023-04-02,04:00:00,1,0,1,FMN GV 03 Hove
46,Statielei 16,2023-04-02,05:00:00,5,3,2,FMN GV 03 Hove
46,Statielei 16,2023-04-02,06:00:00,5,3,2,FMN GV 03 Hove
46,Statielei 16,2023-04-02,07:00:00,17,6,11,FMN GV 03 Hove
46,Statielei 16,2023-04-02,08:00:00,41,14,27,FMN GV 03 Hove
46,Statielei 16,2023-04-02,09:00:00,86,34,52,FMN GV 03 Hove
46,Statielei 16,2023-04-02,10:00:00,103,60,43,FMN GV 03 Hove
46,Statielei 16,2023-04-02,11:00:00,145,92,53,FMN GV 03 Hove
46,Statielei 16,2023-04-02,12:00:00,118,77,41,FMN GV 03 Hove
46,Statielei 16,2023-04-02,13:00:00,101,55,46,FMN GV 03 Hove
46,Statielei 16,2023-04-02,14:00:00,74,48,26,FMN GV 03 Hove
46,Statielei 16,2023-04-02,15:00:00,73,38,35,FMN GV 03 Hove
46,Statielei 16,2023-04-02,16:00:00,44,19,25,FMN GV 03 Hove
46,Statielei 16,2023-04-02,17:00:00,68,28,40,FMN GV 03 Hove
46,Statielei 16,2023-04-02,18:00:00,60,31,29,FMN GV 03 Hove
46,Statielei 16,2023-04-02,19:00:00,48,34,14,FMN GV 03 Hove
46,Statielei 16,2023-04-02,20:00:00,25,16,9,FMN GV 03 Hove
46,Statielei 16,2023-04-02,21:00:00,21,12,9,FMN GV 03 Hove
46,Statielei 16,2023-04-02,22:00:00,13,8,5,FMN GV 03 Hove
46,Statielei 16,2023-04-02,23:00:00,12,11,1,FMN GV 03 Hove
46,Statielei 16,2023-04-03,00:00:00,4,2,2,FMN GV 03 Hove
46,Statielei 16,2023-04-03,01:00:00,0,0,0,FMN GV 03 Hove
46,Statielei 16,2023-04-03,02:00:00,4,0,4,FMN GV 03 Hove
46,Statielei 16,2023-04-03,03:00:00,0,0,0,FMN GV 03 Hove
46,Statielei 16,2023-04-03,04:00:00,10,6,4,FMN GV 03 Hove
46,Statielei 16,2023-04-03,05:00:00,23,12,11,FMN GV 03 Hove
46,Statielei 16,2023-04-03,06:00:00,73,48,25,FMN GV 03 Hove
46,Statielei 16,2023-04-03,07:00:00,188,139,49,FMN GV 03 Hove
46,Statielei 16,2023-04-03,08:00:00,243,181,62,FMN GV 03 Hove
46,Statielei 16,2023-04-03,09:00:00,83,58,25,FMN GV 03 Hove
46,Statielei 16,2023-04-03,10:00:00,67,40,27,FMN GV 03 Hove
46,Statielei 16,2023-04-03,11:00:00,91,50,41,FMN GV 03 Hove
46,Statielei 16,2023-04-03,12:00:00,103,53,50,FMN GV 03 Hove
46,Statielei 16,2023-04-03,13:00:00,113,57,56,FMN GV 03 Hove
46,Statielei 16,2023-04-03,14:00:00,118,59,59,FMN GV 03 Hove
46,Statielei 16,2023-04-03,15:00:00,126,64,62,FMN GV 03 Hove
46,Statielei 16,2023-04-03,16:00:00,220,82,138,FMN GV 03 Hove
46,Statielei 16,2023-04-03,17:00:00,275,88,187,FMN GV 03 Hove
46,Statielei 16,2023-04-03,18:00:00,187,75,112,FMN GV 03 Hove
46,Statielei 16,2023-04-03,19:00:00,81,39,42,FMN GV 03 Hove
46,Statielei 16,2023-04-03,20:00:00,53,34,19,FMN GV 03 Hove
46,Statielei 16,2023-04-03,21:00:00,30,16,14,FMN GV 03 Hove
46,Statielei 16,2023-04-03,22:00:00,40,20,20,FMN GV 03 Hove
46,Statielei 16,2023-04-03,23:00:00,18,8,10,FMN GV 03 Hove
46,Statielei 16,2023-04-04,00:00:00,5,1,4,FMN GV 03 Hove
46,Statielei 16,2023-04-04,01:00:00,1,1,0,FMN GV 03 Hove
46,Statielei 16,2023-04-04,02:00:00,1,0,1,FMN GV 03 Hove
46,Statielei 16,2023-04-04,03:00:00,1,1,0,FMN GV 03 Hove
46,Statielei 16,2023-04-04,04:00:00,9,5,4,FMN GV 03 Hove
46,Statielei 16,2023-04-04,05:00:00,18,10,8,FMN GV 03 Hove
46,Statielei 16,2023-04-04,06:00:00,86,61,25,FMN GV 03 Hove
46,Statielei 16,2023-04-04,07:00:00,195,136,59,FMN GV 03 Hove
46,Statielei 16,2023-04-04,08:00:00,279,211,68,FMN GV 03 Hove
46,Statielei 16,2023-04-04,09:00:00,89,59,30,FMN GV 03 Hove
46,Statielei 16,2023-04-04,10:00:00,84,54,30,FMN GV 03 Hove
46,Statielei 16,2023-04-04,11:00:00,92,53,39,FMN GV 03 Hove
46,Statielei 16,2023-04-04,12:00:00,115,62,53,FMN GV 03 Hove
46,Statielei 16,2023-04-04,13:00:00,120,63,57,FMN GV 03 Hove
46,Statielei 16,2023-04-04,14:00:00,167,88,79,FMN GV 03 Hove
46,Statielei 16,2023-04-04,15:00:00,176,86,90,FMN GV 03 Hove
46,Statielei 16,2023-04-04,16:00:00,227,84,143,FMN GV 03 Hove
46,Statielei 16,2023-04-04,17:00:00,329,116,213,FMN GV 03 Hove
46,Statielei 16,2023-04-04,18:00:00,251,98,153,FMN GV 03 Hove
46,Statielei 16,2023-04-04,19:00:00,92,40,52,FMN GV 03 Hove
46,Statielei 16,2023-04-04,20:00:00,56,29,27,FMN GV 03 Hove
46,Statielei 16,2023-04-04,21:00:00,27,12,15,FMN GV 03 Hove
46,Statielei 16,2023-04-04,22:00:00,47,23,24,FMN GV 03 Hove
46,Statielei 16,2023-04-04,23:00:00,23,15,8,FMN GV 03 Hove
46,Statielei 16,2023-04-05,00:00:00,4,3,1,FMN GV 03 Hove
46,Statielei 16,2023-04-05,01:00:00,3,1,2,FMN GV 03 Hove
46,Statielei 16,2023-04-05,02:00:00,2,1,1,FMN GV 03 Hove
46,Statielei 16,2023-04-05,03:00:00,1,0,1,FMN GV 03 Hove
46,Statielei 16,2023-04-05,04:00:00,4,3,1,FMN GV 03 Hove
46,Statielei 16,2023-04-05,05:00:00,19,10,9,FMN GV 03 Hove
46,Statielei 16,2023-04-05,06:00:00,86,65,21,FMN GV 03 Hove
46,Statielei 16,2023-04-05,07:00:00,173,129,44,FMN GV 03 Hove
46,Statielei 16,2023-04-05,08:00:00,220,159,61,FMN GV 03 Hove
46,Statielei 16,2023-04-05,09:00:00,131,97,34,FMN GV 03 Hove
46,Statielei 16,2023-04-05,10:00:00,128,77,51,FMN GV 03 Hove
46,Statielei 16,2023-04-05,11:00:00,140,70,70,FMN GV 03 Hove
46,Statielei 16,2023-04-05,12:00:00,145,74,71,FMN GV 03 Hove
46,Statielei 16,2023-04-05,13:00:00,161,82,79,FMN GV 03 Hove
46,Statielei 16,2023-04-05,14:00:00,218,118,100,FMN GV 03 Hove
46,Statielei 16,2023-04-05,15:00:00,154,71,83,FMN GV 03 Hove
46,Statielei 16,2023-04-05,16:00:00,233,105,128,FMN GV 03 Hove
46,Statielei 16,2023-04-05,17:00:00,331,113,218,FMN GV 03 Hove
46,Statielei 16,2023-04-05,18:00:00,228,108,120,FMN GV 03 Hove
46,Statielei 16,2023-04-05,19:00:00,121,63,58,FMN GV 03 Hove
46,Statielei 16,2023-04-05,20:00:00,80,52,28,FMN GV 03 Hove
46,Statielei 16,2023-04-05,21:00:00,50,24,26,FMN GV 03 Hove
46,Statielei 16,2023-04-05,22:00:00,40,20,20,FMN GV 03 Hove
46,Statielei 16,2023-04-05,23:00:00,20,8,12,FMN GV 03 Hove
46,Statielei 16,2023-04-06,00:00:00,12,4,8,FMN GV 03 Hove
46,Statielei 16,2023-04-06,01:00:00,9,6,3,FMN GV 03 Hove
46,Statielei 16,2023-04-06,02:00:00,4,1,3,FMN GV 03 Hove
46,Statielei 16,2023-04-06,03:00:00,1,0,1,FMN GV 03 Hove
46,Statielei 16,2023-04-06,04:00:00,3,2,1,FMN GV 03 Hove
46,Statielei 16,2023-04-06,05:00:00,13,9,4,FMN GV 03 Hove
46,Statielei 16,2023-04-06,06:00:00,57,43,14,FMN GV 03 Hove
46,Statielei 16,2023-04-06,07:00:00,166,116,50,FMN GV 03 Hove
46,Statielei 16,2023-04-06,08:00:00,190,139,51,FMN GV 03 Hove
46,Statielei 16,2023-04-06,09:00:00,51,42,9,FMN GV 03 Hove
46,Statielei 16,2023-04-06,10:00:00,25,14,11,FMN GV 03 Hove
46,Statielei 16,2023-04-06,11:00:00,32,19,13,FMN GV 03 Hove
46,Statielei 16,2023-04-06,12:00:00,61,31,30,FMN GV 03 Hove
46,Statielei 16,2023-04-06,13:00:00,51,34,17,FMN GV 03 Hove
46,Statielei 16,2023-04-06,14:00:00,44,21,23,FMN GV 03 Hove
46,Statielei 16,2023-04-06,15:00:00,62,23,39,FMN GV 03 Hove
46,Statielei 16,2023-04-06,16:00:00,139,53,86,FMN GV 03 Hove
46,Statielei 16,2023-04-06,17:00:00,175,64,111,FMN GV 03 Hove
46,Statielei 16,2023-04-06,18:00:00,106,40,66,FMN GV 03 Hove
46,Statielei 16,2023-04-06,19:00:00,48,22,26,FMN GV 03 Hove
46,Statielei 16,2023-04-06,20:00:00,36,15,21,FMN GV 03 Hove
46,Statielei 16,2023-04-06,21:00:00,24,12,12,FMN GV 03 Hove
46,Statielei 16,2023-04-06,22:00:00,28,13,15,FMN GV 03 Hove
46,Statielei 16,2023-04-06,23:00:00,26,18,8,FMN GV 03 Hove
46,Statielei 16,2023-04-07,00:00:00,7,3,4,FMN GV 03 Hove
46,Statielei 16,2023-04-07,01:00:00,5,0,5,FMN GV 03 Hove
46,Statielei 16,2023-04-07,02:00:00,1,1,0,FMN GV 03 Hove
46,Statielei 16,2023-04-07,03:00:00,0,0,0,FMN GV 03 Hove
46,Statielei 16,2023-04-07,04:00:00,7,4,3,FMN GV 03 Hove
46,Statielei 16,2023-04-07,05:00:00,12,9,3,FMN GV 03 Hove
46,Statielei 16,2023-04-07,06:00:00,53,34,19,FMN GV 03 Hove
46,Statielei 16,2023-04-07,07:00:00,127,85,42,FMN GV 03 Hove
46,Statielei 16,2023-04-07,08:00:00,154,111,43,FMN GV 03 Hove
46,Statielei 16,2023-04-07,09:00:00,69,47,22,FMN GV 03 Hove
46,Statielei 16,2023-04-07,10:00:00,76,48,28,FMN GV 03 Hove
46,Statielei 16,2023-04-07,11:00:00,79,43,36,FMN GV 03 Hove
46,Statielei 16,2023-04-07,12:00:00,92,45,47,FMN GV 03 Hove
46,Statielei 16,2023-04-07,13:00:00,80,43,37,FMN GV 03 Hove
46,Statielei 16,2023-04-07,14:00:00,114,65,49,FMN GV 03 Hove
46,Statielei 16,2023-04-07,15:00:00,127,52,75,FMN GV 03 Hove
46,Statielei 16,2023-04-07,16:00:00,161,62,99,FMN GV 03 Hove
46,Statielei 16,2023-04-07,17:00:00,142,57,85,FMN GV 03 Hove
46,Statielei 16,2023-04-07,18:00:00,119,50,69,FMN GV 03 Hove
46,Statielei 16,2023-04-07,19:00:00,67,34,33,FMN GV 03 Hove
46,Statielei 16,2023-04-07,20:00:00,45,18,27,FMN GV 03 Hove
46,Statielei 16,2023-04-07,21:00:00,34,16,18,FMN GV 03 Hove
46,Statielei 16,2023-04-07,22:00:00,32,11,21,FMN GV 03 Hove
46,Statielei 16,2023-04-07,23:00:00,26,11,15,FMN GV 03 Hove
46,Statielei 16,2023-04-08,00:00:00,21,10,11,FMN GV 03 Hove
46,Statielei 16,2023-04-08,01:00:00,10,5,5,FMN GV 03 Hove
46,Statielei 16,2023-04-08,02:00:00,14,9,5,FMN GV 03 Hove
46,Statielei 16,2023-04-08,03:00:00,8,3,5,FMN GV 03 Hove
46,Statielei 16,2023-04-08,04:00:00,7,5,2,FMN GV 03 Hove
46,Statielei 16,2023-04-08,05:00:00,9,5,4,FMN GV 03 Hove
46,Statielei 16,2023-04-08,06:00:00,15,7,8,FMN GV 03 Hove
46,Statielei 16,2023-04-08,07:00:00,14,7,7,FMN GV 03 Hove
46,Statielei 16,2023-04-08,08:00:00,27,14,13,FMN GV 03 Hove
46,Statielei 16,2023-04-08,09:00:00,66,42,24,FMN GV 03 Hove
46,Statielei 16,2023-04-08,10:00:00,62,39,23,FMN GV 03 Hove
46,Statielei 16,2023-04-08,11:00:00,91,46,45,FMN GV 03 Hove
46,Statielei 16,2023-04-08,12:00:00,113,56,57,FMN GV 03 Hove
46,Statielei 16,2023-04-08,13:00:00,145,77,68,FMN GV 03 Hove
46,Statielei 16,2023-04-08,14:00:00,131,87,44,FMN GV 03 Hove
46,Statielei 16,2023-04-08,15:00:00,145,78,67,FMN GV 03 Hove
46,Statielei 16,2023-04-08,16:00:00,165,85,80,FMN GV 03 Hove
46,Statielei 16,2023-04-08,17:00:00,117,64,53,FMN GV 03 Hove
46,Statielei 16,2023-04-08,18:00:00,92,52,40,FMN GV 03 Hove
46,Statielei 16,2023-04-08,19:00:00,56,35,21,FMN GV 03 Hove
46,Statielei 16,2023-04-08,20:00:00,30,17,13,FMN GV 03 Hove
46,Statielei 16,2023-04-08,21:00:00,28,12,16,FMN GV 03 Hove
46,Statielei 16,2023-04-08,22:00:00,26,11,15,FMN GV 03 Hove
46,Statielei 16,2023-04-08,23:00:00,30,13,17,FMN GV 03 Hove
46,Statielei 16,2023-04-09,00:00:00,15,3,12,FMN GV 03 Hove
46,Statielei 16,2023-04-09,01:00:00,11,1,10,FMN GV 03 Hove
46,Statielei 16,2023-04-09,02:00:00,8,3,5,FMN GV 03 Hove
46,Statielei 16,2023-04-09,03:00:00,6,0,6,FMN GV 03 Hove
46,Statielei 16,2023-04-09,04:00:00,2,1,1,FMN GV 03 Hove
46,Statielei 16,2023-04-09,05:00:00,8,5,3,FMN GV 03 Hove
46,Statielei 16,2023-04-09,06:00:00,16,11,5,FMN GV 03 Hove
46,Statielei 16,2023-04-09,07:00:00,14,5,9,FMN GV 03 Hove
46,Statielei 16,2023-04-09,08:00:00,33,14,19,FMN GV 03 Hove
46,Statielei 16,2023-04-09,09:00:00,90,36,54,FMN GV 03 Hove
46,Statielei 16,2023-04-09,10:00:00,138,66,72,FMN GV 03 Hove
46,Statielei 16,2023-04-09,11:00:00,169,85,84,FMN GV 03 Hove
46,Statielei 16,2023-04-09,12:00:00,159,89,70,FMN GV 03 Hove
46,Statielei 16,2023-04-09,13:00:00,179,97,82,FMN GV 03 Hove
46,Statielei 16,2023-04-09,14:00:00,176,106,70,FMN GV 03 Hove
46,Statielei 16,2023-04-09,15:00:00,145,65,80,FMN GV 03 Hove
46,Statielei 16,2023-04-09,16:00:00,139,81,58,FMN GV 03 Hove
46,Statielei 16,2023-04-09,17:00:00,116,63,53,FMN GV 03 Hove
46,Statielei 16,2023-04-09,18:00:00,105,61,44,FMN GV 03 Hove
46,Statielei 16,2023-04-09,19:00:00,79,44,35,FMN GV 03 Hove
46,Statielei 16,2023-04-09,20:00:00,55,38,17,FMN GV 03 Hove
46,Statielei 16,2023-04-09,21:00:00,47,24,23,FMN GV 03 Hove
46,Statielei 16,2023-04-09,22:00:00,29,15,14,FMN GV 03 Hove
46,Statielei 16,2023-04-09,23:00:00,17,7,10,FMN GV 03 Hove
46,Statielei 16,2023-04-10,00:00:00,25,18,7,FMN GV 03 Hove
46,Statielei 16,2023-04-10,01:00:00,10,7,3,FMN GV 03 Hove
46,Statielei 16,2023-04-10,02:00:00,5,4,1,FMN GV 03 Hove
46,Statielei 16,2023-04-10,03:00:00,4,3,1,FMN GV 03 Hove
46,Statielei 16,2023-04-10,04:00:00,4,4,0,FMN GV 03 Hove
46,Statielei 16,2023-04-10,05:00:00,9,6,3,FMN GV 03 Hove
46,Statielei 16,2023-04-10,06:00:00,14,11,3,FMN GV 03 Hove
46,Statielei 16,2023-04-10,07:00:00,14,7,7,FMN GV 03 Hove
46,Statielei 16,2023-04-10,08:00:00,42,13,29,FMN GV 03 Hove
46,Statielei 16,2023-04-10,09:00:00,81,29,52,FMN GV 03 Hove
46,Statielei 16,2023-04-10,10:00:00,136,51,85,FMN GV 03 Hove
46,Statielei 16,2023-04-10,11:00:00,116,70,46,FMN GV 03 Hove
46,Statielei 16,2023-04-10,12:00:00,119,69,50,FMN GV 03 Hove
46,Statielei 16,2023-04-10,13:00:00,128,65,63,FMN GV 03 Hove
46,Statielei 16,2023-04-10,14:00:00,91,44,47,FMN GV 03 Hove
46,Statielei 16,2023-04-10,15:00:00,50,30,20,FMN GV 03 Hove
46,Statielei 16,2023-04-10,16:00:00,40,22,18,FMN GV 03 Hove
46,Statielei 16,2023-04-10,17:00:00,47,30,17,FMN GV 03 Hove
46,Statielei 16,2023-04-10,18:00:00,29,16,13,FMN GV 03 Hove
46,Statielei 16,2023-04-10,19:00:00,30,15,15,FMN GV 03 Hove
46,Statielei 16,2023-04-10,20:00:00,10,5,5,FMN GV 03 Hove
46,Statielei 16,2023-04-10,21:00:00,21,11,10,FMN GV 03 Hove
46,Statielei 16,2023-04-10,22:00:00,11,3,8,FMN GV 03 Hove
46,Statielei 16,2023-04-10,23:00:00,9,4,5,FMN GV 03 Hove
46,Statielei 16,2023-04-11,00:00:00,4,3,1,FMN GV 03 Hove
46,Statielei 16,2023-04-11,01:00:00,2,2,0,FMN GV 03 Hove
46,Statielei 16,2023-04-11,02:00:00,0,0,0,FMN GV 03 Hove
46,Statielei 16,2023-04-11,03:00:00,4,4,0,FMN GV 03 Hove
46,Statielei 16,2023-04-11,04:00:00,13,8,5,FMN GV 03 Hove
46,Statielei 16,2023-04-11,05:00:00,27,14,13,FMN GV 03 Hove
46,Statielei 16,2023-04-11,06:00:00,67,47,20,FMN GV 03 Hove
46,Statielei 16,2023-04-11,07:00:00,189,132,57,FMN GV 03 Hove
46,Statielei 16,2023-04-11,08:00:00,262,191,71,FMN GV 03 Hove
46,Statielei 16,2023-04-11,09:00:00,111,67,44,FMN GV 03 Hove
46,Statielei 16,2023-04-11,10:00:00,95,46,49,FMN GV 03 Hove
46,Statielei 16,2023-04-11,11:00:00,92,53,39,FMN GV 03 Hove
46,Statielei 16,2023-04-11,12:00:00,126,62,64,FMN GV 03 Hove
46,Statielei 16,2023-04-11,13:00:00,42,25,17,FMN GV 03 Hove
46,Statielei 16,2023-04-11,14:00:00,98,59,39,FMN GV 03 Hove
46,Statielei 16,2023-04-11,15:00:00,119,55,64,FMN GV 03 Hove
46,Statielei 16,2023-04-11,16:00:00,192,69,123,FMN GV 03 Hove
46,Statielei 16,2023-04-11,17:00:00,275,89,186,FMN GV 03 Hove
46,Statielei 16,2023-04-11,18:00:00,200,76,124,FMN GV 03 Hove
46,Statielei 16,2023-04-11,19:00:00,89,49,40,FMN GV 03 Hove
46,Statielei 16,2023-04-11,20:00:00,66,34,32,FMN GV 03 Hove
46,Statielei 16,2023-04-11,21:00:00,37,20,17,FMN GV 03 Hove
46,Statielei 16,2023-04-11,22:00:00,35,13,22,FMN GV 03 Hove
46,Statielei 16,2023-04-11,23:00:00,21,13,8,FMN GV 03 Hove
46,Statielei 16,2023-04-12,00:00:00,8,4,4,FMN GV 03 Hove
46,Statielei 16,2023-04-12,01:00:00,2,1,1,FMN GV 03 Hove
46,Statielei 16,2023-04-12,02:00:00,1,0,1,FMN GV 03 Hove
46,Statielei 16,2023-04-12,03:00:00,2,1,1,FMN GV 03 Hove
46,Statielei 16,2023-04-12,04:00:00,9,5,4,FMN GV 03 Hove
46,Statielei 16,2023-04-12,05:00:00,13,6,7,FMN GV 03 Hove
46,Statielei 16,2023-04-12,06:00:00,40,26,14,FMN GV 03 Hove
46,Statielei 16,2023-04-12,07:00:00,101,77,24,FMN GV 03 Hove
46,Statielei 16,2023-04-12,08:00:00,142,102,40,FMN GV 03 Hove
46,Statielei 16,2023-04-12,09:00:00,66,47,19,FMN GV 03 Hove
46,Statielei 16,2023-04-12,10:00:00,65,38,27,FMN GV 03 Hove
46,Statielei 16,2023-04-12,11:00:00,68,37,31,FMN GV 03 Hove
46,Statielei 16,2023-04-12,12:00:00,57,25,32,FMN GV 03 Hove
46,Statielei 16,2023-04-12,13:00:00,51,27,24,FMN GV 03 Hove
46,Statielei 16,2023-04-12,14:00:00,68,39,29,FMN GV 03 Hove
46,Statielei 16,2023-04-12,15:00:00,61,27,34,FMN GV 03 Hove
46,Statielei 16,2023-04-12,16:00:00,108,39,69,FMN GV 03 Hove
46,Statielei 16,2023-04-12,17:00:00,152,48,104,FMN GV 03 Hove
46,Statielei 16,2023-04-12,18:00:00,122,61,61,FMN GV 03 Hove
46,Statielei 16,2023-04-12,19:00:00,66,33,33,FMN GV 03 Hove
46,Statielei 16,2023-04-12,20:00:00,57,36,21,FMN GV 03 Hove
46,Statielei 16,2023-04-12,21:00:00,32,13,19,FMN GV 03 Hove
46,Statielei 16,2023-04-12,22:00:00,29,15,14,FMN GV 03 Hove
46,Statielei 16,2023-04-12,23:00:00,16,5,11,FMN GV 03 Hove
46,Statielei 16,2023-04-13,00:00:00,7,1,6,FMN GV 03 Hove
46,Statielei 16,2023-04-13,01:00:00,1,0,1,FMN GV 03 Hove
46,Statielei 16,2023-04-13,02:00:00,5,1,4,FMN GV 03 Hove
46,Statielei 16,2023-04-13,03:00:00,2,2,0,FMN GV 03 Hove
46,Statielei 16,2023-04-13,04:00:00,13,8,5,FMN GV 03 Hove
46,Statielei 16,2023-04-13,05:00:00,28,15,13,FMN GV 03 Hove
46,Statielei 16,2023-04-13,06:00:00,60,44,16,FMN GV 03 Hove
46,Statielei 16,2023-04-13,07:00:00,167,129,38,FMN GV 03 Hove
46,Statielei 16,2023-04-13,08:00:00,223,166,57,FMN GV 03 Hove
46,Statielei 16,2023-04-13,09:00:00,85,55,30,FMN GV 03 Hove
46,Statielei 16,2023-04-13,10:00:00,67,44,23,FMN GV 03 Hove
46,Statielei 16,2023-04-13,11:00:00,76,46,30,FMN GV 03 Hove
46,Statielei 16,2023-04-13,12:00:00,73,34,39,FMN GV 03 Hove
46,Statielei 16,2023-04-13,13:00:00,102,58,44,FMN GV 03 Hove
46,Statielei 16,2023-04-13,14:00:00,106,54,52,FMN GV 03 Hove
46,Statielei 16,2023-04-13,15:00:00,104,51,53,FMN GV 03 Hove
46,Statielei 16,2023-04-13,16:00:00,173,67,106,FMN GV 03 Hove
46,Statielei 16,2023-04-13,17:00:00,281,101,180,FMN GV 03 Hove
46,Statielei 16,2023-04-13,18:00:00,198,78,120,FMN GV 03 Hove
46,Statielei 16,2023-04-13,19:00:00,80,40,40,FMN GV 03 Hove
46,Statielei 16,2023-04-13,20:00:00,64,37,27,FMN GV 03 Hove
46,Statielei 16,2023-04-13,21:00:00,42,19,23,FMN GV 03 Hove
46,Statielei 16,2023-04-13,22:00:00,39,14,25,FMN GV 03 Hove
46,Statielei 16,2023-04-13,23:00:00,17,5,12,FMN GV 03 Hove
46,Statielei 16,2023-04-14,00:00:00,15,6,9,FMN GV 03 Hove
46,Statielei 16,2023-04-14,01:00:00,7,2,5,FMN GV 03 Hove
46,Statielei 16,2023-04-14,02:00:00,3,2,1,FMN GV 03 Hove
46,Statielei 16,2023-04-14,03:00:00,5,2,3,FMN GV 03 Hove
46,Statielei 16,2023-04-14,04:00:00,15,9,6,FMN GV 03 Hove
46,Statielei 16,2023-04-14,05:00:00,29,20,9,FMN GV 03 Hove
46,Statielei 16,2023-04-14,06:00:00,59,45,14,FMN GV 03 Hove
46,Statielei 16,2023-04-14,07:00:00,158,111,47,FMN GV 03 Hove
46,Statielei 16,2023-04-14,08:00:00,196,129,67,FMN GV 03 Hove
46,Statielei 16,2023-04-14,09:00:00,77,52,25,FMN GV 03 Hove
46,Statielei 16,2023-04-14,10:00:00,116,70,46,FMN GV 03 Hove
46,Statielei 16,2023-04-14,11:00:00,85,43,42,FMN GV 03 Hove
46,Statielei 16,2023-04-14,12:00:00,116,57,59,FMN GV 03 Hove
46,Statielei 16,2023-04-14,13:00:00,124,73,51,FMN GV 03 Hove
46,Statielei 16,2023-04-14,14:00:00,151,72,79,FMN GV 03 Hove
46,Statielei 16,2023-04-14,15:00:00,151,77,74,FMN GV 03 Hove
46,Statielei 16,2023-04-14,16:00:00,227,91,136,FMN GV 03 Hove
46,Statielei 16,2023-04-14,17:00:00,223,101,122,FMN GV 03 Hove
46,Statielei 16,2023-04-14,18:00:00,155,83,72,FMN GV 03 Hove
46,Statielei 16,2023-04-14,19:00:00,99,53,46,FMN GV 03 Hove
46,Statielei 16,2023-04-14,20:00:00,68,38,30,FMN GV 03 Hove
46,Statielei 16,2023-04-14,21:00:00,37,17,20,FMN GV 03 Hove
46,Statielei 16,2023-04-14,22:00:00,49,20,29,FMN GV 03 Hove
46,Statielei 16,2023-04-14,23:00:00,28,10,18,FMN GV 03 Hove
46,Statielei 16,2023-04-15,00:00:00,22,9,13,FMN GV 03 Hove
46,Statielei 16,2023-04-15,01:00:00,27,17,10,FMN GV 03 Hove
46,Statielei 16,2023-04-15,02:00:00,19,14,5,FMN GV 03 Hove
46,Statielei 16,2023-04-15,03:00:00,8,3,5,FMN GV 03 Hove
46,Statielei 16,2023-04-15,04:00:00,7,3,4,FMN GV 03 Hove
46,Statielei 16,2023-04-15,05:00:00,20,11,9,FMN GV 03 Hove
46,Statielei 16,2023-04-15,06:00:00,8,5,3,FMN GV 03 Hove
46,Statielei 16,2023-04-15,07:00:00,12,4,8,FMN GV 03 Hove
46,Statielei 16,2023-04-15,08:00:00,39,18,21,FMN GV 03 Hove
46,Statielei 16,2023-04-15,09:00:00,109,55,54,FMN GV 03 Hove
46,Statielei 16,2023-04-15,10:00:00,136,77,59,FMN GV 03 Hove
46,Statielei 16,2023-04-15,11:00:00,134,77,57,FMN GV 03 Hove
46,Statielei 16,2023-04-15,12:00:00,176,89,87,FMN GV 03 Hove
46,Statielei 16,2023-04-15,13:00:00,192,100,92,FMN GV 03 Hove
46,Statielei 16,2023-04-15,14:00:00,254,142,112,FMN GV 03 Hove
46,Statielei 16,2023-04-15,15:00:00,187,97,90,FMN GV 03 Hove
46,Statielei 16,2023-04-15,16:00:00,184,102,82,FMN GV 03 Hove
46,Statielei 16,2023-04-15,17:00:00,161,88,73,FMN GV 03 Hove
46,Statielei 16,2023-04-15,18:00:00,115,74,41,FMN GV 03 Hove
46,Statielei 16,2023-04-15,19:00:00,74,43,31,FMN GV 03 Hove
46,Statielei 16,2023-04-15,20:00:00,47,20,27,FMN GV 03 Hove
46,Statielei 16,2023-04-15,21:00:00,37,24,13,FMN GV 03 Hove
46,Statielei 16,2023-04-15,22:00:00,40,17,23,FMN GV 03 Hove
46,Statielei 16,2023-04-15,23:00:00,25,11,14,FMN GV 03 Hove
46,Statielei 16,2023-04-16,00:00:00,20,8,12,FMN GV 03 Hove
46,Statielei 16,2023-04-16,01:00:00,18,3,15,FMN GV 03 Hove
46,Statielei 16,2023-04-16,02:00:00,6,2,4,FMN GV 03 Hove
46,Statielei 16,2023-04-16,03:00:00,5,3,2,FMN GV 03 Hove
46,Statielei 16,2023-04-16,04:00:00,8,7,1,FMN GV 03 Hove
46,Statielei 16,2023-04-16,05:00:00,6,5,1,FMN GV 03 Hove
46,Statielei 16,2023-04-16,06:00:00,11,8,3,FMN GV 03 Hove
46,Statielei 16,2023-04-16,07:00:00,15,3,12,FMN GV 03 Hove
46,Statielei 16,2023-04-16,08:00:00,26,14,12,FMN GV 03 Hove
46,Statielei 16,2023-04-16,09:00:00,67,31,36,FMN GV 03 Hove
46,Statielei 16,2023-04-16,10:00:00,64,31,33,FMN GV 03 Hove
46,Statielei 16,2023-04-16,11:00:00,94,42,52,FMN GV 03 Hove
46,Statielei 16,2023-04-16,12:00:00,121,62,59,FMN GV 03 Hove
46,Statielei 16,2023-04-16,13:00:00,73,40,33,FMN GV 03 Hove
46,Statielei 16,2023-04-16,14:00:00,103,56,47,FMN GV 03 Hove
46,Statielei 16,2023-04-16,15:00:00,107,58,49,FMN GV 03 Hove
46,Statielei 16,2023-04-16,16:00:00,83,45,38,FMN GV 03 Hove
46,Statielei 16,2023-04-16,17:00:00,92,42,50,FMN GV 03 Hove
46,Statielei 16,2023-04-16,18:00:00,56,33,23,FMN GV 03 Hove
46,Statielei 16,2023-04-16,19:00:00,38,29,9,FMN GV 03 Hove
46,Statielei 16,2023-04-16,20:00:00,40,23,17,FMN GV 03 Hove
46,Statielei 16,2023-04-16,21:00:00,33,18,15,FMN GV 03 Hove
46,Statielei 16,2023-04-16,22:00:00,24,8,16,FMN GV 03 Hove
46,Statielei 16,2023-04-16,23:00:00,7,5,2,FMN GV 03 Hove
46,Statielei 16,2023-04-17,00:00:00,2,0,2,FMN GV 03 Hove
46,Statielei 16,2023-04-17,01:00:00,4,2,2,FMN GV 03 Hove
46,Statielei 16,2023-04-17,02:00:00,0,0,0,FMN GV 03 Hove
46,Statielei 16,2023-04-17,03:00:00,0,0,0,FMN GV 03 Hove
46,Statielei 16,2023-04-17,04:00:00,9,7,2,FMN GV 03 Hove
46,Statielei 16,2023-04-17,05:00:00,36,24,12,FMN GV 03 Hove
46,Statielei 16,2023-04-17,06:00:00,110,80,30,FMN GV 03 Hove
46,Statielei 16,2023-04-17,07:00:00,428,344,84,FMN GV 03 Hove
46,Statielei 16,2023-04-17,08:00:00,469,374,95,FMN GV 03 Hove
46,Statielei 16,2023-04-17,09:00:00,118,90,28,FMN GV 03 Hove
46,Statielei 16,2023-04-17,10:00:00,70,45,25,FMN GV 03 Hove
46,Statielei 16,2023-04-17,11:00:00,65,40,25,FMN GV 03 Hove
46,Statielei 16,2023-04-17,12:00:00,112,63,49,FMN GV 03 Hove
46,Statielei 16,2023-04-17,13:00:00,131,65,66,FMN GV 03 Hove
46,Statielei 16,2023-04-17,14:00:00,112,64,48,FMN GV 03 Hove
46,Statielei 16,2023-04-17,15:00:00,202,80,122,FMN GV 03 Hove
46,Statielei 16,2023-04-17,16:00:00,391,130,261,FMN GV 03 Hove
46,Statielei 16,2023-04-17,17:00:00,443,143,300,FMN GV 03 Hove
46,Statielei 16,2023-04-17,18:00:00,264,99,165,FMN GV 03 Hove
46,Statielei 16,2023-04-17,19:00:00,123,59,64,FMN GV 03 Hove
46,Statielei 16,2023-04-17,20:00:00,69,32,37,FMN GV 03 Hove
46,Statielei 16,2023-04-17,21:00:00,38,19,19,FMN GV 03 Hove
46,Statielei 16,2023-04-17,22:00:00,67,22,45,FMN GV 03 Hove
46,Statielei 16,2023-04-17,23:00:00,10,5,5,FMN GV 03 Hove
46,Statielei 16,2023-04-18,00:00:00,2,2,0,FMN GV 03 Hove
46,Statielei 16,2023-04-18,01:00:00,0,0,0,FMN GV 03 Hove
46,Statielei 16,2023-04-18,02:00:00,0,0,0,FMN GV 03 Hove
46,Statielei 16,2023-04-18,03:00:00,3,2,1,FMN GV 03 Hove
46,Statielei 16,2023-04-18,04:00:00,12,6,6,FMN GV 03 Hove
46,Statielei 16,2023-04-18,05:00:00,37,25,12,FMN GV 03 Hove
46,Statielei 16,2023-04-18,06:00:00,119,84,35,FMN GV 03 Hove
46,Statielei 16,2023-04-18,07:00:00,433,337,96,FMN GV 03 Hove
46,Statielei 16,2023-04-18,08:00:00,518,407,111,FMN GV 03 Hove
46,Statielei 16,2023-04-18,09:00:00,158,118,40,FMN GV 03 Hove
46,Statielei 16,2023-04-18,10:00:00,91,62,29,FMN GV 03 Hove
46,Statielei 16,2023-04-18,11:00:00,91,61,30,FMN GV 03 Hove
46,Statielei 16,2023-04-18,12:00:00,156,95,61,FMN GV 03 Hove
46,Statielei 16,2023-04-18,13:00:00,143,74,69,FMN GV 03 Hove
46,Statielei 16,2023-04-18,14:00:00,139,66,73,FMN GV 03 Hove
46,Statielei 16,2023-04-18,15:00:00,219,83,136,FMN GV 03 Hove
46,Statielei 16,2023-04-18,16:00:00,364,113,251,FMN GV 03 Hove
46,Statielei 16,2023-04-18,17:00:00,463,148,315,FMN GV 03 Hove
46,Statielei 16,2023-04-18,18:00:00,326,105,221,FMN GV 03 Hove
46,Statielei 16,2023-04-18,19:00:00,130,58,72,FMN GV 03 Hove
46,Statielei 16,2023-04-18,20:00:00,86,45,41,FMN GV 03 Hove
46,Statielei 16,2023-04-18,21:00:00,72,38,34,FMN GV 03 Hove
46,Statielei 16,2023-04-18,22:00:00,63,30,33,FMN GV 03 Hove
46,Statielei 16,2023-04-18,23:00:00,32,8,24,FMN GV 03 Hove
46,Statielei 16,2023-04-19,00:00:00,2,1,1,FMN GV 03 Hove
46,Statielei 16,2023-04-19,01:00:00,0,0,0,FMN GV 03 Hove
46,Statielei 16,2023-04-19,02:00:00,1,1,0,FMN GV 03 Hove
46,Statielei 16,2023-04-19,03:00:00,2,2,0,FMN GV 03 Hove
46,Statielei 16,2023-04-19,04:00:00,9,6,3,FMN GV 03 Hove
46,Statielei 16,2023-04-19,05:00:00,38,24,14,FMN GV 03 Hove
46,Statielei 16,2023-04-19,06:00:00,110,80,30,FMN GV 03 Hove
46,Statielei 16,2023-04-19,07:00:00,397,310,87,FMN GV 03 Hove
46,Statielei 16,2023-04-19,08:00:00,435,343,92,FMN GV 03 Hove
46,Statielei 16,2023-04-19,09:00:00,174,120,54,FMN GV 03 Hove
46,Statielei 16,2023-04-19,10:00:00,169,101,68,FMN GV 03 Hove
46,Statielei 16,2023-04-19,11:00:00,169,85,84,FMN GV 03 Hove
46,Statielei 16,2023-04-19,12:00:00,284,103,181,FMN GV 03 Hove
46,Statielei 16,2023-04-19,13:00:00,117,47,70,FMN GV 03 Hove
46,Statielei 16,2023-04-19,14:00:00,144,59,85,FMN GV 03 Hove
46,Statielei 16,2023-04-19,15:00:00,215,93,122,FMN GV 03 Hove
46,Statielei 16,2023-04-19,16:00:00,301,119,182,FMN GV 03 Hove
46,Statielei 16,2023-04-19,17:00:00,446,168,278,FMN GV 03 Hove
46,Statielei 16,2023-04-19,18:00:00,285,130,155,FMN GV 03 Hove
46,Statielei 16,2023-04-19,19:00:00,160,87,73,FMN GV 03 Hove
46,Statielei 16,2023-04-19,20:00:00,105,69,36,FMN GV 03 Hove
46,Statielei 16,2023-04-19,21:00:00,81,46,35,FMN GV 03 Hove
46,Statielei 16,2023-04-19,22:00:00,70,26,44,FMN GV 03 Hove
46,Statielei 16,2023-04-19,23:00:00,23,13,10,FMN GV 03 Hove
46,Statielei 16,2023-04-20,00:00:00,4,2,2,FMN GV 03 Hove
46,Statielei 16,2023-04-20,01:00:00,5,1,4,FMN GV 03 Hove
46,Statielei 16,2023-04-20,02:00:00,3,0,3,FMN GV 03 Hove
46,Statielei 16,2023-04-20,03:00:00,1,1,0,FMN GV 03 Hove
46,Statielei 16,2023-04-20,04:00:00,10,6,4,FMN GV 03 Hove
46,Statielei 16,2023-04-20,05:00:00,30,19,11,FMN GV 03 Hove
46,Statielei 16,2023-04-20,06:00:00,92,60,32,FMN GV 03 Hove
46,Statielei 16,2023-04-20,07:00:00,312,248,64,FMN GV 03 Hove
46,Statielei 16,2023-04-20,08:00:00,377,307,70,FMN GV 03 Hove
46,Statielei 16,2023-04-20,09:00:00,98,72,26,FMN GV 03 Hove
46,Statielei 16,2023-04-20,10:00:00,54,34,20,FMN GV 03 Hove
46,Statielei 16,2023-04-20,11:00:00,65,38,27,FMN GV 03 Hove
46,Statielei 16,2023-04-20,12:00:00,92,42,50,FMN GV 03 Hove
46,Statielei 16,2023-04-20,13:00:00,105,49,56,FMN GV 03 Hove
46,Statielei 16,2023-04-20,14:00:00,104,52,52,FMN GV 03 Hove
46,Statielei 16,2023-04-20,15:00:00,155,63,92,FMN GV 03 Hove
46,Statielei 16,2023-04-20,16:00:00,236,74,162,FMN GV 03 Hove
46,Statielei 16,2023-04-20,17:00:00,303,100,203,FMN GV 03 Hove
46,Statielei 16,2023-04-20,18:00:00,199,81,118,FMN GV 03 Hove
46,Statielei 16,2023-04-20,19:00:00,111,52,59,FMN GV 03 Hove
46,Statielei 16,2023-04-20,20:00:00,77,37,40,FMN GV 03 Hove
46,Statielei 16,2023-04-20,21:00:00,58,30,28,FMN GV 03 Hove
46,Statielei 16,2023-04-20,22:00:00,48,25,23,FMN GV 03 Hove
46,Statielei 16,2023-04-20,23:00:00,16,4,12,FMN GV 03 Hove
46,Statielei 16,2023-04-21,00:00:00,12,3,9,FMN GV 03 Hove
46,Statielei 16,2023-04-21,01:00:00,2,2,0,FMN GV 03 Hove
46,Statielei 16,2023-04-21,02:00:00,7,1,6,FMN GV 03 Hove
46,Statielei 16,2023-04-21,03:00:00,3,0,3,FMN GV 03 Hove
46,Statielei 16,2023-04-21,04:00:00,17,11,6,FMN GV 03 Hove
46,Statielei 16,2023-04-21,05:00:00,32,23,9,FMN GV 03 Hove
46,Statielei 16,2023-04-21,06:00:00,82,52,30,FMN GV 03 Hove
46,Statielei 16,2023-04-21,07:00:00,272,209,63,FMN GV 03 Hove
46,Statielei 16,2023-04-21,08:00:00,358,275,83,FMN GV 03 Hove
46,Statielei 16,2023-04-21,09:00:00,119,84,35,FMN GV 03 Hove
46,Statielei 16,2023-04-21,10:00:00,114,79,35,FMN GV 03 Hove
46,Statielei 16,2023-04-21,11:00:00,96,50,46,FMN GV 03 Hove
46,Statielei 16,2023-04-21,12:00:00,163,73,90,FMN GV 03 Hove
46,Statielei 16,2023-04-21,13:00:00,53,27,26,FMN GV 03 Hove
46,Statielei 16,2023-04-21,14:00:00,108,51,57,FMN GV 03 Hove
46,Statielei 16,2023-04-21,15:00:00,253,111,142,FMN GV 03 Hove
46,Statielei 16,2023-04-21,16:00:00,331,117,214,FMN GV 03 Hove
46,Statielei 16,2023-04-21,17:00:00,320,112,208,FMN GV 03 Hove
46,Statielei 16,2023-04-21,18:00:00,199,86,113,FMN GV 03 Hove
46,Statielei 16,2023-04-21,19:00:00,117,60,57,FMN GV 03 Hove
46,Statielei 16,2023-04-21,20:00:00,78,36,42,FMN GV 03 Hove
46,Statielei 16,2023-04-21,21:00:00,50,23,27,FMN GV 03 Hove
46,Statielei 16,2023-04-21,22:00:00,46,19,27,FMN GV 03 Hove
46,Statielei 16,2023-04-21,23:00:00,42,15,27,FMN GV 03 Hove
46,Statielei 16,2023-04-22,00:00:00,29,8,21,FMN GV 03 Hove
46,Statielei 16,2023-04-22,01:00:00,25,13,12,FMN GV 03 Hove
46,Statielei 16,2023-04-22,02:00:00,21,15,6,FMN GV 03 Hove
46,Statielei 16,2023-04-22,03:00:00,16,10,6,FMN GV 03 Hove
46,Statielei 16,2023-04-22,04:00:00,10,5,5,FMN GV 03 Hove
46,Statielei 16,2023-04-22,05:00:00,19,10,9,FMN GV 03 Hove
46,Statielei 16,2023-04-22,06:00:00,13,7,6,FMN GV 03 Hove
46,Statielei 16,2023-04-22,07:00:00,23,8,15,FMN GV 03 Hove
46,Statielei 16,2023-04-22,08:00:00,57,25,32,FMN GV 03 Hove
46,Statielei 16,2023-04-22,09:00:00,124,70,54,FMN GV 03 Hove
46,Statielei 16,2023-04-22,10:00:00,121,74,47,FMN GV 03 Hove
46,Statielei 16,2023-04-22,11:00:00,132,66,66,FMN GV 03 Hove
46,Statielei 16,2023-04-22,12:00:00,108,69,39,FMN GV 03 Hove
46,Statielei 16,2023-04-22,13:00:00,43,23,20,FMN GV 03 Hove
46,Statielei 16,2023-04-22,14:00:00,66,34,32,FMN GV 03 Hove
46,Statielei 16,2023-04-22,15:00:00,66,25,41,FMN GV 03 Hove
46,Statielei 16,2023-04-22,16:00:00,67,34,33,FMN GV 03 Hove
46,Statielei 16,2023-04-22,17:00:00,53,31,22,FMN GV 03 Hove
46,Statielei 16,2023-04-22,18:00:00,62,34,28,FMN GV 03 Hove
46,Statielei 16,2023-04-22,19:00:00,79,49,30,FMN GV 03 Hove
46,Statielei 16,2023-04-22,20:00:00,62,43,19,FMN GV 03 Hove
46,Statielei 16,2023-04-22,21:00:00,38,24,14,FMN GV 03 Hove
46,Statielei 16,2023-04-22,22:00:00,30,10,20,FMN GV 03 Hove
46,Statielei 16,2023-04-22,23:00:00,16,5,11,FMN GV 03 Hove
46,Statielei 16,2023-04-23,00:00:00,25,8,17,FMN GV 03 Hove
46,Statielei 16,2023-04-23,01:00:00,19,11,8,FMN GV 03 Hove
46,Statielei 16,2023-04-23,02:00:00,9,1,8,FMN GV 03 Hove
46,Statielei 16,2023-04-23,03:00:00,6,3,3,FMN GV 03 Hove
46,Statielei 16,2023-04-23,04:00:00,7,3,4,FMN GV 03 Hove
46,Statielei 16,2023-04-23,05:00:00,6,4,2,FMN GV 03 Hove
46,Statielei 16,2023-04-23,06:00:00,10,4,6,FMN GV 03 Hove
46,Statielei 16,2023-04-23,07:00:00,23,6,17,FMN GV 03 Hove
46,Statielei 16,2023-04-23,08:00:00,68,29,39,FMN GV 03 Hove
46,Statielei 16,2023-04-23,09:00:00,150,61,89,FMN GV 03 Hove
46,Statielei 16,2023-04-23,10:00:00,178,87,91,FMN GV 03 Hove
46,Statielei 16,2023-04-23,11:00:00,257,174,83,FMN GV 03 Hove
46,Statielei 16,2023-04-23,12:00:00,204,151,53,FMN GV 03 Hove
46,Statielei 16,2023-04-23,13:00:00,121,84,37,FMN GV 03 Hove
46,Statielei 16,2023-04-23,14:00:00,90,60,30,FMN GV 03 Hove
46,Statielei 16,2023-04-23,15:00:00,62,27,35,FMN GV 03 Hove
46,Statielei 16,2023-04-23,16:00:00,59,18,41,FMN GV 03 Hove
46,Statielei 16,2023-04-23,17:00:00,104,41,63,FMN GV 03 Hove
46,Statielei 16,2023-04-23,18:00:00,56,17,39,FMN GV 03 Hove
46,Statielei 16,2023-04-23,19:00:00,51,19,32,FMN GV 03 Hove
46,Statielei 16,2023-04-23,20:00:00,23,8,15,FMN GV 03 Hove
46,Statielei 16,2023-04-23,21:00:00,26,12,14,FMN GV 03 Hove
46,Statielei 16,2023-04-23,22:00:00,14,5,9,FMN GV 03 Hove
46,Statielei 16,2023-04-23,23:00:00,7,4,3,FMN GV 03 Hove
46,Statielei 16,2023-04-24,00:00:00,4,1,3,FMN GV 03 Hove
46,Statielei 16,2023-04-24,01:00:00,4,2,2,FMN GV 03 Hove
46,Statielei 16,2023-04-24,02:00:00,3,0,3,FMN GV 03 Hove
46,Statielei 16,2023-04-24,03:00:00,1,1,0,FMN GV 03 Hove
46,Statielei 16,2023-04-24,04:00:00,12,6,6,FMN GV 03 Hove
46,Statielei 16,2023-04-24,05:00:00,18,13,5,FMN GV 03 Hove
46,Statielei 16,2023-04-24,06:00:00,54,40,14,FMN GV 03 Hove
46,Statielei 16,2023-04-24,07:00:00,191,145,46,FMN GV 03 Hove
46,Statielei 16,2023-04-24,08:00:00,311,250,61,FMN GV 03 Hove
46,Statielei 16,2023-04-24,09:00:00,72,63,9,FMN GV 03 Hove
46,Statielei 16,2023-04-24,10:00:00,35,21,14,FMN GV 03 Hove
46,Statielei 16,2023-04-24,11:00:00,44,28,16,FMN GV 03 Hove
46,Statielei 16,2023-04-24,12:00:00,70,37,33,FMN GV 03 Hove
46,Statielei 16,2023-04-24,13:00:00,65,35,30,FMN GV 03 Hove
46,Statielei 16,2023-04-24,14:00:00,72,40,32,FMN GV 03 Hove
46,Statielei 16,2023-04-24,15:00:00,128,55,73,FMN GV 03 Hove
46,Statielei 16,2023-04-24,16:00:00,215,71,144,FMN GV 03 Hove
46,Statielei 16,2023-04-24,17:00:00,257,80,177,FMN GV 03 Hove
46,Statielei 16,2023-04-24,18:00:00,187,67,120,FMN GV 03 Hove
46,Statielei 16,2023-04-24,19:00:00,68,25,43,FMN GV 03 Hove
46,Statielei 16,2023-04-24,20:00:00,57,31,26,FMN GV 03 Hove
46,Statielei 16,2023-04-24,21:00:00,41,21,20,FMN GV 03 Hove
46,Statielei 16,2023-04-24,22:00:00,47,18,29,FMN GV 03 Hove
46,Statielei 16,2023-04-24,23:00:00,12,5,7,FMN GV 03 Hove
46,Statielei 16,2023-04-25,00:00:00,4,2,2,FMN GV 03 Hove
46,Statielei 16,2023-04-25,01:00:00,2,2,0,FMN GV 03 Hove
46,Statielei 16,2023-04-25,02:00:00,4,0,4,FMN GV 03 Hove
46,Statielei 16,2023-04-25,03:00:00,3,2,1,FMN GV 03 Hove
46,Statielei 16,2023-04-25,04:00:00,9,6,3,FMN GV 03 Hove
46,Statielei 16,2023-04-25,05:00:00,28,15,13,FMN GV 03 Hove
46,Statielei 16,2023-04-25,06:00:00,85,61,24,FMN GV 03 Hove
46,Statielei 16,2023-04-25,07:00:00,387,294,93,FMN GV 03 Hove
46,Statielei 16,2023-04-25,08:00:00,451,363,88,FMN GV 03 Hove
46,Statielei 16,2023-04-25,09:00:00,115,86,29,FMN GV 03 Hove
46,Statielei 16,2023-04-25,10:00:00,80,52,28,FMN GV 03 Hove
46,Statielei 16,2023-04-25,11:00:00,63,41,22,FMN GV 03 Hove
46,Statielei 16,2023-04-25,12:00:00,133,63,70,FMN GV 03 Hove
46,Statielei 16,2023-04-25,13:00:00,120,67,53,FMN GV 03 Hove
46,Statielei 16,2023-04-25,14:00:00,114,56,58,FMN GV 03 Hove
46,Statielei 16,2023-04-25,15:00:00,181,65,116,FMN GV 03 Hove
46,Statielei 16,2023-04-25,16:00:00,322,86,236,FMN GV 03 Hove
46,Statielei 16,2023-04-25,17:00:00,389,133,256,FMN GV 03 Hove
46,Statielei 16,2023-04-25,18:00:00,276,112,164,FMN GV 03 Hove
46,Statielei 16,2023-04-25,19:00:00,137,67,70,FMN GV 03 Hove
46,Statielei 16,2023-04-25,20:00:00,79,49,30,FMN GV 03 Hove
46,Statielei 16,2023-04-25,21:00:00,51,27,24,FMN GV 03 Hove
46,Statielei 16,2023-04-25,22:00:00,55,23,32,FMN GV 03 Hove
46,Statielei 16,2023-04-25,23:00:00,27,6,21,FMN GV 03 Hove
46,Statielei 16,2023-04-26,00:00:00,11,2,9,FMN GV 03 Hove
46,Statielei 16,2023-04-26,01:00:00,8,2,6,FMN GV 03 Hove
46,Statielei 16,2023-04-26,02:00:00,1,1,0,FMN GV 03 Hove
46,Statielei 16,2023-04-26,03:00:00,3,2,1,FMN GV 03 Hove
46,Statielei 16,2023-04-26,04:00:00,15,8,7,FMN GV 03 Hove
46,Statielei 16,2023-04-26,05:00:00,25,15,10,FMN GV 03 Hove
46,Statielei 16,2023-04-26,06:00:00,92,72,20,FMN GV 03 Hove
46,Statielei 16,2023-04-26,07:00:00,340,275,65,FMN GV 03 Hove
46,Statielei 16,2023-04-26,08:00:00,366,284,82,FMN GV 03 Hove
46,Statielei 16,2023-04-26,09:00:00,170,117,53,FMN GV 03 Hove
46,Statielei 16,2023-04-26,10:00:00,140,79,61,FMN GV 03 Hove
46,Statielei 16,2023-04-26,11:00:00,137,55,82,FMN GV 03 Hove
46,Statielei 16,2023-04-26,12:00:00,243,87,156,FMN GV 03 Hove
46,Statielei 16,2023-04-26,13:00:00,175,66,109,FMN GV 03 Hove
46,Statielei 16,2023-04-26,14:00:00,160,72,88,FMN GV 03 Hove
46,Statielei 16,2023-04-26,15:00:00,148,72,76,FMN GV 03 Hove
46,Statielei 16,2023-04-26,16:00:00,247,78,169,FMN GV 03 Hove
46,Statielei 16,2023-04-26,17:00:00,321,104,217,FMN GV 03 Hove
46,Statielei 16,2023-04-26,18:00:00,244,109,135,FMN GV 03 Hove
46,Statielei 16,2023-04-26,19:00:00,124,77,47,FMN GV 03 Hove
46,Statielei 16,2023-04-26,20:00:00,87,48,39,FMN GV 03 Hove
46,Statielei 16,2023-04-26,21:00:00,49,21,28,FMN GV 03 Hove
46,Statielei 16,2023-04-26,22:00:00,43,20,23,FMN GV 03 Hove
46,Statielei 16,2023-04-26,23:00:00,28,9,19,FMN GV 03 Hove
46,Statielei 16,2023-04-27,00:00:00,9,6,3,FMN GV 03 Hove
46,Statielei 16,2023-04-27,01:00:00,3,1,2,FMN GV 03 Hove
46,Statielei 16,2023-04-27,02:00:00,1,0,1,FMN GV 03 Hove
46,Statielei 16,2023-04-27,03:00:00,2,1,1,FMN GV 03 Hove
46,Statielei 16,2023-04-27,04:00:00,13,8,5,FMN GV 03 Hove
46,Statielei 16,2023-04-27,05:00:00,37,24,13,FMN GV 03 Hove
46,Statielei 16,2023-04-27,06:00:00,95,66,29,FMN GV 03 Hove
46,Statielei 16,2023-04-27,07:00:00,397,301,96,FMN GV 03 Hove
46,Statielei 16,2023-04-27,08:00:00,438,351,87,FMN GV 03 Hove
46,Statielei 16,2023-04-27,09:00:00,136,99,37,FMN GV 03 Hove
46,Statielei 16,2023-04-27,10:00:00,94,58,36,FMN GV 03 Hove
46,Statielei 16,2023-04-27,11:00:00,86,48,38,FMN GV 03 Hove
46,Statielei 16,2023-04-27,12:00:00,127,60,67,FMN GV 03 Hove
46,Statielei 16,2023-04-27,13:00:00,133,66,67,FMN GV 03 Hove
46,Statielei 16,2023-04-27,14:00:00,150,79,71,FMN GV 03 Hove
46,Statielei 16,2023-04-27,15:00:00,236,101,135,FMN GV 03 Hove
46,Statielei 16,2023-04-27,16:00:00,332,108,224,FMN GV 03 Hove
46,Statielei 16,2023-04-27,17:00:00,396,139,257,FMN GV 03 Hove
46,Statielei 16,2023-04-27,18:00:00,311,112,199,FMN GV 03 Hove
46,Statielei 16,2023-04-27,19:00:00,171,89,82,FMN GV 03 Hove
46,Statielei 16,2023-04-27,20:00:00,117,69,48,FMN GV 03 Hove
46,Statielei 16,2023-04-27,21:00:00,68,31,37,FMN GV 03 Hove
46,Statielei 16,2023-04-27,22:00:00,62,20,42,FMN GV 03 Hove
46,Statielei 16,2023-04-27,23:00:00,29,13,16,FMN GV 03 Hove
46,Statielei 16,2023-04-28,00:00:00,24,7,17,FMN GV 03 Hove
46,Statielei 16,2023-04-28,01:00:00,6,1,5,FMN GV 03 Hove
46,Statielei 16,2023-04-28,02:00:00,3,1,2,FMN GV 03 Hove
46,Statielei 16,2023-04-28,03:00:00,1,0,1,FMN GV 03 Hove
46,Statielei 16,2023-04-28,04:00:00,13,7,6,FMN GV 03 Hove
46,Statielei 16,2023-04-28,05:00:00,25,15,10,FMN GV 03 Hove
46,Statielei 16,2023-04-28,06:00:00,75,55,20,FMN GV 03 Hove
46,Statielei 16,2023-04-28,07:00:00,236,180,56,FMN GV 03 Hove
46,Statielei 16,2023-04-28,08:00:00,312,248,64,FMN GV 03 Hove
46,Statielei 16,2023-04-28,09:00:00,86,62,24,FMN GV 03 Hove
46,Statielei 16,2023-04-28,10:00:00,73,48,25,FMN GV 03 Hove
46,Statielei 16,2023-04-28,11:00:00,58,34,24,FMN GV 03 Hove
46,Statielei 16,2023-04-28,12:00:00,92,47,45,FMN GV 03 Hove
46,Statielei 16,2023-04-28,13:00:00,104,59,45,FMN GV 03 Hove
46,Statielei 16,2023-04-28,14:00:00,96,44,52,FMN GV 03 Hove
46,Statielei 16,2023-04-28,15:00:00,164,62,102,FMN GV 03 Hove
46,Statielei 16,2023-04-28,16:00:00,233,63,170,FMN GV 03 Hove
46,Statielei 16,2023-04-28,17:00:00,225,80,145,FMN GV 03 Hove
46,Statielei 16,2023-04-28,18:00:00,146,65,81,FMN GV 03 Hove
46,Statielei 16,2023-04-28,19:00:00,96,50,46,FMN GV 03 Hove
46,Statielei 16,2023-04-28,20:00:00,74,37,37,FMN GV 03 Hove
46,Statielei 16,2023-04-28,21:00:00,50,21,29,FMN GV 03 Hove
46,Statielei 16,2023-04-28,22:00:00,41,16,25,FMN GV 03 Hove
46,Statielei 16,2023-04-28,23:00:00,44,19,25,FMN GV 03 Hove
46,Statielei 16,2023-04-29,00:00:00,32,9,23,FMN GV 03 Hove
46,Statielei 16,2023-04-29,01:00:00,12,4,8,FMN GV 03 Hove
46,Statielei 16,2023-04-29,02:00:00,5,1,4,FMN GV 03 Hove
46,Statielei 16,2023-04-29,03:00:00,7,2,5,FMN GV 03 Hove
46,Statielei 16,2023-04-29,04:00:00,5,4,1,FMN GV 03 Hove
46,Statielei 16,2023-04-29,05:00:00,17,9,8,FMN GV 03 Hove
46,Statielei 16,2023-04-29,06:00:00,18,12,6,FMN GV 03 Hove
46,Statielei 16,2023-04-29,07:00:00,19,9,10,FMN GV 03 Hove
46,Statielei 16,2023-04-29,08:00:00,58,29,29,FMN GV 03 Hove
46,Statielei 16,2023-04-29,09:00:00,91,42,49,FMN GV 03 Hove
46,Statielei 16,2023-04-29,10:00:00,102,52,50,FMN GV 03 Hove
46,Statielei 16,2023-04-29,11:00:00,140,84,56,FMN GV 03 Hove
46,Statielei 16,2023-04-29,12:00:00,129,71,58,FMN GV 03 Hove
46,Statielei 16,2023-04-29,13:00:00,145,75,70,FMN GV 03 Hove
46,Statielei 16,2023-04-29,14:00:00,172,88,84,FMN GV 03 Hove
46,Statielei 16,2023-04-29,15:00:00,142,75,67,FMN GV 03 Hove
46,Statielei 16,2023-04-29,16:00:00,121,72,49,FMN GV 03 Hove
46,Statielei 16,2023-04-29,17:00:00,118,73,45,FMN GV 03 Hove
46,Statielei 16,2023-04-29,18:00:00,93,51,42,FMN GV 03 Hove
46,Statielei 16,2023-04-29,19:00:00,78,46,32,FMN GV 03 Hove
46,Statielei 16,2023-04-29,20:00:00,56,27,29,FMN GV 03 Hove
46,Statielei 16,2023-04-29,21:00:00,51,31,20,FMN GV 03 Hove
46,Statielei 16,2023-04-29,22:00:00,35,13,22,FMN GV 03 Hove
46,Statielei 16,2023-04-29,23:00:00,31,18,13,FMN GV 03 Hove
46,Statielei 16,2023-04-30,00:00:00,21,10,11,FMN GV 03 Hove
46,Statielei 16,2023-04-30,01:00:00,17,11,6,FMN GV 03 Hove
46,Statielei 16,2023-04-30,02:00:00,13,4,9,FMN GV 03 Hove
46,Statielei 16,2023-04-30,03:00:00,4,2,2,FMN GV 03 Hove
46,Statielei 16,2023-04-30,04:00:00,4,2,2,FMN GV 03 Hove
46,Statielei 16,2023-04-30,05:00:00,8,5,3,FMN GV 03 Hove
46,Statielei 16,2023-04-30,06:00:00,14,10,4,FMN GV 03 Hove
46,Statielei 16,2023-04-30,07:00:00,25,12,13,FMN GV 03 Hove
46,Statielei 16,2023-04-30,08:00:00,42,21,21,FMN GV 03 Hove
46,Statielei 16,2023-04-30,09:00:00,118,67,51,FMN GV 03 Hove
46,Statielei 16,2023-04-30,10:00:00,162,80,82,FMN GV 03 Hove
46,Statielei 16,2023-04-30,11:00:00,210,98,112,FMN GV 03 Hove
46,Statielei 16,2023-04-30,12:00:00,232,152,80,FMN GV 03 Hove
46,Statielei 16,2023-04-30,13:00:00,197,115,82,FMN GV 03 Hove
46,Statielei 16,2023-04-30,14:00:00,261,149,112,FMN GV 03 Hove
46,Statielei 16,2023-04-30,15:00:00,198,120,78,FMN GV 03 Hove
46,Statielei 16,2023-04-30,16:00:00,185,98,87,FMN GV 03 Hove
46,Statielei 16,2023-04-30,17:00:00,182,100,82,FMN GV 03 Hove
46,Statielei 16,2023-04-30,18:00:00,138,84,54,FMN GV 03 Hove
46,Statielei 16,2023-04-30,19:00:00,86,51,35,FMN GV 03 Hove
46,Statielei 16,2023-04-30,20:00:00,83,49,34,FMN GV 03 Hove
46,Statielei 16,2023-04-30,21:00:00,46,21,25,FMN GV 03 Hove
46,Statielei 16,2023-04-30,22:00:00,47,24,23,FMN GV 03 Hove
46,Statielei 16,2023-04-30,23:00:00,26,8,18,FMN GV 03 Hove
46,Statielei 16,2023-05-01,00:00:00,17,7,10,FMN GV 03 Hove
46,Statielei 16,2023-05-01,01:00:00,18,8,10,FMN GV 03 Hove
46,Statielei 16,2023-05-01,02:00:00,3,0,3,FMN GV 03 Hove
46,Statielei 16,2023-05-01,03:00:00,4,1,3,FMN GV 03 Hove
46,Statielei 16,2023-05-01,04:00:00,4,2,2,FMN GV 03 Hove
46,Statielei 16,2023-05-01,05:00:00,10,10,0,FMN GV 03 Hove
46,Statielei 16,2023-05-01,06:00:00,14,11,3,FMN GV 03 Hove
46,Statielei 16,2023-05-01,07:00:00,18,8,10,FMN GV 03 Hove
46,Statielei 16,2023-05-01,08:00:00,51,23,28,FMN GV 03 Hove
46,Statielei 16,2023-05-01,09:00:00,96,53,43,FMN GV 03 Hove
46,Statielei 16,2023-05-01,10:00:00,187,80,107,FMN GV 03 Hove
46,Statielei 16,2023-05-01,11:00:00,152,79,73,FMN GV 03 Hove
46,Statielei 16,2023-05-01,12:00:00,127,71,56,FMN GV 03 Hove
46,Statielei 16,2023-05-01,13:00:00,144,83,61,FMN GV 03 Hove
46,Statielei 16,2023-05-01,14:00:00,173,85,88,FMN GV 03 Hove
46,Statielei 16,2023-05-01,15:00:00,147,67,80,FMN GV 03 Hove
46,Statielei 16,2023-05-01,16:00:00,185,104,81,FMN GV 03 Hove
46,Statielei 16,2023-05-01,17:00:00,134,81,53,FMN GV 03 Hove
46,Statielei 16,2023-05-01,18:00:00,115,65,50,FMN GV 03 Hove
46,Statielei 16,2023-05-01,19:00:00,102,54,48,FMN GV 03 Hove
46,Statielei 16,2023-05-01,20:00:00,62,46,16,FMN GV 03 Hove
46,Statielei 16,2023-05-01,21:00:00,47,32,15,FMN GV 03 Hove
46,Statielei 16,2023-05-01,22:00:00,43,17,26,FMN GV 03 Hove
46,Statielei 16,2023-05-01,23:00:00,18,8,10,FMN GV 03 Hove
46,Statielei 16,2023-05-02,00:00:00,8,2,6,FMN GV 03 Hove
46,Statielei 16,2023-05-02,01:00:00,4,2,2,FMN GV 03 Hove
46,Statielei 16,2023-05-02,02:00:00,2,1,1,FMN GV 03 Hove
46,Statielei 16,2023-05-02,03:00:00,1,1,0,FMN GV 03 Hove
46,Statielei 16,2023-05-02,04:00:00,16,7,9,FMN GV 03 Hove
46,Statielei 16,2023-05-02,05:00:00,31,18,13,FMN GV 03 Hove
46,Statielei 16,2023-05-02,06:00:00,106,80,26,FMN GV 03 Hove
46,Statielei 16,2023-05-02,07:00:00,393,314,79,FMN GV 03 Hove
46,Statielei 16,2023-05-02,08:00:00,466,374,92,FMN GV 03 Hove
46,Statielei 16,2023-05-02,09:00:00,167,117,50,FMN GV 03 Hove
46,Statielei 16,2023-05-02,10:00:00,76,45,31,FMN GV 03 Hove
46,Statielei 16,2023-05-02,11:00:00,94,65,29,FMN GV 03 Hove
46,Statielei 16,2023-05-02,12:00:00,142,80,62,FMN GV 03 Hove
46,Statielei 16,2023-05-02,13:00:00,161,97,64,FMN GV 03 Hove
46,Statielei 16,2023-05-02,14:00:00,121,71,50,FMN GV 03 Hove
46,Statielei 16,2023-05-02,15:00:00,215,94,121,FMN GV 03 Hove
46,Statielei 16,2023-05-02,16:00:00,351,99,252,FMN GV 03 Hove
46,Statielei 16,2023-05-02,17:00:00,442,124,318,FMN GV 03 Hove
46,Statielei 16,2023-05-02,18:00:00,293,110,183,FMN GV 03 Hove
46,Statielei 16,2023-05-02,19:00:00,140,57,83,FMN GV 03 Hove
46,Statielei 16,2023-05-02,20:00:00,96,44,52,FMN GV 03 Hove
46,Statielei 16,2023-05-02,21:00:00,54,32,22,FMN GV 03 Hove
46,Statielei 16,2023-05-02,22:00:00,63,26,37,FMN GV 03 Hove
46,Statielei 16,2023-05-02,23:00:00,27,11,16,FMN GV 03 Hove
46,Statielei 16,2023-05-03,00:00:00,5,1,4,FMN GV 03 Hove
46,Statielei 16,2023-05-03,01:00:00,6,1,5,FMN GV 03 Hove
46,Statielei 16,2023-05-03,02:00:00,1,0,1,FMN GV 03 Hove
46,Statielei 16,2023-05-03,03:00:00,1,1,0,FMN GV 03 Hove
46,Statielei 16,2023-05-03,04:00:00,13,4,9,FMN GV 03 Hove
46,Statielei 16,2023-05-03,05:00:00,36,21,15,FMN GV 03 Hove
46,Statielei 16,2023-05-03,06:00:00,117,81,36,FMN GV 03 Hove
46,Statielei 16,2023-05-03,07:00:00,425,324,101,FMN GV 03 Hove
46,Statielei 16,2023-05-03,08:00:00,423,323,100,FMN GV 03 Hove
46,Statielei 16,2023-05-03,09:00:00,160,117,43,FMN GV 03 Hove
46,Statielei 16,2023-05-03,10:00:00,161,101,60,FMN GV 03 Hove
46,Statielei 16,2023-05-03,11:00:00,190,102,88,FMN GV 03 Hove
46,Statielei 16,2023-05-03,12:00:00,265,89,176,FMN GV 03 Hove
46,Statielei 16,2023-05-03,13:00:00,13,2,11,FMN GV 03 Hove
46,Statielei 16,2023-05-03,14:00:00,140,55,85,FMN GV 03 Hove
46,Statielei 16,2023-05-03,15:00:00,200,87,113,FMN GV 03 Hove
46,Statielei 16,2023-05-03,16:00:00,299,103,196,FMN GV 03 Hove
46,Statielei 16,2023-05-03,17:00:00,409,135,274,FMN GV 03 Hove
46,Statielei 16,2023-05-03,18:00:00,300,143,157,FMN GV 03 Hove
46,Statielei 16,2023-05-03,19:00:00,194,98,96,FMN GV 03 Hove
46,Statielei 16,2023-05-03,20:00:00,125,75,50,FMN GV 03 Hove
46,Statielei 16,2023-05-03,21:00:00,95,49,46,FMN GV 03 Hove
46,Statielei 16,2023-05-03,22:00:00,80,36,44,FMN GV 03 Hove
46,Statielei 16,2023-05-03,23:00:00,26,9,17,FMN GV 03 Hove
46,Statielei 16,2023-05-04,00:00:00,14,4,10,FMN GV 03 Hove
46,Statielei 16,2023-05-04,01:00:00,4,3,1,FMN GV 03 Hove
46,Statielei 16,2023-05-04,02:00:00,1,0,1,FMN GV 03 Hove
46,Statielei 16,2023-05-04,03:00:00,2,0,2,FMN GV 03 Hove
46,Statielei 16,2023-05-04,04:00:00,17,7,10,FMN GV 03 Hove
46,Statielei 16,2023-05-04,05:00:00,34,21,13,FMN GV 03 Hove
46,Statielei 16,2023-05-04,06:00:00,136,95,41,FMN GV 03 Hove
46,Statielei 16,2023-05-04,07:00:00,422,328,94,FMN GV 03 Hove
46,Statielei 16,2023-05-04,08:00:00,533,420,113,FMN GV 03 Hove
46,Statielei 16,2023-05-04,09:00:00,171,121,50,FMN GV 03 Hove
46,Statielei 16,2023-05-04,10:00:00,114,65,49,FMN GV 03 Hove
46,Statielei 16,2023-05-04,11:00:00,123,66,57,FMN GV 03 Hove
46,Statielei 16,2023-05-04,12:00:00,98,50,48,FMN GV 03 Hove
46,Statielei 16,2023-05-04,13:00:00,0,0,0,FMN GV 03 Hove
46,Statielei 16,2023-05-04,14:00:00,147,74,73,FMN GV 03 Hove
46,Statielei 16,2023-05-04,15:00:00,290,114,176,FMN GV 03 Hove
46,Statielei 16,2023-05-04,16:00:00,404,125,279,FMN GV 03 Hove
46,Statielei 16,2023-05-04,17:00:00,556,194,362,FMN GV 03 Hove
46,Statielei 16,2023-05-04,18:00:00,335,123,212,FMN GV 03 Hove
46,Statielei 16,2023-05-04,19:00:00,185,76,109,FMN GV 03 Hove
46,Statielei 16,2023-05-04,20:00:00,128,74,54,FMN GV 03 Hove
46,Statielei 16,2023-05-04,21:00:00,75,31,44,FMN GV 03 Hove
46,Statielei 16,2023-05-04,22:00:00,87,40,47,FMN GV 03 Hove
46,Statielei 16,2023-05-04,23:00:00,40,9,31,FMN GV 03 Hove
46,Statielei 16,2023-05-05,00:00:00,23,7,16,FMN GV 03 Hove
46,Statielei 16,2023-05-05,01:00:00,11,3,8,FMN GV 03 Hove
46,Statielei 16,2023-05-05,02:00:00,3,0,3,FMN GV 03 Hove
46,Statielei 16,2023-05-05,03:00:00,2,1,1,FMN GV 03 Hove
46,Statielei 16,2023-05-05,04:00:00,10,4,6,FMN GV 03 Hove
46,Statielei 16,2023-05-05,05:00:00,29,21,8,FMN GV 03 Hove
46,Statielei 16,2023-05-05,06:00:00,97,66,31,FMN GV 03 Hove
46,Statielei 16,2023-05-05,07:00:00,321,245,76,FMN GV 03 Hove
46,Statielei 16,2023-05-05,08:00:00,351,265,86,FMN GV 03 Hove
46,Statielei 16,2023-05-05,09:00:00,158,113,45,FMN GV 03 Hove
46,Statielei 16,2023-05-05,10:00:00,103,62,41,FMN GV 03 Hove
46,Statielei 16,2023-05-05,11:00:00,42,16,26,FMN GV 03 Hove
46,Statielei 16,2023-05-05,12:00:00,105,51,54,FMN GV 03 Hove
46,Statielei 16,2023-05-05,13:00:00,107,46,61,FMN GV 03 Hove
46,Statielei 16,2023-05-05,14:00:00,93,45,48,FMN GV 03 Hove
46,Statielei 16,2023-05-05,15:00:00,158,60,98,FMN GV 03 Hove
46,Statielei 16,2023-05-05,16:00:00,253,73,180,FMN GV 03 Hove
46,Statielei 16,2023-05-05,17:00:00,257,87,170,FMN GV 03 Hove
46,Statielei 16,2023-05-05,18:00:00,150,64,86,FMN GV 03 Hove
46,Statielei 16,2023-05-05,19:00:00,112,49,63,FMN GV 03 Hove
46,Statielei 16,2023-05-05,20:00:00,92,46,46,FMN GV 03 Hove
46,Statielei 16,2023-05-05,21:00:00,49,31,18,FMN GV 03 Hove
46,Statielei 16,2023-05-05,22:00:00,59,25,34,FMN GV 03 Hove
46,Statielei 16,2023-05-05,23:00:00,37,15,22,FMN GV 03 Hove
46,Statielei 16,2023-05-06,00:00:00,44,15,29,FMN GV 03 Hove
46,Statielei 16,2023-05-06,01:00:00,22,8,14,FMN GV 03 Hove
46,Statielei 16,2023-05-06,02:00:00,9,4,5,FMN GV 03 Hove
46,Statielei 16,2023-05-06,03:00:00,9,1,8,FMN GV 03 Hove
46,Statielei 16,2023-05-06,04:00:00,9,4,5,FMN GV 03 Hove
46,Statielei 16,2023-05-06,05:00:00,11,6,5,FMN GV 03 Hove
46,Statielei 16,2023-05-06,06:00:00,24,13,11,FMN GV 03 Hove
46,Statielei 16,2023-05-06,07:00:00,29,11,18,FMN GV 03 Hove
46,Statielei 16,2023-05-06,08:00:00,69,24,45,FMN GV 03 Hove
46,Statielei 16,2023-05-06,09:00:00,129,80,49,FMN GV 03 Hove
46,Statielei 16,2023-05-06,10:00:00,208,111,97,FMN GV 03 Hove
46,Statielei 16,2023-05-06,11:00:00,183,94,89,FMN GV 03 Hove
46,Statielei 16,2023-05-06,12:00:00,222,116,106,FMN GV 03 Hove
46,Statielei 16,2023-05-06,13:00:00,173,101,72,FMN GV 03 Hove
46,Statielei 16,2023-05-06,14:00:00,171,92,79,FMN GV 03 Hove
46,Statielei 16,2023-05-06,15:00:00,198,110,88,FMN GV 03 Hove
46,Statielei 16,2023-05-06,16:00:00,167,83,84,FMN GV 03 Hove
46,Statielei 16,2023-05-06,17:00:00,152,78,74,FMN GV 03 Hove
46,Statielei 16,2023-05-06,18:00:00,97,46,51,FMN GV 03 Hove
46,Statielei 16,2023-05-06,19:00:00,70,41,29,FMN GV 03 Hove
46,Statielei 16,2023-05-06,20:00:00,49,25,24,FMN GV 03 Hove
46,Statielei 16,2023-05-06,21:00:00,34,19,15,FMN GV 03 Hove
46,Statielei 16,2023-05-06,22:00:00,67,36,31,FMN GV 03 Hove
46,Statielei 16,2023-05-06,23:00:00,34,16,18,FMN GV 03 Hove
46,Statielei 16,2023-05-07,00:00:00,34,11,23,FMN GV 03 Hove
46,Statielei 16,2023-05-07,01:00:00,15,6,9,FMN GV 03 Hove
46,Statielei 16,2023-05-07,02:00:00,6,2,4,FMN GV 03 Hove
46,Statielei 16,2023-05-07,03:00:00,6,2,4,FMN GV 03 Hove
46,Statielei 16,2023-05-07,04:00:00,7,2,5,FMN GV 03 Hove
46,Statielei 16,2023-05-07,05:00:00,7,6,1,FMN GV 03 Hove
46,Statielei 16,2023-05-07,06:00:00,20,11,9,FMN GV 03 Hove
46,Statielei 16,2023-05-07,07:00:00,17,7,10,FMN GV 03 Hove
46,Statielei 16,2023-05-07,08:00:00,30,16,14,FMN GV 03 Hove
46,Statielei 16,2023-05-07,09:00:00,119,54,65,FMN GV 03 Hove
46,Statielei 16,2023-05-07,10:00:00,67,31,36,FMN GV 03 Hove
46,Statielei 16,2023-05-07,11:00:00,57,34,23,FMN GV 03 Hove
46,Statielei 16,2023-05-07,12:00:00,57,35,22,FMN GV 03 Hove
46,Statielei 16,2023-05-07,13:00:00,66,45,21,FMN GV 03 Hove
46,Statielei 16,2023-05-07,14:00:00,55,35,20,FMN GV 03 Hove
46,Statielei 16,2023-05-07,15:00:00,59,29,30,FMN GV 03 Hove
46,Statielei 16,2023-05-07,16:00:00,102,60,42,FMN GV 03 Hove
46,Statielei 16,2023-05-07,17:00:00,73,50,23,FMN GV 03 Hove
46,Statielei 16,2023-05-07,18:00:00,68,36,32,FMN GV 03 Hove
46,Statielei 16,2023-05-07,19:00:00,54,22,32,FMN GV 03 Hove
46,Statielei 16,2023-05-07,20:00:00,41,29,12,FMN GV 03 Hove
46,Statielei 16,2023-05-07,21:00:00,29,16,13,FMN GV 03 Hove
46,Statielei 16,2023-05-07,22:00:00,21,8,13,FMN GV 03 Hove
46,Statielei 16,2023-05-07,23:00:00,7,1,6,FMN GV 03 Hove
46,Statielei 16,2023-05-08,00:00:00,4,3,1,FMN GV 03 Hove
46,Statielei 16,2023-05-08,01:00:00,1,0,1,FMN GV 03 Hove
46,Statielei 16,2023-05-08,02:00:00,1,0,1,FMN GV 03 Hove
46,Statielei 16,2023-05-08,03:00:00,5,2,3,FMN GV 03 Hove
46,Statielei 16,2023-05-08,04:00:00,14,8,6,FMN GV 03 Hove
46,Statielei 16,2023-05-08,05:00:00,29,17,12,FMN GV 03 Hove
46,Statielei 16,2023-05-08,06:00:00,96,68,28,FMN GV 03 Hove
46,Statielei 16,2023-05-08,07:00:00,392,309,83,FMN GV 03 Hove
46,Statielei 16,2023-05-08,08:00:00,442,353,89,FMN GV 03 Hove
46,Statielei 16,2023-05-08,09:00:00,146,102,44,FMN GV 03 Hove
46,Statielei 16,2023-05-08,10:00:00,76,48,28,FMN GV 03 Hove
46,Statielei 16,2023-05-08,11:00:00,78,51,27,FMN GV 03 Hove
46,Statielei 16,2023-05-08,12:00:00,124,72,52,FMN GV 03 Hove
46,Statielei 16,2023-05-08,13:00:00,135,63,72,FMN GV 03 Hove
46,Statielei 16,2023-05-08,14:00:00,132,70,62,FMN GV 03 Hove
46,Statielei 16,2023-05-08,15:00:00,237,109,128,FMN GV 03 Hove
46,Statielei 16,2023-05-08,16:00:00,357,103,254,FMN GV 03 Hove
46,Statielei 16,2023-05-08,17:00:00,415,107,308,FMN GV 03 Hove
46,Statielei 16,2023-05-08,18:00:00,270,102,168,FMN GV 03 Hove
46,Statielei 16,2023-05-08,19:00:00,147,67,80,FMN GV 03 Hove
46,Statielei 16,2023-05-08,20:00:00,103,56,47,FMN GV 03 Hove
46,Statielei 16,2023-05-08,21:00:00,55,31,24,FMN GV 03 Hove
46,Statielei 16,2023-05-08,22:00:00,62,33,29,FMN GV 03 Hove
46,Statielei 16,2023-05-08,23:00:00,19,10,9,FMN GV 03 Hove
46,Statielei 16,2023-05-09,00:00:00,8,4,4,FMN GV 03 Hove
46,Statielei 16,2023-05-09,01:00:00,0,0,0,FMN GV 03 Hove
46,Statielei 16,2023-05-09,02:00:00,0,0,0,FMN GV 03 Hove
46,Statielei 16,2023-05-09,03:00:00,4,3,1,FMN GV 03 Hove
46,Statielei 16,2023-05-09,04:00:00,9,5,4,FMN GV 03 Hove
46,Statielei 16,2023-05-09,05:00:00,24,15,9,FMN GV 03 Hove
46,Statielei 16,2023-05-09,06:00:00,75,58,17,FMN GV 03 Hove
46,Statielei 16,2023-05-09,07:00:00,319,249,70,FMN GV 03 Hove
46,Statielei 16,2023-05-09,08:00:00,357,300,57,FMN GV 03 Hove
46,Statielei 16,2023-05-09,09:00:00,71,48,23,FMN GV 03 Hove
46,Statielei 16,2023-05-09,10:00:00,66,24,42,FMN GV 03 Hove
46,Statielei 16,2023-05-09,11:00:00,37,22,15,FMN GV 03 Hove
46,Statielei 16,2023-05-09,12:00:00,61,30,31,FMN GV 03 Hove
46,Statielei 16,2023-05-09,13:00:00,54,29,25,FMN GV 03 Hove
46,Statielei 16,2023-05-09,14:00:00,60,24,36,FMN GV 03 Hove
46,Statielei 16,2023-05-09,15:00:00,96,38,58,FMN GV 03 Hove
46,Statielei 16,2023-05-09,16:00:00,209,51,158,FMN GV 03 Hove
46,Statielei 16,2023-05-09,17:00:00,259,67,192,FMN GV 03 Hove
46,Statielei 16,2023-05-09,18:00:00,138,36,102,FMN GV 03 Hove
46,Statielei 16,2023-05-09,19:00:00,56,23,33,FMN GV 03 Hove
46,Statielei 16,2023-05-09,20:00:00,39,17,22,FMN GV 03 Hove
46,Statielei 16,2023-05-09,21:00:00,26,11,15,FMN GV 03 Hove
46,Statielei 16,2023-05-09,22:00:00,32,15,17,FMN GV 03 Hove
46,Statielei 16,2023-05-09,23:00:00,12,5,7,FMN GV 03 Hove
46,Statielei 16,2023-05-10,00:00:00,9,4,5,FMN GV 03 Hove
46,Statielei 16,2023-05-10,01:00:00,3,0,3,FMN GV 03 Hove
46,Statielei 16,2023-05-10,02:00:00,2,1,1,FMN GV 03 Hove
46,Statielei 16,2023-05-10,03:00:00,1,1,0,FMN GV 03 Hove
46,Statielei 16,2023-05-10,04:00:00,11,5,6,FMN GV 03 Hove
46,Statielei 16,2023-05-10,05:00:00,21,13,8,FMN GV 03 Hove
46,Statielei 16,2023-05-10,06:00:00,79,56,23,FMN GV 03 Hove
46,Statielei 16,2023-05-10,07:00:00,266,212,54,FMN GV 03 Hove
46,Statielei 16,2023-05-10,08:00:00,341,264,77,FMN GV 03 Hove
46,Statielei 16,2023-05-10,09:00:00,150,98,52,FMN GV 03 Hove
46,Statielei 16,2023-05-10,10:00:00,97,53,44,FMN GV 03 Hove
46,Statielei 16,2023-05-10,11:00:00,111,55,56,FMN GV 03 Hove
46,Statielei 16,2023-05-10,12:00:00,197,83,114,FMN GV 03 Hove
46,Statielei 16,2023-05-10,13:00:00,134,51,83,FMN GV 03 Hove
46,Statielei 16,2023-05-10,14:00:00,83,32,51,FMN GV 03 Hove
46,Statielei 16,2023-05-10,15:00:00,100,42,58,FMN GV 03 Hove
46,Statielei 16,2023-05-10,16:00:00,183,59,124,FMN GV 03 Hove
46,Statielei 16,2023-05-10,17:00:00,230,83,147,FMN GV 03 Hove
46,Statielei 16,2023-05-10,18:00:00,145,58,87,FMN GV 03 Hove
46,Statielei 16,2023-05-10,19:00:00,80,46,34,FMN GV 03 Hove
46,Statielei 16,2023-05-10,20:00:00,60,28,32,FMN GV 03 Hove
46,Statielei 16,2023-05-10,21:00:00,52,33,19,FMN GV 03 Hove
46,Statielei 16,2023-05-10,22:00:00,46,24,22,FMN GV 03 Hove
46,Statielei 16,2023-05-10,23:00:00,18,4,14,FMN GV 03 Hove
46,Statielei 16,2023-05-11,00:00:00,10,3,7,FMN GV 03 Hove
46,Statielei 16,2023-05-11,01:00:00,1,1,0,FMN GV 03 Hove
46,Statielei 16,2023-05-11,02:00:00,0,0,0,FMN GV 03 Hove
46,Statielei 16,2023-05-11,03:00:00,3,1,2,FMN GV 03 Hove
46,Statielei 16,2023-05-11,04:00:00,11,9,2,FMN GV 03 Hove
46,Statielei 16,2023-05-11,05:00:00,31,19,12,FMN GV 03 Hove
46,Statielei 16,2023-05-11,06:00:00,106,74,32,FMN GV 03 Hove
46,Statielei 16,2023-05-11,07:00:00,335,256,79,FMN GV 03 Hove
46,Statielei 16,2023-05-11,08:00:00,456,369,87,FMN GV 03 Hove
46,Statielei 16,2023-05-11,09:00:00,114,73,41,FMN GV 03 Hove
46,Statielei 16,2023-05-11,10:00:00,86,49,37,FMN GV 03 Hove
46,Statielei 16,2023-05-11,11:00:00,83,53,30,FMN GV 03 Hove
46,Statielei 16,2023-05-11,12:00:00,129,63,66,FMN GV 03 Hove
46,Statielei 16,2023-05-11,13:00:00,153,113,40,FMN GV 03 Hove
46,Statielei 16,2023-05-11,14:00:00,128,52,76,FMN GV 03 Hove
46,Statielei 16,2023-05-11,15:00:00,186,66,120,FMN GV 03 Hove
46,Statielei 16,2023-05-11,16:00:00,282,92,190,FMN GV 03 Hove
46,Statielei 16,2023-05-11,17:00:00,366,106,260,FMN GV 03 Hove
46,Statielei 16,2023-05-11,18:00:00,252,91,161,FMN GV 03 Hove
46,Statielei 16,2023-05-11,19:00:00,108,44,64,FMN GV 03 Hove
46,Statielei 16,2023-05-11,20:00:00,90,50,40,FMN GV 03 Hove
46,Statielei 16,2023-05-11,21:00:00,55,23,32,FMN GV 03 Hove
46,Statielei 16,2023-05-11,22:00:00,61,21,40,FMN GV 03 Hove
46,Statielei 16,2023-05-11,23:00:00,42,20,22,FMN GV 03 Hove
46,Statielei 16,2023-05-12,00:00:00,12,3,9,FMN GV 03 Hove
46,Statielei 16,2023-05-12,01:00:00,8,3,5,FMN GV 03 Hove
46,Statielei 16,2023-05-12,02:00:00,1,1,0,FMN GV 03 Hove
46,Statielei 16,2023-05-12,03:00:00,0,0,0,FMN GV 03 Hove
46,Statielei 16,2023-05-12,04:00:00,10,7,3,FMN GV 03 Hove
46,Statielei 16,2023-05-12,05:00:00,25,16,9,FMN GV 03 Hove
46,Statielei 16,2023-05-12,06:00:00,50,36,14,FMN GV 03 Hove
46,Statielei 16,2023-05-12,07:00:00,177,140,37,FMN GV 03 Hove
46,Statielei 16,2023-05-12,08:00:00,272,213,59,FMN GV 03 Hove
46,Statielei 16,2023-05-12,09:00:00,76,59,17,FMN GV 03 Hove
46,Statielei 16,2023-05-12,10:00:00,50,27,23,FMN GV 03 Hove
46,Statielei 16,2023-05-12,11:00:00,53,24,29,FMN GV 03 Hove
46,Statielei 16,2023-05-12,12:00:00,78,40,38,FMN GV 03 Hove
46,Statielei 16,2023-05-12,13:00:00,82,41,41,FMN GV 03 Hove
46,Statielei 16,2023-05-12,14:00:00,88,40,48,FMN GV 03 Hove
46,Statielei 16,2023-05-12,15:00:00,185,77,108,FMN GV 03 Hove
46,Statielei 16,2023-05-12,16:00:00,209,75,134,FMN GV 03 Hove
46,Statielei 16,2023-05-12,17:00:00,226,86,140,FMN GV 03 Hove
46,Statielei 16,2023-05-12,18:00:00,172,86,86,FMN GV 03 Hove
46,Statielei 16,2023-05-12,19:00:00,95,58,37,FMN GV 03 Hove
46,Statielei 16,2023-05-12,20:00:00,79,33,46,FMN GV 03 Hove
46,Statielei 16,2023-05-12,21:00:00,57,29,28,FMN GV 03 Hove
46,Statielei 16,2023-05-12,22:00:00,47,15,32,FMN GV 03 Hove
46,Statielei 16,2023-05-12,23:00:00,65,27,38,FMN GV 03 Hove
46,Statielei 16,2023-05-13,00:00:00,42,11,31,FMN GV 03 Hove
46,Statielei 16,2023-05-13,01:00:00,22,10,12,FMN GV 03 Hove
46,Statielei 16,2023-05-13,02:00:00,9,2,7,FMN GV 03 Hove
46,Statielei 16,2023-05-13,03:00:00,16,13,3,FMN GV 03 Hove
46,Statielei 16,2023-05-13,04:00:00,13,7,6,FMN GV 03 Hove
46,Statielei 16,2023-05-13,05:00:00,18,12,6,FMN GV 03 Hove
46,Statielei 16,2023-05-13,06:00:00,16,8,8,FMN GV 03 Hove
46,Statielei 16,2023-05-13,07:00:00,31,10,21,FMN GV 03 Hove
46,Statielei 16,2023-05-13,08:00:00,73,42,31,FMN GV 03 Hove
46,Statielei 16,2023-05-13,09:00:00,135,70,65,FMN GV 03 Hove
46,Statielei 16,2023-05-13,10:00:00,196,98,98,FMN GV 03 Hove
46,Statielei 16,2023-05-13,11:00:00,201,115,86,FMN GV 03 Hove
46,Statielei 16,2023-05-13,12:00:00,252,149,103,FMN GV 03 Hove
46,Statielei 16,2023-05-13,13:00:00,242,120,122,FMN GV 03 Hove
46,Statielei 16,2023-05-13,14:00:00,270,131,139,FMN GV 03 Hove
46,Statielei 16,2023-05-13,15:00:00,257,155,102,FMN GV 03 Hove
46,Statielei 16,2023-05-13,16:00:00,209,121,88,FMN GV 03 Hove
46,Statielei 16,2023-05-13,17:00:00,175,101,74,FMN GV 03 Hove
46,Statielei 16,2023-05-13,18:00:00,135,71,64,FMN GV 03 Hove
46,Statielei 16,2023-05-13,19:00:00,101,52,49,FMN GV 03 Hove
46,Statielei 16,2023-05-13,20:00:00,84,49,35,FMN GV 03 Hove
46,Statielei 16,2023-05-13,21:00:00,80,34,46,FMN GV 03 Hove
46,Statielei 16,2023-05-13,22:00:00,50,20,30,FMN GV 03 Hove
46,Statielei 16,2023-05-13,23:00:00,38,16,22,FMN GV 03 Hove
46,Statielei 16,2023-05-14,00:00:00,32,15,17,FMN GV 03 Hove
46,Statielei 16,2023-05-14,01:00:00,26,14,12,FMN GV 03 Hove
46,Statielei 16,2023-05-14,02:00:00,22,8,14,FMN GV 03 Hove
46,Statielei 16,2023-05-14,03:00:00,6,1,5,FMN GV 03 Hove
46,Statielei 16,2023-05-14,04:00:00,7,4,3,FMN GV 03 Hove
46,Statielei 16,2023-05-14,05:00:00,8,6,2,FMN GV 03 Hove
46,Statielei 16,2023-05-14,06:00:00,11,6,5,FMN GV 03 Hove
46,Statielei 16,2023-05-14,07:00:00,26,8,18,FMN GV 03 Hove
46,Statielei 16,2023-05-14,08:00:00,74,50,24,FMN GV 03 Hove
46,Statielei 16,2023-05-14,09:00:00,178,105,73,FMN GV 03 Hove
46,Statielei 16,2023-05-14,10:00:00,149,74,75,FMN GV 03 Hove
46,Statielei 16,2023-05-14,11:00:00,229,123,106,FMN GV 03 Hove
46,Statielei 16,2023-05-14,12:00:00,183,101,82,FMN GV 03 Hove
46,Statielei 16,2023-05-14,13:00:00,229,123,106,FMN GV 03 Hove
46,Statielei 16,2023-05-14,14:00:00,233,129,104,FMN GV 03 Hove
46,Statielei 16,2023-05-14,15:00:00,216,121,95,FMN GV 03 Hove
46,Statielei 16,2023-05-14,16:00:00,207,112,95,FMN GV 03 Hove
46,Statielei 16,2023-05-14,17:00:00,182,117,65,FMN GV 03 Hove
46,Statielei 16,2023-05-14,18:00:00,121,56,65,FMN GV 03 Hove
46,Statielei 16,2023-05-14,19:00:00,97,66,31,FMN GV 03 Hove
46,Statielei 16,2023-05-14,20:00:00,87,38,49,FMN GV 03 Hove
46,Statielei 16,2023-05-14,21:00:00,54,29,25,FMN GV 03 Hove
46,Statielei 16,2023-05-14,22:00:00,26,11,15,FMN GV 03 Hove
46,Statielei 16,2023-05-14,23:00:00,19,7,12,FMN GV 03 Hove
46,Statielei 16,2023-05-15,00:00:00,4,2,2,FMN GV 03 Hove
46,Statielei 16,2023-05-15,01:00:00,6,1,5,FMN GV 03 Hove
46,Statielei 16,2023-05-15,02:00:00,1,0,1,FMN GV 03 Hove
46,Statielei 16,2023-05-15,03:00:00,0,0,0,FMN GV 03 Hove
46,Statielei 16,2023-05-15,04:00:00,19,11,8,FMN GV 03 Hove
46,Statielei 16,2023-05-15,05:00:00,29,15,14,FMN GV 03 Hove
46,Statielei 16,2023-05-15,06:00:00,90,59,31,FMN GV 03 Hove
46,Statielei 16,2023-05-15,07:00:00,357,289,68,FMN GV 03 Hove
46,Statielei 16,2023-05-15,08:00:00,423,345,78,FMN GV 03 Hove
46,Statielei 16,2023-05-15,09:00:00,105,81,24,FMN GV 03 Hove
46,Statielei 16,2023-05-15,10:00:00,58,38,20,FMN GV 03 Hove
46,Statielei 16,2023-05-15,11:00:00,68,35,33,FMN GV 03 Hove
46,Statielei 16,2023-05-15,12:00:00,122,63,59,FMN GV 03 Hove
46,Statielei 16,2023-05-15,13:00:00,103,47,56,FMN GV 03 Hove
46,Statielei 16,2023-05-15,14:00:00,72,40,32,FMN GV 03 Hove
46,Statielei 16,2023-05-15,15:00:00,142,43,99,FMN GV 03 Hove
46,Statielei 16,2023-05-15,16:00:00,246,58,188,FMN GV 03 Hove
46,Statielei 16,2023-05-15,17:00:00,306,80,226,FMN GV 03 Hove
46,Statielei 16,2023-05-15,18:00:00,172,46,126,FMN GV 03 Hove
46,Statielei 16,2023-05-15,19:00:00,91,42,49,FMN GV 03 Hove
46,Statielei 16,2023-05-15,20:00:00,44,24,20,FMN GV 03 Hove
46,Statielei 16,2023-05-15,21:00:00,29,17,12,FMN GV 03 Hove
46,Statielei 16,2023-05-15,22:00:00,36,16,20,FMN GV 03 Hove
46,Statielei 16,2023-05-15,23:00:00,11,5,6,FMN GV 03 Hove
46,Statielei 16,2023-05-16,00:00:00,5,3,2,FMN GV 03 Hove
46,Statielei 16,2023-05-16,01:00:00,3,0,3,FMN GV 03 Hove
46,Statielei 16,2023-05-16,02:00:00,1,1,0,FMN GV 03 Hove
46,Statielei 16,2023-05-16,03:00:00,1,0,1,FMN GV 03 Hove
46,Statielei 16,2023-05-16,04:00:00,13,7,6,FMN GV 03 Hove
46,Statielei 16,2023-05-16,05:00:00,38,25,13,FMN GV 03 Hove
46,Statielei 16,2023-05-16,06:00:00,110,78,32,FMN GV 03 Hove
46,Statielei 16,2023-05-16,07:00:00,406,313,93,FMN GV 03 Hove
46,Statielei 16,2023-05-16,08:00:00,476,378,98,FMN GV 03 Hove
46,Statielei 16,2023-05-16,09:00:00,152,110,42,FMN GV 03 Hove
46,Statielei 16,2023-05-16,10:00:00,89,54,35,FMN GV 03 Hove
46,Statielei 16,2023-05-16,11:00:00,77,42,35,FMN GV 03 Hove
46,Statielei 16,2023-05-16,12:00:00,122,62,60,FMN GV 03 Hove
46,Statielei 16,2023-05-16,13:00:00,143,77,66,FMN GV 03 Hove
46,Statielei 16,2023-05-16,14:00:00,110,48,62,FMN GV 03 Hove
46,Statielei 16,2023-05-16,15:00:00,201,76,125,FMN GV 03 Hove
46,Statielei 16,2023-05-16,16:00:00,367,112,255,FMN GV 03 Hove
46,Statielei 16,2023-05-16,17:00:00,429,106,323,FMN GV 03 Hove
46,Statielei 16,2023-05-16,18:00:00,309,105,204,FMN GV 03 Hove
46,Statielei 16,2023-05-16,19:00:00,160,73,87,FMN GV 03 Hove
46,Statielei 16,2023-05-16,20:00:00,110,63,47,FMN GV 03 Hove
46,Statielei 16,2023-05-16,21:00:00,69,31,38,FMN GV 03 Hove
46,Statielei 16,2023-05-16,22:00:00,57,34,23,FMN GV 03 Hove
46,Statielei 16,2023-05-16,23:00:00,27,9,18,FMN GV 03 Hove
46,Statielei 16,2023-05-17,00:00:00,6,3,3,FMN GV 03 Hove
46,Statielei 16,2023-05-17,01:00:00,3,0,3,FMN GV 03 Hove
46,Statielei 16,2023-05-17,02:00:00,3,0,3,FMN GV 03 Hove
46,Statielei 16,2023-05-17,03:00:00,0,0,0,FMN GV 03 Hove
46,Statielei 16,2023-05-17,04:00:00,14,8,6,FMN GV 03 Hove
46,Statielei 16,2023-05-17,05:00:00,28,15,13,FMN GV 03 Hove
46,Statielei 16,2023-05-17,06:00:00,97,71,26,FMN GV 03 Hove
46,Statielei 16,2023-05-17,07:00:00,357,272,85,FMN GV 03 Hove
46,Statielei 16,2023-05-17,08:00:00,380,295,85,FMN GV 03 Hove
46,Statielei 16,2023-05-17,09:00:00,181,135,46,FMN GV 03 Hove
46,Statielei 16,2023-05-17,10:00:00,155,80,75,FMN GV 03 Hove
46,Statielei 16,2023-05-17,11:00:00,137,63,74,FMN GV 03 Hove
46,Statielei 16,2023-05-17,12:00:00,42,15,27,FMN GV 03 Hove
46,Statielei 16,2023-05-17,13:00:00,21,9,12,FMN GV 03 Hove
46,Statielei 16,2023-05-17,14:00:00,164,80,84,FMN GV 03 Hove
46,Statielei 16,2023-05-17,15:00:00,187,69,118,FMN GV 03 Hove
46,Statielei 16,2023-05-17,16:00:00,282,126,156,FMN GV 03 Hove
46,Statielei 16,2023-05-17,17:00:00,319,106,213,FMN GV 03 Hove
46,Statielei 16,2023-05-17,18:00:00,235,86,149,FMN GV 03 Hove
46,Statielei 16,2023-05-17,19:00:00,135,69,66,FMN GV 03 Hove
46,Statielei 16,2023-05-17,20:00:00,91,52,39,FMN GV 03 Hove
46,Statielei 16,2023-05-17,21:00:00,74,23,51,FMN GV 03 Hove
46,Statielei 16,2023-05-17,22:00:00,64,28,36,FMN GV 03 Hove
46,Statielei 16,2023-05-17,23:00:00,49,25,24,FMN GV 03 Hove
46,Statielei 16,2023-05-18,00:00:00,25,7,18,FMN GV 03 Hove
46,Statielei 16,2023-05-18,01:00:00,22,4,18,FMN GV 03 Hove
46,Statielei 16,2023-05-18,02:00:00,8,3,5,FMN GV 03 Hove
46,Statielei 16,2023-05-18,03:00:00,3,1,2,FMN GV 03 Hove
46,Statielei 16,2023-05-18,04:00:00,6,4,2,FMN GV 03 Hove
46,Statielei 16,2023-05-18,05:00:00,18,13,5,FMN GV 03 Hove
46,Statielei 16,2023-05-18,06:00:00,19,8,11,FMN GV 03 Hove
46,Statielei 16,2023-05-18,07:00:00,31,12,19,FMN GV 03 Hove
46,Statielei 16,2023-05-18,08:00:00,42,16,26,FMN GV 03 Hove
46,Statielei 16,2023-05-18,09:00:00,103,39,64,FMN GV 03 Hove
46,Statielei 16,2023-05-18,10:00:00,136,83,53,FMN GV 03 Hove
46,Statielei 16,2023-05-18,11:00:00,140,69,71,FMN GV 03 Hove
46,Statielei 16,2023-05-18,12:00:00,3,1,2,FMN GV 03 Hove
46,Statielei 16,2023-05-18,13:00:00,37,25,12,FMN GV 03 Hove
46,Statielei 16,2023-05-18,14:00:00,213,130,83,FMN GV 03 Hove
46,Statielei 16,2023-05-18,15:00:00,196,103,93,FMN GV 03 Hove
46,Statielei 16,2023-05-18,16:00:00,174,91,83,FMN GV 03 Hove
46,Statielei 16,2023-05-18,17:00:00,190,108,82,FMN GV 03 Hove
46,Statielei 16,2023-05-18,18:00:00,135,79,56,FMN GV 03 Hove
46,Statielei 16,2023-05-18,19:00:00,106,60,46,FMN GV 03 Hove
46,Statielei 16,2023-05-18,20:00:00,99,59,40,FMN GV 03 Hove
46,Statielei 16,2023-05-18,21:00:00,61,33,28,FMN GV 03 Hove
46,Statielei 16,2023-05-18,22:00:00,44,23,21,FMN GV 03 Hove
46,Statielei 16,2023-05-18,23:00:00,37,15,22,FMN GV 03 Hove
46,Statielei 16,2023-05-19,00:00:00,22,11,11,FMN GV 03 Hove
46,Statielei 16,2023-05-19,01:00:00,10,5,5,FMN GV 03 Hove
46,Statielei 16,2023-05-19,02:00:00,7,6,1,FMN GV 03 Hove
46,Statielei 16,2023-05-19,03:00:00,8,5,3,FMN GV 03 Hove
46,Statielei 16,2023-05-19,04:00:00,12,3,9,FMN GV 03 Hove
46,Statielei 16,2023-05-19,05:00:00,26,13,13,FMN GV 03 Hove
46,Statielei 16,2023-05-19,06:00:00,36,20,16,FMN GV 03 Hove
46,Statielei 16,2023-05-19,07:00:00,71,46,25,FMN GV 03 Hove
46,Statielei 16,2023-05-19,08:00:00,89,57,32,FMN GV 03 Hove
46,Statielei 16,2023-05-19,09:00:00,97,59,38,FMN GV 03 Hove
46,Statielei 16,2023-05-19,10:00:00,133,81,52,FMN GV 03 Hove
46,Statielei 16,2023-05-19,11:00:00,76,45,31,FMN GV 03 Hove
46,Statielei 16,2023-05-19,12:00:00,0,0,0,FMN GV 03 Hove
46,Statielei 16,2023-05-19,13:00:00,0,0,0,FMN GV 03 Hove
46,Statielei 16,2023-05-19,14:00:00,141,61,80,FMN GV 03 Hove
46,Statielei 16,2023-05-19,15:00:00,209,115,94,FMN GV 03 Hove
46,Statielei 16,2023-05-19,16:00:00,254,103,151,FMN GV 03 Hove
46,Statielei 16,2023-05-19,17:00:00,214,102,112,FMN GV 03 Hove
46,Statielei 16,2023-05-19,18:00:00,136,66,70,FMN GV 03 Hove
46,Statielei 16,2023-05-19,19:00:00,124,77,47,FMN GV 03 Hove
46,Statielei 16,2023-05-19,20:00:00,101,71,30,FMN GV 03 Hove
46,Statielei 16,2023-05-19,21:00:00,69,38,31,FMN GV 03 Hove
46,Statielei 16,2023-05-19,22:00:00,56,19,37,FMN GV 03 Hove
46,Statielei 16,2023-05-19,23:00:00,43,19,24,FMN GV 03 Hove
46,Statielei 16,2023-05-20,00:00:00,39,21,18,FMN GV 03 Hove
46,Statielei 16,2023-05-20,01:00:00,19,9,10,FMN GV 03 Hove
46,Statielei 16,2023-05-20,02:00:00,10,5,5,FMN GV 03 Hove
46,Statielei 16,2023-05-20,03:00:00,14,10,4,FMN GV 03 Hove
46,Statielei 16,2023-05-20,04:00:00,14,5,9,FMN GV 03 Hove
46,Statielei 16,2023-05-20,05:00:00,16,10,6,FMN GV 03 Hove
46,Statielei 16,2023-05-20,06:00:00,23,8,15,FMN GV 03 Hove
46,Statielei 16,2023-05-20,07:00:00,28,11,17,FMN GV 03 Hove
46,Statielei 16,2023-05-20,08:00:00,62,33,29,FMN GV 03 Hove
46,Statielei 16,2023-05-20,09:00:00,85,34,51,FMN GV 03 Hove
46,Statielei 16,2023-05-20,10:00:00,163,82,81,FMN GV 03 Hove
46,Statielei 16,2023-05-20,11:00:00,136,74,62,FMN GV 03 Hove
46,Statielei 16,2023-05-20,12:00:00,13,10,3,FMN GV 03 Hove
46,Statielei 16,2023-05-20,13:00:00,64,37,27,FMN GV 03 Hove
46,Statielei 16,2023-05-20,14:00:00,224,131,93,FMN GV 03 Hove
46,Statielei 16,2023-05-20,15:00:00,217,115,102,FMN GV 03 Hove
46,Statielei 16,2023-05-20,16:00:00,219,114,105,FMN GV 03 Hove
46,Statielei 16,2023-05-20,17:00:00,157,79,78,FMN GV 03 Hove
46,Statielei 16,2023-05-20,18:00:00,112,69,43,FMN GV 03 Hove
46,Statielei 16,2023-05-20,19:00:00,97,61,36,FMN GV 03 Hove
46,Statielei 16,2023-05-20,20:00:00,69,41,28,FMN GV 03 Hove
46,Statielei 16,2023-05-20,21:00:00,51,32,19,FMN GV 03 Hove
46,Statielei 16,2023-05-20,22:00:00,73,38,35,FMN GV 03 Hove
46,Statielei 16,2023-05-20,23:00:00,47,18,29,FMN GV 03 Hove
46,Statielei 16,2023-05-21,00:00:00,30,10,20,FMN GV 03 Hove
46,Statielei 16,2023-05-21,01:00:00,11,6,5,FMN GV 03 Hove
46,Statielei 16,2023-05-21,02:00:00,11,5,6,FMN GV 03 Hove
46,Statielei 16,2023-05-21,03:00:00,6,2,4,FMN GV 03 Hove
46,Statielei 16,2023-05-21,04:00:00,7,6,1,FMN GV 03 Hove
46,Statielei 16,2023-05-21,05:00:00,14,8,6,FMN GV 03 Hove
46,Statielei 16,2023-05-21,06:00:00,17,4,13,FMN GV 03 Hove
46,Statielei 16,2023-05-21,07:00:00,36,15,21,FMN GV 03 Hove
46,Statielei 16,2023-05-21,08:00:00,42,25,17,FMN GV 03 Hove
46,Statielei 16,2023-05-21,09:00:00,107,45,62,FMN GV 03 Hove
46,Statielei 16,2023-05-21,10:00:00,163,92,71,FMN GV 03 Hove
46,Statielei 16,2023-05-21,11:00:00,216,135,81,FMN GV 03 Hove
46,Statielei 16,2023-05-21,12:00:00,179,113,66,FMN GV 03 Hove
46,Statielei 16,2023-05-21,13:00:00,225,154,71,FMN GV 03 Hove
46,Statielei 16,2023-05-21,14:00:00,244,151,93,FMN GV 03 Hove
46,Statielei 16,2023-05-21,15:00:00,234,103,131,FMN GV 03 Hove
46,Statielei 16,2023-05-21,16:00:00,277,122,155,FMN GV 03 Hove
46,Statielei 16,2023-05-21,17:00:00,206,107,99,FMN GV 03 Hove
46,Statielei 16,2023-05-21,18:00:00,168,82,86,FMN GV 03 Hove
46,Statielei 16,2023-05-21,19:00:00,117,57,60,FMN GV 03 Hove
46,Statielei 16,2023-05-21,20:00:00,90,63,27,FMN GV 03 Hove
46,Statielei 16,2023-05-21,21:00:00,55,36,19,FMN GV 03 Hove
46,Statielei 16,2023-05-21,22:00:00,31,22,9,FMN GV 03 Hove
46,Statielei 16,2023-05-21,23:00:00,14,5,9,FMN GV 03 Hove
46,Statielei 16,2023-05-22,00:00:00,1,0,1,FMN GV 03 Hove
46,Statielei 16,2023-05-22,01:00:00,6,2,4,FMN GV 03 Hove
46,Statielei 16,2023-05-22,02:00:00,2,0,2,FMN GV 03 Hove
46,Statielei 16,2023-05-22,03:00:00,2,1,1,FMN GV 03 Hove
46,Statielei 16,2023-05-22,04:00:00,7,4,3,FMN GV 03 Hove
46,Statielei 16,2023-05-22,05:00:00,27,16,11,FMN GV 03 Hove
46,Statielei 16,2023-05-22,06:00:00,105,72,33,FMN GV 03 Hove
46,Statielei 16,2023-05-22,07:00:00,387,310,77,FMN GV 03 Hove
46,Statielei 16,2023-05-22,08:00:00,463,355,108,FMN GV 03 Hove
46,Statielei 16,2023-05-22,09:00:00,134,91,43,FMN GV 03 Hove
46,Statielei 16,2023-05-22,10:00:00,97,63,34,FMN GV 03 Hove
46,Statielei 16,2023-05-22,11:00:00,89,54,35,FMN GV 03 Hove
46,Statielei 16,2023-05-22,12:00:00,132,72,60,FMN GV 03 Hove
46,Statielei 16,2023-05-22,13:00:00,134,65,69,FMN GV 03 Hove
46,Statielei 16,2023-05-22,14:00:00,124,61,63,FMN GV 03 Hove
46,Statielei 16,2023-05-22,15:00:00,209,95,114,FMN GV 03 Hove
46,Statielei 16,2023-05-22,16:00:00,373,102,271,FMN GV 03 Hove
46,Statielei 16,2023-05-22,17:00:00,395,124,271,FMN GV 03 Hove
46,Statielei 16,2023-05-22,18:00:00,266,94,172,FMN GV 03 Hove
46,Statielei 16,2023-05-22,19:00:00,142,65,77,FMN GV 03 Hove
46,Statielei 16,2023-05-22,20:00:00,87,43,44,FMN GV 03 Hove
46,Statielei 16,2023-05-22,21:00:00,58,32,26,FMN GV 03 Hove
46,Statielei 16,2023-05-22,22:00:00,57,24,33,FMN GV 03 Hove
46,Statielei 16,2023-05-22,23:00:00,18,7,11,FMN GV 03 Hove
46,Statielei 16,2023-05-23,00:00:00,5,1,4,FMN GV 03 Hove
46,Statielei 16,2023-05-23,01:00:00,5,0,5,FMN GV 03 Hove
46,Statielei 16,2023-05-23,02:00:00,2,1,1,FMN GV 03 Hove
46,Statielei 16,2023-05-23,03:00:00,2,1,1,FMN GV 03 Hove
46,Statielei 16,2023-05-23,04:00:00,14,6,8,FMN GV 03 Hove
46,Statielei 16,2023-05-23,05:00:00,32,23,9,FMN GV 03 Hove
46,Statielei 16,2023-05-23,06:00:00,146,100,46,FMN GV 03 Hove
46,Statielei 16,2023-05-23,07:00:00,435,324,111,FMN GV 03 Hove
46,Statielei 16,2023-05-23,08:00:00,547,448,99,FMN GV 03 Hove
46,Statielei 16,2023-05-23,09:00:00,264,101,163,FMN GV 03 Hove
46,Statielei 16,2023-05-23,10:00:00,90,58,32,FMN GV 03 Hove
46,Statielei 16,2023-05-23,11:00:00,84,46,38,FMN GV 03 Hove
46,Statielei 16,2023-05-23,12:00:00,130,73,57,FMN GV 03 Hove
46,Statielei 16,2023-05-23,13:00:00,137,74,63,FMN GV 03 Hove
46,Statielei 16,2023-05-23,14:00:00,143,60,83,FMN GV 03 Hove
46,Statielei 16,2023-05-23,15:00:00,220,78,142,FMN GV 03 Hove
46,Statielei 16,2023-05-23,16:00:00,512,230,282,FMN GV 03 Hove
46,Statielei 16,2023-05-23,17:00:00,481,147,334,FMN GV 03 Hove
46,Statielei 16,2023-05-23,18:00:00,302,104,198,FMN GV 03 Hove
46,Statielei 16,2023-05-23,19:00:00,170,82,88,FMN GV 03 Hove
46,Statielei 16,2023-05-23,20:00:00,107,56,51,FMN GV 03 Hove
46,Statielei 16,2023-05-23,21:00:00,86,53,33,FMN GV 03 Hove
46,Statielei 16,2023-05-23,22:00:00,71,32,39,FMN GV 03 Hove
46,Statielei 16,2023-05-23,23:00:00,26,13,13,FMN GV 03 Hove
46,Statielei 16,2023-05-24,00:00:00,13,4,9,FMN GV 03 Hove
46,Statielei 16,2023-05-24,01:00:00,1,1,0,FMN GV 03 Hove
46,Statielei 16,2023-05-24,02:00:00,1,0,1,FMN GV 03 Hove
46,Statielei 16,2023-05-24,03:00:00,1,1,0,FMN GV 03 Hove
46,Statielei 16,2023-05-24,04:00:00,21,7,14,FMN GV 03 Hove
46,Statielei 16,2023-05-24,05:00:00,25,17,8,FMN GV 03 Hove
46,Statielei 16,2023-05-24,06:00:00,135,91,44,FMN GV 03 Hove
46,Statielei 16,2023-05-24,07:00:00,405,319,86,FMN GV 03 Hove
46,Statielei 16,2023-05-24,08:00:00,424,331,93,FMN GV 03 Hove
46,Statielei 16,2023-05-24,09:00:00,187,133,54,FMN GV 03 Hove
46,Statielei 16,2023-05-24,10:00:00,139,81,58,FMN GV 03 Hove
46,Statielei 16,2023-05-24,11:00:00,176,84,92,FMN GV 03 Hove
46,Statielei 16,2023-05-24,12:00:00,253,89,164,FMN GV 03 Hove
46,Statielei 16,2023-05-24,13:00:00,241,91,150,FMN GV 03 Hove
46,Statielei 16,2023-05-24,14:00:00,187,92,95,FMN GV 03 Hove
46,Statielei 16,2023-05-24,15:00:00,167,68,99,FMN GV 03 Hove
46,Statielei 16,2023-05-24,16:00:00,252,87,165,FMN GV 03 Hove
46,Statielei 16,2023-05-24,17:00:00,404,131,273,FMN GV 03 Hove
46,Statielei 16,2023-05-24,18:00:00,247,101,146,FMN GV 03 Hove
46,Statielei 16,2023-05-24,19:00:00,145,72,73,FMN GV 03 Hove
46,Statielei 16,2023-05-24,20:00:00,105,55,50,FMN GV 03 Hove
46,Statielei 16,2023-05-24,21:00:00,90,47,43,FMN GV 03 Hove
46,Statielei 16,2023-05-24,22:00:00,71,36,35,FMN GV 03 Hove
46,Statielei 16,2023-05-24,23:00:00,33,14,19,FMN GV 03 Hove
46,Statielei 16,2023-05-25,00:00:00,14,5,9,FMN GV 03 Hove
46,Statielei 16,2023-05-25,01:00:00,6,1,5,FMN GV 03 Hove
46,Statielei 16,2023-05-25,02:00:00,1,0,1,FMN GV 03 Hove
46,Statielei 16,2023-05-25,03:00:00,1,1,0,FMN GV 03 Hove
46,Statielei 16,2023-05-25,04:00:00,19,8,11,FMN GV 03 Hove
46,Statielei 16,2023-05-25,05:00:00,30,18,12,FMN GV 03 Hove
46,Statielei 16,2023-05-25,06:00:00,117,85,32,FMN GV 03 Hove
46,Statielei 16,2023-05-25,07:00:00,426,325,101,FMN GV 03 Hove
46,Statielei 16,2023-05-25,08:00:00,512,397,115,FMN GV 03 Hove
46,Statielei 16,2023-05-25,09:00:00,155,104,51,FMN GV 03 Hove
46,Statielei 16,2023-05-25,10:00:00,109,68,41,FMN GV 03 Hove
46,Statielei 16,2023-05-25,11:00:00,115,68,47,FMN GV 03 Hove
46,Statielei 16,2023-05-25,12:00:00,165,94,71,FMN GV 03 Hove
46,Statielei 16,2023-05-25,13:00:00,137,74,63,FMN GV 03 Hove
46,Statielei 16,2023-05-25,14:00:00,150,73,77,FMN GV 03 Hove
46,Statielei 16,2023-05-25,15:00:00,218,79,139,FMN GV 03 Hove
46,Statielei 16,2023-05-25,16:00:00,369,90,279,FMN GV 03 Hove
46,Statielei 16,2023-05-25,17:00:00,455,144,311,FMN GV 03 Hove
46,Statielei 16,2023-05-25,18:00:00,328,125,203,FMN GV 03 Hove
46,Statielei 16,2023-05-25,19:00:00,151,70,81,FMN GV 03 Hove
46,Statielei 16,2023-05-25,20:00:00,112,59,53,FMN GV 03 Hove
46,Statielei 16,2023-05-25,21:00:00,77,36,41,FMN GV 03 Hove
46,Statielei 16,2023-05-25,22:00:00,72,19,53,FMN GV 03 Hove
46,Statielei 16,2023-05-25,23:00:00,46,16,30,FMN GV 03 Hove
46,Statielei 16,2023-05-26,00:00:00,21,9,12,FMN GV 03 Hove
46,Statielei 16,2023-05-26,01:00:00,8,1,7,FMN GV 03 Hove
46,Statielei 16,2023-05-26,02:00:00,3,0,3,FMN GV 03 Hove
46,Statielei 16,2023-05-26,03:00:00,4,3,1,FMN GV 03 Hove
46,Statielei 16,2023-05-26,04:00:00,13,4,9,FMN GV 03 Hove
46,Statielei 16,2023-05-26,05:00:00,28,17,11,FMN GV 03 Hove
46,Statielei 16,2023-05-26,06:00:00,105,77,28,FMN GV 03 Hove
46,Statielei 16,2023-05-26,07:00:00,347,266,81,FMN GV 03 Hove
46,Statielei 16,2023-05-26,08:00:00,379,287,92,FMN GV 03 Hove
46,Statielei 16,2023-05-26,09:00:00,162,100,62,FMN GV 03 Hove
46,Statielei 16,2023-05-26,10:00:00,103,65,38,FMN GV 03 Hove
46,Statielei 16,2023-05-26,11:00:00,103,55,48,FMN GV 03 Hove
46,Statielei 16,2023-05-26,12:00:00,7,4,3,FMN GV 03 Hove
46,Statielei 16,2023-05-26,13:00:00,66,41,25,FMN GV 03 Hove
46,Statielei 16,2023-05-26,14:00:00,176,85,91,FMN GV 03 Hove
46,Statielei 16,2023-05-26,15:00:00,263,111,152,FMN GV 03 Hove
46,Statielei 16,2023-05-26,16:00:00,338,130,208,FMN GV 03 Hove
46,Statielei 16,2023-05-26,17:00:00,344,123,221,FMN GV 03 Hove
46,Statielei 16,2023-05-26,18:00:00,232,97,135,FMN GV 03 Hove
46,Statielei 16,2023-05-26,19:00:00,156,76,80,FMN GV 03 Hove
46,Statielei 16,2023-05-26,20:00:00,96,53,43,FMN GV 03 Hove
46,Statielei 16,2023-05-26,21:00:00,71,40,31,FMN GV 03 Hove
46,Statielei 16,2023-05-26,22:00:00,80,30,50,FMN GV 03 Hove
46,Statielei 16,2023-05-26,23:00:00,42,21,21,FMN GV 03 Hove
46,Statielei 16,2023-05-27,00:00:00,41,15,26,FMN GV 03 Hove
46,Statielei 16,2023-05-27,01:00:00,14,4,10,FMN GV 03 Hove
46,Statielei 16,2023-05-27,02:00:00,10,6,4,FMN GV 03 Hove
46,Statielei 16,2023-05-27,03:00:00,5,1,4,FMN GV 03 Hove
46,Statielei 16,2023-05-27,04:00:00,3,2,1,FMN GV 03 Hove
46,Statielei 16,2023-05-27,05:00:00,17,13,4,FMN GV 03 Hove
46,Statielei 16,2023-05-27,06:00:00,23,12,11,FMN GV 03 Hove
46,Statielei 16,2023-05-27,07:00:00,24,10,14,FMN GV 03 Hove
46,Statielei 16,2023-05-27,08:00:00,52,27,25,FMN GV 03 Hove
46,Statielei 16,2023-05-27,09:00:00,112,58,54,FMN GV 03 Hove
46,Statielei 16,2023-05-27,10:00:00,156,87,69,FMN GV 03 Hove
46,Statielei 16,2023-05-27,11:00:00,118,71,47,FMN GV 03 Hove
46,Statielei 16,2023-05-27,12:00:00,0,0,0,FMN GV 03 Hove
46,Statielei 16,2023-05-27,13:00:00,4,3,1,FMN GV 03 Hove
46,Statielei 16,2023-05-27,14:00:00,194,106,88,FMN GV 03 Hove
46,Statielei 16,2023-05-27,15:00:00,200,99,101,FMN GV 03 Hove
46,Statielei 16,2023-05-27,16:00:00,209,116,93,FMN GV 03 Hove
46,Statielei 16,2023-05-27,17:00:00,214,103,111,FMN GV 03 Hove
46,Statielei 16,2023-05-27,18:00:00,158,83,75,FMN GV 03 Hove
46,Statielei 16,2023-05-27,19:00:00,95,62,33,FMN GV 03 Hove
46,Statielei 16,2023-05-27,20:00:00,69,35,34,FMN GV 03 Hove
46,Statielei 16,2023-05-27,21:00:00,59,29,30,FMN GV 03 Hove
46,Statielei 16,2023-05-27,22:00:00,67,25,42,FMN GV 03 Hove
46,Statielei 16,2023-05-27,23:00:00,44,18,26,FMN GV 03 Hove
46,Statielei 16,2023-05-28,00:00:00,37,12,25,FMN GV 03 Hove
46,Statielei 16,2023-05-28,01:00:00,22,11,11,FMN GV 03 Hove
46,Statielei 16,2023-05-28,02:00:00,19,13,6,FMN GV 03 Hove
46,Statielei 16,2023-05-28,03:00:00,3,0,3,FMN GV 03 Hove
46,Statielei 16,2023-05-28,04:00:00,5,2,3,FMN GV 03 Hove
46,Statielei 16,2023-05-28,05:00:00,15,12,3,FMN GV 03 Hove
46,Statielei 16,2023-05-28,06:00:00,19,14,5,FMN GV 03 Hove
46,Statielei 16,2023-05-28,07:00:00,25,10,15,FMN GV 03 Hove
46,Statielei 16,2023-05-28,08:00:00,67,32,35,FMN GV 03 Hove
46,Statielei 16,2023-05-28,09:00:00,113,59,54,FMN GV 03 Hove
46,Statielei 16,2023-05-28,10:00:00,198,102,96,FMN GV 03 Hove
46,Statielei 16,2023-05-28,11:00:00,94,60,34,FMN GV 03 Hove
46,Statielei 16,2023-05-28,12:00:00,0,0,0,FMN GV 03 Hove
46,Statielei 16,2023-05-28,13:00:00,1,1,0,FMN GV 03 Hove
46,Statielei 16,2023-05-28,14:00:00,123,58,65,FMN GV 03 Hove
46,Statielei 16,2023-05-28,15:00:00,248,126,122,FMN GV 03 Hove
46,Statielei 16,2023-05-28,16:00:00,249,134,115,FMN GV 03 Hove
46,Statielei 16,2023-05-28,17:00:00,221,111,110,FMN GV 03 Hove
46,Statielei 16,2023-05-28,18:00:00,151,83,68,FMN GV 03 Hove
46,Statielei 16,2023-05-28,19:00:00,133,61,72,FMN GV 03 Hove
46,Statielei 16,2023-05-28,20:00:00,96,48,48,FMN GV 03 Hove
46,Statielei 16,2023-05-28,21:00:00,72,47,25,FMN GV 03 Hove
46,Statielei 16,2023-05-28,22:00:00,52,26,26,FMN GV 03 Hove
46,Statielei 16,2023-05-28,23:00:00,52,28,24,FMN GV 03 Hove
46,Statielei 16,2023-05-29,00:00:00,26,12,14,FMN GV 03 Hove
46,Statielei 16,2023-05-29,01:00:00,13,7,6,FMN GV 03 Hove
46,Statielei 16,2023-05-29,02:00:00,4,4,0,FMN GV 03 Hove
46,Statielei 16,2023-05-29,03:00:00,1,0,1,FMN GV 03 Hove
46,Statielei 16,2023-05-29,04:00:00,7,4,3,FMN GV 03 Hove
46,Statielei 16,2023-05-29,05:00:00,14,12,2,FMN GV 03 Hove
46,Statielei 16,2023-05-29,06:00:00,13,8,5,FMN GV 03 Hove
46,Statielei 16,2023-05-29,07:00:00,21,9,12,FMN GV 03 Hove
46,Statielei 16,2023-05-29,08:00:00,54,24,30,FMN GV 03 Hove
46,Statielei 16,2023-05-29,09:00:00,96,49,47,FMN GV 03 Hove
46,Statielei 16,2023-05-29,10:00:00,163,96,67,FMN GV 03 Hove
46,Statielei 16,2023-05-29,11:00:00,166,97,69,FMN GV 03 Hove
46,Statielei 16,2023-05-29,12:00:00,0,0,0,FMN GV 03 Hove
46,Statielei 16,2023-05-29,13:00:00,28,18,10,FMN GV 03 Hove
46,Statielei 16,2023-05-29,14:00:00,243,143,100,FMN GV 03 Hove
46,Statielei 16,2023-05-29,15:00:00,242,141,101,FMN GV 03 Hove
46,Statielei 16,2023-05-29,16:00:00,228,118,110,FMN GV 03 Hove
46,Statielei 16,2023-05-29,17:00:00,220,124,96,FMN GV 03 Hove
46,Statielei 16,2023-05-29,18:00:00,114,61,53,FMN GV 03 Hove
46,Statielei 16,2023-05-29,19:00:00,97,52,45,FMN GV 03 Hove
46,Statielei 16,2023-05-29,20:00:00,73,43,30,FMN GV 03 Hove
46,Statielei 16,2023-05-29,21:00:00,66,27,39,FMN GV 03 Hove
46,Statielei 16,2023-05-29,22:00:00,43,18,25,FMN GV 03 Hove
46,Statielei 16,2023-05-29,23:00:00,16,11,5,FMN GV 03 Hove
46,Statielei 16,2023-05-30,00:00:00,4,3,1,FMN GV 03 Hove
46,Statielei 16,2023-05-30,01:00:00,3,1,2,FMN GV 03 Hove
46,Statielei 16,2023-05-30,02:00:00,0,0,0,FMN GV 03 Hove
46,Statielei 16,2023-05-30,03:00:00,1,1,0,FMN GV 03 Hove
46,Statielei 16,2023-05-30,04:00:00,11,4,7,FMN GV 03 Hove
46,Statielei 16,2023-05-30,05:00:00,30,13,17,FMN GV 03 Hove
46,Statielei 16,2023-05-30,06:00:00,122,90,32,FMN GV 03 Hove
46,Statielei 16,2023-05-30,07:00:00,398,307,91,FMN GV 03 Hove
46,Statielei 16,2023-05-30,08:00:00,511,404,107,FMN GV 03 Hove
46,Statielei 16,2023-05-30,09:00:00,149,104,45,FMN GV 03 Hove
46,Statielei 16,2023-05-30,10:00:00,92,54,38,FMN GV 03 Hove
46,Statielei 16,2023-05-30,11:00:00,71,41,30,FMN GV 03 Hove
46,Statielei 16,2023-05-30,12:00:00,0,0,0,FMN GV 03 Hove
46,Statielei 16,2023-05-30,13:00:00,0,0,0,FMN GV 03 Hove
46,Statielei 16,2023-05-30,14:00:00,89,45,44,FMN GV 03 Hove
46,Statielei 16,2023-05-30,15:00:00,192,70,122,FMN GV 03 Hove
46,Statielei 16,2023-05-30,16:00:00,383,118,265,FMN GV 03 Hove
46,Statielei 16,2023-05-30,17:00:00,461,129,332,FMN GV 03 Hove
46,Statielei 16,2023-05-30,18:00:00,310,110,200,FMN GV 03 Hove
46,Statielei 16,2023-05-30,19:00:00,161,74,87,FMN GV 03 Hove
46,Statielei 16,2023-05-30,20:00:00,110,54,56,FMN GV 03 Hove
46,Statielei 16,2023-05-30,21:00:00,84,48,36,FMN GV 03 Hove
46,Statielei 16,2023-05-30,22:00:00,64,30,34,FMN GV 03 Hove
46,Statielei 16,2023-05-30,23:00:00,26,11,15,FMN GV 03 Hove
46,Statielei 16,2023-05-31,00:00:00,7,2,5,FMN GV 03 Hove
46,Statielei 16,2023-05-31,01:00:00,3,1,2,FMN GV 03 Hove
46,Statielei 16,2023-05-31,02:00:00,0,0,0,FMN GV 03 Hove
46,Statielei 16,2023-05-31,03:00:00,3,2,1,FMN GV 03 Hove
46,Statielei 16,2023-05-31,04:00:00,11,6,5,FMN GV 03 Hove
46,Statielei 16,2023-05-31,05:00:00,37,22,15,FMN GV 03 Hove
46,Statielei 16,2023-05-31,06:00:00,138,95,43,FMN GV 03 Hove
46,Statielei 16,2023-05-31,07:00:00,427,332,95,FMN GV 03 Hove
46,Statielei 16,2023-05-31,08:00:00,459,372,87,FMN GV 03 Hove
46,Statielei 16,2023-05-31,09:00:00,200,140,60,FMN GV 03 Hove
46,Statielei 16,2023-05-31,10:00:00,171,102,69,FMN GV 03 Hove
46,Statielei 16,2023-05-31,11:00:00,5,5,0,FMN GV 03 Hove
46,Statielei 16,2023-05-31,12:00:00,0,0,0,FMN GV 03 Hove
46,Statielei 16,2023-05-31,13:00:00,0,0,0,FMN GV 03 Hove
46,Statielei 16,2023-05-31,14:00:00,7,1,6,FMN GV 03 Hove
46,Statielei 16,2023-05-31,15:00:00,184,77,107,FMN GV 03 Hove
46,Statielei 16,2023-05-31,16:00:00,306,116,190,FMN GV 03 Hove
46,Statielei 16,2023-05-31,17:00:00,413,139,274,FMN GV 03 Hove
46,Statielei 16,2023-05-31,18:00:00,312,138,174,FMN GV 03 Hove
46,Statielei 16,2023-05-31,19:00:00,207,89,118,FMN GV 03 Hove
46,Statielei 16,2023-05-31,20:00:00,122,72,50,FMN GV 03 Hove
46,Statielei 16,2023-05-31,21:00:00,107,66,41,FMN GV 03 Hove
46,Statielei 16,2023-05-31,22:00:00,94,39,55,FMN GV 03 Hove
46,Statielei 16,2023-05-31,23:00:00,37,13,24,FMN GV 03 Hove
46,Statielei 16,2023-06-01,00:00:00,11,5,6,FMN GV 03 Hove
46,Statielei 16,2023-06-01,01:00:00,1,0,1,FMN GV 03 Hove
46,Statielei 16,2023-06-01,02:00:00,5,2,3,FMN GV 03 Hove
46,Statielei 16,2023-06-01,03:00:00,1,0,1,FMN GV 03 Hove
46,Statielei 16,2023-06-01,04:00:00,10,6,4,FMN GV 03 Hove
46,Statielei 16,2023-06-01,05:00:00,39,23,16,FMN GV 03 Hove
46,Statielei 16,2023-06-01,06:00:00,132,90,42,FMN GV 03 Hove
46,Statielei 16,2023-06-01,07:00:00,426,342,84,FMN GV 03 Hove
46,Statielei 16,2023-06-01,08:00:00,533,434,99,FMN GV 03 Hove
46,Statielei 16,2023-06-01,09:00:00,182,132,50,FMN GV 03 Hove
46,Statielei 16,2023-06-01,10:00:00,109,67,42,FMN GV 03 Hove
46,Statielei 16,2023-06-01,11:00:00,118,74,44,FMN GV 03 Hove
46,Statielei 16,2023-06-01,12:00:00,61,23,38,FMN GV 03 Hove
46,Statielei 16,2023-06-01,13:00:00,135,81,54,FMN GV 03 Hove
46,Statielei 16,2023-06-01,14:00:00,171,73,98,FMN GV 03 Hove
46,Statielei 16,2023-06-01,15:00:00,218,71,147,FMN GV 03 Hove
46,Statielei 16,2023-06-01,16:00:00,410,114,296,FMN GV 03 Hove
46,Statielei 16,2023-06-01,17:00:00,496,154,342,FMN GV 03 Hove
46,Statielei 16,2023-06-01,18:00:00,331,116,215,FMN GV 03 Hove
46,Statielei 16,2023-06-01,19:00:00,189,89,100,FMN GV 03 Hove
46,Statielei 16,2023-06-01,20:00:00,124,75,49,FMN GV 03 Hove
46,Statielei 16,2023-06-01,21:00:00,87,47,40,FMN GV 03 Hove
46,Statielei 16,2023-06-01,22:00:00,79,28,51,FMN GV 03 Hove
46,Statielei 16,2023-06-01,23:00:00,37,19,18,FMN GV 03 Hove
46,Statielei 16,2023-06-02,00:00:00,14,5,9,FMN GV 03 Hove
46,Statielei 16,2023-06-02,01:00:00,4,1,3,FMN GV 03 Hove
46,Statielei 16,2023-06-02,02:00:00,3,0,3,FMN GV 03 Hove
46,Statielei 16,2023-06-02,03:00:00,3,0,3,FMN GV 03 Hove
46,Statielei 16,2023-06-02,04:00:00,17,10,7,FMN GV 03 Hove
46,Statielei 16,2023-06-02,05:00:00,31,22,9,FMN GV 03 Hove
46,Statielei 16,2023-06-02,06:00:00,90,60,30,FMN GV 03 Hove
46,Statielei 16,2023-06-02,07:00:00,332,244,88,FMN GV 03 Hove
46,Statielei 16,2023-06-02,08:00:00,420,310,110,FMN GV 03 Hove
46,Statielei 16,2023-06-02,09:00:00,174,94,80,FMN GV 03 Hove
46,Statielei 16,2023-06-02,10:00:00,107,53,54,FMN GV 03 Hove
46,Statielei 16,2023-06-02,11:00:00,100,45,55,FMN GV 03 Hove
46,Statielei 16,2023-06-02,12:00:00,159,77,82,FMN GV 03 Hove
46,Statielei 16,2023-06-02,13:00:00,151,79,72,FMN GV 03 Hove
46,Statielei 16,2023-06-02,14:00:00,217,130,87,FMN GV 03 Hove
46,Statielei 16,2023-06-02,15:00:00,217,90,127,FMN GV 03 Hove
46,Statielei 16,2023-06-02,16:00:00,406,157,249,FMN GV 03 Hove
46,Statielei 16,2023-06-02,17:00:00,314,124,190,FMN GV 03 Hove
46,Statielei 16,2023-06-02,18:00:00,254,133,121,FMN GV 03 Hove
46,Statielei 16,2023-06-02,19:00:00,151,90,61,FMN GV 03 Hove
46,Statielei 16,2023-06-02,20:00:00,133,93,40,FMN GV 03 Hove
46,Statielei 16,2023-06-02,21:00:00,90,51,39,FMN GV 03 Hove
46,Statielei 16,2023-06-02,22:00:00,82,35,47,FMN GV 03 Hove
46,Statielei 16,2023-06-02,23:00:00,69,26,43,FMN GV 03 Hove
46,Statielei 16,2023-06-03,00:00:00,93,13,80,FMN GV 03 Hove
46,Statielei 16,2023-06-03,01:00:00,31,12,19,FMN GV 03 Hove
46,Statielei 16,2023-06-03,02:00:00,10,1,9,FMN GV 03 Hove
46,Statielei 16,2023-06-03,03:00:00,3,1,2,FMN GV 03 Hove
46,Statielei 16,2023-06-03,04:00:00,14,5,9,FMN GV 03 Hove
46,Statielei 16,2023-06-03,05:00:00,13,6,7,FMN GV 03 Hove
46,Statielei 16,2023-06-03,06:00:00,19,12,7,FMN GV 03 Hove
46,Statielei 16,2023-06-03,07:00:00,30,12,18,FMN GV 03 Hove
46,Statielei 16,2023-06-03,08:00:00,69,40,29,FMN GV 03 Hove
46,Statielei 16,2023-06-03,09:00:00,123,73,50,FMN GV 03 Hove
46,Statielei 16,2023-06-03,10:00:00,201,93,108,FMN GV 03 Hove
46,Statielei 16,2023-06-03,11:00:00,172,89,83,FMN GV 03 Hove
46,Statielei 16,2023-06-03,12:00:00,0,0,0,FMN GV 03 Hove
46,Statielei 16,2023-06-03,13:00:00,58,24,34,FMN GV 03 Hove
46,Statielei 16,2023-06-03,14:00:00,268,160,108,FMN GV 03 Hove
46,Statielei 16,2023-06-03,15:00:00,219,107,112,FMN GV 03 Hove
46,Statielei 16,2023-06-03,16:00:00,232,129,103,FMN GV 03 Hove
46,Statielei 16,2023-06-03,17:00:00,211,115,96,FMN GV 03 Hove
46,Statielei 16,2023-06-03,18:00:00,192,95,97,FMN GV 03 Hove
46,Statielei 16,2023-06-03,19:00:00,115,64,51,FMN GV 03 Hove
46,Statielei 16,2023-06-03,20:00:00,93,46,47,FMN GV 03 Hove
46,Statielei 16,2023-06-03,21:00:00,69,36,33,FMN GV 03 Hove
46,Statielei 16,2023-06-03,22:00:00,89,34,55,FMN GV 03 Hove
46,Statielei 16,2023-06-03,23:00:00,51,20,31,FMN GV 03 Hove
46,Statielei 16,2023-06-04,00:00:00,52,20,32,FMN GV 03 Hove
46,Statielei 16,2023-06-04,01:00:00,25,14,11,FMN GV 03 Hove
46,Statielei 16,2023-06-04,02:00:00,19,8,11,FMN GV 03 Hove
46,Statielei 16,2023-06-04,03:00:00,3,1,2,FMN GV 03 Hove
46,Statielei 16,2023-06-04,04:00:00,7,1,6,FMN GV 03 Hove
46,Statielei 16,2023-06-04,05:00:00,7,5,2,FMN GV 03 Hove
46,Statielei 16,2023-06-04,06:00:00,18,12,6,FMN GV 03 Hove
46,Statielei 16,2023-06-04,07:00:00,23,5,18,FMN GV 03 Hove
46,Statielei 16,2023-06-04,08:00:00,51,27,24,FMN GV 03 Hove
46,Statielei 16,2023-06-04,09:00:00,136,61,75,FMN GV 03 Hove
46,Statielei 16,2023-06-04,10:00:00,183,107,76,FMN GV 03 Hove
46,Statielei 16,2023-06-04,11:00:00,126,53,73,FMN GV 03 Hove
46,Statielei 16,2023-06-04,12:00:00,0,0,0,FMN GV 03 Hove
46,Statielei 16,2023-06-04,13:00:00,14,6,8,FMN GV 03 Hove
46,Statielei 16,2023-06-04,14:00:00,275,165,110,FMN GV 03 Hove
46,Statielei 16,2023-06-04,15:00:00,279,177,102,FMN GV 03 Hove
46,Statielei 16,2023-06-04,16:00:00,273,174,99,FMN GV 03 Hove
46,Statielei 16,2023-06-04,17:00:00,277,144,133,FMN GV 03 Hove
46,Statielei 16,2023-06-04,18:00:00,190,106,84,FMN GV 03 Hove
46,Statielei 16,2023-06-04,19:00:00,108,47,61,FMN GV 03 Hove
46,Statielei 16,2023-06-04,20:00:00,103,59,44,FMN GV 03 Hove
46,Statielei 16,2023-06-04,21:00:00,101,60,41,FMN GV 03 Hove
46,Statielei 16,2023-06-04,22:00:00,50,21,29,FMN GV 03 Hove
46,Statielei 16,2023-06-04,23:00:00,14,6,8,FMN GV 03 Hove
46,Statielei 16,2023-06-05,00:00:00,12,0,12,FMN GV 03 Hove
46,Statielei 16,2023-06-05,01:00:00,16,1,15,FMN GV 03 Hove
46,Statielei 16,2023-06-05,02:00:00,3,1,2,FMN GV 03 Hove
46,Statielei 16,2023-06-05,03:00:00,2,1,1,FMN GV 03 Hove
46,Statielei 16,2023-06-05,04:00:00,18,10,8,FMN GV 03 Hove
46,Statielei 16,2023-06-05,05:00:00,41,25,16,FMN GV 03 Hove
46,Statielei 16,2023-06-05,06:00:00,127,89,38,FMN GV 03 Hove
46,Statielei 16,2023-06-05,07:00:00,423,342,81,FMN GV 03 Hove
46,Statielei 16,2023-06-05,08:00:00,479,382,97,FMN GV 03 Hove
46,Statielei 16,2023-06-05,09:00:00,173,128,45,FMN GV 03 Hove
46,Statielei 16,2023-06-05,10:00:00,113,70,43,FMN GV 03 Hove
46,Statielei 16,2023-06-05,11:00:00,49,29,20,FMN GV 03 Hove
46,Statielei 16,2023-06-05,12:00:00,0,0,0,FMN GV 03 Hove
46,Statielei 16,2023-06-05,13:00:00,0,0,0,FMN GV 03 Hove
46,Statielei 16,2023-06-05,14:00:00,110,54,56,FMN GV 03 Hove
46,Statielei 16,2023-06-05,15:00:00,282,104,178,FMN GV 03 Hove
46,Statielei 16,2023-06-05,16:00:00,393,122,271,FMN GV 03 Hove
46,Statielei 16,2023-06-05,17:00:00,495,159,336,FMN GV 03 Hove
46,Statielei 16,2023-06-05,18:00:00,314,119,195,FMN GV 03 Hove
46,Statielei 16,2023-06-05,19:00:00,152,59,93,FMN GV 03 Hove
46,Statielei 16,2023-06-05,20:00:00,104,49,55,FMN GV 03 Hove
46,Statielei 16,2023-06-05,21:00:00,78,32,46,FMN GV 03 Hove
46,Statielei 16,2023-06-05,22:00:00,78,34,44,FMN GV 03 Hove
46,Statielei 16,2023-06-05,23:00:00,32,14,18,FMN GV 03 Hove
46,Statielei 16,2023-06-06,00:00:00,6,6,0,FMN GV 03 Hove
46,Statielei 16,2023-06-06,01:00:00,5,1,4,FMN GV 03 Hove
46,Statielei 16,2023-06-06,02:00:00,1,0,1,FMN GV 03 Hove
46,Statielei 16,2023-06-06,03:00:00,3,2,1,FMN GV 03 Hove
46,Statielei 16,2023-06-06,04:00:00,15,9,6,FMN GV 03 Hove
46,Statielei 16,2023-06-06,05:00:00,36,23,13,FMN GV 03 Hove
46,Statielei 16,2023-06-06,06:00:00,152,104,48,FMN GV 03 Hove
46,Statielei 16,2023-06-06,07:00:00,469,353,116,FMN GV 03 Hove
46,Statielei 16,2023-06-06,08:00:00,580,438,142,FMN GV 03 Hove
46,Statielei 16,2023-06-06,09:00:00,191,144,47,FMN GV 03 Hove
46,Statielei 16,2023-06-06,10:00:00,120,62,58,FMN GV 03 Hove
46,Statielei 16,2023-06-06,11:00:00,54,27,27,FMN GV 03 Hove
46,Statielei 16,2023-06-06,12:00:00,0,0,0,FMN GV 03 Hove
46,Statielei 16,2023-06-06,13:00:00,0,0,0,FMN GV 03 Hove
46,Statielei 16,2023-06-06,14:00:00,50,20,30,FMN GV 03 Hove
46,Statielei 16,2023-06-06,15:00:00,294,110,184,FMN GV 03 Hove
46,Statielei 16,2023-06-06,16:00:00,454,145,309,FMN GV 03 Hove
46,Statielei 16,2023-06-06,17:00:00,513,143,370,FMN GV 03 Hove
46,Statielei 16,2023-06-06,18:00:00,352,134,218,FMN GV 03 Hove
46,Statielei 16,2023-06-06,19:00:00,191,93,98,FMN GV 03 Hove
46,Statielei 16,2023-06-06,20:00:00,133,75,58,FMN GV 03 Hove
46,Statielei 16,2023-06-06,21:00:00,119,77,42,FMN GV 03 Hove
46,Statielei 16,2023-06-06,22:00:00,84,40,44,FMN GV 03 Hove
46,Statielei 16,2023-06-06,23:00:00,36,13,23,FMN GV 03 Hove
46,Statielei 16,2023-06-07,00:00:00,15,5,10,FMN GV 03 Hove
46,Statielei 16,2023-06-07,01:00:00,5,1,4,FMN GV 03 Hove
46,Statielei 16,2023-06-07,02:00:00,4,1,3,FMN GV 03 Hove
46,Statielei 16,2023-06-07,03:00:00,4,4,0,FMN GV 03 Hove
46,Statielei 16,2023-06-07,04:00:00,21,15,6,FMN GV 03 Hove
46,Statielei 16,2023-06-07,05:00:00,39,19,20,FMN GV 03 Hove
46,Statielei 16,2023-06-07,06:00:00,126,90,36,FMN GV 03 Hove
46,Statielei 16,2023-06-07,07:00:00,422,337,85,FMN GV 03 Hove
46,Statielei 16,2023-06-07,08:00:00,457,354,103,FMN GV 03 Hove
46,Statielei 16,2023-06-07,09:00:00,207,146,61,FMN GV 03 Hove
46,Statielei 16,2023-06-07,10:00:00,193,104,89,FMN GV 03 Hove
46,Statielei 16,2023-06-07,11:00:00,31,15,16,FMN GV 03 Hove
46,Statielei 16,2023-06-07,12:00:00,0,0,0,FMN GV 03 Hove
46,Statielei 16,2023-06-07,13:00:00,0,0,0,FMN GV 03 Hove
46,Statielei 16,2023-06-07,14:00:00,0,0,0,FMN GV 03 Hove
46,Statielei 16,2023-06-07,15:00:00,36,9,27,FMN GV 03 Hove
46,Statielei 16,2023-06-07,16:00:00,224,61,163,FMN GV 03 Hove
46,Statielei 16,2023-06-07,17:00:00,402,143,259,FMN GV 03 Hove
46,Statielei 16,2023-06-07,18:00:00,299,119,180,FMN GV 03 Hove
46,Statielei 16,2023-06-07,19:00:00,187,96,91,FMN GV 03 Hove
46,Statielei 16,2023-06-07,20:00:00,117,57,60,FMN GV 03 Hove
46,Statielei 16,2023-06-07,21:00:00,97,51,46,FMN GV 03 Hove
46,Statielei 16,2023-06-07,22:00:00,85,43,42,FMN GV 03 Hove
46,Statielei 16,2023-06-07,23:00:00,52,18,34,FMN GV 03 Hove
46,Statielei 16,2023-06-08,00:00:00,13,7,6,FMN GV 03 Hove
46,Statielei 16,2023-06-08,01:00:00,0,0,0,FMN GV 03 Hove
46,Statielei 16,2023-06-08,02:00:00,3,1,2,FMN GV 03 Hove
46,Statielei 16,2023-06-08,03:00:00,4,3,1,FMN GV 03 Hove
46,Statielei 16,2023-06-08,04:00:00,14,8,6,FMN GV 03 Hove
46,Statielei 16,2023-06-08,05:00:00,45,27,18,FMN GV 03 Hove
46,Statielei 16,2023-06-08,06:00:00,138,96,42,FMN GV 03 Hove
46,Statielei 16,2023-06-08,07:00:00,447,327,120,FMN GV 03 Hove
46,Statielei 16,2023-06-08,08:00:00,548,430,118,FMN GV 03 Hove
46,Statielei 16,2023-06-08,09:00:00,166,120,46,FMN GV 03 Hove
46,Statielei 16,2023-06-08,10:00:00,110,57,53,FMN GV 03 Hove
46,Statielei 16,2023-06-08,11:00:00,20,8,12,FMN GV 03 Hove
46,Statielei 16,2023-06-08,12:00:00,0,0,0,FMN GV 03 Hove
46,Statielei 16,2023-06-08,13:00:00,0,0,0,FMN GV 03 Hove
46,Statielei 16,2023-06-08,14:00:00,103,57,46,FMN GV 03 Hove
46,Statielei 16,2023-06-08,15:00:00,220,83,137,FMN GV 03 Hove
46,Statielei 16,2023-06-08,16:00:00,420,147,273,FMN GV 03 Hove
46,Statielei 16,2023-06-08,17:00:00,442,133,309,FMN GV 03 Hove
46,Statielei 16,2023-06-08,18:00:00,341,133,208,FMN GV 03 Hove
46,Statielei 16,2023-06-08,19:00:00,222,111,111,FMN GV 03 Hove
46,Statielei 16,2023-06-08,20:00:00,159,82,77,FMN GV 03 Hove
46,Statielei 16,2023-06-08,21:00:00,96,58,38,FMN GV 03 Hove
46,Statielei 16,2023-06-08,22:00:00,101,37,64,FMN GV 03 Hove
46,Statielei 16,2023-06-08,23:00:00,52,17,35,FMN GV 03 Hove
46,Statielei 16,2023-06-09,00:00:00,34,16,18,FMN GV 03 Hove
46,Statielei 16,2023-06-09,01:00:00,10,3,7,FMN GV 03 Hove
46,Statielei 16,2023-06-09,02:00:00,7,2,5,FMN GV 03 Hove
46,Statielei 16,2023-06-09,03:00:00,6,2,4,FMN GV 03 Hove
46,Statielei 16,2023-06-09,04:00:00,20,14,6,FMN GV 03 Hove
46,Statielei 16,2023-06-09,05:00:00,37,22,15,FMN GV 03 Hove
46,Statielei 16,2023-06-09,06:00:00,95,68,27,FMN GV 03 Hove
46,Statielei 16,2023-06-09,07:00:00,346,251,95,FMN GV 03 Hove
46,Statielei 16,2023-06-09,08:00:00,416,316,100,FMN GV 03 Hove
46,Statielei 16,2023-06-09,09:00:00,151,112,39,FMN GV 03 Hove
46,Statielei 16,2023-06-09,10:00:00,155,86,69,FMN GV 03 Hove
46,Statielei 16,2023-06-09,11:00:00,136,74,62,FMN GV 03 Hove
46,Statielei 16,2023-06-09,12:00:00,177,85,92,FMN GV 03 Hove
46,Statielei 16,2023-06-09,13:00:00,199,92,107,FMN GV 03 Hove
46,Statielei 16,2023-06-09,14:00:00,183,88,95,FMN GV 03 Hove
46,Statielei 16,2023-06-09,15:00:00,278,110,168,FMN GV 03 Hove
46,Statielei 16,2023-06-09,16:00:00,372,145,227,FMN GV 03 Hove
46,Statielei 16,2023-06-09,17:00:00,386,145,241,FMN GV 03 Hove
46,Statielei 16,2023-06-09,18:00:00,251,124,127,FMN GV 03 Hove
46,Statielei 16,2023-06-09,19:00:00,182,99,83,FMN GV 03 Hove
46,Statielei 16,2023-06-09,20:00:00,114,59,55,FMN GV 03 Hove
46,Statielei 16,2023-06-09,21:00:00,85,50,35,FMN GV 03 Hove
46,Statielei 16,2023-06-09,22:00:00,84,37,47,FMN GV 03 Hove
46,Statielei 16,2023-06-09,23:00:00,89,34,55,FMN GV 03 Hove
46,Statielei 16,2023-06-10,00:00:00,70,21,49,FMN GV 03 Hove
46,Statielei 16,2023-06-10,01:00:00,29,5,24,FMN GV 03 Hove
46,Statielei 16,2023-06-10,02:00:00,12,6,6,FMN GV 03 Hove
46,Statielei 16,2023-06-10,03:00:00,6,3,3,FMN GV 03 Hove
46,Statielei 16,2023-06-10,04:00:00,10,4,6,FMN GV 03 Hove
46,Statielei 16,2023-06-10,05:00:00,15,9,6,FMN GV 03 Hove
46,Statielei 16,2023-06-10,06:00:00,24,15,9,FMN GV 03 Hove
46,Statielei 16,2023-06-10,07:00:00,49,18,31,FMN GV 03 Hove
46,Statielei 16,2023-06-10,08:00:00,72,42,30,FMN GV 03 Hove
46,Statielei 16,2023-06-10,09:00:00,131,67,64,FMN GV 03 Hove
46,Statielei 16,2023-06-10,10:00:00,181,108,73,FMN GV 03 Hove
46,Statielei 16,2023-06-10,11:00:00,184,109,75,FMN GV 03 Hove
46,Statielei 16,2023-06-10,12:00:00,163,85,78,FMN GV 03 Hove
46,Statielei 16,2023-06-10,13:00:00,173,96,77,FMN GV 03 Hove
46,Statielei 16,2023-06-10,14:00:00,175,99,76,FMN GV 03 Hove
46,Statielei 16,2023-06-10,15:00:00,193,89,104,FMN GV 03 Hove
46,Statielei 16,2023-06-10,16:00:00,176,96,80,FMN GV 03 Hove
46,Statielei 16,2023-06-10,17:00:00,158,89,69,FMN GV 03 Hove
46,Statielei 16,2023-06-10,18:00:00,119,63,56,FMN GV 03 Hove
46,Statielei 16,2023-06-10,19:00:00,152,99,53,FMN GV 03 Hove
46,Statielei 16,2023-06-10,20:00:00,110,62,48,FMN GV 03 Hove
46,Statielei 16,2023-06-10,21:00:00,71,30,41,FMN GV 03 Hove
46,Statielei 16,2023-06-10,22:00:00,96,45,51,FMN GV 03 Hove
46,Statielei 16,2023-06-10,23:00:00,69,22,47,FMN GV 03 Hove
46,Statielei 16,2023-06-11,00:00:00,69,29,40,FMN GV 03 Hove
46,Statielei 16,2023-06-11,01:00:00,31,18,13,FMN GV 03 Hove
46,Statielei 16,2023-06-11,02:00:00,24,14,10,FMN GV 03 Hove
46,Statielei 16,2023-06-11,03:00:00,11,9,2,FMN GV 03 Hove
46,Statielei 16,2023-06-11,04:00:00,6,2,4,FMN GV 03 Hove
46,Statielei 16,2023-06-11,05:00:00,15,8,7,FMN GV 03 Hove
46,Statielei 16,2023-06-11,06:00:00,18,9,9,FMN GV 03 Hove
46,Statielei 16,2023-06-11,07:00:00,40,15,25,FMN GV 03 Hove
46,Statielei 16,2023-06-11,08:00:00,72,37,35,FMN GV 03 Hove
46,Statielei 16,2023-06-11,09:00:00,189,97,92,FMN GV 03 Hove
46,Statielei 16,2023-06-11,10:00:00,222,118,104,FMN GV 03 Hove
46,Statielei 16,2023-06-11,11:00:00,208,117,91,FMN GV 03 Hove
46,Statielei 16,2023-06-11,12:00:00,212,116,96,FMN GV 03 Hove
46,Statielei 16,2023-06-11,13:00:00,178,104,74,FMN GV 03 Hove
46,Statielei 16,2023-06-11,14:00:00,179,95,84,FMN GV 03 Hove
46,Statielei 16,2023-06-11,15:00:00,162,73,89,FMN GV 03 Hove
46,Statielei 16,2023-06-11,16:00:00,176,96,80,FMN GV 03 Hove
46,Statielei 16,2023-06-11,17:00:00,145,71,74,FMN GV 03 Hove
46,Statielei 16,2023-06-11,18:00:00,127,79,48,FMN GV 03 Hove
46,Statielei 16,2023-06-11,19:00:00,87,48,39,FMN GV 03 Hove
46,Statielei 16,2023-06-11,20:00:00,112,70,42,FMN GV 03 Hove
46,Statielei 16,2023-06-11,21:00:00,97,51,46,FMN GV 03 Hove
46,Statielei 16,2023-06-11,22:00:00,56,29,27,FMN GV 03 Hove
46,Statielei 16,2023-06-11,23:00:00,40,16,24,FMN GV 03 Hove
46,Statielei 16,2023-06-12,00:00:00,6,2,4,FMN GV 03 Hove
46,Statielei 16,2023-06-12,01:00:00,2,1,1,FMN GV 03 Hove
46,Statielei 16,2023-06-12,02:00:00,3,0,3,FMN GV 03 Hove
46,Statielei 16,2023-06-12,03:00:00,5,3,2,FMN GV 03 Hove
46,Statielei 16,2023-06-12,04:00:00,10,4,6,FMN GV 03 Hove
46,Statielei 16,2023-06-12,05:00:00,37,25,12,FMN GV 03 Hove
46,Statielei 16,2023-06-12,06:00:00,135,87,48,FMN GV 03 Hove
46,Statielei 16,2023-06-12,07:00:00,451,349,102,FMN GV 03 Hove
46,Statielei 16,2023-06-12,08:00:00,507,403,104,FMN GV 03 Hove
46,Statielei 16,2023-06-12,09:00:00,163,111,52,FMN GV 03 Hove
46,Statielei 16,2023-06-12,10:00:00,133,75,58,FMN GV 03 Hove
46,Statielei 16,2023-06-12,11:00:00,79,41,38,FMN GV 03 Hove
46,Statielei 16,2023-06-12,12:00:00,62,25,37,FMN GV 03 Hove
46,Statielei 16,2023-06-12,13:00:00,144,74,70,FMN GV 03 Hove
46,Statielei 16,2023-06-12,14:00:00,139,62,77,FMN GV 03 Hove
46,Statielei 16,2023-06-12,15:00:00,206,86,120,FMN GV 03 Hove
46,Statielei 16,2023-06-12,16:00:00,375,119,256,FMN GV 03 Hove
46,Statielei 16,2023-06-12,17:00:00,417,114,303,FMN GV 03 Hove
46,Statielei 16,2023-06-12,18:00:00,268,110,158,FMN GV 03 Hove
46,Statielei 16,2023-06-12,19:00:00,175,88,87,FMN GV 03 Hove
46,Statielei 16,2023-06-12,20:00:00,124,62,62,FMN GV 03 Hove
46,Statielei 16,2023-06-12,21:00:00,108,61,47,FMN GV 03 Hove
46,Statielei 16,2023-06-12,22:00:00,71,42,29,FMN GV 03 Hove
46,Statielei 16,2023-06-12,23:00:00,29,12,17,FMN GV 03 Hove
46,Statielei 16,2023-06-13,00:00:00,7,4,3,FMN GV 03 Hove
46,Statielei 16,2023-06-13,01:00:00,1,0,1,FMN GV 03 Hove
46,Statielei 16,2023-06-13,02:00:00,1,0,1,FMN GV 03 Hove
46,Statielei 16,2023-06-13,03:00:00,5,3,2,FMN GV 03 Hove
46,Statielei 16,2023-06-13,04:00:00,16,8,8,FMN GV 03 Hove
46,Statielei 16,2023-06-13,05:00:00,45,27,18,FMN GV 03 Hove
46,Statielei 16,2023-06-13,06:00:00,177,124,53,FMN GV 03 Hove
46,Statielei 16,2023-06-13,07:00:00,551,411,140,FMN GV 03 Hove
46,Statielei 16,2023-06-13,08:00:00,569,443,126,FMN GV 03 Hove
46,Statielei 16,2023-06-13,09:00:00,183,125,58,FMN GV 03 Hove
46,Statielei 16,2023-06-13,10:00:00,128,79,49,FMN GV 03 Hove
46,Statielei 16,2023-06-13,11:00:00,89,43,46,FMN GV 03 Hove
46,Statielei 16,2023-06-13,12:00:00,22,12,10,FMN GV 03 Hove
46,Statielei 16,2023-06-13,13:00:00,139,64,75,FMN GV 03 Hove
46,Statielei 16,2023-06-13,14:00:00,162,76,86,FMN GV 03 Hove
46,Statielei 16,2023-06-13,15:00:00,224,90,134,FMN GV 03 Hove
46,Statielei 16,2023-06-13,16:00:00,386,114,272,FMN GV 03 Hove
46,Statielei 16,2023-06-13,17:00:00,519,159,360,FMN GV 03 Hove
46,Statielei 16,2023-06-13,18:00:00,315,120,195,FMN GV 03 Hove
46,Statielei 16,2023-06-13,19:00:00,201,89,112,FMN GV 03 Hove
46,Statielei 16,2023-06-13,20:00:00,138,58,80,FMN GV 03 Hove
46,Statielei 16,2023-06-13,21:00:00,140,87,53,FMN GV 03 Hove
46,Statielei 16,2023-06-13,22:00:00,88,45,43,FMN GV 03 Hove
46,Statielei 16,2023-06-13,23:00:00,52,21,31,FMN GV 03 Hove
46,Statielei 16,2023-06-14,00:00:00,19,4,15,FMN GV 03 Hove
46,Statielei 16,2023-06-14,01:00:00,2,0,2,FMN GV 03 Hove
46,Statielei 16,2023-06-14,02:00:00,3,1,2,FMN GV 03 Hove
46,Statielei 16,2023-06-14,03:00:00,5,4,1,FMN GV 03 Hove
46,Statielei 16,2023-06-14,04:00:00,18,11,7,FMN GV 03 Hove
46,Statielei 16,2023-06-14,05:00:00,46,27,19,FMN GV 03 Hove
46,Statielei 16,2023-06-14,06:00:00,139,96,43,FMN GV 03 Hove
46,Statielei 16,2023-06-14,07:00:00,460,364,96,FMN GV 03 Hove
46,Statielei 16,2023-06-14,08:00:00,466,356,110,FMN GV 03 Hove
46,Statielei 16,2023-06-14,09:00:00,245,168,77,FMN GV 03 Hove
46,Statielei 16,2023-06-14,10:00:00,232,118,114,FMN GV 03 Hove
46,Statielei 16,2023-06-14,11:00:00,105,46,59,FMN GV 03 Hove
46,Statielei 16,2023-06-14,12:00:00,1,0,1,FMN GV 03 Hove
46,Statielei 16,2023-06-14,13:00:00,133,57,76,FMN GV 03 Hove
46,Statielei 16,2023-06-14,14:00:00,173,76,97,FMN GV 03 Hove
46,Statielei 16,2023-06-14,15:00:00,193,81,112,FMN GV 03 Hove
46,Statielei 16,2023-06-14,16:00:00,280,91,189,FMN GV 03 Hove
46,Statielei 16,2023-06-14,17:00:00,380,142,238,FMN GV 03 Hove
46,Statielei 16,2023-06-14,18:00:00,302,122,180,FMN GV 03 Hove
46,Statielei 16,2023-06-14,19:00:00,218,109,109,FMN GV 03 Hove
46,Statielei 16,2023-06-14,20:00:00,172,104,68,FMN GV 03 Hove
46,Statielei 16,2023-06-14,21:00:00,136,81,55,FMN GV 03 Hove
46,Statielei 16,2023-06-14,22:00:00,101,45,56,FMN GV 03 Hove
46,Statielei 16,2023-06-14,23:00:00,46,18,28,FMN GV 03 Hove
46,Statielei 16,2023-06-15,00:00:00,18,4,14,FMN GV 03 Hove
46,Statielei 16,2023-06-15,01:00:00,9,1,8,FMN GV 03 Hove
46,Statielei 16,2023-06-15,02:00:00,0,0,0,FMN GV 03 Hove
46,Statielei 16,2023-06-15,03:00:00,5,5,0,FMN GV 03 Hove
46,Statielei 16,2023-06-15,04:00:00,16,8,8,FMN GV 03 Hove
46,Statielei 16,2023-06-15,05:00:00,45,24,21,FMN GV 03 Hove
46,Statielei 16,2023-06-15,06:00:00,152,102,50,FMN GV 03 Hove
46,Statielei 16,2023-06-15,07:00:00,473,355,118,FMN GV 03 Hove
46,Statielei 16,2023-06-15,08:00:00,526,412,114,FMN GV 03 Hove
46,Statielei 16,2023-06-15,09:00:00,179,113,66,FMN GV 03 Hove
46,Statielei 16,2023-06-15,10:00:00,178,86,92,FMN GV 03 Hove
46,Statielei 16,2023-06-15,11:00:00,7,4,3,FMN GV 03 Hove
46,Statielei 16,2023-06-15,12:00:00,0,0,0,FMN GV 03 Hove
46,Statielei 16,2023-06-15,13:00:00,17,10,7,FMN GV 03 Hove
46,Statielei 16,2023-06-15,14:00:00,133,68,65,FMN GV 03 Hove
46,Statielei 16,2023-06-15,15:00:00,262,106,156,FMN GV 03 Hove
46,Statielei 16,2023-06-15,16:00:00,396,118,278,FMN GV 03 Hove
46,Statielei 16,2023-06-15,17:00:00,460,156,304,FMN GV 03 Hove
46,Statielei 16,2023-06-15,18:00:00,331,112,219,FMN GV 03 Hove
46,Statielei 16,2023-06-15,19:00:00,183,88,95,FMN GV 03 Hove
46,Statielei 16,2023-06-15,20:00:00,160,87,73,FMN GV 03 Hove
46,Statielei 16,2023-06-15,21:00:00,144,85,59,FMN GV 03 Hove
46,Statielei 16,2023-06-15,22:00:00,107,44,63,FMN GV 03 Hove
46,Statielei 16,2023-06-15,23:00:00,46,15,31,FMN GV 03 Hove
46,Statielei 16,2023-06-16,00:00:00,24,8,16,FMN GV 03 Hove
46,Statielei 16,2023-06-16,01:00:00,5,1,4,FMN GV 03 Hove
46,Statielei 16,2023-06-16,02:00:00,3,0,3,FMN GV 03 Hove
46,Statielei 16,2023-06-16,03:00:00,4,3,1,FMN GV 03 Hove
46,Statielei 16,2023-06-16,04:00:00,16,6,10,FMN GV 03 Hove
46,Statielei 16,2023-06-16,05:00:00,37,24,13,FMN GV 03 Hove
46,Statielei 16,2023-06-16,06:00:00,131,84,47,FMN GV 03 Hove
46,Statielei 16,2023-06-16,07:00:00,391,277,114,FMN GV 03 Hove
46,Statielei 16,2023-06-16,08:00:00,430,321,109,FMN GV 03 Hove
46,Statielei 16,2023-06-16,09:00:00,190,113,77,FMN GV 03 Hove
46,Statielei 16,2023-06-16,10:00:00,147,83,64,FMN GV 03 Hove
46,Statielei 16,2023-06-16,11:00:00,1,1,0,FMN GV 03 Hove
46,Statielei 16,2023-06-16,12:00:00,0,0,0,FMN GV 03 Hove
46,Statielei 16,2023-06-16,13:00:00,44,28,16,FMN GV 03 Hove
46,Statielei 16,2023-06-16,14:00:00,205,87,118,FMN GV 03 Hove
46,Statielei 16,2023-06-16,15:00:00,224,97,127,FMN GV 03 Hove
46,Statielei 16,2023-06-16,16:00:00,369,111,258,FMN GV 03 Hove
46,Statielei 16,2023-06-16,17:00:00,350,123,227,FMN GV 03 Hove
46,Statielei 16,2023-06-16,18:00:00,343,202,141,FMN GV 03 Hove
46,Statielei 16,2023-06-16,19:00:00,200,97,103,FMN GV 03 Hove
46,Statielei 16,2023-06-16,20:00:00,152,77,75,FMN GV 03 Hove
46,Statielei 16,2023-06-16,21:00:00,103,50,53,FMN GV 03 Hove
46,Statielei 16,2023-06-16,22:00:00,92,39,53,FMN GV 03 Hove
46,Statielei 16,2023-06-16,23:00:00,81,26,55,FMN GV 03 Hove
46,Statielei 16,2023-06-17,00:00:00,72,24,48,FMN GV 03 Hove
46,Statielei 16,2023-06-17,01:00:00,38,12,26,FMN GV 03 Hove
46,Statielei 16,2023-06-17,02:00:00,10,2,8,FMN GV 03 Hove
46,Statielei 16,2023-06-17,03:00:00,8,5,3,FMN GV 03 Hove
46,Statielei 16,2023-06-17,04:00:00,10,4,6,FMN GV 03 Hove
46,Statielei 16,2023-06-17,05:00:00,20,11,9,FMN GV 03 Hove
46,Statielei 16,2023-06-17,06:00:00,14,4,10,FMN GV 03 Hove
46,Statielei 16,2023-06-17,07:00:00,43,16,27,FMN GV 03 Hove
46,Statielei 16,2023-06-17,08:00:00,82,40,42,FMN GV 03 Hove
46,Statielei 16,2023-06-17,09:00:00,134,78,56,FMN GV 03 Hove
46,Statielei 16,2023-06-17,10:00:00,108,59,49,FMN GV 03 Hove
46,Statielei 16,2023-06-17,11:00:00,0,0,0,FMN GV 03 Hove
46,Statielei 16,2023-06-17,12:00:00,0,0,0,FMN GV 03 Hove
46,Statielei 16,2023-06-17,13:00:00,0,0,0,FMN GV 03 Hove
46,Statielei 16,2023-06-17,14:00:00,2,0,2,FMN GV 03 Hove
46,Statielei 16,2023-06-17,15:00:00,17,8,9,FMN GV 03 Hove
46,Statielei 16,2023-06-17,16:00:00,54,29,25,FMN GV 03 Hove
46,Statielei 16,2023-06-17,17:00:00,83,44,39,FMN GV 03 Hove
46,Statielei 16,2023-06-17,18:00:00,121,79,42,FMN GV 03 Hove
46,Statielei 16,2023-06-17,19:00:00,113,72,41,FMN GV 03 Hove
46,Statielei 16,2023-06-17,20:00:00,116,50,66,FMN GV 03 Hove
46,Statielei 16,2023-06-17,21:00:00,53,28,25,FMN GV 03 Hove
46,Statielei 16,2023-06-17,22:00:00,80,35,45,FMN GV 03 Hove
46,Statielei 16,2023-06-17,23:00:00,57,24,33,FMN GV 03 Hove
46,Statielei 16,2023-06-18,00:00:00,45,14,31,FMN GV 03 Hove
46,Statielei 16,2023-06-18,01:00:00,14,5,9,FMN GV 03 Hove
46,Statielei 16,2023-06-18,02:00:00,13,7,6,FMN GV 03 Hove
46,Statielei 16,2023-06-18,03:00:00,12,2,10,FMN GV 03 Hove
46,Statielei 16,2023-06-18,04:00:00,7,4,3,FMN GV 03 Hove
46,Statielei 16,2023-06-18,05:00:00,20,13,7,FMN GV 03 Hove
46,Statielei 16,2023-06-18,06:00:00,21,9,12,FMN GV 03 Hove
46,Statielei 16,2023-06-18,07:00:00,32,8,24,FMN GV 03 Hove
46,Statielei 16,2023-06-18,08:00:00,36,13,23,FMN GV 03 Hove
46,Statielei 16,2023-06-18,09:00:00,96,44,52,FMN GV 03 Hove
46,Statielei 16,2023-06-18,10:00:00,102,62,40,FMN GV 03 Hove
46,Statielei 16,2023-06-18,11:00:00,97,63,34,FMN GV 03 Hove
46,Statielei 16,2023-06-18,12:00:00,110,61,49,FMN GV 03 Hove
46,Statielei 16,2023-06-18,13:00:00,137,71,66,FMN GV 03 Hove
46,Statielei 16,2023-06-18,14:00:00,187,122,65,FMN GV 03 Hove
46,Statielei 16,2023-06-18,15:00:00,191,113,78,FMN GV 03 Hove
46,Statielei 16,2023-06-18,16:00:00,151,92,59,FMN GV 03 Hove
46,Statielei 16,2023-06-18,17:00:00,151,96,55,FMN GV 03 Hove
46,Statielei 16,2023-06-18,18:00:00,102,59,43,FMN GV 03 Hove
46,Statielei 16,2023-06-18,19:00:00,74,41,33,FMN GV 03 Hove
46,Statielei 16,2023-06-18,20:00:00,83,46,37,FMN GV 03 Hove
46,Statielei 16,2023-06-18,21:00:00,51,36,15,FMN GV 03 Hove
46,Statielei 16,2023-06-18,22:00:00,23,10,13,FMN GV 03 Hove
46,Statielei 16,2023-06-18,23:00:00,13,6,7,FMN GV 03 Hove
46,Statielei 16,2023-06-19,00:00:00,6,0,6,FMN GV 03 Hove
46,Statielei 16,2023-06-19,01:00:00,2,1,1,FMN GV 03 Hove
46,Statielei 16,2023-06-19,02:00:00,2,1,1,FMN GV 03 Hove
46,Statielei 16,2023-06-19,03:00:00,9,9,0,FMN GV 03 Hove
46,Statielei 16,2023-06-19,04:00:00,15,8,7,FMN GV 03 Hove
46,Statielei 16,2023-06-19,05:00:00,32,22,10,FMN GV 03 Hove
46,Statielei 16,2023-06-19,06:00:00,121,84,37,FMN GV 03 Hove
46,Statielei 16,2023-06-19,07:00:00,425,317,108,FMN GV 03 Hove
46,Statielei 16,2023-06-19,08:00:00,473,386,87,FMN GV 03 Hove
46,Statielei 16,2023-06-19,09:00:00,149,107,42,FMN GV 03 Hove
46,Statielei 16,2023-06-19,10:00:00,114,59,55,FMN GV 03 Hove
46,Statielei 16,2023-06-19,11:00:00,133,72,61,FMN GV 03 Hove
46,Statielei 16,2023-06-19,12:00:00,194,102,92,FMN GV 03 Hove
46,Statielei 16,2023-06-19,13:00:00,164,76,88,FMN GV 03 Hove
46,Statielei 16,2023-06-19,14:00:00,175,68,107,FMN GV 03 Hove
46,Statielei 16,2023-06-19,15:00:00,193,80,113,FMN GV 03 Hove
46,Statielei 16,2023-06-19,16:00:00,312,88,224,FMN GV 03 Hove
46,Statielei 16,2023-06-19,17:00:00,417,133,284,FMN GV 03 Hove
46,Statielei 16,2023-06-19,18:00:00,289,99,190,FMN GV 03 Hove
46,Statielei 16,2023-06-19,19:00:00,163,69,94,FMN GV 03 Hove
46,Statielei 16,2023-06-19,20:00:00,122,53,69,FMN GV 03 Hove
46,Statielei 16,2023-06-19,21:00:00,76,46,30,FMN GV 03 Hove
46,Statielei 16,2023-06-19,22:00:00,67,32,35,FMN GV 03 Hove
46,Statielei 16,2023-06-19,23:00:00,23,11,12,FMN GV 03 Hove
46,Statielei 16,2023-06-20,00:00:00,11,4,7,FMN GV 03 Hove
46,Statielei 16,2023-06-20,01:00:00,1,0,1,FMN GV 03 Hove
46,Statielei 16,2023-06-20,02:00:00,0,0,0,FMN GV 03 Hove
46,Statielei 16,2023-06-20,03:00:00,5,3,2,FMN GV 03 Hove
46,Statielei 16,2023-06-20,04:00:00,15,7,8,FMN GV 03 Hove
46,Statielei 16,2023-06-20,05:00:00,36,21,15,FMN GV 03 Hove
46,Statielei 16,2023-06-20,06:00:00,121,90,31,FMN GV 03 Hove
46,Statielei 16,2023-06-20,07:00:00,410,325,85,FMN GV 03 Hove
46,Statielei 16,2023-06-20,08:00:00,553,363,190,FMN GV 03 Hove
46,Statielei 16,2023-06-20,09:00:00,159,99,60,FMN GV 03 Hove
46,Statielei 16,2023-06-20,10:00:00,135,76,59,FMN GV 03 Hove
46,Statielei 16,2023-06-20,11:00:00,151,87,64,FMN GV 03 Hove
46,Statielei 16,2023-06-20,12:00:00,171,89,82,FMN GV 03 Hove
46,Statielei 16,2023-06-20,13:00:00,142,75,67,FMN GV 03 Hove
46,Statielei 16,2023-06-20,14:00:00,131,64,67,FMN GV 03 Hove
46,Statielei 16,2023-06-20,15:00:00,176,57,119,FMN GV 03 Hove
46,Statielei 16,2023-06-20,16:00:00,319,82,237,FMN GV 03 Hove
46,Statielei 16,2023-06-20,17:00:00,330,97,233,FMN GV 03 Hove
46,Statielei 16,2023-06-20,18:00:00,124,41,83,FMN GV 03 Hove
46,Statielei 16,2023-06-20,19:00:00,52,19,33,FMN GV 03 Hove
46,Statielei 16,2023-06-20,20:00:00,30,13,17,FMN GV 03 Hove
46,Statielei 16,2023-06-20,21:00:00,20,11,9,FMN GV 03 Hove
46,Statielei 16,2023-06-20,22:00:00,38,14,24,FMN GV 03 Hove
46,Statielei 16,2023-06-20,23:00:00,14,2,12,FMN GV 03 Hove
46,Statielei 16,2023-06-21,00:00:00,1,1,0,FMN GV 03 Hove
46,Statielei 16,2023-06-21,01:00:00,1,0,1,FMN GV 03 Hove
46,Statielei 16,2023-06-21,02:00:00,1,0,1,FMN GV 03 Hove
46,Statielei 16,2023-06-21,03:00:00,6,4,2,FMN GV 03 Hove
46,Statielei 16,2023-06-21,04:00:00,14,7,7,FMN GV 03 Hove
46,Statielei 16,2023-06-21,05:00:00,29,15,14,FMN GV 03 Hove
46,Statielei 16,2023-06-21,06:00:00,113,89,24,FMN GV 03 Hove
46,Statielei 16,2023-06-21,07:00:00,395,313,82,FMN GV 03 Hove
46,Statielei 16,2023-06-21,08:00:00,435,329,106,FMN GV 03 Hove
46,Statielei 16,2023-06-21,09:00:00,201,131,70,FMN GV 03 Hove
46,Statielei 16,2023-06-21,10:00:00,222,119,103,FMN GV 03 Hove
46,Statielei 16,2023-06-21,11:00:00,181,81,100,FMN GV 03 Hove
46,Statielei 16,2023-06-21,12:00:00,230,76,154,FMN GV 03 Hove
46,Statielei 16,2023-06-21,13:00:00,215,86,129,FMN GV 03 Hove
46,Statielei 16,2023-06-21,14:00:00,171,83,88,FMN GV 03 Hove
46,Statielei 16,2023-06-21,15:00:00,184,86,98,FMN GV 03 Hove
46,Statielei 16,2023-06-21,16:00:00,289,114,175,FMN GV 03 Hove
46,Statielei 16,2023-06-21,17:00:00,384,142,242,FMN GV 03 Hove
46,Statielei 16,2023-06-21,18:00:00,295,122,173,FMN GV 03 Hove
46,Statielei 16,2023-06-21,19:00:00,211,98,113,FMN GV 03 Hove
46,Statielei 16,2023-06-21,20:00:00,161,75,86,FMN GV 03 Hove
46,Statielei 16,2023-06-21,21:00:00,117,63,54,FMN GV 03 Hove
46,Statielei 16,2023-06-21,22:00:00,100,54,46,FMN GV 03 Hove
46,Statielei 16,2023-06-21,23:00:00,42,18,24,FMN GV 03 Hove
46,Statielei 16,2023-06-22,00:00:00,23,9,14,FMN GV 03 Hove
46,Statielei 16,2023-06-22,01:00:00,12,3,9,FMN GV 03 Hove
46,Statielei 16,2023-06-22,02:00:00,3,1,2,FMN GV 03 Hove
46,Statielei 16,2023-06-22,03:00:00,4,2,2,FMN GV 03 Hove
46,Statielei 16,2023-06-22,04:00:00,9,3,6,FMN GV 03 Hove
46,Statielei 16,2023-06-22,05:00:00,17,9,8,FMN GV 03 Hove
46,Statielei 16,2023-06-22,06:00:00,94,68,26,FMN GV 03 Hove
46,Statielei 16,2023-06-22,07:00:00,344,253,91,FMN GV 03 Hove
46,Statielei 16,2023-06-22,08:00:00,372,288,84,FMN GV 03 Hove
46,Statielei 16,2023-06-22,09:00:00,110,74,36,FMN GV 03 Hove
46,Statielei 16,2023-06-22,10:00:00,101,50,51,FMN GV 03 Hove
46,Statielei 16,2023-06-22,11:00:00,98,46,52,FMN GV 03 Hove
46,Statielei 16,2023-06-22,12:00:00,85,44,41,FMN GV 03 Hove
46,Statielei 16,2023-06-22,13:00:00,52,24,28,FMN GV 03 Hove
46,Statielei 16,2023-06-22,14:00:00,57,26,31,FMN GV 03 Hove
46,Statielei 16,2023-06-22,15:00:00,88,25,63,FMN GV 03 Hove
46,Statielei 16,2023-06-22,16:00:00,138,40,98,FMN GV 03 Hove
46,Statielei 16,2023-06-22,17:00:00,211,66,145,FMN GV 03 Hove
46,Statielei 16,2023-06-22,18:00:00,122,42,80,FMN GV 03 Hove
46,Statielei 16,2023-06-22,19:00:00,77,40,37,FMN GV 03 Hove
46,Statielei 16,2023-06-22,20:00:00,58,29,29,FMN GV 03 Hove
46,Statielei 16,2023-06-22,21:00:00,46,18,28,FMN GV 03 Hove
46,Statielei 16,2023-06-22,22:00:00,47,18,29,FMN GV 03 Hove
46,Statielei 16,2023-06-22,23:00:00,28,13,15,FMN GV 03 Hove
46,Statielei 16,2023-06-23,00:00:00,20,7,13,FMN GV 03 Hove
46,Statielei 16,2023-06-23,01:00:00,5,0,5,FMN GV 03 Hove
46,Statielei 16,2023-06-23,02:00:00,4,0,4,FMN GV 03 Hove
46,Statielei 16,2023-06-23,03:00:00,4,3,1,FMN GV 03 Hove
46,Statielei 16,2023-06-23,04:00:00,12,7,5,FMN GV 03 Hove
46,Statielei 16,2023-06-23,05:00:00,33,19,14,FMN GV 03 Hove
46,Statielei 16,2023-06-23,06:00:00,87,60,27,FMN GV 03 Hove
46,Statielei 16,2023-06-23,07:00:00,330,257,73,FMN GV 03 Hove
46,Statielei 16,2023-06-23,08:00:00,367,275,92,FMN GV 03 Hove
46,Statielei 16,2023-06-23,09:00:00,174,106,68,FMN GV 03 Hove
46,Statielei 16,2023-06-23,10:00:00,157,84,73,FMN GV 03 Hove
46,Statielei 16,2023-06-23,11:00:00,180,90,90,FMN GV 03 Hove
46,Statielei 16,2023-06-23,12:00:00,186,95,91,FMN GV 03 Hove
46,Statielei 16,2023-06-23,13:00:00,221,118,103,FMN GV 03 Hove
46,Statielei 16,2023-06-23,14:00:00,208,90,118,FMN GV 03 Hove
46,Statielei 16,2023-06-23,15:00:00,265,116,149,FMN GV 03 Hove
46,Statielei 16,2023-06-23,16:00:00,345,113,232,FMN GV 03 Hove
46,Statielei 16,2023-06-23,17:00:00,356,137,219,FMN GV 03 Hove
46,Statielei 16,2023-06-23,18:00:00,279,157,122,FMN GV 03 Hove
46,Statielei 16,2023-06-23,19:00:00,188,105,83,FMN GV 03 Hove
46,Statielei 16,2023-06-23,20:00:00,133,75,58,FMN GV 03 Hove
46,Statielei 16,2023-06-23,21:00:00,117,59,58,FMN GV 03 Hove
46,Statielei 16,2023-06-23,22:00:00,77,26,51,FMN GV 03 Hove
46,Statielei 16,2023-06-23,23:00:00,85,38,47,FMN GV 03 Hove
46,Statielei 16,2023-06-24,00:00:00,76,20,56,FMN GV 03 Hove
46,Statielei 16,2023-06-24,01:00:00,39,12,27,FMN GV 03 Hove
46,Statielei 16,2023-06-24,02:00:00,24,10,14,FMN GV 03 Hove
46,Statielei 16,2023-06-24,03:00:00,19,5,14,FMN GV 03 Hove
46,Statielei 16,2023-06-24,04:00:00,19,2,17,FMN GV 03 Hove
46,Statielei 16,2023-06-24,05:00:00,14,11,3,FMN GV 03 Hove
46,Statielei 16,2023-06-24,06:00:00,21,15,6,FMN GV 03 Hove
46,Statielei 16,2023-06-24,07:00:00,43,17,26,FMN GV 03 Hove
46,Statielei 16,2023-06-24,08:00:00,78,30,48,FMN GV 03 Hove
46,Statielei 16,2023-06-24,09:00:00,157,84,73,FMN GV 03 Hove
46,Statielei 16,2023-06-24,10:00:00,177,109,68,FMN GV 03 Hove
46,Statielei 16,2023-06-24,11:00:00,230,133,97,FMN GV 03 Hove
46,Statielei 16,2023-06-24,12:00:00,221,121,100,FMN GV 03 Hove
46,Statielei 16,2023-06-24,13:00:00,269,161,108,FMN GV 03 Hove
46,Statielei 16,2023-06-24,14:00:00,304,182,122,FMN GV 03 Hove
46,Statielei 16,2023-06-24,15:00:00,257,130,127,FMN GV 03 Hove
46,Statielei 16,2023-06-24,16:00:00,200,103,97,FMN GV 03 Hove
46,Statielei 16,2023-06-24,17:00:00,223,109,114,FMN GV 03 Hove
46,Statielei 16,2023-06-24,18:00:00,161,103,58,FMN GV 03 Hove
46,Statielei 16,2023-06-24,19:00:00,122,68,54,FMN GV 03 Hove
46,Statielei 16,2023-06-24,20:00:00,110,51,59,FMN GV 03 Hove
46,Statielei 16,2023-06-24,21:00:00,82,38,44,FMN GV 03 Hove
46,Statielei 16,2023-06-24,22:00:00,103,43,60,FMN GV 03 Hove
46,Statielei 16,2023-06-24,23:00:00,49,26,23,FMN GV 03 Hove
46,Statielei 16,2023-06-25,00:00:00,50,18,32,FMN GV 03 Hove
46,Statielei 16,2023-06-25,01:00:00,73,25,48,FMN GV 03 Hove
46,Statielei 16,2023-06-25,02:00:00,27,8,19,FMN GV 03 Hove
46,Statielei 16,2023-06-25,03:00:00,10,5,5,FMN GV 03 Hove
46,Statielei 16,2023-06-25,04:00:00,7,3,4,FMN GV 03 Hove
46,Statielei 16,2023-06-25,05:00:00,14,12,2,FMN GV 03 Hove
46,Statielei 16,2023-06-25,06:00:00,14,8,6,FMN GV 03 Hove
46,Statielei 16,2023-06-25,07:00:00,39,21,18,FMN GV 03 Hove
46,Statielei 16,2023-06-25,08:00:00,102,48,54,FMN GV 03 Hove
46,Statielei 16,2023-06-25,09:00:00,159,74,85,FMN GV 03 Hove
46,Statielei 16,2023-06-25,10:00:00,213,111,102,FMN GV 03 Hove
46,Statielei 16,2023-06-25,11:00:00,272,166,106,FMN GV 03 Hove
46,Statielei 16,2023-06-25,12:00:00,267,156,111,FMN GV 03 Hove
46,Statielei 16,2023-06-25,13:00:00,236,157,79,FMN GV 03 Hove
46,Statielei 16,2023-06-25,14:00:00,276,159,117,FMN GV 03 Hove
46,Statielei 16,2023-06-25,15:00:00,206,120,86,FMN GV 03 Hove
46,Statielei 16,2023-06-25,16:00:00,192,89,103,FMN GV 03 Hove
46,Statielei 16,2023-06-25,17:00:00,201,103,98,FMN GV 03 Hove
46,Statielei 16,2023-06-25,18:00:00,157,92,65,FMN GV 03 Hove
46,Statielei 16,2023-06-25,19:00:00,128,75,53,FMN GV 03 Hove
46,Statielei 16,2023-06-25,20:00:00,93,48,45,FMN GV 03 Hove
46,Statielei 16,2023-06-25,21:00:00,104,36,68,FMN GV 03 Hove
46,Statielei 16,2023-06-25,22:00:00,87,41,46,FMN GV 03 Hove
46,Statielei 16,2023-06-25,23:00:00,56,18,38,FMN GV 03 Hove
46,Statielei 16,2023-06-26,00:00:00,22,7,15,FMN GV 03 Hove
46,Statielei 16,2023-06-26,01:00:00,20,3,17,FMN GV 03 Hove
46,Statielei 16,2023-06-26,02:00:00,10,4,6,FMN GV 03 Hove
46,Statielei 16,2023-06-26,03:00:00,7,4,3,FMN GV 03 Hove
46,Statielei 16,2023-06-26,04:00:00,15,8,7,FMN GV 03 Hove
46,Statielei 16,2023-06-26,05:00:00,31,19,12,FMN GV 03 Hove
46,Statielei 16,2023-06-26,06:00:00,112,83,29,FMN GV 03 Hove
46,Statielei 16,2023-06-26,07:00:00,382,304,78,FMN GV 03 Hove
46,Statielei 16,2023-06-26,08:00:00,455,348,107,FMN GV 03 Hove
46,Statielei 16,2023-06-26,09:00:00,165,116,49,FMN GV 03 Hove
46,Statielei 16,2023-06-26,10:00:00,118,72,46,FMN GV 03 Hove
46,Statielei 16,2023-06-26,11:00:00,110,61,49,FMN GV 03 Hove
46,Statielei 16,2023-06-26,12:00:00,151,84,67,FMN GV 03 Hove
46,Statielei 16,2023-06-26,13:00:00,170,98,72,FMN GV 03 Hove
46,Statielei 16,2023-06-26,14:00:00,180,79,101,FMN GV 03 Hove
46,Statielei 16,2023-06-26,15:00:00,235,105,130,FMN GV 03 Hove
46,Statielei 16,2023-06-26,16:00:00,327,114,213,FMN GV 03 Hove
46,Statielei 16,2023-06-26,17:00:00,431,119,312,FMN GV 03 Hove
46,Statielei 16,2023-06-26,18:00:00,258,99,159,FMN GV 03 Hove
46,Statielei 16,2023-06-26,19:00:00,151,64,87,FMN GV 03 Hove
46,Statielei 16,2023-06-26,20:00:00,124,55,69,FMN GV 03 Hove
46,Statielei 16,2023-06-26,21:00:00,77,41,36,FMN GV 03 Hove
46,Statielei 16,2023-06-26,22:00:00,75,30,45,FMN GV 03 Hove
46,Statielei 16,2023-06-26,23:00:00,28,13,15,FMN GV 03 Hove
46,Statielei 16,2023-06-27,00:00:00,12,5,7,FMN GV 03 Hove
46,Statielei 16,2023-06-27,01:00:00,9,2,7,FMN GV 03 Hove
46,Statielei 16,2023-06-27,02:00:00,7,2,5,FMN GV 03 Hove
46,Statielei 16,2023-06-27,03:00:00,8,5,3,FMN GV 03 Hove
46,Statielei 16,2023-06-27,04:00:00,15,7,8,FMN GV 03 Hove
46,Statielei 16,2023-06-27,05:00:00,40,21,19,FMN GV 03 Hove
46,Statielei 16,2023-06-27,06:00:00,137,101,36,FMN GV 03 Hove
46,Statielei 16,2023-06-27,07:00:00,423,335,88,FMN GV 03 Hove
46,Statielei 16,2023-06-27,08:00:00,507,395,112,FMN GV 03 Hove
46,Statielei 16,2023-06-27,09:00:00,178,114,64,FMN GV 03 Hove
46,Statielei 16,2023-06-27,10:00:00,112,67,45,FMN GV 03 Hove
46,Statielei 16,2023-06-27,11:00:00,148,86,62,FMN GV 03 Hove
46,Statielei 16,2023-06-27,12:00:00,184,102,82,FMN GV 03 Hove
46,Statielei 16,2023-06-27,13:00:00,167,75,92,FMN GV 03 Hove
46,Statielei 16,2023-06-27,14:00:00,207,111,96,FMN GV 03 Hove
46,Statielei 16,2023-06-27,15:00:00,242,106,136,FMN GV 03 Hove
46,Statielei 16,2023-06-27,16:00:00,350,125,225,FMN GV 03 Hove
46,Statielei 16,2023-06-27,17:00:00,469,142,327,FMN GV 03 Hove
46,Statielei 16,2023-06-27,18:00:00,308,118,190,FMN GV 03 Hove
46,Statielei 16,2023-06-27,19:00:00,178,90,88,FMN GV 03 Hove
46,Statielei 16,2023-06-27,20:00:00,146,64,82,FMN GV 03 Hove
46,Statielei 16,2023-06-27,21:00:00,116,56,60,FMN GV 03 Hove
46,Statielei 16,2023-06-27,22:00:00,111,53,58,FMN GV 03 Hove
46,Statielei 16,2023-06-27,23:00:00,49,14,35,FMN GV 03 Hove
46,Statielei 16,2023-06-28,00:00:00,19,5,14,FMN GV 03 Hove
46,Statielei 16,2023-06-28,01:00:00,10,3,7,FMN GV 03 Hove
46,Statielei 16,2023-06-28,02:00:00,3,1,2,FMN GV 03 Hove
46,Statielei 16,2023-06-28,03:00:00,5,3,2,FMN GV 03 Hove
46,Statielei 16,2023-06-28,04:00:00,15,7,8,FMN GV 03 Hove
46,Statielei 16,2023-06-28,05:00:00,46,30,16,FMN GV 03 Hove
46,Statielei 16,2023-06-28,06:00:00,101,72,29,FMN GV 03 Hove
46,Statielei 16,2023-06-28,07:00:00,302,240,62,FMN GV 03 Hove
46,Statielei 16,2023-06-28,08:00:00,403,316,87,FMN GV 03 Hove
46,Statielei 16,2023-06-28,09:00:00,177,110,67,FMN GV 03 Hove
46,Statielei 16,2023-06-28,10:00:00,155,101,54,FMN GV 03 Hove
46,Statielei 16,2023-06-28,11:00:00,178,88,90,FMN GV 03 Hove
46,Statielei 16,2023-06-28,12:00:00,249,106,143,FMN GV 03 Hove
46,Statielei 16,2023-06-28,13:00:00,197,99,98,FMN GV 03 Hove
46,Statielei 16,2023-06-28,14:00:00,196,86,110,FMN GV 03 Hove
46,Statielei 16,2023-06-28,15:00:00,205,87,118,FMN GV 03 Hove
46,Statielei 16,2023-06-28,16:00:00,266,106,160,FMN GV 03 Hove
46,Statielei 16,2023-06-28,17:00:00,377,144,233,FMN GV 03 Hove
46,Statielei 16,2023-06-28,18:00:00,266,118,148,FMN GV 03 Hove
46,Statielei 16,2023-06-28,19:00:00,165,86,79,FMN GV 03 Hove
46,Statielei 16,2023-06-28,20:00:00,86,48,38,FMN GV 03 Hove
46,Statielei 16,2023-06-28,21:00:00,93,43,50,FMN GV 03 Hove
46,Statielei 16,2023-06-28,22:00:00,102,44,58,FMN GV 03 Hove
46,Statielei 16,2023-06-28,23:00:00,63,18,45,FMN GV 03 Hove
46,Statielei 16,2023-06-29,00:00:00,23,6,17,FMN GV 03 Hove
46,Statielei 16,2023-06-29,01:00:00,14,6,8,FMN GV 03 Hove
46,Statielei 16,2023-06-29,02:00:00,7,2,5,FMN GV 03 Hove
46,Statielei 16,2023-06-29,03:00:00,7,4,3,FMN GV 03 Hove
46,Statielei 16,2023-06-29,04:00:00,20,8,12,FMN GV 03 Hove
46,Statielei 16,2023-06-29,05:00:00,43,30,13,FMN GV 03 Hove
46,Statielei 16,2023-06-29,06:00:00,95,62,33,FMN GV 03 Hove
46,Statielei 16,2023-06-29,07:00:00,282,214,68,FMN GV 03 Hove
46,Statielei 16,2023-06-29,08:00:00,464,366,98,FMN GV 03 Hove
46,Statielei 16,2023-06-29,09:00:00,162,106,56,FMN GV 03 Hove
46,Statielei 16,2023-06-29,10:00:00,122,64,58,FMN GV 03 Hove
46,Statielei 16,2023-06-29,11:00:00,129,74,55,FMN GV 03 Hove
46,Statielei 16,2023-06-29,12:00:00,156,80,76,FMN GV 03 Hove
46,Statielei 16,2023-06-29,13:00:00,116,63,53,FMN GV 03 Hove
46,Statielei 16,2023-06-29,14:00:00,140,57,83,FMN GV 03 Hove
46,Statielei 16,2023-06-29,15:00:00,166,62,104,FMN GV 03 Hove
46,Statielei 16,2023-06-29,16:00:00,274,88,186,FMN GV 03 Hove
46,Statielei 16,2023-06-29,17:00:00,323,109,214,FMN GV 03 Hove
46,Statielei 16,2023-06-29,18:00:00,243,107,136,FMN GV 03 Hove
46,Statielei 16,2023-06-29,19:00:00,158,81,77,FMN GV 03 Hove
46,Statielei 16,2023-06-29,20:00:00,104,61,43,FMN GV 03 Hove
46,Statielei 16,2023-06-29,21:00:00,81,35,46,FMN GV 03 Hove
46,Statielei 16,2023-06-29,22:00:00,79,34,45,FMN GV 03 Hove
46,Statielei 16,2023-06-29,23:00:00,49,12,37,FMN GV 03 Hove
46,Statielei 16,2023-06-30,00:00:00,40,7,33,FMN GV 03 Hove
46,Statielei 16,2023-06-30,01:00:00,13,6,7,FMN GV 03 Hove
46,Statielei 16,2023-06-30,02:00:00,8,2,6,FMN GV 03 Hove
46,Statielei 16,2023-06-30,03:00:00,7,3,4,FMN GV 03 Hove
46,Statielei 16,2023-06-30,04:00:00,16,10,6,FMN GV 03 Hove
46,Statielei 16,2023-06-30,05:00:00,29,22,7,FMN GV 03 Hove
46,Statielei 16,2023-06-30,06:00:00,87,58,29,FMN GV 03 Hove
46,Statielei 16,2023-06-30,07:00:00,266,202,64,FMN GV 03 Hove
46,Statielei 16,2023-06-30,08:00:00,314,238,76,FMN GV 03 Hove
46,Statielei 16,2023-06-30,09:00:00,168,121,47,FMN GV 03 Hove
46,Statielei 16,2023-06-30,10:00:00,144,85,59,FMN GV 03 Hove
46,Statielei 16,2023-06-30,11:00:00,161,85,76,FMN GV 03 Hove
46,Statielei 16,2023-06-30,12:00:00,198,106,92,FMN GV 03 Hove
46,Statielei 16,2023-06-30,13:00:00,159,66,93,FMN GV 03 Hove
46,Statielei 16,2023-06-30,14:00:00,204,93,111,FMN GV 03 Hove
46,Statielei 16,2023-06-30,15:00:00,213,102,111,FMN GV 03 Hove
46,Statielei 16,2023-06-30,16:00:00,277,109,168,FMN GV 03 Hove
46,Statielei 16,2023-06-30,17:00:00,296,113,183,FMN GV 03 Hove
46,Statielei 16,2023-06-30,18:00:00,221,100,121,FMN GV 03 Hove
46,Statielei 16,2023-06-30,19:00:00,141,63,78,FMN GV 03 Hove
46,Statielei 16,2023-06-30,20:00:00,97,45,52,FMN GV 03 Hove
46,Statielei 16,2023-06-30,21:00:00,123,56,67,FMN GV 03 Hove
46,Statielei 16,2023-06-30,22:00:00,88,39,49,FMN GV 03 Hove
46,Statielei 16,2023-06-30,23:00:00,51,16,35,FMN GV 03 Hove
46,Statielei 16,2023-07-01,00:00:00,41,20,21,FMN GV 03 Hove
46,Statielei 16,2023-07-01,01:00:00,34,13,21,FMN GV 03 Hove
46,Statielei 16,2023-07-01,02:00:00,28,17,11,FMN GV 03 Hove
46,Statielei 16,2023-07-01,03:00:00,10,10,0,FMN GV 03 Hove
46,Statielei 16,2023-07-01,04:00:00,6,3,3,FMN GV 03 Hove
46,Statielei 16,2023-07-01,05:00:00,14,8,6,FMN GV 03 Hove
46,Statielei 16,2023-07-01,06:00:00,11,3,8,FMN GV 03 Hove
46,Statielei 16,2023-07-01,07:00:00,15,6,9,FMN GV 03 Hove
46,Statielei 16,2023-07-01,08:00:00,33,17,16,FMN GV 03 Hove
46,Statielei 16,2023-07-01,09:00:00,31,14,17,FMN GV 03 Hove
46,Statielei 16,2023-07-01,10:00:00,51,29,22,FMN GV 03 Hove
46,Statielei 16,2023-07-01,11:00:00,85,39,46,FMN GV 03 Hove
46,Statielei 16,2023-07-01,12:00:00,72,44,28,FMN GV 03 Hove
46,Statielei 16,2023-07-01,13:00:00,80,49,31,FMN GV 03 Hove
46,Statielei 16,2023-07-01,14:00:00,57,34,23,FMN GV 03 Hove
46,Statielei 16,2023-07-01,15:00:00,66,39,27,FMN GV 03 Hove
46,Statielei 16,2023-07-01,16:00:00,76,37,39,FMN GV 03 Hove
46,Statielei 16,2023-07-01,17:00:00,69,43,26,FMN GV 03 Hove
46,Statielei 16,2023-07-01,18:00:00,67,36,31,FMN GV 03 Hove
46,Statielei 16,2023-07-01,19:00:00,52,27,25,FMN GV 03 Hove
46,Statielei 16,2023-07-01,20:00:00,46,23,23,FMN GV 03 Hove
46,Statielei 16,2023-07-01,21:00:00,35,16,19,FMN GV 03 Hove
46,Statielei 16,2023-07-01,22:00:00,45,20,25,FMN GV 03 Hove
46,Statielei 16,2023-07-01,23:00:00,26,12,14,FMN GV 03 Hove
46,Statielei 16,2023-07-02,00:00:00,28,14,14,FMN GV 03 Hove
46,Statielei 16,2023-07-02,01:00:00,15,9,6,FMN GV 03 Hove
46,Statielei 16,2023-07-02,02:00:00,4,3,1,FMN GV 03 Hove
46,Statielei 16,2023-07-02,03:00:00,11,6,5,FMN GV 03 Hove
46,Statielei 16,2023-07-02,04:00:00,6,1,5,FMN GV 03 Hove
46,Statielei 16,2023-07-02,05:00:00,9,6,3,FMN GV 03 Hove
46,Statielei 16,2023-07-02,06:00:00,14,7,7,FMN GV 03 Hove
46,Statielei 16,2023-07-02,07:00:00,23,3,20,FMN GV 03 Hove
46,Statielei 16,2023-07-02,08:00:00,56,24,32,FMN GV 03 Hove
46,Statielei 16,2023-07-02,09:00:00,120,50,70,FMN GV 03 Hove
46,Statielei 16,2023-07-02,10:00:00,153,69,84,FMN GV 03 Hove
46,Statielei 16,2023-07-02,11:00:00,179,108,71,FMN GV 03 Hove
46,Statielei 16,2023-07-02,12:00:00,152,99,53,FMN GV 03 Hove
46,Statielei 16,2023-07-02,13:00:00,169,86,83,FMN GV 03 Hove
46,Statielei 16,2023-07-02,14:00:00,249,103,146,FMN GV 03 Hove
46,Statielei 16,2023-07-02,15:00:00,265,184,81,FMN GV 03 Hove
46,Statielei 16,2023-07-02,16:00:00,137,71,66,FMN GV 03 Hove
46,Statielei 16,2023-07-02,17:00:00,146,71,75,FMN GV 03 Hove
46,Statielei 16,2023-07-02,18:00:00,114,68,46,FMN GV 03 Hove
46,Statielei 16,2023-07-02,19:00:00,90,60,30,FMN GV 03 Hove
46,Statielei 16,2023-07-02,20:00:00,87,49,38,FMN GV 03 Hove
46,Statielei 16,2023-07-02,21:00:00,52,34,18,FMN GV 03 Hove
46,Statielei 16,2023-07-02,22:00:00,40,18,22,FMN GV 03 Hove
46,Statielei 16,2023-07-02,23:00:00,19,10,9,FMN GV 03 Hove
46,Statielei 16,2023-07-03,00:00:00,17,10,7,FMN GV 03 Hove
46,Statielei 16,2023-07-03,01:00:00,4,2,2,FMN GV 03 Hove
46,Statielei 16,2023-07-03,02:00:00,3,1,2,FMN GV 03 Hove
46,Statielei 16,2023-07-03,03:00:00,2,0,2,FMN GV 03 Hove
46,Statielei 16,2023-07-03,04:00:00,13,7,6,FMN GV 03 Hove
46,Statielei 16,2023-07-03,05:00:00,22,14,8,FMN GV 03 Hove
46,Statielei 16,2023-07-03,06:00:00,101,67,34,FMN GV 03 Hove
46,Statielei 16,2023-07-03,07:00:00,247,178,69,FMN GV 03 Hove
46,Statielei 16,2023-07-03,08:00:00,328,247,81,FMN GV 03 Hove
46,Statielei 16,2023-07-03,09:00:00,180,96,84,FMN GV 03 Hove
46,Statielei 16,2023-07-03,10:00:00,82,57,25,FMN GV 03 Hove
46,Statielei 16,2023-07-03,11:00:00,95,49,46,FMN GV 03 Hove
46,Statielei 16,2023-07-03,12:00:00,132,75,57,FMN GV 03 Hove
46,Statielei 16,2023-07-03,13:00:00,111,78,33,FMN GV 03 Hove
46,Statielei 16,2023-07-03,14:00:00,119,56,63,FMN GV 03 Hove
46,Statielei 16,2023-07-03,15:00:00,153,73,80,FMN GV 03 Hove
46,Statielei 16,2023-07-03,16:00:00,290,103,187,FMN GV 03 Hove
46,Statielei 16,2023-07-03,17:00:00,362,115,247,FMN GV 03 Hove
46,Statielei 16,2023-07-03,18:00:00,199,78,121,FMN GV 03 Hove
46,Statielei 16,2023-07-03,19:00:00,115,48,67,FMN GV 03 Hove
46,Statielei 16,2023-07-03,20:00:00,99,45,54,FMN GV 03 Hove
46,Statielei 16,2023-07-03,21:00:00,63,35,28,FMN GV 03 Hove
46,Statielei 16,2023-07-03,22:00:00,48,21,27,FMN GV 03 Hove
46,Statielei 16,2023-07-03,23:00:00,24,9,15,FMN GV 03 Hove
46,Statielei 16,2023-07-04,00:00:00,10,2,8,FMN GV 03 Hove
46,Statielei 16,2023-07-04,01:00:00,3,1,2,FMN GV 03 Hove
46,Statielei 16,2023-07-04,02:00:00,0,0,0,FMN GV 03 Hove
46,Statielei 16,2023-07-04,03:00:00,3,1,2,FMN GV 03 Hove
46,Statielei 16,2023-07-04,04:00:00,17,9,8,FMN GV 03 Hove
46,Statielei 16,2023-07-04,05:00:00,29,17,12,FMN GV 03 Hove
46,Statielei 16,2023-07-04,06:00:00,112,77,35,FMN GV 03 Hove
46,Statielei 16,2023-07-04,07:00:00,267,200,67,FMN GV 03 Hove
46,Statielei 16,2023-07-04,08:00:00,354,277,77,FMN GV 03 Hove
46,Statielei 16,2023-07-04,09:00:00,143,98,45,FMN GV 03 Hove
46,Statielei 16,2023-07-04,10:00:00,135,84,51,FMN GV 03 Hove
46,Statielei 16,2023-07-04,11:00:00,121,67,54,FMN GV 03 Hove
46,Statielei 16,2023-07-04,12:00:00,131,65,66,FMN GV 03 Hove
46,Statielei 16,2023-07-04,13:00:00,132,77,55,FMN GV 03 Hove
46,Statielei 16,2023-07-04,14:00:00,136,71,65,FMN GV 03 Hove
46,Statielei 16,2023-07-04,15:00:00,157,70,87,FMN GV 03 Hove
46,Statielei 16,2023-07-04,16:00:00,294,98,196,FMN GV 03 Hove
46,Statielei 16,2023-07-04,17:00:00,364,107,257,FMN GV 03 Hove
46,Statielei 16,2023-07-04,18:00:00,220,84,136,FMN GV 03 Hove
46,Statielei 16,2023-07-04,19:00:00,78,43,35,FMN GV 03 Hove
46,Statielei 16,2023-07-04,20:00:00,64,34,30,FMN GV 03 Hove
46,Statielei 16,2023-07-04,21:00:00,37,24,13,FMN GV 03 Hove
46,Statielei 16,2023-07-04,22:00:00,40,15,25,FMN GV 03 Hove
46,Statielei 16,2023-07-04,23:00:00,25,8,17,FMN GV 03 Hove
46,Statielei 16,2023-07-05,00:00:00,12,2,10,FMN GV 03 Hove
46,Statielei 16,2023-07-05,01:00:00,7,3,4,FMN GV 03 Hove
46,Statielei 16,2023-07-05,02:00:00,2,1,1,FMN GV 03 Hove
46,Statielei 16,2023-07-05,03:00:00,1,0,1,FMN GV 03 Hove
46,Statielei 16,2023-07-05,04:00:00,10,6,4,FMN GV 03 Hove
46,Statielei 16,2023-07-05,05:00:00,21,13,8,FMN GV 03 Hove
46,Statielei 16,2023-07-05,06:00:00,63,44,19,FMN GV 03 Hove
46,Statielei 16,2023-07-05,07:00:00,172,121,51,FMN GV 03 Hove
46,Statielei 16,2023-07-05,08:00:00,202,156,46,FMN GV 03 Hove
46,Statielei 16,2023-07-05,09:00:00,115,77,38,FMN GV 03 Hove
46,Statielei 16,2023-07-05,10:00:00,72,48,24,FMN GV 03 Hove
46,Statielei 16,2023-07-05,11:00:00,101,52,49,FMN GV 03 Hove
46,Statielei 16,2023-07-05,12:00:00,89,40,49,FMN GV 03 Hove
46,Statielei 16,2023-07-05,13:00:00,107,37,70,FMN GV 03 Hove
46,Statielei 16,2023-07-05,14:00:00,94,32,62,FMN GV 03 Hove
46,Statielei 16,2023-07-05,15:00:00,109,45,64,FMN GV 03 Hove
46,Statielei 16,2023-07-05,16:00:00,192,74,118,FMN GV 03 Hove
46,Statielei 16,2023-07-05,17:00:00,210,82,128,FMN GV 03 Hove
46,Statielei 16,2023-07-05,18:00:00,109,43,66,FMN GV 03 Hove
46,Statielei 16,2023-07-05,19:00:00,77,34,43,FMN GV 03 Hove
46,Statielei 16,2023-07-05,20:00:00,49,27,22,FMN GV 03 Hove
46,Statielei 16,2023-07-05,21:00:00,55,28,27,FMN GV 03 Hove
46,Statielei 16,2023-07-05,22:00:00,31,12,19,FMN GV 03 Hove
46,Statielei 16,2023-07-05,23:00:00,25,15,10,FMN GV 03 Hove
46,Statielei 16,2023-07-06,00:00:00,10,4,6,FMN GV 03 Hove
46,Statielei 16,2023-07-06,01:00:00,9,3,6,FMN GV 03 Hove
46,Statielei 16,2023-07-06,02:00:00,1,0,1,FMN GV 03 Hove
46,Statielei 16,2023-07-06,03:00:00,2,2,0,FMN GV 03 Hove
46,Statielei 16,2023-07-06,04:00:00,14,8,6,FMN GV 03 Hove
46,Statielei 16,2023-07-06,05:00:00,26,15,11,FMN GV 03 Hove
46,Statielei 16,2023-07-06,06:00:00,98,66,32,FMN GV 03 Hove
46,Statielei 16,2023-07-06,07:00:00,248,173,75,FMN GV 03 Hove
46,Statielei 16,2023-07-06,08:00:00,331,233,98,FMN GV 03 Hove
46,Statielei 16,2023-07-06,09:00:00,142,97,45,FMN GV 03 Hove
46,Statielei 16,2023-07-06,10:00:00,94,62,32,FMN GV 03 Hove
46,Statielei 16,2023-07-06,11:00:00,118,63,55,FMN GV 03 Hove
46,Statielei 16,2023-07-06,12:00:00,135,78,57,FMN GV 03 Hove
46,Statielei 16,2023-07-06,13:00:00,172,104,68,FMN GV 03 Hove
46,Statielei 16,2023-07-06,14:00:00,134,82,52,FMN GV 03 Hove
46,Statielei 16,2023-07-06,15:00:00,177,72,105,FMN GV 03 Hove
46,Statielei 16,2023-07-06,16:00:00,272,98,174,FMN GV 03 Hove
46,Statielei 16,2023-07-06,17:00:00,340,138,202,FMN GV 03 Hove
46,Statielei 16,2023-07-06,18:00:00,303,121,182,FMN GV 03 Hove
46,Statielei 16,2023-07-06,19:00:00,158,72,86,FMN GV 03 Hove
46,Statielei 16,2023-07-06,20:00:00,111,65,46,FMN GV 03 Hove
46,Statielei 16,2023-07-06,21:00:00,91,51,40,FMN GV 03 Hove
46,Statielei 16,2023-07-06,22:00:00,74,35,39,FMN GV 03 Hove
46,Statielei 16,2023-07-06,23:00:00,60,25,35,FMN GV 03 Hove
46,Statielei 16,2023-07-07,00:00:00,26,7,19,FMN GV 03 Hove
46,Statielei 16,2023-07-07,01:00:00,12,3,9,FMN GV 03 Hove
46,Statielei 16,2023-07-07,02:00:00,0,0,0,FMN GV 03 Hove
46,Statielei 16,2023-07-07,03:00:00,0,0,0,FMN GV 03 Hove
46,Statielei 16,2023-07-07,04:00:00,15,10,5,FMN GV 03 Hove
46,Statielei 16,2023-07-07,05:00:00,32,21,11,FMN GV 03 Hove
46,Statielei 16,2023-07-07,06:00:00,99,67,32,FMN GV 03 Hove
46,Statielei 16,2023-07-07,07:00:00,213,153,60,FMN GV 03 Hove
46,Statielei 16,2023-07-07,08:00:00,234,166,68,FMN GV 03 Hove
46,Statielei 16,2023-07-07,09:00:00,128,84,44,FMN GV 03 Hove
46,Statielei 16,2023-07-07,10:00:00,133,68,65,FMN GV 03 Hove
46,Statielei 16,2023-07-07,11:00:00,147,84,63,FMN GV 03 Hove
46,Statielei 16,2023-07-07,12:00:00,139,68,71,FMN GV 03 Hove
46,Statielei 16,2023-07-07,13:00:00,188,93,95,FMN GV 03 Hove
46,Statielei 16,2023-07-07,14:00:00,187,78,109,FMN GV 03 Hove
46,Statielei 16,2023-07-07,15:00:00,228,110,118,FMN GV 03 Hove
46,Statielei 16,2023-07-07,16:00:00,272,105,167,FMN GV 03 Hove
46,Statielei 16,2023-07-07,17:00:00,269,105,164,FMN GV 03 Hove
46,Statielei 16,2023-07-07,18:00:00,219,105,114,FMN GV 03 Hove
46,Statielei 16,2023-07-07,19:00:00,129,62,67,FMN GV 03 Hove
46,Statielei 16,2023-07-07,20:00:00,108,56,52,FMN GV 03 Hove
46,Statielei 16,2023-07-07,21:00:00,64,37,27,FMN GV 03 Hove
46,Statielei 16,2023-07-07,22:00:00,82,46,36,FMN GV 03 Hove
46,Statielei 16,2023-07-07,23:00:00,56,20,36,FMN GV 03 Hove
46,Statielei 16,2023-07-08,00:00:00,50,17,33,FMN GV 03 Hove
46,Statielei 16,2023-07-08,01:00:00,22,6,16,FMN GV 03 Hove
46,Statielei 16,2023-07-08,02:00:00,11,8,3,FMN GV 03 Hove
46,Statielei 16,2023-07-08,03:00:00,11,5,6,FMN GV 03 Hove
46,Statielei 16,2023-07-08,04:00:00,13,4,9,FMN GV 03 Hove
46,Statielei 16,2023-07-08,05:00:00,16,10,6,FMN GV 03 Hove
46,Statielei 16,2023-07-08,06:00:00,24,14,10,FMN GV 03 Hove
46,Statielei 16,2023-07-08,07:00:00,28,11,17,FMN GV 03 Hove
46,Statielei 16,2023-07-08,08:00:00,69,29,40,FMN GV 03 Hove
46,Statielei 16,2023-07-08,09:00:00,152,79,73,FMN GV 03 Hove
46,Statielei 16,2023-07-08,10:00:00,173,96,77,FMN GV 03 Hove
46,Statielei 16,2023-07-08,11:00:00,194,108,86,FMN GV 03 Hove
46,Statielei 16,2023-07-08,12:00:00,166,101,65,FMN GV 03 Hove
46,Statielei 16,2023-07-08,13:00:00,169,90,79,FMN GV 03 Hove
46,Statielei 16,2023-07-08,14:00:00,157,82,75,FMN GV 03 Hove
46,Statielei 16,2023-07-08,15:00:00,174,98,76,FMN GV 03 Hove
46,Statielei 16,2023-07-08,16:00:00,106,51,55,FMN GV 03 Hove
46,Statielei 16,2023-07-08,17:00:00,98,59,39,FMN GV 03 Hove
46,Statielei 16,2023-07-08,18:00:00,97,69,28,FMN GV 03 Hove
46,Statielei 16,2023-07-08,19:00:00,85,45,40,FMN GV 03 Hove
46,Statielei 16,2023-07-08,20:00:00,71,34,37,FMN GV 03 Hove
46,Statielei 16,2023-07-08,21:00:00,63,32,31,FMN GV 03 Hove
46,Statielei 16,2023-07-08,22:00:00,58,35,23,FMN GV 03 Hove
46,Statielei 16,2023-07-08,23:00:00,39,21,18,FMN GV 03 Hove
46,Statielei 16,2023-07-09,00:00:00,24,12,12,FMN GV 03 Hove
46,Statielei 16,2023-07-09,01:00:00,22,8,14,FMN GV 03 Hove
46,Statielei 16,2023-07-09,02:00:00,7,2,5,FMN GV 03 Hove
46,Statielei 16,2023-07-09,03:00:00,6,2,4,FMN GV 03 Hove
46,Statielei 16,2023-07-09,04:00:00,9,6,3,FMN GV 03 Hove
46,Statielei 16,2023-07-09,05:00:00,11,9,2,FMN GV 03 Hove
46,Statielei 16,2023-07-09,06:00:00,16,13,3,FMN GV 03 Hove
46,Statielei 16,2023-07-09,07:00:00,27,8,19,FMN GV 03 Hove
46,Statielei 16,2023-07-09,08:00:00,49,21,28,FMN GV 03 Hove
46,Statielei 16,2023-07-09,09:00:00,134,51,83,FMN GV 03 Hove
46,Statielei 16,2023-07-09,10:00:00,165,78,87,FMN GV 03 Hove
46,Statielei 16,2023-07-09,11:00:00,204,134,70,FMN GV 03 Hove
46,Statielei 16,2023-07-09,12:00:00,152,95,57,FMN GV 03 Hove
46,Statielei 16,2023-07-09,13:00:00,135,70,65,FMN GV 03 Hove
46,Statielei 16,2023-07-09,14:00:00,107,64,43,FMN GV 03 Hove
46,Statielei 16,2023-07-09,15:00:00,32,19,13,FMN GV 03 Hove
46,Statielei 16,2023-07-09,16:00:00,46,27,19,FMN GV 03 Hove
46,Statielei 16,2023-07-09,17:00:00,55,21,34,FMN GV 03 Hove
46,Statielei 16,2023-07-09,18:00:00,46,31,15,FMN GV 03 Hove
46,Statielei 16,2023-07-09,19:00:00,62,28,34,FMN GV 03 Hove
46,Statielei 16,2023-07-09,20:00:00,62,36,26,FMN GV 03 Hove
46,Statielei 16,2023-07-09,21:00:00,52,35,17,FMN GV 03 Hove
46,Statielei 16,2023-07-09,22:00:00,39,20,19,FMN GV 03 Hove
46,Statielei 16,2023-07-09,23:00:00,15,6,9,FMN GV 03 Hove
46,Statielei 16,2023-07-10,00:00:00,2,0,2,FMN GV 03 Hove
46,Statielei 16,2023-07-10,01:00:00,3,1,2,FMN GV 03 Hove
46,Statielei 16,2023-07-10,02:00:00,0,0,0,FMN GV 03 Hove
46,Statielei 16,2023-07-10,03:00:00,2,0,2,FMN GV 03 Hove
46,Statielei 16,2023-07-10,04:00:00,11,7,4,FMN GV 03 Hove
46,Statielei 16,2023-07-10,05:00:00,26,14,12,FMN GV 03 Hove
46,Statielei 16,2023-07-10,06:00:00,92,67,25,FMN GV 03 Hove
46,Statielei 16,2023-07-10,07:00:00,197,142,55,FMN GV 03 Hove
46,Statielei 16,2023-07-10,08:00:00,234,156,78,FMN GV 03 Hove
46,Statielei 16,2023-07-10,09:00:00,140,97,43,FMN GV 03 Hove
46,Statielei 16,2023-07-10,10:00:00,116,59,57,FMN GV 03 Hove
46,Statielei 16,2023-07-10,11:00:00,113,68,45,FMN GV 03 Hove
46,Statielei 16,2023-07-10,12:00:00,121,50,71,FMN GV 03 Hove
46,Statielei 16,2023-07-10,13:00:00,127,69,58,FMN GV 03 Hove
46,Statielei 16,2023-07-10,14:00:00,159,79,80,FMN GV 03 Hove
46,Statielei 16,2023-07-10,15:00:00,180,89,91,FMN GV 03 Hove
46,Statielei 16,2023-07-10,16:00:00,260,102,158,FMN GV 03 Hove
46,Statielei 16,2023-07-10,17:00:00,290,111,179,FMN GV 03 Hove
46,Statielei 16,2023-07-10,18:00:00,210,85,125,FMN GV 03 Hove
46,Statielei 16,2023-07-10,19:00:00,131,79,52,FMN GV 03 Hove
46,Statielei 16,2023-07-10,20:00:00,109,49,60,FMN GV 03 Hove
46,Statielei 16,2023-07-10,21:00:00,80,37,43,FMN GV 03 Hove
46,Statielei 16,2023-07-10,22:00:00,64,34,30,FMN GV 03 Hove
46,Statielei 16,2023-07-10,23:00:00,31,11,20,FMN GV 03 Hove
46,Statielei 16,2023-07-11,00:00:00,22,4,18,FMN GV 03 Hove
46,Statielei 16,2023-07-11,01:00:00,7,2,5,FMN GV 03 Hove
46,Statielei 16,2023-07-11,02:00:00,2,1,1,FMN GV 03 Hove
46,Statielei 16,2023-07-11,03:00:00,3,2,1,FMN GV 03 Hove
46,Statielei 16,2023-07-11,04:00:00,20,11,9,FMN GV 03 Hove
46,Statielei 16,2023-07-11,05:00:00,34,19,15,FMN GV 03 Hove
46,Statielei 16,2023-07-11,06:00:00,103,72,31,FMN GV 03 Hove
46,Statielei 16,2023-07-11,07:00:00,226,167,59,FMN GV 03 Hove
46,Statielei 16,2023-07-11,08:00:00,270,183,87,FMN GV 03 Hove
46,Statielei 16,2023-07-11,09:00:00,143,75,68,FMN GV 03 Hove
46,Statielei 16,2023-07-11,10:00:00,126,72,54,FMN GV 03 Hove
46,Statielei 16,2023-07-11,11:00:00,139,76,63,FMN GV 03 Hove
46,Statielei 16,2023-07-11,12:00:00,124,67,57,FMN GV 03 Hove
46,Statielei 16,2023-07-11,13:00:00,152,82,70,FMN GV 03 Hove
46,Statielei 16,2023-07-11,14:00:00,142,74,68,FMN GV 03 Hove
46,Statielei 16,2023-07-11,15:00:00,156,79,77,FMN GV 03 Hove
46,Statielei 16,2023-07-11,16:00:00,245,108,137,FMN GV 03 Hove
46,Statielei 16,2023-07-11,17:00:00,299,96,203,FMN GV 03 Hove
46,Statielei 16,2023-07-11,18:00:00,252,106,146,FMN GV 03 Hove
46,Statielei 16,2023-07-11,19:00:00,148,72,76,FMN GV 03 Hove
46,Statielei 16,2023-07-11,20:00:00,101,47,54,FMN GV 03 Hove
46,Statielei 16,2023-07-11,21:00:00,83,50,33,FMN GV 03 Hove
46,Statielei 16,2023-07-11,22:00:00,65,28,37,FMN GV 03 Hove
46,Statielei 16,2023-07-11,23:00:00,42,16,26,FMN GV 03 Hove
46,Statielei 16,2023-07-12,00:00:00,16,4,12,FMN GV 03 Hove
46,Statielei 16,2023-07-12,01:00:00,9,3,6,FMN GV 03 Hove
46,Statielei 16,2023-07-12,02:00:00,3,2,1,FMN GV 03 Hove
46,Statielei 16,2023-07-12,03:00:00,1,1,0,FMN GV 03 Hove
46,Statielei 16,2023-07-12,04:00:00,12,4,8,FMN GV 03 Hove
46,Statielei 16,2023-07-12,05:00:00,32,20,12,FMN GV 03 Hove
46,Statielei 16,2023-07-12,06:00:00,99,69,30,FMN GV 03 Hove
46,Statielei 16,2023-07-12,07:00:00,212,155,57,FMN GV 03 Hove
46,Statielei 16,2023-07-12,08:00:00,275,199,76,FMN GV 03 Hove
46,Statielei 16,2023-07-12,09:00:00,160,115,45,FMN GV 03 Hove
46,Statielei 16,2023-07-12,10:00:00,142,89,53,FMN GV 03 Hove
46,Statielei 16,2023-07-12,11:00:00,157,87,70,FMN GV 03 Hove
46,Statielei 16,2023-07-12,12:00:00,149,52,97,FMN GV 03 Hove
46,Statielei 16,2023-07-12,13:00:00,131,76,55,FMN GV 03 Hove
46,Statielei 16,2023-07-12,14:00:00,173,89,84,FMN GV 03 Hove
46,Statielei 16,2023-07-12,15:00:00,156,89,67,FMN GV 03 Hove
46,Statielei 16,2023-07-12,16:00:00,222,78,144,FMN GV 03 Hove
46,Statielei 16,2023-07-12,17:00:00,308,108,200,FMN GV 03 Hove
46,Statielei 16,2023-07-12,18:00:00,188,70,118,FMN GV 03 Hove
46,Statielei 16,2023-07-12,19:00:00,128,60,68,FMN GV 03 Hove
46,Statielei 16,2023-07-12,20:00:00,109,52,57,FMN GV 03 Hove
46,Statielei 16,2023-07-12,21:00:00,70,40,30,FMN GV 03 Hove
46,Statielei 16,2023-07-12,22:00:00,52,24,28,FMN GV 03 Hove
46,Statielei 16,2023-07-12,23:00:00,33,13,20,FMN GV 03 Hove
46,Statielei 16,2023-07-13,00:00:00,23,10,13,FMN GV 03 Hove
46,Statielei 16,2023-07-13,01:00:00,5,2,3,FMN GV 03 Hove
46,Statielei 16,2023-07-13,02:00:00,0,0,0,FMN GV 03 Hove
46,Statielei 16,2023-07-13,03:00:00,4,1,3,FMN GV 03 Hove
46,Statielei 16,2023-07-13,04:00:00,9,6,3,FMN GV 03 Hove
46,Statielei 16,2023-07-13,05:00:00,34,16,18,FMN GV 03 Hove
46,Statielei 16,2023-07-13,06:00:00,92,65,27,FMN GV 03 Hove
46,Statielei 16,2023-07-13,07:00:00,226,155,71,FMN GV 03 Hove
46,Statielei 16,2023-07-13,08:00:00,275,203,72,FMN GV 03 Hove
46,Statielei 16,2023-07-13,09:00:00,127,84,43,FMN GV 03 Hove
46,Statielei 16,2023-07-13,10:00:00,101,60,41,FMN GV 03 Hove
46,Statielei 16,2023-07-13,11:00:00,85,50,35,FMN GV 03 Hove
46,Statielei 16,2023-07-13,12:00:00,91,52,39,FMN GV 03 Hove
46,Statielei 16,2023-07-13,13:00:00,134,78,56,FMN GV 03 Hove
46,Statielei 16,2023-07-13,14:00:00,97,50,47,FMN GV 03 Hove
46,Statielei 16,2023-07-13,15:00:00,164,67,97,FMN GV 03 Hove
46,Statielei 16,2023-07-13,16:00:00,204,72,132,FMN GV 03 Hove
46,Statielei 16,2023-07-13,17:00:00,264,95,169,FMN GV 03 Hove
46,Statielei 16,2023-07-13,18:00:00,197,62,135,FMN GV 03 Hove
46,Statielei 16,2023-07-13,19:00:00,149,74,75,FMN GV 03 Hove
46,Statielei 16,2023-07-13,20:00:00,76,45,31,FMN GV 03 Hove
46,Statielei 16,2023-07-13,21:00:00,61,32,29,FMN GV 03 Hove
46,Statielei 16,2023-07-13,22:00:00,50,27,23,FMN GV 03 Hove
46,Statielei 16,2023-07-13,23:00:00,33,10,23,FMN GV 03 Hove
46,Statielei 16,2023-07-14,00:00:00,21,8,13,FMN GV 03 Hove
46,Statielei 16,2023-07-14,01:00:00,4,0,4,FMN GV 03 Hove
46,Statielei 16,2023-07-14,02:00:00,3,0,3,FMN GV 03 Hove
46,Statielei 16,2023-07-14,03:00:00,0,0,0,FMN GV 03 Hove
46,Statielei 16,2023-07-14,04:00:00,11,8,3,FMN GV 03 Hove
46,Statielei 16,2023-07-14,05:00:00,33,15,18,FMN GV 03 Hove
46,Statielei 16,2023-07-14,06:00:00,78,56,22,FMN GV 03 Hove
46,Statielei 16,2023-07-14,07:00:00,189,136,53,FMN GV 03 Hove
46,Statielei 16,2023-07-14,08:00:00,201,140,61,FMN GV 03 Hove
46,Statielei 16,2023-07-14,09:00:00,106,71,35,FMN GV 03 Hove
46,Statielei 16,2023-07-14,10:00:00,127,65,62,FMN GV 03 Hove
46,Statielei 16,2023-07-14,11:00:00,122,76,46,FMN GV 03 Hove
46,Statielei 16,2023-07-14,12:00:00,159,91,68,FMN GV 03 Hove
46,Statielei 16,2023-07-14,13:00:00,156,77,79,FMN GV 03 Hove
46,Statielei 16,2023-07-14,14:00:00,167,84,83,FMN GV 03 Hove
46,Statielei 16,2023-07-14,15:00:00,192,97,95,FMN GV 03 Hove
46,Statielei 16,2023-07-14,16:00:00,204,78,126,FMN GV 03 Hove
46,Statielei 16,2023-07-14,17:00:00,253,105,148,FMN GV 03 Hove
46,Statielei 16,2023-07-14,18:00:00,188,100,88,FMN GV 03 Hove
46,Statielei 16,2023-07-14,19:00:00,137,93,44,FMN GV 03 Hove
46,Statielei 16,2023-07-14,20:00:00,98,53,45,FMN GV 03 Hove
46,Statielei 16,2023-07-14,21:00:00,79,42,37,FMN GV 03 Hove
46,Statielei 16,2023-07-14,22:00:00,62,29,33,FMN GV 03 Hove
46,Statielei 16,2023-07-14,23:00:00,47,18,29,FMN GV 03 Hove
46,Statielei 16,2023-07-15,00:00:00,31,13,18,FMN GV 03 Hove
46,Statielei 16,2023-07-15,01:00:00,25,8,17,FMN GV 03 Hove
46,Statielei 16,2023-07-15,02:00:00,9,2,7,FMN GV 03 Hove
46,Statielei 16,2023-07-15,03:00:00,12,4,8,FMN GV 03 Hove
46,Statielei 16,2023-07-15,04:00:00,13,3,10,FMN GV 03 Hove
46,Statielei 16,2023-07-15,05:00:00,14,8,6,FMN GV 03 Hove
46,Statielei 16,2023-07-15,06:00:00,23,10,13,FMN GV 03 Hove
46,Statielei 16,2023-07-15,07:00:00,38,9,29,FMN GV 03 Hove
46,Statielei 16,2023-07-15,08:00:00,46,25,21,FMN GV 03 Hove
46,Statielei 16,2023-07-15,09:00:00,96,45,51,FMN GV 03 Hove
46,Statielei 16,2023-07-15,10:00:00,124,61,63,FMN GV 03 Hove
46,Statielei 16,2023-07-15,11:00:00,135,81,54,FMN GV 03 Hove
46,Statielei 16,2023-07-15,12:00:00,165,83,82,FMN GV 03 Hove
46,Statielei 16,2023-07-15,13:00:00,124,75,49,FMN GV 03 Hove
46,Statielei 16,2023-07-15,14:00:00,176,101,75,FMN GV 03 Hove
46,Statielei 16,2023-07-15,15:00:00,134,66,68,FMN GV 03 Hove
46,Statielei 16,2023-07-15,16:00:00,99,51,48,FMN GV 03 Hove
46,Statielei 16,2023-07-15,17:00:00,80,34,46,FMN GV 03 Hove
46,Statielei 16,2023-07-15,18:00:00,64,39,25,FMN GV 03 Hove
46,Statielei 16,2023-07-15,19:00:00,56,24,32,FMN GV 03 Hove
46,Statielei 16,2023-07-15,20:00:00,53,27,26,FMN GV 03 Hove
46,Statielei 16,2023-07-15,21:00:00,41,18,23,FMN GV 03 Hove
46,Statielei 16,2023-07-15,22:00:00,32,13,19,FMN GV 03 Hove
46,Statielei 16,2023-07-15,23:00:00,28,15,13,FMN GV 03 Hove
46,Statielei 16,2023-07-16,00:00:00,24,13,11,FMN GV 03 Hove
46,Statielei 16,2023-07-16,01:00:00,19,9,10,FMN GV 03 Hove
46,Statielei 16,2023-07-16,02:00:00,15,5,10,FMN GV 03 Hove
46,Statielei 16,2023-07-16,03:00:00,5,4,1,FMN GV 03 Hove
46,Statielei 16,2023-07-16,04:00:00,5,4,1,FMN GV 03 Hove
46,Statielei 16,2023-07-16,05:00:00,11,6,5,FMN GV 03 Hove
46,Statielei 16,2023-07-16,06:00:00,9,3,6,FMN GV 03 Hove
46,Statielei 16,2023-07-16,07:00:00,31,13,18,FMN GV 03 Hove
46,Statielei 16,2023-07-16,08:00:00,50,14,36,FMN GV 03 Hove
46,Statielei 16,2023-07-16,09:00:00,103,50,53,FMN GV 03 Hove
46,Statielei 16,2023-07-16,10:00:00,158,67,91,FMN GV 03 Hove
46,Statielei 16,2023-07-16,11:00:00,170,99,71,FMN GV 03 Hove
46,Statielei 16,2023-07-16,12:00:00,142,84,58,FMN GV 03 Hove
46,Statielei 16,2023-07-16,13:00:00,138,69,69,FMN GV 03 Hove
46,Statielei 16,2023-07-16,14:00:00,136,63,73,FMN GV 03 Hove
46,Statielei 16,2023-07-16,15:00:00,115,64,51,FMN GV 03 Hove
46,Statielei 16,2023-07-16,16:00:00,107,58,49,FMN GV 03 Hove
46,Statielei 16,2023-07-16,17:00:00,85,38,47,FMN GV 03 Hove
46,Statielei 16,2023-07-16,18:00:00,77,39,38,FMN GV 03 Hove
46,Statielei 16,2023-07-16,19:00:00,74,45,29,FMN GV 03 Hove
46,Statielei 16,2023-07-16,20:00:00,56,44,12,FMN GV 03 Hove
46,Statielei 16,2023-07-16,21:00:00,40,25,15,FMN GV 03 Hove
46,Statielei 16,2023-07-16,22:00:00,22,10,12,FMN GV 03 Hove
46,Statielei 16,2023-07-16,23:00:00,19,9,10,FMN GV 03 Hove
46,Statielei 16,2023-07-17,00:00:00,11,6,5,FMN GV 03 Hove
46,Statielei 16,2023-07-17,01:00:00,2,2,0,FMN GV 03 Hove
46,Statielei 16,2023-07-17,02:00:00,1,1,0,FMN GV 03 Hove
46,Statielei 16,2023-07-17,03:00:00,1,0,1,FMN GV 03 Hove
46,Statielei 16,2023-07-17,04:00:00,15,8,7,FMN GV 03 Hove
46,Statielei 16,2023-07-17,05:00:00,34,16,18,FMN GV 03 Hove
46,Statielei 16,2023-07-17,06:00:00,94,65,29,FMN GV 03 Hove
46,Statielei 16,2023-07-17,07:00:00,204,143,61,FMN GV 03 Hove
46,Statielei 16,2023-07-17,08:00:00,238,171,67,FMN GV 03 Hove
46,Statielei 16,2023-07-17,09:00:00,125,76,49,FMN GV 03 Hove
46,Statielei 16,2023-07-17,10:00:00,71,40,31,FMN GV 03 Hove
46,Statielei 16,2023-07-17,11:00:00,103,65,38,FMN GV 03 Hove
46,Statielei 16,2023-07-17,12:00:00,89,44,45,FMN GV 03 Hove
46,Statielei 16,2023-07-17,13:00:00,94,42,52,FMN GV 03 Hove
46,Statielei 16,2023-07-17,14:00:00,115,74,41,FMN GV 03 Hove
46,Statielei 16,2023-07-17,15:00:00,116,48,68,FMN GV 03 Hove
46,Statielei 16,2023-07-17,16:00:00,167,62,105,FMN GV 03 Hove
46,Statielei 16,2023-07-17,17:00:00,284,95,189,FMN GV 03 Hove
46,Statielei 16,2023-07-17,18:00:00,179,66,113,FMN GV 03 Hove
46,Statielei 16,2023-07-17,19:00:00,124,47,77,FMN GV 03 Hove
46,Statielei 16,2023-07-17,20:00:00,81,38,43,FMN GV 03 Hove
46,Statielei 16,2023-07-17,21:00:00,100,72,28,FMN GV 03 Hove
46,Statielei 16,2023-07-17,22:00:00,43,26,17,FMN GV 03 Hove
46,Statielei 16,2023-07-17,23:00:00,23,10,13,FMN GV 03 Hove
46,Statielei 16,2023-07-18,00:00:00,11,6,5,FMN GV 03 Hove
46,Statielei 16,2023-07-18,01:00:00,4,0,4,FMN GV 03 Hove
46,Statielei 16,2023-07-18,02:00:00,1,0,1,FMN GV 03 Hove
46,Statielei 16,2023-07-18,03:00:00,1,1,0,FMN GV 03 Hove
46,Statielei 16,2023-07-18,04:00:00,17,8,9,FMN GV 03 Hove
46,Statielei 16,2023-07-18,05:00:00,31,17,14,FMN GV 03 Hove
46,Statielei 16,2023-07-18,06:00:00,110,78,32,FMN GV 03 Hove
46,Statielei 16,2023-07-18,07:00:00,234,176,58,FMN GV 03 Hove
46,Statielei 16,2023-07-18,08:00:00,277,189,88,FMN GV 03 Hove
46,Statielei 16,2023-07-18,09:00:00,171,120,51,FMN GV 03 Hove
46,Statielei 16,2023-07-18,10:00:00,145,74,71,FMN GV 03 Hove
46,Statielei 16,2023-07-18,11:00:00,130,72,58,FMN GV 03 Hove
46,Statielei 16,2023-07-18,12:00:00,146,86,60,FMN GV 03 Hove
46,Statielei 16,2023-07-18,13:00:00,189,98,91,FMN GV 03 Hove
46,Statielei 16,2023-07-18,14:00:00,184,106,78,FMN GV 03 Hove
46,Statielei 16,2023-07-18,15:00:00,222,111,111,FMN GV 03 Hove
46,Statielei 16,2023-07-18,16:00:00,254,88,166,FMN GV 03 Hove
46,Statielei 16,2023-07-18,17:00:00,362,134,228,FMN GV 03 Hove
46,Statielei 16,2023-07-18,18:00:00,259,108,151,FMN GV 03 Hove
46,Statielei 16,2023-07-18,19:00:00,209,119,90,FMN GV 03 Hove
46,Statielei 16,2023-07-18,20:00:00,121,71,50,FMN GV 03 Hove
46,Statielei 16,2023-07-18,21:00:00,59,40,19,FMN GV 03 Hove
46,Statielei 16,2023-07-18,22:00:00,55,33,22,FMN GV 03 Hove
46,Statielei 16,2023-07-18,23:00:00,43,9,34,FMN GV 03 Hove
46,Statielei 16,2023-07-19,00:00:00,17,9,8,FMN GV 03 Hove
46,Statielei 16,2023-07-19,01:00:00,10,6,4,FMN GV 03 Hove
46,Statielei 16,2023-07-19,02:00:00,2,1,1,FMN GV 03 Hove
46,Statielei 16,2023-07-19,03:00:00,1,1,0,FMN GV 03 Hove
46,Statielei 16,2023-07-19,04:00:00,16,9,7,FMN GV 03 Hove
46,Statielei 16,2023-07-19,05:00:00,25,10,15,FMN GV 03 Hove
46,Statielei 16,2023-07-19,06:00:00,101,72,29,FMN GV 03 Hove
46,Statielei 16,2023-07-19,07:00:00,189,138,51,FMN GV 03 Hove
46,Statielei 16,2023-07-19,08:00:00,276,182,94,FMN GV 03 Hove
46,Statielei 16,2023-07-19,09:00:00,178,109,69,FMN GV 03 Hove
46,Statielei 16,2023-07-19,10:00:00,176,110,66,FMN GV 03 Hove
46,Statielei 16,2023-07-19,11:00:00,135,75,60,FMN GV 03 Hove
46,Statielei 16,2023-07-19,12:00:00,134,51,83,FMN GV 03 Hove
46,Statielei 16,2023-07-19,13:00:00,123,65,58,FMN GV 03 Hove
46,Statielei 16,2023-07-19,14:00:00,133,66,67,FMN GV 03 Hove
46,Statielei 16,2023-07-19,15:00:00,136,61,75,FMN GV 03 Hove
46,Statielei 16,2023-07-19,16:00:00,179,69,110,FMN GV 03 Hove
46,Statielei 16,2023-07-19,17:00:00,244,90,154,FMN GV 03 Hove
46,Statielei 16,2023-07-19,18:00:00,176,70,106,FMN GV 03 Hove
46,Statielei 16,2023-07-19,19:00:00,116,38,78,FMN GV 03 Hove
46,Statielei 16,2023-07-19,20:00:00,109,73,36,FMN GV 03 Hove
46,Statielei 16,2023-07-19,21:00:00,70,45,25,FMN GV 03 Hove
46,Statielei 16,2023-07-19,22:00:00,49,20,29,FMN GV 03 Hove
46,Statielei 16,2023-07-19,23:00:00,23,10,13,FMN GV 03 Hove
46,Statielei 16,2023-07-20,00:00:00,16,6,10,FMN GV 03 Hove
46,Statielei 16,2023-07-20,01:00:00,5,1,4,FMN GV 03 Hove
46,Statielei 16,2023-07-20,02:00:00,2,0,2,FMN GV 03 Hove
46,Statielei 16,2023-07-20,03:00:00,1,0,1,FMN GV 03 Hove
46,Statielei 16,2023-07-20,04:00:00,20,12,8,FMN GV 03 Hove
46,Statielei 16,2023-07-20,05:00:00,24,11,13,FMN GV 03 Hove
46,Statielei 16,2023-07-20,06:00:00,85,62,23,FMN GV 03 Hove
46,Statielei 16,2023-07-20,07:00:00,171,122,49,FMN GV 03 Hove
46,Statielei 16,2023-07-20,08:00:00,205,153,52,FMN GV 03 Hove
46,Statielei 16,2023-07-20,09:00:00,114,75,39,FMN GV 03 Hove
46,Statielei 16,2023-07-20,10:00:00,102,63,39,FMN GV 03 Hove
46,Statielei 16,2023-07-20,11:00:00,137,98,39,FMN GV 03 Hove
46,Statielei 16,2023-07-20,12:00:00,149,85,64,FMN GV 03 Hove
46,Statielei 16,2023-07-20,13:00:00,141,81,60,FMN GV 03 Hove
46,Statielei 16,2023-07-20,14:00:00,145,81,64,FMN GV 03 Hove
46,Statielei 16,2023-07-20,15:00:00,158,64,94,FMN GV 03 Hove
46,Statielei 16,2023-07-20,16:00:00,181,68,113,FMN GV 03 Hove
46,Statielei 16,2023-07-20,17:00:00,238,80,158,FMN GV 03 Hove
46,Statielei 16,2023-07-20,18:00:00,147,71,76,FMN GV 03 Hove
46,Statielei 16,2023-07-20,19:00:00,90,48,42,FMN GV 03 Hove
46,Statielei 16,2023-07-20,20:00:00,64,31,33,FMN GV 03 Hove
46,Statielei 16,2023-07-20,21:00:00,51,24,27,FMN GV 03 Hove
46,Statielei 16,2023-07-20,22:00:00,52,23,29,FMN GV 03 Hove
46,Statielei 16,2023-07-20,23:00:00,34,15,19,FMN GV 03 Hove
46,Statielei 16,2023-07-21,00:00:00,30,14,16,FMN GV 03 Hove
46,Statielei 16,2023-07-21,01:00:00,14,6,8,FMN GV 03 Hove
46,Statielei 16,2023-07-21,02:00:00,13,8,5,FMN GV 03 Hove
46,Statielei 16,2023-07-21,03:00:00,7,3,4,FMN GV 03 Hove
46,Statielei 16,2023-07-21,04:00:00,4,3,1,FMN GV 03 Hove
46,Statielei 16,2023-07-21,05:00:00,13,9,4,FMN GV 03 Hove
46,Statielei 16,2023-07-21,06:00:00,14,11,3,FMN GV 03 Hove
46,Statielei 16,2023-07-21,07:00:00,18,3,15,FMN GV 03 Hove
46,Statielei 16,2023-07-21,08:00:00,44,14,30,FMN GV 03 Hove
46,Statielei 16,2023-07-21,09:00:00,91,46,45,FMN GV 03 Hove
46,Statielei 16,2023-07-21,10:00:00,155,90,65,FMN GV 03 Hove
46,Statielei 16,2023-07-21,11:00:00,133,83,50,FMN GV 03 Hove
46,Statielei 16,2023-07-21,12:00:00,83,53,30,FMN GV 03 Hove
46,Statielei 16,2023-07-21,13:00:00,51,32,19,FMN GV 03 Hove
46,Statielei 16,2023-07-21,14:00:00,76,35,41,FMN GV 03 Hove
46,Statielei 16,2023-07-21,15:00:00,127,67,60,FMN GV 03 Hove
46,Statielei 16,2023-07-21,16:00:00,90,49,41,FMN GV 03 Hove
46,Statielei 16,2023-07-21,17:00:00,88,51,37,FMN GV 03 Hove
46,Statielei 16,2023-07-21,18:00:00,84,50,34,FMN GV 03 Hove
46,Statielei 16,2023-07-21,19:00:00,75,45,30,FMN GV 03 Hove
46,Statielei 16,2023-07-21,20:00:00,47,22,25,FMN GV 03 Hove
46,Statielei 16,2023-07-21,21:00:00,33,13,20,FMN GV 03 Hove
46,Statielei 16,2023-07-21,22:00:00,31,11,20,FMN GV 03 Hove
46,Statielei 16,2023-07-21,23:00:00,26,12,14,FMN GV 03 Hove
46,Statielei 16,2023-07-22,00:00:00,33,17,16,FMN GV 03 Hove
46,Statielei 16,2023-07-22,01:00:00,6,4,2,FMN GV 03 Hove
46,Statielei 16,2023-07-22,02:00:00,9,4,5,FMN GV 03 Hove
46,Statielei 16,2023-07-22,03:00:00,7,3,4,FMN GV 03 Hove
46,Statielei 16,2023-07-22,04:00:00,6,2,4,FMN GV 03 Hove
46,Statielei 16,2023-07-22,05:00:00,8,6,2,FMN GV 03 Hove
46,Statielei 16,2023-07-22,06:00:00,17,15,2,FMN GV 03 Hove
46,Statielei 16,2023-07-22,07:00:00,15,5,10,FMN GV 03 Hove
46,Statielei 16,2023-07-22,08:00:00,41,22,19,FMN GV 03 Hove
46,Statielei 16,2023-07-22,09:00:00,57,26,31,FMN GV 03 Hove
46,Statielei 16,2023-07-22,10:00:00,101,54,47,FMN GV 03 Hove
46,Statielei 16,2023-07-22,11:00:00,132,77,55,FMN GV 03 Hove
46,Statielei 16,2023-07-22,12:00:00,149,80,69,FMN GV 03 Hove
46,Statielei 16,2023-07-22,13:00:00,157,97,60,FMN GV 03 Hove
46,Statielei 16,2023-07-22,14:00:00,171,93,78,FMN GV 03 Hove
46,Statielei 16,2023-07-22,15:00:00,143,81,62,FMN GV 03 Hove
46,Statielei 16,2023-07-22,16:00:00,110,54,56,FMN GV 03 Hove
46,Statielei 16,2023-07-22,17:00:00,107,57,50,FMN GV 03 Hove
46,Statielei 16,2023-07-22,18:00:00,84,48,36,FMN GV 03 Hove
46,Statielei 16,2023-07-22,19:00:00,50,14,36,FMN GV 03 Hove
46,Statielei 16,2023-07-22,20:00:00,32,23,9,FMN GV 03 Hove
46,Statielei 16,2023-07-22,21:00:00,31,16,15,FMN GV 03 Hove
46,Statielei 16,2023-07-22,22:00:00,27,11,16,FMN GV 03 Hove
46,Statielei 16,2023-07-22,23:00:00,23,6,17,FMN GV 03 Hove
46,Statielei 16,2023-07-23,00:00:00,10,3,7,FMN GV 03 Hove
46,Statielei 16,2023-07-23,01:00:00,13,5,8,FMN GV 03 Hove
46,Statielei 16,2023-07-23,02:00:00,7,4,3,FMN GV 03 Hove
46,Statielei 16,2023-07-23,03:00:00,6,4,2,FMN GV 03 Hove
46,Statielei 16,2023-07-23,04:00:00,9,8,1,FMN GV 03 Hove
46,Statielei 16,2023-07-23,05:00:00,7,7,0,FMN GV 03 Hove
46,Statielei 16,2023-07-23,06:00:00,3,0,3,FMN GV 03 Hove
46,Statielei 16,2023-07-23,07:00:00,9,3,6,FMN GV 03 Hove
46,Statielei 16,2023-07-23,08:00:00,15,10,5,FMN GV 03 Hove
46,Statielei 16,2023-07-23,09:00:00,24,11,13,FMN GV 03 Hove
46,Statielei 16,2023-07-23,10:00:00,60,23,37,FMN GV 03 Hove
46,Statielei 16,2023-07-23,11:00:00,50,33,17,FMN GV 03 Hove
46,Statielei 16,2023-07-23,12:00:00,70,38,32,FMN GV 03 Hove
46,Statielei 16,2023-07-23,13:00:00,69,42,27,FMN GV 03 Hove
46,Statielei 16,2023-07-23,14:00:00,59,38,21,FMN GV 03 Hove
46,Statielei 16,2023-07-23,15:00:00,76,39,37,FMN GV 03 Hove
46,Statielei 16,2023-07-23,16:00:00,70,36,34,FMN GV 03 Hove
46,Statielei 16,2023-07-23,17:00:00,51,20,31,FMN GV 03 Hove
46,Statielei 16,2023-07-23,18:00:00,47,32,15,FMN GV 03 Hove
46,Statielei 16,2023-07-23,19:00:00,17,8,9,FMN GV 03 Hove
46,Statielei 16,2023-07-23,20:00:00,13,8,5,FMN GV 03 Hove
46,Statielei 16,2023-07-23,21:00:00,25,15,10,FMN GV 03 Hove
46,Statielei 16,2023-07-23,22:00:00,22,8,14,FMN GV 03 Hove
46,Statielei 16,2023-07-23,23:00:00,9,5,4,FMN GV 03 Hove
46,Statielei 16,2023-07-24,00:00:00,8,2,6,FMN GV 03 Hove
46,Statielei 16,2023-07-24,01:00:00,4,2,2,FMN GV 03 Hove
46,Statielei 16,2023-07-24,02:00:00,2,2,0,FMN GV 03 Hove
46,Statielei 16,2023-07-24,03:00:00,2,1,1,FMN GV 03 Hove
46,Statielei 16,2023-07-24,04:00:00,6,2,4,FMN GV 03 Hove
46,Statielei 16,2023-07-24,05:00:00,14,6,8,FMN GV 03 Hove
46,Statielei 16,2023-07-24,06:00:00,32,23,9,FMN GV 03 Hove
46,Statielei 16,2023-07-24,07:00:00,124,92,32,FMN GV 03 Hove
46,Statielei 16,2023-07-24,08:00:00,136,107,29,FMN GV 03 Hove
46,Statielei 16,2023-07-24,09:00:00,62,40,22,FMN GV 03 Hove
46,Statielei 16,2023-07-24,10:00:00,43,27,16,FMN GV 03 Hove
46,Statielei 16,2023-07-24,11:00:00,47,34,13,FMN GV 03 Hove
46,Statielei 16,2023-07-24,12:00:00,56,29,27,FMN GV 03 Hove
46,Statielei 16,2023-07-24,13:00:00,60,31,29,FMN GV 03 Hove
46,Statielei 16,2023-07-24,14:00:00,69,37,32,FMN GV 03 Hove
46,Statielei 16,2023-07-24,15:00:00,68,33,35,FMN GV 03 Hove
46,Statielei 16,2023-07-24,16:00:00,94,34,60,FMN GV 03 Hove
46,Statielei 16,2023-07-24,17:00:00,158,45,113,FMN GV 03 Hove
46,Statielei 16,2023-07-24,18:00:00,97,34,63,FMN GV 03 Hove
46,Statielei 16,2023-07-24,19:00:00,74,34,40,FMN GV 03 Hove
46,Statielei 16,2023-07-24,20:00:00,43,23,20,FMN GV 03 Hove
46,Statielei 16,2023-07-24,21:00:00,43,23,20,FMN GV 03 Hove
46,Statielei 16,2023-07-24,22:00:00,38,17,21,FMN GV 03 Hove
46,Statielei 16,2023-07-24,23:00:00,19,13,6,FMN GV 03 Hove
46,Statielei 16,2023-07-25,00:00:00,8,5,3,FMN GV 03 Hove
46,Statielei 16,2023-07-25,01:00:00,2,2,0,FMN GV 03 Hove
46,Statielei 16,2023-07-25,02:00:00,0,0,0,FMN GV 03 Hove
46,Statielei 16,2023-07-25,03:00:00,1,0,1,FMN GV 03 Hove
46,Statielei 16,2023-07-25,04:00:00,10,6,4,FMN GV 03 Hove
46,Statielei 16,2023-07-25,05:00:00,34,17,17,FMN GV 03 Hove
46,Statielei 16,2023-07-25,06:00:00,81,51,30,FMN GV 03 Hove
46,Statielei 16,2023-07-25,07:00:00,178,137,41,FMN GV 03 Hove
46,Statielei 16,2023-07-25,08:00:00,211,158,53,FMN GV 03 Hove
46,Statielei 16,2023-07-25,09:00:00,96,72,24,FMN GV 03 Hove
46,Statielei 16,2023-07-25,10:00:00,60,38,22,FMN GV 03 Hove
46,Statielei 16,2023-07-25,11:00:00,110,71,39,FMN GV 03 Hove
46,Statielei 16,2023-07-25,12:00:00,90,39,51,FMN GV 03 Hove
46,Statielei 16,2023-07-25,13:00:00,134,68,66,FMN GV 03 Hove
46,Statielei 16,2023-07-25,14:00:00,117,69,48,FMN GV 03 Hove
46,Statielei 16,2023-07-25,15:00:00,136,65,71,FMN GV 03 Hove
46,Statielei 16,2023-07-25,16:00:00,206,75,131,FMN GV 03 Hove
46,Statielei 16,2023-07-25,17:00:00,325,117,208,FMN GV 03 Hove
46,Statielei 16,2023-07-25,18:00:00,206,93,113,FMN GV 03 Hove
46,Statielei 16,2023-07-25,19:00:00,115,50,65,FMN GV 03 Hove
46,Statielei 16,2023-07-25,20:00:00,105,66,39,FMN GV 03 Hove
46,Statielei 16,2023-07-25,21:00:00,56,30,26,FMN GV 03 Hove
46,Statielei 16,2023-07-25,22:00:00,56,29,27,FMN GV 03 Hove
46,Statielei 16,2023-07-25,23:00:00,22,3,19,FMN GV 03 Hove
46,Statielei 16,2023-07-26,00:00:00,18,8,10,FMN GV 03 Hove
46,Statielei 16,2023-07-26,01:00:00,15,4,11,FMN GV 03 Hove
46,Statielei 16,2023-07-26,02:00:00,3,1,2,FMN GV 03 Hove
46,Statielei 16,2023-07-26,03:00:00,2,1,1,FMN GV 03 Hove
46,Statielei 16,2023-07-26,04:00:00,12,5,7,FMN GV 03 Hove
46,Statielei 16,2023-07-26,05:00:00,27,12,15,FMN GV 03 Hove
46,Statielei 16,2023-07-26,06:00:00,94,62,32,FMN GV 03 Hove
46,Statielei 16,2023-07-26,07:00:00,182,133,49,FMN GV 03 Hove
46,Statielei 16,2023-07-26,08:00:00,228,167,61,FMN GV 03 Hove
46,Statielei 16,2023-07-26,09:00:00,162,101,61,FMN GV 03 Hove
46,Statielei 16,2023-07-26,10:00:00,165,112,53,FMN GV 03 Hove
46,Statielei 16,2023-07-26,11:00:00,161,92,69,FMN GV 03 Hove
46,Statielei 16,2023-07-26,12:00:00,156,64,92,FMN GV 03 Hove
46,Statielei 16,2023-07-26,13:00:00,163,82,81,FMN GV 03 Hove
46,Statielei 16,2023-07-26,14:00:00,148,85,63,FMN GV 03 Hove
46,Statielei 16,2023-07-26,15:00:00,185,89,96,FMN GV 03 Hove
46,Statielei 16,2023-07-26,16:00:00,232,90,142,FMN GV 03 Hove
46,Statielei 16,2023-07-26,17:00:00,332,131,201,FMN GV 03 Hove
46,Statielei 16,2023-07-26,18:00:00,195,83,112,FMN GV 03 Hove
46,Statielei 16,2023-07-26,19:00:00,142,69,73,FMN GV 03 Hove
46,Statielei 16,2023-07-26,20:00:00,103,58,45,FMN GV 03 Hove
46,Statielei 16,2023-07-26,21:00:00,74,36,38,FMN GV 03 Hove
46,Statielei 16,2023-07-26,22:00:00,50,25,25,FMN GV 03 Hove
46,Statielei 16,2023-07-26,23:00:00,30,10,20,FMN GV 03 Hove
46,Statielei 16,2023-07-27,00:00:00,19,2,17,FMN GV 03 Hove
46,Statielei 16,2023-07-27,01:00:00,8,3,5,FMN GV 03 Hove
46,Statielei 16,2023-07-27,02:00:00,4,1,3,FMN GV 03 Hove
46,Statielei 16,2023-07-27,03:00:00,2,1,1,FMN GV 03 Hove
46,Statielei 16,2023-07-27,04:00:00,9,6,3,FMN GV 03 Hove
46,Statielei 16,2023-07-27,05:00:00,12,7,5,FMN GV 03 Hove
46,Statielei 16,2023-07-27,06:00:00,52,34,18,FMN GV 03 Hove
46,Statielei 16,2023-07-27,07:00:00,89,65,24,FMN GV 03 Hove
46,Statielei 16,2023-07-27,08:00:00,129,97,32,FMN GV 03 Hove
46,Statielei 16,2023-07-27,09:00:00,47,36,11,FMN GV 03 Hove
46,Statielei 16,2023-07-27,10:00:00,29,13,16,FMN GV 03 Hove
46,Statielei 16,2023-07-27,11:00:00,26,16,10,FMN GV 03 Hove
46,Statielei 16,2023-07-27,12:00:00,44,21,23,FMN GV 03 Hove
46,Statielei 16,2023-07-27,13:00:00,45,27,18,FMN GV 03 Hove
46,Statielei 16,2023-07-27,14:00:00,42,29,13,FMN GV 03 Hove
46,Statielei 16,2023-07-27,15:00:00,48,20,28,FMN GV 03 Hove
46,Statielei 16,2023-07-27,16:00:00,89,34,55,FMN GV 03 Hove
46,Statielei 16,2023-07-27,17:00:00,139,52,87,FMN GV 03 Hove
46,Statielei 16,2023-07-27,18:00:00,84,34,50,FMN GV 03 Hove
46,Statielei 16,2023-07-27,19:00:00,45,21,24,FMN GV 03 Hove
46,Statielei 16,2023-07-27,20:00:00,44,16,28,FMN GV 03 Hove
46,Statielei 16,2023-07-27,21:00:00,22,10,12,FMN GV 03 Hove
46,Statielei 16,2023-07-27,22:00:00,35,21,14,FMN GV 03 Hove
46,Statielei 16,2023-07-27,23:00:00,17,5,12,FMN GV 03 Hove
46,Statielei 16,2023-07-28,00:00:00,17,8,9,FMN GV 03 Hove
46,Statielei 16,2023-07-28,01:00:00,0,0,0,FMN GV 03 Hove
46,Statielei 16,2023-07-28,02:00:00,3,1,2,FMN GV 03 Hove
46,Statielei 16,2023-07-28,03:00:00,3,1,2,FMN GV 03 Hove
46,Statielei 16,2023-07-28,04:00:00,11,7,4,FMN GV 03 Hove
46,Statielei 16,2023-07-28,05:00:00,18,9,9,FMN GV 03 Hove
46,Statielei 16,2023-07-28,06:00:00,49,35,14,FMN GV 03 Hove
46,Statielei 16,2023-07-28,07:00:00,117,85,32,FMN GV 03 Hove
46,Statielei 16,2023-07-28,08:00:00,126,92,34,FMN GV 03 Hove
46,Statielei 16,2023-07-28,09:00:00,86,63,23,FMN GV 03 Hove
46,Statielei 16,2023-07-28,10:00:00,81,49,32,FMN GV 03 Hove
46,Statielei 16,2023-07-28,11:00:00,84,44,40,FMN GV 03 Hove
46,Statielei 16,2023-07-28,12:00:00,114,55,59,FMN GV 03 Hove
46,Statielei 16,2023-07-28,13:00:00,117,67,50,FMN GV 03 Hove
46,Statielei 16,2023-07-28,14:00:00,127,64,63,FMN GV 03 Hove
46,Statielei 16,2023-07-28,15:00:00,156,65,91,FMN GV 03 Hove
46,Statielei 16,2023-07-28,16:00:00,194,82,112,FMN GV 03 Hove
46,Statielei 16,2023-07-28,17:00:00,192,74,118,FMN GV 03 Hove
46,Statielei 16,2023-07-28,18:00:00,177,80,97,FMN GV 03 Hove
46,Statielei 16,2023-07-28,19:00:00,69,41,28,FMN GV 03 Hove
46,Statielei 16,2023-07-28,20:00:00,80,49,31,FMN GV 03 Hove
46,Statielei 16,2023-07-28,21:00:00,44,28,16,FMN GV 03 Hove
46,Statielei 16,2023-07-28,22:00:00,28,12,16,FMN GV 03 Hove
46,Statielei 16,2023-07-28,23:00:00,34,9,25,FMN GV 03 Hove
46,Statielei 16,2023-07-29,00:00:00,27,8,19,FMN GV 03 Hove
46,Statielei 16,2023-07-29,01:00:00,16,5,11,FMN GV 03 Hove
46,Statielei 16,2023-07-29,02:00:00,7,2,5,FMN GV 03 Hove
46,Statielei 16,2023-07-29,03:00:00,12,8,4,FMN GV 03 Hove
46,Statielei 16,2023-07-29,04:00:00,12,6,6,FMN GV 03 Hove
46,Statielei 16,2023-07-29,05:00:00,11,4,7,FMN GV 03 Hove
46,Statielei 16,2023-07-29,06:00:00,15,7,8,FMN GV 03 Hove
46,Statielei 16,2023-07-29,07:00:00,19,8,11,FMN GV 03 Hove
46,Statielei 16,2023-07-29,08:00:00,40,19,21,FMN GV 03 Hove
46,Statielei 16,2023-07-29,09:00:00,67,39,28,FMN GV 03 Hove
46,Statielei 16,2023-07-29,10:00:00,99,58,41,FMN GV 03 Hove
46,Statielei 16,2023-07-29,11:00:00,108,69,39,FMN GV 03 Hove
46,Statielei 16,2023-07-29,12:00:00,85,44,41,FMN GV 03 Hove
46,Statielei 16,2023-07-29,13:00:00,82,47,35,FMN GV 03 Hove
46,Statielei 16,2023-07-29,14:00:00,84,42,42,FMN GV 03 Hove
46,Statielei 16,2023-07-29,15:00:00,96,48,48,FMN GV 03 Hove
46,Statielei 16,2023-07-29,16:00:00,62,27,35,FMN GV 03 Hove
46,Statielei 16,2023-07-29,17:00:00,96,48,48,FMN GV 03 Hove
46,Statielei 16,2023-07-29,18:00:00,94,48,46,FMN GV 03 Hove
46,Statielei 16,2023-07-29,19:00:00,64,29,35,FMN GV 03 Hove
46,Statielei 16,2023-07-29,20:00:00,63,35,28,FMN GV 03 Hove
46,Statielei 16,2023-07-29,21:00:00,42,20,22,FMN GV 03 Hove
46,Statielei 16,2023-07-29,22:00:00,52,24,28,FMN GV 03 Hove
46,Statielei 16,2023-07-29,23:00:00,21,12,9,FMN GV 03 Hove
46,Statielei 16,2023-07-30,00:00:00,21,13,8,FMN GV 03 Hove
46,Statielei 16,2023-07-30,01:00:00,19,1,18,FMN GV 03 Hove
46,Statielei 16,2023-07-30,02:00:00,11,5,6,FMN GV 03 Hove
46,Statielei 16,2023-07-30,03:00:00,8,2,6,FMN GV 03 Hove
46,Statielei 16,2023-07-30,04:00:00,9,6,3,FMN GV 03 Hove
46,Statielei 16,2023-07-30,05:00:00,9,6,3,FMN GV 03 Hove
46,Statielei 16,2023-07-30,06:00:00,8,6,2,FMN GV 03 Hove
46,Statielei 16,2023-07-30,07:00:00,14,5,9,FMN GV 03 Hove
46,Statielei 16,2023-07-30,08:00:00,35,13,22,FMN GV 03 Hove
46,Statielei 16,2023-07-30,09:00:00,91,30,61,FMN GV 03 Hove
46,Statielei 16,2023-07-30,10:00:00,121,67,54,FMN GV 03 Hove
46,Statielei 16,2023-07-30,11:00:00,142,76,66,FMN GV 03 Hove
46,Statielei 16,2023-07-30,12:00:00,96,57,39,FMN GV 03 Hove
46,Statielei 16,2023-07-30,13:00:00,126,62,64,FMN GV 03 Hove
46,Statielei 16,2023-07-30,14:00:00,146,91,55,FMN GV 03 Hove
46,Statielei 16,2023-07-30,15:00:00,129,69,60,FMN GV 03 Hove
46,Statielei 16,2023-07-30,16:00:00,182,78,104,FMN GV 03 Hove
46,Statielei 16,2023-07-30,17:00:00,100,64,36,FMN GV 03 Hove
46,Statielei 16,2023-07-30,18:00:00,52,26,26,FMN GV 03 Hove
46,Statielei 16,2023-07-30,19:00:00,35,14,21,FMN GV 03 Hove
46,Statielei 16,2023-07-30,20:00:00,19,11,8,FMN GV 03 Hove
46,Statielei 16,2023-07-30,21:00:00,23,14,9,FMN GV 03 Hove
46,Statielei 16,2023-07-30,22:00:00,17,9,8,FMN GV 03 Hove
46,Statielei 16,2023-07-30,23:00:00,9,4,5,FMN GV 03 Hove
46,Statielei 16,2023-07-31,00:00:00,8,5,3,FMN GV 03 Hove
46,Statielei 16,2023-07-31,01:00:00,4,4,0,FMN GV 03 Hove
46,Statielei 16,2023-07-31,02:00:00,3,0,3,FMN GV 03 Hove
46,Statielei 16,2023-07-31,03:00:00,3,2,1,FMN GV 03 Hove
46,Statielei 16,2023-07-31,04:00:00,15,7,8,FMN GV 03 Hove
46,Statielei 16,2023-07-31,05:00:00,15,8,7,FMN GV 03 Hove
46,Statielei 16,2023-07-31,06:00:00,40,33,7,FMN GV 03 Hove
46,Statielei 16,2023-07-31,07:00:00,116,92,24,FMN GV 03 Hove
46,Statielei 16,2023-07-31,08:00:00,133,99,34,FMN GV 03 Hove
46,Statielei 16,2023-07-31,09:00:00,53,34,19,FMN GV 03 Hove
46,Statielei 16,2023-07-31,10:00:00,49,36,13,FMN GV 03 Hove
46,Statielei 16,2023-07-31,11:00:00,38,24,14,FMN GV 03 Hove
46,Statielei 16,2023-07-31,12:00:00,51,26,25,FMN GV 03 Hove
46,Statielei 16,2023-07-31,13:00:00,62,33,29,FMN GV 03 Hove
46,Statielei 16,2023-07-31,14:00:00,48,22,26,FMN GV 03 Hove
46,Statielei 16,2023-07-31,15:00:00,93,24,69,FMN GV 03 Hove
46,Statielei 16,2023-07-31,16:00:00,83,18,65,FMN GV 03 Hove
46,Statielei 16,2023-07-31,17:00:00,131,33,98,FMN GV 03 Hove
46,Statielei 16,2023-07-31,18:00:00,93,34,59,FMN GV 03 Hove
46,Statielei 16,2023-07-31,19:00:00,29,8,21,FMN GV 03 Hove
46,Statielei 16,2023-07-31,20:00:00,16,8,8,FMN GV 03 Hove
46,Statielei 16,2023-07-31,21:00:00,19,9,10,FMN GV 03 Hove
46,Statielei 16,2023-07-31,22:00:00,17,7,10,FMN GV 03 Hove
46,Statielei 16,2023-07-31,23:00:00,4,1,3,FMN GV 03 Hove
46,Statielei 16,2023-08-01,00:00:00,8,5,3,FMN GV 03 Hove
46,Statielei 16,2023-08-01,01:00:00,1,1,0,FMN GV 03 Hove
46,Statielei 16,2023-08-01,02:00:00,0,0,0,FMN GV 03 Hove
46,Statielei 16,2023-08-01,03:00:00,1,0,1,FMN GV 03 Hove
46,Statielei 16,2023-08-01,04:00:00,9,5,4,FMN GV 03 Hove
46,Statielei 16,2023-08-01,05:00:00,16,9,7,FMN GV 03 Hove
46,Statielei 16,2023-08-01,06:00:00,81,61,20,FMN GV 03 Hove
46,Statielei 16,2023-08-01,07:00:00,207,158,49,FMN GV 03 Hove
46,Statielei 16,2023-08-01,08:00:00,217,167,50,FMN GV 03 Hove
46,Statielei 16,2023-08-01,09:00:00,82,56,26,FMN GV 03 Hove
46,Statielei 16,2023-08-01,10:00:00,80,43,37,FMN GV 03 Hove
46,Statielei 16,2023-08-01,11:00:00,75,43,32,FMN GV 03 Hove
46,Statielei 16,2023-08-01,12:00:00,108,46,62,FMN GV 03 Hove
46,Statielei 16,2023-08-01,13:00:00,113,56,57,FMN GV 03 Hove
46,Statielei 16,2023-08-01,14:00:00,90,54,36,FMN GV 03 Hove
46,Statielei 16,2023-08-01,15:00:00,139,69,70,FMN GV 03 Hove
46,Statielei 16,2023-08-01,16:00:00,209,69,140,FMN GV 03 Hove
46,Statielei 16,2023-08-01,17:00:00,254,73,181,FMN GV 03 Hove
46,Statielei 16,2023-08-01,18:00:00,149,53,96,FMN GV 03 Hove
46,Statielei 16,2023-08-01,19:00:00,81,33,48,FMN GV 03 Hove
46,Statielei 16,2023-08-01,20:00:00,79,38,41,FMN GV 03 Hove
46,Statielei 16,2023-08-01,21:00:00,46,32,14,FMN GV 03 Hove
46,Statielei 16,2023-08-01,22:00:00,45,24,21,FMN GV 03 Hove
46,Statielei 16,2023-08-01,23:00:00,25,13,12,FMN GV 03 Hove
46,Statielei 16,2023-08-02,00:00:00,10,3,7,FMN GV 03 Hove
46,Statielei 16,2023-08-02,01:00:00,8,6,2,FMN GV 03 Hove
46,Statielei 16,2023-08-02,02:00:00,1,0,1,FMN GV 03 Hove
46,Statielei 16,2023-08-02,03:00:00,2,1,1,FMN GV 03 Hove
46,Statielei 16,2023-08-02,04:00:00,10,6,4,FMN GV 03 Hove
46,Statielei 16,2023-08-02,05:00:00,15,7,8,FMN GV 03 Hove
46,Statielei 16,2023-08-02,06:00:00,36,28,8,FMN GV 03 Hove
46,Statielei 16,2023-08-02,07:00:00,83,68,15,FMN GV 03 Hove
46,Statielei 16,2023-08-02,08:00:00,119,86,33,FMN GV 03 Hove
46,Statielei 16,2023-08-02,09:00:00,67,42,25,FMN GV 03 Hove
46,Statielei 16,2023-08-02,10:00:00,65,39,26,FMN GV 03 Hove
46,Statielei 16,2023-08-02,11:00:00,42,21,21,FMN GV 03 Hove
46,Statielei 16,2023-08-02,12:00:00,72,22,50,FMN GV 03 Hove
46,Statielei 16,2023-08-02,13:00:00,68,29,39,FMN GV 03 Hove
46,Statielei 16,2023-08-02,14:00:00,78,40,38,FMN GV 03 Hove
46,Statielei 16,2023-08-02,15:00:00,90,47,43,FMN GV 03 Hove
46,Statielei 16,2023-08-02,16:00:00,97,38,59,FMN GV 03 Hove
46,Statielei 16,2023-08-02,17:00:00,152,67,85,FMN GV 03 Hove
46,Statielei 16,2023-08-02,18:00:00,96,41,55,FMN GV 03 Hove
46,Statielei 16,2023-08-02,19:00:00,46,26,20,FMN GV 03 Hove
46,Statielei 16,2023-08-02,20:00:00,40,22,18,FMN GV 03 Hove
46,Statielei 16,2023-08-02,21:00:00,23,12,11,FMN GV 03 Hove
46,Statielei 16,2023-08-02,22:00:00,39,18,21,FMN GV 03 Hove
46,Statielei 16,2023-08-02,23:00:00,20,7,13,FMN GV 03 Hove
46,Statielei 16,2023-08-03,00:00:00,5,1,4,FMN GV 03 Hove
46,Statielei 16,2023-08-03,01:00:00,1,1,0,FMN GV 03 Hove
46,Statielei 16,2023-08-03,02:00:00,4,3,1,FMN GV 03 Hove
46,Statielei 16,2023-08-03,03:00:00,3,1,2,FMN GV 03 Hove
46,Statielei 16,2023-08-03,04:00:00,10,7,3,FMN GV 03 Hove
46,Statielei 16,2023-08-03,05:00:00,9,4,5,FMN GV 03 Hove
46,Statielei 16,2023-08-03,06:00:00,40,28,12,FMN GV 03 Hove
46,Statielei 16,2023-08-03,07:00:00,125,91,34,FMN GV 03 Hove
46,Statielei 16,2023-08-03,08:00:00,184,142,42,FMN GV 03 Hove
46,Statielei 16,2023-08-03,09:00:00,38,24,14,FMN GV 03 Hove
46,Statielei 16,2023-08-03,10:00:00,36,24,12,FMN GV 03 Hove
46,Statielei 16,2023-08-03,11:00:00,36,20,16,FMN GV 03 Hove
46,Statielei 16,2023-08-03,12:00:00,74,38,36,FMN GV 03 Hove
46,Statielei 16,2023-08-03,13:00:00,51,22,29,FMN GV 03 Hove
46,Statielei 16,2023-08-03,14:00:00,56,36,20,FMN GV 03 Hove
46,Statielei 16,2023-08-03,15:00:00,62,24,38,FMN GV 03 Hove
46,Statielei 16,2023-08-03,16:00:00,122,41,81,FMN GV 03 Hove
46,Statielei 16,2023-08-03,17:00:00,180,53,127,FMN GV 03 Hove
46,Statielei 16,2023-08-03,18:00:00,140,53,87,FMN GV 03 Hove
46,Statielei 16,2023-08-03,19:00:00,67,33,34,FMN GV 03 Hove
46,Statielei 16,2023-08-03,20:00:00,67,40,27,FMN GV 03 Hove
46,Statielei 16,2023-08-03,21:00:00,42,21,21,FMN GV 03 Hove
46,Statielei 16,2023-08-03,22:00:00,44,18,26,FMN GV 03 Hove
46,Statielei 16,2023-08-03,23:00:00,26,8,18,FMN GV 03 Hove
46,Statielei 16,2023-08-04,00:00:00,18,8,10,FMN GV 03 Hove
46,Statielei 16,2023-08-04,01:00:00,8,6,2,FMN GV 03 Hove
46,Statielei 16,2023-08-04,02:00:00,2,0,2,FMN GV 03 Hove
46,Statielei 16,2023-08-04,03:00:00,4,2,2,FMN GV 03 Hove
46,Statielei 16,2023-08-04,04:00:00,12,8,4,FMN GV 03 Hove
46,Statielei 16,2023-08-04,05:00:00,18,10,8,FMN GV 03 Hove
46,Statielei 16,2023-08-04,06:00:00,51,33,18,FMN GV 03 Hove
46,Statielei 16,2023-08-04,07:00:00,96,71,25,FMN GV 03 Hove
46,Statielei 16,2023-08-04,08:00:00,152,110,42,FMN GV 03 Hove
46,Statielei 16,2023-08-04,09:00:00,67,42,25,FMN GV 03 Hove
46,Statielei 16,2023-08-04,10:00:00,47,31,16,FMN GV 03 Hove
46,Statielei 16,2023-08-04,11:00:00,53,28,25,FMN GV 03 Hove
46,Statielei 16,2023-08-04,12:00:00,85,42,43,FMN GV 03 Hove
46,Statielei 16,2023-08-04,13:00:00,101,53,48,FMN GV 03 Hove
46,Statielei 16,2023-08-04,14:00:00,103,51,52,FMN GV 03 Hove
46,Statielei 16,2023-08-04,15:00:00,112,57,55,FMN GV 03 Hove
46,Statielei 16,2023-08-04,16:00:00,166,65,101,FMN GV 03 Hove
46,Statielei 16,2023-08-04,17:00:00,175,77,98,FMN GV 03 Hove
46,Statielei 16,2023-08-04,18:00:00,145,69,76,FMN GV 03 Hove
46,Statielei 16,2023-08-04,19:00:00,90,46,44,FMN GV 03 Hove
46,Statielei 16,2023-08-04,20:00:00,60,32,28,FMN GV 03 Hove
46,Statielei 16,2023-08-04,21:00:00,50,26,24,FMN GV 03 Hove
46,Statielei 16,2023-08-04,22:00:00,51,30,21,FMN GV 03 Hove
46,Statielei 16,2023-08-04,23:00:00,33,10,23,FMN GV 03 Hove
46,Statielei 16,2023-08-05,00:00:00,23,6,17,FMN GV 03 Hove
46,Statielei 16,2023-08-05,01:00:00,26,20,6,FMN GV 03 Hove
46,Statielei 16,2023-08-05,02:00:00,18,13,5,FMN GV 03 Hove
46,Statielei 16,2023-08-05,03:00:00,4,2,2,FMN GV 03 Hove
46,Statielei 16,2023-08-05,04:00:00,9,5,4,FMN GV 03 Hove
46,Statielei 16,2023-08-05,05:00:00,11,7,4,FMN GV 03 Hove
46,Statielei 16,2023-08-05,06:00:00,6,3,3,FMN GV 03 Hove
46,Statielei 16,2023-08-05,07:00:00,26,8,18,FMN GV 03 Hove
46,Statielei 16,2023-08-05,08:00:00,24,11,13,FMN GV 03 Hove
46,Statielei 16,2023-08-05,09:00:00,78,35,43,FMN GV 03 Hove
46,Statielei 16,2023-08-05,10:00:00,113,53,60,FMN GV 03 Hove
46,Statielei 16,2023-08-05,11:00:00,115,71,44,FMN GV 03 Hove
46,Statielei 16,2023-08-05,12:00:00,100,57,43,FMN GV 03 Hove
46,Statielei 16,2023-08-05,13:00:00,63,30,33,FMN GV 03 Hove
46,Statielei 16,2023-08-05,14:00:00,50,25,25,FMN GV 03 Hove
46,Statielei 16,2023-08-05,15:00:00,41,18,23,FMN GV 03 Hove
46,Statielei 16,2023-08-05,16:00:00,43,26,17,FMN GV 03 Hove
46,Statielei 16,2023-08-05,17:00:00,38,20,18,FMN GV 03 Hove
46,Statielei 16,2023-08-05,18:00:00,36,18,18,FMN GV 03 Hove
46,Statielei 16,2023-08-05,19:00:00,32,20,12,FMN GV 03 Hove
46,Statielei 16,2023-08-05,20:00:00,18,10,8,FMN GV 03 Hove
46,Statielei 16,2023-08-05,21:00:00,10,6,4,FMN GV 03 Hove
46,Statielei 16,2023-08-05,22:00:00,17,10,7,FMN GV 03 Hove
46,Statielei 16,2023-08-05,23:00:00,20,12,8,FMN GV 03 Hove
46,Statielei 16,2023-08-06,00:00:00,14,5,9,FMN GV 03 Hove
46,Statielei 16,2023-08-06,01:00:00,13,10,3,FMN GV 03 Hove
46,Statielei 16,2023-08-06,02:00:00,10,5,5,FMN GV 03 Hove
46,Statielei 16,2023-08-06,03:00:00,6,3,3,FMN GV 03 Hove
46,Statielei 16,2023-08-06,04:00:00,5,2,3,FMN GV 03 Hove
46,Statielei 16,2023-08-06,05:00:00,4,4,0,FMN GV 03 Hove
46,Statielei 16,2023-08-06,06:00:00,4,2,2,FMN GV 03 Hove
46,Statielei 16,2023-08-06,07:00:00,6,4,2,FMN GV 03 Hove
46,Statielei 16,2023-08-06,08:00:00,4,1,3,FMN GV 03 Hove
46,Statielei 16,2023-08-06,09:00:00,16,11,5,FMN GV 03 Hove
46,Statielei 16,2023-08-06,10:00:00,27,15,12,FMN GV 03 Hove
46,Statielei 16,2023-08-06,11:00:00,25,13,12,FMN GV 03 Hove
46,Statielei 16,2023-08-06,12:00:00,31,17,14,FMN GV 03 Hove
46,Statielei 16,2023-08-06,13:00:00,31,17,14,FMN GV 03 Hove
46,Statielei 16,2023-08-06,14:00:00,26,14,12,FMN GV 03 Hove
46,Statielei 16,2023-08-06,15:00:00,18,7,11,FMN GV 03 Hove
46,Statielei 16,2023-08-06,16:00:00,16,9,7,FMN GV 03 Hove
46,Statielei 16,2023-08-06,17:00:00,9,7,2,FMN GV 03 Hove
46,Statielei 16,2023-08-06,18:00:00,23,13,10,FMN GV 03 Hove
46,Statielei 16,2023-08-06,19:00:00,21,12,9,FMN GV 03 Hove
46,Statielei 16,2023-08-06,20:00:00,33,22,11,FMN GV 03 Hove
46,Statielei 16,2023-08-06,21:00:00,20,10,10,FMN GV 03 Hove
46,Statielei 16,2023-08-06,22:00:00,18,10,8,FMN GV 03 Hove
46,Statielei 16,2023-08-06,23:00:00,8,2,6,FMN GV 03 Hove
46,Statielei 16,2023-08-07,00:00:00,3,1,2,FMN GV 03 Hove
46,Statielei 16,2023-08-07,01:00:00,3,1,2,FMN GV 03 Hove
46,Statielei 16,2023-08-07,02:00:00,0,0,0,FMN GV 03 Hove
46,Statielei 16,2023-08-07,03:00:00,2,0,2,FMN GV 03 Hove
46,Statielei 16,2023-08-07,04:00:00,13,6,7,FMN GV 03 Hove
46,Statielei 16,2023-08-07,05:00:00,27,14,13,FMN GV 03 Hove
46,Statielei 16,2023-08-07,06:00:00,72,55,17,FMN GV 03 Hove
46,Statielei 16,2023-08-07,07:00:00,190,144,46,FMN GV 03 Hove
46,Statielei 16,2023-08-07,08:00:00,233,177,56,FMN GV 03 Hove
46,Statielei 16,2023-08-07,09:00:00,94,65,29,FMN GV 03 Hove
46,Statielei 16,2023-08-07,10:00:00,87,41,46,FMN GV 03 Hove
46,Statielei 16,2023-08-07,11:00:00,82,52,30,FMN GV 03 Hove
46,Statielei 16,2023-08-07,12:00:00,85,38,47,FMN GV 03 Hove
46,Statielei 16,2023-08-07,13:00:00,141,85,56,FMN GV 03 Hove
46,Statielei 16,2023-08-07,14:00:00,126,79,47,FMN GV 03 Hove
46,Statielei 16,2023-08-07,15:00:00,128,64,64,FMN GV 03 Hove
46,Statielei 16,2023-08-07,16:00:00,220,86,134,FMN GV 03 Hove
46,Statielei 16,2023-08-07,17:00:00,307,105,202,FMN GV 03 Hove
46,Statielei 16,2023-08-07,18:00:00,163,73,90,FMN GV 03 Hove
46,Statielei 16,2023-08-07,19:00:00,121,64,57,FMN GV 03 Hove
46,Statielei 16,2023-08-07,20:00:00,68,39,29,FMN GV 03 Hove
46,Statielei 16,2023-08-07,21:00:00,43,20,23,FMN GV 03 Hove
46,Statielei 16,2023-08-07,22:00:00,43,18,25,FMN GV 03 Hove
46,Statielei 16,2023-08-07,23:00:00,26,7,19,FMN GV 03 Hove
46,Statielei 16,2023-08-08,00:00:00,15,2,13,FMN GV 03 Hove
46,Statielei 16,2023-08-08,01:00:00,5,0,5,FMN GV 03 Hove
46,Statielei 16,2023-08-08,02:00:00,2,1,1,FMN GV 03 Hove
46,Statielei 16,2023-08-08,03:00:00,3,3,0,FMN GV 03 Hove
46,Statielei 16,2023-08-08,04:00:00,13,7,6,FMN GV 03 Hove
46,Statielei 16,2023-08-08,05:00:00,34,24,10,FMN GV 03 Hove
46,Statielei 16,2023-08-08,06:00:00,115,80,35,FMN GV 03 Hove
46,Statielei 16,2023-08-08,07:00:00,249,191,58,FMN GV 03 Hove
46,Statielei 16,2023-08-08,08:00:00,290,216,74,FMN GV 03 Hove
46,Statielei 16,2023-08-08,09:00:00,92,61,31,FMN GV 03 Hove
46,Statielei 16,2023-08-08,10:00:00,64,39,25,FMN GV 03 Hove
46,Statielei 16,2023-08-08,11:00:00,71,52,19,FMN GV 03 Hove
46,Statielei 16,2023-08-08,12:00:00,98,53,45,FMN GV 03 Hove
46,Statielei 16,2023-08-08,13:00:00,104,62,42,FMN GV 03 Hove
46,Statielei 16,2023-08-08,14:00:00,98,54,44,FMN GV 03 Hove
46,Statielei 16,2023-08-08,15:00:00,148,63,85,FMN GV 03 Hove
46,Statielei 16,2023-08-08,16:00:00,238,76,162,FMN GV 03 Hove
46,Statielei 16,2023-08-08,17:00:00,299,105,194,FMN GV 03 Hove
46,Statielei 16,2023-08-08,18:00:00,201,87,114,FMN GV 03 Hove
46,Statielei 16,2023-08-08,19:00:00,75,36,39,FMN GV 03 Hove
46,Statielei 16,2023-08-08,20:00:00,57,21,36,FMN GV 03 Hove
46,Statielei 16,2023-08-08,21:00:00,31,17,14,FMN GV 03 Hove
46,Statielei 16,2023-08-08,22:00:00,53,20,33,FMN GV 03 Hove
46,Statielei 16,2023-08-08,23:00:00,21,7,14,FMN GV 03 Hove
46,Statielei 16,2023-08-09,00:00:00,9,0,9,FMN GV 03 Hove
46,Statielei 16,2023-08-09,01:00:00,5,3,2,FMN GV 03 Hove
46,Statielei 16,2023-08-09,02:00:00,2,1,1,FMN GV 03 Hove
46,Statielei 16,2023-08-09,03:00:00,1,0,1,FMN GV 03 Hove
46,Statielei 16,2023-08-09,04:00:00,12,5,7,FMN GV 03 Hove
46,Statielei 16,2023-08-09,05:00:00,25,15,10,FMN GV 03 Hove
46,Statielei 16,2023-08-09,06:00:00,71,52,19,FMN GV 03 Hove
46,Statielei 16,2023-08-09,07:00:00,184,128,56,FMN GV 03 Hove
46,Statielei 16,2023-08-09,08:00:00,218,161,57,FMN GV 03 Hove
46,Statielei 16,2023-08-09,09:00:00,105,68,37,FMN GV 03 Hove
46,Statielei 16,2023-08-09,10:00:00,149,99,50,FMN GV 03 Hove
46,Statielei 16,2023-08-09,11:00:00,146,77,69,FMN GV 03 Hove
46,Statielei 16,2023-08-09,12:00:00,153,56,97,FMN GV 03 Hove
46,Statielei 16,2023-08-09,13:00:00,141,67,74,FMN GV 03 Hove
46,Statielei 16,2023-08-09,14:00:00,146,73,73,FMN GV 03 Hove
46,Statielei 16,2023-08-09,15:00:00,192,107,85,FMN GV 03 Hove
46,Statielei 16,2023-08-09,16:00:00,215,95,120,FMN GV 03 Hove
46,Statielei 16,2023-08-09,17:00:00,337,153,184,FMN GV 03 Hove
46,Statielei 16,2023-08-09,18:00:00,214,89,125,FMN GV 03 Hove
46,Statielei 16,2023-08-09,19:00:00,152,83,69,FMN GV 03 Hove
46,Statielei 16,2023-08-09,20:00:00,124,80,44,FMN GV 03 Hove
46,Statielei 16,2023-08-09,21:00:00,69,45,24,FMN GV 03 Hove
46,Statielei 16,2023-08-09,22:00:00,57,30,27,FMN GV 03 Hove
46,Statielei 16,2023-08-09,23:00:00,42,18,24,FMN GV 03 Hove
46,Statielei 16,2023-08-10,00:00:00,12,1,11,FMN GV 03 Hove
46,Statielei 16,2023-08-10,01:00:00,9,1,8,FMN GV 03 Hove
46,Statielei 16,2023-08-10,02:00:00,11,10,1,FMN GV 03 Hove
46,Statielei 16,2023-08-10,03:00:00,5,4,1,FMN GV 03 Hove
46,Statielei 16,2023-08-10,04:00:00,12,6,6,FMN GV 03 Hove
46,Statielei 16,2023-08-10,05:00:00,30,19,11,FMN GV 03 Hove
46,Statielei 16,2023-08-10,06:00:00,100,67,33,FMN GV 03 Hove
46,Statielei 16,2023-08-10,07:00:00,250,172,78,FMN GV 03 Hove
46,Statielei 16,2023-08-10,08:00:00,294,216,78,FMN GV 03 Hove
46,Statielei 16,2023-08-10,09:00:00,132,72,60,FMN GV 03 Hove
46,Statielei 16,2023-08-10,10:00:00,125,80,45,FMN GV 03 Hove
46,Statielei 16,2023-08-10,11:00:00,148,83,65,FMN GV 03 Hove
46,Statielei 16,2023-08-10,12:00:00,146,77,69,FMN GV 03 Hove
46,Statielei 16,2023-08-10,13:00:00,160,78,82,FMN GV 03 Hove
46,Statielei 16,2023-08-10,14:00:00,188,87,101,FMN GV 03 Hove
46,Statielei 16,2023-08-10,15:00:00,186,104,82,FMN GV 03 Hove
46,Statielei 16,2023-08-10,16:00:00,288,125,163,FMN GV 03 Hove
46,Statielei 16,2023-08-10,17:00:00,401,165,236,FMN GV 03 Hove
46,Statielei 16,2023-08-10,18:00:00,270,102,168,FMN GV 03 Hove
46,Statielei 16,2023-08-10,19:00:00,153,75,78,FMN GV 03 Hove
46,Statielei 16,2023-08-10,20:00:00,118,62,56,FMN GV 03 Hove
46,Statielei 16,2023-08-10,21:00:00,94,55,39,FMN GV 03 Hove
46,Statielei 16,2023-08-10,22:00:00,86,49,37,FMN GV 03 Hove
46,Statielei 16,2023-08-10,23:00:00,42,19,23,FMN GV 03 Hove
46,Statielei 16,2023-08-11,00:00:00,30,10,20,FMN GV 03 Hove
46,Statielei 16,2023-08-11,01:00:00,17,2,15,FMN GV 03 Hove
46,Statielei 16,2023-08-11,02:00:00,1,1,0,FMN GV 03 Hove
46,Statielei 16,2023-08-11,03:00:00,6,4,2,FMN GV 03 Hove
46,Statielei 16,2023-08-11,04:00:00,14,6,8,FMN GV 03 Hove
46,Statielei 16,2023-08-11,05:00:00,26,18,8,FMN GV 03 Hove
46,Statielei 16,2023-08-11,06:00:00,82,55,27,FMN GV 03 Hove
46,Statielei 16,2023-08-11,07:00:00,161,116,45,FMN GV 03 Hove
46,Statielei 16,2023-08-11,08:00:00,229,162,67,FMN GV 03 Hove
46,Statielei 16,2023-08-11,09:00:00,115,64,51,FMN GV 03 Hove
46,Statielei 16,2023-08-11,10:00:00,140,83,57,FMN GV 03 Hove
46,Statielei 16,2023-08-11,11:00:00,132,68,64,FMN GV 03 Hove
46,Statielei 16,2023-08-11,12:00:00,142,67,75,FMN GV 03 Hove
46,Statielei 16,2023-08-11,13:00:00,176,96,80,FMN GV 03 Hove
46,Statielei 16,2023-08-11,14:00:00,215,94,121,FMN GV 03 Hove
46,Statielei 16,2023-08-11,15:00:00,181,89,92,FMN GV 03 Hove
46,Statielei 16,2023-08-11,16:00:00,263,102,161,FMN GV 03 Hove
46,Statielei 16,2023-08-11,17:00:00,254,115,139,FMN GV 03 Hove
46,Statielei 16,2023-08-11,18:00:00,207,106,101,FMN GV 03 Hove
46,Statielei 16,2023-08-11,19:00:00,94,46,48,FMN GV 03 Hove
46,Statielei 16,2023-08-11,20:00:00,59,33,26,FMN GV 03 Hove
46,Statielei 16,2023-08-11,21:00:00,48,26,22,FMN GV 03 Hove
46,Statielei 16,2023-08-11,22:00:00,50,25,25,FMN GV 03 Hove
46,Statielei 16,2023-08-11,23:00:00,36,10,26,FMN GV 03 Hove
46,Statielei 16,2023-08-12,00:00:00,35,12,23,FMN GV 03 Hove
46,Statielei 16,2023-08-12,01:00:00,20,5,15,FMN GV 03 Hove
46,Statielei 16,2023-08-12,02:00:00,15,7,8,FMN GV 03 Hove
46,Statielei 16,2023-08-12,03:00:00,5,3,2,FMN GV 03 Hove
46,Statielei 16,2023-08-12,04:00:00,12,5,7,FMN GV 03 Hove
46,Statielei 16,2023-08-12,05:00:00,13,6,7,FMN GV 03 Hove
46,Statielei 16,2023-08-12,06:00:00,14,8,6,FMN GV 03 Hove
46,Statielei 16,2023-08-12,07:00:00,16,6,10,FMN GV 03 Hove
46,Statielei 16,2023-08-12,08:00:00,28,12,16,FMN GV 03 Hove
46,Statielei 16,2023-08-12,09:00:00,45,16,29,FMN GV 03 Hove
46,Statielei 16,2023-08-12,10:00:00,35,20,15,FMN GV 03 Hove
46,Statielei 16,2023-08-12,11:00:00,54,28,26,FMN GV 03 Hove
46,Statielei 16,2023-08-12,12:00:00,117,63,54,FMN GV 03 Hove
46,Statielei 16,2023-08-12,13:00:00,138,77,61,FMN GV 03 Hove
46,Statielei 16,2023-08-12,14:00:00,197,127,70,FMN GV 03 Hove
46,Statielei 16,2023-08-12,15:00:00,166,90,76,FMN GV 03 Hove
46,Statielei 16,2023-08-12,16:00:00,102,48,54,FMN GV 03 Hove
46,Statielei 16,2023-08-12,17:00:00,142,70,72,FMN GV 03 Hove
46,Statielei 16,2023-08-12,18:00:00,115,56,59,FMN GV 03 Hove
46,Statielei 16,2023-08-12,19:00:00,77,36,41,FMN GV 03 Hove
46,Statielei 16,2023-08-12,20:00:00,77,45,32,FMN GV 03 Hove
46,Statielei 16,2023-08-12,21:00:00,48,22,26,FMN GV 03 Hove
46,Statielei 16,2023-08-12,22:00:00,45,21,24,FMN GV 03 Hove
46,Statielei 16,2023-08-12,23:00:00,43,18,25,FMN GV 03 Hove
46,Statielei 16,2023-08-13,00:00:00,25,5,20,FMN GV 03 Hove
46,Statielei 16,2023-08-13,01:00:00,11,5,6,FMN GV 03 Hove
46,Statielei 16,2023-08-13,02:00:00,13,4,9,FMN GV 03 Hove
46,Statielei 16,2023-08-13,03:00:00,11,3,8,FMN GV 03 Hove
46,Statielei 16,2023-08-13,04:00:00,7,4,3,FMN GV 03 Hove
46,Statielei 16,2023-08-13,05:00:00,10,5,5,FMN GV 03 Hove
46,Statielei 16,2023-08-13,06:00:00,11,9,2,FMN GV 03 Hove
46,Statielei 16,2023-08-13,07:00:00,39,19,20,FMN GV 03 Hove
46,Statielei 16,2023-08-13,08:00:00,45,22,23,FMN GV 03 Hove
46,Statielei 16,2023-08-13,09:00:00,75,32,43,FMN GV 03 Hove
46,Statielei 16,2023-08-13,10:00:00,129,65,64,FMN GV 03 Hove
46,Statielei 16,2023-08-13,11:00:00,150,67,83,FMN GV 03 Hove
46,Statielei 16,2023-08-13,12:00:00,171,94,77,FMN GV 03 Hove
46,Statielei 16,2023-08-13,13:00:00,171,107,64,FMN GV 03 Hove
46,Statielei 16,2023-08-13,14:00:00,228,118,110,FMN GV 03 Hove
46,Statielei 16,2023-08-13,15:00:00,221,121,100,FMN GV 03 Hove
46,Statielei 16,2023-08-13,16:00:00,148,85,63,FMN GV 03 Hove
46,Statielei 16,2023-08-13,17:00:00,141,75,66,FMN GV 03 Hove
46,Statielei 16,2023-08-13,18:00:00,135,69,66,FMN GV 03 Hove
46,Statielei 16,2023-08-13,19:00:00,102,49,53,FMN GV 03 Hove
46,Statielei 16,2023-08-13,20:00:00,72,37,35,FMN GV 03 Hove
46,Statielei 16,2023-08-13,21:00:00,52,30,22,FMN GV 03 Hove
46,Statielei 16,2023-08-13,22:00:00,33,16,17,FMN GV 03 Hove
46,Statielei 16,2023-08-13,23:00:00,20,7,13,FMN GV 03 Hove
46,Statielei 16,2023-08-14,00:00:00,14,6,8,FMN GV 03 Hove
46,Statielei 16,2023-08-14,01:00:00,3,2,1,FMN GV 03 Hove
46,Statielei 16,2023-08-14,02:00:00,0,0,0,FMN GV 03 Hove
46,Statielei 16,2023-08-14,03:00:00,2,0,2,FMN GV 03 Hove
46,Statielei 16,2023-08-14,04:00:00,11,4,7,FMN GV 03 Hove
46,Statielei 16,2023-08-14,05:00:00,15,9,6,FMN GV 03 Hove
46,Statielei 16,2023-08-14,06:00:00,49,33,16,FMN GV 03 Hove
46,Statielei 16,2023-08-14,07:00:00,114,76,38,FMN GV 03 Hove
46,Statielei 16,2023-08-14,08:00:00,123,81,42,FMN GV 03 Hove
46,Statielei 16,2023-08-14,09:00:00,101,57,44,FMN GV 03 Hove
46,Statielei 16,2023-08-14,10:00:00,140,83,57,FMN GV 03 Hove
46,Statielei 16,2023-08-14,11:00:00,127,68,59,FMN GV 03 Hove
46,Statielei 16,2023-08-14,12:00:00,152,91,61,FMN GV 03 Hove
46,Statielei 16,2023-08-14,13:00:00,180,93,87,FMN GV 03 Hove
46,Statielei 16,2023-08-14,14:00:00,208,116,92,FMN GV 03 Hove
46,Statielei 16,2023-08-14,15:00:00,185,96,89,FMN GV 03 Hove
46,Statielei 16,2023-08-14,16:00:00,223,103,120,FMN GV 03 Hove
46,Statielei 16,2023-08-14,17:00:00,263,117,146,FMN GV 03 Hove
46,Statielei 16,2023-08-14,18:00:00,148,80,68,FMN GV 03 Hove
46,Statielei 16,2023-08-14,19:00:00,110,48,62,FMN GV 03 Hove
46,Statielei 16,2023-08-14,20:00:00,86,46,40,FMN GV 03 Hove
46,Statielei 16,2023-08-14,21:00:00,79,40,39,FMN GV 03 Hove
46,Statielei 16,2023-08-14,22:00:00,59,32,27,FMN GV 03 Hove
46,Statielei 16,2023-08-14,23:00:00,44,17,27,FMN GV 03 Hove
46,Statielei 16,2023-08-15,00:00:00,17,9,8,FMN GV 03 Hove
46,Statielei 16,2023-08-15,01:00:00,20,10,10,FMN GV 03 Hove
46,Statielei 16,2023-08-15,02:00:00,4,1,3,FMN GV 03 Hove
46,Statielei 16,2023-08-15,03:00:00,3,2,1,FMN GV 03 Hove
46,Statielei 16,2023-08-15,04:00:00,7,5,2,FMN GV 03 Hove
46,Statielei 16,2023-08-15,05:00:00,8,7,1,FMN GV 03 Hove
46,Statielei 16,2023-08-15,06:00:00,11,6,5,FMN GV 03 Hove
46,Statielei 16,2023-08-15,07:00:00,21,7,14,FMN GV 03 Hove
46,Statielei 16,2023-08-15,08:00:00,52,27,25,FMN GV 03 Hove
46,Statielei 16,2023-08-15,09:00:00,107,62,45,FMN GV 03 Hove
46,Statielei 16,2023-08-15,10:00:00,186,93,93,FMN GV 03 Hove
46,Statielei 16,2023-08-15,11:00:00,237,138,99,FMN GV 03 Hove
46,Statielei 16,2023-08-15,12:00:00,221,142,79,FMN GV 03 Hove
46,Statielei 16,2023-08-15,13:00:00,205,124,81,FMN GV 03 Hove
46,Statielei 16,2023-08-15,14:00:00,260,122,138,FMN GV 03 Hove
46,Statielei 16,2023-08-15,15:00:00,271,120,151,FMN GV 03 Hove
46,Statielei 16,2023-08-15,16:00:00,225,124,101,FMN GV 03 Hove
46,Statielei 16,2023-08-15,17:00:00,173,77,96,FMN GV 03 Hove
46,Statielei 16,2023-08-15,18:00:00,162,77,85,FMN GV 03 Hove
46,Statielei 16,2023-08-15,19:00:00,149,86,63,FMN GV 03 Hove
46,Statielei 16,2023-08-15,20:00:00,117,62,55,FMN GV 03 Hove
46,Statielei 16,2023-08-15,21:00:00,93,56,37,FMN GV 03 Hove
46,Statielei 16,2023-08-15,22:00:00,50,25,25,FMN GV 03 Hove
46,Statielei 16,2023-08-15,23:00:00,19,8,11,FMN GV 03 Hove
46,Statielei 16,2023-08-16,00:00:00,14,4,10,FMN GV 03 Hove
46,Statielei 16,2023-08-16,01:00:00,0,0,0,FMN GV 03 Hove
46,Statielei 16,2023-08-16,02:00:00,2,2,0,FMN GV 03 Hove
46,Statielei 16,2023-08-16,03:00:00,2,1,1,FMN GV 03 Hove
46,Statielei 16,2023-08-16,04:00:00,12,4,8,FMN GV 03 Hove
46,Statielei 16,2023-08-16,05:00:00,23,13,10,FMN GV 03 Hove
46,Statielei 16,2023-08-16,06:00:00,85,57,28,FMN GV 03 Hove
46,Statielei 16,2023-08-16,07:00:00,230,173,57,FMN GV 03 Hove
46,Statielei 16,2023-08-16,08:00:00,283,220,63,FMN GV 03 Hove
46,Statielei 16,2023-08-16,09:00:00,179,121,58,FMN GV 03 Hove
46,Statielei 16,2023-08-16,10:00:00,220,128,92,FMN GV 03 Hove
46,Statielei 16,2023-08-16,11:00:00,180,96,84,FMN GV 03 Hove
46,Statielei 16,2023-08-16,12:00:00,143,62,81,FMN GV 03 Hove
46,Statielei 16,2023-08-16,13:00:00,121,57,64,FMN GV 03 Hove
46,Statielei 16,2023-08-16,14:00:00,152,78,74,FMN GV 03 Hove
46,Statielei 16,2023-08-16,15:00:00,185,86,99,FMN GV 03 Hove
46,Statielei 16,2023-08-16,16:00:00,207,74,133,FMN GV 03 Hove
46,Statielei 16,2023-08-16,17:00:00,343,109,234,FMN GV 03 Hove
46,Statielei 16,2023-08-16,18:00:00,220,106,114,FMN GV 03 Hove
46,Statielei 16,2023-08-16,19:00:00,121,57,64,FMN GV 03 Hove
46,Statielei 16,2023-08-16,20:00:00,129,73,56,FMN GV 03 Hove
46,Statielei 16,2023-08-16,21:00:00,68,36,32,FMN GV 03 Hove
46,Statielei 16,2023-08-16,22:00:00,71,34,37,FMN GV 03 Hove
46,Statielei 16,2023-08-16,23:00:00,30,18,12,FMN GV 03 Hove
46,Statielei 16,2023-08-17,00:00:00,21,5,16,FMN GV 03 Hove
46,Statielei 16,2023-08-17,01:00:00,5,2,3,FMN GV 03 Hove
46,Statielei 16,2023-08-17,02:00:00,4,3,1,FMN GV 03 Hove
46,Statielei 16,2023-08-17,03:00:00,1,1,0,FMN GV 03 Hove
46,Statielei 16,2023-08-17,04:00:00,11,7,4,FMN GV 03 Hove
46,Statielei 16,2023-08-17,05:00:00,19,11,8,FMN GV 03 Hove
46,Statielei 16,2023-08-17,06:00:00,92,56,36,FMN GV 03 Hove
46,Statielei 16,2023-08-17,07:00:00,261,180,81,FMN GV 03 Hove
46,Statielei 16,2023-08-17,08:00:00,337,250,87,FMN GV 03 Hove
46,Statielei 16,2023-08-17,09:00:00,136,91,45,FMN GV 03 Hove
46,Statielei 16,2023-08-17,10:00:00,153,102,51,FMN GV 03 Hove
46,Statielei 16,2023-08-17,11:00:00,105,58,47,FMN GV 03 Hove
46,Statielei 16,2023-08-17,12:00:00,115,63,52,FMN GV 03 Hove
46,Statielei 16,2023-08-17,13:00:00,154,90,64,FMN GV 03 Hove
46,Statielei 16,2023-08-17,14:00:00,139,75,64,FMN GV 03 Hove
46,Statielei 16,2023-08-17,15:00:00,154,61,93,FMN GV 03 Hove
46,Statielei 16,2023-08-17,16:00:00,252,78,174,FMN GV 03 Hove
46,Statielei 16,2023-08-17,17:00:00,353,117,236,FMN GV 03 Hove
46,Statielei 16,2023-08-17,18:00:00,249,104,145,FMN GV 03 Hove
46,Statielei 16,2023-08-17,19:00:00,114,54,60,FMN GV 03 Hove
46,Statielei 16,2023-08-17,20:00:00,99,47,52,FMN GV 03 Hove
46,Statielei 16,2023-08-17,21:00:00,50,28,22,FMN GV 03 Hove
46,Statielei 16,2023-08-17,22:00:00,57,23,34,FMN GV 03 Hove
46,Statielei 16,2023-08-17,23:00:00,39,18,21,FMN GV 03 Hove
46,Statielei 16,2023-08-18,00:00:00,26,18,8,FMN GV 03 Hove
46,Statielei 16,2023-08-18,01:00:00,4,1,3,FMN GV 03 Hove
46,Statielei 16,2023-08-18,02:00:00,3,2,1,FMN GV 03 Hove
46,Statielei 16,2023-08-18,03:00:00,3,1,2,FMN GV 03 Hove
46,Statielei 16,2023-08-18,04:00:00,11,5,6,FMN GV 03 Hove
46,Statielei 16,2023-08-18,05:00:00,18,10,8,FMN GV 03 Hove
46,Statielei 16,2023-08-18,06:00:00,97,61,36,FMN GV 03 Hove
46,Statielei 16,2023-08-18,07:00:00,195,132,63,FMN GV 03 Hove
46,Statielei 16,2023-08-18,08:00:00,242,185,57,FMN GV 03 Hove
46,Statielei 16,2023-08-18,09:00:00,116,69,47,FMN GV 03 Hove
46,Statielei 16,2023-08-18,10:00:00,119,58,61,FMN GV 03 Hove
46,Statielei 16,2023-08-18,11:00:00,110,61,49,FMN GV 03 Hove
46,Statielei 16,2023-08-18,12:00:00,147,85,62,FMN GV 03 Hove
46,Statielei 16,2023-08-18,13:00:00,150,81,69,FMN GV 03 Hove
46,Statielei 16,2023-08-18,14:00:00,152,80,72,FMN GV 03 Hove
46,Statielei 16,2023-08-18,15:00:00,175,80,95,FMN GV 03 Hove
46,Statielei 16,2023-08-18,16:00:00,246,108,138,FMN GV 03 Hove
46,Statielei 16,2023-08-18,17:00:00,328,123,205,FMN GV 03 Hove
46,Statielei 16,2023-08-18,18:00:00,222,97,125,FMN GV 03 Hove
46,Statielei 16,2023-08-18,19:00:00,155,105,50,FMN GV 03 Hove
46,Statielei 16,2023-08-18,20:00:00,109,68,41,FMN GV 03 Hove
46,Statielei 16,2023-08-18,21:00:00,76,30,46,FMN GV 03 Hove
46,Statielei 16,2023-08-18,22:00:00,57,23,34,FMN GV 03 Hove
46,Statielei 16,2023-08-18,23:00:00,55,22,33,FMN GV 03 Hove
46,Statielei 16,2023-08-19,00:00:00,52,5,47,FMN GV 03 Hove
46,Statielei 16,2023-08-19,01:00:00,36,5,31,FMN GV 03 Hove
46,Statielei 16,2023-08-19,02:00:00,14,3,11,FMN GV 03 Hove
46,Statielei 16,2023-08-19,03:00:00,11,1,10,FMN GV 03 Hove
46,Statielei 16,2023-08-19,04:00:00,11,6,5,FMN GV 03 Hove
46,Statielei 16,2023-08-19,05:00:00,15,9,6,FMN GV 03 Hove
46,Statielei 16,2023-08-19,06:00:00,21,13,8,FMN GV 03 Hove
46,Statielei 16,2023-08-19,07:00:00,19,8,11,FMN GV 03 Hove
46,Statielei 16,2023-08-19,08:00:00,39,18,21,FMN GV 03 Hove
46,Statielei 16,2023-08-19,09:00:00,102,43,59,FMN GV 03 Hove
46,Statielei 16,2023-08-19,10:00:00,114,65,49,FMN GV 03 Hove
46,Statielei 16,2023-08-19,11:00:00,145,66,79,FMN GV 03 Hove
46,Statielei 16,2023-08-19,12:00:00,122,63,59,FMN GV 03 Hove
46,Statielei 16,2023-08-19,13:00:00,183,105,78,FMN GV 03 Hove
46,Statielei 16,2023-08-19,14:00:00,141,78,63,FMN GV 03 Hove
46,Statielei 16,2023-08-19,15:00:00,185,85,100,FMN GV 03 Hove
46,Statielei 16,2023-08-19,16:00:00,161,108,53,FMN GV 03 Hove
46,Statielei 16,2023-08-19,17:00:00,162,90,72,FMN GV 03 Hove
46,Statielei 16,2023-08-19,18:00:00,158,86,72,FMN GV 03 Hove
46,Statielei 16,2023-08-19,19:00:00,91,49,42,FMN GV 03 Hove
46,Statielei 16,2023-08-19,20:00:00,98,46,52,FMN GV 03 Hove
46,Statielei 16,2023-08-19,21:00:00,72,28,44,FMN GV 03 Hove
46,Statielei 16,2023-08-19,22:00:00,54,25,29,FMN GV 03 Hove
46,Statielei 16,2023-08-19,23:00:00,49,19,30,FMN GV 03 Hove
46,Statielei 16,2023-08-20,00:00:00,39,13,26,FMN GV 03 Hove
46,Statielei 16,2023-08-20,01:00:00,29,22,7,FMN GV 03 Hove
46,Statielei 16,2023-08-20,02:00:00,22,9,13,FMN GV 03 Hove
46,Statielei 16,2023-08-20,03:00:00,10,4,6,FMN GV 03 Hove
46,Statielei 16,2023-08-20,04:00:00,10,3,7,FMN GV 03 Hove
46,Statielei 16,2023-08-20,05:00:00,15,5,10,FMN GV 03 Hove
46,Statielei 16,2023-08-20,06:00:00,10,7,3,FMN GV 03 Hove
46,Statielei 16,2023-08-20,07:00:00,45,19,26,FMN GV 03 Hove
46,Statielei 16,2023-08-20,08:00:00,47,20,27,FMN GV 03 Hove
46,Statielei 16,2023-08-20,09:00:00,142,72,70,FMN GV 03 Hove
46,Statielei 16,2023-08-20,10:00:00,182,84,98,FMN GV 03 Hove
46,Statielei 16,2023-08-20,11:00:00,223,129,94,FMN GV 03 Hove
46,Statielei 16,2023-08-20,12:00:00,265,145,120,FMN GV 03 Hove
46,Statielei 16,2023-08-20,13:00:00,293,138,155,FMN GV 03 Hove
46,Statielei 16,2023-08-20,14:00:00,359,145,214,FMN GV 03 Hove
46,Statielei 16,2023-08-20,15:00:00,288,120,168,FMN GV 03 Hove
46,Statielei 16,2023-08-20,16:00:00,229,120,109,FMN GV 03 Hove
46,Statielei 16,2023-08-20,17:00:00,199,94,105,FMN GV 03 Hove
46,Statielei 16,2023-08-20,18:00:00,148,83,65,FMN GV 03 Hove
46,Statielei 16,2023-08-20,19:00:00,119,64,55,FMN GV 03 Hove
46,Statielei 16,2023-08-20,20:00:00,98,62,36,FMN GV 03 Hove
46,Statielei 16,2023-08-20,21:00:00,101,67,34,FMN GV 03 Hove
46,Statielei 16,2023-08-20,22:00:00,41,16,25,FMN GV 03 Hove
46,Statielei 16,2023-08-20,23:00:00,26,13,13,FMN GV 03 Hove
46,Statielei 16,2023-08-21,00:00:00,5,0,5,FMN GV 03 Hove
46,Statielei 16,2023-08-21,01:00:00,8,2,6,FMN GV 03 Hove
46,Statielei 16,2023-08-21,02:00:00,4,1,3,FMN GV 03 Hove
46,Statielei 16,2023-08-21,03:00:00,5,4,1,FMN GV 03 Hove
46,Statielei 16,2023-08-21,04:00:00,9,4,5,FMN GV 03 Hove
46,Statielei 16,2023-08-21,05:00:00,25,14,11,FMN GV 03 Hove
46,Statielei 16,2023-08-21,06:00:00,115,77,38,FMN GV 03 Hove
46,Statielei 16,2023-08-21,07:00:00,266,203,63,FMN GV 03 Hove
46,Statielei 16,2023-08-21,08:00:00,307,230,77,FMN GV 03 Hove
46,Statielei 16,2023-08-21,09:00:00,144,89,55,FMN GV 03 Hove
46,Statielei 16,2023-08-21,10:00:00,102,63,39,FMN GV 03 Hove
46,Statielei 16,2023-08-21,11:00:00,104,64,40,FMN GV 03 Hove
46,Statielei 16,2023-08-21,12:00:00,150,69,81,FMN GV 03 Hove
46,Statielei 16,2023-08-21,13:00:00,181,99,82,FMN GV 03 Hove
46,Statielei 16,2023-08-21,14:00:00,180,96,84,FMN GV 03 Hove
46,Statielei 16,2023-08-21,15:00:00,166,71,95,FMN GV 03 Hove
46,Statielei 16,2023-08-21,16:00:00,271,93,178,FMN GV 03 Hove
46,Statielei 16,2023-08-21,17:00:00,381,139,242,FMN GV 03 Hove
46,Statielei 16,2023-08-21,18:00:00,253,105,148,FMN GV 03 Hove
46,Statielei 16,2023-08-21,19:00:00,141,61,80,FMN GV 03 Hove
46,Statielei 16,2023-08-21,20:00:00,99,55,44,FMN GV 03 Hove
46,Statielei 16,2023-08-21,21:00:00,79,50,29,FMN GV 03 Hove
46,Statielei 16,2023-08-21,22:00:00,62,32,30,FMN GV 03 Hove
46,Statielei 16,2023-08-21,23:00:00,36,15,21,FMN GV 03 Hove
46,Statielei 16,2023-08-22,00:00:00,5,1,4,FMN GV 03 Hove
46,Statielei 16,2023-08-22,01:00:00,12,5,7,FMN GV 03 Hove
46,Statielei 16,2023-08-22,02:00:00,6,6,0,FMN GV 03 Hove
46,Statielei 16,2023-08-22,03:00:00,5,2,3,FMN GV 03 Hove
46,Statielei 16,2023-08-22,04:00:00,9,3,6,FMN GV 03 Hove
46,Statielei 16,2023-08-22,05:00:00,31,16,15,FMN GV 03 Hove
46,Statielei 16,2023-08-22,06:00:00,131,86,45,FMN GV 03 Hove
46,Statielei 16,2023-08-22,07:00:00,290,210,80,FMN GV 03 Hove
46,Statielei 16,2023-08-22,08:00:00,385,273,112,FMN GV 03 Hove
46,Statielei 16,2023-08-22,09:00:00,202,132,70,FMN GV 03 Hove
46,Statielei 16,2023-08-22,10:00:00,113,67,46,FMN GV 03 Hove
46,Statielei 16,2023-08-22,11:00:00,116,57,59,FMN GV 03 Hove
46,Statielei 16,2023-08-22,12:00:00,147,78,69,FMN GV 03 Hove
46,Statielei 16,2023-08-22,13:00:00,183,109,74,FMN GV 03 Hove
46,Statielei 16,2023-08-22,14:00:00,180,96,84,FMN GV 03 Hove
46,Statielei 16,2023-08-22,15:00:00,186,86,100,FMN GV 03 Hove
46,Statielei 16,2023-08-22,16:00:00,332,111,221,FMN GV 03 Hove
46,Statielei 16,2023-08-22,17:00:00,421,144,277,FMN GV 03 Hove
46,Statielei 16,2023-08-22,18:00:00,330,155,175,FMN GV 03 Hove
46,Statielei 16,2023-08-22,19:00:00,177,101,76,FMN GV 03 Hove
46,Statielei 16,2023-08-22,20:00:00,123,65,58,FMN GV 03 Hove
46,Statielei 16,2023-08-22,21:00:00,95,46,49,FMN GV 03 Hove
46,Statielei 16,2023-08-22,22:00:00,62,26,36,FMN GV 03 Hove
46,Statielei 16,2023-08-22,23:00:00,62,13,49,FMN GV 03 Hove
46,Statielei 16,2023-08-23,00:00:00,19,1,18,FMN GV 03 Hove
46,Statielei 16,2023-08-23,01:00:00,13,2,11,FMN GV 03 Hove
46,Statielei 16,2023-08-23,02:00:00,6,3,3,FMN GV 03 Hove
46,Statielei 16,2023-08-23,03:00:00,3,2,1,FMN GV 03 Hove
46,Statielei 16,2023-08-23,04:00:00,8,5,3,FMN GV 03 Hove
46,Statielei 16,2023-08-23,05:00:00,34,17,17,FMN GV 03 Hove
46,Statielei 16,2023-08-23,06:00:00,129,91,38,FMN GV 03 Hove
46,Statielei 16,2023-08-23,07:00:00,260,189,71,FMN GV 03 Hove
46,Statielei 16,2023-08-23,08:00:00,343,252,91,FMN GV 03 Hove
46,Statielei 16,2023-08-23,09:00:00,241,158,83,FMN GV 03 Hove
46,Statielei 16,2023-08-23,10:00:00,202,134,68,FMN GV 03 Hove
46,Statielei 16,2023-08-23,11:00:00,183,90,93,FMN GV 03 Hove
46,Statielei 16,2023-08-23,12:00:00,175,81,94,FMN GV 03 Hove
46,Statielei 16,2023-08-23,13:00:00,175,97,78,FMN GV 03 Hove
46,Statielei 16,2023-08-23,14:00:00,185,93,92,FMN GV 03 Hove
46,Statielei 16,2023-08-23,15:00:00,250,110,140,FMN GV 03 Hove
46,Statielei 16,2023-08-23,16:00:00,294,94,200,FMN GV 03 Hove
46,Statielei 16,2023-08-23,17:00:00,396,155,241,FMN GV 03 Hove
46,Statielei 16,2023-08-23,18:00:00,296,115,181,FMN GV 03 Hove
46,Statielei 16,2023-08-23,19:00:00,201,95,106,FMN GV 03 Hove
46,Statielei 16,2023-08-23,20:00:00,157,94,63,FMN GV 03 Hove
46,Statielei 16,2023-08-23,21:00:00,92,54,38,FMN GV 03 Hove
46,Statielei 16,2023-08-23,22:00:00,68,34,34,FMN GV 03 Hove
46,Statielei 16,2023-08-23,23:00:00,54,15,39,FMN GV 03 Hove
46,Statielei 16,2023-08-24,00:00:00,28,8,20,FMN GV 03 Hove
46,Statielei 16,2023-08-24,01:00:00,4,1,3,FMN GV 03 Hove
46,Statielei 16,2023-08-24,02:00:00,7,3,4,FMN GV 03 Hove
46,Statielei 16,2023-08-24,03:00:00,1,1,0,FMN GV 03 Hove
46,Statielei 16,2023-08-24,04:00:00,12,4,8,FMN GV 03 Hove
46,Statielei 16,2023-08-24,05:00:00,33,18,15,FMN GV 03 Hove
46,Statielei 16,2023-08-24,06:00:00,106,73,33,FMN GV 03 Hove
46,Statielei 16,2023-08-24,07:00:00,243,181,62,FMN GV 03 Hove
46,Statielei 16,2023-08-24,08:00:00,338,246,92,FMN GV 03 Hove
46,Statielei 16,2023-08-24,09:00:00,188,119,69,FMN GV 03 Hove
46,Statielei 16,2023-08-24,10:00:00,116,63,53,FMN GV 03 Hove
46,Statielei 16,2023-08-24,11:00:00,76,40,36,FMN GV 03 Hove
46,Statielei 16,2023-08-24,12:00:00,92,57,35,FMN GV 03 Hove
46,Statielei 16,2023-08-24,13:00:00,80,33,47,FMN GV 03 Hove
46,Statielei 16,2023-08-24,14:00:00,130,50,80,FMN GV 03 Hove
46,Statielei 16,2023-08-24,15:00:00,110,42,68,FMN GV 03 Hove
46,Statielei 16,2023-08-24,16:00:00,208,65,143,FMN GV 03 Hove
46,Statielei 16,2023-08-24,17:00:00,311,110,201,FMN GV 03 Hove
46,Statielei 16,2023-08-24,18:00:00,227,87,140,FMN GV 03 Hove
46,Statielei 16,2023-08-24,19:00:00,122,61,61,FMN GV 03 Hove
46,Statielei 16,2023-08-24,20:00:00,73,35,38,FMN GV 03 Hove
46,Statielei 16,2023-08-24,21:00:00,61,36,25,FMN GV 03 Hove
46,Statielei 16,2023-08-24,22:00:00,61,28,33,FMN GV 03 Hove
46,Statielei 16,2023-08-24,23:00:00,37,19,18,FMN GV 03 Hove
46,Statielei 16,2023-08-25,00:00:00,12,3,9,FMN GV 03 Hove
46,Statielei 16,2023-08-25,01:00:00,6,4,2,FMN GV 03 Hove
46,Statielei 16,2023-08-25,02:00:00,6,3,3,FMN GV 03 Hove
46,Statielei 16,2023-08-25,03:00:00,3,3,0,FMN GV 03 Hove
46,Statielei 16,2023-08-25,04:00:00,13,7,6,FMN GV 03 Hove
46,Statielei 16,2023-08-25,05:00:00,28,17,11,FMN GV 03 Hove
46,Statielei 16,2023-08-25,06:00:00,76,52,24,FMN GV 03 Hove
46,Statielei 16,2023-08-25,07:00:00,192,138,54,FMN GV 03 Hove
46,Statielei 16,2023-08-25,08:00:00,157,112,45,FMN GV 03 Hove
46,Statielei 16,2023-08-25,09:00:00,82,59,23,FMN GV 03 Hove
46,Statielei 16,2023-08-25,10:00:00,54,32,22,FMN GV 03 Hove
46,Statielei 16,2023-08-25,11:00:00,82,50,32,FMN GV 03 Hove
46,Statielei 16,2023-08-25,12:00:00,108,64,44,FMN GV 03 Hove
46,Statielei 16,2023-08-25,13:00:00,101,54,47,FMN GV 03 Hove
46,Statielei 16,2023-08-25,14:00:00,108,52,56,FMN GV 03 Hove
46,Statielei 16,2023-08-25,15:00:00,128,54,74,FMN GV 03 Hove
46,Statielei 16,2023-08-25,16:00:00,175,58,117,FMN GV 03 Hove
46,Statielei 16,2023-08-25,17:00:00,200,61,139,FMN GV 03 Hove
46,Statielei 16,2023-08-25,18:00:00,123,55,68,FMN GV 03 Hove
46,Statielei 16,2023-08-25,19:00:00,83,34,49,FMN GV 03 Hove
46,Statielei 16,2023-08-25,20:00:00,68,37,31,FMN GV 03 Hove
46,Statielei 16,2023-08-25,21:00:00,66,28,38,FMN GV 03 Hove
46,Statielei 16,2023-08-25,22:00:00,40,20,20,FMN GV 03 Hove
46,Statielei 16,2023-08-25,23:00:00,32,21,11,FMN GV 03 Hove
46,Statielei 16,2023-08-26,00:00:00,35,15,20,FMN GV 03 Hove
46,Statielei 16,2023-08-26,01:00:00,27,16,11,FMN GV 03 Hove
46,Statielei 16,2023-08-26,02:00:00,16,9,7,FMN GV 03 Hove
46,Statielei 16,2023-08-26,03:00:00,18,13,5,FMN GV 03 Hove
46,Statielei 16,2023-08-26,04:00:00,16,9,7,FMN GV 03 Hove
46,Statielei 16,2023-08-26,05:00:00,11,8,3,FMN GV 03 Hove
46,Statielei 16,2023-08-26,06:00:00,20,12,8,FMN GV 03 Hove
46,Statielei 16,2023-08-26,07:00:00,19,10,9,FMN GV 03 Hove
46,Statielei 16,2023-08-26,08:00:00,44,23,21,FMN GV 03 Hove
46,Statielei 16,2023-08-26,09:00:00,111,58,53,FMN GV 03 Hove
46,Statielei 16,2023-08-26,10:00:00,166,98,68,FMN GV 03 Hove
46,Statielei 16,2023-08-26,11:00:00,155,85,70,FMN GV 03 Hove
46,Statielei 16,2023-08-26,12:00:00,171,99,72,FMN GV 03 Hove
46,Statielei 16,2023-08-26,13:00:00,194,112,82,FMN GV 03 Hove
46,Statielei 16,2023-08-26,14:00:00,192,106,86,FMN GV 03 Hove
46,Statielei 16,2023-08-26,15:00:00,171,86,85,FMN GV 03 Hove
46,Statielei 16,2023-08-26,16:00:00,122,64,58,FMN GV 03 Hove
46,Statielei 16,2023-08-26,17:00:00,115,46,69,FMN GV 03 Hove
46,Statielei 16,2023-08-26,18:00:00,102,44,58,FMN GV 03 Hove
46,Statielei 16,2023-08-26,19:00:00,61,19,42,FMN GV 03 Hove
46,Statielei 16,2023-08-26,20:00:00,79,33,46,FMN GV 03 Hove
46,Statielei 16,2023-08-26,21:00:00,68,21,47,FMN GV 03 Hove
46,Statielei 16,2023-08-26,22:00:00,34,13,21,FMN GV 03 Hove
46,Statielei 16,2023-08-26,23:00:00,44,27,17,FMN GV 03 Hove
46,Statielei 16,2023-08-27,00:00:00,32,22,10,FMN GV 03 Hove
46,Statielei 16,2023-08-27,01:00:00,40,35,5,FMN GV 03 Hove
46,Statielei 16,2023-08-27,02:00:00,49,42,7,FMN GV 03 Hove
46,Statielei 16,2023-08-27,03:00:00,20,9,11,FMN GV 03 Hove
46,Statielei 16,2023-08-27,04:00:00,12,11,1,FMN GV 03 Hove
46,Statielei 16,2023-08-27,05:00:00,10,6,4,FMN GV 03 Hove
46,Statielei 16,2023-08-27,06:00:00,14,12,2,FMN GV 03 Hove
46,Statielei 16,2023-08-27,07:00:00,25,8,17,FMN GV 03 Hove
46,Statielei 16,2023-08-27,08:00:00,45,23,22,FMN GV 03 Hove
46,Statielei 16,2023-08-27,09:00:00,131,50,81,FMN GV 03 Hove
46,Statielei 16,2023-08-27,10:00:00,186,101,85,FMN GV 03 Hove
46,Statielei 16,2023-08-27,11:00:00,165,97,68,FMN GV 03 Hove
46,Statielei 16,2023-08-27,12:00:00,183,112,71,FMN GV 03 Hove
46,Statielei 16,2023-08-27,13:00:00,149,84,65,FMN GV 03 Hove
46,Statielei 16,2023-08-27,14:00:00,121,70,51,FMN GV 03 Hove
46,Statielei 16,2023-08-27,15:00:00,114,74,40,FMN GV 03 Hove
46,Statielei 16,2023-08-27,16:00:00,113,61,52,FMN GV 03 Hove
46,Statielei 16,2023-08-27,17:00:00,122,59,63,FMN GV 03 Hove
46,Statielei 16,2023-08-27,18:00:00,86,41,45,FMN GV 03 Hove
46,Statielei 16,2023-08-27,19:00:00,82,31,51,FMN GV 03 Hove
46,Statielei 16,2023-08-27,20:00:00,65,35,30,FMN GV 03 Hove
46,Statielei 16,2023-08-27,21:00:00,31,26,5,FMN GV 03 Hove
46,Statielei 16,2023-08-27,22:00:00,37,18,19,FMN GV 03 Hove
46,Statielei 16,2023-08-27,23:00:00,21,7,14,FMN GV 03 Hove
46,Statielei 16,2023-08-28,00:00:00,13,6,7,FMN GV 03 Hove
46,Statielei 16,2023-08-28,01:00:00,9,2,7,FMN GV 03 Hove
46,Statielei 16,2023-08-28,02:00:00,1,0,1,FMN GV 03 Hove
46,Statielei 16,2023-08-28,03:00:00,0,0,0,FMN GV 03 Hove
46,Statielei 16,2023-08-28,04:00:00,14,6,8,FMN GV 03 Hove
46,Statielei 16,2023-08-28,05:00:00,28,16,12,FMN GV 03 Hove
46,Statielei 16,2023-08-28,06:00:00,107,75,32,FMN GV 03 Hove
46,Statielei 16,2023-08-28,07:00:00,232,173,59,FMN GV 03 Hove
46,Statielei 16,2023-08-28,08:00:00,340,252,88,FMN GV 03 Hove
46,Statielei 16,2023-08-28,09:00:00,131,94,37,FMN GV 03 Hove
46,Statielei 16,2023-08-28,10:00:00,92,60,32,FMN GV 03 Hove
46,Statielei 16,2023-08-28,11:00:00,97,50,47,FMN GV 03 Hove
46,Statielei 16,2023-08-28,12:00:00,134,74,60,FMN GV 03 Hove
46,Statielei 16,2023-08-28,13:00:00,111,58,53,FMN GV 03 Hove
46,Statielei 16,2023-08-28,14:00:00,142,76,66,FMN GV 03 Hove
46,Statielei 16,2023-08-28,15:00:00,132,52,80,FMN GV 03 Hove
46,Statielei 16,2023-08-28,16:00:00,233,76,157,FMN GV 03 Hove
46,Statielei 16,2023-08-28,17:00:00,333,113,220,FMN GV 03 Hove
46,Statielei 16,2023-08-28,18:00:00,202,75,127,FMN GV 03 Hove
46,Statielei 16,2023-08-28,19:00:00,76,30,46,FMN GV 03 Hove
46,Statielei 16,2023-08-28,20:00:00,61,39,22,FMN GV 03 Hove
46,Statielei 16,2023-08-28,21:00:00,35,18,17,FMN GV 03 Hove
46,Statielei 16,2023-08-28,22:00:00,23,9,14,FMN GV 03 Hove
46,Statielei 16,2023-08-28,23:00:00,19,8,11,FMN GV 03 Hove
46,Statielei 16,2023-08-29,00:00:00,5,3,2,FMN GV 03 Hove
46,Statielei 16,2023-08-29,01:00:00,5,2,3,FMN GV 03 Hove
46,Statielei 16,2023-08-29,02:00:00,2,1,1,FMN GV 03 Hove
46,Statielei 16,2023-08-29,03:00:00,1,1,0,FMN GV 03 Hove
46,Statielei 16,2023-08-29,04:00:00,12,6,6,FMN GV 03 Hove
46,Statielei 16,2023-08-29,05:00:00,31,17,14,FMN GV 03 Hove
46,Statielei 16,2023-08-29,06:00:00,101,69,32,FMN GV 03 Hove
46,Statielei 16,2023-08-29,07:00:00,308,232,76,FMN GV 03 Hove
46,Statielei 16,2023-08-29,08:00:00,419,336,83,FMN GV 03 Hove
46,Statielei 16,2023-08-29,09:00:00,163,111,52,FMN GV 03 Hove
46,Statielei 16,2023-08-29,10:00:00,94,55,39,FMN GV 03 Hove
46,Statielei 16,2023-08-29,11:00:00,99,52,47,FMN GV 03 Hove
46,Statielei 16,2023-08-29,12:00:00,167,92,75,FMN GV 03 Hove
46,Statielei 16,2023-08-29,13:00:00,131,65,66,FMN GV 03 Hove
46,Statielei 16,2023-08-29,14:00:00,170,80,90,FMN GV 03 Hove
46,Statielei 16,2023-08-29,15:00:00,168,74,94,FMN GV 03 Hove
46,Statielei 16,2023-08-29,16:00:00,277,87,190,FMN GV 03 Hove
46,Statielei 16,2023-08-29,17:00:00,381,138,243,FMN GV 03 Hove
46,Statielei 16,2023-08-29,18:00:00,282,119,163,FMN GV 03 Hove
46,Statielei 16,2023-08-29,19:00:00,143,73,70,FMN GV 03 Hove
46,Statielei 16,2023-08-29,20:00:00,100,41,59,FMN GV 03 Hove
46,Statielei 16,2023-08-29,21:00:00,78,44,34,FMN GV 03 Hove
46,Statielei 16,2023-08-29,22:00:00,59,31,28,FMN GV 03 Hove
46,Statielei 16,2023-08-29,23:00:00,27,8,19,FMN GV 03 Hove
46,Statielei 16,2023-08-30,00:00:00,13,4,9,FMN GV 03 Hove
46,Statielei 16,2023-08-30,01:00:00,6,1,5,FMN GV 03 Hove
46,Statielei 16,2023-08-30,02:00:00,3,3,0,FMN GV 03 Hove
46,Statielei 16,2023-08-30,03:00:00,2,2,0,FMN GV 03 Hove
46,Statielei 16,2023-08-30,04:00:00,15,7,8,FMN GV 03 Hove
46,Statielei 16,2023-08-30,05:00:00,22,10,12,FMN GV 03 Hove
46,Statielei 16,2023-08-30,06:00:00,105,78,27,FMN GV 03 Hove
46,Statielei 16,2023-08-30,07:00:00,183,145,38,FMN GV 03 Hove
46,Statielei 16,2023-08-30,08:00:00,243,182,61,FMN GV 03 Hove
46,Statielei 16,2023-08-30,09:00:00,104,72,32,FMN GV 03 Hove
46,Statielei 16,2023-08-30,10:00:00,78,54,24,FMN GV 03 Hove
46,Statielei 16,2023-08-30,11:00:00,93,51,42,FMN GV 03 Hove
46,Statielei 16,2023-08-30,12:00:00,113,54,59,FMN GV 03 Hove
46,Statielei 16,2023-08-30,13:00:00,114,52,62,FMN GV 03 Hove
46,Statielei 16,2023-08-30,14:00:00,125,64,61,FMN GV 03 Hove
46,Statielei 16,2023-08-30,15:00:00,148,61,87,FMN GV 03 Hove
46,Statielei 16,2023-08-30,16:00:00,218,86,132,FMN GV 03 Hove
46,Statielei 16,2023-08-30,17:00:00,288,108,180,FMN GV 03 Hove
46,Statielei 16,2023-08-30,18:00:00,184,72,112,FMN GV 03 Hove
46,Statielei 16,2023-08-30,19:00:00,140,75,65,FMN GV 03 Hove
46,Statielei 16,2023-08-30,20:00:00,91,55,36,FMN GV 03 Hove
46,Statielei 16,2023-08-30,21:00:00,52,27,25,FMN GV 03 Hove
46,Statielei 16,2023-08-30,22:00:00,65,28,37,FMN GV 03 Hove
46,Statielei 16,2023-08-30,23:00:00,22,7,15,FMN GV 03 Hove
46,Statielei 16,2023-08-31,00:00:00,13,6,7,FMN GV 03 Hove
46,Statielei 16,2023-08-31,01:00:00,4,1,3,FMN GV 03 Hove
46,Statielei 16,2023-08-31,02:00:00,8,1,7,FMN GV 03 Hove
46,Statielei 16,2023-08-31,03:00:00,4,1,3,FMN GV 03 Hove
46,Statielei 16,2023-08-31,04:00:00,14,7,7,FMN GV 03 Hove
46,Statielei 16,2023-08-31,05:00:00,31,19,12,FMN GV 03 Hove
46,Statielei 16,2023-08-31,06:00:00,105,77,28,FMN GV 03 Hove
46,Statielei 16,2023-08-31,07:00:00,57,38,19,FMN GV 03 Hove
46,Statielei 16,2023-08-31,08:00:00,1,1,0,FMN GV 03 Hove
46,Statielei 16,2023-08-31,09:00:00,0,0,0,FMN GV 03 Hove
46,Statielei 16,2023-08-31,10:00:00,0,0,0,FMN GV 03 Hove
46,Statielei 16,2023-08-31,11:00:00,3,3,0,FMN GV 03 Hove
46,Statielei 16,2023-08-31,12:00:00,9,5,4,FMN GV 03 Hove
46,Statielei 16,2023-08-31,13:00:00,4,3,1,FMN GV 03 Hove
46,Statielei 16,2023-08-31,14:00:00,94,38,56,FMN GV 03 Hove
46,Statielei 16,2023-08-31,15:00:00,159,67,92,FMN GV 03 Hove
46,Statielei 16,2023-08-31,16:00:00,252,89,163,FMN GV 03 Hove
46,Statielei 16,2023-08-31,17:00:00,354,117,237,FMN GV 03 Hove
46,Statielei 16,2023-08-31,18:00:00,226,91,135,FMN GV 03 Hove
46,Statielei 16,2023-08-31,19:00:00,106,51,55,FMN GV 03 Hove
46,Statielei 16,2023-08-31,20:00:00,61,33,28,FMN GV 03 Hove
46,Statielei 16,2023-08-31,21:00:00,50,30,20,FMN GV 03 Hove
46,Statielei 16,2023-08-31,22:00:00,51,22,29,FMN GV 03 Hove
46,Statielei 16,2023-08-31,23:00:00,47,10,37,FMN GV 03 Hove
46,Statielei 16,2023-09-01,00:00:00,14,6,8,FMN GV 03 Hove
46,Statielei 16,2023-09-01,01:00:00,6,4,2,FMN GV 03 Hove
46,Statielei 16,2023-09-01,02:00:00,1,1,0,FMN GV 03 Hove
46,Statielei 16,2023-09-01,03:00:00,3,0,3,FMN GV 03 Hove
46,Statielei 16,2023-09-01,04:00:00,11,6,5,FMN GV 03 Hove
46,Statielei 16,2023-09-01,05:00:00,23,17,6,FMN GV 03 Hove
46,Statielei 16,2023-09-01,06:00:00,64,45,19,FMN GV 03 Hove
46,Statielei 16,2023-09-01,07:00:00,172,135,37,FMN GV 03 Hove
46,Statielei 16,2023-09-01,08:00:00,133,96,37,FMN GV 03 Hove
46,Statielei 16,2023-09-01,09:00:00,0,0,0,FMN GV 03 Hove
46,Statielei 16,2023-09-01,10:00:00,4,2,2,FMN GV 03 Hove
46,Statielei 16,2023-09-01,11:00:00,0,0,0,FMN GV 03 Hove
46,Statielei 16,2023-09-01,12:00:00,0,0,0,FMN GV 03 Hove
46,Statielei 16,2023-09-01,13:00:00,7,4,3,FMN GV 03 Hove
46,Statielei 16,2023-09-01,14:00:00,18,13,5,FMN GV 03 Hove
46,Statielei 16,2023-09-01,15:00:00,83,38,45,FMN GV 03 Hove
46,Statielei 16,2023-09-01,16:00:00,184,55,129,FMN GV 03 Hove
46,Statielei 16,2023-09-01,17:00:00,229,89,140,FMN GV 03 Hove
46,Statielei 16,2023-09-01,18:00:00,129,56,73,FMN GV 03 Hove
46,Statielei 16,2023-09-01,19:00:00,87,39,48,FMN GV 03 Hove
46,Statielei 16,2023-09-01,20:00:00,64,33,31,FMN GV 03 Hove
46,Statielei 16,2023-09-01,21:00:00,44,18,26,FMN GV 03 Hove
46,Statielei 16,2023-09-01,22:00:00,37,20,17,FMN GV 03 Hove
46,Statielei 16,2023-09-01,23:00:00,19,9,10,FMN GV 03 Hove
46,Statielei 16,2023-09-02,00:00:00,21,5,16,FMN GV 03 Hove
46,Statielei 16,2023-09-02,01:00:00,14,7,7,FMN GV 03 Hove
46,Statielei 16,2023-09-02,02:00:00,9,4,5,FMN GV 03 Hove
46,Statielei 16,2023-09-02,03:00:00,10,1,9,FMN GV 03 Hove
46,Statielei 16,2023-09-02,04:00:00,9,5,4,FMN GV 03 Hove
46,Statielei 16,2023-09-02,05:00:00,12,7,5,FMN GV 03 Hove
46,Statielei 16,2023-09-02,06:00:00,16,5,11,FMN GV 03 Hove
46,Statielei 16,2023-09-02,07:00:00,28,18,10,FMN GV 03 Hove
46,Statielei 16,2023-09-02,08:00:00,45,16,29,FMN GV 03 Hove
46,Statielei 16,2023-09-02,09:00:00,82,54,28,FMN GV 03 Hove
46,Statielei 16,2023-09-02,10:00:00,139,69,70,FMN GV 03 Hove
46,Statielei 16,2023-09-02,11:00:00,134,67,67,FMN GV 03 Hove
46,Statielei 16,2023-09-02,12:00:00,161,93,68,FMN GV 03 Hove
46,Statielei 16,2023-09-02,13:00:00,182,108,74,FMN GV 03 Hove
46,Statielei 16,2023-09-02,14:00:00,190,108,82,FMN GV 03 Hove
46,Statielei 16,2023-09-02,15:00:00,209,110,99,FMN GV 03 Hove
46,Statielei 16,2023-09-02,16:00:00,198,117,81,FMN GV 03 Hove
46,Statielei 16,2023-09-02,17:00:00,169,107,62,FMN GV 03 Hove
46,Statielei 16,2023-09-02,18:00:00,144,81,63,FMN GV 03 Hove
46,Statielei 16,2023-09-02,19:00:00,93,64,29,FMN GV 03 Hove
46,Statielei 16,2023-09-02,20:00:00,67,24,43,FMN GV 03 Hove
46,Statielei 16,2023-09-02,21:00:00,46,21,25,FMN GV 03 Hove
46,Statielei 16,2023-09-02,22:00:00,47,21,26,FMN GV 03 Hove
46,Statielei 16,2023-09-02,23:00:00,28,13,15,FMN GV 03 Hove
46,Statielei 16,2023-09-03,00:00:00,33,11,22,FMN GV 03 Hove
46,Statielei 16,2023-09-03,01:00:00,16,4,12,FMN GV 03 Hove
46,Statielei 16,2023-09-03,02:00:00,8,3,5,FMN GV 03 Hove
46,Statielei 16,2023-09-03,03:00:00,7,3,4,FMN GV 03 Hove
46,Statielei 16,2023-09-03,04:00:00,5,3,2,FMN GV 03 Hove
46,Statielei 16,2023-09-03,05:00:00,10,9,1,FMN GV 03 Hove
46,Statielei 16,2023-09-03,06:00:00,12,9,3,FMN GV 03 Hove
46,Statielei 16,2023-09-03,07:00:00,26,16,10,FMN GV 03 Hove
46,Statielei 16,2023-09-03,08:00:00,43,17,26,FMN GV 03 Hove
46,Statielei 16,2023-09-03,09:00:00,139,69,70,FMN GV 03 Hove
46,Statielei 16,2023-09-03,10:00:00,206,111,95,FMN GV 03 Hove
46,Statielei 16,2023-09-03,11:00:00,189,106,83,FMN GV 03 Hove
46,Statielei 16,2023-09-03,12:00:00,227,137,90,FMN GV 03 Hove
46,Statielei 16,2023-09-03,13:00:00,254,140,114,FMN GV 03 Hove
46,Statielei 16,2023-09-03,14:00:00,314,183,131,FMN GV 03 Hove
46,Statielei 16,2023-09-03,15:00:00,263,138,125,FMN GV 03 Hove
46,Statielei 16,2023-09-03,16:00:00,239,118,121,FMN GV 03 Hove
46,Statielei 16,2023-09-03,17:00:00,224,114,110,FMN GV 03 Hove
46,Statielei 16,2023-09-03,18:00:00,165,78,87,FMN GV 03 Hove
46,Statielei 16,2023-09-03,19:00:00,111,50,61,FMN GV 03 Hove
46,Statielei 16,2023-09-03,20:00:00,63,38,25,FMN GV 03 Hove
46,Statielei 16,2023-09-03,21:00:00,73,34,39,FMN GV 03 Hove
46,Statielei 16,2023-09-03,22:00:00,35,16,19,FMN GV 03 Hove
46,Statielei 16,2023-09-03,23:00:00,23,11,12,FMN GV 03 Hove
46,Statielei 16,2023-09-04,00:00:00,14,2,12,FMN GV 03 Hove
46,Statielei 16,2023-09-04,01:00:00,0,0,0,FMN GV 03 Hove
46,Statielei 16,2023-09-04,02:00:00,0,0,0,FMN GV 03 Hove
46,Statielei 16,2023-09-04,03:00:00,6,3,3,FMN GV 03 Hove
46,Statielei 16,2023-09-04,04:00:00,13,7,6,FMN GV 03 Hove
46,Statielei 16,2023-09-04,05:00:00,33,21,12,FMN GV 03 Hove
46,Statielei 16,2023-09-04,06:00:00,123,90,33,FMN GV 03 Hove
46,Statielei 16,2023-09-04,07:00:00,434,358,76,FMN GV 03 Hove
46,Statielei 16,2023-09-04,08:00:00,498,391,107,FMN GV 03 Hove
46,Statielei 16,2023-09-04,09:00:00,139,103,36,FMN GV 03 Hove
46,Statielei 16,2023-09-04,10:00:00,98,61,37,FMN GV 03 Hove
46,Statielei 16,2023-09-04,11:00:00,108,67,41,FMN GV 03 Hove
46,Statielei 16,2023-09-04,12:00:00,142,75,67,FMN GV 03 Hove
46,Statielei 16,2023-09-04,13:00:00,203,116,87,FMN GV 03 Hove
46,Statielei 16,2023-09-04,14:00:00,161,61,100,FMN GV 03 Hove
46,Statielei 16,2023-09-04,15:00:00,267,86,181,FMN GV 03 Hove
46,Statielei 16,2023-09-04,16:00:00,417,128,289,FMN GV 03 Hove
46,Statielei 16,2023-09-04,17:00:00,491,160,331,FMN GV 03 Hove
46,Statielei 16,2023-09-04,18:00:00,325,129,196,FMN GV 03 Hove
46,Statielei 16,2023-09-04,19:00:00,144,67,77,FMN GV 03 Hove
46,Statielei 16,2023-09-04,20:00:00,109,60,49,FMN GV 03 Hove
46,Statielei 16,2023-09-04,21:00:00,76,39,37,FMN GV 03 Hove
46,Statielei 16,2023-09-04,22:00:00,53,24,29,FMN GV 03 Hove
46,Statielei 16,2023-09-04,23:00:00,21,10,11,FMN GV 03 Hove
46,Statielei 16,2023-09-05,00:00:00,11,6,5,FMN GV 03 Hove
46,Statielei 16,2023-09-05,01:00:00,2,1,1,FMN GV 03 Hove
46,Statielei 16,2023-09-05,02:00:00,0,0,0,FMN GV 03 Hove
46,Statielei 16,2023-09-05,03:00:00,3,2,1,FMN GV 03 Hove
46,Statielei 16,2023-09-05,04:00:00,19,10,9,FMN GV 03 Hove
46,Statielei 16,2023-09-05,05:00:00,42,24,18,FMN GV 03 Hove
46,Statielei 16,2023-09-05,06:00:00,150,104,46,FMN GV 03 Hove
46,Statielei 16,2023-09-05,07:00:00,500,392,108,FMN GV 03 Hove
46,Statielei 16,2023-09-05,08:00:00,554,425,129,FMN GV 03 Hove
46,Statielei 16,2023-09-05,09:00:00,164,105,59,FMN GV 03 Hove
46,Statielei 16,2023-09-05,10:00:00,123,68,55,FMN GV 03 Hove
46,Statielei 16,2023-09-05,11:00:00,124,77,47,FMN GV 03 Hove
46,Statielei 16,2023-09-05,12:00:00,34,17,17,FMN GV 03 Hove
46,Statielei 16,2023-09-05,13:00:00,169,100,69,FMN GV 03 Hove
46,Statielei 16,2023-09-05,14:00:00,188,82,106,FMN GV 03 Hove
46,Statielei 16,2023-09-05,15:00:00,249,109,140,FMN GV 03 Hove
46,Statielei 16,2023-09-05,16:00:00,463,127,336,FMN GV 03 Hove
46,Statielei 16,2023-09-05,17:00:00,524,153,371,FMN GV 03 Hove
46,Statielei 16,2023-09-05,18:00:00,345,127,218,FMN GV 03 Hove
46,Statielei 16,2023-09-05,19:00:00,149,77,72,FMN GV 03 Hove
46,Statielei 16,2023-09-05,20:00:00,129,73,56,FMN GV 03 Hove
46,Statielei 16,2023-09-05,21:00:00,102,40,62,FMN GV 03 Hove
46,Statielei 16,2023-09-05,22:00:00,95,42,53,FMN GV 03 Hove
46,Statielei 16,2023-09-05,23:00:00,49,21,28,FMN GV 03 Hove
46,Statielei 16,2023-09-06,00:00:00,18,8,10,FMN GV 03 Hove
46,Statielei 16,2023-09-06,01:00:00,2,1,1,FMN GV 03 Hove
46,Statielei 16,2023-09-06,02:00:00,0,0,0,FMN GV 03 Hove
46,Statielei 16,2023-09-06,03:00:00,9,5,4,FMN GV 03 Hove
46,Statielei 16,2023-09-06,04:00:00,17,10,7,FMN GV 03 Hove
46,Statielei 16,2023-09-06,05:00:00,41,21,20,FMN GV 03 Hove
46,Statielei 16,2023-09-06,06:00:00,134,87,47,FMN GV 03 Hove
46,Statielei 16,2023-09-06,07:00:00,431,342,89,FMN GV 03 Hove
46,Statielei 16,2023-09-06,08:00:00,457,349,108,FMN GV 03 Hove
46,Statielei 16,2023-09-06,09:00:00,214,155,59,FMN GV 03 Hove
46,Statielei 16,2023-09-06,10:00:00,187,110,77,FMN GV 03 Hove
46,Statielei 16,2023-09-06,11:00:00,197,91,106,FMN GV 03 Hove
46,Statielei 16,2023-09-06,12:00:00,128,40,88,FMN GV 03 Hove
46,Statielei 16,2023-09-06,13:00:00,261,106,155,FMN GV 03 Hove
46,Statielei 16,2023-09-06,14:00:00,226,98,128,FMN GV 03 Hove
46,Statielei 16,2023-09-06,15:00:00,219,91,128,FMN GV 03 Hove
46,Statielei 16,2023-09-06,16:00:00,307,108,199,FMN GV 03 Hove
46,Statielei 16,2023-09-06,17:00:00,430,158,272,FMN GV 03 Hove
46,Statielei 16,2023-09-06,18:00:00,305,132,173,FMN GV 03 Hove
46,Statielei 16,2023-09-06,19:00:00,197,107,90,FMN GV 03 Hove
46,Statielei 16,2023-09-06,20:00:00,143,90,53,FMN GV 03 Hove
46,Statielei 16,2023-09-06,21:00:00,87,37,50,FMN GV 03 Hove
46,Statielei 16,2023-09-06,22:00:00,75,35,40,FMN GV 03 Hove
46,Statielei 16,2023-09-06,23:00:00,45,18,27,FMN GV 03 Hove
46,Statielei 16,2023-09-07,00:00:00,25,5,20,FMN GV 03 Hove
46,Statielei 16,2023-09-07,01:00:00,1,0,1,FMN GV 03 Hove
46,Statielei 16,2023-09-07,02:00:00,7,2,5,FMN GV 03 Hove
46,Statielei 16,2023-09-07,03:00:00,6,3,3,FMN GV 03 Hove
46,Statielei 16,2023-09-07,04:00:00,20,13,7,FMN GV 03 Hove
46,Statielei 16,2023-09-07,05:00:00,38,15,23,FMN GV 03 Hove
46,Statielei 16,2023-09-07,06:00:00,133,96,37,FMN GV 03 Hove
46,Statielei 16,2023-09-07,07:00:00,435,345,90,FMN GV 03 Hove
46,Statielei 16,2023-09-07,08:00:00,518,391,127,FMN GV 03 Hove
46,Statielei 16,2023-09-07,09:00:00,224,161,63,FMN GV 03 Hove
46,Statielei 16,2023-09-07,10:00:00,110,71,39,FMN GV 03 Hove
46,Statielei 16,2023-09-07,11:00:00,180,86,94,FMN GV 03 Hove
46,Statielei 16,2023-09-07,12:00:00,155,81,74,FMN GV 03 Hove
46,Statielei 16,2023-09-07,13:00:00,144,77,67,FMN GV 03 Hove
46,Statielei 16,2023-09-07,14:00:00,153,75,78,FMN GV 03 Hove
46,Statielei 16,2023-09-07,15:00:00,258,101,157,FMN GV 03 Hove
46,Statielei 16,2023-09-07,16:00:00,415,139,276,FMN GV 03 Hove
46,Statielei 16,2023-09-07,17:00:00,449,134,315,FMN GV 03 Hove
46,Statielei 16,2023-09-07,18:00:00,308,117,191,FMN GV 03 Hove
46,Statielei 16,2023-09-07,19:00:00,174,89,85,FMN GV 03 Hove
46,Statielei 16,2023-09-07,20:00:00,166,93,73,FMN GV 03 Hove
46,Statielei 16,2023-09-07,21:00:00,102,44,58,FMN GV 03 Hove
46,Statielei 16,2023-09-07,22:00:00,86,39,47,FMN GV 03 Hove
46,Statielei 16,2023-09-07,23:00:00,24,8,16,FMN GV 03 Hove
46,Statielei 16,2023-09-08,00:00:00,20,7,13,FMN GV 03 Hove
46,Statielei 16,2023-09-08,01:00:00,6,1,5,FMN GV 03 Hove
46,Statielei 16,2023-09-08,02:00:00,1,0,1,FMN GV 03 Hove
46,Statielei 16,2023-09-08,03:00:00,5,4,1,FMN GV 03 Hove
46,Statielei 16,2023-09-08,04:00:00,15,7,8,FMN GV 03 Hove
46,Statielei 16,2023-09-08,05:00:00,29,15,14,FMN GV 03 Hove
46,Statielei 16,2023-09-08,06:00:00,112,75,37,FMN GV 03 Hove
46,Statielei 16,2023-09-08,07:00:00,333,253,80,FMN GV 03 Hove
46,Statielei 16,2023-09-08,08:00:00,414,294,120,FMN GV 03 Hove
46,Statielei 16,2023-09-08,09:00:00,221,166,55,FMN GV 03 Hove
46,Statielei 16,2023-09-08,10:00:00,127,73,54,FMN GV 03 Hove
46,Statielei 16,2023-09-08,11:00:00,117,68,49,FMN GV 03 Hove
46,Statielei 16,2023-09-08,12:00:00,155,62,93,FMN GV 03 Hove
46,Statielei 16,2023-09-08,13:00:00,168,72,96,FMN GV 03 Hove
46,Statielei 16,2023-09-08,14:00:00,162,68,94,FMN GV 03 Hove
46,Statielei 16,2023-09-08,15:00:00,268,83,185,FMN GV 03 Hove
46,Statielei 16,2023-09-08,16:00:00,399,166,233,FMN GV 03 Hove
46,Statielei 16,2023-09-08,17:00:00,347,130,217,FMN GV 03 Hove
46,Statielei 16,2023-09-08,18:00:00,265,142,123,FMN GV 03 Hove
46,Statielei 16,2023-09-08,19:00:00,157,106,51,FMN GV 03 Hove
46,Statielei 16,2023-09-08,20:00:00,136,92,44,FMN GV 03 Hove
46,Statielei 16,2023-09-08,21:00:00,80,45,35,FMN GV 03 Hove
46,Statielei 16,2023-09-08,22:00:00,77,37,40,FMN GV 03 Hove
46,Statielei 16,2023-09-08,23:00:00,76,12,64,FMN GV 03 Hove
46,Statielei 16,2023-09-09,00:00:00,95,25,70,FMN GV 03 Hove
46,Statielei 16,2023-09-09,01:00:00,30,13,17,FMN GV 03 Hove
46,Statielei 16,2023-09-09,02:00:00,24,6,18,FMN GV 03 Hove
46,Statielei 16,2023-09-09,03:00:00,14,8,6,FMN GV 03 Hove
46,Statielei 16,2023-09-09,04:00:00,14,6,8,FMN GV 03 Hove
46,Statielei 16,2023-09-09,05:00:00,16,9,7,FMN GV 03 Hove
46,Statielei 16,2023-09-09,06:00:00,22,11,11,FMN GV 03 Hove
46,Statielei 16,2023-09-09,07:00:00,37,17,20,FMN GV 03 Hove
46,Statielei 16,2023-09-09,08:00:00,67,37,30,FMN GV 03 Hove
46,Statielei 16,2023-09-09,09:00:00,135,76,59,FMN GV 03 Hove
46,Statielei 16,2023-09-09,10:00:00,168,88,80,FMN GV 03 Hove
46,Statielei 16,2023-09-09,11:00:00,187,93,94,FMN GV 03 Hove
46,Statielei 16,2023-09-09,12:00:00,171,94,77,FMN GV 03 Hove
46,Statielei 16,2023-09-09,13:00:00,202,112,90,FMN GV 03 Hove
46,Statielei 16,2023-09-09,14:00:00,222,114,108,FMN GV 03 Hove
46,Statielei 16,2023-09-09,15:00:00,184,101,83,FMN GV 03 Hove
46,Statielei 16,2023-09-09,16:00:00,158,79,79,FMN GV 03 Hove
46,Statielei 16,2023-09-09,17:00:00,160,80,80,FMN GV 03 Hove
46,Statielei 16,2023-09-09,18:00:00,171,100,71,FMN GV 03 Hove
46,Statielei 16,2023-09-09,19:00:00,98,63,35,FMN GV 03 Hove
46,Statielei 16,2023-09-09,20:00:00,91,50,41,FMN GV 03 Hove
46,Statielei 16,2023-09-09,21:00:00,68,33,35,FMN GV 03 Hove
46,Statielei 16,2023-09-09,22:00:00,52,21,31,FMN GV 03 Hove
46,Statielei 16,2023-09-09,23:00:00,60,29,31,FMN GV 03 Hove
46,Statielei 16,2023-09-10,00:00:00,37,15,22,FMN GV 03 Hove
46,Statielei 16,2023-09-10,01:00:00,16,7,9,FMN GV 03 Hove
46,Statielei 16,2023-09-10,02:00:00,26,11,15,FMN GV 03 Hove
46,Statielei 16,2023-09-10,03:00:00,14,5,9,FMN GV 03 Hove
46,Statielei 16,2023-09-10,04:00:00,4,3,1,FMN GV 03 Hove
46,Statielei 16,2023-09-10,05:00:00,18,10,8,FMN GV 03 Hove
46,Statielei 16,2023-09-10,06:00:00,11,6,5,FMN GV 03 Hove
46,Statielei 16,2023-09-10,07:00:00,33,13,20,FMN GV 03 Hove
46,Statielei 16,2023-09-10,08:00:00,58,18,40,FMN GV 03 Hove
46,Statielei 16,2023-09-10,09:00:00,169,99,70,FMN GV 03 Hove
46,Statielei 16,2023-09-10,10:00:00,213,107,106,FMN GV 03 Hove
46,Statielei 16,2023-09-10,11:00:00,184,104,80,FMN GV 03 Hove
46,Statielei 16,2023-09-10,12:00:00,204,114,90,FMN GV 03 Hove
46,Statielei 16,2023-09-10,13:00:00,193,99,94,FMN GV 03 Hove
46,Statielei 16,2023-09-10,14:00:00,195,103,92,FMN GV 03 Hove
46,Statielei 16,2023-09-10,15:00:00,146,68,78,FMN GV 03 Hove
46,Statielei 16,2023-09-10,16:00:00,136,76,60,FMN GV 03 Hove
46,Statielei 16,2023-09-10,17:00:00,197,108,89,FMN GV 03 Hove
46,Statielei 16,2023-09-10,18:00:00,138,71,67,FMN GV 03 Hove
46,Statielei 16,2023-09-10,19:00:00,106,53,53,FMN GV 03 Hove
46,Statielei 16,2023-09-10,20:00:00,97,60,37,FMN GV 03 Hove
46,Statielei 16,2023-09-10,21:00:00,63,39,24,FMN GV 03 Hove
46,Statielei 16,2023-09-10,22:00:00,35,11,24,FMN GV 03 Hove
46,Statielei 16,2023-09-10,23:00:00,13,10,3,FMN GV 03 Hove
46,Statielei 16,2023-09-11,00:00:00,4,1,3,FMN GV 03 Hove
46,Statielei 16,2023-09-11,01:00:00,3,1,2,FMN GV 03 Hove
46,Statielei 16,2023-09-11,02:00:00,0,0,0,FMN GV 03 Hove
46,Statielei 16,2023-09-11,03:00:00,2,1,1,FMN GV 03 Hove
46,Statielei 16,2023-09-11,04:00:00,16,10,6,FMN GV 03 Hove
46,Statielei 16,2023-09-11,05:00:00,36,19,17,FMN GV 03 Hove
46,Statielei 16,2023-09-11,06:00:00,121,87,34,FMN GV 03 Hove
46,Statielei 16,2023-09-11,07:00:00,414,337,77,FMN GV 03 Hove
46,Statielei 16,2023-09-11,08:00:00,465,370,95,FMN GV 03 Hove
46,Statielei 16,2023-09-11,09:00:00,180,137,43,FMN GV 03 Hove
46,Statielei 16,2023-09-11,10:00:00,102,58,44,FMN GV 03 Hove
46,Statielei 16,2023-09-11,11:00:00,115,63,52,FMN GV 03 Hove
46,Statielei 16,2023-09-11,12:00:00,160,85,75,FMN GV 03 Hove
46,Statielei 16,2023-09-11,13:00:00,161,76,85,FMN GV 03 Hove
46,Statielei 16,2023-09-11,14:00:00,140,66,74,FMN GV 03 Hove
46,Statielei 16,2023-09-11,15:00:00,274,104,170,FMN GV 03 Hove
46,Statielei 16,2023-09-11,16:00:00,410,113,297,FMN GV 03 Hove
46,Statielei 16,2023-09-11,17:00:00,440,137,303,FMN GV 03 Hove
46,Statielei 16,2023-09-11,18:00:00,259,100,159,FMN GV 03 Hove
46,Statielei 16,2023-09-11,19:00:00,119,62,57,FMN GV 03 Hove
46,Statielei 16,2023-09-11,20:00:00,74,36,38,FMN GV 03 Hove
46,Statielei 16,2023-09-11,21:00:00,60,26,34,FMN GV 03 Hove
46,Statielei 16,2023-09-11,22:00:00,45,20,25,FMN GV 03 Hove
46,Statielei 16,2023-09-11,23:00:00,22,9,13,FMN GV 03 Hove
46,Statielei 16,2023-09-12,00:00:00,3,0,3,FMN GV 03 Hove
46,Statielei 16,2023-09-12,01:00:00,4,1,3,FMN GV 03 Hove
46,Statielei 16,2023-09-12,02:00:00,1,1,0,FMN GV 03 Hove
46,Statielei 16,2023-09-12,03:00:00,3,0,3,FMN GV 03 Hove
46,Statielei 16,2023-09-12,04:00:00,9,3,6,FMN GV 03 Hove
46,Statielei 16,2023-09-12,05:00:00,34,25,9,FMN GV 03 Hove
46,Statielei 16,2023-09-12,06:00:00,129,100,29,FMN GV 03 Hove
46,Statielei 16,2023-09-12,07:00:00,390,311,79,FMN GV 03 Hove
46,Statielei 16,2023-09-12,08:00:00,463,361,102,FMN GV 03 Hove
46,Statielei 16,2023-09-12,09:00:00,153,113,40,FMN GV 03 Hove
46,Statielei 16,2023-09-12,10:00:00,73,40,33,FMN GV 03 Hove
46,Statielei 16,2023-09-12,11:00:00,108,64,44,FMN GV 03 Hove
46,Statielei 16,2023-09-12,12:00:00,144,80,64,FMN GV 03 Hove
46,Statielei 16,2023-09-12,13:00:00,143,78,65,FMN GV 03 Hove
46,Statielei 16,2023-09-12,14:00:00,117,48,69,FMN GV 03 Hove
46,Statielei 16,2023-09-12,15:00:00,204,60,144,FMN GV 03 Hove
46,Statielei 16,2023-09-12,16:00:00,390,115,275,FMN GV 03 Hove
46,Statielei 16,2023-09-12,17:00:00,418,129,289,FMN GV 03 Hove
46,Statielei 16,2023-09-12,18:00:00,234,90,144,FMN GV 03 Hove
46,Statielei 16,2023-09-12,19:00:00,123,55,68,FMN GV 03 Hove
46,Statielei 16,2023-09-12,20:00:00,69,31,38,FMN GV 03 Hove
46,Statielei 16,2023-09-12,21:00:00,43,19,24,FMN GV 03 Hove
46,Statielei 16,2023-09-12,22:00:00,49,19,30,FMN GV 03 Hove
46,Statielei 16,2023-09-12,23:00:00,22,9,13,FMN GV 03 Hove
46,Statielei 16,2023-09-13,00:00:00,7,3,4,FMN GV 03 Hove
46,Statielei 16,2023-09-13,01:00:00,4,1,3,FMN GV 03 Hove
46,Statielei 16,2023-09-13,02:00:00,0,0,0,FMN GV 03 Hove
46,Statielei 16,2023-09-13,03:00:00,3,1,2,FMN GV 03 Hove
46,Statielei 16,2023-09-13,04:00:00,8,6,2,FMN GV 03 Hove
46,Statielei 16,2023-09-13,05:00:00,31,19,12,FMN GV 03 Hove
46,Statielei 16,2023-09-13,06:00:00,127,89,38,FMN GV 03 Hove
46,Statielei 16,2023-09-13,07:00:00,336,270,66,FMN GV 03 Hove
46,Statielei 16,2023-09-13,08:00:00,320,246,74,FMN GV 03 Hove
46,Statielei 16,2023-09-13,09:00:00,118,73,45,FMN GV 03 Hove
46,Statielei 16,2023-09-13,10:00:00,100,59,41,FMN GV 03 Hove
46,Statielei 16,2023-09-13,11:00:00,132,62,70,FMN GV 03 Hove
46,Statielei 16,2023-09-13,12:00:00,230,73,157,FMN GV 03 Hove
46,Statielei 16,2023-09-13,13:00:00,184,62,122,FMN GV 03 Hove
46,Statielei 16,2023-09-13,14:00:00,132,52,80,FMN GV 03 Hove
46,Statielei 16,2023-09-13,15:00:00,159,60,99,FMN GV 03 Hove
46,Statielei 16,2023-09-13,16:00:00,239,82,157,FMN GV 03 Hove
46,Statielei 16,2023-09-13,17:00:00,342,123,219,FMN GV 03 Hove
46,Statielei 16,2023-09-13,18:00:00,258,105,153,FMN GV 03 Hove
46,Statielei 16,2023-09-13,19:00:00,162,103,59,FMN GV 03 Hove
46,Statielei 16,2023-09-13,20:00:00,90,46,44,FMN GV 03 Hove
46,Statielei 16,2023-09-13,21:00:00,53,21,32,FMN GV 03 Hove
46,Statielei 16,2023-09-13,22:00:00,57,25,32,FMN GV 03 Hove
46,Statielei 16,2023-09-13,23:00:00,27,14,13,FMN GV 03 Hove
46,Statielei 16,2023-09-14,00:00:00,16,4,12,FMN GV 03 Hove
46,Statielei 16,2023-09-14,01:00:00,2,1,1,FMN GV 03 Hove
46,Statielei 16,2023-09-14,02:00:00,2,0,2,FMN GV 03 Hove
46,Statielei 16,2023-09-14,03:00:00,6,2,4,FMN GV 03 Hove
46,Statielei 16,2023-09-14,04:00:00,11,5,6,FMN GV 03 Hove
46,Statielei 16,2023-09-14,05:00:00,36,20,16,FMN GV 03 Hove
46,Statielei 16,2023-09-14,06:00:00,134,101,33,FMN GV 03 Hove
46,Statielei 16,2023-09-14,07:00:00,404,314,90,FMN GV 03 Hove
46,Statielei 16,2023-09-14,08:00:00,497,391,106,FMN GV 03 Hove
46,Statielei 16,2023-09-14,09:00:00,153,90,63,FMN GV 03 Hove
46,Statielei 16,2023-09-14,10:00:00,120,84,36,FMN GV 03 Hove
46,Statielei 16,2023-09-14,11:00:00,150,87,63,FMN GV 03 Hove
46,Statielei 16,2023-09-14,12:00:00,138,82,56,FMN GV 03 Hove
46,Statielei 16,2023-09-14,13:00:00,172,95,77,FMN GV 03 Hove
46,Statielei 16,2023-09-14,14:00:00,190,97,93,FMN GV 03 Hove
46,Statielei 16,2023-09-14,15:00:00,255,85,170,FMN GV 03 Hove
46,Statielei 16,2023-09-14,16:00:00,427,130,297,FMN GV 03 Hove
46,Statielei 16,2023-09-14,17:00:00,506,165,341,FMN GV 03 Hove
46,Statielei 16,2023-09-14,18:00:00,275,117,158,FMN GV 03 Hove
46,Statielei 16,2023-09-14,19:00:00,171,79,92,FMN GV 03 Hove
46,Statielei 16,2023-09-14,20:00:00,112,61,51,FMN GV 03 Hove
46,Statielei 16,2023-09-14,21:00:00,66,33,33,FMN GV 03 Hove
46,Statielei 16,2023-09-14,22:00:00,82,34,48,FMN GV 03 Hove
46,Statielei 16,2023-09-14,23:00:00,40,12,28,FMN GV 03 Hove
46,Statielei 16,2023-09-15,00:00:00,9,5,4,FMN GV 03 Hove
46,Statielei 16,2023-09-15,01:00:00,8,2,6,FMN GV 03 Hove
46,Statielei 16,2023-09-15,02:00:00,1,0,1,FMN GV 03 Hove
46,Statielei 16,2023-09-15,03:00:00,2,2,0,FMN GV 03 Hove
46,Statielei 16,2023-09-15,04:00:00,13,10,3,FMN GV 03 Hove
46,Statielei 16,2023-09-15,05:00:00,26,14,12,FMN GV 03 Hove
46,Statielei 16,2023-09-15,06:00:00,99,74,25,FMN GV 03 Hove
46,Statielei 16,2023-09-15,07:00:00,335,257,78,FMN GV 03 Hove
46,Statielei 16,2023-09-15,08:00:00,428,323,105,FMN GV 03 Hove
46,Statielei 16,2023-09-15,09:00:00,185,96,89,FMN GV 03 Hove
46,Statielei 16,2023-09-15,10:00:00,103,64,39,FMN GV 03 Hove
46,Statielei 16,2023-09-15,11:00:00,146,84,62,FMN GV 03 Hove
46,Statielei 16,2023-09-15,12:00:00,35,14,21,FMN GV 03 Hove
46,Statielei 16,2023-09-15,13:00:00,104,54,50,FMN GV 03 Hove
46,Statielei 16,2023-09-15,14:00:00,188,86,102,FMN GV 03 Hove
46,Statielei 16,2023-09-15,15:00:00,269,110,159,FMN GV 03 Hove
46,Statielei 16,2023-09-15,16:00:00,428,172,256,FMN GV 03 Hove
46,Statielei 16,2023-09-15,17:00:00,397,133,264,FMN GV 03 Hove
46,Statielei 16,2023-09-15,18:00:00,246,121,125,FMN GV 03 Hove
46,Statielei 16,2023-09-15,19:00:00,148,87,61,FMN GV 03 Hove
46,Statielei 16,2023-09-15,20:00:00,89,43,46,FMN GV 03 Hove
46,Statielei 16,2023-09-15,21:00:00,57,32,25,FMN GV 03 Hove
46,Statielei 16,2023-09-15,22:00:00,51,20,31,FMN GV 03 Hove
46,Statielei 16,2023-09-15,23:00:00,50,18,32,FMN GV 03 Hove
46,Statielei 16,2023-09-16,00:00:00,41,16,25,FMN GV 03 Hove
46,Statielei 16,2023-09-16,01:00:00,23,2,21,FMN GV 03 Hove
46,Statielei 16,2023-09-16,02:00:00,9,4,5,FMN GV 03 Hove
46,Statielei 16,2023-09-16,03:00:00,4,2,2,FMN GV 03 Hove
46,Statielei 16,2023-09-16,04:00:00,14,3,11,FMN GV 03 Hove
46,Statielei 16,2023-09-16,05:00:00,13,10,3,FMN GV 03 Hove
46,Statielei 16,2023-09-16,06:00:00,21,15,6,FMN GV 03 Hove
46,Statielei 16,2023-09-16,07:00:00,33,16,17,FMN GV 03 Hove
46,Statielei 16,2023-09-16,08:00:00,71,46,25,FMN GV 03 Hove
46,Statielei 16,2023-09-16,09:00:00,155,100,55,FMN GV 03 Hove
46,Statielei 16,2023-09-16,10:00:00,225,138,87,FMN GV 03 Hove
46,Statielei 16,2023-09-16,11:00:00,233,137,96,FMN GV 03 Hove
46,Statielei 16,2023-09-16,12:00:00,277,139,138,FMN GV 03 Hove
46,Statielei 16,2023-09-16,13:00:00,252,135,117,FMN GV 03 Hove
46,Statielei 16,2023-09-16,14:00:00,288,153,135,FMN GV 03 Hove
46,Statielei 16,2023-09-16,15:00:00,239,126,113,FMN GV 03 Hove
46,Statielei 16,2023-09-16,16:00:00,247,114,133,FMN GV 03 Hove
46,Statielei 16,2023-09-16,17:00:00,205,88,117,FMN GV 03 Hove
46,Statielei 16,2023-09-16,18:00:00,117,70,47,FMN GV 03 Hove
46,Statielei 16,2023-09-16,19:00:00,91,53,38,FMN GV 03 Hove
46,Statielei 16,2023-09-16,20:00:00,69,46,23,FMN GV 03 Hove
46,Statielei 16,2023-09-16,21:00:00,40,15,25,FMN GV 03 Hove
46,Statielei 16,2023-09-16,22:00:00,45,10,35,FMN GV 03 Hove
46,Statielei 16,2023-09-16,23:00:00,40,9,31,FMN GV 03 Hove
46,Statielei 16,2023-09-17,00:00:00,31,15,16,FMN GV 03 Hove
46,Statielei 16,2023-09-17,01:00:00,12,4,8,FMN GV 03 Hove
46,Statielei 16,2023-09-17,02:00:00,9,0,9,FMN GV 03 Hove
46,Statielei 16,2023-09-17,03:00:00,7,4,3,FMN GV 03 Hove
46,Statielei 16,2023-09-17,04:00:00,4,2,2,FMN GV 03 Hove
46,Statielei 16,2023-09-17,05:00:00,10,7,3,FMN GV 03 Hove
46,Statielei 16,2023-09-17,06:00:00,11,8,3,FMN GV 03 Hove
46,Statielei 16,2023-09-17,07:00:00,25,9,16,FMN GV 03 Hove
46,Statielei 16,2023-09-17,08:00:00,43,17,26,FMN GV 03 Hove
46,Statielei 16,2023-09-17,09:00:00,103,52,51,FMN GV 03 Hove
46,Statielei 16,2023-09-17,10:00:00,138,79,59,FMN GV 03 Hove
46,Statielei 16,2023-09-17,11:00:00,152,93,59,FMN GV 03 Hove
46,Statielei 16,2023-09-17,12:00:00,157,95,62,FMN GV 03 Hove
46,Statielei 16,2023-09-17,13:00:00,191,111,80,FMN GV 03 Hove
46,Statielei 16,2023-09-17,14:00:00,234,130,104,FMN GV 03 Hove
46,Statielei 16,2023-09-17,15:00:00,210,103,107,FMN GV 03 Hove
46,Statielei 16,2023-09-17,16:00:00,218,99,119,FMN GV 03 Hove
46,Statielei 16,2023-09-17,17:00:00,172,98,74,FMN GV 03 Hove
46,Statielei 16,2023-09-17,18:00:00,133,76,57,FMN GV 03 Hove
46,Statielei 16,2023-09-17,19:00:00,101,51,50,FMN GV 03 Hove
46,Statielei 16,2023-09-17,20:00:00,86,44,42,FMN GV 03 Hove
46,Statielei 16,2023-09-17,21:00:00,44,25,19,FMN GV 03 Hove
46,Statielei 16,2023-09-17,22:00:00,24,8,16,FMN GV 03 Hove
46,Statielei 16,2023-09-17,23:00:00,18,10,8,FMN GV 03 Hove
46,Statielei 16,2023-09-18,00:00:00,9,4,5,FMN GV 03 Hove
46,Statielei 16,2023-09-18,01:00:00,6,0,6,FMN GV 03 Hove
46,Statielei 16,2023-09-18,02:00:00,0,0,0,FMN GV 03 Hove
46,Statielei 16,2023-09-18,03:00:00,1,1,0,FMN GV 03 Hove
46,Statielei 16,2023-09-18,04:00:00,10,2,8,FMN GV 03 Hove
46,Statielei 16,2023-09-18,05:00:00,27,18,9,FMN GV 03 Hove
46,Statielei 16,2023-09-18,06:00:00,103,78,25,FMN GV 03 Hove
46,Statielei 16,2023-09-18,07:00:00,367,297,70,FMN GV 03 Hove
46,Statielei 16,2023-09-18,08:00:00,430,342,88,FMN GV 03 Hove
46,Statielei 16,2023-09-18,09:00:00,133,93,40,FMN GV 03 Hove
46,Statielei 16,2023-09-18,10:00:00,88,51,37,FMN GV 03 Hove
46,Statielei 16,2023-09-18,11:00:00,86,37,49,FMN GV 03 Hove
46,Statielei 16,2023-09-18,12:00:00,113,56,57,FMN GV 03 Hove
46,Statielei 16,2023-09-18,13:00:00,141,72,69,FMN GV 03 Hove
46,Statielei 16,2023-09-18,14:00:00,97,48,49,FMN GV 03 Hove
46,Statielei 16,2023-09-18,15:00:00,191,67,124,FMN GV 03 Hove
46,Statielei 16,2023-09-18,16:00:00,295,81,214,FMN GV 03 Hove
46,Statielei 16,2023-09-18,17:00:00,378,110,268,FMN GV 03 Hove
46,Statielei 16,2023-09-18,18:00:00,218,75,143,FMN GV 03 Hove
46,Statielei 16,2023-09-18,19:00:00,101,52,49,FMN GV 03 Hove
46,Statielei 16,2023-09-18,20:00:00,57,27,30,FMN GV 03 Hove
46,Statielei 16,2023-09-18,21:00:00,56,20,36,FMN GV 03 Hove
46,Statielei 16,2023-09-18,22:00:00,32,17,15,FMN GV 03 Hove
46,Statielei 16,2023-09-18,23:00:00,26,9,17,FMN GV 03 Hove
46,Statielei 16,2023-09-19,00:00:00,2,2,0,FMN GV 03 Hove
46,Statielei 16,2023-09-19,01:00:00,0,0,0,FMN GV 03 Hove
46,Statielei 16,2023-09-19,02:00:00,1,0,1,FMN GV 03 Hove
46,Statielei 16,2023-09-19,03:00:00,2,2,0,FMN GV 03 Hove
46,Statielei 16,2023-09-19,04:00:00,12,6,6,FMN GV 03 Hove
46,Statielei 16,2023-09-19,05:00:00,27,15,12,FMN GV 03 Hove
46,Statielei 16,2023-09-19,06:00:00,106,74,32,FMN GV 03 Hove
46,Statielei 16,2023-09-19,07:00:00,436,349,87,FMN GV 03 Hove
46,Statielei 16,2023-09-19,08:00:00,477,386,91,FMN GV 03 Hove
46,Statielei 16,2023-09-19,09:00:00,135,97,38,FMN GV 03 Hove
46,Statielei 16,2023-09-19,10:00:00,84,57,27,FMN GV 03 Hove
46,Statielei 16,2023-09-19,11:00:00,113,70,43,FMN GV 03 Hove
46,Statielei 16,2023-09-19,12:00:00,152,82,70,FMN GV 03 Hove
46,Statielei 16,2023-09-19,13:00:00,152,79,73,FMN GV 03 Hove
46,Statielei 16,2023-09-19,14:00:00,89,40,49,FMN GV 03 Hove
46,Statielei 16,2023-09-19,15:00:00,187,79,108,FMN GV 03 Hove
46,Statielei 16,2023-09-19,16:00:00,352,81,271,FMN GV 03 Hove
46,Statielei 16,2023-09-19,17:00:00,453,115,338,FMN GV 03 Hove
46,Statielei 16,2023-09-19,18:00:00,250,93,157,FMN GV 03 Hove
46,Statielei 16,2023-09-19,19:00:00,108,54,54,FMN GV 03 Hove
46,Statielei 16,2023-09-19,20:00:00,80,41,39,FMN GV 03 Hove
46,Statielei 16,2023-09-19,21:00:00,45,27,18,FMN GV 03 Hove
46,Statielei 16,2023-09-19,22:00:00,80,30,50,FMN GV 03 Hove
46,Statielei 16,2023-09-19,23:00:00,36,14,22,FMN GV 03 Hove
46,Statielei 16,2023-09-20,00:00:00,8,3,5,FMN GV 03 Hove
46,Statielei 16,2023-09-20,01:00:00,2,0,2,FMN GV 03 Hove
46,Statielei 16,2023-09-20,02:00:00,2,1,1,FMN GV 03 Hove
46,Statielei 16,2023-09-20,03:00:00,3,2,1,FMN GV 03 Hove
46,Statielei 16,2023-09-20,04:00:00,13,8,5,FMN GV 03 Hove
46,Statielei 16,2023-09-20,05:00:00,29,17,12,FMN GV 03 Hove
46,Statielei 16,2023-09-20,06:00:00,108,77,31,FMN GV 03 Hove
46,Statielei 16,2023-09-20,07:00:00,368,280,88,FMN GV 03 Hove
46,Statielei 16,2023-09-20,08:00:00,437,335,102,FMN GV 03 Hove
46,Statielei 16,2023-09-20,09:00:00,152,99,53,FMN GV 03 Hove
46,Statielei 16,2023-09-20,10:00:00,121,74,47,FMN GV 03 Hove
46,Statielei 16,2023-09-20,11:00:00,125,58,67,FMN GV 03 Hove
46,Statielei 16,2023-09-20,12:00:00,268,111,157,FMN GV 03 Hove
46,Statielei 16,2023-09-20,13:00:00,187,62,125,FMN GV 03 Hove
46,Statielei 16,2023-09-20,14:00:00,177,73,104,FMN GV 03 Hove
46,Statielei 16,2023-09-20,15:00:00,157,59,98,FMN GV 03 Hove
46,Statielei 16,2023-09-20,16:00:00,249,90,159,FMN GV 03 Hove
46,Statielei 16,2023-09-20,17:00:00,386,152,234,FMN GV 03 Hove
46,Statielei 16,2023-09-20,18:00:00,213,86,127,FMN GV 03 Hove
46,Statielei 16,2023-09-20,19:00:00,144,60,84,FMN GV 03 Hove
46,Statielei 16,2023-09-20,20:00:00,92,52,40,FMN GV 03 Hove
46,Statielei 16,2023-09-20,21:00:00,69,27,42,FMN GV 03 Hove
46,Statielei 16,2023-09-20,22:00:00,70,24,46,FMN GV 03 Hove
46,Statielei 16,2023-09-20,23:00:00,31,10,21,FMN GV 03 Hove
46,Statielei 16,2023-09-21,00:00:00,8,5,3,FMN GV 03 Hove
46,Statielei 16,2023-09-21,01:00:00,2,0,2,FMN GV 03 Hove
46,Statielei 16,2023-09-21,02:00:00,2,2,0,FMN GV 03 Hove
46,Statielei 16,2023-09-21,03:00:00,4,4,0,FMN GV 03 Hove
46,Statielei 16,2023-09-21,04:00:00,11,6,5,FMN GV 03 Hove
46,Statielei 16,2023-09-21,05:00:00,25,15,10,FMN GV 03 Hove
46,Statielei 16,2023-09-21,06:00:00,73,53,20,FMN GV 03 Hove
46,Statielei 16,2023-09-21,07:00:00,258,195,63,FMN GV 03 Hove
46,Statielei 16,2023-09-21,08:00:00,340,262,78,FMN GV 03 Hove
46,Statielei 16,2023-09-21,09:00:00,88,63,25,FMN GV 03 Hove
46,Statielei 16,2023-09-21,10:00:00,32,17,15,FMN GV 03 Hove
46,Statielei 16,2023-09-21,11:00:00,37,24,13,FMN GV 03 Hove
46,Statielei 16,2023-09-21,12:00:00,62,30,32,FMN GV 03 Hove
46,Statielei 16,2023-09-21,13:00:00,60,26,34,FMN GV 03 Hove
46,Statielei 16,2023-09-21,14:00:00,70,36,34,FMN GV 03 Hove
46,Statielei 16,2023-09-21,15:00:00,108,34,74,FMN GV 03 Hove
46,Statielei 16,2023-09-21,16:00:00,185,37,148,FMN GV 03 Hove
46,Statielei 16,2023-09-21,17:00:00,233,69,164,FMN GV 03 Hove
46,Statielei 16,2023-09-21,18:00:00,136,50,86,FMN GV 03 Hove
46,Statielei 16,2023-09-21,19:00:00,84,40,44,FMN GV 03 Hove
46,Statielei 16,2023-09-21,20:00:00,61,29,32,FMN GV 03 Hove
46,Statielei 16,2023-09-21,21:00:00,27,15,12,FMN GV 03 Hove
46,Statielei 16,2023-09-21,22:00:00,41,20,21,FMN GV 03 Hove
46,Statielei 16,2023-09-21,23:00:00,25,6,19,FMN GV 03 Hove
46,Statielei 16,2023-09-22,00:00:00,10,3,7,FMN GV 03 Hove
46,Statielei 16,2023-09-22,01:00:00,3,0,3,FMN GV 03 Hove
46,Statielei 16,2023-09-22,02:00:00,4,3,1,FMN GV 03 Hove
46,Statielei 16,2023-09-22,03:00:00,5,3,2,FMN GV 03 Hove
46,Statielei 16,2023-09-22,04:00:00,7,2,5,FMN GV 03 Hove
46,Statielei 16,2023-09-22,05:00:00,36,25,11,FMN GV 03 Hove
46,Statielei 16,2023-09-22,06:00:00,81,53,28,FMN GV 03 Hove
46,Statielei 16,2023-09-22,07:00:00,264,207,57,FMN GV 03 Hove
46,Statielei 16,2023-09-22,08:00:00,350,259,91,FMN GV 03 Hove
46,Statielei 16,2023-09-22,09:00:00,113,82,31,FMN GV 03 Hove
46,Statielei 16,2023-09-22,10:00:00,74,48,26,FMN GV 03 Hove
46,Statielei 16,2023-09-22,11:00:00,88,52,36,FMN GV 03 Hove
46,Statielei 16,2023-09-22,12:00:00,125,48,77,FMN GV 03 Hove
46,Statielei 16,2023-09-22,13:00:00,142,77,65,FMN GV 03 Hove
46,Statielei 16,2023-09-22,14:00:00,113,60,53,FMN GV 03 Hove
46,Statielei 16,2023-09-22,15:00:00,215,86,129,FMN GV 03 Hove
46,Statielei 16,2023-09-22,16:00:00,248,73,175,FMN GV 03 Hove
46,Statielei 16,2023-09-22,17:00:00,228,79,149,FMN GV 03 Hove
46,Statielei 16,2023-09-22,18:00:00,140,48,92,FMN GV 03 Hove
46,Statielei 16,2023-09-22,19:00:00,77,38,39,FMN GV 03 Hove
46,Statielei 16,2023-09-22,20:00:00,45,23,22,FMN GV 03 Hove
46,Statielei 16,2023-09-22,21:00:00,37,22,15,FMN GV 03 Hove
46,Statielei 16,2023-09-22,22:00:00,31,13,18,FMN GV 03 Hove
46,Statielei 16,2023-09-22,23:00:00,29,14,15,FMN GV 03 Hove
46,Statielei 16,2023-09-23,00:00:00,28,6,22,FMN GV 03 Hove
46,Statielei 16,2023-09-23,01:00:00,16,3,13,FMN GV 03 Hove
46,Statielei 16,2023-09-23,02:00:00,9,2,7,FMN GV 03 Hove
46,Statielei 16,2023-09-23,03:00:00,7,3,4,FMN GV 03 Hove
46,Statielei 16,2023-09-23,04:00:00,7,2,5,FMN GV 03 Hove
46,Statielei 16,2023-09-23,05:00:00,12,5,7,FMN GV 03 Hove
46,Statielei 16,2023-09-23,06:00:00,12,10,2,FMN GV 03 Hove
46,Statielei 16,2023-09-23,07:00:00,23,17,6,FMN GV 03 Hove
46,Statielei 16,2023-09-23,08:00:00,51,27,24,FMN GV 03 Hove
46,Statielei 16,2023-09-23,09:00:00,88,48,40,FMN GV 03 Hove
46,Statielei 16,2023-09-23,10:00:00,107,58,49,FMN GV 03 Hove
46,Statielei 16,2023-09-23,11:00:00,139,72,67,FMN GV 03 Hove
46,Statielei 16,2023-09-23,12:00:00,141,80,61,FMN GV 03 Hove
46,Statielei 16,2023-09-23,13:00:00,156,95,61,FMN GV 03 Hove
46,Statielei 16,2023-09-23,14:00:00,152,94,58,FMN GV 03 Hove
46,Statielei 16,2023-09-23,15:00:00,121,53,68,FMN GV 03 Hove
46,Statielei 16,2023-09-23,16:00:00,112,58,54,FMN GV 03 Hove
46,Statielei 16,2023-09-23,17:00:00,122,58,64,FMN GV 03 Hove
46,Statielei 16,2023-09-23,18:00:00,139,78,61,FMN GV 03 Hove
46,Statielei 16,2023-09-23,19:00:00,91,39,52,FMN GV 03 Hove
46,Statielei 16,2023-09-23,20:00:00,42,22,20,FMN GV 03 Hove
46,Statielei 16,2023-09-23,21:00:00,25,13,12,FMN GV 03 Hove
46,Statielei 16,2023-09-23,22:00:00,23,11,12,FMN GV 03 Hove
46,Statielei 16,2023-09-23,23:00:00,46,25,21,FMN GV 03 Hove
46,Statielei 16,2023-09-24,00:00:00,40,14,26,FMN GV 03 Hove
46,Statielei 16,2023-09-24,01:00:00,18,4,14,FMN GV 03 Hove
46,Statielei 16,2023-09-24,02:00:00,26,21,5,FMN GV 03 Hove
46,Statielei 16,2023-09-24,03:00:00,6,2,4,FMN GV 03 Hove
46,Statielei 16,2023-09-24,04:00:00,7,3,4,FMN GV 03 Hove
46,Statielei 16,2023-09-24,05:00:00,9,6,3,FMN GV 03 Hove
46,Statielei 16,2023-09-24,06:00:00,11,7,4,FMN GV 03 Hove
46,Statielei 16,2023-09-24,07:00:00,24,12,12,FMN GV 03 Hove
46,Statielei 16,2023-09-24,08:00:00,53,20,33,FMN GV 03 Hove
46,Statielei 16,2023-09-24,09:00:00,98,47,51,FMN GV 03 Hove
46,Statielei 16,2023-09-24,10:00:00,151,61,90,FMN GV 03 Hove
46,Statielei 16,2023-09-24,11:00:00,232,133,99,FMN GV 03 Hove
46,Statielei 16,2023-09-24,12:00:00,205,115,90,FMN GV 03 Hove
46,Statielei 16,2023-09-24,13:00:00,182,89,93,FMN GV 03 Hove
46,Statielei 16,2023-09-24,14:00:00,295,176,119,FMN GV 03 Hove
46,Statielei 16,2023-09-24,15:00:00,234,130,104,FMN GV 03 Hove
46,Statielei 16,2023-09-24,16:00:00,208,127,81,FMN GV 03 Hove
46,Statielei 16,2023-09-24,17:00:00,240,142,98,FMN GV 03 Hove
46,Statielei 16,2023-09-24,18:00:00,137,67,70,FMN GV 03 Hove
46,Statielei 16,2023-09-24,19:00:00,119,64,55,FMN GV 03 Hove
46,Statielei 16,2023-09-24,20:00:00,56,29,27,FMN GV 03 Hove
46,Statielei 16,2023-09-24,21:00:00,39,24,15,FMN GV 03 Hove
46,Statielei 16,2023-09-24,22:00:00,23,7,16,FMN GV 03 Hove
46,Statielei 16,2023-09-24,23:00:00,22,14,8,FMN GV 03 Hove
46,Statielei 16,2023-09-25,00:00:00,2,1,1,FMN GV 03 Hove
46,Statielei 16,2023-09-25,01:00:00,2,1,1,FMN GV 03 Hove
46,Statielei 16,2023-09-25,02:00:00,1,0,1,FMN GV 03 Hove
46,Statielei 16,2023-09-25,03:00:00,4,2,2,FMN GV 03 Hove
46,Statielei 16,2023-09-25,04:00:00,19,12,7,FMN GV 03 Hove
46,Statielei 16,2023-09-25,05:00:00,27,13,14,FMN GV 03 Hove
46,Statielei 16,2023-09-25,06:00:00,119,86,33,FMN GV 03 Hove
46,Statielei 16,2023-09-25,07:00:00,406,327,79,FMN GV 03 Hove
46,Statielei 16,2023-09-25,08:00:00,454,366,88,FMN GV 03 Hove
46,Statielei 16,2023-09-25,09:00:00,127,95,32,FMN GV 03 Hove
46,Statielei 16,2023-09-25,10:00:00,106,67,39,FMN GV 03 Hove
46,Statielei 16,2023-09-25,11:00:00,111,73,38,FMN GV 03 Hove
46,Statielei 16,2023-09-25,12:00:00,148,79,69,FMN GV 03 Hove
46,Statielei 16,2023-09-25,13:00:00,173,101,72,FMN GV 03 Hove
46,Statielei 16,2023-09-25,14:00:00,173,80,93,FMN GV 03 Hove
46,Statielei 16,2023-09-25,15:00:00,238,82,156,FMN GV 03 Hove
46,Statielei 16,2023-09-25,16:00:00,424,114,310,FMN GV 03 Hove
46,Statielei 16,2023-09-25,17:00:00,457,141,316,FMN GV 03 Hove
46,Statielei 16,2023-09-25,18:00:00,318,127,191,FMN GV 03 Hove
46,Statielei 16,2023-09-25,19:00:00,130,65,65,FMN GV 03 Hove
46,Statielei 16,2023-09-25,20:00:00,89,43,46,FMN GV 03 Hove
46,Statielei 16,2023-09-25,21:00:00,59,24,35,FMN GV 03 Hove
46,Statielei 16,2023-09-25,22:00:00,55,23,32,FMN GV 03 Hove
46,Statielei 16,2023-09-25,23:00:00,18,8,10,FMN GV 03 Hove
46,Statielei 16,2023-09-26,00:00:00,10,3,7,FMN GV 03 Hove
46,Statielei 16,2023-09-26,01:00:00,1,0,1,FMN GV 03 Hove
46,Statielei 16,2023-09-26,02:00:00,1,0,1,FMN GV 03 Hove
46,Statielei 16,2023-09-26,03:00:00,4,2,2,FMN GV 03 Hove
46,Statielei 16,2023-09-26,04:00:00,15,8,7,FMN GV 03 Hove
46,Statielei 16,2023-09-26,05:00:00,42,28,14,FMN GV 03 Hove
46,Statielei 16,2023-09-26,06:00:00,142,110,32,FMN GV 03 Hove
46,Statielei 16,2023-09-26,07:00:00,508,394,114,FMN GV 03 Hove
46,Statielei 16,2023-09-26,08:00:00,521,419,102,FMN GV 03 Hove
46,Statielei 16,2023-09-26,09:00:00,196,119,77,FMN GV 03 Hove
46,Statielei 16,2023-09-26,10:00:00,97,63,34,FMN GV 03 Hove
46,Statielei 16,2023-09-26,11:00:00,133,68,65,FMN GV 03 Hove
46,Statielei 16,2023-09-26,12:00:00,167,95,72,FMN GV 03 Hove
46,Statielei 16,2023-09-26,13:00:00,180,115,65,FMN GV 03 Hove
46,Statielei 16,2023-09-26,14:00:00,178,68,110,FMN GV 03 Hove
46,Statielei 16,2023-09-26,15:00:00,277,132,145,FMN GV 03 Hove
46,Statielei 16,2023-09-26,16:00:00,458,115,343,FMN GV 03 Hove
46,Statielei 16,2023-09-26,17:00:00,486,138,348,FMN GV 03 Hove
46,Statielei 16,2023-09-26,18:00:00,308,107,201,FMN GV 03 Hove
46,Statielei 16,2023-09-26,19:00:00,164,88,76,FMN GV 03 Hove
46,Statielei 16,2023-09-26,20:00:00,79,39,40,FMN GV 03 Hove
46,Statielei 16,2023-09-26,21:00:00,63,27,36,FMN GV 03 Hove
46,Statielei 16,2023-09-26,22:00:00,71,24,47,FMN GV 03 Hove
46,Statielei 16,2023-09-26,23:00:00,34,13,21,FMN GV 03 Hove
46,Statielei 16,2023-09-27,00:00:00,7,2,5,FMN GV 03 Hove
46,Statielei 16,2023-09-27,01:00:00,3,3,0,FMN GV 03 Hove
46,Statielei 16,2023-09-27,02:00:00,2,0,2,FMN GV 03 Hove
46,Statielei 16,2023-09-27,03:00:00,3,2,1,FMN GV 03 Hove
46,Statielei 16,2023-09-27,04:00:00,14,8,6,FMN GV 03 Hove
46,Statielei 16,2023-09-27,05:00:00,36,20,16,FMN GV 03 Hove
46,Statielei 16,2023-09-27,06:00:00,129,98,31,FMN GV 03 Hove
46,Statielei 16,2023-09-27,07:00:00,386,313,73,FMN GV 03 Hove
46,Statielei 16,2023-09-27,08:00:00,448,343,105,FMN GV 03 Hove
46,Statielei 16,2023-09-27,09:00:00,198,134,64,FMN GV 03 Hove
46,Statielei 16,2023-09-27,10:00:00,159,99,60,FMN GV 03 Hove
46,Statielei 16,2023-09-27,11:00:00,186,94,92,FMN GV 03 Hove
46,Statielei 16,2023-09-27,12:00:00,316,111,205,FMN GV 03 Hove
46,Statielei 16,2023-09-27,13:00:00,250,98,152,FMN GV 03 Hove
46,Statielei 16,2023-09-27,14:00:00,160,75,85,FMN GV 03 Hove
46,Statielei 16,2023-09-27,15:00:00,207,91,116,FMN GV 03 Hove
46,Statielei 16,2023-09-27,16:00:00,339,113,226,FMN GV 03 Hove
46,Statielei 16,2023-09-27,17:00:00,447,168,279,FMN GV 03 Hove
46,Statielei 16,2023-09-27,18:00:00,270,115,155,FMN GV 03 Hove
46,Statielei 16,2023-09-27,19:00:00,168,96,72,FMN GV 03 Hove
46,Statielei 16,2023-09-27,20:00:00,89,51,38,FMN GV 03 Hove
46,Statielei 16,2023-09-27,21:00:00,76,23,53,FMN GV 03 Hove
46,Statielei 16,2023-09-27,22:00:00,70,37,33,FMN GV 03 Hove
46,Statielei 16,2023-09-27,23:00:00,39,10,29,FMN GV 03 Hove
