Meetpunt surrogate key,Meetpunt locatie,Datum,Tijd,Aantal fietsers,Aantal fietsers van,Aantal fietsers naar,Meetpunt code
543,Amedeus Stockmanslei 39,2021-10-08,00:00:00,0,0,0,MOR02
543,Amedeus Stockmanslei 39,2021-10-08,01:00:00,0,0,0,MOR02
543,Amedeus Stockmanslei 39,2021-10-08,02:00:00,0,0,0,MOR02
543,Amedeus Stockmanslei 39,2021-10-08,03:00:00,0,0,0,MOR02
543,Amedeus Stockmanslei 39,2021-10-08,04:00:00,0,0,0,MOR02
543,Amedeus Stockmanslei 39,2021-10-08,05:00:00,0,0,0,MOR02
543,Amedeus Stockmanslei 39,2021-10-08,06:00:00,0,0,0,MOR02
543,Amedeus Stockmanslei 39,2021-10-08,07:00:00,0,0,0,MOR02
543,Amedeus Stockmanslei 39,2021-10-08,08:00:00,0,0,0,MOR02
543,Amedeus Stockmanslei 39,2021-10-08,09:00:00,0,0,0,MOR02
543,Amedeus Stockmanslei 39,2021-10-08,10:00:00,0,0,0,MOR02
543,Amedeus Stockmanslei 39,2021-10-08,11:00:00,0,0,0,MOR02
543,Amedeus Stockmanslei 39,2021-10-08,12:00:00,0,0,0,MOR02
543,Amedeus Stockmanslei 39,2021-10-08,13:00:00,0,0,0,MOR02
543,Amedeus Stockmanslei 39,2021-10-08,14:00:00,238,130,108,MOR02
543,Amedeus Stockmanslei 39,2021-10-08,15:00:00,340,200,140,MOR02
543,Amedeus Stockmanslei 39,2021-10-08,16:00:00,427,281,146,MOR02
543,Amedeus Stockmanslei 39,2021-10-08,17:00:00,422,265,157,MOR02
543,Amedeus Stockmanslei 39,2021-10-08,18:00:00,319,191,128,MOR02
543,Amedeus Stockmanslei 39,2021-10-08,19:00:00,176,83,93,MOR02
543,Amedeus Stockmanslei 39,2021-10-08,20:00:00,158,88,70,MOR02
543,Amedeus Stockmanslei 39,2021-10-08,21:00:00,85,49,36,MOR02
543,Amedeus Stockmanslei 39,2021-10-08,22:00:00,105,77,28,MOR02
543,Amedeus Stockmanslei 39,2021-10-08,23:00:00,68,55,13,MOR02
543,Amedeus Stockmanslei 39,2021-10-09,00:00:00,61,28,33,MOR02
543,Amedeus Stockmanslei 39,2021-10-09,01:00:00,54,26,28,MOR02
543,Amedeus Stockmanslei 39,2021-10-09,02:00:00,32,23,9,MOR02
543,Amedeus Stockmanslei 39,2021-10-09,03:00:00,30,17,13,MOR02
543,Amedeus Stockmanslei 39,2021-10-09,04:00:00,18,13,5,MOR02
543,Amedeus Stockmanslei 39,2021-10-09,05:00:00,17,12,5,MOR02
543,Amedeus Stockmanslei 39,2021-10-09,06:00:00,30,15,15,MOR02
543,Amedeus Stockmanslei 39,2021-10-09,07:00:00,40,22,18,MOR02
543,Amedeus Stockmanslei 39,2021-10-09,08:00:00,73,30,43,MOR02
543,Amedeus Stockmanslei 39,2021-10-09,09:00:00,140,72,68,MOR02
543,Amedeus Stockmanslei 39,2021-10-09,10:00:00,184,98,86,MOR02
543,Amedeus Stockmanslei 39,2021-10-09,11:00:00,183,85,98,MOR02
543,Amedeus Stockmanslei 39,2021-10-09,12:00:00,211,104,107,MOR02
543,Amedeus Stockmanslei 39,2021-10-09,13:00:00,288,132,156,MOR02
543,Amedeus Stockmanslei 39,2021-10-09,14:00:00,338,138,200,MOR02
543,Amedeus Stockmanslei 39,2021-10-09,15:00:00,322,154,168,MOR02
543,Amedeus Stockmanslei 39,2021-10-09,16:00:00,267,149,118,MOR02
543,Amedeus Stockmanslei 39,2021-10-09,17:00:00,286,175,111,MOR02
543,Amedeus Stockmanslei 39,2021-10-09,18:00:00,254,143,111,MOR02
543,Amedeus Stockmanslei 39,2021-10-09,19:00:00,173,92,81,MOR02
543,Amedeus Stockmanslei 39,2021-10-09,20:00:00,94,49,45,MOR02
543,Amedeus Stockmanslei 39,2021-10-09,21:00:00,53,29,24,MOR02
543,Amedeus Stockmanslei 39,2021-10-09,22:00:00,69,38,31,MOR02
543,Amedeus Stockmanslei 39,2021-10-09,23:00:00,56,41,15,MOR02
543,Amedeus Stockmanslei 39,2021-10-10,00:00:00,76,42,34,MOR02
543,Amedeus Stockmanslei 39,2021-10-10,01:00:00,35,26,9,MOR02
543,Amedeus Stockmanslei 39,2021-10-10,02:00:00,33,24,9,MOR02
543,Amedeus Stockmanslei 39,2021-10-10,03:00:00,16,12,4,MOR02
543,Amedeus Stockmanslei 39,2021-10-10,04:00:00,14,7,7,MOR02
543,Amedeus Stockmanslei 39,2021-10-10,05:00:00,20,8,12,MOR02
543,Amedeus Stockmanslei 39,2021-10-10,06:00:00,28,14,14,MOR02
543,Amedeus Stockmanslei 39,2021-10-10,07:00:00,28,14,14,MOR02
543,Amedeus Stockmanslei 39,2021-10-10,08:00:00,55,30,25,MOR02
543,Amedeus Stockmanslei 39,2021-10-10,09:00:00,160,81,79,MOR02
543,Amedeus Stockmanslei 39,2021-10-10,10:00:00,143,73,70,MOR02
543,Amedeus Stockmanslei 39,2021-10-10,11:00:00,205,85,120,MOR02
543,Amedeus Stockmanslei 39,2021-10-10,12:00:00,242,86,156,MOR02
543,Amedeus Stockmanslei 39,2021-10-10,13:00:00,311,125,186,MOR02
543,Amedeus Stockmanslei 39,2021-10-10,14:00:00,275,107,168,MOR02
543,Amedeus Stockmanslei 39,2021-10-10,15:00:00,253,145,108,MOR02
543,Amedeus Stockmanslei 39,2021-10-10,16:00:00,309,205,104,MOR02
543,Amedeus Stockmanslei 39,2021-10-10,17:00:00,305,178,127,MOR02
543,Amedeus Stockmanslei 39,2021-10-10,18:00:00,187,108,79,MOR02
543,Amedeus Stockmanslei 39,2021-10-10,19:00:00,111,43,68,MOR02
543,Amedeus Stockmanslei 39,2021-10-10,20:00:00,57,33,24,MOR02
543,Amedeus Stockmanslei 39,2021-10-10,21:00:00,49,25,24,MOR02
543,Amedeus Stockmanslei 39,2021-10-10,22:00:00,30,23,7,MOR02
543,Amedeus Stockmanslei 39,2021-10-10,23:00:00,20,11,9,MOR02
543,Amedeus Stockmanslei 39,2021-10-11,00:00:00,9,7,2,MOR02
543,Amedeus Stockmanslei 39,2021-10-11,01:00:00,2,1,1,MOR02
543,Amedeus Stockmanslei 39,2021-10-11,02:00:00,4,2,2,MOR02
543,Amedeus Stockmanslei 39,2021-10-11,03:00:00,3,2,1,MOR02
543,Amedeus Stockmanslei 39,2021-10-11,04:00:00,14,6,8,MOR02
543,Amedeus Stockmanslei 39,2021-10-11,05:00:00,33,16,17,MOR02
543,Amedeus Stockmanslei 39,2021-10-11,06:00:00,111,27,84,MOR02
543,Amedeus Stockmanslei 39,2021-10-11,07:00:00,402,108,294,MOR02
543,Amedeus Stockmanslei 39,2021-10-11,08:00:00,646,185,461,MOR02
543,Amedeus Stockmanslei 39,2021-10-11,09:00:00,191,50,141,MOR02
543,Amedeus Stockmanslei 39,2021-10-11,10:00:00,107,47,60,MOR02
543,Amedeus Stockmanslei 39,2021-10-11,11:00:00,104,49,55,MOR02
543,Amedeus Stockmanslei 39,2021-10-11,12:00:00,180,90,90,MOR02
543,Amedeus Stockmanslei 39,2021-10-11,13:00:00,136,69,67,MOR02
543,Amedeus Stockmanslei 39,2021-10-11,14:00:00,132,69,63,MOR02
543,Amedeus Stockmanslei 39,2021-10-11,15:00:00,272,151,121,MOR02
543,Amedeus Stockmanslei 39,2021-10-11,16:00:00,423,300,123,MOR02
543,Amedeus Stockmanslei 39,2021-10-11,17:00:00,452,334,118,MOR02
543,Amedeus Stockmanslei 39,2021-10-11,18:00:00,304,217,87,MOR02
543,Amedeus Stockmanslei 39,2021-10-11,19:00:00,161,94,67,MOR02
543,Amedeus Stockmanslei 39,2021-10-11,20:00:00,83,41,42,MOR02
543,Amedeus Stockmanslei 39,2021-10-11,21:00:00,69,38,31,MOR02
543,Amedeus Stockmanslei 39,2021-10-11,22:00:00,78,47,31,MOR02
543,Amedeus Stockmanslei 39,2021-10-11,23:00:00,19,13,6,MOR02
543,Amedeus Stockmanslei 39,2021-10-12,00:00:00,10,7,3,MOR02
543,Amedeus Stockmanslei 39,2021-10-12,01:00:00,13,9,4,MOR02
543,Amedeus Stockmanslei 39,2021-10-12,02:00:00,3,3,0,MOR02
543,Amedeus Stockmanslei 39,2021-10-12,03:00:00,3,3,0,MOR02
543,Amedeus Stockmanslei 39,2021-10-12,04:00:00,20,10,10,MOR02
543,Amedeus Stockmanslei 39,2021-10-12,05:00:00,26,13,13,MOR02
543,Amedeus Stockmanslei 39,2021-10-12,06:00:00,118,34,84,MOR02
543,Amedeus Stockmanslei 39,2021-10-12,07:00:00,406,100,306,MOR02
543,Amedeus Stockmanslei 39,2021-10-12,08:00:00,641,182,459,MOR02
543,Amedeus Stockmanslei 39,2021-10-12,09:00:00,206,76,130,MOR02
543,Amedeus Stockmanslei 39,2021-10-12,10:00:00,94,40,54,MOR02
543,Amedeus Stockmanslei 39,2021-10-12,11:00:00,97,34,63,MOR02
543,Amedeus Stockmanslei 39,2021-10-12,12:00:00,145,76,69,MOR02
543,Amedeus Stockmanslei 39,2021-10-12,13:00:00,135,85,50,MOR02
543,Amedeus Stockmanslei 39,2021-10-12,14:00:00,93,43,50,MOR02
543,Amedeus Stockmanslei 39,2021-10-12,15:00:00,189,111,78,MOR02
543,Amedeus Stockmanslei 39,2021-10-12,16:00:00,432,308,124,MOR02
543,Amedeus Stockmanslei 39,2021-10-12,17:00:00,442,319,123,MOR02
543,Amedeus Stockmanslei 39,2021-10-12,18:00:00,276,193,83,MOR02
543,Amedeus Stockmanslei 39,2021-10-12,19:00:00,171,91,80,MOR02
543,Amedeus Stockmanslei 39,2021-10-12,20:00:00,82,50,32,MOR02
543,Amedeus Stockmanslei 39,2021-10-12,21:00:00,69,40,29,MOR02
543,Amedeus Stockmanslei 39,2021-10-12,22:00:00,78,43,35,MOR02
543,Amedeus Stockmanslei 39,2021-10-12,23:00:00,45,22,23,MOR02
543,Amedeus Stockmanslei 39,2021-10-13,00:00:00,17,13,4,MOR02
543,Amedeus Stockmanslei 39,2021-10-13,01:00:00,11,6,5,MOR02
543,Amedeus Stockmanslei 39,2021-10-13,02:00:00,2,1,1,MOR02
543,Amedeus Stockmanslei 39,2021-10-13,03:00:00,13,10,3,MOR02
543,Amedeus Stockmanslei 39,2021-10-13,04:00:00,17,10,7,MOR02
543,Amedeus Stockmanslei 39,2021-10-13,05:00:00,35,17,18,MOR02
543,Amedeus Stockmanslei 39,2021-10-13,06:00:00,115,30,85,MOR02
543,Amedeus Stockmanslei 39,2021-10-13,07:00:00,377,99,278,MOR02
543,Amedeus Stockmanslei 39,2021-10-13,08:00:00,515,166,349,MOR02
543,Amedeus Stockmanslei 39,2021-10-13,09:00:00,182,57,125,MOR02
543,Amedeus Stockmanslei 39,2021-10-13,10:00:00,145,81,64,MOR02
543,Amedeus Stockmanslei 39,2021-10-13,11:00:00,202,88,114,MOR02
543,Amedeus Stockmanslei 39,2021-10-13,12:00:00,300,148,152,MOR02
543,Amedeus Stockmanslei 39,2021-10-13,13:00:00,208,123,85,MOR02
543,Amedeus Stockmanslei 39,2021-10-13,14:00:00,191,94,97,MOR02
543,Amedeus Stockmanslei 39,2021-10-13,15:00:00,212,140,72,MOR02
543,Amedeus Stockmanslei 39,2021-10-13,16:00:00,323,218,105,MOR02
543,Amedeus Stockmanslei 39,2021-10-13,17:00:00,441,311,130,MOR02
543,Amedeus Stockmanslei 39,2021-10-13,18:00:00,275,166,109,MOR02
543,Amedeus Stockmanslei 39,2021-10-13,19:00:00,191,108,83,MOR02
543,Amedeus Stockmanslei 39,2021-10-13,20:00:00,107,53,54,MOR02
543,Amedeus Stockmanslei 39,2021-10-13,21:00:00,74,37,37,MOR02
543,Amedeus Stockmanslei 39,2021-10-13,22:00:00,77,56,21,MOR02
543,Amedeus Stockmanslei 39,2021-10-13,23:00:00,77,50,27,MOR02
543,Amedeus Stockmanslei 39,2021-10-14,00:00:00,24,15,9,MOR02
543,Amedeus Stockmanslei 39,2021-10-14,01:00:00,6,5,1,MOR02
543,Amedeus Stockmanslei 39,2021-10-14,02:00:00,5,2,3,MOR02
543,Amedeus Stockmanslei 39,2021-10-14,03:00:00,4,4,0,MOR02
543,Amedeus Stockmanslei 39,2021-10-14,04:00:00,17,10,7,MOR02
543,Amedeus Stockmanslei 39,2021-10-14,05:00:00,32,13,19,MOR02
543,Amedeus Stockmanslei 39,2021-10-14,06:00:00,118,34,84,MOR02
543,Amedeus Stockmanslei 39,2021-10-14,07:00:00,436,130,306,MOR02
543,Amedeus Stockmanslei 39,2021-10-14,08:00:00,683,191,492,MOR02
543,Amedeus Stockmanslei 39,2021-10-14,09:00:00,213,74,139,MOR02
543,Amedeus Stockmanslei 39,2021-10-14,10:00:00,141,59,82,MOR02
543,Amedeus Stockmanslei 39,2021-10-14,11:00:00,124,44,80,MOR02
543,Amedeus Stockmanslei 39,2021-10-14,12:00:00,177,86,91,MOR02
543,Amedeus Stockmanslei 39,2021-10-14,13:00:00,184,100,84,MOR02
543,Amedeus Stockmanslei 39,2021-10-14,14:00:00,173,98,75,MOR02
543,Amedeus Stockmanslei 39,2021-10-14,15:00:00,288,183,105,MOR02
543,Amedeus Stockmanslei 39,2021-10-14,16:00:00,478,338,140,MOR02
543,Amedeus Stockmanslei 39,2021-10-14,17:00:00,469,331,138,MOR02
543,Amedeus Stockmanslei 39,2021-10-14,18:00:00,354,247,107,MOR02
543,Amedeus Stockmanslei 39,2021-10-14,19:00:00,171,105,66,MOR02
543,Amedeus Stockmanslei 39,2021-10-14,20:00:00,101,53,48,MOR02
543,Amedeus Stockmanslei 39,2021-10-14,21:00:00,58,32,26,MOR02
543,Amedeus Stockmanslei 39,2021-10-14,22:00:00,96,54,42,MOR02
543,Amedeus Stockmanslei 39,2021-10-14,23:00:00,51,31,20,MOR02
543,Amedeus Stockmanslei 39,2021-10-15,00:00:00,27,21,6,MOR02
543,Amedeus Stockmanslei 39,2021-10-15,01:00:00,16,14,2,MOR02
543,Amedeus Stockmanslei 39,2021-10-15,02:00:00,11,7,4,MOR02
543,Amedeus Stockmanslei 39,2021-10-15,03:00:00,8,8,0,MOR02
543,Amedeus Stockmanslei 39,2021-10-15,04:00:00,10,4,6,MOR02
543,Amedeus Stockmanslei 39,2021-10-15,05:00:00,31,16,15,MOR02
543,Amedeus Stockmanslei 39,2021-10-15,06:00:00,94,35,59,MOR02
543,Amedeus Stockmanslei 39,2021-10-15,07:00:00,350,115,235,MOR02
543,Amedeus Stockmanslei 39,2021-10-15,08:00:00,563,200,363,MOR02
543,Amedeus Stockmanslei 39,2021-10-15,09:00:00,181,60,121,MOR02
543,Amedeus Stockmanslei 39,2021-10-15,10:00:00,83,40,43,MOR02
543,Amedeus Stockmanslei 39,2021-10-15,11:00:00,83,33,50,MOR02
543,Amedeus Stockmanslei 39,2021-10-15,12:00:00,146,76,70,MOR02
543,Amedeus Stockmanslei 39,2021-10-15,13:00:00,160,94,66,MOR02
543,Amedeus Stockmanslei 39,2021-10-15,14:00:00,179,96,83,MOR02
543,Amedeus Stockmanslei 39,2021-10-15,15:00:00,283,170,113,MOR02
543,Amedeus Stockmanslei 39,2021-10-15,16:00:00,420,273,147,MOR02
543,Amedeus Stockmanslei 39,2021-10-15,17:00:00,391,232,159,MOR02
543,Amedeus Stockmanslei 39,2021-10-15,18:00:00,222,128,94,MOR02
543,Amedeus Stockmanslei 39,2021-10-15,19:00:00,163,82,81,MOR02
543,Amedeus Stockmanslei 39,2021-10-15,20:00:00,104,50,54,MOR02
543,Amedeus Stockmanslei 39,2021-10-15,21:00:00,53,27,26,MOR02
543,Amedeus Stockmanslei 39,2021-10-15,22:00:00,66,48,18,MOR02
543,Amedeus Stockmanslei 39,2021-10-15,23:00:00,61,40,21,MOR02
543,Amedeus Stockmanslei 39,2021-10-16,00:00:00,61,29,32,MOR02
543,Amedeus Stockmanslei 39,2021-10-16,01:00:00,36,23,13,MOR02
543,Amedeus Stockmanslei 39,2021-10-16,02:00:00,23,17,6,MOR02
543,Amedeus Stockmanslei 39,2021-10-16,03:00:00,15,11,4,MOR02
543,Amedeus Stockmanslei 39,2021-10-16,04:00:00,22,17,5,MOR02
543,Amedeus Stockmanslei 39,2021-10-16,05:00:00,18,10,8,MOR02
543,Amedeus Stockmanslei 39,2021-10-16,06:00:00,35,15,20,MOR02
543,Amedeus Stockmanslei 39,2021-10-16,07:00:00,25,12,13,MOR02
543,Amedeus Stockmanslei 39,2021-10-16,08:00:00,75,46,29,MOR02
543,Amedeus Stockmanslei 39,2021-10-16,09:00:00,125,50,75,MOR02
543,Amedeus Stockmanslei 39,2021-10-16,10:00:00,150,72,78,MOR02
543,Amedeus Stockmanslei 39,2021-10-16,11:00:00,195,100,95,MOR02
543,Amedeus Stockmanslei 39,2021-10-16,12:00:00,207,106,101,MOR02
543,Amedeus Stockmanslei 39,2021-10-16,13:00:00,211,89,122,MOR02
543,Amedeus Stockmanslei 39,2021-10-16,14:00:00,283,138,145,MOR02
543,Amedeus Stockmanslei 39,2021-10-16,15:00:00,222,121,101,MOR02
543,Amedeus Stockmanslei 39,2021-10-16,16:00:00,248,145,103,MOR02
543,Amedeus Stockmanslei 39,2021-10-16,17:00:00,188,95,93,MOR02
543,Amedeus Stockmanslei 39,2021-10-16,18:00:00,167,93,74,MOR02
543,Amedeus Stockmanslei 39,2021-10-16,19:00:00,139,69,70,MOR02
543,Amedeus Stockmanslei 39,2021-10-16,20:00:00,76,27,49,MOR02
543,Amedeus Stockmanslei 39,2021-10-16,21:00:00,54,26,28,MOR02
543,Amedeus Stockmanslei 39,2021-10-16,22:00:00,49,30,19,MOR02
543,Amedeus Stockmanslei 39,2021-10-16,23:00:00,58,32,26,MOR02
543,Amedeus Stockmanslei 39,2021-10-17,00:00:00,86,55,31,MOR02
543,Amedeus Stockmanslei 39,2021-10-17,01:00:00,36,24,12,MOR02
543,Amedeus Stockmanslei 39,2021-10-17,02:00:00,22,15,7,MOR02
543,Amedeus Stockmanslei 39,2021-10-17,03:00:00,5,3,2,MOR02
543,Amedeus Stockmanslei 39,2021-10-17,04:00:00,10,7,3,MOR02
543,Amedeus Stockmanslei 39,2021-10-17,05:00:00,26,19,7,MOR02
543,Amedeus Stockmanslei 39,2021-10-17,06:00:00,26,9,17,MOR02
543,Amedeus Stockmanslei 39,2021-10-17,07:00:00,20,9,11,MOR02
543,Amedeus Stockmanslei 39,2021-10-17,08:00:00,49,30,19,MOR02
543,Amedeus Stockmanslei 39,2021-10-17,09:00:00,109,51,58,MOR02
543,Amedeus Stockmanslei 39,2021-10-17,10:00:00,139,67,72,MOR02
543,Amedeus Stockmanslei 39,2021-10-17,11:00:00,147,80,67,MOR02
543,Amedeus Stockmanslei 39,2021-10-17,12:00:00,212,98,114,MOR02
543,Amedeus Stockmanslei 39,2021-10-17,13:00:00,226,117,109,MOR02
543,Amedeus Stockmanslei 39,2021-10-17,14:00:00,209,109,100,MOR02
543,Amedeus Stockmanslei 39,2021-10-17,15:00:00,209,86,123,MOR02
543,Amedeus Stockmanslei 39,2021-10-17,16:00:00,176,83,93,MOR02
543,Amedeus Stockmanslei 39,2021-10-17,17:00:00,178,86,92,MOR02
543,Amedeus Stockmanslei 39,2021-10-17,18:00:00,155,77,78,MOR02
543,Amedeus Stockmanslei 39,2021-10-17,19:00:00,62,29,33,MOR02
543,Amedeus Stockmanslei 39,2021-10-17,20:00:00,65,31,34,MOR02
543,Amedeus Stockmanslei 39,2021-10-17,21:00:00,57,29,28,MOR02
543,Amedeus Stockmanslei 39,2021-10-17,22:00:00,29,19,10,MOR02
543,Amedeus Stockmanslei 39,2021-10-17,23:00:00,25,18,7,MOR02
543,Amedeus Stockmanslei 39,2021-10-18,00:00:00,10,6,4,MOR02
543,Amedeus Stockmanslei 39,2021-10-18,01:00:00,7,6,1,MOR02
543,Amedeus Stockmanslei 39,2021-10-18,02:00:00,4,2,2,MOR02
543,Amedeus Stockmanslei 39,2021-10-18,03:00:00,4,2,2,MOR02
543,Amedeus Stockmanslei 39,2021-10-18,04:00:00,19,11,8,MOR02
543,Amedeus Stockmanslei 39,2021-10-18,05:00:00,32,13,19,MOR02
543,Amedeus Stockmanslei 39,2021-10-18,06:00:00,111,29,82,MOR02
543,Amedeus Stockmanslei 39,2021-10-18,07:00:00,430,105,325,MOR02
543,Amedeus Stockmanslei 39,2021-10-18,08:00:00,676,203,473,MOR02
543,Amedeus Stockmanslei 39,2021-10-18,09:00:00,317,168,149,MOR02
543,Amedeus Stockmanslei 39,2021-10-18,10:00:00,184,55,129,MOR02
543,Amedeus Stockmanslei 39,2021-10-18,11:00:00,188,66,122,MOR02
543,Amedeus Stockmanslei 39,2021-10-18,12:00:00,214,109,105,MOR02
543,Amedeus Stockmanslei 39,2021-10-18,13:00:00,178,77,101,MOR02
543,Amedeus Stockmanslei 39,2021-10-18,14:00:00,198,107,91,MOR02
543,Amedeus Stockmanslei 39,2021-10-18,15:00:00,307,191,116,MOR02
543,Amedeus Stockmanslei 39,2021-10-18,16:00:00,458,333,125,MOR02
543,Amedeus Stockmanslei 39,2021-10-18,17:00:00,495,360,135,MOR02
543,Amedeus Stockmanslei 39,2021-10-18,18:00:00,327,231,96,MOR02
543,Amedeus Stockmanslei 39,2021-10-18,19:00:00,175,113,62,MOR02
543,Amedeus Stockmanslei 39,2021-10-18,20:00:00,115,63,52,MOR02
543,Amedeus Stockmanslei 39,2021-10-18,21:00:00,75,48,27,MOR02
543,Amedeus Stockmanslei 39,2021-10-18,22:00:00,83,43,40,MOR02
543,Amedeus Stockmanslei 39,2021-10-18,23:00:00,40,24,16,MOR02
543,Amedeus Stockmanslei 39,2021-10-19,00:00:00,8,4,4,MOR02
543,Amedeus Stockmanslei 39,2021-10-19,01:00:00,9,6,3,MOR02
543,Amedeus Stockmanslei 39,2021-10-19,02:00:00,5,3,2,MOR02
543,Amedeus Stockmanslei 39,2021-10-19,03:00:00,5,3,2,MOR02
543,Amedeus Stockmanslei 39,2021-10-19,04:00:00,15,8,7,MOR02
543,Amedeus Stockmanslei 39,2021-10-19,05:00:00,26,12,14,MOR02
543,Amedeus Stockmanslei 39,2021-10-19,06:00:00,125,35,90,MOR02
543,Amedeus Stockmanslei 39,2021-10-19,07:00:00,431,117,314,MOR02
543,Amedeus Stockmanslei 39,2021-10-19,08:00:00,654,185,469,MOR02
543,Amedeus Stockmanslei 39,2021-10-19,09:00:00,182,47,135,MOR02
543,Amedeus Stockmanslei 39,2021-10-19,10:00:00,100,43,57,MOR02
543,Amedeus Stockmanslei 39,2021-10-19,11:00:00,91,38,53,MOR02
543,Amedeus Stockmanslei 39,2021-10-19,12:00:00,153,87,66,MOR02
543,Amedeus Stockmanslei 39,2021-10-19,13:00:00,148,69,79,MOR02
543,Amedeus Stockmanslei 39,2021-10-19,14:00:00,149,86,63,MOR02
543,Amedeus Stockmanslei 39,2021-10-19,15:00:00,249,141,108,MOR02
543,Amedeus Stockmanslei 39,2021-10-19,16:00:00,432,306,126,MOR02
543,Amedeus Stockmanslei 39,2021-10-19,17:00:00,504,357,147,MOR02
543,Amedeus Stockmanslei 39,2021-10-19,18:00:00,333,237,96,MOR02
543,Amedeus Stockmanslei 39,2021-10-19,19:00:00,161,89,72,MOR02
543,Amedeus Stockmanslei 39,2021-10-19,20:00:00,72,44,28,MOR02
543,Amedeus Stockmanslei 39,2021-10-19,21:00:00,74,49,25,MOR02
543,Amedeus Stockmanslei 39,2021-10-19,22:00:00,80,44,36,MOR02
543,Amedeus Stockmanslei 39,2021-10-19,23:00:00,35,18,17,MOR02
543,Amedeus Stockmanslei 39,2021-10-20,00:00:00,20,14,6,MOR02
543,Amedeus Stockmanslei 39,2021-10-20,01:00:00,6,5,1,MOR02
543,Amedeus Stockmanslei 39,2021-10-20,02:00:00,5,2,3,MOR02
543,Amedeus Stockmanslei 39,2021-10-20,03:00:00,4,2,2,MOR02
543,Amedeus Stockmanslei 39,2021-10-20,04:00:00,13,6,7,MOR02
543,Amedeus Stockmanslei 39,2021-10-20,05:00:00,33,11,22,MOR02
543,Amedeus Stockmanslei 39,2021-10-20,06:00:00,97,24,73,MOR02
543,Amedeus Stockmanslei 39,2021-10-20,07:00:00,364,119,245,MOR02
543,Amedeus Stockmanslei 39,2021-10-20,08:00:00,450,136,314,MOR02
543,Amedeus Stockmanslei 39,2021-10-20,09:00:00,153,50,103,MOR02
543,Amedeus Stockmanslei 39,2021-10-20,10:00:00,127,61,66,MOR02
543,Amedeus Stockmanslei 39,2021-10-20,11:00:00,153,66,87,MOR02
543,Amedeus Stockmanslei 39,2021-10-20,12:00:00,245,136,109,MOR02
543,Amedeus Stockmanslei 39,2021-10-20,13:00:00,229,134,95,MOR02
543,Amedeus Stockmanslei 39,2021-10-20,14:00:00,127,80,47,MOR02
543,Amedeus Stockmanslei 39,2021-10-20,15:00:00,187,113,74,MOR02
543,Amedeus Stockmanslei 39,2021-10-20,16:00:00,266,192,74,MOR02
543,Amedeus Stockmanslei 39,2021-10-20,17:00:00,364,247,117,MOR02
543,Amedeus Stockmanslei 39,2021-10-20,18:00:00,238,153,85,MOR02
543,Amedeus Stockmanslei 39,2021-10-20,19:00:00,127,79,48,MOR02
543,Amedeus Stockmanslei 39,2021-10-20,20:00:00,75,38,37,MOR02
543,Amedeus Stockmanslei 39,2021-10-20,21:00:00,72,46,26,MOR02
543,Amedeus Stockmanslei 39,2021-10-20,22:00:00,75,43,32,MOR02
543,Amedeus Stockmanslei 39,2021-10-20,23:00:00,36,26,10,MOR02
543,Amedeus Stockmanslei 39,2021-10-21,00:00:00,15,12,3,MOR02
543,Amedeus Stockmanslei 39,2021-10-21,01:00:00,12,11,1,MOR02
543,Amedeus Stockmanslei 39,2021-10-21,02:00:00,8,7,1,MOR02
543,Amedeus Stockmanslei 39,2021-10-21,03:00:00,5,4,1,MOR02
543,Amedeus Stockmanslei 39,2021-10-21,04:00:00,12,7,5,MOR02
543,Amedeus Stockmanslei 39,2021-10-21,05:00:00,21,9,12,MOR02
543,Amedeus Stockmanslei 39,2021-10-21,06:00:00,74,21,53,MOR02
543,Amedeus Stockmanslei 39,2021-10-21,07:00:00,218,64,154,MOR02
543,Amedeus Stockmanslei 39,2021-10-21,08:00:00,443,131,312,MOR02
543,Amedeus Stockmanslei 39,2021-10-21,09:00:00,132,32,100,MOR02
543,Amedeus Stockmanslei 39,2021-10-21,10:00:00,78,27,51,MOR02
543,Amedeus Stockmanslei 39,2021-10-21,11:00:00,61,30,31,MOR02
543,Amedeus Stockmanslei 39,2021-10-21,12:00:00,108,56,52,MOR02
543,Amedeus Stockmanslei 39,2021-10-21,13:00:00,91,50,41,MOR02
543,Amedeus Stockmanslei 39,2021-10-21,14:00:00,60,32,28,MOR02
543,Amedeus Stockmanslei 39,2021-10-21,15:00:00,178,102,76,MOR02
543,Amedeus Stockmanslei 39,2021-10-21,16:00:00,279,202,77,MOR02
543,Amedeus Stockmanslei 39,2021-10-21,17:00:00,277,199,78,MOR02
543,Amedeus Stockmanslei 39,2021-10-21,18:00:00,217,142,75,MOR02
543,Amedeus Stockmanslei 39,2021-10-21,19:00:00,124,70,54,MOR02
543,Amedeus Stockmanslei 39,2021-10-21,20:00:00,79,47,32,MOR02
543,Amedeus Stockmanslei 39,2021-10-21,21:00:00,56,27,29,MOR02
543,Amedeus Stockmanslei 39,2021-10-21,22:00:00,71,41,30,MOR02
543,Amedeus Stockmanslei 39,2021-10-21,23:00:00,61,46,15,MOR02
543,Amedeus Stockmanslei 39,2021-10-22,00:00:00,20,15,5,MOR02
543,Amedeus Stockmanslei 39,2021-10-22,01:00:00,8,5,3,MOR02
543,Amedeus Stockmanslei 39,2021-10-22,02:00:00,9,6,3,MOR02
543,Amedeus Stockmanslei 39,2021-10-22,03:00:00,7,6,1,MOR02
543,Amedeus Stockmanslei 39,2021-10-22,04:00:00,15,10,5,MOR02
543,Amedeus Stockmanslei 39,2021-10-22,05:00:00,32,11,21,MOR02
543,Amedeus Stockmanslei 39,2021-10-22,06:00:00,105,32,73,MOR02
543,Amedeus Stockmanslei 39,2021-10-22,07:00:00,361,124,237,MOR02
543,Amedeus Stockmanslei 39,2021-10-22,08:00:00,475,166,309,MOR02
543,Amedeus Stockmanslei 39,2021-10-22,09:00:00,226,54,172,MOR02
543,Amedeus Stockmanslei 39,2021-10-22,10:00:00,100,41,59,MOR02
543,Amedeus Stockmanslei 39,2021-10-22,11:00:00,113,59,54,MOR02
543,Amedeus Stockmanslei 39,2021-10-22,12:00:00,185,91,94,MOR02
543,Amedeus Stockmanslei 39,2021-10-22,13:00:00,131,67,64,MOR02
543,Amedeus Stockmanslei 39,2021-10-22,14:00:00,168,106,62,MOR02
543,Amedeus Stockmanslei 39,2021-10-22,15:00:00,314,206,108,MOR02
543,Amedeus Stockmanslei 39,2021-10-22,16:00:00,336,225,111,MOR02
543,Amedeus Stockmanslei 39,2021-10-22,17:00:00,316,206,110,MOR02
543,Amedeus Stockmanslei 39,2021-10-22,18:00:00,222,137,85,MOR02
543,Amedeus Stockmanslei 39,2021-10-22,19:00:00,130,61,69,MOR02
543,Amedeus Stockmanslei 39,2021-10-22,20:00:00,68,41,27,MOR02
543,Amedeus Stockmanslei 39,2021-10-22,21:00:00,49,30,19,MOR02
543,Amedeus Stockmanslei 39,2021-10-22,22:00:00,52,26,26,MOR02
543,Amedeus Stockmanslei 39,2021-10-22,23:00:00,67,48,19,MOR02
543,Amedeus Stockmanslei 39,2021-10-23,00:00:00,48,28,20,MOR02
543,Amedeus Stockmanslei 39,2021-10-23,01:00:00,24,18,6,MOR02
543,Amedeus Stockmanslei 39,2021-10-23,02:00:00,35,29,6,MOR02
543,Amedeus Stockmanslei 39,2021-10-23,03:00:00,24,9,15,MOR02
543,Amedeus Stockmanslei 39,2021-10-23,04:00:00,19,17,2,MOR02
543,Amedeus Stockmanslei 39,2021-10-23,05:00:00,10,7,3,MOR02
543,Amedeus Stockmanslei 39,2021-10-23,06:00:00,17,7,10,MOR02
543,Amedeus Stockmanslei 39,2021-10-23,07:00:00,52,27,25,MOR02
543,Amedeus Stockmanslei 39,2021-10-23,08:00:00,63,37,26,MOR02
543,Amedeus Stockmanslei 39,2021-10-23,09:00:00,119,50,69,MOR02
543,Amedeus Stockmanslei 39,2021-10-23,10:00:00,118,50,68,MOR02
543,Amedeus Stockmanslei 39,2021-10-23,11:00:00,139,73,66,MOR02
543,Amedeus Stockmanslei 39,2021-10-23,12:00:00,159,85,74,MOR02
543,Amedeus Stockmanslei 39,2021-10-23,13:00:00,171,87,84,MOR02
543,Amedeus Stockmanslei 39,2021-10-23,14:00:00,241,123,118,MOR02
543,Amedeus Stockmanslei 39,2021-10-23,15:00:00,225,129,96,MOR02
543,Amedeus Stockmanslei 39,2021-10-23,16:00:00,212,114,98,MOR02
543,Amedeus Stockmanslei 39,2021-10-23,17:00:00,200,91,109,MOR02
543,Amedeus Stockmanslei 39,2021-10-23,18:00:00,165,79,86,MOR02
543,Amedeus Stockmanslei 39,2021-10-23,19:00:00,96,39,57,MOR02
543,Amedeus Stockmanslei 39,2021-10-23,20:00:00,76,36,40,MOR02
543,Amedeus Stockmanslei 39,2021-10-23,21:00:00,63,36,27,MOR02
543,Amedeus Stockmanslei 39,2021-10-23,22:00:00,61,34,27,MOR02
543,Amedeus Stockmanslei 39,2021-10-23,23:00:00,51,29,22,MOR02
543,Amedeus Stockmanslei 39,2021-10-24,00:00:00,37,22,15,MOR02
543,Amedeus Stockmanslei 39,2021-10-24,01:00:00,32,20,12,MOR02
543,Amedeus Stockmanslei 39,2021-10-24,02:00:00,30,22,8,MOR02
543,Amedeus Stockmanslei 39,2021-10-24,03:00:00,20,10,10,MOR02
543,Amedeus Stockmanslei 39,2021-10-24,04:00:00,14,11,3,MOR02
543,Amedeus Stockmanslei 39,2021-10-24,05:00:00,13,8,5,MOR02
543,Amedeus Stockmanslei 39,2021-10-24,06:00:00,16,3,13,MOR02
543,Amedeus Stockmanslei 39,2021-10-24,07:00:00,21,8,13,MOR02
543,Amedeus Stockmanslei 39,2021-10-24,08:00:00,37,25,12,MOR02
543,Amedeus Stockmanslei 39,2021-10-24,09:00:00,129,53,76,MOR02
543,Amedeus Stockmanslei 39,2021-10-24,10:00:00,169,84,85,MOR02
543,Amedeus Stockmanslei 39,2021-10-24,11:00:00,155,65,90,MOR02
543,Amedeus Stockmanslei 39,2021-10-24,12:00:00,268,135,133,MOR02
543,Amedeus Stockmanslei 39,2021-10-24,13:00:00,255,124,131,MOR02
543,Amedeus Stockmanslei 39,2021-10-24,14:00:00,270,134,136,MOR02
543,Amedeus Stockmanslei 39,2021-10-24,15:00:00,239,109,130,MOR02
543,Amedeus Stockmanslei 39,2021-10-24,16:00:00,269,150,119,MOR02
543,Amedeus Stockmanslei 39,2021-10-24,17:00:00,235,110,125,MOR02
543,Amedeus Stockmanslei 39,2021-10-24,18:00:00,127,68,59,MOR02
543,Amedeus Stockmanslei 39,2021-10-24,19:00:00,99,48,51,MOR02
543,Amedeus Stockmanslei 39,2021-10-24,20:00:00,71,37,34,MOR02
543,Amedeus Stockmanslei 39,2021-10-24,21:00:00,34,18,16,MOR02
543,Amedeus Stockmanslei 39,2021-10-24,22:00:00,38,26,12,MOR02
543,Amedeus Stockmanslei 39,2021-10-24,23:00:00,26,13,13,MOR02
543,Amedeus Stockmanslei 39,2021-10-25,00:00:00,7,3,4,MOR02
543,Amedeus Stockmanslei 39,2021-10-25,01:00:00,3,3,0,MOR02
543,Amedeus Stockmanslei 39,2021-10-25,02:00:00,1,1,0,MOR02
543,Amedeus Stockmanslei 39,2021-10-25,03:00:00,5,2,3,MOR02
543,Amedeus Stockmanslei 39,2021-10-25,04:00:00,11,5,6,MOR02
543,Amedeus Stockmanslei 39,2021-10-25,05:00:00,29,12,17,MOR02
543,Amedeus Stockmanslei 39,2021-10-25,06:00:00,107,23,84,MOR02
543,Amedeus Stockmanslei 39,2021-10-25,07:00:00,375,86,289,MOR02
543,Amedeus Stockmanslei 39,2021-10-25,08:00:00,551,158,393,MOR02
543,Amedeus Stockmanslei 39,2021-10-25,09:00:00,181,54,127,MOR02
543,Amedeus Stockmanslei 39,2021-10-25,10:00:00,100,44,56,MOR02
543,Amedeus Stockmanslei 39,2021-10-25,11:00:00,101,47,54,MOR02
543,Amedeus Stockmanslei 39,2021-10-25,12:00:00,148,70,78,MOR02
543,Amedeus Stockmanslei 39,2021-10-25,13:00:00,108,54,54,MOR02
543,Amedeus Stockmanslei 39,2021-10-25,14:00:00,142,70,72,MOR02
543,Amedeus Stockmanslei 39,2021-10-25,15:00:00,230,132,98,MOR02
543,Amedeus Stockmanslei 39,2021-10-25,16:00:00,387,271,116,MOR02
543,Amedeus Stockmanslei 39,2021-10-25,17:00:00,388,275,113,MOR02
543,Amedeus Stockmanslei 39,2021-10-25,18:00:00,287,203,84,MOR02
543,Amedeus Stockmanslei 39,2021-10-25,19:00:00,146,97,49,MOR02
543,Amedeus Stockmanslei 39,2021-10-25,20:00:00,71,36,35,MOR02
543,Amedeus Stockmanslei 39,2021-10-25,21:00:00,70,43,27,MOR02
543,Amedeus Stockmanslei 39,2021-10-25,22:00:00,66,41,25,MOR02
543,Amedeus Stockmanslei 39,2021-10-25,23:00:00,26,16,10,MOR02
543,Amedeus Stockmanslei 39,2021-10-26,00:00:00,15,9,6,MOR02
543,Amedeus Stockmanslei 39,2021-10-26,01:00:00,3,2,1,MOR02
543,Amedeus Stockmanslei 39,2021-10-26,02:00:00,4,2,2,MOR02
543,Amedeus Stockmanslei 39,2021-10-26,03:00:00,3,3,0,MOR02
543,Amedeus Stockmanslei 39,2021-10-26,04:00:00,12,5,7,MOR02
543,Amedeus Stockmanslei 39,2021-10-26,05:00:00,30,12,18,MOR02
543,Amedeus Stockmanslei 39,2021-10-26,06:00:00,136,37,99,MOR02
543,Amedeus Stockmanslei 39,2021-10-26,07:00:00,442,112,330,MOR02
543,Amedeus Stockmanslei 39,2021-10-26,08:00:00,632,178,454,MOR02
543,Amedeus Stockmanslei 39,2021-10-26,09:00:00,216,70,146,MOR02
543,Amedeus Stockmanslei 39,2021-10-26,10:00:00,127,60,67,MOR02
543,Amedeus Stockmanslei 39,2021-10-26,11:00:00,112,46,66,MOR02
543,Amedeus Stockmanslei 39,2021-10-26,12:00:00,138,52,86,MOR02
543,Amedeus Stockmanslei 39,2021-10-26,13:00:00,139,55,84,MOR02
543,Amedeus Stockmanslei 39,2021-10-26,14:00:00,128,65,63,MOR02
543,Amedeus Stockmanslei 39,2021-10-26,15:00:00,229,128,101,MOR02
543,Amedeus Stockmanslei 39,2021-10-26,16:00:00,359,227,132,MOR02
543,Amedeus Stockmanslei 39,2021-10-26,17:00:00,452,330,122,MOR02
543,Amedeus Stockmanslei 39,2021-10-26,18:00:00,321,209,112,MOR02
543,Amedeus Stockmanslei 39,2021-10-26,19:00:00,176,116,60,MOR02
543,Amedeus Stockmanslei 39,2021-10-26,20:00:00,102,63,39,MOR02
543,Amedeus Stockmanslei 39,2021-10-26,21:00:00,70,40,30,MOR02
543,Amedeus Stockmanslei 39,2021-10-26,22:00:00,84,47,37,MOR02
543,Amedeus Stockmanslei 39,2021-10-26,23:00:00,47,36,11,MOR02
543,Amedeus Stockmanslei 39,2021-10-27,00:00:00,21,13,8,MOR02
543,Amedeus Stockmanslei 39,2021-10-27,01:00:00,7,4,3,MOR02
543,Amedeus Stockmanslei 39,2021-10-27,02:00:00,8,7,1,MOR02
543,Amedeus Stockmanslei 39,2021-10-27,03:00:00,3,3,0,MOR02
543,Amedeus Stockmanslei 39,2021-10-27,04:00:00,10,6,4,MOR02
543,Amedeus Stockmanslei 39,2021-10-27,05:00:00,33,15,18,MOR02
543,Amedeus Stockmanslei 39,2021-10-27,06:00:00,109,31,78,MOR02
543,Amedeus Stockmanslei 39,2021-10-27,07:00:00,365,105,260,MOR02
543,Amedeus Stockmanslei 39,2021-10-27,08:00:00,515,166,349,MOR02
543,Amedeus Stockmanslei 39,2021-10-27,09:00:00,203,69,134,MOR02
543,Amedeus Stockmanslei 39,2021-10-27,10:00:00,163,82,81,MOR02
543,Amedeus Stockmanslei 39,2021-10-27,11:00:00,199,91,108,MOR02
543,Amedeus Stockmanslei 39,2021-10-27,12:00:00,309,155,154,MOR02
543,Amedeus Stockmanslei 39,2021-10-27,13:00:00,243,138,105,MOR02
543,Amedeus Stockmanslei 39,2021-10-27,14:00:00,187,108,79,MOR02
543,Amedeus Stockmanslei 39,2021-10-27,15:00:00,216,130,86,MOR02
543,Amedeus Stockmanslei 39,2021-10-27,16:00:00,321,224,97,MOR02
543,Amedeus Stockmanslei 39,2021-10-27,17:00:00,421,278,143,MOR02
543,Amedeus Stockmanslei 39,2021-10-27,18:00:00,294,171,123,MOR02
543,Amedeus Stockmanslei 39,2021-10-27,19:00:00,160,104,56,MOR02
543,Amedeus Stockmanslei 39,2021-10-27,20:00:00,93,53,40,MOR02
543,Amedeus Stockmanslei 39,2021-10-27,21:00:00,71,40,31,MOR02
543,Amedeus Stockmanslei 39,2021-10-27,22:00:00,92,64,28,MOR02
543,Amedeus Stockmanslei 39,2021-10-27,23:00:00,52,37,15,MOR02
543,Amedeus Stockmanslei 39,2021-10-28,00:00:00,27,20,7,MOR02
543,Amedeus Stockmanslei 39,2021-10-28,01:00:00,8,6,2,MOR02
543,Amedeus Stockmanslei 39,2021-10-28,02:00:00,1,0,1,MOR02
543,Amedeus Stockmanslei 39,2021-10-28,03:00:00,4,2,2,MOR02
543,Amedeus Stockmanslei 39,2021-10-28,04:00:00,10,6,4,MOR02
543,Amedeus Stockmanslei 39,2021-10-28,05:00:00,24,9,15,MOR02
543,Amedeus Stockmanslei 39,2021-10-28,06:00:00,108,34,74,MOR02
543,Amedeus Stockmanslei 39,2021-10-28,07:00:00,413,124,289,MOR02
543,Amedeus Stockmanslei 39,2021-10-28,08:00:00,614,186,428,MOR02
543,Amedeus Stockmanslei 39,2021-10-28,09:00:00,207,66,141,MOR02
543,Amedeus Stockmanslei 39,2021-10-28,10:00:00,143,59,84,MOR02
543,Amedeus Stockmanslei 39,2021-10-28,11:00:00,156,87,69,MOR02
543,Amedeus Stockmanslei 39,2021-10-28,12:00:00,195,105,90,MOR02
543,Amedeus Stockmanslei 39,2021-10-28,13:00:00,184,95,89,MOR02
543,Amedeus Stockmanslei 39,2021-10-28,14:00:00,207,133,74,MOR02
543,Amedeus Stockmanslei 39,2021-10-28,15:00:00,274,201,73,MOR02
543,Amedeus Stockmanslei 39,2021-10-28,16:00:00,410,331,79,MOR02
543,Amedeus Stockmanslei 39,2021-10-28,17:00:00,465,326,139,MOR02
543,Amedeus Stockmanslei 39,2021-10-28,18:00:00,325,204,121,MOR02
543,Amedeus Stockmanslei 39,2021-10-28,19:00:00,154,105,49,MOR02
543,Amedeus Stockmanslei 39,2021-10-28,20:00:00,83,61,22,MOR02
543,Amedeus Stockmanslei 39,2021-10-28,21:00:00,67,44,23,MOR02
543,Amedeus Stockmanslei 39,2021-10-28,22:00:00,80,54,26,MOR02
543,Amedeus Stockmanslei 39,2021-10-28,23:00:00,50,41,9,MOR02
543,Amedeus Stockmanslei 39,2021-10-29,00:00:00,27,21,6,MOR02
543,Amedeus Stockmanslei 39,2021-10-29,01:00:00,12,10,2,MOR02
543,Amedeus Stockmanslei 39,2021-10-29,02:00:00,4,3,1,MOR02
543,Amedeus Stockmanslei 39,2021-10-29,03:00:00,13,11,2,MOR02
543,Amedeus Stockmanslei 39,2021-10-29,04:00:00,14,11,3,MOR02
543,Amedeus Stockmanslei 39,2021-10-29,05:00:00,18,14,4,MOR02
543,Amedeus Stockmanslei 39,2021-10-29,06:00:00,51,24,27,MOR02
543,Amedeus Stockmanslei 39,2021-10-29,07:00:00,127,95,32,MOR02
543,Amedeus Stockmanslei 39,2021-10-29,08:00:00,223,182,41,MOR02
543,Amedeus Stockmanslei 39,2021-10-29,09:00:00,78,61,17,MOR02
543,Amedeus Stockmanslei 39,2021-10-29,10:00:00,69,51,18,MOR02
543,Amedeus Stockmanslei 39,2021-10-29,11:00:00,98,75,23,MOR02
543,Amedeus Stockmanslei 39,2021-10-29,12:00:00,132,107,25,MOR02
543,Amedeus Stockmanslei 39,2021-10-29,13:00:00,134,116,18,MOR02
543,Amedeus Stockmanslei 39,2021-10-29,14:00:00,133,118,15,MOR02
543,Amedeus Stockmanslei 39,2021-10-29,15:00:00,208,188,20,MOR02
543,Amedeus Stockmanslei 39,2021-10-29,16:00:00,269,252,17,MOR02
543,Amedeus Stockmanslei 39,2021-10-29,17:00:00,230,200,30,MOR02
543,Amedeus Stockmanslei 39,2021-10-29,18:00:00,168,140,28,MOR02
543,Amedeus Stockmanslei 39,2021-10-29,19:00:00,102,83,19,MOR02
543,Amedeus Stockmanslei 39,2021-10-29,20:00:00,52,43,9,MOR02
543,Amedeus Stockmanslei 39,2021-10-29,21:00:00,59,46,13,MOR02
543,Amedeus Stockmanslei 39,2021-10-29,22:00:00,35,32,3,MOR02
543,Amedeus Stockmanslei 39,2021-10-29,23:00:00,46,41,5,MOR02
543,Amedeus Stockmanslei 39,2021-10-30,00:00:00,37,33,4,MOR02
543,Amedeus Stockmanslei 39,2021-10-30,01:00:00,40,29,11,MOR02
543,Amedeus Stockmanslei 39,2021-10-30,02:00:00,25,19,6,MOR02
543,Amedeus Stockmanslei 39,2021-10-30,03:00:00,11,9,2,MOR02
543,Amedeus Stockmanslei 39,2021-10-30,04:00:00,22,15,7,MOR02
543,Amedeus Stockmanslei 39,2021-10-30,05:00:00,12,10,2,MOR02
543,Amedeus Stockmanslei 39,2021-10-30,06:00:00,12,7,5,MOR02
543,Amedeus Stockmanslei 39,2021-10-30,07:00:00,21,15,6,MOR02
543,Amedeus Stockmanslei 39,2021-10-30,08:00:00,28,20,8,MOR02
543,Amedeus Stockmanslei 39,2021-10-30,09:00:00,46,40,6,MOR02
543,Amedeus Stockmanslei 39,2021-10-30,10:00:00,47,36,11,MOR02
543,Amedeus Stockmanslei 39,2021-10-30,11:00:00,32,23,9,MOR02
543,Amedeus Stockmanslei 39,2021-10-30,12:00:00,50,40,10,MOR02
543,Amedeus Stockmanslei 39,2021-10-30,13:00:00,55,45,10,MOR02
543,Amedeus Stockmanslei 39,2021-10-30,14:00:00,57,50,7,MOR02
543,Amedeus Stockmanslei 39,2021-10-30,15:00:00,51,45,6,MOR02
543,Amedeus Stockmanslei 39,2021-10-30,16:00:00,47,35,12,MOR02
543,Amedeus Stockmanslei 39,2021-10-30,17:00:00,45,36,9,MOR02
543,Amedeus Stockmanslei 39,2021-10-30,18:00:00,44,33,11,MOR02
543,Amedeus Stockmanslei 39,2021-10-30,19:00:00,41,32,9,MOR02
543,Amedeus Stockmanslei 39,2021-10-30,20:00:00,30,23,7,MOR02
543,Amedeus Stockmanslei 39,2021-10-30,21:00:00,26,15,11,MOR02
543,Amedeus Stockmanslei 39,2021-10-30,22:00:00,26,20,6,MOR02
543,Amedeus Stockmanslei 39,2021-10-30,23:00:00,20,14,6,MOR02
543,Amedeus Stockmanslei 39,2021-10-31,00:00:00,35,22,13,MOR02
543,Amedeus Stockmanslei 39,2021-10-31,01:00:00,25,22,3,MOR02
543,Amedeus Stockmanslei 39,2021-10-31,02:00:00,32,21,11,MOR02
543,Amedeus Stockmanslei 39,2021-10-31,03:00:00,12,8,4,MOR02
543,Amedeus Stockmanslei 39,2021-10-31,04:00:00,4,3,1,MOR02
543,Amedeus Stockmanslei 39,2021-10-31,05:00:00,7,7,0,MOR02
543,Amedeus Stockmanslei 39,2021-10-31,06:00:00,14,8,6,MOR02
543,Amedeus Stockmanslei 39,2021-10-31,07:00:00,19,16,3,MOR02
543,Amedeus Stockmanslei 39,2021-10-31,08:00:00,36,33,3,MOR02
543,Amedeus Stockmanslei 39,2021-10-31,09:00:00,86,75,11,MOR02
543,Amedeus Stockmanslei 39,2021-10-31,10:00:00,55,52,3,MOR02
543,Amedeus Stockmanslei 39,2021-10-31,11:00:00,78,65,13,MOR02
543,Amedeus Stockmanslei 39,2021-10-31,12:00:00,68,57,11,MOR02
543,Amedeus Stockmanslei 39,2021-10-31,13:00:00,71,54,17,MOR02
543,Amedeus Stockmanslei 39,2021-10-31,14:00:00,49,41,8,MOR02
543,Amedeus Stockmanslei 39,2021-10-31,15:00:00,36,22,14,MOR02
543,Amedeus Stockmanslei 39,2021-10-31,16:00:00,38,26,12,MOR02
543,Amedeus Stockmanslei 39,2021-10-31,17:00:00,25,13,12,MOR02
543,Amedeus Stockmanslei 39,2021-10-31,18:00:00,37,29,8,MOR02
543,Amedeus Stockmanslei 39,2021-10-31,19:00:00,27,20,7,MOR02
543,Amedeus Stockmanslei 39,2021-10-31,20:00:00,32,19,13,MOR02
543,Amedeus Stockmanslei 39,2021-10-31,21:00:00,22,13,9,MOR02
543,Amedeus Stockmanslei 39,2021-10-31,22:00:00,21,15,6,MOR02
543,Amedeus Stockmanslei 39,2021-10-31,23:00:00,9,7,2,MOR02
543,Amedeus Stockmanslei 39,2021-11-01,00:00:00,29,10,19,MOR02
543,Amedeus Stockmanslei 39,2021-11-01,01:00:00,18,13,5,MOR02
543,Amedeus Stockmanslei 39,2021-11-01,02:00:00,15,12,3,MOR02
543,Amedeus Stockmanslei 39,2021-11-01,03:00:00,19,13,6,MOR02
543,Amedeus Stockmanslei 39,2021-11-01,04:00:00,18,15,3,MOR02
543,Amedeus Stockmanslei 39,2021-11-01,05:00:00,13,12,1,MOR02
543,Amedeus Stockmanslei 39,2021-11-01,06:00:00,12,10,2,MOR02
543,Amedeus Stockmanslei 39,2021-11-01,07:00:00,22,21,1,MOR02
543,Amedeus Stockmanslei 39,2021-11-01,08:00:00,20,16,4,MOR02
543,Amedeus Stockmanslei 39,2021-11-01,09:00:00,40,36,4,MOR02
543,Amedeus Stockmanslei 39,2021-11-01,10:00:00,47,42,5,MOR02
543,Amedeus Stockmanslei 39,2021-11-01,11:00:00,55,49,6,MOR02
543,Amedeus Stockmanslei 39,2021-11-01,12:00:00,60,52,8,MOR02
543,Amedeus Stockmanslei 39,2021-11-01,13:00:00,57,48,9,MOR02
543,Amedeus Stockmanslei 39,2021-11-01,14:00:00,63,54,9,MOR02
543,Amedeus Stockmanslei 39,2021-11-01,15:00:00,79,66,13,MOR02
543,Amedeus Stockmanslei 39,2021-11-01,16:00:00,63,51,12,MOR02
543,Amedeus Stockmanslei 39,2021-11-01,17:00:00,40,34,6,MOR02
543,Amedeus Stockmanslei 39,2021-11-01,18:00:00,46,38,8,MOR02
543,Amedeus Stockmanslei 39,2021-11-01,19:00:00,26,20,6,MOR02
543,Amedeus Stockmanslei 39,2021-11-01,20:00:00,22,15,7,MOR02
543,Amedeus Stockmanslei 39,2021-11-01,21:00:00,17,15,2,MOR02
543,Amedeus Stockmanslei 39,2021-11-01,22:00:00,17,12,5,MOR02
543,Amedeus Stockmanslei 39,2021-11-01,23:00:00,17,11,6,MOR02
543,Amedeus Stockmanslei 39,2021-11-02,00:00:00,9,6,3,MOR02
543,Amedeus Stockmanslei 39,2021-11-02,01:00:00,4,2,2,MOR02
543,Amedeus Stockmanslei 39,2021-11-02,02:00:00,2,2,0,MOR02
543,Amedeus Stockmanslei 39,2021-11-02,03:00:00,3,3,0,MOR02
543,Amedeus Stockmanslei 39,2021-11-02,04:00:00,7,4,3,MOR02
543,Amedeus Stockmanslei 39,2021-11-02,05:00:00,12,10,2,MOR02
543,Amedeus Stockmanslei 39,2021-11-02,06:00:00,29,16,13,MOR02
543,Amedeus Stockmanslei 39,2021-11-02,07:00:00,67,46,21,MOR02
543,Amedeus Stockmanslei 39,2021-11-02,08:00:00,67,58,9,MOR02
543,Amedeus Stockmanslei 39,2021-11-02,09:00:00,61,46,15,MOR02
543,Amedeus Stockmanslei 39,2021-11-02,10:00:00,37,34,3,MOR02
543,Amedeus Stockmanslei 39,2021-11-02,11:00:00,34,27,7,MOR02
543,Amedeus Stockmanslei 39,2021-11-02,12:00:00,46,43,3,MOR02
543,Amedeus Stockmanslei 39,2021-11-02,13:00:00,57,43,14,MOR02
543,Amedeus Stockmanslei 39,2021-11-02,14:00:00,66,58,8,MOR02
543,Amedeus Stockmanslei 39,2021-11-02,15:00:00,77,69,8,MOR02
543,Amedeus Stockmanslei 39,2021-11-02,16:00:00,136,120,16,MOR02
543,Amedeus Stockmanslei 39,2021-11-02,17:00:00,195,184,11,MOR02
543,Amedeus Stockmanslei 39,2021-11-02,18:00:00,107,91,16,MOR02
543,Amedeus Stockmanslei 39,2021-11-02,19:00:00,88,75,13,MOR02
543,Amedeus Stockmanslei 39,2021-11-02,20:00:00,27,25,2,MOR02
543,Amedeus Stockmanslei 39,2021-11-02,21:00:00,31,23,8,MOR02
543,Amedeus Stockmanslei 39,2021-11-02,22:00:00,25,23,2,MOR02
543,Amedeus Stockmanslei 39,2021-11-02,23:00:00,30,24,6,MOR02
543,Amedeus Stockmanslei 39,2021-11-03,00:00:00,10,8,2,MOR02
543,Amedeus Stockmanslei 39,2021-11-03,01:00:00,5,3,2,MOR02
543,Amedeus Stockmanslei 39,2021-11-03,02:00:00,7,0,7,MOR02
543,Amedeus Stockmanslei 39,2021-11-03,03:00:00,2,1,1,MOR02
543,Amedeus Stockmanslei 39,2021-11-03,04:00:00,8,5,3,MOR02
543,Amedeus Stockmanslei 39,2021-11-03,05:00:00,14,13,1,MOR02
543,Amedeus Stockmanslei 39,2021-11-03,06:00:00,34,30,4,MOR02
543,Amedeus Stockmanslei 39,2021-11-03,07:00:00,53,41,12,MOR02
543,Amedeus Stockmanslei 39,2021-11-03,08:00:00,90,68,22,MOR02
543,Amedeus Stockmanslei 39,2021-11-03,09:00:00,68,55,13,MOR02
543,Amedeus Stockmanslei 39,2021-11-03,10:00:00,86,77,9,MOR02
543,Amedeus Stockmanslei 39,2021-11-03,11:00:00,76,70,6,MOR02
543,Amedeus Stockmanslei 39,2021-11-03,12:00:00,85,78,7,MOR02
543,Amedeus Stockmanslei 39,2021-11-03,13:00:00,78,63,15,MOR02
543,Amedeus Stockmanslei 39,2021-11-03,14:00:00,112,103,9,MOR02
543,Amedeus Stockmanslei 39,2021-11-03,15:00:00,114,89,25,MOR02
543,Amedeus Stockmanslei 39,2021-11-03,16:00:00,176,162,14,MOR02
543,Amedeus Stockmanslei 39,2021-11-03,17:00:00,216,210,6,MOR02
543,Amedeus Stockmanslei 39,2021-11-03,18:00:00,115,103,12,MOR02
543,Amedeus Stockmanslei 39,2021-11-03,19:00:00,64,58,6,MOR02
543,Amedeus Stockmanslei 39,2021-11-03,20:00:00,45,36,9,MOR02
543,Amedeus Stockmanslei 39,2021-11-03,21:00:00,34,28,6,MOR02
543,Amedeus Stockmanslei 39,2021-11-03,22:00:00,45,41,4,MOR02
543,Amedeus Stockmanslei 39,2021-11-03,23:00:00,21,18,3,MOR02
543,Amedeus Stockmanslei 39,2021-11-04,00:00:00,11,9,2,MOR02
543,Amedeus Stockmanslei 39,2021-11-04,01:00:00,12,12,0,MOR02
543,Amedeus Stockmanslei 39,2021-11-04,02:00:00,2,2,0,MOR02
543,Amedeus Stockmanslei 39,2021-11-04,03:00:00,7,7,0,MOR02
543,Amedeus Stockmanslei 39,2021-11-04,04:00:00,10,6,4,MOR02
543,Amedeus Stockmanslei 39,2021-11-04,05:00:00,10,8,2,MOR02
543,Amedeus Stockmanslei 39,2021-11-04,06:00:00,27,23,4,MOR02
543,Amedeus Stockmanslei 39,2021-11-04,07:00:00,56,50,6,MOR02
543,Amedeus Stockmanslei 39,2021-11-04,08:00:00,86,78,8,MOR02
543,Amedeus Stockmanslei 39,2021-11-04,09:00:00,69,56,13,MOR02
543,Amedeus Stockmanslei 39,2021-11-04,10:00:00,47,42,5,MOR02
543,Amedeus Stockmanslei 39,2021-11-04,11:00:00,55,43,12,MOR02
543,Amedeus Stockmanslei 39,2021-11-04,12:00:00,55,46,9,MOR02
543,Amedeus Stockmanslei 39,2021-11-04,13:00:00,63,48,15,MOR02
543,Amedeus Stockmanslei 39,2021-11-04,14:00:00,78,72,6,MOR02
543,Amedeus Stockmanslei 39,2021-11-04,15:00:00,81,72,9,MOR02
543,Amedeus Stockmanslei 39,2021-11-04,16:00:00,152,144,8,MOR02
543,Amedeus Stockmanslei 39,2021-11-04,17:00:00,197,186,11,MOR02
543,Amedeus Stockmanslei 39,2021-11-04,18:00:00,134,124,10,MOR02
543,Amedeus Stockmanslei 39,2021-11-04,19:00:00,45,39,6,MOR02
543,Amedeus Stockmanslei 39,2021-11-04,20:00:00,34,33,1,MOR02
543,Amedeus Stockmanslei 39,2021-11-04,21:00:00,24,19,5,MOR02
543,Amedeus Stockmanslei 39,2021-11-04,22:00:00,24,21,3,MOR02
543,Amedeus Stockmanslei 39,2021-11-04,23:00:00,31,30,1,MOR02
543,Amedeus Stockmanslei 39,2021-11-05,00:00:00,10,8,2,MOR02
543,Amedeus Stockmanslei 39,2021-11-05,01:00:00,8,7,1,MOR02
543,Amedeus Stockmanslei 39,2021-11-05,02:00:00,8,7,1,MOR02
543,Amedeus Stockmanslei 39,2021-11-05,03:00:00,6,5,1,MOR02
543,Amedeus Stockmanslei 39,2021-11-05,04:00:00,8,5,3,MOR02
543,Amedeus Stockmanslei 39,2021-11-05,05:00:00,11,9,2,MOR02
543,Amedeus Stockmanslei 39,2021-11-05,06:00:00,24,20,4,MOR02
543,Amedeus Stockmanslei 39,2021-11-05,07:00:00,51,48,3,MOR02
543,Amedeus Stockmanslei 39,2021-11-05,08:00:00,70,65,5,MOR02
543,Amedeus Stockmanslei 39,2021-11-05,09:00:00,59,47,12,MOR02
543,Amedeus Stockmanslei 39,2021-11-05,10:00:00,67,57,10,MOR02
543,Amedeus Stockmanslei 39,2021-11-05,11:00:00,64,60,4,MOR02
543,Amedeus Stockmanslei 39,2021-11-05,12:00:00,85,67,18,MOR02
543,Amedeus Stockmanslei 39,2021-11-05,13:00:00,82,71,11,MOR02
543,Amedeus Stockmanslei 39,2021-11-05,14:00:00,68,62,6,MOR02
543,Amedeus Stockmanslei 39,2021-11-05,15:00:00,105,94,11,MOR02
543,Amedeus Stockmanslei 39,2021-11-05,16:00:00,153,136,17,MOR02
543,Amedeus Stockmanslei 39,2021-11-05,17:00:00,194,180,14,MOR02
543,Amedeus Stockmanslei 39,2021-11-05,18:00:00,120,97,23,MOR02
543,Amedeus Stockmanslei 39,2021-11-05,19:00:00,63,48,15,MOR02
543,Amedeus Stockmanslei 39,2021-11-05,20:00:00,44,30,14,MOR02
543,Amedeus Stockmanslei 39,2021-11-05,21:00:00,27,15,12,MOR02
543,Amedeus Stockmanslei 39,2021-11-05,22:00:00,35,22,13,MOR02
543,Amedeus Stockmanslei 39,2021-11-05,23:00:00,40,37,3,MOR02
543,Amedeus Stockmanslei 39,2021-11-06,00:00:00,41,35,6,MOR02
543,Amedeus Stockmanslei 39,2021-11-06,01:00:00,22,20,2,MOR02
543,Amedeus Stockmanslei 39,2021-11-06,02:00:00,17,12,5,MOR02
543,Amedeus Stockmanslei 39,2021-11-06,03:00:00,14,13,1,MOR02
543,Amedeus Stockmanslei 39,2021-11-06,04:00:00,16,15,1,MOR02
543,Amedeus Stockmanslei 39,2021-11-06,05:00:00,11,8,3,MOR02
543,Amedeus Stockmanslei 39,2021-11-06,06:00:00,15,14,1,MOR02
543,Amedeus Stockmanslei 39,2021-11-06,07:00:00,19,17,2,MOR02
543,Amedeus Stockmanslei 39,2021-11-06,08:00:00,23,18,5,MOR02
543,Amedeus Stockmanslei 39,2021-11-06,09:00:00,50,45,5,MOR02
543,Amedeus Stockmanslei 39,2021-11-06,10:00:00,65,58,7,MOR02
543,Amedeus Stockmanslei 39,2021-11-06,11:00:00,79,67,12,MOR02
543,Amedeus Stockmanslei 39,2021-11-06,12:00:00,74,65,9,MOR02
543,Amedeus Stockmanslei 39,2021-11-06,13:00:00,91,74,17,MOR02
543,Amedeus Stockmanslei 39,2021-11-06,14:00:00,106,94,12,MOR02
543,Amedeus Stockmanslei 39,2021-11-06,15:00:00,95,75,20,MOR02
543,Amedeus Stockmanslei 39,2021-11-06,16:00:00,81,68,13,MOR02
543,Amedeus Stockmanslei 39,2021-11-06,17:00:00,86,74,12,MOR02
543,Amedeus Stockmanslei 39,2021-11-06,18:00:00,46,32,14,MOR02
543,Amedeus Stockmanslei 39,2021-11-06,19:00:00,59,54,5,MOR02
543,Amedeus Stockmanslei 39,2021-11-06,20:00:00,43,36,7,MOR02
543,Amedeus Stockmanslei 39,2021-11-06,21:00:00,32,23,9,MOR02
543,Amedeus Stockmanslei 39,2021-11-06,22:00:00,32,22,10,MOR02
543,Amedeus Stockmanslei 39,2021-11-06,23:00:00,29,23,6,MOR02
543,Amedeus Stockmanslei 39,2021-11-07,00:00:00,26,22,4,MOR02
543,Amedeus Stockmanslei 39,2021-11-07,01:00:00,20,15,5,MOR02
543,Amedeus Stockmanslei 39,2021-11-07,02:00:00,19,17,2,MOR02
543,Amedeus Stockmanslei 39,2021-11-07,03:00:00,15,13,2,MOR02
543,Amedeus Stockmanslei 39,2021-11-07,04:00:00,12,9,3,MOR02
543,Amedeus Stockmanslei 39,2021-11-07,05:00:00,9,7,2,MOR02
543,Amedeus Stockmanslei 39,2021-11-07,06:00:00,7,5,2,MOR02
543,Amedeus Stockmanslei 39,2021-11-07,07:00:00,10,9,1,MOR02
543,Amedeus Stockmanslei 39,2021-11-07,08:00:00,24,22,2,MOR02
543,Amedeus Stockmanslei 39,2021-11-07,09:00:00,49,43,6,MOR02
543,Amedeus Stockmanslei 39,2021-11-07,10:00:00,54,48,6,MOR02
543,Amedeus Stockmanslei 39,2021-11-07,11:00:00,73,60,13,MOR02
543,Amedeus Stockmanslei 39,2021-11-07,12:00:00,77,71,6,MOR02
543,Amedeus Stockmanslei 39,2021-11-07,13:00:00,69,52,17,MOR02
543,Amedeus Stockmanslei 39,2021-11-07,14:00:00,64,56,8,MOR02
543,Amedeus Stockmanslei 39,2021-11-07,15:00:00,77,69,8,MOR02
543,Amedeus Stockmanslei 39,2021-11-07,16:00:00,58,50,8,MOR02
543,Amedeus Stockmanslei 39,2021-11-07,17:00:00,86,61,25,MOR02
543,Amedeus Stockmanslei 39,2021-11-07,18:00:00,42,37,5,MOR02
543,Amedeus Stockmanslei 39,2021-11-07,19:00:00,40,31,9,MOR02
543,Amedeus Stockmanslei 39,2021-11-07,20:00:00,21,17,4,MOR02
543,Amedeus Stockmanslei 39,2021-11-07,21:00:00,32,25,7,MOR02
543,Amedeus Stockmanslei 39,2021-11-07,22:00:00,26,25,1,MOR02
543,Amedeus Stockmanslei 39,2021-11-07,23:00:00,18,15,3,MOR02
543,Amedeus Stockmanslei 39,2021-11-08,00:00:00,8,6,2,MOR02
543,Amedeus Stockmanslei 39,2021-11-08,01:00:00,5,5,0,MOR02
543,Amedeus Stockmanslei 39,2021-11-08,02:00:00,1,1,0,MOR02
543,Amedeus Stockmanslei 39,2021-11-08,03:00:00,0,0,0,MOR02
543,Amedeus Stockmanslei 39,2021-11-08,04:00:00,11,10,1,MOR02
543,Amedeus Stockmanslei 39,2021-11-08,05:00:00,13,10,3,MOR02
543,Amedeus Stockmanslei 39,2021-11-08,06:00:00,29,20,9,MOR02
543,Amedeus Stockmanslei 39,2021-11-08,07:00:00,124,103,21,MOR02
543,Amedeus Stockmanslei 39,2021-11-08,08:00:00,205,170,35,MOR02
543,Amedeus Stockmanslei 39,2021-11-08,09:00:00,68,48,20,MOR02
543,Amedeus Stockmanslei 39,2021-11-08,10:00:00,57,47,10,MOR02
543,Amedeus Stockmanslei 39,2021-11-08,11:00:00,60,51,9,MOR02
543,Amedeus Stockmanslei 39,2021-11-08,12:00:00,99,90,9,MOR02
543,Amedeus Stockmanslei 39,2021-11-08,13:00:00,88,77,11,MOR02
543,Amedeus Stockmanslei 39,2021-11-08,14:00:00,105,93,12,MOR02
543,Amedeus Stockmanslei 39,2021-11-08,15:00:00,191,165,26,MOR02
543,Amedeus Stockmanslei 39,2021-11-08,16:00:00,320,303,17,MOR02
543,Amedeus Stockmanslei 39,2021-11-08,17:00:00,321,315,6,MOR02
543,Amedeus Stockmanslei 39,2021-11-08,18:00:00,197,187,10,MOR02
543,Amedeus Stockmanslei 39,2021-11-08,19:00:00,97,83,14,MOR02
543,Amedeus Stockmanslei 39,2021-11-08,20:00:00,51,41,10,MOR02
543,Amedeus Stockmanslei 39,2021-11-08,21:00:00,58,48,10,MOR02
543,Amedeus Stockmanslei 39,2021-11-08,22:00:00,43,41,2,MOR02
543,Amedeus Stockmanslei 39,2021-11-08,23:00:00,14,11,3,MOR02
543,Amedeus Stockmanslei 39,2021-11-09,00:00:00,6,5,1,MOR02
543,Amedeus Stockmanslei 39,2021-11-09,01:00:00,2,2,0,MOR02
543,Amedeus Stockmanslei 39,2021-11-09,02:00:00,1,1,0,MOR02
543,Amedeus Stockmanslei 39,2021-11-09,03:00:00,6,5,1,MOR02
543,Amedeus Stockmanslei 39,2021-11-09,04:00:00,9,7,2,MOR02
543,Amedeus Stockmanslei 39,2021-11-09,05:00:00,25,19,6,MOR02
543,Amedeus Stockmanslei 39,2021-11-09,06:00:00,35,26,9,MOR02
543,Amedeus Stockmanslei 39,2021-11-09,07:00:00,136,112,24,MOR02
543,Amedeus Stockmanslei 39,2021-11-09,08:00:00,210,186,24,MOR02
543,Amedeus Stockmanslei 39,2021-11-09,09:00:00,73,55,18,MOR02
543,Amedeus Stockmanslei 39,2021-11-09,10:00:00,54,45,9,MOR02
543,Amedeus Stockmanslei 39,2021-11-09,11:00:00,58,52,6,MOR02
543,Amedeus Stockmanslei 39,2021-11-09,12:00:00,118,98,20,MOR02
543,Amedeus Stockmanslei 39,2021-11-09,13:00:00,105,94,11,MOR02
543,Amedeus Stockmanslei 39,2021-11-09,14:00:00,105,97,8,MOR02
543,Amedeus Stockmanslei 39,2021-11-09,15:00:00,164,155,9,MOR02
543,Amedeus Stockmanslei 39,2021-11-09,16:00:00,311,301,10,MOR02
543,Amedeus Stockmanslei 39,2021-11-09,17:00:00,334,324,10,MOR02
543,Amedeus Stockmanslei 39,2021-11-09,18:00:00,230,214,16,MOR02
543,Amedeus Stockmanslei 39,2021-11-09,19:00:00,96,90,6,MOR02
543,Amedeus Stockmanslei 39,2021-11-09,20:00:00,59,51,8,MOR02
543,Amedeus Stockmanslei 39,2021-11-09,21:00:00,51,43,8,MOR02
543,Amedeus Stockmanslei 39,2021-11-09,22:00:00,56,52,4,MOR02
543,Amedeus Stockmanslei 39,2021-11-09,23:00:00,37,33,4,MOR02
543,Amedeus Stockmanslei 39,2021-11-10,00:00:00,12,8,4,MOR02
543,Amedeus Stockmanslei 39,2021-11-10,01:00:00,4,4,0,MOR02
543,Amedeus Stockmanslei 39,2021-11-10,02:00:00,2,2,0,MOR02
543,Amedeus Stockmanslei 39,2021-11-10,03:00:00,7,7,0,MOR02
543,Amedeus Stockmanslei 39,2021-11-10,04:00:00,8,7,1,MOR02
543,Amedeus Stockmanslei 39,2021-11-10,05:00:00,21,18,3,MOR02
543,Amedeus Stockmanslei 39,2021-11-10,06:00:00,37,24,13,MOR02
543,Amedeus Stockmanslei 39,2021-11-10,07:00:00,93,86,7,MOR02
543,Amedeus Stockmanslei 39,2021-11-10,08:00:00,193,177,16,MOR02
543,Amedeus Stockmanslei 39,2021-11-10,09:00:00,97,85,12,MOR02
543,Amedeus Stockmanslei 39,2021-11-10,10:00:00,77,67,10,MOR02
543,Amedeus Stockmanslei 39,2021-11-10,11:00:00,91,77,14,MOR02
543,Amedeus Stockmanslei 39,2021-11-10,12:00:00,189,162,27,MOR02
543,Amedeus Stockmanslei 39,2021-11-10,13:00:00,154,147,7,MOR02
543,Amedeus Stockmanslei 39,2021-11-10,14:00:00,114,101,13,MOR02
543,Amedeus Stockmanslei 39,2021-11-10,15:00:00,153,146,7,MOR02
543,Amedeus Stockmanslei 39,2021-11-10,16:00:00,212,198,14,MOR02
543,Amedeus Stockmanslei 39,2021-11-10,17:00:00,301,286,15,MOR02
543,Amedeus Stockmanslei 39,2021-11-10,18:00:00,177,167,10,MOR02
543,Amedeus Stockmanslei 39,2021-11-10,19:00:00,92,82,10,MOR02
543,Amedeus Stockmanslei 39,2021-11-10,20:00:00,73,64,9,MOR02
543,Amedeus Stockmanslei 39,2021-11-10,21:00:00,53,44,9,MOR02
543,Amedeus Stockmanslei 39,2021-11-10,22:00:00,55,46,9,MOR02
543,Amedeus Stockmanslei 39,2021-11-10,23:00:00,43,36,7,MOR02
543,Amedeus Stockmanslei 39,2021-11-11,00:00:00,31,26,5,MOR02
543,Amedeus Stockmanslei 39,2021-11-11,01:00:00,27,23,4,MOR02
543,Amedeus Stockmanslei 39,2021-11-11,02:00:00,15,10,5,MOR02
543,Amedeus Stockmanslei 39,2021-11-11,03:00:00,22,16,6,MOR02
543,Amedeus Stockmanslei 39,2021-11-11,04:00:00,16,11,5,MOR02
543,Amedeus Stockmanslei 39,2021-11-11,05:00:00,9,6,3,MOR02
543,Amedeus Stockmanslei 39,2021-11-11,06:00:00,12,10,2,MOR02
543,Amedeus Stockmanslei 39,2021-11-11,07:00:00,24,22,2,MOR02
543,Amedeus Stockmanslei 39,2021-11-11,08:00:00,13,11,2,MOR02
543,Amedeus Stockmanslei 39,2021-11-11,09:00:00,40,33,7,MOR02
543,Amedeus Stockmanslei 39,2021-11-11,10:00:00,71,61,10,MOR02
543,Amedeus Stockmanslei 39,2021-11-11,11:00:00,46,42,4,MOR02
543,Amedeus Stockmanslei 39,2021-11-11,12:00:00,69,65,4,MOR02
543,Amedeus Stockmanslei 39,2021-11-11,13:00:00,77,68,9,MOR02
543,Amedeus Stockmanslei 39,2021-11-11,14:00:00,76,66,10,MOR02
543,Amedeus Stockmanslei 39,2021-11-11,15:00:00,98,87,11,MOR02
543,Amedeus Stockmanslei 39,2021-11-11,16:00:00,71,62,9,MOR02
543,Amedeus Stockmanslei 39,2021-11-11,17:00:00,76,71,5,MOR02
543,Amedeus Stockmanslei 39,2021-11-11,18:00:00,57,52,5,MOR02
543,Amedeus Stockmanslei 39,2021-11-11,19:00:00,48,40,8,MOR02
543,Amedeus Stockmanslei 39,2021-11-11,20:00:00,34,30,4,MOR02
543,Amedeus Stockmanslei 39,2021-11-11,21:00:00,20,14,6,MOR02
543,Amedeus Stockmanslei 39,2021-11-11,22:00:00,26,23,3,MOR02
543,Amedeus Stockmanslei 39,2021-11-11,23:00:00,21,18,3,MOR02
543,Amedeus Stockmanslei 39,2021-11-12,00:00:00,29,23,6,MOR02
543,Amedeus Stockmanslei 39,2021-11-12,01:00:00,11,11,0,MOR02
543,Amedeus Stockmanslei 39,2021-11-12,02:00:00,5,5,0,MOR02
543,Amedeus Stockmanslei 39,2021-11-12,03:00:00,5,5,0,MOR02
543,Amedeus Stockmanslei 39,2021-11-12,04:00:00,6,5,1,MOR02
543,Amedeus Stockmanslei 39,2021-11-12,05:00:00,15,12,3,MOR02
543,Amedeus Stockmanslei 39,2021-11-12,06:00:00,18,15,3,MOR02
543,Amedeus Stockmanslei 39,2021-11-12,07:00:00,37,32,5,MOR02
543,Amedeus Stockmanslei 39,2021-11-12,08:00:00,106,94,12,MOR02
543,Amedeus Stockmanslei 39,2021-11-12,09:00:00,50,42,8,MOR02
543,Amedeus Stockmanslei 39,2021-11-12,10:00:00,80,73,7,MOR02
543,Amedeus Stockmanslei 39,2021-11-12,11:00:00,74,64,10,MOR02
543,Amedeus Stockmanslei 39,2021-11-12,12:00:00,105,93,12,MOR02
543,Amedeus Stockmanslei 39,2021-11-12,13:00:00,108,92,16,MOR02
543,Amedeus Stockmanslei 39,2021-11-12,14:00:00,111,102,9,MOR02
543,Amedeus Stockmanslei 39,2021-11-12,15:00:00,161,149,12,MOR02
543,Amedeus Stockmanslei 39,2021-11-12,16:00:00,177,164,13,MOR02
543,Amedeus Stockmanslei 39,2021-11-12,17:00:00,168,150,18,MOR02
543,Amedeus Stockmanslei 39,2021-11-12,18:00:00,99,82,17,MOR02
543,Amedeus Stockmanslei 39,2021-11-12,19:00:00,58,50,8,MOR02
543,Amedeus Stockmanslei 39,2021-11-12,20:00:00,60,45,15,MOR02
543,Amedeus Stockmanslei 39,2021-11-12,21:00:00,32,23,9,MOR02
543,Amedeus Stockmanslei 39,2021-11-12,22:00:00,32,29,3,MOR02
543,Amedeus Stockmanslei 39,2021-11-12,23:00:00,40,35,5,MOR02
543,Amedeus Stockmanslei 39,2021-11-13,00:00:00,28,26,2,MOR02
543,Amedeus Stockmanslei 39,2021-11-13,01:00:00,31,26,5,MOR02
543,Amedeus Stockmanslei 39,2021-11-13,02:00:00,17,13,4,MOR02
543,Amedeus Stockmanslei 39,2021-11-13,03:00:00,8,7,1,MOR02
543,Amedeus Stockmanslei 39,2021-11-13,04:00:00,13,11,2,MOR02
543,Amedeus Stockmanslei 39,2021-11-13,05:00:00,16,16,0,MOR02
543,Amedeus Stockmanslei 39,2021-11-13,06:00:00,20,17,3,MOR02
543,Amedeus Stockmanslei 39,2021-11-13,07:00:00,24,21,3,MOR02
543,Amedeus Stockmanslei 39,2021-11-13,08:00:00,26,23,3,MOR02
543,Amedeus Stockmanslei 39,2021-11-13,09:00:00,28,25,3,MOR02
543,Amedeus Stockmanslei 39,2021-11-13,10:00:00,34,32,2,MOR02
543,Amedeus Stockmanslei 39,2021-11-13,11:00:00,52,45,7,MOR02
543,Amedeus Stockmanslei 39,2021-11-13,12:00:00,53,43,10,MOR02
543,Amedeus Stockmanslei 39,2021-11-13,13:00:00,66,49,17,MOR02
543,Amedeus Stockmanslei 39,2021-11-13,14:00:00,48,41,7,MOR02
543,Amedeus Stockmanslei 39,2021-11-13,15:00:00,61,53,8,MOR02
543,Amedeus Stockmanslei 39,2021-11-13,16:00:00,68,52,16,MOR02
543,Amedeus Stockmanslei 39,2021-11-13,17:00:00,33,30,3,MOR02
543,Amedeus Stockmanslei 39,2021-11-13,18:00:00,43,35,8,MOR02
543,Amedeus Stockmanslei 39,2021-11-13,19:00:00,40,35,5,MOR02
543,Amedeus Stockmanslei 39,2021-11-13,20:00:00,23,18,5,MOR02
543,Amedeus Stockmanslei 39,2021-11-13,21:00:00,21,16,5,MOR02
543,Amedeus Stockmanslei 39,2021-11-13,22:00:00,30,28,2,MOR02
543,Amedeus Stockmanslei 39,2021-11-13,23:00:00,27,24,3,MOR02
543,Amedeus Stockmanslei 39,2021-11-14,00:00:00,28,23,5,MOR02
543,Amedeus Stockmanslei 39,2021-11-14,01:00:00,19,16,3,MOR02
543,Amedeus Stockmanslei 39,2021-11-14,02:00:00,11,9,2,MOR02
543,Amedeus Stockmanslei 39,2021-11-14,03:00:00,8,6,2,MOR02
543,Amedeus Stockmanslei 39,2021-11-14,04:00:00,5,3,2,MOR02
543,Amedeus Stockmanslei 39,2021-11-14,05:00:00,9,8,1,MOR02
543,Amedeus Stockmanslei 39,2021-11-14,06:00:00,6,6,0,MOR02
543,Amedeus Stockmanslei 39,2021-11-14,07:00:00,11,10,1,MOR02
543,Amedeus Stockmanslei 39,2021-11-14,08:00:00,21,20,1,MOR02
543,Amedeus Stockmanslei 39,2021-11-14,09:00:00,47,46,1,MOR02
543,Amedeus Stockmanslei 39,2021-11-14,10:00:00,72,63,9,MOR02
543,Amedeus Stockmanslei 39,2021-11-14,11:00:00,76,69,7,MOR02
543,Amedeus Stockmanslei 39,2021-11-14,12:00:00,76,67,9,MOR02
543,Amedeus Stockmanslei 39,2021-11-14,13:00:00,82,77,5,MOR02
543,Amedeus Stockmanslei 39,2021-11-14,14:00:00,77,68,9,MOR02
543,Amedeus Stockmanslei 39,2021-11-14,15:00:00,73,58,15,MOR02
543,Amedeus Stockmanslei 39,2021-11-14,16:00:00,71,62,9,MOR02
543,Amedeus Stockmanslei 39,2021-11-14,17:00:00,75,68,7,MOR02
543,Amedeus Stockmanslei 39,2021-11-14,18:00:00,38,34,4,MOR02
543,Amedeus Stockmanslei 39,2021-11-14,19:00:00,55,42,13,MOR02
543,Amedeus Stockmanslei 39,2021-11-14,20:00:00,32,29,3,MOR02
543,Amedeus Stockmanslei 39,2021-11-14,21:00:00,20,14,6,MOR02
543,Amedeus Stockmanslei 39,2021-11-14,22:00:00,17,14,3,MOR02
543,Amedeus Stockmanslei 39,2021-11-14,23:00:00,9,5,4,MOR02
543,Amedeus Stockmanslei 39,2021-11-15,00:00:00,8,8,0,MOR02
543,Amedeus Stockmanslei 39,2021-11-15,01:00:00,2,2,0,MOR02
543,Amedeus Stockmanslei 39,2021-11-15,02:00:00,2,2,0,MOR02
543,Amedeus Stockmanslei 39,2021-11-15,03:00:00,0,0,0,MOR02
543,Amedeus Stockmanslei 39,2021-11-15,04:00:00,7,6,1,MOR02
543,Amedeus Stockmanslei 39,2021-11-15,05:00:00,12,10,2,MOR02
543,Amedeus Stockmanslei 39,2021-11-15,06:00:00,36,31,5,MOR02
543,Amedeus Stockmanslei 39,2021-11-15,07:00:00,117,105,12,MOR02
543,Amedeus Stockmanslei 39,2021-11-15,08:00:00,202,188,14,MOR02
543,Amedeus Stockmanslei 39,2021-11-15,09:00:00,161,150,11,MOR02
543,Amedeus Stockmanslei 39,2021-11-15,10:00:00,56,50,6,MOR02
543,Amedeus Stockmanslei 39,2021-11-15,11:00:00,103,47,56,MOR02
543,Amedeus Stockmanslei 39,2021-11-15,12:00:00,93,87,6,MOR02
543,Amedeus Stockmanslei 39,2021-11-15,13:00:00,69,57,12,MOR02
543,Amedeus Stockmanslei 39,2021-11-15,14:00:00,72,66,6,MOR02
543,Amedeus Stockmanslei 39,2021-11-15,15:00:00,167,154,13,MOR02
543,Amedeus Stockmanslei 39,2021-11-15,16:00:00,275,266,9,MOR02
543,Amedeus Stockmanslei 39,2021-11-15,17:00:00,284,275,9,MOR02
543,Amedeus Stockmanslei 39,2021-11-15,18:00:00,204,189,15,MOR02
543,Amedeus Stockmanslei 39,2021-11-15,19:00:00,114,102,12,MOR02
543,Amedeus Stockmanslei 39,2021-11-15,20:00:00,43,38,5,MOR02
543,Amedeus Stockmanslei 39,2021-11-15,21:00:00,42,36,6,MOR02
543,Amedeus Stockmanslei 39,2021-11-15,22:00:00,34,25,9,MOR02
543,Amedeus Stockmanslei 39,2021-11-15,23:00:00,7,7,0,MOR02
543,Amedeus Stockmanslei 39,2021-11-16,00:00:00,6,5,1,MOR02
543,Amedeus Stockmanslei 39,2021-11-16,01:00:00,5,5,0,MOR02
543,Amedeus Stockmanslei 39,2021-11-16,02:00:00,1,1,0,MOR02
543,Amedeus Stockmanslei 39,2021-11-16,03:00:00,0,0,0,MOR02
543,Amedeus Stockmanslei 39,2021-11-16,04:00:00,5,4,1,MOR02
543,Amedeus Stockmanslei 39,2021-11-16,05:00:00,15,11,4,MOR02
543,Amedeus Stockmanslei 39,2021-11-16,06:00:00,31,28,3,MOR02
543,Amedeus Stockmanslei 39,2021-11-16,07:00:00,110,104,6,MOR02
543,Amedeus Stockmanslei 39,2021-11-16,08:00:00,237,226,11,MOR02
543,Amedeus Stockmanslei 39,2021-11-16,09:00:00,66,58,8,MOR02
543,Amedeus Stockmanslei 39,2021-11-16,10:00:00,45,43,2,MOR02
543,Amedeus Stockmanslei 39,2021-11-16,11:00:00,70,58,12,MOR02
543,Amedeus Stockmanslei 39,2021-11-16,12:00:00,100,94,6,MOR02
543,Amedeus Stockmanslei 39,2021-11-16,13:00:00,81,75,6,MOR02
543,Amedeus Stockmanslei 39,2021-11-16,14:00:00,104,98,6,MOR02
543,Amedeus Stockmanslei 39,2021-11-16,15:00:00,166,152,14,MOR02
543,Amedeus Stockmanslei 39,2021-11-16,16:00:00,348,344,4,MOR02
543,Amedeus Stockmanslei 39,2021-11-16,17:00:00,325,317,8,MOR02
543,Amedeus Stockmanslei 39,2021-11-16,18:00:00,183,173,10,MOR02
543,Amedeus Stockmanslei 39,2021-11-16,19:00:00,101,96,5,MOR02
543,Amedeus Stockmanslei 39,2021-11-16,20:00:00,55,48,7,MOR02
543,Amedeus Stockmanslei 39,2021-11-16,21:00:00,46,44,2,MOR02
543,Amedeus Stockmanslei 39,2021-11-16,22:00:00,45,38,7,MOR02
543,Amedeus Stockmanslei 39,2021-11-16,23:00:00,33,30,3,MOR02
543,Amedeus Stockmanslei 39,2021-11-17,00:00:00,10,9,1,MOR02
543,Amedeus Stockmanslei 39,2021-11-17,01:00:00,6,5,1,MOR02
543,Amedeus Stockmanslei 39,2021-11-17,02:00:00,2,2,0,MOR02
543,Amedeus Stockmanslei 39,2021-11-17,03:00:00,2,2,0,MOR02
543,Amedeus Stockmanslei 39,2021-11-17,04:00:00,7,5,2,MOR02
543,Amedeus Stockmanslei 39,2021-11-17,05:00:00,16,13,3,MOR02
543,Amedeus Stockmanslei 39,2021-11-17,06:00:00,34,29,5,MOR02
543,Amedeus Stockmanslei 39,2021-11-17,07:00:00,113,107,6,MOR02
543,Amedeus Stockmanslei 39,2021-11-17,08:00:00,226,219,7,MOR02
543,Amedeus Stockmanslei 39,2021-11-17,09:00:00,73,68,5,MOR02
543,Amedeus Stockmanslei 39,2021-11-17,10:00:00,80,69,11,MOR02
543,Amedeus Stockmanslei 39,2021-11-17,11:00:00,72,64,8,MOR02
543,Amedeus Stockmanslei 39,2021-11-17,12:00:00,214,197,17,MOR02
543,Amedeus Stockmanslei 39,2021-11-17,13:00:00,118,109,9,MOR02
543,Amedeus Stockmanslei 39,2021-11-17,14:00:00,127,115,12,MOR02
543,Amedeus Stockmanslei 39,2021-11-17,15:00:00,160,156,4,MOR02
543,Amedeus Stockmanslei 39,2021-11-17,16:00:00,216,206,10,MOR02
543,Amedeus Stockmanslei 39,2021-11-17,17:00:00,268,259,9,MOR02
543,Amedeus Stockmanslei 39,2021-11-17,18:00:00,178,171,7,MOR02
543,Amedeus Stockmanslei 39,2021-11-17,19:00:00,95,84,11,MOR02
543,Amedeus Stockmanslei 39,2021-11-17,20:00:00,60,49,11,MOR02
543,Amedeus Stockmanslei 39,2021-11-17,21:00:00,49,38,11,MOR02
543,Amedeus Stockmanslei 39,2021-11-17,22:00:00,47,43,4,MOR02
543,Amedeus Stockmanslei 39,2021-11-17,23:00:00,25,20,5,MOR02
543,Amedeus Stockmanslei 39,2021-11-18,00:00:00,7,5,2,MOR02
543,Amedeus Stockmanslei 39,2021-11-18,01:00:00,4,2,2,MOR02
543,Amedeus Stockmanslei 39,2021-11-18,02:00:00,5,5,0,MOR02
543,Amedeus Stockmanslei 39,2021-11-18,03:00:00,2,1,1,MOR02
543,Amedeus Stockmanslei 39,2021-11-18,04:00:00,12,7,5,MOR02
543,Amedeus Stockmanslei 39,2021-11-18,05:00:00,17,15,2,MOR02
543,Amedeus Stockmanslei 39,2021-11-18,06:00:00,31,28,3,MOR02
543,Amedeus Stockmanslei 39,2021-11-18,07:00:00,145,140,5,MOR02
543,Amedeus Stockmanslei 39,2021-11-18,08:00:00,214,207,7,MOR02
543,Amedeus Stockmanslei 39,2021-11-18,09:00:00,59,52,7,MOR02
543,Amedeus Stockmanslei 39,2021-11-18,10:00:00,61,55,6,MOR02
543,Amedeus Stockmanslei 39,2021-11-18,11:00:00,47,44,3,MOR02
543,Amedeus Stockmanslei 39,2021-11-18,12:00:00,109,96,13,MOR02
543,Amedeus Stockmanslei 39,2021-11-18,13:00:00,94,83,11,MOR02
543,Amedeus Stockmanslei 39,2021-11-18,14:00:00,118,108,10,MOR02
543,Amedeus Stockmanslei 39,2021-11-18,15:00:00,178,172,6,MOR02
543,Amedeus Stockmanslei 39,2021-11-18,16:00:00,282,277,5,MOR02
543,Amedeus Stockmanslei 39,2021-11-18,17:00:00,278,270,8,MOR02
543,Amedeus Stockmanslei 39,2021-11-18,18:00:00,183,174,9,MOR02
543,Amedeus Stockmanslei 39,2021-11-18,19:00:00,100,96,4,MOR02
543,Amedeus Stockmanslei 39,2021-11-18,20:00:00,59,54,5,MOR02
543,Amedeus Stockmanslei 39,2021-11-18,21:00:00,46,43,3,MOR02
543,Amedeus Stockmanslei 39,2021-11-18,22:00:00,63,58,5,MOR02
543,Amedeus Stockmanslei 39,2021-11-18,23:00:00,37,34,3,MOR02
543,Amedeus Stockmanslei 39,2021-11-19,00:00:00,24,19,5,MOR02
543,Amedeus Stockmanslei 39,2021-11-19,01:00:00,12,11,1,MOR02
543,Amedeus Stockmanslei 39,2021-11-19,02:00:00,6,6,0,MOR02
543,Amedeus Stockmanslei 39,2021-11-19,03:00:00,16,15,1,MOR02
543,Amedeus Stockmanslei 39,2021-11-19,04:00:00,22,21,1,MOR02
543,Amedeus Stockmanslei 39,2021-11-19,05:00:00,17,16,1,MOR02
543,Amedeus Stockmanslei 39,2021-11-19,06:00:00,29,24,5,MOR02
543,Amedeus Stockmanslei 39,2021-11-19,07:00:00,108,101,7,MOR02
543,Amedeus Stockmanslei 39,2021-11-19,08:00:00,202,185,17,MOR02
543,Amedeus Stockmanslei 39,2021-11-19,09:00:00,69,64,5,MOR02
543,Amedeus Stockmanslei 39,2021-11-19,10:00:00,59,56,3,MOR02
543,Amedeus Stockmanslei 39,2021-11-19,11:00:00,64,61,3,MOR02
543,Amedeus Stockmanslei 39,2021-11-19,12:00:00,125,117,8,MOR02
543,Amedeus Stockmanslei 39,2021-11-19,13:00:00,99,94,5,MOR02
543,Amedeus Stockmanslei 39,2021-11-19,14:00:00,99,94,5,MOR02
543,Amedeus Stockmanslei 39,2021-11-19,15:00:00,172,165,7,MOR02
543,Amedeus Stockmanslei 39,2021-11-19,16:00:00,271,268,3,MOR02
543,Amedeus Stockmanslei 39,2021-11-19,17:00:00,196,188,8,MOR02
543,Amedeus Stockmanslei 39,2021-11-19,18:00:00,144,140,4,MOR02
543,Amedeus Stockmanslei 39,2021-11-19,19:00:00,137,129,8,MOR02
543,Amedeus Stockmanslei 39,2021-11-19,20:00:00,71,64,7,MOR02
543,Amedeus Stockmanslei 39,2021-11-19,21:00:00,30,23,7,MOR02
543,Amedeus Stockmanslei 39,2021-11-19,22:00:00,32,30,2,MOR02
543,Amedeus Stockmanslei 39,2021-11-19,23:00:00,40,32,8,MOR02
543,Amedeus Stockmanslei 39,2021-11-20,00:00:00,43,40,3,MOR02
543,Amedeus Stockmanslei 39,2021-11-20,01:00:00,17,17,0,MOR02
543,Amedeus Stockmanslei 39,2021-11-20,02:00:00,15,13,2,MOR02
543,Amedeus Stockmanslei 39,2021-11-20,03:00:00,12,12,0,MOR02
543,Amedeus Stockmanslei 39,2021-11-20,04:00:00,21,21,0,MOR02
543,Amedeus Stockmanslei 39,2021-11-20,05:00:00,11,9,2,MOR02
543,Amedeus Stockmanslei 39,2021-11-20,06:00:00,15,13,2,MOR02
543,Amedeus Stockmanslei 39,2021-11-20,07:00:00,20,18,2,MOR02
543,Amedeus Stockmanslei 39,2021-11-20,08:00:00,30,28,2,MOR02
543,Amedeus Stockmanslei 39,2021-11-20,09:00:00,52,45,7,MOR02
543,Amedeus Stockmanslei 39,2021-11-20,10:00:00,90,85,5,MOR02
543,Amedeus Stockmanslei 39,2021-11-20,11:00:00,73,69,4,MOR02
543,Amedeus Stockmanslei 39,2021-11-20,12:00:00,100,89,11,MOR02
543,Amedeus Stockmanslei 39,2021-11-20,13:00:00,103,89,14,MOR02
543,Amedeus Stockmanslei 39,2021-11-20,14:00:00,112,99,13,MOR02
543,Amedeus Stockmanslei 39,2021-11-20,15:00:00,84,82,2,MOR02
543,Amedeus Stockmanslei 39,2021-11-20,16:00:00,93,86,7,MOR02
543,Amedeus Stockmanslei 39,2021-11-20,17:00:00,68,61,7,MOR02
543,Amedeus Stockmanslei 39,2021-11-20,18:00:00,68,57,11,MOR02
543,Amedeus Stockmanslei 39,2021-11-20,19:00:00,44,36,8,MOR02
543,Amedeus Stockmanslei 39,2021-11-20,20:00:00,37,32,5,MOR02
543,Amedeus Stockmanslei 39,2021-11-20,21:00:00,22,22,0,MOR02
543,Amedeus Stockmanslei 39,2021-11-20,22:00:00,22,20,2,MOR02
543,Amedeus Stockmanslei 39,2021-11-20,23:00:00,46,36,10,MOR02
543,Amedeus Stockmanslei 39,2021-11-21,00:00:00,46,46,0,MOR02
543,Amedeus Stockmanslei 39,2021-11-21,01:00:00,21,18,3,MOR02
543,Amedeus Stockmanslei 39,2021-11-21,02:00:00,16,13,3,MOR02
543,Amedeus Stockmanslei 39,2021-11-21,03:00:00,7,5,2,MOR02
543,Amedeus Stockmanslei 39,2021-11-21,04:00:00,4,4,0,MOR02
543,Amedeus Stockmanslei 39,2021-11-21,05:00:00,8,7,1,MOR02
543,Amedeus Stockmanslei 39,2021-11-21,06:00:00,6,6,0,MOR02
543,Amedeus Stockmanslei 39,2021-11-21,07:00:00,7,6,1,MOR02
543,Amedeus Stockmanslei 39,2021-11-21,08:00:00,17,14,3,MOR02
543,Amedeus Stockmanslei 39,2021-11-21,09:00:00,43,33,10,MOR02
543,Amedeus Stockmanslei 39,2021-11-21,10:00:00,35,30,5,MOR02
543,Amedeus Stockmanslei 39,2021-11-21,11:00:00,43,40,3,MOR02
543,Amedeus Stockmanslei 39,2021-11-21,12:00:00,55,49,6,MOR02
543,Amedeus Stockmanslei 39,2021-11-21,13:00:00,67,57,10,MOR02
543,Amedeus Stockmanslei 39,2021-11-21,14:00:00,95,86,9,MOR02
543,Amedeus Stockmanslei 39,2021-11-21,15:00:00,65,57,8,MOR02
543,Amedeus Stockmanslei 39,2021-11-21,16:00:00,44,38,6,MOR02
543,Amedeus Stockmanslei 39,2021-11-21,17:00:00,65,58,7,MOR02
543,Amedeus Stockmanslei 39,2021-11-21,18:00:00,45,43,2,MOR02
543,Amedeus Stockmanslei 39,2021-11-21,19:00:00,30,24,6,MOR02
543,Amedeus Stockmanslei 39,2021-11-21,20:00:00,22,18,4,MOR02
543,Amedeus Stockmanslei 39,2021-11-21,21:00:00,13,11,2,MOR02
543,Amedeus Stockmanslei 39,2021-11-21,22:00:00,43,37,6,MOR02
543,Amedeus Stockmanslei 39,2021-11-21,23:00:00,15,10,5,MOR02
543,Amedeus Stockmanslei 39,2021-11-22,00:00:00,8,7,1,MOR02
543,Amedeus Stockmanslei 39,2021-11-22,01:00:00,3,3,0,MOR02
543,Amedeus Stockmanslei 39,2021-11-22,02:00:00,2,1,1,MOR02
543,Amedeus Stockmanslei 39,2021-11-22,03:00:00,2,2,0,MOR02
543,Amedeus Stockmanslei 39,2021-11-22,04:00:00,8,6,2,MOR02
543,Amedeus Stockmanslei 39,2021-11-22,05:00:00,17,14,3,MOR02
543,Amedeus Stockmanslei 39,2021-11-22,06:00:00,28,24,4,MOR02
543,Amedeus Stockmanslei 39,2021-11-22,07:00:00,86,83,3,MOR02
543,Amedeus Stockmanslei 39,2021-11-22,08:00:00,169,159,10,MOR02
543,Amedeus Stockmanslei 39,2021-11-22,09:00:00,55,45,10,MOR02
543,Amedeus Stockmanslei 39,2021-11-22,10:00:00,51,48,3,MOR02
543,Amedeus Stockmanslei 39,2021-11-22,11:00:00,69,61,8,MOR02
543,Amedeus Stockmanslei 39,2021-11-22,12:00:00,92,85,7,MOR02
543,Amedeus Stockmanslei 39,2021-11-22,13:00:00,92,85,7,MOR02
543,Amedeus Stockmanslei 39,2021-11-22,14:00:00,95,85,10,MOR02
543,Amedeus Stockmanslei 39,2021-11-22,15:00:00,149,141,8,MOR02
543,Amedeus Stockmanslei 39,2021-11-22,16:00:00,317,308,9,MOR02
543,Amedeus Stockmanslei 39,2021-11-22,17:00:00,257,253,4,MOR02
543,Amedeus Stockmanslei 39,2021-11-22,18:00:00,160,153,7,MOR02
543,Amedeus Stockmanslei 39,2021-11-22,19:00:00,84,78,6,MOR02
543,Amedeus Stockmanslei 39,2021-11-22,20:00:00,49,45,4,MOR02
543,Amedeus Stockmanslei 39,2021-11-22,21:00:00,38,37,1,MOR02
543,Amedeus Stockmanslei 39,2021-11-22,22:00:00,27,26,1,MOR02
543,Amedeus Stockmanslei 39,2021-11-22,23:00:00,20,19,1,MOR02
543,Amedeus Stockmanslei 39,2021-11-23,00:00:00,7,7,0,MOR02
543,Amedeus Stockmanslei 39,2021-11-23,01:00:00,2,2,0,MOR02
543,Amedeus Stockmanslei 39,2021-11-23,02:00:00,3,3,0,MOR02
543,Amedeus Stockmanslei 39,2021-11-23,03:00:00,4,4,0,MOR02
543,Amedeus Stockmanslei 39,2021-11-23,04:00:00,8,5,3,MOR02
543,Amedeus Stockmanslei 39,2021-11-23,05:00:00,20,18,2,MOR02
543,Amedeus Stockmanslei 39,2021-11-23,06:00:00,32,31,1,MOR02
543,Amedeus Stockmanslei 39,2021-11-23,07:00:00,100,96,4,MOR02
543,Amedeus Stockmanslei 39,2021-11-23,08:00:00,148,143,5,MOR02
543,Amedeus Stockmanslei 39,2021-11-23,09:00:00,43,36,7,MOR02
543,Amedeus Stockmanslei 39,2021-11-23,10:00:00,31,30,1,MOR02
543,Amedeus Stockmanslei 39,2021-11-23,11:00:00,57,55,2,MOR02
543,Amedeus Stockmanslei 39,2021-11-23,12:00:00,78,73,5,MOR02
543,Amedeus Stockmanslei 39,2021-11-23,13:00:00,92,88,4,MOR02
543,Amedeus Stockmanslei 39,2021-11-23,14:00:00,74,70,4,MOR02
543,Amedeus Stockmanslei 39,2021-11-23,15:00:00,136,126,10,MOR02
543,Amedeus Stockmanslei 39,2021-11-23,16:00:00,259,257,2,MOR02
543,Amedeus Stockmanslei 39,2021-11-23,17:00:00,236,230,6,MOR02
543,Amedeus Stockmanslei 39,2021-11-23,18:00:00,177,170,7,MOR02
543,Amedeus Stockmanslei 39,2021-11-23,19:00:00,75,71,4,MOR02
543,Amedeus Stockmanslei 39,2021-11-23,20:00:00,41,38,3,MOR02
543,Amedeus Stockmanslei 39,2021-11-23,21:00:00,54,49,5,MOR02
543,Amedeus Stockmanslei 39,2021-11-23,22:00:00,40,39,1,MOR02
543,Amedeus Stockmanslei 39,2021-11-23,23:00:00,22,17,5,MOR02
543,Amedeus Stockmanslei 39,2021-11-24,00:00:00,11,9,2,MOR02
543,Amedeus Stockmanslei 39,2021-11-24,01:00:00,3,3,0,MOR02
543,Amedeus Stockmanslei 39,2021-11-24,02:00:00,1,1,0,MOR02
543,Amedeus Stockmanslei 39,2021-11-24,03:00:00,4,4,0,MOR02
543,Amedeus Stockmanslei 39,2021-11-24,04:00:00,6,6,0,MOR02
543,Amedeus Stockmanslei 39,2021-11-24,05:00:00,14,12,2,MOR02
543,Amedeus Stockmanslei 39,2021-11-24,06:00:00,28,26,2,MOR02
543,Amedeus Stockmanslei 39,2021-11-24,07:00:00,100,98,2,MOR02
543,Amedeus Stockmanslei 39,2021-11-24,08:00:00,152,146,6,MOR02
543,Amedeus Stockmanslei 39,2021-11-24,09:00:00,62,55,7,MOR02
543,Amedeus Stockmanslei 39,2021-11-24,10:00:00,70,68,2,MOR02
543,Amedeus Stockmanslei 39,2021-11-24,11:00:00,70,69,1,MOR02
543,Amedeus Stockmanslei 39,2021-11-24,12:00:00,159,149,10,MOR02
543,Amedeus Stockmanslei 39,2021-11-24,13:00:00,112,103,9,MOR02
543,Amedeus Stockmanslei 39,2021-11-24,14:00:00,91,84,7,MOR02
543,Amedeus Stockmanslei 39,2021-11-24,15:00:00,89,85,4,MOR02
543,Amedeus Stockmanslei 39,2021-11-24,16:00:00,205,194,11,MOR02
543,Amedeus Stockmanslei 39,2021-11-24,17:00:00,194,190,4,MOR02
543,Amedeus Stockmanslei 39,2021-11-24,18:00:00,157,151,6,MOR02
543,Amedeus Stockmanslei 39,2021-11-24,19:00:00,73,65,8,MOR02
543,Amedeus Stockmanslei 39,2021-11-24,20:00:00,50,45,5,MOR02
543,Amedeus Stockmanslei 39,2021-11-24,21:00:00,41,39,2,MOR02
543,Amedeus Stockmanslei 39,2021-11-24,22:00:00,48,43,5,MOR02
543,Amedeus Stockmanslei 39,2021-11-24,23:00:00,21,21,0,MOR02
543,Amedeus Stockmanslei 39,2021-11-25,00:00:00,14,14,0,MOR02
543,Amedeus Stockmanslei 39,2021-11-25,01:00:00,4,3,1,MOR02
543,Amedeus Stockmanslei 39,2021-11-25,02:00:00,3,3,0,MOR02
543,Amedeus Stockmanslei 39,2021-11-25,03:00:00,6,6,0,MOR02
543,Amedeus Stockmanslei 39,2021-11-25,04:00:00,6,4,2,MOR02
543,Amedeus Stockmanslei 39,2021-11-25,05:00:00,17,17,0,MOR02
543,Amedeus Stockmanslei 39,2021-11-25,06:00:00,27,24,3,MOR02
543,Amedeus Stockmanslei 39,2021-11-25,07:00:00,81,79,2,MOR02
543,Amedeus Stockmanslei 39,2021-11-25,08:00:00,173,169,4,MOR02
543,Amedeus Stockmanslei 39,2021-11-25,09:00:00,50,42,8,MOR02
543,Amedeus Stockmanslei 39,2021-11-25,10:00:00,41,39,2,MOR02
543,Amedeus Stockmanslei 39,2021-11-25,11:00:00,44,41,3,MOR02
543,Amedeus Stockmanslei 39,2021-11-25,12:00:00,55,53,2,MOR02
543,Amedeus Stockmanslei 39,2021-11-25,13:00:00,64,59,5,MOR02
543,Amedeus Stockmanslei 39,2021-11-25,14:00:00,82,78,4,MOR02
543,Amedeus Stockmanslei 39,2021-11-25,15:00:00,140,133,7,MOR02
543,Amedeus Stockmanslei 39,2021-11-25,16:00:00,232,227,5,MOR02
543,Amedeus Stockmanslei 39,2021-11-25,17:00:00,195,192,3,MOR02
543,Amedeus Stockmanslei 39,2021-11-25,18:00:00,132,126,6,MOR02
543,Amedeus Stockmanslei 39,2021-11-25,19:00:00,75,69,6,MOR02
543,Amedeus Stockmanslei 39,2021-11-25,20:00:00,57,51,6,MOR02
543,Amedeus Stockmanslei 39,2021-11-25,21:00:00,37,30,7,MOR02
543,Amedeus Stockmanslei 39,2021-11-25,22:00:00,41,33,8,MOR02
543,Amedeus Stockmanslei 39,2021-11-25,23:00:00,31,30,1,MOR02
543,Amedeus Stockmanslei 39,2021-11-26,00:00:00,17,17,0,MOR02
543,Amedeus Stockmanslei 39,2021-11-26,01:00:00,10,9,1,MOR02
543,Amedeus Stockmanslei 39,2021-11-26,02:00:00,5,5,0,MOR02
543,Amedeus Stockmanslei 39,2021-11-26,03:00:00,5,3,2,MOR02
543,Amedeus Stockmanslei 39,2021-11-26,04:00:00,12,12,0,MOR02
543,Amedeus Stockmanslei 39,2021-11-26,05:00:00,18,18,0,MOR02
543,Amedeus Stockmanslei 39,2021-11-26,06:00:00,24,21,3,MOR02
543,Amedeus Stockmanslei 39,2021-11-26,07:00:00,79,78,1,MOR02
543,Amedeus Stockmanslei 39,2021-11-26,08:00:00,146,138,8,MOR02
543,Amedeus Stockmanslei 39,2021-11-26,09:00:00,67,63,4,MOR02
543,Amedeus Stockmanslei 39,2021-11-26,10:00:00,43,40,3,MOR02
543,Amedeus Stockmanslei 39,2021-11-26,11:00:00,50,44,6,MOR02
543,Amedeus Stockmanslei 39,2021-11-26,12:00:00,75,71,4,MOR02
543,Amedeus Stockmanslei 39,2021-11-26,13:00:00,57,52,5,MOR02
543,Amedeus Stockmanslei 39,2021-11-26,14:00:00,63,60,3,MOR02
543,Amedeus Stockmanslei 39,2021-11-26,15:00:00,105,101,4,MOR02
543,Amedeus Stockmanslei 39,2021-11-26,16:00:00,183,181,2,MOR02
543,Amedeus Stockmanslei 39,2021-11-26,17:00:00,122,115,7,MOR02
543,Amedeus Stockmanslei 39,2021-11-26,18:00:00,100,96,4,MOR02
543,Amedeus Stockmanslei 39,2021-11-26,19:00:00,46,43,3,MOR02
543,Amedeus Stockmanslei 39,2021-11-26,20:00:00,18,15,3,MOR02
543,Amedeus Stockmanslei 39,2021-11-26,21:00:00,12,9,3,MOR02
543,Amedeus Stockmanslei 39,2021-11-26,22:00:00,23,19,4,MOR02
543,Amedeus Stockmanslei 39,2021-11-26,23:00:00,20,17,3,MOR02
543,Amedeus Stockmanslei 39,2021-11-27,00:00:00,19,19,0,MOR02
543,Amedeus Stockmanslei 39,2021-11-27,01:00:00,14,14,0,MOR02
543,Amedeus Stockmanslei 39,2021-11-27,02:00:00,8,8,0,MOR02
543,Amedeus Stockmanslei 39,2021-11-27,03:00:00,9,3,6,MOR02
543,Amedeus Stockmanslei 39,2021-11-27,04:00:00,7,7,0,MOR02
543,Amedeus Stockmanslei 39,2021-11-27,05:00:00,8,7,1,MOR02
543,Amedeus Stockmanslei 39,2021-11-27,06:00:00,12,9,3,MOR02
543,Amedeus Stockmanslei 39,2021-11-27,07:00:00,11,9,2,MOR02
543,Amedeus Stockmanslei 39,2021-11-27,08:00:00,20,17,3,MOR02
543,Amedeus Stockmanslei 39,2021-11-27,09:00:00,38,34,4,MOR02
543,Amedeus Stockmanslei 39,2021-11-27,10:00:00,65,61,4,MOR02
543,Amedeus Stockmanslei 39,2021-11-27,11:00:00,75,71,4,MOR02
543,Amedeus Stockmanslei 39,2021-11-27,12:00:00,86,80,6,MOR02
543,Amedeus Stockmanslei 39,2021-11-27,13:00:00,68,66,2,MOR02
543,Amedeus Stockmanslei 39,2021-11-27,14:00:00,86,79,7,MOR02
543,Amedeus Stockmanslei 39,2021-11-27,15:00:00,58,49,9,MOR02
543,Amedeus Stockmanslei 39,2021-11-27,16:00:00,64,58,6,MOR02
543,Amedeus Stockmanslei 39,2021-11-27,17:00:00,46,40,6,MOR02
543,Amedeus Stockmanslei 39,2021-11-27,18:00:00,36,30,6,MOR02
543,Amedeus Stockmanslei 39,2021-11-27,19:00:00,39,31,8,MOR02
543,Amedeus Stockmanslei 39,2021-11-27,20:00:00,32,30,2,MOR02
543,Amedeus Stockmanslei 39,2021-11-27,21:00:00,7,3,4,MOR02
543,Amedeus Stockmanslei 39,2021-11-27,22:00:00,22,19,3,MOR02
543,Amedeus Stockmanslei 39,2021-11-27,23:00:00,38,34,4,MOR02
543,Amedeus Stockmanslei 39,2021-11-28,00:00:00,20,18,2,MOR02
543,Amedeus Stockmanslei 39,2021-11-28,01:00:00,8,5,3,MOR02
543,Amedeus Stockmanslei 39,2021-11-28,02:00:00,7,5,2,MOR02
543,Amedeus Stockmanslei 39,2021-11-28,03:00:00,11,6,5,MOR02
543,Amedeus Stockmanslei 39,2021-11-28,04:00:00,3,3,0,MOR02
543,Amedeus Stockmanslei 39,2021-11-28,05:00:00,3,3,0,MOR02
543,Amedeus Stockmanslei 39,2021-11-28,06:00:00,4,3,1,MOR02
543,Amedeus Stockmanslei 39,2021-11-28,07:00:00,7,7,0,MOR02
543,Amedeus Stockmanslei 39,2021-11-28,08:00:00,16,16,0,MOR02
543,Amedeus Stockmanslei 39,2021-11-28,09:00:00,41,33,8,MOR02
543,Amedeus Stockmanslei 39,2021-11-28,10:00:00,44,40,4,MOR02
543,Amedeus Stockmanslei 39,2021-11-28,11:00:00,44,44,0,MOR02
543,Amedeus Stockmanslei 39,2021-11-28,12:00:00,55,49,6,MOR02
543,Amedeus Stockmanslei 39,2021-11-28,13:00:00,46,44,2,MOR02
543,Amedeus Stockmanslei 39,2021-11-28,14:00:00,39,34,5,MOR02
543,Amedeus Stockmanslei 39,2021-11-28,15:00:00,57,49,8,MOR02
543,Amedeus Stockmanslei 39,2021-11-28,16:00:00,46,42,4,MOR02
543,Amedeus Stockmanslei 39,2021-11-28,17:00:00,37,32,5,MOR02
543,Amedeus Stockmanslei 39,2021-11-28,18:00:00,28,23,5,MOR02
543,Amedeus Stockmanslei 39,2021-11-28,19:00:00,17,16,1,MOR02
543,Amedeus Stockmanslei 39,2021-11-28,20:00:00,16,15,1,MOR02
543,Amedeus Stockmanslei 39,2021-11-28,21:00:00,9,6,3,MOR02
543,Amedeus Stockmanslei 39,2021-11-28,22:00:00,12,11,1,MOR02
543,Amedeus Stockmanslei 39,2021-11-28,23:00:00,24,23,1,MOR02
543,Amedeus Stockmanslei 39,2021-11-29,00:00:00,6,6,0,MOR02
543,Amedeus Stockmanslei 39,2021-11-29,01:00:00,4,3,1,MOR02
543,Amedeus Stockmanslei 39,2021-11-29,02:00:00,1,1,0,MOR02
543,Amedeus Stockmanslei 39,2021-11-29,03:00:00,2,1,1,MOR02
543,Amedeus Stockmanslei 39,2021-11-29,04:00:00,6,3,3,MOR02
543,Amedeus Stockmanslei 39,2021-11-29,05:00:00,14,12,2,MOR02
543,Amedeus Stockmanslei 39,2021-11-29,06:00:00,20,16,4,MOR02
543,Amedeus Stockmanslei 39,2021-11-29,07:00:00,70,67,3,MOR02
543,Amedeus Stockmanslei 39,2021-11-29,08:00:00,158,153,5,MOR02
543,Amedeus Stockmanslei 39,2021-11-29,09:00:00,97,89,8,MOR02
543,Amedeus Stockmanslei 39,2021-11-29,10:00:00,36,35,1,MOR02
543,Amedeus Stockmanslei 39,2021-11-29,11:00:00,52,48,4,MOR02
543,Amedeus Stockmanslei 39,2021-11-29,12:00:00,63,61,2,MOR02
543,Amedeus Stockmanslei 39,2021-11-29,13:00:00,74,71,3,MOR02
543,Amedeus Stockmanslei 39,2021-11-29,14:00:00,81,77,4,MOR02
543,Amedeus Stockmanslei 39,2021-11-29,15:00:00,129,122,7,MOR02
543,Amedeus Stockmanslei 39,2021-11-29,16:00:00,223,218,5,MOR02
543,Amedeus Stockmanslei 39,2021-11-29,17:00:00,205,202,3,MOR02
543,Amedeus Stockmanslei 39,2021-11-29,18:00:00,131,127,4,MOR02
543,Amedeus Stockmanslei 39,2021-11-29,19:00:00,78,69,9,MOR02
543,Amedeus Stockmanslei 39,2021-11-29,20:00:00,39,37,2,MOR02
543,Amedeus Stockmanslei 39,2021-11-29,21:00:00,30,26,4,MOR02
543,Amedeus Stockmanslei 39,2021-11-29,22:00:00,28,25,3,MOR02
543,Amedeus Stockmanslei 39,2021-11-29,23:00:00,13,13,0,MOR02
543,Amedeus Stockmanslei 39,2021-11-30,00:00:00,4,3,1,MOR02
543,Amedeus Stockmanslei 39,2021-11-30,01:00:00,3,2,1,MOR02
543,Amedeus Stockmanslei 39,2021-11-30,02:00:00,1,1,0,MOR02
543,Amedeus Stockmanslei 39,2021-11-30,03:00:00,3,3,0,MOR02
543,Amedeus Stockmanslei 39,2021-11-30,04:00:00,10,6,4,MOR02
543,Amedeus Stockmanslei 39,2021-11-30,05:00:00,9,7,2,MOR02
543,Amedeus Stockmanslei 39,2021-11-30,06:00:00,23,17,6,MOR02
543,Amedeus Stockmanslei 39,2021-11-30,07:00:00,61,56,5,MOR02
543,Amedeus Stockmanslei 39,2021-11-30,08:00:00,153,149,4,MOR02
543,Amedeus Stockmanslei 39,2021-11-30,09:00:00,44,38,6,MOR02
543,Amedeus Stockmanslei 39,2021-11-30,10:00:00,24,19,5,MOR02
543,Amedeus Stockmanslei 39,2021-11-30,11:00:00,29,26,3,MOR02
543,Amedeus Stockmanslei 39,2021-11-30,12:00:00,47,41,6,MOR02
543,Amedeus Stockmanslei 39,2021-11-30,13:00:00,49,44,5,MOR02
543,Amedeus Stockmanslei 39,2021-11-30,14:00:00,53,52,1,MOR02
543,Amedeus Stockmanslei 39,2021-11-30,15:00:00,118,112,6,MOR02
543,Amedeus Stockmanslei 39,2021-11-30,16:00:00,194,193,1,MOR02
543,Amedeus Stockmanslei 39,2021-11-30,17:00:00,164,161,3,MOR02
543,Amedeus Stockmanslei 39,2021-11-30,18:00:00,106,104,2,MOR02
543,Amedeus Stockmanslei 39,2021-11-30,19:00:00,70,68,2,MOR02
543,Amedeus Stockmanslei 39,2021-11-30,20:00:00,32,30,2,MOR02
543,Amedeus Stockmanslei 39,2021-11-30,21:00:00,33,30,3,MOR02
543,Amedeus Stockmanslei 39,2021-11-30,22:00:00,28,26,2,MOR02
543,Amedeus Stockmanslei 39,2021-11-30,23:00:00,17,14,3,MOR02
543,Amedeus Stockmanslei 39,2021-12-01,00:00:00,7,7,0,MOR02
543,Amedeus Stockmanslei 39,2021-12-01,01:00:00,7,7,0,MOR02
543,Amedeus Stockmanslei 39,2021-12-01,02:00:00,3,1,2,MOR02
543,Amedeus Stockmanslei 39,2021-12-01,03:00:00,3,2,1,MOR02
543,Amedeus Stockmanslei 39,2021-12-01,04:00:00,5,4,1,MOR02
543,Amedeus Stockmanslei 39,2021-12-01,05:00:00,10,8,2,MOR02
543,Amedeus Stockmanslei 39,2021-12-01,06:00:00,20,19,1,MOR02
543,Amedeus Stockmanslei 39,2021-12-01,07:00:00,69,69,0,MOR02
543,Amedeus Stockmanslei 39,2021-12-01,08:00:00,151,145,6,MOR02
543,Amedeus Stockmanslei 39,2021-12-01,09:00:00,45,41,4,MOR02
543,Amedeus Stockmanslei 39,2021-12-01,10:00:00,27,26,1,MOR02
543,Amedeus Stockmanslei 39,2021-12-01,11:00:00,60,59,1,MOR02
543,Amedeus Stockmanslei 39,2021-12-01,12:00:00,115,108,7,MOR02
543,Amedeus Stockmanslei 39,2021-12-01,13:00:00,79,78,1,MOR02
543,Amedeus Stockmanslei 39,2021-12-01,14:00:00,68,65,3,MOR02
543,Amedeus Stockmanslei 39,2021-12-01,15:00:00,67,64,3,MOR02
543,Amedeus Stockmanslei 39,2021-12-01,16:00:00,115,106,9,MOR02
543,Amedeus Stockmanslei 39,2021-12-01,17:00:00,184,177,7,MOR02
543,Amedeus Stockmanslei 39,2021-12-01,18:00:00,105,104,1,MOR02
543,Amedeus Stockmanslei 39,2021-12-01,19:00:00,54,52,2,MOR02
543,Amedeus Stockmanslei 39,2021-12-01,20:00:00,35,31,4,MOR02
543,Amedeus Stockmanslei 39,2021-12-01,21:00:00,33,27,6,MOR02
543,Amedeus Stockmanslei 39,2021-12-01,22:00:00,30,28,2,MOR02
543,Amedeus Stockmanslei 39,2021-12-01,23:00:00,24,19,5,MOR02
543,Amedeus Stockmanslei 39,2021-12-02,00:00:00,4,3,1,MOR02
543,Amedeus Stockmanslei 39,2021-12-02,01:00:00,3,3,0,MOR02
543,Amedeus Stockmanslei 39,2021-12-02,02:00:00,2,1,1,MOR02
543,Amedeus Stockmanslei 39,2021-12-02,03:00:00,0,0,0,MOR02
543,Amedeus Stockmanslei 39,2021-12-02,04:00:00,5,4,1,MOR02
543,Amedeus Stockmanslei 39,2021-12-02,05:00:00,8,6,2,MOR02
543,Amedeus Stockmanslei 39,2021-12-02,06:00:00,21,18,3,MOR02
543,Amedeus Stockmanslei 39,2021-12-02,07:00:00,79,76,3,MOR02
543,Amedeus Stockmanslei 39,2021-12-02,08:00:00,139,137,2,MOR02
543,Amedeus Stockmanslei 39,2021-12-02,09:00:00,41,35,6,MOR02
543,Amedeus Stockmanslei 39,2021-12-02,10:00:00,17,16,1,MOR02
543,Amedeus Stockmanslei 39,2021-12-02,11:00:00,23,22,1,MOR02
543,Amedeus Stockmanslei 39,2021-12-02,12:00:00,64,62,2,MOR02
543,Amedeus Stockmanslei 39,2021-12-02,13:00:00,51,50,1,MOR02
543,Amedeus Stockmanslei 39,2021-12-02,14:00:00,52,49,3,MOR02
543,Amedeus Stockmanslei 39,2021-12-02,15:00:00,94,91,3,MOR02
543,Amedeus Stockmanslei 39,2021-12-02,16:00:00,155,152,3,MOR02
543,Amedeus Stockmanslei 39,2021-12-02,17:00:00,164,158,6,MOR02
543,Amedeus Stockmanslei 39,2021-12-02,18:00:00,104,97,7,MOR02
543,Amedeus Stockmanslei 39,2021-12-02,19:00:00,58,56,2,MOR02
543,Amedeus Stockmanslei 39,2021-12-02,20:00:00,30,27,3,MOR02
543,Amedeus Stockmanslei 39,2021-12-02,21:00:00,20,17,3,MOR02
543,Amedeus Stockmanslei 39,2021-12-02,22:00:00,29,28,1,MOR02
543,Amedeus Stockmanslei 39,2021-12-02,23:00:00,18,18,0,MOR02
543,Amedeus Stockmanslei 39,2021-12-03,00:00:00,6,6,0,MOR02
543,Amedeus Stockmanslei 39,2021-12-03,01:00:00,2,2,0,MOR02
543,Amedeus Stockmanslei 39,2021-12-03,02:00:00,3,3,0,MOR02
543,Amedeus Stockmanslei 39,2021-12-03,03:00:00,2,2,0,MOR02
543,Amedeus Stockmanslei 39,2021-12-03,04:00:00,7,5,2,MOR02
543,Amedeus Stockmanslei 39,2021-12-03,05:00:00,9,9,0,MOR02
543,Amedeus Stockmanslei 39,2021-12-03,06:00:00,17,14,3,MOR02
543,Amedeus Stockmanslei 39,2021-12-03,07:00:00,66,62,4,MOR02
543,Amedeus Stockmanslei 39,2021-12-03,08:00:00,149,144,5,MOR02
543,Amedeus Stockmanslei 39,2021-12-03,09:00:00,46,44,2,MOR02
543,Amedeus Stockmanslei 39,2021-12-03,10:00:00,54,46,8,MOR02
543,Amedeus Stockmanslei 39,2021-12-03,11:00:00,36,32,4,MOR02
543,Amedeus Stockmanslei 39,2021-12-03,12:00:00,82,79,3,MOR02
543,Amedeus Stockmanslei 39,2021-12-03,13:00:00,80,73,7,MOR02
543,Amedeus Stockmanslei 39,2021-12-03,14:00:00,53,51,2,MOR02
543,Amedeus Stockmanslei 39,2021-12-03,15:00:00,94,92,2,MOR02
543,Amedeus Stockmanslei 39,2021-12-03,16:00:00,153,148,5,MOR02
543,Amedeus Stockmanslei 39,2021-12-03,17:00:00,128,125,3,MOR02
543,Amedeus Stockmanslei 39,2021-12-03,18:00:00,96,93,3,MOR02
543,Amedeus Stockmanslei 39,2021-12-03,19:00:00,57,54,3,MOR02
543,Amedeus Stockmanslei 39,2021-12-03,20:00:00,46,43,3,MOR02
543,Amedeus Stockmanslei 39,2021-12-03,21:00:00,25,20,5,MOR02
543,Amedeus Stockmanslei 39,2021-12-03,22:00:00,32,27,5,MOR02
543,Amedeus Stockmanslei 39,2021-12-03,23:00:00,43,30,13,MOR02
543,Amedeus Stockmanslei 39,2021-12-04,00:00:00,12,12,0,MOR02
543,Amedeus Stockmanslei 39,2021-12-04,01:00:00,14,10,4,MOR02
543,Amedeus Stockmanslei 39,2021-12-04,02:00:00,9,7,2,MOR02
543,Amedeus Stockmanslei 39,2021-12-04,03:00:00,7,5,2,MOR02
543,Amedeus Stockmanslei 39,2021-12-04,04:00:00,7,6,1,MOR02
543,Amedeus Stockmanslei 39,2021-12-04,05:00:00,8,6,2,MOR02
543,Amedeus Stockmanslei 39,2021-12-04,06:00:00,11,10,1,MOR02
543,Amedeus Stockmanslei 39,2021-12-04,07:00:00,11,10,1,MOR02
543,Amedeus Stockmanslei 39,2021-12-04,08:00:00,29,24,5,MOR02
543,Amedeus Stockmanslei 39,2021-12-04,09:00:00,36,33,3,MOR02
543,Amedeus Stockmanslei 39,2021-12-04,10:00:00,46,45,1,MOR02
543,Amedeus Stockmanslei 39,2021-12-04,11:00:00,65,61,4,MOR02
543,Amedeus Stockmanslei 39,2021-12-04,12:00:00,58,50,8,MOR02
543,Amedeus Stockmanslei 39,2021-12-04,13:00:00,42,37,5,MOR02
543,Amedeus Stockmanslei 39,2021-12-04,14:00:00,42,37,5,MOR02
543,Amedeus Stockmanslei 39,2021-12-04,15:00:00,50,47,3,MOR02
543,Amedeus Stockmanslei 39,2021-12-04,16:00:00,50,48,2,MOR02
543,Amedeus Stockmanslei 39,2021-12-04,17:00:00,48,41,7,MOR02
543,Amedeus Stockmanslei 39,2021-12-04,18:00:00,31,31,0,MOR02
543,Amedeus Stockmanslei 39,2021-12-04,19:00:00,32,22,10,MOR02
543,Amedeus Stockmanslei 39,2021-12-04,20:00:00,27,24,3,MOR02
543,Amedeus Stockmanslei 39,2021-12-04,21:00:00,21,16,5,MOR02
543,Amedeus Stockmanslei 39,2021-12-04,22:00:00,13,10,3,MOR02
543,Amedeus Stockmanslei 39,2021-12-04,23:00:00,31,29,2,MOR02
543,Amedeus Stockmanslei 39,2021-12-05,00:00:00,17,12,5,MOR02
543,Amedeus Stockmanslei 39,2021-12-05,01:00:00,15,10,5,MOR02
543,Amedeus Stockmanslei 39,2021-12-05,02:00:00,6,4,2,MOR02
543,Amedeus Stockmanslei 39,2021-12-05,03:00:00,5,5,0,MOR02
543,Amedeus Stockmanslei 39,2021-12-05,04:00:00,3,3,0,MOR02
543,Amedeus Stockmanslei 39,2021-12-05,05:00:00,5,5,0,MOR02
543,Amedeus Stockmanslei 39,2021-12-05,06:00:00,4,4,0,MOR02
543,Amedeus Stockmanslei 39,2021-12-05,07:00:00,5,4,1,MOR02
543,Amedeus Stockmanslei 39,2021-12-05,08:00:00,11,11,0,MOR02
543,Amedeus Stockmanslei 39,2021-12-05,09:00:00,38,35,3,MOR02
543,Amedeus Stockmanslei 39,2021-12-05,10:00:00,23,21,2,MOR02
543,Amedeus Stockmanslei 39,2021-12-05,11:00:00,45,43,2,MOR02
543,Amedeus Stockmanslei 39,2021-12-05,12:00:00,73,64,9,MOR02
543,Amedeus Stockmanslei 39,2021-12-05,13:00:00,66,62,4,MOR02
543,Amedeus Stockmanslei 39,2021-12-05,14:00:00,80,78,2,MOR02
543,Amedeus Stockmanslei 39,2021-12-05,15:00:00,57,49,8,MOR02
543,Amedeus Stockmanslei 39,2021-12-05,16:00:00,50,49,1,MOR02
543,Amedeus Stockmanslei 39,2021-12-05,17:00:00,50,48,2,MOR02
543,Amedeus Stockmanslei 39,2021-12-05,18:00:00,24,23,1,MOR02
543,Amedeus Stockmanslei 39,2021-12-05,19:00:00,17,14,3,MOR02
543,Amedeus Stockmanslei 39,2021-12-05,20:00:00,21,17,4,MOR02
543,Amedeus Stockmanslei 39,2021-12-05,21:00:00,14,11,3,MOR02
543,Amedeus Stockmanslei 39,2021-12-05,22:00:00,22,17,5,MOR02
543,Amedeus Stockmanslei 39,2021-12-05,23:00:00,16,14,2,MOR02
543,Amedeus Stockmanslei 39,2021-12-06,00:00:00,2,1,1,MOR02
543,Amedeus Stockmanslei 39,2021-12-06,01:00:00,2,2,0,MOR02
543,Amedeus Stockmanslei 39,2021-12-06,02:00:00,0,0,0,MOR02
543,Amedeus Stockmanslei 39,2021-12-06,03:00:00,1,0,1,MOR02
543,Amedeus Stockmanslei 39,2021-12-06,04:00:00,5,3,2,MOR02
543,Amedeus Stockmanslei 39,2021-12-06,05:00:00,15,11,4,MOR02
543,Amedeus Stockmanslei 39,2021-12-06,06:00:00,21,18,3,MOR02
543,Amedeus Stockmanslei 39,2021-12-06,07:00:00,79,79,0,MOR02
543,Amedeus Stockmanslei 39,2021-12-06,08:00:00,142,138,4,MOR02
543,Amedeus Stockmanslei 39,2021-12-06,09:00:00,46,39,7,MOR02
543,Amedeus Stockmanslei 39,2021-12-06,10:00:00,31,27,4,MOR02
543,Amedeus Stockmanslei 39,2021-12-06,11:00:00,42,39,3,MOR02
543,Amedeus Stockmanslei 39,2021-12-06,12:00:00,96,90,6,MOR02
543,Amedeus Stockmanslei 39,2021-12-06,13:00:00,76,71,5,MOR02
543,Amedeus Stockmanslei 39,2021-12-06,14:00:00,61,57,4,MOR02
543,Amedeus Stockmanslei 39,2021-12-06,15:00:00,113,108,5,MOR02
543,Amedeus Stockmanslei 39,2021-12-06,16:00:00,214,206,8,MOR02
543,Amedeus Stockmanslei 39,2021-12-06,17:00:00,155,154,1,MOR02
543,Amedeus Stockmanslei 39,2021-12-06,18:00:00,112,108,4,MOR02
543,Amedeus Stockmanslei 39,2021-12-06,19:00:00,50,44,6,MOR02
543,Amedeus Stockmanslei 39,2021-12-06,20:00:00,41,38,3,MOR02
543,Amedeus Stockmanslei 39,2021-12-06,21:00:00,22,20,2,MOR02
543,Amedeus Stockmanslei 39,2021-12-06,22:00:00,21,21,0,MOR02
543,Amedeus Stockmanslei 39,2021-12-06,23:00:00,10,9,1,MOR02
543,Amedeus Stockmanslei 39,2021-12-07,00:00:00,2,2,0,MOR02
543,Amedeus Stockmanslei 39,2021-12-07,01:00:00,0,0,0,MOR02
543,Amedeus Stockmanslei 39,2021-12-07,02:00:00,1,0,1,MOR02
543,Amedeus Stockmanslei 39,2021-12-07,03:00:00,4,2,2,MOR02
543,Amedeus Stockmanslei 39,2021-12-07,04:00:00,4,3,1,MOR02
543,Amedeus Stockmanslei 39,2021-12-07,05:00:00,13,10,3,MOR02
543,Amedeus Stockmanslei 39,2021-12-07,06:00:00,28,25,3,MOR02
543,Amedeus Stockmanslei 39,2021-12-07,07:00:00,88,82,6,MOR02
543,Amedeus Stockmanslei 39,2021-12-07,08:00:00,145,139,6,MOR02
543,Amedeus Stockmanslei 39,2021-12-07,09:00:00,64,55,9,MOR02
543,Amedeus Stockmanslei 39,2021-12-07,10:00:00,40,39,1,MOR02
543,Amedeus Stockmanslei 39,2021-12-07,11:00:00,52,47,5,MOR02
543,Amedeus Stockmanslei 39,2021-12-07,12:00:00,92,88,4,MOR02
543,Amedeus Stockmanslei 39,2021-12-07,13:00:00,95,91,4,MOR02
543,Amedeus Stockmanslei 39,2021-12-07,14:00:00,71,67,4,MOR02
543,Amedeus Stockmanslei 39,2021-12-07,15:00:00,121,116,5,MOR02
543,Amedeus Stockmanslei 39,2021-12-07,16:00:00,225,220,5,MOR02
543,Amedeus Stockmanslei 39,2021-12-07,17:00:00,192,190,2,MOR02
543,Amedeus Stockmanslei 39,2021-12-07,18:00:00,124,121,3,MOR02
543,Amedeus Stockmanslei 39,2021-12-07,19:00:00,64,62,2,MOR02
543,Amedeus Stockmanslei 39,2021-12-07,20:00:00,33,31,2,MOR02
543,Amedeus Stockmanslei 39,2021-12-07,21:00:00,47,40,7,MOR02
543,Amedeus Stockmanslei 39,2021-12-07,22:00:00,23,21,2,MOR02
543,Amedeus Stockmanslei 39,2021-12-07,23:00:00,17,15,2,MOR02
543,Amedeus Stockmanslei 39,2021-12-08,00:00:00,7,5,2,MOR02
543,Amedeus Stockmanslei 39,2021-12-08,01:00:00,4,4,0,MOR02
543,Amedeus Stockmanslei 39,2021-12-08,02:00:00,3,1,2,MOR02
543,Amedeus Stockmanslei 39,2021-12-08,03:00:00,0,0,0,MOR02
543,Amedeus Stockmanslei 39,2021-12-08,04:00:00,9,8,1,MOR02
543,Amedeus Stockmanslei 39,2021-12-08,05:00:00,10,6,4,MOR02
543,Amedeus Stockmanslei 39,2021-12-08,06:00:00,26,24,2,MOR02
543,Amedeus Stockmanslei 39,2021-12-08,07:00:00,71,70,1,MOR02
543,Amedeus Stockmanslei 39,2021-12-08,08:00:00,142,138,4,MOR02
543,Amedeus Stockmanslei 39,2021-12-08,09:00:00,73,61,12,MOR02
543,Amedeus Stockmanslei 39,2021-12-08,10:00:00,63,59,4,MOR02
543,Amedeus Stockmanslei 39,2021-12-08,11:00:00,84,79,5,MOR02
543,Amedeus Stockmanslei 39,2021-12-08,12:00:00,130,128,2,MOR02
543,Amedeus Stockmanslei 39,2021-12-08,13:00:00,108,100,8,MOR02
543,Amedeus Stockmanslei 39,2021-12-08,14:00:00,89,84,5,MOR02
543,Amedeus Stockmanslei 39,2021-12-08,15:00:00,99,93,6,MOR02
543,Amedeus Stockmanslei 39,2021-12-08,16:00:00,127,123,4,MOR02
543,Amedeus Stockmanslei 39,2021-12-08,17:00:00,188,185,3,MOR02
543,Amedeus Stockmanslei 39,2021-12-08,18:00:00,131,129,2,MOR02
543,Amedeus Stockmanslei 39,2021-12-08,19:00:00,56,52,4,MOR02
543,Amedeus Stockmanslei 39,2021-12-08,20:00:00,35,33,2,MOR02
543,Amedeus Stockmanslei 39,2021-12-08,21:00:00,31,30,1,MOR02
543,Amedeus Stockmanslei 39,2021-12-08,22:00:00,41,38,3,MOR02
543,Amedeus Stockmanslei 39,2021-12-08,23:00:00,27,25,2,MOR02
543,Amedeus Stockmanslei 39,2021-12-09,00:00:00,12,10,2,MOR02
543,Amedeus Stockmanslei 39,2021-12-09,01:00:00,3,3,0,MOR02
543,Amedeus Stockmanslei 39,2021-12-09,02:00:00,2,2,0,MOR02
543,Amedeus Stockmanslei 39,2021-12-09,03:00:00,5,4,1,MOR02
543,Amedeus Stockmanslei 39,2021-12-09,04:00:00,11,11,0,MOR02
543,Amedeus Stockmanslei 39,2021-12-09,05:00:00,11,9,2,MOR02
543,Amedeus Stockmanslei 39,2021-12-09,06:00:00,29,24,5,MOR02
543,Amedeus Stockmanslei 39,2021-12-09,07:00:00,74,72,2,MOR02
543,Amedeus Stockmanslei 39,2021-12-09,08:00:00,119,117,2,MOR02
543,Amedeus Stockmanslei 39,2021-12-09,09:00:00,47,43,4,MOR02
543,Amedeus Stockmanslei 39,2021-12-09,10:00:00,53,44,9,MOR02
543,Amedeus Stockmanslei 39,2021-12-09,11:00:00,45,41,4,MOR02
543,Amedeus Stockmanslei 39,2021-12-09,12:00:00,93,92,1,MOR02
543,Amedeus Stockmanslei 39,2021-12-09,13:00:00,66,61,5,MOR02
543,Amedeus Stockmanslei 39,2021-12-09,14:00:00,88,83,5,MOR02
543,Amedeus Stockmanslei 39,2021-12-09,15:00:00,125,122,3,MOR02
543,Amedeus Stockmanslei 39,2021-12-09,16:00:00,177,173,4,MOR02
543,Amedeus Stockmanslei 39,2021-12-09,17:00:00,182,182,0,MOR02
543,Amedeus Stockmanslei 39,2021-12-09,18:00:00,124,120,4,MOR02
543,Amedeus Stockmanslei 39,2021-12-09,19:00:00,59,57,2,MOR02
543,Amedeus Stockmanslei 39,2021-12-09,20:00:00,36,35,1,MOR02
543,Amedeus Stockmanslei 39,2021-12-09,21:00:00,28,24,4,MOR02
543,Amedeus Stockmanslei 39,2021-12-09,22:00:00,37,35,2,MOR02
543,Amedeus Stockmanslei 39,2021-12-09,23:00:00,38,29,9,MOR02
543,Amedeus Stockmanslei 39,2021-12-10,00:00:00,12,11,1,MOR02
543,Amedeus Stockmanslei 39,2021-12-10,01:00:00,8,8,0,MOR02
543,Amedeus Stockmanslei 39,2021-12-10,02:00:00,7,7,0,MOR02
543,Amedeus Stockmanslei 39,2021-12-10,03:00:00,2,2,0,MOR02
543,Amedeus Stockmanslei 39,2021-12-10,04:00:00,9,6,3,MOR02
543,Amedeus Stockmanslei 39,2021-12-10,05:00:00,9,8,1,MOR02
543,Amedeus Stockmanslei 39,2021-12-10,06:00:00,21,18,3,MOR02
543,Amedeus Stockmanslei 39,2021-12-10,07:00:00,61,60,1,MOR02
543,Amedeus Stockmanslei 39,2021-12-10,08:00:00,112,111,1,MOR02
543,Amedeus Stockmanslei 39,2021-12-10,09:00:00,40,35,5,MOR02
543,Amedeus Stockmanslei 39,2021-12-10,10:00:00,37,34,3,MOR02
543,Amedeus Stockmanslei 39,2021-12-10,11:00:00,39,36,3,MOR02
543,Amedeus Stockmanslei 39,2021-12-10,12:00:00,76,70,6,MOR02
543,Amedeus Stockmanslei 39,2021-12-10,13:00:00,48,47,1,MOR02
543,Amedeus Stockmanslei 39,2021-12-10,14:00:00,57,52,5,MOR02
543,Amedeus Stockmanslei 39,2021-12-10,15:00:00,96,92,4,MOR02
543,Amedeus Stockmanslei 39,2021-12-10,16:00:00,136,132,4,MOR02
543,Amedeus Stockmanslei 39,2021-12-10,17:00:00,112,105,7,MOR02
543,Amedeus Stockmanslei 39,2021-12-10,18:00:00,90,82,8,MOR02
543,Amedeus Stockmanslei 39,2021-12-10,19:00:00,36,36,0,MOR02
543,Amedeus Stockmanslei 39,2021-12-10,20:00:00,40,37,3,MOR02
543,Amedeus Stockmanslei 39,2021-12-10,21:00:00,15,14,1,MOR02
543,Amedeus Stockmanslei 39,2021-12-10,22:00:00,16,11,5,MOR02
543,Amedeus Stockmanslei 39,2021-12-10,23:00:00,25,21,4,MOR02
543,Amedeus Stockmanslei 39,2021-12-11,00:00:00,22,21,1,MOR02
543,Amedeus Stockmanslei 39,2021-12-11,01:00:00,16,15,1,MOR02
543,Amedeus Stockmanslei 39,2021-12-11,02:00:00,12,11,1,MOR02
543,Amedeus Stockmanslei 39,2021-12-11,03:00:00,8,7,1,MOR02
543,Amedeus Stockmanslei 39,2021-12-11,04:00:00,7,5,2,MOR02
543,Amedeus Stockmanslei 39,2021-12-11,05:00:00,9,8,1,MOR02
543,Amedeus Stockmanslei 39,2021-12-11,06:00:00,10,10,0,MOR02
543,Amedeus Stockmanslei 39,2021-12-11,07:00:00,9,8,1,MOR02
543,Amedeus Stockmanslei 39,2021-12-11,08:00:00,23,19,4,MOR02
543,Amedeus Stockmanslei 39,2021-12-11,09:00:00,44,43,1,MOR02
543,Amedeus Stockmanslei 39,2021-12-11,10:00:00,77,72,5,MOR02
543,Amedeus Stockmanslei 39,2021-12-11,11:00:00,67,66,1,MOR02
543,Amedeus Stockmanslei 39,2021-12-11,12:00:00,90,78,12,MOR02
543,Amedeus Stockmanslei 39,2021-12-11,13:00:00,96,88,8,MOR02
543,Amedeus Stockmanslei 39,2021-12-11,14:00:00,107,98,9,MOR02
543,Amedeus Stockmanslei 39,2021-12-11,15:00:00,77,72,5,MOR02
543,Amedeus Stockmanslei 39,2021-12-11,16:00:00,104,90,14,MOR02
543,Amedeus Stockmanslei 39,2021-12-11,17:00:00,75,62,13,MOR02
543,Amedeus Stockmanslei 39,2021-12-11,18:00:00,48,45,3,MOR02
543,Amedeus Stockmanslei 39,2021-12-11,19:00:00,49,45,4,MOR02
543,Amedeus Stockmanslei 39,2021-12-11,20:00:00,25,20,5,MOR02
543,Amedeus Stockmanslei 39,2021-12-11,21:00:00,48,24,24,MOR02
543,Amedeus Stockmanslei 39,2021-12-11,22:00:00,27,24,3,MOR02
543,Amedeus Stockmanslei 39,2021-12-11,23:00:00,35,21,14,MOR02
543,Amedeus Stockmanslei 39,2021-12-12,00:00:00,19,18,1,MOR02
543,Amedeus Stockmanslei 39,2021-12-12,01:00:00,17,11,6,MOR02
543,Amedeus Stockmanslei 39,2021-12-12,02:00:00,15,12,3,MOR02
543,Amedeus Stockmanslei 39,2021-12-12,03:00:00,14,12,2,MOR02
543,Amedeus Stockmanslei 39,2021-12-12,04:00:00,7,4,3,MOR02
543,Amedeus Stockmanslei 39,2021-12-12,05:00:00,4,4,0,MOR02
543,Amedeus Stockmanslei 39,2021-12-12,06:00:00,5,4,1,MOR02
543,Amedeus Stockmanslei 39,2021-12-12,07:00:00,4,3,1,MOR02
543,Amedeus Stockmanslei 39,2021-12-12,08:00:00,11,11,0,MOR02
543,Amedeus Stockmanslei 39,2021-12-12,09:00:00,26,26,0,MOR02
543,Amedeus Stockmanslei 39,2021-12-12,10:00:00,36,32,4,MOR02
543,Amedeus Stockmanslei 39,2021-12-12,11:00:00,41,38,3,MOR02
543,Amedeus Stockmanslei 39,2021-12-12,12:00:00,49,44,5,MOR02
543,Amedeus Stockmanslei 39,2021-12-12,13:00:00,50,42,8,MOR02
543,Amedeus Stockmanslei 39,2021-12-12,14:00:00,61,53,8,MOR02
543,Amedeus Stockmanslei 39,2021-12-12,15:00:00,48,42,6,MOR02
543,Amedeus Stockmanslei 39,2021-12-12,16:00:00,71,68,3,MOR02
543,Amedeus Stockmanslei 39,2021-12-12,17:00:00,49,42,7,MOR02
543,Amedeus Stockmanslei 39,2021-12-12,18:00:00,36,30,6,MOR02
543,Amedeus Stockmanslei 39,2021-12-12,19:00:00,22,18,4,MOR02
543,Amedeus Stockmanslei 39,2021-12-12,20:00:00,18,14,4,MOR02
543,Amedeus Stockmanslei 39,2021-12-12,21:00:00,17,16,1,MOR02
543,Amedeus Stockmanslei 39,2021-12-12,22:00:00,11,9,2,MOR02
543,Amedeus Stockmanslei 39,2021-12-12,23:00:00,5,3,2,MOR02
543,Amedeus Stockmanslei 39,2021-12-13,00:00:00,4,3,1,MOR02
543,Amedeus Stockmanslei 39,2021-12-13,01:00:00,1,0,1,MOR02
543,Amedeus Stockmanslei 39,2021-12-13,02:00:00,0,0,0,MOR02
543,Amedeus Stockmanslei 39,2021-12-13,03:00:00,1,1,0,MOR02
543,Amedeus Stockmanslei 39,2021-12-13,04:00:00,7,3,4,MOR02
543,Amedeus Stockmanslei 39,2021-12-13,05:00:00,8,5,3,MOR02
543,Amedeus Stockmanslei 39,2021-12-13,06:00:00,27,26,1,MOR02
543,Amedeus Stockmanslei 39,2021-12-13,07:00:00,94,92,2,MOR02
543,Amedeus Stockmanslei 39,2021-12-13,08:00:00,115,114,1,MOR02
543,Amedeus Stockmanslei 39,2021-12-13,09:00:00,65,61,4,MOR02
543,Amedeus Stockmanslei 39,2021-12-13,10:00:00,50,47,3,MOR02
543,Amedeus Stockmanslei 39,2021-12-13,11:00:00,63,57,6,MOR02
543,Amedeus Stockmanslei 39,2021-12-13,12:00:00,128,123,5,MOR02
543,Amedeus Stockmanslei 39,2021-12-13,13:00:00,87,82,5,MOR02
543,Amedeus Stockmanslei 39,2021-12-13,14:00:00,103,96,7,MOR02
543,Amedeus Stockmanslei 39,2021-12-13,15:00:00,131,130,1,MOR02
543,Amedeus Stockmanslei 39,2021-12-13,16:00:00,201,197,4,MOR02
543,Amedeus Stockmanslei 39,2021-12-13,17:00:00,205,201,4,MOR02
543,Amedeus Stockmanslei 39,2021-12-13,18:00:00,135,130,5,MOR02
543,Amedeus Stockmanslei 39,2021-12-13,19:00:00,63,57,6,MOR02
543,Amedeus Stockmanslei 39,2021-12-13,20:00:00,38,37,1,MOR02
543,Amedeus Stockmanslei 39,2021-12-13,21:00:00,38,36,2,MOR02
543,Amedeus Stockmanslei 39,2021-12-13,22:00:00,26,23,3,MOR02
543,Amedeus Stockmanslei 39,2021-12-13,23:00:00,19,15,4,MOR02
543,Amedeus Stockmanslei 39,2021-12-14,00:00:00,7,7,0,MOR02
543,Amedeus Stockmanslei 39,2021-12-14,01:00:00,3,2,1,MOR02
543,Amedeus Stockmanslei 39,2021-12-14,02:00:00,1,1,0,MOR02
543,Amedeus Stockmanslei 39,2021-12-14,03:00:00,1,1,0,MOR02
543,Amedeus Stockmanslei 39,2021-12-14,04:00:00,9,5,4,MOR02
543,Amedeus Stockmanslei 39,2021-12-14,05:00:00,13,9,4,MOR02
543,Amedeus Stockmanslei 39,2021-12-14,06:00:00,29,29,0,MOR02
543,Amedeus Stockmanslei 39,2021-12-14,07:00:00,87,85,2,MOR02
543,Amedeus Stockmanslei 39,2021-12-14,08:00:00,157,152,5,MOR02
543,Amedeus Stockmanslei 39,2021-12-14,09:00:00,50,45,5,MOR02
543,Amedeus Stockmanslei 39,2021-12-14,10:00:00,57,53,4,MOR02
543,Amedeus Stockmanslei 39,2021-12-14,11:00:00,61,57,4,MOR02
543,Amedeus Stockmanslei 39,2021-12-14,12:00:00,87,85,2,MOR02
543,Amedeus Stockmanslei 39,2021-12-14,13:00:00,91,89,2,MOR02
543,Amedeus Stockmanslei 39,2021-12-14,14:00:00,85,80,5,MOR02
543,Amedeus Stockmanslei 39,2021-12-14,15:00:00,135,128,7,MOR02
543,Amedeus Stockmanslei 39,2021-12-14,16:00:00,211,209,2,MOR02
543,Amedeus Stockmanslei 39,2021-12-14,17:00:00,222,216,6,MOR02
543,Amedeus Stockmanslei 39,2021-12-14,18:00:00,162,161,1,MOR02
543,Amedeus Stockmanslei 39,2021-12-14,19:00:00,79,74,5,MOR02
543,Amedeus Stockmanslei 39,2021-12-14,20:00:00,57,55,2,MOR02
543,Amedeus Stockmanslei 39,2021-12-14,21:00:00,26,22,4,MOR02
543,Amedeus Stockmanslei 39,2021-12-14,22:00:00,49,47,2,MOR02
543,Amedeus Stockmanslei 39,2021-12-14,23:00:00,17,16,1,MOR02
543,Amedeus Stockmanslei 39,2021-12-15,00:00:00,12,12,0,MOR02
543,Amedeus Stockmanslei 39,2021-12-15,01:00:00,1,0,1,MOR02
543,Amedeus Stockmanslei 39,2021-12-15,02:00:00,2,2,0,MOR02
543,Amedeus Stockmanslei 39,2021-12-15,03:00:00,1,1,0,MOR02
543,Amedeus Stockmanslei 39,2021-12-15,04:00:00,11,8,3,MOR02
543,Amedeus Stockmanslei 39,2021-12-15,05:00:00,13,10,3,MOR02
543,Amedeus Stockmanslei 39,2021-12-15,06:00:00,27,27,0,MOR02
543,Amedeus Stockmanslei 39,2021-12-15,07:00:00,81,77,4,MOR02
543,Amedeus Stockmanslei 39,2021-12-15,08:00:00,144,141,3,MOR02
543,Amedeus Stockmanslei 39,2021-12-15,09:00:00,73,71,2,MOR02
543,Amedeus Stockmanslei 39,2021-12-15,10:00:00,80,68,12,MOR02
543,Amedeus Stockmanslei 39,2021-12-15,11:00:00,73,70,3,MOR02
543,Amedeus Stockmanslei 39,2021-12-15,12:00:00,126,120,6,MOR02
543,Amedeus Stockmanslei 39,2021-12-15,13:00:00,123,121,2,MOR02
543,Amedeus Stockmanslei 39,2021-12-15,14:00:00,110,102,8,MOR02
543,Amedeus Stockmanslei 39,2021-12-15,15:00:00,114,109,5,MOR02
543,Amedeus Stockmanslei 39,2021-12-15,16:00:00,163,162,1,MOR02
543,Amedeus Stockmanslei 39,2021-12-15,17:00:00,161,157,4,MOR02
543,Amedeus Stockmanslei 39,2021-12-15,18:00:00,137,132,5,MOR02
543,Amedeus Stockmanslei 39,2021-12-15,19:00:00,73,69,4,MOR02
543,Amedeus Stockmanslei 39,2021-12-15,20:00:00,40,38,2,MOR02
543,Amedeus Stockmanslei 39,2021-12-15,21:00:00,29,27,2,MOR02
543,Amedeus Stockmanslei 39,2021-12-15,22:00:00,53,51,2,MOR02
543,Amedeus Stockmanslei 39,2021-12-15,23:00:00,32,26,6,MOR02
543,Amedeus Stockmanslei 39,2021-12-16,00:00:00,7,7,0,MOR02
543,Amedeus Stockmanslei 39,2021-12-16,01:00:00,2,1,1,MOR02
543,Amedeus Stockmanslei 39,2021-12-16,02:00:00,4,3,1,MOR02
543,Amedeus Stockmanslei 39,2021-12-16,03:00:00,2,2,0,MOR02
543,Amedeus Stockmanslei 39,2021-12-16,04:00:00,8,7,1,MOR02
543,Amedeus Stockmanslei 39,2021-12-16,05:00:00,15,10,5,MOR02
543,Amedeus Stockmanslei 39,2021-12-16,06:00:00,28,26,2,MOR02
543,Amedeus Stockmanslei 39,2021-12-16,07:00:00,85,82,3,MOR02
543,Amedeus Stockmanslei 39,2021-12-16,08:00:00,154,153,1,MOR02
543,Amedeus Stockmanslei 39,2021-12-16,09:00:00,68,65,3,MOR02
543,Amedeus Stockmanslei 39,2021-12-16,10:00:00,64,56,8,MOR02
543,Amedeus Stockmanslei 39,2021-12-16,11:00:00,68,67,1,MOR02
543,Amedeus Stockmanslei 39,2021-12-16,12:00:00,127,116,11,MOR02
543,Amedeus Stockmanslei 39,2021-12-16,13:00:00,97,90,7,MOR02
543,Amedeus Stockmanslei 39,2021-12-16,14:00:00,107,102,5,MOR02
543,Amedeus Stockmanslei 39,2021-12-16,15:00:00,168,164,4,MOR02
543,Amedeus Stockmanslei 39,2021-12-16,16:00:00,228,221,7,MOR02
543,Amedeus Stockmanslei 39,2021-12-16,17:00:00,206,202,4,MOR02
543,Amedeus Stockmanslei 39,2021-12-16,18:00:00,152,145,7,MOR02
543,Amedeus Stockmanslei 39,2021-12-16,19:00:00,91,85,6,MOR02
543,Amedeus Stockmanslei 39,2021-12-16,20:00:00,58,54,4,MOR02
543,Amedeus Stockmanslei 39,2021-12-16,21:00:00,51,46,5,MOR02
543,Amedeus Stockmanslei 39,2021-12-16,22:00:00,51,47,4,MOR02
543,Amedeus Stockmanslei 39,2021-12-16,23:00:00,28,28,0,MOR02
543,Amedeus Stockmanslei 39,2021-12-17,00:00:00,10,9,1,MOR02
543,Amedeus Stockmanslei 39,2021-12-17,01:00:00,8,8,0,MOR02
543,Amedeus Stockmanslei 39,2021-12-17,02:00:00,6,6,0,MOR02
543,Amedeus Stockmanslei 39,2021-12-17,03:00:00,4,3,1,MOR02
543,Amedeus Stockmanslei 39,2021-12-17,04:00:00,11,10,1,MOR02
543,Amedeus Stockmanslei 39,2021-12-17,05:00:00,9,5,4,MOR02
543,Amedeus Stockmanslei 39,2021-12-17,06:00:00,23,22,1,MOR02
543,Amedeus Stockmanslei 39,2021-12-17,07:00:00,70,66,4,MOR02
543,Amedeus Stockmanslei 39,2021-12-17,08:00:00,131,125,6,MOR02
543,Amedeus Stockmanslei 39,2021-12-17,09:00:00,67,64,3,MOR02
543,Amedeus Stockmanslei 39,2021-12-17,10:00:00,72,64,8,MOR02
543,Amedeus Stockmanslei 39,2021-12-17,11:00:00,72,67,5,MOR02
543,Amedeus Stockmanslei 39,2021-12-17,12:00:00,118,113,5,MOR02
543,Amedeus Stockmanslei 39,2021-12-17,13:00:00,115,108,7,MOR02
543,Amedeus Stockmanslei 39,2021-12-17,14:00:00,105,98,7,MOR02
543,Amedeus Stockmanslei 39,2021-12-17,15:00:00,130,124,6,MOR02
543,Amedeus Stockmanslei 39,2021-12-17,16:00:00,182,176,6,MOR02
543,Amedeus Stockmanslei 39,2021-12-17,17:00:00,159,156,3,MOR02
543,Amedeus Stockmanslei 39,2021-12-17,18:00:00,124,118,6,MOR02
543,Amedeus Stockmanslei 39,2021-12-17,19:00:00,89,80,9,MOR02
543,Amedeus Stockmanslei 39,2021-12-17,20:00:00,45,43,2,MOR02
543,Amedeus Stockmanslei 39,2021-12-17,21:00:00,36,32,4,MOR02
543,Amedeus Stockmanslei 39,2021-12-17,22:00:00,49,37,12,MOR02
543,Amedeus Stockmanslei 39,2021-12-17,23:00:00,59,50,9,MOR02
543,Amedeus Stockmanslei 39,2021-12-18,00:00:00,37,35,2,MOR02
543,Amedeus Stockmanslei 39,2021-12-18,01:00:00,31,23,8,MOR02
543,Amedeus Stockmanslei 39,2021-12-18,02:00:00,19,17,2,MOR02
543,Amedeus Stockmanslei 39,2021-12-18,03:00:00,11,9,2,MOR02
543,Amedeus Stockmanslei 39,2021-12-18,04:00:00,4,4,0,MOR02
543,Amedeus Stockmanslei 39,2021-12-18,05:00:00,4,4,0,MOR02
543,Amedeus Stockmanslei 39,2021-12-18,06:00:00,9,9,0,MOR02
543,Amedeus Stockmanslei 39,2021-12-18,07:00:00,13,11,2,MOR02
543,Amedeus Stockmanslei 39,2021-12-18,08:00:00,25,22,3,MOR02
543,Amedeus Stockmanslei 39,2021-12-18,09:00:00,50,50,0,MOR02
543,Amedeus Stockmanslei 39,2021-12-18,10:00:00,54,51,3,MOR02
543,Amedeus Stockmanslei 39,2021-12-18,11:00:00,71,67,4,MOR02
543,Amedeus Stockmanslei 39,2021-12-18,12:00:00,100,89,11,MOR02
543,Amedeus Stockmanslei 39,2021-12-18,13:00:00,71,66,5,MOR02
543,Amedeus Stockmanslei 39,2021-12-18,14:00:00,94,86,8,MOR02
543,Amedeus Stockmanslei 39,2021-12-18,15:00:00,78,75,3,MOR02
543,Amedeus Stockmanslei 39,2021-12-18,16:00:00,99,89,10,MOR02
543,Amedeus Stockmanslei 39,2021-12-18,17:00:00,76,68,8,MOR02
543,Amedeus Stockmanslei 39,2021-12-18,18:00:00,64,57,7,MOR02
543,Amedeus Stockmanslei 39,2021-12-18,19:00:00,50,41,9,MOR02
543,Amedeus Stockmanslei 39,2021-12-18,20:00:00,34,27,7,MOR02
543,Amedeus Stockmanslei 39,2021-12-18,21:00:00,26,24,2,MOR02
543,Amedeus Stockmanslei 39,2021-12-18,22:00:00,36,34,2,MOR02
543,Amedeus Stockmanslei 39,2021-12-18,23:00:00,44,41,3,MOR02
543,Amedeus Stockmanslei 39,2021-12-19,00:00:00,26,25,1,MOR02
543,Amedeus Stockmanslei 39,2021-12-19,01:00:00,20,19,1,MOR02
543,Amedeus Stockmanslei 39,2021-12-19,02:00:00,6,4,2,MOR02
543,Amedeus Stockmanslei 39,2021-12-19,03:00:00,7,7,0,MOR02
543,Amedeus Stockmanslei 39,2021-12-19,04:00:00,4,3,1,MOR02
543,Amedeus Stockmanslei 39,2021-12-19,05:00:00,6,6,0,MOR02
543,Amedeus Stockmanslei 39,2021-12-19,06:00:00,4,4,0,MOR02
543,Amedeus Stockmanslei 39,2021-12-19,07:00:00,6,5,1,MOR02
543,Amedeus Stockmanslei 39,2021-12-19,08:00:00,16,15,1,MOR02
543,Amedeus Stockmanslei 39,2021-12-19,09:00:00,61,57,4,MOR02
543,Amedeus Stockmanslei 39,2021-12-19,10:00:00,56,50,6,MOR02
543,Amedeus Stockmanslei 39,2021-12-19,11:00:00,55,53,2,MOR02
543,Amedeus Stockmanslei 39,2021-12-19,12:00:00,64,58,6,MOR02
543,Amedeus Stockmanslei 39,2021-12-19,13:00:00,80,76,4,MOR02
543,Amedeus Stockmanslei 39,2021-12-19,14:00:00,85,78,7,MOR02
543,Amedeus Stockmanslei 39,2021-12-19,15:00:00,85,77,8,MOR02
543,Amedeus Stockmanslei 39,2021-12-19,16:00:00,58,47,11,MOR02
543,Amedeus Stockmanslei 39,2021-12-19,17:00:00,71,68,3,MOR02
543,Amedeus Stockmanslei 39,2021-12-19,18:00:00,35,30,5,MOR02
543,Amedeus Stockmanslei 39,2021-12-19,19:00:00,39,34,5,MOR02
543,Amedeus Stockmanslei 39,2021-12-19,20:00:00,13,12,1,MOR02
543,Amedeus Stockmanslei 39,2021-12-19,21:00:00,21,19,2,MOR02
543,Amedeus Stockmanslei 39,2021-12-19,22:00:00,22,18,4,MOR02
543,Amedeus Stockmanslei 39,2021-12-19,23:00:00,20,18,2,MOR02
543,Amedeus Stockmanslei 39,2021-12-20,00:00:00,8,6,2,MOR02
543,Amedeus Stockmanslei 39,2021-12-20,01:00:00,5,4,1,MOR02
543,Amedeus Stockmanslei 39,2021-12-20,02:00:00,4,2,2,MOR02
543,Amedeus Stockmanslei 39,2021-12-20,03:00:00,2,2,0,MOR02
543,Amedeus Stockmanslei 39,2021-12-20,04:00:00,8,7,1,MOR02
543,Amedeus Stockmanslei 39,2021-12-20,05:00:00,11,11,0,MOR02
543,Amedeus Stockmanslei 39,2021-12-20,06:00:00,24,23,1,MOR02
543,Amedeus Stockmanslei 39,2021-12-20,07:00:00,75,72,3,MOR02
543,Amedeus Stockmanslei 39,2021-12-20,08:00:00,98,93,5,MOR02
543,Amedeus Stockmanslei 39,2021-12-20,09:00:00,53,49,4,MOR02
543,Amedeus Stockmanslei 39,2021-12-20,10:00:00,47,44,3,MOR02
543,Amedeus Stockmanslei 39,2021-12-20,11:00:00,62,54,8,MOR02
543,Amedeus Stockmanslei 39,2021-12-20,12:00:00,90,87,3,MOR02
543,Amedeus Stockmanslei 39,2021-12-20,13:00:00,79,72,7,MOR02
543,Amedeus Stockmanslei 39,2021-12-20,14:00:00,88,81,7,MOR02
543,Amedeus Stockmanslei 39,2021-12-20,15:00:00,105,98,7,MOR02
543,Amedeus Stockmanslei 39,2021-12-20,16:00:00,146,145,1,MOR02
543,Amedeus Stockmanslei 39,2021-12-20,17:00:00,209,204,5,MOR02
543,Amedeus Stockmanslei 39,2021-12-20,18:00:00,136,129,7,MOR02
543,Amedeus Stockmanslei 39,2021-12-20,19:00:00,68,64,4,MOR02
543,Amedeus Stockmanslei 39,2021-12-20,20:00:00,39,37,2,MOR02
543,Amedeus Stockmanslei 39,2021-12-20,21:00:00,41,37,4,MOR02
543,Amedeus Stockmanslei 39,2021-12-20,22:00:00,25,24,1,MOR02
543,Amedeus Stockmanslei 39,2021-12-20,23:00:00,13,12,1,MOR02
543,Amedeus Stockmanslei 39,2021-12-21,00:00:00,8,8,0,MOR02
543,Amedeus Stockmanslei 39,2021-12-21,01:00:00,4,4,0,MOR02
543,Amedeus Stockmanslei 39,2021-12-21,02:00:00,1,1,0,MOR02
543,Amedeus Stockmanslei 39,2021-12-21,03:00:00,6,6,0,MOR02
543,Amedeus Stockmanslei 39,2021-12-21,04:00:00,8,7,1,MOR02
543,Amedeus Stockmanslei 39,2021-12-21,05:00:00,13,11,2,MOR02
543,Amedeus Stockmanslei 39,2021-12-21,06:00:00,28,25,3,MOR02
543,Amedeus Stockmanslei 39,2021-12-21,07:00:00,42,41,1,MOR02
543,Amedeus Stockmanslei 39,2021-12-21,08:00:00,89,87,2,MOR02
543,Amedeus Stockmanslei 39,2021-12-21,09:00:00,41,38,3,MOR02
543,Amedeus Stockmanslei 39,2021-12-21,10:00:00,51,46,5,MOR02
543,Amedeus Stockmanslei 39,2021-12-21,11:00:00,59,49,10,MOR02
543,Amedeus Stockmanslei 39,2021-12-21,12:00:00,112,105,7,MOR02
543,Amedeus Stockmanslei 39,2021-12-21,13:00:00,95,86,9,MOR02
543,Amedeus Stockmanslei 39,2021-12-21,14:00:00,76,70,6,MOR02
543,Amedeus Stockmanslei 39,2021-12-21,15:00:00,90,88,2,MOR02
543,Amedeus Stockmanslei 39,2021-12-21,16:00:00,170,164,6,MOR02
543,Amedeus Stockmanslei 39,2021-12-21,17:00:00,221,212,9,MOR02
543,Amedeus Stockmanslei 39,2021-12-21,18:00:00,126,123,3,MOR02
543,Amedeus Stockmanslei 39,2021-12-21,19:00:00,76,75,1,MOR02
543,Amedeus Stockmanslei 39,2021-12-21,20:00:00,35,34,1,MOR02
543,Amedeus Stockmanslei 39,2021-12-21,21:00:00,29,28,1,MOR02
543,Amedeus Stockmanslei 39,2021-12-21,22:00:00,42,42,0,MOR02
543,Amedeus Stockmanslei 39,2021-12-21,23:00:00,33,31,2,MOR02
543,Amedeus Stockmanslei 39,2021-12-22,00:00:00,13,13,0,MOR02
543,Amedeus Stockmanslei 39,2021-12-22,01:00:00,7,7,0,MOR02
543,Amedeus Stockmanslei 39,2021-12-22,02:00:00,4,4,0,MOR02
543,Amedeus Stockmanslei 39,2021-12-22,03:00:00,4,4,0,MOR02
543,Amedeus Stockmanslei 39,2021-12-22,04:00:00,4,3,1,MOR02
543,Amedeus Stockmanslei 39,2021-12-22,05:00:00,13,12,1,MOR02
543,Amedeus Stockmanslei 39,2021-12-22,06:00:00,17,17,0,MOR02
543,Amedeus Stockmanslei 39,2021-12-22,07:00:00,36,36,0,MOR02
543,Amedeus Stockmanslei 39,2021-12-22,08:00:00,59,58,1,MOR02
543,Amedeus Stockmanslei 39,2021-12-22,09:00:00,50,48,2,MOR02
543,Amedeus Stockmanslei 39,2021-12-22,10:00:00,62,59,3,MOR02
543,Amedeus Stockmanslei 39,2021-12-22,11:00:00,81,75,6,MOR02
543,Amedeus Stockmanslei 39,2021-12-22,12:00:00,73,66,7,MOR02
543,Amedeus Stockmanslei 39,2021-12-22,13:00:00,75,70,5,MOR02
543,Amedeus Stockmanslei 39,2021-12-22,14:00:00,78,71,7,MOR02
543,Amedeus Stockmanslei 39,2021-12-22,15:00:00,99,96,3,MOR02
543,Amedeus Stockmanslei 39,2021-12-22,16:00:00,124,118,6,MOR02
543,Amedeus Stockmanslei 39,2021-12-22,17:00:00,151,148,3,MOR02
543,Amedeus Stockmanslei 39,2021-12-22,18:00:00,106,104,2,MOR02
543,Amedeus Stockmanslei 39,2021-12-22,19:00:00,64,60,4,MOR02
543,Amedeus Stockmanslei 39,2021-12-22,20:00:00,42,40,2,MOR02
543,Amedeus Stockmanslei 39,2021-12-22,21:00:00,36,33,3,MOR02
543,Amedeus Stockmanslei 39,2021-12-22,22:00:00,33,29,4,MOR02
543,Amedeus Stockmanslei 39,2021-12-22,23:00:00,32,28,4,MOR02
543,Amedeus Stockmanslei 39,2021-12-23,00:00:00,18,15,3,MOR02
543,Amedeus Stockmanslei 39,2021-12-23,01:00:00,2,2,0,MOR02
543,Amedeus Stockmanslei 39,2021-12-23,02:00:00,1,1,0,MOR02
543,Amedeus Stockmanslei 39,2021-12-23,03:00:00,2,2,0,MOR02
543,Amedeus Stockmanslei 39,2021-12-23,04:00:00,9,6,3,MOR02
543,Amedeus Stockmanslei 39,2021-12-23,05:00:00,9,8,1,MOR02
543,Amedeus Stockmanslei 39,2021-12-23,06:00:00,20,19,1,MOR02
543,Amedeus Stockmanslei 39,2021-12-23,07:00:00,36,34,2,MOR02
543,Amedeus Stockmanslei 39,2021-12-23,08:00:00,89,87,2,MOR02
543,Amedeus Stockmanslei 39,2021-12-23,09:00:00,69,64,5,MOR02
543,Amedeus Stockmanslei 39,2021-12-23,10:00:00,55,47,8,MOR02
543,Amedeus Stockmanslei 39,2021-12-23,11:00:00,69,63,6,MOR02
543,Amedeus Stockmanslei 39,2021-12-23,12:00:00,103,97,6,MOR02
543,Amedeus Stockmanslei 39,2021-12-23,13:00:00,73,68,5,MOR02
543,Amedeus Stockmanslei 39,2021-12-23,14:00:00,84,79,5,MOR02
543,Amedeus Stockmanslei 39,2021-12-23,15:00:00,112,104,8,MOR02
543,Amedeus Stockmanslei 39,2021-12-23,16:00:00,170,163,7,MOR02
543,Amedeus Stockmanslei 39,2021-12-23,17:00:00,127,123,4,MOR02
543,Amedeus Stockmanslei 39,2021-12-23,18:00:00,101,96,5,MOR02
543,Amedeus Stockmanslei 39,2021-12-23,19:00:00,80,72,8,MOR02
543,Amedeus Stockmanslei 39,2021-12-23,20:00:00,59,56,3,MOR02
543,Amedeus Stockmanslei 39,2021-12-23,21:00:00,28,22,6,MOR02
543,Amedeus Stockmanslei 39,2021-12-23,22:00:00,35,28,7,MOR02
543,Amedeus Stockmanslei 39,2021-12-23,23:00:00,47,39,8,MOR02
543,Amedeus Stockmanslei 39,2021-12-24,00:00:00,18,17,1,MOR02
543,Amedeus Stockmanslei 39,2021-12-24,01:00:00,8,7,1,MOR02
543,Amedeus Stockmanslei 39,2021-12-24,02:00:00,12,11,1,MOR02
543,Amedeus Stockmanslei 39,2021-12-24,03:00:00,10,10,0,MOR02
543,Amedeus Stockmanslei 39,2021-12-24,04:00:00,4,3,1,MOR02
543,Amedeus Stockmanslei 39,2021-12-24,05:00:00,12,10,2,MOR02
543,Amedeus Stockmanslei 39,2021-12-24,06:00:00,11,7,4,MOR02
543,Amedeus Stockmanslei 39,2021-12-24,07:00:00,25,24,1,MOR02
543,Amedeus Stockmanslei 39,2021-12-24,08:00:00,44,42,2,MOR02
543,Amedeus Stockmanslei 39,2021-12-24,09:00:00,52,52,0,MOR02
543,Amedeus Stockmanslei 39,2021-12-24,10:00:00,63,60,3,MOR02
543,Amedeus Stockmanslei 39,2021-12-24,11:00:00,86,80,6,MOR02
543,Amedeus Stockmanslei 39,2021-12-24,12:00:00,111,104,7,MOR02
543,Amedeus Stockmanslei 39,2021-12-24,13:00:00,74,68,6,MOR02
543,Amedeus Stockmanslei 39,2021-12-24,14:00:00,97,90,7,MOR02
543,Amedeus Stockmanslei 39,2021-12-24,15:00:00,107,100,7,MOR02
543,Amedeus Stockmanslei 39,2021-12-24,16:00:00,95,92,3,MOR02
543,Amedeus Stockmanslei 39,2021-12-24,17:00:00,77,76,1,MOR02
543,Amedeus Stockmanslei 39,2021-12-24,18:00:00,45,41,4,MOR02
543,Amedeus Stockmanslei 39,2021-12-24,19:00:00,14,14,0,MOR02
543,Amedeus Stockmanslei 39,2021-12-24,20:00:00,6,5,1,MOR02
543,Amedeus Stockmanslei 39,2021-12-24,21:00:00,3,2,1,MOR02
543,Amedeus Stockmanslei 39,2021-12-24,22:00:00,11,8,3,MOR02
543,Amedeus Stockmanslei 39,2021-12-24,23:00:00,11,5,6,MOR02
543,Amedeus Stockmanslei 39,2021-12-25,00:00:00,19,13,6,MOR02
543,Amedeus Stockmanslei 39,2021-12-25,01:00:00,8,4,4,MOR02
543,Amedeus Stockmanslei 39,2021-12-25,02:00:00,2,2,0,MOR02
543,Amedeus Stockmanslei 39,2021-12-25,03:00:00,6,3,3,MOR02
543,Amedeus Stockmanslei 39,2021-12-25,04:00:00,1,1,0,MOR02
543,Amedeus Stockmanslei 39,2021-12-25,05:00:00,2,2,0,MOR02
543,Amedeus Stockmanslei 39,2021-12-25,06:00:00,5,5,0,MOR02
543,Amedeus Stockmanslei 39,2021-12-25,07:00:00,5,5,0,MOR02
543,Amedeus Stockmanslei 39,2021-12-25,08:00:00,3,1,2,MOR02
543,Amedeus Stockmanslei 39,2021-12-25,09:00:00,13,12,1,MOR02
543,Amedeus Stockmanslei 39,2021-12-25,10:00:00,20,18,2,MOR02
543,Amedeus Stockmanslei 39,2021-12-25,11:00:00,29,28,1,MOR02
543,Amedeus Stockmanslei 39,2021-12-25,12:00:00,50,47,3,MOR02
543,Amedeus Stockmanslei 39,2021-12-25,13:00:00,34,33,1,MOR02
543,Amedeus Stockmanslei 39,2021-12-25,14:00:00,35,31,4,MOR02
543,Amedeus Stockmanslei 39,2021-12-25,15:00:00,45,43,2,MOR02
543,Amedeus Stockmanslei 39,2021-12-25,16:00:00,31,30,1,MOR02
543,Amedeus Stockmanslei 39,2021-12-25,17:00:00,32,25,7,MOR02
543,Amedeus Stockmanslei 39,2021-12-25,18:00:00,10,9,1,MOR02
543,Amedeus Stockmanslei 39,2021-12-25,19:00:00,13,13,0,MOR02
543,Amedeus Stockmanslei 39,2021-12-25,20:00:00,15,11,4,MOR02
543,Amedeus Stockmanslei 39,2021-12-25,21:00:00,10,6,4,MOR02
543,Amedeus Stockmanslei 39,2021-12-25,22:00:00,21,13,8,MOR02
543,Amedeus Stockmanslei 39,2021-12-25,23:00:00,11,7,4,MOR02
543,Amedeus Stockmanslei 39,2021-12-26,00:00:00,9,9,0,MOR02
543,Amedeus Stockmanslei 39,2021-12-26,01:00:00,6,4,2,MOR02
543,Amedeus Stockmanslei 39,2021-12-26,02:00:00,1,0,1,MOR02
543,Amedeus Stockmanslei 39,2021-12-26,03:00:00,2,1,1,MOR02
543,Amedeus Stockmanslei 39,2021-12-26,04:00:00,0,0,0,MOR02
543,Amedeus Stockmanslei 39,2021-12-26,05:00:00,7,6,1,MOR02
543,Amedeus Stockmanslei 39,2021-12-26,06:00:00,7,7,0,MOR02
543,Amedeus Stockmanslei 39,2021-12-26,07:00:00,8,7,1,MOR02
543,Amedeus Stockmanslei 39,2021-12-26,08:00:00,9,9,0,MOR02
543,Amedeus Stockmanslei 39,2021-12-26,09:00:00,18,17,1,MOR02
543,Amedeus Stockmanslei 39,2021-12-26,10:00:00,30,28,2,MOR02
543,Amedeus Stockmanslei 39,2021-12-26,11:00:00,45,40,5,MOR02
543,Amedeus Stockmanslei 39,2021-12-26,12:00:00,54,47,7,MOR02
543,Amedeus Stockmanslei 39,2021-12-26,13:00:00,63,61,2,MOR02
543,Amedeus Stockmanslei 39,2021-12-26,14:00:00,57,50,7,MOR02
543,Amedeus Stockmanslei 39,2021-12-26,15:00:00,31,27,4,MOR02
543,Amedeus Stockmanslei 39,2021-12-26,16:00:00,26,22,4,MOR02
543,Amedeus Stockmanslei 39,2021-12-26,17:00:00,34,29,5,MOR02
543,Amedeus Stockmanslei 39,2021-12-26,18:00:00,22,19,3,MOR02
543,Amedeus Stockmanslei 39,2021-12-26,19:00:00,14,12,2,MOR02
543,Amedeus Stockmanslei 39,2021-12-26,20:00:00,11,11,0,MOR02
543,Amedeus Stockmanslei 39,2021-12-26,21:00:00,7,5,2,MOR02
543,Amedeus Stockmanslei 39,2021-12-26,22:00:00,8,7,1,MOR02
543,Amedeus Stockmanslei 39,2021-12-26,23:00:00,7,4,3,MOR02
543,Amedeus Stockmanslei 39,2021-12-27,00:00:00,6,4,2,MOR02
543,Amedeus Stockmanslei 39,2021-12-27,01:00:00,3,3,0,MOR02
543,Amedeus Stockmanslei 39,2021-12-27,02:00:00,2,2,0,MOR02
543,Amedeus Stockmanslei 39,2021-12-27,03:00:00,3,2,1,MOR02
543,Amedeus Stockmanslei 39,2021-12-27,04:00:00,11,9,2,MOR02
543,Amedeus Stockmanslei 39,2021-12-27,05:00:00,10,10,0,MOR02
543,Amedeus Stockmanslei 39,2021-12-27,06:00:00,12,11,1,MOR02
543,Amedeus Stockmanslei 39,2021-12-27,07:00:00,28,26,2,MOR02
543,Amedeus Stockmanslei 39,2021-12-27,08:00:00,24,23,1,MOR02
543,Amedeus Stockmanslei 39,2021-12-27,09:00:00,24,23,1,MOR02
543,Amedeus Stockmanslei 39,2021-12-27,10:00:00,46,42,4,MOR02
543,Amedeus Stockmanslei 39,2021-12-27,11:00:00,62,52,10,MOR02
543,Amedeus Stockmanslei 39,2021-12-27,12:00:00,68,62,6,MOR02
543,Amedeus Stockmanslei 39,2021-12-27,13:00:00,51,47,4,MOR02
543,Amedeus Stockmanslei 39,2021-12-27,14:00:00,67,59,8,MOR02
543,Amedeus Stockmanslei 39,2021-12-27,15:00:00,58,55,3,MOR02
543,Amedeus Stockmanslei 39,2021-12-27,16:00:00,75,67,8,MOR02
543,Amedeus Stockmanslei 39,2021-12-27,17:00:00,79,78,1,MOR02
543,Amedeus Stockmanslei 39,2021-12-27,18:00:00,51,46,5,MOR02
543,Amedeus Stockmanslei 39,2021-12-27,19:00:00,42,37,5,MOR02
543,Amedeus Stockmanslei 39,2021-12-27,20:00:00,20,20,0,MOR02
543,Amedeus Stockmanslei 39,2021-12-27,21:00:00,13,8,5,MOR02
543,Amedeus Stockmanslei 39,2021-12-27,22:00:00,10,10,0,MOR02
543,Amedeus Stockmanslei 39,2021-12-27,23:00:00,21,18,3,MOR02
543,Amedeus Stockmanslei 39,2021-12-28,00:00:00,8,8,0,MOR02
543,Amedeus Stockmanslei 39,2021-12-28,01:00:00,4,3,1,MOR02
543,Amedeus Stockmanslei 39,2021-12-28,02:00:00,5,4,1,MOR02
543,Amedeus Stockmanslei 39,2021-12-28,03:00:00,0,0,0,MOR02
543,Amedeus Stockmanslei 39,2021-12-28,04:00:00,7,6,1,MOR02
543,Amedeus Stockmanslei 39,2021-12-28,05:00:00,8,6,2,MOR02
543,Amedeus Stockmanslei 39,2021-12-28,06:00:00,13,11,2,MOR02
543,Amedeus Stockmanslei 39,2021-12-28,07:00:00,21,21,0,MOR02
543,Amedeus Stockmanslei 39,2021-12-28,08:00:00,31,31,0,MOR02
543,Amedeus Stockmanslei 39,2021-12-28,09:00:00,37,36,1,MOR02
543,Amedeus Stockmanslei 39,2021-12-28,10:00:00,40,38,2,MOR02
543,Amedeus Stockmanslei 39,2021-12-28,11:00:00,35,32,3,MOR02
543,Amedeus Stockmanslei 39,2021-12-28,12:00:00,44,41,3,MOR02
543,Amedeus Stockmanslei 39,2021-12-28,13:00:00,37,31,6,MOR02
543,Amedeus Stockmanslei 39,2021-12-28,14:00:00,37,30,7,MOR02
543,Amedeus Stockmanslei 39,2021-12-28,15:00:00,51,46,5,MOR02
543,Amedeus Stockmanslei 39,2021-12-28,16:00:00,63,60,3,MOR02
543,Amedeus Stockmanslei 39,2021-12-28,17:00:00,81,78,3,MOR02
543,Amedeus Stockmanslei 39,2021-12-28,18:00:00,40,38,2,MOR02
543,Amedeus Stockmanslei 39,2021-12-28,19:00:00,46,41,5,MOR02
543,Amedeus Stockmanslei 39,2021-12-28,20:00:00,23,22,1,MOR02
543,Amedeus Stockmanslei 39,2021-12-28,21:00:00,27,23,4,MOR02
543,Amedeus Stockmanslei 39,2021-12-28,22:00:00,16,14,2,MOR02
543,Amedeus Stockmanslei 39,2021-12-28,23:00:00,23,20,3,MOR02
543,Amedeus Stockmanslei 39,2021-12-29,00:00:00,7,6,1,MOR02
543,Amedeus Stockmanslei 39,2021-12-29,01:00:00,4,2,2,MOR02
543,Amedeus Stockmanslei 39,2021-12-29,02:00:00,0,0,0,MOR02
543,Amedeus Stockmanslei 39,2021-12-29,03:00:00,3,2,1,MOR02
543,Amedeus Stockmanslei 39,2021-12-29,04:00:00,8,6,2,MOR02
543,Amedeus Stockmanslei 39,2021-12-29,05:00:00,10,10,0,MOR02
543,Amedeus Stockmanslei 39,2021-12-29,06:00:00,19,17,2,MOR02
543,Amedeus Stockmanslei 39,2021-12-29,07:00:00,17,17,0,MOR02
543,Amedeus Stockmanslei 39,2021-12-29,08:00:00,35,31,4,MOR02
543,Amedeus Stockmanslei 39,2021-12-29,09:00:00,52,49,3,MOR02
543,Amedeus Stockmanslei 39,2021-12-29,10:00:00,67,60,7,MOR02
543,Amedeus Stockmanslei 39,2021-12-29,11:00:00,58,56,2,MOR02
543,Amedeus Stockmanslei 39,2021-12-29,12:00:00,50,48,2,MOR02
543,Amedeus Stockmanslei 39,2021-12-29,13:00:00,58,54,4,MOR02
543,Amedeus Stockmanslei 39,2021-12-29,14:00:00,39,35,4,MOR02
543,Amedeus Stockmanslei 39,2021-12-29,15:00:00,58,54,4,MOR02
543,Amedeus Stockmanslei 39,2021-12-29,16:00:00,62,59,3,MOR02
543,Amedeus Stockmanslei 39,2021-12-29,17:00:00,95,89,6,MOR02
543,Amedeus Stockmanslei 39,2021-12-29,18:00:00,64,61,3,MOR02
543,Amedeus Stockmanslei 39,2021-12-29,19:00:00,31,26,5,MOR02
543,Amedeus Stockmanslei 39,2021-12-29,20:00:00,36,35,1,MOR02
543,Amedeus Stockmanslei 39,2021-12-29,21:00:00,26,22,4,MOR02
543,Amedeus Stockmanslei 39,2021-12-29,22:00:00,20,18,2,MOR02
543,Amedeus Stockmanslei 39,2021-12-29,23:00:00,23,19,4,MOR02
543,Amedeus Stockmanslei 39,2021-12-30,00:00:00,12,10,2,MOR02
543,Amedeus Stockmanslei 39,2021-12-30,01:00:00,5,3,2,MOR02
543,Amedeus Stockmanslei 39,2021-12-30,02:00:00,3,2,1,MOR02
543,Amedeus Stockmanslei 39,2021-12-30,03:00:00,2,1,1,MOR02
543,Amedeus Stockmanslei 39,2021-12-30,04:00:00,5,5,0,MOR02
543,Amedeus Stockmanslei 39,2021-12-30,05:00:00,11,10,1,MOR02
543,Amedeus Stockmanslei 39,2021-12-30,06:00:00,13,12,1,MOR02
543,Amedeus Stockmanslei 39,2021-12-30,07:00:00,20,19,1,MOR02
543,Amedeus Stockmanslei 39,2021-12-30,08:00:00,45,45,0,MOR02
543,Amedeus Stockmanslei 39,2021-12-30,09:00:00,45,40,5,MOR02
543,Amedeus Stockmanslei 39,2021-12-30,10:00:00,56,48,8,MOR02
543,Amedeus Stockmanslei 39,2021-12-30,11:00:00,57,53,4,MOR02
543,Amedeus Stockmanslei 39,2021-12-30,12:00:00,74,67,7,MOR02
543,Amedeus Stockmanslei 39,2021-12-30,13:00:00,66,62,4,MOR02
543,Amedeus Stockmanslei 39,2021-12-30,14:00:00,70,66,4,MOR02
543,Amedeus Stockmanslei 39,2021-12-30,15:00:00,92,88,4,MOR02
543,Amedeus Stockmanslei 39,2021-12-30,16:00:00,115,111,4,MOR02
543,Amedeus Stockmanslei 39,2021-12-30,17:00:00,106,100,6,MOR02
543,Amedeus Stockmanslei 39,2021-12-30,18:00:00,78,73,5,MOR02
543,Amedeus Stockmanslei 39,2021-12-30,19:00:00,44,40,4,MOR02
543,Amedeus Stockmanslei 39,2021-12-30,20:00:00,32,27,5,MOR02
543,Amedeus Stockmanslei 39,2021-12-30,21:00:00,20,20,0,MOR02
543,Amedeus Stockmanslei 39,2021-12-30,22:00:00,15,14,1,MOR02
543,Amedeus Stockmanslei 39,2021-12-30,23:00:00,22,20,2,MOR02
543,Amedeus Stockmanslei 39,2021-12-31,00:00:00,3,3,0,MOR02
543,Amedeus Stockmanslei 39,2021-12-31,01:00:00,5,4,1,MOR02
543,Amedeus Stockmanslei 39,2021-12-31,02:00:00,3,2,1,MOR02
543,Amedeus Stockmanslei 39,2021-12-31,03:00:00,2,1,1,MOR02
543,Amedeus Stockmanslei 39,2021-12-31,04:00:00,6,4,2,MOR02
543,Amedeus Stockmanslei 39,2021-12-31,05:00:00,6,6,0,MOR02
543,Amedeus Stockmanslei 39,2021-12-31,06:00:00,10,9,1,MOR02
543,Amedeus Stockmanslei 39,2021-12-31,07:00:00,14,12,2,MOR02
543,Amedeus Stockmanslei 39,2021-12-31,08:00:00,36,35,1,MOR02
543,Amedeus Stockmanslei 39,2021-12-31,09:00:00,42,38,4,MOR02
543,Amedeus Stockmanslei 39,2021-12-31,10:00:00,71,66,5,MOR02
543,Amedeus Stockmanslei 39,2021-12-31,11:00:00,70,66,4,MOR02
543,Amedeus Stockmanslei 39,2021-12-31,12:00:00,68,62,6,MOR02
543,Amedeus Stockmanslei 39,2021-12-31,13:00:00,79,73,6,MOR02
543,Amedeus Stockmanslei 39,2021-12-31,14:00:00,95,90,5,MOR02
543,Amedeus Stockmanslei 39,2021-12-31,15:00:00,88,79,9,MOR02
543,Amedeus Stockmanslei 39,2021-12-31,16:00:00,86,83,3,MOR02
543,Amedeus Stockmanslei 39,2021-12-31,17:00:00,81,75,6,MOR02
543,Amedeus Stockmanslei 39,2021-12-31,18:00:00,65,55,10,MOR02
543,Amedeus Stockmanslei 39,2021-12-31,19:00:00,31,24,7,MOR02
543,Amedeus Stockmanslei 39,2021-12-31,20:00:00,16,12,4,MOR02
543,Amedeus Stockmanslei 39,2021-12-31,21:00:00,10,8,2,MOR02
543,Amedeus Stockmanslei 39,2021-12-31,22:00:00,10,7,3,MOR02
543,Amedeus Stockmanslei 39,2021-12-31,23:00:00,16,10,6,MOR02
543,Amedeus Stockmanslei 39,2022-01-01,00:00:00,23,14,9,MOR02
543,Amedeus Stockmanslei 39,2022-01-01,01:00:00,33,18,15,MOR02
543,Amedeus Stockmanslei 39,2022-01-01,02:00:00,50,43,7,MOR02
543,Amedeus Stockmanslei 39,2022-01-01,03:00:00,59,52,7,MOR02
543,Amedeus Stockmanslei 39,2022-01-01,04:00:00,45,43,2,MOR02
543,Amedeus Stockmanslei 39,2022-01-01,05:00:00,29,26,3,MOR02
543,Amedeus Stockmanslei 39,2022-01-01,06:00:00,17,14,3,MOR02
543,Amedeus Stockmanslei 39,2022-01-01,07:00:00,10,10,0,MOR02
543,Amedeus Stockmanslei 39,2022-01-01,08:00:00,4,4,0,MOR02
543,Amedeus Stockmanslei 39,2022-01-01,09:00:00,12,11,1,MOR02
543,Amedeus Stockmanslei 39,2022-01-01,10:00:00,31,27,4,MOR02
543,Amedeus Stockmanslei 39,2022-01-01,11:00:00,46,41,5,MOR02
543,Amedeus Stockmanslei 39,2022-01-01,12:00:00,50,47,3,MOR02
543,Amedeus Stockmanslei 39,2022-01-01,13:00:00,81,75,6,MOR02
543,Amedeus Stockmanslei 39,2022-01-01,14:00:00,95,93,2,MOR02
543,Amedeus Stockmanslei 39,2022-01-01,15:00:00,82,75,7,MOR02
543,Amedeus Stockmanslei 39,2022-01-01,16:00:00,78,70,8,MOR02
543,Amedeus Stockmanslei 39,2022-01-01,17:00:00,43,41,2,MOR02
543,Amedeus Stockmanslei 39,2022-01-01,18:00:00,42,37,5,MOR02
543,Amedeus Stockmanslei 39,2022-01-01,19:00:00,32,28,4,MOR02
543,Amedeus Stockmanslei 39,2022-01-01,20:00:00,22,19,3,MOR02
543,Amedeus Stockmanslei 39,2022-01-01,21:00:00,23,17,6,MOR02
543,Amedeus Stockmanslei 39,2022-01-01,22:00:00,18,15,3,MOR02
543,Amedeus Stockmanslei 39,2022-01-01,23:00:00,15,9,6,MOR02
543,Amedeus Stockmanslei 39,2022-01-02,00:00:00,7,6,1,MOR02
543,Amedeus Stockmanslei 39,2022-01-02,01:00:00,3,3,0,MOR02
543,Amedeus Stockmanslei 39,2022-01-02,02:00:00,2,2,0,MOR02
543,Amedeus Stockmanslei 39,2022-01-02,03:00:00,0,0,0,MOR02
543,Amedeus Stockmanslei 39,2022-01-02,04:00:00,0,0,0,MOR02
543,Amedeus Stockmanslei 39,2022-01-02,05:00:00,1,0,1,MOR02
543,Amedeus Stockmanslei 39,2022-01-02,06:00:00,6,6,0,MOR02
543,Amedeus Stockmanslei 39,2022-01-02,07:00:00,6,5,1,MOR02
543,Amedeus Stockmanslei 39,2022-01-02,08:00:00,9,9,0,MOR02
543,Amedeus Stockmanslei 39,2022-01-02,09:00:00,24,24,0,MOR02
543,Amedeus Stockmanslei 39,2022-01-02,10:00:00,35,28,7,MOR02
543,Amedeus Stockmanslei 39,2022-01-02,11:00:00,52,46,6,MOR02
543,Amedeus Stockmanslei 39,2022-01-02,12:00:00,44,40,4,MOR02
543,Amedeus Stockmanslei 39,2022-01-02,13:00:00,82,74,8,MOR02
543,Amedeus Stockmanslei 39,2022-01-02,14:00:00,71,68,3,MOR02
543,Amedeus Stockmanslei 39,2022-01-02,15:00:00,66,58,8,MOR02
543,Amedeus Stockmanslei 39,2022-01-02,16:00:00,65,56,9,MOR02
543,Amedeus Stockmanslei 39,2022-01-02,17:00:00,48,43,5,MOR02
543,Amedeus Stockmanslei 39,2022-01-02,18:00:00,31,29,2,MOR02
543,Amedeus Stockmanslei 39,2022-01-02,19:00:00,27,24,3,MOR02
543,Amedeus Stockmanslei 39,2022-01-02,20:00:00,22,17,5,MOR02
543,Amedeus Stockmanslei 39,2022-01-02,21:00:00,29,26,3,MOR02
543,Amedeus Stockmanslei 39,2022-01-02,22:00:00,11,8,3,MOR02
543,Amedeus Stockmanslei 39,2022-01-02,23:00:00,14,11,3,MOR02
543,Amedeus Stockmanslei 39,2022-01-03,00:00:00,14,11,3,MOR02
543,Amedeus Stockmanslei 39,2022-01-03,01:00:00,0,0,0,MOR02
543,Amedeus Stockmanslei 39,2022-01-03,02:00:00,3,3,0,MOR02
543,Amedeus Stockmanslei 39,2022-01-03,03:00:00,3,3,0,MOR02
543,Amedeus Stockmanslei 39,2022-01-03,04:00:00,9,8,1,MOR02
543,Amedeus Stockmanslei 39,2022-01-03,05:00:00,12,12,0,MOR02
543,Amedeus Stockmanslei 39,2022-01-03,06:00:00,16,16,0,MOR02
543,Amedeus Stockmanslei 39,2022-01-03,07:00:00,28,27,1,MOR02
543,Amedeus Stockmanslei 39,2022-01-03,08:00:00,43,40,3,MOR02
543,Amedeus Stockmanslei 39,2022-01-03,09:00:00,36,35,1,MOR02
543,Amedeus Stockmanslei 39,2022-01-03,10:00:00,44,43,1,MOR02
543,Amedeus Stockmanslei 39,2022-01-03,11:00:00,48,41,7,MOR02
543,Amedeus Stockmanslei 39,2022-01-03,12:00:00,52,43,9,MOR02
543,Amedeus Stockmanslei 39,2022-01-03,13:00:00,48,45,3,MOR02
543,Amedeus Stockmanslei 39,2022-01-03,14:00:00,52,47,5,MOR02
543,Amedeus Stockmanslei 39,2022-01-03,15:00:00,87,85,2,MOR02
543,Amedeus Stockmanslei 39,2022-01-03,16:00:00,112,111,1,MOR02
543,Amedeus Stockmanslei 39,2022-01-03,17:00:00,122,117,5,MOR02
543,Amedeus Stockmanslei 39,2022-01-03,18:00:00,78,71,7,MOR02
543,Amedeus Stockmanslei 39,2022-01-03,19:00:00,52,49,3,MOR02
543,Amedeus Stockmanslei 39,2022-01-03,20:00:00,38,33,5,MOR02
543,Amedeus Stockmanslei 39,2022-01-03,21:00:00,32,30,2,MOR02
543,Amedeus Stockmanslei 39,2022-01-03,22:00:00,18,15,3,MOR02
543,Amedeus Stockmanslei 39,2022-01-03,23:00:00,13,9,4,MOR02
543,Amedeus Stockmanslei 39,2022-01-04,00:00:00,2,2,0,MOR02
543,Amedeus Stockmanslei 39,2022-01-04,01:00:00,4,4,0,MOR02
543,Amedeus Stockmanslei 39,2022-01-04,02:00:00,5,5,0,MOR02
543,Amedeus Stockmanslei 39,2022-01-04,03:00:00,0,0,0,MOR02
543,Amedeus Stockmanslei 39,2022-01-04,04:00:00,8,7,1,MOR02
543,Amedeus Stockmanslei 39,2022-01-04,05:00:00,15,15,0,MOR02
543,Amedeus Stockmanslei 39,2022-01-04,06:00:00,12,10,2,MOR02
543,Amedeus Stockmanslei 39,2022-01-04,07:00:00,35,33,2,MOR02
543,Amedeus Stockmanslei 39,2022-01-04,08:00:00,61,61,0,MOR02
543,Amedeus Stockmanslei 39,2022-01-04,09:00:00,31,27,4,MOR02
543,Amedeus Stockmanslei 39,2022-01-04,10:00:00,48,45,3,MOR02
543,Amedeus Stockmanslei 39,2022-01-04,11:00:00,42,37,5,MOR02
543,Amedeus Stockmanslei 39,2022-01-04,12:00:00,44,42,2,MOR02
543,Amedeus Stockmanslei 39,2022-01-04,13:00:00,52,45,7,MOR02
543,Amedeus Stockmanslei 39,2022-01-04,14:00:00,34,30,4,MOR02
543,Amedeus Stockmanslei 39,2022-01-04,15:00:00,61,59,2,MOR02
543,Amedeus Stockmanslei 39,2022-01-04,16:00:00,86,84,2,MOR02
543,Amedeus Stockmanslei 39,2022-01-04,17:00:00,128,125,3,MOR02
543,Amedeus Stockmanslei 39,2022-01-04,18:00:00,74,72,2,MOR02
543,Amedeus Stockmanslei 39,2022-01-04,19:00:00,42,35,7,MOR02
543,Amedeus Stockmanslei 39,2022-01-04,20:00:00,29,25,4,MOR02
543,Amedeus Stockmanslei 39,2022-01-04,21:00:00,20,19,1,MOR02
543,Amedeus Stockmanslei 39,2022-01-04,22:00:00,16,13,3,MOR02
543,Amedeus Stockmanslei 39,2022-01-04,23:00:00,14,14,0,MOR02
543,Amedeus Stockmanslei 39,2022-01-05,00:00:00,6,6,0,MOR02
543,Amedeus Stockmanslei 39,2022-01-05,01:00:00,7,6,1,MOR02
543,Amedeus Stockmanslei 39,2022-01-05,02:00:00,3,3,0,MOR02
543,Amedeus Stockmanslei 39,2022-01-05,03:00:00,3,2,1,MOR02
543,Amedeus Stockmanslei 39,2022-01-05,04:00:00,6,6,0,MOR02
543,Amedeus Stockmanslei 39,2022-01-05,05:00:00,15,14,1,MOR02
543,Amedeus Stockmanslei 39,2022-01-05,06:00:00,17,16,1,MOR02
543,Amedeus Stockmanslei 39,2022-01-05,07:00:00,41,41,0,MOR02
543,Amedeus Stockmanslei 39,2022-01-05,08:00:00,54,52,2,MOR02
543,Amedeus Stockmanslei 39,2022-01-05,09:00:00,43,43,0,MOR02
543,Amedeus Stockmanslei 39,2022-01-05,10:00:00,71,67,4,MOR02
543,Amedeus Stockmanslei 39,2022-01-05,11:00:00,41,33,8,MOR02
543,Amedeus Stockmanslei 39,2022-01-05,12:00:00,57,56,1,MOR02
543,Amedeus Stockmanslei 39,2022-01-05,13:00:00,61,60,1,MOR02
543,Amedeus Stockmanslei 39,2022-01-05,14:00:00,72,63,9,MOR02
543,Amedeus Stockmanslei 39,2022-01-05,15:00:00,88,85,3,MOR02
543,Amedeus Stockmanslei 39,2022-01-05,16:00:00,103,100,3,MOR02
543,Amedeus Stockmanslei 39,2022-01-05,17:00:00,143,139,4,MOR02
543,Amedeus Stockmanslei 39,2022-01-05,18:00:00,81,79,2,MOR02
543,Amedeus Stockmanslei 39,2022-01-05,19:00:00,52,43,9,MOR02
543,Amedeus Stockmanslei 39,2022-01-05,20:00:00,26,24,2,MOR02
543,Amedeus Stockmanslei 39,2022-01-05,21:00:00,17,13,4,MOR02
543,Amedeus Stockmanslei 39,2022-01-05,22:00:00,25,22,3,MOR02
543,Amedeus Stockmanslei 39,2022-01-05,23:00:00,17,15,2,MOR02
543,Amedeus Stockmanslei 39,2022-01-06,00:00:00,13,13,0,MOR02
543,Amedeus Stockmanslei 39,2022-01-06,01:00:00,0,0,0,MOR02
543,Amedeus Stockmanslei 39,2022-01-06,02:00:00,0,0,0,MOR02
543,Amedeus Stockmanslei 39,2022-01-06,03:00:00,2,2,0,MOR02
543,Amedeus Stockmanslei 39,2022-01-06,04:00:00,7,7,0,MOR02
543,Amedeus Stockmanslei 39,2022-01-06,05:00:00,13,13,0,MOR02
543,Amedeus Stockmanslei 39,2022-01-06,06:00:00,15,14,1,MOR02
543,Amedeus Stockmanslei 39,2022-01-06,07:00:00,34,34,0,MOR02
543,Amedeus Stockmanslei 39,2022-01-06,08:00:00,60,58,2,MOR02
543,Amedeus Stockmanslei 39,2022-01-06,09:00:00,38,36,2,MOR02
543,Amedeus Stockmanslei 39,2022-01-06,10:00:00,51,47,4,MOR02
543,Amedeus Stockmanslei 39,2022-01-06,11:00:00,42,41,1,MOR02
543,Amedeus Stockmanslei 39,2022-01-06,12:00:00,74,66,8,MOR02
543,Amedeus Stockmanslei 39,2022-01-06,13:00:00,80,78,2,MOR02
543,Amedeus Stockmanslei 39,2022-01-06,14:00:00,94,86,8,MOR02
543,Amedeus Stockmanslei 39,2022-01-06,15:00:00,102,97,5,MOR02
543,Amedeus Stockmanslei 39,2022-01-06,16:00:00,139,136,3,MOR02
543,Amedeus Stockmanslei 39,2022-01-06,17:00:00,163,155,8,MOR02
543,Amedeus Stockmanslei 39,2022-01-06,18:00:00,118,115,3,MOR02
543,Amedeus Stockmanslei 39,2022-01-06,19:00:00,57,55,2,MOR02
543,Amedeus Stockmanslei 39,2022-01-06,20:00:00,37,37,0,MOR02
543,Amedeus Stockmanslei 39,2022-01-06,21:00:00,26,23,3,MOR02
543,Amedeus Stockmanslei 39,2022-01-06,22:00:00,26,23,3,MOR02
543,Amedeus Stockmanslei 39,2022-01-06,23:00:00,18,16,2,MOR02
543,Amedeus Stockmanslei 39,2022-01-07,00:00:00,9,7,2,MOR02
543,Amedeus Stockmanslei 39,2022-01-07,01:00:00,5,4,1,MOR02
543,Amedeus Stockmanslei 39,2022-01-07,02:00:00,1,1,0,MOR02
543,Amedeus Stockmanslei 39,2022-01-07,03:00:00,5,4,1,MOR02
543,Amedeus Stockmanslei 39,2022-01-07,04:00:00,7,5,2,MOR02
543,Amedeus Stockmanslei 39,2022-01-07,05:00:00,9,8,1,MOR02
543,Amedeus Stockmanslei 39,2022-01-07,06:00:00,15,14,1,MOR02
543,Amedeus Stockmanslei 39,2022-01-07,07:00:00,35,34,1,MOR02
543,Amedeus Stockmanslei 39,2022-01-07,08:00:00,57,55,2,MOR02
543,Amedeus Stockmanslei 39,2022-01-07,09:00:00,51,46,5,MOR02
543,Amedeus Stockmanslei 39,2022-01-07,10:00:00,34,28,6,MOR02
543,Amedeus Stockmanslei 39,2022-01-07,11:00:00,51,44,7,MOR02
543,Amedeus Stockmanslei 39,2022-01-07,12:00:00,57,56,1,MOR02
543,Amedeus Stockmanslei 39,2022-01-07,13:00:00,44,41,3,MOR02
543,Amedeus Stockmanslei 39,2022-01-07,14:00:00,61,59,2,MOR02
543,Amedeus Stockmanslei 39,2022-01-07,15:00:00,63,61,2,MOR02
543,Amedeus Stockmanslei 39,2022-01-07,16:00:00,91,84,7,MOR02
543,Amedeus Stockmanslei 39,2022-01-07,17:00:00,114,110,4,MOR02
543,Amedeus Stockmanslei 39,2022-01-07,18:00:00,78,73,5,MOR02
543,Amedeus Stockmanslei 39,2022-01-07,19:00:00,60,56,4,MOR02
543,Amedeus Stockmanslei 39,2022-01-07,20:00:00,42,41,1,MOR02
543,Amedeus Stockmanslei 39,2022-01-07,21:00:00,21,17,4,MOR02
543,Amedeus Stockmanslei 39,2022-01-07,22:00:00,24,21,3,MOR02
543,Amedeus Stockmanslei 39,2022-01-07,23:00:00,25,23,2,MOR02
543,Amedeus Stockmanslei 39,2022-01-08,00:00:00,15,13,2,MOR02
543,Amedeus Stockmanslei 39,2022-01-08,01:00:00,10,9,1,MOR02
543,Amedeus Stockmanslei 39,2022-01-08,02:00:00,8,8,0,MOR02
543,Amedeus Stockmanslei 39,2022-01-08,03:00:00,7,6,1,MOR02
543,Amedeus Stockmanslei 39,2022-01-08,04:00:00,1,1,0,MOR02
543,Amedeus Stockmanslei 39,2022-01-08,05:00:00,5,5,0,MOR02
543,Amedeus Stockmanslei 39,2022-01-08,06:00:00,7,6,1,MOR02
543,Amedeus Stockmanslei 39,2022-01-08,07:00:00,6,6,0,MOR02
543,Amedeus Stockmanslei 39,2022-01-08,08:00:00,22,21,1,MOR02
543,Amedeus Stockmanslei 39,2022-01-08,09:00:00,26,23,3,MOR02
543,Amedeus Stockmanslei 39,2022-01-08,10:00:00,46,45,1,MOR02
543,Amedeus Stockmanslei 39,2022-01-08,11:00:00,45,40,5,MOR02
543,Amedeus Stockmanslei 39,2022-01-08,12:00:00,53,47,6,MOR02
543,Amedeus Stockmanslei 39,2022-01-08,13:00:00,39,34,5,MOR02
543,Amedeus Stockmanslei 39,2022-01-08,14:00:00,26,19,7,MOR02
543,Amedeus Stockmanslei 39,2022-01-08,15:00:00,33,27,6,MOR02
543,Amedeus Stockmanslei 39,2022-01-08,16:00:00,31,29,2,MOR02
543,Amedeus Stockmanslei 39,2022-01-08,17:00:00,36,31,5,MOR02
543,Amedeus Stockmanslei 39,2022-01-08,18:00:00,31,27,4,MOR02
543,Amedeus Stockmanslei 39,2022-01-08,19:00:00,26,25,1,MOR02
543,Amedeus Stockmanslei 39,2022-01-08,20:00:00,24,19,5,MOR02
543,Amedeus Stockmanslei 39,2022-01-08,21:00:00,16,12,4,MOR02
543,Amedeus Stockmanslei 39,2022-01-08,22:00:00,17,16,1,MOR02
543,Amedeus Stockmanslei 39,2022-01-08,23:00:00,19,13,6,MOR02
543,Amedeus Stockmanslei 39,2022-01-09,00:00:00,9,6,3,MOR02
543,Amedeus Stockmanslei 39,2022-01-09,01:00:00,6,6,0,MOR02
543,Amedeus Stockmanslei 39,2022-01-09,02:00:00,1,1,0,MOR02
543,Amedeus Stockmanslei 39,2022-01-09,03:00:00,0,0,0,MOR02
543,Amedeus Stockmanslei 39,2022-01-09,04:00:00,1,1,0,MOR02
543,Amedeus Stockmanslei 39,2022-01-09,05:00:00,5,5,0,MOR02
543,Amedeus Stockmanslei 39,2022-01-09,06:00:00,2,2,0,MOR02
543,Amedeus Stockmanslei 39,2022-01-09,07:00:00,5,5,0,MOR02
543,Amedeus Stockmanslei 39,2022-01-09,08:00:00,18,18,0,MOR02
543,Amedeus Stockmanslei 39,2022-01-09,09:00:00,33,27,6,MOR02
543,Amedeus Stockmanslei 39,2022-01-09,10:00:00,47,39,8,MOR02
543,Amedeus Stockmanslei 39,2022-01-09,11:00:00,42,38,4,MOR02
543,Amedeus Stockmanslei 39,2022-01-09,12:00:00,76,73,3,MOR02
543,Amedeus Stockmanslei 39,2022-01-09,13:00:00,77,68,9,MOR02
543,Amedeus Stockmanslei 39,2022-01-09,14:00:00,83,77,6,MOR02
543,Amedeus Stockmanslei 39,2022-01-09,15:00:00,68,63,5,MOR02
543,Amedeus Stockmanslei 39,2022-01-09,16:00:00,69,57,12,MOR02
543,Amedeus Stockmanslei 39,2022-01-09,17:00:00,34,32,2,MOR02
543,Amedeus Stockmanslei 39,2022-01-09,18:00:00,28,25,3,MOR02
543,Amedeus Stockmanslei 39,2022-01-09,19:00:00,23,22,1,MOR02
543,Amedeus Stockmanslei 39,2022-01-09,20:00:00,18,15,3,MOR02
543,Amedeus Stockmanslei 39,2022-01-09,21:00:00,13,10,3,MOR02
543,Amedeus Stockmanslei 39,2022-01-09,22:00:00,13,13,0,MOR02
543,Amedeus Stockmanslei 39,2022-01-09,23:00:00,7,6,1,MOR02
543,Amedeus Stockmanslei 39,2022-01-10,00:00:00,5,4,1,MOR02
543,Amedeus Stockmanslei 39,2022-01-10,01:00:00,1,1,0,MOR02
543,Amedeus Stockmanslei 39,2022-01-10,02:00:00,1,1,0,MOR02
543,Amedeus Stockmanslei 39,2022-01-10,03:00:00,1,0,1,MOR02
543,Amedeus Stockmanslei 39,2022-01-10,04:00:00,5,5,0,MOR02
543,Amedeus Stockmanslei 39,2022-01-10,05:00:00,15,14,1,MOR02
543,Amedeus Stockmanslei 39,2022-01-10,06:00:00,22,21,1,MOR02
543,Amedeus Stockmanslei 39,2022-01-10,07:00:00,99,97,2,MOR02
543,Amedeus Stockmanslei 39,2022-01-10,08:00:00,154,146,8,MOR02
543,Amedeus Stockmanslei 39,2022-01-10,09:00:00,134,128,6,MOR02
543,Amedeus Stockmanslei 39,2022-01-10,10:00:00,37,36,1,MOR02
543,Amedeus Stockmanslei 39,2022-01-10,11:00:00,96,52,44,MOR02
543,Amedeus Stockmanslei 39,2022-01-10,12:00:00,76,74,2,MOR02
543,Amedeus Stockmanslei 39,2022-01-10,13:00:00,71,65,6,MOR02
543,Amedeus Stockmanslei 39,2022-01-10,14:00:00,59,54,5,MOR02
543,Amedeus Stockmanslei 39,2022-01-10,15:00:00,136,131,5,MOR02
543,Amedeus Stockmanslei 39,2022-01-10,16:00:00,236,229,7,MOR02
543,Amedeus Stockmanslei 39,2022-01-10,17:00:00,223,222,1,MOR02
543,Amedeus Stockmanslei 39,2022-01-10,18:00:00,153,149,4,MOR02
543,Amedeus Stockmanslei 39,2022-01-10,19:00:00,74,69,5,MOR02
543,Amedeus Stockmanslei 39,2022-01-10,20:00:00,30,28,2,MOR02
543,Amedeus Stockmanslei 39,2022-01-10,21:00:00,21,21,0,MOR02
543,Amedeus Stockmanslei 39,2022-01-10,22:00:00,28,27,1,MOR02
543,Amedeus Stockmanslei 39,2022-01-10,23:00:00,10,10,0,MOR02
543,Amedeus Stockmanslei 39,2022-01-11,00:00:00,2,1,1,MOR02
543,Amedeus Stockmanslei 39,2022-01-11,01:00:00,1,1,0,MOR02
543,Amedeus Stockmanslei 39,2022-01-11,02:00:00,1,1,0,MOR02
543,Amedeus Stockmanslei 39,2022-01-11,03:00:00,0,0,0,MOR02
543,Amedeus Stockmanslei 39,2022-01-11,04:00:00,5,4,1,MOR02
543,Amedeus Stockmanslei 39,2022-01-11,05:00:00,12,11,1,MOR02
543,Amedeus Stockmanslei 39,2022-01-11,06:00:00,29,26,3,MOR02
543,Amedeus Stockmanslei 39,2022-01-11,07:00:00,81,80,1,MOR02
543,Amedeus Stockmanslei 39,2022-01-11,08:00:00,164,161,3,MOR02
543,Amedeus Stockmanslei 39,2022-01-11,09:00:00,63,58,5,MOR02
543,Amedeus Stockmanslei 39,2022-01-11,10:00:00,49,46,3,MOR02
543,Amedeus Stockmanslei 39,2022-01-11,11:00:00,52,48,4,MOR02
543,Amedeus Stockmanslei 39,2022-01-11,12:00:00,78,71,7,MOR02
543,Amedeus Stockmanslei 39,2022-01-11,13:00:00,68,62,6,MOR02
543,Amedeus Stockmanslei 39,2022-01-11,14:00:00,79,75,4,MOR02
543,Amedeus Stockmanslei 39,2022-01-11,15:00:00,121,118,3,MOR02
543,Amedeus Stockmanslei 39,2022-01-11,16:00:00,240,237,3,MOR02
543,Amedeus Stockmanslei 39,2022-01-11,17:00:00,217,216,1,MOR02
543,Amedeus Stockmanslei 39,2022-01-11,18:00:00,142,142,0,MOR02
543,Amedeus Stockmanslei 39,2022-01-11,19:00:00,73,72,1,MOR02
543,Amedeus Stockmanslei 39,2022-01-11,20:00:00,43,40,3,MOR02
543,Amedeus Stockmanslei 39,2022-01-11,21:00:00,28,26,2,MOR02
543,Amedeus Stockmanslei 39,2022-01-11,22:00:00,34,32,2,MOR02
543,Amedeus Stockmanslei 39,2022-01-11,23:00:00,20,16,4,MOR02
543,Amedeus Stockmanslei 39,2022-01-12,00:00:00,4,4,0,MOR02
543,Amedeus Stockmanslei 39,2022-01-12,01:00:00,1,1,0,MOR02
543,Amedeus Stockmanslei 39,2022-01-12,02:00:00,1,1,0,MOR02
543,Amedeus Stockmanslei 39,2022-01-12,03:00:00,1,0,1,MOR02
543,Amedeus Stockmanslei 39,2022-01-12,04:00:00,6,6,0,MOR02
543,Amedeus Stockmanslei 39,2022-01-12,05:00:00,9,9,0,MOR02
543,Amedeus Stockmanslei 39,2022-01-12,06:00:00,25,24,1,MOR02
543,Amedeus Stockmanslei 39,2022-01-12,07:00:00,85,84,1,MOR02
543,Amedeus Stockmanslei 39,2022-01-12,08:00:00,161,159,2,MOR02
543,Amedeus Stockmanslei 39,2022-01-12,09:00:00,57,54,3,MOR02
543,Amedeus Stockmanslei 39,2022-01-12,10:00:00,62,57,5,MOR02
543,Amedeus Stockmanslei 39,2022-01-12,11:00:00,78,76,2,MOR02
543,Amedeus Stockmanslei 39,2022-01-12,12:00:00,110,104,6,MOR02
543,Amedeus Stockmanslei 39,2022-01-12,13:00:00,118,110,8,MOR02
543,Amedeus Stockmanslei 39,2022-01-12,14:00:00,83,80,3,MOR02
543,Amedeus Stockmanslei 39,2022-01-12,15:00:00,107,105,2,MOR02
543,Amedeus Stockmanslei 39,2022-01-12,16:00:00,148,143,5,MOR02
543,Amedeus Stockmanslei 39,2022-01-12,17:00:00,176,171,5,MOR02
543,Amedeus Stockmanslei 39,2022-01-12,18:00:00,123,119,4,MOR02
543,Amedeus Stockmanslei 39,2022-01-12,19:00:00,69,67,2,MOR02
543,Amedeus Stockmanslei 39,2022-01-12,20:00:00,33,29,4,MOR02
543,Amedeus Stockmanslei 39,2022-01-12,21:00:00,37,35,2,MOR02
543,Amedeus Stockmanslei 39,2022-01-12,22:00:00,25,25,0,MOR02
543,Amedeus Stockmanslei 39,2022-01-12,23:00:00,29,26,3,MOR02
543,Amedeus Stockmanslei 39,2022-01-13,00:00:00,8,8,0,MOR02
543,Amedeus Stockmanslei 39,2022-01-13,01:00:00,0,0,0,MOR02
543,Amedeus Stockmanslei 39,2022-01-13,02:00:00,1,1,0,MOR02
543,Amedeus Stockmanslei 39,2022-01-13,03:00:00,1,0,1,MOR02
543,Amedeus Stockmanslei 39,2022-01-13,04:00:00,5,5,0,MOR02
543,Amedeus Stockmanslei 39,2022-01-13,05:00:00,10,10,0,MOR02
543,Amedeus Stockmanslei 39,2022-01-13,06:00:00,27,25,2,MOR02
543,Amedeus Stockmanslei 39,2022-01-13,07:00:00,82,77,5,MOR02
543,Amedeus Stockmanslei 39,2022-01-13,08:00:00,149,149,0,MOR02
543,Amedeus Stockmanslei 39,2022-01-13,09:00:00,50,45,5,MOR02
543,Amedeus Stockmanslei 39,2022-01-13,10:00:00,45,41,4,MOR02
543,Amedeus Stockmanslei 39,2022-01-13,11:00:00,41,40,1,MOR02
543,Amedeus Stockmanslei 39,2022-01-13,12:00:00,70,67,3,MOR02
543,Amedeus Stockmanslei 39,2022-01-13,13:00:00,73,69,4,MOR02
543,Amedeus Stockmanslei 39,2022-01-13,14:00:00,77,74,3,MOR02
543,Amedeus Stockmanslei 39,2022-01-13,15:00:00,142,136,6,MOR02
543,Amedeus Stockmanslei 39,2022-01-13,16:00:00,213,204,9,MOR02
543,Amedeus Stockmanslei 39,2022-01-13,17:00:00,191,190,1,MOR02
543,Amedeus Stockmanslei 39,2022-01-13,18:00:00,156,153,3,MOR02
543,Amedeus Stockmanslei 39,2022-01-13,19:00:00,63,61,2,MOR02
543,Amedeus Stockmanslei 39,2022-01-13,20:00:00,41,39,2,MOR02
543,Amedeus Stockmanslei 39,2022-01-13,21:00:00,37,36,1,MOR02
543,Amedeus Stockmanslei 39,2022-01-13,22:00:00,31,24,7,MOR02
543,Amedeus Stockmanslei 39,2022-01-13,23:00:00,26,24,2,MOR02
543,Amedeus Stockmanslei 39,2022-01-14,00:00:00,5,5,0,MOR02
543,Amedeus Stockmanslei 39,2022-01-14,01:00:00,3,2,1,MOR02
543,Amedeus Stockmanslei 39,2022-01-14,02:00:00,0,0,0,MOR02
543,Amedeus Stockmanslei 39,2022-01-14,03:00:00,1,1,0,MOR02
543,Amedeus Stockmanslei 39,2022-01-14,04:00:00,7,5,2,MOR02
543,Amedeus Stockmanslei 39,2022-01-14,05:00:00,11,11,0,MOR02
543,Amedeus Stockmanslei 39,2022-01-14,06:00:00,26,23,3,MOR02
543,Amedeus Stockmanslei 39,2022-01-14,07:00:00,75,75,0,MOR02
543,Amedeus Stockmanslei 39,2022-01-14,08:00:00,151,148,3,MOR02
543,Amedeus Stockmanslei 39,2022-01-14,09:00:00,53,45,8,MOR02
543,Amedeus Stockmanslei 39,2022-01-14,10:00:00,44,39,5,MOR02
543,Amedeus Stockmanslei 39,2022-01-14,11:00:00,61,55,6,MOR02
543,Amedeus Stockmanslei 39,2022-01-14,12:00:00,92,86,6,MOR02
543,Amedeus Stockmanslei 39,2022-01-14,13:00:00,88,86,2,MOR02
543,Amedeus Stockmanslei 39,2022-01-14,14:00:00,82,80,2,MOR02
543,Amedeus Stockmanslei 39,2022-01-14,15:00:00,136,132,4,MOR02
543,Amedeus Stockmanslei 39,2022-01-14,16:00:00,217,206,11,MOR02
543,Amedeus Stockmanslei 39,2022-01-14,17:00:00,150,148,2,MOR02
543,Amedeus Stockmanslei 39,2022-01-14,18:00:00,97,96,1,MOR02
543,Amedeus Stockmanslei 39,2022-01-14,19:00:00,76,76,0,MOR02
543,Amedeus Stockmanslei 39,2022-01-14,20:00:00,55,51,4,MOR02
543,Amedeus Stockmanslei 39,2022-01-14,21:00:00,21,19,2,MOR02
543,Amedeus Stockmanslei 39,2022-01-14,22:00:00,35,35,0,MOR02
543,Amedeus Stockmanslei 39,2022-01-14,23:00:00,47,46,1,MOR02
543,Amedeus Stockmanslei 39,2022-01-15,00:00:00,26,23,3,MOR02
543,Amedeus Stockmanslei 39,2022-01-15,01:00:00,15,13,2,MOR02
543,Amedeus Stockmanslei 39,2022-01-15,02:00:00,12,10,2,MOR02
543,Amedeus Stockmanslei 39,2022-01-15,03:00:00,4,2,2,MOR02
543,Amedeus Stockmanslei 39,2022-01-15,04:00:00,9,9,0,MOR02
543,Amedeus Stockmanslei 39,2022-01-15,05:00:00,4,4,0,MOR02
543,Amedeus Stockmanslei 39,2022-01-15,06:00:00,7,7,0,MOR02
543,Amedeus Stockmanslei 39,2022-01-15,07:00:00,12,12,0,MOR02
543,Amedeus Stockmanslei 39,2022-01-15,08:00:00,26,24,2,MOR02
543,Amedeus Stockmanslei 39,2022-01-15,09:00:00,46,44,2,MOR02
543,Amedeus Stockmanslei 39,2022-01-15,10:00:00,71,69,2,MOR02
543,Amedeus Stockmanslei 39,2022-01-15,11:00:00,64,59,5,MOR02
543,Amedeus Stockmanslei 39,2022-01-15,12:00:00,88,79,9,MOR02
543,Amedeus Stockmanslei 39,2022-01-15,13:00:00,117,104,13,MOR02
543,Amedeus Stockmanslei 39,2022-01-15,14:00:00,113,104,9,MOR02
543,Amedeus Stockmanslei 39,2022-01-15,15:00:00,92,88,4,MOR02
543,Amedeus Stockmanslei 39,2022-01-15,16:00:00,92,86,6,MOR02
543,Amedeus Stockmanslei 39,2022-01-15,17:00:00,100,94,6,MOR02
543,Amedeus Stockmanslei 39,2022-01-15,18:00:00,67,62,5,MOR02
543,Amedeus Stockmanslei 39,2022-01-15,19:00:00,48,44,4,MOR02
543,Amedeus Stockmanslei 39,2022-01-15,20:00:00,34,31,3,MOR02
543,Amedeus Stockmanslei 39,2022-01-15,21:00:00,20,16,4,MOR02
543,Amedeus Stockmanslei 39,2022-01-15,22:00:00,26,23,3,MOR02
543,Amedeus Stockmanslei 39,2022-01-15,23:00:00,31,25,6,MOR02
543,Amedeus Stockmanslei 39,2022-01-16,00:00:00,20,16,4,MOR02
543,Amedeus Stockmanslei 39,2022-01-16,01:00:00,15,12,3,MOR02
543,Amedeus Stockmanslei 39,2022-01-16,02:00:00,11,8,3,MOR02
543,Amedeus Stockmanslei 39,2022-01-16,03:00:00,5,2,3,MOR02
543,Amedeus Stockmanslei 39,2022-01-16,04:00:00,2,1,1,MOR02
543,Amedeus Stockmanslei 39,2022-01-16,05:00:00,3,3,0,MOR02
543,Amedeus Stockmanslei 39,2022-01-16,06:00:00,3,3,0,MOR02
543,Amedeus Stockmanslei 39,2022-01-16,07:00:00,8,7,1,MOR02
543,Amedeus Stockmanslei 39,2022-01-16,08:00:00,21,21,0,MOR02
543,Amedeus Stockmanslei 39,2022-01-16,09:00:00,38,37,1,MOR02
543,Amedeus Stockmanslei 39,2022-01-16,10:00:00,38,36,2,MOR02
543,Amedeus Stockmanslei 39,2022-01-16,11:00:00,49,43,6,MOR02
543,Amedeus Stockmanslei 39,2022-01-16,12:00:00,32,30,2,MOR02
543,Amedeus Stockmanslei 39,2022-01-16,13:00:00,71,67,4,MOR02
543,Amedeus Stockmanslei 39,2022-01-16,14:00:00,86,85,1,MOR02
543,Amedeus Stockmanslei 39,2022-01-16,15:00:00,51,49,2,MOR02
543,Amedeus Stockmanslei 39,2022-01-16,16:00:00,44,39,5,MOR02
543,Amedeus Stockmanslei 39,2022-01-16,17:00:00,58,48,10,MOR02
543,Amedeus Stockmanslei 39,2022-01-16,18:00:00,31,28,3,MOR02
543,Amedeus Stockmanslei 39,2022-01-16,19:00:00,23,21,2,MOR02
543,Amedeus Stockmanslei 39,2022-01-16,20:00:00,13,10,3,MOR02
543,Amedeus Stockmanslei 39,2022-01-16,21:00:00,13,13,0,MOR02
543,Amedeus Stockmanslei 39,2022-01-16,22:00:00,15,9,6,MOR02
543,Amedeus Stockmanslei 39,2022-01-16,23:00:00,12,11,1,MOR02
543,Amedeus Stockmanslei 39,2022-01-17,00:00:00,3,3,0,MOR02
543,Amedeus Stockmanslei 39,2022-01-17,01:00:00,0,0,0,MOR02
543,Amedeus Stockmanslei 39,2022-01-17,02:00:00,1,0,1,MOR02
543,Amedeus Stockmanslei 39,2022-01-17,03:00:00,1,0,1,MOR02
543,Amedeus Stockmanslei 39,2022-01-17,04:00:00,6,6,0,MOR02
543,Amedeus Stockmanslei 39,2022-01-17,05:00:00,9,8,1,MOR02
543,Amedeus Stockmanslei 39,2022-01-17,06:00:00,23,22,1,MOR02
543,Amedeus Stockmanslei 39,2022-01-17,07:00:00,82,81,1,MOR02
543,Amedeus Stockmanslei 39,2022-01-17,08:00:00,128,125,3,MOR02
543,Amedeus Stockmanslei 39,2022-01-17,09:00:00,52,50,2,MOR02
543,Amedeus Stockmanslei 39,2022-01-17,10:00:00,50,45,5,MOR02
543,Amedeus Stockmanslei 39,2022-01-17,11:00:00,61,56,5,MOR02
543,Amedeus Stockmanslei 39,2022-01-17,12:00:00,67,64,3,MOR02
543,Amedeus Stockmanslei 39,2022-01-17,13:00:00,61,57,4,MOR02
543,Amedeus Stockmanslei 39,2022-01-17,14:00:00,75,69,6,MOR02
543,Amedeus Stockmanslei 39,2022-01-17,15:00:00,137,135,2,MOR02
543,Amedeus Stockmanslei 39,2022-01-17,16:00:00,241,239,2,MOR02
543,Amedeus Stockmanslei 39,2022-01-17,17:00:00,208,206,2,MOR02
543,Amedeus Stockmanslei 39,2022-01-17,18:00:00,136,133,3,MOR02
543,Amedeus Stockmanslei 39,2022-01-17,19:00:00,73,71,2,MOR02
543,Amedeus Stockmanslei 39,2022-01-17,20:00:00,35,30,5,MOR02
543,Amedeus Stockmanslei 39,2022-01-17,21:00:00,43,42,1,MOR02
543,Amedeus Stockmanslei 39,2022-01-17,22:00:00,27,26,1,MOR02
543,Amedeus Stockmanslei 39,2022-01-17,23:00:00,10,9,1,MOR02
543,Amedeus Stockmanslei 39,2022-01-18,00:00:00,4,4,0,MOR02
543,Amedeus Stockmanslei 39,2022-01-18,01:00:00,1,1,0,MOR02
543,Amedeus Stockmanslei 39,2022-01-18,02:00:00,0,0,0,MOR02
543,Amedeus Stockmanslei 39,2022-01-18,03:00:00,1,0,1,MOR02
543,Amedeus Stockmanslei 39,2022-01-18,04:00:00,7,6,1,MOR02
543,Amedeus Stockmanslei 39,2022-01-18,05:00:00,13,12,1,MOR02
543,Amedeus Stockmanslei 39,2022-01-18,06:00:00,24,23,1,MOR02
543,Amedeus Stockmanslei 39,2022-01-18,07:00:00,85,84,1,MOR02
543,Amedeus Stockmanslei 39,2022-01-18,08:00:00,159,152,7,MOR02
543,Amedeus Stockmanslei 39,2022-01-18,09:00:00,54,49,5,MOR02
543,Amedeus Stockmanslei 39,2022-01-18,10:00:00,53,48,5,MOR02
543,Amedeus Stockmanslei 39,2022-01-18,11:00:00,55,53,2,MOR02
543,Amedeus Stockmanslei 39,2022-01-18,12:00:00,83,77,6,MOR02
543,Amedeus Stockmanslei 39,2022-01-18,13:00:00,85,83,2,MOR02
543,Amedeus Stockmanslei 39,2022-01-18,14:00:00,70,66,4,MOR02
543,Amedeus Stockmanslei 39,2022-01-18,15:00:00,137,135,2,MOR02
543,Amedeus Stockmanslei 39,2022-01-18,16:00:00,249,244,5,MOR02
543,Amedeus Stockmanslei 39,2022-01-18,17:00:00,256,254,2,MOR02
543,Amedeus Stockmanslei 39,2022-01-18,18:00:00,161,157,4,MOR02
543,Amedeus Stockmanslei 39,2022-01-18,19:00:00,63,60,3,MOR02
543,Amedeus Stockmanslei 39,2022-01-18,20:00:00,38,35,3,MOR02
543,Amedeus Stockmanslei 39,2022-01-18,21:00:00,33,33,0,MOR02
543,Amedeus Stockmanslei 39,2022-01-18,22:00:00,45,43,2,MOR02
543,Amedeus Stockmanslei 39,2022-01-18,23:00:00,19,19,0,MOR02
543,Amedeus Stockmanslei 39,2022-01-19,00:00:00,6,6,0,MOR02
543,Amedeus Stockmanslei 39,2022-01-19,01:00:00,3,3,0,MOR02
543,Amedeus Stockmanslei 39,2022-01-19,02:00:00,2,2,0,MOR02
543,Amedeus Stockmanslei 39,2022-01-19,03:00:00,1,0,1,MOR02
543,Amedeus Stockmanslei 39,2022-01-19,04:00:00,5,5,0,MOR02
543,Amedeus Stockmanslei 39,2022-01-19,05:00:00,13,13,0,MOR02
543,Amedeus Stockmanslei 39,2022-01-19,06:00:00,24,22,2,MOR02
543,Amedeus Stockmanslei 39,2022-01-19,07:00:00,78,77,1,MOR02
543,Amedeus Stockmanslei 39,2022-01-19,08:00:00,123,122,1,MOR02
543,Amedeus Stockmanslei 39,2022-01-19,09:00:00,69,65,4,MOR02
543,Amedeus Stockmanslei 39,2022-01-19,10:00:00,65,64,1,MOR02
543,Amedeus Stockmanslei 39,2022-01-19,11:00:00,65,64,1,MOR02
543,Amedeus Stockmanslei 39,2022-01-19,12:00:00,118,113,5,MOR02
543,Amedeus Stockmanslei 39,2022-01-19,13:00:00,109,102,7,MOR02
543,Amedeus Stockmanslei 39,2022-01-19,14:00:00,65,62,3,MOR02
543,Amedeus Stockmanslei 39,2022-01-19,15:00:00,95,91,4,MOR02
543,Amedeus Stockmanslei 39,2022-01-19,16:00:00,120,115,5,MOR02
543,Amedeus Stockmanslei 39,2022-01-19,17:00:00,177,173,4,MOR02
543,Amedeus Stockmanslei 39,2022-01-19,18:00:00,115,112,3,MOR02
543,Amedeus Stockmanslei 39,2022-01-19,19:00:00,57,53,4,MOR02
543,Amedeus Stockmanslei 39,2022-01-19,20:00:00,27,27,0,MOR02
543,Amedeus Stockmanslei 39,2022-01-19,21:00:00,24,23,1,MOR02
543,Amedeus Stockmanslei 39,2022-01-19,22:00:00,35,33,2,MOR02
543,Amedeus Stockmanslei 39,2022-01-19,23:00:00,22,19,3,MOR02
543,Amedeus Stockmanslei 39,2022-01-20,00:00:00,5,5,0,MOR02
543,Amedeus Stockmanslei 39,2022-01-20,01:00:00,4,2,2,MOR02
543,Amedeus Stockmanslei 39,2022-01-20,02:00:00,1,1,0,MOR02
543,Amedeus Stockmanslei 39,2022-01-20,03:00:00,1,0,1,MOR02
543,Amedeus Stockmanslei 39,2022-01-20,04:00:00,5,5,0,MOR02
543,Amedeus Stockmanslei 39,2022-01-20,05:00:00,14,13,1,MOR02
543,Amedeus Stockmanslei 39,2022-01-20,06:00:00,26,24,2,MOR02
543,Amedeus Stockmanslei 39,2022-01-20,07:00:00,72,72,0,MOR02
543,Amedeus Stockmanslei 39,2022-01-20,08:00:00,137,136,1,MOR02
543,Amedeus Stockmanslei 39,2022-01-20,09:00:00,49,45,4,MOR02
543,Amedeus Stockmanslei 39,2022-01-20,10:00:00,35,31,4,MOR02
543,Amedeus Stockmanslei 39,2022-01-20,11:00:00,43,41,2,MOR02
543,Amedeus Stockmanslei 39,2022-01-20,12:00:00,56,52,4,MOR02
543,Amedeus Stockmanslei 39,2022-01-20,13:00:00,56,54,2,MOR02
543,Amedeus Stockmanslei 39,2022-01-20,14:00:00,72,66,6,MOR02
543,Amedeus Stockmanslei 39,2022-01-20,15:00:00,107,104,3,MOR02
543,Amedeus Stockmanslei 39,2022-01-20,16:00:00,179,179,0,MOR02
543,Amedeus Stockmanslei 39,2022-01-20,17:00:00,158,157,1,MOR02
543,Amedeus Stockmanslei 39,2022-01-20,18:00:00,129,126,3,MOR02
543,Amedeus Stockmanslei 39,2022-01-20,19:00:00,61,60,1,MOR02
543,Amedeus Stockmanslei 39,2022-01-20,20:00:00,31,28,3,MOR02
543,Amedeus Stockmanslei 39,2022-01-20,21:00:00,32,26,6,MOR02
543,Amedeus Stockmanslei 39,2022-01-20,22:00:00,26,25,1,MOR02
543,Amedeus Stockmanslei 39,2022-01-20,23:00:00,29,29,0,MOR02
543,Amedeus Stockmanslei 39,2022-01-21,00:00:00,5,4,1,MOR02
543,Amedeus Stockmanslei 39,2022-01-21,01:00:00,0,0,0,MOR02
543,Amedeus Stockmanslei 39,2022-01-21,02:00:00,1,1,0,MOR02
543,Amedeus Stockmanslei 39,2022-01-21,03:00:00,2,2,0,MOR02
543,Amedeus Stockmanslei 39,2022-01-21,04:00:00,4,3,1,MOR02
543,Amedeus Stockmanslei 39,2022-01-21,05:00:00,12,12,0,MOR02
543,Amedeus Stockmanslei 39,2022-01-21,06:00:00,24,22,2,MOR02
543,Amedeus Stockmanslei 39,2022-01-21,07:00:00,71,69,2,MOR02
543,Amedeus Stockmanslei 39,2022-01-21,08:00:00,130,129,1,MOR02
543,Amedeus Stockmanslei 39,2022-01-21,09:00:00,55,52,3,MOR02
543,Amedeus Stockmanslei 39,2022-01-21,10:00:00,43,38,5,MOR02
543,Amedeus Stockmanslei 39,2022-01-21,11:00:00,57,56,1,MOR02
543,Amedeus Stockmanslei 39,2022-01-21,12:00:00,98,88,10,MOR02
543,Amedeus Stockmanslei 39,2022-01-21,13:00:00,62,59,3,MOR02
543,Amedeus Stockmanslei 39,2022-01-21,14:00:00,77,74,3,MOR02
543,Amedeus Stockmanslei 39,2022-01-21,15:00:00,127,124,3,MOR02
543,Amedeus Stockmanslei 39,2022-01-21,16:00:00,174,172,2,MOR02
543,Amedeus Stockmanslei 39,2022-01-21,17:00:00,135,132,3,MOR02
543,Amedeus Stockmanslei 39,2022-01-21,18:00:00,96,94,2,MOR02
543,Amedeus Stockmanslei 39,2022-01-21,19:00:00,74,64,10,MOR02
543,Amedeus Stockmanslei 39,2022-01-21,20:00:00,56,52,4,MOR02
543,Amedeus Stockmanslei 39,2022-01-21,21:00:00,29,25,4,MOR02
543,Amedeus Stockmanslei 39,2022-01-21,22:00:00,22,22,0,MOR02
543,Amedeus Stockmanslei 39,2022-01-21,23:00:00,43,43,0,MOR02
543,Amedeus Stockmanslei 39,2022-01-22,00:00:00,23,22,1,MOR02
543,Amedeus Stockmanslei 39,2022-01-22,01:00:00,17,16,1,MOR02
543,Amedeus Stockmanslei 39,2022-01-22,02:00:00,14,13,1,MOR02
543,Amedeus Stockmanslei 39,2022-01-22,03:00:00,9,6,3,MOR02
543,Amedeus Stockmanslei 39,2022-01-22,04:00:00,9,7,2,MOR02
543,Amedeus Stockmanslei 39,2022-01-22,05:00:00,12,12,0,MOR02
543,Amedeus Stockmanslei 39,2022-01-22,06:00:00,7,7,0,MOR02
543,Amedeus Stockmanslei 39,2022-01-22,07:00:00,10,8,2,MOR02
543,Amedeus Stockmanslei 39,2022-01-22,08:00:00,22,21,1,MOR02
543,Amedeus Stockmanslei 39,2022-01-22,09:00:00,45,41,4,MOR02
543,Amedeus Stockmanslei 39,2022-01-22,10:00:00,50,48,2,MOR02
543,Amedeus Stockmanslei 39,2022-01-22,11:00:00,67,61,6,MOR02
543,Amedeus Stockmanslei 39,2022-01-22,12:00:00,85,80,5,MOR02
543,Amedeus Stockmanslei 39,2022-01-22,13:00:00,82,79,3,MOR02
543,Amedeus Stockmanslei 39,2022-01-22,14:00:00,84,81,3,MOR02
543,Amedeus Stockmanslei 39,2022-01-22,15:00:00,76,70,6,MOR02
543,Amedeus Stockmanslei 39,2022-01-22,16:00:00,65,58,7,MOR02
543,Amedeus Stockmanslei 39,2022-01-22,17:00:00,65,62,3,MOR02
543,Amedeus Stockmanslei 39,2022-01-22,18:00:00,47,40,7,MOR02
543,Amedeus Stockmanslei 39,2022-01-22,19:00:00,33,25,8,MOR02
543,Amedeus Stockmanslei 39,2022-01-22,20:00:00,36,34,2,MOR02
543,Amedeus Stockmanslei 39,2022-01-22,21:00:00,16,15,1,MOR02
543,Amedeus Stockmanslei 39,2022-01-22,22:00:00,22,19,3,MOR02
543,Amedeus Stockmanslei 39,2022-01-22,23:00:00,36,33,3,MOR02
543,Amedeus Stockmanslei 39,2022-01-23,00:00:00,21,18,3,MOR02
543,Amedeus Stockmanslei 39,2022-01-23,01:00:00,11,8,3,MOR02
543,Amedeus Stockmanslei 39,2022-01-23,02:00:00,9,8,1,MOR02
543,Amedeus Stockmanslei 39,2022-01-23,03:00:00,6,6,0,MOR02
543,Amedeus Stockmanslei 39,2022-01-23,04:00:00,3,1,2,MOR02
543,Amedeus Stockmanslei 39,2022-01-23,05:00:00,8,6,2,MOR02
543,Amedeus Stockmanslei 39,2022-01-23,06:00:00,6,6,0,MOR02
543,Amedeus Stockmanslei 39,2022-01-23,07:00:00,15,14,1,MOR02
543,Amedeus Stockmanslei 39,2022-01-23,08:00:00,18,16,2,MOR02
543,Amedeus Stockmanslei 39,2022-01-23,09:00:00,51,47,4,MOR02
543,Amedeus Stockmanslei 39,2022-01-23,10:00:00,55,54,1,MOR02
543,Amedeus Stockmanslei 39,2022-01-23,11:00:00,58,52,6,MOR02
543,Amedeus Stockmanslei 39,2022-01-23,12:00:00,74,71,3,MOR02
543,Amedeus Stockmanslei 39,2022-01-23,13:00:00,62,51,11,MOR02
543,Amedeus Stockmanslei 39,2022-01-23,14:00:00,75,73,2,MOR02
543,Amedeus Stockmanslei 39,2022-01-23,15:00:00,64,62,2,MOR02
543,Amedeus Stockmanslei 39,2022-01-23,16:00:00,49,42,7,MOR02
543,Amedeus Stockmanslei 39,2022-01-23,17:00:00,70,67,3,MOR02
543,Amedeus Stockmanslei 39,2022-01-23,18:00:00,39,35,4,MOR02
543,Amedeus Stockmanslei 39,2022-01-23,19:00:00,28,28,0,MOR02
543,Amedeus Stockmanslei 39,2022-01-23,20:00:00,18,18,0,MOR02
543,Amedeus Stockmanslei 39,2022-01-23,21:00:00,15,14,1,MOR02
543,Amedeus Stockmanslei 39,2022-01-23,22:00:00,14,14,0,MOR02
543,Amedeus Stockmanslei 39,2022-01-23,23:00:00,4,3,1,MOR02
543,Amedeus Stockmanslei 39,2022-01-24,00:00:00,5,4,1,MOR02
543,Amedeus Stockmanslei 39,2022-01-24,01:00:00,1,1,0,MOR02
543,Amedeus Stockmanslei 39,2022-01-24,02:00:00,0,0,0,MOR02
543,Amedeus Stockmanslei 39,2022-01-24,03:00:00,2,1,1,MOR02
543,Amedeus Stockmanslei 39,2022-01-24,04:00:00,4,4,0,MOR02
543,Amedeus Stockmanslei 39,2022-01-24,05:00:00,17,17,0,MOR02
543,Amedeus Stockmanslei 39,2022-01-24,06:00:00,26,25,1,MOR02
543,Amedeus Stockmanslei 39,2022-01-24,07:00:00,90,87,3,MOR02
543,Amedeus Stockmanslei 39,2022-01-24,08:00:00,116,114,2,MOR02
543,Amedeus Stockmanslei 39,2022-01-24,09:00:00,128,125,3,MOR02
543,Amedeus Stockmanslei 39,2022-01-24,10:00:00,54,50,4,MOR02
543,Amedeus Stockmanslei 39,2022-01-24,11:00:00,47,44,3,MOR02
543,Amedeus Stockmanslei 39,2022-01-24,12:00:00,94,89,5,MOR02
543,Amedeus Stockmanslei 39,2022-01-24,13:00:00,74,70,4,MOR02
543,Amedeus Stockmanslei 39,2022-01-24,14:00:00,101,94,7,MOR02
543,Amedeus Stockmanslei 39,2022-01-24,15:00:00,136,134,2,MOR02
543,Amedeus Stockmanslei 39,2022-01-24,16:00:00,228,225,3,MOR02
543,Amedeus Stockmanslei 39,2022-01-24,17:00:00,207,202,5,MOR02
543,Amedeus Stockmanslei 39,2022-01-24,18:00:00,145,140,5,MOR02
543,Amedeus Stockmanslei 39,2022-01-24,19:00:00,73,67,6,MOR02
543,Amedeus Stockmanslei 39,2022-01-24,20:00:00,28,26,2,MOR02
543,Amedeus Stockmanslei 39,2022-01-24,21:00:00,32,29,3,MOR02
543,Amedeus Stockmanslei 39,2022-01-24,22:00:00,26,25,1,MOR02
543,Amedeus Stockmanslei 39,2022-01-24,23:00:00,13,12,1,MOR02
543,Amedeus Stockmanslei 39,2022-01-25,00:00:00,10,9,1,MOR02
543,Amedeus Stockmanslei 39,2022-01-25,01:00:00,2,2,0,MOR02
543,Amedeus Stockmanslei 39,2022-01-25,02:00:00,0,0,0,MOR02
543,Amedeus Stockmanslei 39,2022-01-25,03:00:00,5,4,1,MOR02
543,Amedeus Stockmanslei 39,2022-01-25,04:00:00,3,3,0,MOR02
543,Amedeus Stockmanslei 39,2022-01-25,05:00:00,10,10,0,MOR02
543,Amedeus Stockmanslei 39,2022-01-25,06:00:00,25,25,0,MOR02
543,Amedeus Stockmanslei 39,2022-01-25,07:00:00,75,72,3,MOR02
543,Amedeus Stockmanslei 39,2022-01-25,08:00:00,145,144,1,MOR02
543,Amedeus Stockmanslei 39,2022-01-25,09:00:00,41,40,1,MOR02
543,Amedeus Stockmanslei 39,2022-01-25,10:00:00,42,38,4,MOR02
543,Amedeus Stockmanslei 39,2022-01-25,11:00:00,55,53,2,MOR02
543,Amedeus Stockmanslei 39,2022-01-25,12:00:00,78,75,3,MOR02
543,Amedeus Stockmanslei 39,2022-01-25,13:00:00,72,63,9,MOR02
543,Amedeus Stockmanslei 39,2022-01-25,14:00:00,57,56,1,MOR02
543,Amedeus Stockmanslei 39,2022-01-25,15:00:00,126,123,3,MOR02
543,Amedeus Stockmanslei 39,2022-01-25,16:00:00,208,204,4,MOR02
543,Amedeus Stockmanslei 39,2022-01-25,17:00:00,219,212,7,MOR02
543,Amedeus Stockmanslei 39,2022-01-25,18:00:00,153,152,1,MOR02
543,Amedeus Stockmanslei 39,2022-01-25,19:00:00,74,70,4,MOR02
543,Amedeus Stockmanslei 39,2022-01-25,20:00:00,44,43,1,MOR02
543,Amedeus Stockmanslei 39,2022-01-25,21:00:00,23,22,1,MOR02
543,Amedeus Stockmanslei 39,2022-01-25,22:00:00,36,35,1,MOR02
543,Amedeus Stockmanslei 39,2022-01-25,23:00:00,25,24,1,MOR02
543,Amedeus Stockmanslei 39,2022-01-26,00:00:00,4,4,0,MOR02
543,Amedeus Stockmanslei 39,2022-01-26,01:00:00,2,1,1,MOR02
543,Amedeus Stockmanslei 39,2022-01-26,02:00:00,3,3,0,MOR02
543,Amedeus Stockmanslei 39,2022-01-26,03:00:00,5,4,1,MOR02
543,Amedeus Stockmanslei 39,2022-01-26,04:00:00,6,6,0,MOR02
543,Amedeus Stockmanslei 39,2022-01-26,05:00:00,9,9,0,MOR02
543,Amedeus Stockmanslei 39,2022-01-26,06:00:00,25,24,1,MOR02
543,Amedeus Stockmanslei 39,2022-01-26,07:00:00,80,80,0,MOR02
543,Amedeus Stockmanslei 39,2022-01-26,08:00:00,148,144,4,MOR02
543,Amedeus Stockmanslei 39,2022-01-26,09:00:00,71,67,4,MOR02
543,Amedeus Stockmanslei 39,2022-01-26,10:00:00,63,62,1,MOR02
543,Amedeus Stockmanslei 39,2022-01-26,11:00:00,64,60,4,MOR02
543,Amedeus Stockmanslei 39,2022-01-26,12:00:00,124,122,2,MOR02
543,Amedeus Stockmanslei 39,2022-01-26,13:00:00,86,82,4,MOR02
543,Amedeus Stockmanslei 39,2022-01-26,14:00:00,71,67,4,MOR02
543,Amedeus Stockmanslei 39,2022-01-26,15:00:00,85,81,4,MOR02
543,Amedeus Stockmanslei 39,2022-01-26,16:00:00,103,99,4,MOR02
543,Amedeus Stockmanslei 39,2022-01-26,17:00:00,200,195,5,MOR02
543,Amedeus Stockmanslei 39,2022-01-26,18:00:00,116,114,2,MOR02
543,Amedeus Stockmanslei 39,2022-01-26,19:00:00,70,66,4,MOR02
543,Amedeus Stockmanslei 39,2022-01-26,20:00:00,29,29,0,MOR02
543,Amedeus Stockmanslei 39,2022-01-26,21:00:00,27,27,0,MOR02
543,Amedeus Stockmanslei 39,2022-01-26,22:00:00,25,25,0,MOR02
543,Amedeus Stockmanslei 39,2022-01-26,23:00:00,21,18,3,MOR02
543,Amedeus Stockmanslei 39,2022-01-27,00:00:00,12,12,0,MOR02
543,Amedeus Stockmanslei 39,2022-01-27,01:00:00,7,7,0,MOR02
543,Amedeus Stockmanslei 39,2022-01-27,02:00:00,1,1,0,MOR02
543,Amedeus Stockmanslei 39,2022-01-27,03:00:00,3,2,1,MOR02
543,Amedeus Stockmanslei 39,2022-01-27,04:00:00,4,3,1,MOR02
543,Amedeus Stockmanslei 39,2022-01-27,05:00:00,10,10,0,MOR02
543,Amedeus Stockmanslei 39,2022-01-27,06:00:00,23,23,0,MOR02
543,Amedeus Stockmanslei 39,2022-01-27,07:00:00,75,75,0,MOR02
543,Amedeus Stockmanslei 39,2022-01-27,08:00:00,146,145,1,MOR02
543,Amedeus Stockmanslei 39,2022-01-27,09:00:00,44,41,3,MOR02
543,Amedeus Stockmanslei 39,2022-01-27,10:00:00,27,24,3,MOR02
543,Amedeus Stockmanslei 39,2022-01-27,11:00:00,41,38,3,MOR02
543,Amedeus Stockmanslei 39,2022-01-27,12:00:00,58,54,4,MOR02
543,Amedeus Stockmanslei 39,2022-01-27,13:00:00,49,46,3,MOR02
543,Amedeus Stockmanslei 39,2022-01-27,14:00:00,63,60,3,MOR02
543,Amedeus Stockmanslei 39,2022-01-27,15:00:00,97,96,1,MOR02
543,Amedeus Stockmanslei 39,2022-01-27,16:00:00,162,161,1,MOR02
543,Amedeus Stockmanslei 39,2022-01-27,17:00:00,175,171,4,MOR02
543,Amedeus Stockmanslei 39,2022-01-27,18:00:00,130,127,3,MOR02
543,Amedeus Stockmanslei 39,2022-01-27,19:00:00,90,85,5,MOR02
543,Amedeus Stockmanslei 39,2022-01-27,20:00:00,47,38,9,MOR02
543,Amedeus Stockmanslei 39,2022-01-27,21:00:00,34,31,3,MOR02
543,Amedeus Stockmanslei 39,2022-01-27,22:00:00,31,29,2,MOR02
543,Amedeus Stockmanslei 39,2022-01-27,23:00:00,37,32,5,MOR02
543,Amedeus Stockmanslei 39,2022-01-28,00:00:00,16,15,1,MOR02
543,Amedeus Stockmanslei 39,2022-01-28,01:00:00,9,9,0,MOR02
543,Amedeus Stockmanslei 39,2022-01-28,02:00:00,3,3,0,MOR02
543,Amedeus Stockmanslei 39,2022-01-28,03:00:00,3,3,0,MOR02
543,Amedeus Stockmanslei 39,2022-01-28,04:00:00,10,8,2,MOR02
543,Amedeus Stockmanslei 39,2022-01-28,05:00:00,14,14,0,MOR02
543,Amedeus Stockmanslei 39,2022-01-28,06:00:00,25,23,2,MOR02
543,Amedeus Stockmanslei 39,2022-01-28,07:00:00,81,78,3,MOR02
543,Amedeus Stockmanslei 39,2022-01-28,08:00:00,147,138,9,MOR02
543,Amedeus Stockmanslei 39,2022-01-28,09:00:00,55,54,1,MOR02
543,Amedeus Stockmanslei 39,2022-01-28,10:00:00,74,66,8,MOR02
543,Amedeus Stockmanslei 39,2022-01-28,11:00:00,67,60,7,MOR02
543,Amedeus Stockmanslei 39,2022-01-28,12:00:00,108,104,4,MOR02
543,Amedeus Stockmanslei 39,2022-01-28,13:00:00,80,77,3,MOR02
543,Amedeus Stockmanslei 39,2022-01-28,14:00:00,102,98,4,MOR02
543,Amedeus Stockmanslei 39,2022-01-28,15:00:00,144,139,5,MOR02
543,Amedeus Stockmanslei 39,2022-01-28,16:00:00,187,182,5,MOR02
543,Amedeus Stockmanslei 39,2022-01-28,17:00:00,166,160,6,MOR02
543,Amedeus Stockmanslei 39,2022-01-28,18:00:00,109,107,2,MOR02
543,Amedeus Stockmanslei 39,2022-01-28,19:00:00,59,59,0,MOR02
543,Amedeus Stockmanslei 39,2022-01-28,20:00:00,52,51,1,MOR02
543,Amedeus Stockmanslei 39,2022-01-28,21:00:00,28,27,1,MOR02
543,Amedeus Stockmanslei 39,2022-01-28,22:00:00,30,30,0,MOR02
543,Amedeus Stockmanslei 39,2022-01-28,23:00:00,35,34,1,MOR02
543,Amedeus Stockmanslei 39,2022-01-29,00:00:00,46,42,4,MOR02
543,Amedeus Stockmanslei 39,2022-01-29,01:00:00,19,14,5,MOR02
543,Amedeus Stockmanslei 39,2022-01-29,02:00:00,8,6,2,MOR02
543,Amedeus Stockmanslei 39,2022-01-29,03:00:00,3,3,0,MOR02
543,Amedeus Stockmanslei 39,2022-01-29,04:00:00,6,5,1,MOR02
543,Amedeus Stockmanslei 39,2022-01-29,05:00:00,8,8,0,MOR02
543,Amedeus Stockmanslei 39,2022-01-29,06:00:00,15,14,1,MOR02
543,Amedeus Stockmanslei 39,2022-01-29,07:00:00,10,10,0,MOR02
543,Amedeus Stockmanslei 39,2022-01-29,08:00:00,35,33,2,MOR02
543,Amedeus Stockmanslei 39,2022-01-29,09:00:00,39,35,4,MOR02
543,Amedeus Stockmanslei 39,2022-01-29,10:00:00,47,43,4,MOR02
543,Amedeus Stockmanslei 39,2022-01-29,11:00:00,52,45,7,MOR02
543,Amedeus Stockmanslei 39,2022-01-29,12:00:00,77,71,6,MOR02
543,Amedeus Stockmanslei 39,2022-01-29,13:00:00,82,72,10,MOR02
543,Amedeus Stockmanslei 39,2022-01-29,14:00:00,72,66,6,MOR02
543,Amedeus Stockmanslei 39,2022-01-29,15:00:00,99,97,2,MOR02
543,Amedeus Stockmanslei 39,2022-01-29,16:00:00,71,69,2,MOR02
543,Amedeus Stockmanslei 39,2022-01-29,17:00:00,67,63,4,MOR02
543,Amedeus Stockmanslei 39,2022-01-29,18:00:00,54,49,5,MOR02
543,Amedeus Stockmanslei 39,2022-01-29,19:00:00,28,24,4,MOR02
543,Amedeus Stockmanslei 39,2022-01-29,20:00:00,18,15,3,MOR02
543,Amedeus Stockmanslei 39,2022-01-29,21:00:00,26,25,1,MOR02
543,Amedeus Stockmanslei 39,2022-01-29,22:00:00,31,29,2,MOR02
543,Amedeus Stockmanslei 39,2022-01-29,23:00:00,25,22,3,MOR02
543,Amedeus Stockmanslei 39,2022-01-30,00:00:00,31,31,0,MOR02
543,Amedeus Stockmanslei 39,2022-01-30,01:00:00,17,15,2,MOR02
543,Amedeus Stockmanslei 39,2022-01-30,02:00:00,6,3,3,MOR02
543,Amedeus Stockmanslei 39,2022-01-30,03:00:00,5,3,2,MOR02
543,Amedeus Stockmanslei 39,2022-01-30,04:00:00,6,5,1,MOR02
543,Amedeus Stockmanslei 39,2022-01-30,05:00:00,4,3,1,MOR02
543,Amedeus Stockmanslei 39,2022-01-30,06:00:00,10,10,0,MOR02
543,Amedeus Stockmanslei 39,2022-01-30,07:00:00,15,15,0,MOR02
543,Amedeus Stockmanslei 39,2022-01-30,08:00:00,20,20,0,MOR02
543,Amedeus Stockmanslei 39,2022-01-30,09:00:00,56,55,1,MOR02
543,Amedeus Stockmanslei 39,2022-01-30,10:00:00,71,67,4,MOR02
543,Amedeus Stockmanslei 39,2022-01-30,11:00:00,82,74,8,MOR02
543,Amedeus Stockmanslei 39,2022-01-30,12:00:00,90,83,7,MOR02
543,Amedeus Stockmanslei 39,2022-01-30,13:00:00,78,67,11,MOR02
543,Amedeus Stockmanslei 39,2022-01-30,14:00:00,104,94,10,MOR02
543,Amedeus Stockmanslei 39,2022-01-30,15:00:00,88,80,8,MOR02
543,Amedeus Stockmanslei 39,2022-01-30,16:00:00,95,91,4,MOR02
543,Amedeus Stockmanslei 39,2022-01-30,17:00:00,63,61,2,MOR02
543,Amedeus Stockmanslei 39,2022-01-30,18:00:00,43,41,2,MOR02
543,Amedeus Stockmanslei 39,2022-01-30,19:00:00,19,19,0,MOR02
543,Amedeus Stockmanslei 39,2022-01-30,20:00:00,33,24,9,MOR02
543,Amedeus Stockmanslei 39,2022-01-30,21:00:00,18,16,2,MOR02
543,Amedeus Stockmanslei 39,2022-01-30,22:00:00,18,16,2,MOR02
543,Amedeus Stockmanslei 39,2022-01-30,23:00:00,9,8,1,MOR02
543,Amedeus Stockmanslei 39,2022-01-31,00:00:00,2,2,0,MOR02
543,Amedeus Stockmanslei 39,2022-01-31,01:00:00,2,2,0,MOR02
543,Amedeus Stockmanslei 39,2022-01-31,02:00:00,1,1,0,MOR02
543,Amedeus Stockmanslei 39,2022-01-31,03:00:00,2,1,1,MOR02
543,Amedeus Stockmanslei 39,2022-01-31,04:00:00,9,9,0,MOR02
543,Amedeus Stockmanslei 39,2022-01-31,05:00:00,9,9,0,MOR02
543,Amedeus Stockmanslei 39,2022-01-31,06:00:00,26,24,2,MOR02
543,Amedeus Stockmanslei 39,2022-01-31,07:00:00,68,66,2,MOR02
543,Amedeus Stockmanslei 39,2022-01-31,08:00:00,115,113,2,MOR02
543,Amedeus Stockmanslei 39,2022-01-31,09:00:00,44,42,2,MOR02
543,Amedeus Stockmanslei 39,2022-01-31,10:00:00,31,30,1,MOR02
543,Amedeus Stockmanslei 39,2022-01-31,11:00:00,30,30,0,MOR02
543,Amedeus Stockmanslei 39,2022-01-31,12:00:00,42,39,3,MOR02
543,Amedeus Stockmanslei 39,2022-01-31,13:00:00,32,31,1,MOR02
543,Amedeus Stockmanslei 39,2022-01-31,14:00:00,43,41,2,MOR02
543,Amedeus Stockmanslei 39,2022-01-31,15:00:00,84,82,2,MOR02
543,Amedeus Stockmanslei 39,2022-01-31,16:00:00,163,162,1,MOR02
543,Amedeus Stockmanslei 39,2022-01-31,17:00:00,159,158,1,MOR02
543,Amedeus Stockmanslei 39,2022-01-31,18:00:00,115,113,2,MOR02
543,Amedeus Stockmanslei 39,2022-01-31,19:00:00,43,42,1,MOR02
543,Amedeus Stockmanslei 39,2022-01-31,20:00:00,27,21,6,MOR02
543,Amedeus Stockmanslei 39,2022-01-31,21:00:00,20,19,1,MOR02
543,Amedeus Stockmanslei 39,2022-01-31,22:00:00,22,20,2,MOR02
543,Amedeus Stockmanslei 39,2022-01-31,23:00:00,6,4,2,MOR02
543,Amedeus Stockmanslei 39,2022-02-01,00:00:00,5,4,1,MOR02
543,Amedeus Stockmanslei 39,2022-02-01,01:00:00,1,1,0,MOR02
543,Amedeus Stockmanslei 39,2022-02-01,02:00:00,1,1,0,MOR02
543,Amedeus Stockmanslei 39,2022-02-01,03:00:00,2,1,1,MOR02
543,Amedeus Stockmanslei 39,2022-02-01,04:00:00,4,3,1,MOR02
543,Amedeus Stockmanslei 39,2022-02-01,05:00:00,13,12,1,MOR02
543,Amedeus Stockmanslei 39,2022-02-01,06:00:00,19,18,1,MOR02
543,Amedeus Stockmanslei 39,2022-02-01,07:00:00,74,73,1,MOR02
543,Amedeus Stockmanslei 39,2022-02-01,08:00:00,135,134,1,MOR02
543,Amedeus Stockmanslei 39,2022-02-01,09:00:00,37,36,1,MOR02
543,Amedeus Stockmanslei 39,2022-02-01,10:00:00,43,40,3,MOR02
543,Amedeus Stockmanslei 39,2022-02-01,11:00:00,25,23,2,MOR02
543,Amedeus Stockmanslei 39,2022-02-01,12:00:00,54,53,1,MOR02
543,Amedeus Stockmanslei 39,2022-02-01,13:00:00,54,52,2,MOR02
543,Amedeus Stockmanslei 39,2022-02-01,14:00:00,58,55,3,MOR02
543,Amedeus Stockmanslei 39,2022-02-01,15:00:00,111,109,2,MOR02
543,Amedeus Stockmanslei 39,2022-02-01,16:00:00,228,221,7,MOR02
543,Amedeus Stockmanslei 39,2022-02-01,17:00:00,196,193,3,MOR02
543,Amedeus Stockmanslei 39,2022-02-01,18:00:00,135,133,2,MOR02
543,Amedeus Stockmanslei 39,2022-02-01,19:00:00,61,60,1,MOR02
543,Amedeus Stockmanslei 39,2022-02-01,20:00:00,46,42,4,MOR02
543,Amedeus Stockmanslei 39,2022-02-01,21:00:00,35,32,3,MOR02
543,Amedeus Stockmanslei 39,2022-02-01,22:00:00,31,29,2,MOR02
543,Amedeus Stockmanslei 39,2022-02-01,23:00:00,21,19,2,MOR02
543,Amedeus Stockmanslei 39,2022-02-02,00:00:00,11,9,2,MOR02
543,Amedeus Stockmanslei 39,2022-02-02,01:00:00,4,4,0,MOR02
543,Amedeus Stockmanslei 39,2022-02-02,02:00:00,1,1,0,MOR02
543,Amedeus Stockmanslei 39,2022-02-02,03:00:00,5,2,3,MOR02
543,Amedeus Stockmanslei 39,2022-02-02,04:00:00,7,6,1,MOR02
543,Amedeus Stockmanslei 39,2022-02-02,05:00:00,10,10,0,MOR02
543,Amedeus Stockmanslei 39,2022-02-02,06:00:00,27,26,1,MOR02
543,Amedeus Stockmanslei 39,2022-02-02,07:00:00,91,91,0,MOR02
543,Amedeus Stockmanslei 39,2022-02-02,08:00:00,121,120,1,MOR02
543,Amedeus Stockmanslei 39,2022-02-02,09:00:00,86,81,5,MOR02
543,Amedeus Stockmanslei 39,2022-02-02,10:00:00,59,57,2,MOR02
543,Amedeus Stockmanslei 39,2022-02-02,11:00:00,52,48,4,MOR02
543,Amedeus Stockmanslei 39,2022-02-02,12:00:00,139,134,5,MOR02
543,Amedeus Stockmanslei 39,2022-02-02,13:00:00,103,101,2,MOR02
543,Amedeus Stockmanslei 39,2022-02-02,14:00:00,80,79,1,MOR02
543,Amedeus Stockmanslei 39,2022-02-02,15:00:00,81,78,3,MOR02
543,Amedeus Stockmanslei 39,2022-02-02,16:00:00,134,133,1,MOR02
543,Amedeus Stockmanslei 39,2022-02-02,17:00:00,183,177,6,MOR02
543,Amedeus Stockmanslei 39,2022-02-02,18:00:00,125,120,5,MOR02
543,Amedeus Stockmanslei 39,2022-02-02,19:00:00,68,63,5,MOR02
543,Amedeus Stockmanslei 39,2022-02-02,20:00:00,40,34,6,MOR02
543,Amedeus Stockmanslei 39,2022-02-02,21:00:00,39,39,0,MOR02
543,Amedeus Stockmanslei 39,2022-02-02,22:00:00,42,39,3,MOR02
543,Amedeus Stockmanslei 39,2022-02-02,23:00:00,22,19,3,MOR02
543,Amedeus Stockmanslei 39,2022-02-03,00:00:00,17,16,1,MOR02
543,Amedeus Stockmanslei 39,2022-02-03,01:00:00,7,7,0,MOR02
543,Amedeus Stockmanslei 39,2022-02-03,02:00:00,6,5,1,MOR02
543,Amedeus Stockmanslei 39,2022-02-03,03:00:00,5,4,1,MOR02
543,Amedeus Stockmanslei 39,2022-02-03,04:00:00,12,12,0,MOR02
543,Amedeus Stockmanslei 39,2022-02-03,05:00:00,13,13,0,MOR02
543,Amedeus Stockmanslei 39,2022-02-03,06:00:00,26,25,1,MOR02
543,Amedeus Stockmanslei 39,2022-02-03,07:00:00,94,90,4,MOR02
543,Amedeus Stockmanslei 39,2022-02-03,08:00:00,153,153,0,MOR02
543,Amedeus Stockmanslei 39,2022-02-03,09:00:00,52,51,1,MOR02
543,Amedeus Stockmanslei 39,2022-02-03,10:00:00,52,46,6,MOR02
543,Amedeus Stockmanslei 39,2022-02-03,11:00:00,44,39,5,MOR02
543,Amedeus Stockmanslei 39,2022-02-03,12:00:00,57,57,0,MOR02
543,Amedeus Stockmanslei 39,2022-02-03,13:00:00,73,68,5,MOR02
543,Amedeus Stockmanslei 39,2022-02-03,14:00:00,81,78,3,MOR02
543,Amedeus Stockmanslei 39,2022-02-03,15:00:00,135,129,6,MOR02
543,Amedeus Stockmanslei 39,2022-02-03,16:00:00,208,203,5,MOR02
543,Amedeus Stockmanslei 39,2022-02-03,17:00:00,201,198,3,MOR02
543,Amedeus Stockmanslei 39,2022-02-03,18:00:00,137,134,3,MOR02
543,Amedeus Stockmanslei 39,2022-02-03,19:00:00,89,86,3,MOR02
543,Amedeus Stockmanslei 39,2022-02-03,20:00:00,46,41,5,MOR02
543,Amedeus Stockmanslei 39,2022-02-03,21:00:00,23,22,1,MOR02
543,Amedeus Stockmanslei 39,2022-02-03,22:00:00,46,45,1,MOR02
543,Amedeus Stockmanslei 39,2022-02-03,23:00:00,28,23,5,MOR02
543,Amedeus Stockmanslei 39,2022-02-04,00:00:00,15,13,2,MOR02
543,Amedeus Stockmanslei 39,2022-02-04,01:00:00,11,8,3,MOR02
543,Amedeus Stockmanslei 39,2022-02-04,02:00:00,4,3,1,MOR02
543,Amedeus Stockmanslei 39,2022-02-04,03:00:00,2,2,0,MOR02
543,Amedeus Stockmanslei 39,2022-02-04,04:00:00,9,9,0,MOR02
543,Amedeus Stockmanslei 39,2022-02-04,05:00:00,14,13,1,MOR02
543,Amedeus Stockmanslei 39,2022-02-04,06:00:00,25,23,2,MOR02
543,Amedeus Stockmanslei 39,2022-02-04,07:00:00,66,66,0,MOR02
543,Amedeus Stockmanslei 39,2022-02-04,08:00:00,160,157,3,MOR02
543,Amedeus Stockmanslei 39,2022-02-04,09:00:00,51,49,2,MOR02
543,Amedeus Stockmanslei 39,2022-02-04,10:00:00,42,36,6,MOR02
543,Amedeus Stockmanslei 39,2022-02-04,11:00:00,38,38,0,MOR02
543,Amedeus Stockmanslei 39,2022-02-04,12:00:00,79,75,4,MOR02
543,Amedeus Stockmanslei 39,2022-02-04,13:00:00,66,62,4,MOR02
543,Amedeus Stockmanslei 39,2022-02-04,14:00:00,61,59,2,MOR02
543,Amedeus Stockmanslei 39,2022-02-04,15:00:00,108,106,2,MOR02
543,Amedeus Stockmanslei 39,2022-02-04,16:00:00,172,169,3,MOR02
543,Amedeus Stockmanslei 39,2022-02-04,17:00:00,141,139,2,MOR02
543,Amedeus Stockmanslei 39,2022-02-04,18:00:00,112,107,5,MOR02
543,Amedeus Stockmanslei 39,2022-02-04,19:00:00,58,57,1,MOR02
543,Amedeus Stockmanslei 39,2022-02-04,20:00:00,40,36,4,MOR02
543,Amedeus Stockmanslei 39,2022-02-04,21:00:00,26,24,2,MOR02
543,Amedeus Stockmanslei 39,2022-02-04,22:00:00,32,29,3,MOR02
543,Amedeus Stockmanslei 39,2022-02-04,23:00:00,33,28,5,MOR02
543,Amedeus Stockmanslei 39,2022-02-05,00:00:00,39,37,2,MOR02
543,Amedeus Stockmanslei 39,2022-02-05,01:00:00,28,24,4,MOR02
543,Amedeus Stockmanslei 39,2022-02-05,02:00:00,11,7,4,MOR02
543,Amedeus Stockmanslei 39,2022-02-05,03:00:00,5,4,1,MOR02
543,Amedeus Stockmanslei 39,2022-02-05,04:00:00,11,10,1,MOR02
543,Amedeus Stockmanslei 39,2022-02-05,05:00:00,3,3,0,MOR02
543,Amedeus Stockmanslei 39,2022-02-05,06:00:00,8,8,0,MOR02
543,Amedeus Stockmanslei 39,2022-02-05,07:00:00,14,13,1,MOR02
543,Amedeus Stockmanslei 39,2022-02-05,08:00:00,32,30,2,MOR02
543,Amedeus Stockmanslei 39,2022-02-05,09:00:00,54,49,5,MOR02
543,Amedeus Stockmanslei 39,2022-02-05,10:00:00,86,83,3,MOR02
543,Amedeus Stockmanslei 39,2022-02-05,11:00:00,90,88,2,MOR02
543,Amedeus Stockmanslei 39,2022-02-05,12:00:00,99,92,7,MOR02
543,Amedeus Stockmanslei 39,2022-02-05,13:00:00,140,138,2,MOR02
543,Amedeus Stockmanslei 39,2022-02-05,14:00:00,141,134,7,MOR02
543,Amedeus Stockmanslei 39,2022-02-05,15:00:00,109,100,9,MOR02
543,Amedeus Stockmanslei 39,2022-02-05,16:00:00,115,107,8,MOR02
543,Amedeus Stockmanslei 39,2022-02-05,17:00:00,107,97,10,MOR02
543,Amedeus Stockmanslei 39,2022-02-05,18:00:00,38,36,2,MOR02
543,Amedeus Stockmanslei 39,2022-02-05,19:00:00,30,22,8,MOR02
543,Amedeus Stockmanslei 39,2022-02-05,20:00:00,41,38,3,MOR02
543,Amedeus Stockmanslei 39,2022-02-05,21:00:00,22,20,2,MOR02
543,Amedeus Stockmanslei 39,2022-02-05,22:00:00,34,29,5,MOR02
543,Amedeus Stockmanslei 39,2022-02-05,23:00:00,34,29,5,MOR02
543,Amedeus Stockmanslei 39,2022-02-06,00:00:00,38,32,6,MOR02
543,Amedeus Stockmanslei 39,2022-02-06,01:00:00,17,13,4,MOR02
543,Amedeus Stockmanslei 39,2022-02-06,02:00:00,5,5,0,MOR02
543,Amedeus Stockmanslei 39,2022-02-06,03:00:00,0,0,0,MOR02
543,Amedeus Stockmanslei 39,2022-02-06,04:00:00,5,4,1,MOR02
543,Amedeus Stockmanslei 39,2022-02-06,05:00:00,3,2,1,MOR02
543,Amedeus Stockmanslei 39,2022-02-06,06:00:00,5,5,0,MOR02
543,Amedeus Stockmanslei 39,2022-02-06,07:00:00,9,8,1,MOR02
543,Amedeus Stockmanslei 39,2022-02-06,08:00:00,6,6,0,MOR02
543,Amedeus Stockmanslei 39,2022-02-06,09:00:00,15,14,1,MOR02
543,Amedeus Stockmanslei 39,2022-02-06,10:00:00,13,11,2,MOR02
543,Amedeus Stockmanslei 39,2022-02-06,11:00:00,7,7,0,MOR02
543,Amedeus Stockmanslei 39,2022-02-06,12:00:00,26,26,0,MOR02
543,Amedeus Stockmanslei 39,2022-02-06,13:00:00,21,18,3,MOR02
543,Amedeus Stockmanslei 39,2022-02-06,14:00:00,15,13,2,MOR02
543,Amedeus Stockmanslei 39,2022-02-06,15:00:00,19,16,3,MOR02
543,Amedeus Stockmanslei 39,2022-02-06,16:00:00,20,19,1,MOR02
543,Amedeus Stockmanslei 39,2022-02-06,17:00:00,23,21,2,MOR02
543,Amedeus Stockmanslei 39,2022-02-06,18:00:00,13,11,2,MOR02
543,Amedeus Stockmanslei 39,2022-02-06,19:00:00,11,11,0,MOR02
543,Amedeus Stockmanslei 39,2022-02-06,20:00:00,8,7,1,MOR02
543,Amedeus Stockmanslei 39,2022-02-06,21:00:00,12,12,0,MOR02
543,Amedeus Stockmanslei 39,2022-02-06,22:00:00,9,7,2,MOR02
543,Amedeus Stockmanslei 39,2022-02-06,23:00:00,5,5,0,MOR02
543,Amedeus Stockmanslei 39,2022-02-07,00:00:00,3,1,2,MOR02
543,Amedeus Stockmanslei 39,2022-02-07,01:00:00,1,1,0,MOR02
543,Amedeus Stockmanslei 39,2022-02-07,02:00:00,0,0,0,MOR02
543,Amedeus Stockmanslei 39,2022-02-07,03:00:00,3,0,3,MOR02
543,Amedeus Stockmanslei 39,2022-02-07,04:00:00,5,4,1,MOR02
543,Amedeus Stockmanslei 39,2022-02-07,05:00:00,11,9,2,MOR02
543,Amedeus Stockmanslei 39,2022-02-07,06:00:00,26,25,1,MOR02
543,Amedeus Stockmanslei 39,2022-02-07,07:00:00,93,92,1,MOR02
543,Amedeus Stockmanslei 39,2022-02-07,08:00:00,155,149,6,MOR02
543,Amedeus Stockmanslei 39,2022-02-07,09:00:00,148,144,4,MOR02
543,Amedeus Stockmanslei 39,2022-02-07,10:00:00,49,45,4,MOR02
543,Amedeus Stockmanslei 39,2022-02-07,11:00:00,63,55,8,MOR02
543,Amedeus Stockmanslei 39,2022-02-07,12:00:00,60,54,6,MOR02
543,Amedeus Stockmanslei 39,2022-02-07,13:00:00,65,60,5,MOR02
543,Amedeus Stockmanslei 39,2022-02-07,14:00:00,89,83,6,MOR02
543,Amedeus Stockmanslei 39,2022-02-07,15:00:00,135,135,0,MOR02
543,Amedeus Stockmanslei 39,2022-02-07,16:00:00,212,209,3,MOR02
543,Amedeus Stockmanslei 39,2022-02-07,17:00:00,245,245,0,MOR02
543,Amedeus Stockmanslei 39,2022-02-07,18:00:00,145,143,2,MOR02
543,Amedeus Stockmanslei 39,2022-02-07,19:00:00,68,65,3,MOR02
543,Amedeus Stockmanslei 39,2022-02-07,20:00:00,44,41,3,MOR02
543,Amedeus Stockmanslei 39,2022-02-07,21:00:00,33,29,4,MOR02
543,Amedeus Stockmanslei 39,2022-02-07,22:00:00,40,37,3,MOR02
543,Amedeus Stockmanslei 39,2022-02-07,23:00:00,8,8,0,MOR02
543,Amedeus Stockmanslei 39,2022-02-08,00:00:00,9,8,1,MOR02
543,Amedeus Stockmanslei 39,2022-02-08,01:00:00,3,3,0,MOR02
543,Amedeus Stockmanslei 39,2022-02-08,02:00:00,0,0,0,MOR02
543,Amedeus Stockmanslei 39,2022-02-08,03:00:00,0,0,0,MOR02
543,Amedeus Stockmanslei 39,2022-02-08,04:00:00,5,4,1,MOR02
543,Amedeus Stockmanslei 39,2022-02-08,05:00:00,11,10,1,MOR02
543,Amedeus Stockmanslei 39,2022-02-08,06:00:00,30,28,2,MOR02
543,Amedeus Stockmanslei 39,2022-02-08,07:00:00,104,103,1,MOR02
543,Amedeus Stockmanslei 39,2022-02-08,08:00:00,164,157,7,MOR02
543,Amedeus Stockmanslei 39,2022-02-08,09:00:00,57,50,7,MOR02
543,Amedeus Stockmanslei 39,2022-02-08,10:00:00,55,47,8,MOR02
543,Amedeus Stockmanslei 39,2022-02-08,11:00:00,45,38,7,MOR02
543,Amedeus Stockmanslei 39,2022-02-08,12:00:00,71,69,2,MOR02
543,Amedeus Stockmanslei 39,2022-02-08,13:00:00,70,68,2,MOR02
543,Amedeus Stockmanslei 39,2022-02-08,14:00:00,66,64,2,MOR02
543,Amedeus Stockmanslei 39,2022-02-08,15:00:00,116,116,0,MOR02
543,Amedeus Stockmanslei 39,2022-02-08,16:00:00,265,262,3,MOR02
543,Amedeus Stockmanslei 39,2022-02-08,17:00:00,256,252,4,MOR02
543,Amedeus Stockmanslei 39,2022-02-08,18:00:00,192,187,5,MOR02
543,Amedeus Stockmanslei 39,2022-02-08,19:00:00,87,82,5,MOR02
543,Amedeus Stockmanslei 39,2022-02-08,20:00:00,38,35,3,MOR02
543,Amedeus Stockmanslei 39,2022-02-08,21:00:00,49,41,8,MOR02
543,Amedeus Stockmanslei 39,2022-02-08,22:00:00,37,36,1,MOR02
543,Amedeus Stockmanslei 39,2022-02-08,23:00:00,20,19,1,MOR02
543,Amedeus Stockmanslei 39,2022-02-09,00:00:00,4,2,2,MOR02
543,Amedeus Stockmanslei 39,2022-02-09,01:00:00,5,5,0,MOR02
543,Amedeus Stockmanslei 39,2022-02-09,02:00:00,1,1,0,MOR02
543,Amedeus Stockmanslei 39,2022-02-09,03:00:00,6,6,0,MOR02
543,Amedeus Stockmanslei 39,2022-02-09,04:00:00,3,2,1,MOR02
543,Amedeus Stockmanslei 39,2022-02-09,05:00:00,16,14,2,MOR02
543,Amedeus Stockmanslei 39,2022-02-09,06:00:00,26,25,1,MOR02
543,Amedeus Stockmanslei 39,2022-02-09,07:00:00,95,93,2,MOR02
543,Amedeus Stockmanslei 39,2022-02-09,08:00:00,145,141,4,MOR02
543,Amedeus Stockmanslei 39,2022-02-09,09:00:00,72,69,3,MOR02
543,Amedeus Stockmanslei 39,2022-02-09,10:00:00,64,58,6,MOR02
543,Amedeus Stockmanslei 39,2022-02-09,11:00:00,83,80,3,MOR02
543,Amedeus Stockmanslei 39,2022-02-09,12:00:00,148,145,3,MOR02
543,Amedeus Stockmanslei 39,2022-02-09,13:00:00,99,96,3,MOR02
543,Amedeus Stockmanslei 39,2022-02-09,14:00:00,106,106,0,MOR02
543,Amedeus Stockmanslei 39,2022-02-09,15:00:00,106,102,4,MOR02
543,Amedeus Stockmanslei 39,2022-02-09,16:00:00,167,163,4,MOR02
543,Amedeus Stockmanslei 39,2022-02-09,17:00:00,211,209,2,MOR02
543,Amedeus Stockmanslei 39,2022-02-09,18:00:00,159,156,3,MOR02
543,Amedeus Stockmanslei 39,2022-02-09,19:00:00,76,71,5,MOR02
543,Amedeus Stockmanslei 39,2022-02-09,20:00:00,37,35,2,MOR02
543,Amedeus Stockmanslei 39,2022-02-09,21:00:00,48,46,2,MOR02
543,Amedeus Stockmanslei 39,2022-02-09,22:00:00,36,34,2,MOR02
543,Amedeus Stockmanslei 39,2022-02-09,23:00:00,25,18,7,MOR02
543,Amedeus Stockmanslei 39,2022-02-10,00:00:00,11,9,2,MOR02
543,Amedeus Stockmanslei 39,2022-02-10,01:00:00,4,3,1,MOR02
543,Amedeus Stockmanslei 39,2022-02-10,02:00:00,1,1,0,MOR02
543,Amedeus Stockmanslei 39,2022-02-10,03:00:00,2,1,1,MOR02
543,Amedeus Stockmanslei 39,2022-02-10,04:00:00,6,5,1,MOR02
543,Amedeus Stockmanslei 39,2022-02-10,05:00:00,12,12,0,MOR02
543,Amedeus Stockmanslei 39,2022-02-10,06:00:00,21,19,2,MOR02
543,Amedeus Stockmanslei 39,2022-02-10,07:00:00,85,82,3,MOR02
543,Amedeus Stockmanslei 39,2022-02-10,08:00:00,141,139,2,MOR02
543,Amedeus Stockmanslei 39,2022-02-10,09:00:00,49,41,8,MOR02
543,Amedeus Stockmanslei 39,2022-02-10,10:00:00,30,27,3,MOR02
543,Amedeus Stockmanslei 39,2022-02-10,11:00:00,35,33,2,MOR02
543,Amedeus Stockmanslei 39,2022-02-10,12:00:00,67,63,4,MOR02
543,Amedeus Stockmanslei 39,2022-02-10,13:00:00,54,51,3,MOR02
543,Amedeus Stockmanslei 39,2022-02-10,14:00:00,67,65,2,MOR02
543,Amedeus Stockmanslei 39,2022-02-10,15:00:00,123,121,2,MOR02
543,Amedeus Stockmanslei 39,2022-02-10,16:00:00,208,206,2,MOR02
543,Amedeus Stockmanslei 39,2022-02-10,17:00:00,202,199,3,MOR02
543,Amedeus Stockmanslei 39,2022-02-10,18:00:00,133,131,2,MOR02
543,Amedeus Stockmanslei 39,2022-02-10,19:00:00,62,60,2,MOR02
543,Amedeus Stockmanslei 39,2022-02-10,20:00:00,30,28,2,MOR02
543,Amedeus Stockmanslei 39,2022-02-10,21:00:00,36,32,4,MOR02
543,Amedeus Stockmanslei 39,2022-02-10,22:00:00,34,31,3,MOR02
543,Amedeus Stockmanslei 39,2022-02-10,23:00:00,20,17,3,MOR02
543,Amedeus Stockmanslei 39,2022-02-11,00:00:00,13,13,0,MOR02
543,Amedeus Stockmanslei 39,2022-02-11,01:00:00,4,3,1,MOR02
543,Amedeus Stockmanslei 39,2022-02-11,02:00:00,1,1,0,MOR02
543,Amedeus Stockmanslei 39,2022-02-11,03:00:00,3,2,1,MOR02
543,Amedeus Stockmanslei 39,2022-02-11,04:00:00,4,3,1,MOR02
543,Amedeus Stockmanslei 39,2022-02-11,05:00:00,14,14,0,MOR02
543,Amedeus Stockmanslei 39,2022-02-11,06:00:00,27,25,2,MOR02
543,Amedeus Stockmanslei 39,2022-02-11,07:00:00,90,89,1,MOR02
543,Amedeus Stockmanslei 39,2022-02-11,08:00:00,158,156,2,MOR02
543,Amedeus Stockmanslei 39,2022-02-11,09:00:00,60,57,3,MOR02
543,Amedeus Stockmanslei 39,2022-02-11,10:00:00,47,42,5,MOR02
543,Amedeus Stockmanslei 39,2022-02-11,11:00:00,44,41,3,MOR02
543,Amedeus Stockmanslei 39,2022-02-11,12:00:00,92,87,5,MOR02
543,Amedeus Stockmanslei 39,2022-02-11,13:00:00,87,87,0,MOR02
543,Amedeus Stockmanslei 39,2022-02-11,14:00:00,93,91,2,MOR02
543,Amedeus Stockmanslei 39,2022-02-11,15:00:00,148,145,3,MOR02
543,Amedeus Stockmanslei 39,2022-02-11,16:00:00,221,217,4,MOR02
543,Amedeus Stockmanslei 39,2022-02-11,17:00:00,194,187,7,MOR02
543,Amedeus Stockmanslei 39,2022-02-11,18:00:00,140,137,3,MOR02
543,Amedeus Stockmanslei 39,2022-02-11,19:00:00,68,65,3,MOR02
543,Amedeus Stockmanslei 39,2022-02-11,20:00:00,46,43,3,MOR02
543,Amedeus Stockmanslei 39,2022-02-11,21:00:00,40,33,7,MOR02
543,Amedeus Stockmanslei 39,2022-02-11,22:00:00,36,32,4,MOR02
543,Amedeus Stockmanslei 39,2022-02-11,23:00:00,43,41,2,MOR02
543,Amedeus Stockmanslei 39,2022-02-12,00:00:00,85,84,1,MOR02
543,Amedeus Stockmanslei 39,2022-02-12,01:00:00,14,10,4,MOR02
543,Amedeus Stockmanslei 39,2022-02-12,02:00:00,13,8,5,MOR02
543,Amedeus Stockmanslei 39,2022-02-12,03:00:00,9,8,1,MOR02
543,Amedeus Stockmanslei 39,2022-02-12,04:00:00,9,6,3,MOR02
543,Amedeus Stockmanslei 39,2022-02-12,05:00:00,4,3,1,MOR02
543,Amedeus Stockmanslei 39,2022-02-12,06:00:00,9,8,1,MOR02
543,Amedeus Stockmanslei 39,2022-02-12,07:00:00,10,10,0,MOR02
543,Amedeus Stockmanslei 39,2022-02-12,08:00:00,34,33,1,MOR02
543,Amedeus Stockmanslei 39,2022-02-12,09:00:00,63,61,2,MOR02
543,Amedeus Stockmanslei 39,2022-02-12,10:00:00,81,80,1,MOR02
543,Amedeus Stockmanslei 39,2022-02-12,11:00:00,79,73,6,MOR02
543,Amedeus Stockmanslei 39,2022-02-12,12:00:00,96,88,8,MOR02
543,Amedeus Stockmanslei 39,2022-02-12,13:00:00,86,78,8,MOR02
543,Amedeus Stockmanslei 39,2022-02-12,14:00:00,134,121,13,MOR02
543,Amedeus Stockmanslei 39,2022-02-12,15:00:00,114,110,4,MOR02
543,Amedeus Stockmanslei 39,2022-02-12,16:00:00,129,125,4,MOR02
543,Amedeus Stockmanslei 39,2022-02-12,17:00:00,96,92,4,MOR02
543,Amedeus Stockmanslei 39,2022-02-12,18:00:00,67,64,3,MOR02
543,Amedeus Stockmanslei 39,2022-02-12,19:00:00,57,43,14,MOR02
543,Amedeus Stockmanslei 39,2022-02-12,20:00:00,18,17,1,MOR02
543,Amedeus Stockmanslei 39,2022-02-12,21:00:00,31,29,2,MOR02
543,Amedeus Stockmanslei 39,2022-02-12,22:00:00,38,38,0,MOR02
543,Amedeus Stockmanslei 39,2022-02-12,23:00:00,38,36,2,MOR02
543,Amedeus Stockmanslei 39,2022-02-13,00:00:00,44,40,4,MOR02
543,Amedeus Stockmanslei 39,2022-02-13,01:00:00,15,12,3,MOR02
543,Amedeus Stockmanslei 39,2022-02-13,02:00:00,14,11,3,MOR02
543,Amedeus Stockmanslei 39,2022-02-13,03:00:00,6,5,1,MOR02
543,Amedeus Stockmanslei 39,2022-02-13,04:00:00,2,2,0,MOR02
543,Amedeus Stockmanslei 39,2022-02-13,05:00:00,8,5,3,MOR02
543,Amedeus Stockmanslei 39,2022-02-13,06:00:00,8,8,0,MOR02
543,Amedeus Stockmanslei 39,2022-02-13,07:00:00,6,6,0,MOR02
543,Amedeus Stockmanslei 39,2022-02-13,08:00:00,19,14,5,MOR02
543,Amedeus Stockmanslei 39,2022-02-13,09:00:00,76,72,4,MOR02
543,Amedeus Stockmanslei 39,2022-02-13,10:00:00,68,67,1,MOR02
543,Amedeus Stockmanslei 39,2022-02-13,11:00:00,73,66,7,MOR02
543,Amedeus Stockmanslei 39,2022-02-13,12:00:00,79,77,2,MOR02
543,Amedeus Stockmanslei 39,2022-02-13,13:00:00,97,90,7,MOR02
543,Amedeus Stockmanslei 39,2022-02-13,14:00:00,97,91,6,MOR02
543,Amedeus Stockmanslei 39,2022-02-13,15:00:00,72,68,4,MOR02
543,Amedeus Stockmanslei 39,2022-02-13,16:00:00,75,72,3,MOR02
543,Amedeus Stockmanslei 39,2022-02-13,17:00:00,71,68,3,MOR02
543,Amedeus Stockmanslei 39,2022-02-13,18:00:00,48,43,5,MOR02
543,Amedeus Stockmanslei 39,2022-02-13,19:00:00,29,27,2,MOR02
543,Amedeus Stockmanslei 39,2022-02-13,20:00:00,32,30,2,MOR02
543,Amedeus Stockmanslei 39,2022-02-13,21:00:00,18,16,2,MOR02
543,Amedeus Stockmanslei 39,2022-02-13,22:00:00,19,17,2,MOR02
543,Amedeus Stockmanslei 39,2022-02-13,23:00:00,24,21,3,MOR02
543,Amedeus Stockmanslei 39,2022-02-14,00:00:00,5,5,0,MOR02
543,Amedeus Stockmanslei 39,2022-02-14,01:00:00,2,2,0,MOR02
543,Amedeus Stockmanslei 39,2022-02-14,02:00:00,2,2,0,MOR02
543,Amedeus Stockmanslei 39,2022-02-14,03:00:00,1,0,1,MOR02
543,Amedeus Stockmanslei 39,2022-02-14,04:00:00,7,5,2,MOR02
543,Amedeus Stockmanslei 39,2022-02-14,05:00:00,16,16,0,MOR02
543,Amedeus Stockmanslei 39,2022-02-14,06:00:00,25,22,3,MOR02
543,Amedeus Stockmanslei 39,2022-02-14,07:00:00,74,74,0,MOR02
543,Amedeus Stockmanslei 39,2022-02-14,08:00:00,121,117,4,MOR02
543,Amedeus Stockmanslei 39,2022-02-14,09:00:00,35,33,2,MOR02
543,Amedeus Stockmanslei 39,2022-02-14,10:00:00,34,32,2,MOR02
543,Amedeus Stockmanslei 39,2022-02-14,11:00:00,40,37,3,MOR02
543,Amedeus Stockmanslei 39,2022-02-14,12:00:00,58,53,5,MOR02
543,Amedeus Stockmanslei 39,2022-02-14,13:00:00,64,59,5,MOR02
543,Amedeus Stockmanslei 39,2022-02-14,14:00:00,67,63,4,MOR02
543,Amedeus Stockmanslei 39,2022-02-14,15:00:00,125,121,4,MOR02
543,Amedeus Stockmanslei 39,2022-02-14,16:00:00,244,239,5,MOR02
543,Amedeus Stockmanslei 39,2022-02-14,17:00:00,189,186,3,MOR02
543,Amedeus Stockmanslei 39,2022-02-14,18:00:00,139,135,4,MOR02
543,Amedeus Stockmanslei 39,2022-02-14,19:00:00,78,74,4,MOR02
543,Amedeus Stockmanslei 39,2022-02-14,20:00:00,35,31,4,MOR02
543,Amedeus Stockmanslei 39,2022-02-14,21:00:00,34,29,5,MOR02
543,Amedeus Stockmanslei 39,2022-02-14,22:00:00,37,31,6,MOR02
543,Amedeus Stockmanslei 39,2022-02-14,23:00:00,11,11,0,MOR02
543,Amedeus Stockmanslei 39,2022-02-15,00:00:00,3,3,0,MOR02
543,Amedeus Stockmanslei 39,2022-02-15,01:00:00,1,1,0,MOR02
543,Amedeus Stockmanslei 39,2022-02-15,02:00:00,1,1,0,MOR02
543,Amedeus Stockmanslei 39,2022-02-15,03:00:00,0,0,0,MOR02
543,Amedeus Stockmanslei 39,2022-02-15,04:00:00,4,4,0,MOR02
543,Amedeus Stockmanslei 39,2022-02-15,05:00:00,17,17,0,MOR02
543,Amedeus Stockmanslei 39,2022-02-15,06:00:00,28,23,5,MOR02
543,Amedeus Stockmanslei 39,2022-02-15,07:00:00,92,92,0,MOR02
543,Amedeus Stockmanslei 39,2022-02-15,08:00:00,154,151,3,MOR02
543,Amedeus Stockmanslei 39,2022-02-15,09:00:00,53,50,3,MOR02
543,Amedeus Stockmanslei 39,2022-02-15,10:00:00,48,43,5,MOR02
543,Amedeus Stockmanslei 39,2022-02-15,11:00:00,54,49,5,MOR02
543,Amedeus Stockmanslei 39,2022-02-15,12:00:00,72,70,2,MOR02
543,Amedeus Stockmanslei 39,2022-02-15,13:00:00,79,76,3,MOR02
543,Amedeus Stockmanslei 39,2022-02-15,14:00:00,76,73,3,MOR02
543,Amedeus Stockmanslei 39,2022-02-15,15:00:00,119,114,5,MOR02
543,Amedeus Stockmanslei 39,2022-02-15,16:00:00,245,244,1,MOR02
543,Amedeus Stockmanslei 39,2022-02-15,17:00:00,240,231,9,MOR02
543,Amedeus Stockmanslei 39,2022-02-15,18:00:00,138,138,0,MOR02
543,Amedeus Stockmanslei 39,2022-02-15,19:00:00,67,63,4,MOR02
543,Amedeus Stockmanslei 39,2022-02-15,20:00:00,48,44,4,MOR02
543,Amedeus Stockmanslei 39,2022-02-15,21:00:00,28,26,2,MOR02
543,Amedeus Stockmanslei 39,2022-02-15,22:00:00,41,37,4,MOR02
543,Amedeus Stockmanslei 39,2022-02-15,23:00:00,28,26,2,MOR02
543,Amedeus Stockmanslei 39,2022-02-16,00:00:00,10,10,0,MOR02
543,Amedeus Stockmanslei 39,2022-02-16,01:00:00,1,1,0,MOR02
543,Amedeus Stockmanslei 39,2022-02-16,02:00:00,1,1,0,MOR02
543,Amedeus Stockmanslei 39,2022-02-16,03:00:00,1,0,1,MOR02
543,Amedeus Stockmanslei 39,2022-02-16,04:00:00,3,3,0,MOR02
543,Amedeus Stockmanslei 39,2022-02-16,05:00:00,19,19,0,MOR02
543,Amedeus Stockmanslei 39,2022-02-16,06:00:00,25,22,3,MOR02
543,Amedeus Stockmanslei 39,2022-02-16,07:00:00,83,80,3,MOR02
543,Amedeus Stockmanslei 39,2022-02-16,08:00:00,138,135,3,MOR02
543,Amedeus Stockmanslei 39,2022-02-16,09:00:00,48,45,3,MOR02
543,Amedeus Stockmanslei 39,2022-02-16,10:00:00,43,41,2,MOR02
543,Amedeus Stockmanslei 39,2022-02-16,11:00:00,55,49,6,MOR02
543,Amedeus Stockmanslei 39,2022-02-16,12:00:00,127,119,8,MOR02
543,Amedeus Stockmanslei 39,2022-02-16,13:00:00,78,74,4,MOR02
543,Amedeus Stockmanslei 39,2022-02-16,14:00:00,68,65,3,MOR02
543,Amedeus Stockmanslei 39,2022-02-16,15:00:00,5,5,0,MOR02
543,Amedeus Stockmanslei 39,2022-02-16,16:00:00,0,0,0,MOR02
543,Amedeus Stockmanslei 39,2022-02-16,17:00:00,0,0,0,MOR02
543,Amedeus Stockmanslei 39,2022-02-16,18:00:00,0,0,0,MOR02
543,Amedeus Stockmanslei 39,2022-02-16,19:00:00,0,0,0,MOR02
543,Amedeus Stockmanslei 39,2022-02-16,20:00:00,0,0,0,MOR02
543,Amedeus Stockmanslei 39,2022-02-16,21:00:00,0,0,0,MOR02
543,Amedeus Stockmanslei 39,2022-02-16,22:00:00,0,0,0,MOR02
543,Amedeus Stockmanslei 39,2022-02-16,23:00:00,0,0,0,MOR02
543,Amedeus Stockmanslei 39,2022-02-28,00:00:00,0,0,0,MOR02
543,Amedeus Stockmanslei 39,2022-02-28,01:00:00,0,0,0,MOR02
543,Amedeus Stockmanslei 39,2022-02-28,02:00:00,0,0,0,MOR02
543,Amedeus Stockmanslei 39,2022-02-28,03:00:00,0,0,0,MOR02
543,Amedeus Stockmanslei 39,2022-02-28,04:00:00,0,0,0,MOR02
543,Amedeus Stockmanslei 39,2022-02-28,05:00:00,0,0,0,MOR02
543,Amedeus Stockmanslei 39,2022-02-28,06:00:00,0,0,0,MOR02
543,Amedeus Stockmanslei 39,2022-02-28,07:00:00,0,0,0,MOR02
543,Amedeus Stockmanslei 39,2022-02-28,08:00:00,0,0,0,MOR02
543,Amedeus Stockmanslei 39,2022-02-28,09:00:00,0,0,0,MOR02
543,Amedeus Stockmanslei 39,2022-02-28,10:00:00,0,0,0,MOR02
543,Amedeus Stockmanslei 39,2022-02-28,11:00:00,0,0,0,MOR02
543,Amedeus Stockmanslei 39,2022-02-28,12:00:00,0,0,0,MOR02
543,Amedeus Stockmanslei 39,2022-02-28,13:00:00,0,0,0,MOR02
543,Amedeus Stockmanslei 39,2022-02-28,14:00:00,0,0,0,MOR02
543,Amedeus Stockmanslei 39,2022-02-28,15:00:00,4,4,0,MOR02
543,Amedeus Stockmanslei 39,2022-02-28,16:00:00,219,207,12,MOR02
543,Amedeus Stockmanslei 39,2022-02-28,17:00:00,227,222,5,MOR02
543,Amedeus Stockmanslei 39,2022-02-28,18:00:00,154,141,13,MOR02
543,Amedeus Stockmanslei 39,2022-02-28,19:00:00,52,50,2,MOR02
543,Amedeus Stockmanslei 39,2022-02-28,20:00:00,37,35,2,MOR02
543,Amedeus Stockmanslei 39,2022-02-28,21:00:00,31,29,2,MOR02
543,Amedeus Stockmanslei 39,2022-02-28,22:00:00,32,28,4,MOR02
543,Amedeus Stockmanslei 39,2022-02-28,23:00:00,14,13,1,MOR02
543,Amedeus Stockmanslei 39,2022-03-01,00:00:00,13,12,1,MOR02
543,Amedeus Stockmanslei 39,2022-03-01,01:00:00,3,3,0,MOR02
543,Amedeus Stockmanslei 39,2022-03-01,02:00:00,2,2,0,MOR02
543,Amedeus Stockmanslei 39,2022-03-01,03:00:00,2,2,0,MOR02
543,Amedeus Stockmanslei 39,2022-03-01,04:00:00,12,10,2,MOR02
543,Amedeus Stockmanslei 39,2022-03-01,05:00:00,14,13,1,MOR02
543,Amedeus Stockmanslei 39,2022-03-01,06:00:00,26,25,1,MOR02
543,Amedeus Stockmanslei 39,2022-03-01,07:00:00,60,58,2,MOR02
543,Amedeus Stockmanslei 39,2022-03-01,08:00:00,76,76,0,MOR02
543,Amedeus Stockmanslei 39,2022-03-01,09:00:00,45,39,6,MOR02
543,Amedeus Stockmanslei 39,2022-03-01,10:00:00,47,46,1,MOR02
543,Amedeus Stockmanslei 39,2022-03-01,11:00:00,40,38,2,MOR02
543,Amedeus Stockmanslei 39,2022-03-01,12:00:00,53,52,1,MOR02
543,Amedeus Stockmanslei 39,2022-03-01,13:00:00,68,66,2,MOR02
543,Amedeus Stockmanslei 39,2022-03-01,14:00:00,64,60,4,MOR02
543,Amedeus Stockmanslei 39,2022-03-01,15:00:00,82,80,2,MOR02
543,Amedeus Stockmanslei 39,2022-03-01,16:00:00,202,198,4,MOR02
543,Amedeus Stockmanslei 39,2022-03-01,17:00:00,189,185,4,MOR02
543,Amedeus Stockmanslei 39,2022-03-01,18:00:00,141,138,3,MOR02
543,Amedeus Stockmanslei 39,2022-03-01,19:00:00,70,69,1,MOR02
543,Amedeus Stockmanslei 39,2022-03-01,20:00:00,45,43,2,MOR02
543,Amedeus Stockmanslei 39,2022-03-01,21:00:00,30,28,2,MOR02
543,Amedeus Stockmanslei 39,2022-03-01,22:00:00,25,24,1,MOR02
543,Amedeus Stockmanslei 39,2022-03-01,23:00:00,16,16,0,MOR02
543,Amedeus Stockmanslei 39,2022-03-02,00:00:00,13,12,1,MOR02
543,Amedeus Stockmanslei 39,2022-03-02,01:00:00,6,5,1,MOR02
543,Amedeus Stockmanslei 39,2022-03-02,02:00:00,4,3,1,MOR02
543,Amedeus Stockmanslei 39,2022-03-02,03:00:00,1,0,1,MOR02
543,Amedeus Stockmanslei 39,2022-03-02,04:00:00,7,6,1,MOR02
543,Amedeus Stockmanslei 39,2022-03-02,05:00:00,16,14,2,MOR02
543,Amedeus Stockmanslei 39,2022-03-02,06:00:00,30,29,1,MOR02
543,Amedeus Stockmanslei 39,2022-03-02,07:00:00,52,52,0,MOR02
543,Amedeus Stockmanslei 39,2022-03-02,08:00:00,88,85,3,MOR02
543,Amedeus Stockmanslei 39,2022-03-02,09:00:00,57,53,4,MOR02
543,Amedeus Stockmanslei 39,2022-03-02,10:00:00,75,70,5,MOR02
543,Amedeus Stockmanslei 39,2022-03-02,11:00:00,26,24,2,MOR02
543,Amedeus Stockmanslei 39,2022-03-02,12:00:00,16,13,3,MOR02
543,Amedeus Stockmanslei 39,2022-03-02,13:00:00,1,1,0,MOR02
543,Amedeus Stockmanslei 39,2022-03-02,14:00:00,1,1,0,MOR02
543,Amedeus Stockmanslei 39,2022-03-02,15:00:00,1,0,1,MOR02
543,Amedeus Stockmanslei 39,2022-03-02,16:00:00,2,1,1,MOR02
543,Amedeus Stockmanslei 39,2022-03-02,17:00:00,177,172,5,MOR02
543,Amedeus Stockmanslei 39,2022-03-02,18:00:00,136,130,6,MOR02
543,Amedeus Stockmanslei 39,2022-03-02,19:00:00,62,58,4,MOR02
543,Amedeus Stockmanslei 39,2022-03-02,20:00:00,36,35,1,MOR02
543,Amedeus Stockmanslei 39,2022-03-02,21:00:00,31,27,4,MOR02
543,Amedeus Stockmanslei 39,2022-03-02,22:00:00,20,19,1,MOR02
543,Amedeus Stockmanslei 39,2022-03-02,23:00:00,26,23,3,MOR02
543,Amedeus Stockmanslei 39,2022-03-03,00:00:00,17,16,1,MOR02
543,Amedeus Stockmanslei 39,2022-03-03,01:00:00,8,7,1,MOR02
543,Amedeus Stockmanslei 39,2022-03-03,02:00:00,5,5,0,MOR02
543,Amedeus Stockmanslei 39,2022-03-03,03:00:00,6,5,1,MOR02
543,Amedeus Stockmanslei 39,2022-03-03,04:00:00,12,11,1,MOR02
543,Amedeus Stockmanslei 39,2022-03-03,05:00:00,19,18,1,MOR02
543,Amedeus Stockmanslei 39,2022-03-03,06:00:00,21,20,1,MOR02
543,Amedeus Stockmanslei 39,2022-03-03,07:00:00,58,55,3,MOR02
543,Amedeus Stockmanslei 39,2022-03-03,08:00:00,4,4,0,MOR02
543,Amedeus Stockmanslei 39,2022-03-03,09:00:00,0,0,0,MOR02
543,Amedeus Stockmanslei 39,2022-03-03,10:00:00,1,0,1,MOR02
543,Amedeus Stockmanslei 39,2022-03-03,11:00:00,1,0,1,MOR02
543,Amedeus Stockmanslei 39,2022-03-03,12:00:00,3,3,0,MOR02
543,Amedeus Stockmanslei 39,2022-03-03,13:00:00,1,1,0,MOR02
543,Amedeus Stockmanslei 39,2022-03-03,14:00:00,72,67,5,MOR02
543,Amedeus Stockmanslei 39,2022-03-03,15:00:00,120,118,2,MOR02
543,Amedeus Stockmanslei 39,2022-03-03,16:00:00,196,188,8,MOR02
543,Amedeus Stockmanslei 39,2022-03-03,17:00:00,233,226,7,MOR02
543,Amedeus Stockmanslei 39,2022-03-03,18:00:00,155,153,2,MOR02
543,Amedeus Stockmanslei 39,2022-03-03,19:00:00,73,71,2,MOR02
543,Amedeus Stockmanslei 39,2022-03-03,20:00:00,39,36,3,MOR02
543,Amedeus Stockmanslei 39,2022-03-03,21:00:00,41,37,4,MOR02
543,Amedeus Stockmanslei 39,2022-03-03,22:00:00,27,25,2,MOR02
543,Amedeus Stockmanslei 39,2022-03-03,23:00:00,21,16,5,MOR02
543,Amedeus Stockmanslei 39,2022-03-04,00:00:00,16,16,0,MOR02
543,Amedeus Stockmanslei 39,2022-03-04,01:00:00,18,8,10,MOR02
543,Amedeus Stockmanslei 39,2022-03-04,02:00:00,6,5,1,MOR02
543,Amedeus Stockmanslei 39,2022-03-04,03:00:00,5,3,2,MOR02
543,Amedeus Stockmanslei 39,2022-03-04,04:00:00,15,15,0,MOR02
543,Amedeus Stockmanslei 39,2022-03-04,05:00:00,14,12,2,MOR02
543,Amedeus Stockmanslei 39,2022-03-04,06:00:00,30,28,2,MOR02
543,Amedeus Stockmanslei 39,2022-03-04,07:00:00,57,56,1,MOR02
543,Amedeus Stockmanslei 39,2022-03-04,08:00:00,63,62,1,MOR02
543,Amedeus Stockmanslei 39,2022-03-04,09:00:00,52,50,2,MOR02
543,Amedeus Stockmanslei 39,2022-03-04,10:00:00,54,49,5,MOR02
543,Amedeus Stockmanslei 39,2022-03-04,11:00:00,62,60,2,MOR02
543,Amedeus Stockmanslei 39,2022-03-04,12:00:00,88,78,10,MOR02
543,Amedeus Stockmanslei 39,2022-03-04,13:00:00,95,92,3,MOR02
543,Amedeus Stockmanslei 39,2022-03-04,14:00:00,117,113,4,MOR02
543,Amedeus Stockmanslei 39,2022-03-04,15:00:00,143,134,9,MOR02
543,Amedeus Stockmanslei 39,2022-03-04,16:00:00,178,172,6,MOR02
543,Amedeus Stockmanslei 39,2022-03-04,17:00:00,206,197,9,MOR02
543,Amedeus Stockmanslei 39,2022-03-04,18:00:00,108,98,10,MOR02
543,Amedeus Stockmanslei 39,2022-03-04,19:00:00,74,65,9,MOR02
543,Amedeus Stockmanslei 39,2022-03-04,20:00:00,41,34,7,MOR02
543,Amedeus Stockmanslei 39,2022-03-04,21:00:00,42,34,8,MOR02
543,Amedeus Stockmanslei 39,2022-03-04,22:00:00,33,29,4,MOR02
543,Amedeus Stockmanslei 39,2022-03-04,23:00:00,30,27,3,MOR02
543,Amedeus Stockmanslei 39,2022-03-05,00:00:00,24,23,1,MOR02
543,Amedeus Stockmanslei 39,2022-03-05,01:00:00,30,30,0,MOR02
543,Amedeus Stockmanslei 39,2022-03-05,02:00:00,16,16,0,MOR02
543,Amedeus Stockmanslei 39,2022-03-05,03:00:00,16,15,1,MOR02
543,Amedeus Stockmanslei 39,2022-03-05,04:00:00,8,8,0,MOR02
543,Amedeus Stockmanslei 39,2022-03-05,05:00:00,9,9,0,MOR02
543,Amedeus Stockmanslei 39,2022-03-05,06:00:00,7,7,0,MOR02
543,Amedeus Stockmanslei 39,2022-03-05,07:00:00,12,12,0,MOR02
543,Amedeus Stockmanslei 39,2022-03-05,08:00:00,26,25,1,MOR02
543,Amedeus Stockmanslei 39,2022-03-05,09:00:00,31,29,2,MOR02
543,Amedeus Stockmanslei 39,2022-03-05,10:00:00,74,70,4,MOR02
543,Amedeus Stockmanslei 39,2022-03-05,11:00:00,86,83,3,MOR02
543,Amedeus Stockmanslei 39,2022-03-05,12:00:00,90,85,5,MOR02
543,Amedeus Stockmanslei 39,2022-03-05,13:00:00,124,107,17,MOR02
543,Amedeus Stockmanslei 39,2022-03-05,14:00:00,122,116,6,MOR02
543,Amedeus Stockmanslei 39,2022-03-05,15:00:00,102,101,1,MOR02
543,Amedeus Stockmanslei 39,2022-03-05,16:00:00,112,98,14,MOR02
543,Amedeus Stockmanslei 39,2022-03-05,17:00:00,90,87,3,MOR02
543,Amedeus Stockmanslei 39,2022-03-05,18:00:00,60,55,5,MOR02
543,Amedeus Stockmanslei 39,2022-03-05,19:00:00,35,30,5,MOR02
543,Amedeus Stockmanslei 39,2022-03-05,20:00:00,43,37,6,MOR02
543,Amedeus Stockmanslei 39,2022-03-05,21:00:00,36,30,6,MOR02
543,Amedeus Stockmanslei 39,2022-03-05,22:00:00,44,41,3,MOR02
543,Amedeus Stockmanslei 39,2022-03-05,23:00:00,46,43,3,MOR02
543,Amedeus Stockmanslei 39,2022-03-06,00:00:00,24,21,3,MOR02
543,Amedeus Stockmanslei 39,2022-03-06,01:00:00,22,15,7,MOR02
543,Amedeus Stockmanslei 39,2022-03-06,02:00:00,14,11,3,MOR02
543,Amedeus Stockmanslei 39,2022-03-06,03:00:00,6,3,3,MOR02
543,Amedeus Stockmanslei 39,2022-03-06,04:00:00,6,6,0,MOR02
543,Amedeus Stockmanslei 39,2022-03-06,05:00:00,5,2,3,MOR02
543,Amedeus Stockmanslei 39,2022-03-06,06:00:00,6,5,1,MOR02
543,Amedeus Stockmanslei 39,2022-03-06,07:00:00,11,11,0,MOR02
543,Amedeus Stockmanslei 39,2022-03-06,08:00:00,24,23,1,MOR02
543,Amedeus Stockmanslei 39,2022-03-06,09:00:00,63,62,1,MOR02
543,Amedeus Stockmanslei 39,2022-03-06,10:00:00,84,78,6,MOR02
543,Amedeus Stockmanslei 39,2022-03-06,11:00:00,77,70,7,MOR02
543,Amedeus Stockmanslei 39,2022-03-06,12:00:00,103,96,7,MOR02
543,Amedeus Stockmanslei 39,2022-03-06,13:00:00,125,120,5,MOR02
543,Amedeus Stockmanslei 39,2022-03-06,14:00:00,97,92,5,MOR02
543,Amedeus Stockmanslei 39,2022-03-06,15:00:00,99,88,11,MOR02
543,Amedeus Stockmanslei 39,2022-03-06,16:00:00,89,82,7,MOR02
543,Amedeus Stockmanslei 39,2022-03-06,17:00:00,82,71,11,MOR02
543,Amedeus Stockmanslei 39,2022-03-06,18:00:00,62,61,1,MOR02
543,Amedeus Stockmanslei 39,2022-03-06,19:00:00,34,32,2,MOR02
543,Amedeus Stockmanslei 39,2022-03-06,20:00:00,12,11,1,MOR02
543,Amedeus Stockmanslei 39,2022-03-06,21:00:00,20,17,3,MOR02
543,Amedeus Stockmanslei 39,2022-03-06,22:00:00,19,19,0,MOR02
543,Amedeus Stockmanslei 39,2022-03-06,23:00:00,5,4,1,MOR02
543,Amedeus Stockmanslei 39,2022-03-07,00:00:00,5,3,2,MOR02
543,Amedeus Stockmanslei 39,2022-03-07,01:00:00,4,4,0,MOR02
543,Amedeus Stockmanslei 39,2022-03-07,02:00:00,1,1,0,MOR02
543,Amedeus Stockmanslei 39,2022-03-07,03:00:00,1,0,1,MOR02
543,Amedeus Stockmanslei 39,2022-03-07,04:00:00,4,4,0,MOR02
543,Amedeus Stockmanslei 39,2022-03-07,05:00:00,15,12,3,MOR02
543,Amedeus Stockmanslei 39,2022-03-07,06:00:00,31,30,1,MOR02
543,Amedeus Stockmanslei 39,2022-03-07,07:00:00,99,96,3,MOR02
543,Amedeus Stockmanslei 39,2022-03-07,08:00:00,154,150,4,MOR02
543,Amedeus Stockmanslei 39,2022-03-07,09:00:00,157,153,4,MOR02
543,Amedeus Stockmanslei 39,2022-03-07,10:00:00,47,41,6,MOR02
543,Amedeus Stockmanslei 39,2022-03-07,11:00:00,101,48,53,MOR02
543,Amedeus Stockmanslei 39,2022-03-07,12:00:00,78,75,3,MOR02
543,Amedeus Stockmanslei 39,2022-03-07,13:00:00,74,70,4,MOR02
543,Amedeus Stockmanslei 39,2022-03-07,14:00:00,109,107,2,MOR02
543,Amedeus Stockmanslei 39,2022-03-07,15:00:00,150,146,4,MOR02
543,Amedeus Stockmanslei 39,2022-03-07,16:00:00,299,296,3,MOR02
543,Amedeus Stockmanslei 39,2022-03-07,17:00:00,331,329,2,MOR02
543,Amedeus Stockmanslei 39,2022-03-07,18:00:00,176,172,4,MOR02
543,Amedeus Stockmanslei 39,2022-03-07,19:00:00,69,68,1,MOR02
543,Amedeus Stockmanslei 39,2022-03-07,20:00:00,38,36,2,MOR02
543,Amedeus Stockmanslei 39,2022-03-07,21:00:00,39,38,1,MOR02
543,Amedeus Stockmanslei 39,2022-03-07,22:00:00,46,45,1,MOR02
543,Amedeus Stockmanslei 39,2022-03-07,23:00:00,17,13,4,MOR02
543,Amedeus Stockmanslei 39,2022-03-08,00:00:00,8,8,0,MOR02
543,Amedeus Stockmanslei 39,2022-03-08,01:00:00,1,0,1,MOR02
543,Amedeus Stockmanslei 39,2022-03-08,02:00:00,1,0,1,MOR02
543,Amedeus Stockmanslei 39,2022-03-08,03:00:00,3,3,0,MOR02
543,Amedeus Stockmanslei 39,2022-03-08,04:00:00,4,4,0,MOR02
543,Amedeus Stockmanslei 39,2022-03-08,05:00:00,16,13,3,MOR02
543,Amedeus Stockmanslei 39,2022-03-08,06:00:00,42,39,3,MOR02
543,Amedeus Stockmanslei 39,2022-03-08,07:00:00,113,112,1,MOR02
543,Amedeus Stockmanslei 39,2022-03-08,08:00:00,179,176,3,MOR02
543,Amedeus Stockmanslei 39,2022-03-08,09:00:00,51,46,5,MOR02
543,Amedeus Stockmanslei 39,2022-03-08,10:00:00,52,48,4,MOR02
543,Amedeus Stockmanslei 39,2022-03-08,11:00:00,51,49,2,MOR02
543,Amedeus Stockmanslei 39,2022-03-08,12:00:00,96,91,5,MOR02
543,Amedeus Stockmanslei 39,2022-03-08,13:00:00,77,74,3,MOR02
543,Amedeus Stockmanslei 39,2022-03-08,14:00:00,92,90,2,MOR02
543,Amedeus Stockmanslei 39,2022-03-08,15:00:00,156,150,6,MOR02
543,Amedeus Stockmanslei 39,2022-03-08,16:00:00,363,359,4,MOR02
543,Amedeus Stockmanslei 39,2022-03-08,17:00:00,336,330,6,MOR02
543,Amedeus Stockmanslei 39,2022-03-08,18:00:00,225,221,4,MOR02
543,Amedeus Stockmanslei 39,2022-03-08,19:00:00,109,107,2,MOR02
543,Amedeus Stockmanslei 39,2022-03-08,20:00:00,47,46,1,MOR02
543,Amedeus Stockmanslei 39,2022-03-08,21:00:00,42,40,2,MOR02
543,Amedeus Stockmanslei 39,2022-03-08,22:00:00,50,48,2,MOR02
543,Amedeus Stockmanslei 39,2022-03-08,23:00:00,23,20,3,MOR02
543,Amedeus Stockmanslei 39,2022-03-09,00:00:00,16,15,1,MOR02
543,Amedeus Stockmanslei 39,2022-03-09,01:00:00,0,0,0,MOR02
543,Amedeus Stockmanslei 39,2022-03-09,02:00:00,0,0,0,MOR02
543,Amedeus Stockmanslei 39,2022-03-09,03:00:00,1,1,0,MOR02
543,Amedeus Stockmanslei 39,2022-03-09,04:00:00,5,5,0,MOR02
543,Amedeus Stockmanslei 39,2022-03-09,05:00:00,18,15,3,MOR02
543,Amedeus Stockmanslei 39,2022-03-09,06:00:00,30,27,3,MOR02
543,Amedeus Stockmanslei 39,2022-03-09,07:00:00,105,105,0,MOR02
543,Amedeus Stockmanslei 39,2022-03-09,08:00:00,170,168,2,MOR02
543,Amedeus Stockmanslei 39,2022-03-09,09:00:00,69,67,2,MOR02
543,Amedeus Stockmanslei 39,2022-03-09,10:00:00,89,84,5,MOR02
543,Amedeus Stockmanslei 39,2022-03-09,11:00:00,80,73,7,MOR02
543,Amedeus Stockmanslei 39,2022-03-09,12:00:00,182,179,3,MOR02
543,Amedeus Stockmanslei 39,2022-03-09,13:00:00,170,165,5,MOR02
543,Amedeus Stockmanslei 39,2022-03-09,14:00:00,139,137,2,MOR02
543,Amedeus Stockmanslei 39,2022-03-09,15:00:00,161,156,5,MOR02
543,Amedeus Stockmanslei 39,2022-03-09,16:00:00,238,230,8,MOR02
543,Amedeus Stockmanslei 39,2022-03-09,17:00:00,300,293,7,MOR02
543,Amedeus Stockmanslei 39,2022-03-09,18:00:00,172,169,3,MOR02
543,Amedeus Stockmanslei 39,2022-03-09,19:00:00,84,79,5,MOR02
543,Amedeus Stockmanslei 39,2022-03-09,20:00:00,46,46,0,MOR02
543,Amedeus Stockmanslei 39,2022-03-09,21:00:00,51,48,3,MOR02
543,Amedeus Stockmanslei 39,2022-03-09,22:00:00,55,52,3,MOR02
543,Amedeus Stockmanslei 39,2022-03-09,23:00:00,27,24,3,MOR02
543,Amedeus Stockmanslei 39,2022-03-10,00:00:00,20,18,2,MOR02
543,Amedeus Stockmanslei 39,2022-03-10,01:00:00,3,3,0,MOR02
543,Amedeus Stockmanslei 39,2022-03-10,02:00:00,6,6,0,MOR02
543,Amedeus Stockmanslei 39,2022-03-10,03:00:00,7,5,2,MOR02
543,Amedeus Stockmanslei 39,2022-03-10,04:00:00,9,9,0,MOR02
543,Amedeus Stockmanslei 39,2022-03-10,05:00:00,15,13,2,MOR02
543,Amedeus Stockmanslei 39,2022-03-10,06:00:00,37,36,1,MOR02
543,Amedeus Stockmanslei 39,2022-03-10,07:00:00,95,95,0,MOR02
543,Amedeus Stockmanslei 39,2022-03-10,08:00:00,179,175,4,MOR02
543,Amedeus Stockmanslei 39,2022-03-10,09:00:00,70,66,4,MOR02
543,Amedeus Stockmanslei 39,2022-03-10,10:00:00,65,60,5,MOR02
543,Amedeus Stockmanslei 39,2022-03-10,11:00:00,49,44,5,MOR02
543,Amedeus Stockmanslei 39,2022-03-10,12:00:00,113,108,5,MOR02
543,Amedeus Stockmanslei 39,2022-03-10,13:00:00,112,108,4,MOR02
543,Amedeus Stockmanslei 39,2022-03-10,14:00:00,136,128,8,MOR02
543,Amedeus Stockmanslei 39,2022-03-10,15:00:00,177,171,6,MOR02
543,Amedeus Stockmanslei 39,2022-03-10,16:00:00,309,303,6,MOR02
543,Amedeus Stockmanslei 39,2022-03-10,17:00:00,361,357,4,MOR02
543,Amedeus Stockmanslei 39,2022-03-10,18:00:00,225,222,3,MOR02
543,Amedeus Stockmanslei 39,2022-03-10,19:00:00,101,95,6,MOR02
543,Amedeus Stockmanslei 39,2022-03-10,20:00:00,59,54,5,MOR02
543,Amedeus Stockmanslei 39,2022-03-10,21:00:00,43,41,2,MOR02
543,Amedeus Stockmanslei 39,2022-03-10,22:00:00,58,57,1,MOR02
543,Amedeus Stockmanslei 39,2022-03-10,23:00:00,42,41,1,MOR02
543,Amedeus Stockmanslei 39,2022-03-11,00:00:00,27,26,1,MOR02
543,Amedeus Stockmanslei 39,2022-03-11,01:00:00,9,9,0,MOR02
543,Amedeus Stockmanslei 39,2022-03-11,02:00:00,6,4,2,MOR02
543,Amedeus Stockmanslei 39,2022-03-11,03:00:00,4,3,1,MOR02
543,Amedeus Stockmanslei 39,2022-03-11,04:00:00,9,9,0,MOR02
543,Amedeus Stockmanslei 39,2022-03-11,05:00:00,20,17,3,MOR02
543,Amedeus Stockmanslei 39,2022-03-11,06:00:00,28,27,1,MOR02
543,Amedeus Stockmanslei 39,2022-03-11,07:00:00,104,104,0,MOR02
543,Amedeus Stockmanslei 39,2022-03-11,08:00:00,174,173,1,MOR02
543,Amedeus Stockmanslei 39,2022-03-11,09:00:00,57,53,4,MOR02
543,Amedeus Stockmanslei 39,2022-03-11,10:00:00,77,68,9,MOR02
543,Amedeus Stockmanslei 39,2022-03-11,11:00:00,90,85,5,MOR02
543,Amedeus Stockmanslei 39,2022-03-11,12:00:00,125,117,8,MOR02
543,Amedeus Stockmanslei 39,2022-03-11,13:00:00,104,97,7,MOR02
543,Amedeus Stockmanslei 39,2022-03-11,14:00:00,125,118,7,MOR02
543,Amedeus Stockmanslei 39,2022-03-11,15:00:00,201,195,6,MOR02
543,Amedeus Stockmanslei 39,2022-03-11,16:00:00,288,285,3,MOR02
543,Amedeus Stockmanslei 39,2022-03-11,17:00:00,259,257,2,MOR02
543,Amedeus Stockmanslei 39,2022-03-11,18:00:00,152,147,5,MOR02
543,Amedeus Stockmanslei 39,2022-03-11,19:00:00,105,102,3,MOR02
543,Amedeus Stockmanslei 39,2022-03-11,20:00:00,53,49,4,MOR02
543,Amedeus Stockmanslei 39,2022-03-11,21:00:00,38,38,0,MOR02
543,Amedeus Stockmanslei 39,2022-03-11,22:00:00,55,51,4,MOR02
543,Amedeus Stockmanslei 39,2022-03-11,23:00:00,43,38,5,MOR02
543,Amedeus Stockmanslei 39,2022-03-12,00:00:00,28,26,2,MOR02
543,Amedeus Stockmanslei 39,2022-03-12,01:00:00,32,28,4,MOR02
543,Amedeus Stockmanslei 39,2022-03-12,02:00:00,15,15,0,MOR02
543,Amedeus Stockmanslei 39,2022-03-12,03:00:00,15,13,2,MOR02
543,Amedeus Stockmanslei 39,2022-03-12,04:00:00,13,11,2,MOR02
543,Amedeus Stockmanslei 39,2022-03-12,05:00:00,4,4,0,MOR02
543,Amedeus Stockmanslei 39,2022-03-12,06:00:00,23,22,1,MOR02
543,Amedeus Stockmanslei 39,2022-03-12,07:00:00,20,19,1,MOR02
543,Amedeus Stockmanslei 39,2022-03-12,08:00:00,31,28,3,MOR02
543,Amedeus Stockmanslei 39,2022-03-12,09:00:00,80,73,7,MOR02
543,Amedeus Stockmanslei 39,2022-03-12,10:00:00,97,87,10,MOR02
543,Amedeus Stockmanslei 39,2022-03-12,11:00:00,107,102,5,MOR02
543,Amedeus Stockmanslei 39,2022-03-12,12:00:00,144,134,10,MOR02
543,Amedeus Stockmanslei 39,2022-03-12,13:00:00,130,122,8,MOR02
543,Amedeus Stockmanslei 39,2022-03-12,14:00:00,114,109,5,MOR02
543,Amedeus Stockmanslei 39,2022-03-12,15:00:00,97,92,5,MOR02
543,Amedeus Stockmanslei 39,2022-03-12,16:00:00,118,111,7,MOR02
543,Amedeus Stockmanslei 39,2022-03-12,17:00:00,128,122,6,MOR02
543,Amedeus Stockmanslei 39,2022-03-12,18:00:00,75,72,3,MOR02
543,Amedeus Stockmanslei 39,2022-03-12,19:00:00,63,56,7,MOR02
543,Amedeus Stockmanslei 39,2022-03-12,20:00:00,34,34,0,MOR02
543,Amedeus Stockmanslei 39,2022-03-12,21:00:00,34,28,6,MOR02
543,Amedeus Stockmanslei 39,2022-03-12,22:00:00,35,30,5,MOR02
543,Amedeus Stockmanslei 39,2022-03-12,23:00:00,22,21,1,MOR02
543,Amedeus Stockmanslei 39,2022-03-13,00:00:00,23,18,5,MOR02
543,Amedeus Stockmanslei 39,2022-03-13,01:00:00,34,31,3,MOR02
543,Amedeus Stockmanslei 39,2022-03-13,02:00:00,22,22,0,MOR02
543,Amedeus Stockmanslei 39,2022-03-13,03:00:00,14,13,1,MOR02
543,Amedeus Stockmanslei 39,2022-03-13,04:00:00,16,15,1,MOR02
543,Amedeus Stockmanslei 39,2022-03-13,05:00:00,22,22,0,MOR02
543,Amedeus Stockmanslei 39,2022-03-13,06:00:00,11,11,0,MOR02
543,Amedeus Stockmanslei 39,2022-03-13,07:00:00,22,20,2,MOR02
543,Amedeus Stockmanslei 39,2022-03-13,08:00:00,44,42,2,MOR02
543,Amedeus Stockmanslei 39,2022-03-13,09:00:00,138,136,2,MOR02
543,Amedeus Stockmanslei 39,2022-03-13,10:00:00,96,93,3,MOR02
543,Amedeus Stockmanslei 39,2022-03-13,11:00:00,105,102,3,MOR02
543,Amedeus Stockmanslei 39,2022-03-13,12:00:00,119,116,3,MOR02
543,Amedeus Stockmanslei 39,2022-03-13,13:00:00,131,129,2,MOR02
543,Amedeus Stockmanslei 39,2022-03-13,14:00:00,151,139,12,MOR02
543,Amedeus Stockmanslei 39,2022-03-13,15:00:00,124,110,14,MOR02
543,Amedeus Stockmanslei 39,2022-03-13,16:00:00,111,105,6,MOR02
543,Amedeus Stockmanslei 39,2022-03-13,17:00:00,96,81,15,MOR02
543,Amedeus Stockmanslei 39,2022-03-13,18:00:00,74,68,6,MOR02
543,Amedeus Stockmanslei 39,2022-03-13,19:00:00,35,35,0,MOR02
543,Amedeus Stockmanslei 39,2022-03-13,20:00:00,31,27,4,MOR02
543,Amedeus Stockmanslei 39,2022-03-13,21:00:00,20,17,3,MOR02
543,Amedeus Stockmanslei 39,2022-03-13,22:00:00,22,21,1,MOR02
543,Amedeus Stockmanslei 39,2022-03-13,23:00:00,13,10,3,MOR02
543,Amedeus Stockmanslei 39,2022-03-14,00:00:00,2,2,0,MOR02
543,Amedeus Stockmanslei 39,2022-03-14,01:00:00,5,5,0,MOR02
543,Amedeus Stockmanslei 39,2022-03-14,02:00:00,3,3,0,MOR02
543,Amedeus Stockmanslei 39,2022-03-14,03:00:00,1,0,1,MOR02
543,Amedeus Stockmanslei 39,2022-03-14,04:00:00,6,4,2,MOR02
543,Amedeus Stockmanslei 39,2022-03-14,05:00:00,20,19,1,MOR02
543,Amedeus Stockmanslei 39,2022-03-14,06:00:00,28,28,0,MOR02
543,Amedeus Stockmanslei 39,2022-03-14,07:00:00,94,93,1,MOR02
543,Amedeus Stockmanslei 39,2022-03-14,08:00:00,169,164,5,MOR02
543,Amedeus Stockmanslei 39,2022-03-14,09:00:00,65,63,2,MOR02
543,Amedeus Stockmanslei 39,2022-03-14,10:00:00,47,45,2,MOR02
543,Amedeus Stockmanslei 39,2022-03-14,11:00:00,58,54,4,MOR02
543,Amedeus Stockmanslei 39,2022-03-14,12:00:00,84,80,4,MOR02
543,Amedeus Stockmanslei 39,2022-03-14,13:00:00,75,70,5,MOR02
543,Amedeus Stockmanslei 39,2022-03-14,14:00:00,99,98,1,MOR02
543,Amedeus Stockmanslei 39,2022-03-14,15:00:00,152,146,6,MOR02
543,Amedeus Stockmanslei 39,2022-03-14,16:00:00,314,311,3,MOR02
543,Amedeus Stockmanslei 39,2022-03-14,17:00:00,341,340,1,MOR02
543,Amedeus Stockmanslei 39,2022-03-14,18:00:00,217,215,2,MOR02
543,Amedeus Stockmanslei 39,2022-03-14,19:00:00,78,77,1,MOR02
543,Amedeus Stockmanslei 39,2022-03-14,20:00:00,45,44,1,MOR02
543,Amedeus Stockmanslei 39,2022-03-14,21:00:00,48,42,6,MOR02
543,Amedeus Stockmanslei 39,2022-03-14,22:00:00,43,39,4,MOR02
543,Amedeus Stockmanslei 39,2022-03-14,23:00:00,17,16,1,MOR02
543,Amedeus Stockmanslei 39,2022-03-15,00:00:00,9,9,0,MOR02
543,Amedeus Stockmanslei 39,2022-03-15,01:00:00,4,4,0,MOR02
543,Amedeus Stockmanslei 39,2022-03-15,02:00:00,2,1,1,MOR02
543,Amedeus Stockmanslei 39,2022-03-15,03:00:00,2,0,2,MOR02
543,Amedeus Stockmanslei 39,2022-03-15,04:00:00,9,7,2,MOR02
543,Amedeus Stockmanslei 39,2022-03-15,05:00:00,13,12,1,MOR02
543,Amedeus Stockmanslei 39,2022-03-15,06:00:00,35,35,0,MOR02
543,Amedeus Stockmanslei 39,2022-03-15,07:00:00,121,119,2,MOR02
543,Amedeus Stockmanslei 39,2022-03-15,08:00:00,165,163,2,MOR02
543,Amedeus Stockmanslei 39,2022-03-15,09:00:00,46,46,0,MOR02
543,Amedeus Stockmanslei 39,2022-03-15,10:00:00,43,41,2,MOR02
543,Amedeus Stockmanslei 39,2022-03-15,11:00:00,43,42,1,MOR02
543,Amedeus Stockmanslei 39,2022-03-15,12:00:00,77,75,2,MOR02
543,Amedeus Stockmanslei 39,2022-03-15,13:00:00,94,90,4,MOR02
543,Amedeus Stockmanslei 39,2022-03-15,14:00:00,86,80,6,MOR02
543,Amedeus Stockmanslei 39,2022-03-15,15:00:00,145,141,4,MOR02
543,Amedeus Stockmanslei 39,2022-03-15,16:00:00,307,304,3,MOR02
543,Amedeus Stockmanslei 39,2022-03-15,17:00:00,332,332,0,MOR02
543,Amedeus Stockmanslei 39,2022-03-15,18:00:00,221,217,4,MOR02
543,Amedeus Stockmanslei 39,2022-03-15,19:00:00,83,82,1,MOR02
543,Amedeus Stockmanslei 39,2022-03-15,20:00:00,49,47,2,MOR02
543,Amedeus Stockmanslei 39,2022-03-15,21:00:00,43,40,3,MOR02
543,Amedeus Stockmanslei 39,2022-03-15,22:00:00,42,39,3,MOR02
543,Amedeus Stockmanslei 39,2022-03-15,23:00:00,16,16,0,MOR02
543,Amedeus Stockmanslei 39,2022-03-16,00:00:00,17,15,2,MOR02
543,Amedeus Stockmanslei 39,2022-03-16,01:00:00,4,4,0,MOR02
543,Amedeus Stockmanslei 39,2022-03-16,02:00:00,4,3,1,MOR02
543,Amedeus Stockmanslei 39,2022-03-16,03:00:00,6,5,1,MOR02
543,Amedeus Stockmanslei 39,2022-03-16,04:00:00,7,4,3,MOR02
543,Amedeus Stockmanslei 39,2022-03-16,05:00:00,19,16,3,MOR02
543,Amedeus Stockmanslei 39,2022-03-16,06:00:00,37,35,2,MOR02
543,Amedeus Stockmanslei 39,2022-03-16,07:00:00,107,106,1,MOR02
543,Amedeus Stockmanslei 39,2022-03-16,08:00:00,160,155,5,MOR02
543,Amedeus Stockmanslei 39,2022-03-16,09:00:00,75,72,3,MOR02
543,Amedeus Stockmanslei 39,2022-03-16,10:00:00,109,102,7,MOR02
543,Amedeus Stockmanslei 39,2022-03-16,11:00:00,95,88,7,MOR02
543,Amedeus Stockmanslei 39,2022-03-16,12:00:00,184,178,6,MOR02
543,Amedeus Stockmanslei 39,2022-03-16,13:00:00,160,154,6,MOR02
543,Amedeus Stockmanslei 39,2022-03-16,14:00:00,105,103,2,MOR02
543,Amedeus Stockmanslei 39,2022-03-16,15:00:00,136,133,3,MOR02
543,Amedeus Stockmanslei 39,2022-03-16,16:00:00,255,247,8,MOR02
543,Amedeus Stockmanslei 39,2022-03-16,17:00:00,355,344,11,MOR02
543,Amedeus Stockmanslei 39,2022-03-16,18:00:00,201,196,5,MOR02
543,Amedeus Stockmanslei 39,2022-03-16,19:00:00,104,102,2,MOR02
543,Amedeus Stockmanslei 39,2022-03-16,20:00:00,48,45,3,MOR02
543,Amedeus Stockmanslei 39,2022-03-16,21:00:00,51,48,3,MOR02
543,Amedeus Stockmanslei 39,2022-03-16,22:00:00,48,46,2,MOR02
543,Amedeus Stockmanslei 39,2022-03-16,23:00:00,20,20,0,MOR02
543,Amedeus Stockmanslei 39,2022-03-17,00:00:00,14,12,2,MOR02
543,Amedeus Stockmanslei 39,2022-03-17,01:00:00,11,11,0,MOR02
543,Amedeus Stockmanslei 39,2022-03-17,02:00:00,4,4,0,MOR02
543,Amedeus Stockmanslei 39,2022-03-17,03:00:00,3,2,1,MOR02
543,Amedeus Stockmanslei 39,2022-03-17,04:00:00,15,15,0,MOR02
543,Amedeus Stockmanslei 39,2022-03-17,05:00:00,16,16,0,MOR02
543,Amedeus Stockmanslei 39,2022-03-17,06:00:00,31,30,1,MOR02
543,Amedeus Stockmanslei 39,2022-03-17,07:00:00,120,119,1,MOR02
543,Amedeus Stockmanslei 39,2022-03-17,08:00:00,161,161,0,MOR02
543,Amedeus Stockmanslei 39,2022-03-17,09:00:00,54,50,4,MOR02
543,Amedeus Stockmanslei 39,2022-03-17,10:00:00,46,45,1,MOR02
543,Amedeus Stockmanslei 39,2022-03-17,11:00:00,58,54,4,MOR02
543,Amedeus Stockmanslei 39,2022-03-17,12:00:00,75,71,4,MOR02
543,Amedeus Stockmanslei 39,2022-03-17,13:00:00,75,71,4,MOR02
543,Amedeus Stockmanslei 39,2022-03-17,14:00:00,81,77,4,MOR02
543,Amedeus Stockmanslei 39,2022-03-17,15:00:00,181,179,2,MOR02
543,Amedeus Stockmanslei 39,2022-03-17,16:00:00,280,277,3,MOR02
543,Amedeus Stockmanslei 39,2022-03-17,17:00:00,333,328,5,MOR02
543,Amedeus Stockmanslei 39,2022-03-17,18:00:00,199,194,5,MOR02
543,Amedeus Stockmanslei 39,2022-03-17,19:00:00,105,103,2,MOR02
543,Amedeus Stockmanslei 39,2022-03-17,20:00:00,63,61,2,MOR02
543,Amedeus Stockmanslei 39,2022-03-17,21:00:00,41,39,2,MOR02
543,Amedeus Stockmanslei 39,2022-03-17,22:00:00,46,45,1,MOR02
543,Amedeus Stockmanslei 39,2022-03-17,23:00:00,30,29,1,MOR02
543,Amedeus Stockmanslei 39,2022-03-18,00:00:00,14,12,2,MOR02
543,Amedeus Stockmanslei 39,2022-03-18,01:00:00,8,8,0,MOR02
543,Amedeus Stockmanslei 39,2022-03-18,02:00:00,9,9,0,MOR02
543,Amedeus Stockmanslei 39,2022-03-18,03:00:00,9,9,0,MOR02
543,Amedeus Stockmanslei 39,2022-03-18,04:00:00,16,14,2,MOR02
543,Amedeus Stockmanslei 39,2022-03-18,05:00:00,19,18,1,MOR02
543,Amedeus Stockmanslei 39,2022-03-18,06:00:00,32,31,1,MOR02
543,Amedeus Stockmanslei 39,2022-03-18,07:00:00,115,115,0,MOR02
543,Amedeus Stockmanslei 39,2022-03-18,08:00:00,175,174,1,MOR02
543,Amedeus Stockmanslei 39,2022-03-18,09:00:00,56,51,5,MOR02
543,Amedeus Stockmanslei 39,2022-03-18,10:00:00,50,47,3,MOR02
543,Amedeus Stockmanslei 39,2022-03-18,11:00:00,71,69,2,MOR02
543,Amedeus Stockmanslei 39,2022-03-18,12:00:00,103,102,1,MOR02
543,Amedeus Stockmanslei 39,2022-03-18,13:00:00,105,100,5,MOR02
543,Amedeus Stockmanslei 39,2022-03-18,14:00:00,124,117,7,MOR02
543,Amedeus Stockmanslei 39,2022-03-18,15:00:00,204,196,8,MOR02
543,Amedeus Stockmanslei 39,2022-03-18,16:00:00,265,259,6,MOR02
543,Amedeus Stockmanslei 39,2022-03-18,17:00:00,242,241,1,MOR02
543,Amedeus Stockmanslei 39,2022-03-18,18:00:00,151,149,2,MOR02
543,Amedeus Stockmanslei 39,2022-03-18,19:00:00,95,89,6,MOR02
543,Amedeus Stockmanslei 39,2022-03-18,20:00:00,63,60,3,MOR02
543,Amedeus Stockmanslei 39,2022-03-18,21:00:00,43,39,4,MOR02
543,Amedeus Stockmanslei 39,2022-03-18,22:00:00,47,45,2,MOR02
543,Amedeus Stockmanslei 39,2022-03-18,23:00:00,48,47,1,MOR02
543,Amedeus Stockmanslei 39,2022-03-19,00:00:00,32,30,2,MOR02
543,Amedeus Stockmanslei 39,2022-03-19,01:00:00,33,28,5,MOR02
543,Amedeus Stockmanslei 39,2022-03-19,02:00:00,25,22,3,MOR02
543,Amedeus Stockmanslei 39,2022-03-19,03:00:00,11,10,1,MOR02
543,Amedeus Stockmanslei 39,2022-03-19,04:00:00,25,20,5,MOR02
543,Amedeus Stockmanslei 39,2022-03-19,05:00:00,11,11,0,MOR02
543,Amedeus Stockmanslei 39,2022-03-19,06:00:00,16,16,0,MOR02
543,Amedeus Stockmanslei 39,2022-03-19,07:00:00,24,24,0,MOR02
543,Amedeus Stockmanslei 39,2022-03-19,08:00:00,37,37,0,MOR02
543,Amedeus Stockmanslei 39,2022-03-19,09:00:00,83,78,5,MOR02
543,Amedeus Stockmanslei 39,2022-03-19,10:00:00,94,89,5,MOR02
543,Amedeus Stockmanslei 39,2022-03-19,11:00:00,103,97,6,MOR02
543,Amedeus Stockmanslei 39,2022-03-19,12:00:00,97,86,11,MOR02
543,Amedeus Stockmanslei 39,2022-03-19,13:00:00,122,114,8,MOR02
543,Amedeus Stockmanslei 39,2022-03-19,14:00:00,110,103,7,MOR02
543,Amedeus Stockmanslei 39,2022-03-19,15:00:00,98,93,5,MOR02
543,Amedeus Stockmanslei 39,2022-03-19,16:00:00,101,93,8,MOR02
543,Amedeus Stockmanslei 39,2022-03-19,17:00:00,117,109,8,MOR02
543,Amedeus Stockmanslei 39,2022-03-19,18:00:00,75,71,4,MOR02
543,Amedeus Stockmanslei 39,2022-03-19,19:00:00,51,50,1,MOR02
543,Amedeus Stockmanslei 39,2022-03-19,20:00:00,49,44,5,MOR02
543,Amedeus Stockmanslei 39,2022-03-19,21:00:00,34,29,5,MOR02
543,Amedeus Stockmanslei 39,2022-03-19,22:00:00,31,28,3,MOR02
543,Amedeus Stockmanslei 39,2022-03-19,23:00:00,39,38,1,MOR02
543,Amedeus Stockmanslei 39,2022-03-20,00:00:00,28,26,2,MOR02
543,Amedeus Stockmanslei 39,2022-03-20,01:00:00,31,27,4,MOR02
543,Amedeus Stockmanslei 39,2022-03-20,02:00:00,20,17,3,MOR02
543,Amedeus Stockmanslei 39,2022-03-20,03:00:00,12,10,2,MOR02
543,Amedeus Stockmanslei 39,2022-03-20,04:00:00,9,6,3,MOR02
543,Amedeus Stockmanslei 39,2022-03-20,05:00:00,19,18,1,MOR02
543,Amedeus Stockmanslei 39,2022-03-20,06:00:00,4,4,0,MOR02
543,Amedeus Stockmanslei 39,2022-03-20,07:00:00,19,18,1,MOR02
543,Amedeus Stockmanslei 39,2022-03-20,08:00:00,20,19,1,MOR02
543,Amedeus Stockmanslei 39,2022-03-20,09:00:00,52,48,4,MOR02
543,Amedeus Stockmanslei 39,2022-03-20,10:00:00,44,42,2,MOR02
543,Amedeus Stockmanslei 39,2022-03-20,11:00:00,47,42,5,MOR02
543,Amedeus Stockmanslei 39,2022-03-20,12:00:00,66,62,4,MOR02
543,Amedeus Stockmanslei 39,2022-03-20,13:00:00,77,72,5,MOR02
543,Amedeus Stockmanslei 39,2022-03-20,14:00:00,78,76,2,MOR02
543,Amedeus Stockmanslei 39,2022-03-20,15:00:00,80,74,6,MOR02
543,Amedeus Stockmanslei 39,2022-03-20,16:00:00,87,82,5,MOR02
543,Amedeus Stockmanslei 39,2022-03-20,17:00:00,71,65,6,MOR02
543,Amedeus Stockmanslei 39,2022-03-20,18:00:00,45,41,4,MOR02
543,Amedeus Stockmanslei 39,2022-03-20,19:00:00,39,35,4,MOR02
543,Amedeus Stockmanslei 39,2022-03-20,20:00:00,19,18,1,MOR02
543,Amedeus Stockmanslei 39,2022-03-20,21:00:00,12,10,2,MOR02
543,Amedeus Stockmanslei 39,2022-03-20,22:00:00,23,23,0,MOR02
543,Amedeus Stockmanslei 39,2022-03-20,23:00:00,13,12,1,MOR02
543,Amedeus Stockmanslei 39,2022-03-21,00:00:00,3,3,0,MOR02
543,Amedeus Stockmanslei 39,2022-03-21,01:00:00,3,3,0,MOR02
543,Amedeus Stockmanslei 39,2022-03-21,02:00:00,2,2,0,MOR02
543,Amedeus Stockmanslei 39,2022-03-21,03:00:00,2,2,0,MOR02
543,Amedeus Stockmanslei 39,2022-03-21,04:00:00,6,4,2,MOR02
543,Amedeus Stockmanslei 39,2022-03-21,05:00:00,14,12,2,MOR02
543,Amedeus Stockmanslei 39,2022-03-21,06:00:00,35,34,1,MOR02
543,Amedeus Stockmanslei 39,2022-03-21,07:00:00,113,110,3,MOR02
543,Amedeus Stockmanslei 39,2022-03-21,08:00:00,162,158,4,MOR02
543,Amedeus Stockmanslei 39,2022-03-21,09:00:00,134,130,4,MOR02
543,Amedeus Stockmanslei 39,2022-03-21,10:00:00,47,42,5,MOR02
543,Amedeus Stockmanslei 39,2022-03-21,11:00:00,72,69,3,MOR02
543,Amedeus Stockmanslei 39,2022-03-21,12:00:00,81,80,1,MOR02
543,Amedeus Stockmanslei 39,2022-03-21,13:00:00,107,101,6,MOR02
543,Amedeus Stockmanslei 39,2022-03-21,14:00:00,113,109,4,MOR02
543,Amedeus Stockmanslei 39,2022-03-21,15:00:00,167,164,3,MOR02
543,Amedeus Stockmanslei 39,2022-03-21,16:00:00,335,329,6,MOR02
543,Amedeus Stockmanslei 39,2022-03-21,17:00:00,344,338,6,MOR02
543,Amedeus Stockmanslei 39,2022-03-21,18:00:00,205,201,4,MOR02
543,Amedeus Stockmanslei 39,2022-03-21,19:00:00,104,96,8,MOR02
543,Amedeus Stockmanslei 39,2022-03-21,20:00:00,52,50,2,MOR02
543,Amedeus Stockmanslei 39,2022-03-21,21:00:00,51,47,4,MOR02
543,Amedeus Stockmanslei 39,2022-03-21,22:00:00,40,37,3,MOR02
543,Amedeus Stockmanslei 39,2022-03-21,23:00:00,20,19,1,MOR02
543,Amedeus Stockmanslei 39,2022-03-22,00:00:00,11,11,0,MOR02
543,Amedeus Stockmanslei 39,2022-03-22,01:00:00,5,5,0,MOR02
543,Amedeus Stockmanslei 39,2022-03-22,02:00:00,4,4,0,MOR02
543,Amedeus Stockmanslei 39,2022-03-22,03:00:00,0,0,0,MOR02
543,Amedeus Stockmanslei 39,2022-03-22,04:00:00,10,9,1,MOR02
543,Amedeus Stockmanslei 39,2022-03-22,05:00:00,13,11,2,MOR02
543,Amedeus Stockmanslei 39,2022-03-22,06:00:00,46,44,2,MOR02
543,Amedeus Stockmanslei 39,2022-03-22,07:00:00,136,134,2,MOR02
543,Amedeus Stockmanslei 39,2022-03-22,08:00:00,191,186,5,MOR02
543,Amedeus Stockmanslei 39,2022-03-22,09:00:00,81,77,4,MOR02
543,Amedeus Stockmanslei 39,2022-03-22,10:00:00,53,47,6,MOR02
543,Amedeus Stockmanslei 39,2022-03-22,11:00:00,87,84,3,MOR02
543,Amedeus Stockmanslei 39,2022-03-22,12:00:00,105,96,9,MOR02
543,Amedeus Stockmanslei 39,2022-03-22,13:00:00,119,115,4,MOR02
543,Amedeus Stockmanslei 39,2022-03-22,14:00:00,130,127,3,MOR02
543,Amedeus Stockmanslei 39,2022-03-22,15:00:00,222,217,5,MOR02
543,Amedeus Stockmanslei 39,2022-03-22,16:00:00,395,392,3,MOR02
543,Amedeus Stockmanslei 39,2022-03-22,17:00:00,406,402,4,MOR02
543,Amedeus Stockmanslei 39,2022-03-22,18:00:00,259,255,4,MOR02
543,Amedeus Stockmanslei 39,2022-03-22,19:00:00,125,117,8,MOR02
543,Amedeus Stockmanslei 39,2022-03-22,20:00:00,60,56,4,MOR02
543,Amedeus Stockmanslei 39,2022-03-22,21:00:00,48,46,2,MOR02
543,Amedeus Stockmanslei 39,2022-03-22,22:00:00,52,51,1,MOR02
543,Amedeus Stockmanslei 39,2022-03-22,23:00:00,38,36,2,MOR02
543,Amedeus Stockmanslei 39,2022-03-23,00:00:00,8,7,1,MOR02
543,Amedeus Stockmanslei 39,2022-03-23,01:00:00,2,2,0,MOR02
543,Amedeus Stockmanslei 39,2022-03-23,02:00:00,2,2,0,MOR02
543,Amedeus Stockmanslei 39,2022-03-23,03:00:00,2,2,0,MOR02
543,Amedeus Stockmanslei 39,2022-03-23,04:00:00,4,4,0,MOR02
543,Amedeus Stockmanslei 39,2022-03-23,05:00:00,12,8,4,MOR02
543,Amedeus Stockmanslei 39,2022-03-23,06:00:00,40,38,2,MOR02
543,Amedeus Stockmanslei 39,2022-03-23,07:00:00,126,125,1,MOR02
543,Amedeus Stockmanslei 39,2022-03-23,08:00:00,167,164,3,MOR02
543,Amedeus Stockmanslei 39,2022-03-23,09:00:00,81,77,4,MOR02
543,Amedeus Stockmanslei 39,2022-03-23,10:00:00,106,105,1,MOR02
543,Amedeus Stockmanslei 39,2022-03-23,11:00:00,97,92,5,MOR02
543,Amedeus Stockmanslei 39,2022-03-23,12:00:00,176,171,5,MOR02
543,Amedeus Stockmanslei 39,2022-03-23,13:00:00,147,144,3,MOR02
543,Amedeus Stockmanslei 39,2022-03-23,14:00:00,174,167,7,MOR02
543,Amedeus Stockmanslei 39,2022-03-23,15:00:00,182,175,7,MOR02
543,Amedeus Stockmanslei 39,2022-03-23,16:00:00,279,277,2,MOR02
543,Amedeus Stockmanslei 39,2022-03-23,17:00:00,317,317,0,MOR02
543,Amedeus Stockmanslei 39,2022-03-23,18:00:00,209,207,2,MOR02
543,Amedeus Stockmanslei 39,2022-03-23,19:00:00,97,92,5,MOR02
543,Amedeus Stockmanslei 39,2022-03-23,20:00:00,38,36,2,MOR02
543,Amedeus Stockmanslei 39,2022-03-23,21:00:00,55,53,2,MOR02
543,Amedeus Stockmanslei 39,2022-03-23,22:00:00,70,64,6,MOR02
543,Amedeus Stockmanslei 39,2022-03-23,23:00:00,44,44,0,MOR02
543,Amedeus Stockmanslei 39,2022-03-24,00:00:00,13,13,0,MOR02
543,Amedeus Stockmanslei 39,2022-03-24,01:00:00,8,7,1,MOR02
543,Amedeus Stockmanslei 39,2022-03-24,02:00:00,4,4,0,MOR02
543,Amedeus Stockmanslei 39,2022-03-24,03:00:00,1,0,1,MOR02
543,Amedeus Stockmanslei 39,2022-03-24,04:00:00,7,7,0,MOR02
543,Amedeus Stockmanslei 39,2022-03-24,05:00:00,15,13,2,MOR02
543,Amedeus Stockmanslei 39,2022-03-24,06:00:00,39,39,0,MOR02
543,Amedeus Stockmanslei 39,2022-03-24,07:00:00,134,130,4,MOR02
543,Amedeus Stockmanslei 39,2022-03-24,08:00:00,197,194,3,MOR02
543,Amedeus Stockmanslei 39,2022-03-24,09:00:00,72,68,4,MOR02
543,Amedeus Stockmanslei 39,2022-03-24,10:00:00,66,61,5,MOR02
543,Amedeus Stockmanslei 39,2022-03-24,11:00:00,62,59,3,MOR02
543,Amedeus Stockmanslei 39,2022-03-24,12:00:00,130,126,4,MOR02
543,Amedeus Stockmanslei 39,2022-03-24,13:00:00,118,112,6,MOR02
543,Amedeus Stockmanslei 39,2022-03-24,14:00:00,130,125,5,MOR02
543,Amedeus Stockmanslei 39,2022-03-24,15:00:00,211,206,5,MOR02
543,Amedeus Stockmanslei 39,2022-03-24,16:00:00,353,349,4,MOR02
543,Amedeus Stockmanslei 39,2022-03-24,17:00:00,398,390,8,MOR02
543,Amedeus Stockmanslei 39,2022-03-24,18:00:00,213,210,3,MOR02
543,Amedeus Stockmanslei 39,2022-03-24,19:00:00,116,109,7,MOR02
543,Amedeus Stockmanslei 39,2022-03-24,20:00:00,71,63,8,MOR02
543,Amedeus Stockmanslei 39,2022-03-24,21:00:00,52,49,3,MOR02
543,Amedeus Stockmanslei 39,2022-03-24,22:00:00,68,66,2,MOR02
543,Amedeus Stockmanslei 39,2022-03-24,23:00:00,41,39,2,MOR02
543,Amedeus Stockmanslei 39,2022-03-25,00:00:00,18,18,0,MOR02
543,Amedeus Stockmanslei 39,2022-03-25,01:00:00,10,9,1,MOR02
543,Amedeus Stockmanslei 39,2022-03-25,02:00:00,13,11,2,MOR02
543,Amedeus Stockmanslei 39,2022-03-25,03:00:00,6,4,2,MOR02
543,Amedeus Stockmanslei 39,2022-03-25,04:00:00,6,4,2,MOR02
543,Amedeus Stockmanslei 39,2022-03-25,05:00:00,15,15,0,MOR02
543,Amedeus Stockmanslei 39,2022-03-25,06:00:00,38,38,0,MOR02
543,Amedeus Stockmanslei 39,2022-03-25,07:00:00,112,110,2,MOR02
543,Amedeus Stockmanslei 39,2022-03-25,08:00:00,153,146,7,MOR02
543,Amedeus Stockmanslei 39,2022-03-25,09:00:00,72,70,2,MOR02
543,Amedeus Stockmanslei 39,2022-03-25,10:00:00,60,56,4,MOR02
543,Amedeus Stockmanslei 39,2022-03-25,11:00:00,68,63,5,MOR02
543,Amedeus Stockmanslei 39,2022-03-25,12:00:00,147,146,1,MOR02
543,Amedeus Stockmanslei 39,2022-03-25,13:00:00,129,126,3,MOR02
543,Amedeus Stockmanslei 39,2022-03-25,14:00:00,142,131,11,MOR02
543,Amedeus Stockmanslei 39,2022-03-25,15:00:00,205,202,3,MOR02
543,Amedeus Stockmanslei 39,2022-03-25,16:00:00,324,320,4,MOR02
543,Amedeus Stockmanslei 39,2022-03-25,17:00:00,293,286,7,MOR02
543,Amedeus Stockmanslei 39,2022-03-25,18:00:00,151,145,6,MOR02
543,Amedeus Stockmanslei 39,2022-03-25,19:00:00,120,117,3,MOR02
543,Amedeus Stockmanslei 39,2022-03-25,20:00:00,64,58,6,MOR02
543,Amedeus Stockmanslei 39,2022-03-25,21:00:00,50,48,2,MOR02
543,Amedeus Stockmanslei 39,2022-03-25,22:00:00,67,66,1,MOR02
543,Amedeus Stockmanslei 39,2022-03-25,23:00:00,70,69,1,MOR02
543,Amedeus Stockmanslei 39,2022-03-26,00:00:00,28,28,0,MOR02
543,Amedeus Stockmanslei 39,2022-03-26,01:00:00,20,17,3,MOR02
543,Amedeus Stockmanslei 39,2022-03-26,02:00:00,22,20,2,MOR02
543,Amedeus Stockmanslei 39,2022-03-26,03:00:00,13,13,0,MOR02
543,Amedeus Stockmanslei 39,2022-03-26,04:00:00,12,11,1,MOR02
543,Amedeus Stockmanslei 39,2022-03-26,05:00:00,7,7,0,MOR02
543,Amedeus Stockmanslei 39,2022-03-26,06:00:00,16,15,1,MOR02
543,Amedeus Stockmanslei 39,2022-03-26,07:00:00,21,19,2,MOR02
543,Amedeus Stockmanslei 39,2022-03-26,08:00:00,36,35,1,MOR02
543,Amedeus Stockmanslei 39,2022-03-26,09:00:00,80,76,4,MOR02
543,Amedeus Stockmanslei 39,2022-03-26,10:00:00,119,115,4,MOR02
543,Amedeus Stockmanslei 39,2022-03-26,11:00:00,114,109,5,MOR02
543,Amedeus Stockmanslei 39,2022-03-26,12:00:00,92,86,6,MOR02
543,Amedeus Stockmanslei 39,2022-03-26,13:00:00,145,140,5,MOR02
543,Amedeus Stockmanslei 39,2022-03-26,14:00:00,177,165,12,MOR02
543,Amedeus Stockmanslei 39,2022-03-26,15:00:00,125,121,4,MOR02
543,Amedeus Stockmanslei 39,2022-03-26,16:00:00,143,134,9,MOR02
543,Amedeus Stockmanslei 39,2022-03-26,17:00:00,143,130,13,MOR02
543,Amedeus Stockmanslei 39,2022-03-26,18:00:00,93,86,7,MOR02
543,Amedeus Stockmanslei 39,2022-03-26,19:00:00,56,53,3,MOR02
543,Amedeus Stockmanslei 39,2022-03-26,20:00:00,37,31,6,MOR02
543,Amedeus Stockmanslei 39,2022-03-26,21:00:00,37,35,2,MOR02
543,Amedeus Stockmanslei 39,2022-03-26,22:00:00,42,37,5,MOR02
543,Amedeus Stockmanslei 39,2022-03-26,23:00:00,51,47,4,MOR02
543,Amedeus Stockmanslei 39,2022-03-27,00:00:00,41,38,3,MOR02
543,Amedeus Stockmanslei 39,2022-03-27,01:00:00,25,24,1,MOR02
543,Amedeus Stockmanslei 39,2022-03-27,02:00:00,0,0,0,MOR02
543,Amedeus Stockmanslei 39,2022-03-27,03:00:00,16,15,1,MOR02
543,Amedeus Stockmanslei 39,2022-03-27,04:00:00,18,15,3,MOR02
543,Amedeus Stockmanslei 39,2022-03-27,05:00:00,16,15,1,MOR02
543,Amedeus Stockmanslei 39,2022-03-27,06:00:00,17,13,4,MOR02
543,Amedeus Stockmanslei 39,2022-03-27,07:00:00,16,16,0,MOR02
543,Amedeus Stockmanslei 39,2022-03-27,08:00:00,23,20,3,MOR02
543,Amedeus Stockmanslei 39,2022-03-27,09:00:00,75,74,1,MOR02
543,Amedeus Stockmanslei 39,2022-03-27,10:00:00,66,62,4,MOR02
543,Amedeus Stockmanslei 39,2022-03-27,11:00:00,88,83,5,MOR02
543,Amedeus Stockmanslei 39,2022-03-27,12:00:00,86,80,6,MOR02
543,Amedeus Stockmanslei 39,2022-03-27,13:00:00,98,94,4,MOR02
543,Amedeus Stockmanslei 39,2022-03-27,14:00:00,111,106,5,MOR02
543,Amedeus Stockmanslei 39,2022-03-27,15:00:00,73,68,5,MOR02
543,Amedeus Stockmanslei 39,2022-03-27,16:00:00,86,76,10,MOR02
543,Amedeus Stockmanslei 39,2022-03-27,17:00:00,106,99,7,MOR02
543,Amedeus Stockmanslei 39,2022-03-27,18:00:00,78,74,4,MOR02
543,Amedeus Stockmanslei 39,2022-03-27,19:00:00,52,51,1,MOR02
543,Amedeus Stockmanslei 39,2022-03-27,20:00:00,28,22,6,MOR02
543,Amedeus Stockmanslei 39,2022-03-27,21:00:00,32,31,1,MOR02
543,Amedeus Stockmanslei 39,2022-03-27,22:00:00,30,28,2,MOR02
543,Amedeus Stockmanslei 39,2022-03-27,23:00:00,15,14,1,MOR02
543,Amedeus Stockmanslei 39,2022-03-28,00:00:00,11,9,2,MOR02
543,Amedeus Stockmanslei 39,2022-03-28,01:00:00,1,1,0,MOR02
543,Amedeus Stockmanslei 39,2022-03-28,02:00:00,0,0,0,MOR02
543,Amedeus Stockmanslei 39,2022-03-28,03:00:00,4,4,0,MOR02
543,Amedeus Stockmanslei 39,2022-03-28,04:00:00,4,3,1,MOR02
543,Amedeus Stockmanslei 39,2022-03-28,05:00:00,16,15,1,MOR02
543,Amedeus Stockmanslei 39,2022-03-28,06:00:00,37,37,0,MOR02
543,Amedeus Stockmanslei 39,2022-03-28,07:00:00,107,105,2,MOR02
543,Amedeus Stockmanslei 39,2022-03-28,08:00:00,155,151,4,MOR02
543,Amedeus Stockmanslei 39,2022-03-28,09:00:00,46,43,3,MOR02
543,Amedeus Stockmanslei 39,2022-03-28,10:00:00,62,61,1,MOR02
543,Amedeus Stockmanslei 39,2022-03-28,11:00:00,65,61,4,MOR02
543,Amedeus Stockmanslei 39,2022-03-28,12:00:00,92,90,2,MOR02
543,Amedeus Stockmanslei 39,2022-03-28,13:00:00,101,96,5,MOR02
543,Amedeus Stockmanslei 39,2022-03-28,14:00:00,125,117,8,MOR02
543,Amedeus Stockmanslei 39,2022-03-28,15:00:00,185,178,7,MOR02
543,Amedeus Stockmanslei 39,2022-03-28,16:00:00,321,319,2,MOR02
543,Amedeus Stockmanslei 39,2022-03-28,17:00:00,360,356,4,MOR02
543,Amedeus Stockmanslei 39,2022-03-28,18:00:00,214,213,1,MOR02
543,Amedeus Stockmanslei 39,2022-03-28,19:00:00,109,101,8,MOR02
543,Amedeus Stockmanslei 39,2022-03-28,20:00:00,66,65,1,MOR02
543,Amedeus Stockmanslei 39,2022-03-28,21:00:00,53,49,4,MOR02
543,Amedeus Stockmanslei 39,2022-03-28,22:00:00,66,58,8,MOR02
543,Amedeus Stockmanslei 39,2022-03-28,23:00:00,14,14,0,MOR02
543,Amedeus Stockmanslei 39,2022-03-29,00:00:00,7,7,0,MOR02
543,Amedeus Stockmanslei 39,2022-03-29,01:00:00,8,8,0,MOR02
543,Amedeus Stockmanslei 39,2022-03-29,02:00:00,1,1,0,MOR02
543,Amedeus Stockmanslei 39,2022-03-29,03:00:00,2,1,1,MOR02
543,Amedeus Stockmanslei 39,2022-03-29,04:00:00,11,9,2,MOR02
543,Amedeus Stockmanslei 39,2022-03-29,05:00:00,9,9,0,MOR02
543,Amedeus Stockmanslei 39,2022-03-29,06:00:00,35,34,1,MOR02
543,Amedeus Stockmanslei 39,2022-03-29,07:00:00,105,105,0,MOR02
543,Amedeus Stockmanslei 39,2022-03-29,08:00:00,180,176,4,MOR02
543,Amedeus Stockmanslei 39,2022-03-29,09:00:00,58,56,2,MOR02
543,Amedeus Stockmanslei 39,2022-03-29,10:00:00,57,53,4,MOR02
543,Amedeus Stockmanslei 39,2022-03-29,11:00:00,59,58,1,MOR02
543,Amedeus Stockmanslei 39,2022-03-29,12:00:00,88,85,3,MOR02
543,Amedeus Stockmanslei 39,2022-03-29,13:00:00,89,86,3,MOR02
543,Amedeus Stockmanslei 39,2022-03-29,14:00:00,74,74,0,MOR02
543,Amedeus Stockmanslei 39,2022-03-29,15:00:00,135,134,1,MOR02
543,Amedeus Stockmanslei 39,2022-03-29,16:00:00,337,334,3,MOR02
543,Amedeus Stockmanslei 39,2022-03-29,17:00:00,369,364,5,MOR02
543,Amedeus Stockmanslei 39,2022-03-29,18:00:00,262,259,3,MOR02
543,Amedeus Stockmanslei 39,2022-03-29,19:00:00,95,89,6,MOR02
543,Amedeus Stockmanslei 39,2022-03-29,20:00:00,55,53,2,MOR02
543,Amedeus Stockmanslei 39,2022-03-29,21:00:00,49,48,1,MOR02
543,Amedeus Stockmanslei 39,2022-03-29,22:00:00,63,57,6,MOR02
543,Amedeus Stockmanslei 39,2022-03-29,23:00:00,27,22,5,MOR02
543,Amedeus Stockmanslei 39,2022-03-30,00:00:00,16,13,3,MOR02
543,Amedeus Stockmanslei 39,2022-03-30,01:00:00,2,2,0,MOR02
543,Amedeus Stockmanslei 39,2022-03-30,02:00:00,3,3,0,MOR02
543,Amedeus Stockmanslei 39,2022-03-30,03:00:00,5,4,1,MOR02
543,Amedeus Stockmanslei 39,2022-03-30,04:00:00,8,8,0,MOR02
543,Amedeus Stockmanslei 39,2022-03-30,05:00:00,17,16,1,MOR02
543,Amedeus Stockmanslei 39,2022-03-30,06:00:00,32,31,1,MOR02
543,Amedeus Stockmanslei 39,2022-03-30,07:00:00,94,93,1,MOR02
543,Amedeus Stockmanslei 39,2022-03-30,08:00:00,155,153,2,MOR02
543,Amedeus Stockmanslei 39,2022-03-30,09:00:00,80,78,2,MOR02
543,Amedeus Stockmanslei 39,2022-03-30,10:00:00,83,74,9,MOR02
543,Amedeus Stockmanslei 39,2022-03-30,11:00:00,88,84,4,MOR02
543,Amedeus Stockmanslei 39,2022-03-30,12:00:00,176,173,3,MOR02
543,Amedeus Stockmanslei 39,2022-03-30,13:00:00,116,110,6,MOR02
543,Amedeus Stockmanslei 39,2022-03-30,14:00:00,105,103,2,MOR02
543,Amedeus Stockmanslei 39,2022-03-30,15:00:00,119,112,7,MOR02
543,Amedeus Stockmanslei 39,2022-03-30,16:00:00,187,184,3,MOR02
543,Amedeus Stockmanslei 39,2022-03-30,17:00:00,291,284,7,MOR02
543,Amedeus Stockmanslei 39,2022-03-30,18:00:00,209,208,1,MOR02
543,Amedeus Stockmanslei 39,2022-03-30,19:00:00,79,74,5,MOR02
543,Amedeus Stockmanslei 39,2022-03-30,20:00:00,60,55,5,MOR02
543,Amedeus Stockmanslei 39,2022-03-30,21:00:00,47,45,2,MOR02
543,Amedeus Stockmanslei 39,2022-03-30,22:00:00,61,57,4,MOR02
543,Amedeus Stockmanslei 39,2022-03-30,23:00:00,50,44,6,MOR02
543,Amedeus Stockmanslei 39,2022-03-31,00:00:00,25,22,3,MOR02
543,Amedeus Stockmanslei 39,2022-03-31,01:00:00,5,5,0,MOR02
543,Amedeus Stockmanslei 39,2022-03-31,02:00:00,8,7,1,MOR02
543,Amedeus Stockmanslei 39,2022-03-31,03:00:00,6,5,1,MOR02
543,Amedeus Stockmanslei 39,2022-03-31,04:00:00,16,15,1,MOR02
543,Amedeus Stockmanslei 39,2022-03-31,05:00:00,14,14,0,MOR02
543,Amedeus Stockmanslei 39,2022-03-31,06:00:00,23,22,1,MOR02
543,Amedeus Stockmanslei 39,2022-03-31,07:00:00,67,65,2,MOR02
543,Amedeus Stockmanslei 39,2022-03-31,08:00:00,126,126,0,MOR02
543,Amedeus Stockmanslei 39,2022-03-31,09:00:00,49,48,1,MOR02
543,Amedeus Stockmanslei 39,2022-03-31,10:00:00,39,35,4,MOR02
543,Amedeus Stockmanslei 39,2022-03-31,11:00:00,34,32,2,MOR02
543,Amedeus Stockmanslei 39,2022-03-31,12:00:00,65,61,4,MOR02
543,Amedeus Stockmanslei 39,2022-03-31,13:00:00,59,58,1,MOR02
543,Amedeus Stockmanslei 39,2022-03-31,14:00:00,68,67,1,MOR02
543,Amedeus Stockmanslei 39,2022-03-31,15:00:00,105,105,0,MOR02
543,Amedeus Stockmanslei 39,2022-03-31,16:00:00,215,210,5,MOR02
543,Amedeus Stockmanslei 39,2022-03-31,17:00:00,258,251,7,MOR02
543,Amedeus Stockmanslei 39,2022-03-31,18:00:00,168,168,0,MOR02
543,Amedeus Stockmanslei 39,2022-03-31,19:00:00,83,80,3,MOR02
543,Amedeus Stockmanslei 39,2022-03-31,20:00:00,61,59,2,MOR02
543,Amedeus Stockmanslei 39,2022-03-31,21:00:00,47,42,5,MOR02
543,Amedeus Stockmanslei 39,2022-03-31,22:00:00,52,49,3,MOR02
543,Amedeus Stockmanslei 39,2022-03-31,23:00:00,49,49,0,MOR02
543,Amedeus Stockmanslei 39,2022-04-01,00:00:00,17,17,0,MOR02
543,Amedeus Stockmanslei 39,2022-04-01,01:00:00,6,6,0,MOR02
543,Amedeus Stockmanslei 39,2022-04-01,02:00:00,1,1,0,MOR02
543,Amedeus Stockmanslei 39,2022-04-01,03:00:00,10,7,3,MOR02
543,Amedeus Stockmanslei 39,2022-04-01,04:00:00,4,4,0,MOR02
543,Amedeus Stockmanslei 39,2022-04-01,05:00:00,12,12,0,MOR02
543,Amedeus Stockmanslei 39,2022-04-01,06:00:00,22,21,1,MOR02
543,Amedeus Stockmanslei 39,2022-04-01,07:00:00,51,50,1,MOR02
543,Amedeus Stockmanslei 39,2022-04-01,08:00:00,103,102,1,MOR02
543,Amedeus Stockmanslei 39,2022-04-01,09:00:00,40,37,3,MOR02
543,Amedeus Stockmanslei 39,2022-04-01,10:00:00,22,18,4,MOR02
543,Amedeus Stockmanslei 39,2022-04-01,11:00:00,42,40,2,MOR02
543,Amedeus Stockmanslei 39,2022-04-01,12:00:00,67,63,4,MOR02
543,Amedeus Stockmanslei 39,2022-04-01,13:00:00,47,46,1,MOR02
543,Amedeus Stockmanslei 39,2022-04-01,14:00:00,53,52,1,MOR02
543,Amedeus Stockmanslei 39,2022-04-01,15:00:00,91,87,4,MOR02
543,Amedeus Stockmanslei 39,2022-04-01,16:00:00,142,139,3,MOR02
543,Amedeus Stockmanslei 39,2022-04-01,17:00:00,129,126,3,MOR02
543,Amedeus Stockmanslei 39,2022-04-01,18:00:00,86,85,1,MOR02
543,Amedeus Stockmanslei 39,2022-04-01,19:00:00,63,63,0,MOR02
543,Amedeus Stockmanslei 39,2022-04-01,20:00:00,35,34,1,MOR02
543,Amedeus Stockmanslei 39,2022-04-01,21:00:00,21,17,4,MOR02
543,Amedeus Stockmanslei 39,2022-04-01,22:00:00,34,26,8,MOR02
543,Amedeus Stockmanslei 39,2022-04-01,23:00:00,47,46,1,MOR02
543,Amedeus Stockmanslei 39,2022-04-02,00:00:00,21,18,3,MOR02
543,Amedeus Stockmanslei 39,2022-04-02,01:00:00,19,19,0,MOR02
543,Amedeus Stockmanslei 39,2022-04-02,02:00:00,18,13,5,MOR02
543,Amedeus Stockmanslei 39,2022-04-02,03:00:00,8,7,1,MOR02
543,Amedeus Stockmanslei 39,2022-04-02,04:00:00,18,15,3,MOR02
543,Amedeus Stockmanslei 39,2022-04-02,05:00:00,7,6,1,MOR02
543,Amedeus Stockmanslei 39,2022-04-02,06:00:00,13,9,4,MOR02
543,Amedeus Stockmanslei 39,2022-04-02,07:00:00,10,10,0,MOR02
543,Amedeus Stockmanslei 39,2022-04-02,08:00:00,23,22,1,MOR02
543,Amedeus Stockmanslei 39,2022-04-02,09:00:00,34,31,3,MOR02
543,Amedeus Stockmanslei 39,2022-04-02,10:00:00,52,46,6,MOR02
543,Amedeus Stockmanslei 39,2022-04-02,11:00:00,78,70,8,MOR02
543,Amedeus Stockmanslei 39,2022-04-02,12:00:00,59,55,4,MOR02
543,Amedeus Stockmanslei 39,2022-04-02,13:00:00,73,68,5,MOR02
543,Amedeus Stockmanslei 39,2022-04-02,14:00:00,75,69,6,MOR02
543,Amedeus Stockmanslei 39,2022-04-02,15:00:00,68,62,6,MOR02
543,Amedeus Stockmanslei 39,2022-04-02,16:00:00,75,68,7,MOR02
543,Amedeus Stockmanslei 39,2022-04-02,17:00:00,63,58,5,MOR02
543,Amedeus Stockmanslei 39,2022-04-02,18:00:00,50,48,2,MOR02
543,Amedeus Stockmanslei 39,2022-04-02,19:00:00,32,31,1,MOR02
543,Amedeus Stockmanslei 39,2022-04-02,20:00:00,35,33,2,MOR02
543,Amedeus Stockmanslei 39,2022-04-02,21:00:00,15,13,2,MOR02
543,Amedeus Stockmanslei 39,2022-04-02,22:00:00,28,28,0,MOR02
543,Amedeus Stockmanslei 39,2022-04-02,23:00:00,39,37,2,MOR02
543,Amedeus Stockmanslei 39,2022-04-03,00:00:00,21,17,4,MOR02
543,Amedeus Stockmanslei 39,2022-04-03,01:00:00,18,18,0,MOR02
543,Amedeus Stockmanslei 39,2022-04-03,02:00:00,20,19,1,MOR02
543,Amedeus Stockmanslei 39,2022-04-03,03:00:00,11,10,1,MOR02
543,Amedeus Stockmanslei 39,2022-04-03,04:00:00,5,5,0,MOR02
543,Amedeus Stockmanslei 39,2022-04-03,05:00:00,4,4,0,MOR02
543,Amedeus Stockmanslei 39,2022-04-03,06:00:00,5,5,0,MOR02
543,Amedeus Stockmanslei 39,2022-04-03,07:00:00,4,3,1,MOR02
543,Amedeus Stockmanslei 39,2022-04-03,08:00:00,20,17,3,MOR02
543,Amedeus Stockmanslei 39,2022-04-03,09:00:00,38,36,2,MOR02
543,Amedeus Stockmanslei 39,2022-04-03,10:00:00,73,72,1,MOR02
543,Amedeus Stockmanslei 39,2022-04-03,11:00:00,80,76,4,MOR02
543,Amedeus Stockmanslei 39,2022-04-03,12:00:00,91,87,4,MOR02
543,Amedeus Stockmanslei 39,2022-04-03,13:00:00,65,61,4,MOR02
543,Amedeus Stockmanslei 39,2022-04-03,14:00:00,70,65,5,MOR02
543,Amedeus Stockmanslei 39,2022-04-03,15:00:00,62,59,3,MOR02
543,Amedeus Stockmanslei 39,2022-04-03,16:00:00,65,61,4,MOR02
543,Amedeus Stockmanslei 39,2022-04-03,17:00:00,75,71,4,MOR02
543,Amedeus Stockmanslei 39,2022-04-03,18:00:00,56,51,5,MOR02
543,Amedeus Stockmanslei 39,2022-04-03,19:00:00,35,33,2,MOR02
543,Amedeus Stockmanslei 39,2022-04-03,20:00:00,29,27,2,MOR02
543,Amedeus Stockmanslei 39,2022-04-03,21:00:00,27,26,1,MOR02
543,Amedeus Stockmanslei 39,2022-04-03,22:00:00,25,23,2,MOR02
543,Amedeus Stockmanslei 39,2022-04-03,23:00:00,10,9,1,MOR02
543,Amedeus Stockmanslei 39,2022-04-04,00:00:00,9,8,1,MOR02
543,Amedeus Stockmanslei 39,2022-04-04,01:00:00,5,4,1,MOR02
543,Amedeus Stockmanslei 39,2022-04-04,02:00:00,2,2,0,MOR02
543,Amedeus Stockmanslei 39,2022-04-04,03:00:00,1,1,0,MOR02
543,Amedeus Stockmanslei 39,2022-04-04,04:00:00,3,3,0,MOR02
543,Amedeus Stockmanslei 39,2022-04-04,05:00:00,14,13,1,MOR02
543,Amedeus Stockmanslei 39,2022-04-04,06:00:00,29,27,2,MOR02
543,Amedeus Stockmanslei 39,2022-04-04,07:00:00,48,47,1,MOR02
543,Amedeus Stockmanslei 39,2022-04-04,08:00:00,67,66,1,MOR02
543,Amedeus Stockmanslei 39,2022-04-04,09:00:00,37,35,2,MOR02
543,Amedeus Stockmanslei 39,2022-04-04,10:00:00,36,35,1,MOR02
543,Amedeus Stockmanslei 39,2022-04-04,11:00:00,47,43,4,MOR02
543,Amedeus Stockmanslei 39,2022-04-04,12:00:00,46,45,1,MOR02
543,Amedeus Stockmanslei 39,2022-04-04,13:00:00,34,31,3,MOR02
543,Amedeus Stockmanslei 39,2022-04-04,14:00:00,39,38,1,MOR02
543,Amedeus Stockmanslei 39,2022-04-04,15:00:00,50,50,0,MOR02
543,Amedeus Stockmanslei 39,2022-04-04,16:00:00,120,118,2,MOR02
543,Amedeus Stockmanslei 39,2022-04-04,17:00:00,169,167,2,MOR02
543,Amedeus Stockmanslei 39,2022-04-04,18:00:00,98,96,2,MOR02
543,Amedeus Stockmanslei 39,2022-04-04,19:00:00,43,40,3,MOR02
543,Amedeus Stockmanslei 39,2022-04-04,20:00:00,23,20,3,MOR02
543,Amedeus Stockmanslei 39,2022-04-04,21:00:00,23,19,4,MOR02
543,Amedeus Stockmanslei 39,2022-04-04,22:00:00,13,10,3,MOR02
543,Amedeus Stockmanslei 39,2022-04-04,23:00:00,18,17,1,MOR02
543,Amedeus Stockmanslei 39,2022-04-05,00:00:00,5,5,0,MOR02
543,Amedeus Stockmanslei 39,2022-04-05,01:00:00,5,4,1,MOR02
543,Amedeus Stockmanslei 39,2022-04-05,02:00:00,2,1,1,MOR02
543,Amedeus Stockmanslei 39,2022-04-05,03:00:00,2,1,1,MOR02
543,Amedeus Stockmanslei 39,2022-04-05,04:00:00,7,7,0,MOR02
543,Amedeus Stockmanslei 39,2022-04-05,05:00:00,10,9,1,MOR02
543,Amedeus Stockmanslei 39,2022-04-05,06:00:00,20,19,1,MOR02
543,Amedeus Stockmanslei 39,2022-04-05,07:00:00,56,54,2,MOR02
543,Amedeus Stockmanslei 39,2022-04-05,08:00:00,77,72,5,MOR02
543,Amedeus Stockmanslei 39,2022-04-05,09:00:00,45,42,3,MOR02
543,Amedeus Stockmanslei 39,2022-04-05,10:00:00,29,27,2,MOR02
543,Amedeus Stockmanslei 39,2022-04-05,11:00:00,34,33,1,MOR02
543,Amedeus Stockmanslei 39,2022-04-05,12:00:00,40,38,2,MOR02
543,Amedeus Stockmanslei 39,2022-04-05,13:00:00,46,42,4,MOR02
543,Amedeus Stockmanslei 39,2022-04-05,14:00:00,36,34,2,MOR02
543,Amedeus Stockmanslei 39,2022-04-05,15:00:00,62,60,2,MOR02
543,Amedeus Stockmanslei 39,2022-04-05,16:00:00,156,153,3,MOR02
543,Amedeus Stockmanslei 39,2022-04-05,17:00:00,198,197,1,MOR02
543,Amedeus Stockmanslei 39,2022-04-05,18:00:00,125,122,3,MOR02
543,Amedeus Stockmanslei 39,2022-04-05,19:00:00,60,58,2,MOR02
543,Amedeus Stockmanslei 39,2022-04-05,20:00:00,29,28,1,MOR02
543,Amedeus Stockmanslei 39,2022-04-05,21:00:00,18,16,2,MOR02
543,Amedeus Stockmanslei 39,2022-04-05,22:00:00,27,25,2,MOR02
543,Amedeus Stockmanslei 39,2022-04-05,23:00:00,17,16,1,MOR02
543,Amedeus Stockmanslei 39,2022-04-06,00:00:00,10,8,2,MOR02
543,Amedeus Stockmanslei 39,2022-04-06,01:00:00,8,8,0,MOR02
543,Amedeus Stockmanslei 39,2022-04-06,02:00:00,1,1,0,MOR02
543,Amedeus Stockmanslei 39,2022-04-06,03:00:00,2,1,1,MOR02
543,Amedeus Stockmanslei 39,2022-04-06,04:00:00,10,9,1,MOR02
543,Amedeus Stockmanslei 39,2022-04-06,05:00:00,11,11,0,MOR02
543,Amedeus Stockmanslei 39,2022-04-06,06:00:00,31,30,1,MOR02
543,Amedeus Stockmanslei 39,2022-04-06,07:00:00,44,43,1,MOR02
543,Amedeus Stockmanslei 39,2022-04-06,08:00:00,69,69,0,MOR02
543,Amedeus Stockmanslei 39,2022-04-06,09:00:00,62,59,3,MOR02
543,Amedeus Stockmanslei 39,2022-04-06,10:00:00,60,58,2,MOR02
543,Amedeus Stockmanslei 39,2022-04-06,11:00:00,48,45,3,MOR02
543,Amedeus Stockmanslei 39,2022-04-06,12:00:00,58,56,2,MOR02
543,Amedeus Stockmanslei 39,2022-04-06,13:00:00,50,49,1,MOR02
543,Amedeus Stockmanslei 39,2022-04-06,14:00:00,51,46,5,MOR02
543,Amedeus Stockmanslei 39,2022-04-06,15:00:00,60,56,4,MOR02
543,Amedeus Stockmanslei 39,2022-04-06,16:00:00,123,122,1,MOR02
543,Amedeus Stockmanslei 39,2022-04-06,17:00:00,147,142,5,MOR02
543,Amedeus Stockmanslei 39,2022-04-06,18:00:00,102,100,2,MOR02
543,Amedeus Stockmanslei 39,2022-04-06,19:00:00,43,42,1,MOR02
543,Amedeus Stockmanslei 39,2022-04-06,20:00:00,33,31,2,MOR02
543,Amedeus Stockmanslei 39,2022-04-06,21:00:00,12,11,1,MOR02
543,Amedeus Stockmanslei 39,2022-04-06,22:00:00,34,30,4,MOR02
543,Amedeus Stockmanslei 39,2022-04-06,23:00:00,16,15,1,MOR02
543,Amedeus Stockmanslei 39,2022-04-07,00:00:00,10,10,0,MOR02
543,Amedeus Stockmanslei 39,2022-04-07,01:00:00,2,2,0,MOR02
543,Amedeus Stockmanslei 39,2022-04-07,02:00:00,7,3,4,MOR02
543,Amedeus Stockmanslei 39,2022-04-07,03:00:00,1,1,0,MOR02
543,Amedeus Stockmanslei 39,2022-04-07,04:00:00,7,6,1,MOR02
543,Amedeus Stockmanslei 39,2022-04-07,05:00:00,10,9,1,MOR02
543,Amedeus Stockmanslei 39,2022-04-07,06:00:00,18,17,1,MOR02
543,Amedeus Stockmanslei 39,2022-04-07,07:00:00,46,44,2,MOR02
543,Amedeus Stockmanslei 39,2022-04-07,08:00:00,56,54,2,MOR02
543,Amedeus Stockmanslei 39,2022-04-07,09:00:00,16,16,0,MOR02
543,Amedeus Stockmanslei 39,2022-04-07,10:00:00,14,12,2,MOR02
543,Amedeus Stockmanslei 39,2022-04-07,11:00:00,23,22,1,MOR02
543,Amedeus Stockmanslei 39,2022-04-07,12:00:00,57,54,3,MOR02
543,Amedeus Stockmanslei 39,2022-04-07,13:00:00,34,33,1,MOR02
543,Amedeus Stockmanslei 39,2022-04-07,14:00:00,37,36,1,MOR02
543,Amedeus Stockmanslei 39,2022-04-07,15:00:00,47,41,6,MOR02
543,Amedeus Stockmanslei 39,2022-04-07,16:00:00,110,108,2,MOR02
543,Amedeus Stockmanslei 39,2022-04-07,17:00:00,140,136,4,MOR02
543,Amedeus Stockmanslei 39,2022-04-07,18:00:00,96,95,1,MOR02
543,Amedeus Stockmanslei 39,2022-04-07,19:00:00,40,39,1,MOR02
543,Amedeus Stockmanslei 39,2022-04-07,20:00:00,24,23,1,MOR02
543,Amedeus Stockmanslei 39,2022-04-07,21:00:00,21,21,0,MOR02
543,Amedeus Stockmanslei 39,2022-04-07,22:00:00,23,20,3,MOR02
543,Amedeus Stockmanslei 39,2022-04-07,23:00:00,27,26,1,MOR02
543,Amedeus Stockmanslei 39,2022-04-08,00:00:00,11,11,0,MOR02
543,Amedeus Stockmanslei 39,2022-04-08,01:00:00,9,7,2,MOR02
543,Amedeus Stockmanslei 39,2022-04-08,02:00:00,2,2,0,MOR02
543,Amedeus Stockmanslei 39,2022-04-08,03:00:00,6,5,1,MOR02
543,Amedeus Stockmanslei 39,2022-04-08,04:00:00,6,6,0,MOR02
543,Amedeus Stockmanslei 39,2022-04-08,05:00:00,13,12,1,MOR02
543,Amedeus Stockmanslei 39,2022-04-08,06:00:00,20,20,0,MOR02
543,Amedeus Stockmanslei 39,2022-04-08,07:00:00,54,54,0,MOR02
543,Amedeus Stockmanslei 39,2022-04-08,08:00:00,68,65,3,MOR02
543,Amedeus Stockmanslei 39,2022-04-08,09:00:00,39,37,2,MOR02
543,Amedeus Stockmanslei 39,2022-04-08,10:00:00,52,49,3,MOR02
543,Amedeus Stockmanslei 39,2022-04-08,11:00:00,38,35,3,MOR02
543,Amedeus Stockmanslei 39,2022-04-08,12:00:00,73,69,4,MOR02
543,Amedeus Stockmanslei 39,2022-04-08,13:00:00,57,56,1,MOR02
543,Amedeus Stockmanslei 39,2022-04-08,14:00:00,73,71,2,MOR02
543,Amedeus Stockmanslei 39,2022-04-08,15:00:00,90,88,2,MOR02
543,Amedeus Stockmanslei 39,2022-04-08,16:00:00,127,125,2,MOR02
543,Amedeus Stockmanslei 39,2022-04-08,17:00:00,161,157,4,MOR02
543,Amedeus Stockmanslei 39,2022-04-08,18:00:00,95,92,3,MOR02
543,Amedeus Stockmanslei 39,2022-04-08,19:00:00,61,60,1,MOR02
543,Amedeus Stockmanslei 39,2022-04-08,20:00:00,30,26,4,MOR02
543,Amedeus Stockmanslei 39,2022-04-08,21:00:00,26,24,2,MOR02
543,Amedeus Stockmanslei 39,2022-04-08,22:00:00,23,23,0,MOR02
543,Amedeus Stockmanslei 39,2022-04-08,23:00:00,24,24,0,MOR02
543,Amedeus Stockmanslei 39,2022-04-09,00:00:00,39,36,3,MOR02
543,Amedeus Stockmanslei 39,2022-04-09,01:00:00,22,19,3,MOR02
543,Amedeus Stockmanslei 39,2022-04-09,02:00:00,14,14,0,MOR02
543,Amedeus Stockmanslei 39,2022-04-09,03:00:00,5,5,0,MOR02
543,Amedeus Stockmanslei 39,2022-04-09,04:00:00,18,15,3,MOR02
543,Amedeus Stockmanslei 39,2022-04-09,05:00:00,4,4,0,MOR02
543,Amedeus Stockmanslei 39,2022-04-09,06:00:00,8,8,0,MOR02
543,Amedeus Stockmanslei 39,2022-04-09,07:00:00,16,16,0,MOR02
543,Amedeus Stockmanslei 39,2022-04-09,08:00:00,21,20,1,MOR02
543,Amedeus Stockmanslei 39,2022-04-09,09:00:00,49,49,0,MOR02
543,Amedeus Stockmanslei 39,2022-04-09,10:00:00,69,67,2,MOR02
543,Amedeus Stockmanslei 39,2022-04-09,11:00:00,68,65,3,MOR02
543,Amedeus Stockmanslei 39,2022-04-09,12:00:00,70,64,6,MOR02
543,Amedeus Stockmanslei 39,2022-04-09,13:00:00,56,51,5,MOR02
543,Amedeus Stockmanslei 39,2022-04-09,14:00:00,80,74,6,MOR02
543,Amedeus Stockmanslei 39,2022-04-09,15:00:00,73,72,1,MOR02
543,Amedeus Stockmanslei 39,2022-04-09,16:00:00,79,69,10,MOR02
543,Amedeus Stockmanslei 39,2022-04-09,17:00:00,68,67,1,MOR02
543,Amedeus Stockmanslei 39,2022-04-09,18:00:00,51,45,6,MOR02
543,Amedeus Stockmanslei 39,2022-04-09,19:00:00,39,31,8,MOR02
543,Amedeus Stockmanslei 39,2022-04-09,20:00:00,32,24,8,MOR02
543,Amedeus Stockmanslei 39,2022-04-09,21:00:00,30,27,3,MOR02
543,Amedeus Stockmanslei 39,2022-04-09,22:00:00,24,21,3,MOR02
543,Amedeus Stockmanslei 39,2022-04-09,23:00:00,39,32,7,MOR02
543,Amedeus Stockmanslei 39,2022-04-10,00:00:00,24,23,1,MOR02
543,Amedeus Stockmanslei 39,2022-04-10,01:00:00,25,23,2,MOR02
543,Amedeus Stockmanslei 39,2022-04-10,02:00:00,17,16,1,MOR02
543,Amedeus Stockmanslei 39,2022-04-10,03:00:00,9,8,1,MOR02
543,Amedeus Stockmanslei 39,2022-04-10,04:00:00,10,10,0,MOR02
543,Amedeus Stockmanslei 39,2022-04-10,05:00:00,12,12,0,MOR02
543,Amedeus Stockmanslei 39,2022-04-10,06:00:00,7,6,1,MOR02
543,Amedeus Stockmanslei 39,2022-04-10,07:00:00,8,7,1,MOR02
543,Amedeus Stockmanslei 39,2022-04-10,08:00:00,24,24,0,MOR02
543,Amedeus Stockmanslei 39,2022-04-10,09:00:00,50,49,1,MOR02
543,Amedeus Stockmanslei 39,2022-04-10,10:00:00,79,76,3,MOR02
543,Amedeus Stockmanslei 39,2022-04-10,11:00:00,73,67,6,MOR02
543,Amedeus Stockmanslei 39,2022-04-10,12:00:00,100,94,6,MOR02
543,Amedeus Stockmanslei 39,2022-04-10,13:00:00,106,98,8,MOR02
543,Amedeus Stockmanslei 39,2022-04-10,14:00:00,91,86,5,MOR02
543,Amedeus Stockmanslei 39,2022-04-10,15:00:00,86,80,6,MOR02
543,Amedeus Stockmanslei 39,2022-04-10,16:00:00,97,90,7,MOR02
543,Amedeus Stockmanslei 39,2022-04-10,17:00:00,83,78,5,MOR02
543,Amedeus Stockmanslei 39,2022-04-10,18:00:00,62,53,9,MOR02
543,Amedeus Stockmanslei 39,2022-04-10,19:00:00,46,42,4,MOR02
543,Amedeus Stockmanslei 39,2022-04-10,20:00:00,25,25,0,MOR02
543,Amedeus Stockmanslei 39,2022-04-10,21:00:00,30,22,8,MOR02
543,Amedeus Stockmanslei 39,2022-04-10,22:00:00,28,27,1,MOR02
543,Amedeus Stockmanslei 39,2022-04-10,23:00:00,31,29,2,MOR02
543,Amedeus Stockmanslei 39,2022-04-11,00:00:00,11,10,1,MOR02
543,Amedeus Stockmanslei 39,2022-04-11,01:00:00,3,3,0,MOR02
543,Amedeus Stockmanslei 39,2022-04-11,02:00:00,7,6,1,MOR02
543,Amedeus Stockmanslei 39,2022-04-11,03:00:00,4,2,2,MOR02
543,Amedeus Stockmanslei 39,2022-04-11,04:00:00,3,3,0,MOR02
543,Amedeus Stockmanslei 39,2022-04-11,05:00:00,16,14,2,MOR02
543,Amedeus Stockmanslei 39,2022-04-11,06:00:00,20,20,0,MOR02
543,Amedeus Stockmanslei 39,2022-04-11,07:00:00,64,62,2,MOR02
543,Amedeus Stockmanslei 39,2022-04-11,08:00:00,75,75,0,MOR02
543,Amedeus Stockmanslei 39,2022-04-11,09:00:00,54,53,1,MOR02
543,Amedeus Stockmanslei 39,2022-04-11,10:00:00,50,45,5,MOR02
543,Amedeus Stockmanslei 39,2022-04-11,11:00:00,46,44,2,MOR02
543,Amedeus Stockmanslei 39,2022-04-11,12:00:00,69,64,5,MOR02
543,Amedeus Stockmanslei 39,2022-04-11,13:00:00,81,73,8,MOR02
543,Amedeus Stockmanslei 39,2022-04-11,14:00:00,77,72,5,MOR02
543,Amedeus Stockmanslei 39,2022-04-11,15:00:00,106,102,4,MOR02
543,Amedeus Stockmanslei 39,2022-04-11,16:00:00,204,198,6,MOR02
543,Amedeus Stockmanslei 39,2022-04-11,17:00:00,247,244,3,MOR02
543,Amedeus Stockmanslei 39,2022-04-11,18:00:00,167,164,3,MOR02
543,Amedeus Stockmanslei 39,2022-04-11,19:00:00,92,83,9,MOR02
543,Amedeus Stockmanslei 39,2022-04-11,20:00:00,49,46,3,MOR02
543,Amedeus Stockmanslei 39,2022-04-11,21:00:00,24,20,4,MOR02
543,Amedeus Stockmanslei 39,2022-04-11,22:00:00,33,29,4,MOR02
543,Amedeus Stockmanslei 39,2022-04-11,23:00:00,30,29,1,MOR02
543,Amedeus Stockmanslei 39,2022-04-12,00:00:00,13,13,0,MOR02
543,Amedeus Stockmanslei 39,2022-04-12,01:00:00,9,8,1,MOR02
543,Amedeus Stockmanslei 39,2022-04-12,02:00:00,2,2,0,MOR02
543,Amedeus Stockmanslei 39,2022-04-12,03:00:00,4,4,0,MOR02
543,Amedeus Stockmanslei 39,2022-04-12,04:00:00,4,4,0,MOR02
543,Amedeus Stockmanslei 39,2022-04-12,05:00:00,13,13,0,MOR02
543,Amedeus Stockmanslei 39,2022-04-12,06:00:00,31,30,1,MOR02
543,Amedeus Stockmanslei 39,2022-04-12,07:00:00,93,92,1,MOR02
543,Amedeus Stockmanslei 39,2022-04-12,08:00:00,99,98,1,MOR02
543,Amedeus Stockmanslei 39,2022-04-12,09:00:00,82,75,7,MOR02
543,Amedeus Stockmanslei 39,2022-04-12,10:00:00,70,67,3,MOR02
543,Amedeus Stockmanslei 39,2022-04-12,11:00:00,83,79,4,MOR02
543,Amedeus Stockmanslei 39,2022-04-12,12:00:00,76,70,6,MOR02
543,Amedeus Stockmanslei 39,2022-04-12,13:00:00,87,81,6,MOR02
543,Amedeus Stockmanslei 39,2022-04-12,14:00:00,141,132,9,MOR02
543,Amedeus Stockmanslei 39,2022-04-12,15:00:00,135,130,5,MOR02
543,Amedeus Stockmanslei 39,2022-04-12,16:00:00,225,222,3,MOR02
543,Amedeus Stockmanslei 39,2022-04-12,17:00:00,314,310,4,MOR02
543,Amedeus Stockmanslei 39,2022-04-12,18:00:00,203,199,4,MOR02
543,Amedeus Stockmanslei 39,2022-04-12,19:00:00,94,92,2,MOR02
543,Amedeus Stockmanslei 39,2022-04-12,20:00:00,66,64,2,MOR02
543,Amedeus Stockmanslei 39,2022-04-12,21:00:00,46,43,3,MOR02
543,Amedeus Stockmanslei 39,2022-04-12,22:00:00,57,50,7,MOR02
543,Amedeus Stockmanslei 39,2022-04-12,23:00:00,35,32,3,MOR02
543,Amedeus Stockmanslei 39,2022-04-13,00:00:00,20,20,0,MOR02
543,Amedeus Stockmanslei 39,2022-04-13,01:00:00,8,8,0,MOR02
543,Amedeus Stockmanslei 39,2022-04-13,02:00:00,2,2,0,MOR02
543,Amedeus Stockmanslei 39,2022-04-13,03:00:00,5,4,1,MOR02
543,Amedeus Stockmanslei 39,2022-04-13,04:00:00,6,4,2,MOR02
543,Amedeus Stockmanslei 39,2022-04-13,05:00:00,16,15,1,MOR02
543,Amedeus Stockmanslei 39,2022-04-13,06:00:00,18,18,0,MOR02
543,Amedeus Stockmanslei 39,2022-04-13,07:00:00,62,62,0,MOR02
543,Amedeus Stockmanslei 39,2022-04-13,08:00:00,89,87,2,MOR02
543,Amedeus Stockmanslei 39,2022-04-13,09:00:00,68,67,1,MOR02
543,Amedeus Stockmanslei 39,2022-04-13,10:00:00,82,80,2,MOR02
543,Amedeus Stockmanslei 39,2022-04-13,11:00:00,70,66,4,MOR02
543,Amedeus Stockmanslei 39,2022-04-13,12:00:00,60,53,7,MOR02
543,Amedeus Stockmanslei 39,2022-04-13,13:00:00,51,50,1,MOR02
543,Amedeus Stockmanslei 39,2022-04-13,14:00:00,41,37,4,MOR02
543,Amedeus Stockmanslei 39,2022-04-13,15:00:00,93,86,7,MOR02
543,Amedeus Stockmanslei 39,2022-04-13,16:00:00,147,144,3,MOR02
543,Amedeus Stockmanslei 39,2022-04-13,17:00:00,205,203,2,MOR02
543,Amedeus Stockmanslei 39,2022-04-13,18:00:00,127,123,4,MOR02
543,Amedeus Stockmanslei 39,2022-04-13,19:00:00,76,73,3,MOR02
543,Amedeus Stockmanslei 39,2022-04-13,20:00:00,35,34,1,MOR02
543,Amedeus Stockmanslei 39,2022-04-13,21:00:00,28,26,2,MOR02
543,Amedeus Stockmanslei 39,2022-04-13,22:00:00,38,31,7,MOR02
543,Amedeus Stockmanslei 39,2022-04-13,23:00:00,61,57,4,MOR02
543,Amedeus Stockmanslei 39,2022-04-14,00:00:00,15,12,3,MOR02
543,Amedeus Stockmanslei 39,2022-04-14,01:00:00,6,4,2,MOR02
543,Amedeus Stockmanslei 39,2022-04-14,02:00:00,5,4,1,MOR02
543,Amedeus Stockmanslei 39,2022-04-14,03:00:00,7,7,0,MOR02
543,Amedeus Stockmanslei 39,2022-04-14,04:00:00,10,8,2,MOR02
543,Amedeus Stockmanslei 39,2022-04-14,05:00:00,15,13,2,MOR02
543,Amedeus Stockmanslei 39,2022-04-14,06:00:00,26,26,0,MOR02
543,Amedeus Stockmanslei 39,2022-04-14,07:00:00,66,65,1,MOR02
543,Amedeus Stockmanslei 39,2022-04-14,08:00:00,99,97,2,MOR02
543,Amedeus Stockmanslei 39,2022-04-14,09:00:00,57,50,7,MOR02
543,Amedeus Stockmanslei 39,2022-04-14,10:00:00,60,54,6,MOR02
543,Amedeus Stockmanslei 39,2022-04-14,11:00:00,86,76,10,MOR02
543,Amedeus Stockmanslei 39,2022-04-14,12:00:00,98,89,9,MOR02
543,Amedeus Stockmanslei 39,2022-04-14,13:00:00,96,93,3,MOR02
543,Amedeus Stockmanslei 39,2022-04-14,14:00:00,119,110,9,MOR02
543,Amedeus Stockmanslei 39,2022-04-14,15:00:00,134,122,12,MOR02
543,Amedeus Stockmanslei 39,2022-04-14,16:00:00,203,201,2,MOR02
543,Amedeus Stockmanslei 39,2022-04-14,17:00:00,273,268,5,MOR02
543,Amedeus Stockmanslei 39,2022-04-14,18:00:00,191,187,4,MOR02
543,Amedeus Stockmanslei 39,2022-04-14,19:00:00,93,89,4,MOR02
543,Amedeus Stockmanslei 39,2022-04-14,20:00:00,59,54,5,MOR02
543,Amedeus Stockmanslei 39,2022-04-14,21:00:00,42,39,3,MOR02
543,Amedeus Stockmanslei 39,2022-04-14,22:00:00,29,25,4,MOR02
543,Amedeus Stockmanslei 39,2022-04-14,23:00:00,51,50,1,MOR02
543,Amedeus Stockmanslei 39,2022-04-15,00:00:00,28,28,0,MOR02
543,Amedeus Stockmanslei 39,2022-04-15,01:00:00,10,9,1,MOR02
543,Amedeus Stockmanslei 39,2022-04-15,02:00:00,4,4,0,MOR02
543,Amedeus Stockmanslei 39,2022-04-15,03:00:00,19,16,3,MOR02
543,Amedeus Stockmanslei 39,2022-04-15,04:00:00,13,11,2,MOR02
543,Amedeus Stockmanslei 39,2022-04-15,05:00:00,16,14,2,MOR02
543,Amedeus Stockmanslei 39,2022-04-15,06:00:00,23,23,0,MOR02
543,Amedeus Stockmanslei 39,2022-04-15,07:00:00,53,47,6,MOR02
543,Amedeus Stockmanslei 39,2022-04-15,08:00:00,79,79,0,MOR02
543,Amedeus Stockmanslei 39,2022-04-15,09:00:00,57,56,1,MOR02
543,Amedeus Stockmanslei 39,2022-04-15,10:00:00,78,76,2,MOR02
543,Amedeus Stockmanslei 39,2022-04-15,11:00:00,82,80,2,MOR02
543,Amedeus Stockmanslei 39,2022-04-15,12:00:00,85,81,4,MOR02
543,Amedeus Stockmanslei 39,2022-04-15,13:00:00,69,65,4,MOR02
543,Amedeus Stockmanslei 39,2022-04-15,14:00:00,138,128,10,MOR02
543,Amedeus Stockmanslei 39,2022-04-15,15:00:00,140,134,6,MOR02
543,Amedeus Stockmanslei 39,2022-04-15,16:00:00,189,176,13,MOR02
543,Amedeus Stockmanslei 39,2022-04-15,17:00:00,191,182,9,MOR02
543,Amedeus Stockmanslei 39,2022-04-15,18:00:00,130,122,8,MOR02
543,Amedeus Stockmanslei 39,2022-04-15,19:00:00,91,78,13,MOR02
543,Amedeus Stockmanslei 39,2022-04-15,20:00:00,55,43,12,MOR02
543,Amedeus Stockmanslei 39,2022-04-15,21:00:00,34,30,4,MOR02
543,Amedeus Stockmanslei 39,2022-04-15,22:00:00,33,32,1,MOR02
543,Amedeus Stockmanslei 39,2022-04-15,23:00:00,56,55,1,MOR02
543,Amedeus Stockmanslei 39,2022-04-16,00:00:00,50,44,6,MOR02
543,Amedeus Stockmanslei 39,2022-04-16,01:00:00,17,15,2,MOR02
543,Amedeus Stockmanslei 39,2022-04-16,02:00:00,23,22,1,MOR02
543,Amedeus Stockmanslei 39,2022-04-16,03:00:00,28,26,2,MOR02
543,Amedeus Stockmanslei 39,2022-04-16,04:00:00,29,27,2,MOR02
543,Amedeus Stockmanslei 39,2022-04-16,05:00:00,20,20,0,MOR02
543,Amedeus Stockmanslei 39,2022-04-16,06:00:00,11,10,1,MOR02
543,Amedeus Stockmanslei 39,2022-04-16,07:00:00,20,19,1,MOR02
543,Amedeus Stockmanslei 39,2022-04-16,08:00:00,34,33,1,MOR02
543,Amedeus Stockmanslei 39,2022-04-16,09:00:00,70,68,2,MOR02
543,Amedeus Stockmanslei 39,2022-04-16,10:00:00,88,81,7,MOR02
543,Amedeus Stockmanslei 39,2022-04-16,11:00:00,124,119,5,MOR02
543,Amedeus Stockmanslei 39,2022-04-16,12:00:00,113,101,12,MOR02
543,Amedeus Stockmanslei 39,2022-04-16,13:00:00,151,141,10,MOR02
543,Amedeus Stockmanslei 39,2022-04-16,14:00:00,141,135,6,MOR02
543,Amedeus Stockmanslei 39,2022-04-16,15:00:00,142,142,0,MOR02
543,Amedeus Stockmanslei 39,2022-04-16,16:00:00,97,92,5,MOR02
543,Amedeus Stockmanslei 39,2022-04-16,17:00:00,116,101,15,MOR02
543,Amedeus Stockmanslei 39,2022-04-16,18:00:00,87,82,5,MOR02
543,Amedeus Stockmanslei 39,2022-04-16,19:00:00,52,46,6,MOR02
543,Amedeus Stockmanslei 39,2022-04-16,20:00:00,47,42,5,MOR02
543,Amedeus Stockmanslei 39,2022-04-16,21:00:00,39,36,3,MOR02
543,Amedeus Stockmanslei 39,2022-04-16,22:00:00,42,39,3,MOR02
543,Amedeus Stockmanslei 39,2022-04-16,23:00:00,18,17,1,MOR02
543,Amedeus Stockmanslei 39,2022-04-17,00:00:00,24,20,4,MOR02
543,Amedeus Stockmanslei 39,2022-04-17,01:00:00,22,18,4,MOR02
543,Amedeus Stockmanslei 39,2022-04-17,02:00:00,17,16,1,MOR02
543,Amedeus Stockmanslei 39,2022-04-17,03:00:00,19,16,3,MOR02
543,Amedeus Stockmanslei 39,2022-04-17,04:00:00,8,8,0,MOR02
543,Amedeus Stockmanslei 39,2022-04-17,05:00:00,10,10,0,MOR02
543,Amedeus Stockmanslei 39,2022-04-17,06:00:00,6,6,0,MOR02
543,Amedeus Stockmanslei 39,2022-04-17,07:00:00,13,12,1,MOR02
543,Amedeus Stockmanslei 39,2022-04-17,08:00:00,21,20,1,MOR02
543,Amedeus Stockmanslei 39,2022-04-17,09:00:00,75,72,3,MOR02
543,Amedeus Stockmanslei 39,2022-04-17,10:00:00,110,109,1,MOR02
543,Amedeus Stockmanslei 39,2022-04-17,11:00:00,143,140,3,MOR02
543,Amedeus Stockmanslei 39,2022-04-17,12:00:00,107,104,3,MOR02
543,Amedeus Stockmanslei 39,2022-04-17,13:00:00,125,124,1,MOR02
543,Amedeus Stockmanslei 39,2022-04-17,14:00:00,125,119,6,MOR02
543,Amedeus Stockmanslei 39,2022-04-17,15:00:00,146,139,7,MOR02
543,Amedeus Stockmanslei 39,2022-04-17,16:00:00,100,95,5,MOR02
543,Amedeus Stockmanslei 39,2022-04-17,17:00:00,110,101,9,MOR02
543,Amedeus Stockmanslei 39,2022-04-17,18:00:00,76,67,9,MOR02
543,Amedeus Stockmanslei 39,2022-04-17,19:00:00,75,68,7,MOR02
543,Amedeus Stockmanslei 39,2022-04-17,20:00:00,45,40,5,MOR02
543,Amedeus Stockmanslei 39,2022-04-17,21:00:00,27,21,6,MOR02
543,Amedeus Stockmanslei 39,2022-04-17,22:00:00,28,26,2,MOR02
543,Amedeus Stockmanslei 39,2022-04-17,23:00:00,30,30,0,MOR02
543,Amedeus Stockmanslei 39,2022-04-18,00:00:00,18,17,1,MOR02
543,Amedeus Stockmanslei 39,2022-04-18,01:00:00,9,8,1,MOR02
543,Amedeus Stockmanslei 39,2022-04-18,02:00:00,11,9,2,MOR02
543,Amedeus Stockmanslei 39,2022-04-18,03:00:00,14,11,3,MOR02
543,Amedeus Stockmanslei 39,2022-04-18,04:00:00,5,1,4,MOR02
543,Amedeus Stockmanslei 39,2022-04-18,05:00:00,11,9,2,MOR02
543,Amedeus Stockmanslei 39,2022-04-18,06:00:00,7,7,0,MOR02
543,Amedeus Stockmanslei 39,2022-04-18,07:00:00,16,15,1,MOR02
543,Amedeus Stockmanslei 39,2022-04-18,08:00:00,31,28,3,MOR02
543,Amedeus Stockmanslei 39,2022-04-18,09:00:00,87,79,8,MOR02
543,Amedeus Stockmanslei 39,2022-04-18,10:00:00,128,127,1,MOR02
543,Amedeus Stockmanslei 39,2022-04-18,11:00:00,125,118,7,MOR02
543,Amedeus Stockmanslei 39,2022-04-18,12:00:00,130,125,5,MOR02
543,Amedeus Stockmanslei 39,2022-04-18,13:00:00,148,142,6,MOR02
543,Amedeus Stockmanslei 39,2022-04-18,14:00:00,177,167,10,MOR02
543,Amedeus Stockmanslei 39,2022-04-18,15:00:00,202,183,19,MOR02
543,Amedeus Stockmanslei 39,2022-04-18,16:00:00,167,152,15,MOR02
543,Amedeus Stockmanslei 39,2022-04-18,17:00:00,117,111,6,MOR02
543,Amedeus Stockmanslei 39,2022-04-18,18:00:00,97,89,8,MOR02
543,Amedeus Stockmanslei 39,2022-04-18,19:00:00,80,73,7,MOR02
543,Amedeus Stockmanslei 39,2022-04-18,20:00:00,45,44,1,MOR02
543,Amedeus Stockmanslei 39,2022-04-18,21:00:00,35,32,3,MOR02
543,Amedeus Stockmanslei 39,2022-04-18,22:00:00,41,35,6,MOR02
543,Amedeus Stockmanslei 39,2022-04-18,23:00:00,23,22,1,MOR02
543,Amedeus Stockmanslei 39,2022-04-19,00:00:00,6,6,0,MOR02
543,Amedeus Stockmanslei 39,2022-04-19,01:00:00,2,1,1,MOR02
543,Amedeus Stockmanslei 39,2022-04-19,02:00:00,1,1,0,MOR02
543,Amedeus Stockmanslei 39,2022-04-19,03:00:00,4,3,1,MOR02
543,Amedeus Stockmanslei 39,2022-04-19,04:00:00,7,6,1,MOR02
543,Amedeus Stockmanslei 39,2022-04-19,05:00:00,13,12,1,MOR02
543,Amedeus Stockmanslei 39,2022-04-19,06:00:00,45,41,4,MOR02
543,Amedeus Stockmanslei 39,2022-04-19,07:00:00,133,129,4,MOR02
543,Amedeus Stockmanslei 39,2022-04-19,08:00:00,215,214,1,MOR02
543,Amedeus Stockmanslei 39,2022-04-19,09:00:00,62,57,5,MOR02
543,Amedeus Stockmanslei 39,2022-04-19,10:00:00,67,66,1,MOR02
543,Amedeus Stockmanslei 39,2022-04-19,11:00:00,60,56,4,MOR02
543,Amedeus Stockmanslei 39,2022-04-19,12:00:00,114,108,6,MOR02
543,Amedeus Stockmanslei 39,2022-04-19,13:00:00,114,110,4,MOR02
543,Amedeus Stockmanslei 39,2022-04-19,14:00:00,116,112,4,MOR02
543,Amedeus Stockmanslei 39,2022-04-19,15:00:00,176,172,4,MOR02
543,Amedeus Stockmanslei 39,2022-04-19,16:00:00,358,355,3,MOR02
543,Amedeus Stockmanslei 39,2022-04-19,17:00:00,452,447,5,MOR02
543,Amedeus Stockmanslei 39,2022-04-19,18:00:00,307,304,3,MOR02
543,Amedeus Stockmanslei 39,2022-04-19,19:00:00,126,121,5,MOR02
543,Amedeus Stockmanslei 39,2022-04-19,20:00:00,69,66,3,MOR02
543,Amedeus Stockmanslei 39,2022-04-19,21:00:00,58,55,3,MOR02
543,Amedeus Stockmanslei 39,2022-04-19,22:00:00,79,75,4,MOR02
543,Amedeus Stockmanslei 39,2022-04-19,23:00:00,40,36,4,MOR02
543,Amedeus Stockmanslei 39,2022-04-20,00:00:00,16,14,2,MOR02
543,Amedeus Stockmanslei 39,2022-04-20,01:00:00,3,2,1,MOR02
543,Amedeus Stockmanslei 39,2022-04-20,02:00:00,3,3,0,MOR02
543,Amedeus Stockmanslei 39,2022-04-20,03:00:00,4,4,0,MOR02
543,Amedeus Stockmanslei 39,2022-04-20,04:00:00,8,6,2,MOR02
543,Amedeus Stockmanslei 39,2022-04-20,05:00:00,14,12,2,MOR02
543,Amedeus Stockmanslei 39,2022-04-20,06:00:00,39,38,1,MOR02
543,Amedeus Stockmanslei 39,2022-04-20,07:00:00,138,135,3,MOR02
543,Amedeus Stockmanslei 39,2022-04-20,08:00:00,196,194,2,MOR02
543,Amedeus Stockmanslei 39,2022-04-20,09:00:00,76,71,5,MOR02
543,Amedeus Stockmanslei 39,2022-04-20,10:00:00,93,91,2,MOR02
543,Amedeus Stockmanslei 39,2022-04-20,11:00:00,93,91,2,MOR02
543,Amedeus Stockmanslei 39,2022-04-20,12:00:00,193,189,4,MOR02
543,Amedeus Stockmanslei 39,2022-04-20,13:00:00,162,159,3,MOR02
543,Amedeus Stockmanslei 39,2022-04-20,14:00:00,142,130,12,MOR02
543,Amedeus Stockmanslei 39,2022-04-20,15:00:00,162,158,4,MOR02
543,Amedeus Stockmanslei 39,2022-04-20,16:00:00,264,261,3,MOR02
543,Amedeus Stockmanslei 39,2022-04-20,17:00:00,382,374,8,MOR02
543,Amedeus Stockmanslei 39,2022-04-20,18:00:00,223,217,6,MOR02
543,Amedeus Stockmanslei 39,2022-04-20,19:00:00,130,127,3,MOR02
543,Amedeus Stockmanslei 39,2022-04-20,20:00:00,72,72,0,MOR02
543,Amedeus Stockmanslei 39,2022-04-20,21:00:00,64,62,2,MOR02
543,Amedeus Stockmanslei 39,2022-04-20,22:00:00,61,58,3,MOR02
543,Amedeus Stockmanslei 39,2022-04-20,23:00:00,52,48,4,MOR02
543,Amedeus Stockmanslei 39,2022-04-21,00:00:00,23,20,3,MOR02
543,Amedeus Stockmanslei 39,2022-04-21,01:00:00,8,7,1,MOR02
543,Amedeus Stockmanslei 39,2022-04-21,02:00:00,4,4,0,MOR02
543,Amedeus Stockmanslei 39,2022-04-21,03:00:00,6,5,1,MOR02
543,Amedeus Stockmanslei 39,2022-04-21,04:00:00,5,4,1,MOR02
543,Amedeus Stockmanslei 39,2022-04-21,05:00:00,14,14,0,MOR02
543,Amedeus Stockmanslei 39,2022-04-21,06:00:00,39,38,1,MOR02
543,Amedeus Stockmanslei 39,2022-04-21,07:00:00,147,146,1,MOR02
543,Amedeus Stockmanslei 39,2022-04-21,08:00:00,213,210,3,MOR02
543,Amedeus Stockmanslei 39,2022-04-21,09:00:00,70,64,6,MOR02
543,Amedeus Stockmanslei 39,2022-04-21,10:00:00,59,51,8,MOR02
543,Amedeus Stockmanslei 39,2022-04-21,11:00:00,66,64,2,MOR02
543,Amedeus Stockmanslei 39,2022-04-21,12:00:00,115,109,6,MOR02
543,Amedeus Stockmanslei 39,2022-04-21,13:00:00,116,111,5,MOR02
543,Amedeus Stockmanslei 39,2022-04-21,14:00:00,114,109,5,MOR02
543,Amedeus Stockmanslei 39,2022-04-21,15:00:00,193,188,5,MOR02
543,Amedeus Stockmanslei 39,2022-04-21,16:00:00,366,360,6,MOR02
543,Amedeus Stockmanslei 39,2022-04-21,17:00:00,423,420,3,MOR02
543,Amedeus Stockmanslei 39,2022-04-21,18:00:00,303,293,10,MOR02
543,Amedeus Stockmanslei 39,2022-04-21,19:00:00,130,126,4,MOR02
543,Amedeus Stockmanslei 39,2022-04-21,20:00:00,80,74,6,MOR02
543,Amedeus Stockmanslei 39,2022-04-21,21:00:00,66,60,6,MOR02
543,Amedeus Stockmanslei 39,2022-04-21,22:00:00,67,61,6,MOR02
543,Amedeus Stockmanslei 39,2022-04-21,23:00:00,67,63,4,MOR02
543,Amedeus Stockmanslei 39,2022-04-22,00:00:00,34,33,1,MOR02
543,Amedeus Stockmanslei 39,2022-04-22,01:00:00,12,12,0,MOR02
543,Amedeus Stockmanslei 39,2022-04-22,02:00:00,4,4,0,MOR02
543,Amedeus Stockmanslei 39,2022-04-22,03:00:00,7,7,0,MOR02
543,Amedeus Stockmanslei 39,2022-04-22,04:00:00,11,11,0,MOR02
543,Amedeus Stockmanslei 39,2022-04-22,05:00:00,21,21,0,MOR02
543,Amedeus Stockmanslei 39,2022-04-22,06:00:00,34,34,0,MOR02
543,Amedeus Stockmanslei 39,2022-04-22,07:00:00,142,131,11,MOR02
543,Amedeus Stockmanslei 39,2022-04-22,08:00:00,189,174,15,MOR02
543,Amedeus Stockmanslei 39,2022-04-22,09:00:00,74,69,5,MOR02
543,Amedeus Stockmanslei 39,2022-04-22,10:00:00,60,57,3,MOR02
543,Amedeus Stockmanslei 39,2022-04-22,11:00:00,71,68,3,MOR02
543,Amedeus Stockmanslei 39,2022-04-22,12:00:00,132,129,3,MOR02
543,Amedeus Stockmanslei 39,2022-04-22,13:00:00,113,111,2,MOR02
543,Amedeus Stockmanslei 39,2022-04-22,14:00:00,111,109,2,MOR02
543,Amedeus Stockmanslei 39,2022-04-22,15:00:00,175,172,3,MOR02
543,Amedeus Stockmanslei 39,2022-04-22,16:00:00,316,308,8,MOR02
543,Amedeus Stockmanslei 39,2022-04-22,17:00:00,289,283,6,MOR02
543,Amedeus Stockmanslei 39,2022-04-22,18:00:00,196,190,6,MOR02
543,Amedeus Stockmanslei 39,2022-04-22,19:00:00,112,104,8,MOR02
543,Amedeus Stockmanslei 39,2022-04-22,20:00:00,56,52,4,MOR02
543,Amedeus Stockmanslei 39,2022-04-22,21:00:00,69,62,7,MOR02
543,Amedeus Stockmanslei 39,2022-04-22,22:00:00,53,52,1,MOR02
543,Amedeus Stockmanslei 39,2022-04-22,23:00:00,63,62,1,MOR02
543,Amedeus Stockmanslei 39,2022-04-23,00:00:00,51,45,6,MOR02
543,Amedeus Stockmanslei 39,2022-04-23,01:00:00,21,20,1,MOR02
543,Amedeus Stockmanslei 39,2022-04-23,02:00:00,12,11,1,MOR02
543,Amedeus Stockmanslei 39,2022-04-23,03:00:00,22,21,1,MOR02
543,Amedeus Stockmanslei 39,2022-04-23,04:00:00,17,17,0,MOR02
543,Amedeus Stockmanslei 39,2022-04-23,05:00:00,10,9,1,MOR02
543,Amedeus Stockmanslei 39,2022-04-23,06:00:00,17,16,1,MOR02
543,Amedeus Stockmanslei 39,2022-04-23,07:00:00,25,24,1,MOR02
543,Amedeus Stockmanslei 39,2022-04-23,08:00:00,34,33,1,MOR02
543,Amedeus Stockmanslei 39,2022-04-23,09:00:00,78,73,5,MOR02
543,Amedeus Stockmanslei 39,2022-04-23,10:00:00,101,97,4,MOR02
543,Amedeus Stockmanslei 39,2022-04-23,11:00:00,90,86,4,MOR02
543,Amedeus Stockmanslei 39,2022-04-23,12:00:00,108,103,5,MOR02
543,Amedeus Stockmanslei 39,2022-04-23,13:00:00,142,138,4,MOR02
543,Amedeus Stockmanslei 39,2022-04-23,14:00:00,172,163,9,MOR02
543,Amedeus Stockmanslei 39,2022-04-23,15:00:00,145,139,6,MOR02
543,Amedeus Stockmanslei 39,2022-04-23,16:00:00,146,138,8,MOR02
543,Amedeus Stockmanslei 39,2022-04-23,17:00:00,145,140,5,MOR02
543,Amedeus Stockmanslei 39,2022-04-23,18:00:00,119,106,13,MOR02
543,Amedeus Stockmanslei 39,2022-04-23,19:00:00,86,84,2,MOR02
543,Amedeus Stockmanslei 39,2022-04-23,20:00:00,55,49,6,MOR02
543,Amedeus Stockmanslei 39,2022-04-23,21:00:00,32,31,1,MOR02
543,Amedeus Stockmanslei 39,2022-04-23,22:00:00,42,39,3,MOR02
543,Amedeus Stockmanslei 39,2022-04-23,23:00:00,59,53,6,MOR02
543,Amedeus Stockmanslei 39,2022-04-24,00:00:00,68,68,0,MOR02
543,Amedeus Stockmanslei 39,2022-04-24,01:00:00,34,34,0,MOR02
543,Amedeus Stockmanslei 39,2022-04-24,02:00:00,24,21,3,MOR02
543,Amedeus Stockmanslei 39,2022-04-24,03:00:00,15,13,2,MOR02
543,Amedeus Stockmanslei 39,2022-04-24,04:00:00,4,4,0,MOR02
543,Amedeus Stockmanslei 39,2022-04-24,05:00:00,4,3,1,MOR02
543,Amedeus Stockmanslei 39,2022-04-24,06:00:00,12,12,0,MOR02
543,Amedeus Stockmanslei 39,2022-04-24,07:00:00,14,14,0,MOR02
543,Amedeus Stockmanslei 39,2022-04-24,08:00:00,35,33,2,MOR02
543,Amedeus Stockmanslei 39,2022-04-24,09:00:00,99,94,5,MOR02
543,Amedeus Stockmanslei 39,2022-04-24,10:00:00,86,79,7,MOR02
543,Amedeus Stockmanslei 39,2022-04-24,11:00:00,90,87,3,MOR02
543,Amedeus Stockmanslei 39,2022-04-24,12:00:00,116,109,7,MOR02
543,Amedeus Stockmanslei 39,2022-04-24,13:00:00,152,141,11,MOR02
543,Amedeus Stockmanslei 39,2022-04-24,14:00:00,151,143,8,MOR02
543,Amedeus Stockmanslei 39,2022-04-24,15:00:00,192,186,6,MOR02
543,Amedeus Stockmanslei 39,2022-04-24,16:00:00,204,194,10,MOR02
543,Amedeus Stockmanslei 39,2022-04-24,17:00:00,210,205,5,MOR02
543,Amedeus Stockmanslei 39,2022-04-24,18:00:00,147,141,6,MOR02
543,Amedeus Stockmanslei 39,2022-04-24,19:00:00,95,92,3,MOR02
543,Amedeus Stockmanslei 39,2022-04-24,20:00:00,43,41,2,MOR02
543,Amedeus Stockmanslei 39,2022-04-24,21:00:00,32,31,1,MOR02
543,Amedeus Stockmanslei 39,2022-04-24,22:00:00,40,36,4,MOR02
543,Amedeus Stockmanslei 39,2022-04-24,23:00:00,38,38,0,MOR02
543,Amedeus Stockmanslei 39,2022-04-25,00:00:00,19,18,1,MOR02
543,Amedeus Stockmanslei 39,2022-04-25,01:00:00,3,3,0,MOR02
543,Amedeus Stockmanslei 39,2022-04-25,02:00:00,5,5,0,MOR02
543,Amedeus Stockmanslei 39,2022-04-25,03:00:00,2,1,1,MOR02
543,Amedeus Stockmanslei 39,2022-04-25,04:00:00,7,6,1,MOR02
543,Amedeus Stockmanslei 39,2022-04-25,05:00:00,18,18,0,MOR02
543,Amedeus Stockmanslei 39,2022-04-25,06:00:00,27,27,0,MOR02
543,Amedeus Stockmanslei 39,2022-04-25,07:00:00,107,107,0,MOR02
543,Amedeus Stockmanslei 39,2022-04-25,08:00:00,157,156,1,MOR02
543,Amedeus Stockmanslei 39,2022-04-25,09:00:00,61,57,4,MOR02
543,Amedeus Stockmanslei 39,2022-04-25,10:00:00,48,44,4,MOR02
543,Amedeus Stockmanslei 39,2022-04-25,11:00:00,40,35,5,MOR02
543,Amedeus Stockmanslei 39,2022-04-25,12:00:00,97,93,4,MOR02
543,Amedeus Stockmanslei 39,2022-04-25,13:00:00,61,60,1,MOR02
543,Amedeus Stockmanslei 39,2022-04-25,14:00:00,75,75,0,MOR02
543,Amedeus Stockmanslei 39,2022-04-25,15:00:00,176,171,5,MOR02
543,Amedeus Stockmanslei 39,2022-04-25,16:00:00,277,277,0,MOR02
543,Amedeus Stockmanslei 39,2022-04-25,17:00:00,343,341,2,MOR02
543,Amedeus Stockmanslei 39,2022-04-25,18:00:00,208,205,3,MOR02
543,Amedeus Stockmanslei 39,2022-04-25,19:00:00,85,85,0,MOR02
543,Amedeus Stockmanslei 39,2022-04-25,20:00:00,53,49,4,MOR02
543,Amedeus Stockmanslei 39,2022-04-25,21:00:00,35,33,2,MOR02
543,Amedeus Stockmanslei 39,2022-04-25,22:00:00,40,38,2,MOR02
543,Amedeus Stockmanslei 39,2022-04-25,23:00:00,18,16,2,MOR02
543,Amedeus Stockmanslei 39,2022-04-26,00:00:00,12,12,0,MOR02
543,Amedeus Stockmanslei 39,2022-04-26,01:00:00,3,2,1,MOR02
543,Amedeus Stockmanslei 39,2022-04-26,02:00:00,4,3,1,MOR02
543,Amedeus Stockmanslei 39,2022-04-26,03:00:00,4,4,0,MOR02
543,Amedeus Stockmanslei 39,2022-04-26,04:00:00,6,6,0,MOR02
543,Amedeus Stockmanslei 39,2022-04-26,05:00:00,13,12,1,MOR02
543,Amedeus Stockmanslei 39,2022-04-26,06:00:00,37,37,0,MOR02
543,Amedeus Stockmanslei 39,2022-04-26,07:00:00,123,121,2,MOR02
543,Amedeus Stockmanslei 39,2022-04-26,08:00:00,182,174,8,MOR02
543,Amedeus Stockmanslei 39,2022-04-26,09:00:00,65,64,1,MOR02
543,Amedeus Stockmanslei 39,2022-04-26,10:00:00,70,66,4,MOR02
543,Amedeus Stockmanslei 39,2022-04-26,11:00:00,44,40,4,MOR02
543,Amedeus Stockmanslei 39,2022-04-26,12:00:00,93,91,2,MOR02
543,Amedeus Stockmanslei 39,2022-04-26,13:00:00,79,78,1,MOR02
543,Amedeus Stockmanslei 39,2022-04-26,14:00:00,119,118,1,MOR02
543,Amedeus Stockmanslei 39,2022-04-26,15:00:00,218,216,2,MOR02
543,Amedeus Stockmanslei 39,2022-04-26,16:00:00,379,377,2,MOR02
543,Amedeus Stockmanslei 39,2022-04-26,17:00:00,427,424,3,MOR02
543,Amedeus Stockmanslei 39,2022-04-26,18:00:00,275,275,0,MOR02
543,Amedeus Stockmanslei 39,2022-04-26,19:00:00,131,127,4,MOR02
543,Amedeus Stockmanslei 39,2022-04-26,20:00:00,74,68,6,MOR02
543,Amedeus Stockmanslei 39,2022-04-26,21:00:00,56,51,5,MOR02
543,Amedeus Stockmanslei 39,2022-04-26,22:00:00,51,45,6,MOR02
543,Amedeus Stockmanslei 39,2022-04-26,23:00:00,42,38,4,MOR02
543,Amedeus Stockmanslei 39,2022-04-27,00:00:00,18,14,4,MOR02
543,Amedeus Stockmanslei 39,2022-04-27,01:00:00,4,4,0,MOR02
543,Amedeus Stockmanslei 39,2022-04-27,02:00:00,6,6,0,MOR02
543,Amedeus Stockmanslei 39,2022-04-27,03:00:00,8,7,1,MOR02
543,Amedeus Stockmanslei 39,2022-04-27,04:00:00,11,10,1,MOR02
543,Amedeus Stockmanslei 39,2022-04-27,05:00:00,16,15,1,MOR02
543,Amedeus Stockmanslei 39,2022-04-27,06:00:00,44,43,1,MOR02
543,Amedeus Stockmanslei 39,2022-04-27,07:00:00,112,111,1,MOR02
543,Amedeus Stockmanslei 39,2022-04-27,08:00:00,177,177,0,MOR02
543,Amedeus Stockmanslei 39,2022-04-27,09:00:00,84,82,2,MOR02
543,Amedeus Stockmanslei 39,2022-04-27,10:00:00,88,84,4,MOR02
543,Amedeus Stockmanslei 39,2022-04-27,11:00:00,76,71,5,MOR02
543,Amedeus Stockmanslei 39,2022-04-27,12:00:00,201,198,3,MOR02
543,Amedeus Stockmanslei 39,2022-04-27,13:00:00,160,154,6,MOR02
543,Amedeus Stockmanslei 39,2022-04-27,14:00:00,124,118,6,MOR02
543,Amedeus Stockmanslei 39,2022-04-27,15:00:00,167,166,1,MOR02
543,Amedeus Stockmanslei 39,2022-04-27,16:00:00,253,250,3,MOR02
543,Amedeus Stockmanslei 39,2022-04-27,17:00:00,362,361,1,MOR02
543,Amedeus Stockmanslei 39,2022-04-27,18:00:00,244,239,5,MOR02
543,Amedeus Stockmanslei 39,2022-04-27,19:00:00,116,108,8,MOR02
543,Amedeus Stockmanslei 39,2022-04-27,20:00:00,78,76,2,MOR02
543,Amedeus Stockmanslei 39,2022-04-27,21:00:00,66,62,4,MOR02
543,Amedeus Stockmanslei 39,2022-04-27,22:00:00,84,80,4,MOR02
543,Amedeus Stockmanslei 39,2022-04-27,23:00:00,31,29,2,MOR02
543,Amedeus Stockmanslei 39,2022-04-28,00:00:00,19,16,3,MOR02
543,Amedeus Stockmanslei 39,2022-04-28,01:00:00,14,14,0,MOR02
543,Amedeus Stockmanslei 39,2022-04-28,02:00:00,5,4,1,MOR02
543,Amedeus Stockmanslei 39,2022-04-28,03:00:00,8,7,1,MOR02
543,Amedeus Stockmanslei 39,2022-04-28,04:00:00,8,7,1,MOR02
543,Amedeus Stockmanslei 39,2022-04-28,05:00:00,19,19,0,MOR02
543,Amedeus Stockmanslei 39,2022-04-28,06:00:00,37,35,2,MOR02
543,Amedeus Stockmanslei 39,2022-04-28,07:00:00,153,153,0,MOR02
543,Amedeus Stockmanslei 39,2022-04-28,08:00:00,198,198,0,MOR02
543,Amedeus Stockmanslei 39,2022-04-28,09:00:00,74,68,6,MOR02
543,Amedeus Stockmanslei 39,2022-04-28,10:00:00,63,59,4,MOR02
543,Amedeus Stockmanslei 39,2022-04-28,11:00:00,76,71,5,MOR02
543,Amedeus Stockmanslei 39,2022-04-28,12:00:00,112,109,3,MOR02
543,Amedeus Stockmanslei 39,2022-04-28,13:00:00,110,109,1,MOR02
543,Amedeus Stockmanslei 39,2022-04-28,14:00:00,128,123,5,MOR02
543,Amedeus Stockmanslei 39,2022-04-28,15:00:00,218,214,4,MOR02
543,Amedeus Stockmanslei 39,2022-04-28,16:00:00,408,406,2,MOR02
543,Amedeus Stockmanslei 39,2022-04-28,17:00:00,371,369,2,MOR02
543,Amedeus Stockmanslei 39,2022-04-28,18:00:00,285,278,7,MOR02
543,Amedeus Stockmanslei 39,2022-04-28,19:00:00,131,126,5,MOR02
543,Amedeus Stockmanslei 39,2022-04-28,20:00:00,75,72,3,MOR02
543,Amedeus Stockmanslei 39,2022-04-28,21:00:00,60,55,5,MOR02
543,Amedeus Stockmanslei 39,2022-04-28,22:00:00,84,82,2,MOR02
543,Amedeus Stockmanslei 39,2022-04-28,23:00:00,57,56,1,MOR02
543,Amedeus Stockmanslei 39,2022-04-29,00:00:00,35,34,1,MOR02
543,Amedeus Stockmanslei 39,2022-04-29,01:00:00,12,11,1,MOR02
543,Amedeus Stockmanslei 39,2022-04-29,02:00:00,12,11,1,MOR02
543,Amedeus Stockmanslei 39,2022-04-29,03:00:00,6,5,1,MOR02
543,Amedeus Stockmanslei 39,2022-04-29,04:00:00,10,9,1,MOR02
543,Amedeus Stockmanslei 39,2022-04-29,05:00:00,21,20,1,MOR02
543,Amedeus Stockmanslei 39,2022-04-29,06:00:00,27,27,0,MOR02
543,Amedeus Stockmanslei 39,2022-04-29,07:00:00,100,98,2,MOR02
543,Amedeus Stockmanslei 39,2022-04-29,08:00:00,188,186,2,MOR02
543,Amedeus Stockmanslei 39,2022-04-29,09:00:00,63,59,4,MOR02
543,Amedeus Stockmanslei 39,2022-04-29,10:00:00,75,63,12,MOR02
543,Amedeus Stockmanslei 39,2022-04-29,11:00:00,71,68,3,MOR02
543,Amedeus Stockmanslei 39,2022-04-29,12:00:00,131,124,7,MOR02
543,Amedeus Stockmanslei 39,2022-04-29,13:00:00,106,102,4,MOR02
543,Amedeus Stockmanslei 39,2022-04-29,14:00:00,112,110,2,MOR02
543,Amedeus Stockmanslei 39,2022-04-29,15:00:00,167,165,2,MOR02
543,Amedeus Stockmanslei 39,2022-04-29,16:00:00,299,297,2,MOR02
543,Amedeus Stockmanslei 39,2022-04-29,17:00:00,276,269,7,MOR02
543,Amedeus Stockmanslei 39,2022-04-29,18:00:00,173,170,3,MOR02
543,Amedeus Stockmanslei 39,2022-04-29,19:00:00,88,85,3,MOR02
543,Amedeus Stockmanslei 39,2022-04-29,20:00:00,77,73,4,MOR02
543,Amedeus Stockmanslei 39,2022-04-29,21:00:00,69,66,3,MOR02
543,Amedeus Stockmanslei 39,2022-04-29,22:00:00,75,74,1,MOR02
543,Amedeus Stockmanslei 39,2022-04-29,23:00:00,75,75,0,MOR02
543,Amedeus Stockmanslei 39,2022-04-30,00:00:00,56,51,5,MOR02
543,Amedeus Stockmanslei 39,2022-04-30,01:00:00,36,34,2,MOR02
543,Amedeus Stockmanslei 39,2022-04-30,02:00:00,13,12,1,MOR02
543,Amedeus Stockmanslei 39,2022-04-30,03:00:00,16,15,1,MOR02
543,Amedeus Stockmanslei 39,2022-04-30,04:00:00,7,6,1,MOR02
543,Amedeus Stockmanslei 39,2022-04-30,05:00:00,11,10,1,MOR02
543,Amedeus Stockmanslei 39,2022-04-30,06:00:00,14,14,0,MOR02
543,Amedeus Stockmanslei 39,2022-04-30,07:00:00,23,23,0,MOR02
543,Amedeus Stockmanslei 39,2022-04-30,08:00:00,42,41,1,MOR02
543,Amedeus Stockmanslei 39,2022-04-30,09:00:00,66,61,5,MOR02
543,Amedeus Stockmanslei 39,2022-04-30,10:00:00,92,89,3,MOR02
543,Amedeus Stockmanslei 39,2022-04-30,11:00:00,92,90,2,MOR02
543,Amedeus Stockmanslei 39,2022-04-30,12:00:00,111,103,8,MOR02
543,Amedeus Stockmanslei 39,2022-04-30,13:00:00,118,116,2,MOR02
543,Amedeus Stockmanslei 39,2022-04-30,14:00:00,120,114,6,MOR02
543,Amedeus Stockmanslei 39,2022-04-30,15:00:00,88,82,6,MOR02
543,Amedeus Stockmanslei 39,2022-04-30,16:00:00,109,108,1,MOR02
543,Amedeus Stockmanslei 39,2022-04-30,17:00:00,102,93,9,MOR02
543,Amedeus Stockmanslei 39,2022-04-30,18:00:00,73,71,2,MOR02
543,Amedeus Stockmanslei 39,2022-04-30,19:00:00,47,46,1,MOR02
543,Amedeus Stockmanslei 39,2022-04-30,20:00:00,60,56,4,MOR02
543,Amedeus Stockmanslei 39,2022-04-30,21:00:00,36,29,7,MOR02
543,Amedeus Stockmanslei 39,2022-04-30,22:00:00,33,32,1,MOR02
543,Amedeus Stockmanslei 39,2022-04-30,23:00:00,29,28,1,MOR02
543,Amedeus Stockmanslei 39,2022-05-01,00:00:00,45,41,4,MOR02
543,Amedeus Stockmanslei 39,2022-05-01,01:00:00,21,18,3,MOR02
543,Amedeus Stockmanslei 39,2022-05-01,02:00:00,22,17,5,MOR02
543,Amedeus Stockmanslei 39,2022-05-01,03:00:00,15,9,6,MOR02
543,Amedeus Stockmanslei 39,2022-05-01,04:00:00,4,4,0,MOR02
543,Amedeus Stockmanslei 39,2022-05-01,05:00:00,4,2,2,MOR02
543,Amedeus Stockmanslei 39,2022-05-01,06:00:00,10,9,1,MOR02
543,Amedeus Stockmanslei 39,2022-05-01,07:00:00,9,9,0,MOR02
543,Amedeus Stockmanslei 39,2022-05-01,08:00:00,33,32,1,MOR02
543,Amedeus Stockmanslei 39,2022-05-01,09:00:00,73,68,5,MOR02
543,Amedeus Stockmanslei 39,2022-05-01,10:00:00,86,82,4,MOR02
543,Amedeus Stockmanslei 39,2022-05-01,11:00:00,85,76,9,MOR02
543,Amedeus Stockmanslei 39,2022-05-01,12:00:00,100,93,7,MOR02
543,Amedeus Stockmanslei 39,2022-05-01,13:00:00,105,102,3,MOR02
543,Amedeus Stockmanslei 39,2022-05-01,14:00:00,136,131,5,MOR02
543,Amedeus Stockmanslei 39,2022-05-01,15:00:00,142,141,1,MOR02
543,Amedeus Stockmanslei 39,2022-05-01,16:00:00,111,105,6,MOR02
543,Amedeus Stockmanslei 39,2022-05-01,17:00:00,106,104,2,MOR02
543,Amedeus Stockmanslei 39,2022-05-01,18:00:00,77,70,7,MOR02
543,Amedeus Stockmanslei 39,2022-05-01,19:00:00,55,52,3,MOR02
543,Amedeus Stockmanslei 39,2022-05-01,20:00:00,41,36,5,MOR02
543,Amedeus Stockmanslei 39,2022-05-01,21:00:00,25,21,4,MOR02
543,Amedeus Stockmanslei 39,2022-05-01,22:00:00,33,31,2,MOR02
543,Amedeus Stockmanslei 39,2022-05-01,23:00:00,21,20,1,MOR02
543,Amedeus Stockmanslei 39,2022-05-02,00:00:00,6,6,0,MOR02
543,Amedeus Stockmanslei 39,2022-05-02,01:00:00,7,7,0,MOR02
543,Amedeus Stockmanslei 39,2022-05-02,02:00:00,3,2,1,MOR02
543,Amedeus Stockmanslei 39,2022-05-02,03:00:00,2,1,1,MOR02
543,Amedeus Stockmanslei 39,2022-05-02,04:00:00,8,8,0,MOR02
543,Amedeus Stockmanslei 39,2022-05-02,05:00:00,10,10,0,MOR02
543,Amedeus Stockmanslei 39,2022-05-02,06:00:00,28,28,0,MOR02
543,Amedeus Stockmanslei 39,2022-05-02,07:00:00,122,121,1,MOR02
543,Amedeus Stockmanslei 39,2022-05-02,08:00:00,168,165,3,MOR02
543,Amedeus Stockmanslei 39,2022-05-02,09:00:00,133,127,6,MOR02
543,Amedeus Stockmanslei 39,2022-05-02,10:00:00,48,46,2,MOR02
543,Amedeus Stockmanslei 39,2022-05-02,11:00:00,69,66,3,MOR02
543,Amedeus Stockmanslei 39,2022-05-02,12:00:00,96,95,1,MOR02
543,Amedeus Stockmanslei 39,2022-05-02,13:00:00,115,112,3,MOR02
543,Amedeus Stockmanslei 39,2022-05-02,14:00:00,124,117,7,MOR02
543,Amedeus Stockmanslei 39,2022-05-02,15:00:00,190,186,4,MOR02
543,Amedeus Stockmanslei 39,2022-05-02,16:00:00,312,312,0,MOR02
543,Amedeus Stockmanslei 39,2022-05-02,17:00:00,379,376,3,MOR02
543,Amedeus Stockmanslei 39,2022-05-02,18:00:00,243,237,6,MOR02
543,Amedeus Stockmanslei 39,2022-05-02,19:00:00,120,116,4,MOR02
543,Amedeus Stockmanslei 39,2022-05-02,20:00:00,68,66,2,MOR02
543,Amedeus Stockmanslei 39,2022-05-02,21:00:00,56,50,6,MOR02
543,Amedeus Stockmanslei 39,2022-05-02,22:00:00,57,55,2,MOR02
543,Amedeus Stockmanslei 39,2022-05-02,23:00:00,24,24,0,MOR02
543,Amedeus Stockmanslei 39,2022-05-03,00:00:00,12,11,1,MOR02
543,Amedeus Stockmanslei 39,2022-05-03,01:00:00,0,0,0,MOR02
543,Amedeus Stockmanslei 39,2022-05-03,02:00:00,7,5,2,MOR02
543,Amedeus Stockmanslei 39,2022-05-03,03:00:00,6,5,1,MOR02
543,Amedeus Stockmanslei 39,2022-05-03,04:00:00,8,7,1,MOR02
543,Amedeus Stockmanslei 39,2022-05-03,05:00:00,10,9,1,MOR02
543,Amedeus Stockmanslei 39,2022-05-03,06:00:00,47,47,0,MOR02
543,Amedeus Stockmanslei 39,2022-05-03,07:00:00,138,137,1,MOR02
543,Amedeus Stockmanslei 39,2022-05-03,08:00:00,235,233,2,MOR02
543,Amedeus Stockmanslei 39,2022-05-03,09:00:00,76,73,3,MOR02
543,Amedeus Stockmanslei 39,2022-05-03,10:00:00,66,63,3,MOR02
543,Amedeus Stockmanslei 39,2022-05-03,11:00:00,77,74,3,MOR02
543,Amedeus Stockmanslei 39,2022-05-03,12:00:00,84,78,6,MOR02
543,Amedeus Stockmanslei 39,2022-05-03,13:00:00,0,0,0,MOR02
543,Amedeus Stockmanslei 39,2022-05-03,14:00:00,0,0,0,MOR02
543,Amedeus Stockmanslei 39,2022-05-03,15:00:00,0,0,0,MOR02
543,Amedeus Stockmanslei 39,2022-05-03,16:00:00,0,0,0,MOR02
543,Amedeus Stockmanslei 39,2022-05-03,17:00:00,0,0,0,MOR02
543,Amedeus Stockmanslei 39,2022-05-03,18:00:00,0,0,0,MOR02
543,Amedeus Stockmanslei 39,2022-05-03,19:00:00,0,0,0,MOR02
543,Amedeus Stockmanslei 39,2022-05-03,20:00:00,0,0,0,MOR02
543,Amedeus Stockmanslei 39,2022-05-03,21:00:00,0,0,0,MOR02
543,Amedeus Stockmanslei 39,2022-05-03,22:00:00,0,0,0,MOR02
543,Amedeus Stockmanslei 39,2022-05-03,23:00:00,0,0,0,MOR02
543,Amedeus Stockmanslei 39,2022-06-10,00:00:00,0,0,0,MOR02
543,Amedeus Stockmanslei 39,2022-06-10,01:00:00,0,0,0,MOR02
543,Amedeus Stockmanslei 39,2022-06-10,02:00:00,0,0,0,MOR02
543,Amedeus Stockmanslei 39,2022-06-10,03:00:00,0,0,0,MOR02
543,Amedeus Stockmanslei 39,2022-06-10,04:00:00,0,0,0,MOR02
543,Amedeus Stockmanslei 39,2022-06-10,05:00:00,0,0,0,MOR02
543,Amedeus Stockmanslei 39,2022-06-10,06:00:00,0,0,0,MOR02
543,Amedeus Stockmanslei 39,2022-06-10,07:00:00,0,0,0,MOR02
543,Amedeus Stockmanslei 39,2022-06-10,08:00:00,0,0,0,MOR02
543,Amedeus Stockmanslei 39,2022-06-10,09:00:00,0,0,0,MOR02
543,Amedeus Stockmanslei 39,2022-06-10,10:00:00,22,21,1,MOR02
543,Amedeus Stockmanslei 39,2022-06-10,11:00:00,98,97,1,MOR02
543,Amedeus Stockmanslei 39,2022-06-10,12:00:00,107,103,4,MOR02
543,Amedeus Stockmanslei 39,2022-06-10,13:00:00,119,109,10,MOR02
543,Amedeus Stockmanslei 39,2022-06-10,14:00:00,131,131,0,MOR02
543,Amedeus Stockmanslei 39,2022-06-10,15:00:00,201,198,3,MOR02
543,Amedeus Stockmanslei 39,2022-06-10,16:00:00,283,278,5,MOR02
543,Amedeus Stockmanslei 39,2022-06-10,17:00:00,292,289,3,MOR02
543,Amedeus Stockmanslei 39,2022-06-10,18:00:00,176,176,0,MOR02
543,Amedeus Stockmanslei 39,2022-06-10,19:00:00,96,95,1,MOR02
543,Amedeus Stockmanslei 39,2022-06-10,20:00:00,84,80,4,MOR02
543,Amedeus Stockmanslei 39,2022-06-10,21:00:00,56,52,4,MOR02
543,Amedeus Stockmanslei 39,2022-06-10,22:00:00,77,74,3,MOR02
543,Amedeus Stockmanslei 39,2022-06-10,23:00:00,58,57,1,MOR02
543,Amedeus Stockmanslei 39,2022-06-11,00:00:00,67,62,5,MOR02
543,Amedeus Stockmanslei 39,2022-06-11,01:00:00,37,36,1,MOR02
543,Amedeus Stockmanslei 39,2022-06-11,02:00:00,26,25,1,MOR02
543,Amedeus Stockmanslei 39,2022-06-11,03:00:00,17,15,2,MOR02
543,Amedeus Stockmanslei 39,2022-06-11,04:00:00,13,12,1,MOR02
543,Amedeus Stockmanslei 39,2022-06-11,05:00:00,5,5,0,MOR02
543,Amedeus Stockmanslei 39,2022-06-11,06:00:00,15,14,1,MOR02
543,Amedeus Stockmanslei 39,2022-06-11,07:00:00,26,25,1,MOR02
543,Amedeus Stockmanslei 39,2022-06-11,08:00:00,36,36,0,MOR02
543,Amedeus Stockmanslei 39,2022-06-11,09:00:00,92,90,2,MOR02
543,Amedeus Stockmanslei 39,2022-06-11,10:00:00,95,89,6,MOR02
543,Amedeus Stockmanslei 39,2022-06-11,11:00:00,92,88,4,MOR02
543,Amedeus Stockmanslei 39,2022-06-11,12:00:00,95,93,2,MOR02
543,Amedeus Stockmanslei 39,2022-06-11,13:00:00,134,129,5,MOR02
543,Amedeus Stockmanslei 39,2022-06-11,14:00:00,162,154,8,MOR02
543,Amedeus Stockmanslei 39,2022-06-11,15:00:00,122,119,3,MOR02
543,Amedeus Stockmanslei 39,2022-06-11,16:00:00,150,148,2,MOR02
543,Amedeus Stockmanslei 39,2022-06-11,17:00:00,142,139,3,MOR02
543,Amedeus Stockmanslei 39,2022-06-11,18:00:00,129,120,9,MOR02
543,Amedeus Stockmanslei 39,2022-06-11,19:00:00,71,66,5,MOR02
543,Amedeus Stockmanslei 39,2022-06-11,20:00:00,62,59,3,MOR02
543,Amedeus Stockmanslei 39,2022-06-11,21:00:00,34,32,2,MOR02
543,Amedeus Stockmanslei 39,2022-06-11,22:00:00,58,55,3,MOR02
543,Amedeus Stockmanslei 39,2022-06-11,23:00:00,53,50,3,MOR02
543,Amedeus Stockmanslei 39,2022-06-12,00:00:00,40,36,4,MOR02
543,Amedeus Stockmanslei 39,2022-06-12,01:00:00,29,28,1,MOR02
543,Amedeus Stockmanslei 39,2022-06-12,02:00:00,43,41,2,MOR02
543,Amedeus Stockmanslei 39,2022-06-12,03:00:00,22,22,0,MOR02
543,Amedeus Stockmanslei 39,2022-06-12,04:00:00,21,21,0,MOR02
543,Amedeus Stockmanslei 39,2022-06-12,05:00:00,14,13,1,MOR02
543,Amedeus Stockmanslei 39,2022-06-12,06:00:00,11,11,0,MOR02
543,Amedeus Stockmanslei 39,2022-06-12,07:00:00,16,16,0,MOR02
543,Amedeus Stockmanslei 39,2022-06-12,08:00:00,37,36,1,MOR02
543,Amedeus Stockmanslei 39,2022-06-12,09:00:00,85,85,0,MOR02
543,Amedeus Stockmanslei 39,2022-06-12,10:00:00,123,116,7,MOR02
543,Amedeus Stockmanslei 39,2022-06-12,11:00:00,118,112,6,MOR02
543,Amedeus Stockmanslei 39,2022-06-12,12:00:00,104,98,6,MOR02
543,Amedeus Stockmanslei 39,2022-06-12,13:00:00,122,121,1,MOR02
543,Amedeus Stockmanslei 39,2022-06-12,14:00:00,194,186,8,MOR02
543,Amedeus Stockmanslei 39,2022-06-12,15:00:00,228,222,6,MOR02
543,Amedeus Stockmanslei 39,2022-06-12,16:00:00,188,174,14,MOR02
543,Amedeus Stockmanslei 39,2022-06-12,17:00:00,164,158,6,MOR02
543,Amedeus Stockmanslei 39,2022-06-12,18:00:00,116,108,8,MOR02
543,Amedeus Stockmanslei 39,2022-06-12,19:00:00,88,83,5,MOR02
543,Amedeus Stockmanslei 39,2022-06-12,20:00:00,53,50,3,MOR02
543,Amedeus Stockmanslei 39,2022-06-12,21:00:00,47,43,4,MOR02
543,Amedeus Stockmanslei 39,2022-06-12,22:00:00,51,43,8,MOR02
543,Amedeus Stockmanslei 39,2022-06-12,23:00:00,38,37,1,MOR02
543,Amedeus Stockmanslei 39,2022-06-13,00:00:00,11,11,0,MOR02
543,Amedeus Stockmanslei 39,2022-06-13,01:00:00,1,1,0,MOR02
543,Amedeus Stockmanslei 39,2022-06-13,02:00:00,6,6,0,MOR02
543,Amedeus Stockmanslei 39,2022-06-13,03:00:00,3,2,1,MOR02
543,Amedeus Stockmanslei 39,2022-06-13,04:00:00,8,7,1,MOR02
543,Amedeus Stockmanslei 39,2022-06-13,05:00:00,17,17,0,MOR02
543,Amedeus Stockmanslei 39,2022-06-13,06:00:00,49,48,1,MOR02
543,Amedeus Stockmanslei 39,2022-06-13,07:00:00,116,116,0,MOR02
543,Amedeus Stockmanslei 39,2022-06-13,08:00:00,179,176,3,MOR02
543,Amedeus Stockmanslei 39,2022-06-13,09:00:00,191,186,5,MOR02
543,Amedeus Stockmanslei 39,2022-06-13,10:00:00,72,69,3,MOR02
543,Amedeus Stockmanslei 39,2022-06-13,11:00:00,79,78,1,MOR02
543,Amedeus Stockmanslei 39,2022-06-13,12:00:00,122,119,3,MOR02
543,Amedeus Stockmanslei 39,2022-06-13,13:00:00,111,106,5,MOR02
543,Amedeus Stockmanslei 39,2022-06-13,14:00:00,103,100,3,MOR02
543,Amedeus Stockmanslei 39,2022-06-13,15:00:00,266,256,10,MOR02
543,Amedeus Stockmanslei 39,2022-06-13,16:00:00,355,354,1,MOR02
543,Amedeus Stockmanslei 39,2022-06-13,17:00:00,408,408,0,MOR02
543,Amedeus Stockmanslei 39,2022-06-13,18:00:00,238,237,1,MOR02
543,Amedeus Stockmanslei 39,2022-06-13,19:00:00,139,135,4,MOR02
543,Amedeus Stockmanslei 39,2022-06-13,20:00:00,67,64,3,MOR02
543,Amedeus Stockmanslei 39,2022-06-13,21:00:00,60,57,3,MOR02
543,Amedeus Stockmanslei 39,2022-06-13,22:00:00,54,47,7,MOR02
543,Amedeus Stockmanslei 39,2022-06-13,23:00:00,50,48,2,MOR02
543,Amedeus Stockmanslei 39,2022-06-14,00:00:00,15,14,1,MOR02
543,Amedeus Stockmanslei 39,2022-06-14,01:00:00,10,9,1,MOR02
543,Amedeus Stockmanslei 39,2022-06-14,02:00:00,3,3,0,MOR02
543,Amedeus Stockmanslei 39,2022-06-14,03:00:00,5,3,2,MOR02
543,Amedeus Stockmanslei 39,2022-06-14,04:00:00,4,3,1,MOR02
543,Amedeus Stockmanslei 39,2022-06-14,05:00:00,17,16,1,MOR02
543,Amedeus Stockmanslei 39,2022-06-14,06:00:00,41,41,0,MOR02
543,Amedeus Stockmanslei 39,2022-06-14,07:00:00,146,145,1,MOR02
543,Amedeus Stockmanslei 39,2022-06-14,08:00:00,212,211,1,MOR02
543,Amedeus Stockmanslei 39,2022-06-14,09:00:00,68,63,5,MOR02
543,Amedeus Stockmanslei 39,2022-06-14,10:00:00,104,103,1,MOR02
543,Amedeus Stockmanslei 39,2022-06-14,11:00:00,94,94,0,MOR02
543,Amedeus Stockmanslei 39,2022-06-14,12:00:00,122,118,4,MOR02
543,Amedeus Stockmanslei 39,2022-06-14,13:00:00,111,107,4,MOR02
543,Amedeus Stockmanslei 39,2022-06-14,14:00:00,126,122,4,MOR02
543,Amedeus Stockmanslei 39,2022-06-14,15:00:00,174,173,1,MOR02
543,Amedeus Stockmanslei 39,2022-06-14,16:00:00,388,383,5,MOR02
543,Amedeus Stockmanslei 39,2022-06-14,17:00:00,499,497,2,MOR02
543,Amedeus Stockmanslei 39,2022-06-14,18:00:00,312,311,1,MOR02
543,Amedeus Stockmanslei 39,2022-06-14,19:00:00,159,155,4,MOR02
543,Amedeus Stockmanslei 39,2022-06-14,20:00:00,86,83,3,MOR02
543,Amedeus Stockmanslei 39,2022-06-14,21:00:00,70,66,4,MOR02
543,Amedeus Stockmanslei 39,2022-06-14,22:00:00,68,67,1,MOR02
543,Amedeus Stockmanslei 39,2022-06-14,23:00:00,48,46,2,MOR02
543,Amedeus Stockmanslei 39,2022-06-15,00:00:00,20,20,0,MOR02
543,Amedeus Stockmanslei 39,2022-06-15,01:00:00,10,10,0,MOR02
543,Amedeus Stockmanslei 39,2022-06-15,02:00:00,1,1,0,MOR02
543,Amedeus Stockmanslei 39,2022-06-15,03:00:00,4,3,1,MOR02
543,Amedeus Stockmanslei 39,2022-06-15,04:00:00,11,11,0,MOR02
543,Amedeus Stockmanslei 39,2022-06-15,05:00:00,17,17,0,MOR02
543,Amedeus Stockmanslei 39,2022-06-15,06:00:00,36,35,1,MOR02
543,Amedeus Stockmanslei 39,2022-06-15,07:00:00,139,139,0,MOR02
543,Amedeus Stockmanslei 39,2022-06-15,08:00:00,216,215,1,MOR02
543,Amedeus Stockmanslei 39,2022-06-15,09:00:00,117,115,2,MOR02
543,Amedeus Stockmanslei 39,2022-06-15,10:00:00,110,108,2,MOR02
543,Amedeus Stockmanslei 39,2022-06-15,11:00:00,110,105,5,MOR02
543,Amedeus Stockmanslei 39,2022-06-15,12:00:00,206,202,4,MOR02
543,Amedeus Stockmanslei 39,2022-06-15,13:00:00,164,158,6,MOR02
543,Amedeus Stockmanslei 39,2022-06-15,14:00:00,142,132,10,MOR02
543,Amedeus Stockmanslei 39,2022-06-15,15:00:00,156,152,4,MOR02
543,Amedeus Stockmanslei 39,2022-06-15,16:00:00,307,304,3,MOR02
543,Amedeus Stockmanslei 39,2022-06-15,17:00:00,394,386,8,MOR02
543,Amedeus Stockmanslei 39,2022-06-15,18:00:00,267,264,3,MOR02
543,Amedeus Stockmanslei 39,2022-06-15,19:00:00,151,149,2,MOR02
543,Amedeus Stockmanslei 39,2022-06-15,20:00:00,106,100,6,MOR02
543,Amedeus Stockmanslei 39,2022-06-15,21:00:00,61,55,6,MOR02
543,Amedeus Stockmanslei 39,2022-06-15,22:00:00,67,64,3,MOR02
543,Amedeus Stockmanslei 39,2022-06-15,23:00:00,61,61,0,MOR02
543,Amedeus Stockmanslei 39,2022-06-16,00:00:00,27,27,0,MOR02
543,Amedeus Stockmanslei 39,2022-06-16,01:00:00,9,9,0,MOR02
543,Amedeus Stockmanslei 39,2022-06-16,02:00:00,3,3,0,MOR02
543,Amedeus Stockmanslei 39,2022-06-16,03:00:00,5,5,0,MOR02
543,Amedeus Stockmanslei 39,2022-06-16,04:00:00,9,9,0,MOR02
543,Amedeus Stockmanslei 39,2022-06-16,05:00:00,16,15,1,MOR02
543,Amedeus Stockmanslei 39,2022-06-16,06:00:00,47,45,2,MOR02
543,Amedeus Stockmanslei 39,2022-06-16,07:00:00,143,142,1,MOR02
543,Amedeus Stockmanslei 39,2022-06-16,08:00:00,197,196,1,MOR02
543,Amedeus Stockmanslei 39,2022-06-16,09:00:00,73,70,3,MOR02
543,Amedeus Stockmanslei 39,2022-06-16,10:00:00,87,86,1,MOR02
543,Amedeus Stockmanslei 39,2022-06-16,11:00:00,86,80,6,MOR02
543,Amedeus Stockmanslei 39,2022-06-16,12:00:00,146,145,1,MOR02
543,Amedeus Stockmanslei 39,2022-06-16,13:00:00,106,106,0,MOR02
543,Amedeus Stockmanslei 39,2022-06-16,14:00:00,120,114,6,MOR02
543,Amedeus Stockmanslei 39,2022-06-16,15:00:00,220,216,4,MOR02
543,Amedeus Stockmanslei 39,2022-06-16,16:00:00,366,358,8,MOR02
543,Amedeus Stockmanslei 39,2022-06-16,17:00:00,407,404,3,MOR02
543,Amedeus Stockmanslei 39,2022-06-16,18:00:00,301,298,3,MOR02
543,Amedeus Stockmanslei 39,2022-06-16,19:00:00,163,158,5,MOR02
543,Amedeus Stockmanslei 39,2022-06-16,20:00:00,83,79,4,MOR02
543,Amedeus Stockmanslei 39,2022-06-16,21:00:00,73,68,5,MOR02
543,Amedeus Stockmanslei 39,2022-06-16,22:00:00,82,78,4,MOR02
543,Amedeus Stockmanslei 39,2022-06-16,23:00:00,56,56,0,MOR02
543,Amedeus Stockmanslei 39,2022-06-17,00:00:00,56,54,2,MOR02
543,Amedeus Stockmanslei 39,2022-06-17,01:00:00,11,9,2,MOR02
543,Amedeus Stockmanslei 39,2022-06-17,02:00:00,3,3,0,MOR02
543,Amedeus Stockmanslei 39,2022-06-17,03:00:00,5,4,1,MOR02
543,Amedeus Stockmanslei 39,2022-06-17,04:00:00,10,10,0,MOR02
543,Amedeus Stockmanslei 39,2022-06-17,05:00:00,18,17,1,MOR02
543,Amedeus Stockmanslei 39,2022-06-17,06:00:00,47,46,1,MOR02
543,Amedeus Stockmanslei 39,2022-06-17,07:00:00,140,138,2,MOR02
543,Amedeus Stockmanslei 39,2022-06-17,08:00:00,193,192,1,MOR02
543,Amedeus Stockmanslei 39,2022-06-17,09:00:00,86,79,7,MOR02
543,Amedeus Stockmanslei 39,2022-06-17,10:00:00,97,96,1,MOR02
543,Amedeus Stockmanslei 39,2022-06-17,11:00:00,118,110,8,MOR02
543,Amedeus Stockmanslei 39,2022-06-17,12:00:00,157,155,2,MOR02
543,Amedeus Stockmanslei 39,2022-06-17,13:00:00,133,130,3,MOR02
543,Amedeus Stockmanslei 39,2022-06-17,14:00:00,147,143,4,MOR02
543,Amedeus Stockmanslei 39,2022-06-17,15:00:00,189,186,3,MOR02
543,Amedeus Stockmanslei 39,2022-06-17,16:00:00,301,298,3,MOR02
543,Amedeus Stockmanslei 39,2022-06-17,17:00:00,293,292,1,MOR02
543,Amedeus Stockmanslei 39,2022-06-17,18:00:00,190,182,8,MOR02
543,Amedeus Stockmanslei 39,2022-06-17,19:00:00,150,140,10,MOR02
543,Amedeus Stockmanslei 39,2022-06-17,20:00:00,93,87,6,MOR02
543,Amedeus Stockmanslei 39,2022-06-17,21:00:00,74,70,4,MOR02
543,Amedeus Stockmanslei 39,2022-06-17,22:00:00,111,106,5,MOR02
543,Amedeus Stockmanslei 39,2022-06-17,23:00:00,89,85,4,MOR02
543,Amedeus Stockmanslei 39,2022-06-18,00:00:00,54,50,4,MOR02
543,Amedeus Stockmanslei 39,2022-06-18,01:00:00,35,33,2,MOR02
543,Amedeus Stockmanslei 39,2022-06-18,02:00:00,44,40,4,MOR02
543,Amedeus Stockmanslei 39,2022-06-18,03:00:00,16,14,2,MOR02
543,Amedeus Stockmanslei 39,2022-06-18,04:00:00,18,18,0,MOR02
543,Amedeus Stockmanslei 39,2022-06-18,05:00:00,15,15,0,MOR02
543,Amedeus Stockmanslei 39,2022-06-18,06:00:00,23,21,2,MOR02
543,Amedeus Stockmanslei 39,2022-06-18,07:00:00,30,28,2,MOR02
543,Amedeus Stockmanslei 39,2022-06-18,08:00:00,58,57,1,MOR02
543,Amedeus Stockmanslei 39,2022-06-18,09:00:00,84,82,2,MOR02
543,Amedeus Stockmanslei 39,2022-06-18,10:00:00,96,94,2,MOR02
543,Amedeus Stockmanslei 39,2022-06-18,11:00:00,103,99,4,MOR02
543,Amedeus Stockmanslei 39,2022-06-18,12:00:00,112,107,5,MOR02
543,Amedeus Stockmanslei 39,2022-06-18,13:00:00,117,110,7,MOR02
543,Amedeus Stockmanslei 39,2022-06-18,14:00:00,99,95,4,MOR02
543,Amedeus Stockmanslei 39,2022-06-18,15:00:00,98,95,3,MOR02
543,Amedeus Stockmanslei 39,2022-06-18,16:00:00,105,102,3,MOR02
543,Amedeus Stockmanslei 39,2022-06-18,17:00:00,103,99,4,MOR02
543,Amedeus Stockmanslei 39,2022-06-18,18:00:00,113,111,2,MOR02
543,Amedeus Stockmanslei 39,2022-06-18,19:00:00,89,81,8,MOR02
543,Amedeus Stockmanslei 39,2022-06-18,20:00:00,61,57,4,MOR02
543,Amedeus Stockmanslei 39,2022-06-18,21:00:00,65,63,2,MOR02
543,Amedeus Stockmanslei 39,2022-06-18,22:00:00,66,64,2,MOR02
543,Amedeus Stockmanslei 39,2022-06-18,23:00:00,54,53,1,MOR02
543,Amedeus Stockmanslei 39,2022-06-19,00:00:00,43,38,5,MOR02
543,Amedeus Stockmanslei 39,2022-06-19,01:00:00,26,24,2,MOR02
543,Amedeus Stockmanslei 39,2022-06-19,02:00:00,16,15,1,MOR02
543,Amedeus Stockmanslei 39,2022-06-19,03:00:00,12,12,0,MOR02
543,Amedeus Stockmanslei 39,2022-06-19,04:00:00,7,7,0,MOR02
543,Amedeus Stockmanslei 39,2022-06-19,05:00:00,10,8,2,MOR02
543,Amedeus Stockmanslei 39,2022-06-19,06:00:00,10,8,2,MOR02
543,Amedeus Stockmanslei 39,2022-06-19,07:00:00,9,9,0,MOR02
543,Amedeus Stockmanslei 39,2022-06-19,08:00:00,12,11,1,MOR02
543,Amedeus Stockmanslei 39,2022-06-19,09:00:00,36,31,5,MOR02
543,Amedeus Stockmanslei 39,2022-06-19,10:00:00,41,39,2,MOR02
543,Amedeus Stockmanslei 39,2022-06-19,11:00:00,28,26,2,MOR02
543,Amedeus Stockmanslei 39,2022-06-19,12:00:00,50,49,1,MOR02
543,Amedeus Stockmanslei 39,2022-06-19,13:00:00,76,75,1,MOR02
543,Amedeus Stockmanslei 39,2022-06-19,14:00:00,106,102,4,MOR02
543,Amedeus Stockmanslei 39,2022-06-19,15:00:00,49,47,2,MOR02
543,Amedeus Stockmanslei 39,2022-06-19,16:00:00,75,71,4,MOR02
543,Amedeus Stockmanslei 39,2022-06-19,17:00:00,89,88,1,MOR02
543,Amedeus Stockmanslei 39,2022-06-19,18:00:00,52,48,4,MOR02
543,Amedeus Stockmanslei 39,2022-06-19,19:00:00,62,54,8,MOR02
543,Amedeus Stockmanslei 39,2022-06-19,20:00:00,32,29,3,MOR02
543,Amedeus Stockmanslei 39,2022-06-19,21:00:00,35,29,6,MOR02
543,Amedeus Stockmanslei 39,2022-06-19,22:00:00,38,37,1,MOR02
543,Amedeus Stockmanslei 39,2022-06-19,23:00:00,14,12,2,MOR02
543,Amedeus Stockmanslei 39,2022-06-20,00:00:00,9,9,0,MOR02
543,Amedeus Stockmanslei 39,2022-06-20,01:00:00,7,6,1,MOR02
543,Amedeus Stockmanslei 39,2022-06-20,02:00:00,2,2,0,MOR02
543,Amedeus Stockmanslei 39,2022-06-20,03:00:00,4,3,1,MOR02
543,Amedeus Stockmanslei 39,2022-06-20,04:00:00,7,6,1,MOR02
543,Amedeus Stockmanslei 39,2022-06-20,05:00:00,19,19,0,MOR02
543,Amedeus Stockmanslei 39,2022-06-20,06:00:00,49,48,1,MOR02
543,Amedeus Stockmanslei 39,2022-06-20,07:00:00,137,136,1,MOR02
543,Amedeus Stockmanslei 39,2022-06-20,08:00:00,157,157,0,MOR02
543,Amedeus Stockmanslei 39,2022-06-20,09:00:00,64,61,3,MOR02
543,Amedeus Stockmanslei 39,2022-06-20,10:00:00,80,77,3,MOR02
543,Amedeus Stockmanslei 39,2022-06-20,11:00:00,103,98,5,MOR02
543,Amedeus Stockmanslei 39,2022-06-20,12:00:00,99,95,4,MOR02
543,Amedeus Stockmanslei 39,2022-06-20,13:00:00,107,103,4,MOR02
543,Amedeus Stockmanslei 39,2022-06-20,14:00:00,136,133,3,MOR02
543,Amedeus Stockmanslei 39,2022-06-20,15:00:00,173,167,6,MOR02
543,Amedeus Stockmanslei 39,2022-06-20,16:00:00,350,347,3,MOR02
543,Amedeus Stockmanslei 39,2022-06-20,17:00:00,364,363,1,MOR02
543,Amedeus Stockmanslei 39,2022-06-20,18:00:00,241,238,3,MOR02
543,Amedeus Stockmanslei 39,2022-06-20,19:00:00,140,136,4,MOR02
543,Amedeus Stockmanslei 39,2022-06-20,20:00:00,65,63,2,MOR02
543,Amedeus Stockmanslei 39,2022-06-20,21:00:00,62,60,2,MOR02
543,Amedeus Stockmanslei 39,2022-06-20,22:00:00,53,52,1,MOR02
543,Amedeus Stockmanslei 39,2022-06-20,23:00:00,24,24,0,MOR02
543,Amedeus Stockmanslei 39,2022-06-21,00:00:00,6,6,0,MOR02
543,Amedeus Stockmanslei 39,2022-06-21,01:00:00,15,14,1,MOR02
543,Amedeus Stockmanslei 39,2022-06-21,02:00:00,0,0,0,MOR02
543,Amedeus Stockmanslei 39,2022-06-21,03:00:00,7,5,2,MOR02
543,Amedeus Stockmanslei 39,2022-06-21,04:00:00,9,9,0,MOR02
543,Amedeus Stockmanslei 39,2022-06-21,05:00:00,15,15,0,MOR02
543,Amedeus Stockmanslei 39,2022-06-21,06:00:00,47,47,0,MOR02
543,Amedeus Stockmanslei 39,2022-06-21,07:00:00,149,148,1,MOR02
543,Amedeus Stockmanslei 39,2022-06-21,08:00:00,197,197,0,MOR02
543,Amedeus Stockmanslei 39,2022-06-21,09:00:00,78,77,1,MOR02
543,Amedeus Stockmanslei 39,2022-06-21,10:00:00,77,73,4,MOR02
543,Amedeus Stockmanslei 39,2022-06-21,11:00:00,85,81,4,MOR02
543,Amedeus Stockmanslei 39,2022-06-21,12:00:00,99,96,3,MOR02
543,Amedeus Stockmanslei 39,2022-06-21,13:00:00,83,83,0,MOR02
543,Amedeus Stockmanslei 39,2022-06-21,14:00:00,108,107,1,MOR02
543,Amedeus Stockmanslei 39,2022-06-21,15:00:00,148,148,0,MOR02
543,Amedeus Stockmanslei 39,2022-06-21,16:00:00,352,351,1,MOR02
543,Amedeus Stockmanslei 39,2022-06-21,17:00:00,396,395,1,MOR02
543,Amedeus Stockmanslei 39,2022-06-21,18:00:00,266,263,3,MOR02
543,Amedeus Stockmanslei 39,2022-06-21,19:00:00,133,130,3,MOR02
543,Amedeus Stockmanslei 39,2022-06-21,20:00:00,83,78,5,MOR02
543,Amedeus Stockmanslei 39,2022-06-21,21:00:00,63,63,0,MOR02
543,Amedeus Stockmanslei 39,2022-06-21,22:00:00,74,70,4,MOR02
543,Amedeus Stockmanslei 39,2022-06-21,23:00:00,82,80,2,MOR02
543,Amedeus Stockmanslei 39,2022-06-22,00:00:00,20,20,0,MOR02
543,Amedeus Stockmanslei 39,2022-06-22,01:00:00,14,14,0,MOR02
543,Amedeus Stockmanslei 39,2022-06-22,02:00:00,10,10,0,MOR02
543,Amedeus Stockmanslei 39,2022-06-22,03:00:00,7,6,1,MOR02
543,Amedeus Stockmanslei 39,2022-06-22,04:00:00,9,9,0,MOR02
543,Amedeus Stockmanslei 39,2022-06-22,05:00:00,22,22,0,MOR02
543,Amedeus Stockmanslei 39,2022-06-22,06:00:00,36,35,1,MOR02
543,Amedeus Stockmanslei 39,2022-06-22,07:00:00,130,128,2,MOR02
543,Amedeus Stockmanslei 39,2022-06-22,08:00:00,207,200,7,MOR02
543,Amedeus Stockmanslei 39,2022-06-22,09:00:00,106,104,2,MOR02
543,Amedeus Stockmanslei 39,2022-06-22,10:00:00,130,124,6,MOR02
543,Amedeus Stockmanslei 39,2022-06-22,11:00:00,113,109,4,MOR02
543,Amedeus Stockmanslei 39,2022-06-22,12:00:00,217,210,7,MOR02
543,Amedeus Stockmanslei 39,2022-06-22,13:00:00,164,159,5,MOR02
543,Amedeus Stockmanslei 39,2022-06-22,14:00:00,146,143,3,MOR02
543,Amedeus Stockmanslei 39,2022-06-22,15:00:00,165,160,5,MOR02
543,Amedeus Stockmanslei 39,2022-06-22,16:00:00,271,264,7,MOR02
543,Amedeus Stockmanslei 39,2022-06-22,17:00:00,358,352,6,MOR02
543,Amedeus Stockmanslei 39,2022-06-22,18:00:00,297,295,2,MOR02
543,Amedeus Stockmanslei 39,2022-06-22,19:00:00,151,145,6,MOR02
543,Amedeus Stockmanslei 39,2022-06-22,20:00:00,108,103,5,MOR02
543,Amedeus Stockmanslei 39,2022-06-22,21:00:00,70,63,7,MOR02
543,Amedeus Stockmanslei 39,2022-06-22,22:00:00,87,84,3,MOR02
543,Amedeus Stockmanslei 39,2022-06-22,23:00:00,88,85,3,MOR02
543,Amedeus Stockmanslei 39,2022-06-23,00:00:00,60,59,1,MOR02
543,Amedeus Stockmanslei 39,2022-06-23,01:00:00,15,14,1,MOR02
543,Amedeus Stockmanslei 39,2022-06-23,02:00:00,6,6,0,MOR02
543,Amedeus Stockmanslei 39,2022-06-23,03:00:00,9,8,1,MOR02
543,Amedeus Stockmanslei 39,2022-06-23,04:00:00,13,13,0,MOR02
543,Amedeus Stockmanslei 39,2022-06-23,05:00:00,18,17,1,MOR02
543,Amedeus Stockmanslei 39,2022-06-23,06:00:00,43,43,0,MOR02
543,Amedeus Stockmanslei 39,2022-06-23,07:00:00,126,125,1,MOR02
543,Amedeus Stockmanslei 39,2022-06-23,08:00:00,183,180,3,MOR02
543,Amedeus Stockmanslei 39,2022-06-23,09:00:00,89,83,6,MOR02
543,Amedeus Stockmanslei 39,2022-06-23,10:00:00,83,80,3,MOR02
543,Amedeus Stockmanslei 39,2022-06-23,11:00:00,87,83,4,MOR02
543,Amedeus Stockmanslei 39,2022-06-23,12:00:00,132,130,2,MOR02
543,Amedeus Stockmanslei 39,2022-06-23,13:00:00,111,108,3,MOR02
543,Amedeus Stockmanslei 39,2022-06-23,14:00:00,177,174,3,MOR02
543,Amedeus Stockmanslei 39,2022-06-23,15:00:00,173,172,1,MOR02
543,Amedeus Stockmanslei 39,2022-06-23,16:00:00,326,323,3,MOR02
543,Amedeus Stockmanslei 39,2022-06-23,17:00:00,404,400,4,MOR02
543,Amedeus Stockmanslei 39,2022-06-23,18:00:00,262,254,8,MOR02
543,Amedeus Stockmanslei 39,2022-06-23,19:00:00,155,151,4,MOR02
543,Amedeus Stockmanslei 39,2022-06-23,20:00:00,101,96,5,MOR02
543,Amedeus Stockmanslei 39,2022-06-23,21:00:00,72,68,4,MOR02
543,Amedeus Stockmanslei 39,2022-06-23,22:00:00,113,109,4,MOR02
543,Amedeus Stockmanslei 39,2022-06-23,23:00:00,65,65,0,MOR02
543,Amedeus Stockmanslei 39,2022-06-24,00:00:00,46,42,4,MOR02
543,Amedeus Stockmanslei 39,2022-06-24,01:00:00,18,17,1,MOR02
543,Amedeus Stockmanslei 39,2022-06-24,02:00:00,3,3,0,MOR02
543,Amedeus Stockmanslei 39,2022-06-24,03:00:00,7,6,1,MOR02
543,Amedeus Stockmanslei 39,2022-06-24,04:00:00,12,11,1,MOR02
543,Amedeus Stockmanslei 39,2022-06-24,05:00:00,18,18,0,MOR02
543,Amedeus Stockmanslei 39,2022-06-24,06:00:00,29,26,3,MOR02
543,Amedeus Stockmanslei 39,2022-06-24,07:00:00,60,60,0,MOR02
543,Amedeus Stockmanslei 39,2022-06-24,08:00:00,85,82,3,MOR02
543,Amedeus Stockmanslei 39,2022-06-24,09:00:00,47,46,1,MOR02
543,Amedeus Stockmanslei 39,2022-06-24,10:00:00,86,82,4,MOR02
543,Amedeus Stockmanslei 39,2022-06-24,11:00:00,53,52,1,MOR02
543,Amedeus Stockmanslei 39,2022-06-24,12:00:00,105,97,8,MOR02
543,Amedeus Stockmanslei 39,2022-06-24,13:00:00,102,98,4,MOR02
543,Amedeus Stockmanslei 39,2022-06-24,14:00:00,110,108,2,MOR02
543,Amedeus Stockmanslei 39,2022-06-24,15:00:00,140,136,4,MOR02
543,Amedeus Stockmanslei 39,2022-06-24,16:00:00,180,176,4,MOR02
543,Amedeus Stockmanslei 39,2022-06-24,17:00:00,169,166,3,MOR02
543,Amedeus Stockmanslei 39,2022-06-24,18:00:00,135,133,2,MOR02
543,Amedeus Stockmanslei 39,2022-06-24,19:00:00,100,97,3,MOR02
543,Amedeus Stockmanslei 39,2022-06-24,20:00:00,55,52,3,MOR02
543,Amedeus Stockmanslei 39,2022-06-24,21:00:00,43,43,0,MOR02
543,Amedeus Stockmanslei 39,2022-06-24,22:00:00,55,55,0,MOR02
543,Amedeus Stockmanslei 39,2022-06-24,23:00:00,81,75,6,MOR02
543,Amedeus Stockmanslei 39,2022-06-25,00:00:00,55,54,1,MOR02
543,Amedeus Stockmanslei 39,2022-06-25,01:00:00,34,33,1,MOR02
543,Amedeus Stockmanslei 39,2022-06-25,02:00:00,18,18,0,MOR02
543,Amedeus Stockmanslei 39,2022-06-25,03:00:00,22,20,2,MOR02
543,Amedeus Stockmanslei 39,2022-06-25,04:00:00,22,20,2,MOR02
543,Amedeus Stockmanslei 39,2022-06-25,05:00:00,7,7,0,MOR02
543,Amedeus Stockmanslei 39,2022-06-25,06:00:00,20,20,0,MOR02
543,Amedeus Stockmanslei 39,2022-06-25,07:00:00,20,19,1,MOR02
543,Amedeus Stockmanslei 39,2022-06-25,08:00:00,44,44,0,MOR02
543,Amedeus Stockmanslei 39,2022-06-25,09:00:00,65,64,1,MOR02
543,Amedeus Stockmanslei 39,2022-06-25,10:00:00,90,90,0,MOR02
543,Amedeus Stockmanslei 39,2022-06-25,11:00:00,81,73,8,MOR02
543,Amedeus Stockmanslei 39,2022-06-25,12:00:00,109,105,4,MOR02
543,Amedeus Stockmanslei 39,2022-06-25,13:00:00,106,102,4,MOR02
543,Amedeus Stockmanslei 39,2022-06-25,14:00:00,96,90,6,MOR02
543,Amedeus Stockmanslei 39,2022-06-25,15:00:00,118,112,6,MOR02
543,Amedeus Stockmanslei 39,2022-06-25,16:00:00,93,85,8,MOR02
543,Amedeus Stockmanslei 39,2022-06-25,17:00:00,99,88,11,MOR02
543,Amedeus Stockmanslei 39,2022-06-25,18:00:00,57,56,1,MOR02
543,Amedeus Stockmanslei 39,2022-06-25,19:00:00,61,59,2,MOR02
543,Amedeus Stockmanslei 39,2022-06-25,20:00:00,38,37,1,MOR02
543,Amedeus Stockmanslei 39,2022-06-25,21:00:00,25,20,5,MOR02
543,Amedeus Stockmanslei 39,2022-06-25,22:00:00,27,22,5,MOR02
543,Amedeus Stockmanslei 39,2022-06-25,23:00:00,24,24,0,MOR02
543,Amedeus Stockmanslei 39,2022-06-26,00:00:00,26,23,3,MOR02
543,Amedeus Stockmanslei 39,2022-06-26,01:00:00,19,18,1,MOR02
543,Amedeus Stockmanslei 39,2022-06-26,02:00:00,20,12,8,MOR02
543,Amedeus Stockmanslei 39,2022-06-26,03:00:00,11,11,0,MOR02
543,Amedeus Stockmanslei 39,2022-06-26,04:00:00,6,6,0,MOR02
543,Amedeus Stockmanslei 39,2022-06-26,05:00:00,15,14,1,MOR02
543,Amedeus Stockmanslei 39,2022-06-26,06:00:00,7,7,0,MOR02
543,Amedeus Stockmanslei 39,2022-06-26,07:00:00,11,11,0,MOR02
543,Amedeus Stockmanslei 39,2022-06-26,08:00:00,26,25,1,MOR02
543,Amedeus Stockmanslei 39,2022-06-26,09:00:00,91,86,5,MOR02
543,Amedeus Stockmanslei 39,2022-06-26,10:00:00,114,110,4,MOR02
543,Amedeus Stockmanslei 39,2022-06-26,11:00:00,94,92,2,MOR02
543,Amedeus Stockmanslei 39,2022-06-26,12:00:00,120,115,5,MOR02
543,Amedeus Stockmanslei 39,2022-06-26,13:00:00,145,138,7,MOR02
543,Amedeus Stockmanslei 39,2022-06-26,14:00:00,137,131,6,MOR02
543,Amedeus Stockmanslei 39,2022-06-26,15:00:00,138,134,4,MOR02
543,Amedeus Stockmanslei 39,2022-06-26,16:00:00,114,108,6,MOR02
543,Amedeus Stockmanslei 39,2022-06-26,17:00:00,122,118,4,MOR02
543,Amedeus Stockmanslei 39,2022-06-26,18:00:00,70,68,2,MOR02
543,Amedeus Stockmanslei 39,2022-06-26,19:00:00,69,63,6,MOR02
543,Amedeus Stockmanslei 39,2022-06-26,20:00:00,74,71,3,MOR02
543,Amedeus Stockmanslei 39,2022-06-26,21:00:00,44,43,1,MOR02
543,Amedeus Stockmanslei 39,2022-06-26,22:00:00,66,66,0,MOR02
543,Amedeus Stockmanslei 39,2022-06-26,23:00:00,47,47,0,MOR02
543,Amedeus Stockmanslei 39,2022-06-27,00:00:00,11,11,0,MOR02
543,Amedeus Stockmanslei 39,2022-06-27,01:00:00,23,22,1,MOR02
543,Amedeus Stockmanslei 39,2022-06-27,02:00:00,11,11,0,MOR02
543,Amedeus Stockmanslei 39,2022-06-27,03:00:00,12,11,1,MOR02
543,Amedeus Stockmanslei 39,2022-06-27,04:00:00,11,10,1,MOR02
543,Amedeus Stockmanslei 39,2022-06-27,05:00:00,17,17,0,MOR02
543,Amedeus Stockmanslei 39,2022-06-27,06:00:00,36,36,0,MOR02
543,Amedeus Stockmanslei 39,2022-06-27,07:00:00,83,83,0,MOR02
543,Amedeus Stockmanslei 39,2022-06-27,08:00:00,123,120,3,MOR02
543,Amedeus Stockmanslei 39,2022-06-27,09:00:00,149,148,1,MOR02
543,Amedeus Stockmanslei 39,2022-06-27,10:00:00,80,78,2,MOR02
543,Amedeus Stockmanslei 39,2022-06-27,11:00:00,50,49,1,MOR02
543,Amedeus Stockmanslei 39,2022-06-27,12:00:00,78,70,8,MOR02
543,Amedeus Stockmanslei 39,2022-06-27,13:00:00,90,86,4,MOR02
543,Amedeus Stockmanslei 39,2022-06-27,14:00:00,68,67,1,MOR02
543,Amedeus Stockmanslei 39,2022-06-27,15:00:00,117,115,2,MOR02
543,Amedeus Stockmanslei 39,2022-06-27,16:00:00,287,287,0,MOR02
543,Amedeus Stockmanslei 39,2022-06-27,17:00:00,339,337,2,MOR02
543,Amedeus Stockmanslei 39,2022-06-27,18:00:00,269,264,5,MOR02
543,Amedeus Stockmanslei 39,2022-06-27,19:00:00,112,106,6,MOR02
543,Amedeus Stockmanslei 39,2022-06-27,20:00:00,76,72,4,MOR02
543,Amedeus Stockmanslei 39,2022-06-27,21:00:00,58,57,1,MOR02
543,Amedeus Stockmanslei 39,2022-06-27,22:00:00,65,63,2,MOR02
543,Amedeus Stockmanslei 39,2022-06-27,23:00:00,55,54,1,MOR02
543,Amedeus Stockmanslei 39,2022-06-28,00:00:00,30,30,0,MOR02
543,Amedeus Stockmanslei 39,2022-06-28,01:00:00,15,15,0,MOR02
543,Amedeus Stockmanslei 39,2022-06-28,02:00:00,10,9,1,MOR02
543,Amedeus Stockmanslei 39,2022-06-28,03:00:00,9,7,2,MOR02
543,Amedeus Stockmanslei 39,2022-06-28,04:00:00,12,10,2,MOR02
543,Amedeus Stockmanslei 39,2022-06-28,05:00:00,23,23,0,MOR02
543,Amedeus Stockmanslei 39,2022-06-28,06:00:00,44,44,0,MOR02
543,Amedeus Stockmanslei 39,2022-06-28,07:00:00,104,104,0,MOR02
543,Amedeus Stockmanslei 39,2022-06-28,08:00:00,141,140,1,MOR02
543,Amedeus Stockmanslei 39,2022-06-28,09:00:00,168,165,3,MOR02
543,Amedeus Stockmanslei 39,2022-06-28,10:00:00,90,86,4,MOR02
543,Amedeus Stockmanslei 39,2022-06-28,11:00:00,84,81,3,MOR02
543,Amedeus Stockmanslei 39,2022-06-28,12:00:00,120,115,5,MOR02
543,Amedeus Stockmanslei 39,2022-06-28,13:00:00,143,137,6,MOR02
543,Amedeus Stockmanslei 39,2022-06-28,14:00:00,173,155,18,MOR02
543,Amedeus Stockmanslei 39,2022-06-28,15:00:00,219,215,4,MOR02
543,Amedeus Stockmanslei 39,2022-06-28,16:00:00,344,340,4,MOR02
543,Amedeus Stockmanslei 39,2022-06-28,17:00:00,458,455,3,MOR02
543,Amedeus Stockmanslei 39,2022-06-28,18:00:00,285,279,6,MOR02
543,Amedeus Stockmanslei 39,2022-06-28,19:00:00,173,170,3,MOR02
543,Amedeus Stockmanslei 39,2022-06-28,20:00:00,84,76,8,MOR02
543,Amedeus Stockmanslei 39,2022-06-28,21:00:00,90,84,6,MOR02
543,Amedeus Stockmanslei 39,2022-06-28,22:00:00,108,106,2,MOR02
543,Amedeus Stockmanslei 39,2022-06-28,23:00:00,69,68,1,MOR02
543,Amedeus Stockmanslei 39,2022-06-29,00:00:00,42,38,4,MOR02
543,Amedeus Stockmanslei 39,2022-06-29,01:00:00,18,18,0,MOR02
543,Amedeus Stockmanslei 39,2022-06-29,02:00:00,7,7,0,MOR02
543,Amedeus Stockmanslei 39,2022-06-29,03:00:00,11,10,1,MOR02
543,Amedeus Stockmanslei 39,2022-06-29,04:00:00,12,11,1,MOR02
543,Amedeus Stockmanslei 39,2022-06-29,05:00:00,19,19,0,MOR02
543,Amedeus Stockmanslei 39,2022-06-29,06:00:00,39,39,0,MOR02
543,Amedeus Stockmanslei 39,2022-06-29,07:00:00,81,81,0,MOR02
543,Amedeus Stockmanslei 39,2022-06-29,08:00:00,174,172,2,MOR02
543,Amedeus Stockmanslei 39,2022-06-29,09:00:00,121,116,5,MOR02
543,Amedeus Stockmanslei 39,2022-06-29,10:00:00,113,108,5,MOR02
543,Amedeus Stockmanslei 39,2022-06-29,11:00:00,124,118,6,MOR02
543,Amedeus Stockmanslei 39,2022-06-29,12:00:00,180,172,8,MOR02
543,Amedeus Stockmanslei 39,2022-06-29,13:00:00,164,159,5,MOR02
543,Amedeus Stockmanslei 39,2022-06-29,14:00:00,171,164,7,MOR02
543,Amedeus Stockmanslei 39,2022-06-29,15:00:00,177,174,3,MOR02
543,Amedeus Stockmanslei 39,2022-06-29,16:00:00,293,289,4,MOR02
543,Amedeus Stockmanslei 39,2022-06-29,17:00:00,428,424,4,MOR02
543,Amedeus Stockmanslei 39,2022-06-29,18:00:00,284,276,8,MOR02
543,Amedeus Stockmanslei 39,2022-06-29,19:00:00,155,146,9,MOR02
543,Amedeus Stockmanslei 39,2022-06-29,20:00:00,112,110,2,MOR02
543,Amedeus Stockmanslei 39,2022-06-29,21:00:00,77,74,3,MOR02
543,Amedeus Stockmanslei 39,2022-06-29,22:00:00,106,105,1,MOR02
543,Amedeus Stockmanslei 39,2022-06-29,23:00:00,110,103,7,MOR02
543,Amedeus Stockmanslei 39,2022-06-30,00:00:00,61,55,6,MOR02
543,Amedeus Stockmanslei 39,2022-06-30,01:00:00,23,22,1,MOR02
543,Amedeus Stockmanslei 39,2022-06-30,02:00:00,20,20,0,MOR02
543,Amedeus Stockmanslei 39,2022-06-30,03:00:00,18,16,2,MOR02
543,Amedeus Stockmanslei 39,2022-06-30,04:00:00,13,11,2,MOR02
543,Amedeus Stockmanslei 39,2022-06-30,05:00:00,21,19,2,MOR02
543,Amedeus Stockmanslei 39,2022-06-30,06:00:00,30,30,0,MOR02
543,Amedeus Stockmanslei 39,2022-06-30,07:00:00,71,70,1,MOR02
543,Amedeus Stockmanslei 39,2022-06-30,08:00:00,121,119,2,MOR02
543,Amedeus Stockmanslei 39,2022-06-30,09:00:00,80,77,3,MOR02
543,Amedeus Stockmanslei 39,2022-06-30,10:00:00,74,69,5,MOR02
543,Amedeus Stockmanslei 39,2022-06-30,11:00:00,93,92,1,MOR02
543,Amedeus Stockmanslei 39,2022-06-30,12:00:00,129,125,4,MOR02
543,Amedeus Stockmanslei 39,2022-06-30,13:00:00,107,107,0,MOR02
543,Amedeus Stockmanslei 39,2022-06-30,14:00:00,88,85,3,MOR02
543,Amedeus Stockmanslei 39,2022-06-30,15:00:00,122,117,5,MOR02
543,Amedeus Stockmanslei 39,2022-06-30,16:00:00,234,233,1,MOR02
543,Amedeus Stockmanslei 39,2022-06-30,17:00:00,222,220,2,MOR02
543,Amedeus Stockmanslei 39,2022-06-30,18:00:00,125,124,1,MOR02
543,Amedeus Stockmanslei 39,2022-06-30,19:00:00,93,92,1,MOR02
543,Amedeus Stockmanslei 39,2022-06-30,20:00:00,42,40,2,MOR02
543,Amedeus Stockmanslei 39,2022-06-30,21:00:00,41,40,1,MOR02
543,Amedeus Stockmanslei 39,2022-06-30,22:00:00,45,45,0,MOR02
543,Amedeus Stockmanslei 39,2022-06-30,23:00:00,25,25,0,MOR02
543,Amedeus Stockmanslei 39,2022-07-01,00:00:00,34,25,9,MOR02
543,Amedeus Stockmanslei 39,2022-07-01,01:00:00,29,27,2,MOR02
543,Amedeus Stockmanslei 39,2022-07-01,02:00:00,8,7,1,MOR02
543,Amedeus Stockmanslei 39,2022-07-01,03:00:00,8,7,1,MOR02
543,Amedeus Stockmanslei 39,2022-07-01,04:00:00,7,6,1,MOR02
543,Amedeus Stockmanslei 39,2022-07-01,05:00:00,19,19,0,MOR02
543,Amedeus Stockmanslei 39,2022-07-01,06:00:00,27,27,0,MOR02
543,Amedeus Stockmanslei 39,2022-07-01,07:00:00,54,54,0,MOR02
543,Amedeus Stockmanslei 39,2022-07-01,08:00:00,100,99,1,MOR02
543,Amedeus Stockmanslei 39,2022-07-01,09:00:00,87,83,4,MOR02
543,Amedeus Stockmanslei 39,2022-07-01,10:00:00,93,91,2,MOR02
543,Amedeus Stockmanslei 39,2022-07-01,11:00:00,80,72,8,MOR02
543,Amedeus Stockmanslei 39,2022-07-01,12:00:00,103,98,5,MOR02
543,Amedeus Stockmanslei 39,2022-07-01,13:00:00,125,122,3,MOR02
543,Amedeus Stockmanslei 39,2022-07-01,14:00:00,123,117,6,MOR02
543,Amedeus Stockmanslei 39,2022-07-01,15:00:00,145,140,5,MOR02
543,Amedeus Stockmanslei 39,2022-07-01,16:00:00,210,207,3,MOR02
543,Amedeus Stockmanslei 39,2022-07-01,17:00:00,261,259,2,MOR02
543,Amedeus Stockmanslei 39,2022-07-01,18:00:00,156,154,2,MOR02
543,Amedeus Stockmanslei 39,2022-07-01,19:00:00,118,116,2,MOR02
543,Amedeus Stockmanslei 39,2022-07-01,20:00:00,76,74,2,MOR02
543,Amedeus Stockmanslei 39,2022-07-01,21:00:00,46,42,4,MOR02
543,Amedeus Stockmanslei 39,2022-07-01,22:00:00,49,47,2,MOR02
543,Amedeus Stockmanslei 39,2022-07-01,23:00:00,86,81,5,MOR02
543,Amedeus Stockmanslei 39,2022-07-02,00:00:00,40,36,4,MOR02
543,Amedeus Stockmanslei 39,2022-07-02,01:00:00,29,26,3,MOR02
543,Amedeus Stockmanslei 39,2022-07-02,02:00:00,30,26,4,MOR02
543,Amedeus Stockmanslei 39,2022-07-02,03:00:00,11,10,1,MOR02
543,Amedeus Stockmanslei 39,2022-07-02,04:00:00,18,18,0,MOR02
543,Amedeus Stockmanslei 39,2022-07-02,05:00:00,8,8,0,MOR02
543,Amedeus Stockmanslei 39,2022-07-02,06:00:00,13,13,0,MOR02
543,Amedeus Stockmanslei 39,2022-07-02,07:00:00,21,20,1,MOR02
543,Amedeus Stockmanslei 39,2022-07-02,08:00:00,56,55,1,MOR02
543,Amedeus Stockmanslei 39,2022-07-02,09:00:00,141,136,5,MOR02
543,Amedeus Stockmanslei 39,2022-07-02,10:00:00,98,95,3,MOR02
543,Amedeus Stockmanslei 39,2022-07-02,11:00:00,125,118,7,MOR02
543,Amedeus Stockmanslei 39,2022-07-02,12:00:00,119,114,5,MOR02
543,Amedeus Stockmanslei 39,2022-07-02,13:00:00,115,110,5,MOR02
543,Amedeus Stockmanslei 39,2022-07-02,14:00:00,145,138,7,MOR02
543,Amedeus Stockmanslei 39,2022-07-02,15:00:00,130,126,4,MOR02
543,Amedeus Stockmanslei 39,2022-07-02,16:00:00,131,129,2,MOR02
543,Amedeus Stockmanslei 39,2022-07-02,17:00:00,109,106,3,MOR02
543,Amedeus Stockmanslei 39,2022-07-02,18:00:00,121,116,5,MOR02
543,Amedeus Stockmanslei 39,2022-07-02,19:00:00,78,74,4,MOR02
543,Amedeus Stockmanslei 39,2022-07-02,20:00:00,92,89,3,MOR02
543,Amedeus Stockmanslei 39,2022-07-02,21:00:00,51,44,7,MOR02
543,Amedeus Stockmanslei 39,2022-07-02,22:00:00,67,62,5,MOR02
543,Amedeus Stockmanslei 39,2022-07-02,23:00:00,39,36,3,MOR02
543,Amedeus Stockmanslei 39,2022-07-03,00:00:00,34,33,1,MOR02
543,Amedeus Stockmanslei 39,2022-07-03,01:00:00,27,24,3,MOR02
543,Amedeus Stockmanslei 39,2022-07-03,02:00:00,25,22,3,MOR02
543,Amedeus Stockmanslei 39,2022-07-03,03:00:00,12,11,1,MOR02
543,Amedeus Stockmanslei 39,2022-07-03,04:00:00,11,11,0,MOR02
543,Amedeus Stockmanslei 39,2022-07-03,05:00:00,3,3,0,MOR02
543,Amedeus Stockmanslei 39,2022-07-03,06:00:00,5,3,2,MOR02
543,Amedeus Stockmanslei 39,2022-07-03,07:00:00,11,11,0,MOR02
543,Amedeus Stockmanslei 39,2022-07-03,08:00:00,23,23,0,MOR02
543,Amedeus Stockmanslei 39,2022-07-03,09:00:00,58,55,3,MOR02
543,Amedeus Stockmanslei 39,2022-07-03,10:00:00,94,91,3,MOR02
543,Amedeus Stockmanslei 39,2022-07-03,11:00:00,108,97,11,MOR02
543,Amedeus Stockmanslei 39,2022-07-03,12:00:00,103,96,7,MOR02
543,Amedeus Stockmanslei 39,2022-07-03,13:00:00,135,125,10,MOR02
543,Amedeus Stockmanslei 39,2022-07-03,14:00:00,132,126,6,MOR02
543,Amedeus Stockmanslei 39,2022-07-03,15:00:00,130,124,6,MOR02
543,Amedeus Stockmanslei 39,2022-07-03,16:00:00,124,118,6,MOR02
543,Amedeus Stockmanslei 39,2022-07-03,17:00:00,129,127,2,MOR02
543,Amedeus Stockmanslei 39,2022-07-03,18:00:00,103,99,4,MOR02
543,Amedeus Stockmanslei 39,2022-07-03,19:00:00,79,73,6,MOR02
543,Amedeus Stockmanslei 39,2022-07-03,20:00:00,44,42,2,MOR02
543,Amedeus Stockmanslei 39,2022-07-03,21:00:00,57,49,8,MOR02
543,Amedeus Stockmanslei 39,2022-07-03,22:00:00,53,46,7,MOR02
543,Amedeus Stockmanslei 39,2022-07-03,23:00:00,21,21,0,MOR02
543,Amedeus Stockmanslei 39,2022-07-04,00:00:00,14,13,1,MOR02
543,Amedeus Stockmanslei 39,2022-07-04,01:00:00,10,10,0,MOR02
543,Amedeus Stockmanslei 39,2022-07-04,02:00:00,6,5,1,MOR02
543,Amedeus Stockmanslei 39,2022-07-04,03:00:00,6,5,1,MOR02
543,Amedeus Stockmanslei 39,2022-07-04,04:00:00,12,12,0,MOR02
543,Amedeus Stockmanslei 39,2022-07-04,05:00:00,19,19,0,MOR02
543,Amedeus Stockmanslei 39,2022-07-04,06:00:00,36,35,1,MOR02
543,Amedeus Stockmanslei 39,2022-07-04,07:00:00,76,75,1,MOR02
543,Amedeus Stockmanslei 39,2022-07-04,08:00:00,120,119,1,MOR02
543,Amedeus Stockmanslei 39,2022-07-04,09:00:00,64,55,9,MOR02
543,Amedeus Stockmanslei 39,2022-07-04,10:00:00,77,74,3,MOR02
543,Amedeus Stockmanslei 39,2022-07-04,11:00:00,75,74,1,MOR02
543,Amedeus Stockmanslei 39,2022-07-04,12:00:00,85,83,2,MOR02
543,Amedeus Stockmanslei 39,2022-07-04,13:00:00,83,83,0,MOR02
543,Amedeus Stockmanslei 39,2022-07-04,14:00:00,114,110,4,MOR02
543,Amedeus Stockmanslei 39,2022-07-04,15:00:00,136,130,6,MOR02
543,Amedeus Stockmanslei 39,2022-07-04,16:00:00,268,263,5,MOR02
543,Amedeus Stockmanslei 39,2022-07-04,17:00:00,375,372,3,MOR02
543,Amedeus Stockmanslei 39,2022-07-04,18:00:00,225,216,9,MOR02
543,Amedeus Stockmanslei 39,2022-07-04,19:00:00,128,127,1,MOR02
543,Amedeus Stockmanslei 39,2022-07-04,20:00:00,68,64,4,MOR02
543,Amedeus Stockmanslei 39,2022-07-04,21:00:00,45,43,2,MOR02
543,Amedeus Stockmanslei 39,2022-07-04,22:00:00,43,42,1,MOR02
543,Amedeus Stockmanslei 39,2022-07-04,23:00:00,23,23,0,MOR02
543,Amedeus Stockmanslei 39,2022-07-05,00:00:00,18,18,0,MOR02
543,Amedeus Stockmanslei 39,2022-07-05,01:00:00,1,1,0,MOR02
543,Amedeus Stockmanslei 39,2022-07-05,02:00:00,3,3,0,MOR02
543,Amedeus Stockmanslei 39,2022-07-05,03:00:00,6,5,1,MOR02
543,Amedeus Stockmanslei 39,2022-07-05,04:00:00,5,5,0,MOR02
543,Amedeus Stockmanslei 39,2022-07-05,05:00:00,24,24,0,MOR02
543,Amedeus Stockmanslei 39,2022-07-05,06:00:00,39,39,0,MOR02
543,Amedeus Stockmanslei 39,2022-07-05,07:00:00,97,97,0,MOR02
543,Amedeus Stockmanslei 39,2022-07-05,08:00:00,130,129,1,MOR02
543,Amedeus Stockmanslei 39,2022-07-05,09:00:00,78,76,2,MOR02
543,Amedeus Stockmanslei 39,2022-07-05,10:00:00,71,69,2,MOR02
543,Amedeus Stockmanslei 39,2022-07-05,11:00:00,82,76,6,MOR02
543,Amedeus Stockmanslei 39,2022-07-05,12:00:00,91,88,3,MOR02
543,Amedeus Stockmanslei 39,2022-07-05,13:00:00,93,90,3,MOR02
543,Amedeus Stockmanslei 39,2022-07-05,14:00:00,101,95,6,MOR02
543,Amedeus Stockmanslei 39,2022-07-05,15:00:00,152,145,7,MOR02
543,Amedeus Stockmanslei 39,2022-07-05,16:00:00,294,290,4,MOR02
543,Amedeus Stockmanslei 39,2022-07-05,17:00:00,409,403,6,MOR02
543,Amedeus Stockmanslei 39,2022-07-05,18:00:00,224,222,2,MOR02
543,Amedeus Stockmanslei 39,2022-07-05,19:00:00,124,123,1,MOR02
543,Amedeus Stockmanslei 39,2022-07-05,20:00:00,75,71,4,MOR02
543,Amedeus Stockmanslei 39,2022-07-05,21:00:00,65,62,3,MOR02
543,Amedeus Stockmanslei 39,2022-07-05,22:00:00,60,57,3,MOR02
543,Amedeus Stockmanslei 39,2022-07-05,23:00:00,63,61,2,MOR02
543,Amedeus Stockmanslei 39,2022-07-06,00:00:00,21,16,5,MOR02
543,Amedeus Stockmanslei 39,2022-07-06,01:00:00,12,12,0,MOR02
543,Amedeus Stockmanslei 39,2022-07-06,02:00:00,7,7,0,MOR02
543,Amedeus Stockmanslei 39,2022-07-06,03:00:00,5,4,1,MOR02
543,Amedeus Stockmanslei 39,2022-07-06,04:00:00,13,13,0,MOR02
543,Amedeus Stockmanslei 39,2022-07-06,05:00:00,16,16,0,MOR02
543,Amedeus Stockmanslei 39,2022-07-06,06:00:00,34,34,0,MOR02
543,Amedeus Stockmanslei 39,2022-07-06,07:00:00,73,73,0,MOR02
543,Amedeus Stockmanslei 39,2022-07-06,08:00:00,114,114,0,MOR02
543,Amedeus Stockmanslei 39,2022-07-06,09:00:00,96,95,1,MOR02
543,Amedeus Stockmanslei 39,2022-07-06,10:00:00,105,101,4,MOR02
543,Amedeus Stockmanslei 39,2022-07-06,11:00:00,76,71,5,MOR02
543,Amedeus Stockmanslei 39,2022-07-06,12:00:00,100,99,1,MOR02
543,Amedeus Stockmanslei 39,2022-07-06,13:00:00,108,101,7,MOR02
543,Amedeus Stockmanslei 39,2022-07-06,14:00:00,99,91,8,MOR02
543,Amedeus Stockmanslei 39,2022-07-06,15:00:00,147,144,3,MOR02
543,Amedeus Stockmanslei 39,2022-07-06,16:00:00,238,235,3,MOR02
543,Amedeus Stockmanslei 39,2022-07-06,17:00:00,335,332,3,MOR02
543,Amedeus Stockmanslei 39,2022-07-06,18:00:00,208,205,3,MOR02
543,Amedeus Stockmanslei 39,2022-07-06,19:00:00,123,119,4,MOR02
543,Amedeus Stockmanslei 39,2022-07-06,20:00:00,84,80,4,MOR02
543,Amedeus Stockmanslei 39,2022-07-06,21:00:00,73,70,3,MOR02
543,Amedeus Stockmanslei 39,2022-07-06,22:00:00,66,64,2,MOR02
543,Amedeus Stockmanslei 39,2022-07-06,23:00:00,42,38,4,MOR02
543,Amedeus Stockmanslei 39,2022-07-07,00:00:00,15,14,1,MOR02
543,Amedeus Stockmanslei 39,2022-07-07,01:00:00,6,6,0,MOR02
543,Amedeus Stockmanslei 39,2022-07-07,02:00:00,3,2,1,MOR02
543,Amedeus Stockmanslei 39,2022-07-07,03:00:00,6,6,0,MOR02
543,Amedeus Stockmanslei 39,2022-07-07,04:00:00,10,10,0,MOR02
543,Amedeus Stockmanslei 39,2022-07-07,05:00:00,16,16,0,MOR02
543,Amedeus Stockmanslei 39,2022-07-07,06:00:00,37,36,1,MOR02
543,Amedeus Stockmanslei 39,2022-07-07,07:00:00,64,64,0,MOR02
543,Amedeus Stockmanslei 39,2022-07-07,08:00:00,119,118,1,MOR02
543,Amedeus Stockmanslei 39,2022-07-07,09:00:00,59,56,3,MOR02
543,Amedeus Stockmanslei 39,2022-07-07,10:00:00,55,51,4,MOR02
543,Amedeus Stockmanslei 39,2022-07-07,11:00:00,47,40,7,MOR02
543,Amedeus Stockmanslei 39,2022-07-07,12:00:00,60,60,0,MOR02
543,Amedeus Stockmanslei 39,2022-07-07,13:00:00,69,62,7,MOR02
543,Amedeus Stockmanslei 39,2022-07-07,14:00:00,83,79,4,MOR02
543,Amedeus Stockmanslei 39,2022-07-07,15:00:00,77,77,0,MOR02
543,Amedeus Stockmanslei 39,2022-07-07,16:00:00,193,193,0,MOR02
543,Amedeus Stockmanslei 39,2022-07-07,17:00:00,275,272,3,MOR02
543,Amedeus Stockmanslei 39,2022-07-07,18:00:00,156,149,7,MOR02
543,Amedeus Stockmanslei 39,2022-07-07,19:00:00,90,90,0,MOR02
543,Amedeus Stockmanslei 39,2022-07-07,20:00:00,56,52,4,MOR02
543,Amedeus Stockmanslei 39,2022-07-07,21:00:00,44,43,1,MOR02
543,Amedeus Stockmanslei 39,2022-07-07,22:00:00,72,72,0,MOR02
543,Amedeus Stockmanslei 39,2022-07-07,23:00:00,39,36,3,MOR02
543,Amedeus Stockmanslei 39,2022-07-08,00:00:00,22,21,1,MOR02
543,Amedeus Stockmanslei 39,2022-07-08,01:00:00,9,9,0,MOR02
543,Amedeus Stockmanslei 39,2022-07-08,02:00:00,6,5,1,MOR02
543,Amedeus Stockmanslei 39,2022-07-08,03:00:00,10,9,1,MOR02
543,Amedeus Stockmanslei 39,2022-07-08,04:00:00,7,7,0,MOR02
543,Amedeus Stockmanslei 39,2022-07-08,05:00:00,19,19,0,MOR02
543,Amedeus Stockmanslei 39,2022-07-08,06:00:00,34,34,0,MOR02
543,Amedeus Stockmanslei 39,2022-07-08,07:00:00,75,73,2,MOR02
543,Amedeus Stockmanslei 39,2022-07-08,08:00:00,102,100,2,MOR02
543,Amedeus Stockmanslei 39,2022-07-08,09:00:00,80,76,4,MOR02
543,Amedeus Stockmanslei 39,2022-07-08,10:00:00,65,64,1,MOR02
543,Amedeus Stockmanslei 39,2022-07-08,11:00:00,81,76,5,MOR02
543,Amedeus Stockmanslei 39,2022-07-08,12:00:00,97,92,5,MOR02
543,Amedeus Stockmanslei 39,2022-07-08,13:00:00,120,118,2,MOR02
543,Amedeus Stockmanslei 39,2022-07-08,14:00:00,133,132,1,MOR02
543,Amedeus Stockmanslei 39,2022-07-08,15:00:00,152,146,6,MOR02
543,Amedeus Stockmanslei 39,2022-07-08,16:00:00,224,217,7,MOR02
543,Amedeus Stockmanslei 39,2022-07-08,17:00:00,221,216,5,MOR02
543,Amedeus Stockmanslei 39,2022-07-08,18:00:00,169,162,7,MOR02
543,Amedeus Stockmanslei 39,2022-07-08,19:00:00,96,91,5,MOR02
543,Amedeus Stockmanslei 39,2022-07-08,20:00:00,92,87,5,MOR02
543,Amedeus Stockmanslei 39,2022-07-08,21:00:00,77,71,6,MOR02
543,Amedeus Stockmanslei 39,2022-07-08,22:00:00,71,62,9,MOR02
543,Amedeus Stockmanslei 39,2022-07-08,23:00:00,50,46,4,MOR02
543,Amedeus Stockmanslei 39,2022-07-09,00:00:00,41,40,1,MOR02
543,Amedeus Stockmanslei 39,2022-07-09,01:00:00,32,27,5,MOR02
543,Amedeus Stockmanslei 39,2022-07-09,02:00:00,29,28,1,MOR02
543,Amedeus Stockmanslei 39,2022-07-09,03:00:00,17,16,1,MOR02
543,Amedeus Stockmanslei 39,2022-07-09,04:00:00,20,20,0,MOR02
543,Amedeus Stockmanslei 39,2022-07-09,05:00:00,15,15,0,MOR02
543,Amedeus Stockmanslei 39,2022-07-09,06:00:00,15,15,0,MOR02
543,Amedeus Stockmanslei 39,2022-07-09,07:00:00,24,23,1,MOR02
543,Amedeus Stockmanslei 39,2022-07-09,08:00:00,35,34,1,MOR02
543,Amedeus Stockmanslei 39,2022-07-09,09:00:00,66,62,4,MOR02
543,Amedeus Stockmanslei 39,2022-07-09,10:00:00,75,70,5,MOR02
543,Amedeus Stockmanslei 39,2022-07-09,11:00:00,92,89,3,MOR02
543,Amedeus Stockmanslei 39,2022-07-09,12:00:00,109,103,6,MOR02
543,Amedeus Stockmanslei 39,2022-07-09,13:00:00,111,111,0,MOR02
543,Amedeus Stockmanslei 39,2022-07-09,14:00:00,163,154,9,MOR02
543,Amedeus Stockmanslei 39,2022-07-09,15:00:00,123,114,9,MOR02
543,Amedeus Stockmanslei 39,2022-07-09,16:00:00,128,123,5,MOR02
543,Amedeus Stockmanslei 39,2022-07-09,17:00:00,116,109,7,MOR02
543,Amedeus Stockmanslei 39,2022-07-09,18:00:00,88,84,4,MOR02
543,Amedeus Stockmanslei 39,2022-07-09,19:00:00,78,72,6,MOR02
543,Amedeus Stockmanslei 39,2022-07-09,20:00:00,43,40,3,MOR02
543,Amedeus Stockmanslei 39,2022-07-09,21:00:00,40,38,2,MOR02
543,Amedeus Stockmanslei 39,2022-07-09,22:00:00,55,54,1,MOR02
543,Amedeus Stockmanslei 39,2022-07-09,23:00:00,49,42,7,MOR02
543,Amedeus Stockmanslei 39,2022-07-10,00:00:00,37,35,2,MOR02
543,Amedeus Stockmanslei 39,2022-07-10,01:00:00,20,17,3,MOR02
543,Amedeus Stockmanslei 39,2022-07-10,02:00:00,16,14,2,MOR02
543,Amedeus Stockmanslei 39,2022-07-10,03:00:00,16,14,2,MOR02
543,Amedeus Stockmanslei 39,2022-07-10,04:00:00,5,5,0,MOR02
543,Amedeus Stockmanslei 39,2022-07-10,05:00:00,13,12,1,MOR02
543,Amedeus Stockmanslei 39,2022-07-10,06:00:00,10,10,0,MOR02
543,Amedeus Stockmanslei 39,2022-07-10,07:00:00,16,16,0,MOR02
543,Amedeus Stockmanslei 39,2022-07-10,08:00:00,21,19,2,MOR02
543,Amedeus Stockmanslei 39,2022-07-10,09:00:00,50,48,2,MOR02
543,Amedeus Stockmanslei 39,2022-07-10,10:00:00,109,103,6,MOR02
543,Amedeus Stockmanslei 39,2022-07-10,11:00:00,98,93,5,MOR02
543,Amedeus Stockmanslei 39,2022-07-10,12:00:00,113,101,12,MOR02
543,Amedeus Stockmanslei 39,2022-07-10,13:00:00,120,114,6,MOR02
543,Amedeus Stockmanslei 39,2022-07-10,14:00:00,130,124,6,MOR02
543,Amedeus Stockmanslei 39,2022-07-10,15:00:00,97,93,4,MOR02
543,Amedeus Stockmanslei 39,2022-07-10,16:00:00,107,102,5,MOR02
543,Amedeus Stockmanslei 39,2022-07-10,17:00:00,134,128,6,MOR02
543,Amedeus Stockmanslei 39,2022-07-10,18:00:00,74,73,1,MOR02
543,Amedeus Stockmanslei 39,2022-07-10,19:00:00,59,49,10,MOR02
543,Amedeus Stockmanslei 39,2022-07-10,20:00:00,52,47,5,MOR02
543,Amedeus Stockmanslei 39,2022-07-10,21:00:00,51,48,3,MOR02
543,Amedeus Stockmanslei 39,2022-07-10,22:00:00,68,65,3,MOR02
543,Amedeus Stockmanslei 39,2022-07-10,23:00:00,46,44,2,MOR02
543,Amedeus Stockmanslei 39,2022-07-11,00:00:00,23,22,1,MOR02
543,Amedeus Stockmanslei 39,2022-07-11,01:00:00,11,11,0,MOR02
543,Amedeus Stockmanslei 39,2022-07-11,02:00:00,4,4,0,MOR02
543,Amedeus Stockmanslei 39,2022-07-11,03:00:00,4,4,0,MOR02
543,Amedeus Stockmanslei 39,2022-07-11,04:00:00,11,11,0,MOR02
543,Amedeus Stockmanslei 39,2022-07-11,05:00:00,22,22,0,MOR02
543,Amedeus Stockmanslei 39,2022-07-11,06:00:00,27,27,0,MOR02
543,Amedeus Stockmanslei 39,2022-07-11,07:00:00,77,76,1,MOR02
543,Amedeus Stockmanslei 39,2022-07-11,08:00:00,72,70,2,MOR02
543,Amedeus Stockmanslei 39,2022-07-11,09:00:00,50,48,2,MOR02
543,Amedeus Stockmanslei 39,2022-07-11,10:00:00,72,68,4,MOR02
543,Amedeus Stockmanslei 39,2022-07-11,11:00:00,69,64,5,MOR02
543,Amedeus Stockmanslei 39,2022-07-11,12:00:00,96,92,4,MOR02
543,Amedeus Stockmanslei 39,2022-07-11,13:00:00,116,111,5,MOR02
543,Amedeus Stockmanslei 39,2022-07-11,14:00:00,107,101,6,MOR02
543,Amedeus Stockmanslei 39,2022-07-11,15:00:00,139,136,3,MOR02
543,Amedeus Stockmanslei 39,2022-07-11,16:00:00,207,205,2,MOR02
543,Amedeus Stockmanslei 39,2022-07-11,17:00:00,262,260,2,MOR02
543,Amedeus Stockmanslei 39,2022-07-11,18:00:00,179,177,2,MOR02
543,Amedeus Stockmanslei 39,2022-07-11,19:00:00,108,105,3,MOR02
543,Amedeus Stockmanslei 39,2022-07-11,20:00:00,80,75,5,MOR02
543,Amedeus Stockmanslei 39,2022-07-11,21:00:00,54,50,4,MOR02
543,Amedeus Stockmanslei 39,2022-07-11,22:00:00,78,77,1,MOR02
543,Amedeus Stockmanslei 39,2022-07-11,23:00:00,40,38,2,MOR02
543,Amedeus Stockmanslei 39,2022-07-12,00:00:00,16,15,1,MOR02
543,Amedeus Stockmanslei 39,2022-07-12,01:00:00,12,11,1,MOR02
543,Amedeus Stockmanslei 39,2022-07-12,02:00:00,7,6,1,MOR02
543,Amedeus Stockmanslei 39,2022-07-12,03:00:00,4,4,0,MOR02
543,Amedeus Stockmanslei 39,2022-07-12,04:00:00,9,9,0,MOR02
543,Amedeus Stockmanslei 39,2022-07-12,05:00:00,17,17,0,MOR02
543,Amedeus Stockmanslei 39,2022-07-12,06:00:00,51,51,0,MOR02
543,Amedeus Stockmanslei 39,2022-07-12,07:00:00,81,81,0,MOR02
543,Amedeus Stockmanslei 39,2022-07-12,08:00:00,113,113,0,MOR02
543,Amedeus Stockmanslei 39,2022-07-12,09:00:00,68,64,4,MOR02
543,Amedeus Stockmanslei 39,2022-07-12,10:00:00,88,86,2,MOR02
543,Amedeus Stockmanslei 39,2022-07-12,11:00:00,83,75,8,MOR02
543,Amedeus Stockmanslei 39,2022-07-12,12:00:00,87,85,2,MOR02
543,Amedeus Stockmanslei 39,2022-07-12,13:00:00,99,96,3,MOR02
543,Amedeus Stockmanslei 39,2022-07-12,14:00:00,110,105,5,MOR02
543,Amedeus Stockmanslei 39,2022-07-12,15:00:00,145,140,5,MOR02
543,Amedeus Stockmanslei 39,2022-07-12,16:00:00,240,233,7,MOR02
543,Amedeus Stockmanslei 39,2022-07-12,17:00:00,364,361,3,MOR02
543,Amedeus Stockmanslei 39,2022-07-12,18:00:00,218,217,1,MOR02
543,Amedeus Stockmanslei 39,2022-07-12,19:00:00,126,121,5,MOR02
543,Amedeus Stockmanslei 39,2022-07-12,20:00:00,81,79,2,MOR02
543,Amedeus Stockmanslei 39,2022-07-12,21:00:00,56,52,4,MOR02
543,Amedeus Stockmanslei 39,2022-07-12,22:00:00,76,67,9,MOR02
543,Amedeus Stockmanslei 39,2022-07-12,23:00:00,28,26,2,MOR02
543,Amedeus Stockmanslei 39,2022-07-13,00:00:00,25,21,4,MOR02
543,Amedeus Stockmanslei 39,2022-07-13,01:00:00,6,6,0,MOR02
543,Amedeus Stockmanslei 39,2022-07-13,02:00:00,4,4,0,MOR02
543,Amedeus Stockmanslei 39,2022-07-13,03:00:00,6,6,0,MOR02
543,Amedeus Stockmanslei 39,2022-07-13,04:00:00,6,6,0,MOR02
543,Amedeus Stockmanslei 39,2022-07-13,05:00:00,20,20,0,MOR02
543,Amedeus Stockmanslei 39,2022-07-13,06:00:00,47,47,0,MOR02
543,Amedeus Stockmanslei 39,2022-07-13,07:00:00,74,73,1,MOR02
543,Amedeus Stockmanslei 39,2022-07-13,08:00:00,119,119,0,MOR02
543,Amedeus Stockmanslei 39,2022-07-13,09:00:00,99,96,3,MOR02
543,Amedeus Stockmanslei 39,2022-07-13,10:00:00,103,98,5,MOR02
543,Amedeus Stockmanslei 39,2022-07-13,11:00:00,83,75,8,MOR02
543,Amedeus Stockmanslei 39,2022-07-13,12:00:00,94,91,3,MOR02
543,Amedeus Stockmanslei 39,2022-07-13,13:00:00,98,90,8,MOR02
543,Amedeus Stockmanslei 39,2022-07-13,14:00:00,116,109,7,MOR02
543,Amedeus Stockmanslei 39,2022-07-13,15:00:00,105,101,4,MOR02
543,Amedeus Stockmanslei 39,2022-07-13,16:00:00,201,198,3,MOR02
543,Amedeus Stockmanslei 39,2022-07-13,17:00:00,316,312,4,MOR02
543,Amedeus Stockmanslei 39,2022-07-13,18:00:00,181,172,9,MOR02
543,Amedeus Stockmanslei 39,2022-07-13,19:00:00,109,107,2,MOR02
543,Amedeus Stockmanslei 39,2022-07-13,20:00:00,88,85,3,MOR02
543,Amedeus Stockmanslei 39,2022-07-13,21:00:00,62,58,4,MOR02
543,Amedeus Stockmanslei 39,2022-07-13,22:00:00,71,65,6,MOR02
543,Amedeus Stockmanslei 39,2022-07-13,23:00:00,42,39,3,MOR02
543,Amedeus Stockmanslei 39,2022-07-14,00:00:00,22,19,3,MOR02
543,Amedeus Stockmanslei 39,2022-07-14,01:00:00,17,16,1,MOR02
543,Amedeus Stockmanslei 39,2022-07-14,02:00:00,9,9,0,MOR02
543,Amedeus Stockmanslei 39,2022-07-14,03:00:00,4,2,2,MOR02
543,Amedeus Stockmanslei 39,2022-07-14,04:00:00,5,5,0,MOR02
543,Amedeus Stockmanslei 39,2022-07-14,05:00:00,20,20,0,MOR02
543,Amedeus Stockmanslei 39,2022-07-14,06:00:00,43,43,0,MOR02
543,Amedeus Stockmanslei 39,2022-07-14,07:00:00,69,69,0,MOR02
543,Amedeus Stockmanslei 39,2022-07-14,08:00:00,119,117,2,MOR02
543,Amedeus Stockmanslei 39,2022-07-14,09:00:00,65,64,1,MOR02
543,Amedeus Stockmanslei 39,2022-07-14,10:00:00,78,75,3,MOR02
543,Amedeus Stockmanslei 39,2022-07-14,11:00:00,75,72,3,MOR02
543,Amedeus Stockmanslei 39,2022-07-14,12:00:00,109,108,1,MOR02
543,Amedeus Stockmanslei 39,2022-07-14,13:00:00,116,110,6,MOR02
543,Amedeus Stockmanslei 39,2022-07-14,14:00:00,108,103,5,MOR02
543,Amedeus Stockmanslei 39,2022-07-14,15:00:00,122,119,3,MOR02
543,Amedeus Stockmanslei 39,2022-07-14,16:00:00,242,239,3,MOR02
543,Amedeus Stockmanslei 39,2022-07-14,17:00:00,275,273,2,MOR02
543,Amedeus Stockmanslei 39,2022-07-14,18:00:00,208,207,1,MOR02
543,Amedeus Stockmanslei 39,2022-07-14,19:00:00,127,123,4,MOR02
543,Amedeus Stockmanslei 39,2022-07-14,20:00:00,72,70,2,MOR02
543,Amedeus Stockmanslei 39,2022-07-14,21:00:00,76,73,3,MOR02
543,Amedeus Stockmanslei 39,2022-07-14,22:00:00,70,64,6,MOR02
543,Amedeus Stockmanslei 39,2022-07-14,23:00:00,45,44,1,MOR02
543,Amedeus Stockmanslei 39,2022-07-15,00:00:00,33,32,1,MOR02
543,Amedeus Stockmanslei 39,2022-07-15,01:00:00,28,26,2,MOR02
543,Amedeus Stockmanslei 39,2022-07-15,02:00:00,7,6,1,MOR02
543,Amedeus Stockmanslei 39,2022-07-15,03:00:00,5,4,1,MOR02
543,Amedeus Stockmanslei 39,2022-07-15,04:00:00,6,6,0,MOR02
543,Amedeus Stockmanslei 39,2022-07-15,05:00:00,21,21,0,MOR02
543,Amedeus Stockmanslei 39,2022-07-15,06:00:00,32,32,0,MOR02
543,Amedeus Stockmanslei 39,2022-07-15,07:00:00,63,63,0,MOR02
543,Amedeus Stockmanslei 39,2022-07-15,08:00:00,93,90,3,MOR02
543,Amedeus Stockmanslei 39,2022-07-15,09:00:00,77,71,6,MOR02
543,Amedeus Stockmanslei 39,2022-07-15,10:00:00,91,85,6,MOR02
543,Amedeus Stockmanslei 39,2022-07-15,11:00:00,83,75,8,MOR02
543,Amedeus Stockmanslei 39,2022-07-15,12:00:00,123,118,5,MOR02
543,Amedeus Stockmanslei 39,2022-07-15,13:00:00,102,99,3,MOR02
543,Amedeus Stockmanslei 39,2022-07-15,14:00:00,136,124,12,MOR02
543,Amedeus Stockmanslei 39,2022-07-15,15:00:00,156,146,10,MOR02
543,Amedeus Stockmanslei 39,2022-07-15,16:00:00,226,221,5,MOR02
543,Amedeus Stockmanslei 39,2022-07-15,17:00:00,238,235,3,MOR02
543,Amedeus Stockmanslei 39,2022-07-15,18:00:00,149,144,5,MOR02
543,Amedeus Stockmanslei 39,2022-07-15,19:00:00,97,89,8,MOR02
543,Amedeus Stockmanslei 39,2022-07-15,20:00:00,70,67,3,MOR02
543,Amedeus Stockmanslei 39,2022-07-15,21:00:00,54,54,0,MOR02
543,Amedeus Stockmanslei 39,2022-07-15,22:00:00,65,60,5,MOR02
543,Amedeus Stockmanslei 39,2022-07-15,23:00:00,71,68,3,MOR02
543,Amedeus Stockmanslei 39,2022-07-16,00:00:00,38,37,1,MOR02
543,Amedeus Stockmanslei 39,2022-07-16,01:00:00,24,22,2,MOR02
543,Amedeus Stockmanslei 39,2022-07-16,02:00:00,13,11,2,MOR02
543,Amedeus Stockmanslei 39,2022-07-16,03:00:00,13,9,4,MOR02
543,Amedeus Stockmanslei 39,2022-07-16,04:00:00,6,6,0,MOR02
543,Amedeus Stockmanslei 39,2022-07-16,05:00:00,10,10,0,MOR02
543,Amedeus Stockmanslei 39,2022-07-16,06:00:00,18,18,0,MOR02
543,Amedeus Stockmanslei 39,2022-07-16,07:00:00,24,24,0,MOR02
543,Amedeus Stockmanslei 39,2022-07-16,08:00:00,45,43,2,MOR02
543,Amedeus Stockmanslei 39,2022-07-16,09:00:00,63,62,1,MOR02
543,Amedeus Stockmanslei 39,2022-07-16,10:00:00,115,110,5,MOR02
543,Amedeus Stockmanslei 39,2022-07-16,11:00:00,98,94,4,MOR02
543,Amedeus Stockmanslei 39,2022-07-16,12:00:00,102,99,3,MOR02
543,Amedeus Stockmanslei 39,2022-07-16,13:00:00,117,109,8,MOR02
543,Amedeus Stockmanslei 39,2022-07-16,14:00:00,145,138,7,MOR02
543,Amedeus Stockmanslei 39,2022-07-16,15:00:00,140,135,5,MOR02
543,Amedeus Stockmanslei 39,2022-07-16,16:00:00,148,137,11,MOR02
543,Amedeus Stockmanslei 39,2022-07-16,17:00:00,130,125,5,MOR02
543,Amedeus Stockmanslei 39,2022-07-16,18:00:00,107,103,4,MOR02
543,Amedeus Stockmanslei 39,2022-07-16,19:00:00,85,75,10,MOR02
543,Amedeus Stockmanslei 39,2022-07-16,20:00:00,66,63,3,MOR02
543,Amedeus Stockmanslei 39,2022-07-16,21:00:00,59,51,8,MOR02
543,Amedeus Stockmanslei 39,2022-07-16,22:00:00,64,62,2,MOR02
543,Amedeus Stockmanslei 39,2022-07-16,23:00:00,33,30,3,MOR02
543,Amedeus Stockmanslei 39,2022-07-17,00:00:00,15,14,1,MOR02
543,Amedeus Stockmanslei 39,2022-07-17,01:00:00,16,14,2,MOR02
543,Amedeus Stockmanslei 39,2022-07-17,02:00:00,14,12,2,MOR02
543,Amedeus Stockmanslei 39,2022-07-17,03:00:00,6,4,2,MOR02
543,Amedeus Stockmanslei 39,2022-07-17,04:00:00,8,6,2,MOR02
543,Amedeus Stockmanslei 39,2022-07-17,05:00:00,10,10,0,MOR02
543,Amedeus Stockmanslei 39,2022-07-17,06:00:00,9,8,1,MOR02
543,Amedeus Stockmanslei 39,2022-07-17,07:00:00,28,26,2,MOR02
543,Amedeus Stockmanslei 39,2022-07-17,08:00:00,24,24,0,MOR02
543,Amedeus Stockmanslei 39,2022-07-17,09:00:00,40,37,3,MOR02
543,Amedeus Stockmanslei 39,2022-07-17,10:00:00,129,128,1,MOR02
543,Amedeus Stockmanslei 39,2022-07-17,11:00:00,109,103,6,MOR02
543,Amedeus Stockmanslei 39,2022-07-17,12:00:00,113,110,3,MOR02
543,Amedeus Stockmanslei 39,2022-07-17,13:00:00,110,107,3,MOR02
543,Amedeus Stockmanslei 39,2022-07-17,14:00:00,126,122,4,MOR02
543,Amedeus Stockmanslei 39,2022-07-17,15:00:00,134,126,8,MOR02
543,Amedeus Stockmanslei 39,2022-07-17,16:00:00,134,127,7,MOR02
543,Amedeus Stockmanslei 39,2022-07-17,17:00:00,111,96,15,MOR02
543,Amedeus Stockmanslei 39,2022-07-17,18:00:00,87,83,4,MOR02
543,Amedeus Stockmanslei 39,2022-07-17,19:00:00,83,80,3,MOR02
543,Amedeus Stockmanslei 39,2022-07-17,20:00:00,79,68,11,MOR02
543,Amedeus Stockmanslei 39,2022-07-17,21:00:00,61,55,6,MOR02
543,Amedeus Stockmanslei 39,2022-07-17,22:00:00,40,31,9,MOR02
543,Amedeus Stockmanslei 39,2022-07-17,23:00:00,26,23,3,MOR02
543,Amedeus Stockmanslei 39,2022-07-18,00:00:00,12,12,0,MOR02
543,Amedeus Stockmanslei 39,2022-07-18,01:00:00,4,3,1,MOR02
543,Amedeus Stockmanslei 39,2022-07-18,02:00:00,4,3,1,MOR02
543,Amedeus Stockmanslei 39,2022-07-18,03:00:00,3,3,0,MOR02
543,Amedeus Stockmanslei 39,2022-07-18,04:00:00,10,10,0,MOR02
543,Amedeus Stockmanslei 39,2022-07-18,05:00:00,24,23,1,MOR02
543,Amedeus Stockmanslei 39,2022-07-18,06:00:00,31,30,1,MOR02
543,Amedeus Stockmanslei 39,2022-07-18,07:00:00,69,68,1,MOR02
543,Amedeus Stockmanslei 39,2022-07-18,08:00:00,81,79,2,MOR02
543,Amedeus Stockmanslei 39,2022-07-18,09:00:00,61,55,6,MOR02
543,Amedeus Stockmanslei 39,2022-07-18,10:00:00,71,66,5,MOR02
543,Amedeus Stockmanslei 39,2022-07-18,11:00:00,59,55,4,MOR02
543,Amedeus Stockmanslei 39,2022-07-18,12:00:00,69,65,4,MOR02
543,Amedeus Stockmanslei 39,2022-07-18,13:00:00,79,75,4,MOR02
543,Amedeus Stockmanslei 39,2022-07-18,14:00:00,75,72,3,MOR02
543,Amedeus Stockmanslei 39,2022-07-18,15:00:00,77,77,0,MOR02
543,Amedeus Stockmanslei 39,2022-07-18,16:00:00,204,201,3,MOR02
543,Amedeus Stockmanslei 39,2022-07-18,17:00:00,237,237,0,MOR02
543,Amedeus Stockmanslei 39,2022-07-18,18:00:00,155,150,5,MOR02
543,Amedeus Stockmanslei 39,2022-07-18,19:00:00,84,82,2,MOR02
543,Amedeus Stockmanslei 39,2022-07-18,20:00:00,77,71,6,MOR02
543,Amedeus Stockmanslei 39,2022-07-18,21:00:00,51,50,1,MOR02
543,Amedeus Stockmanslei 39,2022-07-18,22:00:00,31,29,2,MOR02
543,Amedeus Stockmanslei 39,2022-07-18,23:00:00,19,15,4,MOR02
543,Amedeus Stockmanslei 39,2022-07-19,00:00:00,14,12,2,MOR02
543,Amedeus Stockmanslei 39,2022-07-19,01:00:00,8,8,0,MOR02
543,Amedeus Stockmanslei 39,2022-07-19,02:00:00,2,2,0,MOR02
543,Amedeus Stockmanslei 39,2022-07-19,03:00:00,6,6,0,MOR02
543,Amedeus Stockmanslei 39,2022-07-19,04:00:00,8,8,0,MOR02
543,Amedeus Stockmanslei 39,2022-07-19,05:00:00,18,17,1,MOR02
543,Amedeus Stockmanslei 39,2022-07-19,06:00:00,32,31,1,MOR02
543,Amedeus Stockmanslei 39,2022-07-19,07:00:00,67,65,2,MOR02
543,Amedeus Stockmanslei 39,2022-07-19,08:00:00,92,91,1,MOR02
543,Amedeus Stockmanslei 39,2022-07-19,09:00:00,65,59,6,MOR02
543,Amedeus Stockmanslei 39,2022-07-19,10:00:00,65,63,2,MOR02
543,Amedeus Stockmanslei 39,2022-07-19,11:00:00,52,51,1,MOR02
543,Amedeus Stockmanslei 39,2022-07-19,12:00:00,64,61,3,MOR02
543,Amedeus Stockmanslei 39,2022-07-19,13:00:00,50,49,1,MOR02
543,Amedeus Stockmanslei 39,2022-07-19,14:00:00,72,67,5,MOR02
543,Amedeus Stockmanslei 39,2022-07-19,15:00:00,70,69,1,MOR02
543,Amedeus Stockmanslei 39,2022-07-19,16:00:00,120,117,3,MOR02
543,Amedeus Stockmanslei 39,2022-07-19,17:00:00,180,176,4,MOR02
543,Amedeus Stockmanslei 39,2022-07-19,18:00:00,114,110,4,MOR02
543,Amedeus Stockmanslei 39,2022-07-19,19:00:00,60,58,2,MOR02
543,Amedeus Stockmanslei 39,2022-07-19,20:00:00,66,64,2,MOR02
543,Amedeus Stockmanslei 39,2022-07-19,21:00:00,40,39,1,MOR02
543,Amedeus Stockmanslei 39,2022-07-19,22:00:00,38,36,2,MOR02
543,Amedeus Stockmanslei 39,2022-07-19,23:00:00,19,16,3,MOR02
543,Amedeus Stockmanslei 39,2022-07-20,00:00:00,15,13,2,MOR02
543,Amedeus Stockmanslei 39,2022-07-20,01:00:00,16,3,13,MOR02
543,Amedeus Stockmanslei 39,2022-07-20,02:00:00,6,4,2,MOR02
543,Amedeus Stockmanslei 39,2022-07-20,03:00:00,7,7,0,MOR02
543,Amedeus Stockmanslei 39,2022-07-20,04:00:00,5,5,0,MOR02
543,Amedeus Stockmanslei 39,2022-07-20,05:00:00,21,21,0,MOR02
543,Amedeus Stockmanslei 39,2022-07-20,06:00:00,23,22,1,MOR02
543,Amedeus Stockmanslei 39,2022-07-20,07:00:00,48,48,0,MOR02
543,Amedeus Stockmanslei 39,2022-07-20,08:00:00,88,85,3,MOR02
543,Amedeus Stockmanslei 39,2022-07-20,09:00:00,71,69,2,MOR02
543,Amedeus Stockmanslei 39,2022-07-20,10:00:00,43,42,1,MOR02
543,Amedeus Stockmanslei 39,2022-07-20,11:00:00,44,43,1,MOR02
543,Amedeus Stockmanslei 39,2022-07-20,12:00:00,62,53,9,MOR02
543,Amedeus Stockmanslei 39,2022-07-20,13:00:00,76,70,6,MOR02
543,Amedeus Stockmanslei 39,2022-07-20,14:00:00,61,59,2,MOR02
543,Amedeus Stockmanslei 39,2022-07-20,15:00:00,104,98,6,MOR02
543,Amedeus Stockmanslei 39,2022-07-20,16:00:00,155,154,1,MOR02
543,Amedeus Stockmanslei 39,2022-07-20,17:00:00,151,151,0,MOR02
543,Amedeus Stockmanslei 39,2022-07-20,18:00:00,101,100,1,MOR02
543,Amedeus Stockmanslei 39,2022-07-20,19:00:00,80,78,2,MOR02
543,Amedeus Stockmanslei 39,2022-07-20,20:00:00,66,63,3,MOR02
543,Amedeus Stockmanslei 39,2022-07-20,21:00:00,25,18,7,MOR02
543,Amedeus Stockmanslei 39,2022-07-20,22:00:00,40,37,3,MOR02
543,Amedeus Stockmanslei 39,2022-07-20,23:00:00,30,24,6,MOR02
543,Amedeus Stockmanslei 39,2022-07-21,00:00:00,26,24,2,MOR02
543,Amedeus Stockmanslei 39,2022-07-21,01:00:00,14,14,0,MOR02
543,Amedeus Stockmanslei 39,2022-07-21,02:00:00,1,1,0,MOR02
543,Amedeus Stockmanslei 39,2022-07-21,03:00:00,4,4,0,MOR02
543,Amedeus Stockmanslei 39,2022-07-21,04:00:00,4,4,0,MOR02
543,Amedeus Stockmanslei 39,2022-07-21,05:00:00,9,9,0,MOR02
543,Amedeus Stockmanslei 39,2022-07-21,06:00:00,13,13,0,MOR02
543,Amedeus Stockmanslei 39,2022-07-21,07:00:00,12,12,0,MOR02
543,Amedeus Stockmanslei 39,2022-07-21,08:00:00,7,6,1,MOR02
543,Amedeus Stockmanslei 39,2022-07-21,09:00:00,25,24,1,MOR02
543,Amedeus Stockmanslei 39,2022-07-21,10:00:00,17,16,1,MOR02
543,Amedeus Stockmanslei 39,2022-07-21,11:00:00,21,19,2,MOR02
543,Amedeus Stockmanslei 39,2022-07-21,12:00:00,44,40,4,MOR02
543,Amedeus Stockmanslei 39,2022-07-21,13:00:00,40,39,1,MOR02
543,Amedeus Stockmanslei 39,2022-07-21,14:00:00,52,49,3,MOR02
543,Amedeus Stockmanslei 39,2022-07-21,15:00:00,42,39,3,MOR02
543,Amedeus Stockmanslei 39,2022-07-21,16:00:00,41,39,2,MOR02
543,Amedeus Stockmanslei 39,2022-07-21,17:00:00,53,53,0,MOR02
543,Amedeus Stockmanslei 39,2022-07-21,18:00:00,45,43,2,MOR02
543,Amedeus Stockmanslei 39,2022-07-21,19:00:00,48,43,5,MOR02
543,Amedeus Stockmanslei 39,2022-07-21,20:00:00,38,36,2,MOR02
543,Amedeus Stockmanslei 39,2022-07-21,21:00:00,30,26,4,MOR02
543,Amedeus Stockmanslei 39,2022-07-21,22:00:00,43,42,1,MOR02
543,Amedeus Stockmanslei 39,2022-07-21,23:00:00,28,28,0,MOR02
543,Amedeus Stockmanslei 39,2022-07-22,00:00:00,17,16,1,MOR02
543,Amedeus Stockmanslei 39,2022-07-22,01:00:00,13,13,0,MOR02
543,Amedeus Stockmanslei 39,2022-07-22,02:00:00,8,7,1,MOR02
543,Amedeus Stockmanslei 39,2022-07-22,03:00:00,3,3,0,MOR02
543,Amedeus Stockmanslei 39,2022-07-22,04:00:00,8,8,0,MOR02
543,Amedeus Stockmanslei 39,2022-07-22,05:00:00,16,15,1,MOR02
543,Amedeus Stockmanslei 39,2022-07-22,06:00:00,20,19,1,MOR02
543,Amedeus Stockmanslei 39,2022-07-22,07:00:00,43,40,3,MOR02
543,Amedeus Stockmanslei 39,2022-07-22,08:00:00,60,58,2,MOR02
543,Amedeus Stockmanslei 39,2022-07-22,09:00:00,63,57,6,MOR02
543,Amedeus Stockmanslei 39,2022-07-22,10:00:00,76,72,4,MOR02
543,Amedeus Stockmanslei 39,2022-07-22,11:00:00,86,80,6,MOR02
543,Amedeus Stockmanslei 39,2022-07-22,12:00:00,87,79,8,MOR02
543,Amedeus Stockmanslei 39,2022-07-22,13:00:00,111,96,15,MOR02
543,Amedeus Stockmanslei 39,2022-07-22,14:00:00,139,128,11,MOR02
543,Amedeus Stockmanslei 39,2022-07-22,15:00:00,120,115,5,MOR02
543,Amedeus Stockmanslei 39,2022-07-22,16:00:00,178,175,3,MOR02
543,Amedeus Stockmanslei 39,2022-07-22,17:00:00,195,192,3,MOR02
543,Amedeus Stockmanslei 39,2022-07-22,18:00:00,146,138,8,MOR02
543,Amedeus Stockmanslei 39,2022-07-22,19:00:00,90,86,4,MOR02
543,Amedeus Stockmanslei 39,2022-07-22,20:00:00,78,72,6,MOR02
543,Amedeus Stockmanslei 39,2022-07-22,21:00:00,46,44,2,MOR02
543,Amedeus Stockmanslei 39,2022-07-22,22:00:00,37,34,3,MOR02
543,Amedeus Stockmanslei 39,2022-07-22,23:00:00,42,41,1,MOR02
543,Amedeus Stockmanslei 39,2022-07-23,00:00:00,32,28,4,MOR02
543,Amedeus Stockmanslei 39,2022-07-23,01:00:00,11,11,0,MOR02
543,Amedeus Stockmanslei 39,2022-07-23,02:00:00,24,22,2,MOR02
543,Amedeus Stockmanslei 39,2022-07-23,03:00:00,18,18,0,MOR02
543,Amedeus Stockmanslei 39,2022-07-23,04:00:00,13,13,0,MOR02
543,Amedeus Stockmanslei 39,2022-07-23,05:00:00,9,9,0,MOR02
543,Amedeus Stockmanslei 39,2022-07-23,06:00:00,16,16,0,MOR02
543,Amedeus Stockmanslei 39,2022-07-23,07:00:00,21,19,2,MOR02
543,Amedeus Stockmanslei 39,2022-07-23,08:00:00,42,37,5,MOR02
543,Amedeus Stockmanslei 39,2022-07-23,09:00:00,52,52,0,MOR02
543,Amedeus Stockmanslei 39,2022-07-23,10:00:00,89,85,4,MOR02
543,Amedeus Stockmanslei 39,2022-07-23,11:00:00,95,89,6,MOR02
543,Amedeus Stockmanslei 39,2022-07-23,12:00:00,70,68,2,MOR02
543,Amedeus Stockmanslei 39,2022-07-23,13:00:00,114,104,10,MOR02
543,Amedeus Stockmanslei 39,2022-07-23,14:00:00,165,155,10,MOR02
543,Amedeus Stockmanslei 39,2022-07-23,15:00:00,143,137,6,MOR02
543,Amedeus Stockmanslei 39,2022-07-23,16:00:00,181,171,10,MOR02
543,Amedeus Stockmanslei 39,2022-07-23,17:00:00,154,151,3,MOR02
543,Amedeus Stockmanslei 39,2022-07-23,18:00:00,127,119,8,MOR02
543,Amedeus Stockmanslei 39,2022-07-23,19:00:00,132,128,4,MOR02
543,Amedeus Stockmanslei 39,2022-07-23,20:00:00,96,96,0,MOR02
543,Amedeus Stockmanslei 39,2022-07-23,21:00:00,83,78,5,MOR02
543,Amedeus Stockmanslei 39,2022-07-23,22:00:00,64,62,2,MOR02
543,Amedeus Stockmanslei 39,2022-07-23,23:00:00,90,88,2,MOR02
543,Amedeus Stockmanslei 39,2022-07-24,00:00:00,72,69,3,MOR02
543,Amedeus Stockmanslei 39,2022-07-24,01:00:00,28,26,2,MOR02
543,Amedeus Stockmanslei 39,2022-07-24,02:00:00,16,15,1,MOR02
543,Amedeus Stockmanslei 39,2022-07-24,03:00:00,17,17,0,MOR02
543,Amedeus Stockmanslei 39,2022-07-24,04:00:00,11,11,0,MOR02
543,Amedeus Stockmanslei 39,2022-07-24,05:00:00,21,20,1,MOR02
543,Amedeus Stockmanslei 39,2022-07-24,06:00:00,9,9,0,MOR02
543,Amedeus Stockmanslei 39,2022-07-24,07:00:00,12,12,0,MOR02
543,Amedeus Stockmanslei 39,2022-07-24,08:00:00,32,29,3,MOR02
543,Amedeus Stockmanslei 39,2022-07-24,09:00:00,81,80,1,MOR02
543,Amedeus Stockmanslei 39,2022-07-24,10:00:00,92,84,8,MOR02
543,Amedeus Stockmanslei 39,2022-07-24,11:00:00,99,92,7,MOR02
543,Amedeus Stockmanslei 39,2022-07-24,12:00:00,132,126,6,MOR02
543,Amedeus Stockmanslei 39,2022-07-24,13:00:00,142,139,3,MOR02
543,Amedeus Stockmanslei 39,2022-07-24,14:00:00,171,170,1,MOR02
543,Amedeus Stockmanslei 39,2022-07-24,15:00:00,188,186,2,MOR02
543,Amedeus Stockmanslei 39,2022-07-24,16:00:00,180,177,3,MOR02
543,Amedeus Stockmanslei 39,2022-07-24,17:00:00,165,161,4,MOR02
543,Amedeus Stockmanslei 39,2022-07-24,18:00:00,109,107,2,MOR02
543,Amedeus Stockmanslei 39,2022-07-24,19:00:00,109,106,3,MOR02
543,Amedeus Stockmanslei 39,2022-07-24,20:00:00,83,77,6,MOR02
543,Amedeus Stockmanslei 39,2022-07-24,21:00:00,82,77,5,MOR02
543,Amedeus Stockmanslei 39,2022-07-24,22:00:00,55,48,7,MOR02
543,Amedeus Stockmanslei 39,2022-07-24,23:00:00,40,38,2,MOR02
543,Amedeus Stockmanslei 39,2022-07-25,00:00:00,27,26,1,MOR02
543,Amedeus Stockmanslei 39,2022-07-25,01:00:00,8,8,0,MOR02
543,Amedeus Stockmanslei 39,2022-07-25,02:00:00,1,1,0,MOR02
543,Amedeus Stockmanslei 39,2022-07-25,03:00:00,2,1,1,MOR02
543,Amedeus Stockmanslei 39,2022-07-25,04:00:00,7,7,0,MOR02
543,Amedeus Stockmanslei 39,2022-07-25,05:00:00,22,22,0,MOR02
543,Amedeus Stockmanslei 39,2022-07-25,06:00:00,38,38,0,MOR02
543,Amedeus Stockmanslei 39,2022-07-25,07:00:00,65,65,0,MOR02
543,Amedeus Stockmanslei 39,2022-07-25,08:00:00,70,68,2,MOR02
543,Amedeus Stockmanslei 39,2022-07-25,09:00:00,53,49,4,MOR02
543,Amedeus Stockmanslei 39,2022-07-25,10:00:00,67,65,2,MOR02
543,Amedeus Stockmanslei 39,2022-07-25,11:00:00,56,53,3,MOR02
543,Amedeus Stockmanslei 39,2022-07-25,12:00:00,74,69,5,MOR02
543,Amedeus Stockmanslei 39,2022-07-25,13:00:00,64,59,5,MOR02
543,Amedeus Stockmanslei 39,2022-07-25,14:00:00,88,83,5,MOR02
543,Amedeus Stockmanslei 39,2022-07-25,15:00:00,103,100,3,MOR02
543,Amedeus Stockmanslei 39,2022-07-25,16:00:00,212,211,1,MOR02
543,Amedeus Stockmanslei 39,2022-07-25,17:00:00,306,306,0,MOR02
543,Amedeus Stockmanslei 39,2022-07-25,18:00:00,182,180,2,MOR02
543,Amedeus Stockmanslei 39,2022-07-25,19:00:00,114,110,4,MOR02
543,Amedeus Stockmanslei 39,2022-07-25,20:00:00,46,46,0,MOR02
543,Amedeus Stockmanslei 39,2022-07-25,21:00:00,47,45,2,MOR02
543,Amedeus Stockmanslei 39,2022-07-25,22:00:00,36,34,2,MOR02
543,Amedeus Stockmanslei 39,2022-07-25,23:00:00,27,27,0,MOR02
543,Amedeus Stockmanslei 39,2022-07-26,00:00:00,19,17,2,MOR02
543,Amedeus Stockmanslei 39,2022-07-26,01:00:00,7,6,1,MOR02
543,Amedeus Stockmanslei 39,2022-07-26,02:00:00,5,5,0,MOR02
543,Amedeus Stockmanslei 39,2022-07-26,03:00:00,3,2,1,MOR02
543,Amedeus Stockmanslei 39,2022-07-26,04:00:00,3,3,0,MOR02
543,Amedeus Stockmanslei 39,2022-07-26,05:00:00,18,17,1,MOR02
543,Amedeus Stockmanslei 39,2022-07-26,06:00:00,39,39,0,MOR02
543,Amedeus Stockmanslei 39,2022-07-26,07:00:00,73,73,0,MOR02
543,Amedeus Stockmanslei 39,2022-07-26,08:00:00,102,101,1,MOR02
543,Amedeus Stockmanslei 39,2022-07-26,09:00:00,52,51,1,MOR02
543,Amedeus Stockmanslei 39,2022-07-26,10:00:00,58,56,2,MOR02
543,Amedeus Stockmanslei 39,2022-07-26,11:00:00,40,39,1,MOR02
543,Amedeus Stockmanslei 39,2022-07-26,12:00:00,56,54,2,MOR02
543,Amedeus Stockmanslei 39,2022-07-26,13:00:00,66,61,5,MOR02
543,Amedeus Stockmanslei 39,2022-07-26,14:00:00,53,52,1,MOR02
543,Amedeus Stockmanslei 39,2022-07-26,15:00:00,71,69,2,MOR02
543,Amedeus Stockmanslei 39,2022-07-26,16:00:00,181,178,3,MOR02
543,Amedeus Stockmanslei 39,2022-07-26,17:00:00,282,276,6,MOR02
543,Amedeus Stockmanslei 39,2022-07-26,18:00:00,147,146,1,MOR02
543,Amedeus Stockmanslei 39,2022-07-26,19:00:00,98,94,4,MOR02
543,Amedeus Stockmanslei 39,2022-07-26,20:00:00,33,30,3,MOR02
543,Amedeus Stockmanslei 39,2022-07-26,21:00:00,44,42,2,MOR02
543,Amedeus Stockmanslei 39,2022-07-26,22:00:00,40,36,4,MOR02
543,Amedeus Stockmanslei 39,2022-07-26,23:00:00,34,33,1,MOR02
543,Amedeus Stockmanslei 39,2022-07-27,00:00:00,15,15,0,MOR02
543,Amedeus Stockmanslei 39,2022-07-27,01:00:00,6,5,1,MOR02
543,Amedeus Stockmanslei 39,2022-07-27,02:00:00,3,2,1,MOR02
543,Amedeus Stockmanslei 39,2022-07-27,03:00:00,10,8,2,MOR02
543,Amedeus Stockmanslei 39,2022-07-27,04:00:00,6,6,0,MOR02
543,Amedeus Stockmanslei 39,2022-07-27,05:00:00,15,15,0,MOR02
543,Amedeus Stockmanslei 39,2022-07-27,06:00:00,38,38,0,MOR02
543,Amedeus Stockmanslei 39,2022-07-27,07:00:00,69,68,1,MOR02
543,Amedeus Stockmanslei 39,2022-07-27,08:00:00,91,89,2,MOR02
543,Amedeus Stockmanslei 39,2022-07-27,09:00:00,71,68,3,MOR02
543,Amedeus Stockmanslei 39,2022-07-27,10:00:00,88,84,4,MOR02
543,Amedeus Stockmanslei 39,2022-07-27,11:00:00,104,99,5,MOR02
543,Amedeus Stockmanslei 39,2022-07-27,12:00:00,102,97,5,MOR02
543,Amedeus Stockmanslei 39,2022-07-27,13:00:00,110,104,6,MOR02
543,Amedeus Stockmanslei 39,2022-07-27,14:00:00,106,101,5,MOR02
543,Amedeus Stockmanslei 39,2022-07-27,15:00:00,124,118,6,MOR02
543,Amedeus Stockmanslei 39,2022-07-27,16:00:00,205,197,8,MOR02
543,Amedeus Stockmanslei 39,2022-07-27,17:00:00,294,291,3,MOR02
543,Amedeus Stockmanslei 39,2022-07-27,18:00:00,174,171,3,MOR02
543,Amedeus Stockmanslei 39,2022-07-27,19:00:00,93,90,3,MOR02
543,Amedeus Stockmanslei 39,2022-07-27,20:00:00,65,63,2,MOR02
543,Amedeus Stockmanslei 39,2022-07-27,21:00:00,65,55,10,MOR02
543,Amedeus Stockmanslei 39,2022-07-27,22:00:00,53,51,2,MOR02
543,Amedeus Stockmanslei 39,2022-07-27,23:00:00,41,40,1,MOR02
543,Amedeus Stockmanslei 39,2022-07-28,00:00:00,27,25,2,MOR02
543,Amedeus Stockmanslei 39,2022-07-28,01:00:00,4,4,0,MOR02
543,Amedeus Stockmanslei 39,2022-07-28,02:00:00,1,1,0,MOR02
543,Amedeus Stockmanslei 39,2022-07-28,03:00:00,8,6,2,MOR02
543,Amedeus Stockmanslei 39,2022-07-28,04:00:00,9,9,0,MOR02
543,Amedeus Stockmanslei 39,2022-07-28,05:00:00,15,14,1,MOR02
543,Amedeus Stockmanslei 39,2022-07-28,06:00:00,32,32,0,MOR02
543,Amedeus Stockmanslei 39,2022-07-28,07:00:00,70,70,0,MOR02
543,Amedeus Stockmanslei 39,2022-07-28,08:00:00,116,99,17,MOR02
543,Amedeus Stockmanslei 39,2022-07-28,09:00:00,62,61,1,MOR02
543,Amedeus Stockmanslei 39,2022-07-28,10:00:00,73,68,5,MOR02
543,Amedeus Stockmanslei 39,2022-07-28,11:00:00,75,69,6,MOR02
543,Amedeus Stockmanslei 39,2022-07-28,12:00:00,104,100,4,MOR02
543,Amedeus Stockmanslei 39,2022-07-28,13:00:00,95,94,1,MOR02
543,Amedeus Stockmanslei 39,2022-07-28,14:00:00,117,114,3,MOR02
543,Amedeus Stockmanslei 39,2022-07-28,15:00:00,119,117,2,MOR02
543,Amedeus Stockmanslei 39,2022-07-28,16:00:00,228,224,4,MOR02
543,Amedeus Stockmanslei 39,2022-07-28,17:00:00,324,323,1,MOR02
543,Amedeus Stockmanslei 39,2022-07-28,18:00:00,192,190,2,MOR02
543,Amedeus Stockmanslei 39,2022-07-28,19:00:00,128,127,1,MOR02
543,Amedeus Stockmanslei 39,2022-07-28,20:00:00,88,83,5,MOR02
543,Amedeus Stockmanslei 39,2022-07-28,21:00:00,52,51,1,MOR02
543,Amedeus Stockmanslei 39,2022-07-28,22:00:00,75,69,6,MOR02
543,Amedeus Stockmanslei 39,2022-07-28,23:00:00,57,40,17,MOR02
543,Amedeus Stockmanslei 39,2022-07-29,00:00:00,34,15,19,MOR02
543,Amedeus Stockmanslei 39,2022-07-29,01:00:00,11,11,0,MOR02
543,Amedeus Stockmanslei 39,2022-07-29,02:00:00,3,3,0,MOR02
543,Amedeus Stockmanslei 39,2022-07-29,03:00:00,8,7,1,MOR02
543,Amedeus Stockmanslei 39,2022-07-29,04:00:00,9,9,0,MOR02
543,Amedeus Stockmanslei 39,2022-07-29,05:00:00,16,14,2,MOR02
543,Amedeus Stockmanslei 39,2022-07-29,06:00:00,25,25,0,MOR02
543,Amedeus Stockmanslei 39,2022-07-29,07:00:00,64,64,0,MOR02
543,Amedeus Stockmanslei 39,2022-07-29,08:00:00,85,76,9,MOR02
543,Amedeus Stockmanslei 39,2022-07-29,09:00:00,73,72,1,MOR02
543,Amedeus Stockmanslei 39,2022-07-29,10:00:00,71,70,1,MOR02
543,Amedeus Stockmanslei 39,2022-07-29,11:00:00,74,72,2,MOR02
543,Amedeus Stockmanslei 39,2022-07-29,12:00:00,102,100,2,MOR02
543,Amedeus Stockmanslei 39,2022-07-29,13:00:00,112,107,5,MOR02
543,Amedeus Stockmanslei 39,2022-07-29,14:00:00,131,131,0,MOR02
543,Amedeus Stockmanslei 39,2022-07-29,15:00:00,167,164,3,MOR02
543,Amedeus Stockmanslei 39,2022-07-29,16:00:00,223,221,2,MOR02
543,Amedeus Stockmanslei 39,2022-07-29,17:00:00,270,261,9,MOR02
543,Amedeus Stockmanslei 39,2022-07-29,18:00:00,184,180,4,MOR02
543,Amedeus Stockmanslei 39,2022-07-29,19:00:00,125,124,1,MOR02
543,Amedeus Stockmanslei 39,2022-07-29,20:00:00,124,120,4,MOR02
543,Amedeus Stockmanslei 39,2022-07-29,21:00:00,57,52,5,MOR02
543,Amedeus Stockmanslei 39,2022-07-29,22:00:00,62,54,8,MOR02
543,Amedeus Stockmanslei 39,2022-07-29,23:00:00,69,61,8,MOR02
543,Amedeus Stockmanslei 39,2022-07-30,00:00:00,33,23,10,MOR02
543,Amedeus Stockmanslei 39,2022-07-30,01:00:00,20,12,8,MOR02
543,Amedeus Stockmanslei 39,2022-07-30,02:00:00,21,10,11,MOR02
543,Amedeus Stockmanslei 39,2022-07-30,03:00:00,19,10,9,MOR02
543,Amedeus Stockmanslei 39,2022-07-30,04:00:00,7,6,1,MOR02
543,Amedeus Stockmanslei 39,2022-07-30,05:00:00,10,7,3,MOR02
543,Amedeus Stockmanslei 39,2022-07-30,06:00:00,14,13,1,MOR02
543,Amedeus Stockmanslei 39,2022-07-30,07:00:00,19,19,0,MOR02
543,Amedeus Stockmanslei 39,2022-07-30,08:00:00,30,28,2,MOR02
543,Amedeus Stockmanslei 39,2022-07-30,09:00:00,56,55,1,MOR02
543,Amedeus Stockmanslei 39,2022-07-30,10:00:00,96,91,5,MOR02
543,Amedeus Stockmanslei 39,2022-07-30,11:00:00,105,101,4,MOR02
543,Amedeus Stockmanslei 39,2022-07-30,12:00:00,130,127,3,MOR02
543,Amedeus Stockmanslei 39,2022-07-30,13:00:00,137,130,7,MOR02
543,Amedeus Stockmanslei 39,2022-07-30,14:00:00,150,146,4,MOR02
543,Amedeus Stockmanslei 39,2022-07-30,15:00:00,160,157,3,MOR02
543,Amedeus Stockmanslei 39,2022-07-30,16:00:00,153,149,4,MOR02
543,Amedeus Stockmanslei 39,2022-07-30,17:00:00,163,152,11,MOR02
543,Amedeus Stockmanslei 39,2022-07-30,18:00:00,126,122,4,MOR02
543,Amedeus Stockmanslei 39,2022-07-30,19:00:00,114,109,5,MOR02
543,Amedeus Stockmanslei 39,2022-07-30,20:00:00,112,109,3,MOR02
543,Amedeus Stockmanslei 39,2022-07-30,21:00:00,73,73,0,MOR02
543,Amedeus Stockmanslei 39,2022-07-30,22:00:00,45,38,7,MOR02
543,Amedeus Stockmanslei 39,2022-07-30,23:00:00,61,45,16,MOR02
543,Amedeus Stockmanslei 39,2022-07-31,00:00:00,29,20,9,MOR02
543,Amedeus Stockmanslei 39,2022-07-31,01:00:00,22,8,14,MOR02
543,Amedeus Stockmanslei 39,2022-07-31,02:00:00,37,11,26,MOR02
543,Amedeus Stockmanslei 39,2022-07-31,03:00:00,18,4,14,MOR02
543,Amedeus Stockmanslei 39,2022-07-31,04:00:00,4,3,1,MOR02
543,Amedeus Stockmanslei 39,2022-07-31,05:00:00,20,15,5,MOR02
543,Amedeus Stockmanslei 39,2022-07-31,06:00:00,14,14,0,MOR02
543,Amedeus Stockmanslei 39,2022-07-31,07:00:00,12,12,0,MOR02
543,Amedeus Stockmanslei 39,2022-07-31,08:00:00,49,47,2,MOR02
543,Amedeus Stockmanslei 39,2022-07-31,09:00:00,84,81,3,MOR02
543,Amedeus Stockmanslei 39,2022-07-31,10:00:00,98,95,3,MOR02
543,Amedeus Stockmanslei 39,2022-07-31,11:00:00,104,102,2,MOR02
543,Amedeus Stockmanslei 39,2022-07-31,12:00:00,79,71,8,MOR02
543,Amedeus Stockmanslei 39,2022-07-31,13:00:00,87,85,2,MOR02
543,Amedeus Stockmanslei 39,2022-07-31,14:00:00,122,117,5,MOR02
543,Amedeus Stockmanslei 39,2022-07-31,15:00:00,140,139,1,MOR02
543,Amedeus Stockmanslei 39,2022-07-31,16:00:00,130,128,2,MOR02
543,Amedeus Stockmanslei 39,2022-07-31,17:00:00,110,106,4,MOR02
543,Amedeus Stockmanslei 39,2022-07-31,18:00:00,95,94,1,MOR02
543,Amedeus Stockmanslei 39,2022-07-31,19:00:00,77,70,7,MOR02
543,Amedeus Stockmanslei 39,2022-07-31,20:00:00,56,54,2,MOR02
543,Amedeus Stockmanslei 39,2022-07-31,21:00:00,38,33,5,MOR02
543,Amedeus Stockmanslei 39,2022-07-31,22:00:00,41,34,7,MOR02
543,Amedeus Stockmanslei 39,2022-07-31,23:00:00,41,28,13,MOR02
543,Amedeus Stockmanslei 39,2022-08-01,00:00:00,14,9,5,MOR02
543,Amedeus Stockmanslei 39,2022-08-01,01:00:00,6,4,2,MOR02
543,Amedeus Stockmanslei 39,2022-08-01,02:00:00,13,11,2,MOR02
543,Amedeus Stockmanslei 39,2022-08-01,03:00:00,6,4,2,MOR02
543,Amedeus Stockmanslei 39,2022-08-01,04:00:00,8,7,1,MOR02
543,Amedeus Stockmanslei 39,2022-08-01,05:00:00,25,25,0,MOR02
543,Amedeus Stockmanslei 39,2022-08-01,06:00:00,31,31,0,MOR02
543,Amedeus Stockmanslei 39,2022-08-01,07:00:00,73,72,1,MOR02
543,Amedeus Stockmanslei 39,2022-08-01,08:00:00,92,89,3,MOR02
543,Amedeus Stockmanslei 39,2022-08-01,09:00:00,42,40,2,MOR02
543,Amedeus Stockmanslei 39,2022-08-01,10:00:00,50,47,3,MOR02
543,Amedeus Stockmanslei 39,2022-08-01,11:00:00,57,52,5,MOR02
543,Amedeus Stockmanslei 39,2022-08-01,12:00:00,80,79,1,MOR02
543,Amedeus Stockmanslei 39,2022-08-01,13:00:00,103,97,6,MOR02
543,Amedeus Stockmanslei 39,2022-08-01,14:00:00,96,93,3,MOR02
543,Amedeus Stockmanslei 39,2022-08-01,15:00:00,127,120,7,MOR02
543,Amedeus Stockmanslei 39,2022-08-01,16:00:00,215,209,6,MOR02
543,Amedeus Stockmanslei 39,2022-08-01,17:00:00,330,325,5,MOR02
543,Amedeus Stockmanslei 39,2022-08-01,18:00:00,185,183,2,MOR02
543,Amedeus Stockmanslei 39,2022-08-01,19:00:00,96,93,3,MOR02
543,Amedeus Stockmanslei 39,2022-08-01,20:00:00,75,70,5,MOR02
543,Amedeus Stockmanslei 39,2022-08-01,21:00:00,43,42,1,MOR02
543,Amedeus Stockmanslei 39,2022-08-01,22:00:00,39,35,4,MOR02
543,Amedeus Stockmanslei 39,2022-08-01,23:00:00,33,29,4,MOR02
543,Amedeus Stockmanslei 39,2022-08-02,00:00:00,10,6,4,MOR02
543,Amedeus Stockmanslei 39,2022-08-02,01:00:00,2,2,0,MOR02
543,Amedeus Stockmanslei 39,2022-08-02,02:00:00,4,4,0,MOR02
543,Amedeus Stockmanslei 39,2022-08-02,03:00:00,8,5,3,MOR02
543,Amedeus Stockmanslei 39,2022-08-02,04:00:00,10,9,1,MOR02
543,Amedeus Stockmanslei 39,2022-08-02,05:00:00,28,28,0,MOR02
543,Amedeus Stockmanslei 39,2022-08-02,06:00:00,33,31,2,MOR02
543,Amedeus Stockmanslei 39,2022-08-02,07:00:00,82,82,0,MOR02
543,Amedeus Stockmanslei 39,2022-08-02,08:00:00,121,120,1,MOR02
543,Amedeus Stockmanslei 39,2022-08-02,09:00:00,68,66,2,MOR02
543,Amedeus Stockmanslei 39,2022-08-02,10:00:00,57,53,4,MOR02
543,Amedeus Stockmanslei 39,2022-08-02,11:00:00,82,80,2,MOR02
543,Amedeus Stockmanslei 39,2022-08-02,12:00:00,91,87,4,MOR02
543,Amedeus Stockmanslei 39,2022-08-02,13:00:00,97,92,5,MOR02
543,Amedeus Stockmanslei 39,2022-08-02,14:00:00,111,108,3,MOR02
543,Amedeus Stockmanslei 39,2022-08-02,15:00:00,143,139,4,MOR02
543,Amedeus Stockmanslei 39,2022-08-02,16:00:00,258,255,3,MOR02
543,Amedeus Stockmanslei 39,2022-08-02,17:00:00,363,358,5,MOR02
543,Amedeus Stockmanslei 39,2022-08-02,18:00:00,226,215,11,MOR02
543,Amedeus Stockmanslei 39,2022-08-02,19:00:00,123,116,7,MOR02
543,Amedeus Stockmanslei 39,2022-08-02,20:00:00,69,62,7,MOR02
543,Amedeus Stockmanslei 39,2022-08-02,21:00:00,81,75,6,MOR02
543,Amedeus Stockmanslei 39,2022-08-02,22:00:00,66,64,2,MOR02
543,Amedeus Stockmanslei 39,2022-08-02,23:00:00,48,42,6,MOR02
543,Amedeus Stockmanslei 39,2022-08-03,00:00:00,20,15,5,MOR02
543,Amedeus Stockmanslei 39,2022-08-03,01:00:00,14,13,1,MOR02
543,Amedeus Stockmanslei 39,2022-08-03,02:00:00,5,4,1,MOR02
543,Amedeus Stockmanslei 39,2022-08-03,03:00:00,5,5,0,MOR02
543,Amedeus Stockmanslei 39,2022-08-03,04:00:00,11,11,0,MOR02
543,Amedeus Stockmanslei 39,2022-08-03,05:00:00,23,23,0,MOR02
543,Amedeus Stockmanslei 39,2022-08-03,06:00:00,31,31,0,MOR02
543,Amedeus Stockmanslei 39,2022-08-03,07:00:00,69,68,1,MOR02
543,Amedeus Stockmanslei 39,2022-08-03,08:00:00,120,116,4,MOR02
543,Amedeus Stockmanslei 39,2022-08-03,09:00:00,104,103,1,MOR02
543,Amedeus Stockmanslei 39,2022-08-03,10:00:00,107,105,2,MOR02
543,Amedeus Stockmanslei 39,2022-08-03,11:00:00,86,85,1,MOR02
543,Amedeus Stockmanslei 39,2022-08-03,12:00:00,111,107,4,MOR02
543,Amedeus Stockmanslei 39,2022-08-03,13:00:00,90,85,5,MOR02
543,Amedeus Stockmanslei 39,2022-08-03,14:00:00,90,85,5,MOR02
543,Amedeus Stockmanslei 39,2022-08-03,15:00:00,100,99,1,MOR02
543,Amedeus Stockmanslei 39,2022-08-03,16:00:00,213,208,5,MOR02
543,Amedeus Stockmanslei 39,2022-08-03,17:00:00,322,319,3,MOR02
543,Amedeus Stockmanslei 39,2022-08-03,18:00:00,177,173,4,MOR02
543,Amedeus Stockmanslei 39,2022-08-03,19:00:00,109,103,6,MOR02
543,Amedeus Stockmanslei 39,2022-08-03,20:00:00,99,92,7,MOR02
543,Amedeus Stockmanslei 39,2022-08-03,21:00:00,57,51,6,MOR02
543,Amedeus Stockmanslei 39,2022-08-03,22:00:00,61,53,8,MOR02
543,Amedeus Stockmanslei 39,2022-08-03,23:00:00,34,33,1,MOR02
543,Amedeus Stockmanslei 39,2022-08-04,00:00:00,33,28,5,MOR02
543,Amedeus Stockmanslei 39,2022-08-04,01:00:00,24,18,6,MOR02
543,Amedeus Stockmanslei 39,2022-08-04,02:00:00,2,2,0,MOR02
543,Amedeus Stockmanslei 39,2022-08-04,03:00:00,9,7,2,MOR02
543,Amedeus Stockmanslei 39,2022-08-04,04:00:00,10,9,1,MOR02
543,Amedeus Stockmanslei 39,2022-08-04,05:00:00,21,21,0,MOR02
543,Amedeus Stockmanslei 39,2022-08-04,06:00:00,38,37,1,MOR02
543,Amedeus Stockmanslei 39,2022-08-04,07:00:00,83,83,0,MOR02
543,Amedeus Stockmanslei 39,2022-08-04,08:00:00,119,115,4,MOR02
543,Amedeus Stockmanslei 39,2022-08-04,09:00:00,77,73,4,MOR02
543,Amedeus Stockmanslei 39,2022-08-04,10:00:00,60,56,4,MOR02
543,Amedeus Stockmanslei 39,2022-08-04,11:00:00,34,33,1,MOR02
543,Amedeus Stockmanslei 39,2022-08-04,12:00:00,74,70,4,MOR02
543,Amedeus Stockmanslei 39,2022-08-04,13:00:00,86,79,7,MOR02
543,Amedeus Stockmanslei 39,2022-08-04,14:00:00,107,102,5,MOR02
543,Amedeus Stockmanslei 39,2022-08-04,15:00:00,105,102,3,MOR02
543,Amedeus Stockmanslei 39,2022-08-04,16:00:00,226,224,2,MOR02
543,Amedeus Stockmanslei 39,2022-08-04,17:00:00,299,293,6,MOR02
543,Amedeus Stockmanslei 39,2022-08-04,18:00:00,193,188,5,MOR02
543,Amedeus Stockmanslei 39,2022-08-04,19:00:00,117,111,6,MOR02
543,Amedeus Stockmanslei 39,2022-08-04,20:00:00,75,72,3,MOR02
543,Amedeus Stockmanslei 39,2022-08-04,21:00:00,52,46,6,MOR02
543,Amedeus Stockmanslei 39,2022-08-04,22:00:00,48,45,3,MOR02
543,Amedeus Stockmanslei 39,2022-08-04,23:00:00,36,33,3,MOR02
543,Amedeus Stockmanslei 39,2022-08-05,00:00:00,25,22,3,MOR02
543,Amedeus Stockmanslei 39,2022-08-05,01:00:00,8,8,0,MOR02
543,Amedeus Stockmanslei 39,2022-08-05,02:00:00,14,14,0,MOR02
543,Amedeus Stockmanslei 39,2022-08-05,03:00:00,2,2,0,MOR02
543,Amedeus Stockmanslei 39,2022-08-05,04:00:00,20,19,1,MOR02
543,Amedeus Stockmanslei 39,2022-08-05,05:00:00,17,17,0,MOR02
543,Amedeus Stockmanslei 39,2022-08-05,06:00:00,23,23,0,MOR02
543,Amedeus Stockmanslei 39,2022-08-05,07:00:00,76,70,6,MOR02
543,Amedeus Stockmanslei 39,2022-08-05,08:00:00,89,88,1,MOR02
543,Amedeus Stockmanslei 39,2022-08-05,09:00:00,60,60,0,MOR02
543,Amedeus Stockmanslei 39,2022-08-05,10:00:00,75,72,3,MOR02
543,Amedeus Stockmanslei 39,2022-08-05,11:00:00,84,76,8,MOR02
543,Amedeus Stockmanslei 39,2022-08-05,12:00:00,97,95,2,MOR02
543,Amedeus Stockmanslei 39,2022-08-05,13:00:00,101,98,3,MOR02
543,Amedeus Stockmanslei 39,2022-08-05,14:00:00,110,107,3,MOR02
543,Amedeus Stockmanslei 39,2022-08-05,15:00:00,138,135,3,MOR02
543,Amedeus Stockmanslei 39,2022-08-05,16:00:00,215,210,5,MOR02
543,Amedeus Stockmanslei 39,2022-08-05,17:00:00,218,214,4,MOR02
543,Amedeus Stockmanslei 39,2022-08-05,18:00:00,135,134,1,MOR02
543,Amedeus Stockmanslei 39,2022-08-05,19:00:00,97,91,6,MOR02
543,Amedeus Stockmanslei 39,2022-08-05,20:00:00,68,66,2,MOR02
543,Amedeus Stockmanslei 39,2022-08-05,21:00:00,48,45,3,MOR02
543,Amedeus Stockmanslei 39,2022-08-05,22:00:00,44,44,0,MOR02
543,Amedeus Stockmanslei 39,2022-08-05,23:00:00,47,46,1,MOR02
543,Amedeus Stockmanslei 39,2022-08-06,00:00:00,30,29,1,MOR02
543,Amedeus Stockmanslei 39,2022-08-06,01:00:00,32,28,4,MOR02
543,Amedeus Stockmanslei 39,2022-08-06,02:00:00,26,24,2,MOR02
543,Amedeus Stockmanslei 39,2022-08-06,03:00:00,26,22,4,MOR02
543,Amedeus Stockmanslei 39,2022-08-06,04:00:00,20,20,0,MOR02
543,Amedeus Stockmanslei 39,2022-08-06,05:00:00,16,14,2,MOR02
543,Amedeus Stockmanslei 39,2022-08-06,06:00:00,10,10,0,MOR02
543,Amedeus Stockmanslei 39,2022-08-06,07:00:00,25,25,0,MOR02
543,Amedeus Stockmanslei 39,2022-08-06,08:00:00,38,37,1,MOR02
543,Amedeus Stockmanslei 39,2022-08-06,09:00:00,61,58,3,MOR02
543,Amedeus Stockmanslei 39,2022-08-06,10:00:00,85,80,5,MOR02
543,Amedeus Stockmanslei 39,2022-08-06,11:00:00,74,72,2,MOR02
543,Amedeus Stockmanslei 39,2022-08-06,12:00:00,79,78,1,MOR02
543,Amedeus Stockmanslei 39,2022-08-06,13:00:00,116,115,1,MOR02
543,Amedeus Stockmanslei 39,2022-08-06,14:00:00,137,136,1,MOR02
543,Amedeus Stockmanslei 39,2022-08-06,15:00:00,125,114,11,MOR02
543,Amedeus Stockmanslei 39,2022-08-06,16:00:00,119,114,5,MOR02
543,Amedeus Stockmanslei 39,2022-08-06,17:00:00,106,100,6,MOR02
543,Amedeus Stockmanslei 39,2022-08-06,18:00:00,76,76,0,MOR02
543,Amedeus Stockmanslei 39,2022-08-06,19:00:00,56,53,3,MOR02
543,Amedeus Stockmanslei 39,2022-08-06,20:00:00,57,54,3,MOR02
543,Amedeus Stockmanslei 39,2022-08-06,21:00:00,38,36,2,MOR02
543,Amedeus Stockmanslei 39,2022-08-06,22:00:00,26,26,0,MOR02
543,Amedeus Stockmanslei 39,2022-08-06,23:00:00,36,35,1,MOR02
543,Amedeus Stockmanslei 39,2022-08-07,00:00:00,31,28,3,MOR02
543,Amedeus Stockmanslei 39,2022-08-07,01:00:00,26,24,2,MOR02
543,Amedeus Stockmanslei 39,2022-08-07,02:00:00,17,10,7,MOR02
543,Amedeus Stockmanslei 39,2022-08-07,03:00:00,3,3,0,MOR02
543,Amedeus Stockmanslei 39,2022-08-07,04:00:00,1,1,0,MOR02
543,Amedeus Stockmanslei 39,2022-08-07,05:00:00,18,18,0,MOR02
543,Amedeus Stockmanslei 39,2022-08-07,06:00:00,6,5,1,MOR02
543,Amedeus Stockmanslei 39,2022-08-07,07:00:00,18,18,0,MOR02
543,Amedeus Stockmanslei 39,2022-08-07,08:00:00,20,20,0,MOR02
543,Amedeus Stockmanslei 39,2022-08-07,09:00:00,74,72,2,MOR02
543,Amedeus Stockmanslei 39,2022-08-07,10:00:00,71,69,2,MOR02
543,Amedeus Stockmanslei 39,2022-08-07,11:00:00,115,110,5,MOR02
543,Amedeus Stockmanslei 39,2022-08-07,12:00:00,93,88,5,MOR02
543,Amedeus Stockmanslei 39,2022-08-07,13:00:00,127,120,7,MOR02
543,Amedeus Stockmanslei 39,2022-08-07,14:00:00,158,152,6,MOR02
543,Amedeus Stockmanslei 39,2022-08-07,15:00:00,151,149,2,MOR02
543,Amedeus Stockmanslei 39,2022-08-07,16:00:00,163,157,6,MOR02
543,Amedeus Stockmanslei 39,2022-08-07,17:00:00,123,121,2,MOR02
543,Amedeus Stockmanslei 39,2022-08-07,18:00:00,118,113,5,MOR02
543,Amedeus Stockmanslei 39,2022-08-07,19:00:00,71,68,3,MOR02
543,Amedeus Stockmanslei 39,2022-08-07,20:00:00,57,56,1,MOR02
543,Amedeus Stockmanslei 39,2022-08-07,21:00:00,50,42,8,MOR02
543,Amedeus Stockmanslei 39,2022-08-07,22:00:00,39,39,0,MOR02
543,Amedeus Stockmanslei 39,2022-08-07,23:00:00,32,31,1,MOR02
543,Amedeus Stockmanslei 39,2022-08-08,00:00:00,13,13,0,MOR02
543,Amedeus Stockmanslei 39,2022-08-08,01:00:00,7,7,0,MOR02
543,Amedeus Stockmanslei 39,2022-08-08,02:00:00,2,1,1,MOR02
543,Amedeus Stockmanslei 39,2022-08-08,03:00:00,2,2,0,MOR02
543,Amedeus Stockmanslei 39,2022-08-08,04:00:00,10,8,2,MOR02
543,Amedeus Stockmanslei 39,2022-08-08,05:00:00,19,19,0,MOR02
543,Amedeus Stockmanslei 39,2022-08-08,06:00:00,35,33,2,MOR02
543,Amedeus Stockmanslei 39,2022-08-08,07:00:00,73,73,0,MOR02
543,Amedeus Stockmanslei 39,2022-08-08,08:00:00,76,76,0,MOR02
543,Amedeus Stockmanslei 39,2022-08-08,09:00:00,59,58,1,MOR02
543,Amedeus Stockmanslei 39,2022-08-08,10:00:00,50,47,3,MOR02
543,Amedeus Stockmanslei 39,2022-08-08,11:00:00,73,67,6,MOR02
543,Amedeus Stockmanslei 39,2022-08-08,12:00:00,90,87,3,MOR02
543,Amedeus Stockmanslei 39,2022-08-08,13:00:00,91,84,7,MOR02
543,Amedeus Stockmanslei 39,2022-08-08,14:00:00,128,120,8,MOR02
543,Amedeus Stockmanslei 39,2022-08-08,15:00:00,129,128,1,MOR02
543,Amedeus Stockmanslei 39,2022-08-08,16:00:00,253,250,3,MOR02
543,Amedeus Stockmanslei 39,2022-08-08,17:00:00,324,322,2,MOR02
543,Amedeus Stockmanslei 39,2022-08-08,18:00:00,189,188,1,MOR02
543,Amedeus Stockmanslei 39,2022-08-08,19:00:00,98,94,4,MOR02
543,Amedeus Stockmanslei 39,2022-08-08,20:00:00,71,68,3,MOR02
543,Amedeus Stockmanslei 39,2022-08-08,21:00:00,50,48,2,MOR02
543,Amedeus Stockmanslei 39,2022-08-08,22:00:00,46,45,1,MOR02
543,Amedeus Stockmanslei 39,2022-08-08,23:00:00,21,18,3,MOR02
543,Amedeus Stockmanslei 39,2022-08-09,00:00:00,24,23,1,MOR02
543,Amedeus Stockmanslei 39,2022-08-09,01:00:00,10,9,1,MOR02
543,Amedeus Stockmanslei 39,2022-08-09,02:00:00,5,5,0,MOR02
543,Amedeus Stockmanslei 39,2022-08-09,03:00:00,5,5,0,MOR02
543,Amedeus Stockmanslei 39,2022-08-09,04:00:00,7,6,1,MOR02
543,Amedeus Stockmanslei 39,2022-08-09,05:00:00,20,18,2,MOR02
543,Amedeus Stockmanslei 39,2022-08-09,06:00:00,58,57,1,MOR02
543,Amedeus Stockmanslei 39,2022-08-09,07:00:00,91,90,1,MOR02
543,Amedeus Stockmanslei 39,2022-08-09,08:00:00,119,117,2,MOR02
543,Amedeus Stockmanslei 39,2022-08-09,09:00:00,65,64,1,MOR02
543,Amedeus Stockmanslei 39,2022-08-09,10:00:00,58,58,0,MOR02
543,Amedeus Stockmanslei 39,2022-08-09,11:00:00,79,73,6,MOR02
543,Amedeus Stockmanslei 39,2022-08-09,12:00:00,95,91,4,MOR02
543,Amedeus Stockmanslei 39,2022-08-09,13:00:00,106,105,1,MOR02
543,Amedeus Stockmanslei 39,2022-08-09,14:00:00,110,104,6,MOR02
543,Amedeus Stockmanslei 39,2022-08-09,15:00:00,147,145,2,MOR02
543,Amedeus Stockmanslei 39,2022-08-09,16:00:00,291,288,3,MOR02
543,Amedeus Stockmanslei 39,2022-08-09,17:00:00,345,340,5,MOR02
543,Amedeus Stockmanslei 39,2022-08-09,18:00:00,232,228,4,MOR02
543,Amedeus Stockmanslei 39,2022-08-09,19:00:00,113,111,2,MOR02
543,Amedeus Stockmanslei 39,2022-08-09,20:00:00,64,60,4,MOR02
543,Amedeus Stockmanslei 39,2022-08-09,21:00:00,65,64,1,MOR02
543,Amedeus Stockmanslei 39,2022-08-09,22:00:00,46,43,3,MOR02
543,Amedeus Stockmanslei 39,2022-08-09,23:00:00,34,32,2,MOR02
543,Amedeus Stockmanslei 39,2022-08-10,00:00:00,21,17,4,MOR02
543,Amedeus Stockmanslei 39,2022-08-10,01:00:00,11,11,0,MOR02
543,Amedeus Stockmanslei 39,2022-08-10,02:00:00,6,5,1,MOR02
543,Amedeus Stockmanslei 39,2022-08-10,03:00:00,2,2,0,MOR02
543,Amedeus Stockmanslei 39,2022-08-10,04:00:00,8,7,1,MOR02
543,Amedeus Stockmanslei 39,2022-08-10,05:00:00,18,18,0,MOR02
543,Amedeus Stockmanslei 39,2022-08-10,06:00:00,32,32,0,MOR02
543,Amedeus Stockmanslei 39,2022-08-10,07:00:00,75,75,0,MOR02
543,Amedeus Stockmanslei 39,2022-08-10,08:00:00,99,99,0,MOR02
543,Amedeus Stockmanslei 39,2022-08-10,09:00:00,100,97,3,MOR02
543,Amedeus Stockmanslei 39,2022-08-10,10:00:00,83,82,1,MOR02
543,Amedeus Stockmanslei 39,2022-08-10,11:00:00,104,99,5,MOR02
543,Amedeus Stockmanslei 39,2022-08-10,12:00:00,101,97,4,MOR02
543,Amedeus Stockmanslei 39,2022-08-10,13:00:00,121,118,3,MOR02
543,Amedeus Stockmanslei 39,2022-08-10,14:00:00,111,104,7,MOR02
543,Amedeus Stockmanslei 39,2022-08-10,15:00:00,123,120,3,MOR02
543,Amedeus Stockmanslei 39,2022-08-10,16:00:00,218,217,1,MOR02
543,Amedeus Stockmanslei 39,2022-08-10,17:00:00,306,299,7,MOR02
543,Amedeus Stockmanslei 39,2022-08-10,18:00:00,168,163,5,MOR02
543,Amedeus Stockmanslei 39,2022-08-10,19:00:00,121,110,11,MOR02
543,Amedeus Stockmanslei 39,2022-08-10,20:00:00,71,69,2,MOR02
543,Amedeus Stockmanslei 39,2022-08-10,21:00:00,60,57,3,MOR02
543,Amedeus Stockmanslei 39,2022-08-10,22:00:00,67,67,0,MOR02
543,Amedeus Stockmanslei 39,2022-08-10,23:00:00,42,40,2,MOR02
543,Amedeus Stockmanslei 39,2022-08-11,00:00:00,28,28,0,MOR02
543,Amedeus Stockmanslei 39,2022-08-11,01:00:00,18,16,2,MOR02
543,Amedeus Stockmanslei 39,2022-08-11,02:00:00,5,4,1,MOR02
543,Amedeus Stockmanslei 39,2022-08-11,03:00:00,5,5,0,MOR02
543,Amedeus Stockmanslei 39,2022-08-11,04:00:00,10,8,2,MOR02
543,Amedeus Stockmanslei 39,2022-08-11,05:00:00,16,15,1,MOR02
543,Amedeus Stockmanslei 39,2022-08-11,06:00:00,39,39,0,MOR02
543,Amedeus Stockmanslei 39,2022-08-11,07:00:00,75,74,1,MOR02
543,Amedeus Stockmanslei 39,2022-08-11,08:00:00,102,102,0,MOR02
543,Amedeus Stockmanslei 39,2022-08-11,09:00:00,98,94,4,MOR02
543,Amedeus Stockmanslei 39,2022-08-11,10:00:00,80,76,4,MOR02
543,Amedeus Stockmanslei 39,2022-08-11,11:00:00,81,72,9,MOR02
543,Amedeus Stockmanslei 39,2022-08-11,12:00:00,90,88,2,MOR02
543,Amedeus Stockmanslei 39,2022-08-11,13:00:00,70,69,1,MOR02
543,Amedeus Stockmanslei 39,2022-08-11,14:00:00,85,82,3,MOR02
543,Amedeus Stockmanslei 39,2022-08-11,15:00:00,134,129,5,MOR02
543,Amedeus Stockmanslei 39,2022-08-11,16:00:00,227,225,2,MOR02
543,Amedeus Stockmanslei 39,2022-08-11,17:00:00,282,278,4,MOR02
543,Amedeus Stockmanslei 39,2022-08-11,18:00:00,203,202,1,MOR02
543,Amedeus Stockmanslei 39,2022-08-11,19:00:00,119,115,4,MOR02
543,Amedeus Stockmanslei 39,2022-08-11,20:00:00,96,90,6,MOR02
543,Amedeus Stockmanslei 39,2022-08-11,21:00:00,60,58,2,MOR02
543,Amedeus Stockmanslei 39,2022-08-11,22:00:00,82,77,5,MOR02
543,Amedeus Stockmanslei 39,2022-08-11,23:00:00,57,49,8,MOR02
543,Amedeus Stockmanslei 39,2022-08-12,00:00:00,31,29,2,MOR02
543,Amedeus Stockmanslei 39,2022-08-12,01:00:00,21,19,2,MOR02
543,Amedeus Stockmanslei 39,2022-08-12,02:00:00,15,15,0,MOR02
543,Amedeus Stockmanslei 39,2022-08-12,03:00:00,12,11,1,MOR02
543,Amedeus Stockmanslei 39,2022-08-12,04:00:00,6,5,1,MOR02
543,Amedeus Stockmanslei 39,2022-08-12,05:00:00,18,17,1,MOR02
543,Amedeus Stockmanslei 39,2022-08-12,06:00:00,29,29,0,MOR02
543,Amedeus Stockmanslei 39,2022-08-12,07:00:00,69,66,3,MOR02
543,Amedeus Stockmanslei 39,2022-08-12,08:00:00,105,104,1,MOR02
543,Amedeus Stockmanslei 39,2022-08-12,09:00:00,73,71,2,MOR02
543,Amedeus Stockmanslei 39,2022-08-12,10:00:00,80,78,2,MOR02
543,Amedeus Stockmanslei 39,2022-08-12,11:00:00,75,73,2,MOR02
543,Amedeus Stockmanslei 39,2022-08-12,12:00:00,80,75,5,MOR02
543,Amedeus Stockmanslei 39,2022-08-12,13:00:00,75,74,1,MOR02
543,Amedeus Stockmanslei 39,2022-08-12,14:00:00,85,83,2,MOR02
543,Amedeus Stockmanslei 39,2022-08-12,15:00:00,104,99,5,MOR02
543,Amedeus Stockmanslei 39,2022-08-12,16:00:00,156,153,3,MOR02
543,Amedeus Stockmanslei 39,2022-08-12,17:00:00,174,170,4,MOR02
543,Amedeus Stockmanslei 39,2022-08-12,18:00:00,136,135,1,MOR02
543,Amedeus Stockmanslei 39,2022-08-12,19:00:00,82,80,2,MOR02
543,Amedeus Stockmanslei 39,2022-08-12,20:00:00,74,71,3,MOR02
543,Amedeus Stockmanslei 39,2022-08-12,21:00:00,68,62,6,MOR02
543,Amedeus Stockmanslei 39,2022-08-12,22:00:00,62,55,7,MOR02
543,Amedeus Stockmanslei 39,2022-08-12,23:00:00,37,33,4,MOR02
543,Amedeus Stockmanslei 39,2022-08-13,00:00:00,40,36,4,MOR02
543,Amedeus Stockmanslei 39,2022-08-13,01:00:00,21,18,3,MOR02
543,Amedeus Stockmanslei 39,2022-08-13,02:00:00,17,13,4,MOR02
543,Amedeus Stockmanslei 39,2022-08-13,03:00:00,6,6,0,MOR02
543,Amedeus Stockmanslei 39,2022-08-13,04:00:00,8,8,0,MOR02
543,Amedeus Stockmanslei 39,2022-08-13,05:00:00,14,12,2,MOR02
543,Amedeus Stockmanslei 39,2022-08-13,06:00:00,25,25,0,MOR02
543,Amedeus Stockmanslei 39,2022-08-13,07:00:00,30,30,0,MOR02
543,Amedeus Stockmanslei 39,2022-08-13,08:00:00,48,48,0,MOR02
543,Amedeus Stockmanslei 39,2022-08-13,09:00:00,72,68,4,MOR02
543,Amedeus Stockmanslei 39,2022-08-13,10:00:00,84,82,2,MOR02
543,Amedeus Stockmanslei 39,2022-08-13,11:00:00,80,77,3,MOR02
543,Amedeus Stockmanslei 39,2022-08-13,12:00:00,101,98,3,MOR02
543,Amedeus Stockmanslei 39,2022-08-13,13:00:00,73,67,6,MOR02
543,Amedeus Stockmanslei 39,2022-08-13,14:00:00,77,75,2,MOR02
543,Amedeus Stockmanslei 39,2022-08-13,15:00:00,82,77,5,MOR02
543,Amedeus Stockmanslei 39,2022-08-13,16:00:00,81,78,3,MOR02
543,Amedeus Stockmanslei 39,2022-08-13,17:00:00,99,96,3,MOR02
543,Amedeus Stockmanslei 39,2022-08-13,18:00:00,83,80,3,MOR02
543,Amedeus Stockmanslei 39,2022-08-13,19:00:00,63,59,4,MOR02
543,Amedeus Stockmanslei 39,2022-08-13,20:00:00,57,54,3,MOR02
543,Amedeus Stockmanslei 39,2022-08-13,21:00:00,45,45,0,MOR02
543,Amedeus Stockmanslei 39,2022-08-13,22:00:00,53,47,6,MOR02
543,Amedeus Stockmanslei 39,2022-08-13,23:00:00,40,38,2,MOR02
543,Amedeus Stockmanslei 39,2022-08-14,00:00:00,37,35,2,MOR02
543,Amedeus Stockmanslei 39,2022-08-14,01:00:00,25,20,5,MOR02
543,Amedeus Stockmanslei 39,2022-08-14,02:00:00,17,15,2,MOR02
543,Amedeus Stockmanslei 39,2022-08-14,03:00:00,13,10,3,MOR02
543,Amedeus Stockmanslei 39,2022-08-14,04:00:00,7,7,0,MOR02
543,Amedeus Stockmanslei 39,2022-08-14,05:00:00,19,17,2,MOR02
543,Amedeus Stockmanslei 39,2022-08-14,06:00:00,11,11,0,MOR02
543,Amedeus Stockmanslei 39,2022-08-14,07:00:00,27,27,0,MOR02
543,Amedeus Stockmanslei 39,2022-08-14,08:00:00,43,40,3,MOR02
543,Amedeus Stockmanslei 39,2022-08-14,09:00:00,82,81,1,MOR02
543,Amedeus Stockmanslei 39,2022-08-14,10:00:00,94,91,3,MOR02
543,Amedeus Stockmanslei 39,2022-08-14,11:00:00,83,81,2,MOR02
543,Amedeus Stockmanslei 39,2022-08-14,12:00:00,90,87,3,MOR02
543,Amedeus Stockmanslei 39,2022-08-14,13:00:00,62,55,7,MOR02
543,Amedeus Stockmanslei 39,2022-08-14,14:00:00,69,66,3,MOR02
543,Amedeus Stockmanslei 39,2022-08-14,15:00:00,79,74,5,MOR02
543,Amedeus Stockmanslei 39,2022-08-14,16:00:00,71,71,0,MOR02
543,Amedeus Stockmanslei 39,2022-08-14,17:00:00,90,88,2,MOR02
543,Amedeus Stockmanslei 39,2022-08-14,18:00:00,51,47,4,MOR02
543,Amedeus Stockmanslei 39,2022-08-14,19:00:00,54,50,4,MOR02
543,Amedeus Stockmanslei 39,2022-08-14,20:00:00,47,44,3,MOR02
543,Amedeus Stockmanslei 39,2022-08-14,21:00:00,58,54,4,MOR02
543,Amedeus Stockmanslei 39,2022-08-14,22:00:00,62,59,3,MOR02
543,Amedeus Stockmanslei 39,2022-08-14,23:00:00,37,35,2,MOR02
543,Amedeus Stockmanslei 39,2022-08-15,00:00:00,23,22,1,MOR02
543,Amedeus Stockmanslei 39,2022-08-15,01:00:00,13,12,1,MOR02
543,Amedeus Stockmanslei 39,2022-08-15,02:00:00,8,8,0,MOR02
543,Amedeus Stockmanslei 39,2022-08-15,03:00:00,11,11,0,MOR02
543,Amedeus Stockmanslei 39,2022-08-15,04:00:00,5,5,0,MOR02
543,Amedeus Stockmanslei 39,2022-08-15,05:00:00,13,13,0,MOR02
543,Amedeus Stockmanslei 39,2022-08-15,06:00:00,14,12,2,MOR02
543,Amedeus Stockmanslei 39,2022-08-15,07:00:00,25,25,0,MOR02
543,Amedeus Stockmanslei 39,2022-08-15,08:00:00,21,19,2,MOR02
543,Amedeus Stockmanslei 39,2022-08-15,09:00:00,83,81,2,MOR02
543,Amedeus Stockmanslei 39,2022-08-15,10:00:00,64,60,4,MOR02
543,Amedeus Stockmanslei 39,2022-08-15,11:00:00,66,65,1,MOR02
543,Amedeus Stockmanslei 39,2022-08-15,12:00:00,90,89,1,MOR02
543,Amedeus Stockmanslei 39,2022-08-15,13:00:00,104,98,6,MOR02
543,Amedeus Stockmanslei 39,2022-08-15,14:00:00,115,113,2,MOR02
543,Amedeus Stockmanslei 39,2022-08-15,15:00:00,108,105,3,MOR02
543,Amedeus Stockmanslei 39,2022-08-15,16:00:00,107,100,7,MOR02
543,Amedeus Stockmanslei 39,2022-08-15,17:00:00,87,84,3,MOR02
543,Amedeus Stockmanslei 39,2022-08-15,18:00:00,63,60,3,MOR02
543,Amedeus Stockmanslei 39,2022-08-15,19:00:00,82,79,3,MOR02
543,Amedeus Stockmanslei 39,2022-08-15,20:00:00,75,67,8,MOR02
543,Amedeus Stockmanslei 39,2022-08-15,21:00:00,68,64,4,MOR02
543,Amedeus Stockmanslei 39,2022-08-15,22:00:00,43,40,3,MOR02
543,Amedeus Stockmanslei 39,2022-08-15,23:00:00,17,16,1,MOR02
543,Amedeus Stockmanslei 39,2022-08-16,00:00:00,12,11,1,MOR02
543,Amedeus Stockmanslei 39,2022-08-16,01:00:00,3,2,1,MOR02
543,Amedeus Stockmanslei 39,2022-08-16,02:00:00,2,1,1,MOR02
543,Amedeus Stockmanslei 39,2022-08-16,03:00:00,2,2,0,MOR02
543,Amedeus Stockmanslei 39,2022-08-16,04:00:00,7,5,2,MOR02
543,Amedeus Stockmanslei 39,2022-08-16,05:00:00,17,17,0,MOR02
543,Amedeus Stockmanslei 39,2022-08-16,06:00:00,34,34,0,MOR02
543,Amedeus Stockmanslei 39,2022-08-16,07:00:00,86,86,0,MOR02
543,Amedeus Stockmanslei 39,2022-08-16,08:00:00,110,108,2,MOR02
543,Amedeus Stockmanslei 39,2022-08-16,09:00:00,73,72,1,MOR02
543,Amedeus Stockmanslei 39,2022-08-16,10:00:00,65,61,4,MOR02
543,Amedeus Stockmanslei 39,2022-08-16,11:00:00,78,75,3,MOR02
543,Amedeus Stockmanslei 39,2022-08-16,12:00:00,90,90,0,MOR02
543,Amedeus Stockmanslei 39,2022-08-16,13:00:00,100,100,0,MOR02
543,Amedeus Stockmanslei 39,2022-08-16,14:00:00,103,100,3,MOR02
543,Amedeus Stockmanslei 39,2022-08-16,15:00:00,128,124,4,MOR02
543,Amedeus Stockmanslei 39,2022-08-16,16:00:00,245,243,2,MOR02
543,Amedeus Stockmanslei 39,2022-08-16,17:00:00,357,354,3,MOR02
543,Amedeus Stockmanslei 39,2022-08-16,18:00:00,224,220,4,MOR02
543,Amedeus Stockmanslei 39,2022-08-16,19:00:00,130,127,3,MOR02
543,Amedeus Stockmanslei 39,2022-08-16,20:00:00,92,88,4,MOR02
543,Amedeus Stockmanslei 39,2022-08-16,21:00:00,70,68,2,MOR02
543,Amedeus Stockmanslei 39,2022-08-16,22:00:00,58,49,9,MOR02
543,Amedeus Stockmanslei 39,2022-08-16,23:00:00,36,28,8,MOR02
543,Amedeus Stockmanslei 39,2022-08-17,00:00:00,17,17,0,MOR02
543,Amedeus Stockmanslei 39,2022-08-17,01:00:00,6,5,1,MOR02
543,Amedeus Stockmanslei 39,2022-08-17,02:00:00,5,4,1,MOR02
543,Amedeus Stockmanslei 39,2022-08-17,03:00:00,4,4,0,MOR02
543,Amedeus Stockmanslei 39,2022-08-17,04:00:00,7,6,1,MOR02
543,Amedeus Stockmanslei 39,2022-08-17,05:00:00,15,15,0,MOR02
543,Amedeus Stockmanslei 39,2022-08-17,06:00:00,32,32,0,MOR02
543,Amedeus Stockmanslei 39,2022-08-17,07:00:00,60,60,0,MOR02
543,Amedeus Stockmanslei 39,2022-08-17,08:00:00,86,84,2,MOR02
543,Amedeus Stockmanslei 39,2022-08-17,09:00:00,73,71,2,MOR02
543,Amedeus Stockmanslei 39,2022-08-17,10:00:00,58,55,3,MOR02
543,Amedeus Stockmanslei 39,2022-08-17,11:00:00,30,30,0,MOR02
543,Amedeus Stockmanslei 39,2022-08-17,12:00:00,42,39,3,MOR02
543,Amedeus Stockmanslei 39,2022-08-17,13:00:00,62,58,4,MOR02
543,Amedeus Stockmanslei 39,2022-08-17,14:00:00,46,42,4,MOR02
543,Amedeus Stockmanslei 39,2022-08-17,15:00:00,90,85,5,MOR02
543,Amedeus Stockmanslei 39,2022-08-17,16:00:00,163,162,1,MOR02
543,Amedeus Stockmanslei 39,2022-08-17,17:00:00,197,195,2,MOR02
543,Amedeus Stockmanslei 39,2022-08-17,18:00:00,130,128,2,MOR02
543,Amedeus Stockmanslei 39,2022-08-17,19:00:00,71,69,2,MOR02
543,Amedeus Stockmanslei 39,2022-08-17,20:00:00,66,62,4,MOR02
543,Amedeus Stockmanslei 39,2022-08-17,21:00:00,52,49,3,MOR02
543,Amedeus Stockmanslei 39,2022-08-17,22:00:00,40,40,0,MOR02
543,Amedeus Stockmanslei 39,2022-08-17,23:00:00,40,34,6,MOR02
543,Amedeus Stockmanslei 39,2022-08-18,00:00:00,21,20,1,MOR02
543,Amedeus Stockmanslei 39,2022-08-18,01:00:00,7,7,0,MOR02
543,Amedeus Stockmanslei 39,2022-08-18,02:00:00,5,2,3,MOR02
543,Amedeus Stockmanslei 39,2022-08-18,03:00:00,7,6,1,MOR02
543,Amedeus Stockmanslei 39,2022-08-18,04:00:00,6,6,0,MOR02
543,Amedeus Stockmanslei 39,2022-08-18,05:00:00,20,19,1,MOR02
543,Amedeus Stockmanslei 39,2022-08-18,06:00:00,28,27,1,MOR02
543,Amedeus Stockmanslei 39,2022-08-18,07:00:00,69,69,0,MOR02
543,Amedeus Stockmanslei 39,2022-08-18,08:00:00,109,107,2,MOR02
543,Amedeus Stockmanslei 39,2022-08-18,09:00:00,62,61,1,MOR02
543,Amedeus Stockmanslei 39,2022-08-18,10:00:00,51,48,3,MOR02
543,Amedeus Stockmanslei 39,2022-08-18,11:00:00,70,68,2,MOR02
543,Amedeus Stockmanslei 39,2022-08-18,12:00:00,91,88,3,MOR02
543,Amedeus Stockmanslei 39,2022-08-18,13:00:00,84,81,3,MOR02
543,Amedeus Stockmanslei 39,2022-08-18,14:00:00,109,106,3,MOR02
543,Amedeus Stockmanslei 39,2022-08-18,15:00:00,146,144,2,MOR02
543,Amedeus Stockmanslei 39,2022-08-18,16:00:00,267,263,4,MOR02
543,Amedeus Stockmanslei 39,2022-08-18,17:00:00,332,329,3,MOR02
543,Amedeus Stockmanslei 39,2022-08-18,18:00:00,211,209,2,MOR02
543,Amedeus Stockmanslei 39,2022-08-18,19:00:00,112,109,3,MOR02
543,Amedeus Stockmanslei 39,2022-08-18,20:00:00,75,72,3,MOR02
543,Amedeus Stockmanslei 39,2022-08-18,21:00:00,60,57,3,MOR02
543,Amedeus Stockmanslei 39,2022-08-18,22:00:00,68,65,3,MOR02
543,Amedeus Stockmanslei 39,2022-08-18,23:00:00,60,56,4,MOR02
543,Amedeus Stockmanslei 39,2022-08-19,00:00:00,36,34,2,MOR02
543,Amedeus Stockmanslei 39,2022-08-19,01:00:00,21,21,0,MOR02
543,Amedeus Stockmanslei 39,2022-08-19,02:00:00,5,3,2,MOR02
543,Amedeus Stockmanslei 39,2022-08-19,03:00:00,5,4,1,MOR02
543,Amedeus Stockmanslei 39,2022-08-19,04:00:00,9,8,1,MOR02
543,Amedeus Stockmanslei 39,2022-08-19,05:00:00,19,19,0,MOR02
543,Amedeus Stockmanslei 39,2022-08-19,06:00:00,29,29,0,MOR02
543,Amedeus Stockmanslei 39,2022-08-19,07:00:00,56,55,1,MOR02
543,Amedeus Stockmanslei 39,2022-08-19,08:00:00,81,80,1,MOR02
543,Amedeus Stockmanslei 39,2022-08-19,09:00:00,62,61,1,MOR02
543,Amedeus Stockmanslei 39,2022-08-19,10:00:00,49,49,0,MOR02
543,Amedeus Stockmanslei 39,2022-08-19,11:00:00,68,61,7,MOR02
543,Amedeus Stockmanslei 39,2022-08-19,12:00:00,87,87,0,MOR02
543,Amedeus Stockmanslei 39,2022-08-19,13:00:00,76,73,3,MOR02
543,Amedeus Stockmanslei 39,2022-08-19,14:00:00,91,88,3,MOR02
543,Amedeus Stockmanslei 39,2022-08-19,15:00:00,127,125,2,MOR02
543,Amedeus Stockmanslei 39,2022-08-19,16:00:00,230,230,0,MOR02
543,Amedeus Stockmanslei 39,2022-08-19,17:00:00,162,159,3,MOR02
543,Amedeus Stockmanslei 39,2022-08-19,18:00:00,120,118,2,MOR02
543,Amedeus Stockmanslei 39,2022-08-19,19:00:00,64,59,5,MOR02
543,Amedeus Stockmanslei 39,2022-08-19,20:00:00,47,44,3,MOR02
543,Amedeus Stockmanslei 39,2022-08-19,21:00:00,40,38,2,MOR02
543,Amedeus Stockmanslei 39,2022-08-19,22:00:00,37,33,4,MOR02
543,Amedeus Stockmanslei 39,2022-08-19,23:00:00,60,56,4,MOR02
543,Amedeus Stockmanslei 39,2022-08-20,00:00:00,31,30,1,MOR02
543,Amedeus Stockmanslei 39,2022-08-20,01:00:00,18,17,1,MOR02
543,Amedeus Stockmanslei 39,2022-08-20,02:00:00,6,5,1,MOR02
543,Amedeus Stockmanslei 39,2022-08-20,03:00:00,9,8,1,MOR02
543,Amedeus Stockmanslei 39,2022-08-20,04:00:00,14,13,1,MOR02
543,Amedeus Stockmanslei 39,2022-08-20,05:00:00,9,8,1,MOR02
543,Amedeus Stockmanslei 39,2022-08-20,06:00:00,18,18,0,MOR02
543,Amedeus Stockmanslei 39,2022-08-20,07:00:00,16,15,1,MOR02
543,Amedeus Stockmanslei 39,2022-08-20,08:00:00,34,33,1,MOR02
543,Amedeus Stockmanslei 39,2022-08-20,09:00:00,70,66,4,MOR02
543,Amedeus Stockmanslei 39,2022-08-20,10:00:00,99,97,2,MOR02
543,Amedeus Stockmanslei 39,2022-08-20,11:00:00,92,87,5,MOR02
543,Amedeus Stockmanslei 39,2022-08-20,12:00:00,94,90,4,MOR02
543,Amedeus Stockmanslei 39,2022-08-20,13:00:00,132,122,10,MOR02
543,Amedeus Stockmanslei 39,2022-08-20,14:00:00,149,145,4,MOR02
543,Amedeus Stockmanslei 39,2022-08-20,15:00:00,124,118,6,MOR02
543,Amedeus Stockmanslei 39,2022-08-20,16:00:00,107,103,4,MOR02
543,Amedeus Stockmanslei 39,2022-08-20,17:00:00,101,96,5,MOR02
543,Amedeus Stockmanslei 39,2022-08-20,18:00:00,106,99,7,MOR02
543,Amedeus Stockmanslei 39,2022-08-20,19:00:00,57,56,1,MOR02
543,Amedeus Stockmanslei 39,2022-08-20,20:00:00,61,58,3,MOR02
543,Amedeus Stockmanslei 39,2022-08-20,21:00:00,61,58,3,MOR02
543,Amedeus Stockmanslei 39,2022-08-20,22:00:00,53,46,7,MOR02
543,Amedeus Stockmanslei 39,2022-08-20,23:00:00,44,40,4,MOR02
543,Amedeus Stockmanslei 39,2022-08-21,00:00:00,29,26,3,MOR02
543,Amedeus Stockmanslei 39,2022-08-21,01:00:00,27,26,1,MOR02
543,Amedeus Stockmanslei 39,2022-08-21,02:00:00,19,19,0,MOR02
543,Amedeus Stockmanslei 39,2022-08-21,03:00:00,19,18,1,MOR02
543,Amedeus Stockmanslei 39,2022-08-21,04:00:00,4,4,0,MOR02
543,Amedeus Stockmanslei 39,2022-08-21,05:00:00,11,9,2,MOR02
543,Amedeus Stockmanslei 39,2022-08-21,06:00:00,9,9,0,MOR02
543,Amedeus Stockmanslei 39,2022-08-21,07:00:00,20,20,0,MOR02
543,Amedeus Stockmanslei 39,2022-08-21,08:00:00,30,29,1,MOR02
543,Amedeus Stockmanslei 39,2022-08-21,09:00:00,57,56,1,MOR02
543,Amedeus Stockmanslei 39,2022-08-21,10:00:00,91,81,10,MOR02
543,Amedeus Stockmanslei 39,2022-08-21,11:00:00,108,107,1,MOR02
543,Amedeus Stockmanslei 39,2022-08-21,12:00:00,111,107,4,MOR02
543,Amedeus Stockmanslei 39,2022-08-21,13:00:00,78,76,2,MOR02
543,Amedeus Stockmanslei 39,2022-08-21,14:00:00,152,149,3,MOR02
543,Amedeus Stockmanslei 39,2022-08-21,15:00:00,151,145,6,MOR02
543,Amedeus Stockmanslei 39,2022-08-21,16:00:00,119,116,3,MOR02
543,Amedeus Stockmanslei 39,2022-08-21,17:00:00,146,144,2,MOR02
543,Amedeus Stockmanslei 39,2022-08-21,18:00:00,97,93,4,MOR02
543,Amedeus Stockmanslei 39,2022-08-21,19:00:00,57,55,2,MOR02
543,Amedeus Stockmanslei 39,2022-08-21,20:00:00,76,69,7,MOR02
543,Amedeus Stockmanslei 39,2022-08-21,21:00:00,45,41,4,MOR02
543,Amedeus Stockmanslei 39,2022-08-21,22:00:00,32,29,3,MOR02
543,Amedeus Stockmanslei 39,2022-08-21,23:00:00,24,24,0,MOR02
543,Amedeus Stockmanslei 39,2022-08-22,00:00:00,9,7,2,MOR02
543,Amedeus Stockmanslei 39,2022-08-22,01:00:00,6,6,0,MOR02
543,Amedeus Stockmanslei 39,2022-08-22,02:00:00,1,1,0,MOR02
543,Amedeus Stockmanslei 39,2022-08-22,03:00:00,4,4,0,MOR02
543,Amedeus Stockmanslei 39,2022-08-22,04:00:00,13,10,3,MOR02
543,Amedeus Stockmanslei 39,2022-08-22,05:00:00,15,15,0,MOR02
543,Amedeus Stockmanslei 39,2022-08-22,06:00:00,41,41,0,MOR02
543,Amedeus Stockmanslei 39,2022-08-22,07:00:00,60,60,0,MOR02
543,Amedeus Stockmanslei 39,2022-08-22,08:00:00,108,106,2,MOR02
543,Amedeus Stockmanslei 39,2022-08-22,09:00:00,67,66,1,MOR02
543,Amedeus Stockmanslei 39,2022-08-22,10:00:00,66,61,5,MOR02
543,Amedeus Stockmanslei 39,2022-08-22,11:00:00,68,62,6,MOR02
543,Amedeus Stockmanslei 39,2022-08-22,12:00:00,98,98,0,MOR02
543,Amedeus Stockmanslei 39,2022-08-22,13:00:00,83,77,6,MOR02
543,Amedeus Stockmanslei 39,2022-08-22,14:00:00,106,104,2,MOR02
543,Amedeus Stockmanslei 39,2022-08-22,15:00:00,158,155,3,MOR02
543,Amedeus Stockmanslei 39,2022-08-22,16:00:00,253,252,1,MOR02
543,Amedeus Stockmanslei 39,2022-08-22,17:00:00,362,360,2,MOR02
543,Amedeus Stockmanslei 39,2022-08-22,18:00:00,229,229,0,MOR02
543,Amedeus Stockmanslei 39,2022-08-22,19:00:00,140,140,0,MOR02
543,Amedeus Stockmanslei 39,2022-08-22,20:00:00,77,74,3,MOR02
543,Amedeus Stockmanslei 39,2022-08-22,21:00:00,54,52,2,MOR02
543,Amedeus Stockmanslei 39,2022-08-22,22:00:00,65,62,3,MOR02
543,Amedeus Stockmanslei 39,2022-08-22,23:00:00,47,43,4,MOR02
543,Amedeus Stockmanslei 39,2022-08-23,00:00:00,15,13,2,MOR02
543,Amedeus Stockmanslei 39,2022-08-23,01:00:00,8,7,1,MOR02
543,Amedeus Stockmanslei 39,2022-08-23,02:00:00,4,3,1,MOR02
543,Amedeus Stockmanslei 39,2022-08-23,03:00:00,4,3,1,MOR02
543,Amedeus Stockmanslei 39,2022-08-23,04:00:00,2,1,1,MOR02
543,Amedeus Stockmanslei 39,2022-08-23,05:00:00,18,18,0,MOR02
543,Amedeus Stockmanslei 39,2022-08-23,06:00:00,45,44,1,MOR02
543,Amedeus Stockmanslei 39,2022-08-23,07:00:00,88,88,0,MOR02
543,Amedeus Stockmanslei 39,2022-08-23,08:00:00,147,147,0,MOR02
543,Amedeus Stockmanslei 39,2022-08-23,09:00:00,78,78,0,MOR02
543,Amedeus Stockmanslei 39,2022-08-23,10:00:00,55,53,2,MOR02
543,Amedeus Stockmanslei 39,2022-08-23,11:00:00,77,76,1,MOR02
543,Amedeus Stockmanslei 39,2022-08-23,12:00:00,100,100,0,MOR02
543,Amedeus Stockmanslei 39,2022-08-23,13:00:00,108,106,2,MOR02
543,Amedeus Stockmanslei 39,2022-08-23,14:00:00,116,114,2,MOR02
543,Amedeus Stockmanslei 39,2022-08-23,15:00:00,145,141,4,MOR02
543,Amedeus Stockmanslei 39,2022-08-23,16:00:00,329,328,1,MOR02
543,Amedeus Stockmanslei 39,2022-08-23,17:00:00,432,428,4,MOR02
543,Amedeus Stockmanslei 39,2022-08-23,18:00:00,265,263,2,MOR02
543,Amedeus Stockmanslei 39,2022-08-23,19:00:00,140,138,2,MOR02
543,Amedeus Stockmanslei 39,2022-08-23,20:00:00,86,80,6,MOR02
543,Amedeus Stockmanslei 39,2022-08-23,21:00:00,78,68,10,MOR02
543,Amedeus Stockmanslei 39,2022-08-23,22:00:00,77,74,3,MOR02
543,Amedeus Stockmanslei 39,2022-08-23,23:00:00,57,56,1,MOR02
543,Amedeus Stockmanslei 39,2022-08-24,00:00:00,28,28,0,MOR02
543,Amedeus Stockmanslei 39,2022-08-24,01:00:00,7,6,1,MOR02
543,Amedeus Stockmanslei 39,2022-08-24,02:00:00,6,5,1,MOR02
543,Amedeus Stockmanslei 39,2022-08-24,03:00:00,6,5,1,MOR02
543,Amedeus Stockmanslei 39,2022-08-24,04:00:00,8,6,2,MOR02
543,Amedeus Stockmanslei 39,2022-08-24,05:00:00,18,18,0,MOR02
543,Amedeus Stockmanslei 39,2022-08-24,06:00:00,47,47,0,MOR02
543,Amedeus Stockmanslei 39,2022-08-24,07:00:00,71,69,2,MOR02
543,Amedeus Stockmanslei 39,2022-08-24,08:00:00,124,122,2,MOR02
543,Amedeus Stockmanslei 39,2022-08-24,09:00:00,101,101,0,MOR02
543,Amedeus Stockmanslei 39,2022-08-24,10:00:00,115,112,3,MOR02
543,Amedeus Stockmanslei 39,2022-08-24,11:00:00,108,105,3,MOR02
543,Amedeus Stockmanslei 39,2022-08-24,12:00:00,105,101,4,MOR02
543,Amedeus Stockmanslei 39,2022-08-24,13:00:00,103,97,6,MOR02
543,Amedeus Stockmanslei 39,2022-08-24,14:00:00,118,117,1,MOR02
543,Amedeus Stockmanslei 39,2022-08-24,15:00:00,174,170,4,MOR02
543,Amedeus Stockmanslei 39,2022-08-24,16:00:00,262,261,1,MOR02
543,Amedeus Stockmanslei 39,2022-08-24,17:00:00,359,357,2,MOR02
543,Amedeus Stockmanslei 39,2022-08-24,18:00:00,235,233,2,MOR02
543,Amedeus Stockmanslei 39,2022-08-24,19:00:00,137,137,0,MOR02
543,Amedeus Stockmanslei 39,2022-08-24,20:00:00,90,83,7,MOR02
543,Amedeus Stockmanslei 39,2022-08-24,21:00:00,54,51,3,MOR02
543,Amedeus Stockmanslei 39,2022-08-24,22:00:00,86,83,3,MOR02
543,Amedeus Stockmanslei 39,2022-08-24,23:00:00,42,39,3,MOR02
543,Amedeus Stockmanslei 39,2022-08-25,00:00:00,20,19,1,MOR02
543,Amedeus Stockmanslei 39,2022-08-25,01:00:00,19,12,7,MOR02
543,Amedeus Stockmanslei 39,2022-08-25,02:00:00,7,5,2,MOR02
543,Amedeus Stockmanslei 39,2022-08-25,03:00:00,5,5,0,MOR02
543,Amedeus Stockmanslei 39,2022-08-25,04:00:00,5,4,1,MOR02
543,Amedeus Stockmanslei 39,2022-08-25,05:00:00,29,29,0,MOR02
543,Amedeus Stockmanslei 39,2022-08-25,06:00:00,45,44,1,MOR02
543,Amedeus Stockmanslei 39,2022-08-25,07:00:00,85,85,0,MOR02
543,Amedeus Stockmanslei 39,2022-08-25,08:00:00,133,130,3,MOR02
543,Amedeus Stockmanslei 39,2022-08-25,09:00:00,79,76,3,MOR02
543,Amedeus Stockmanslei 39,2022-08-25,10:00:00,80,80,0,MOR02
543,Amedeus Stockmanslei 39,2022-08-25,11:00:00,86,84,2,MOR02
543,Amedeus Stockmanslei 39,2022-08-25,12:00:00,113,108,5,MOR02
543,Amedeus Stockmanslei 39,2022-08-25,13:00:00,99,96,3,MOR02
543,Amedeus Stockmanslei 39,2022-08-25,14:00:00,115,109,6,MOR02
543,Amedeus Stockmanslei 39,2022-08-25,15:00:00,160,158,2,MOR02
543,Amedeus Stockmanslei 39,2022-08-25,16:00:00,335,334,1,MOR02
543,Amedeus Stockmanslei 39,2022-08-25,17:00:00,344,340,4,MOR02
543,Amedeus Stockmanslei 39,2022-08-25,18:00:00,265,257,8,MOR02
543,Amedeus Stockmanslei 39,2022-08-25,19:00:00,143,141,2,MOR02
543,Amedeus Stockmanslei 39,2022-08-25,20:00:00,84,79,5,MOR02
543,Amedeus Stockmanslei 39,2022-08-25,21:00:00,95,91,4,MOR02
543,Amedeus Stockmanslei 39,2022-08-25,22:00:00,82,76,6,MOR02
543,Amedeus Stockmanslei 39,2022-08-25,23:00:00,66,61,5,MOR02
543,Amedeus Stockmanslei 39,2022-08-26,00:00:00,27,27,0,MOR02
543,Amedeus Stockmanslei 39,2022-08-26,01:00:00,25,24,1,MOR02
543,Amedeus Stockmanslei 39,2022-08-26,02:00:00,4,4,0,MOR02
543,Amedeus Stockmanslei 39,2022-08-26,03:00:00,8,7,1,MOR02
543,Amedeus Stockmanslei 39,2022-08-26,04:00:00,14,13,1,MOR02
543,Amedeus Stockmanslei 39,2022-08-26,05:00:00,21,21,0,MOR02
543,Amedeus Stockmanslei 39,2022-08-26,06:00:00,37,37,0,MOR02
543,Amedeus Stockmanslei 39,2022-08-26,07:00:00,86,75,11,MOR02
543,Amedeus Stockmanslei 39,2022-08-26,08:00:00,107,105,2,MOR02
543,Amedeus Stockmanslei 39,2022-08-26,09:00:00,72,68,4,MOR02
543,Amedeus Stockmanslei 39,2022-08-26,10:00:00,82,70,12,MOR02
543,Amedeus Stockmanslei 39,2022-08-26,11:00:00,77,74,3,MOR02
543,Amedeus Stockmanslei 39,2022-08-26,12:00:00,106,103,3,MOR02
543,Amedeus Stockmanslei 39,2022-08-26,13:00:00,97,93,4,MOR02
543,Amedeus Stockmanslei 39,2022-08-26,14:00:00,118,115,3,MOR02
543,Amedeus Stockmanslei 39,2022-08-26,15:00:00,152,151,1,MOR02
543,Amedeus Stockmanslei 39,2022-08-26,16:00:00,231,226,5,MOR02
543,Amedeus Stockmanslei 39,2022-08-26,17:00:00,246,243,3,MOR02
543,Amedeus Stockmanslei 39,2022-08-26,18:00:00,153,148,5,MOR02
543,Amedeus Stockmanslei 39,2022-08-26,19:00:00,128,125,3,MOR02
543,Amedeus Stockmanslei 39,2022-08-26,20:00:00,83,77,6,MOR02
543,Amedeus Stockmanslei 39,2022-08-26,21:00:00,61,59,2,MOR02
543,Amedeus Stockmanslei 39,2022-08-26,22:00:00,68,67,1,MOR02
543,Amedeus Stockmanslei 39,2022-08-26,23:00:00,80,75,5,MOR02
543,Amedeus Stockmanslei 39,2022-08-27,00:00:00,45,37,8,MOR02
543,Amedeus Stockmanslei 39,2022-08-27,01:00:00,29,29,0,MOR02
543,Amedeus Stockmanslei 39,2022-08-27,02:00:00,6,6,0,MOR02
543,Amedeus Stockmanslei 39,2022-08-27,03:00:00,13,6,7,MOR02
543,Amedeus Stockmanslei 39,2022-08-27,04:00:00,14,13,1,MOR02
543,Amedeus Stockmanslei 39,2022-08-27,05:00:00,18,16,2,MOR02
543,Amedeus Stockmanslei 39,2022-08-27,06:00:00,17,14,3,MOR02
543,Amedeus Stockmanslei 39,2022-08-27,07:00:00,21,20,1,MOR02
543,Amedeus Stockmanslei 39,2022-08-27,08:00:00,39,39,0,MOR02
543,Amedeus Stockmanslei 39,2022-08-27,09:00:00,73,72,1,MOR02
543,Amedeus Stockmanslei 39,2022-08-27,10:00:00,105,101,4,MOR02
543,Amedeus Stockmanslei 39,2022-08-27,11:00:00,124,118,6,MOR02
543,Amedeus Stockmanslei 39,2022-08-27,12:00:00,101,97,4,MOR02
543,Amedeus Stockmanslei 39,2022-08-27,13:00:00,119,115,4,MOR02
543,Amedeus Stockmanslei 39,2022-08-27,14:00:00,132,125,7,MOR02
543,Amedeus Stockmanslei 39,2022-08-27,15:00:00,100,100,0,MOR02
543,Amedeus Stockmanslei 39,2022-08-27,16:00:00,146,143,3,MOR02
543,Amedeus Stockmanslei 39,2022-08-27,17:00:00,90,90,0,MOR02
543,Amedeus Stockmanslei 39,2022-08-27,18:00:00,96,94,2,MOR02
543,Amedeus Stockmanslei 39,2022-08-27,19:00:00,67,65,2,MOR02
543,Amedeus Stockmanslei 39,2022-08-27,20:00:00,74,72,2,MOR02
543,Amedeus Stockmanslei 39,2022-08-27,21:00:00,64,62,2,MOR02
543,Amedeus Stockmanslei 39,2022-08-27,22:00:00,35,35,0,MOR02
543,Amedeus Stockmanslei 39,2022-08-27,23:00:00,55,54,1,MOR02
543,Amedeus Stockmanslei 39,2022-08-28,00:00:00,47,40,7,MOR02
543,Amedeus Stockmanslei 39,2022-08-28,01:00:00,20,18,2,MOR02
543,Amedeus Stockmanslei 39,2022-08-28,02:00:00,19,15,4,MOR02
543,Amedeus Stockmanslei 39,2022-08-28,03:00:00,25,22,3,MOR02
543,Amedeus Stockmanslei 39,2022-08-28,04:00:00,15,12,3,MOR02
543,Amedeus Stockmanslei 39,2022-08-28,05:00:00,15,15,0,MOR02
543,Amedeus Stockmanslei 39,2022-08-28,06:00:00,6,6,0,MOR02
543,Amedeus Stockmanslei 39,2022-08-28,07:00:00,18,15,3,MOR02
543,Amedeus Stockmanslei 39,2022-08-28,08:00:00,38,38,0,MOR02
543,Amedeus Stockmanslei 39,2022-08-28,09:00:00,81,79,2,MOR02
543,Amedeus Stockmanslei 39,2022-08-28,10:00:00,72,68,4,MOR02
543,Amedeus Stockmanslei 39,2022-08-28,11:00:00,101,97,4,MOR02
543,Amedeus Stockmanslei 39,2022-08-28,12:00:00,101,94,7,MOR02
543,Amedeus Stockmanslei 39,2022-08-28,13:00:00,123,121,2,MOR02
543,Amedeus Stockmanslei 39,2022-08-28,14:00:00,164,155,9,MOR02
543,Amedeus Stockmanslei 39,2022-08-28,15:00:00,189,178,11,MOR02
543,Amedeus Stockmanslei 39,2022-08-28,16:00:00,148,143,5,MOR02
543,Amedeus Stockmanslei 39,2022-08-28,17:00:00,126,126,0,MOR02
543,Amedeus Stockmanslei 39,2022-08-28,18:00:00,109,106,3,MOR02
543,Amedeus Stockmanslei 39,2022-08-28,19:00:00,70,64,6,MOR02
543,Amedeus Stockmanslei 39,2022-08-28,20:00:00,61,59,2,MOR02
543,Amedeus Stockmanslei 39,2022-08-28,21:00:00,50,45,5,MOR02
543,Amedeus Stockmanslei 39,2022-08-28,22:00:00,39,34,5,MOR02
543,Amedeus Stockmanslei 39,2022-08-28,23:00:00,26,22,4,MOR02
543,Amedeus Stockmanslei 39,2022-08-29,00:00:00,16,14,2,MOR02
543,Amedeus Stockmanslei 39,2022-08-29,01:00:00,3,3,0,MOR02
543,Amedeus Stockmanslei 39,2022-08-29,02:00:00,4,2,2,MOR02
543,Amedeus Stockmanslei 39,2022-08-29,03:00:00,5,5,0,MOR02
543,Amedeus Stockmanslei 39,2022-08-29,04:00:00,10,9,1,MOR02
543,Amedeus Stockmanslei 39,2022-08-29,05:00:00,23,23,0,MOR02
543,Amedeus Stockmanslei 39,2022-08-29,06:00:00,49,47,2,MOR02
543,Amedeus Stockmanslei 39,2022-08-29,07:00:00,91,91,0,MOR02
543,Amedeus Stockmanslei 39,2022-08-29,08:00:00,118,115,3,MOR02
543,Amedeus Stockmanslei 39,2022-08-29,09:00:00,74,73,1,MOR02
543,Amedeus Stockmanslei 39,2022-08-29,10:00:00,68,65,3,MOR02
543,Amedeus Stockmanslei 39,2022-08-29,11:00:00,64,61,3,MOR02
543,Amedeus Stockmanslei 39,2022-08-29,12:00:00,100,97,3,MOR02
543,Amedeus Stockmanslei 39,2022-08-29,13:00:00,100,97,3,MOR02
543,Amedeus Stockmanslei 39,2022-08-29,14:00:00,125,123,2,MOR02
543,Amedeus Stockmanslei 39,2022-08-29,15:00:00,184,180,4,MOR02
543,Amedeus Stockmanslei 39,2022-08-29,16:00:00,337,336,1,MOR02
543,Amedeus Stockmanslei 39,2022-08-29,17:00:00,405,401,4,MOR02
543,Amedeus Stockmanslei 39,2022-08-29,18:00:00,252,249,3,MOR02
543,Amedeus Stockmanslei 39,2022-08-29,19:00:00,141,136,5,MOR02
543,Amedeus Stockmanslei 39,2022-08-29,20:00:00,92,89,3,MOR02
543,Amedeus Stockmanslei 39,2022-08-29,21:00:00,70,65,5,MOR02
543,Amedeus Stockmanslei 39,2022-08-29,22:00:00,43,43,0,MOR02
543,Amedeus Stockmanslei 39,2022-08-29,23:00:00,38,37,1,MOR02
543,Amedeus Stockmanslei 39,2022-08-30,00:00:00,19,16,3,MOR02
543,Amedeus Stockmanslei 39,2022-08-30,01:00:00,5,4,1,MOR02
543,Amedeus Stockmanslei 39,2022-08-30,02:00:00,3,2,1,MOR02
543,Amedeus Stockmanslei 39,2022-08-30,03:00:00,6,6,0,MOR02
543,Amedeus Stockmanslei 39,2022-08-30,04:00:00,13,12,1,MOR02
543,Amedeus Stockmanslei 39,2022-08-30,05:00:00,22,22,0,MOR02
543,Amedeus Stockmanslei 39,2022-08-30,06:00:00,44,44,0,MOR02
543,Amedeus Stockmanslei 39,2022-08-30,07:00:00,111,111,0,MOR02
543,Amedeus Stockmanslei 39,2022-08-30,08:00:00,135,135,0,MOR02
543,Amedeus Stockmanslei 39,2022-08-30,09:00:00,82,82,0,MOR02
543,Amedeus Stockmanslei 39,2022-08-30,10:00:00,68,65,3,MOR02
543,Amedeus Stockmanslei 39,2022-08-30,11:00:00,83,83,0,MOR02
543,Amedeus Stockmanslei 39,2022-08-30,12:00:00,103,99,4,MOR02
543,Amedeus Stockmanslei 39,2022-08-30,13:00:00,97,94,3,MOR02
543,Amedeus Stockmanslei 39,2022-08-30,14:00:00,157,157,0,MOR02
543,Amedeus Stockmanslei 39,2022-08-30,15:00:00,155,147,8,MOR02
543,Amedeus Stockmanslei 39,2022-08-30,16:00:00,352,347,5,MOR02
543,Amedeus Stockmanslei 39,2022-08-30,17:00:00,424,421,3,MOR02
543,Amedeus Stockmanslei 39,2022-08-30,18:00:00,286,281,5,MOR02
543,Amedeus Stockmanslei 39,2022-08-30,19:00:00,162,161,1,MOR02
543,Amedeus Stockmanslei 39,2022-08-30,20:00:00,91,86,5,MOR02
543,Amedeus Stockmanslei 39,2022-08-30,21:00:00,71,64,7,MOR02
543,Amedeus Stockmanslei 39,2022-08-30,22:00:00,55,50,5,MOR02
543,Amedeus Stockmanslei 39,2022-08-30,23:00:00,62,62,0,MOR02
543,Amedeus Stockmanslei 39,2022-08-31,00:00:00,20,17,3,MOR02
543,Amedeus Stockmanslei 39,2022-08-31,01:00:00,17,17,0,MOR02
543,Amedeus Stockmanslei 39,2022-08-31,02:00:00,9,7,2,MOR02
543,Amedeus Stockmanslei 39,2022-08-31,03:00:00,11,10,1,MOR02
543,Amedeus Stockmanslei 39,2022-08-31,04:00:00,11,10,1,MOR02
543,Amedeus Stockmanslei 39,2022-08-31,05:00:00,24,24,0,MOR02
543,Amedeus Stockmanslei 39,2022-08-31,06:00:00,41,41,0,MOR02
543,Amedeus Stockmanslei 39,2022-08-31,07:00:00,92,91,1,MOR02
543,Amedeus Stockmanslei 39,2022-08-31,08:00:00,120,117,3,MOR02
543,Amedeus Stockmanslei 39,2022-08-31,09:00:00,99,94,5,MOR02
543,Amedeus Stockmanslei 39,2022-08-31,10:00:00,119,117,2,MOR02
543,Amedeus Stockmanslei 39,2022-08-31,11:00:00,126,125,1,MOR02
543,Amedeus Stockmanslei 39,2022-08-31,12:00:00,130,126,4,MOR02
543,Amedeus Stockmanslei 39,2022-08-31,13:00:00,121,115,6,MOR02
543,Amedeus Stockmanslei 39,2022-08-31,14:00:00,157,155,2,MOR02
543,Amedeus Stockmanslei 39,2022-08-31,15:00:00,169,162,7,MOR02
543,Amedeus Stockmanslei 39,2022-08-31,16:00:00,278,275,3,MOR02
543,Amedeus Stockmanslei 39,2022-08-31,17:00:00,391,390,1,MOR02
543,Amedeus Stockmanslei 39,2022-08-31,18:00:00,235,232,3,MOR02
543,Amedeus Stockmanslei 39,2022-08-31,19:00:00,134,134,0,MOR02
543,Amedeus Stockmanslei 39,2022-08-31,20:00:00,89,86,3,MOR02
543,Amedeus Stockmanslei 39,2022-08-31,21:00:00,65,62,3,MOR02
543,Amedeus Stockmanslei 39,2022-08-31,22:00:00,75,74,1,MOR02
543,Amedeus Stockmanslei 39,2022-08-31,23:00:00,64,62,2,MOR02
543,Amedeus Stockmanslei 39,2022-09-01,00:00:00,25,25,0,MOR02
543,Amedeus Stockmanslei 39,2022-09-01,01:00:00,7,7,0,MOR02
543,Amedeus Stockmanslei 39,2022-09-01,02:00:00,11,10,1,MOR02
543,Amedeus Stockmanslei 39,2022-09-01,03:00:00,6,6,0,MOR02
543,Amedeus Stockmanslei 39,2022-09-01,04:00:00,7,6,1,MOR02
543,Amedeus Stockmanslei 39,2022-09-01,05:00:00,20,20,0,MOR02
543,Amedeus Stockmanslei 39,2022-09-01,06:00:00,41,41,0,MOR02
543,Amedeus Stockmanslei 39,2022-09-01,07:00:00,99,99,0,MOR02
543,Amedeus Stockmanslei 39,2022-09-01,08:00:00,185,182,3,MOR02
543,Amedeus Stockmanslei 39,2022-09-01,09:00:00,122,121,1,MOR02
543,Amedeus Stockmanslei 39,2022-09-01,10:00:00,111,104,7,MOR02
543,Amedeus Stockmanslei 39,2022-09-01,11:00:00,80,77,3,MOR02
543,Amedeus Stockmanslei 39,2022-09-01,12:00:00,96,95,1,MOR02
543,Amedeus Stockmanslei 39,2022-09-01,13:00:00,144,140,4,MOR02
543,Amedeus Stockmanslei 39,2022-09-01,14:00:00,148,145,3,MOR02
543,Amedeus Stockmanslei 39,2022-09-01,15:00:00,244,240,4,MOR02
543,Amedeus Stockmanslei 39,2022-09-01,16:00:00,372,372,0,MOR02
543,Amedeus Stockmanslei 39,2022-09-01,17:00:00,427,427,0,MOR02
543,Amedeus Stockmanslei 39,2022-09-01,18:00:00,271,268,3,MOR02
543,Amedeus Stockmanslei 39,2022-09-01,19:00:00,150,148,2,MOR02
543,Amedeus Stockmanslei 39,2022-09-01,20:00:00,89,82,7,MOR02
543,Amedeus Stockmanslei 39,2022-09-01,21:00:00,57,55,2,MOR02
543,Amedeus Stockmanslei 39,2022-09-01,22:00:00,70,70,0,MOR02
543,Amedeus Stockmanslei 39,2022-09-01,23:00:00,60,56,4,MOR02
543,Amedeus Stockmanslei 39,2022-09-02,00:00:00,15,13,2,MOR02
543,Amedeus Stockmanslei 39,2022-09-02,01:00:00,14,13,1,MOR02
543,Amedeus Stockmanslei 39,2022-09-02,02:00:00,6,5,1,MOR02
543,Amedeus Stockmanslei 39,2022-09-02,03:00:00,5,5,0,MOR02
543,Amedeus Stockmanslei 39,2022-09-02,04:00:00,7,6,1,MOR02
543,Amedeus Stockmanslei 39,2022-09-02,05:00:00,20,20,0,MOR02
543,Amedeus Stockmanslei 39,2022-09-02,06:00:00,44,43,1,MOR02
543,Amedeus Stockmanslei 39,2022-09-02,07:00:00,132,132,0,MOR02
543,Amedeus Stockmanslei 39,2022-09-02,08:00:00,184,183,1,MOR02
543,Amedeus Stockmanslei 39,2022-09-02,09:00:00,88,82,6,MOR02
543,Amedeus Stockmanslei 39,2022-09-02,10:00:00,62,61,1,MOR02
543,Amedeus Stockmanslei 39,2022-09-02,11:00:00,80,77,3,MOR02
543,Amedeus Stockmanslei 39,2022-09-02,12:00:00,114,110,4,MOR02
543,Amedeus Stockmanslei 39,2022-09-02,13:00:00,140,135,5,MOR02
543,Amedeus Stockmanslei 39,2022-09-02,14:00:00,149,146,3,MOR02
543,Amedeus Stockmanslei 39,2022-09-02,15:00:00,212,211,1,MOR02
543,Amedeus Stockmanslei 39,2022-09-02,16:00:00,354,353,1,MOR02
543,Amedeus Stockmanslei 39,2022-09-02,17:00:00,336,335,1,MOR02
543,Amedeus Stockmanslei 39,2022-09-02,18:00:00,219,216,3,MOR02
543,Amedeus Stockmanslei 39,2022-09-02,19:00:00,132,129,3,MOR02
543,Amedeus Stockmanslei 39,2022-09-02,20:00:00,97,94,3,MOR02
543,Amedeus Stockmanslei 39,2022-09-02,21:00:00,68,66,2,MOR02
543,Amedeus Stockmanslei 39,2022-09-02,22:00:00,59,52,7,MOR02
543,Amedeus Stockmanslei 39,2022-09-02,23:00:00,90,87,3,MOR02
543,Amedeus Stockmanslei 39,2022-09-03,00:00:00,52,52,0,MOR02
543,Amedeus Stockmanslei 39,2022-09-03,01:00:00,41,41,0,MOR02
543,Amedeus Stockmanslei 39,2022-09-03,02:00:00,20,17,3,MOR02
543,Amedeus Stockmanslei 39,2022-09-03,03:00:00,10,9,1,MOR02
543,Amedeus Stockmanslei 39,2022-09-03,04:00:00,4,3,1,MOR02
543,Amedeus Stockmanslei 39,2022-09-03,05:00:00,9,8,1,MOR02
543,Amedeus Stockmanslei 39,2022-09-03,06:00:00,15,15,0,MOR02
543,Amedeus Stockmanslei 39,2022-09-03,07:00:00,21,21,0,MOR02
543,Amedeus Stockmanslei 39,2022-09-03,08:00:00,37,36,1,MOR02
543,Amedeus Stockmanslei 39,2022-09-03,09:00:00,68,67,1,MOR02
543,Amedeus Stockmanslei 39,2022-09-03,10:00:00,101,100,1,MOR02
543,Amedeus Stockmanslei 39,2022-09-03,11:00:00,109,103,6,MOR02
543,Amedeus Stockmanslei 39,2022-09-03,12:00:00,120,116,4,MOR02
543,Amedeus Stockmanslei 39,2022-09-03,13:00:00,114,111,3,MOR02
543,Amedeus Stockmanslei 39,2022-09-03,14:00:00,134,130,4,MOR02
543,Amedeus Stockmanslei 39,2022-09-03,15:00:00,136,132,4,MOR02
543,Amedeus Stockmanslei 39,2022-09-03,16:00:00,129,125,4,MOR02
543,Amedeus Stockmanslei 39,2022-09-03,17:00:00,113,108,5,MOR02
543,Amedeus Stockmanslei 39,2022-09-03,18:00:00,80,80,0,MOR02
543,Amedeus Stockmanslei 39,2022-09-03,19:00:00,60,59,1,MOR02
543,Amedeus Stockmanslei 39,2022-09-03,20:00:00,53,52,1,MOR02
543,Amedeus Stockmanslei 39,2022-09-03,21:00:00,41,39,2,MOR02
543,Amedeus Stockmanslei 39,2022-09-03,22:00:00,50,46,4,MOR02
543,Amedeus Stockmanslei 39,2022-09-03,23:00:00,53,51,2,MOR02
543,Amedeus Stockmanslei 39,2022-09-04,00:00:00,54,48,6,MOR02
543,Amedeus Stockmanslei 39,2022-09-04,01:00:00,21,21,0,MOR02
543,Amedeus Stockmanslei 39,2022-09-04,02:00:00,16,13,3,MOR02
543,Amedeus Stockmanslei 39,2022-09-04,03:00:00,15,12,3,MOR02
543,Amedeus Stockmanslei 39,2022-09-04,04:00:00,7,6,1,MOR02
543,Amedeus Stockmanslei 39,2022-09-04,05:00:00,10,10,0,MOR02
543,Amedeus Stockmanslei 39,2022-09-04,06:00:00,8,8,0,MOR02
543,Amedeus Stockmanslei 39,2022-09-04,07:00:00,20,19,1,MOR02
543,Amedeus Stockmanslei 39,2022-09-04,08:00:00,41,41,0,MOR02
543,Amedeus Stockmanslei 39,2022-09-04,09:00:00,97,96,1,MOR02
543,Amedeus Stockmanslei 39,2022-09-04,10:00:00,112,102,10,MOR02
543,Amedeus Stockmanslei 39,2022-09-04,11:00:00,136,133,3,MOR02
543,Amedeus Stockmanslei 39,2022-09-04,12:00:00,156,155,1,MOR02
543,Amedeus Stockmanslei 39,2022-09-04,13:00:00,166,164,2,MOR02
543,Amedeus Stockmanslei 39,2022-09-04,14:00:00,199,194,5,MOR02
543,Amedeus Stockmanslei 39,2022-09-04,15:00:00,174,164,10,MOR02
543,Amedeus Stockmanslei 39,2022-09-04,16:00:00,123,119,4,MOR02
543,Amedeus Stockmanslei 39,2022-09-04,17:00:00,137,125,12,MOR02
543,Amedeus Stockmanslei 39,2022-09-04,18:00:00,125,123,2,MOR02
543,Amedeus Stockmanslei 39,2022-09-04,19:00:00,92,87,5,MOR02
543,Amedeus Stockmanslei 39,2022-09-04,20:00:00,68,67,1,MOR02
543,Amedeus Stockmanslei 39,2022-09-04,21:00:00,54,53,1,MOR02
543,Amedeus Stockmanslei 39,2022-09-04,22:00:00,42,39,3,MOR02
543,Amedeus Stockmanslei 39,2022-09-04,23:00:00,20,19,1,MOR02
543,Amedeus Stockmanslei 39,2022-09-05,00:00:00,8,7,1,MOR02
543,Amedeus Stockmanslei 39,2022-09-05,01:00:00,11,10,1,MOR02
543,Amedeus Stockmanslei 39,2022-09-05,02:00:00,3,2,1,MOR02
543,Amedeus Stockmanslei 39,2022-09-05,03:00:00,7,5,2,MOR02
543,Amedeus Stockmanslei 39,2022-09-05,04:00:00,9,7,2,MOR02
543,Amedeus Stockmanslei 39,2022-09-05,05:00:00,29,29,0,MOR02
543,Amedeus Stockmanslei 39,2022-09-05,06:00:00,39,39,0,MOR02
543,Amedeus Stockmanslei 39,2022-09-05,07:00:00,148,148,0,MOR02
543,Amedeus Stockmanslei 39,2022-09-05,08:00:00,184,184,0,MOR02
543,Amedeus Stockmanslei 39,2022-09-05,09:00:00,60,56,4,MOR02
543,Amedeus Stockmanslei 39,2022-09-05,10:00:00,74,70,4,MOR02
543,Amedeus Stockmanslei 39,2022-09-05,11:00:00,70,66,4,MOR02
543,Amedeus Stockmanslei 39,2022-09-05,12:00:00,91,86,5,MOR02
543,Amedeus Stockmanslei 39,2022-09-05,13:00:00,96,93,3,MOR02
543,Amedeus Stockmanslei 39,2022-09-05,14:00:00,117,114,3,MOR02
543,Amedeus Stockmanslei 39,2022-09-05,15:00:00,227,223,4,MOR02
543,Amedeus Stockmanslei 39,2022-09-05,16:00:00,382,381,1,MOR02
543,Amedeus Stockmanslei 39,2022-09-05,17:00:00,444,440,4,MOR02
543,Amedeus Stockmanslei 39,2022-09-05,18:00:00,212,211,1,MOR02
543,Amedeus Stockmanslei 39,2022-09-05,19:00:00,110,106,4,MOR02
543,Amedeus Stockmanslei 39,2022-09-05,20:00:00,74,73,1,MOR02
543,Amedeus Stockmanslei 39,2022-09-05,21:00:00,42,41,1,MOR02
543,Amedeus Stockmanslei 39,2022-09-05,22:00:00,49,48,1,MOR02
543,Amedeus Stockmanslei 39,2022-09-05,23:00:00,40,36,4,MOR02
543,Amedeus Stockmanslei 39,2022-09-06,00:00:00,2,2,0,MOR02
543,Amedeus Stockmanslei 39,2022-09-06,01:00:00,1,1,0,MOR02
543,Amedeus Stockmanslei 39,2022-09-06,02:00:00,6,5,1,MOR02
543,Amedeus Stockmanslei 39,2022-09-06,03:00:00,2,2,0,MOR02
543,Amedeus Stockmanslei 39,2022-09-06,04:00:00,8,7,1,MOR02
543,Amedeus Stockmanslei 39,2022-09-06,05:00:00,18,17,1,MOR02
543,Amedeus Stockmanslei 39,2022-09-06,06:00:00,47,46,1,MOR02
543,Amedeus Stockmanslei 39,2022-09-06,07:00:00,151,150,1,MOR02
543,Amedeus Stockmanslei 39,2022-09-06,08:00:00,196,196,0,MOR02
543,Amedeus Stockmanslei 39,2022-09-06,09:00:00,79,78,1,MOR02
543,Amedeus Stockmanslei 39,2022-09-06,10:00:00,61,61,0,MOR02
543,Amedeus Stockmanslei 39,2022-09-06,11:00:00,74,74,0,MOR02
543,Amedeus Stockmanslei 39,2022-09-06,12:00:00,114,106,8,MOR02
543,Amedeus Stockmanslei 39,2022-09-06,13:00:00,126,123,3,MOR02
543,Amedeus Stockmanslei 39,2022-09-06,14:00:00,103,100,3,MOR02
543,Amedeus Stockmanslei 39,2022-09-06,15:00:00,208,205,3,MOR02
543,Amedeus Stockmanslei 39,2022-09-06,16:00:00,448,445,3,MOR02
543,Amedeus Stockmanslei 39,2022-09-06,17:00:00,506,506,0,MOR02
543,Amedeus Stockmanslei 39,2022-09-06,18:00:00,257,254,3,MOR02
543,Amedeus Stockmanslei 39,2022-09-06,19:00:00,119,118,1,MOR02
543,Amedeus Stockmanslei 39,2022-09-06,20:00:00,94,90,4,MOR02
543,Amedeus Stockmanslei 39,2022-09-06,21:00:00,67,62,5,MOR02
543,Amedeus Stockmanslei 39,2022-09-06,22:00:00,50,50,0,MOR02
543,Amedeus Stockmanslei 39,2022-09-06,23:00:00,48,44,4,MOR02
543,Amedeus Stockmanslei 39,2022-09-07,00:00:00,9,9,0,MOR02
543,Amedeus Stockmanslei 39,2022-09-07,01:00:00,2,2,0,MOR02
543,Amedeus Stockmanslei 39,2022-09-07,02:00:00,1,1,0,MOR02
543,Amedeus Stockmanslei 39,2022-09-07,03:00:00,5,4,1,MOR02
543,Amedeus Stockmanslei 39,2022-09-07,04:00:00,7,6,1,MOR02
543,Amedeus Stockmanslei 39,2022-09-07,05:00:00,20,20,0,MOR02
543,Amedeus Stockmanslei 39,2022-09-07,06:00:00,42,42,0,MOR02
543,Amedeus Stockmanslei 39,2022-09-07,07:00:00,137,135,2,MOR02
543,Amedeus Stockmanslei 39,2022-09-07,08:00:00,200,200,0,MOR02
543,Amedeus Stockmanslei 39,2022-09-07,09:00:00,83,81,2,MOR02
543,Amedeus Stockmanslei 39,2022-09-07,10:00:00,91,86,5,MOR02
543,Amedeus Stockmanslei 39,2022-09-07,11:00:00,106,103,3,MOR02
543,Amedeus Stockmanslei 39,2022-09-07,12:00:00,222,216,6,MOR02
543,Amedeus Stockmanslei 39,2022-09-07,13:00:00,163,158,5,MOR02
543,Amedeus Stockmanslei 39,2022-09-07,14:00:00,153,150,3,MOR02
543,Amedeus Stockmanslei 39,2022-09-07,15:00:00,178,173,5,MOR02
543,Amedeus Stockmanslei 39,2022-09-07,16:00:00,255,254,1,MOR02
543,Amedeus Stockmanslei 39,2022-09-07,17:00:00,379,375,4,MOR02
543,Amedeus Stockmanslei 39,2022-09-07,18:00:00,215,211,4,MOR02
543,Amedeus Stockmanslei 39,2022-09-07,19:00:00,118,114,4,MOR02
543,Amedeus Stockmanslei 39,2022-09-07,20:00:00,78,75,3,MOR02
543,Amedeus Stockmanslei 39,2022-09-07,21:00:00,61,56,5,MOR02
543,Amedeus Stockmanslei 39,2022-09-07,22:00:00,56,55,1,MOR02
543,Amedeus Stockmanslei 39,2022-09-07,23:00:00,36,36,0,MOR02
543,Amedeus Stockmanslei 39,2022-09-08,00:00:00,22,18,4,MOR02
543,Amedeus Stockmanslei 39,2022-09-08,01:00:00,9,9,0,MOR02
543,Amedeus Stockmanslei 39,2022-09-08,02:00:00,7,5,2,MOR02
543,Amedeus Stockmanslei 39,2022-09-08,03:00:00,3,3,0,MOR02
543,Amedeus Stockmanslei 39,2022-09-08,04:00:00,13,12,1,MOR02
543,Amedeus Stockmanslei 39,2022-09-08,05:00:00,12,11,1,MOR02
543,Amedeus Stockmanslei 39,2022-09-08,06:00:00,41,39,2,MOR02
543,Amedeus Stockmanslei 39,2022-09-08,07:00:00,123,121,2,MOR02
543,Amedeus Stockmanslei 39,2022-09-08,08:00:00,181,181,0,MOR02
543,Amedeus Stockmanslei 39,2022-09-08,09:00:00,72,71,1,MOR02
543,Amedeus Stockmanslei 39,2022-09-08,10:00:00,66,61,5,MOR02
543,Amedeus Stockmanslei 39,2022-09-08,11:00:00,55,55,0,MOR02
543,Amedeus Stockmanslei 39,2022-09-08,12:00:00,106,103,3,MOR02
543,Amedeus Stockmanslei 39,2022-09-08,13:00:00,84,83,1,MOR02
543,Amedeus Stockmanslei 39,2022-09-08,14:00:00,77,74,3,MOR02
543,Amedeus Stockmanslei 39,2022-09-08,15:00:00,165,160,5,MOR02
543,Amedeus Stockmanslei 39,2022-09-08,16:00:00,309,308,1,MOR02
543,Amedeus Stockmanslei 39,2022-09-08,17:00:00,395,394,1,MOR02
543,Amedeus Stockmanslei 39,2022-09-08,18:00:00,189,187,2,MOR02
543,Amedeus Stockmanslei 39,2022-09-08,19:00:00,101,99,2,MOR02
543,Amedeus Stockmanslei 39,2022-09-08,20:00:00,55,51,4,MOR02
543,Amedeus Stockmanslei 39,2022-09-08,21:00:00,54,52,2,MOR02
543,Amedeus Stockmanslei 39,2022-09-08,22:00:00,55,51,4,MOR02
543,Amedeus Stockmanslei 39,2022-09-08,23:00:00,26,24,2,MOR02
543,Amedeus Stockmanslei 39,2022-09-09,00:00:00,17,17,0,MOR02
543,Amedeus Stockmanslei 39,2022-09-09,01:00:00,13,12,1,MOR02
543,Amedeus Stockmanslei 39,2022-09-09,02:00:00,6,4,2,MOR02
543,Amedeus Stockmanslei 39,2022-09-09,03:00:00,1,1,0,MOR02
543,Amedeus Stockmanslei 39,2022-09-09,04:00:00,6,5,1,MOR02
543,Amedeus Stockmanslei 39,2022-09-09,05:00:00,24,24,0,MOR02
543,Amedeus Stockmanslei 39,2022-09-09,06:00:00,27,26,1,MOR02
543,Amedeus Stockmanslei 39,2022-09-09,07:00:00,97,94,3,MOR02
543,Amedeus Stockmanslei 39,2022-09-09,08:00:00,158,156,2,MOR02
543,Amedeus Stockmanslei 39,2022-09-09,09:00:00,49,48,1,MOR02
543,Amedeus Stockmanslei 39,2022-09-09,10:00:00,47,44,3,MOR02
543,Amedeus Stockmanslei 39,2022-09-09,11:00:00,53,50,3,MOR02
543,Amedeus Stockmanslei 39,2022-09-09,12:00:00,77,74,3,MOR02
543,Amedeus Stockmanslei 39,2022-09-09,13:00:00,88,86,2,MOR02
543,Amedeus Stockmanslei 39,2022-09-09,14:00:00,82,80,2,MOR02
543,Amedeus Stockmanslei 39,2022-09-09,15:00:00,140,138,2,MOR02
543,Amedeus Stockmanslei 39,2022-09-09,16:00:00,259,259,0,MOR02
543,Amedeus Stockmanslei 39,2022-09-09,17:00:00,223,220,3,MOR02
543,Amedeus Stockmanslei 39,2022-09-09,18:00:00,111,109,2,MOR02
543,Amedeus Stockmanslei 39,2022-09-09,19:00:00,84,83,1,MOR02
543,Amedeus Stockmanslei 39,2022-09-09,20:00:00,62,57,5,MOR02
543,Amedeus Stockmanslei 39,2022-09-09,21:00:00,64,62,2,MOR02
543,Amedeus Stockmanslei 39,2022-09-09,22:00:00,55,52,3,MOR02
543,Amedeus Stockmanslei 39,2022-09-09,23:00:00,34,34,0,MOR02
543,Amedeus Stockmanslei 39,2022-09-10,00:00:00,39,34,5,MOR02
543,Amedeus Stockmanslei 39,2022-09-10,01:00:00,23,20,3,MOR02
543,Amedeus Stockmanslei 39,2022-09-10,02:00:00,22,20,2,MOR02
543,Amedeus Stockmanslei 39,2022-09-10,03:00:00,24,7,17,MOR02
543,Amedeus Stockmanslei 39,2022-09-10,04:00:00,11,10,1,MOR02
543,Amedeus Stockmanslei 39,2022-09-10,05:00:00,13,11,2,MOR02
543,Amedeus Stockmanslei 39,2022-09-10,06:00:00,12,12,0,MOR02
543,Amedeus Stockmanslei 39,2022-09-10,07:00:00,11,10,1,MOR02
543,Amedeus Stockmanslei 39,2022-09-10,08:00:00,17,16,1,MOR02
543,Amedeus Stockmanslei 39,2022-09-10,09:00:00,22,21,1,MOR02
543,Amedeus Stockmanslei 39,2022-09-10,10:00:00,30,30,0,MOR02
543,Amedeus Stockmanslei 39,2022-09-10,11:00:00,24,23,1,MOR02
543,Amedeus Stockmanslei 39,2022-09-10,12:00:00,42,40,2,MOR02
543,Amedeus Stockmanslei 39,2022-09-10,13:00:00,31,26,5,MOR02
543,Amedeus Stockmanslei 39,2022-09-10,14:00:00,36,34,2,MOR02
543,Amedeus Stockmanslei 39,2022-09-10,15:00:00,46,45,1,MOR02
543,Amedeus Stockmanslei 39,2022-09-10,16:00:00,65,65,0,MOR02
543,Amedeus Stockmanslei 39,2022-09-10,17:00:00,72,70,2,MOR02
543,Amedeus Stockmanslei 39,2022-09-10,18:00:00,64,53,11,MOR02
543,Amedeus Stockmanslei 39,2022-09-10,19:00:00,53,46,7,MOR02
543,Amedeus Stockmanslei 39,2022-09-10,20:00:00,53,51,2,MOR02
543,Amedeus Stockmanslei 39,2022-09-10,21:00:00,42,41,1,MOR02
543,Amedeus Stockmanslei 39,2022-09-10,22:00:00,40,38,2,MOR02
543,Amedeus Stockmanslei 39,2022-09-10,23:00:00,21,19,2,MOR02
543,Amedeus Stockmanslei 39,2022-09-11,00:00:00,25,23,2,MOR02
543,Amedeus Stockmanslei 39,2022-09-11,01:00:00,25,25,0,MOR02
543,Amedeus Stockmanslei 39,2022-09-11,02:00:00,12,11,1,MOR02
543,Amedeus Stockmanslei 39,2022-09-11,03:00:00,13,12,1,MOR02
543,Amedeus Stockmanslei 39,2022-09-11,04:00:00,5,4,1,MOR02
543,Amedeus Stockmanslei 39,2022-09-11,05:00:00,6,6,0,MOR02
543,Amedeus Stockmanslei 39,2022-09-11,06:00:00,6,5,1,MOR02
543,Amedeus Stockmanslei 39,2022-09-11,07:00:00,20,19,1,MOR02
543,Amedeus Stockmanslei 39,2022-09-11,08:00:00,29,26,3,MOR02
543,Amedeus Stockmanslei 39,2022-09-11,09:00:00,61,59,2,MOR02
543,Amedeus Stockmanslei 39,2022-09-11,10:00:00,71,69,2,MOR02
543,Amedeus Stockmanslei 39,2022-09-11,11:00:00,96,96,0,MOR02
543,Amedeus Stockmanslei 39,2022-09-11,12:00:00,146,140,6,MOR02
543,Amedeus Stockmanslei 39,2022-09-11,13:00:00,108,101,7,MOR02
543,Amedeus Stockmanslei 39,2022-09-11,14:00:00,195,189,6,MOR02
543,Amedeus Stockmanslei 39,2022-09-11,15:00:00,164,161,3,MOR02
543,Amedeus Stockmanslei 39,2022-09-11,16:00:00,145,136,9,MOR02
543,Amedeus Stockmanslei 39,2022-09-11,17:00:00,133,128,5,MOR02
543,Amedeus Stockmanslei 39,2022-09-11,18:00:00,102,98,4,MOR02
543,Amedeus Stockmanslei 39,2022-09-11,19:00:00,68,65,3,MOR02
543,Amedeus Stockmanslei 39,2022-09-11,20:00:00,61,56,5,MOR02
543,Amedeus Stockmanslei 39,2022-09-11,21:00:00,55,53,2,MOR02
543,Amedeus Stockmanslei 39,2022-09-11,22:00:00,43,43,0,MOR02
543,Amedeus Stockmanslei 39,2022-09-11,23:00:00,18,18,0,MOR02
543,Amedeus Stockmanslei 39,2022-09-12,00:00:00,9,9,0,MOR02
543,Amedeus Stockmanslei 39,2022-09-12,01:00:00,4,4,0,MOR02
543,Amedeus Stockmanslei 39,2022-09-12,02:00:00,3,3,0,MOR02
543,Amedeus Stockmanslei 39,2022-09-12,03:00:00,4,4,0,MOR02
543,Amedeus Stockmanslei 39,2022-09-12,04:00:00,11,11,0,MOR02
543,Amedeus Stockmanslei 39,2022-09-12,05:00:00,20,20,0,MOR02
543,Amedeus Stockmanslei 39,2022-09-12,06:00:00,50,49,1,MOR02
543,Amedeus Stockmanslei 39,2022-09-12,07:00:00,133,131,2,MOR02
543,Amedeus Stockmanslei 39,2022-09-12,08:00:00,192,189,3,MOR02
543,Amedeus Stockmanslei 39,2022-09-12,09:00:00,54,52,2,MOR02
543,Amedeus Stockmanslei 39,2022-09-12,10:00:00,75,67,8,MOR02
543,Amedeus Stockmanslei 39,2022-09-12,11:00:00,64,61,3,MOR02
543,Amedeus Stockmanslei 39,2022-09-12,12:00:00,116,113,3,MOR02
543,Amedeus Stockmanslei 39,2022-09-12,13:00:00,98,94,4,MOR02
543,Amedeus Stockmanslei 39,2022-09-12,14:00:00,127,124,3,MOR02
543,Amedeus Stockmanslei 39,2022-09-12,15:00:00,209,205,4,MOR02
543,Amedeus Stockmanslei 39,2022-09-12,16:00:00,387,384,3,MOR02
543,Amedeus Stockmanslei 39,2022-09-12,17:00:00,449,445,4,MOR02
543,Amedeus Stockmanslei 39,2022-09-12,18:00:00,256,253,3,MOR02
543,Amedeus Stockmanslei 39,2022-09-12,19:00:00,109,109,0,MOR02
543,Amedeus Stockmanslei 39,2022-09-12,20:00:00,80,79,1,MOR02
543,Amedeus Stockmanslei 39,2022-09-12,21:00:00,60,59,1,MOR02
543,Amedeus Stockmanslei 39,2022-09-12,22:00:00,45,44,1,MOR02
543,Amedeus Stockmanslei 39,2022-09-12,23:00:00,71,70,1,MOR02
543,Amedeus Stockmanslei 39,2022-09-13,00:00:00,22,22,0,MOR02
543,Amedeus Stockmanslei 39,2022-09-13,01:00:00,2,2,0,MOR02
543,Amedeus Stockmanslei 39,2022-09-13,02:00:00,6,5,1,MOR02
543,Amedeus Stockmanslei 39,2022-09-13,03:00:00,3,2,1,MOR02
543,Amedeus Stockmanslei 39,2022-09-13,04:00:00,7,7,0,MOR02
543,Amedeus Stockmanslei 39,2022-09-13,05:00:00,14,14,0,MOR02
543,Amedeus Stockmanslei 39,2022-09-13,06:00:00,43,43,0,MOR02
543,Amedeus Stockmanslei 39,2022-09-13,07:00:00,138,138,0,MOR02
543,Amedeus Stockmanslei 39,2022-09-13,08:00:00,189,187,2,MOR02
543,Amedeus Stockmanslei 39,2022-09-13,09:00:00,73,73,0,MOR02
543,Amedeus Stockmanslei 39,2022-09-13,10:00:00,66,63,3,MOR02
543,Amedeus Stockmanslei 39,2022-09-13,11:00:00,69,67,2,MOR02
543,Amedeus Stockmanslei 39,2022-09-13,12:00:00,98,96,2,MOR02
543,Amedeus Stockmanslei 39,2022-09-13,13:00:00,103,100,3,MOR02
543,Amedeus Stockmanslei 39,2022-09-13,14:00:00,113,110,3,MOR02
543,Amedeus Stockmanslei 39,2022-09-13,15:00:00,191,188,3,MOR02
543,Amedeus Stockmanslei 39,2022-09-13,16:00:00,380,379,1,MOR02
543,Amedeus Stockmanslei 39,2022-09-13,17:00:00,386,386,0,MOR02
543,Amedeus Stockmanslei 39,2022-09-13,18:00:00,209,207,2,MOR02
543,Amedeus Stockmanslei 39,2022-09-13,19:00:00,89,87,2,MOR02
543,Amedeus Stockmanslei 39,2022-09-13,20:00:00,48,47,1,MOR02
543,Amedeus Stockmanslei 39,2022-09-13,21:00:00,50,49,1,MOR02
543,Amedeus Stockmanslei 39,2022-09-13,22:00:00,45,45,0,MOR02
543,Amedeus Stockmanslei 39,2022-09-13,23:00:00,27,26,1,MOR02
543,Amedeus Stockmanslei 39,2022-09-14,00:00:00,8,8,0,MOR02
543,Amedeus Stockmanslei 39,2022-09-14,01:00:00,6,6,0,MOR02
543,Amedeus Stockmanslei 39,2022-09-14,02:00:00,3,2,1,MOR02
543,Amedeus Stockmanslei 39,2022-09-14,03:00:00,3,3,0,MOR02
543,Amedeus Stockmanslei 39,2022-09-14,04:00:00,6,6,0,MOR02
543,Amedeus Stockmanslei 39,2022-09-14,05:00:00,15,15,0,MOR02
543,Amedeus Stockmanslei 39,2022-09-14,06:00:00,24,24,0,MOR02
543,Amedeus Stockmanslei 39,2022-09-14,07:00:00,72,71,1,MOR02
543,Amedeus Stockmanslei 39,2022-09-14,08:00:00,136,136,0,MOR02
543,Amedeus Stockmanslei 39,2022-09-14,09:00:00,38,33,5,MOR02
543,Amedeus Stockmanslei 39,2022-09-14,10:00:00,21,21,0,MOR02
543,Amedeus Stockmanslei 39,2022-09-14,11:00:00,35,33,2,MOR02
543,Amedeus Stockmanslei 39,2022-09-14,12:00:00,129,127,2,MOR02
543,Amedeus Stockmanslei 39,2022-09-14,13:00:00,81,77,4,MOR02
543,Amedeus Stockmanslei 39,2022-09-14,14:00:00,52,49,3,MOR02
543,Amedeus Stockmanslei 39,2022-09-14,15:00:00,64,62,2,MOR02
543,Amedeus Stockmanslei 39,2022-09-14,16:00:00,138,137,1,MOR02
543,Amedeus Stockmanslei 39,2022-09-14,17:00:00,213,211,2,MOR02
543,Amedeus Stockmanslei 39,2022-09-14,18:00:00,137,136,1,MOR02
543,Amedeus Stockmanslei 39,2022-09-14,19:00:00,63,62,1,MOR02
543,Amedeus Stockmanslei 39,2022-09-14,20:00:00,42,38,4,MOR02
543,Amedeus Stockmanslei 39,2022-09-14,21:00:00,42,41,1,MOR02
543,Amedeus Stockmanslei 39,2022-09-14,22:00:00,35,34,1,MOR02
543,Amedeus Stockmanslei 39,2022-09-14,23:00:00,28,27,1,MOR02
543,Amedeus Stockmanslei 39,2022-09-15,00:00:00,14,14,0,MOR02
543,Amedeus Stockmanslei 39,2022-09-15,01:00:00,6,5,1,MOR02
543,Amedeus Stockmanslei 39,2022-09-15,02:00:00,2,1,1,MOR02
543,Amedeus Stockmanslei 39,2022-09-15,03:00:00,3,3,0,MOR02
543,Amedeus Stockmanslei 39,2022-09-15,04:00:00,5,5,0,MOR02
543,Amedeus Stockmanslei 39,2022-09-15,05:00:00,17,17,0,MOR02
543,Amedeus Stockmanslei 39,2022-09-15,06:00:00,34,34,0,MOR02
543,Amedeus Stockmanslei 39,2022-09-15,07:00:00,114,113,1,MOR02
543,Amedeus Stockmanslei 39,2022-09-15,08:00:00,177,177,0,MOR02
543,Amedeus Stockmanslei 39,2022-09-15,09:00:00,54,52,2,MOR02
543,Amedeus Stockmanslei 39,2022-09-15,10:00:00,65,63,2,MOR02
543,Amedeus Stockmanslei 39,2022-09-15,11:00:00,55,52,3,MOR02
543,Amedeus Stockmanslei 39,2022-09-15,12:00:00,92,91,1,MOR02
543,Amedeus Stockmanslei 39,2022-09-15,13:00:00,73,72,1,MOR02
543,Amedeus Stockmanslei 39,2022-09-15,14:00:00,113,109,4,MOR02
543,Amedeus Stockmanslei 39,2022-09-15,15:00:00,197,195,2,MOR02
543,Amedeus Stockmanslei 39,2022-09-15,16:00:00,328,327,1,MOR02
543,Amedeus Stockmanslei 39,2022-09-15,17:00:00,378,375,3,MOR02
543,Amedeus Stockmanslei 39,2022-09-15,18:00:00,192,190,2,MOR02
543,Amedeus Stockmanslei 39,2022-09-15,19:00:00,101,96,5,MOR02
543,Amedeus Stockmanslei 39,2022-09-15,20:00:00,61,60,1,MOR02
543,Amedeus Stockmanslei 39,2022-09-15,21:00:00,54,54,0,MOR02
543,Amedeus Stockmanslei 39,2022-09-15,22:00:00,57,56,1,MOR02
543,Amedeus Stockmanslei 39,2022-09-15,23:00:00,37,35,2,MOR02
543,Amedeus Stockmanslei 39,2022-09-16,00:00:00,12,12,0,MOR02
543,Amedeus Stockmanslei 39,2022-09-16,01:00:00,15,14,1,MOR02
543,Amedeus Stockmanslei 39,2022-09-16,02:00:00,3,3,0,MOR02
543,Amedeus Stockmanslei 39,2022-09-16,03:00:00,3,3,0,MOR02
543,Amedeus Stockmanslei 39,2022-09-16,04:00:00,11,10,1,MOR02
543,Amedeus Stockmanslei 39,2022-09-16,05:00:00,11,11,0,MOR02
543,Amedeus Stockmanslei 39,2022-09-16,06:00:00,29,29,0,MOR02
543,Amedeus Stockmanslei 39,2022-09-16,07:00:00,92,89,3,MOR02
543,Amedeus Stockmanslei 39,2022-09-16,08:00:00,143,142,1,MOR02
543,Amedeus Stockmanslei 39,2022-09-16,09:00:00,46,41,5,MOR02
543,Amedeus Stockmanslei 39,2022-09-16,10:00:00,26,26,0,MOR02
543,Amedeus Stockmanslei 39,2022-09-16,11:00:00,27,27,0,MOR02
543,Amedeus Stockmanslei 39,2022-09-16,12:00:00,72,68,4,MOR02
543,Amedeus Stockmanslei 39,2022-09-16,13:00:00,54,49,5,MOR02
543,Amedeus Stockmanslei 39,2022-09-16,14:00:00,111,110,1,MOR02
543,Amedeus Stockmanslei 39,2022-09-16,15:00:00,128,128,0,MOR02
543,Amedeus Stockmanslei 39,2022-09-16,16:00:00,197,196,1,MOR02
543,Amedeus Stockmanslei 39,2022-09-16,17:00:00,202,200,2,MOR02
543,Amedeus Stockmanslei 39,2022-09-16,18:00:00,104,101,3,MOR02
543,Amedeus Stockmanslei 39,2022-09-16,19:00:00,49,46,3,MOR02
543,Amedeus Stockmanslei 39,2022-09-16,20:00:00,36,31,5,MOR02
543,Amedeus Stockmanslei 39,2022-09-16,21:00:00,31,29,2,MOR02
543,Amedeus Stockmanslei 39,2022-09-16,22:00:00,26,23,3,MOR02
543,Amedeus Stockmanslei 39,2022-09-16,23:00:00,32,29,3,MOR02
543,Amedeus Stockmanslei 39,2022-09-17,00:00:00,17,17,0,MOR02
543,Amedeus Stockmanslei 39,2022-09-17,01:00:00,23,18,5,MOR02
543,Amedeus Stockmanslei 39,2022-09-17,02:00:00,10,10,0,MOR02
543,Amedeus Stockmanslei 39,2022-09-17,03:00:00,12,11,1,MOR02
543,Amedeus Stockmanslei 39,2022-09-17,04:00:00,15,15,0,MOR02
543,Amedeus Stockmanslei 39,2022-09-17,05:00:00,9,9,0,MOR02
543,Amedeus Stockmanslei 39,2022-09-17,06:00:00,19,19,0,MOR02
543,Amedeus Stockmanslei 39,2022-09-17,07:00:00,15,14,1,MOR02
543,Amedeus Stockmanslei 39,2022-09-17,08:00:00,34,33,1,MOR02
543,Amedeus Stockmanslei 39,2022-09-17,09:00:00,63,63,0,MOR02
543,Amedeus Stockmanslei 39,2022-09-17,10:00:00,64,62,2,MOR02
543,Amedeus Stockmanslei 39,2022-09-17,11:00:00,74,71,3,MOR02
543,Amedeus Stockmanslei 39,2022-09-17,12:00:00,62,52,10,MOR02
543,Amedeus Stockmanslei 39,2022-09-17,13:00:00,61,60,1,MOR02
543,Amedeus Stockmanslei 39,2022-09-17,14:00:00,73,71,2,MOR02
543,Amedeus Stockmanslei 39,2022-09-17,15:00:00,55,52,3,MOR02
543,Amedeus Stockmanslei 39,2022-09-17,16:00:00,55,55,0,MOR02
543,Amedeus Stockmanslei 39,2022-09-17,17:00:00,57,52,5,MOR02
543,Amedeus Stockmanslei 39,2022-09-17,18:00:00,35,30,5,MOR02
543,Amedeus Stockmanslei 39,2022-09-17,19:00:00,30,24,6,MOR02
543,Amedeus Stockmanslei 39,2022-09-17,20:00:00,27,26,1,MOR02
543,Amedeus Stockmanslei 39,2022-09-17,21:00:00,25,24,1,MOR02
543,Amedeus Stockmanslei 39,2022-09-17,22:00:00,19,17,2,MOR02
543,Amedeus Stockmanslei 39,2022-09-17,23:00:00,19,17,2,MOR02
543,Amedeus Stockmanslei 39,2022-09-18,00:00:00,26,25,1,MOR02
543,Amedeus Stockmanslei 39,2022-09-18,01:00:00,14,14,0,MOR02
543,Amedeus Stockmanslei 39,2022-09-18,02:00:00,25,23,2,MOR02
543,Amedeus Stockmanslei 39,2022-09-18,03:00:00,9,9,0,MOR02
543,Amedeus Stockmanslei 39,2022-09-18,04:00:00,8,7,1,MOR02
543,Amedeus Stockmanslei 39,2022-09-18,05:00:00,6,6,0,MOR02
543,Amedeus Stockmanslei 39,2022-09-18,06:00:00,6,6,0,MOR02
543,Amedeus Stockmanslei 39,2022-09-18,07:00:00,9,9,0,MOR02
543,Amedeus Stockmanslei 39,2022-09-18,08:00:00,4,4,0,MOR02
543,Amedeus Stockmanslei 39,2022-09-18,09:00:00,30,29,1,MOR02
543,Amedeus Stockmanslei 39,2022-09-18,10:00:00,43,41,2,MOR02
543,Amedeus Stockmanslei 39,2022-09-18,11:00:00,43,41,2,MOR02
543,Amedeus Stockmanslei 39,2022-09-18,12:00:00,54,53,1,MOR02
543,Amedeus Stockmanslei 39,2022-09-18,13:00:00,56,53,3,MOR02
543,Amedeus Stockmanslei 39,2022-09-18,14:00:00,66,66,0,MOR02
543,Amedeus Stockmanslei 39,2022-09-18,15:00:00,43,41,2,MOR02
543,Amedeus Stockmanslei 39,2022-09-18,16:00:00,55,55,0,MOR02
543,Amedeus Stockmanslei 39,2022-09-18,17:00:00,63,58,5,MOR02
543,Amedeus Stockmanslei 39,2022-09-18,18:00:00,23,20,3,MOR02
543,Amedeus Stockmanslei 39,2022-09-18,19:00:00,29,26,3,MOR02
543,Amedeus Stockmanslei 39,2022-09-18,20:00:00,17,17,0,MOR02
543,Amedeus Stockmanslei 39,2022-09-18,21:00:00,8,8,0,MOR02
543,Amedeus Stockmanslei 39,2022-09-18,22:00:00,18,18,0,MOR02
543,Amedeus Stockmanslei 39,2022-09-18,23:00:00,8,8,0,MOR02
543,Amedeus Stockmanslei 39,2022-09-19,00:00:00,3,3,0,MOR02
543,Amedeus Stockmanslei 39,2022-09-19,01:00:00,0,0,0,MOR02
543,Amedeus Stockmanslei 39,2022-09-19,02:00:00,4,3,1,MOR02
543,Amedeus Stockmanslei 39,2022-09-19,03:00:00,1,0,1,MOR02
543,Amedeus Stockmanslei 39,2022-09-19,04:00:00,5,4,1,MOR02
543,Amedeus Stockmanslei 39,2022-09-19,05:00:00,20,20,0,MOR02
543,Amedeus Stockmanslei 39,2022-09-19,06:00:00,45,45,0,MOR02
543,Amedeus Stockmanslei 39,2022-09-19,07:00:00,132,131,1,MOR02
543,Amedeus Stockmanslei 39,2022-09-19,08:00:00,166,163,3,MOR02
543,Amedeus Stockmanslei 39,2022-09-19,09:00:00,160,158,2,MOR02
543,Amedeus Stockmanslei 39,2022-09-19,10:00:00,45,42,3,MOR02
543,Amedeus Stockmanslei 39,2022-09-19,11:00:00,42,42,0,MOR02
543,Amedeus Stockmanslei 39,2022-09-19,12:00:00,98,97,1,MOR02
543,Amedeus Stockmanslei 39,2022-09-19,13:00:00,73,72,1,MOR02
543,Amedeus Stockmanslei 39,2022-09-19,14:00:00,99,95,4,MOR02
543,Amedeus Stockmanslei 39,2022-09-19,15:00:00,176,173,3,MOR02
543,Amedeus Stockmanslei 39,2022-09-19,16:00:00,320,319,1,MOR02
543,Amedeus Stockmanslei 39,2022-09-19,17:00:00,435,435,0,MOR02
543,Amedeus Stockmanslei 39,2022-09-19,18:00:00,218,217,1,MOR02
543,Amedeus Stockmanslei 39,2022-09-19,19:00:00,89,89,0,MOR02
543,Amedeus Stockmanslei 39,2022-09-19,20:00:00,49,49,0,MOR02
543,Amedeus Stockmanslei 39,2022-09-19,21:00:00,43,43,0,MOR02
543,Amedeus Stockmanslei 39,2022-09-19,22:00:00,54,53,1,MOR02
543,Amedeus Stockmanslei 39,2022-09-19,23:00:00,20,20,0,MOR02
543,Amedeus Stockmanslei 39,2022-09-20,00:00:00,13,13,0,MOR02
543,Amedeus Stockmanslei 39,2022-09-20,01:00:00,3,3,0,MOR02
543,Amedeus Stockmanslei 39,2022-09-20,02:00:00,1,0,1,MOR02
543,Amedeus Stockmanslei 39,2022-09-20,03:00:00,0,0,0,MOR02
543,Amedeus Stockmanslei 39,2022-09-20,04:00:00,4,3,1,MOR02
543,Amedeus Stockmanslei 39,2022-09-20,05:00:00,16,16,0,MOR02
543,Amedeus Stockmanslei 39,2022-09-20,06:00:00,37,37,0,MOR02
543,Amedeus Stockmanslei 39,2022-09-20,07:00:00,124,123,1,MOR02
543,Amedeus Stockmanslei 39,2022-09-20,08:00:00,182,182,0,MOR02
543,Amedeus Stockmanslei 39,2022-09-20,09:00:00,63,62,1,MOR02
543,Amedeus Stockmanslei 39,2022-09-20,10:00:00,72,70,2,MOR02
543,Amedeus Stockmanslei 39,2022-09-20,11:00:00,61,61,0,MOR02
543,Amedeus Stockmanslei 39,2022-09-20,12:00:00,92,85,7,MOR02
543,Amedeus Stockmanslei 39,2022-09-20,13:00:00,101,96,5,MOR02
543,Amedeus Stockmanslei 39,2022-09-20,14:00:00,99,99,0,MOR02
543,Amedeus Stockmanslei 39,2022-09-20,15:00:00,170,165,5,MOR02
543,Amedeus Stockmanslei 39,2022-09-20,16:00:00,386,385,1,MOR02
543,Amedeus Stockmanslei 39,2022-09-20,17:00:00,435,433,2,MOR02
543,Amedeus Stockmanslei 39,2022-09-20,18:00:00,254,254,0,MOR02
543,Amedeus Stockmanslei 39,2022-09-20,19:00:00,104,103,1,MOR02
543,Amedeus Stockmanslei 39,2022-09-20,20:00:00,67,66,1,MOR02
543,Amedeus Stockmanslei 39,2022-09-20,21:00:00,60,58,2,MOR02
543,Amedeus Stockmanslei 39,2022-09-20,22:00:00,58,55,3,MOR02
543,Amedeus Stockmanslei 39,2022-09-20,23:00:00,30,30,0,MOR02
543,Amedeus Stockmanslei 39,2022-09-21,00:00:00,11,10,1,MOR02
543,Amedeus Stockmanslei 39,2022-09-21,01:00:00,1,1,0,MOR02
543,Amedeus Stockmanslei 39,2022-09-21,02:00:00,2,2,0,MOR02
543,Amedeus Stockmanslei 39,2022-09-21,03:00:00,5,4,1,MOR02
543,Amedeus Stockmanslei 39,2022-09-21,04:00:00,8,7,1,MOR02
543,Amedeus Stockmanslei 39,2022-09-21,05:00:00,19,19,0,MOR02
543,Amedeus Stockmanslei 39,2022-09-21,06:00:00,47,46,1,MOR02
543,Amedeus Stockmanslei 39,2022-09-21,07:00:00,126,124,2,MOR02
543,Amedeus Stockmanslei 39,2022-09-21,08:00:00,166,165,1,MOR02
543,Amedeus Stockmanslei 39,2022-09-21,09:00:00,86,84,2,MOR02
543,Amedeus Stockmanslei 39,2022-09-21,10:00:00,94,92,2,MOR02
543,Amedeus Stockmanslei 39,2022-09-21,11:00:00,81,78,3,MOR02
543,Amedeus Stockmanslei 39,2022-09-21,12:00:00,236,233,3,MOR02
543,Amedeus Stockmanslei 39,2022-09-21,13:00:00,164,160,4,MOR02
543,Amedeus Stockmanslei 39,2022-09-21,14:00:00,142,136,6,MOR02
543,Amedeus Stockmanslei 39,2022-09-21,15:00:00,189,186,3,MOR02
543,Amedeus Stockmanslei 39,2022-09-21,16:00:00,255,255,0,MOR02
543,Amedeus Stockmanslei 39,2022-09-21,17:00:00,410,407,3,MOR02
543,Amedeus Stockmanslei 39,2022-09-21,18:00:00,218,212,6,MOR02
543,Amedeus Stockmanslei 39,2022-09-21,19:00:00,134,127,7,MOR02
543,Amedeus Stockmanslei 39,2022-09-21,20:00:00,74,66,8,MOR02
543,Amedeus Stockmanslei 39,2022-09-21,21:00:00,58,57,1,MOR02
543,Amedeus Stockmanslei 39,2022-09-21,22:00:00,68,67,1,MOR02
543,Amedeus Stockmanslei 39,2022-09-21,23:00:00,34,33,1,MOR02
543,Amedeus Stockmanslei 39,2022-09-22,00:00:00,21,21,0,MOR02
543,Amedeus Stockmanslei 39,2022-09-22,01:00:00,8,8,0,MOR02
543,Amedeus Stockmanslei 39,2022-09-22,02:00:00,5,4,1,MOR02
543,Amedeus Stockmanslei 39,2022-09-22,03:00:00,3,3,0,MOR02
543,Amedeus Stockmanslei 39,2022-09-22,04:00:00,5,4,1,MOR02
543,Amedeus Stockmanslei 39,2022-09-22,05:00:00,19,19,0,MOR02
543,Amedeus Stockmanslei 39,2022-09-22,06:00:00,41,41,0,MOR02
543,Amedeus Stockmanslei 39,2022-09-22,07:00:00,129,128,1,MOR02
543,Amedeus Stockmanslei 39,2022-09-22,08:00:00,205,203,2,MOR02
543,Amedeus Stockmanslei 39,2022-09-22,09:00:00,59,59,0,MOR02
543,Amedeus Stockmanslei 39,2022-09-22,10:00:00,64,62,2,MOR02
543,Amedeus Stockmanslei 39,2022-09-22,11:00:00,67,61,6,MOR02
543,Amedeus Stockmanslei 39,2022-09-22,12:00:00,118,115,3,MOR02
543,Amedeus Stockmanslei 39,2022-09-22,13:00:00,117,115,2,MOR02
543,Amedeus Stockmanslei 39,2022-09-22,14:00:00,115,112,3,MOR02
543,Amedeus Stockmanslei 39,2022-09-22,15:00:00,217,217,0,MOR02
543,Amedeus Stockmanslei 39,2022-09-22,16:00:00,397,396,1,MOR02
543,Amedeus Stockmanslei 39,2022-09-22,17:00:00,434,431,3,MOR02
543,Amedeus Stockmanslei 39,2022-09-22,18:00:00,248,246,2,MOR02
543,Amedeus Stockmanslei 39,2022-09-22,19:00:00,117,113,4,MOR02
543,Amedeus Stockmanslei 39,2022-09-22,20:00:00,86,82,4,MOR02
543,Amedeus Stockmanslei 39,2022-09-22,21:00:00,46,44,2,MOR02
543,Amedeus Stockmanslei 39,2022-09-22,22:00:00,79,75,4,MOR02
543,Amedeus Stockmanslei 39,2022-09-22,23:00:00,43,43,0,MOR02
543,Amedeus Stockmanslei 39,2022-09-23,00:00:00,20,20,0,MOR02
543,Amedeus Stockmanslei 39,2022-09-23,01:00:00,18,18,0,MOR02
543,Amedeus Stockmanslei 39,2022-09-23,02:00:00,9,8,1,MOR02
543,Amedeus Stockmanslei 39,2022-09-23,03:00:00,0,0,0,MOR02
543,Amedeus Stockmanslei 39,2022-09-23,04:00:00,6,5,1,MOR02
543,Amedeus Stockmanslei 39,2022-09-23,05:00:00,17,17,0,MOR02
543,Amedeus Stockmanslei 39,2022-09-23,06:00:00,34,34,0,MOR02
543,Amedeus Stockmanslei 39,2022-09-23,07:00:00,125,125,0,MOR02
543,Amedeus Stockmanslei 39,2022-09-23,08:00:00,183,169,14,MOR02
543,Amedeus Stockmanslei 39,2022-09-23,09:00:00,66,65,1,MOR02
543,Amedeus Stockmanslei 39,2022-09-23,10:00:00,56,52,4,MOR02
543,Amedeus Stockmanslei 39,2022-09-23,11:00:00,64,61,3,MOR02
543,Amedeus Stockmanslei 39,2022-09-23,12:00:00,94,91,3,MOR02
543,Amedeus Stockmanslei 39,2022-09-23,13:00:00,119,119,0,MOR02
543,Amedeus Stockmanslei 39,2022-09-23,14:00:00,122,121,1,MOR02
543,Amedeus Stockmanslei 39,2022-09-23,15:00:00,179,176,3,MOR02
543,Amedeus Stockmanslei 39,2022-09-23,16:00:00,281,277,4,MOR02
543,Amedeus Stockmanslei 39,2022-09-23,17:00:00,295,293,2,MOR02
543,Amedeus Stockmanslei 39,2022-09-23,18:00:00,153,153,0,MOR02
543,Amedeus Stockmanslei 39,2022-09-23,19:00:00,68,65,3,MOR02
543,Amedeus Stockmanslei 39,2022-09-23,20:00:00,56,56,0,MOR02
543,Amedeus Stockmanslei 39,2022-09-23,21:00:00,41,41,0,MOR02
543,Amedeus Stockmanslei 39,2022-09-23,22:00:00,58,56,2,MOR02
543,Amedeus Stockmanslei 39,2022-09-23,23:00:00,54,52,2,MOR02
543,Amedeus Stockmanslei 39,2022-09-24,00:00:00,28,26,2,MOR02
543,Amedeus Stockmanslei 39,2022-09-24,01:00:00,26,22,4,MOR02
543,Amedeus Stockmanslei 39,2022-09-24,02:00:00,14,13,1,MOR02
543,Amedeus Stockmanslei 39,2022-09-24,03:00:00,8,5,3,MOR02
543,Amedeus Stockmanslei 39,2022-09-24,04:00:00,6,6,0,MOR02
543,Amedeus Stockmanslei 39,2022-09-24,05:00:00,11,11,0,MOR02
543,Amedeus Stockmanslei 39,2022-09-24,06:00:00,6,5,1,MOR02
543,Amedeus Stockmanslei 39,2022-09-24,07:00:00,16,16,0,MOR02
543,Amedeus Stockmanslei 39,2022-09-24,08:00:00,40,35,5,MOR02
543,Amedeus Stockmanslei 39,2022-09-24,09:00:00,43,40,3,MOR02
543,Amedeus Stockmanslei 39,2022-09-24,10:00:00,26,26,0,MOR02
543,Amedeus Stockmanslei 39,2022-09-24,11:00:00,47,44,3,MOR02
543,Amedeus Stockmanslei 39,2022-09-24,12:00:00,47,40,7,MOR02
543,Amedeus Stockmanslei 39,2022-09-24,13:00:00,64,62,2,MOR02
543,Amedeus Stockmanslei 39,2022-09-24,14:00:00,67,65,2,MOR02
543,Amedeus Stockmanslei 39,2022-09-24,15:00:00,64,60,4,MOR02
543,Amedeus Stockmanslei 39,2022-09-24,16:00:00,50,50,0,MOR02
543,Amedeus Stockmanslei 39,2022-09-24,17:00:00,60,56,4,MOR02
543,Amedeus Stockmanslei 39,2022-09-24,18:00:00,38,38,0,MOR02
543,Amedeus Stockmanslei 39,2022-09-24,19:00:00,39,35,4,MOR02
543,Amedeus Stockmanslei 39,2022-09-24,20:00:00,36,35,1,MOR02
543,Amedeus Stockmanslei 39,2022-09-24,21:00:00,19,18,1,MOR02
543,Amedeus Stockmanslei 39,2022-09-24,22:00:00,35,33,2,MOR02
543,Amedeus Stockmanslei 39,2022-09-24,23:00:00,35,34,1,MOR02
543,Amedeus Stockmanslei 39,2022-09-25,00:00:00,29,28,1,MOR02
543,Amedeus Stockmanslei 39,2022-09-25,01:00:00,20,17,3,MOR02
543,Amedeus Stockmanslei 39,2022-09-25,02:00:00,29,27,2,MOR02
543,Amedeus Stockmanslei 39,2022-09-25,03:00:00,10,10,0,MOR02
543,Amedeus Stockmanslei 39,2022-09-25,04:00:00,9,9,0,MOR02
543,Amedeus Stockmanslei 39,2022-09-25,05:00:00,10,10,0,MOR02
543,Amedeus Stockmanslei 39,2022-09-25,06:00:00,4,4,0,MOR02
543,Amedeus Stockmanslei 39,2022-09-25,07:00:00,10,10,0,MOR02
543,Amedeus Stockmanslei 39,2022-09-25,08:00:00,22,21,1,MOR02
543,Amedeus Stockmanslei 39,2022-09-25,09:00:00,69,67,2,MOR02
543,Amedeus Stockmanslei 39,2022-09-25,10:00:00,77,74,3,MOR02
543,Amedeus Stockmanslei 39,2022-09-25,11:00:00,75,73,2,MOR02
543,Amedeus Stockmanslei 39,2022-09-25,12:00:00,123,122,1,MOR02
543,Amedeus Stockmanslei 39,2022-09-25,13:00:00,92,91,1,MOR02
543,Amedeus Stockmanslei 39,2022-09-25,14:00:00,105,103,2,MOR02
543,Amedeus Stockmanslei 39,2022-09-25,15:00:00,76,71,5,MOR02
543,Amedeus Stockmanslei 39,2022-09-25,16:00:00,106,102,4,MOR02
543,Amedeus Stockmanslei 39,2022-09-25,17:00:00,119,111,8,MOR02
543,Amedeus Stockmanslei 39,2022-09-25,18:00:00,82,80,2,MOR02
543,Amedeus Stockmanslei 39,2022-09-25,19:00:00,45,43,2,MOR02
543,Amedeus Stockmanslei 39,2022-09-25,20:00:00,30,29,1,MOR02
543,Amedeus Stockmanslei 39,2022-09-25,21:00:00,21,19,2,MOR02
543,Amedeus Stockmanslei 39,2022-09-25,22:00:00,24,24,0,MOR02
543,Amedeus Stockmanslei 39,2022-09-25,23:00:00,15,15,0,MOR02
543,Amedeus Stockmanslei 39,2022-09-26,00:00:00,5,4,1,MOR02
543,Amedeus Stockmanslei 39,2022-09-26,01:00:00,7,7,0,MOR02
543,Amedeus Stockmanslei 39,2022-09-26,02:00:00,7,6,1,MOR02
543,Amedeus Stockmanslei 39,2022-09-26,03:00:00,2,2,0,MOR02
543,Amedeus Stockmanslei 39,2022-09-26,04:00:00,4,4,0,MOR02
543,Amedeus Stockmanslei 39,2022-09-26,05:00:00,21,20,1,MOR02
543,Amedeus Stockmanslei 39,2022-09-26,06:00:00,37,36,1,MOR02
543,Amedeus Stockmanslei 39,2022-09-26,07:00:00,90,90,0,MOR02
543,Amedeus Stockmanslei 39,2022-09-26,08:00:00,141,141,0,MOR02
543,Amedeus Stockmanslei 39,2022-09-26,09:00:00,58,55,3,MOR02
543,Amedeus Stockmanslei 39,2022-09-26,10:00:00,36,32,4,MOR02
543,Amedeus Stockmanslei 39,2022-09-26,11:00:00,30,30,0,MOR02
543,Amedeus Stockmanslei 39,2022-09-26,12:00:00,75,70,5,MOR02
543,Amedeus Stockmanslei 39,2022-09-26,13:00:00,35,34,1,MOR02
543,Amedeus Stockmanslei 39,2022-09-26,14:00:00,63,63,0,MOR02
543,Amedeus Stockmanslei 39,2022-09-26,15:00:00,109,108,1,MOR02
543,Amedeus Stockmanslei 39,2022-09-26,16:00:00,261,261,0,MOR02
543,Amedeus Stockmanslei 39,2022-09-26,17:00:00,293,291,2,MOR02
543,Amedeus Stockmanslei 39,2022-09-26,18:00:00,180,178,2,MOR02
543,Amedeus Stockmanslei 39,2022-09-26,19:00:00,77,77,0,MOR02
543,Amedeus Stockmanslei 39,2022-09-26,20:00:00,38,38,0,MOR02
543,Amedeus Stockmanslei 39,2022-09-26,21:00:00,37,36,1,MOR02
543,Amedeus Stockmanslei 39,2022-09-26,22:00:00,29,28,1,MOR02
543,Amedeus Stockmanslei 39,2022-09-26,23:00:00,14,13,1,MOR02
543,Amedeus Stockmanslei 39,2022-09-27,00:00:00,10,10,0,MOR02
543,Amedeus Stockmanslei 39,2022-09-27,01:00:00,6,6,0,MOR02
543,Amedeus Stockmanslei 39,2022-09-27,02:00:00,1,0,1,MOR02
543,Amedeus Stockmanslei 39,2022-09-27,03:00:00,4,3,1,MOR02
543,Amedeus Stockmanslei 39,2022-09-27,04:00:00,4,4,0,MOR02
543,Amedeus Stockmanslei 39,2022-09-27,05:00:00,17,17,0,MOR02
543,Amedeus Stockmanslei 39,2022-09-27,06:00:00,25,25,0,MOR02
543,Amedeus Stockmanslei 39,2022-09-27,07:00:00,66,65,1,MOR02
543,Amedeus Stockmanslei 39,2022-09-27,08:00:00,154,152,2,MOR02
543,Amedeus Stockmanslei 39,2022-09-27,09:00:00,46,41,5,MOR02
543,Amedeus Stockmanslei 39,2022-09-27,10:00:00,40,38,2,MOR02
543,Amedeus Stockmanslei 39,2022-09-27,11:00:00,28,28,0,MOR02
543,Amedeus Stockmanslei 39,2022-09-27,12:00:00,63,61,2,MOR02
543,Amedeus Stockmanslei 39,2022-09-27,13:00:00,57,56,1,MOR02
543,Amedeus Stockmanslei 39,2022-09-27,14:00:00,58,56,2,MOR02
543,Amedeus Stockmanslei 39,2022-09-27,15:00:00,123,121,2,MOR02
543,Amedeus Stockmanslei 39,2022-09-27,16:00:00,265,263,2,MOR02
543,Amedeus Stockmanslei 39,2022-09-27,17:00:00,318,316,2,MOR02
543,Amedeus Stockmanslei 39,2022-09-27,18:00:00,178,177,1,MOR02
543,Amedeus Stockmanslei 39,2022-09-27,19:00:00,88,88,0,MOR02
543,Amedeus Stockmanslei 39,2022-09-27,20:00:00,40,39,1,MOR02
543,Amedeus Stockmanslei 39,2022-09-27,21:00:00,49,48,1,MOR02
543,Amedeus Stockmanslei 39,2022-09-27,22:00:00,45,45,0,MOR02
543,Amedeus Stockmanslei 39,2022-09-27,23:00:00,21,20,1,MOR02
543,Amedeus Stockmanslei 39,2022-09-28,00:00:00,14,13,1,MOR02
543,Amedeus Stockmanslei 39,2022-09-28,01:00:00,4,4,0,MOR02
543,Amedeus Stockmanslei 39,2022-09-28,02:00:00,1,0,1,MOR02
543,Amedeus Stockmanslei 39,2022-09-28,03:00:00,1,1,0,MOR02
543,Amedeus Stockmanslei 39,2022-09-28,04:00:00,5,5,0,MOR02
543,Amedeus Stockmanslei 39,2022-09-28,05:00:00,16,15,1,MOR02
543,Amedeus Stockmanslei 39,2022-09-28,06:00:00,31,30,1,MOR02
543,Amedeus Stockmanslei 39,2022-09-28,07:00:00,101,100,1,MOR02
543,Amedeus Stockmanslei 39,2022-09-28,08:00:00,159,157,2,MOR02
543,Amedeus Stockmanslei 39,2022-09-28,09:00:00,66,64,2,MOR02
543,Amedeus Stockmanslei 39,2022-09-28,10:00:00,78,74,4,MOR02
543,Amedeus Stockmanslei 39,2022-09-28,11:00:00,75,73,2,MOR02
543,Amedeus Stockmanslei 39,2022-09-28,12:00:00,170,169,1,MOR02
543,Amedeus Stockmanslei 39,2022-09-28,13:00:00,119,116,3,MOR02
543,Amedeus Stockmanslei 39,2022-09-28,14:00:00,104,102,2,MOR02
543,Amedeus Stockmanslei 39,2022-09-28,15:00:00,122,121,1,MOR02
543,Amedeus Stockmanslei 39,2022-09-28,16:00:00,211,206,5,MOR02
543,Amedeus Stockmanslei 39,2022-09-28,17:00:00,306,301,5,MOR02
543,Amedeus Stockmanslei 39,2022-09-28,18:00:00,166,165,1,MOR02
543,Amedeus Stockmanslei 39,2022-09-28,19:00:00,91,85,6,MOR02
543,Amedeus Stockmanslei 39,2022-09-28,20:00:00,53,52,1,MOR02
543,Amedeus Stockmanslei 39,2022-09-28,21:00:00,36,33,3,MOR02
543,Amedeus Stockmanslei 39,2022-09-28,22:00:00,52,51,1,MOR02
543,Amedeus Stockmanslei 39,2022-09-28,23:00:00,29,28,1,MOR02
543,Amedeus Stockmanslei 39,2022-09-29,00:00:00,16,16,0,MOR02
543,Amedeus Stockmanslei 39,2022-09-29,01:00:00,4,4,0,MOR02
543,Amedeus Stockmanslei 39,2022-09-29,02:00:00,2,0,2,MOR02
543,Amedeus Stockmanslei 39,2022-09-29,03:00:00,3,3,0,MOR02
543,Amedeus Stockmanslei 39,2022-09-29,04:00:00,12,12,0,MOR02
543,Amedeus Stockmanslei 39,2022-09-29,05:00:00,17,17,0,MOR02
543,Amedeus Stockmanslei 39,2022-09-29,06:00:00,36,35,1,MOR02
543,Amedeus Stockmanslei 39,2022-09-29,07:00:00,108,106,2,MOR02
543,Amedeus Stockmanslei 39,2022-09-29,08:00:00,178,173,5,MOR02
543,Amedeus Stockmanslei 39,2022-09-29,09:00:00,74,70,4,MOR02
543,Amedeus Stockmanslei 39,2022-09-29,10:00:00,68,65,3,MOR02
543,Amedeus Stockmanslei 39,2022-09-29,11:00:00,60,55,5,MOR02
543,Amedeus Stockmanslei 39,2022-09-29,12:00:00,113,111,2,MOR02
543,Amedeus Stockmanslei 39,2022-09-29,13:00:00,98,97,1,MOR02
543,Amedeus Stockmanslei 39,2022-09-29,14:00:00,116,111,5,MOR02
543,Amedeus Stockmanslei 39,2022-09-29,15:00:00,177,172,5,MOR02
543,Amedeus Stockmanslei 39,2022-09-29,16:00:00,318,317,1,MOR02
543,Amedeus Stockmanslei 39,2022-09-29,17:00:00,357,354,3,MOR02
543,Amedeus Stockmanslei 39,2022-09-29,18:00:00,218,217,1,MOR02
543,Amedeus Stockmanslei 39,2022-09-29,19:00:00,119,118,1,MOR02
543,Amedeus Stockmanslei 39,2022-09-29,20:00:00,58,54,4,MOR02
543,Amedeus Stockmanslei 39,2022-09-29,21:00:00,73,72,1,MOR02
543,Amedeus Stockmanslei 39,2022-09-29,22:00:00,98,95,3,MOR02
543,Amedeus Stockmanslei 39,2022-09-29,23:00:00,69,69,0,MOR02
543,Amedeus Stockmanslei 39,2022-09-30,00:00:00,44,44,0,MOR02
543,Amedeus Stockmanslei 39,2022-09-30,01:00:00,18,18,0,MOR02
543,Amedeus Stockmanslei 39,2022-09-30,02:00:00,8,7,1,MOR02
543,Amedeus Stockmanslei 39,2022-09-30,03:00:00,1,1,0,MOR02
543,Amedeus Stockmanslei 39,2022-09-30,04:00:00,7,7,0,MOR02
543,Amedeus Stockmanslei 39,2022-09-30,05:00:00,17,17,0,MOR02
543,Amedeus Stockmanslei 39,2022-09-30,06:00:00,33,32,1,MOR02
543,Amedeus Stockmanslei 39,2022-09-30,07:00:00,106,105,1,MOR02
543,Amedeus Stockmanslei 39,2022-09-30,08:00:00,180,176,4,MOR02
543,Amedeus Stockmanslei 39,2022-09-30,09:00:00,60,58,2,MOR02
543,Amedeus Stockmanslei 39,2022-09-30,10:00:00,62,61,1,MOR02
543,Amedeus Stockmanslei 39,2022-09-30,11:00:00,68,64,4,MOR02
543,Amedeus Stockmanslei 39,2022-09-30,12:00:00,161,157,4,MOR02
543,Amedeus Stockmanslei 39,2022-09-30,13:00:00,126,123,3,MOR02
543,Amedeus Stockmanslei 39,2022-09-30,14:00:00,116,111,5,MOR02
543,Amedeus Stockmanslei 39,2022-09-30,15:00:00,241,235,6,MOR02
543,Amedeus Stockmanslei 39,2022-09-30,16:00:00,322,318,4,MOR02
543,Amedeus Stockmanslei 39,2022-09-30,17:00:00,320,314,6,MOR02
543,Amedeus Stockmanslei 39,2022-09-30,18:00:00,195,192,3,MOR02
543,Amedeus Stockmanslei 39,2022-09-30,19:00:00,85,84,1,MOR02
543,Amedeus Stockmanslei 39,2022-09-30,20:00:00,79,76,3,MOR02
543,Amedeus Stockmanslei 39,2022-09-30,21:00:00,65,65,0,MOR02
543,Amedeus Stockmanslei 39,2022-09-30,22:00:00,71,67,4,MOR02
543,Amedeus Stockmanslei 39,2022-09-30,23:00:00,59,56,3,MOR02
543,Amedeus Stockmanslei 39,2022-10-01,00:00:00,27,26,1,MOR02
543,Amedeus Stockmanslei 39,2022-10-01,01:00:00,28,23,5,MOR02
543,Amedeus Stockmanslei 39,2022-10-01,02:00:00,35,29,6,MOR02
543,Amedeus Stockmanslei 39,2022-10-01,03:00:00,28,22,6,MOR02
543,Amedeus Stockmanslei 39,2022-10-01,04:00:00,19,19,0,MOR02
543,Amedeus Stockmanslei 39,2022-10-01,05:00:00,9,8,1,MOR02
543,Amedeus Stockmanslei 39,2022-10-01,06:00:00,5,5,0,MOR02
543,Amedeus Stockmanslei 39,2022-10-01,07:00:00,20,19,1,MOR02
543,Amedeus Stockmanslei 39,2022-10-01,08:00:00,24,24,0,MOR02
543,Amedeus Stockmanslei 39,2022-10-01,09:00:00,65,63,2,MOR02
543,Amedeus Stockmanslei 39,2022-10-01,10:00:00,65,62,3,MOR02
543,Amedeus Stockmanslei 39,2022-10-01,11:00:00,80,71,9,MOR02
543,Amedeus Stockmanslei 39,2022-10-01,12:00:00,80,78,2,MOR02
543,Amedeus Stockmanslei 39,2022-10-01,13:00:00,85,81,4,MOR02
543,Amedeus Stockmanslei 39,2022-10-01,14:00:00,100,96,4,MOR02
543,Amedeus Stockmanslei 39,2022-10-01,15:00:00,78,73,5,MOR02
543,Amedeus Stockmanslei 39,2022-10-01,16:00:00,84,80,4,MOR02
543,Amedeus Stockmanslei 39,2022-10-01,17:00:00,87,86,1,MOR02
543,Amedeus Stockmanslei 39,2022-10-01,18:00:00,75,70,5,MOR02
543,Amedeus Stockmanslei 39,2022-10-01,19:00:00,57,53,4,MOR02
543,Amedeus Stockmanslei 39,2022-10-01,20:00:00,34,33,1,MOR02
543,Amedeus Stockmanslei 39,2022-10-01,21:00:00,34,25,9,MOR02
543,Amedeus Stockmanslei 39,2022-10-01,22:00:00,25,23,2,MOR02
543,Amedeus Stockmanslei 39,2022-10-01,23:00:00,31,30,1,MOR02
543,Amedeus Stockmanslei 39,2022-10-02,00:00:00,45,42,3,MOR02
543,Amedeus Stockmanslei 39,2022-10-02,01:00:00,30,29,1,MOR02
543,Amedeus Stockmanslei 39,2022-10-02,02:00:00,20,19,1,MOR02
543,Amedeus Stockmanslei 39,2022-10-02,03:00:00,7,7,0,MOR02
543,Amedeus Stockmanslei 39,2022-10-02,04:00:00,15,14,1,MOR02
543,Amedeus Stockmanslei 39,2022-10-02,05:00:00,4,4,0,MOR02
543,Amedeus Stockmanslei 39,2022-10-02,06:00:00,5,5,0,MOR02
543,Amedeus Stockmanslei 39,2022-10-02,07:00:00,13,13,0,MOR02
543,Amedeus Stockmanslei 39,2022-10-02,08:00:00,19,19,0,MOR02
543,Amedeus Stockmanslei 39,2022-10-02,09:00:00,43,43,0,MOR02
543,Amedeus Stockmanslei 39,2022-10-02,10:00:00,63,60,3,MOR02
543,Amedeus Stockmanslei 39,2022-10-02,11:00:00,50,47,3,MOR02
543,Amedeus Stockmanslei 39,2022-10-02,12:00:00,85,81,4,MOR02
543,Amedeus Stockmanslei 39,2022-10-02,13:00:00,82,78,4,MOR02
543,Amedeus Stockmanslei 39,2022-10-02,14:00:00,74,72,2,MOR02
543,Amedeus Stockmanslei 39,2022-10-02,15:00:00,54,54,0,MOR02
543,Amedeus Stockmanslei 39,2022-10-02,16:00:00,78,76,2,MOR02
543,Amedeus Stockmanslei 39,2022-10-02,17:00:00,99,98,1,MOR02
543,Amedeus Stockmanslei 39,2022-10-02,18:00:00,59,58,1,MOR02
543,Amedeus Stockmanslei 39,2022-10-02,19:00:00,37,37,0,MOR02
543,Amedeus Stockmanslei 39,2022-10-02,20:00:00,38,34,4,MOR02
543,Amedeus Stockmanslei 39,2022-10-02,21:00:00,28,28,0,MOR02
543,Amedeus Stockmanslei 39,2022-10-02,22:00:00,23,23,0,MOR02
543,Amedeus Stockmanslei 39,2022-10-02,23:00:00,14,14,0,MOR02
543,Amedeus Stockmanslei 39,2022-10-03,00:00:00,7,7,0,MOR02
543,Amedeus Stockmanslei 39,2022-10-03,01:00:00,2,2,0,MOR02
543,Amedeus Stockmanslei 39,2022-10-03,02:00:00,5,3,2,MOR02
543,Amedeus Stockmanslei 39,2022-10-03,03:00:00,0,0,0,MOR02
543,Amedeus Stockmanslei 39,2022-10-03,04:00:00,11,10,1,MOR02
543,Amedeus Stockmanslei 39,2022-10-03,05:00:00,14,14,0,MOR02
543,Amedeus Stockmanslei 39,2022-10-03,06:00:00,44,43,1,MOR02
543,Amedeus Stockmanslei 39,2022-10-03,07:00:00,135,133,2,MOR02
543,Amedeus Stockmanslei 39,2022-10-03,08:00:00,138,138,0,MOR02
543,Amedeus Stockmanslei 39,2022-10-03,09:00:00,167,164,3,MOR02
543,Amedeus Stockmanslei 39,2022-10-03,10:00:00,56,52,4,MOR02
543,Amedeus Stockmanslei 39,2022-10-03,11:00:00,68,66,2,MOR02
543,Amedeus Stockmanslei 39,2022-10-03,12:00:00,119,111,8,MOR02
543,Amedeus Stockmanslei 39,2022-10-03,13:00:00,95,94,1,MOR02
543,Amedeus Stockmanslei 39,2022-10-03,14:00:00,99,96,3,MOR02
543,Amedeus Stockmanslei 39,2022-10-03,15:00:00,208,204,4,MOR02
543,Amedeus Stockmanslei 39,2022-10-03,16:00:00,385,380,5,MOR02
543,Amedeus Stockmanslei 39,2022-10-03,17:00:00,453,451,2,MOR02
543,Amedeus Stockmanslei 39,2022-10-03,18:00:00,217,213,4,MOR02
543,Amedeus Stockmanslei 39,2022-10-03,19:00:00,126,125,1,MOR02
543,Amedeus Stockmanslei 39,2022-10-03,20:00:00,62,62,0,MOR02
543,Amedeus Stockmanslei 39,2022-10-03,21:00:00,48,48,0,MOR02
543,Amedeus Stockmanslei 39,2022-10-03,22:00:00,53,50,3,MOR02
543,Amedeus Stockmanslei 39,2022-10-03,23:00:00,20,20,0,MOR02
543,Amedeus Stockmanslei 39,2022-10-04,00:00:00,10,10,0,MOR02
543,Amedeus Stockmanslei 39,2022-10-04,01:00:00,5,4,1,MOR02
543,Amedeus Stockmanslei 39,2022-10-04,02:00:00,7,7,0,MOR02
543,Amedeus Stockmanslei 39,2022-10-04,03:00:00,0,0,0,MOR02
543,Amedeus Stockmanslei 39,2022-10-04,04:00:00,9,8,1,MOR02
543,Amedeus Stockmanslei 39,2022-10-04,05:00:00,9,9,0,MOR02
543,Amedeus Stockmanslei 39,2022-10-04,06:00:00,46,46,0,MOR02
543,Amedeus Stockmanslei 39,2022-10-04,07:00:00,133,133,0,MOR02
543,Amedeus Stockmanslei 39,2022-10-04,08:00:00,176,174,2,MOR02
543,Amedeus Stockmanslei 39,2022-10-04,09:00:00,77,76,1,MOR02
543,Amedeus Stockmanslei 39,2022-10-04,10:00:00,61,56,5,MOR02
543,Amedeus Stockmanslei 39,2022-10-04,11:00:00,70,67,3,MOR02
543,Amedeus Stockmanslei 39,2022-10-04,12:00:00,120,116,4,MOR02
543,Amedeus Stockmanslei 39,2022-10-04,13:00:00,104,102,2,MOR02
543,Amedeus Stockmanslei 39,2022-10-04,14:00:00,122,121,1,MOR02
543,Amedeus Stockmanslei 39,2022-10-04,15:00:00,231,229,2,MOR02
543,Amedeus Stockmanslei 39,2022-10-04,16:00:00,447,444,3,MOR02
543,Amedeus Stockmanslei 39,2022-10-04,17:00:00,530,528,2,MOR02
543,Amedeus Stockmanslei 39,2022-10-04,18:00:00,283,282,1,MOR02
543,Amedeus Stockmanslei 39,2022-10-04,19:00:00,131,128,3,MOR02
543,Amedeus Stockmanslei 39,2022-10-04,20:00:00,64,64,0,MOR02
543,Amedeus Stockmanslei 39,2022-10-04,21:00:00,64,60,4,MOR02
543,Amedeus Stockmanslei 39,2022-10-04,22:00:00,67,64,3,MOR02
543,Amedeus Stockmanslei 39,2022-10-04,23:00:00,33,32,1,MOR02
543,Amedeus Stockmanslei 39,2022-10-05,00:00:00,11,7,4,MOR02
543,Amedeus Stockmanslei 39,2022-10-05,01:00:00,6,6,0,MOR02
543,Amedeus Stockmanslei 39,2022-10-05,02:00:00,2,1,1,MOR02
543,Amedeus Stockmanslei 39,2022-10-05,03:00:00,8,8,0,MOR02
543,Amedeus Stockmanslei 39,2022-10-05,04:00:00,13,12,1,MOR02
543,Amedeus Stockmanslei 39,2022-10-05,05:00:00,11,11,0,MOR02
543,Amedeus Stockmanslei 39,2022-10-05,06:00:00,47,46,1,MOR02
543,Amedeus Stockmanslei 39,2022-10-05,07:00:00,155,153,2,MOR02
543,Amedeus Stockmanslei 39,2022-10-05,08:00:00,205,205,0,MOR02
543,Amedeus Stockmanslei 39,2022-10-05,09:00:00,68,65,3,MOR02
543,Amedeus Stockmanslei 39,2022-10-05,10:00:00,93,92,1,MOR02
543,Amedeus Stockmanslei 39,2022-10-05,11:00:00,85,80,5,MOR02
543,Amedeus Stockmanslei 39,2022-10-05,12:00:00,220,215,5,MOR02
543,Amedeus Stockmanslei 39,2022-10-05,13:00:00,179,175,4,MOR02
543,Amedeus Stockmanslei 39,2022-10-05,14:00:00,133,126,7,MOR02
543,Amedeus Stockmanslei 39,2022-10-05,15:00:00,168,163,5,MOR02
543,Amedeus Stockmanslei 39,2022-10-05,16:00:00,291,288,3,MOR02
543,Amedeus Stockmanslei 39,2022-10-05,17:00:00,418,416,2,MOR02
543,Amedeus Stockmanslei 39,2022-10-05,18:00:00,221,221,0,MOR02
543,Amedeus Stockmanslei 39,2022-10-05,19:00:00,126,122,4,MOR02
543,Amedeus Stockmanslei 39,2022-10-05,20:00:00,69,69,0,MOR02
543,Amedeus Stockmanslei 39,2022-10-05,21:00:00,47,45,2,MOR02
543,Amedeus Stockmanslei 39,2022-10-05,22:00:00,57,56,1,MOR02
543,Amedeus Stockmanslei 39,2022-10-05,23:00:00,30,29,1,MOR02
543,Amedeus Stockmanslei 39,2022-10-06,00:00:00,12,11,1,MOR02
543,Amedeus Stockmanslei 39,2022-10-06,01:00:00,3,3,0,MOR02
543,Amedeus Stockmanslei 39,2022-10-06,02:00:00,5,4,1,MOR02
543,Amedeus Stockmanslei 39,2022-10-06,03:00:00,4,4,0,MOR02
543,Amedeus Stockmanslei 39,2022-10-06,04:00:00,4,3,1,MOR02
543,Amedeus Stockmanslei 39,2022-10-06,05:00:00,21,19,2,MOR02
543,Amedeus Stockmanslei 39,2022-10-06,06:00:00,44,43,1,MOR02
543,Amedeus Stockmanslei 39,2022-10-06,07:00:00,138,136,2,MOR02
543,Amedeus Stockmanslei 39,2022-10-06,08:00:00,199,195,4,MOR02
543,Amedeus Stockmanslei 39,2022-10-06,09:00:00,70,69,1,MOR02
543,Amedeus Stockmanslei 39,2022-10-06,10:00:00,70,66,4,MOR02
543,Amedeus Stockmanslei 39,2022-10-06,11:00:00,71,67,4,MOR02
543,Amedeus Stockmanslei 39,2022-10-06,12:00:00,116,112,4,MOR02
543,Amedeus Stockmanslei 39,2022-10-06,13:00:00,132,128,4,MOR02
543,Amedeus Stockmanslei 39,2022-10-06,14:00:00,129,126,3,MOR02
543,Amedeus Stockmanslei 39,2022-10-06,15:00:00,192,190,2,MOR02
543,Amedeus Stockmanslei 39,2022-10-06,16:00:00,398,396,2,MOR02
543,Amedeus Stockmanslei 39,2022-10-06,17:00:00,442,439,3,MOR02
543,Amedeus Stockmanslei 39,2022-10-06,18:00:00,258,257,1,MOR02
543,Amedeus Stockmanslei 39,2022-10-06,19:00:00,139,138,1,MOR02
543,Amedeus Stockmanslei 39,2022-10-06,20:00:00,72,72,0,MOR02
543,Amedeus Stockmanslei 39,2022-10-06,21:00:00,59,58,1,MOR02
543,Amedeus Stockmanslei 39,2022-10-06,22:00:00,69,67,2,MOR02
543,Amedeus Stockmanslei 39,2022-10-06,23:00:00,49,48,1,MOR02
543,Amedeus Stockmanslei 39,2022-10-07,00:00:00,23,22,1,MOR02
543,Amedeus Stockmanslei 39,2022-10-07,01:00:00,7,7,0,MOR02
543,Amedeus Stockmanslei 39,2022-10-07,02:00:00,14,14,0,MOR02
543,Amedeus Stockmanslei 39,2022-10-07,03:00:00,8,8,0,MOR02
543,Amedeus Stockmanslei 39,2022-10-07,04:00:00,3,2,1,MOR02
543,Amedeus Stockmanslei 39,2022-10-07,05:00:00,20,20,0,MOR02
543,Amedeus Stockmanslei 39,2022-10-07,06:00:00,43,43,0,MOR02
543,Amedeus Stockmanslei 39,2022-10-07,07:00:00,114,113,1,MOR02
543,Amedeus Stockmanslei 39,2022-10-07,08:00:00,173,173,0,MOR02
543,Amedeus Stockmanslei 39,2022-10-07,09:00:00,51,48,3,MOR02
543,Amedeus Stockmanslei 39,2022-10-07,10:00:00,76,72,4,MOR02
543,Amedeus Stockmanslei 39,2022-10-07,11:00:00,77,69,8,MOR02
543,Amedeus Stockmanslei 39,2022-10-07,12:00:00,134,129,5,MOR02
543,Amedeus Stockmanslei 39,2022-10-07,13:00:00,141,138,3,MOR02
543,Amedeus Stockmanslei 39,2022-10-07,14:00:00,142,138,4,MOR02
543,Amedeus Stockmanslei 39,2022-10-07,15:00:00,221,219,2,MOR02
543,Amedeus Stockmanslei 39,2022-10-07,16:00:00,357,353,4,MOR02
543,Amedeus Stockmanslei 39,2022-10-07,17:00:00,325,325,0,MOR02
543,Amedeus Stockmanslei 39,2022-10-07,18:00:00,166,161,5,MOR02
543,Amedeus Stockmanslei 39,2022-10-07,19:00:00,99,97,2,MOR02
543,Amedeus Stockmanslei 39,2022-10-07,20:00:00,71,69,2,MOR02
543,Amedeus Stockmanslei 39,2022-10-07,21:00:00,32,31,1,MOR02
543,Amedeus Stockmanslei 39,2022-10-07,22:00:00,54,52,2,MOR02
543,Amedeus Stockmanslei 39,2022-10-07,23:00:00,75,71,4,MOR02
543,Amedeus Stockmanslei 39,2022-10-08,00:00:00,51,51,0,MOR02
543,Amedeus Stockmanslei 39,2022-10-08,01:00:00,43,42,1,MOR02
543,Amedeus Stockmanslei 39,2022-10-08,02:00:00,32,29,3,MOR02
543,Amedeus Stockmanslei 39,2022-10-08,03:00:00,12,11,1,MOR02
543,Amedeus Stockmanslei 39,2022-10-08,04:00:00,11,11,0,MOR02
543,Amedeus Stockmanslei 39,2022-10-08,05:00:00,8,8,0,MOR02
543,Amedeus Stockmanslei 39,2022-10-08,06:00:00,16,16,0,MOR02
543,Amedeus Stockmanslei 39,2022-10-08,07:00:00,20,19,1,MOR02
543,Amedeus Stockmanslei 39,2022-10-08,08:00:00,35,35,0,MOR02
543,Amedeus Stockmanslei 39,2022-10-08,09:00:00,74,73,1,MOR02
543,Amedeus Stockmanslei 39,2022-10-08,10:00:00,75,73,2,MOR02
543,Amedeus Stockmanslei 39,2022-10-08,11:00:00,91,91,0,MOR02
543,Amedeus Stockmanslei 39,2022-10-08,12:00:00,100,96,4,MOR02
543,Amedeus Stockmanslei 39,2022-10-08,13:00:00,99,93,6,MOR02
543,Amedeus Stockmanslei 39,2022-10-08,14:00:00,124,122,2,MOR02
543,Amedeus Stockmanslei 39,2022-10-08,15:00:00,121,116,5,MOR02
543,Amedeus Stockmanslei 39,2022-10-08,16:00:00,127,124,3,MOR02
543,Amedeus Stockmanslei 39,2022-10-08,17:00:00,105,103,2,MOR02
543,Amedeus Stockmanslei 39,2022-10-08,18:00:00,95,92,3,MOR02
543,Amedeus Stockmanslei 39,2022-10-08,19:00:00,56,49,7,MOR02
543,Amedeus Stockmanslei 39,2022-10-08,20:00:00,46,43,3,MOR02
543,Amedeus Stockmanslei 39,2022-10-08,21:00:00,37,37,0,MOR02
543,Amedeus Stockmanslei 39,2022-10-08,22:00:00,39,37,2,MOR02
543,Amedeus Stockmanslei 39,2022-10-08,23:00:00,24,24,0,MOR02
543,Amedeus Stockmanslei 39,2022-10-09,00:00:00,31,31,0,MOR02
543,Amedeus Stockmanslei 39,2022-10-09,01:00:00,28,28,0,MOR02
543,Amedeus Stockmanslei 39,2022-10-09,02:00:00,20,19,1,MOR02
543,Amedeus Stockmanslei 39,2022-10-09,03:00:00,16,16,0,MOR02
543,Amedeus Stockmanslei 39,2022-10-09,04:00:00,12,12,0,MOR02
543,Amedeus Stockmanslei 39,2022-10-09,05:00:00,12,12,0,MOR02
543,Amedeus Stockmanslei 39,2022-10-09,06:00:00,8,8,0,MOR02
543,Amedeus Stockmanslei 39,2022-10-09,07:00:00,15,15,0,MOR02
543,Amedeus Stockmanslei 39,2022-10-09,08:00:00,30,30,0,MOR02
543,Amedeus Stockmanslei 39,2022-10-09,09:00:00,59,58,1,MOR02
543,Amedeus Stockmanslei 39,2022-10-09,10:00:00,65,62,3,MOR02
543,Amedeus Stockmanslei 39,2022-10-09,11:00:00,93,89,4,MOR02
543,Amedeus Stockmanslei 39,2022-10-09,12:00:00,118,114,4,MOR02
543,Amedeus Stockmanslei 39,2022-10-09,13:00:00,129,123,6,MOR02
543,Amedeus Stockmanslei 39,2022-10-09,14:00:00,145,142,3,MOR02
543,Amedeus Stockmanslei 39,2022-10-09,15:00:00,138,131,7,MOR02
543,Amedeus Stockmanslei 39,2022-10-09,16:00:00,126,117,9,MOR02
543,Amedeus Stockmanslei 39,2022-10-09,17:00:00,159,152,7,MOR02
543,Amedeus Stockmanslei 39,2022-10-09,18:00:00,88,82,6,MOR02
543,Amedeus Stockmanslei 39,2022-10-09,19:00:00,41,38,3,MOR02
543,Amedeus Stockmanslei 39,2022-10-09,20:00:00,30,24,6,MOR02
543,Amedeus Stockmanslei 39,2022-10-09,21:00:00,37,35,2,MOR02
543,Amedeus Stockmanslei 39,2022-10-09,22:00:00,27,27,0,MOR02
543,Amedeus Stockmanslei 39,2022-10-09,23:00:00,19,19,0,MOR02
543,Amedeus Stockmanslei 39,2022-10-10,00:00:00,7,7,0,MOR02
543,Amedeus Stockmanslei 39,2022-10-10,01:00:00,2,2,0,MOR02
543,Amedeus Stockmanslei 39,2022-10-10,02:00:00,5,3,2,MOR02
543,Amedeus Stockmanslei 39,2022-10-10,03:00:00,1,1,0,MOR02
543,Amedeus Stockmanslei 39,2022-10-10,04:00:00,4,4,0,MOR02
543,Amedeus Stockmanslei 39,2022-10-10,05:00:00,18,17,1,MOR02
543,Amedeus Stockmanslei 39,2022-10-10,06:00:00,40,40,0,MOR02
543,Amedeus Stockmanslei 39,2022-10-10,07:00:00,123,121,2,MOR02
543,Amedeus Stockmanslei 39,2022-10-10,08:00:00,179,179,0,MOR02
543,Amedeus Stockmanslei 39,2022-10-10,09:00:00,52,52,0,MOR02
543,Amedeus Stockmanslei 39,2022-10-10,10:00:00,36,35,1,MOR02
543,Amedeus Stockmanslei 39,2022-10-10,11:00:00,11,11,0,MOR02
543,Amedeus Stockmanslei 39,2022-10-10,12:00:00,5,5,0,MOR02
543,Amedeus Stockmanslei 39,2022-10-10,13:00:00,10,10,0,MOR02
543,Amedeus Stockmanslei 39,2022-10-10,14:00:00,26,26,0,MOR02
543,Amedeus Stockmanslei 39,2022-10-10,15:00:00,187,185,2,MOR02
543,Amedeus Stockmanslei 39,2022-10-10,16:00:00,374,374,0,MOR02
543,Amedeus Stockmanslei 39,2022-10-10,17:00:00,397,395,2,MOR02
543,Amedeus Stockmanslei 39,2022-10-10,18:00:00,230,228,2,MOR02
543,Amedeus Stockmanslei 39,2022-10-10,19:00:00,101,99,2,MOR02
543,Amedeus Stockmanslei 39,2022-10-10,20:00:00,66,64,2,MOR02
543,Amedeus Stockmanslei 39,2022-10-10,21:00:00,57,56,1,MOR02
543,Amedeus Stockmanslei 39,2022-10-10,22:00:00,42,41,1,MOR02
543,Amedeus Stockmanslei 39,2022-10-10,23:00:00,33,32,1,MOR02
543,Amedeus Stockmanslei 39,2022-10-11,00:00:00,12,12,0,MOR02
543,Amedeus Stockmanslei 39,2022-10-11,01:00:00,5,5,0,MOR02
543,Amedeus Stockmanslei 39,2022-10-11,02:00:00,5,5,0,MOR02
543,Amedeus Stockmanslei 39,2022-10-11,03:00:00,1,1,0,MOR02
543,Amedeus Stockmanslei 39,2022-10-11,04:00:00,6,6,0,MOR02
543,Amedeus Stockmanslei 39,2022-10-11,05:00:00,17,16,1,MOR02
543,Amedeus Stockmanslei 39,2022-10-11,06:00:00,44,44,0,MOR02
543,Amedeus Stockmanslei 39,2022-10-11,07:00:00,117,116,1,MOR02
543,Amedeus Stockmanslei 39,2022-10-11,08:00:00,204,200,4,MOR02
543,Amedeus Stockmanslei 39,2022-10-11,09:00:00,59,57,2,MOR02
543,Amedeus Stockmanslei 39,2022-10-11,10:00:00,12,11,1,MOR02
543,Amedeus Stockmanslei 39,2022-10-11,11:00:00,59,58,1,MOR02
543,Amedeus Stockmanslei 39,2022-10-11,12:00:00,109,108,1,MOR02
543,Amedeus Stockmanslei 39,2022-10-11,13:00:00,96,94,2,MOR02
543,Amedeus Stockmanslei 39,2022-10-11,14:00:00,117,114,3,MOR02
543,Amedeus Stockmanslei 39,2022-10-11,15:00:00,199,196,3,MOR02
543,Amedeus Stockmanslei 39,2022-10-11,16:00:00,423,420,3,MOR02
543,Amedeus Stockmanslei 39,2022-10-11,17:00:00,453,449,4,MOR02
543,Amedeus Stockmanslei 39,2022-10-11,18:00:00,304,303,1,MOR02
543,Amedeus Stockmanslei 39,2022-10-11,19:00:00,143,143,0,MOR02
543,Amedeus Stockmanslei 39,2022-10-11,20:00:00,72,70,2,MOR02
543,Amedeus Stockmanslei 39,2022-10-11,21:00:00,72,70,2,MOR02
543,Amedeus Stockmanslei 39,2022-10-11,22:00:00,55,53,2,MOR02
543,Amedeus Stockmanslei 39,2022-10-11,23:00:00,37,32,5,MOR02
543,Amedeus Stockmanslei 39,2022-10-12,00:00:00,11,11,0,MOR02
543,Amedeus Stockmanslei 39,2022-10-12,01:00:00,2,2,0,MOR02
543,Amedeus Stockmanslei 39,2022-10-12,02:00:00,3,3,0,MOR02
543,Amedeus Stockmanslei 39,2022-10-12,03:00:00,5,4,1,MOR02
543,Amedeus Stockmanslei 39,2022-10-12,04:00:00,6,6,0,MOR02
543,Amedeus Stockmanslei 39,2022-10-12,05:00:00,15,15,0,MOR02
543,Amedeus Stockmanslei 39,2022-10-12,06:00:00,36,36,0,MOR02
543,Amedeus Stockmanslei 39,2022-10-12,07:00:00,92,90,2,MOR02
543,Amedeus Stockmanslei 39,2022-10-12,08:00:00,164,161,3,MOR02
543,Amedeus Stockmanslei 39,2022-10-12,09:00:00,85,83,2,MOR02
543,Amedeus Stockmanslei 39,2022-10-12,10:00:00,93,90,3,MOR02
543,Amedeus Stockmanslei 39,2022-10-12,11:00:00,90,89,1,MOR02
543,Amedeus Stockmanslei 39,2022-10-12,12:00:00,199,195,4,MOR02
543,Amedeus Stockmanslei 39,2022-10-12,13:00:00,177,175,2,MOR02
543,Amedeus Stockmanslei 39,2022-10-12,14:00:00,149,146,3,MOR02
543,Amedeus Stockmanslei 39,2022-10-12,15:00:00,173,171,2,MOR02
543,Amedeus Stockmanslei 39,2022-10-12,16:00:00,273,272,1,MOR02
543,Amedeus Stockmanslei 39,2022-10-12,17:00:00,366,364,2,MOR02
543,Amedeus Stockmanslei 39,2022-10-12,18:00:00,238,236,2,MOR02
543,Amedeus Stockmanslei 39,2022-10-12,19:00:00,120,120,0,MOR02
543,Amedeus Stockmanslei 39,2022-10-12,20:00:00,61,60,1,MOR02
543,Amedeus Stockmanslei 39,2022-10-12,21:00:00,55,54,1,MOR02
543,Amedeus Stockmanslei 39,2022-10-12,22:00:00,61,60,1,MOR02
543,Amedeus Stockmanslei 39,2022-10-12,23:00:00,39,37,2,MOR02
543,Amedeus Stockmanslei 39,2022-10-13,00:00:00,17,17,0,MOR02
543,Amedeus Stockmanslei 39,2022-10-13,01:00:00,6,6,0,MOR02
543,Amedeus Stockmanslei 39,2022-10-13,02:00:00,1,1,0,MOR02
543,Amedeus Stockmanslei 39,2022-10-13,03:00:00,4,2,2,MOR02
543,Amedeus Stockmanslei 39,2022-10-13,04:00:00,5,5,0,MOR02
543,Amedeus Stockmanslei 39,2022-10-13,05:00:00,15,15,0,MOR02
543,Amedeus Stockmanslei 39,2022-10-13,06:00:00,40,39,1,MOR02
543,Amedeus Stockmanslei 39,2022-10-13,07:00:00,83,82,1,MOR02
543,Amedeus Stockmanslei 39,2022-10-13,08:00:00,164,164,0,MOR02
543,Amedeus Stockmanslei 39,2022-10-13,09:00:00,50,48,2,MOR02
543,Amedeus Stockmanslei 39,2022-10-13,10:00:00,40,37,3,MOR02
543,Amedeus Stockmanslei 39,2022-10-13,11:00:00,53,50,3,MOR02
543,Amedeus Stockmanslei 39,2022-10-13,12:00:00,83,82,1,MOR02
543,Amedeus Stockmanslei 39,2022-10-13,13:00:00,66,65,1,MOR02
543,Amedeus Stockmanslei 39,2022-10-13,14:00:00,66,66,0,MOR02
543,Amedeus Stockmanslei 39,2022-10-13,15:00:00,157,155,2,MOR02
543,Amedeus Stockmanslei 39,2022-10-13,16:00:00,295,295,0,MOR02
543,Amedeus Stockmanslei 39,2022-10-13,17:00:00,374,370,4,MOR02
543,Amedeus Stockmanslei 39,2022-10-13,18:00:00,203,202,1,MOR02
543,Amedeus Stockmanslei 39,2022-10-13,19:00:00,97,96,1,MOR02
543,Amedeus Stockmanslei 39,2022-10-13,20:00:00,60,56,4,MOR02
543,Amedeus Stockmanslei 39,2022-10-13,21:00:00,48,47,1,MOR02
543,Amedeus Stockmanslei 39,2022-10-13,22:00:00,68,66,2,MOR02
543,Amedeus Stockmanslei 39,2022-10-13,23:00:00,32,31,1,MOR02
543,Amedeus Stockmanslei 39,2022-10-14,00:00:00,22,20,2,MOR02
543,Amedeus Stockmanslei 39,2022-10-14,01:00:00,7,7,0,MOR02
543,Amedeus Stockmanslei 39,2022-10-14,02:00:00,10,9,1,MOR02
543,Amedeus Stockmanslei 39,2022-10-14,03:00:00,7,6,1,MOR02
543,Amedeus Stockmanslei 39,2022-10-14,04:00:00,6,6,0,MOR02
543,Amedeus Stockmanslei 39,2022-10-14,05:00:00,21,21,0,MOR02
543,Amedeus Stockmanslei 39,2022-10-14,06:00:00,28,28,0,MOR02
543,Amedeus Stockmanslei 39,2022-10-14,07:00:00,73,69,4,MOR02
543,Amedeus Stockmanslei 39,2022-10-14,08:00:00,128,128,0,MOR02
543,Amedeus Stockmanslei 39,2022-10-14,09:00:00,42,40,2,MOR02
543,Amedeus Stockmanslei 39,2022-10-14,10:00:00,30,30,0,MOR02
543,Amedeus Stockmanslei 39,2022-10-14,11:00:00,41,37,4,MOR02
543,Amedeus Stockmanslei 39,2022-10-14,12:00:00,99,95,4,MOR02
543,Amedeus Stockmanslei 39,2022-10-14,13:00:00,83,83,0,MOR02
543,Amedeus Stockmanslei 39,2022-10-14,14:00:00,87,86,1,MOR02
543,Amedeus Stockmanslei 39,2022-10-14,15:00:00,162,161,1,MOR02
543,Amedeus Stockmanslei 39,2022-10-14,16:00:00,267,263,4,MOR02
543,Amedeus Stockmanslei 39,2022-10-14,17:00:00,242,241,1,MOR02
543,Amedeus Stockmanslei 39,2022-10-14,18:00:00,166,164,2,MOR02
543,Amedeus Stockmanslei 39,2022-10-14,19:00:00,93,91,2,MOR02
543,Amedeus Stockmanslei 39,2022-10-14,20:00:00,57,57,0,MOR02
543,Amedeus Stockmanslei 39,2022-10-14,21:00:00,35,35,0,MOR02
543,Amedeus Stockmanslei 39,2022-10-14,22:00:00,57,56,1,MOR02
543,Amedeus Stockmanslei 39,2022-10-14,23:00:00,41,38,3,MOR02
543,Amedeus Stockmanslei 39,2022-10-15,00:00:00,37,36,1,MOR02
543,Amedeus Stockmanslei 39,2022-10-15,01:00:00,33,32,1,MOR02
543,Amedeus Stockmanslei 39,2022-10-15,02:00:00,12,12,0,MOR02
543,Amedeus Stockmanslei 39,2022-10-15,03:00:00,20,20,0,MOR02
543,Amedeus Stockmanslei 39,2022-10-15,04:00:00,10,10,0,MOR02
543,Amedeus Stockmanslei 39,2022-10-15,05:00:00,17,17,0,MOR02
543,Amedeus Stockmanslei 39,2022-10-15,06:00:00,15,14,1,MOR02
543,Amedeus Stockmanslei 39,2022-10-15,07:00:00,21,20,1,MOR02
543,Amedeus Stockmanslei 39,2022-10-15,08:00:00,23,23,0,MOR02
543,Amedeus Stockmanslei 39,2022-10-15,09:00:00,52,51,1,MOR02
543,Amedeus Stockmanslei 39,2022-10-15,10:00:00,43,40,3,MOR02
543,Amedeus Stockmanslei 39,2022-10-15,11:00:00,55,53,2,MOR02
543,Amedeus Stockmanslei 39,2022-10-15,12:00:00,69,67,2,MOR02
543,Amedeus Stockmanslei 39,2022-10-15,13:00:00,61,57,4,MOR02
543,Amedeus Stockmanslei 39,2022-10-15,14:00:00,88,83,5,MOR02
543,Amedeus Stockmanslei 39,2022-10-15,15:00:00,105,105,0,MOR02
543,Amedeus Stockmanslei 39,2022-10-15,16:00:00,82,78,4,MOR02
543,Amedeus Stockmanslei 39,2022-10-15,17:00:00,94,94,0,MOR02
543,Amedeus Stockmanslei 39,2022-10-15,18:00:00,83,81,2,MOR02
543,Amedeus Stockmanslei 39,2022-10-15,19:00:00,42,42,0,MOR02
543,Amedeus Stockmanslei 39,2022-10-15,20:00:00,38,31,7,MOR02
543,Amedeus Stockmanslei 39,2022-10-15,21:00:00,32,31,1,MOR02
543,Amedeus Stockmanslei 39,2022-10-15,22:00:00,49,48,1,MOR02
543,Amedeus Stockmanslei 39,2022-10-15,23:00:00,48,47,1,MOR02
543,Amedeus Stockmanslei 39,2022-10-16,00:00:00,37,37,0,MOR02
543,Amedeus Stockmanslei 39,2022-10-16,01:00:00,27,26,1,MOR02
543,Amedeus Stockmanslei 39,2022-10-16,02:00:00,21,19,2,MOR02
543,Amedeus Stockmanslei 39,2022-10-16,03:00:00,8,8,0,MOR02
543,Amedeus Stockmanslei 39,2022-10-16,04:00:00,8,7,1,MOR02
543,Amedeus Stockmanslei 39,2022-10-16,05:00:00,6,6,0,MOR02
543,Amedeus Stockmanslei 39,2022-10-16,06:00:00,6,6,0,MOR02
543,Amedeus Stockmanslei 39,2022-10-16,07:00:00,11,11,0,MOR02
543,Amedeus Stockmanslei 39,2022-10-16,08:00:00,18,16,2,MOR02
543,Amedeus Stockmanslei 39,2022-10-16,09:00:00,75,74,1,MOR02
543,Amedeus Stockmanslei 39,2022-10-16,10:00:00,75,74,1,MOR02
543,Amedeus Stockmanslei 39,2022-10-16,11:00:00,110,108,2,MOR02
543,Amedeus Stockmanslei 39,2022-10-16,12:00:00,110,110,0,MOR02
543,Amedeus Stockmanslei 39,2022-10-16,13:00:00,132,128,4,MOR02
543,Amedeus Stockmanslei 39,2022-10-16,14:00:00,120,116,4,MOR02
543,Amedeus Stockmanslei 39,2022-10-16,15:00:00,130,126,4,MOR02
543,Amedeus Stockmanslei 39,2022-10-16,16:00:00,99,92,7,MOR02
543,Amedeus Stockmanslei 39,2022-10-16,17:00:00,103,101,2,MOR02
543,Amedeus Stockmanslei 39,2022-10-16,18:00:00,47,47,0,MOR02
543,Amedeus Stockmanslei 39,2022-10-16,19:00:00,67,65,2,MOR02
543,Amedeus Stockmanslei 39,2022-10-16,20:00:00,24,22,2,MOR02
543,Amedeus Stockmanslei 39,2022-10-16,21:00:00,20,20,0,MOR02
543,Amedeus Stockmanslei 39,2022-10-16,22:00:00,27,27,0,MOR02
543,Amedeus Stockmanslei 39,2022-10-16,23:00:00,11,11,0,MOR02
543,Amedeus Stockmanslei 39,2022-10-17,00:00:00,9,9,0,MOR02
543,Amedeus Stockmanslei 39,2022-10-17,01:00:00,4,4,0,MOR02
543,Amedeus Stockmanslei 39,2022-10-17,02:00:00,3,3,0,MOR02
543,Amedeus Stockmanslei 39,2022-10-17,03:00:00,3,2,1,MOR02
543,Amedeus Stockmanslei 39,2022-10-17,04:00:00,5,4,1,MOR02
543,Amedeus Stockmanslei 39,2022-10-17,05:00:00,14,14,0,MOR02
543,Amedeus Stockmanslei 39,2022-10-17,06:00:00,37,36,1,MOR02
543,Amedeus Stockmanslei 39,2022-10-17,07:00:00,122,120,2,MOR02
543,Amedeus Stockmanslei 39,2022-10-17,08:00:00,165,164,1,MOR02
543,Amedeus Stockmanslei 39,2022-10-17,09:00:00,65,65,0,MOR02
543,Amedeus Stockmanslei 39,2022-10-17,10:00:00,24,23,1,MOR02
543,Amedeus Stockmanslei 39,2022-10-17,11:00:00,36,34,2,MOR02
543,Amedeus Stockmanslei 39,2022-10-17,12:00:00,62,61,1,MOR02
543,Amedeus Stockmanslei 39,2022-10-17,13:00:00,54,51,3,MOR02
543,Amedeus Stockmanslei 39,2022-10-17,14:00:00,70,69,1,MOR02
543,Amedeus Stockmanslei 39,2022-10-17,15:00:00,152,150,2,MOR02
543,Amedeus Stockmanslei 39,2022-10-17,16:00:00,319,316,3,MOR02
543,Amedeus Stockmanslei 39,2022-10-17,17:00:00,374,374,0,MOR02
543,Amedeus Stockmanslei 39,2022-10-17,18:00:00,222,221,1,MOR02
543,Amedeus Stockmanslei 39,2022-10-17,19:00:00,92,91,1,MOR02
543,Amedeus Stockmanslei 39,2022-10-17,20:00:00,50,50,0,MOR02
543,Amedeus Stockmanslei 39,2022-10-17,21:00:00,47,46,1,MOR02
543,Amedeus Stockmanslei 39,2022-10-17,22:00:00,38,37,1,MOR02
543,Amedeus Stockmanslei 39,2022-10-17,23:00:00,20,20,0,MOR02
543,Amedeus Stockmanslei 39,2022-10-18,00:00:00,7,7,0,MOR02
543,Amedeus Stockmanslei 39,2022-10-18,01:00:00,2,2,0,MOR02
543,Amedeus Stockmanslei 39,2022-10-18,02:00:00,4,4,0,MOR02
543,Amedeus Stockmanslei 39,2022-10-18,03:00:00,3,2,1,MOR02
543,Amedeus Stockmanslei 39,2022-10-18,04:00:00,9,8,1,MOR02
543,Amedeus Stockmanslei 39,2022-10-18,05:00:00,23,23,0,MOR02
543,Amedeus Stockmanslei 39,2022-10-18,06:00:00,35,32,3,MOR02
543,Amedeus Stockmanslei 39,2022-10-18,07:00:00,120,120,0,MOR02
543,Amedeus Stockmanslei 39,2022-10-18,08:00:00,193,193,0,MOR02
543,Amedeus Stockmanslei 39,2022-10-18,09:00:00,65,65,0,MOR02
543,Amedeus Stockmanslei 39,2022-10-18,10:00:00,62,61,1,MOR02
543,Amedeus Stockmanslei 39,2022-10-18,11:00:00,75,73,2,MOR02
543,Amedeus Stockmanslei 39,2022-10-18,12:00:00,110,108,2,MOR02
543,Amedeus Stockmanslei 39,2022-10-18,13:00:00,129,128,1,MOR02
543,Amedeus Stockmanslei 39,2022-10-18,14:00:00,125,124,1,MOR02
543,Amedeus Stockmanslei 39,2022-10-18,15:00:00,228,226,2,MOR02
543,Amedeus Stockmanslei 39,2022-10-18,16:00:00,478,473,5,MOR02
543,Amedeus Stockmanslei 39,2022-10-18,17:00:00,481,478,3,MOR02
543,Amedeus Stockmanslei 39,2022-10-18,18:00:00,311,309,2,MOR02
543,Amedeus Stockmanslei 39,2022-10-18,19:00:00,116,114,2,MOR02
543,Amedeus Stockmanslei 39,2022-10-18,20:00:00,69,69,0,MOR02
543,Amedeus Stockmanslei 39,2022-10-18,21:00:00,63,61,2,MOR02
543,Amedeus Stockmanslei 39,2022-10-18,22:00:00,68,65,3,MOR02
543,Amedeus Stockmanslei 39,2022-10-18,23:00:00,32,31,1,MOR02
543,Amedeus Stockmanslei 39,2022-10-19,00:00:00,13,13,0,MOR02
543,Amedeus Stockmanslei 39,2022-10-19,01:00:00,5,4,1,MOR02
543,Amedeus Stockmanslei 39,2022-10-19,02:00:00,6,5,1,MOR02
543,Amedeus Stockmanslei 39,2022-10-19,03:00:00,3,3,0,MOR02
543,Amedeus Stockmanslei 39,2022-10-19,04:00:00,13,12,1,MOR02
543,Amedeus Stockmanslei 39,2022-10-19,05:00:00,18,18,0,MOR02
543,Amedeus Stockmanslei 39,2022-10-19,06:00:00,42,41,1,MOR02
543,Amedeus Stockmanslei 39,2022-10-19,07:00:00,131,129,2,MOR02
543,Amedeus Stockmanslei 39,2022-10-19,08:00:00,189,189,0,MOR02
543,Amedeus Stockmanslei 39,2022-10-19,09:00:00,80,80,0,MOR02
543,Amedeus Stockmanslei 39,2022-10-19,10:00:00,89,87,2,MOR02
543,Amedeus Stockmanslei 39,2022-10-19,11:00:00,88,86,2,MOR02
543,Amedeus Stockmanslei 39,2022-10-19,12:00:00,216,214,2,MOR02
543,Amedeus Stockmanslei 39,2022-10-19,13:00:00,161,155,6,MOR02
543,Amedeus Stockmanslei 39,2022-10-19,14:00:00,125,121,4,MOR02
543,Amedeus Stockmanslei 39,2022-10-19,15:00:00,183,178,5,MOR02
543,Amedeus Stockmanslei 39,2022-10-19,16:00:00,294,293,1,MOR02
543,Amedeus Stockmanslei 39,2022-10-19,17:00:00,382,381,1,MOR02
543,Amedeus Stockmanslei 39,2022-10-19,18:00:00,235,223,12,MOR02
543,Amedeus Stockmanslei 39,2022-10-19,19:00:00,121,117,4,MOR02
543,Amedeus Stockmanslei 39,2022-10-19,20:00:00,56,54,2,MOR02
543,Amedeus Stockmanslei 39,2022-10-19,21:00:00,46,45,1,MOR02
543,Amedeus Stockmanslei 39,2022-10-19,22:00:00,74,74,0,MOR02
543,Amedeus Stockmanslei 39,2022-10-19,23:00:00,56,56,0,MOR02
543,Amedeus Stockmanslei 39,2022-10-20,00:00:00,24,24,0,MOR02
543,Amedeus Stockmanslei 39,2022-10-20,01:00:00,9,8,1,MOR02
543,Amedeus Stockmanslei 39,2022-10-20,02:00:00,7,7,0,MOR02
543,Amedeus Stockmanslei 39,2022-10-20,03:00:00,5,4,1,MOR02
543,Amedeus Stockmanslei 39,2022-10-20,04:00:00,5,4,1,MOR02
543,Amedeus Stockmanslei 39,2022-10-20,05:00:00,13,13,0,MOR02
543,Amedeus Stockmanslei 39,2022-10-20,06:00:00,45,45,0,MOR02
543,Amedeus Stockmanslei 39,2022-10-20,07:00:00,114,113,1,MOR02
543,Amedeus Stockmanslei 39,2022-10-20,08:00:00,189,189,0,MOR02
543,Amedeus Stockmanslei 39,2022-10-20,09:00:00,49,49,0,MOR02
543,Amedeus Stockmanslei 39,2022-10-20,10:00:00,50,48,2,MOR02
543,Amedeus Stockmanslei 39,2022-10-20,11:00:00,32,30,2,MOR02
543,Amedeus Stockmanslei 39,2022-10-20,12:00:00,83,83,0,MOR02
543,Amedeus Stockmanslei 39,2022-10-20,13:00:00,76,75,1,MOR02
543,Amedeus Stockmanslei 39,2022-10-20,14:00:00,85,84,1,MOR02
543,Amedeus Stockmanslei 39,2022-10-20,15:00:00,175,172,3,MOR02
543,Amedeus Stockmanslei 39,2022-10-20,16:00:00,357,353,4,MOR02
543,Amedeus Stockmanslei 39,2022-10-20,17:00:00,390,387,3,MOR02
543,Amedeus Stockmanslei 39,2022-10-20,18:00:00,247,246,1,MOR02
543,Amedeus Stockmanslei 39,2022-10-20,19:00:00,111,111,0,MOR02
543,Amedeus Stockmanslei 39,2022-10-20,20:00:00,54,54,0,MOR02
543,Amedeus Stockmanslei 39,2022-10-20,21:00:00,76,75,1,MOR02
543,Amedeus Stockmanslei 39,2022-10-20,22:00:00,75,72,3,MOR02
543,Amedeus Stockmanslei 39,2022-10-20,23:00:00,54,52,2,MOR02
543,Amedeus Stockmanslei 39,2022-10-21,00:00:00,26,26,0,MOR02
543,Amedeus Stockmanslei 39,2022-10-21,01:00:00,11,11,0,MOR02
543,Amedeus Stockmanslei 39,2022-10-21,02:00:00,9,9,0,MOR02
543,Amedeus Stockmanslei 39,2022-10-21,03:00:00,15,13,2,MOR02
543,Amedeus Stockmanslei 39,2022-10-21,04:00:00,7,4,3,MOR02
543,Amedeus Stockmanslei 39,2022-10-21,05:00:00,17,17,0,MOR02
543,Amedeus Stockmanslei 39,2022-10-21,06:00:00,44,40,4,MOR02
543,Amedeus Stockmanslei 39,2022-10-21,07:00:00,120,119,1,MOR02
543,Amedeus Stockmanslei 39,2022-10-21,08:00:00,185,168,17,MOR02
543,Amedeus Stockmanslei 39,2022-10-21,09:00:00,51,50,1,MOR02
543,Amedeus Stockmanslei 39,2022-10-21,10:00:00,66,61,5,MOR02
543,Amedeus Stockmanslei 39,2022-10-21,11:00:00,64,61,3,MOR02
543,Amedeus Stockmanslei 39,2022-10-21,12:00:00,105,103,2,MOR02
543,Amedeus Stockmanslei 39,2022-10-21,13:00:00,123,121,2,MOR02
543,Amedeus Stockmanslei 39,2022-10-21,14:00:00,148,142,6,MOR02
543,Amedeus Stockmanslei 39,2022-10-21,15:00:00,207,203,4,MOR02
543,Amedeus Stockmanslei 39,2022-10-21,16:00:00,327,325,2,MOR02
543,Amedeus Stockmanslei 39,2022-10-21,17:00:00,343,342,1,MOR02
543,Amedeus Stockmanslei 39,2022-10-21,18:00:00,171,170,1,MOR02
543,Amedeus Stockmanslei 39,2022-10-21,19:00:00,102,92,10,MOR02
543,Amedeus Stockmanslei 39,2022-10-21,20:00:00,81,79,2,MOR02
543,Amedeus Stockmanslei 39,2022-10-21,21:00:00,49,47,2,MOR02
543,Amedeus Stockmanslei 39,2022-10-21,22:00:00,72,71,1,MOR02
543,Amedeus Stockmanslei 39,2022-10-21,23:00:00,61,60,1,MOR02
543,Amedeus Stockmanslei 39,2022-10-22,00:00:00,46,45,1,MOR02
543,Amedeus Stockmanslei 39,2022-10-22,01:00:00,38,37,1,MOR02
543,Amedeus Stockmanslei 39,2022-10-22,02:00:00,22,22,0,MOR02
543,Amedeus Stockmanslei 39,2022-10-22,03:00:00,17,17,0,MOR02
543,Amedeus Stockmanslei 39,2022-10-22,04:00:00,20,20,0,MOR02
543,Amedeus Stockmanslei 39,2022-10-22,05:00:00,10,10,0,MOR02
543,Amedeus Stockmanslei 39,2022-10-22,06:00:00,11,11,0,MOR02
543,Amedeus Stockmanslei 39,2022-10-22,07:00:00,28,27,1,MOR02
543,Amedeus Stockmanslei 39,2022-10-22,08:00:00,39,39,0,MOR02
543,Amedeus Stockmanslei 39,2022-10-22,09:00:00,73,66,7,MOR02
543,Amedeus Stockmanslei 39,2022-10-22,10:00:00,86,81,5,MOR02
543,Amedeus Stockmanslei 39,2022-10-22,11:00:00,103,99,4,MOR02
543,Amedeus Stockmanslei 39,2022-10-22,12:00:00,98,97,1,MOR02
543,Amedeus Stockmanslei 39,2022-10-22,13:00:00,122,119,3,MOR02
543,Amedeus Stockmanslei 39,2022-10-22,14:00:00,135,135,0,MOR02
543,Amedeus Stockmanslei 39,2022-10-22,15:00:00,114,109,5,MOR02
543,Amedeus Stockmanslei 39,2022-10-22,16:00:00,132,127,5,MOR02
543,Amedeus Stockmanslei 39,2022-10-22,17:00:00,89,85,4,MOR02
543,Amedeus Stockmanslei 39,2022-10-22,18:00:00,104,101,3,MOR02
543,Amedeus Stockmanslei 39,2022-10-22,19:00:00,68,63,5,MOR02
543,Amedeus Stockmanslei 39,2022-10-22,20:00:00,54,47,7,MOR02
543,Amedeus Stockmanslei 39,2022-10-22,21:00:00,36,32,4,MOR02
543,Amedeus Stockmanslei 39,2022-10-22,22:00:00,40,37,3,MOR02
543,Amedeus Stockmanslei 39,2022-10-22,23:00:00,39,38,1,MOR02
543,Amedeus Stockmanslei 39,2022-10-23,00:00:00,53,53,0,MOR02
543,Amedeus Stockmanslei 39,2022-10-23,01:00:00,32,31,1,MOR02
543,Amedeus Stockmanslei 39,2022-10-23,02:00:00,29,29,0,MOR02
543,Amedeus Stockmanslei 39,2022-10-23,03:00:00,20,20,0,MOR02
543,Amedeus Stockmanslei 39,2022-10-23,04:00:00,5,5,0,MOR02
543,Amedeus Stockmanslei 39,2022-10-23,05:00:00,5,5,0,MOR02
543,Amedeus Stockmanslei 39,2022-10-23,06:00:00,11,11,0,MOR02
543,Amedeus Stockmanslei 39,2022-10-23,07:00:00,13,13,0,MOR02
543,Amedeus Stockmanslei 39,2022-10-23,08:00:00,18,18,0,MOR02
543,Amedeus Stockmanslei 39,2022-10-23,09:00:00,78,75,3,MOR02
543,Amedeus Stockmanslei 39,2022-10-23,10:00:00,71,70,1,MOR02
543,Amedeus Stockmanslei 39,2022-10-23,11:00:00,95,93,2,MOR02
543,Amedeus Stockmanslei 39,2022-10-23,12:00:00,94,92,2,MOR02
543,Amedeus Stockmanslei 39,2022-10-23,13:00:00,100,93,7,MOR02
543,Amedeus Stockmanslei 39,2022-10-23,14:00:00,99,96,3,MOR02
543,Amedeus Stockmanslei 39,2022-10-23,15:00:00,103,99,4,MOR02
543,Amedeus Stockmanslei 39,2022-10-23,16:00:00,118,111,7,MOR02
543,Amedeus Stockmanslei 39,2022-10-23,17:00:00,95,94,1,MOR02
543,Amedeus Stockmanslei 39,2022-10-23,18:00:00,57,54,3,MOR02
543,Amedeus Stockmanslei 39,2022-10-23,19:00:00,47,46,1,MOR02
543,Amedeus Stockmanslei 39,2022-10-23,20:00:00,19,15,4,MOR02
543,Amedeus Stockmanslei 39,2022-10-23,21:00:00,16,16,0,MOR02
543,Amedeus Stockmanslei 39,2022-10-23,22:00:00,27,27,0,MOR02
543,Amedeus Stockmanslei 39,2022-10-23,23:00:00,11,11,0,MOR02
543,Amedeus Stockmanslei 39,2022-10-24,00:00:00,9,9,0,MOR02
543,Amedeus Stockmanslei 39,2022-10-24,01:00:00,1,1,0,MOR02
543,Amedeus Stockmanslei 39,2022-10-24,02:00:00,2,1,1,MOR02
543,Amedeus Stockmanslei 39,2022-10-24,03:00:00,2,2,0,MOR02
543,Amedeus Stockmanslei 39,2022-10-24,04:00:00,6,6,0,MOR02
543,Amedeus Stockmanslei 39,2022-10-24,05:00:00,18,18,0,MOR02
543,Amedeus Stockmanslei 39,2022-10-24,06:00:00,29,28,1,MOR02
543,Amedeus Stockmanslei 39,2022-10-24,07:00:00,102,102,0,MOR02
543,Amedeus Stockmanslei 39,2022-10-24,08:00:00,174,172,2,MOR02
543,Amedeus Stockmanslei 39,2022-10-24,09:00:00,67,66,1,MOR02
543,Amedeus Stockmanslei 39,2022-10-24,10:00:00,50,50,0,MOR02
543,Amedeus Stockmanslei 39,2022-10-24,11:00:00,52,51,1,MOR02
543,Amedeus Stockmanslei 39,2022-10-24,12:00:00,99,98,1,MOR02
543,Amedeus Stockmanslei 39,2022-10-24,13:00:00,76,76,0,MOR02
543,Amedeus Stockmanslei 39,2022-10-24,14:00:00,81,79,2,MOR02
543,Amedeus Stockmanslei 39,2022-10-24,15:00:00,158,156,2,MOR02
543,Amedeus Stockmanslei 39,2022-10-24,16:00:00,322,322,0,MOR02
543,Amedeus Stockmanslei 39,2022-10-24,17:00:00,388,386,2,MOR02
543,Amedeus Stockmanslei 39,2022-10-24,18:00:00,249,244,5,MOR02
543,Amedeus Stockmanslei 39,2022-10-24,19:00:00,73,73,0,MOR02
543,Amedeus Stockmanslei 39,2022-10-24,20:00:00,51,51,0,MOR02
543,Amedeus Stockmanslei 39,2022-10-24,21:00:00,48,47,1,MOR02
543,Amedeus Stockmanslei 39,2022-10-24,22:00:00,45,43,2,MOR02
543,Amedeus Stockmanslei 39,2022-10-24,23:00:00,15,15,0,MOR02
543,Amedeus Stockmanslei 39,2022-10-25,00:00:00,5,4,1,MOR02
543,Amedeus Stockmanslei 39,2022-10-25,01:00:00,2,2,0,MOR02
543,Amedeus Stockmanslei 39,2022-10-25,02:00:00,3,3,0,MOR02
543,Amedeus Stockmanslei 39,2022-10-25,03:00:00,3,2,1,MOR02
543,Amedeus Stockmanslei 39,2022-10-25,04:00:00,6,6,0,MOR02
543,Amedeus Stockmanslei 39,2022-10-25,05:00:00,17,15,2,MOR02
543,Amedeus Stockmanslei 39,2022-10-25,06:00:00,43,43,0,MOR02
543,Amedeus Stockmanslei 39,2022-10-25,07:00:00,129,129,0,MOR02
543,Amedeus Stockmanslei 39,2022-10-25,08:00:00,201,201,0,MOR02
543,Amedeus Stockmanslei 39,2022-10-25,09:00:00,77,75,2,MOR02
543,Amedeus Stockmanslei 39,2022-10-25,10:00:00,62,61,1,MOR02
543,Amedeus Stockmanslei 39,2022-10-25,11:00:00,86,86,0,MOR02
543,Amedeus Stockmanslei 39,2022-10-25,12:00:00,97,96,1,MOR02
543,Amedeus Stockmanslei 39,2022-10-25,13:00:00,103,100,3,MOR02
543,Amedeus Stockmanslei 39,2022-10-25,14:00:00,97,96,1,MOR02
543,Amedeus Stockmanslei 39,2022-10-25,15:00:00,199,195,4,MOR02
543,Amedeus Stockmanslei 39,2022-10-25,16:00:00,439,437,2,MOR02
543,Amedeus Stockmanslei 39,2022-10-25,17:00:00,463,460,3,MOR02
543,Amedeus Stockmanslei 39,2022-10-25,18:00:00,291,290,1,MOR02
543,Amedeus Stockmanslei 39,2022-10-25,19:00:00,137,137,0,MOR02
543,Amedeus Stockmanslei 39,2022-10-25,20:00:00,57,55,2,MOR02
543,Amedeus Stockmanslei 39,2022-10-25,21:00:00,68,66,2,MOR02
543,Amedeus Stockmanslei 39,2022-10-25,22:00:00,67,65,2,MOR02
543,Amedeus Stockmanslei 39,2022-10-25,23:00:00,34,32,2,MOR02
543,Amedeus Stockmanslei 39,2022-10-26,00:00:00,14,14,0,MOR02
543,Amedeus Stockmanslei 39,2022-10-26,01:00:00,9,9,0,MOR02
543,Amedeus Stockmanslei 39,2022-10-26,02:00:00,3,3,0,MOR02
543,Amedeus Stockmanslei 39,2022-10-26,03:00:00,3,2,1,MOR02
543,Amedeus Stockmanslei 39,2022-10-26,04:00:00,11,11,0,MOR02
543,Amedeus Stockmanslei 39,2022-10-26,05:00:00,19,19,0,MOR02
543,Amedeus Stockmanslei 39,2022-10-26,06:00:00,39,39,0,MOR02
543,Amedeus Stockmanslei 39,2022-10-26,07:00:00,122,122,0,MOR02
543,Amedeus Stockmanslei 39,2022-10-26,08:00:00,199,199,0,MOR02
543,Amedeus Stockmanslei 39,2022-10-26,09:00:00,93,91,2,MOR02
543,Amedeus Stockmanslei 39,2022-10-26,10:00:00,100,99,1,MOR02
543,Amedeus Stockmanslei 39,2022-10-26,11:00:00,115,112,3,MOR02
543,Amedeus Stockmanslei 39,2022-10-26,12:00:00,239,235,4,MOR02
543,Amedeus Stockmanslei 39,2022-10-26,13:00:00,181,177,4,MOR02
543,Amedeus Stockmanslei 39,2022-10-26,14:00:00,151,148,3,MOR02
543,Amedeus Stockmanslei 39,2022-10-26,15:00:00,179,177,2,MOR02
543,Amedeus Stockmanslei 39,2022-10-26,16:00:00,293,292,1,MOR02
543,Amedeus Stockmanslei 39,2022-10-26,17:00:00,387,380,7,MOR02
543,Amedeus Stockmanslei 39,2022-10-26,18:00:00,216,213,3,MOR02
543,Amedeus Stockmanslei 39,2022-10-26,19:00:00,109,108,1,MOR02
543,Amedeus Stockmanslei 39,2022-10-26,20:00:00,61,59,2,MOR02
543,Amedeus Stockmanslei 39,2022-10-26,21:00:00,66,64,2,MOR02
543,Amedeus Stockmanslei 39,2022-10-26,22:00:00,76,74,2,MOR02
543,Amedeus Stockmanslei 39,2022-10-26,23:00:00,53,45,8,MOR02
543,Amedeus Stockmanslei 39,2022-10-27,00:00:00,31,29,2,MOR02
543,Amedeus Stockmanslei 39,2022-10-27,01:00:00,12,12,0,MOR02
543,Amedeus Stockmanslei 39,2022-10-27,02:00:00,8,7,1,MOR02
543,Amedeus Stockmanslei 39,2022-10-27,03:00:00,2,2,0,MOR02
543,Amedeus Stockmanslei 39,2022-10-27,04:00:00,8,8,0,MOR02
543,Amedeus Stockmanslei 39,2022-10-27,05:00:00,18,18,0,MOR02
543,Amedeus Stockmanslei 39,2022-10-27,06:00:00,46,46,0,MOR02
543,Amedeus Stockmanslei 39,2022-10-27,07:00:00,132,132,0,MOR02
543,Amedeus Stockmanslei 39,2022-10-27,08:00:00,204,203,1,MOR02
543,Amedeus Stockmanslei 39,2022-10-27,09:00:00,66,63,3,MOR02
543,Amedeus Stockmanslei 39,2022-10-27,10:00:00,86,83,3,MOR02
543,Amedeus Stockmanslei 39,2022-10-27,11:00:00,78,74,4,MOR02
543,Amedeus Stockmanslei 39,2022-10-27,12:00:00,110,104,6,MOR02
543,Amedeus Stockmanslei 39,2022-10-27,13:00:00,136,134,2,MOR02
543,Amedeus Stockmanslei 39,2022-10-27,14:00:00,125,122,3,MOR02
543,Amedeus Stockmanslei 39,2022-10-27,15:00:00,209,207,2,MOR02
543,Amedeus Stockmanslei 39,2022-10-27,16:00:00,386,386,0,MOR02
543,Amedeus Stockmanslei 39,2022-10-27,17:00:00,452,447,5,MOR02
543,Amedeus Stockmanslei 39,2022-10-27,18:00:00,284,282,2,MOR02
543,Amedeus Stockmanslei 39,2022-10-27,19:00:00,136,134,2,MOR02
543,Amedeus Stockmanslei 39,2022-10-27,20:00:00,80,78,2,MOR02
543,Amedeus Stockmanslei 39,2022-10-27,21:00:00,64,61,3,MOR02
543,Amedeus Stockmanslei 39,2022-10-27,22:00:00,75,72,3,MOR02
543,Amedeus Stockmanslei 39,2022-10-27,23:00:00,58,52,6,MOR02
543,Amedeus Stockmanslei 39,2022-10-28,00:00:00,32,27,5,MOR02
543,Amedeus Stockmanslei 39,2022-10-28,01:00:00,14,13,1,MOR02
543,Amedeus Stockmanslei 39,2022-10-28,02:00:00,12,11,1,MOR02
543,Amedeus Stockmanslei 39,2022-10-28,03:00:00,19,19,0,MOR02
543,Amedeus Stockmanslei 39,2022-10-28,04:00:00,19,19,0,MOR02
543,Amedeus Stockmanslei 39,2022-10-28,05:00:00,20,20,0,MOR02
543,Amedeus Stockmanslei 39,2022-10-28,06:00:00,41,40,1,MOR02
543,Amedeus Stockmanslei 39,2022-10-28,07:00:00,111,111,0,MOR02
543,Amedeus Stockmanslei 39,2022-10-28,08:00:00,176,176,0,MOR02
543,Amedeus Stockmanslei 39,2022-10-28,09:00:00,113,112,1,MOR02
543,Amedeus Stockmanslei 39,2022-10-28,10:00:00,76,73,3,MOR02
543,Amedeus Stockmanslei 39,2022-10-28,11:00:00,99,92,7,MOR02
543,Amedeus Stockmanslei 39,2022-10-28,12:00:00,144,140,4,MOR02
543,Amedeus Stockmanslei 39,2022-10-28,13:00:00,134,127,7,MOR02
543,Amedeus Stockmanslei 39,2022-10-28,14:00:00,152,147,5,MOR02
543,Amedeus Stockmanslei 39,2022-10-28,15:00:00,248,245,3,MOR02
543,Amedeus Stockmanslei 39,2022-10-28,16:00:00,356,351,5,MOR02
543,Amedeus Stockmanslei 39,2022-10-28,17:00:00,295,291,4,MOR02
543,Amedeus Stockmanslei 39,2022-10-28,18:00:00,214,210,4,MOR02
543,Amedeus Stockmanslei 39,2022-10-28,19:00:00,102,99,3,MOR02
543,Amedeus Stockmanslei 39,2022-10-28,20:00:00,73,73,0,MOR02
543,Amedeus Stockmanslei 39,2022-10-28,21:00:00,49,44,5,MOR02
543,Amedeus Stockmanslei 39,2022-10-28,22:00:00,61,59,2,MOR02
543,Amedeus Stockmanslei 39,2022-10-28,23:00:00,69,68,1,MOR02
543,Amedeus Stockmanslei 39,2022-10-29,00:00:00,40,37,3,MOR02
543,Amedeus Stockmanslei 39,2022-10-29,01:00:00,42,40,2,MOR02
543,Amedeus Stockmanslei 39,2022-10-29,02:00:00,37,36,1,MOR02
543,Amedeus Stockmanslei 39,2022-10-29,03:00:00,15,15,0,MOR02
543,Amedeus Stockmanslei 39,2022-10-29,04:00:00,16,15,1,MOR02
543,Amedeus Stockmanslei 39,2022-10-29,05:00:00,12,12,0,MOR02
543,Amedeus Stockmanslei 39,2022-10-29,06:00:00,13,12,1,MOR02
543,Amedeus Stockmanslei 39,2022-10-29,07:00:00,25,24,1,MOR02
543,Amedeus Stockmanslei 39,2022-10-29,08:00:00,43,41,2,MOR02
543,Amedeus Stockmanslei 39,2022-10-29,09:00:00,67,66,1,MOR02
543,Amedeus Stockmanslei 39,2022-10-29,10:00:00,78,76,2,MOR02
543,Amedeus Stockmanslei 39,2022-10-29,11:00:00,108,103,5,MOR02
543,Amedeus Stockmanslei 39,2022-10-29,12:00:00,109,99,10,MOR02
543,Amedeus Stockmanslei 39,2022-10-29,13:00:00,127,122,5,MOR02
543,Amedeus Stockmanslei 39,2022-10-29,14:00:00,159,156,3,MOR02
543,Amedeus Stockmanslei 39,2022-10-29,15:00:00,137,133,4,MOR02
543,Amedeus Stockmanslei 39,2022-10-29,16:00:00,144,142,2,MOR02
543,Amedeus Stockmanslei 39,2022-10-29,17:00:00,137,134,3,MOR02
543,Amedeus Stockmanslei 39,2022-10-29,18:00:00,91,84,7,MOR02
543,Amedeus Stockmanslei 39,2022-10-29,19:00:00,73,70,3,MOR02
543,Amedeus Stockmanslei 39,2022-10-29,20:00:00,44,37,7,MOR02
543,Amedeus Stockmanslei 39,2022-10-29,21:00:00,27,27,0,MOR02
543,Amedeus Stockmanslei 39,2022-10-29,22:00:00,65,58,7,MOR02
543,Amedeus Stockmanslei 39,2022-10-29,23:00:00,75,73,2,MOR02
543,Amedeus Stockmanslei 39,2022-10-30,00:00:00,48,46,2,MOR02
543,Amedeus Stockmanslei 39,2022-10-30,01:00:00,32,32,0,MOR02
543,Amedeus Stockmanslei 39,2022-10-30,02:00:00,40,39,1,MOR02
543,Amedeus Stockmanslei 39,2022-10-30,03:00:00,9,9,0,MOR02
543,Amedeus Stockmanslei 39,2022-10-30,04:00:00,10,10,0,MOR02
543,Amedeus Stockmanslei 39,2022-10-30,05:00:00,13,13,0,MOR02
543,Amedeus Stockmanslei 39,2022-10-30,06:00:00,4,4,0,MOR02
543,Amedeus Stockmanslei 39,2022-10-30,07:00:00,16,16,0,MOR02
543,Amedeus Stockmanslei 39,2022-10-30,08:00:00,42,40,2,MOR02
543,Amedeus Stockmanslei 39,2022-10-30,09:00:00,55,54,1,MOR02
543,Amedeus Stockmanslei 39,2022-10-30,10:00:00,70,70,0,MOR02
543,Amedeus Stockmanslei 39,2022-10-30,11:00:00,102,99,3,MOR02
543,Amedeus Stockmanslei 39,2022-10-30,12:00:00,141,139,2,MOR02
543,Amedeus Stockmanslei 39,2022-10-30,13:00:00,123,115,8,MOR02
543,Amedeus Stockmanslei 39,2022-10-30,14:00:00,153,149,4,MOR02
543,Amedeus Stockmanslei 39,2022-10-30,15:00:00,113,104,9,MOR02
543,Amedeus Stockmanslei 39,2022-10-30,16:00:00,167,161,6,MOR02
543,Amedeus Stockmanslei 39,2022-10-30,17:00:00,76,75,1,MOR02
543,Amedeus Stockmanslei 39,2022-10-30,18:00:00,49,45,4,MOR02
543,Amedeus Stockmanslei 39,2022-10-30,19:00:00,34,32,2,MOR02
543,Amedeus Stockmanslei 39,2022-10-30,20:00:00,31,31,0,MOR02
543,Amedeus Stockmanslei 39,2022-10-30,21:00:00,25,23,2,MOR02
543,Amedeus Stockmanslei 39,2022-10-30,22:00:00,28,26,2,MOR02
543,Amedeus Stockmanslei 39,2022-10-30,23:00:00,23,23,0,MOR02
543,Amedeus Stockmanslei 39,2022-10-31,00:00:00,8,7,1,MOR02
543,Amedeus Stockmanslei 39,2022-10-31,01:00:00,8,7,1,MOR02
543,Amedeus Stockmanslei 39,2022-10-31,02:00:00,11,10,1,MOR02
543,Amedeus Stockmanslei 39,2022-10-31,03:00:00,1,1,0,MOR02
543,Amedeus Stockmanslei 39,2022-10-31,04:00:00,9,8,1,MOR02
543,Amedeus Stockmanslei 39,2022-10-31,05:00:00,15,15,0,MOR02
543,Amedeus Stockmanslei 39,2022-10-31,06:00:00,26,26,0,MOR02
543,Amedeus Stockmanslei 39,2022-10-31,07:00:00,48,48,0,MOR02
543,Amedeus Stockmanslei 39,2022-10-31,08:00:00,46,45,1,MOR02
543,Amedeus Stockmanslei 39,2022-10-31,09:00:00,47,46,1,MOR02
543,Amedeus Stockmanslei 39,2022-10-31,10:00:00,36,35,1,MOR02
543,Amedeus Stockmanslei 39,2022-10-31,11:00:00,55,54,1,MOR02
543,Amedeus Stockmanslei 39,2022-10-31,12:00:00,67,64,3,MOR02
543,Amedeus Stockmanslei 39,2022-10-31,13:00:00,67,62,5,MOR02
543,Amedeus Stockmanslei 39,2022-10-31,14:00:00,80,80,0,MOR02
543,Amedeus Stockmanslei 39,2022-10-31,15:00:00,120,117,3,MOR02
543,Amedeus Stockmanslei 39,2022-10-31,16:00:00,160,158,2,MOR02
543,Amedeus Stockmanslei 39,2022-10-31,17:00:00,168,163,5,MOR02
543,Amedeus Stockmanslei 39,2022-10-31,18:00:00,80,78,2,MOR02
543,Amedeus Stockmanslei 39,2022-10-31,19:00:00,49,48,1,MOR02
543,Amedeus Stockmanslei 39,2022-10-31,20:00:00,45,43,2,MOR02
543,Amedeus Stockmanslei 39,2022-10-31,21:00:00,29,26,3,MOR02
543,Amedeus Stockmanslei 39,2022-10-31,22:00:00,46,38,8,MOR02
543,Amedeus Stockmanslei 39,2022-10-31,23:00:00,29,29,0,MOR02
543,Amedeus Stockmanslei 39,2022-11-01,00:00:00,31,29,2,MOR02
543,Amedeus Stockmanslei 39,2022-11-01,01:00:00,22,22,0,MOR02
543,Amedeus Stockmanslei 39,2022-11-01,02:00:00,13,13,0,MOR02
543,Amedeus Stockmanslei 39,2022-11-01,03:00:00,15,14,1,MOR02
543,Amedeus Stockmanslei 39,2022-11-01,04:00:00,12,12,0,MOR02
543,Amedeus Stockmanslei 39,2022-11-01,05:00:00,13,13,0,MOR02
543,Amedeus Stockmanslei 39,2022-11-01,06:00:00,12,12,0,MOR02
543,Amedeus Stockmanslei 39,2022-11-01,07:00:00,13,13,0,MOR02
543,Amedeus Stockmanslei 39,2022-11-01,08:00:00,17,16,1,MOR02
543,Amedeus Stockmanslei 39,2022-11-01,09:00:00,40,37,3,MOR02
543,Amedeus Stockmanslei 39,2022-11-01,10:00:00,54,53,1,MOR02
543,Amedeus Stockmanslei 39,2022-11-01,11:00:00,59,56,3,MOR02
543,Amedeus Stockmanslei 39,2022-11-01,12:00:00,67,61,6,MOR02
543,Amedeus Stockmanslei 39,2022-11-01,13:00:00,78,76,2,MOR02
543,Amedeus Stockmanslei 39,2022-11-01,14:00:00,78,76,2,MOR02
543,Amedeus Stockmanslei 39,2022-11-01,15:00:00,86,82,4,MOR02
543,Amedeus Stockmanslei 39,2022-11-01,16:00:00,75,72,3,MOR02
543,Amedeus Stockmanslei 39,2022-11-01,17:00:00,73,70,3,MOR02
543,Amedeus Stockmanslei 39,2022-11-01,18:00:00,49,47,2,MOR02
543,Amedeus Stockmanslei 39,2022-11-01,19:00:00,57,56,1,MOR02
543,Amedeus Stockmanslei 39,2022-11-01,20:00:00,38,37,1,MOR02
543,Amedeus Stockmanslei 39,2022-11-01,21:00:00,17,17,0,MOR02
543,Amedeus Stockmanslei 39,2022-11-01,22:00:00,25,25,0,MOR02
543,Amedeus Stockmanslei 39,2022-11-01,23:00:00,26,26,0,MOR02
543,Amedeus Stockmanslei 39,2022-11-02,00:00:00,14,13,1,MOR02
543,Amedeus Stockmanslei 39,2022-11-02,01:00:00,2,2,0,MOR02
543,Amedeus Stockmanslei 39,2022-11-02,02:00:00,6,4,2,MOR02
543,Amedeus Stockmanslei 39,2022-11-02,03:00:00,1,1,0,MOR02
543,Amedeus Stockmanslei 39,2022-11-02,04:00:00,5,4,1,MOR02
543,Amedeus Stockmanslei 39,2022-11-02,05:00:00,15,15,0,MOR02
543,Amedeus Stockmanslei 39,2022-11-02,06:00:00,28,28,0,MOR02
543,Amedeus Stockmanslei 39,2022-11-02,07:00:00,51,51,0,MOR02
543,Amedeus Stockmanslei 39,2022-11-02,08:00:00,73,73,0,MOR02
543,Amedeus Stockmanslei 39,2022-11-02,09:00:00,66,66,0,MOR02
543,Amedeus Stockmanslei 39,2022-11-02,10:00:00,89,88,1,MOR02
543,Amedeus Stockmanslei 39,2022-11-02,11:00:00,84,78,6,MOR02
543,Amedeus Stockmanslei 39,2022-11-02,12:00:00,78,76,2,MOR02
543,Amedeus Stockmanslei 39,2022-11-02,13:00:00,84,81,3,MOR02
543,Amedeus Stockmanslei 39,2022-11-02,14:00:00,109,102,7,MOR02
543,Amedeus Stockmanslei 39,2022-11-02,15:00:00,134,131,3,MOR02
543,Amedeus Stockmanslei 39,2022-11-02,16:00:00,199,198,1,MOR02
543,Amedeus Stockmanslei 39,2022-11-02,17:00:00,244,240,4,MOR02
543,Amedeus Stockmanslei 39,2022-11-02,18:00:00,158,155,3,MOR02
543,Amedeus Stockmanslei 39,2022-11-02,19:00:00,71,69,2,MOR02
543,Amedeus Stockmanslei 39,2022-11-02,20:00:00,37,37,0,MOR02
543,Amedeus Stockmanslei 39,2022-11-02,21:00:00,33,31,2,MOR02
543,Amedeus Stockmanslei 39,2022-11-02,22:00:00,32,31,1,MOR02
543,Amedeus Stockmanslei 39,2022-11-02,23:00:00,39,38,1,MOR02
543,Amedeus Stockmanslei 39,2022-11-03,00:00:00,25,22,3,MOR02
543,Amedeus Stockmanslei 39,2022-11-03,01:00:00,11,11,0,MOR02
543,Amedeus Stockmanslei 39,2022-11-03,02:00:00,5,4,1,MOR02
543,Amedeus Stockmanslei 39,2022-11-03,03:00:00,4,3,1,MOR02
543,Amedeus Stockmanslei 39,2022-11-03,04:00:00,9,8,1,MOR02
543,Amedeus Stockmanslei 39,2022-11-03,05:00:00,18,17,1,MOR02
543,Amedeus Stockmanslei 39,2022-11-03,06:00:00,33,33,0,MOR02
543,Amedeus Stockmanslei 39,2022-11-03,07:00:00,58,58,0,MOR02
543,Amedeus Stockmanslei 39,2022-11-03,08:00:00,79,78,1,MOR02
543,Amedeus Stockmanslei 39,2022-11-03,09:00:00,52,51,1,MOR02
543,Amedeus Stockmanslei 39,2022-11-03,10:00:00,54,49,5,MOR02
543,Amedeus Stockmanslei 39,2022-11-03,11:00:00,42,38,4,MOR02
543,Amedeus Stockmanslei 39,2022-11-03,12:00:00,84,84,0,MOR02
543,Amedeus Stockmanslei 39,2022-11-03,13:00:00,76,75,1,MOR02
543,Amedeus Stockmanslei 39,2022-11-03,14:00:00,87,84,3,MOR02
543,Amedeus Stockmanslei 39,2022-11-03,15:00:00,98,96,2,MOR02
543,Amedeus Stockmanslei 39,2022-11-03,16:00:00,176,174,2,MOR02
543,Amedeus Stockmanslei 39,2022-11-03,17:00:00,234,232,2,MOR02
543,Amedeus Stockmanslei 39,2022-11-03,18:00:00,162,161,1,MOR02
543,Amedeus Stockmanslei 39,2022-11-03,19:00:00,62,59,3,MOR02
543,Amedeus Stockmanslei 39,2022-11-03,20:00:00,44,39,5,MOR02
543,Amedeus Stockmanslei 39,2022-11-03,21:00:00,28,28,0,MOR02
543,Amedeus Stockmanslei 39,2022-11-03,22:00:00,35,35,0,MOR02
543,Amedeus Stockmanslei 39,2022-11-03,23:00:00,45,41,4,MOR02
543,Amedeus Stockmanslei 39,2022-11-04,00:00:00,20,19,1,MOR02
543,Amedeus Stockmanslei 39,2022-11-04,01:00:00,6,4,2,MOR02
543,Amedeus Stockmanslei 39,2022-11-04,02:00:00,6,5,1,MOR02
543,Amedeus Stockmanslei 39,2022-11-04,03:00:00,4,4,0,MOR02
543,Amedeus Stockmanslei 39,2022-11-04,04:00:00,4,3,1,MOR02
543,Amedeus Stockmanslei 39,2022-11-04,05:00:00,15,15,0,MOR02
543,Amedeus Stockmanslei 39,2022-11-04,06:00:00,30,30,0,MOR02
543,Amedeus Stockmanslei 39,2022-11-04,07:00:00,41,41,0,MOR02
543,Amedeus Stockmanslei 39,2022-11-04,08:00:00,63,59,4,MOR02
543,Amedeus Stockmanslei 39,2022-11-04,09:00:00,46,46,0,MOR02
543,Amedeus Stockmanslei 39,2022-11-04,10:00:00,28,28,0,MOR02
543,Amedeus Stockmanslei 39,2022-11-04,11:00:00,50,49,1,MOR02
543,Amedeus Stockmanslei 39,2022-11-04,12:00:00,69,68,1,MOR02
543,Amedeus Stockmanslei 39,2022-11-04,13:00:00,84,83,1,MOR02
543,Amedeus Stockmanslei 39,2022-11-04,14:00:00,86,84,2,MOR02
543,Amedeus Stockmanslei 39,2022-11-04,15:00:00,101,100,1,MOR02
543,Amedeus Stockmanslei 39,2022-11-04,16:00:00,179,178,1,MOR02
543,Amedeus Stockmanslei 39,2022-11-04,17:00:00,186,185,1,MOR02
543,Amedeus Stockmanslei 39,2022-11-04,18:00:00,111,108,3,MOR02
543,Amedeus Stockmanslei 39,2022-11-04,19:00:00,68,68,0,MOR02
543,Amedeus Stockmanslei 39,2022-11-04,20:00:00,56,55,1,MOR02
543,Amedeus Stockmanslei 39,2022-11-04,21:00:00,47,46,1,MOR02
543,Amedeus Stockmanslei 39,2022-11-04,22:00:00,43,41,2,MOR02
543,Amedeus Stockmanslei 39,2022-11-04,23:00:00,34,31,3,MOR02
543,Amedeus Stockmanslei 39,2022-11-05,00:00:00,48,45,3,MOR02
543,Amedeus Stockmanslei 39,2022-11-05,01:00:00,19,17,2,MOR02
543,Amedeus Stockmanslei 39,2022-11-05,02:00:00,22,21,1,MOR02
543,Amedeus Stockmanslei 39,2022-11-05,03:00:00,10,9,1,MOR02
543,Amedeus Stockmanslei 39,2022-11-05,04:00:00,13,13,0,MOR02
543,Amedeus Stockmanslei 39,2022-11-05,05:00:00,7,7,0,MOR02
543,Amedeus Stockmanslei 39,2022-11-05,06:00:00,16,16,0,MOR02
543,Amedeus Stockmanslei 39,2022-11-05,07:00:00,23,22,1,MOR02
543,Amedeus Stockmanslei 39,2022-11-05,08:00:00,35,34,1,MOR02
543,Amedeus Stockmanslei 39,2022-11-05,09:00:00,43,43,0,MOR02
543,Amedeus Stockmanslei 39,2022-11-05,10:00:00,65,64,1,MOR02
543,Amedeus Stockmanslei 39,2022-11-05,11:00:00,92,89,3,MOR02
543,Amedeus Stockmanslei 39,2022-11-05,12:00:00,106,103,3,MOR02
543,Amedeus Stockmanslei 39,2022-11-05,13:00:00,100,93,7,MOR02
543,Amedeus Stockmanslei 39,2022-11-05,14:00:00,78,77,1,MOR02
543,Amedeus Stockmanslei 39,2022-11-05,15:00:00,91,91,0,MOR02
543,Amedeus Stockmanslei 39,2022-11-05,16:00:00,96,94,2,MOR02
543,Amedeus Stockmanslei 39,2022-11-05,17:00:00,69,66,3,MOR02
543,Amedeus Stockmanslei 39,2022-11-05,18:00:00,53,50,3,MOR02
543,Amedeus Stockmanslei 39,2022-11-05,19:00:00,49,47,2,MOR02
543,Amedeus Stockmanslei 39,2022-11-05,20:00:00,41,38,3,MOR02
543,Amedeus Stockmanslei 39,2022-11-05,21:00:00,16,16,0,MOR02
543,Amedeus Stockmanslei 39,2022-11-05,22:00:00,32,31,1,MOR02
543,Amedeus Stockmanslei 39,2022-11-05,23:00:00,18,17,1,MOR02
543,Amedeus Stockmanslei 39,2022-11-06,00:00:00,35,35,0,MOR02
543,Amedeus Stockmanslei 39,2022-11-06,01:00:00,17,17,0,MOR02
543,Amedeus Stockmanslei 39,2022-11-06,02:00:00,18,17,1,MOR02
543,Amedeus Stockmanslei 39,2022-11-06,03:00:00,17,15,2,MOR02
543,Amedeus Stockmanslei 39,2022-11-06,04:00:00,6,6,0,MOR02
543,Amedeus Stockmanslei 39,2022-11-06,05:00:00,12,12,0,MOR02
543,Amedeus Stockmanslei 39,2022-11-06,06:00:00,10,10,0,MOR02
543,Amedeus Stockmanslei 39,2022-11-06,07:00:00,13,13,0,MOR02
543,Amedeus Stockmanslei 39,2022-11-06,08:00:00,15,15,0,MOR02
543,Amedeus Stockmanslei 39,2022-11-06,09:00:00,43,43,0,MOR02
543,Amedeus Stockmanslei 39,2022-11-06,10:00:00,50,49,1,MOR02
543,Amedeus Stockmanslei 39,2022-11-06,11:00:00,58,53,5,MOR02
543,Amedeus Stockmanslei 39,2022-11-06,12:00:00,62,57,5,MOR02
543,Amedeus Stockmanslei 39,2022-11-06,13:00:00,53,49,4,MOR02
543,Amedeus Stockmanslei 39,2022-11-06,14:00:00,35,34,1,MOR02
543,Amedeus Stockmanslei 39,2022-11-06,15:00:00,34,31,3,MOR02
543,Amedeus Stockmanslei 39,2022-11-06,16:00:00,34,34,0,MOR02
543,Amedeus Stockmanslei 39,2022-11-06,17:00:00,33,29,4,MOR02
543,Amedeus Stockmanslei 39,2022-11-06,18:00:00,26,26,0,MOR02
543,Amedeus Stockmanslei 39,2022-11-06,19:00:00,28,28,0,MOR02
543,Amedeus Stockmanslei 39,2022-11-06,20:00:00,19,19,0,MOR02
543,Amedeus Stockmanslei 39,2022-11-06,21:00:00,36,36,0,MOR02
543,Amedeus Stockmanslei 39,2022-11-06,22:00:00,24,24,0,MOR02
543,Amedeus Stockmanslei 39,2022-11-06,23:00:00,6,6,0,MOR02
543,Amedeus Stockmanslei 39,2022-11-07,00:00:00,4,4,0,MOR02
543,Amedeus Stockmanslei 39,2022-11-07,01:00:00,1,1,0,MOR02
543,Amedeus Stockmanslei 39,2022-11-07,02:00:00,2,1,1,MOR02
543,Amedeus Stockmanslei 39,2022-11-07,03:00:00,0,0,0,MOR02
543,Amedeus Stockmanslei 39,2022-11-07,04:00:00,7,7,0,MOR02
543,Amedeus Stockmanslei 39,2022-11-07,05:00:00,22,22,0,MOR02
543,Amedeus Stockmanslei 39,2022-11-07,06:00:00,38,37,1,MOR02
543,Amedeus Stockmanslei 39,2022-11-07,07:00:00,92,92,0,MOR02
543,Amedeus Stockmanslei 39,2022-11-07,08:00:00,161,160,1,MOR02
543,Amedeus Stockmanslei 39,2022-11-07,09:00:00,46,44,2,MOR02
543,Amedeus Stockmanslei 39,2022-11-07,10:00:00,47,45,2,MOR02
543,Amedeus Stockmanslei 39,2022-11-07,11:00:00,35,34,1,MOR02
543,Amedeus Stockmanslei 39,2022-11-07,12:00:00,81,81,0,MOR02
543,Amedeus Stockmanslei 39,2022-11-07,13:00:00,67,66,1,MOR02
543,Amedeus Stockmanslei 39,2022-11-07,14:00:00,76,73,3,MOR02
543,Amedeus Stockmanslei 39,2022-11-07,15:00:00,168,168,0,MOR02
543,Amedeus Stockmanslei 39,2022-11-07,16:00:00,323,320,3,MOR02
543,Amedeus Stockmanslei 39,2022-11-07,17:00:00,401,399,2,MOR02
543,Amedeus Stockmanslei 39,2022-11-07,18:00:00,215,213,2,MOR02
543,Amedeus Stockmanslei 39,2022-11-07,19:00:00,98,98,0,MOR02
543,Amedeus Stockmanslei 39,2022-11-07,20:00:00,49,48,1,MOR02
543,Amedeus Stockmanslei 39,2022-11-07,21:00:00,39,38,1,MOR02
543,Amedeus Stockmanslei 39,2022-11-07,22:00:00,44,43,1,MOR02
543,Amedeus Stockmanslei 39,2022-11-07,23:00:00,17,17,0,MOR02
543,Amedeus Stockmanslei 39,2022-11-08,00:00:00,10,10,0,MOR02
543,Amedeus Stockmanslei 39,2022-11-08,01:00:00,3,3,0,MOR02
543,Amedeus Stockmanslei 39,2022-11-08,02:00:00,3,2,1,MOR02
543,Amedeus Stockmanslei 39,2022-11-08,03:00:00,4,3,1,MOR02
543,Amedeus Stockmanslei 39,2022-11-08,04:00:00,6,6,0,MOR02
543,Amedeus Stockmanslei 39,2022-11-08,05:00:00,14,13,1,MOR02
543,Amedeus Stockmanslei 39,2022-11-08,06:00:00,37,37,0,MOR02
543,Amedeus Stockmanslei 39,2022-11-08,07:00:00,122,122,0,MOR02
543,Amedeus Stockmanslei 39,2022-11-08,08:00:00,182,182,0,MOR02
543,Amedeus Stockmanslei 39,2022-11-08,09:00:00,66,65,1,MOR02
543,Amedeus Stockmanslei 39,2022-11-08,10:00:00,67,65,2,MOR02
543,Amedeus Stockmanslei 39,2022-11-08,11:00:00,69,66,3,MOR02
543,Amedeus Stockmanslei 39,2022-11-08,12:00:00,97,95,2,MOR02
543,Amedeus Stockmanslei 39,2022-11-08,13:00:00,88,81,7,MOR02
543,Amedeus Stockmanslei 39,2022-11-08,14:00:00,90,87,3,MOR02
543,Amedeus Stockmanslei 39,2022-11-08,15:00:00,162,161,1,MOR02
543,Amedeus Stockmanslei 39,2022-11-08,16:00:00,411,401,10,MOR02
543,Amedeus Stockmanslei 39,2022-11-08,17:00:00,499,497,2,MOR02
543,Amedeus Stockmanslei 39,2022-11-08,18:00:00,275,273,2,MOR02
543,Amedeus Stockmanslei 39,2022-11-08,19:00:00,126,124,2,MOR02
543,Amedeus Stockmanslei 39,2022-11-08,20:00:00,63,61,2,MOR02
543,Amedeus Stockmanslei 39,2022-11-08,21:00:00,71,67,4,MOR02
543,Amedeus Stockmanslei 39,2022-11-08,22:00:00,52,52,0,MOR02
543,Amedeus Stockmanslei 39,2022-11-08,23:00:00,40,37,3,MOR02
543,Amedeus Stockmanslei 39,2022-11-09,00:00:00,11,11,0,MOR02
543,Amedeus Stockmanslei 39,2022-11-09,01:00:00,10,10,0,MOR02
543,Amedeus Stockmanslei 39,2022-11-09,02:00:00,3,3,0,MOR02
543,Amedeus Stockmanslei 39,2022-11-09,03:00:00,1,1,0,MOR02
543,Amedeus Stockmanslei 39,2022-11-09,04:00:00,7,7,0,MOR02
543,Amedeus Stockmanslei 39,2022-11-09,05:00:00,19,19,0,MOR02
543,Amedeus Stockmanslei 39,2022-11-09,06:00:00,39,39,0,MOR02
543,Amedeus Stockmanslei 39,2022-11-09,07:00:00,129,128,1,MOR02
543,Amedeus Stockmanslei 39,2022-11-09,08:00:00,190,188,2,MOR02
543,Amedeus Stockmanslei 39,2022-11-09,09:00:00,103,100,3,MOR02
543,Amedeus Stockmanslei 39,2022-11-09,10:00:00,99,98,1,MOR02
543,Amedeus Stockmanslei 39,2022-11-09,11:00:00,96,90,6,MOR02
543,Amedeus Stockmanslei 39,2022-11-09,12:00:00,189,186,3,MOR02
543,Amedeus Stockmanslei 39,2022-11-09,13:00:00,158,151,7,MOR02
543,Amedeus Stockmanslei 39,2022-11-09,14:00:00,121,119,2,MOR02
543,Amedeus Stockmanslei 39,2022-11-09,15:00:00,149,145,4,MOR02
543,Amedeus Stockmanslei 39,2022-11-09,16:00:00,292,287,5,MOR02
543,Amedeus Stockmanslei 39,2022-11-09,17:00:00,357,355,2,MOR02
543,Amedeus Stockmanslei 39,2022-11-09,18:00:00,243,243,0,MOR02
543,Amedeus Stockmanslei 39,2022-11-09,19:00:00,128,127,1,MOR02
543,Amedeus Stockmanslei 39,2022-11-09,20:00:00,58,57,1,MOR02
543,Amedeus Stockmanslei 39,2022-11-09,21:00:00,52,50,2,MOR02
543,Amedeus Stockmanslei 39,2022-11-09,22:00:00,63,62,1,MOR02
543,Amedeus Stockmanslei 39,2022-11-09,23:00:00,42,40,2,MOR02
543,Amedeus Stockmanslei 39,2022-11-10,00:00:00,21,20,1,MOR02
543,Amedeus Stockmanslei 39,2022-11-10,01:00:00,10,10,0,MOR02
543,Amedeus Stockmanslei 39,2022-11-10,02:00:00,4,3,1,MOR02
543,Amedeus Stockmanslei 39,2022-11-10,03:00:00,5,5,0,MOR02
543,Amedeus Stockmanslei 39,2022-11-10,04:00:00,7,7,0,MOR02
543,Amedeus Stockmanslei 39,2022-11-10,05:00:00,19,19,0,MOR02
543,Amedeus Stockmanslei 39,2022-11-10,06:00:00,30,30,0,MOR02
543,Amedeus Stockmanslei 39,2022-11-10,07:00:00,124,124,0,MOR02
543,Amedeus Stockmanslei 39,2022-11-10,08:00:00,194,192,2,MOR02
543,Amedeus Stockmanslei 39,2022-11-10,09:00:00,77,76,1,MOR02
543,Amedeus Stockmanslei 39,2022-11-10,10:00:00,69,66,3,MOR02
543,Amedeus Stockmanslei 39,2022-11-10,11:00:00,73,70,3,MOR02
543,Amedeus Stockmanslei 39,2022-11-10,12:00:00,141,139,2,MOR02
543,Amedeus Stockmanslei 39,2022-11-10,13:00:00,62,53,9,MOR02
543,Amedeus Stockmanslei 39,2022-11-10,14:00:00,95,89,6,MOR02
543,Amedeus Stockmanslei 39,2022-11-10,15:00:00,205,203,2,MOR02
543,Amedeus Stockmanslei 39,2022-11-10,16:00:00,351,348,3,MOR02
543,Amedeus Stockmanslei 39,2022-11-10,17:00:00,403,400,3,MOR02
543,Amedeus Stockmanslei 39,2022-11-10,18:00:00,265,265,0,MOR02
543,Amedeus Stockmanslei 39,2022-11-10,19:00:00,120,115,5,MOR02
543,Amedeus Stockmanslei 39,2022-11-10,20:00:00,71,70,1,MOR02
543,Amedeus Stockmanslei 39,2022-11-10,21:00:00,66,63,3,MOR02
543,Amedeus Stockmanslei 39,2022-11-10,22:00:00,58,58,0,MOR02
543,Amedeus Stockmanslei 39,2022-11-10,23:00:00,51,47,4,MOR02
543,Amedeus Stockmanslei 39,2022-11-11,00:00:00,50,50,0,MOR02
543,Amedeus Stockmanslei 39,2022-11-11,01:00:00,29,27,2,MOR02
543,Amedeus Stockmanslei 39,2022-11-11,02:00:00,27,26,1,MOR02
543,Amedeus Stockmanslei 39,2022-11-11,03:00:00,20,19,1,MOR02
543,Amedeus Stockmanslei 39,2022-11-11,04:00:00,15,14,1,MOR02
543,Amedeus Stockmanslei 39,2022-11-11,05:00:00,7,7,0,MOR02
543,Amedeus Stockmanslei 39,2022-11-11,06:00:00,14,14,0,MOR02
543,Amedeus Stockmanslei 39,2022-11-11,07:00:00,16,16,0,MOR02
543,Amedeus Stockmanslei 39,2022-11-11,08:00:00,19,17,2,MOR02
543,Amedeus Stockmanslei 39,2022-11-11,09:00:00,37,37,0,MOR02
543,Amedeus Stockmanslei 39,2022-11-11,10:00:00,56,55,1,MOR02
543,Amedeus Stockmanslei 39,2022-11-11,11:00:00,62,61,1,MOR02
543,Amedeus Stockmanslei 39,2022-11-11,12:00:00,78,75,3,MOR02
543,Amedeus Stockmanslei 39,2022-11-11,13:00:00,105,104,1,MOR02
543,Amedeus Stockmanslei 39,2022-11-11,14:00:00,134,127,7,MOR02
543,Amedeus Stockmanslei 39,2022-11-11,15:00:00,144,133,11,MOR02
543,Amedeus Stockmanslei 39,2022-11-11,16:00:00,169,163,6,MOR02
543,Amedeus Stockmanslei 39,2022-11-11,17:00:00,96,93,3,MOR02
543,Amedeus Stockmanslei 39,2022-11-11,18:00:00,60,56,4,MOR02
543,Amedeus Stockmanslei 39,2022-11-11,19:00:00,52,51,1,MOR02
543,Amedeus Stockmanslei 39,2022-11-11,20:00:00,59,59,0,MOR02
543,Amedeus Stockmanslei 39,2022-11-11,21:00:00,31,30,1,MOR02
543,Amedeus Stockmanslei 39,2022-11-11,22:00:00,41,36,5,MOR02
543,Amedeus Stockmanslei 39,2022-11-11,23:00:00,43,41,2,MOR02
543,Amedeus Stockmanslei 39,2022-11-12,00:00:00,33,32,1,MOR02
543,Amedeus Stockmanslei 39,2022-11-12,01:00:00,26,24,2,MOR02
543,Amedeus Stockmanslei 39,2022-11-12,02:00:00,16,15,1,MOR02
543,Amedeus Stockmanslei 39,2022-11-12,03:00:00,16,12,4,MOR02
543,Amedeus Stockmanslei 39,2022-11-12,04:00:00,23,21,2,MOR02
543,Amedeus Stockmanslei 39,2022-11-12,05:00:00,17,17,0,MOR02
543,Amedeus Stockmanslei 39,2022-11-12,06:00:00,21,21,0,MOR02
543,Amedeus Stockmanslei 39,2022-11-12,07:00:00,17,16,1,MOR02
543,Amedeus Stockmanslei 39,2022-11-12,08:00:00,38,38,0,MOR02
543,Amedeus Stockmanslei 39,2022-11-12,09:00:00,54,53,1,MOR02
543,Amedeus Stockmanslei 39,2022-11-12,10:00:00,66,65,1,MOR02
543,Amedeus Stockmanslei 39,2022-11-12,11:00:00,104,98,6,MOR02
543,Amedeus Stockmanslei 39,2022-11-12,12:00:00,116,100,16,MOR02
543,Amedeus Stockmanslei 39,2022-11-12,13:00:00,138,131,7,MOR02
543,Amedeus Stockmanslei 39,2022-11-12,14:00:00,154,152,2,MOR02
543,Amedeus Stockmanslei 39,2022-11-12,15:00:00,116,108,8,MOR02
543,Amedeus Stockmanslei 39,2022-11-12,16:00:00,115,115,0,MOR02
543,Amedeus Stockmanslei 39,2022-11-12,17:00:00,142,139,3,MOR02
543,Amedeus Stockmanslei 39,2022-11-12,18:00:00,80,77,3,MOR02
543,Amedeus Stockmanslei 39,2022-11-12,19:00:00,44,44,0,MOR02
543,Amedeus Stockmanslei 39,2022-11-12,20:00:00,36,34,2,MOR02
543,Amedeus Stockmanslei 39,2022-11-12,21:00:00,35,34,1,MOR02
543,Amedeus Stockmanslei 39,2022-11-12,22:00:00,68,68,0,MOR02
543,Amedeus Stockmanslei 39,2022-11-12,23:00:00,58,58,0,MOR02
543,Amedeus Stockmanslei 39,2022-11-13,00:00:00,36,36,0,MOR02
543,Amedeus Stockmanslei 39,2022-11-13,01:00:00,23,20,3,MOR02
543,Amedeus Stockmanslei 39,2022-11-13,02:00:00,16,16,0,MOR02
543,Amedeus Stockmanslei 39,2022-11-13,03:00:00,9,9,0,MOR02
543,Amedeus Stockmanslei 39,2022-11-13,04:00:00,12,10,2,MOR02
543,Amedeus Stockmanslei 39,2022-11-13,05:00:00,12,11,1,MOR02
543,Amedeus Stockmanslei 39,2022-11-13,06:00:00,7,5,2,MOR02
543,Amedeus Stockmanslei 39,2022-11-13,07:00:00,18,18,0,MOR02
543,Amedeus Stockmanslei 39,2022-11-13,08:00:00,20,20,0,MOR02
543,Amedeus Stockmanslei 39,2022-11-13,09:00:00,49,48,1,MOR02
543,Amedeus Stockmanslei 39,2022-11-13,10:00:00,72,71,1,MOR02
543,Amedeus Stockmanslei 39,2022-11-13,11:00:00,66,63,3,MOR02
543,Amedeus Stockmanslei 39,2022-11-13,12:00:00,59,54,5,MOR02
543,Amedeus Stockmanslei 39,2022-11-13,13:00:00,136,134,2,MOR02
543,Amedeus Stockmanslei 39,2022-11-13,14:00:00,137,136,1,MOR02
543,Amedeus Stockmanslei 39,2022-11-13,15:00:00,98,97,1,MOR02
543,Amedeus Stockmanslei 39,2022-11-13,16:00:00,117,108,9,MOR02
543,Amedeus Stockmanslei 39,2022-11-13,17:00:00,123,119,4,MOR02
543,Amedeus Stockmanslei 39,2022-11-13,18:00:00,42,42,0,MOR02
543,Amedeus Stockmanslei 39,2022-11-13,19:00:00,42,42,0,MOR02
543,Amedeus Stockmanslei 39,2022-11-13,20:00:00,39,38,1,MOR02
543,Amedeus Stockmanslei 39,2022-11-13,21:00:00,26,26,0,MOR02
543,Amedeus Stockmanslei 39,2022-11-13,22:00:00,36,36,0,MOR02
543,Amedeus Stockmanslei 39,2022-11-13,23:00:00,16,16,0,MOR02
543,Amedeus Stockmanslei 39,2022-11-14,00:00:00,8,8,0,MOR02
543,Amedeus Stockmanslei 39,2022-11-14,01:00:00,0,0,0,MOR02
543,Amedeus Stockmanslei 39,2022-11-14,02:00:00,3,3,0,MOR02
543,Amedeus Stockmanslei 39,2022-11-14,03:00:00,1,0,1,MOR02
543,Amedeus Stockmanslei 39,2022-11-14,04:00:00,5,4,1,MOR02
543,Amedeus Stockmanslei 39,2022-11-14,05:00:00,17,17,0,MOR02
543,Amedeus Stockmanslei 39,2022-11-14,06:00:00,32,32,0,MOR02
543,Amedeus Stockmanslei 39,2022-11-14,07:00:00,130,130,0,MOR02
543,Amedeus Stockmanslei 39,2022-11-14,08:00:00,182,182,0,MOR02
543,Amedeus Stockmanslei 39,2022-11-14,09:00:00,135,135,0,MOR02
543,Amedeus Stockmanslei 39,2022-11-14,10:00:00,55,54,1,MOR02
543,Amedeus Stockmanslei 39,2022-11-14,11:00:00,64,64,0,MOR02
543,Amedeus Stockmanslei 39,2022-11-14,12:00:00,104,96,8,MOR02
543,Amedeus Stockmanslei 39,2022-11-14,13:00:00,114,110,4,MOR02
543,Amedeus Stockmanslei 39,2022-11-14,14:00:00,113,107,6,MOR02
543,Amedeus Stockmanslei 39,2022-11-14,15:00:00,206,204,2,MOR02
543,Amedeus Stockmanslei 39,2022-11-14,16:00:00,397,396,1,MOR02
543,Amedeus Stockmanslei 39,2022-11-14,17:00:00,416,413,3,MOR02
543,Amedeus Stockmanslei 39,2022-11-14,18:00:00,236,235,1,MOR02
543,Amedeus Stockmanslei 39,2022-11-14,19:00:00,93,92,1,MOR02
543,Amedeus Stockmanslei 39,2022-11-14,20:00:00,54,53,1,MOR02
543,Amedeus Stockmanslei 39,2022-11-14,21:00:00,45,45,0,MOR02
543,Amedeus Stockmanslei 39,2022-11-14,22:00:00,55,54,1,MOR02
543,Amedeus Stockmanslei 39,2022-11-14,23:00:00,13,12,1,MOR02
543,Amedeus Stockmanslei 39,2022-11-15,00:00:00,9,9,0,MOR02
543,Amedeus Stockmanslei 39,2022-11-15,01:00:00,4,3,1,MOR02
543,Amedeus Stockmanslei 39,2022-11-15,02:00:00,2,2,0,MOR02
543,Amedeus Stockmanslei 39,2022-11-15,03:00:00,4,3,1,MOR02
543,Amedeus Stockmanslei 39,2022-11-15,04:00:00,9,8,1,MOR02
543,Amedeus Stockmanslei 39,2022-11-15,05:00:00,10,9,1,MOR02
543,Amedeus Stockmanslei 39,2022-11-15,06:00:00,28,27,1,MOR02
543,Amedeus Stockmanslei 39,2022-11-15,07:00:00,117,117,0,MOR02
543,Amedeus Stockmanslei 39,2022-11-15,08:00:00,184,182,2,MOR02
543,Amedeus Stockmanslei 39,2022-11-15,09:00:00,45,45,0,MOR02
543,Amedeus Stockmanslei 39,2022-11-15,10:00:00,65,62,3,MOR02
543,Amedeus Stockmanslei 39,2022-11-15,11:00:00,74,70,4,MOR02
543,Amedeus Stockmanslei 39,2022-11-15,12:00:00,94,92,2,MOR02
543,Amedeus Stockmanslei 39,2022-11-15,13:00:00,99,93,6,MOR02
543,Amedeus Stockmanslei 39,2022-11-15,14:00:00,94,93,1,MOR02
543,Amedeus Stockmanslei 39,2022-11-15,15:00:00,188,185,3,MOR02
543,Amedeus Stockmanslei 39,2022-11-15,16:00:00,344,344,0,MOR02
543,Amedeus Stockmanslei 39,2022-11-15,17:00:00,374,373,1,MOR02
543,Amedeus Stockmanslei 39,2022-11-15,18:00:00,227,227,0,MOR02
543,Amedeus Stockmanslei 39,2022-11-15,19:00:00,101,101,0,MOR02
543,Amedeus Stockmanslei 39,2022-11-15,20:00:00,46,44,2,MOR02
543,Amedeus Stockmanslei 39,2022-11-15,21:00:00,48,47,1,MOR02
543,Amedeus Stockmanslei 39,2022-11-15,22:00:00,44,43,1,MOR02
543,Amedeus Stockmanslei 39,2022-11-15,23:00:00,21,20,1,MOR02
543,Amedeus Stockmanslei 39,2022-11-16,00:00:00,13,12,1,MOR02
543,Amedeus Stockmanslei 39,2022-11-16,01:00:00,5,4,1,MOR02
543,Amedeus Stockmanslei 39,2022-11-16,02:00:00,5,5,0,MOR02
543,Amedeus Stockmanslei 39,2022-11-16,03:00:00,1,1,0,MOR02
543,Amedeus Stockmanslei 39,2022-11-16,04:00:00,3,2,1,MOR02
543,Amedeus Stockmanslei 39,2022-11-16,05:00:00,14,14,0,MOR02
543,Amedeus Stockmanslei 39,2022-11-16,06:00:00,34,34,0,MOR02
543,Amedeus Stockmanslei 39,2022-11-16,07:00:00,115,115,0,MOR02
543,Amedeus Stockmanslei 39,2022-11-16,08:00:00,167,165,2,MOR02
543,Amedeus Stockmanslei 39,2022-11-16,09:00:00,71,71,0,MOR02
543,Amedeus Stockmanslei 39,2022-11-16,10:00:00,82,81,1,MOR02
543,Amedeus Stockmanslei 39,2022-11-16,11:00:00,97,89,8,MOR02
543,Amedeus Stockmanslei 39,2022-11-16,12:00:00,190,188,2,MOR02
543,Amedeus Stockmanslei 39,2022-11-16,13:00:00,145,142,3,MOR02
543,Amedeus Stockmanslei 39,2022-11-16,14:00:00,97,93,4,MOR02
543,Amedeus Stockmanslei 39,2022-11-16,15:00:00,125,124,1,MOR02
543,Amedeus Stockmanslei 39,2022-11-16,16:00:00,237,232,5,MOR02
543,Amedeus Stockmanslei 39,2022-11-16,17:00:00,343,342,1,MOR02
543,Amedeus Stockmanslei 39,2022-11-16,18:00:00,158,157,1,MOR02
543,Amedeus Stockmanslei 39,2022-11-16,19:00:00,87,86,1,MOR02
543,Amedeus Stockmanslei 39,2022-11-16,20:00:00,50,49,1,MOR02
543,Amedeus Stockmanslei 39,2022-11-16,21:00:00,43,42,1,MOR02
543,Amedeus Stockmanslei 39,2022-11-16,22:00:00,52,50,2,MOR02
543,Amedeus Stockmanslei 39,2022-11-16,23:00:00,27,26,1,MOR02
543,Amedeus Stockmanslei 39,2022-11-17,00:00:00,13,13,0,MOR02
543,Amedeus Stockmanslei 39,2022-11-17,01:00:00,8,8,0,MOR02
543,Amedeus Stockmanslei 39,2022-11-17,02:00:00,4,3,1,MOR02
543,Amedeus Stockmanslei 39,2022-11-17,03:00:00,8,8,0,MOR02
543,Amedeus Stockmanslei 39,2022-11-17,04:00:00,6,5,1,MOR02
543,Amedeus Stockmanslei 39,2022-11-17,05:00:00,8,8,0,MOR02
543,Amedeus Stockmanslei 39,2022-11-17,06:00:00,28,27,1,MOR02
543,Amedeus Stockmanslei 39,2022-11-17,07:00:00,92,92,0,MOR02
543,Amedeus Stockmanslei 39,2022-11-17,08:00:00,135,129,6,MOR02
543,Amedeus Stockmanslei 39,2022-11-17,09:00:00,42,41,1,MOR02
543,Amedeus Stockmanslei 39,2022-11-17,10:00:00,32,28,4,MOR02
543,Amedeus Stockmanslei 39,2022-11-17,11:00:00,32,31,1,MOR02
543,Amedeus Stockmanslei 39,2022-11-17,12:00:00,72,68,4,MOR02
543,Amedeus Stockmanslei 39,2022-11-17,13:00:00,51,51,0,MOR02
543,Amedeus Stockmanslei 39,2022-11-17,14:00:00,69,65,4,MOR02
543,Amedeus Stockmanslei 39,2022-11-17,15:00:00,138,136,2,MOR02
543,Amedeus Stockmanslei 39,2022-11-17,16:00:00,261,261,0,MOR02
543,Amedeus Stockmanslei 39,2022-11-17,17:00:00,334,330,4,MOR02
543,Amedeus Stockmanslei 39,2022-11-17,18:00:00,168,168,0,MOR02
543,Amedeus Stockmanslei 39,2022-11-17,19:00:00,93,91,2,MOR02
543,Amedeus Stockmanslei 39,2022-11-17,20:00:00,65,61,4,MOR02
543,Amedeus Stockmanslei 39,2022-11-17,21:00:00,57,57,0,MOR02
543,Amedeus Stockmanslei 39,2022-11-17,22:00:00,58,57,1,MOR02
543,Amedeus Stockmanslei 39,2022-11-17,23:00:00,32,32,0,MOR02
543,Amedeus Stockmanslei 39,2022-11-18,00:00:00,20,20,0,MOR02
543,Amedeus Stockmanslei 39,2022-11-18,01:00:00,11,11,0,MOR02
543,Amedeus Stockmanslei 39,2022-11-18,02:00:00,4,3,1,MOR02
543,Amedeus Stockmanslei 39,2022-11-18,03:00:00,7,7,0,MOR02
543,Amedeus Stockmanslei 39,2022-11-18,04:00:00,5,4,1,MOR02
543,Amedeus Stockmanslei 39,2022-11-18,05:00:00,16,16,0,MOR02
543,Amedeus Stockmanslei 39,2022-11-18,06:00:00,29,29,0,MOR02
543,Amedeus Stockmanslei 39,2022-11-18,07:00:00,110,110,0,MOR02
543,Amedeus Stockmanslei 39,2022-11-18,08:00:00,156,156,0,MOR02
543,Amedeus Stockmanslei 39,2022-11-18,09:00:00,43,43,0,MOR02
543,Amedeus Stockmanslei 39,2022-11-18,10:00:00,61,60,1,MOR02
543,Amedeus Stockmanslei 39,2022-11-18,11:00:00,73,67,6,MOR02
543,Amedeus Stockmanslei 39,2022-11-18,12:00:00,100,91,9,MOR02
543,Amedeus Stockmanslei 39,2022-11-18,13:00:00,94,91,3,MOR02
543,Amedeus Stockmanslei 39,2022-11-18,14:00:00,89,83,6,MOR02
543,Amedeus Stockmanslei 39,2022-11-18,15:00:00,148,146,2,MOR02
543,Amedeus Stockmanslei 39,2022-11-18,16:00:00,282,280,2,MOR02
543,Amedeus Stockmanslei 39,2022-11-18,17:00:00,226,225,1,MOR02
543,Amedeus Stockmanslei 39,2022-11-18,18:00:00,158,155,3,MOR02
543,Amedeus Stockmanslei 39,2022-11-18,19:00:00,76,73,3,MOR02
543,Amedeus Stockmanslei 39,2022-11-18,20:00:00,40,38,2,MOR02
543,Amedeus Stockmanslei 39,2022-11-18,21:00:00,34,34,0,MOR02
543,Amedeus Stockmanslei 39,2022-11-18,22:00:00,43,42,1,MOR02
543,Amedeus Stockmanslei 39,2022-11-18,23:00:00,36,35,1,MOR02
543,Amedeus Stockmanslei 39,2022-11-19,00:00:00,29,26,3,MOR02
543,Amedeus Stockmanslei 39,2022-11-19,01:00:00,29,27,2,MOR02
543,Amedeus Stockmanslei 39,2022-11-19,02:00:00,11,11,0,MOR02
543,Amedeus Stockmanslei 39,2022-11-19,03:00:00,18,18,0,MOR02
543,Amedeus Stockmanslei 39,2022-11-19,04:00:00,7,7,0,MOR02
543,Amedeus Stockmanslei 39,2022-11-19,05:00:00,14,14,0,MOR02
543,Amedeus Stockmanslei 39,2022-11-19,06:00:00,15,14,1,MOR02
543,Amedeus Stockmanslei 39,2022-11-19,07:00:00,14,13,1,MOR02
543,Amedeus Stockmanslei 39,2022-11-19,08:00:00,28,28,0,MOR02
543,Amedeus Stockmanslei 39,2022-11-19,09:00:00,37,37,0,MOR02
543,Amedeus Stockmanslei 39,2022-11-19,10:00:00,50,49,1,MOR02
543,Amedeus Stockmanslei 39,2022-11-19,11:00:00,42,38,4,MOR02
543,Amedeus Stockmanslei 39,2022-11-19,12:00:00,54,53,1,MOR02
543,Amedeus Stockmanslei 39,2022-11-19,13:00:00,57,56,1,MOR02
543,Amedeus Stockmanslei 39,2022-11-19,14:00:00,98,93,5,MOR02
543,Amedeus Stockmanslei 39,2022-11-19,15:00:00,55,53,2,MOR02
543,Amedeus Stockmanslei 39,2022-11-19,16:00:00,64,62,2,MOR02
543,Amedeus Stockmanslei 39,2022-11-19,17:00:00,57,54,3,MOR02
543,Amedeus Stockmanslei 39,2022-11-19,18:00:00,60,59,1,MOR02
543,Amedeus Stockmanslei 39,2022-11-19,19:00:00,38,38,0,MOR02
543,Amedeus Stockmanslei 39,2022-11-19,20:00:00,48,48,0,MOR02
543,Amedeus Stockmanslei 39,2022-11-19,21:00:00,25,25,0,MOR02
543,Amedeus Stockmanslei 39,2022-11-19,22:00:00,30,29,1,MOR02
543,Amedeus Stockmanslei 39,2022-11-19,23:00:00,34,32,2,MOR02
543,Amedeus Stockmanslei 39,2022-11-20,00:00:00,37,35,2,MOR02
543,Amedeus Stockmanslei 39,2022-11-20,01:00:00,21,21,0,MOR02
543,Amedeus Stockmanslei 39,2022-11-20,02:00:00,25,24,1,MOR02
543,Amedeus Stockmanslei 39,2022-11-20,03:00:00,13,13,0,MOR02
543,Amedeus Stockmanslei 39,2022-11-20,04:00:00,8,7,1,MOR02
543,Amedeus Stockmanslei 39,2022-11-20,05:00:00,8,7,1,MOR02
543,Amedeus Stockmanslei 39,2022-11-20,06:00:00,11,11,0,MOR02
543,Amedeus Stockmanslei 39,2022-11-20,07:00:00,8,8,0,MOR02
543,Amedeus Stockmanslei 39,2022-11-20,08:00:00,10,10,0,MOR02
543,Amedeus Stockmanslei 39,2022-11-20,09:00:00,39,39,0,MOR02
543,Amedeus Stockmanslei 39,2022-11-20,10:00:00,44,43,1,MOR02
543,Amedeus Stockmanslei 39,2022-11-20,11:00:00,58,53,5,MOR02
543,Amedeus Stockmanslei 39,2022-11-20,12:00:00,53,51,2,MOR02
543,Amedeus Stockmanslei 39,2022-11-20,13:00:00,39,36,3,MOR02
543,Amedeus Stockmanslei 39,2022-11-20,14:00:00,44,43,1,MOR02
543,Amedeus Stockmanslei 39,2022-11-20,15:00:00,28,26,2,MOR02
543,Amedeus Stockmanslei 39,2022-11-20,16:00:00,42,40,2,MOR02
543,Amedeus Stockmanslei 39,2022-11-20,17:00:00,49,47,2,MOR02
543,Amedeus Stockmanslei 39,2022-11-20,18:00:00,24,24,0,MOR02
543,Amedeus Stockmanslei 39,2022-11-20,19:00:00,30,27,3,MOR02
543,Amedeus Stockmanslei 39,2022-11-20,20:00:00,15,14,1,MOR02
543,Amedeus Stockmanslei 39,2022-11-20,21:00:00,17,16,1,MOR02
543,Amedeus Stockmanslei 39,2022-11-20,22:00:00,27,27,0,MOR02
543,Amedeus Stockmanslei 39,2022-11-20,23:00:00,10,10,0,MOR02
543,Amedeus Stockmanslei 39,2022-11-21,00:00:00,1,1,0,MOR02
543,Amedeus Stockmanslei 39,2022-11-21,01:00:00,1,1,0,MOR02
543,Amedeus Stockmanslei 39,2022-11-21,02:00:00,2,1,1,MOR02
543,Amedeus Stockmanslei 39,2022-11-21,03:00:00,1,1,0,MOR02
543,Amedeus Stockmanslei 39,2022-11-21,04:00:00,8,8,0,MOR02
543,Amedeus Stockmanslei 39,2022-11-21,05:00:00,13,13,0,MOR02
543,Amedeus Stockmanslei 39,2022-11-21,06:00:00,33,33,0,MOR02
543,Amedeus Stockmanslei 39,2022-11-21,07:00:00,82,81,1,MOR02
543,Amedeus Stockmanslei 39,2022-11-21,08:00:00,153,153,0,MOR02
543,Amedeus Stockmanslei 39,2022-11-21,09:00:00,50,50,0,MOR02
543,Amedeus Stockmanslei 39,2022-11-21,10:00:00,39,38,1,MOR02
543,Amedeus Stockmanslei 39,2022-11-21,11:00:00,61,60,1,MOR02
543,Amedeus Stockmanslei 39,2022-11-21,12:00:00,89,87,2,MOR02
543,Amedeus Stockmanslei 39,2022-11-21,13:00:00,69,68,1,MOR02
543,Amedeus Stockmanslei 39,2022-11-21,14:00:00,80,79,1,MOR02
543,Amedeus Stockmanslei 39,2022-11-21,15:00:00,167,166,1,MOR02
543,Amedeus Stockmanslei 39,2022-11-21,16:00:00,356,353,3,MOR02
543,Amedeus Stockmanslei 39,2022-11-21,17:00:00,355,353,2,MOR02
543,Amedeus Stockmanslei 39,2022-11-21,18:00:00,204,204,0,MOR02
543,Amedeus Stockmanslei 39,2022-11-21,19:00:00,65,65,0,MOR02
543,Amedeus Stockmanslei 39,2022-11-21,20:00:00,49,48,1,MOR02
543,Amedeus Stockmanslei 39,2022-11-21,21:00:00,35,35,0,MOR02
543,Amedeus Stockmanslei 39,2022-11-21,22:00:00,38,37,1,MOR02
543,Amedeus Stockmanslei 39,2022-11-21,23:00:00,15,14,1,MOR02
543,Amedeus Stockmanslei 39,2022-11-22,00:00:00,6,6,0,MOR02
543,Amedeus Stockmanslei 39,2022-11-22,01:00:00,4,3,1,MOR02
543,Amedeus Stockmanslei 39,2022-11-22,02:00:00,1,1,0,MOR02
543,Amedeus Stockmanslei 39,2022-11-22,03:00:00,2,2,0,MOR02
543,Amedeus Stockmanslei 39,2022-11-22,04:00:00,4,4,0,MOR02
543,Amedeus Stockmanslei 39,2022-11-22,05:00:00,17,17,0,MOR02
543,Amedeus Stockmanslei 39,2022-11-22,06:00:00,29,29,0,MOR02
543,Amedeus Stockmanslei 39,2022-11-22,07:00:00,111,110,1,MOR02
543,Amedeus Stockmanslei 39,2022-11-22,08:00:00,176,174,2,MOR02
543,Amedeus Stockmanslei 39,2022-11-22,09:00:00,58,56,2,MOR02
543,Amedeus Stockmanslei 39,2022-11-22,10:00:00,30,28,2,MOR02
543,Amedeus Stockmanslei 39,2022-11-22,11:00:00,49,47,2,MOR02
543,Amedeus Stockmanslei 39,2022-11-22,12:00:00,80,79,1,MOR02
543,Amedeus Stockmanslei 39,2022-11-22,13:00:00,63,63,0,MOR02
543,Amedeus Stockmanslei 39,2022-11-22,14:00:00,72,71,1,MOR02
543,Amedeus Stockmanslei 39,2022-11-22,15:00:00,154,154,0,MOR02
543,Amedeus Stockmanslei 39,2022-11-22,16:00:00,347,345,2,MOR02
543,Amedeus Stockmanslei 39,2022-11-22,17:00:00,383,383,0,MOR02
543,Amedeus Stockmanslei 39,2022-11-22,18:00:00,246,244,2,MOR02
543,Amedeus Stockmanslei 39,2022-11-22,19:00:00,100,100,0,MOR02
543,Amedeus Stockmanslei 39,2022-11-22,20:00:00,55,51,4,MOR02
543,Amedeus Stockmanslei 39,2022-11-22,21:00:00,46,44,2,MOR02
543,Amedeus Stockmanslei 39,2022-11-22,22:00:00,44,42,2,MOR02
543,Amedeus Stockmanslei 39,2022-11-22,23:00:00,25,23,2,MOR02
543,Amedeus Stockmanslei 39,2022-11-23,00:00:00,14,14,0,MOR02
543,Amedeus Stockmanslei 39,2022-11-23,01:00:00,5,4,1,MOR02
543,Amedeus Stockmanslei 39,2022-11-23,02:00:00,4,3,1,MOR02
543,Amedeus Stockmanslei 39,2022-11-23,03:00:00,4,3,1,MOR02
543,Amedeus Stockmanslei 39,2022-11-23,04:00:00,12,12,0,MOR02
543,Amedeus Stockmanslei 39,2022-11-23,05:00:00,18,18,0,MOR02
543,Amedeus Stockmanslei 39,2022-11-23,06:00:00,23,23,0,MOR02
543,Amedeus Stockmanslei 39,2022-11-23,07:00:00,114,113,1,MOR02
543,Amedeus Stockmanslei 39,2022-11-23,08:00:00,163,161,2,MOR02
543,Amedeus Stockmanslei 39,2022-11-23,09:00:00,82,80,2,MOR02
543,Amedeus Stockmanslei 39,2022-11-23,10:00:00,71,69,2,MOR02
543,Amedeus Stockmanslei 39,2022-11-23,11:00:00,69,68,1,MOR02
543,Amedeus Stockmanslei 39,2022-11-23,12:00:00,184,182,2,MOR02
543,Amedeus Stockmanslei 39,2022-11-23,13:00:00,146,141,5,MOR02
543,Amedeus Stockmanslei 39,2022-11-23,14:00:00,55,54,1,MOR02
543,Amedeus Stockmanslei 39,2022-11-23,15:00:00,92,87,5,MOR02
543,Amedeus Stockmanslei 39,2022-11-23,16:00:00,201,197,4,MOR02
543,Amedeus Stockmanslei 39,2022-11-23,17:00:00,304,303,1,MOR02
543,Amedeus Stockmanslei 39,2022-11-23,18:00:00,179,179,0,MOR02
543,Amedeus Stockmanslei 39,2022-11-23,19:00:00,98,97,1,MOR02
543,Amedeus Stockmanslei 39,2022-11-23,20:00:00,36,36,0,MOR02
543,Amedeus Stockmanslei 39,2022-11-23,21:00:00,29,29,0,MOR02
543,Amedeus Stockmanslei 39,2022-11-23,22:00:00,69,68,1,MOR02
543,Amedeus Stockmanslei 39,2022-11-23,23:00:00,38,36,2,MOR02
543,Amedeus Stockmanslei 39,2022-11-24,00:00:00,30,30,0,MOR02
543,Amedeus Stockmanslei 39,2022-11-24,01:00:00,10,9,1,MOR02
543,Amedeus Stockmanslei 39,2022-11-24,02:00:00,3,3,0,MOR02
543,Amedeus Stockmanslei 39,2022-11-24,03:00:00,6,5,1,MOR02
543,Amedeus Stockmanslei 39,2022-11-24,04:00:00,3,3,0,MOR02
543,Amedeus Stockmanslei 39,2022-11-24,05:00:00,13,13,0,MOR02
543,Amedeus Stockmanslei 39,2022-11-24,06:00:00,27,27,0,MOR02
543,Amedeus Stockmanslei 39,2022-11-24,07:00:00,94,94,0,MOR02
543,Amedeus Stockmanslei 39,2022-11-24,08:00:00,197,194,3,MOR02
543,Amedeus Stockmanslei 39,2022-11-24,09:00:00,55,54,1,MOR02
543,Amedeus Stockmanslei 39,2022-11-24,10:00:00,56,51,5,MOR02
543,Amedeus Stockmanslei 39,2022-11-24,11:00:00,68,66,2,MOR02
543,Amedeus Stockmanslei 39,2022-11-24,12:00:00,102,100,2,MOR02
543,Amedeus Stockmanslei 39,2022-11-24,13:00:00,108,108,0,MOR02
543,Amedeus Stockmanslei 39,2022-11-24,14:00:00,108,104,4,MOR02
543,Amedeus Stockmanslei 39,2022-11-24,15:00:00,197,195,2,MOR02
543,Amedeus Stockmanslei 39,2022-11-24,16:00:00,361,358,3,MOR02
543,Amedeus Stockmanslei 39,2022-11-24,17:00:00,412,411,1,MOR02
543,Amedeus Stockmanslei 39,2022-11-24,18:00:00,247,242,5,MOR02
543,Amedeus Stockmanslei 39,2022-11-24,19:00:00,105,102,3,MOR02
543,Amedeus Stockmanslei 39,2022-11-24,20:00:00,45,44,1,MOR02
543,Amedeus Stockmanslei 39,2022-11-24,21:00:00,51,50,1,MOR02
543,Amedeus Stockmanslei 39,2022-11-24,22:00:00,68,68,0,MOR02
543,Amedeus Stockmanslei 39,2022-11-24,23:00:00,40,40,0,MOR02
543,Amedeus Stockmanslei 39,2022-11-25,00:00:00,25,23,2,MOR02
543,Amedeus Stockmanslei 39,2022-11-25,01:00:00,20,20,0,MOR02
543,Amedeus Stockmanslei 39,2022-11-25,02:00:00,4,4,0,MOR02
543,Amedeus Stockmanslei 39,2022-11-25,03:00:00,11,11,0,MOR02
543,Amedeus Stockmanslei 39,2022-11-25,04:00:00,10,10,0,MOR02
543,Amedeus Stockmanslei 39,2022-11-25,05:00:00,22,22,0,MOR02
543,Amedeus Stockmanslei 39,2022-11-25,06:00:00,24,24,0,MOR02
543,Amedeus Stockmanslei 39,2022-11-25,07:00:00,102,101,1,MOR02
543,Amedeus Stockmanslei 39,2022-11-25,08:00:00,160,158,2,MOR02
543,Amedeus Stockmanslei 39,2022-11-25,09:00:00,48,42,6,MOR02
543,Amedeus Stockmanslei 39,2022-11-25,10:00:00,46,44,2,MOR02
543,Amedeus Stockmanslei 39,2022-11-25,11:00:00,66,65,1,MOR02
543,Amedeus Stockmanslei 39,2022-11-25,12:00:00,107,105,2,MOR02
543,Amedeus Stockmanslei 39,2022-11-25,13:00:00,104,101,3,MOR02
543,Amedeus Stockmanslei 39,2022-11-25,14:00:00,110,110,0,MOR02
543,Amedeus Stockmanslei 39,2022-11-25,15:00:00,194,190,4,MOR02
543,Amedeus Stockmanslei 39,2022-11-25,16:00:00,311,311,0,MOR02
543,Amedeus Stockmanslei 39,2022-11-25,17:00:00,281,279,2,MOR02
543,Amedeus Stockmanslei 39,2022-11-25,18:00:00,154,152,2,MOR02
543,Amedeus Stockmanslei 39,2022-11-25,19:00:00,92,91,1,MOR02
543,Amedeus Stockmanslei 39,2022-11-25,20:00:00,47,47,0,MOR02
543,Amedeus Stockmanslei 39,2022-11-25,21:00:00,39,37,2,MOR02
543,Amedeus Stockmanslei 39,2022-11-25,22:00:00,49,47,2,MOR02
543,Amedeus Stockmanslei 39,2022-11-25,23:00:00,47,44,3,MOR02
543,Amedeus Stockmanslei 39,2022-11-26,00:00:00,42,42,0,MOR02
543,Amedeus Stockmanslei 39,2022-11-26,01:00:00,24,21,3,MOR02
543,Amedeus Stockmanslei 39,2022-11-26,02:00:00,16,15,1,MOR02
543,Amedeus Stockmanslei 39,2022-11-26,03:00:00,21,20,1,MOR02
543,Amedeus Stockmanslei 39,2022-11-26,04:00:00,9,9,0,MOR02
543,Amedeus Stockmanslei 39,2022-11-26,05:00:00,10,10,0,MOR02
543,Amedeus Stockmanslei 39,2022-11-26,06:00:00,6,6,0,MOR02
543,Amedeus Stockmanslei 39,2022-11-26,07:00:00,17,17,0,MOR02
543,Amedeus Stockmanslei 39,2022-11-26,08:00:00,42,42,0,MOR02
543,Amedeus Stockmanslei 39,2022-11-26,09:00:00,47,46,1,MOR02
543,Amedeus Stockmanslei 39,2022-11-26,10:00:00,53,52,1,MOR02
543,Amedeus Stockmanslei 39,2022-11-26,11:00:00,71,68,3,MOR02
543,Amedeus Stockmanslei 39,2022-11-26,12:00:00,93,90,3,MOR02
543,Amedeus Stockmanslei 39,2022-11-26,13:00:00,114,109,5,MOR02
543,Amedeus Stockmanslei 39,2022-11-26,14:00:00,120,120,0,MOR02
543,Amedeus Stockmanslei 39,2022-11-26,15:00:00,106,105,1,MOR02
543,Amedeus Stockmanslei 39,2022-11-26,16:00:00,111,105,6,MOR02
543,Amedeus Stockmanslei 39,2022-11-26,17:00:00,102,98,4,MOR02
543,Amedeus Stockmanslei 39,2022-11-26,18:00:00,64,63,1,MOR02
543,Amedeus Stockmanslei 39,2022-11-26,19:00:00,34,31,3,MOR02
543,Amedeus Stockmanslei 39,2022-11-26,20:00:00,35,32,3,MOR02
543,Amedeus Stockmanslei 39,2022-11-26,21:00:00,20,20,0,MOR02
543,Amedeus Stockmanslei 39,2022-11-26,22:00:00,55,53,2,MOR02
543,Amedeus Stockmanslei 39,2022-11-26,23:00:00,47,44,3,MOR02
543,Amedeus Stockmanslei 39,2022-11-27,00:00:00,61,60,1,MOR02
543,Amedeus Stockmanslei 39,2022-11-27,01:00:00,41,41,0,MOR02
543,Amedeus Stockmanslei 39,2022-11-27,02:00:00,27,25,2,MOR02
543,Amedeus Stockmanslei 39,2022-11-27,03:00:00,14,13,1,MOR02
543,Amedeus Stockmanslei 39,2022-11-27,04:00:00,10,9,1,MOR02
543,Amedeus Stockmanslei 39,2022-11-27,05:00:00,12,12,0,MOR02
543,Amedeus Stockmanslei 39,2022-11-27,06:00:00,4,4,0,MOR02
543,Amedeus Stockmanslei 39,2022-11-27,07:00:00,6,5,1,MOR02
543,Amedeus Stockmanslei 39,2022-11-27,08:00:00,10,9,1,MOR02
543,Amedeus Stockmanslei 39,2022-11-27,09:00:00,38,38,0,MOR02
543,Amedeus Stockmanslei 39,2022-11-27,10:00:00,35,35,0,MOR02
543,Amedeus Stockmanslei 39,2022-11-27,11:00:00,25,24,1,MOR02
543,Amedeus Stockmanslei 39,2022-11-27,12:00:00,41,40,1,MOR02
543,Amedeus Stockmanslei 39,2022-11-27,13:00:00,84,80,4,MOR02
543,Amedeus Stockmanslei 39,2022-11-27,14:00:00,44,40,4,MOR02
543,Amedeus Stockmanslei 39,2022-11-27,15:00:00,36,35,1,MOR02
543,Amedeus Stockmanslei 39,2022-11-27,16:00:00,46,43,3,MOR02
543,Amedeus Stockmanslei 39,2022-11-27,17:00:00,41,36,5,MOR02
543,Amedeus Stockmanslei 39,2022-11-27,18:00:00,47,42,5,MOR02
543,Amedeus Stockmanslei 39,2022-11-27,19:00:00,28,26,2,MOR02
543,Amedeus Stockmanslei 39,2022-11-27,20:00:00,13,11,2,MOR02
543,Amedeus Stockmanslei 39,2022-11-27,21:00:00,21,20,1,MOR02
543,Amedeus Stockmanslei 39,2022-11-27,22:00:00,14,13,1,MOR02
543,Amedeus Stockmanslei 39,2022-11-27,23:00:00,7,7,0,MOR02
543,Amedeus Stockmanslei 39,2022-11-28,00:00:00,10,10,0,MOR02
543,Amedeus Stockmanslei 39,2022-11-28,01:00:00,2,2,0,MOR02
543,Amedeus Stockmanslei 39,2022-11-28,02:00:00,3,2,1,MOR02
543,Amedeus Stockmanslei 39,2022-11-28,03:00:00,1,1,0,MOR02
543,Amedeus Stockmanslei 39,2022-11-28,04:00:00,4,3,1,MOR02
543,Amedeus Stockmanslei 39,2022-11-28,05:00:00,14,14,0,MOR02
543,Amedeus Stockmanslei 39,2022-11-28,06:00:00,29,29,0,MOR02
543,Amedeus Stockmanslei 39,2022-11-28,07:00:00,88,88,0,MOR02
543,Amedeus Stockmanslei 39,2022-11-28,08:00:00,165,159,6,MOR02
543,Amedeus Stockmanslei 39,2022-11-28,09:00:00,147,138,9,MOR02
543,Amedeus Stockmanslei 39,2022-11-28,10:00:00,30,27,3,MOR02
543,Amedeus Stockmanslei 39,2022-11-28,11:00:00,53,50,3,MOR02
543,Amedeus Stockmanslei 39,2022-11-28,12:00:00,71,69,2,MOR02
543,Amedeus Stockmanslei 39,2022-11-28,13:00:00,84,83,1,MOR02
543,Amedeus Stockmanslei 39,2022-11-28,14:00:00,64,63,1,MOR02
543,Amedeus Stockmanslei 39,2022-11-28,15:00:00,186,184,2,MOR02
543,Amedeus Stockmanslei 39,2022-11-28,16:00:00,303,303,0,MOR02
543,Amedeus Stockmanslei 39,2022-11-28,17:00:00,349,348,1,MOR02
543,Amedeus Stockmanslei 39,2022-11-28,18:00:00,198,194,4,MOR02
543,Amedeus Stockmanslei 39,2022-11-28,19:00:00,76,76,0,MOR02
543,Amedeus Stockmanslei 39,2022-11-28,20:00:00,52,52,0,MOR02
543,Amedeus Stockmanslei 39,2022-11-28,21:00:00,44,43,1,MOR02
543,Amedeus Stockmanslei 39,2022-11-28,22:00:00,42,42,0,MOR02
543,Amedeus Stockmanslei 39,2022-11-28,23:00:00,22,21,1,MOR02
543,Amedeus Stockmanslei 39,2022-11-29,00:00:00,10,10,0,MOR02
543,Amedeus Stockmanslei 39,2022-11-29,01:00:00,2,1,1,MOR02
543,Amedeus Stockmanslei 39,2022-11-29,02:00:00,1,1,0,MOR02
543,Amedeus Stockmanslei 39,2022-11-29,03:00:00,2,2,0,MOR02
543,Amedeus Stockmanslei 39,2022-11-29,04:00:00,2,2,0,MOR02
543,Amedeus Stockmanslei 39,2022-11-29,05:00:00,15,15,0,MOR02
543,Amedeus Stockmanslei 39,2022-11-29,06:00:00,32,31,1,MOR02
543,Amedeus Stockmanslei 39,2022-11-29,07:00:00,145,143,2,MOR02
543,Amedeus Stockmanslei 39,2022-11-29,08:00:00,157,154,3,MOR02
543,Amedeus Stockmanslei 39,2022-11-29,09:00:00,47,47,0,MOR02
543,Amedeus Stockmanslei 39,2022-11-29,10:00:00,44,38,6,MOR02
543,Amedeus Stockmanslei 39,2022-11-29,11:00:00,42,40,2,MOR02
543,Amedeus Stockmanslei 39,2022-11-29,12:00:00,109,107,2,MOR02
543,Amedeus Stockmanslei 39,2022-11-29,13:00:00,97,95,2,MOR02
543,Amedeus Stockmanslei 39,2022-11-29,14:00:00,95,93,2,MOR02
543,Amedeus Stockmanslei 39,2022-11-29,15:00:00,185,183,2,MOR02
543,Amedeus Stockmanslei 39,2022-11-29,16:00:00,421,419,2,MOR02
543,Amedeus Stockmanslei 39,2022-11-29,17:00:00,432,429,3,MOR02
543,Amedeus Stockmanslei 39,2022-11-29,18:00:00,265,260,5,MOR02
543,Amedeus Stockmanslei 39,2022-11-29,19:00:00,110,110,0,MOR02
543,Amedeus Stockmanslei 39,2022-11-29,20:00:00,59,58,1,MOR02
543,Amedeus Stockmanslei 39,2022-11-29,21:00:00,62,61,1,MOR02
543,Amedeus Stockmanslei 39,2022-11-29,22:00:00,61,60,1,MOR02
543,Amedeus Stockmanslei 39,2022-11-29,23:00:00,23,22,1,MOR02
543,Amedeus Stockmanslei 39,2022-11-30,00:00:00,9,9,0,MOR02
543,Amedeus Stockmanslei 39,2022-11-30,01:00:00,6,6,0,MOR02
543,Amedeus Stockmanslei 39,2022-11-30,02:00:00,2,2,0,MOR02
543,Amedeus Stockmanslei 39,2022-11-30,03:00:00,5,5,0,MOR02
543,Amedeus Stockmanslei 39,2022-11-30,04:00:00,5,5,0,MOR02
543,Amedeus Stockmanslei 39,2022-11-30,05:00:00,19,18,1,MOR02
543,Amedeus Stockmanslei 39,2022-11-30,06:00:00,34,33,1,MOR02
543,Amedeus Stockmanslei 39,2022-11-30,07:00:00,109,109,0,MOR02
543,Amedeus Stockmanslei 39,2022-11-30,08:00:00,190,189,1,MOR02
543,Amedeus Stockmanslei 39,2022-11-30,09:00:00,71,69,2,MOR02
543,Amedeus Stockmanslei 39,2022-11-30,10:00:00,79,74,5,MOR02
543,Amedeus Stockmanslei 39,2022-11-30,11:00:00,63,61,2,MOR02
543,Amedeus Stockmanslei 39,2022-11-30,12:00:00,192,188,4,MOR02
543,Amedeus Stockmanslei 39,2022-11-30,13:00:00,155,153,2,MOR02
543,Amedeus Stockmanslei 39,2022-11-30,14:00:00,119,117,2,MOR02
543,Amedeus Stockmanslei 39,2022-11-30,15:00:00,139,137,2,MOR02
543,Amedeus Stockmanslei 39,2022-11-30,16:00:00,238,236,2,MOR02
543,Amedeus Stockmanslei 39,2022-11-30,17:00:00,371,368,3,MOR02
543,Amedeus Stockmanslei 39,2022-11-30,18:00:00,202,201,1,MOR02
543,Amedeus Stockmanslei 39,2022-11-30,19:00:00,86,84,2,MOR02
543,Amedeus Stockmanslei 39,2022-11-30,20:00:00,51,48,3,MOR02
543,Amedeus Stockmanslei 39,2022-11-30,21:00:00,53,53,0,MOR02
543,Amedeus Stockmanslei 39,2022-11-30,22:00:00,47,45,2,MOR02
543,Amedeus Stockmanslei 39,2022-11-30,23:00:00,20,20,0,MOR02
543,Amedeus Stockmanslei 39,2022-12-01,00:00:00,11,11,0,MOR02
543,Amedeus Stockmanslei 39,2022-12-01,01:00:00,5,4,1,MOR02
543,Amedeus Stockmanslei 39,2022-12-01,02:00:00,6,6,0,MOR02
543,Amedeus Stockmanslei 39,2022-12-01,03:00:00,5,5,0,MOR02
543,Amedeus Stockmanslei 39,2022-12-01,04:00:00,1,1,0,MOR02
543,Amedeus Stockmanslei 39,2022-12-01,05:00:00,16,15,1,MOR02
543,Amedeus Stockmanslei 39,2022-12-01,06:00:00,34,34,0,MOR02
543,Amedeus Stockmanslei 39,2022-12-01,07:00:00,129,129,0,MOR02
543,Amedeus Stockmanslei 39,2022-12-01,08:00:00,171,169,2,MOR02
543,Amedeus Stockmanslei 39,2022-12-01,09:00:00,61,60,1,MOR02
543,Amedeus Stockmanslei 39,2022-12-01,10:00:00,50,48,2,MOR02
543,Amedeus Stockmanslei 39,2022-12-01,11:00:00,48,48,0,MOR02
543,Amedeus Stockmanslei 39,2022-12-01,12:00:00,113,111,2,MOR02
543,Amedeus Stockmanslei 39,2022-12-01,13:00:00,100,97,3,MOR02
543,Amedeus Stockmanslei 39,2022-12-01,14:00:00,97,94,3,MOR02
543,Amedeus Stockmanslei 39,2022-12-01,15:00:00,236,236,0,MOR02
543,Amedeus Stockmanslei 39,2022-12-01,16:00:00,337,337,0,MOR02
543,Amedeus Stockmanslei 39,2022-12-01,17:00:00,313,313,0,MOR02
543,Amedeus Stockmanslei 39,2022-12-01,18:00:00,239,237,2,MOR02
543,Amedeus Stockmanslei 39,2022-12-01,19:00:00,110,109,1,MOR02
543,Amedeus Stockmanslei 39,2022-12-01,20:00:00,61,60,1,MOR02
543,Amedeus Stockmanslei 39,2022-12-01,21:00:00,41,41,0,MOR02
543,Amedeus Stockmanslei 39,2022-12-01,22:00:00,55,54,1,MOR02
543,Amedeus Stockmanslei 39,2022-12-01,23:00:00,40,37,3,MOR02
543,Amedeus Stockmanslei 39,2022-12-02,00:00:00,22,22,0,MOR02
543,Amedeus Stockmanslei 39,2022-12-02,01:00:00,8,8,0,MOR02
543,Amedeus Stockmanslei 39,2022-12-02,02:00:00,5,5,0,MOR02
543,Amedeus Stockmanslei 39,2022-12-02,03:00:00,2,2,0,MOR02
543,Amedeus Stockmanslei 39,2022-12-02,04:00:00,1,1,0,MOR02
543,Amedeus Stockmanslei 39,2022-12-02,05:00:00,17,17,0,MOR02
543,Amedeus Stockmanslei 39,2022-12-02,06:00:00,28,28,0,MOR02
543,Amedeus Stockmanslei 39,2022-12-02,07:00:00,91,91,0,MOR02
543,Amedeus Stockmanslei 39,2022-12-02,08:00:00,162,161,1,MOR02
543,Amedeus Stockmanslei 39,2022-12-02,09:00:00,56,55,1,MOR02
543,Amedeus Stockmanslei 39,2022-12-02,10:00:00,51,49,2,MOR02
543,Amedeus Stockmanslei 39,2022-12-02,11:00:00,49,48,1,MOR02
543,Amedeus Stockmanslei 39,2022-12-02,12:00:00,115,106,9,MOR02
543,Amedeus Stockmanslei 39,2022-12-02,13:00:00,89,84,5,MOR02
543,Amedeus Stockmanslei 39,2022-12-02,14:00:00,92,86,6,MOR02
543,Amedeus Stockmanslei 39,2022-12-02,15:00:00,179,173,6,MOR02
543,Amedeus Stockmanslei 39,2022-12-02,16:00:00,271,270,1,MOR02
543,Amedeus Stockmanslei 39,2022-12-02,17:00:00,260,257,3,MOR02
543,Amedeus Stockmanslei 39,2022-12-02,18:00:00,142,141,1,MOR02
543,Amedeus Stockmanslei 39,2022-12-02,19:00:00,75,74,1,MOR02
543,Amedeus Stockmanslei 39,2022-12-02,20:00:00,66,61,5,MOR02
543,Amedeus Stockmanslei 39,2022-12-02,21:00:00,42,42,0,MOR02
543,Amedeus Stockmanslei 39,2022-12-02,22:00:00,46,46,0,MOR02
543,Amedeus Stockmanslei 39,2022-12-02,23:00:00,30,29,1,MOR02
543,Amedeus Stockmanslei 39,2022-12-03,00:00:00,45,45,0,MOR02
543,Amedeus Stockmanslei 39,2022-12-03,01:00:00,25,23,2,MOR02
543,Amedeus Stockmanslei 39,2022-12-03,02:00:00,16,15,1,MOR02
543,Amedeus Stockmanslei 39,2022-12-03,03:00:00,10,9,1,MOR02
543,Amedeus Stockmanslei 39,2022-12-03,04:00:00,6,6,0,MOR02
543,Amedeus Stockmanslei 39,2022-12-03,05:00:00,12,12,0,MOR02
543,Amedeus Stockmanslei 39,2022-12-03,06:00:00,12,11,1,MOR02
543,Amedeus Stockmanslei 39,2022-12-03,07:00:00,18,17,1,MOR02
543,Amedeus Stockmanslei 39,2022-12-03,08:00:00,20,20,0,MOR02
543,Amedeus Stockmanslei 39,2022-12-03,09:00:00,39,37,2,MOR02
543,Amedeus Stockmanslei 39,2022-12-03,10:00:00,58,55,3,MOR02
543,Amedeus Stockmanslei 39,2022-12-03,11:00:00,62,60,2,MOR02
543,Amedeus Stockmanslei 39,2022-12-03,12:00:00,71,67,4,MOR02
543,Amedeus Stockmanslei 39,2022-12-03,13:00:00,64,62,2,MOR02
543,Amedeus Stockmanslei 39,2022-12-03,14:00:00,79,76,3,MOR02
543,Amedeus Stockmanslei 39,2022-12-03,15:00:00,84,80,4,MOR02
543,Amedeus Stockmanslei 39,2022-12-03,16:00:00,72,69,3,MOR02
543,Amedeus Stockmanslei 39,2022-12-03,17:00:00,68,66,2,MOR02
543,Amedeus Stockmanslei 39,2022-12-03,18:00:00,51,50,1,MOR02
543,Amedeus Stockmanslei 39,2022-12-03,19:00:00,57,55,2,MOR02
543,Amedeus Stockmanslei 39,2022-12-03,20:00:00,31,30,1,MOR02
543,Amedeus Stockmanslei 39,2022-12-03,21:00:00,24,20,4,MOR02
543,Amedeus Stockmanslei 39,2022-12-03,22:00:00,25,24,1,MOR02
543,Amedeus Stockmanslei 39,2022-12-03,23:00:00,39,38,1,MOR02
543,Amedeus Stockmanslei 39,2022-12-04,00:00:00,45,41,4,MOR02
543,Amedeus Stockmanslei 39,2022-12-04,01:00:00,38,32,6,MOR02
543,Amedeus Stockmanslei 39,2022-12-04,02:00:00,22,21,1,MOR02
543,Amedeus Stockmanslei 39,2022-12-04,03:00:00,13,13,0,MOR02
543,Amedeus Stockmanslei 39,2022-12-04,04:00:00,7,7,0,MOR02
543,Amedeus Stockmanslei 39,2022-12-04,05:00:00,4,4,0,MOR02
543,Amedeus Stockmanslei 39,2022-12-04,06:00:00,12,12,0,MOR02
543,Amedeus Stockmanslei 39,2022-12-04,07:00:00,12,12,0,MOR02
543,Amedeus Stockmanslei 39,2022-12-04,08:00:00,15,15,0,MOR02
543,Amedeus Stockmanslei 39,2022-12-04,09:00:00,38,36,2,MOR02
543,Amedeus Stockmanslei 39,2022-12-04,10:00:00,46,45,1,MOR02
543,Amedeus Stockmanslei 39,2022-12-04,11:00:00,50,49,1,MOR02
543,Amedeus Stockmanslei 39,2022-12-04,12:00:00,62,58,4,MOR02
543,Amedeus Stockmanslei 39,2022-12-04,13:00:00,50,50,0,MOR02
543,Amedeus Stockmanslei 39,2022-12-04,14:00:00,55,52,3,MOR02
543,Amedeus Stockmanslei 39,2022-12-04,15:00:00,44,42,2,MOR02
543,Amedeus Stockmanslei 39,2022-12-04,16:00:00,63,60,3,MOR02
543,Amedeus Stockmanslei 39,2022-12-04,17:00:00,52,49,3,MOR02
543,Amedeus Stockmanslei 39,2022-12-04,18:00:00,52,51,1,MOR02
543,Amedeus Stockmanslei 39,2022-12-04,19:00:00,23,23,0,MOR02
543,Amedeus Stockmanslei 39,2022-12-04,20:00:00,17,15,2,MOR02
543,Amedeus Stockmanslei 39,2022-12-04,21:00:00,14,13,1,MOR02
543,Amedeus Stockmanslei 39,2022-12-04,22:00:00,19,18,1,MOR02
543,Amedeus Stockmanslei 39,2022-12-04,23:00:00,11,11,0,MOR02
543,Amedeus Stockmanslei 39,2022-12-05,00:00:00,5,5,0,MOR02
543,Amedeus Stockmanslei 39,2022-12-05,01:00:00,4,4,0,MOR02
543,Amedeus Stockmanslei 39,2022-12-05,02:00:00,3,3,0,MOR02
543,Amedeus Stockmanslei 39,2022-12-05,03:00:00,1,0,1,MOR02
543,Amedeus Stockmanslei 39,2022-12-05,04:00:00,2,2,0,MOR02
543,Amedeus Stockmanslei 39,2022-12-05,05:00:00,17,17,0,MOR02
543,Amedeus Stockmanslei 39,2022-12-05,06:00:00,29,29,0,MOR02
543,Amedeus Stockmanslei 39,2022-12-05,07:00:00,88,86,2,MOR02
543,Amedeus Stockmanslei 39,2022-12-05,08:00:00,139,139,0,MOR02
543,Amedeus Stockmanslei 39,2022-12-05,09:00:00,44,41,3,MOR02
543,Amedeus Stockmanslei 39,2022-12-05,10:00:00,32,30,2,MOR02
543,Amedeus Stockmanslei 39,2022-12-05,11:00:00,36,36,0,MOR02
543,Amedeus Stockmanslei 39,2022-12-05,12:00:00,94,89,5,MOR02
543,Amedeus Stockmanslei 39,2022-12-05,13:00:00,73,73,0,MOR02
543,Amedeus Stockmanslei 39,2022-12-05,14:00:00,48,46,2,MOR02
543,Amedeus Stockmanslei 39,2022-12-05,15:00:00,113,113,0,MOR02
543,Amedeus Stockmanslei 39,2022-12-05,16:00:00,285,285,0,MOR02
543,Amedeus Stockmanslei 39,2022-12-05,17:00:00,317,317,0,MOR02
543,Amedeus Stockmanslei 39,2022-12-05,18:00:00,173,171,2,MOR02
543,Amedeus Stockmanslei 39,2022-12-05,19:00:00,64,62,2,MOR02
543,Amedeus Stockmanslei 39,2022-12-05,20:00:00,35,35,0,MOR02
543,Amedeus Stockmanslei 39,2022-12-05,21:00:00,40,40,0,MOR02
543,Amedeus Stockmanslei 39,2022-12-05,22:00:00,27,26,1,MOR02
543,Amedeus Stockmanslei 39,2022-12-05,23:00:00,17,17,0,MOR02
543,Amedeus Stockmanslei 39,2022-12-06,00:00:00,7,6,1,MOR02
543,Amedeus Stockmanslei 39,2022-12-06,01:00:00,3,3,0,MOR02
543,Amedeus Stockmanslei 39,2022-12-06,02:00:00,1,1,0,MOR02
543,Amedeus Stockmanslei 39,2022-12-06,03:00:00,5,4,1,MOR02
543,Amedeus Stockmanslei 39,2022-12-06,04:00:00,3,3,0,MOR02
543,Amedeus Stockmanslei 39,2022-12-06,05:00:00,17,17,0,MOR02
543,Amedeus Stockmanslei 39,2022-12-06,06:00:00,31,31,0,MOR02
543,Amedeus Stockmanslei 39,2022-12-06,07:00:00,85,85,0,MOR02
543,Amedeus Stockmanslei 39,2022-12-06,08:00:00,173,172,1,MOR02
543,Amedeus Stockmanslei 39,2022-12-06,09:00:00,49,47,2,MOR02
543,Amedeus Stockmanslei 39,2022-12-06,10:00:00,45,44,1,MOR02
543,Amedeus Stockmanslei 39,2022-12-06,11:00:00,72,68,4,MOR02
543,Amedeus Stockmanslei 39,2022-12-06,12:00:00,97,97,0,MOR02
543,Amedeus Stockmanslei 39,2022-12-06,13:00:00,98,98,0,MOR02
543,Amedeus Stockmanslei 39,2022-12-06,14:00:00,86,84,2,MOR02
543,Amedeus Stockmanslei 39,2022-12-06,15:00:00,183,182,1,MOR02
543,Amedeus Stockmanslei 39,2022-12-06,16:00:00,331,331,0,MOR02
543,Amedeus Stockmanslei 39,2022-12-06,17:00:00,390,389,1,MOR02
543,Amedeus Stockmanslei 39,2022-12-06,18:00:00,214,210,4,MOR02
543,Amedeus Stockmanslei 39,2022-12-06,19:00:00,99,99,0,MOR02
543,Amedeus Stockmanslei 39,2022-12-06,20:00:00,45,42,3,MOR02
543,Amedeus Stockmanslei 39,2022-12-06,21:00:00,47,46,1,MOR02
543,Amedeus Stockmanslei 39,2022-12-06,22:00:00,44,43,1,MOR02
543,Amedeus Stockmanslei 39,2022-12-06,23:00:00,23,21,2,MOR02
543,Amedeus Stockmanslei 39,2022-12-07,00:00:00,9,9,0,MOR02
543,Amedeus Stockmanslei 39,2022-12-07,01:00:00,3,2,1,MOR02
543,Amedeus Stockmanslei 39,2022-12-07,02:00:00,2,2,0,MOR02
543,Amedeus Stockmanslei 39,2022-12-07,03:00:00,1,1,0,MOR02
543,Amedeus Stockmanslei 39,2022-12-07,04:00:00,5,5,0,MOR02
543,Amedeus Stockmanslei 39,2022-12-07,05:00:00,18,18,0,MOR02
543,Amedeus Stockmanslei 39,2022-12-07,06:00:00,33,33,0,MOR02
543,Amedeus Stockmanslei 39,2022-12-07,07:00:00,77,77,0,MOR02
543,Amedeus Stockmanslei 39,2022-12-07,08:00:00,162,162,0,MOR02
543,Amedeus Stockmanslei 39,2022-12-07,09:00:00,58,57,1,MOR02
543,Amedeus Stockmanslei 39,2022-12-07,10:00:00,81,80,1,MOR02
543,Amedeus Stockmanslei 39,2022-12-07,11:00:00,71,68,3,MOR02
543,Amedeus Stockmanslei 39,2022-12-07,12:00:00,160,159,1,MOR02
543,Amedeus Stockmanslei 39,2022-12-07,13:00:00,114,111,3,MOR02
543,Amedeus Stockmanslei 39,2022-12-07,14:00:00,69,69,0,MOR02
543,Amedeus Stockmanslei 39,2022-12-07,15:00:00,101,98,3,MOR02
543,Amedeus Stockmanslei 39,2022-12-07,16:00:00,183,183,0,MOR02
543,Amedeus Stockmanslei 39,2022-12-07,17:00:00,296,296,0,MOR02
543,Amedeus Stockmanslei 39,2022-12-07,18:00:00,164,164,0,MOR02
543,Amedeus Stockmanslei 39,2022-12-07,19:00:00,97,94,3,MOR02
543,Amedeus Stockmanslei 39,2022-12-07,20:00:00,47,47,0,MOR02
543,Amedeus Stockmanslei 39,2022-12-07,21:00:00,28,28,0,MOR02
543,Amedeus Stockmanslei 39,2022-12-07,22:00:00,46,45,1,MOR02
543,Amedeus Stockmanslei 39,2022-12-07,23:00:00,28,27,1,MOR02
543,Amedeus Stockmanslei 39,2022-12-08,00:00:00,14,13,1,MOR02
543,Amedeus Stockmanslei 39,2022-12-08,01:00:00,5,3,2,MOR02
543,Amedeus Stockmanslei 39,2022-12-08,02:00:00,3,3,0,MOR02
543,Amedeus Stockmanslei 39,2022-12-08,03:00:00,2,2,0,MOR02
543,Amedeus Stockmanslei 39,2022-12-08,04:00:00,8,8,0,MOR02
543,Amedeus Stockmanslei 39,2022-12-08,05:00:00,12,12,0,MOR02
543,Amedeus Stockmanslei 39,2022-12-08,06:00:00,30,30,0,MOR02
543,Amedeus Stockmanslei 39,2022-12-08,07:00:00,79,78,1,MOR02
543,Amedeus Stockmanslei 39,2022-12-08,08:00:00,168,167,1,MOR02
543,Amedeus Stockmanslei 39,2022-12-08,09:00:00,53,51,2,MOR02
543,Amedeus Stockmanslei 39,2022-12-08,10:00:00,49,49,0,MOR02
543,Amedeus Stockmanslei 39,2022-12-08,11:00:00,52,49,3,MOR02
543,Amedeus Stockmanslei 39,2022-12-08,12:00:00,87,85,2,MOR02
543,Amedeus Stockmanslei 39,2022-12-08,13:00:00,74,74,0,MOR02
543,Amedeus Stockmanslei 39,2022-12-08,14:00:00,55,54,1,MOR02
543,Amedeus Stockmanslei 39,2022-12-08,15:00:00,125,123,2,MOR02
543,Amedeus Stockmanslei 39,2022-12-08,16:00:00,298,297,1,MOR02
543,Amedeus Stockmanslei 39,2022-12-08,17:00:00,335,334,1,MOR02
543,Amedeus Stockmanslei 39,2022-12-08,18:00:00,179,178,1,MOR02
543,Amedeus Stockmanslei 39,2022-12-08,19:00:00,74,71,3,MOR02
543,Amedeus Stockmanslei 39,2022-12-08,20:00:00,51,50,1,MOR02
543,Amedeus Stockmanslei 39,2022-12-08,21:00:00,50,50,0,MOR02
543,Amedeus Stockmanslei 39,2022-12-08,22:00:00,56,55,1,MOR02
543,Amedeus Stockmanslei 39,2022-12-08,23:00:00,43,43,0,MOR02
543,Amedeus Stockmanslei 39,2022-12-09,00:00:00,15,15,0,MOR02
543,Amedeus Stockmanslei 39,2022-12-09,01:00:00,8,7,1,MOR02
543,Amedeus Stockmanslei 39,2022-12-09,02:00:00,3,3,0,MOR02
543,Amedeus Stockmanslei 39,2022-12-09,03:00:00,4,2,2,MOR02
543,Amedeus Stockmanslei 39,2022-12-09,04:00:00,5,4,1,MOR02
543,Amedeus Stockmanslei 39,2022-12-09,05:00:00,17,16,1,MOR02
543,Amedeus Stockmanslei 39,2022-12-09,06:00:00,34,33,1,MOR02
543,Amedeus Stockmanslei 39,2022-12-09,07:00:00,62,60,2,MOR02
543,Amedeus Stockmanslei 39,2022-12-09,08:00:00,149,148,1,MOR02
543,Amedeus Stockmanslei 39,2022-12-09,09:00:00,48,48,0,MOR02
543,Amedeus Stockmanslei 39,2022-12-09,10:00:00,41,40,1,MOR02
543,Amedeus Stockmanslei 39,2022-12-09,11:00:00,39,30,9,MOR02
543,Amedeus Stockmanslei 39,2022-12-09,12:00:00,21,11,10,MOR02
543,Amedeus Stockmanslei 39,2022-12-09,13:00:00,37,28,9,MOR02
543,Amedeus Stockmanslei 39,2022-12-09,14:00:00,18,6,12,MOR02
543,Amedeus Stockmanslei 39,2022-12-09,15:00:00,157,152,5,MOR02
543,Amedeus Stockmanslei 39,2022-12-09,16:00:00,233,231,2,MOR02
543,Amedeus Stockmanslei 39,2022-12-09,17:00:00,249,247,2,MOR02
543,Amedeus Stockmanslei 39,2022-12-09,18:00:00,129,128,1,MOR02
543,Amedeus Stockmanslei 39,2022-12-09,19:00:00,77,76,1,MOR02
543,Amedeus Stockmanslei 39,2022-12-09,20:00:00,41,39,2,MOR02
543,Amedeus Stockmanslei 39,2022-12-09,21:00:00,34,34,0,MOR02
543,Amedeus Stockmanslei 39,2022-12-09,22:00:00,35,34,1,MOR02
543,Amedeus Stockmanslei 39,2022-12-09,23:00:00,42,38,4,MOR02
543,Amedeus Stockmanslei 39,2022-12-10,00:00:00,42,39,3,MOR02
543,Amedeus Stockmanslei 39,2022-12-10,01:00:00,29,28,1,MOR02
543,Amedeus Stockmanslei 39,2022-12-10,02:00:00,22,22,0,MOR02
543,Amedeus Stockmanslei 39,2022-12-10,03:00:00,17,17,0,MOR02
543,Amedeus Stockmanslei 39,2022-12-10,04:00:00,9,9,0,MOR02
543,Amedeus Stockmanslei 39,2022-12-10,05:00:00,18,17,1,MOR02
543,Amedeus Stockmanslei 39,2022-12-10,06:00:00,10,10,0,MOR02
543,Amedeus Stockmanslei 39,2022-12-10,07:00:00,8,8,0,MOR02
543,Amedeus Stockmanslei 39,2022-12-10,08:00:00,18,17,1,MOR02
543,Amedeus Stockmanslei 39,2022-12-10,09:00:00,25,23,2,MOR02
543,Amedeus Stockmanslei 39,2022-12-10,10:00:00,38,38,0,MOR02
543,Amedeus Stockmanslei 39,2022-12-10,11:00:00,43,42,1,MOR02
543,Amedeus Stockmanslei 39,2022-12-10,12:00:00,28,26,2,MOR02
543,Amedeus Stockmanslei 39,2022-12-10,13:00:00,50,49,1,MOR02
543,Amedeus Stockmanslei 39,2022-12-10,14:00:00,65,60,5,MOR02
543,Amedeus Stockmanslei 39,2022-12-10,15:00:00,65,63,2,MOR02
543,Amedeus Stockmanslei 39,2022-12-10,16:00:00,61,59,2,MOR02
543,Amedeus Stockmanslei 39,2022-12-10,17:00:00,41,41,0,MOR02
543,Amedeus Stockmanslei 39,2022-12-10,18:00:00,46,44,2,MOR02
543,Amedeus Stockmanslei 39,2022-12-10,19:00:00,30,27,3,MOR02
543,Amedeus Stockmanslei 39,2022-12-10,20:00:00,25,25,0,MOR02
543,Amedeus Stockmanslei 39,2022-12-10,21:00:00,30,29,1,MOR02
543,Amedeus Stockmanslei 39,2022-12-10,22:00:00,24,22,2,MOR02
543,Amedeus Stockmanslei 39,2022-12-10,23:00:00,45,44,1,MOR02
543,Amedeus Stockmanslei 39,2022-12-11,00:00:00,20,18,2,MOR02
543,Amedeus Stockmanslei 39,2022-12-11,01:00:00,14,11,3,MOR02
543,Amedeus Stockmanslei 39,2022-12-11,02:00:00,18,17,1,MOR02
543,Amedeus Stockmanslei 39,2022-12-11,03:00:00,8,4,4,MOR02
543,Amedeus Stockmanslei 39,2022-12-11,04:00:00,7,7,0,MOR02
543,Amedeus Stockmanslei 39,2022-12-11,05:00:00,13,12,1,MOR02
543,Amedeus Stockmanslei 39,2022-12-11,06:00:00,6,6,0,MOR02
543,Amedeus Stockmanslei 39,2022-12-11,07:00:00,5,5,0,MOR02
543,Amedeus Stockmanslei 39,2022-12-11,08:00:00,6,6,0,MOR02
543,Amedeus Stockmanslei 39,2022-12-11,09:00:00,35,33,2,MOR02
543,Amedeus Stockmanslei 39,2022-12-11,10:00:00,20,20,0,MOR02
543,Amedeus Stockmanslei 39,2022-12-11,11:00:00,36,33,3,MOR02
543,Amedeus Stockmanslei 39,2022-12-11,12:00:00,43,43,0,MOR02
543,Amedeus Stockmanslei 39,2022-12-11,13:00:00,49,47,2,MOR02
543,Amedeus Stockmanslei 39,2022-12-11,14:00:00,47,42,5,MOR02
543,Amedeus Stockmanslei 39,2022-12-11,15:00:00,41,15,26,MOR02
543,Amedeus Stockmanslei 39,2022-12-11,16:00:00,38,35,3,MOR02
543,Amedeus Stockmanslei 39,2022-12-11,17:00:00,51,47,4,MOR02
543,Amedeus Stockmanslei 39,2022-12-11,18:00:00,40,28,12,MOR02
543,Amedeus Stockmanslei 39,2022-12-11,19:00:00,21,19,2,MOR02
543,Amedeus Stockmanslei 39,2022-12-11,20:00:00,14,14,0,MOR02
543,Amedeus Stockmanslei 39,2022-12-11,21:00:00,23,23,0,MOR02
543,Amedeus Stockmanslei 39,2022-12-11,22:00:00,17,16,1,MOR02
543,Amedeus Stockmanslei 39,2022-12-11,23:00:00,8,7,1,MOR02
543,Amedeus Stockmanslei 39,2022-12-12,00:00:00,5,5,0,MOR02
543,Amedeus Stockmanslei 39,2022-12-12,01:00:00,2,2,0,MOR02
543,Amedeus Stockmanslei 39,2022-12-12,02:00:00,1,1,0,MOR02
543,Amedeus Stockmanslei 39,2022-12-12,03:00:00,2,1,1,MOR02
543,Amedeus Stockmanslei 39,2022-12-12,04:00:00,8,6,2,MOR02
543,Amedeus Stockmanslei 39,2022-12-12,05:00:00,14,12,2,MOR02
543,Amedeus Stockmanslei 39,2022-12-12,06:00:00,21,21,0,MOR02
543,Amedeus Stockmanslei 39,2022-12-12,07:00:00,89,89,0,MOR02
543,Amedeus Stockmanslei 39,2022-12-12,08:00:00,125,125,0,MOR02
543,Amedeus Stockmanslei 39,2022-12-12,09:00:00,44,43,1,MOR02
543,Amedeus Stockmanslei 39,2022-12-12,10:00:00,50,50,0,MOR02
543,Amedeus Stockmanslei 39,2022-12-12,11:00:00,36,34,2,MOR02
543,Amedeus Stockmanslei 39,2022-12-12,12:00:00,81,81,0,MOR02
543,Amedeus Stockmanslei 39,2022-12-12,13:00:00,49,47,2,MOR02
543,Amedeus Stockmanslei 39,2022-12-12,14:00:00,63,63,0,MOR02
543,Amedeus Stockmanslei 39,2022-12-12,15:00:00,156,155,1,MOR02
543,Amedeus Stockmanslei 39,2022-12-12,16:00:00,270,268,2,MOR02
543,Amedeus Stockmanslei 39,2022-12-12,17:00:00,305,305,0,MOR02
543,Amedeus Stockmanslei 39,2022-12-12,18:00:00,158,157,1,MOR02
543,Amedeus Stockmanslei 39,2022-12-12,19:00:00,63,62,1,MOR02
543,Amedeus Stockmanslei 39,2022-12-12,20:00:00,43,43,0,MOR02
543,Amedeus Stockmanslei 39,2022-12-12,21:00:00,37,36,1,MOR02
543,Amedeus Stockmanslei 39,2022-12-12,22:00:00,42,42,0,MOR02
543,Amedeus Stockmanslei 39,2022-12-12,23:00:00,17,17,0,MOR02
543,Amedeus Stockmanslei 39,2022-12-13,00:00:00,7,6,1,MOR02
543,Amedeus Stockmanslei 39,2022-12-13,01:00:00,3,2,1,MOR02
543,Amedeus Stockmanslei 39,2022-12-13,02:00:00,3,3,0,MOR02
543,Amedeus Stockmanslei 39,2022-12-13,03:00:00,1,1,0,MOR02
543,Amedeus Stockmanslei 39,2022-12-13,04:00:00,6,5,1,MOR02
543,Amedeus Stockmanslei 39,2022-12-13,05:00:00,9,8,1,MOR02
543,Amedeus Stockmanslei 39,2022-12-13,06:00:00,18,18,0,MOR02
543,Amedeus Stockmanslei 39,2022-12-13,07:00:00,72,72,0,MOR02
543,Amedeus Stockmanslei 39,2022-12-13,08:00:00,147,146,1,MOR02
543,Amedeus Stockmanslei 39,2022-12-13,09:00:00,17,8,9,MOR02
543,Amedeus Stockmanslei 39,2022-12-13,10:00:00,19,4,15,MOR02
543,Amedeus Stockmanslei 39,2022-12-13,11:00:00,30,28,2,MOR02
543,Amedeus Stockmanslei 39,2022-12-13,12:00:00,36,32,4,MOR02
543,Amedeus Stockmanslei 39,2022-12-13,13:00:00,79,79,0,MOR02
543,Amedeus Stockmanslei 39,2022-12-13,14:00:00,53,52,1,MOR02
543,Amedeus Stockmanslei 39,2022-12-13,15:00:00,122,118,4,MOR02
543,Amedeus Stockmanslei 39,2022-12-13,16:00:00,267,263,4,MOR02
543,Amedeus Stockmanslei 39,2022-12-13,17:00:00,243,222,21,MOR02
543,Amedeus Stockmanslei 39,2022-12-13,18:00:00,180,179,1,MOR02
543,Amedeus Stockmanslei 39,2022-12-13,19:00:00,65,64,1,MOR02
543,Amedeus Stockmanslei 39,2022-12-13,20:00:00,45,44,1,MOR02
543,Amedeus Stockmanslei 39,2022-12-13,21:00:00,29,28,1,MOR02
543,Amedeus Stockmanslei 39,2022-12-13,22:00:00,42,42,0,MOR02
543,Amedeus Stockmanslei 39,2022-12-13,23:00:00,26,26,0,MOR02
543,Amedeus Stockmanslei 39,2022-12-14,00:00:00,12,12,0,MOR02
543,Amedeus Stockmanslei 39,2022-12-14,01:00:00,5,4,1,MOR02
543,Amedeus Stockmanslei 39,2022-12-14,02:00:00,3,3,0,MOR02
543,Amedeus Stockmanslei 39,2022-12-14,03:00:00,2,2,0,MOR02
543,Amedeus Stockmanslei 39,2022-12-14,04:00:00,7,6,1,MOR02
543,Amedeus Stockmanslei 39,2022-12-14,05:00:00,12,12,0,MOR02
543,Amedeus Stockmanslei 39,2022-12-14,06:00:00,21,21,0,MOR02
543,Amedeus Stockmanslei 39,2022-12-14,07:00:00,74,74,0,MOR02
543,Amedeus Stockmanslei 39,2022-12-14,08:00:00,143,139,4,MOR02
543,Amedeus Stockmanslei 39,2022-12-14,09:00:00,62,61,1,MOR02
543,Amedeus Stockmanslei 39,2022-12-14,10:00:00,53,53,0,MOR02
543,Amedeus Stockmanslei 39,2022-12-14,11:00:00,23,19,4,MOR02
543,Amedeus Stockmanslei 39,2022-12-14,12:00:00,124,121,3,MOR02
543,Amedeus Stockmanslei 39,2022-12-14,13:00:00,84,76,8,MOR02
543,Amedeus Stockmanslei 39,2022-12-14,14:00:00,73,72,1,MOR02
543,Amedeus Stockmanslei 39,2022-12-14,15:00:00,90,88,2,MOR02
543,Amedeus Stockmanslei 39,2022-12-14,16:00:00,166,165,1,MOR02
543,Amedeus Stockmanslei 39,2022-12-14,17:00:00,249,246,3,MOR02
543,Amedeus Stockmanslei 39,2022-12-14,18:00:00,133,133,0,MOR02
543,Amedeus Stockmanslei 39,2022-12-14,19:00:00,61,61,0,MOR02
543,Amedeus Stockmanslei 39,2022-12-14,20:00:00,30,30,0,MOR02
543,Amedeus Stockmanslei 39,2022-12-14,21:00:00,30,30,0,MOR02
543,Amedeus Stockmanslei 39,2022-12-14,22:00:00,45,45,0,MOR02
543,Amedeus Stockmanslei 39,2022-12-14,23:00:00,14,8,6,MOR02
543,Amedeus Stockmanslei 39,2022-12-15,00:00:00,0,0,0,MOR02
543,Amedeus Stockmanslei 39,2022-12-15,01:00:00,5,3,2,MOR02
543,Amedeus Stockmanslei 39,2022-12-15,02:00:00,3,3,0,MOR02
543,Amedeus Stockmanslei 39,2022-12-15,03:00:00,0,0,0,MOR02
543,Amedeus Stockmanslei 39,2022-12-15,04:00:00,6,5,1,MOR02
543,Amedeus Stockmanslei 39,2022-12-15,05:00:00,11,11,0,MOR02
543,Amedeus Stockmanslei 39,2022-12-15,06:00:00,21,19,2,MOR02
543,Amedeus Stockmanslei 39,2022-12-15,07:00:00,60,60,0,MOR02
543,Amedeus Stockmanslei 39,2022-12-15,08:00:00,145,142,3,MOR02
543,Amedeus Stockmanslei 39,2022-12-15,09:00:00,50,49,1,MOR02
543,Amedeus Stockmanslei 39,2022-12-15,10:00:00,25,19,6,MOR02
543,Amedeus Stockmanslei 39,2022-12-15,11:00:00,21,17,4,MOR02
543,Amedeus Stockmanslei 39,2022-12-15,12:00:00,55,52,3,MOR02
543,Amedeus Stockmanslei 39,2022-12-15,13:00:00,73,73,0,MOR02
543,Amedeus Stockmanslei 39,2022-12-15,14:00:00,49,47,2,MOR02
543,Amedeus Stockmanslei 39,2022-12-15,15:00:00,148,147,1,MOR02
543,Amedeus Stockmanslei 39,2022-12-15,16:00:00,235,233,2,MOR02
543,Amedeus Stockmanslei 39,2022-12-15,17:00:00,251,249,2,MOR02
543,Amedeus Stockmanslei 39,2022-12-15,18:00:00,108,99,9,MOR02
543,Amedeus Stockmanslei 39,2022-12-15,19:00:00,78,78,0,MOR02
543,Amedeus Stockmanslei 39,2022-12-15,20:00:00,48,48,0,MOR02
543,Amedeus Stockmanslei 39,2022-12-15,21:00:00,35,35,0,MOR02
543,Amedeus Stockmanslei 39,2022-12-15,22:00:00,36,36,0,MOR02
543,Amedeus Stockmanslei 39,2022-12-15,23:00:00,26,25,1,MOR02
543,Amedeus Stockmanslei 39,2022-12-16,00:00:00,6,5,1,MOR02
543,Amedeus Stockmanslei 39,2022-12-16,01:00:00,1,0,1,MOR02
543,Amedeus Stockmanslei 39,2022-12-16,02:00:00,5,5,0,MOR02
543,Amedeus Stockmanslei 39,2022-12-16,03:00:00,4,4,0,MOR02
543,Amedeus Stockmanslei 39,2022-12-16,04:00:00,4,4,0,MOR02
543,Amedeus Stockmanslei 39,2022-12-16,05:00:00,13,12,1,MOR02
543,Amedeus Stockmanslei 39,2022-12-16,06:00:00,14,14,0,MOR02
543,Amedeus Stockmanslei 39,2022-12-16,07:00:00,62,62,0,MOR02
543,Amedeus Stockmanslei 39,2022-12-16,08:00:00,135,133,2,MOR02
543,Amedeus Stockmanslei 39,2022-12-16,09:00:00,47,45,2,MOR02
543,Amedeus Stockmanslei 39,2022-12-16,10:00:00,48,45,3,MOR02
543,Amedeus Stockmanslei 39,2022-12-16,11:00:00,44,42,2,MOR02
543,Amedeus Stockmanslei 39,2022-12-16,12:00:00,104,103,1,MOR02
543,Amedeus Stockmanslei 39,2022-12-16,13:00:00,62,60,2,MOR02
543,Amedeus Stockmanslei 39,2022-12-16,14:00:00,71,68,3,MOR02
543,Amedeus Stockmanslei 39,2022-12-16,15:00:00,68,51,17,MOR02
543,Amedeus Stockmanslei 39,2022-12-16,16:00:00,180,171,9,MOR02
543,Amedeus Stockmanslei 39,2022-12-16,17:00:00,183,183,0,MOR02
543,Amedeus Stockmanslei 39,2022-12-16,18:00:00,120,117,3,MOR02
543,Amedeus Stockmanslei 39,2022-12-16,19:00:00,61,60,1,MOR02
543,Amedeus Stockmanslei 39,2022-12-16,20:00:00,60,57,3,MOR02
543,Amedeus Stockmanslei 39,2022-12-16,21:00:00,36,36,0,MOR02
543,Amedeus Stockmanslei 39,2022-12-16,22:00:00,29,29,0,MOR02
543,Amedeus Stockmanslei 39,2022-12-16,23:00:00,44,39,5,MOR02
543,Amedeus Stockmanslei 39,2022-12-17,00:00:00,40,36,4,MOR02
543,Amedeus Stockmanslei 39,2022-12-17,01:00:00,25,21,4,MOR02
543,Amedeus Stockmanslei 39,2022-12-17,02:00:00,7,6,1,MOR02
543,Amedeus Stockmanslei 39,2022-12-17,03:00:00,9,9,0,MOR02
543,Amedeus Stockmanslei 39,2022-12-17,04:00:00,8,8,0,MOR02
543,Amedeus Stockmanslei 39,2022-12-17,05:00:00,1,0,1,MOR02
543,Amedeus Stockmanslei 39,2022-12-17,06:00:00,1,0,1,MOR02
543,Amedeus Stockmanslei 39,2022-12-17,07:00:00,7,6,1,MOR02
543,Amedeus Stockmanslei 39,2022-12-17,08:00:00,16,16,0,MOR02
543,Amedeus Stockmanslei 39,2022-12-17,09:00:00,31,30,1,MOR02
543,Amedeus Stockmanslei 39,2022-12-17,10:00:00,27,25,2,MOR02
543,Amedeus Stockmanslei 39,2022-12-17,11:00:00,21,14,7,MOR02
543,Amedeus Stockmanslei 39,2022-12-17,12:00:00,43,41,2,MOR02
543,Amedeus Stockmanslei 39,2022-12-17,13:00:00,10,5,5,MOR02
543,Amedeus Stockmanslei 39,2022-12-17,14:00:00,37,33,4,MOR02
543,Amedeus Stockmanslei 39,2022-12-17,15:00:00,61,61,0,MOR02
543,Amedeus Stockmanslei 39,2022-12-17,16:00:00,57,55,2,MOR02
543,Amedeus Stockmanslei 39,2022-12-17,17:00:00,42,42,0,MOR02
543,Amedeus Stockmanslei 39,2022-12-17,18:00:00,44,41,3,MOR02
543,Amedeus Stockmanslei 39,2022-12-17,19:00:00,33,33,0,MOR02
543,Amedeus Stockmanslei 39,2022-12-17,20:00:00,28,26,2,MOR02
543,Amedeus Stockmanslei 39,2022-12-17,21:00:00,24,23,1,MOR02
543,Amedeus Stockmanslei 39,2022-12-17,22:00:00,26,25,1,MOR02
543,Amedeus Stockmanslei 39,2022-12-17,23:00:00,20,18,2,MOR02
543,Amedeus Stockmanslei 39,2022-12-18,00:00:00,27,26,1,MOR02
543,Amedeus Stockmanslei 39,2022-12-18,01:00:00,15,14,1,MOR02
543,Amedeus Stockmanslei 39,2022-12-18,02:00:00,20,20,0,MOR02
543,Amedeus Stockmanslei 39,2022-12-18,03:00:00,4,4,0,MOR02
543,Amedeus Stockmanslei 39,2022-12-18,04:00:00,2,2,0,MOR02
543,Amedeus Stockmanslei 39,2022-12-18,05:00:00,4,4,0,MOR02
543,Amedeus Stockmanslei 39,2022-12-18,06:00:00,5,5,0,MOR02
543,Amedeus Stockmanslei 39,2022-12-18,07:00:00,1,0,1,MOR02
543,Amedeus Stockmanslei 39,2022-12-18,08:00:00,1,0,1,MOR02
543,Amedeus Stockmanslei 39,2022-12-18,09:00:00,13,3,10,MOR02
543,Amedeus Stockmanslei 39,2022-12-18,10:00:00,33,33,0,MOR02
543,Amedeus Stockmanslei 39,2022-12-18,11:00:00,36,36,0,MOR02
543,Amedeus Stockmanslei 39,2022-12-18,12:00:00,44,40,4,MOR02
543,Amedeus Stockmanslei 39,2022-12-18,13:00:00,31,31,0,MOR02
543,Amedeus Stockmanslei 39,2022-12-18,14:00:00,41,38,3,MOR02
543,Amedeus Stockmanslei 39,2022-12-18,15:00:00,45,43,2,MOR02
543,Amedeus Stockmanslei 39,2022-12-18,16:00:00,24,22,2,MOR02
543,Amedeus Stockmanslei 39,2022-12-18,17:00:00,14,10,4,MOR02
543,Amedeus Stockmanslei 39,2022-12-18,18:00:00,20,19,1,MOR02
543,Amedeus Stockmanslei 39,2022-12-18,19:00:00,18,14,4,MOR02
543,Amedeus Stockmanslei 39,2022-12-18,20:00:00,11,11,0,MOR02
543,Amedeus Stockmanslei 39,2022-12-18,21:00:00,4,4,0,MOR02
543,Amedeus Stockmanslei 39,2022-12-18,22:00:00,6,6,0,MOR02
543,Amedeus Stockmanslei 39,2022-12-18,23:00:00,4,2,2,MOR02
543,Amedeus Stockmanslei 39,2022-12-19,00:00:00,0,0,0,MOR02
543,Amedeus Stockmanslei 39,2022-12-19,01:00:00,3,0,3,MOR02
543,Amedeus Stockmanslei 39,2022-12-19,02:00:00,1,1,0,MOR02
543,Amedeus Stockmanslei 39,2022-12-19,03:00:00,1,1,0,MOR02
543,Amedeus Stockmanslei 39,2022-12-19,04:00:00,6,6,0,MOR02
543,Amedeus Stockmanslei 39,2022-12-19,05:00:00,11,11,0,MOR02
543,Amedeus Stockmanslei 39,2022-12-19,06:00:00,19,19,0,MOR02
543,Amedeus Stockmanslei 39,2022-12-19,07:00:00,58,48,10,MOR02
543,Amedeus Stockmanslei 39,2022-12-19,08:00:00,108,93,15,MOR02
543,Amedeus Stockmanslei 39,2022-12-19,09:00:00,43,43,0,MOR02
543,Amedeus Stockmanslei 39,2022-12-19,10:00:00,38,35,3,MOR02
543,Amedeus Stockmanslei 39,2022-12-19,11:00:00,46,45,1,MOR02
543,Amedeus Stockmanslei 39,2022-12-19,12:00:00,68,66,2,MOR02
543,Amedeus Stockmanslei 39,2022-12-19,13:00:00,65,60,5,MOR02
543,Amedeus Stockmanslei 39,2022-12-19,14:00:00,64,64,0,MOR02
543,Amedeus Stockmanslei 39,2022-12-19,15:00:00,60,48,12,MOR02
543,Amedeus Stockmanslei 39,2022-12-19,16:00:00,75,61,14,MOR02
543,Amedeus Stockmanslei 39,2022-12-19,17:00:00,80,58,22,MOR02
543,Amedeus Stockmanslei 39,2022-12-19,18:00:00,157,156,1,MOR02
543,Amedeus Stockmanslei 39,2022-12-19,19:00:00,81,79,2,MOR02
543,Amedeus Stockmanslei 39,2022-12-19,20:00:00,42,42,0,MOR02
543,Amedeus Stockmanslei 39,2022-12-19,21:00:00,42,42,0,MOR02
543,Amedeus Stockmanslei 39,2022-12-19,22:00:00,43,43,0,MOR02
543,Amedeus Stockmanslei 39,2022-12-19,23:00:00,23,23,0,MOR02
543,Amedeus Stockmanslei 39,2022-12-20,00:00:00,7,6,1,MOR02
543,Amedeus Stockmanslei 39,2022-12-20,01:00:00,5,4,1,MOR02
543,Amedeus Stockmanslei 39,2022-12-20,02:00:00,3,3,0,MOR02
543,Amedeus Stockmanslei 39,2022-12-20,03:00:00,2,2,0,MOR02
543,Amedeus Stockmanslei 39,2022-12-20,04:00:00,3,3,0,MOR02
543,Amedeus Stockmanslei 39,2022-12-20,05:00:00,10,10,0,MOR02
543,Amedeus Stockmanslei 39,2022-12-20,06:00:00,27,27,0,MOR02
543,Amedeus Stockmanslei 39,2022-12-20,07:00:00,60,60,0,MOR02
543,Amedeus Stockmanslei 39,2022-12-20,08:00:00,92,92,0,MOR02
543,Amedeus Stockmanslei 39,2022-12-20,09:00:00,36,34,2,MOR02
543,Amedeus Stockmanslei 39,2022-12-20,10:00:00,51,49,2,MOR02
543,Amedeus Stockmanslei 39,2022-12-20,11:00:00,36,35,1,MOR02
543,Amedeus Stockmanslei 39,2022-12-20,12:00:00,57,57,0,MOR02
543,Amedeus Stockmanslei 39,2022-12-20,13:00:00,48,47,1,MOR02
543,Amedeus Stockmanslei 39,2022-12-20,14:00:00,57,56,1,MOR02
543,Amedeus Stockmanslei 39,2022-12-20,15:00:00,115,114,1,MOR02
543,Amedeus Stockmanslei 39,2022-12-20,16:00:00,213,210,3,MOR02
543,Amedeus Stockmanslei 39,2022-12-20,17:00:00,283,280,3,MOR02
543,Amedeus Stockmanslei 39,2022-12-20,18:00:00,146,146,0,MOR02
543,Amedeus Stockmanslei 39,2022-12-20,19:00:00,79,78,1,MOR02
543,Amedeus Stockmanslei 39,2022-12-20,20:00:00,39,36,3,MOR02
543,Amedeus Stockmanslei 39,2022-12-20,21:00:00,34,34,0,MOR02
543,Amedeus Stockmanslei 39,2022-12-20,22:00:00,34,32,2,MOR02
543,Amedeus Stockmanslei 39,2022-12-20,23:00:00,32,31,1,MOR02
543,Amedeus Stockmanslei 39,2022-12-21,00:00:00,25,25,0,MOR02
543,Amedeus Stockmanslei 39,2022-12-21,01:00:00,5,4,1,MOR02
543,Amedeus Stockmanslei 39,2022-12-21,02:00:00,4,4,0,MOR02
543,Amedeus Stockmanslei 39,2022-12-21,03:00:00,0,0,0,MOR02
543,Amedeus Stockmanslei 39,2022-12-21,04:00:00,4,3,1,MOR02
543,Amedeus Stockmanslei 39,2022-12-21,05:00:00,13,13,0,MOR02
543,Amedeus Stockmanslei 39,2022-12-21,06:00:00,21,21,0,MOR02
543,Amedeus Stockmanslei 39,2022-12-21,07:00:00,56,56,0,MOR02
543,Amedeus Stockmanslei 39,2022-12-21,08:00:00,77,77,0,MOR02
543,Amedeus Stockmanslei 39,2022-12-21,09:00:00,74,73,1,MOR02
543,Amedeus Stockmanslei 39,2022-12-21,10:00:00,67,65,2,MOR02
543,Amedeus Stockmanslei 39,2022-12-21,11:00:00,91,89,2,MOR02
543,Amedeus Stockmanslei 39,2022-12-21,12:00:00,157,156,1,MOR02
543,Amedeus Stockmanslei 39,2022-12-21,13:00:00,122,122,0,MOR02
543,Amedeus Stockmanslei 39,2022-12-21,14:00:00,97,94,3,MOR02
543,Amedeus Stockmanslei 39,2022-12-21,15:00:00,118,116,2,MOR02
543,Amedeus Stockmanslei 39,2022-12-21,16:00:00,191,189,2,MOR02
543,Amedeus Stockmanslei 39,2022-12-21,17:00:00,222,220,2,MOR02
543,Amedeus Stockmanslei 39,2022-12-21,18:00:00,136,134,2,MOR02
543,Amedeus Stockmanslei 39,2022-12-21,19:00:00,72,70,2,MOR02
543,Amedeus Stockmanslei 39,2022-12-21,20:00:00,54,52,2,MOR02
543,Amedeus Stockmanslei 39,2022-12-21,21:00:00,46,45,1,MOR02
543,Amedeus Stockmanslei 39,2022-12-21,22:00:00,45,44,1,MOR02
543,Amedeus Stockmanslei 39,2022-12-21,23:00:00,29,28,1,MOR02
543,Amedeus Stockmanslei 39,2022-12-22,00:00:00,17,17,0,MOR02
543,Amedeus Stockmanslei 39,2022-12-22,01:00:00,5,4,1,MOR02
543,Amedeus Stockmanslei 39,2022-12-22,02:00:00,10,10,0,MOR02
543,Amedeus Stockmanslei 39,2022-12-22,03:00:00,5,5,0,MOR02
543,Amedeus Stockmanslei 39,2022-12-22,04:00:00,3,3,0,MOR02
543,Amedeus Stockmanslei 39,2022-12-22,05:00:00,11,11,0,MOR02
543,Amedeus Stockmanslei 39,2022-12-22,06:00:00,28,28,0,MOR02
543,Amedeus Stockmanslei 39,2022-12-22,07:00:00,43,43,0,MOR02
543,Amedeus Stockmanslei 39,2022-12-22,08:00:00,91,91,0,MOR02
543,Amedeus Stockmanslei 39,2022-12-22,09:00:00,60,58,2,MOR02
543,Amedeus Stockmanslei 39,2022-12-22,10:00:00,65,63,2,MOR02
543,Amedeus Stockmanslei 39,2022-12-22,11:00:00,65,64,1,MOR02
543,Amedeus Stockmanslei 39,2022-12-22,12:00:00,78,76,2,MOR02
543,Amedeus Stockmanslei 39,2022-12-22,13:00:00,80,79,1,MOR02
543,Amedeus Stockmanslei 39,2022-12-22,14:00:00,87,86,1,MOR02
543,Amedeus Stockmanslei 39,2022-12-22,15:00:00,121,121,0,MOR02
543,Amedeus Stockmanslei 39,2022-12-22,16:00:00,191,190,1,MOR02
543,Amedeus Stockmanslei 39,2022-12-22,17:00:00,258,257,1,MOR02
543,Amedeus Stockmanslei 39,2022-12-22,18:00:00,136,134,2,MOR02
543,Amedeus Stockmanslei 39,2022-12-22,19:00:00,99,97,2,MOR02
543,Amedeus Stockmanslei 39,2022-12-22,20:00:00,57,55,2,MOR02
543,Amedeus Stockmanslei 39,2022-12-22,21:00:00,60,59,1,MOR02
543,Amedeus Stockmanslei 39,2022-12-22,22:00:00,59,57,2,MOR02
543,Amedeus Stockmanslei 39,2022-12-22,23:00:00,45,44,1,MOR02
543,Amedeus Stockmanslei 39,2022-12-23,00:00:00,28,27,1,MOR02
543,Amedeus Stockmanslei 39,2022-12-23,01:00:00,23,22,1,MOR02
543,Amedeus Stockmanslei 39,2022-12-23,02:00:00,14,14,0,MOR02
543,Amedeus Stockmanslei 39,2022-12-23,03:00:00,7,6,1,MOR02
543,Amedeus Stockmanslei 39,2022-12-23,04:00:00,6,6,0,MOR02
543,Amedeus Stockmanslei 39,2022-12-23,05:00:00,11,11,0,MOR02
543,Amedeus Stockmanslei 39,2022-12-23,06:00:00,23,23,0,MOR02
543,Amedeus Stockmanslei 39,2022-12-23,07:00:00,34,34,0,MOR02
543,Amedeus Stockmanslei 39,2022-12-23,08:00:00,83,83,0,MOR02
543,Amedeus Stockmanslei 39,2022-12-23,09:00:00,51,49,2,MOR02
543,Amedeus Stockmanslei 39,2022-12-23,10:00:00,43,38,5,MOR02
543,Amedeus Stockmanslei 39,2022-12-23,11:00:00,40,37,3,MOR02
543,Amedeus Stockmanslei 39,2022-12-23,12:00:00,65,63,2,MOR02
543,Amedeus Stockmanslei 39,2022-12-23,13:00:00,62,62,0,MOR02
543,Amedeus Stockmanslei 39,2022-12-23,14:00:00,93,90,3,MOR02
543,Amedeus Stockmanslei 39,2022-12-23,15:00:00,115,114,1,MOR02
543,Amedeus Stockmanslei 39,2022-12-23,16:00:00,170,169,1,MOR02
543,Amedeus Stockmanslei 39,2022-12-23,17:00:00,148,148,0,MOR02
543,Amedeus Stockmanslei 39,2022-12-23,18:00:00,104,102,2,MOR02
543,Amedeus Stockmanslei 39,2022-12-23,19:00:00,45,44,1,MOR02
543,Amedeus Stockmanslei 39,2022-12-23,20:00:00,35,35,0,MOR02
543,Amedeus Stockmanslei 39,2022-12-23,21:00:00,27,27,0,MOR02
543,Amedeus Stockmanslei 39,2022-12-23,22:00:00,28,28,0,MOR02
543,Amedeus Stockmanslei 39,2022-12-23,23:00:00,49,49,0,MOR02
543,Amedeus Stockmanslei 39,2022-12-24,00:00:00,36,35,1,MOR02
543,Amedeus Stockmanslei 39,2022-12-24,01:00:00,23,23,0,MOR02
543,Amedeus Stockmanslei 39,2022-12-24,02:00:00,13,13,0,MOR02
543,Amedeus Stockmanslei 39,2022-12-24,03:00:00,16,16,0,MOR02
543,Amedeus Stockmanslei 39,2022-12-24,04:00:00,8,8,0,MOR02
543,Amedeus Stockmanslei 39,2022-12-24,05:00:00,5,5,0,MOR02
543,Amedeus Stockmanslei 39,2022-12-24,06:00:00,8,8,0,MOR02
543,Amedeus Stockmanslei 39,2022-12-24,07:00:00,9,8,1,MOR02
543,Amedeus Stockmanslei 39,2022-12-24,08:00:00,17,17,0,MOR02
543,Amedeus Stockmanslei 39,2022-12-24,09:00:00,42,39,3,MOR02
543,Amedeus Stockmanslei 39,2022-12-24,10:00:00,54,54,0,MOR02
543,Amedeus Stockmanslei 39,2022-12-24,11:00:00,75,75,0,MOR02
543,Amedeus Stockmanslei 39,2022-12-24,12:00:00,76,73,3,MOR02
543,Amedeus Stockmanslei 39,2022-12-24,13:00:00,76,75,1,MOR02
543,Amedeus Stockmanslei 39,2022-12-24,14:00:00,89,87,2,MOR02
543,Amedeus Stockmanslei 39,2022-12-24,15:00:00,75,72,3,MOR02
543,Amedeus Stockmanslei 39,2022-12-24,16:00:00,80,78,2,MOR02
543,Amedeus Stockmanslei 39,2022-12-24,17:00:00,53,53,0,MOR02
543,Amedeus Stockmanslei 39,2022-12-24,18:00:00,29,27,2,MOR02
543,Amedeus Stockmanslei 39,2022-12-24,19:00:00,13,13,0,MOR02
543,Amedeus Stockmanslei 39,2022-12-24,20:00:00,7,7,0,MOR02
543,Amedeus Stockmanslei 39,2022-12-24,21:00:00,9,8,1,MOR02
543,Amedeus Stockmanslei 39,2022-12-24,22:00:00,9,8,1,MOR02
543,Amedeus Stockmanslei 39,2022-12-24,23:00:00,18,15,3,MOR02
543,Amedeus Stockmanslei 39,2022-12-25,00:00:00,14,12,2,MOR02
543,Amedeus Stockmanslei 39,2022-12-25,01:00:00,14,12,2,MOR02
543,Amedeus Stockmanslei 39,2022-12-25,02:00:00,6,6,0,MOR02
543,Amedeus Stockmanslei 39,2022-12-25,03:00:00,2,2,0,MOR02
543,Amedeus Stockmanslei 39,2022-12-25,04:00:00,1,1,0,MOR02
543,Amedeus Stockmanslei 39,2022-12-25,05:00:00,4,4,0,MOR02
543,Amedeus Stockmanslei 39,2022-12-25,06:00:00,3,3,0,MOR02
543,Amedeus Stockmanslei 39,2022-12-25,07:00:00,4,4,0,MOR02
543,Amedeus Stockmanslei 39,2022-12-25,08:00:00,7,7,0,MOR02
543,Amedeus Stockmanslei 39,2022-12-25,09:00:00,11,11,0,MOR02
543,Amedeus Stockmanslei 39,2022-12-25,10:00:00,25,24,1,MOR02
543,Amedeus Stockmanslei 39,2022-12-25,11:00:00,20,18,2,MOR02
543,Amedeus Stockmanslei 39,2022-12-25,12:00:00,34,33,1,MOR02
543,Amedeus Stockmanslei 39,2022-12-25,13:00:00,30,30,0,MOR02
543,Amedeus Stockmanslei 39,2022-12-25,14:00:00,21,21,0,MOR02
543,Amedeus Stockmanslei 39,2022-12-25,15:00:00,19,17,2,MOR02
543,Amedeus Stockmanslei 39,2022-12-25,16:00:00,18,15,3,MOR02
543,Amedeus Stockmanslei 39,2022-12-25,17:00:00,15,15,0,MOR02
543,Amedeus Stockmanslei 39,2022-12-25,18:00:00,10,8,2,MOR02
543,Amedeus Stockmanslei 39,2022-12-25,19:00:00,8,7,1,MOR02
543,Amedeus Stockmanslei 39,2022-12-25,20:00:00,6,5,1,MOR02
543,Amedeus Stockmanslei 39,2022-12-25,21:00:00,3,3,0,MOR02
543,Amedeus Stockmanslei 39,2022-12-25,22:00:00,6,4,2,MOR02
543,Amedeus Stockmanslei 39,2022-12-25,23:00:00,12,8,4,MOR02
543,Amedeus Stockmanslei 39,2022-12-26,00:00:00,4,3,1,MOR02
543,Amedeus Stockmanslei 39,2022-12-26,01:00:00,7,6,1,MOR02
543,Amedeus Stockmanslei 39,2022-12-26,02:00:00,1,1,0,MOR02
543,Amedeus Stockmanslei 39,2022-12-26,03:00:00,1,1,0,MOR02
543,Amedeus Stockmanslei 39,2022-12-26,04:00:00,3,3,0,MOR02
543,Amedeus Stockmanslei 39,2022-12-26,05:00:00,7,7,0,MOR02
543,Amedeus Stockmanslei 39,2022-12-26,06:00:00,12,12,0,MOR02
543,Amedeus Stockmanslei 39,2022-12-26,07:00:00,17,17,0,MOR02
543,Amedeus Stockmanslei 39,2022-12-26,08:00:00,28,27,1,MOR02
543,Amedeus Stockmanslei 39,2022-12-26,09:00:00,17,17,0,MOR02
543,Amedeus Stockmanslei 39,2022-12-26,10:00:00,35,34,1,MOR02
543,Amedeus Stockmanslei 39,2022-12-26,11:00:00,30,29,1,MOR02
543,Amedeus Stockmanslei 39,2022-12-26,12:00:00,48,47,1,MOR02
543,Amedeus Stockmanslei 39,2022-12-26,13:00:00,43,41,2,MOR02
543,Amedeus Stockmanslei 39,2022-12-26,14:00:00,67,63,4,MOR02
543,Amedeus Stockmanslei 39,2022-12-26,15:00:00,61,54,7,MOR02
543,Amedeus Stockmanslei 39,2022-12-26,16:00:00,82,78,4,MOR02
543,Amedeus Stockmanslei 39,2022-12-26,17:00:00,76,73,3,MOR02
543,Amedeus Stockmanslei 39,2022-12-26,18:00:00,44,43,1,MOR02
543,Amedeus Stockmanslei 39,2022-12-26,19:00:00,34,30,4,MOR02
543,Amedeus Stockmanslei 39,2022-12-26,20:00:00,19,18,1,MOR02
543,Amedeus Stockmanslei 39,2022-12-26,21:00:00,22,21,1,MOR02
543,Amedeus Stockmanslei 39,2022-12-26,22:00:00,34,31,3,MOR02
543,Amedeus Stockmanslei 39,2022-12-26,23:00:00,18,18,0,MOR02
543,Amedeus Stockmanslei 39,2022-12-27,00:00:00,19,19,0,MOR02
543,Amedeus Stockmanslei 39,2022-12-27,01:00:00,11,11,0,MOR02
543,Amedeus Stockmanslei 39,2022-12-27,02:00:00,8,6,2,MOR02
543,Amedeus Stockmanslei 39,2022-12-27,03:00:00,1,1,0,MOR02
543,Amedeus Stockmanslei 39,2022-12-27,04:00:00,4,4,0,MOR02
543,Amedeus Stockmanslei 39,2022-12-27,05:00:00,10,10,0,MOR02
543,Amedeus Stockmanslei 39,2022-12-27,06:00:00,13,13,0,MOR02
543,Amedeus Stockmanslei 39,2022-12-27,07:00:00,29,29,0,MOR02
543,Amedeus Stockmanslei 39,2022-12-27,08:00:00,41,40,1,MOR02
543,Amedeus Stockmanslei 39,2022-12-27,09:00:00,43,40,3,MOR02
543,Amedeus Stockmanslei 39,2022-12-27,10:00:00,46,45,1,MOR02
543,Amedeus Stockmanslei 39,2022-12-27,11:00:00,53,51,2,MOR02
543,Amedeus Stockmanslei 39,2022-12-27,12:00:00,53,52,1,MOR02
543,Amedeus Stockmanslei 39,2022-12-27,13:00:00,63,63,0,MOR02
543,Amedeus Stockmanslei 39,2022-12-27,14:00:00,63,62,1,MOR02
543,Amedeus Stockmanslei 39,2022-12-27,15:00:00,90,87,3,MOR02
543,Amedeus Stockmanslei 39,2022-12-27,16:00:00,129,128,1,MOR02
543,Amedeus Stockmanslei 39,2022-12-27,17:00:00,148,145,3,MOR02
543,Amedeus Stockmanslei 39,2022-12-27,18:00:00,90,87,3,MOR02
543,Amedeus Stockmanslei 39,2022-12-27,19:00:00,39,39,0,MOR02
543,Amedeus Stockmanslei 39,2022-12-27,20:00:00,29,27,2,MOR02
543,Amedeus Stockmanslei 39,2022-12-27,21:00:00,19,18,1,MOR02
543,Amedeus Stockmanslei 39,2022-12-27,22:00:00,39,38,1,MOR02
543,Amedeus Stockmanslei 39,2022-12-27,23:00:00,25,25,0,MOR02
543,Amedeus Stockmanslei 39,2022-12-28,00:00:00,18,17,1,MOR02
543,Amedeus Stockmanslei 39,2022-12-28,01:00:00,13,11,2,MOR02
543,Amedeus Stockmanslei 39,2022-12-28,02:00:00,7,7,0,MOR02
543,Amedeus Stockmanslei 39,2022-12-28,03:00:00,2,2,0,MOR02
543,Amedeus Stockmanslei 39,2022-12-28,04:00:00,7,6,1,MOR02
543,Amedeus Stockmanslei 39,2022-12-28,05:00:00,9,8,1,MOR02
543,Amedeus Stockmanslei 39,2022-12-28,06:00:00,10,10,0,MOR02
543,Amedeus Stockmanslei 39,2022-12-28,07:00:00,31,31,0,MOR02
543,Amedeus Stockmanslei 39,2022-12-28,08:00:00,39,39,0,MOR02
543,Amedeus Stockmanslei 39,2022-12-28,09:00:00,49,48,1,MOR02
543,Amedeus Stockmanslei 39,2022-12-28,10:00:00,43,42,1,MOR02
543,Amedeus Stockmanslei 39,2022-12-28,11:00:00,31,28,3,MOR02
543,Amedeus Stockmanslei 39,2022-12-28,12:00:00,41,39,2,MOR02
543,Amedeus Stockmanslei 39,2022-12-28,13:00:00,46,45,1,MOR02
543,Amedeus Stockmanslei 39,2022-12-28,14:00:00,68,68,0,MOR02
543,Amedeus Stockmanslei 39,2022-12-28,15:00:00,65,62,3,MOR02
543,Amedeus Stockmanslei 39,2022-12-28,16:00:00,72,70,2,MOR02
543,Amedeus Stockmanslei 39,2022-12-28,17:00:00,112,111,1,MOR02
543,Amedeus Stockmanslei 39,2022-12-28,18:00:00,71,68,3,MOR02
543,Amedeus Stockmanslei 39,2022-12-28,19:00:00,43,42,1,MOR02
543,Amedeus Stockmanslei 39,2022-12-28,20:00:00,34,34,0,MOR02
543,Amedeus Stockmanslei 39,2022-12-28,21:00:00,28,28,0,MOR02
543,Amedeus Stockmanslei 39,2022-12-28,22:00:00,32,30,2,MOR02
543,Amedeus Stockmanslei 39,2022-12-28,23:00:00,20,19,1,MOR02
543,Amedeus Stockmanslei 39,2022-12-29,00:00:00,11,9,2,MOR02
543,Amedeus Stockmanslei 39,2022-12-29,01:00:00,10,6,4,MOR02
543,Amedeus Stockmanslei 39,2022-12-29,02:00:00,4,4,0,MOR02
543,Amedeus Stockmanslei 39,2022-12-29,03:00:00,5,4,1,MOR02
543,Amedeus Stockmanslei 39,2022-12-29,04:00:00,3,3,0,MOR02
543,Amedeus Stockmanslei 39,2022-12-29,05:00:00,8,8,0,MOR02
543,Amedeus Stockmanslei 39,2022-12-29,06:00:00,15,15,0,MOR02
543,Amedeus Stockmanslei 39,2022-12-29,07:00:00,23,23,0,MOR02
543,Amedeus Stockmanslei 39,2022-12-29,08:00:00,48,47,1,MOR02
543,Amedeus Stockmanslei 39,2022-12-29,09:00:00,28,26,2,MOR02
543,Amedeus Stockmanslei 39,2022-12-29,10:00:00,27,25,2,MOR02
543,Amedeus Stockmanslei 39,2022-12-29,11:00:00,33,30,3,MOR02
543,Amedeus Stockmanslei 39,2022-12-29,12:00:00,55,54,1,MOR02
543,Amedeus Stockmanslei 39,2022-12-29,13:00:00,38,36,2,MOR02
543,Amedeus Stockmanslei 39,2022-12-29,14:00:00,50,49,1,MOR02
543,Amedeus Stockmanslei 39,2022-12-29,15:00:00,52,52,0,MOR02
543,Amedeus Stockmanslei 39,2022-12-29,16:00:00,95,95,0,MOR02
543,Amedeus Stockmanslei 39,2022-12-29,17:00:00,109,109,0,MOR02
543,Amedeus Stockmanslei 39,2022-12-29,18:00:00,65,61,4,MOR02
543,Amedeus Stockmanslei 39,2022-12-29,19:00:00,33,31,2,MOR02
543,Amedeus Stockmanslei 39,2022-12-29,20:00:00,34,34,0,MOR02
543,Amedeus Stockmanslei 39,2022-12-29,21:00:00,18,18,0,MOR02
543,Amedeus Stockmanslei 39,2022-12-29,22:00:00,30,30,0,MOR02
543,Amedeus Stockmanslei 39,2022-12-29,23:00:00,27,26,1,MOR02
543,Amedeus Stockmanslei 39,2022-12-30,00:00:00,30,29,1,MOR02
543,Amedeus Stockmanslei 39,2022-12-30,01:00:00,18,16,2,MOR02
543,Amedeus Stockmanslei 39,2022-12-30,02:00:00,13,13,0,MOR02
543,Amedeus Stockmanslei 39,2022-12-30,03:00:00,9,9,0,MOR02
543,Amedeus Stockmanslei 39,2022-12-30,04:00:00,11,11,0,MOR02
543,Amedeus Stockmanslei 39,2022-12-30,05:00:00,8,8,0,MOR02
543,Amedeus Stockmanslei 39,2022-12-30,06:00:00,14,14,0,MOR02
543,Amedeus Stockmanslei 39,2022-12-30,07:00:00,18,18,0,MOR02
543,Amedeus Stockmanslei 39,2022-12-30,08:00:00,32,31,1,MOR02
543,Amedeus Stockmanslei 39,2022-12-30,09:00:00,32,30,2,MOR02
543,Amedeus Stockmanslei 39,2022-12-30,10:00:00,45,45,0,MOR02
543,Amedeus Stockmanslei 39,2022-12-30,11:00:00,54,49,5,MOR02
543,Amedeus Stockmanslei 39,2022-12-30,12:00:00,48,46,2,MOR02
543,Amedeus Stockmanslei 39,2022-12-30,13:00:00,26,25,1,MOR02
543,Amedeus Stockmanslei 39,2022-12-30,14:00:00,39,35,4,MOR02
543,Amedeus Stockmanslei 39,2022-12-30,15:00:00,46,41,5,MOR02
543,Amedeus Stockmanslei 39,2022-12-30,16:00:00,65,63,2,MOR02
543,Amedeus Stockmanslei 39,2022-12-30,17:00:00,72,70,2,MOR02
543,Amedeus Stockmanslei 39,2022-12-30,18:00:00,40,37,3,MOR02
543,Amedeus Stockmanslei 39,2022-12-30,19:00:00,41,39,2,MOR02
543,Amedeus Stockmanslei 39,2022-12-30,20:00:00,25,22,3,MOR02
543,Amedeus Stockmanslei 39,2022-12-30,21:00:00,16,13,3,MOR02
543,Amedeus Stockmanslei 39,2022-12-30,22:00:00,23,23,0,MOR02
543,Amedeus Stockmanslei 39,2022-12-30,23:00:00,15,15,0,MOR02
543,Amedeus Stockmanslei 39,2022-12-31,00:00:00,11,10,1,MOR02
543,Amedeus Stockmanslei 39,2022-12-31,01:00:00,14,14,0,MOR02
543,Amedeus Stockmanslei 39,2022-12-31,02:00:00,6,5,1,MOR02
543,Amedeus Stockmanslei 39,2022-12-31,03:00:00,6,6,0,MOR02
543,Amedeus Stockmanslei 39,2022-12-31,04:00:00,1,1,0,MOR02
543,Amedeus Stockmanslei 39,2022-12-31,05:00:00,7,7,0,MOR02
543,Amedeus Stockmanslei 39,2022-12-31,06:00:00,7,6,1,MOR02
543,Amedeus Stockmanslei 39,2022-12-31,07:00:00,7,7,0,MOR02
543,Amedeus Stockmanslei 39,2022-12-31,08:00:00,7,7,0,MOR02
543,Amedeus Stockmanslei 39,2022-12-31,09:00:00,31,31,0,MOR02
543,Amedeus Stockmanslei 39,2022-12-31,10:00:00,25,24,1,MOR02
543,Amedeus Stockmanslei 39,2022-12-31,11:00:00,43,41,2,MOR02
543,Amedeus Stockmanslei 39,2022-12-31,12:00:00,34,32,2,MOR02
543,Amedeus Stockmanslei 39,2022-12-31,13:00:00,32,30,2,MOR02
543,Amedeus Stockmanslei 39,2022-12-31,14:00:00,49,47,2,MOR02
543,Amedeus Stockmanslei 39,2022-12-31,15:00:00,45,45,0,MOR02
543,Amedeus Stockmanslei 39,2022-12-31,16:00:00,58,56,2,MOR02
543,Amedeus Stockmanslei 39,2022-12-31,17:00:00,72,66,6,MOR02
543,Amedeus Stockmanslei 39,2022-12-31,18:00:00,50,47,3,MOR02
543,Amedeus Stockmanslei 39,2022-12-31,19:00:00,25,23,2,MOR02
543,Amedeus Stockmanslei 39,2022-12-31,20:00:00,3,1,2,MOR02
543,Amedeus Stockmanslei 39,2022-12-31,21:00:00,14,10,4,MOR02
543,Amedeus Stockmanslei 39,2022-12-31,22:00:00,14,9,5,MOR02
543,Amedeus Stockmanslei 39,2022-12-31,23:00:00,15,11,4,MOR02
543,Amedeus Stockmanslei 39,2023-01-01,00:00:00,14,13,1,MOR02
543,Amedeus Stockmanslei 39,2023-01-01,01:00:00,68,63,5,MOR02
543,Amedeus Stockmanslei 39,2023-01-01,02:00:00,46,41,5,MOR02
543,Amedeus Stockmanslei 39,2023-01-01,03:00:00,31,27,4,MOR02
543,Amedeus Stockmanslei 39,2023-01-01,04:00:00,51,49,2,MOR02
543,Amedeus Stockmanslei 39,2023-01-01,05:00:00,32,31,1,MOR02
543,Amedeus Stockmanslei 39,2023-01-01,06:00:00,24,24,0,MOR02
543,Amedeus Stockmanslei 39,2023-01-01,07:00:00,11,11,0,MOR02
543,Amedeus Stockmanslei 39,2023-01-01,08:00:00,9,8,1,MOR02
543,Amedeus Stockmanslei 39,2023-01-01,09:00:00,6,6,0,MOR02
543,Amedeus Stockmanslei 39,2023-01-01,10:00:00,30,27,3,MOR02
543,Amedeus Stockmanslei 39,2023-01-01,11:00:00,22,22,0,MOR02
543,Amedeus Stockmanslei 39,2023-01-01,12:00:00,45,42,3,MOR02
543,Amedeus Stockmanslei 39,2023-01-01,13:00:00,37,35,2,MOR02
543,Amedeus Stockmanslei 39,2023-01-01,14:00:00,65,64,1,MOR02
543,Amedeus Stockmanslei 39,2023-01-01,15:00:00,75,75,0,MOR02
543,Amedeus Stockmanslei 39,2023-01-01,16:00:00,40,38,2,MOR02
543,Amedeus Stockmanslei 39,2023-01-01,17:00:00,26,24,2,MOR02
543,Amedeus Stockmanslei 39,2023-01-01,18:00:00,17,16,1,MOR02
543,Amedeus Stockmanslei 39,2023-01-01,19:00:00,11,9,2,MOR02
543,Amedeus Stockmanslei 39,2023-01-01,20:00:00,16,13,3,MOR02
543,Amedeus Stockmanslei 39,2023-01-01,21:00:00,5,5,0,MOR02
543,Amedeus Stockmanslei 39,2023-01-01,22:00:00,7,7,0,MOR02
543,Amedeus Stockmanslei 39,2023-01-01,23:00:00,3,3,0,MOR02
543,Amedeus Stockmanslei 39,2023-01-02,00:00:00,3,3,0,MOR02
543,Amedeus Stockmanslei 39,2023-01-02,01:00:00,2,1,1,MOR02
543,Amedeus Stockmanslei 39,2023-01-02,02:00:00,1,1,0,MOR02
543,Amedeus Stockmanslei 39,2023-01-02,03:00:00,1,1,0,MOR02
543,Amedeus Stockmanslei 39,2023-01-02,04:00:00,2,2,0,MOR02
543,Amedeus Stockmanslei 39,2023-01-02,05:00:00,8,8,0,MOR02
543,Amedeus Stockmanslei 39,2023-01-02,06:00:00,11,11,0,MOR02
543,Amedeus Stockmanslei 39,2023-01-02,07:00:00,23,21,2,MOR02
543,Amedeus Stockmanslei 39,2023-01-02,08:00:00,34,34,0,MOR02
543,Amedeus Stockmanslei 39,2023-01-02,09:00:00,25,25,0,MOR02
543,Amedeus Stockmanslei 39,2023-01-02,10:00:00,33,33,0,MOR02
543,Amedeus Stockmanslei 39,2023-01-02,11:00:00,33,32,1,MOR02
543,Amedeus Stockmanslei 39,2023-01-02,12:00:00,54,54,0,MOR02
543,Amedeus Stockmanslei 39,2023-01-02,13:00:00,45,44,1,MOR02
543,Amedeus Stockmanslei 39,2023-01-02,14:00:00,49,45,4,MOR02
543,Amedeus Stockmanslei 39,2023-01-02,15:00:00,55,52,3,MOR02
543,Amedeus Stockmanslei 39,2023-01-02,16:00:00,90,89,1,MOR02
543,Amedeus Stockmanslei 39,2023-01-02,17:00:00,107,105,2,MOR02
543,Amedeus Stockmanslei 39,2023-01-02,18:00:00,59,58,1,MOR02
543,Amedeus Stockmanslei 39,2023-01-02,19:00:00,30,29,1,MOR02
543,Amedeus Stockmanslei 39,2023-01-02,20:00:00,26,24,2,MOR02
543,Amedeus Stockmanslei 39,2023-01-02,21:00:00,24,23,1,MOR02
543,Amedeus Stockmanslei 39,2023-01-02,22:00:00,18,17,1,MOR02
543,Amedeus Stockmanslei 39,2023-01-02,23:00:00,7,7,0,MOR02
543,Amedeus Stockmanslei 39,2023-01-03,00:00:00,11,11,0,MOR02
543,Amedeus Stockmanslei 39,2023-01-03,01:00:00,3,3,0,MOR02
543,Amedeus Stockmanslei 39,2023-01-03,02:00:00,1,1,0,MOR02
543,Amedeus Stockmanslei 39,2023-01-03,03:00:00,1,1,0,MOR02
543,Amedeus Stockmanslei 39,2023-01-03,04:00:00,5,5,0,MOR02
543,Amedeus Stockmanslei 39,2023-01-03,05:00:00,8,8,0,MOR02
543,Amedeus Stockmanslei 39,2023-01-03,06:00:00,20,20,0,MOR02
543,Amedeus Stockmanslei 39,2023-01-03,07:00:00,49,49,0,MOR02
543,Amedeus Stockmanslei 39,2023-01-03,08:00:00,69,69,0,MOR02
543,Amedeus Stockmanslei 39,2023-01-03,09:00:00,49,45,4,MOR02
543,Amedeus Stockmanslei 39,2023-01-03,10:00:00,24,21,3,MOR02
543,Amedeus Stockmanslei 39,2023-01-03,11:00:00,52,51,1,MOR02
543,Amedeus Stockmanslei 39,2023-01-03,12:00:00,47,45,2,MOR02
543,Amedeus Stockmanslei 39,2023-01-03,13:00:00,58,57,1,MOR02
543,Amedeus Stockmanslei 39,2023-01-03,14:00:00,58,56,2,MOR02
543,Amedeus Stockmanslei 39,2023-01-03,15:00:00,99,99,0,MOR02
543,Amedeus Stockmanslei 39,2023-01-03,16:00:00,166,166,0,MOR02
543,Amedeus Stockmanslei 39,2023-01-03,17:00:00,229,229,0,MOR02
543,Amedeus Stockmanslei 39,2023-01-03,18:00:00,114,114,0,MOR02
543,Amedeus Stockmanslei 39,2023-01-03,19:00:00,74,74,0,MOR02
543,Amedeus Stockmanslei 39,2023-01-03,20:00:00,45,45,0,MOR02
543,Amedeus Stockmanslei 39,2023-01-03,21:00:00,28,27,1,MOR02
543,Amedeus Stockmanslei 39,2023-01-03,22:00:00,28,26,2,MOR02
543,Amedeus Stockmanslei 39,2023-01-03,23:00:00,25,23,2,MOR02
543,Amedeus Stockmanslei 39,2023-01-04,00:00:00,13,10,3,MOR02
543,Amedeus Stockmanslei 39,2023-01-04,01:00:00,2,2,0,MOR02
543,Amedeus Stockmanslei 39,2023-01-04,02:00:00,5,5,0,MOR02
543,Amedeus Stockmanslei 39,2023-01-04,03:00:00,5,5,0,MOR02
543,Amedeus Stockmanslei 39,2023-01-04,04:00:00,2,2,0,MOR02
543,Amedeus Stockmanslei 39,2023-01-04,05:00:00,11,11,0,MOR02
543,Amedeus Stockmanslei 39,2023-01-04,06:00:00,10,10,0,MOR02
543,Amedeus Stockmanslei 39,2023-01-04,07:00:00,39,39,0,MOR02
543,Amedeus Stockmanslei 39,2023-01-04,08:00:00,61,59,2,MOR02
543,Amedeus Stockmanslei 39,2023-01-04,09:00:00,40,40,0,MOR02
543,Amedeus Stockmanslei 39,2023-01-04,10:00:00,33,32,1,MOR02
543,Amedeus Stockmanslei 39,2023-01-04,11:00:00,37,35,2,MOR02
543,Amedeus Stockmanslei 39,2023-01-04,12:00:00,31,31,0,MOR02
543,Amedeus Stockmanslei 39,2023-01-04,13:00:00,38,36,2,MOR02
543,Amedeus Stockmanslei 39,2023-01-04,14:00:00,40,39,1,MOR02
543,Amedeus Stockmanslei 39,2023-01-04,15:00:00,64,63,1,MOR02
543,Amedeus Stockmanslei 39,2023-01-04,16:00:00,127,127,0,MOR02
543,Amedeus Stockmanslei 39,2023-01-04,17:00:00,186,182,4,MOR02
543,Amedeus Stockmanslei 39,2023-01-04,18:00:00,103,102,1,MOR02
543,Amedeus Stockmanslei 39,2023-01-04,19:00:00,56,55,1,MOR02
543,Amedeus Stockmanslei 39,2023-01-04,20:00:00,29,28,1,MOR02
543,Amedeus Stockmanslei 39,2023-01-04,21:00:00,21,21,0,MOR02
543,Amedeus Stockmanslei 39,2023-01-04,22:00:00,35,34,1,MOR02
543,Amedeus Stockmanslei 39,2023-01-04,23:00:00,17,17,0,MOR02
543,Amedeus Stockmanslei 39,2023-01-05,00:00:00,9,9,0,MOR02
543,Amedeus Stockmanslei 39,2023-01-05,01:00:00,5,5,0,MOR02
543,Amedeus Stockmanslei 39,2023-01-05,02:00:00,5,5,0,MOR02
543,Amedeus Stockmanslei 39,2023-01-05,03:00:00,3,3,0,MOR02
543,Amedeus Stockmanslei 39,2023-01-05,04:00:00,5,5,0,MOR02
543,Amedeus Stockmanslei 39,2023-01-05,05:00:00,11,11,0,MOR02
543,Amedeus Stockmanslei 39,2023-01-05,06:00:00,17,17,0,MOR02
543,Amedeus Stockmanslei 39,2023-01-05,07:00:00,62,62,0,MOR02
543,Amedeus Stockmanslei 39,2023-01-05,08:00:00,72,72,0,MOR02
543,Amedeus Stockmanslei 39,2023-01-05,09:00:00,34,33,1,MOR02
543,Amedeus Stockmanslei 39,2023-01-05,10:00:00,44,42,2,MOR02
543,Amedeus Stockmanslei 39,2023-01-05,11:00:00,51,45,6,MOR02
543,Amedeus Stockmanslei 39,2023-01-05,12:00:00,65,64,1,MOR02
543,Amedeus Stockmanslei 39,2023-01-05,13:00:00,85,81,4,MOR02
543,Amedeus Stockmanslei 39,2023-01-05,14:00:00,60,60,0,MOR02
543,Amedeus Stockmanslei 39,2023-01-05,15:00:00,64,63,1,MOR02
543,Amedeus Stockmanslei 39,2023-01-05,16:00:00,185,183,2,MOR02
543,Amedeus Stockmanslei 39,2023-01-05,17:00:00,249,247,2,MOR02
543,Amedeus Stockmanslei 39,2023-01-05,18:00:00,130,129,1,MOR02
543,Amedeus Stockmanslei 39,2023-01-05,19:00:00,59,58,1,MOR02
543,Amedeus Stockmanslei 39,2023-01-05,20:00:00,54,54,0,MOR02
543,Amedeus Stockmanslei 39,2023-01-05,21:00:00,35,35,0,MOR02
543,Amedeus Stockmanslei 39,2023-01-05,22:00:00,30,29,1,MOR02
543,Amedeus Stockmanslei 39,2023-01-05,23:00:00,33,32,1,MOR02
543,Amedeus Stockmanslei 39,2023-01-06,00:00:00,16,16,0,MOR02
543,Amedeus Stockmanslei 39,2023-01-06,01:00:00,2,2,0,MOR02
543,Amedeus Stockmanslei 39,2023-01-06,02:00:00,3,3,0,MOR02
543,Amedeus Stockmanslei 39,2023-01-06,03:00:00,4,4,0,MOR02
543,Amedeus Stockmanslei 39,2023-01-06,04:00:00,5,5,0,MOR02
543,Amedeus Stockmanslei 39,2023-01-06,05:00:00,14,14,0,MOR02
543,Amedeus Stockmanslei 39,2023-01-06,06:00:00,20,20,0,MOR02
543,Amedeus Stockmanslei 39,2023-01-06,07:00:00,37,34,3,MOR02
543,Amedeus Stockmanslei 39,2023-01-06,08:00:00,69,64,5,MOR02
543,Amedeus Stockmanslei 39,2023-01-06,09:00:00,41,38,3,MOR02
543,Amedeus Stockmanslei 39,2023-01-06,10:00:00,34,32,2,MOR02
543,Amedeus Stockmanslei 39,2023-01-06,11:00:00,32,29,3,MOR02
543,Amedeus Stockmanslei 39,2023-01-06,12:00:00,41,38,3,MOR02
543,Amedeus Stockmanslei 39,2023-01-06,13:00:00,50,47,3,MOR02
543,Amedeus Stockmanslei 39,2023-01-06,14:00:00,70,66,4,MOR02
543,Amedeus Stockmanslei 39,2023-01-06,15:00:00,95,94,1,MOR02
543,Amedeus Stockmanslei 39,2023-01-06,16:00:00,160,158,2,MOR02
543,Amedeus Stockmanslei 39,2023-01-06,17:00:00,183,182,1,MOR02
543,Amedeus Stockmanslei 39,2023-01-06,18:00:00,95,94,1,MOR02
543,Amedeus Stockmanslei 39,2023-01-06,19:00:00,71,70,1,MOR02
543,Amedeus Stockmanslei 39,2023-01-06,20:00:00,73,71,2,MOR02
543,Amedeus Stockmanslei 39,2023-01-06,21:00:00,31,28,3,MOR02
543,Amedeus Stockmanslei 39,2023-01-06,22:00:00,30,29,1,MOR02
543,Amedeus Stockmanslei 39,2023-01-06,23:00:00,41,36,5,MOR02
543,Amedeus Stockmanslei 39,2023-01-07,00:00:00,36,32,4,MOR02
543,Amedeus Stockmanslei 39,2023-01-07,01:00:00,19,18,1,MOR02
543,Amedeus Stockmanslei 39,2023-01-07,02:00:00,11,11,0,MOR02
543,Amedeus Stockmanslei 39,2023-01-07,03:00:00,11,11,0,MOR02
543,Amedeus Stockmanslei 39,2023-01-07,04:00:00,16,14,2,MOR02
543,Amedeus Stockmanslei 39,2023-01-07,05:00:00,9,9,0,MOR02
543,Amedeus Stockmanslei 39,2023-01-07,06:00:00,13,13,0,MOR02
543,Amedeus Stockmanslei 39,2023-01-07,07:00:00,9,8,1,MOR02
543,Amedeus Stockmanslei 39,2023-01-07,08:00:00,19,19,0,MOR02
543,Amedeus Stockmanslei 39,2023-01-07,09:00:00,45,44,1,MOR02
543,Amedeus Stockmanslei 39,2023-01-07,10:00:00,64,64,0,MOR02
543,Amedeus Stockmanslei 39,2023-01-07,11:00:00,89,89,0,MOR02
543,Amedeus Stockmanslei 39,2023-01-07,12:00:00,77,73,4,MOR02
543,Amedeus Stockmanslei 39,2023-01-07,13:00:00,93,87,6,MOR02
543,Amedeus Stockmanslei 39,2023-01-07,14:00:00,97,97,0,MOR02
543,Amedeus Stockmanslei 39,2023-01-07,15:00:00,67,65,2,MOR02
543,Amedeus Stockmanslei 39,2023-01-07,16:00:00,66,65,1,MOR02
543,Amedeus Stockmanslei 39,2023-01-07,17:00:00,61,58,3,MOR02
543,Amedeus Stockmanslei 39,2023-01-07,18:00:00,58,58,0,MOR02
543,Amedeus Stockmanslei 39,2023-01-07,19:00:00,42,38,4,MOR02
543,Amedeus Stockmanslei 39,2023-01-07,20:00:00,34,34,0,MOR02
543,Amedeus Stockmanslei 39,2023-01-07,21:00:00,11,11,0,MOR02
543,Amedeus Stockmanslei 39,2023-01-07,22:00:00,36,34,2,MOR02
543,Amedeus Stockmanslei 39,2023-01-07,23:00:00,39,38,1,MOR02
543,Amedeus Stockmanslei 39,2023-01-08,00:00:00,45,44,1,MOR02
543,Amedeus Stockmanslei 39,2023-01-08,01:00:00,12,12,0,MOR02
543,Amedeus Stockmanslei 39,2023-01-08,02:00:00,14,14,0,MOR02
543,Amedeus Stockmanslei 39,2023-01-08,03:00:00,8,8,0,MOR02
543,Amedeus Stockmanslei 39,2023-01-08,04:00:00,7,7,0,MOR02
543,Amedeus Stockmanslei 39,2023-01-08,05:00:00,5,5,0,MOR02
543,Amedeus Stockmanslei 39,2023-01-08,06:00:00,6,6,0,MOR02
543,Amedeus Stockmanslei 39,2023-01-08,07:00:00,8,8,0,MOR02
543,Amedeus Stockmanslei 39,2023-01-08,08:00:00,9,8,1,MOR02
543,Amedeus Stockmanslei 39,2023-01-08,09:00:00,41,41,0,MOR02
543,Amedeus Stockmanslei 39,2023-01-08,10:00:00,54,53,1,MOR02
543,Amedeus Stockmanslei 39,2023-01-08,11:00:00,65,63,2,MOR02
543,Amedeus Stockmanslei 39,2023-01-08,12:00:00,80,79,1,MOR02
543,Amedeus Stockmanslei 39,2023-01-08,13:00:00,82,81,1,MOR02
543,Amedeus Stockmanslei 39,2023-01-08,14:00:00,85,83,2,MOR02
543,Amedeus Stockmanslei 39,2023-01-08,15:00:00,60,59,1,MOR02
543,Amedeus Stockmanslei 39,2023-01-08,16:00:00,82,79,3,MOR02
543,Amedeus Stockmanslei 39,2023-01-08,17:00:00,60,59,1,MOR02
543,Amedeus Stockmanslei 39,2023-01-08,18:00:00,37,36,1,MOR02
543,Amedeus Stockmanslei 39,2023-01-08,19:00:00,21,20,1,MOR02
543,Amedeus Stockmanslei 39,2023-01-08,20:00:00,22,20,2,MOR02
543,Amedeus Stockmanslei 39,2023-01-08,21:00:00,15,14,1,MOR02
543,Amedeus Stockmanslei 39,2023-01-08,22:00:00,18,18,0,MOR02
543,Amedeus Stockmanslei 39,2023-01-08,23:00:00,10,10,0,MOR02
543,Amedeus Stockmanslei 39,2023-01-09,00:00:00,4,4,0,MOR02
543,Amedeus Stockmanslei 39,2023-01-09,01:00:00,3,2,1,MOR02
543,Amedeus Stockmanslei 39,2023-01-09,02:00:00,2,2,0,MOR02
543,Amedeus Stockmanslei 39,2023-01-09,03:00:00,0,0,0,MOR02
543,Amedeus Stockmanslei 39,2023-01-09,04:00:00,8,6,2,MOR02
543,Amedeus Stockmanslei 39,2023-01-09,05:00:00,15,15,0,MOR02
543,Amedeus Stockmanslei 39,2023-01-09,06:00:00,30,30,0,MOR02
543,Amedeus Stockmanslei 39,2023-01-09,07:00:00,101,99,2,MOR02
543,Amedeus Stockmanslei 39,2023-01-09,08:00:00,140,138,2,MOR02
543,Amedeus Stockmanslei 39,2023-01-09,09:00:00,140,138,2,MOR02
543,Amedeus Stockmanslei 39,2023-01-09,10:00:00,40,39,1,MOR02
543,Amedeus Stockmanslei 39,2023-01-09,11:00:00,46,43,3,MOR02
543,Amedeus Stockmanslei 39,2023-01-09,12:00:00,95,91,4,MOR02
543,Amedeus Stockmanslei 39,2023-01-09,13:00:00,71,70,1,MOR02
543,Amedeus Stockmanslei 39,2023-01-09,14:00:00,78,75,3,MOR02
543,Amedeus Stockmanslei 39,2023-01-09,15:00:00,157,157,0,MOR02
543,Amedeus Stockmanslei 39,2023-01-09,16:00:00,327,326,1,MOR02
543,Amedeus Stockmanslei 39,2023-01-09,17:00:00,381,380,1,MOR02
543,Amedeus Stockmanslei 39,2023-01-09,18:00:00,162,162,0,MOR02
543,Amedeus Stockmanslei 39,2023-01-09,19:00:00,82,82,0,MOR02
543,Amedeus Stockmanslei 39,2023-01-09,20:00:00,42,40,2,MOR02
543,Amedeus Stockmanslei 39,2023-01-09,21:00:00,48,48,0,MOR02
543,Amedeus Stockmanslei 39,2023-01-09,22:00:00,24,24,0,MOR02
543,Amedeus Stockmanslei 39,2023-01-09,23:00:00,13,13,0,MOR02
543,Amedeus Stockmanslei 39,2023-01-10,00:00:00,2,2,0,MOR02
543,Amedeus Stockmanslei 39,2023-01-10,01:00:00,1,0,1,MOR02
543,Amedeus Stockmanslei 39,2023-01-10,02:00:00,2,2,0,MOR02
543,Amedeus Stockmanslei 39,2023-01-10,03:00:00,2,2,0,MOR02
543,Amedeus Stockmanslei 39,2023-01-10,04:00:00,6,4,2,MOR02
543,Amedeus Stockmanslei 39,2023-01-10,05:00:00,8,8,0,MOR02
543,Amedeus Stockmanslei 39,2023-01-10,06:00:00,31,29,2,MOR02
543,Amedeus Stockmanslei 39,2023-01-10,07:00:00,108,107,1,MOR02
543,Amedeus Stockmanslei 39,2023-01-10,08:00:00,165,165,0,MOR02
543,Amedeus Stockmanslei 39,2023-01-10,09:00:00,42,42,0,MOR02
543,Amedeus Stockmanslei 39,2023-01-10,10:00:00,44,43,1,MOR02
543,Amedeus Stockmanslei 39,2023-01-10,11:00:00,56,55,1,MOR02
543,Amedeus Stockmanslei 39,2023-01-10,12:00:00,82,80,2,MOR02
543,Amedeus Stockmanslei 39,2023-01-10,13:00:00,73,72,1,MOR02
543,Amedeus Stockmanslei 39,2023-01-10,14:00:00,64,63,1,MOR02
543,Amedeus Stockmanslei 39,2023-01-10,15:00:00,113,113,0,MOR02
543,Amedeus Stockmanslei 39,2023-01-10,16:00:00,305,304,1,MOR02
543,Amedeus Stockmanslei 39,2023-01-10,17:00:00,379,378,1,MOR02
543,Amedeus Stockmanslei 39,2023-01-10,18:00:00,196,195,1,MOR02
543,Amedeus Stockmanslei 39,2023-01-10,19:00:00,90,90,0,MOR02
543,Amedeus Stockmanslei 39,2023-01-10,20:00:00,40,38,2,MOR02
543,Amedeus Stockmanslei 39,2023-01-10,21:00:00,40,39,1,MOR02
543,Amedeus Stockmanslei 39,2023-01-10,22:00:00,40,37,3,MOR02
543,Amedeus Stockmanslei 39,2023-01-10,23:00:00,18,17,1,MOR02
543,Amedeus Stockmanslei 39,2023-01-11,00:00:00,8,7,1,MOR02
543,Amedeus Stockmanslei 39,2023-01-11,01:00:00,5,5,0,MOR02
543,Amedeus Stockmanslei 39,2023-01-11,02:00:00,1,1,0,MOR02
543,Amedeus Stockmanslei 39,2023-01-11,03:00:00,4,4,0,MOR02
543,Amedeus Stockmanslei 39,2023-01-11,04:00:00,4,3,1,MOR02
543,Amedeus Stockmanslei 39,2023-01-11,05:00:00,12,11,1,MOR02
543,Amedeus Stockmanslei 39,2023-01-11,06:00:00,30,30,0,MOR02
543,Amedeus Stockmanslei 39,2023-01-11,07:00:00,114,114,0,MOR02
543,Amedeus Stockmanslei 39,2023-01-11,08:00:00,167,166,1,MOR02
543,Amedeus Stockmanslei 39,2023-01-11,09:00:00,58,57,1,MOR02
543,Amedeus Stockmanslei 39,2023-01-11,10:00:00,74,74,0,MOR02
543,Amedeus Stockmanslei 39,2023-01-11,11:00:00,91,90,1,MOR02
543,Amedeus Stockmanslei 39,2023-01-11,12:00:00,187,187,0,MOR02
543,Amedeus Stockmanslei 39,2023-01-11,13:00:00,129,127,2,MOR02
543,Amedeus Stockmanslei 39,2023-01-11,14:00:00,100,97,3,MOR02
543,Amedeus Stockmanslei 39,2023-01-11,15:00:00,143,140,3,MOR02
543,Amedeus Stockmanslei 39,2023-01-11,16:00:00,219,216,3,MOR02
543,Amedeus Stockmanslei 39,2023-01-11,17:00:00,309,304,5,MOR02
543,Amedeus Stockmanslei 39,2023-01-11,18:00:00,153,153,0,MOR02
543,Amedeus Stockmanslei 39,2023-01-11,19:00:00,85,85,0,MOR02
543,Amedeus Stockmanslei 39,2023-01-11,20:00:00,35,35,0,MOR02
543,Amedeus Stockmanslei 39,2023-01-11,21:00:00,30,30,0,MOR02
543,Amedeus Stockmanslei 39,2023-01-11,22:00:00,32,30,2,MOR02
543,Amedeus Stockmanslei 39,2023-01-11,23:00:00,25,25,0,MOR02
543,Amedeus Stockmanslei 39,2023-01-12,00:00:00,10,10,0,MOR02
543,Amedeus Stockmanslei 39,2023-01-12,01:00:00,3,1,2,MOR02
543,Amedeus Stockmanslei 39,2023-01-12,02:00:00,0,0,0,MOR02
543,Amedeus Stockmanslei 39,2023-01-12,03:00:00,1,1,0,MOR02
543,Amedeus Stockmanslei 39,2023-01-12,04:00:00,4,2,2,MOR02
543,Amedeus Stockmanslei 39,2023-01-12,05:00:00,9,9,0,MOR02
543,Amedeus Stockmanslei 39,2023-01-12,06:00:00,13,13,0,MOR02
543,Amedeus Stockmanslei 39,2023-01-12,07:00:00,67,66,1,MOR02
543,Amedeus Stockmanslei 39,2023-01-12,08:00:00,124,123,1,MOR02
543,Amedeus Stockmanslei 39,2023-01-12,09:00:00,28,28,0,MOR02
543,Amedeus Stockmanslei 39,2023-01-12,10:00:00,14,13,1,MOR02
543,Amedeus Stockmanslei 39,2023-01-12,11:00:00,23,23,0,MOR02
543,Amedeus Stockmanslei 39,2023-01-12,12:00:00,50,49,1,MOR02
543,Amedeus Stockmanslei 39,2023-01-12,13:00:00,42,42,0,MOR02
543,Amedeus Stockmanslei 39,2023-01-12,14:00:00,27,27,0,MOR02
543,Amedeus Stockmanslei 39,2023-01-12,15:00:00,84,83,1,MOR02
543,Amedeus Stockmanslei 39,2023-01-12,16:00:00,178,177,1,MOR02
543,Amedeus Stockmanslei 39,2023-01-12,17:00:00,227,226,1,MOR02
543,Amedeus Stockmanslei 39,2023-01-12,18:00:00,114,114,0,MOR02
543,Amedeus Stockmanslei 39,2023-01-12,19:00:00,70,68,2,MOR02
543,Amedeus Stockmanslei 39,2023-01-12,20:00:00,43,42,1,MOR02
543,Amedeus Stockmanslei 39,2023-01-12,21:00:00,33,33,0,MOR02
543,Amedeus Stockmanslei 39,2023-01-12,22:00:00,32,32,0,MOR02
543,Amedeus Stockmanslei 39,2023-01-12,23:00:00,29,29,0,MOR02
543,Amedeus Stockmanslei 39,2023-01-13,00:00:00,12,12,0,MOR02
543,Amedeus Stockmanslei 39,2023-01-13,01:00:00,10,8,2,MOR02
543,Amedeus Stockmanslei 39,2023-01-13,02:00:00,5,4,1,MOR02
543,Amedeus Stockmanslei 39,2023-01-13,03:00:00,3,3,0,MOR02
543,Amedeus Stockmanslei 39,2023-01-13,04:00:00,6,4,2,MOR02
543,Amedeus Stockmanslei 39,2023-01-13,05:00:00,12,12,0,MOR02
543,Amedeus Stockmanslei 39,2023-01-13,06:00:00,25,25,0,MOR02
543,Amedeus Stockmanslei 39,2023-01-13,07:00:00,91,91,0,MOR02
543,Amedeus Stockmanslei 39,2023-01-13,08:00:00,181,176,5,MOR02
543,Amedeus Stockmanslei 39,2023-01-13,09:00:00,69,59,10,MOR02
543,Amedeus Stockmanslei 39,2023-01-13,10:00:00,47,46,1,MOR02
543,Amedeus Stockmanslei 39,2023-01-13,11:00:00,60,59,1,MOR02
543,Amedeus Stockmanslei 39,2023-01-13,12:00:00,82,82,0,MOR02
543,Amedeus Stockmanslei 39,2023-01-13,13:00:00,77,75,2,MOR02
543,Amedeus Stockmanslei 39,2023-01-13,14:00:00,86,84,2,MOR02
543,Amedeus Stockmanslei 39,2023-01-13,15:00:00,154,151,3,MOR02
543,Amedeus Stockmanslei 39,2023-01-13,16:00:00,246,243,3,MOR02
543,Amedeus Stockmanslei 39,2023-01-13,17:00:00,247,247,0,MOR02
543,Amedeus Stockmanslei 39,2023-01-13,18:00:00,162,160,2,MOR02
543,Amedeus Stockmanslei 39,2023-01-13,19:00:00,80,80,0,MOR02
543,Amedeus Stockmanslei 39,2023-01-13,20:00:00,72,70,2,MOR02
543,Amedeus Stockmanslei 39,2023-01-13,21:00:00,28,28,0,MOR02
543,Amedeus Stockmanslei 39,2023-01-13,22:00:00,50,49,1,MOR02
543,Amedeus Stockmanslei 39,2023-01-13,23:00:00,42,40,2,MOR02
543,Amedeus Stockmanslei 39,2023-01-14,00:00:00,44,37,7,MOR02
543,Amedeus Stockmanslei 39,2023-01-14,01:00:00,29,28,1,MOR02
543,Amedeus Stockmanslei 39,2023-01-14,02:00:00,13,11,2,MOR02
543,Amedeus Stockmanslei 39,2023-01-14,03:00:00,8,8,0,MOR02
543,Amedeus Stockmanslei 39,2023-01-14,04:00:00,12,12,0,MOR02
543,Amedeus Stockmanslei 39,2023-01-14,05:00:00,6,6,0,MOR02
543,Amedeus Stockmanslei 39,2023-01-14,06:00:00,7,6,1,MOR02
543,Amedeus Stockmanslei 39,2023-01-14,07:00:00,10,10,0,MOR02
543,Amedeus Stockmanslei 39,2023-01-14,08:00:00,24,24,0,MOR02
543,Amedeus Stockmanslei 39,2023-01-14,09:00:00,32,32,0,MOR02
543,Amedeus Stockmanslei 39,2023-01-14,10:00:00,24,22,2,MOR02
543,Amedeus Stockmanslei 39,2023-01-14,11:00:00,30,30,0,MOR02
543,Amedeus Stockmanslei 39,2023-01-14,12:00:00,38,36,2,MOR02
543,Amedeus Stockmanslei 39,2023-01-14,13:00:00,24,23,1,MOR02
543,Amedeus Stockmanslei 39,2023-01-14,14:00:00,34,34,0,MOR02
543,Amedeus Stockmanslei 39,2023-01-14,15:00:00,31,30,1,MOR02
543,Amedeus Stockmanslei 39,2023-01-14,16:00:00,43,39,4,MOR02
543,Amedeus Stockmanslei 39,2023-01-14,17:00:00,29,27,2,MOR02
543,Amedeus Stockmanslei 39,2023-01-14,18:00:00,36,36,0,MOR02
543,Amedeus Stockmanslei 39,2023-01-14,19:00:00,28,25,3,MOR02
543,Amedeus Stockmanslei 39,2023-01-14,20:00:00,24,23,1,MOR02
543,Amedeus Stockmanslei 39,2023-01-14,21:00:00,12,11,1,MOR02
543,Amedeus Stockmanslei 39,2023-01-14,22:00:00,23,20,3,MOR02
543,Amedeus Stockmanslei 39,2023-01-14,23:00:00,36,34,2,MOR02
543,Amedeus Stockmanslei 39,2023-01-15,00:00:00,22,22,0,MOR02
543,Amedeus Stockmanslei 39,2023-01-15,01:00:00,21,21,0,MOR02
543,Amedeus Stockmanslei 39,2023-01-15,02:00:00,8,7,1,MOR02
543,Amedeus Stockmanslei 39,2023-01-15,03:00:00,4,4,0,MOR02
543,Amedeus Stockmanslei 39,2023-01-15,04:00:00,11,11,0,MOR02
543,Amedeus Stockmanslei 39,2023-01-15,05:00:00,9,9,0,MOR02
543,Amedeus Stockmanslei 39,2023-01-15,06:00:00,5,5,0,MOR02
543,Amedeus Stockmanslei 39,2023-01-15,07:00:00,8,7,1,MOR02
543,Amedeus Stockmanslei 39,2023-01-15,08:00:00,25,23,2,MOR02
543,Amedeus Stockmanslei 39,2023-01-15,09:00:00,69,66,3,MOR02
543,Amedeus Stockmanslei 39,2023-01-15,10:00:00,55,52,3,MOR02
543,Amedeus Stockmanslei 39,2023-01-15,11:00:00,64,63,1,MOR02
543,Amedeus Stockmanslei 39,2023-01-15,12:00:00,47,45,2,MOR02
543,Amedeus Stockmanslei 39,2023-01-15,13:00:00,48,45,3,MOR02
543,Amedeus Stockmanslei 39,2023-01-15,14:00:00,55,53,2,MOR02
543,Amedeus Stockmanslei 39,2023-01-15,15:00:00,33,32,1,MOR02
543,Amedeus Stockmanslei 39,2023-01-15,16:00:00,25,24,1,MOR02
543,Amedeus Stockmanslei 39,2023-01-15,17:00:00,47,42,5,MOR02
543,Amedeus Stockmanslei 39,2023-01-15,18:00:00,30,29,1,MOR02
543,Amedeus Stockmanslei 39,2023-01-15,19:00:00,19,19,0,MOR02
543,Amedeus Stockmanslei 39,2023-01-15,20:00:00,18,18,0,MOR02
543,Amedeus Stockmanslei 39,2023-01-15,21:00:00,11,11,0,MOR02
543,Amedeus Stockmanslei 39,2023-01-15,22:00:00,19,18,1,MOR02
543,Amedeus Stockmanslei 39,2023-01-15,23:00:00,13,10,3,MOR02
543,Amedeus Stockmanslei 39,2023-01-16,00:00:00,5,5,0,MOR02
543,Amedeus Stockmanslei 39,2023-01-16,01:00:00,1,0,1,MOR02
543,Amedeus Stockmanslei 39,2023-01-16,02:00:00,0,0,0,MOR02
543,Amedeus Stockmanslei 39,2023-01-16,03:00:00,3,3,0,MOR02
543,Amedeus Stockmanslei 39,2023-01-16,04:00:00,5,5,0,MOR02
543,Amedeus Stockmanslei 39,2023-01-16,05:00:00,18,18,0,MOR02
543,Amedeus Stockmanslei 39,2023-01-16,06:00:00,19,18,1,MOR02
543,Amedeus Stockmanslei 39,2023-01-16,07:00:00,70,70,0,MOR02
543,Amedeus Stockmanslei 39,2023-01-16,08:00:00,112,112,0,MOR02
543,Amedeus Stockmanslei 39,2023-01-16,09:00:00,38,38,0,MOR02
543,Amedeus Stockmanslei 39,2023-01-16,10:00:00,35,35,0,MOR02
543,Amedeus Stockmanslei 39,2023-01-16,11:00:00,33,30,3,MOR02
543,Amedeus Stockmanslei 39,2023-01-16,12:00:00,44,43,1,MOR02
543,Amedeus Stockmanslei 39,2023-01-16,13:00:00,31,30,1,MOR02
543,Amedeus Stockmanslei 39,2023-01-16,14:00:00,46,42,4,MOR02
543,Amedeus Stockmanslei 39,2023-01-16,15:00:00,98,98,0,MOR02
543,Amedeus Stockmanslei 39,2023-01-16,16:00:00,232,232,0,MOR02
543,Amedeus Stockmanslei 39,2023-01-16,17:00:00,265,265,0,MOR02
543,Amedeus Stockmanslei 39,2023-01-16,18:00:00,122,121,1,MOR02
543,Amedeus Stockmanslei 39,2023-01-16,19:00:00,57,56,1,MOR02
543,Amedeus Stockmanslei 39,2023-01-16,20:00:00,25,25,0,MOR02
543,Amedeus Stockmanslei 39,2023-01-16,21:00:00,28,28,0,MOR02
543,Amedeus Stockmanslei 39,2023-01-16,22:00:00,15,15,0,MOR02
543,Amedeus Stockmanslei 39,2023-01-16,23:00:00,9,9,0,MOR02
543,Amedeus Stockmanslei 39,2023-01-17,00:00:00,4,4,0,MOR02
543,Amedeus Stockmanslei 39,2023-01-17,01:00:00,1,0,1,MOR02
543,Amedeus Stockmanslei 39,2023-01-17,02:00:00,1,1,0,MOR02
543,Amedeus Stockmanslei 39,2023-01-17,03:00:00,6,5,1,MOR02
543,Amedeus Stockmanslei 39,2023-01-17,04:00:00,5,5,0,MOR02
543,Amedeus Stockmanslei 39,2023-01-17,05:00:00,12,12,0,MOR02
543,Amedeus Stockmanslei 39,2023-01-17,06:00:00,15,14,1,MOR02
543,Amedeus Stockmanslei 39,2023-01-17,07:00:00,81,81,0,MOR02
543,Amedeus Stockmanslei 39,2023-01-17,08:00:00,138,138,0,MOR02
543,Amedeus Stockmanslei 39,2023-01-17,09:00:00,43,40,3,MOR02
543,Amedeus Stockmanslei 39,2023-01-17,10:00:00,53,53,0,MOR02
543,Amedeus Stockmanslei 39,2023-01-17,11:00:00,46,44,2,MOR02
543,Amedeus Stockmanslei 39,2023-01-17,12:00:00,76,76,0,MOR02
543,Amedeus Stockmanslei 39,2023-01-17,13:00:00,82,81,1,MOR02
543,Amedeus Stockmanslei 39,2023-01-17,14:00:00,74,73,1,MOR02
543,Amedeus Stockmanslei 39,2023-01-17,15:00:00,159,159,0,MOR02
543,Amedeus Stockmanslei 39,2023-01-17,16:00:00,327,326,1,MOR02
543,Amedeus Stockmanslei 39,2023-01-17,17:00:00,349,348,1,MOR02
543,Amedeus Stockmanslei 39,2023-01-17,18:00:00,197,197,0,MOR02
543,Amedeus Stockmanslei 39,2023-01-17,19:00:00,110,109,1,MOR02
543,Amedeus Stockmanslei 39,2023-01-17,20:00:00,51,49,2,MOR02
543,Amedeus Stockmanslei 39,2023-01-17,21:00:00,39,36,3,MOR02
543,Amedeus Stockmanslei 39,2023-01-17,22:00:00,32,32,0,MOR02
543,Amedeus Stockmanslei 39,2023-01-17,23:00:00,24,24,0,MOR02
543,Amedeus Stockmanslei 39,2023-01-18,00:00:00,10,10,0,MOR02
543,Amedeus Stockmanslei 39,2023-01-18,01:00:00,3,2,1,MOR02
543,Amedeus Stockmanslei 39,2023-01-18,02:00:00,2,2,0,MOR02
543,Amedeus Stockmanslei 39,2023-01-18,03:00:00,0,0,0,MOR02
543,Amedeus Stockmanslei 39,2023-01-18,04:00:00,6,6,0,MOR02
543,Amedeus Stockmanslei 39,2023-01-18,05:00:00,14,14,0,MOR02
543,Amedeus Stockmanslei 39,2023-01-18,06:00:00,25,24,1,MOR02
543,Amedeus Stockmanslei 39,2023-01-18,07:00:00,91,91,0,MOR02
543,Amedeus Stockmanslei 39,2023-01-18,08:00:00,151,151,0,MOR02
543,Amedeus Stockmanslei 39,2023-01-18,09:00:00,27,21,6,MOR02
543,Amedeus Stockmanslei 39,2023-01-18,10:00:00,59,57,2,MOR02
543,Amedeus Stockmanslei 39,2023-01-18,11:00:00,71,70,1,MOR02
543,Amedeus Stockmanslei 39,2023-01-18,12:00:00,150,147,3,MOR02
543,Amedeus Stockmanslei 39,2023-01-18,13:00:00,118,118,0,MOR02
543,Amedeus Stockmanslei 39,2023-01-18,14:00:00,85,81,4,MOR02
543,Amedeus Stockmanslei 39,2023-01-18,15:00:00,121,121,0,MOR02
543,Amedeus Stockmanslei 39,2023-01-18,16:00:00,205,205,0,MOR02
543,Amedeus Stockmanslei 39,2023-01-18,17:00:00,286,286,0,MOR02
543,Amedeus Stockmanslei 39,2023-01-18,18:00:00,128,128,0,MOR02
543,Amedeus Stockmanslei 39,2023-01-18,19:00:00,82,79,3,MOR02
543,Amedeus Stockmanslei 39,2023-01-18,20:00:00,35,33,2,MOR02
543,Amedeus Stockmanslei 39,2023-01-18,21:00:00,33,33,0,MOR02
543,Amedeus Stockmanslei 39,2023-01-18,22:00:00,44,43,1,MOR02
543,Amedeus Stockmanslei 39,2023-01-18,23:00:00,23,23,0,MOR02
543,Amedeus Stockmanslei 39,2023-01-19,00:00:00,16,16,0,MOR02
543,Amedeus Stockmanslei 39,2023-01-19,01:00:00,3,2,1,MOR02
543,Amedeus Stockmanslei 39,2023-01-19,02:00:00,4,4,0,MOR02
543,Amedeus Stockmanslei 39,2023-01-19,03:00:00,5,5,0,MOR02
543,Amedeus Stockmanslei 39,2023-01-19,04:00:00,4,4,0,MOR02
543,Amedeus Stockmanslei 39,2023-01-19,05:00:00,15,12,3,MOR02
543,Amedeus Stockmanslei 39,2023-01-19,06:00:00,20,20,0,MOR02
543,Amedeus Stockmanslei 39,2023-01-19,07:00:00,78,77,1,MOR02
543,Amedeus Stockmanslei 39,2023-01-19,08:00:00,164,164,0,MOR02
543,Amedeus Stockmanslei 39,2023-01-19,09:00:00,41,40,1,MOR02
543,Amedeus Stockmanslei 39,2023-01-19,10:00:00,32,29,3,MOR02
543,Amedeus Stockmanslei 39,2023-01-19,11:00:00,35,33,2,MOR02
543,Amedeus Stockmanslei 39,2023-01-19,12:00:00,61,60,1,MOR02
543,Amedeus Stockmanslei 39,2023-01-19,13:00:00,59,58,1,MOR02
543,Amedeus Stockmanslei 39,2023-01-19,14:00:00,46,43,3,MOR02
543,Amedeus Stockmanslei 39,2023-01-19,15:00:00,119,117,2,MOR02
543,Amedeus Stockmanslei 39,2023-01-19,16:00:00,235,231,4,MOR02
543,Amedeus Stockmanslei 39,2023-01-19,17:00:00,290,289,1,MOR02
543,Amedeus Stockmanslei 39,2023-01-19,18:00:00,169,167,2,MOR02
543,Amedeus Stockmanslei 39,2023-01-19,19:00:00,79,78,1,MOR02
543,Amedeus Stockmanslei 39,2023-01-19,20:00:00,56,56,0,MOR02
543,Amedeus Stockmanslei 39,2023-01-19,21:00:00,40,40,0,MOR02
543,Amedeus Stockmanslei 39,2023-01-19,22:00:00,34,34,0,MOR02
543,Amedeus Stockmanslei 39,2023-01-19,23:00:00,27,27,0,MOR02
543,Amedeus Stockmanslei 39,2023-01-20,00:00:00,22,22,0,MOR02
543,Amedeus Stockmanslei 39,2023-01-20,01:00:00,9,8,1,MOR02
543,Amedeus Stockmanslei 39,2023-01-20,02:00:00,7,3,4,MOR02
543,Amedeus Stockmanslei 39,2023-01-20,03:00:00,3,3,0,MOR02
543,Amedeus Stockmanslei 39,2023-01-20,04:00:00,3,3,0,MOR02
543,Amedeus Stockmanslei 39,2023-01-20,05:00:00,10,10,0,MOR02
543,Amedeus Stockmanslei 39,2023-01-20,06:00:00,23,22,1,MOR02
543,Amedeus Stockmanslei 39,2023-01-20,07:00:00,60,57,3,MOR02
543,Amedeus Stockmanslei 39,2023-01-20,08:00:00,111,111,0,MOR02
543,Amedeus Stockmanslei 39,2023-01-20,09:00:00,20,20,0,MOR02
543,Amedeus Stockmanslei 39,2023-01-20,10:00:00,26,26,0,MOR02
543,Amedeus Stockmanslei 39,2023-01-20,11:00:00,33,31,2,MOR02
543,Amedeus Stockmanslei 39,2023-01-20,12:00:00,57,57,0,MOR02
543,Amedeus Stockmanslei 39,2023-01-20,13:00:00,41,41,0,MOR02
543,Amedeus Stockmanslei 39,2023-01-20,14:00:00,53,53,0,MOR02
543,Amedeus Stockmanslei 39,2023-01-20,15:00:00,114,111,3,MOR02
543,Amedeus Stockmanslei 39,2023-01-20,16:00:00,152,150,2,MOR02
543,Amedeus Stockmanslei 39,2023-01-20,17:00:00,153,152,1,MOR02
543,Amedeus Stockmanslei 39,2023-01-20,18:00:00,99,98,1,MOR02
543,Amedeus Stockmanslei 39,2023-01-20,19:00:00,51,51,0,MOR02
543,Amedeus Stockmanslei 39,2023-01-20,20:00:00,36,36,0,MOR02
543,Amedeus Stockmanslei 39,2023-01-20,21:00:00,25,25,0,MOR02
543,Amedeus Stockmanslei 39,2023-01-20,22:00:00,44,43,1,MOR02
543,Amedeus Stockmanslei 39,2023-01-20,23:00:00,29,28,1,MOR02
543,Amedeus Stockmanslei 39,2023-01-21,00:00:00,35,35,0,MOR02
543,Amedeus Stockmanslei 39,2023-01-21,01:00:00,20,18,2,MOR02
543,Amedeus Stockmanslei 39,2023-01-21,02:00:00,17,15,2,MOR02
543,Amedeus Stockmanslei 39,2023-01-21,03:00:00,8,8,0,MOR02
543,Amedeus Stockmanslei 39,2023-01-21,04:00:00,8,8,0,MOR02
543,Amedeus Stockmanslei 39,2023-01-21,05:00:00,10,6,4,MOR02
543,Amedeus Stockmanslei 39,2023-01-21,06:00:00,9,9,0,MOR02
543,Amedeus Stockmanslei 39,2023-01-21,07:00:00,7,6,1,MOR02
543,Amedeus Stockmanslei 39,2023-01-21,08:00:00,20,20,0,MOR02
543,Amedeus Stockmanslei 39,2023-01-21,09:00:00,38,37,1,MOR02
543,Amedeus Stockmanslei 39,2023-01-21,10:00:00,31,31,0,MOR02
543,Amedeus Stockmanslei 39,2023-01-21,11:00:00,58,55,3,MOR02
543,Amedeus Stockmanslei 39,2023-01-21,12:00:00,55,51,4,MOR02
543,Amedeus Stockmanslei 39,2023-01-21,13:00:00,76,72,4,MOR02
543,Amedeus Stockmanslei 39,2023-01-21,14:00:00,63,62,1,MOR02
543,Amedeus Stockmanslei 39,2023-01-21,15:00:00,77,73,4,MOR02
543,Amedeus Stockmanslei 39,2023-01-21,16:00:00,79,74,5,MOR02
543,Amedeus Stockmanslei 39,2023-01-21,17:00:00,71,71,0,MOR02
543,Amedeus Stockmanslei 39,2023-01-21,18:00:00,50,48,2,MOR02
543,Amedeus Stockmanslei 39,2023-01-21,19:00:00,36,33,3,MOR02
543,Amedeus Stockmanslei 39,2023-01-21,20:00:00,27,27,0,MOR02
543,Amedeus Stockmanslei 39,2023-01-21,21:00:00,20,20,0,MOR02
543,Amedeus Stockmanslei 39,2023-01-21,22:00:00,22,21,1,MOR02
543,Amedeus Stockmanslei 39,2023-01-21,23:00:00,24,23,1,MOR02
543,Amedeus Stockmanslei 39,2023-01-22,00:00:00,22,22,0,MOR02
543,Amedeus Stockmanslei 39,2023-01-22,01:00:00,17,16,1,MOR02
543,Amedeus Stockmanslei 39,2023-01-22,02:00:00,12,12,0,MOR02
543,Amedeus Stockmanslei 39,2023-01-22,03:00:00,9,9,0,MOR02
543,Amedeus Stockmanslei 39,2023-01-22,04:00:00,8,8,0,MOR02
543,Amedeus Stockmanslei 39,2023-01-22,05:00:00,7,7,0,MOR02
543,Amedeus Stockmanslei 39,2023-01-22,06:00:00,3,3,0,MOR02
543,Amedeus Stockmanslei 39,2023-01-22,07:00:00,9,9,0,MOR02
543,Amedeus Stockmanslei 39,2023-01-22,08:00:00,13,13,0,MOR02
543,Amedeus Stockmanslei 39,2023-01-22,09:00:00,30,29,1,MOR02
543,Amedeus Stockmanslei 39,2023-01-22,10:00:00,28,28,0,MOR02
543,Amedeus Stockmanslei 39,2023-01-22,11:00:00,28,25,3,MOR02
543,Amedeus Stockmanslei 39,2023-01-22,12:00:00,51,51,0,MOR02
543,Amedeus Stockmanslei 39,2023-01-22,13:00:00,36,36,0,MOR02
543,Amedeus Stockmanslei 39,2023-01-22,14:00:00,26,26,0,MOR02
543,Amedeus Stockmanslei 39,2023-01-22,15:00:00,34,33,1,MOR02
543,Amedeus Stockmanslei 39,2023-01-22,16:00:00,47,46,1,MOR02
543,Amedeus Stockmanslei 39,2023-01-22,17:00:00,35,35,0,MOR02
543,Amedeus Stockmanslei 39,2023-01-22,18:00:00,39,39,0,MOR02
543,Amedeus Stockmanslei 39,2023-01-22,19:00:00,22,22,0,MOR02
543,Amedeus Stockmanslei 39,2023-01-22,20:00:00,20,20,0,MOR02
543,Amedeus Stockmanslei 39,2023-01-22,21:00:00,13,13,0,MOR02
543,Amedeus Stockmanslei 39,2023-01-22,22:00:00,18,16,2,MOR02
543,Amedeus Stockmanslei 39,2023-01-22,23:00:00,8,7,1,MOR02
543,Amedeus Stockmanslei 39,2023-01-23,00:00:00,4,4,0,MOR02
543,Amedeus Stockmanslei 39,2023-01-23,01:00:00,3,2,1,MOR02
543,Amedeus Stockmanslei 39,2023-01-23,02:00:00,1,1,0,MOR02
543,Amedeus Stockmanslei 39,2023-01-23,03:00:00,1,1,0,MOR02
543,Amedeus Stockmanslei 39,2023-01-23,04:00:00,5,4,1,MOR02
543,Amedeus Stockmanslei 39,2023-01-23,05:00:00,14,12,2,MOR02
543,Amedeus Stockmanslei 39,2023-01-23,06:00:00,23,23,0,MOR02
543,Amedeus Stockmanslei 39,2023-01-23,07:00:00,97,96,1,MOR02
543,Amedeus Stockmanslei 39,2023-01-23,08:00:00,153,152,1,MOR02
543,Amedeus Stockmanslei 39,2023-01-23,09:00:00,136,135,1,MOR02
543,Amedeus Stockmanslei 39,2023-01-23,10:00:00,49,47,2,MOR02
543,Amedeus Stockmanslei 39,2023-01-23,11:00:00,45,44,1,MOR02
543,Amedeus Stockmanslei 39,2023-01-23,12:00:00,87,84,3,MOR02
543,Amedeus Stockmanslei 39,2023-01-23,13:00:00,58,55,3,MOR02
543,Amedeus Stockmanslei 39,2023-01-23,14:00:00,69,66,3,MOR02
543,Amedeus Stockmanslei 39,2023-01-23,15:00:00,128,125,3,MOR02
543,Amedeus Stockmanslei 39,2023-01-23,16:00:00,260,260,0,MOR02
543,Amedeus Stockmanslei 39,2023-01-23,17:00:00,344,342,2,MOR02
543,Amedeus Stockmanslei 39,2023-01-23,18:00:00,177,177,0,MOR02
543,Amedeus Stockmanslei 39,2023-01-23,19:00:00,59,59,0,MOR02
543,Amedeus Stockmanslei 39,2023-01-23,20:00:00,44,44,0,MOR02
543,Amedeus Stockmanslei 39,2023-01-23,21:00:00,46,46,0,MOR02
543,Amedeus Stockmanslei 39,2023-01-23,22:00:00,39,39,0,MOR02
543,Amedeus Stockmanslei 39,2023-01-23,23:00:00,15,14,1,MOR02
543,Amedeus Stockmanslei 39,2023-01-24,00:00:00,10,10,0,MOR02
543,Amedeus Stockmanslei 39,2023-01-24,01:00:00,6,5,1,MOR02
543,Amedeus Stockmanslei 39,2023-01-24,02:00:00,1,1,0,MOR02
543,Amedeus Stockmanslei 39,2023-01-24,03:00:00,1,1,0,MOR02
543,Amedeus Stockmanslei 39,2023-01-24,04:00:00,8,7,1,MOR02
543,Amedeus Stockmanslei 39,2023-01-24,05:00:00,13,12,1,MOR02
543,Amedeus Stockmanslei 39,2023-01-24,06:00:00,31,31,0,MOR02
543,Amedeus Stockmanslei 39,2023-01-24,07:00:00,104,104,0,MOR02
543,Amedeus Stockmanslei 39,2023-01-24,08:00:00,152,151,1,MOR02
543,Amedeus Stockmanslei 39,2023-01-24,09:00:00,35,35,0,MOR02
543,Amedeus Stockmanslei 39,2023-01-24,10:00:00,46,45,1,MOR02
543,Amedeus Stockmanslei 39,2023-01-24,11:00:00,54,54,0,MOR02
543,Amedeus Stockmanslei 39,2023-01-24,12:00:00,76,71,5,MOR02
543,Amedeus Stockmanslei 39,2023-01-24,13:00:00,92,89,3,MOR02
543,Amedeus Stockmanslei 39,2023-01-24,14:00:00,73,72,1,MOR02
543,Amedeus Stockmanslei 39,2023-01-24,15:00:00,126,124,2,MOR02
543,Amedeus Stockmanslei 39,2023-01-24,16:00:00,312,310,2,MOR02
543,Amedeus Stockmanslei 39,2023-01-24,17:00:00,377,376,1,MOR02
543,Amedeus Stockmanslei 39,2023-01-24,18:00:00,239,239,0,MOR02
543,Amedeus Stockmanslei 39,2023-01-24,19:00:00,99,94,5,MOR02
543,Amedeus Stockmanslei 39,2023-01-24,20:00:00,54,52,2,MOR02
543,Amedeus Stockmanslei 39,2023-01-24,21:00:00,52,51,1,MOR02
543,Amedeus Stockmanslei 39,2023-01-24,22:00:00,35,32,3,MOR02
543,Amedeus Stockmanslei 39,2023-01-24,23:00:00,28,28,0,MOR02
543,Amedeus Stockmanslei 39,2023-01-25,00:00:00,4,4,0,MOR02
543,Amedeus Stockmanslei 39,2023-01-25,01:00:00,6,5,1,MOR02
543,Amedeus Stockmanslei 39,2023-01-25,02:00:00,1,1,0,MOR02
543,Amedeus Stockmanslei 39,2023-01-25,03:00:00,2,2,0,MOR02
543,Amedeus Stockmanslei 39,2023-01-25,04:00:00,7,6,1,MOR02
543,Amedeus Stockmanslei 39,2023-01-25,05:00:00,15,15,0,MOR02
543,Amedeus Stockmanslei 39,2023-01-25,06:00:00,18,17,1,MOR02
543,Amedeus Stockmanslei 39,2023-01-25,07:00:00,103,103,0,MOR02
543,Amedeus Stockmanslei 39,2023-01-25,08:00:00,142,142,0,MOR02
543,Amedeus Stockmanslei 39,2023-01-25,09:00:00,50,50,0,MOR02
543,Amedeus Stockmanslei 39,2023-01-25,10:00:00,70,68,2,MOR02
543,Amedeus Stockmanslei 39,2023-01-25,11:00:00,59,57,2,MOR02
543,Amedeus Stockmanslei 39,2023-01-25,12:00:00,140,140,0,MOR02
543,Amedeus Stockmanslei 39,2023-01-25,13:00:00,122,122,0,MOR02
543,Amedeus Stockmanslei 39,2023-01-25,14:00:00,82,81,1,MOR02
543,Amedeus Stockmanslei 39,2023-01-25,15:00:00,101,100,1,MOR02
543,Amedeus Stockmanslei 39,2023-01-25,16:00:00,204,203,1,MOR02
543,Amedeus Stockmanslei 39,2023-01-25,17:00:00,305,301,4,MOR02
543,Amedeus Stockmanslei 39,2023-01-25,18:00:00,132,131,1,MOR02
543,Amedeus Stockmanslei 39,2023-01-25,19:00:00,89,88,1,MOR02
543,Amedeus Stockmanslei 39,2023-01-25,20:00:00,41,41,0,MOR02
543,Amedeus Stockmanslei 39,2023-01-25,21:00:00,47,44,3,MOR02
543,Amedeus Stockmanslei 39,2023-01-25,22:00:00,29,28,1,MOR02
543,Amedeus Stockmanslei 39,2023-01-25,23:00:00,17,16,1,MOR02
543,Amedeus Stockmanslei 39,2023-01-26,00:00:00,8,8,0,MOR02
543,Amedeus Stockmanslei 39,2023-01-26,01:00:00,2,1,1,MOR02
543,Amedeus Stockmanslei 39,2023-01-26,02:00:00,1,1,0,MOR02
543,Amedeus Stockmanslei 39,2023-01-26,03:00:00,3,3,0,MOR02
543,Amedeus Stockmanslei 39,2023-01-26,04:00:00,3,3,0,MOR02
543,Amedeus Stockmanslei 39,2023-01-26,05:00:00,13,13,0,MOR02
543,Amedeus Stockmanslei 39,2023-01-26,06:00:00,24,23,1,MOR02
543,Amedeus Stockmanslei 39,2023-01-26,07:00:00,83,82,1,MOR02
543,Amedeus Stockmanslei 39,2023-01-26,08:00:00,151,150,1,MOR02
543,Amedeus Stockmanslei 39,2023-01-26,09:00:00,35,35,0,MOR02
543,Amedeus Stockmanslei 39,2023-01-26,10:00:00,37,35,2,MOR02
543,Amedeus Stockmanslei 39,2023-01-26,11:00:00,50,44,6,MOR02
543,Amedeus Stockmanslei 39,2023-01-26,12:00:00,57,57,0,MOR02
543,Amedeus Stockmanslei 39,2023-01-26,13:00:00,86,85,1,MOR02
543,Amedeus Stockmanslei 39,2023-01-26,14:00:00,83,83,0,MOR02
543,Amedeus Stockmanslei 39,2023-01-26,15:00:00,144,143,1,MOR02
543,Amedeus Stockmanslei 39,2023-01-26,16:00:00,254,249,5,MOR02
543,Amedeus Stockmanslei 39,2023-01-26,17:00:00,289,288,1,MOR02
543,Amedeus Stockmanslei 39,2023-01-26,18:00:00,169,169,0,MOR02
543,Amedeus Stockmanslei 39,2023-01-26,19:00:00,86,85,1,MOR02
543,Amedeus Stockmanslei 39,2023-01-26,20:00:00,47,46,1,MOR02
543,Amedeus Stockmanslei 39,2023-01-26,21:00:00,40,37,3,MOR02
543,Amedeus Stockmanslei 39,2023-01-26,22:00:00,45,45,0,MOR02
543,Amedeus Stockmanslei 39,2023-01-26,23:00:00,24,24,0,MOR02
543,Amedeus Stockmanslei 39,2023-01-27,00:00:00,31,30,1,MOR02
543,Amedeus Stockmanslei 39,2023-01-27,01:00:00,5,4,1,MOR02
543,Amedeus Stockmanslei 39,2023-01-27,02:00:00,12,12,0,MOR02
543,Amedeus Stockmanslei 39,2023-01-27,03:00:00,9,9,0,MOR02
543,Amedeus Stockmanslei 39,2023-01-27,04:00:00,9,9,0,MOR02
543,Amedeus Stockmanslei 39,2023-01-27,05:00:00,18,17,1,MOR02
543,Amedeus Stockmanslei 39,2023-01-27,06:00:00,27,25,2,MOR02
543,Amedeus Stockmanslei 39,2023-01-27,07:00:00,98,98,0,MOR02
543,Amedeus Stockmanslei 39,2023-01-27,08:00:00,131,130,1,MOR02
543,Amedeus Stockmanslei 39,2023-01-27,09:00:00,49,46,3,MOR02
543,Amedeus Stockmanslei 39,2023-01-27,10:00:00,48,46,2,MOR02
543,Amedeus Stockmanslei 39,2023-01-27,11:00:00,51,51,0,MOR02
543,Amedeus Stockmanslei 39,2023-01-27,12:00:00,88,85,3,MOR02
543,Amedeus Stockmanslei 39,2023-01-27,13:00:00,79,77,2,MOR02
543,Amedeus Stockmanslei 39,2023-01-27,14:00:00,84,82,2,MOR02
543,Amedeus Stockmanslei 39,2023-01-27,15:00:00,163,162,1,MOR02
543,Amedeus Stockmanslei 39,2023-01-27,16:00:00,227,226,1,MOR02
543,Amedeus Stockmanslei 39,2023-01-27,17:00:00,230,228,2,MOR02
543,Amedeus Stockmanslei 39,2023-01-27,18:00:00,128,128,0,MOR02
543,Amedeus Stockmanslei 39,2023-01-27,19:00:00,71,71,0,MOR02
543,Amedeus Stockmanslei 39,2023-01-27,20:00:00,44,44,0,MOR02
543,Amedeus Stockmanslei 39,2023-01-27,21:00:00,45,45,0,MOR02
543,Amedeus Stockmanslei 39,2023-01-27,22:00:00,50,47,3,MOR02
543,Amedeus Stockmanslei 39,2023-01-27,23:00:00,50,49,1,MOR02
543,Amedeus Stockmanslei 39,2023-01-28,00:00:00,45,42,3,MOR02
543,Amedeus Stockmanslei 39,2023-01-28,01:00:00,29,27,2,MOR02
543,Amedeus Stockmanslei 39,2023-01-28,02:00:00,30,30,0,MOR02
543,Amedeus Stockmanslei 39,2023-01-28,03:00:00,22,22,0,MOR02
543,Amedeus Stockmanslei 39,2023-01-28,04:00:00,17,17,0,MOR02
543,Amedeus Stockmanslei 39,2023-01-28,05:00:00,8,8,0,MOR02
543,Amedeus Stockmanslei 39,2023-01-28,06:00:00,11,11,0,MOR02
543,Amedeus Stockmanslei 39,2023-01-28,07:00:00,16,15,1,MOR02
543,Amedeus Stockmanslei 39,2023-01-28,08:00:00,31,31,0,MOR02
543,Amedeus Stockmanslei 39,2023-01-28,09:00:00,40,39,1,MOR02
543,Amedeus Stockmanslei 39,2023-01-28,10:00:00,49,47,2,MOR02
543,Amedeus Stockmanslei 39,2023-01-28,11:00:00,59,58,1,MOR02
543,Amedeus Stockmanslei 39,2023-01-28,12:00:00,68,65,3,MOR02
543,Amedeus Stockmanslei 39,2023-01-28,13:00:00,76,74,2,MOR02
543,Amedeus Stockmanslei 39,2023-01-28,14:00:00,79,77,2,MOR02
543,Amedeus Stockmanslei 39,2023-01-28,15:00:00,77,75,2,MOR02
543,Amedeus Stockmanslei 39,2023-01-28,16:00:00,91,91,0,MOR02
543,Amedeus Stockmanslei 39,2023-01-28,17:00:00,70,67,3,MOR02
543,Amedeus Stockmanslei 39,2023-01-28,18:00:00,65,64,1,MOR02
543,Amedeus Stockmanslei 39,2023-01-28,19:00:00,53,52,1,MOR02
543,Amedeus Stockmanslei 39,2023-01-28,20:00:00,28,25,3,MOR02
543,Amedeus Stockmanslei 39,2023-01-28,21:00:00,34,33,1,MOR02
543,Amedeus Stockmanslei 39,2023-01-28,22:00:00,38,38,0,MOR02
543,Amedeus Stockmanslei 39,2023-01-28,23:00:00,37,36,1,MOR02
543,Amedeus Stockmanslei 39,2023-01-29,00:00:00,28,27,1,MOR02
543,Amedeus Stockmanslei 39,2023-01-29,01:00:00,16,16,0,MOR02
543,Amedeus Stockmanslei 39,2023-01-29,02:00:00,15,13,2,MOR02
543,Amedeus Stockmanslei 39,2023-01-29,03:00:00,14,14,0,MOR02
543,Amedeus Stockmanslei 39,2023-01-29,04:00:00,14,13,1,MOR02
543,Amedeus Stockmanslei 39,2023-01-29,05:00:00,7,7,0,MOR02
543,Amedeus Stockmanslei 39,2023-01-29,06:00:00,9,9,0,MOR02
543,Amedeus Stockmanslei 39,2023-01-29,07:00:00,14,14,0,MOR02
543,Amedeus Stockmanslei 39,2023-01-29,08:00:00,15,14,1,MOR02
543,Amedeus Stockmanslei 39,2023-01-29,09:00:00,55,54,1,MOR02
543,Amedeus Stockmanslei 39,2023-01-29,10:00:00,42,42,0,MOR02
543,Amedeus Stockmanslei 39,2023-01-29,11:00:00,43,42,1,MOR02
543,Amedeus Stockmanslei 39,2023-01-29,12:00:00,56,53,3,MOR02
543,Amedeus Stockmanslei 39,2023-01-29,13:00:00,58,58,0,MOR02
543,Amedeus Stockmanslei 39,2023-01-29,14:00:00,41,40,1,MOR02
543,Amedeus Stockmanslei 39,2023-01-29,15:00:00,55,53,2,MOR02
543,Amedeus Stockmanslei 39,2023-01-29,16:00:00,59,57,2,MOR02
543,Amedeus Stockmanslei 39,2023-01-29,17:00:00,48,47,1,MOR02
543,Amedeus Stockmanslei 39,2023-01-29,18:00:00,36,33,3,MOR02
543,Amedeus Stockmanslei 39,2023-01-29,19:00:00,35,34,1,MOR02
543,Amedeus Stockmanslei 39,2023-01-29,20:00:00,14,14,0,MOR02
543,Amedeus Stockmanslei 39,2023-01-29,21:00:00,15,14,1,MOR02
543,Amedeus Stockmanslei 39,2023-01-29,22:00:00,19,19,0,MOR02
543,Amedeus Stockmanslei 39,2023-01-29,23:00:00,7,7,0,MOR02
543,Amedeus Stockmanslei 39,2023-01-30,00:00:00,4,4,0,MOR02
543,Amedeus Stockmanslei 39,2023-01-30,01:00:00,5,4,1,MOR02
543,Amedeus Stockmanslei 39,2023-01-30,02:00:00,2,2,0,MOR02
543,Amedeus Stockmanslei 39,2023-01-30,03:00:00,2,2,0,MOR02
543,Amedeus Stockmanslei 39,2023-01-30,04:00:00,5,5,0,MOR02
543,Amedeus Stockmanslei 39,2023-01-30,05:00:00,15,15,0,MOR02
543,Amedeus Stockmanslei 39,2023-01-30,06:00:00,37,36,1,MOR02
543,Amedeus Stockmanslei 39,2023-01-30,07:00:00,101,100,1,MOR02
543,Amedeus Stockmanslei 39,2023-01-30,08:00:00,136,136,0,MOR02
543,Amedeus Stockmanslei 39,2023-01-30,09:00:00,48,48,0,MOR02
543,Amedeus Stockmanslei 39,2023-01-30,10:00:00,46,45,1,MOR02
543,Amedeus Stockmanslei 39,2023-01-30,11:00:00,52,49,3,MOR02
543,Amedeus Stockmanslei 39,2023-01-30,12:00:00,93,90,3,MOR02
543,Amedeus Stockmanslei 39,2023-01-30,13:00:00,82,76,6,MOR02
543,Amedeus Stockmanslei 39,2023-01-30,14:00:00,72,52,20,MOR02
543,Amedeus Stockmanslei 39,2023-01-30,15:00:00,166,155,11,MOR02
543,Amedeus Stockmanslei 39,2023-01-30,16:00:00,289,287,2,MOR02
543,Amedeus Stockmanslei 39,2023-01-30,17:00:00,351,350,1,MOR02
543,Amedeus Stockmanslei 39,2023-01-30,18:00:00,184,183,1,MOR02
543,Amedeus Stockmanslei 39,2023-01-30,19:00:00,61,59,2,MOR02
543,Amedeus Stockmanslei 39,2023-01-30,20:00:00,46,46,0,MOR02
543,Amedeus Stockmanslei 39,2023-01-30,21:00:00,58,56,2,MOR02
543,Amedeus Stockmanslei 39,2023-01-30,22:00:00,30,30,0,MOR02
543,Amedeus Stockmanslei 39,2023-01-30,23:00:00,14,13,1,MOR02
543,Amedeus Stockmanslei 39,2023-01-31,00:00:00,14,14,0,MOR02
543,Amedeus Stockmanslei 39,2023-01-31,01:00:00,5,4,1,MOR02
543,Amedeus Stockmanslei 39,2023-01-31,02:00:00,8,8,0,MOR02
543,Amedeus Stockmanslei 39,2023-01-31,03:00:00,4,4,0,MOR02
543,Amedeus Stockmanslei 39,2023-01-31,04:00:00,5,5,0,MOR02
543,Amedeus Stockmanslei 39,2023-01-31,05:00:00,15,14,1,MOR02
543,Amedeus Stockmanslei 39,2023-01-31,06:00:00,33,32,1,MOR02
543,Amedeus Stockmanslei 39,2023-01-31,07:00:00,107,92,15,MOR02
543,Amedeus Stockmanslei 39,2023-01-31,08:00:00,158,153,5,MOR02
543,Amedeus Stockmanslei 39,2023-01-31,09:00:00,46,43,3,MOR02
543,Amedeus Stockmanslei 39,2023-01-31,10:00:00,43,41,2,MOR02
543,Amedeus Stockmanslei 39,2023-01-31,11:00:00,52,52,0,MOR02
543,Amedeus Stockmanslei 39,2023-01-31,12:00:00,74,69,5,MOR02
543,Amedeus Stockmanslei 39,2023-01-31,13:00:00,77,75,2,MOR02
543,Amedeus Stockmanslei 39,2023-01-31,14:00:00,73,67,6,MOR02
543,Amedeus Stockmanslei 39,2023-01-31,15:00:00,127,126,1,MOR02
543,Amedeus Stockmanslei 39,2023-01-31,16:00:00,319,318,1,MOR02
543,Amedeus Stockmanslei 39,2023-01-31,17:00:00,379,379,0,MOR02
543,Amedeus Stockmanslei 39,2023-01-31,18:00:00,224,223,1,MOR02
543,Amedeus Stockmanslei 39,2023-01-31,19:00:00,114,113,1,MOR02
543,Amedeus Stockmanslei 39,2023-01-31,20:00:00,46,44,2,MOR02
543,Amedeus Stockmanslei 39,2023-01-31,21:00:00,48,47,1,MOR02
543,Amedeus Stockmanslei 39,2023-01-31,22:00:00,44,44,0,MOR02
543,Amedeus Stockmanslei 39,2023-01-31,23:00:00,21,20,1,MOR02
